[run number],initial-people,environment,healthy-treatment-chance-men,healthy-treatment-chance-women,dep-treatment-chance-men,dep-treatment-chance-women,[step],"count turtles with [ severity = ""No Depression"" ]","count turtles with [ severity = ""Mild Depression"" ]","count turtles with [ severity = ""Moderate Depression"" ]","count turtles with [ severity = ""Severe Depression"" ]","count turtles with [ severity != ""No Depression"" ]",mean [ dep-score ] of turtles,count turtles with [ treatment? ],count turtles with [ talks? ],mean [ prob-of-talking ] of turtles,mean [ prob-of-treatment ] of turtles,"mean [ dep-score ] of turtles with [ gender? = ""male"" ]","mean [ dep-score ] of turtles with [ gender? = ""female"" ]","count turtles with [ severity = ""No Depression"" and gender? = ""male"" ]","count turtles with [ severity = ""Mild Depression"" and gender? = ""male"" ]","count turtles with [ severity = ""Moderate Depression"" and gender? = ""male"" ]","count turtles with [ severity = ""Severe Depression"" and gender? = ""male"" ]","count turtles with [ severity != ""No Depression"" and gender? = ""male"" ]","count turtles with [ severity = ""No Depression"" and gender? = ""female"" ]","count turtles with [ severity = ""Mild Depression"" and gender? = ""female"" ]","count turtles with [ severity = ""Moderate Depression"" and gender? = ""female"" ]","count turtles with [ severity = ""Severe Depression"" and gender? = ""female"" ]","count turtles with [ severity != ""No Depression"" and gender? = ""female"" ]","count turtles with [ gender? = ""male"" ]","count turtles with [ gender? = ""female"" ]","count turtles with [ talks? = TRUE and gender? = ""female"" ]","count turtles with [ talks? = TRUE and gender? = ""male"" ]","count turtles with [ treatment? = TRUE and gender? = ""female"" ]","count turtles with [ treatment? = TRUE and gender? = ""male"" ]"
6,1000,80,5.13,10.3,18,37,0,956,17,14,13,44,6.943,102,178,19.97869092,8.680646531,6.071287129,7.832323232,492,6,4,3,13,464,11,10,10,31,505,495,96,82,69,33
3,1000,80,5.13,10.3,18,37,0,944,25,12,19,56,7.112,96,212,19.94283577,8.903253122,5.849315068,8.431492843,498,7,3,3,13,446,18,9,16,43,511,489,115,97,63,33
2,1000,80,5.13,10.3,18,37,0,939,35,12,14,61,7.24,95,202,20.0227201,8.991835992,6.729674797,7.734251969,464,19,5,4,28,475,16,7,10,33,492,508,108,94,64,31
8,1000,80,5.13,10.3,18,37,0,936,39,10,15,64,7.162,91,187,19.91548679,9.039602989,6.252873563,8.154811715,499,17,2,4,23,437,22,8,11,41,522,478,97,90,61,30
5,1000,80,5.13,10.3,18,37,0,936,32,14,18,64,7.343,107,201,20.09703795,9.401228444,6.350840336,8.244274809,456,15,2,3,20,480,17,12,15,44,476,524,114,87,71,36
7,1000,80,5.13,10.3,18,37,0,944,21,22,13,56,7.397,90,180,19.91112846,8.846957016,6.359464627,8.534591195,505,9,6,3,18,439,12,16,10,38,523,477,96,84,53,37
4,1000,80,5.13,10.3,18,37,0,943,31,14,12,57,7.37,88,206,19.94932135,8.932782133,6.596806387,8.146292585,479,15,6,1,22,464,16,8,11,35,501,499,125,81,58,30
1,1000,80,5.13,10.3,18,37,0,944,27,9,20,56,6.985,92,210,20.10919712,9.013244903,6.016227181,7.927021696,473,11,6,3,20,471,16,3,17,36,493,507,124,86,58,34
5,1000,80,5.13,10.3,18,37,1,939,30,13,18,61,7.351213733,103,212,20.20261171,9.507307016,6.414438731,8.202177285,457,14,2,3,19,482,16,11,15,42,476,524,118,94,71,32
4,1000,80,5.13,10.3,18,37,1,944,31,13,12,56,7.419477499,105,198,20.01763869,8.990760296,6.667323103,8.174646542,479,15,6,1,22,465,16,7,11,34,501,499,102,96,71,34
3,1000,80,5.13,10.3,18,37,1,943,26,12,19,57,7.166450169,98,199,20.00893339,8.994259228,5.915296253,8.473893219,498,7,3,3,13,445,19,9,16,44,511,489,124,75,68,30
6,1000,80,5.13,10.3,18,37,1,959,16,12,13,41,6.897603039,78,213,20.11000162,8.781963909,6.028792079,7.783965735,493,6,3,3,12,466,10,9,10,29,505,495,129,84,53,25
2,1000,80,5.13,10.3,18,37,1,939,36,12,13,61,7.246203712,97,210,20.11208014,9.06727371,6.734142829,7.742136694,463,20,5,4,29,476,16,7,9,32,492,508,114,96,61,36
8,1000,80,5.13,10.3,18,37,1,936,39,10,15,64,7.210482525,91,176,19.94274928,9.073696411,6.304186187,8.200203631,499,17,2,4,23,437,22,8,11,41,522,478,97,79,68,23
7,1000,80,5.13,10.3,18,37,1,945,20,22,13,55,7.389528007,89,199,19.97010277,8.916029211,6.367371942,8.510256773,505,9,6,3,18,440,11,16,10,37,523,477,124,75,61,28
1,1000,80,5.13,10.3,18,37,1,943,28,8,21,57,7.038250539,86,196,20.12312652,9.064081154,6.073774653,7.976093955,473,11,5,4,20,470,17,3,17,37,493,507,116,80,54,32
5,1000,80,5.13,10.3,18,37,2,939,29,14,18,61,7.374001563,95,205,20.31261935,9.591844563,6.455869728,8.208029719,457,13,3,3,19,482,16,11,15,42,476,524,109,96,71,24
3,1000,80,5.13,10.3,18,37,2,942,27,12,19,58,7.15440123,107,225,20.03634736,9.04287546,5.907209659,8.457703669,497,8,3,3,14,445,19,9,16,44,511,489,129,96,66,41
4,1000,80,5.13,10.3,18,37,2,945,30,12,13,55,7.403852221,108,212,20.0689081,9.076698551,6.64863169,8.162099689,480,14,6,1,21,465,16,6,12,34,501,499,123,89,76,32
6,1000,80,5.13,10.3,18,37,2,959,17,11,13,41,6.920851133,88,200,20.16968586,8.842667991,6.054745756,7.804453588,493,6,3,3,12,466,11,8,10,29,505,495,115,85,63,25
2,1000,80,5.13,10.3,18,37,2,939,36,12,13,61,7.263852189,96,235,20.15692344,9.111350933,6.767892114,7.744191474,463,20,5,4,29,476,16,7,9,32,492,508,135,100,67,29
8,1000,80,5.13,10.3,18,37,2,936,39,10,15,64,7.227570854,101,202,19.95240649,9.129820399,6.322882381,8.21553609,499,17,2,4,23,437,22,8,11,41,522,478,115,87,68,33
7,1000,80,5.13,10.3,18,37,2,944,22,21,13,56,7.420777016,89,218,20.05862493,9.009714606,6.392702935,8.547994509,504,11,5,3,19,440,11,16,10,37,523,477,122,96,61,28
1,1000,80,5.13,10.3,18,37,2,944,27,8,21,56,7.098862802,88,212,20.16926462,9.121943443,6.130463575,8.040521222,474,10,5,4,19,470,17,3,17,37,493,507,121,91,56,32
5,1000,80,5.13,10.3,18,37,3,941,28,13,18,59,7.396486267,98,201,20.3876551,9.652116166,6.4841448,8.225254469,458,13,2,3,18,483,15,11,15,41,476,524,115,86,69,29
3,1000,80,5.13,10.3,18,37,3,944,26,12,18,56,7.200036302,86,207,20.04638302,9.085654809,5.942450829,8.514200262,497,8,3,3,14,447,18,9,15,42,511,489,116,91,58,28
4,1000,80,5.13,10.3,18,37,3,948,28,12,12,52,7.379612211,97,200,20.14651785,9.142601429,6.67804984,8.083986455,480,14,6,1,21,468,14,6,11,31,501,499,115,85,74,23
6,1000,80,5.13,10.3,18,37,3,960,16,11,13,40,6.937743258,107,221,20.22931751,8.898578597,6.082031972,7.810741641,494,5,3,3,11,466,11,8,10,29,505,495,130,91,78,29
2,1000,80,5.13,10.3,18,37,3,940,34,12,14,60,7.302730465,100,208,20.24158247,9.198400666,6.871365285,7.72050934,462,19,6,5,30,478,15,6,9,30,492,508,130,78,67,33
8,1000,80,5.13,10.3,18,37,3,936,39,10,15,64,7.26884877,90,209,20.03631942,9.206298549,6.361946228,8.259231882,499,17,2,4,23,437,22,8,11,41,522,478,116,93,53,37
7,1000,80,5.13,10.3,18,37,3,945,22,19,14,55,7.455466369,95,225,20.07961298,9.064496637,6.44816808,8.559904536,504,11,4,4,19,441,11,15,10,36,523,477,126,99,65,30
1,1000,80,5.13,10.3,18,37,3,943,28,8,21,57,7.137976986,102,228,20.24029585,9.184936511,6.167918576,8.081248773,474,10,5,4,19,469,18,3,17,38,493,507,145,83,67,35
3,1000,80,5.13,10.3,18,37,4,947,22,13,18,53,7.219259811,92,229,20.13416779,9.174918622,5.966645209,8.528229262,498,7,3,3,13,449,15,10,15,40,511,489,129,100,62,30
5,1000,80,5.13,10.3,18,37,4,941,27,14,18,59,7.429127177,103,197,20.55302159,9.804322873,6.521401087,8.253702785,458,13,2,3,18,483,14,12,15,41,476,524,126,71,68,35
4,1000,80,5.13,10.3,18,37,4,950,30,10,10,50,7.374910496,89,204,20.21071078,9.23562477,6.732713637,8.019681291,481,14,5,1,20,469,16,5,9,30,501,499,131,73,64,25
6,1000,80,5.13,10.3,18,37,4,960,16,11,13,40,6.970781232,96,217,20.32166179,8.95751561,6.135477517,7.82295977,494,5,3,3,11,466,11,8,10,29,505,495,130,87,62,34
8,1000,80,5.13,10.3,18,37,4,940,35,10,15,60,7.281270029,91,201,20.08433257,9.253997323,6.363175501,8.28387535,501,15,2,4,21,439,20,8,11,39,522,478,122,79,67,24
2,1000,80,5.13,10.3,18,37,4,943,33,10,14,57,7.304510384,98,212,20.38029381,9.297058282,6.916752291,7.680055624,462,19,6,5,30,481,14,4,9,27,492,508,131,81,67,31
7,1000,80,5.13,10.3,18,37,4,945,21,20,14,55,7.506209577,103,228,20.16603261,9.116293858,6.50891706,8.599677053,504,10,5,4,19,441,11,15,10,36,523,477,126,102,65,38
1,1000,80,5.13,10.3,18,37,4,943,27,8,22,57,7.19226195,100,210,20.33031544,9.248210432,6.21172824,8.145719779,474,10,4,5,19,469,17,4,17,38,493,507,135,75,63,37
3,1000,80,5.13,10.3,18,37,5,947,23,13,17,53,7.2368439,108,214,20.23763195,9.233892976,6.002108167,8.527130117,498,8,3,2,13,449,15,10,15,40,511,489,129,85,74,34
4,1000,80,5.13,10.3,18,37,5,949,31,10,10,51,7.395424344,102,209,20.27290389,9.293634612,6.751049517,8.042381836,481,14,5,1,20,468,17,5,9,31,501,499,121,88,75,27
5,1000,80,5.13,10.3,18,37,5,944,25,14,17,56,7.390316983,94,222,20.65981929,9.91024446,6.514793457,8.18563988,458,13,2,3,18,486,12,12,14,38,476,524,135,87,65,29
6,1000,80,5.13,10.3,18,37,5,961,15,11,13,39,7.000700635,109,216,20.40028741,9.035126043,6.16216001,7.856181475,493,6,3,3,12,468,9,8,10,27,505,495,128,88,75,34
2,1000,80,5.13,10.3,18,37,5,943,33,10,14,57,7.317940054,109,201,20.45495542,9.362313858,6.93345003,7.690320156,461,20,6,5,31,482,13,4,9,26,492,508,124,77,73,36
8,1000,80,5.13,10.3,18,37,5,940,35,10,15,60,7.295253461,100,217,20.11172171,9.295520725,6.380587814,8.294114273,501,15,2,4,21,439,20,8,11,39,522,478,135,82,66,34
7,1000,80,5.13,10.3,18,37,5,946,20,20,14,54,7.554354926,102,218,20.20687334,9.185052717,6.593876136,8.607458505,504,10,5,4,19,442,10,15,10,35,523,477,124,94,70,32
4,1000,80,5.13,10.3,18,37,6,949,30,11,10,51,7.420331164,98,215,20.45428342,9.419184708,6.812467666,8.030630987,481,13,6,1,20,468,17,5,9,31,501,499,127,88,64,34
1,1000,80,5.13,10.3,18,37,5,944,28,7,21,56,7.190541035,104,203,20.44748958,9.333775166,6.220828891,8.133476118,475,10,3,5,18,469,18,4,16,38,493,507,120,83,66,38
3,1000,80,5.13,10.3,18,37,6,946,25,12,17,54,7.248922417,102,220,20.31614665,9.309919788,6.020763391,8.532336042,497,9,3,2,14,449,16,9,15,40,511,489,128,92,78,24
5,1000,80,5.13,10.3,18,37,6,945,23,16,16,55,7.405859612,97,219,20.83609483,10.03853445,6.571173014,8.164086369,460,10,4,2,16,485,13,12,14,39,476,524,139,80,69,28
6,1000,80,5.13,10.3,18,37,6,962,14,11,13,38,7.010244393,101,212,20.51749824,9.136865712,6.195357328,7.841593823,493,6,3,3,12,469,8,8,10,26,505,495,115,97,71,30
2,1000,80,5.13,10.3,18,37,6,941,35,10,14,59,7.346321646,110,215,20.56202816,9.445978434,7.008837067,7.673176789,460,21,6,5,32,481,14,4,9,27,492,508,126,89,77,33
8,1000,80,5.13,10.3,18,37,6,941,34,10,15,59,7.34537076,100,202,20.22194048,9.407584343,6.454614305,8.318121534,501,15,2,4,21,440,19,8,11,38,522,478,117,85,71,29
7,1000,80,5.13,10.3,18,37,6,945,21,20,14,55,7.588645507,82,200,20.34290635,9.256784903,6.619620798,8.65111914,504,10,5,4,19,441,11,15,10,36,523,477,119,81,68,14
4,1000,80,5.13,10.3,18,37,7,951,29,10,10,49,7.421282351,105,200,20.62861148,9.547221004,6.851187759,7.993661891,481,13,6,1,20,470,16,4,9,29,501,499,113,87,84,21
6,1000,80,5.13,10.3,18,37,7,962,14,10,14,38,7.042471863,85,220,20.60986381,9.2335864,6.212108884,7.889609852,493,6,3,3,12,469,8,7,11,26,505,495,128,92,66,19
1,1000,80,5.13,10.3,18,37,6,943,29,8,20,57,7.212294002,83,222,20.62045529,9.449023521,6.241108051,8.156662195,474,11,4,4,19,469,18,4,16,38,493,507,146,76,63,20
3,1000,80,5.13,10.3,18,37,7,948,25,11,16,52,7.239809223,100,199,20.43908199,9.436443626,6.064862376,8.467616663,497,9,3,2,14,451,16,8,14,38,511,489,128,71,65,35
5,1000,80,5.13,10.3,18,37,7,945,23,16,16,55,7.416685312,110,211,21.04962405,10.17307843,6.615426916,8.144545992,460,9,5,2,16,485,14,11,14,39,476,524,132,79,83,27
2,1000,80,5.13,10.3,18,37,7,943,34,10,13,57,7.315605729,94,213,20.74371214,9.582562475,7.001687629,7.619636644,461,20,6,5,31,482,14,4,8,26,492,508,143,70,62,32
8,1000,80,5.13,10.3,18,37,7,942,34,10,14,58,7.338185964,90,211,20.37840331,9.504480531,6.466142178,8.290501562,502,14,2,4,20,440,20,8,10,38,522,478,119,92,66,24
7,1000,80,5.13,10.3,18,37,7,946,21,19,14,54,7.615714165,90,222,20.5019525,9.383471452,6.668689134,8.654066558,504,10,5,4,19,442,11,14,10,35,523,477,131,91,63,27
6,1000,80,5.13,10.3,18,37,8,964,14,8,14,36,7.037201851,92,232,20.66040508,9.302258465,6.245695957,7.844697763,493,6,3,3,12,471,8,5,11,24,505,495,133,99,68,24
4,1000,80,5.13,10.3,18,37,8,953,28,9,10,47,7.401858564,115,194,20.72126786,9.617935729,6.885696025,7.920089891,481,13,6,1,20,472,15,3,9,27,501,499,109,85,87,28
1,1000,80,5.13,10.3,18,37,7,943,30,6,21,57,7.21818178,103,209,20.69995409,9.493051153,6.272958967,8.137303766,474,11,4,4,19,469,19,2,17,38,493,507,135,74,75,28
3,1000,80,5.13,10.3,18,37,8,949,24,10,17,51,7.21388206,114,225,20.55360092,9.539966671,6.056289692,8.423554248,497,9,3,2,14,452,15,7,15,37,511,489,136,89,80,34
2,1000,80,5.13,10.3,18,37,8,945,33,10,12,55,7.283337896,95,217,20.87065196,9.700450569,7.001901487,7.555910166,462,19,6,5,30,483,14,4,7,25,492,508,129,88,72,23
5,1000,80,5.13,10.3,18,37,8,945,23,16,16,55,7.407764737,112,222,21.20391026,10.26130208,6.648446809,8.097526825,460,9,5,2,16,485,14,11,14,39,476,524,149,73,90,22
7,1000,80,5.13,10.3,18,37,8,946,22,18,14,54,7.662895772,85,210,20.64035124,9.478877957,6.742435107,8.672122036,503,11,5,4,20,443,11,13,10,34,523,477,133,77,57,28
8,1000,80,5.13,10.3,18,37,8,941,35,9,15,59,7.388970168,114,232,20.56414124,9.633366333,6.510346234,8.348471619,502,14,2,4,20,439,21,7,11,39,522,478,145,87,81,33
6,1000,80,5.13,10.3,18,37,9,963,15,9,13,37,7.070313518,86,224,20.81002475,9.398516303,6.287909541,7.868523636,492,7,3,3,13,471,8,6,10,24,505,495,136,88,59,27
4,1000,80,5.13,10.3,18,37,9,954,27,8,11,46,7.453429185,117,197,20.86857803,9.749271418,6.962011105,7.946816878,481,13,5,2,20,473,14,3,9,26,501,499,122,75,85,32
1,1000,80,5.13,10.3,18,37,8,942,32,6,20,58,7.241789037,102,223,20.79623002,9.575397711,6.321882743,8.136293579,473,12,4,4,20,469,20,2,16,38,493,507,149,74,81,21
2,1000,80,5.13,10.3,18,37,9,949,31,8,12,51,7.275501763,103,214,21.01226659,9.799123618,6.981510583,7.560233378,465,17,5,5,27,484,14,3,7,24,492,508,135,79,73,30
5,1000,80,5.13,10.3,18,37,9,947,22,16,15,53,7.398759134,92,237,21.39635402,10.39797003,6.663624783,8.066552935,460,9,5,2,16,487,13,11,13,37,476,524,156,81,64,28
3,1000,80,5.13,10.3,18,37,9,951,22,10,17,49,7.26224239,91,214,20.6320295,9.612990506,6.072278772,8.505742204,498,8,3,2,13,453,14,7,15,36,511,489,145,69,66,25
7,1000,80,5.13,10.3,18,37,9,947,22,18,13,53,7.671728761,98,191,20.81248649,9.576054487,6.775594964,8.654282169,503,11,5,4,20,444,11,13,9,33,523,477,118,73,68,30
8,1000,80,5.13,10.3,18,37,9,941,34,9,16,59,7.421198729,101,197,20.68818359,9.70822382,6.565080256,8.356123086,502,13,3,4,20,439,21,6,12,39,522,478,126,71,78,23
6,1000,80,5.13,10.3,18,37,10,962,14,11,13,38,7.090953501,103,225,20.94672096,9.508924748,6.323682714,7.873724708,491,6,5,3,14,471,8,6,10,24,505,495,144,81,70,33
4,1000,80,5.13,10.3,18,37,10,955,28,8,9,45,7.430902871,106,218,20.98185486,9.833098987,6.983773136,7.879824709,481,13,5,2,20,474,15,3,7,25,501,499,144,74,76,30
5,1000,80,5.13,10.3,18,37,10,946,22,18,14,54,7.444687064,116,227,21.65367675,10.5579592,6.733886808,8.090375845,460,7,7,2,16,486,15,11,12,38,476,524,151,76,88,28
1,1000,80,5.13,10.3,18,37,9,942,32,6,20,58,7.237336135,77,195,20.96012549,9.666803105,6.324108094,8.125346834,473,12,4,4,20,469,20,2,16,38,493,507,130,65,54,23
2,1000,80,5.13,10.3,18,37,10,950,29,9,12,50,7.292894148,105,232,21.12123135,9.861503973,7.037588238,7.540158927,465,17,5,5,27,485,12,4,7,23,492,508,161,71,76,29
7,1000,80,5.13,10.3,18,37,10,949,22,17,12,51,7.672899614,87,219,20.95872804,9.709860715,6.792682556,8.638001335,504,10,5,4,19,445,12,12,8,32,523,477,147,72,66,21
3,1000,80,5.13,10.3,18,37,10,951,22,10,17,49,7.296963576,109,229,20.73590411,9.738967015,6.130592069,8.515809875,498,8,3,2,13,453,14,7,15,36,511,489,142,87,80,29
8,1000,80,5.13,10.3,18,37,10,941,34,9,16,59,7.435313068,88,211,20.86268627,9.861014234,6.580837218,8.3684436,501,13,4,4,21,440,21,5,12,38,522,478,125,86,67,21
6,1000,80,5.13,10.3,18,37,11,963,14,10,13,37,7.085073034,104,214,21.08376416,9.627854585,6.332283735,7.853070199,491,6,5,3,14,472,8,5,10,23,505,495,128,86,74,30
4,1000,80,5.13,10.3,18,37,11,956,28,7,9,44,7.469210366,96,239,21.14014865,9.956327366,7.045849478,7.894268091,481,13,5,2,20,475,15,2,7,24,501,499,157,82,77,19
5,1000,80,5.13,10.3,18,37,11,947,23,15,15,53,7.472801093,118,245,21.88474178,10.73074035,6.779649918,8.102457503,460,7,7,2,16,487,16,8,13,37,476,524,171,74,92,26
2,1000,80,5.13,10.3,18,37,11,951,28,8,13,49,7.291152949,125,217,21.29191997,9.96563447,7.066445673,7.508782829,465,17,5,5,27,486,11,3,8,22,492,508,151,66,98,27
1,1000,80,5.13,10.3,18,37,10,942,32,6,20,58,7.247949008,100,239,21.17611327,9.776762339,6.364580594,8.106924605,473,12,4,4,20,469,20,2,16,38,493,507,159,80,77,23
7,1000,80,5.13,10.3,18,37,11,951,20,17,12,49,7.660108687,101,209,21.10823858,9.811835855,6.805460191,8.597176116,505,9,5,4,18,446,11,12,8,31,523,477,136,73,70,31
3,1000,80,5.13,10.3,18,37,11,951,25,9,15,49,7.305182893,95,219,20.8760788,9.87083503,6.24524462,8.41280755,497,9,3,2,14,454,16,6,13,35,511,489,137,82,74,21
8,1000,80,5.13,10.3,18,37,11,941,34,9,16,59,7.45917163,96,215,20.9778492,9.960448414,6.621966229,8.373441963,501,13,4,4,21,440,21,5,12,38,522,478,132,83,70,26
6,1000,80,5.13,10.3,18,37,12,963,14,10,13,37,7.102799369,103,229,21.2399269,9.737514812,6.374442706,7.845870308,491,6,5,3,14,472,8,5,10,23,505,495,145,84,76,27
5,1000,80,5.13,10.3,18,37,12,950,21,14,15,50,7.468122159,126,230,22.03272128,10.84154109,6.850785399,8.028908986,460,7,6,3,16,490,14,8,12,34,476,524,154,76,103,23
2,1000,80,5.13,10.3,18,37,12,954,27,8,11,46,7.276923183,95,233,21.42571946,10.10175259,7.054577471,7.49226588,467,15,5,5,25,487,12,3,6,21,492,508,148,85,69,26
4,1000,80,5.13,10.3,18,37,12,956,28,7,9,44,7.546970795,111,241,21.3453932,10.08781686,7.151839217,7.943686066,480,14,5,2,21,476,14,2,7,23,501,499,165,76,78,33
7,1000,80,5.13,10.3,18,37,12,952,22,16,10,48,7.627014934,102,216,21.37735095,9.99456664,6.830313032,8.500547627,505,9,5,4,18,447,13,11,6,30,523,477,142,74,78,24
1,1000,80,5.13,10.3,18,37,11,939,35,6,20,61,7.274551687,100,226,21.36907002,9.888955311,6.432317573,8.093528842,470,15,4,4,23,469,20,2,16,38,493,507,147,79,73,27
8,1000,80,5.13,10.3,18,37,12,944,30,10,16,56,7.451871718,98,194,21.1387887,10.06637568,6.644779962,8.333256439,502,11,5,4,20,442,19,5,12,36,522,478,132,62,71,27
3,1000,80,5.13,10.3,18,37,12,953,22,10,15,47,7.317128966,107,198,20.99126016,9.97128189,6.282119512,8.398703263,498,8,3,2,13,455,14,7,13,34,511,489,118,80,84,23
6,1000,80,5.13,10.3,18,37,13,963,15,10,12,37,7.145798346,90,202,21.36951756,9.866504144,6.429419512,7.876649481,491,7,5,2,14,472,8,5,10,23,505,495,137,65,69,21
5,1000,80,5.13,10.3,18,37,13,950,22,14,14,50,7.511001828,130,207,22.32710066,11.0259985,6.919285719,8.048514935,460,7,6,3,16,490,15,8,11,34,476,524,147,60,106,24
2,1000,80,5.13,10.3,18,37,13,951,30,8,11,49,7.28569238,99,208,21.67578832,10.22911714,7.073750231,7.490959185,466,16,5,5,26,485,14,3,6,23,492,508,151,57,76,23
4,1000,80,5.13,10.3,18,37,13,956,28,7,9,44,7.546126106,107,221,21.54153599,10.196691,7.171920232,7.921831804,480,14,5,2,21,476,14,2,7,23,501,499,134,87,74,33
7,1000,80,5.13,10.3,18,37,13,952,22,16,10,48,7.662568643,99,205,21.5779562,10.13458448,6.871933014,8.529450055,505,9,5,4,18,447,13,11,6,30,523,477,129,76,75,24
1,1000,80,5.13,10.3,18,37,12,940,34,6,20,60,7.29034687,111,221,21.574886,10.02667662,6.471504261,8.08657844,470,15,4,4,23,470,19,2,16,37,493,507,153,68,83,28
3,1000,80,5.13,10.3,18,37,13,956,19,10,15,44,7.325472181,116,229,21.14453974,10.11684272,6.321735244,8.374367018,499,7,3,2,12,457,12,7,13,32,511,489,164,65,83,33
8,1000,80,5.13,10.3,18,37,13,945,28,12,15,55,7.476217852,111,231,21.23898193,10.16751364,6.695484991,8.328817337,502,11,5,4,20,443,17,7,11,35,522,478,162,69,74,37
6,1000,80,5.13,10.3,18,37,14,963,15,9,13,37,7.132665225,106,204,21.60882701,10.02630529,6.496067551,7.782123459,490,8,4,3,15,473,7,5,10,22,505,495,132,72,86,20
5,1000,80,5.13,10.3,18,37,14,950,22,14,14,50,7.533773484,94,242,22.54873881,11.1835634,6.958443595,8.056401398,460,7,6,3,16,490,15,8,11,34,476,524,173,69,75,19
4,1000,80,5.13,10.3,18,37,14,953,32,8,7,47,7.546286625,110,211,21.73650668,10.33143352,7.227855843,7.865993683,479,15,5,2,22,474,17,3,5,25,501,499,145,66,87,23
7,1000,80,5.13,10.3,18,37,14,953,21,16,10,47,7.645682558,110,207,21.81250996,10.26949539,6.883373413,8.481505792,505,9,5,4,18,448,12,11,6,29,523,477,144,63,81,29
2,1000,80,5.13,10.3,18,37,14,950,31,8,11,50,7.321841595,97,221,21.88225051,10.3329556,7.123801684,7.513644028,466,16,5,5,26,484,15,3,6,24,492,508,144,77,75,22
1,1000,80,5.13,10.3,18,37,13,939,35,6,20,61,7.286719631,105,224,21.74553067,10.109697,6.508251892,8.043691219,469,16,4,4,24,470,19,2,16,37,493,507,153,71,80,25
3,1000,80,5.13,10.3,18,37,14,957,18,10,15,43,7.331529727,96,242,21.22656555,10.23842297,6.350285684,8.35691972,499,7,3,2,12,458,11,7,13,31,511,489,159,83,70,26
6,1000,80,5.13,10.3,18,37,15,963,14,10,13,37,7.178368477,115,226,21.86972854,10.21311336,6.558748643,7.810505884,490,7,5,3,15,473,7,5,10,22,505,495,153,73,95,20
8,1000,80,5.13,10.3,18,37,14,948,26,11,15,52,7.468292569,121,222,21.29433487,10.27413735,6.696160267,8.31149981,503,10,5,4,19,445,16,6,11,33,522,478,131,91,95,26
5,1000,80,5.13,10.3,18,37,15,951,23,14,12,49,7.549703644,127,233,22.86740554,11.36149504,7.009385399,8.040527088,460,7,6,3,16,491,16,8,9,33,476,524,179,54,97,30
2,1000,80,5.13,10.3,18,37,15,951,31,6,12,49,7.340802496,102,205,22.11211074,10.45808551,7.14255474,7.532806227,467,16,3,6,25,484,15,3,6,24,492,508,149,56,72,30
7,1000,80,5.13,10.3,18,37,15,954,21,15,10,46,7.642956833,118,205,22.05592156,10.40860956,6.89669178,8.461188745,505,9,5,4,18,449,12,10,6,28,523,477,154,51,89,29
4,1000,80,5.13,10.3,18,37,15,952,33,8,7,48,7.566838027,110,229,21.98982678,10.52353558,7.250535994,7.884407803,479,15,5,2,22,473,18,3,5,26,501,499,155,74,90,20
6,1000,80,5.13,10.3,18,37,16,964,14,10,12,36,7.201568924,96,242,22.1129352,10.39207117,6.595657539,7.819720943,490,7,5,3,15,474,7,5,9,21,505,495,165,77,78,18
3,1000,80,5.13,10.3,18,37,15,957,18,10,15,43,7.344653209,116,204,21.47353044,10.37711522,6.368909454,8.364295456,499,7,3,2,12,458,11,7,13,31,511,489,139,65,88,28
1,1000,80,5.13,10.3,18,37,14,939,32,9,20,61,7.314463506,110,209,21.95130834,10.26725836,6.570513549,8.037870466,469,14,6,4,24,470,18,3,16,37,493,507,144,65,78,32
8,1000,80,5.13,10.3,18,37,15,948,26,11,15,52,7.469086459,121,226,21.45498913,10.4199759,6.727505502,8.278930097,503,10,5,4,19,445,16,6,11,33,522,478,157,69,90,31
5,1000,80,5.13,10.3,18,37,16,951,21,16,12,49,7.575456282,101,232,23.15954589,11.53812116,7.058900062,8.044694374,460,7,6,3,16,491,14,10,9,33,476,524,171,61,84,17
2,1000,80,5.13,10.3,18,37,16,951,31,6,12,49,7.35779256,119,234,22.45391856,10.64081275,7.210428225,7.500515498,466,17,3,6,26,485,14,3,6,23,492,508,165,69,99,20
4,1000,80,5.13,10.3,18,37,16,953,31,9,7,47,7.569343394,117,216,22.2598961,10.73615823,7.259468446,7.880460325,479,15,5,2,22,474,16,4,5,25,501,499,156,60,89,28
6,1000,80,5.13,10.3,18,37,17,964,14,10,12,36,7.235079389,110,203,22.38917971,10.57132623,6.606958563,7.875889525,490,7,5,3,15,474,7,5,9,21,505,495,145,58,86,24
7,1000,80,5.13,10.3,18,37,16,953,22,15,10,47,7.685163857,84,223,22.44127372,10.69322769,6.969404171,8.469948586,504,10,5,4,19,449,12,10,6,28,523,477,158,65,63,21
3,1000,80,5.13,10.3,18,37,16,958,18,10,14,42,7.365550029,108,208,21.68070443,10.52520988,6.398922525,8.375665887,499,7,3,2,12,459,11,7,12,30,511,489,144,64,85,23
1,1000,80,5.13,10.3,18,37,15,943,30,7,20,57,7.331435765,112,235,22.15472696,10.40593756,6.614122013,8.028942036,471,13,5,4,22,472,17,2,16,35,493,507,159,76,88,24
8,1000,80,5.13,10.3,18,37,16,949,26,10,15,51,7.490286525,103,230,21.60497901,10.54125359,6.76039525,8.287364445,503,10,5,4,19,446,16,5,11,32,522,478,156,74,82,21
5,1000,80,5.13,10.3,18,37,17,948,24,15,13,52,7.619257739,117,226,23.53513323,11.77255631,7.139033762,8.055491733,458,9,5,4,18,490,15,10,9,34,476,524,169,57,99,18
6,1000,80,5.13,10.3,18,37,18,964,14,10,12,36,7.245106619,121,251,22.63824998,10.72178211,6.593195573,7.910187585,490,7,5,3,15,474,7,5,9,21,505,495,173,78,89,32
2,1000,80,5.13,10.3,18,37,17,951,30,7,12,49,7.388569642,102,226,22.76515056,10.81429431,7.257269155,7.515734681,466,17,3,6,26,485,13,4,6,23,492,508,168,58,83,19
7,1000,80,5.13,10.3,18,37,17,957,20,13,10,43,7.672092628,124,218,22.69435973,10.83088512,6.993049091,8.416620447,505,9,5,4,18,452,11,8,6,25,523,477,147,71,85,39
4,1000,80,5.13,10.3,18,37,17,952,32,9,7,48,7.583641573,102,240,22.53654926,10.89413521,7.303042654,7.865365137,477,17,5,2,24,475,15,4,5,24,501,499,169,71,87,15
3,1000,80,5.13,10.3,18,37,17,958,19,10,13,42,7.366115083,101,227,21.98267872,10.74452747,6.44152505,8.332302213,498,8,3,2,13,460,11,7,11,29,511,489,148,79,84,17
1,1000,80,5.13,10.3,18,37,16,941,31,8,20,59,7.348262137,94,237,22.39998608,10.55725756,6.664722106,8.012927295,470,13,6,4,23,471,18,2,16,36,493,507,173,64,74,20
8,1000,80,5.13,10.3,18,37,17,951,25,9,15,49,7.486743605,107,220,21.78989424,10.67513649,6.828885184,8.205158032,503,10,5,4,19,448,15,4,11,30,522,478,145,75,84,23
6,1000,80,5.13,10.3,18,37,19,964,15,9,12,36,7.249590406,119,257,22.93746589,10.89701933,6.621300498,7.89057304,490,7,4,4,15,474,8,5,8,21,505,495,179,78,88,31
5,1000,80,5.13,10.3,18,37,18,949,24,14,13,51,7.64198544,128,263,23.85891604,12.04484695,7.177714635,8.063727622,459,9,4,4,17,490,15,10,9,34,476,524,191,72,108,20
2,1000,80,5.13,10.3,18,37,18,951,30,7,12,49,7.423763412,108,240,23.0897405,10.9945019,7.292383629,7.551005249,466,17,3,6,26,485,13,4,6,23,492,508,175,65,81,27
7,1000,80,5.13,10.3,18,37,18,955,23,12,10,45,7.697016588,117,230,23.02232748,11.01529947,7.021025184,8.438197938,503,11,5,4,20,452,12,7,6,25,523,477,162,68,91,26
4,1000,80,5.13,10.3,18,37,18,953,33,8,6,47,7.581042461,129,242,22.84514548,11.0776349,7.31915962,7.843974934,477,17,5,2,24,476,16,3,4,23,501,499,180,62,96,33
3,1000,80,5.13,10.3,18,37,18,958,19,10,13,42,7.368942652,108,233,22.28787052,10.97010339,6.484382833,8.293298618,498,8,3,2,13,460,11,7,11,29,511,489,155,78,79,29
1,1000,80,5.13,10.3,18,37,17,942,31,7,20,58,7.351058195,120,226,22.66841595,10.69360161,6.685620523,7.998120862,471,13,5,4,22,471,18,2,16,36,493,507,159,67,96,24
8,1000,80,5.13,10.3,18,37,18,952,25,9,14,48,7.482286142,122,239,22.02442424,10.84221364,6.867681974,8.153464753,502,11,5,4,20,450,14,4,10,28,522,478,169,70,100,22
6,1000,80,5.13,10.3,18,37,20,963,16,9,12,37,7.298242494,115,256,23.13451915,11.00951641,6.705438156,7.903022677,489,8,4,4,16,474,8,5,8,21,505,495,179,77,88,27
5,1000,80,5.13,10.3,18,37,19,950,24,13,13,50,7.64484742,133,239,24.2045496,12.28210979,7.196022666,8.052558456,459,9,4,4,17,491,15,9,9,33,476,524,179,60,105,28
2,1000,80,5.13,10.3,18,37,19,951,31,6,12,49,7.490904732,101,248,23.50358134,11.19838671,7.377538741,7.600700141,465,18,3,6,27,486,13,3,6,22,492,508,179,69,73,28
7,1000,80,5.13,10.3,18,37,19,954,25,11,10,46,7.723577175,112,234,23.29312535,11.19228516,7.050027294,8.462081551,503,11,5,4,20,451,14,6,6,26,523,477,154,80,85,27
4,1000,80,5.13,10.3,18,37,19,953,32,9,6,47,7.61359976,123,258,23.19161785,11.28562444,7.365504183,7.862689709,477,16,6,2,24,476,16,3,4,23,501,499,195,63,98,25
3,1000,80,5.13,10.3,18,37,19,958,20,8,14,42,7.392123052,101,225,22.590017,11.18232043,6.530033477,8.292997843,498,9,1,3,13,460,11,7,11,29,511,489,163,62,73,28
1,1000,80,5.13,10.3,18,37,18,939,34,7,20,61,7.391124217,101,224,22.96605,10.87493554,6.779306805,7.986047263,470,13,5,5,23,469,21,2,15,38,493,507,163,61,79,22
8,1000,80,5.13,10.3,18,37,19,952,25,9,14,48,7.487840416,99,225,22.2668768,11.00535807,6.91422196,8.114260571,501,12,5,4,21,451,13,4,10,27,522,478,155,70,77,22
6,1000,80,5.13,10.3,18,37,21,963,16,9,12,37,7.311875415,108,251,23.45260657,11.2122578,6.7326797,7.902772054,489,8,4,4,16,474,8,5,8,21,505,495,182,69,93,15
5,1000,80,5.13,10.3,18,37,20,950,24,13,13,50,7.666204387,138,255,24.58739422,12.50710442,7.265191264,8.030483484,459,9,4,4,17,491,15,9,9,33,476,524,195,60,109,29
2,1000,80,5.13,10.3,18,37,20,952,30,7,11,48,7.514116749,110,248,23.7927316,11.35910473,7.406627414,7.618220593,465,18,3,6,27,487,12,4,5,21,492,508,185,63,89,21
7,1000,80,5.13,10.3,18,37,20,955,24,11,10,45,7.723058573,119,221,23.75219581,11.49744003,7.075357312,8.43322159,503,11,5,4,20,452,13,6,6,25,523,477,151,70,93,26
4,1000,80,5.13,10.3,18,37,20,953,32,9,6,47,7.618931472,124,233,23.57378879,11.50148011,7.369208062,7.869655777,477,16,6,2,24,476,16,3,4,23,501,499,176,57,98,26
3,1000,80,5.13,10.3,18,37,20,958,22,7,13,42,7.419367379,120,237,22.78943283,11.34288852,6.595443858,8.280359033,498,9,1,3,13,460,13,6,10,29,511,489,179,58,104,16
1,1000,80,5.13,10.3,18,37,19,939,34,7,20,61,7.412749986,120,245,23.28212905,11.04748382,6.832485077,7.976991801,469,14,5,5,24,470,20,2,15,37,493,507,170,75,89,31
6,1000,80,5.13,10.3,18,37,22,963,16,9,12,37,7.36030561,117,224,23.83747856,11.43635623,6.774027779,7.958427438,489,8,4,4,16,474,8,5,8,21,505,495,164,60,97,20
8,1000,80,5.13,10.3,18,37,20,952,25,9,14,48,7.496622361,118,223,22.53415534,11.19512926,6.96456541,8.077655266,501,12,5,4,21,451,13,4,10,27,522,478,162,61,95,23
2,1000,80,5.13,10.3,18,37,21,955,28,5,12,45,7.491240652,132,238,24.15657702,11.56251609,7.496582234,7.486067309,465,18,2,7,27,490,10,3,5,18,492,508,173,65,110,22
5,1000,80,5.13,10.3,18,37,21,951,23,13,13,49,7.640569688,133,252,24.95171372,12.69174907,7.251348103,7.994137387,460,8,4,4,16,491,15,9,9,33,476,524,197,55,107,26
7,1000,80,5.13,10.3,18,37,21,958,23,10,9,42,7.724099302,120,236,24.23717656,11.77700032,7.089885126,8.419474593,504,10,5,4,19,454,13,5,5,23,523,477,164,72,94,26
4,1000,80,5.13,10.3,18,37,21,954,31,9,6,46,7.64603174,119,248,23.98424668,11.71781325,7.419171029,7.873801713,477,16,6,2,24,477,15,3,4,22,501,499,175,73,103,16
3,1000,80,5.13,10.3,18,37,21,957,23,7,13,43,7.427532593,109,238,23.08113274,11.5209406,6.613875876,8.277795543,498,9,1,3,13,459,14,6,10,30,511,489,155,83,90,19
6,1000,80,5.13,10.3,18,37,23,963,16,9,12,37,7.406617963,129,226,24.35461193,11.71608382,6.812869102,8.012361751,489,8,4,4,16,474,8,5,8,21,505,495,166,60,103,26
1,1000,80,5.13,10.3,18,37,20,941,32,7,20,59,7.432260939,110,236,23.68145124,11.27225452,6.85027295,7.998178253,469,14,5,5,24,472,18,2,15,35,493,507,175,61,94,16
8,1000,80,5.13,10.3,18,37,21,954,24,9,13,46,7.486722139,118,229,22.71958707,11.34638215,7.011485695,8.005704197,501,12,5,4,21,453,12,4,9,25,522,478,163,66,92,26
2,1000,80,5.13,10.3,18,37,22,955,29,5,11,45,7.537118209,120,237,24.60210623,11.79255441,7.547746711,7.526824464,465,19,2,6,27,490,10,3,5,18,492,508,179,58,102,18
5,1000,80,5.13,10.3,18,37,22,952,23,12,13,48,7.647971957,151,246,25.45511343,13.0726261,7.2994117,7.96460303,460,8,4,4,16,492,15,8,9,32,476,524,201,45,134,17
7,1000,80,5.13,10.3,18,37,22,957,25,10,8,43,7.715116314,119,256,24.85789418,12.09124992,7.120219058,8.367383117,503,11,5,4,20,454,14,5,4,23,523,477,183,73,96,23
4,1000,80,5.13,10.3,18,37,22,954,30,10,6,46,7.649474163,125,252,24.42627262,11.95793552,7.445619819,7.854145559,477,15,7,2,24,477,15,3,4,22,501,499,192,60,106,19
3,1000,80,5.13,10.3,18,37,22,956,24,7,13,44,7.43927743,126,240,23.33993375,11.67020502,6.631040522,8.283876734,497,10,1,3,14,459,14,6,10,30,511,489,181,59,102,24
6,1000,80,5.13,10.3,18,37,24,964,17,8,11,36,7.396826477,121,237,24.77319864,11.94377157,6.836812523,7.968153844,489,8,4,4,16,475,9,4,7,20,505,495,176,61,102,19
1,1000,80,5.13,10.3,18,37,21,941,32,7,20,59,7.475512671,106,239,23.9573814,11.42958188,6.933174295,8.002875234,469,14,5,5,24,472,18,2,15,35,493,507,175,64,86,20
8,1000,80,5.13,10.3,18,37,22,956,24,8,12,44,7.498645645,127,242,22.98779097,11.51124971,7.09134639,7.943436881,501,12,5,4,21,455,12,3,8,23,522,478,174,68,102,25
2,1000,80,5.13,10.3,18,37,23,955,30,5,10,45,7.545843395,135,243,25.08366195,12.05422164,7.598626024,7.494723211,465,19,2,6,27,490,11,3,4,18,492,508,178,65,108,27
5,1000,80,5.13,10.3,18,37,23,953,23,12,12,47,7.641146169,131,269,26.01581565,13.40863371,7.309575516,7.942343938,460,8,4,4,16,493,15,8,8,31,476,524,218,51,113,18
7,1000,80,5.13,10.3,18,37,23,957,25,10,8,43,7.715573883,123,233,25.35981382,12.36910182,7.135068769,8.352060621,503,11,5,4,20,454,14,5,4,23,523,477,168,65,102,21
4,1000,80,5.13,10.3,18,37,23,952,33,10,5,48,7.677124773,114,233,24.84530004,12.20103466,7.529805331,7.825034673,476,16,7,2,25,476,17,3,3,23,501,499,170,63,92,22
3,1000,80,5.13,10.3,18,37,23,956,25,7,12,44,7.441139102,111,234,23.72556339,11.94075336,6.696438626,8.219343484,497,10,1,3,14,459,15,6,9,30,511,489,167,67,88,23
6,1000,80,5.13,10.3,18,37,25,964,17,8,11,36,7.423030622,129,258,25.1707113,12.22203561,6.908580283,7.947873897,489,8,4,4,16,475,9,4,7,20,505,495,191,67,110,19
1,1000,80,5.13,10.3,18,37,22,941,31,9,19,59,7.50080739,137,254,24.36317921,11.67661132,7.006684865,7.981285506,469,14,5,5,24,472,17,4,14,35,493,507,180,74,121,16
8,1000,80,5.13,10.3,18,37,23,956,25,8,11,44,7.506080069,136,258,23.31663121,11.73620197,7.12579337,7.921372238,501,12,5,4,21,455,13,3,7,23,522,478,184,74,106,30
2,1000,80,5.13,10.3,18,37,24,954,31,5,10,46,7.579207757,141,278,25.69538636,12.39650595,7.69726283,7.464870954,464,20,2,6,28,490,11,3,4,18,492,508,217,61,125,16
7,1000,80,5.13,10.3,18,37,24,958,25,9,8,42,7.694640597,120,240,26.03018896,12.75831076,7.156132697,8.285080076,502,12,5,4,21,456,13,4,4,21,523,477,186,54,104,16
5,1000,80,5.13,10.3,18,37,24,954,21,13,12,46,7.639723095,138,281,26.41082213,13.68321139,7.338760657,7.913116456,460,8,4,4,16,494,13,9,8,30,476,524,220,61,120,18
3,1000,80,5.13,10.3,18,37,24,958,23,7,12,42,7.511650108,128,251,23.98464621,12.15714979,6.770121843,8.286539562,497,10,1,3,14,461,13,6,9,28,511,489,181,70,105,23
4,1000,80,5.13,10.3,18,37,24,952,33,9,6,48,7.715496243,114,257,25.21720706,12.44303906,7.571888318,7.859679752,476,16,6,3,25,476,17,3,3,23,501,499,186,71,94,20
6,1000,80,5.13,10.3,18,37,26,965,16,8,11,35,7.469828135,124,250,25.74009078,12.51041261,6.979754562,7.969802185,489,8,4,4,16,476,8,4,7,19,505,495,208,42,109,15
8,1000,80,5.13,10.3,18,37,24,959,23,7,11,41,7.449705509,117,226,23.60620826,11.91368514,7.17077615,7.754310375,501,12,5,4,21,458,11,2,7,20,522,478,166,60,89,28
1,1000,80,5.13,10.3,18,37,23,943,30,9,18,57,7.490789314,112,246,24.80008179,11.92297652,7.069172046,7.90076429,469,14,4,6,24,474,16,5,12,33,493,507,185,61,89,23
5,1000,80,5.13,10.3,18,37,25,957,19,11,13,43,7.664318592,148,263,26.87106694,14.00114505,7.415521089,7.890325484,460,8,4,4,16,497,11,7,9,27,476,524,211,52,119,29
2,1000,80,5.13,10.3,18,37,25,956,29,5,10,44,7.601044711,102,258,26.2359169,12.69959862,7.752859444,7.454011545,465,19,2,6,27,491,10,3,4,17,492,508,203,55,84,18
7,1000,80,5.13,10.3,18,37,25,961,22,9,8,39,7.674204812,125,258,26.78401177,13.19049199,7.160308832,8.237658895,502,11,6,4,21,459,11,3,4,18,523,477,205,53,102,23
6,1000,80,5.13,10.3,18,37,27,965,16,8,11,35,7.485085214,116,276,26.5210416,12.91028712,7.029898997,7.949467112,489,8,4,4,16,476,8,4,7,19,505,495,212,64,101,15
4,1000,80,5.13,10.3,18,37,25,952,33,9,6,48,7.7279707,115,257,25.69153164,12.70342632,7.602482732,7.853961625,476,16,6,3,25,476,17,3,3,23,501,499,188,69,93,22
3,1000,80,5.13,10.3,18,37,25,957,24,7,12,43,7.569105574,120,257,24.40071503,12.37877917,6.882313289,8.28679649,496,11,1,3,15,461,13,6,9,28,511,489,193,64,89,31
8,1000,80,5.13,10.3,18,37,25,960,22,7,11,40,7.4547057,135,234,23.95353939,12.12220437,7.1953204,7.737967471,501,12,5,4,21,459,10,2,7,19,522,478,168,66,114,21
2,1000,80,5.13,10.3,18,37,26,955,30,5,10,45,7.643534188,116,263,26.87214964,13.06535311,7.817478715,7.475068228,465,19,2,6,27,490,11,3,4,18,492,508,219,44,94,22
1,1000,80,5.13,10.3,18,37,24,943,30,9,18,57,7.52415186,125,246,25.29145303,12.19288419,7.112142223,7.924784506,469,14,4,6,24,474,16,5,12,33,493,507,192,54,100,25
7,1000,80,5.13,10.3,18,37,26,964,19,9,8,36,7.649809465,138,277,27.49361706,13.58430492,7.217817151,8.123461415,502,11,6,4,21,462,8,3,4,15,523,477,213,64,117,21
5,1000,80,5.13,10.3,18,37,26,959,18,12,11,41,7.595512771,144,280,27.55551215,14.44436845,7.436599292,7.73986929,459,9,4,4,17,500,9,8,7,24,476,524,234,46,117,27
6,1000,80,5.13,10.3,18,37,28,965,16,8,11,35,7.459134207,141,290,27.10939135,13.22971471,7.039025571,7.887729885,489,8,4,4,16,476,8,4,7,19,505,495,224,66,110,31
3,1000,80,5.13,10.3,18,37,26,960,21,8,11,40,7.561726922,126,242,24.80204439,12.64668844,6.909502429,8.243294847,496,11,1,3,15,464,10,7,8,25,511,489,194,48,116,10
4,1000,80,5.13,10.3,18,37,26,953,32,9,6,47,7.742948372,123,257,26.26923727,12.98479554,7.660840701,7.825385132,476,16,6,3,25,477,16,3,3,22,501,499,201,56,104,19
8,1000,80,5.13,10.3,18,37,26,958,24,7,11,42,7.511419209,126,249,24.36251222,12.36452616,7.262633052,7.783106184,501,12,5,4,21,457,12,2,7,21,522,478,193,56,102,24
2,1000,80,5.13,10.3,18,37,27,953,32,5,10,47,7.623493485,155,270,27.72811547,13.49542325,7.866582327,7.388060985,464,20,2,6,28,489,12,3,4,19,492,508,214,56,128,27
7,1000,80,5.13,10.3,18,37,27,965,18,9,8,35,7.661419328,149,271,28.34800958,14.109156,7.241886605,8.121410134,503,10,6,4,20,462,8,3,4,15,523,477,224,47,131,18
5,1000,80,5.13,10.3,18,37,27,958,19,12,11,42,7.585364778,161,286,28.39988117,14.95823089,7.482691756,7.678632637,458,10,4,4,18,500,9,8,7,24,476,524,223,63,140,21
1,1000,80,5.13,10.3,18,37,25,944,29,9,18,56,7.541134758,134,228,25.76421053,12.42866581,7.147283002,7.924110923,469,14,4,6,24,475,15,5,12,32,493,507,175,53,111,23
6,1000,80,5.13,10.3,18,37,29,965,17,8,10,35,7.457079192,151,277,27.8588686,13.58362781,7.092554667,7.828967848,489,8,4,4,16,476,9,4,6,19,505,495,223,54,127,24
3,1000,80,5.13,10.3,18,37,27,961,21,8,10,39,7.585489694,151,235,25.1812524,12.92203175,6.955068569,8.244273324,496,11,1,3,15,465,10,7,7,24,511,489,185,50,123,28
4,1000,80,5.13,10.3,18,37,27,952,33,9,6,48,7.77236736,139,269,26.93784978,13.30020846,7.688331412,7.856740126,475,17,6,3,26,477,16,3,3,22,501,499,208,61,115,24
7,1000,80,5.13,10.3,18,37,28,965,18,9,8,35,7.668158588,143,289,29.3589526,14.69243482,7.256212476,8.11983116,503,10,6,4,20,462,8,3,4,15,523,477,220,69,118,25
2,1000,80,5.13,10.3,18,37,28,955,31,4,10,45,7.624806437,129,271,28.62724192,13.9446013,7.889263565,7.368678666,465,19,2,6,27,490,12,2,4,18,492,508,217,54,112,17
8,1000,80,5.13,10.3,18,37,27,959,23,8,10,41,7.530033884,129,254,24.73624889,12.61252757,7.337931069,7.739819804,500,12,6,4,22,459,11,2,6,19,522,478,195,59,109,20
6,1000,80,5.13,10.3,18,37,30,966,16,8,10,34,7.465284631,128,265,28.64880144,14.01839363,7.114297938,7.823361963,490,7,4,4,15,476,9,4,6,19,505,495,213,52,117,11
5,1000,80,5.13,10.3,18,37,28,958,19,12,11,42,7.574993217,163,289,29.36418774,15.50932284,7.481583031,7.659846745,458,10,4,4,18,500,9,8,7,24,476,524,241,48,139,24
1,1000,80,5.13,10.3,18,37,26,946,28,8,18,54,7.542467465,124,267,26.30667296,12.74027383,7.193635002,7.881667474,469,14,4,6,24,477,14,4,12,30,493,507,207,60,103,21
3,1000,80,5.13,10.3,18,37,28,962,20,8,10,38,7.586110954,142,258,25.56803105,13.20102135,6.975656649,8.224029461,497,10,1,3,14,465,10,7,7,24,511,489,201,57,120,22
4,1000,80,5.13,10.3,18,37,28,952,33,7,8,48,7.780840093,135,251,27.53515041,13.61175696,7.730387646,7.831494753,475,17,4,5,26,477,16,3,3,22,501,499,212,39,117,18
6,1000,80,5.13,10.3,18,37,31,967,16,7,10,33,7.448766296,141,292,29.64471076,14.5443287,7.144474211,7.759205697,490,7,4,4,15,477,9,3,6,18,505,495,240,52,116,25
7,1000,80,5.13,10.3,18,37,29,966,17,9,8,34,7.648323973,139,260,30.79020619,15.383744,7.251755497,8.083135949,503,10,6,4,20,463,7,3,4,14,523,477,214,46,123,16
2,1000,80,5.13,10.3,18,37,29,954,30,5,11,46,7.666799178,138,269,29.63209606,14.45188839,7.955570042,7.387123459,464,18,4,6,28,490,12,1,5,18,492,508,225,44,115,23
8,1000,80,5.13,10.3,18,37,28,960,22,8,10,40,7.553639866,125,250,25.09607003,12.86114389,7.38462719,7.738210195,500,12,6,4,22,460,10,2,6,18,522,478,193,57,109,16
5,1000,80,5.13,10.3,18,37,29,959,18,12,11,41,7.534744533,162,300,30.36681553,16.07802169,7.485950702,7.579068699,458,10,4,4,18,501,8,8,7,23,476,524,240,60,137,25
1,1000,80,5.13,10.3,18,37,27,946,28,8,18,54,7.564534792,127,250,26.80592335,13.05261724,7.221578254,7.89802113,468,15,4,6,25,478,13,4,12,29,493,507,198,52,110,17
3,1000,80,5.13,10.3,18,37,29,964,19,8,9,36,7.574333192,151,270,25.97237276,13.48971355,6.999154232,8.175389324,497,9,2,3,14,467,10,6,6,22,511,489,208,62,126,25
4,1000,80,5.13,10.3,18,37,29,952,34,7,7,48,7.75903904,136,253,28.14914153,13.93890515,7.772531429,7.745492574,475,17,4,5,26,477,17,3,2,22,501,499,212,41,114,22
6,1000,80,5.13,10.3,18,37,32,968,15,7,10,32,7.441591699,145,287,30.79505162,15.144227,7.186597388,7.701737409,490,7,4,4,15,478,8,3,6,17,505,495,227,60,121,24
2,1000,80,5.13,10.3,18,37,30,954,29,6,11,46,7.649473032,143,302,31.16165777,15.18572348,7.982323185,7.327106348,464,17,5,6,28,490,12,1,5,18,492,508,241,61,120,23
7,1000,80,5.13,10.3,18,37,30,966,17,9,8,34,7.634089751,140,317,32.61408769,16.30362814,7.261946827,8.042120671,503,10,6,4,20,463,7,3,4,14,523,477,244,73,125,15
5,1000,80,5.13,10.3,18,37,30,961,18,9,12,39,7.553394978,154,297,31.30095512,16.66256897,7.532782559,7.572119238,457,11,4,4,19,504,7,5,8,20,476,524,260,37,138,16
8,1000,80,5.13,10.3,18,37,29,960,22,8,10,40,7.596466608,139,236,25.67079039,13.18118785,7.43692466,7.770694425,500,12,6,4,22,460,10,2,6,18,522,478,187,49,119,20
3,1000,80,5.13,10.3,18,37,30,965,18,7,10,35,7.579264206,140,248,26.45667641,13.78568818,7.075423453,8.105772641,497,9,2,3,14,468,9,5,7,21,511,489,192,56,128,12
1,1000,80,5.13,10.3,18,37,28,947,28,7,18,53,7.606582509,141,275,27.34763251,13.38796293,7.256077562,7.947408818,468,15,4,6,25,479,13,3,12,28,493,507,216,59,120,21
4,1000,80,5.13,10.3,18,37,30,952,35,6,7,48,7.74088593,152,271,28.82903803,14.26061981,7.793555731,7.688005028,475,17,4,5,26,477,18,2,2,22,501,499,227,44,133,19
6,1000,80,5.13,10.3,18,37,33,968,15,7,10,32,7.44516821,134,300,31.91982887,15.73995089,7.195392348,7.69999005,490,7,4,4,15,478,8,3,6,17,505,495,248,52,112,22
2,1000,80,5.13,10.3,18,37,31,954,30,6,10,46,7.689109413,173,279,32.49452046,15.84620484,8.037553182,7.351640251,463,18,5,6,29,491,12,1,4,17,492,508,237,42,154,19
7,1000,80,5.13,10.3,18,37,31,965,19,9,7,35,7.642754594,159,279,33.9527773,16.90550704,7.275983178,8.044895999,503,11,6,3,20,462,8,3,4,15,523,477,223,56,133,26
5,1000,80,5.13,10.3,18,37,31,961,19,8,12,39,7.553487041,160,293,32.32198898,17.28938919,7.545545161,7.560701419,457,11,4,4,19,504,8,4,8,20,476,524,264,29,142,18
8,1000,80,5.13,10.3,18,37,30,962,21,7,10,38,7.599305636,141,265,26.17680873,13.50568352,7.497655409,7.710312788,499,13,6,4,23,463,8,1,6,15,522,478,214,51,118,23
3,1000,80,5.13,10.3,18,37,31,965,16,8,11,35,7.610428882,141,280,27.17001096,14.22965077,7.13175464,8.110638571,497,8,2,4,14,468,8,6,7,21,511,489,224,56,123,18
1,1000,80,5.13,10.3,18,37,29,947,28,7,18,53,7.626593471,148,281,27.81852715,13.68916192,7.260985701,7.982105563,468,15,4,6,25,479,13,3,12,28,493,507,227,54,123,25
4,1000,80,5.13,10.3,18,37,31,952,35,6,7,48,7.756993313,148,300,29.71577258,14.70047216,7.824992362,7.688721722,476,16,4,5,25,476,19,2,2,23,501,499,233,67,131,17
6,1000,80,5.13,10.3,18,37,34,969,14,7,10,31,7.428393708,163,288,33.04492302,16.33362256,7.213387721,7.64774325,490,7,4,4,15,479,7,3,6,16,505,495,242,46,138,25
2,1000,80,5.13,10.3,18,37,32,951,33,6,10,49,7.706374545,154,314,33.53275649,16.37200243,8.083967026,7.34067474,461,20,5,6,31,490,13,1,4,18,492,508,267,47,140,14
7,1000,80,5.13,10.3,18,37,32,965,19,9,7,35,7.629181666,167,304,35.62490592,17.73490485,7.29235228,7.998493551,503,11,6,3,20,462,8,3,4,15,523,477,249,55,149,18
5,1000,80,5.13,10.3,18,37,32,963,17,8,12,37,7.547322406,172,299,33.51039398,18.05465947,7.590920524,7.50771801,458,10,4,4,18,505,7,4,8,19,476,524,251,48,150,22
8,1000,80,5.13,10.3,18,37,31,964,20,6,10,36,7.588967074,130,270,26.71414522,13.84496764,7.524094585,7.659811088,500,12,6,4,22,464,8,0,6,14,522,478,211,59,109,21
3,1000,80,5.13,10.3,18,37,32,966,16,7,11,34,7.627607872,140,273,27.84251774,14.69639846,7.204006628,8.070266841,497,8,2,4,14,469,8,5,7,20,511,489,215,58,122,18
1,1000,80,5.13,10.3,18,37,30,948,28,6,18,52,7.624458073,131,279,28.51623663,14.06776598,7.288990708,7.950662039,468,15,4,6,25,480,13,2,12,27,493,507,227,52,115,16
6,1000,80,5.13,10.3,18,37,35,969,16,7,8,31,7.390058091,154,299,34.24056533,16.93871816,7.241908379,7.541200726,490,7,4,4,15,479,9,3,4,16,505,495,255,44,136,18
4,1000,80,5.13,10.3,18,37,32,953,34,6,7,47,7.740524914,151,297,30.7419204,15.2093313,7.814009047,7.666746256,477,15,4,5,24,476,19,2,2,23,501,499,239,58,135,16
2,1000,80,5.13,10.3,18,37,33,952,32,6,10,48,7.687557015,167,292,34.77344646,16.97606484,8.112431693,7.276064216,461,20,5,6,31,491,12,1,4,17,492,508,246,46,146,21
5,1000,80,5.13,10.3,18,37,33,962,18,8,12,38,7.562565532,180,318,34.68172083,18.75988534,7.636924662,7.495017927,457,11,4,4,19,505,7,4,8,19,476,524,265,53,164,16
7,1000,80,5.13,10.3,18,37,33,966,18,9,7,34,7.605166415,176,286,37.71574012,18.70193089,7.315125136,7.923178132,503,11,6,3,20,463,7,3,4,14,523,477,232,54,154,22
8,1000,80,5.13,10.3,18,37,32,965,19,5,11,35,7.597019611,132,258,27.18455672,14.11731337,7.564451489,7.632585635,501,11,5,5,21,464,8,0,6,14,522,478,202,56,112,20
3,1000,80,5.13,10.3,18,37,33,966,16,7,11,34,7.63571993,145,284,28.30295903,15.03009971,7.227376522,8.062434616,497,8,2,4,14,469,8,5,7,20,511,489,234,50,132,13
6,1000,80,5.13,10.3,18,37,36,971,16,5,8,29,7.36627655,163,267,35.41112428,17.54228532,7.30119447,7.43267342,490,7,4,4,15,481,9,1,4,14,505,495,231,36,139,24
1,1000,80,5.13,10.3,18,37,31,950,27,6,17,50,7.613851788,149,276,29.20532411,14.44216111,7.324892628,7.8948318,468,15,4,6,25,482,12,2,11,25,493,507,221,55,127,22
4,1000,80,5.13,10.3,18,37,33,954,32,7,7,46,7.780182863,169,289,31.70853202,15.67507163,7.818697508,7.74151385,478,14,4,5,23,476,18,3,2,23,501,499,235,54,147,22
5,1000,80,5.13,10.3,18,37,34,960,20,8,12,40,7.600250114,196,326,35.95688319,19.50050616,7.719252497,7.492148713,456,12,4,4,20,504,8,4,8,20,476,524,272,54,179,17
2,1000,80,5.13,10.3,18,37,34,952,32,6,10,48,7.706986327,161,329,36.26134127,17.75528574,8.16276636,7.265561572,461,20,4,7,31,491,12,2,3,17,492,508,274,55,138,23
7,1000,80,5.13,10.3,18,37,34,965,19,9,7,35,7.642193558,172,291,39.96822843,19.88878813,7.387273713,7.921696868,503,11,6,3,20,462,8,3,4,15,523,477,244,47,151,21
8,1000,80,5.13,10.3,18,37,33,965,18,5,12,35,7.603136253,154,278,27.67567258,14.41844687,7.598808087,7.607862828,501,11,5,5,21,464,7,0,7,14,522,478,222,56,134,20
3,1000,80,5.13,10.3,18,37,34,966,16,6,12,34,7.669598449,145,291,29.02181801,15.51543431,7.249055977,8.109061033,497,8,2,4,14,469,8,4,8,20,511,489,239,52,122,23
6,1000,80,5.13,10.3,18,37,37,971,16,5,8,29,7.361756067,165,299,37.17067491,18.46785485,7.329285548,7.394882557,490,7,4,4,15,481,9,1,4,14,505,495,257,42,150,15
1,1000,80,5.13,10.3,18,37,32,951,27,5,17,49,7.594458691,155,280,29.89410084,14.79995143,7.3290644,7.85252454,468,15,4,6,25,483,12,1,11,24,493,507,232,48,140,15
5,1000,80,5.13,10.3,18,37,35,962,21,7,10,38,7.563921793,169,303,37.18064912,20.26910895,7.753707254,7.391521261,456,12,4,4,20,506,9,3,6,18,476,524,269,34,149,20
4,1000,80,5.13,10.3,18,37,34,952,34,7,7,48,7.80468756,148,292,32.77582664,16.25056988,7.894311971,7.714703932,478,14,4,5,23,474,20,3,2,25,501,499,236,56,123,25
7,1000,80,5.13,10.3,18,37,35,966,19,8,7,34,7.607678092,195,302,42.14403797,21.12585162,7.421107045,7.812241315,503,11,6,3,20,463,8,2,4,14,523,477,257,45,172,23
2,1000,80,5.13,10.3,18,37,35,953,29,8,10,47,7.747053371,175,310,38.1008403,18.67268169,8.254679534,7.255415433,461,18,6,7,31,492,11,2,3,16,492,508,246,64,150,25
8,1000,80,5.13,10.3,18,37,34,965,18,4,13,35,7.619188599,148,274,28.20731078,14.74759022,7.648782434,7.586870645,501,11,4,6,21,464,7,0,7,14,522,478,229,45,128,20
3,1000,80,5.13,10.3,18,37,35,965,17,6,12,35,7.645542044,141,259,29.64107077,15.93141836,7.243847659,8.06530857,497,8,2,4,14,468,9,4,8,21,511,489,224,35,128,13
6,1000,80,5.13,10.3,18,37,38,971,16,5,8,29,7.378926157,173,317,38.80149699,19.29948519,7.355357364,7.402971087,490,7,4,4,15,481,9,1,4,14,505,495,263,54,155,18
1,1000,80,5.13,10.3,18,37,33,952,27,5,16,48,7.591483453,165,308,30.73244661,15.24508033,7.383726514,7.793503513,468,15,4,6,25,484,12,1,10,23,493,507,260,48,145,20
5,1000,80,5.13,10.3,18,37,36,964,21,7,8,36,7.527553935,191,309,38.63718666,21.165432,7.768116938,7.309027237,456,13,4,3,20,508,8,3,5,16,476,524,265,44,172,19
7,1000,80,5.13,10.3,18,37,36,966,19,6,9,34,7.618739565,182,329,43.97330286,22.17420548,7.498385827,7.750699744,503,11,4,5,20,463,8,2,4,14,523,477,270,59,159,23
4,1000,80,5.13,10.3,18,37,35,954,33,6,7,46,7.810931324,162,326,34.27945833,16.98711283,7.941145721,7.680195026,478,14,4,5,23,476,19,2,2,23,501,499,268,58,148,14
2,1000,80,5.13,10.3,18,37,36,952,30,8,10,48,7.72262884,197,330,39.59091924,19.4305359,8.270196155,7.192307739,460,19,6,7,32,492,11,2,3,16,492,508,270,60,172,25
3,1000,80,5.13,10.3,18,37,36,966,18,5,11,34,7.634394709,146,298,30.45318626,16.49614127,7.270231578,8.014941457,497,8,2,4,14,469,10,3,7,20,511,489,258,40,129,17
8,1000,80,5.13,10.3,18,37,35,966,17,4,13,34,7.639610538,142,287,29.15356497,15.26832401,7.699030906,7.574720512,501,11,4,6,21,465,6,0,7,13,522,478,239,48,126,16
6,1000,80,5.13,10.3,18,37,39,971,16,5,8,29,7.33804378,172,320,40.48317684,20.09962555,7.363840773,7.311725636,490,7,4,4,15,481,9,1,4,14,505,495,270,50,155,17
5,1000,80,5.13,10.3,18,37,37,965,22,6,7,35,7.542883289,187,323,40.60137038,22.457278,7.852749299,7.261401951,455,14,4,3,21,510,8,2,4,14,476,524,292,31,167,20
7,1000,80,5.13,10.3,18,37,37,968,17,6,9,32,7.603520918,167,342,45.70499031,23.18530853,7.497313977,7.719970037,504,10,4,5,19,464,7,2,4,13,523,477,286,56,152,15
1,1000,80,5.13,10.3,18,37,34,954,26,5,15,46,7.576694031,142,296,31.82379949,15.80482978,7.409130031,7.739631017,468,15,4,6,25,486,11,1,9,21,493,507,261,35,122,20
3,1000,80,5.13,10.3,18,37,37,966,19,5,10,34,7.650155689,162,281,31.27803334,17.01506203,7.323594097,7.991409214,496,9,2,4,15,470,10,3,6,19,511,489,230,51,146,16
4,1000,80,5.13,10.3,18,37,36,954,32,7,7,46,7.864077648,159,301,35.39044131,17.54536816,8.034219554,7.69325381,478,13,5,5,23,476,19,2,2,23,501,499,251,50,137,22
2,1000,80,5.13,10.3,18,37,37,952,30,8,10,48,7.7411221,176,315,41.51419429,20.33889183,8.341783471,7.159379198,460,19,6,7,32,492,11,2,3,16,492,508,269,46,159,17
8,1000,80,5.13,10.3,18,37,36,967,17,3,13,33,7.656494606,144,282,29.7464678,15.60697774,7.733954464,7.571904553,502,11,3,6,20,465,6,0,7,13,522,478,230,52,128,16
6,1000,80,5.13,10.3,18,37,40,971,16,5,8,29,7.373796907,193,318,41.79366658,20.72245582,7.402965297,7.344039257,490,7,4,4,15,481,9,1,4,14,505,495,272,46,174,19
5,1000,80,5.13,10.3,18,37,38,965,21,7,7,35,7.512964957,201,362,42.24949102,23.47210403,7.897116443,7.16400292,455,13,5,3,21,510,8,2,4,14,476,524,308,54,190,11
7,1000,80,5.13,10.3,18,37,38,968,17,6,9,32,7.590504266,193,321,47.62942535,24.2500611,7.511859761,7.676732938,504,10,4,5,19,464,7,2,4,13,523,477,270,51,172,21
3,1000,80,5.13,10.3,18,37,38,964,21,5,10,36,7.656869594,150,290,32.07874238,17.47590209,7.373459027,7.953030738,495,10,2,4,16,469,11,3,6,20,511,489,240,50,139,11
1,1000,80,5.13,10.3,18,37,35,954,25,6,15,46,7.604792458,157,302,32.88175607,16.37545462,7.449279885,7.756010799,468,15,4,6,25,486,10,2,9,21,493,507,256,46,142,15
2,1000,80,5.13,10.3,18,37,38,950,31,9,10,50,7.756906052,187,310,43.88919519,21.51683869,8.406693487,7.127584363,458,20,7,7,34,492,11,2,3,16,492,508,276,34,175,12
8,1000,80,5.13,10.3,18,37,37,967,17,5,11,33,7.614379546,162,297,30.60224864,16.07158887,7.737718927,7.47968675,501,11,5,5,21,466,6,0,6,12,522,478,246,51,138,24
4,1000,80,5.13,10.3,18,37,37,954,32,7,7,46,7.852149066,175,297,36.74214084,18.2303512,8.043655134,7.659875439,478,13,5,5,23,476,19,2,2,23,501,499,260,37,160,15
6,1000,80,5.13,10.3,18,37,41,972,15,5,8,28,7.364381764,196,326,43.78454419,21.66804716,7.417078685,7.310620258,489,8,4,4,16,483,7,1,4,12,505,495,284,42,177,19
5,1000,80,5.13,10.3,18,37,39,964,22,7,7,36,7.537508947,221,340,44.11942746,24.53308195,7.961985309,7.151915915,454,14,5,3,22,510,8,2,4,14,476,524,297,43,195,26
7,1000,80,5.13,10.3,18,37,39,966,19,6,9,34,7.586553937,183,325,50.36043401,25.80752838,7.514283115,7.665794272,503,11,4,5,20,463,8,2,4,14,523,477,279,46,162,21
3,1000,80,5.13,10.3,18,37,39,964,21,5,10,36,7.639301519,177,310,32.8614965,17.94077099,7.419425041,7.86907019,495,10,2,4,16,469,11,3,6,20,511,489,260,50,165,12
2,1000,80,5.13,10.3,18,37,39,950,32,9,9,50,7.732145036,186,333,46.92214654,22.9851936,8.40132932,7.084037422,458,21,7,6,34,492,11,2,3,16,492,508,285,48,171,15
1,1000,80,5.13,10.3,18,37,36,953,26,6,15,47,7.613684628,184,310,33.98881823,16.94581286,7.493874066,7.730186811,467,16,4,6,26,486,10,2,9,21,493,507,265,45,165,19
6,1000,80,5.13,10.3,18,37,42,972,15,4,9,28,7.320490961,197,338,45.66105613,22.5656098,7.436229973,7.202413788,488,9,4,4,17,484,6,0,5,11,505,495,301,37,176,21
8,1000,80,5.13,10.3,18,37,38,966,18,5,11,34,7.631992704,175,299,31.59379527,16.61446665,7.777184388,7.473436094,500,12,5,5,22,466,6,0,6,12,522,478,249,50,154,21
4,1000,80,5.13,10.3,18,37,38,954,32,7,7,46,7.856728152,176,313,37.94841125,18.85471724,8.083924071,7.628621629,478,13,5,5,23,476,19,2,2,23,501,499,268,45,157,19
5,1000,80,5.13,10.3,18,37,40,964,20,9,7,36,7.528400774,210,353,46.23912617,25.7099636,7.983782652,7.114733266,454,14,5,3,22,510,6,4,4,14,476,524,315,38,192,18
7,1000,80,5.13,10.3,18,37,40,966,19,6,9,34,7.560498223,195,319,53.01596706,27.16541935,7.515773342,7.609536194,503,11,4,5,20,463,8,2,4,14,523,477,273,46,178,17
3,1000,80,5.13,10.3,18,37,40,964,20,6,10,36,7.68026114,153,311,33.66534143,18.44746506,7.44673939,7.924288981,495,9,3,4,16,469,11,3,6,20,511,489,255,56,142,11
2,1000,80,5.13,10.3,18,37,40,950,32,9,9,50,7.734925146,203,333,49.47867792,24.19716064,8.422707393,7.068805331,458,21,7,6,34,492,11,2,3,16,492,508,291,42,177,26
6,1000,80,5.13,10.3,18,37,43,974,13,4,9,26,7.322442132,174,326,47.87288148,23.59314163,7.474917472,7.166886483,489,8,4,4,16,485,5,0,5,10,505,495,290,36,157,17
1,1000,80,5.13,10.3,18,37,37,954,27,5,14,46,7.575379214,163,329,34.98234906,17.50806225,7.531524958,7.618022505,467,16,4,6,26,487,11,1,8,20,493,507,280,49,143,20
8,1000,80,5.13,10.3,18,37,39,967,17,5,11,33,7.605458036,166,287,32.62942623,17.24676624,7.792516837,7.401180433,500,12,5,5,22,467,5,0,6,11,522,478,238,49,148,18
4,1000,80,5.13,10.3,18,37,39,953,33,7,7,47,7.870498425,174,312,39.41630412,19.56967756,8.140403874,7.59951119,477,14,5,5,24,476,19,2,2,23,501,499,269,43,160,14
5,1000,80,5.13,10.3,18,37,41,964,20,9,7,36,7.546022427,214,353,48.27029208,27.03949487,8.030946118,7.105519226,454,14,5,3,22,510,6,4,4,14,476,524,316,37,199,15
7,1000,80,5.13,10.3,18,37,41,967,17,7,9,33,7.567890602,211,317,56.04849167,28.86186134,7.577290715,7.557583979,503,10,5,5,20,464,7,2,4,13,523,477,273,44,192,19
6,1000,80,5.13,10.3,18,37,44,974,13,4,9,26,7.307432563,194,324,50.21303995,24.7973252,7.51005923,7.100712428,489,8,4,4,16,485,5,0,5,10,505,495,285,39,173,21
3,1000,80,5.13,10.3,18,37,41,964,20,6,10,36,7.688122774,177,321,34.78616208,19.12076579,7.478196289,7.907493805,494,10,3,4,17,470,10,3,6,19,511,489,272,49,158,19
2,1000,80,5.13,10.3,18,37,41,949,32,10,9,51,7.763977973,200,350,52.75162483,25.77874635,8.488553505,7.062223717,458,20,8,6,34,491,12,2,3,17,492,508,307,43,177,23
1,1000,80,5.13,10.3,18,37,38,953,28,5,14,47,7.564179117,197,325,36.11712923,18.15555219,7.548727033,7.579204515,467,16,4,6,26,486,12,1,8,21,493,507,282,43,183,14
8,1000,80,5.13,10.3,18,37,40,967,17,5,11,33,7.599887854,187,305,33.71909339,17.90163691,7.81956716,7.359987022,500,12,5,5,22,467,5,0,6,11,522,478,261,44,169,18
4,1000,80,5.13,10.3,18,37,40,953,33,7,7,47,7.894398284,181,343,41.49335117,20.56784232,8.183151331,7.60448791,477,14,5,5,24,476,19,2,2,23,501,499,281,62,165,16
5,1000,80,5.13,10.3,18,37,42,962,21,10,7,38,7.558510653,236,353,50.26812405,28.26847843,8.139375076,7.030855185,452,15,6,3,24,510,6,4,4,14,476,524,318,35,221,15
6,1000,80,5.13,10.3,18,37,45,974,13,4,9,26,7.315101896,204,345,51.56655493,25.49360968,7.583519565,7.041261649,489,8,4,4,16,485,5,0,5,10,505,495,297,48,185,19
7,1000,80,5.13,10.3,18,37,42,965,20,7,8,35,7.533523376,226,343,59.7165916,30.72837739,7.619452715,7.43930735,503,10,5,5,20,462,10,2,3,15,523,477,289,54,209,17
2,1000,80,5.13,10.3,18,37,42,950,32,9,9,50,7.743635209,207,331,56.82914603,27.6281902,8.502321923,7.008844139,458,21,7,6,34,492,11,2,3,16,492,508,293,38,195,12
3,1000,80,5.13,10.3,18,37,42,965,19,6,10,35,7.662040712,175,312,36.57751412,20.05493745,7.52380417,7.806496484,494,10,3,4,17,471,9,3,6,18,511,489,268,44,161,14
1,1000,80,5.13,10.3,18,37,39,954,27,5,14,46,7.575222921,202,340,36.96352238,18.60743491,7.60328317,7.547937512,467,16,4,6,26,487,11,1,8,20,493,507,288,52,180,22
4,1000,80,5.13,10.3,18,37,41,955,31,7,7,45,7.893446464,198,328,43.5729279,21.59350233,8.221904681,7.563671781,477,14,5,5,24,478,17,2,2,21,501,499,283,45,192,6
8,1000,80,5.13,10.3,18,37,41,967,17,5,11,33,7.630653608,182,328,34.71496374,18.48562218,7.901172935,7.33523292,500,12,5,5,22,467,5,0,6,11,522,478,279,49,161,21
6,1000,80,5.13,10.3,18,37,46,972,16,4,8,28,7.320895935,207,332,54.69765108,27.02075233,7.6526417,6.982448235,486,11,4,4,19,486,5,0,4,9,505,495,289,43,187,20
5,1000,80,5.13,10.3,18,37,43,963,21,10,6,37,7.527600126,248,365,52.4694989,29.53705329,8.17309753,6.941232255,452,15,6,3,24,511,6,4,3,13,476,524,331,34,229,19
7,1000,80,5.13,10.3,18,37,43,967,20,6,7,33,7.522435086,203,339,63.19140388,32.62609515,7.66587141,7.365166328,502,11,5,5,21,465,9,1,2,12,523,477,290,49,187,16
2,1000,80,5.13,10.3,18,37,43,950,31,10,9,50,7.71315564,205,352,60.56139483,29.41514274,8.5561294,6.896732234,458,20,8,6,34,492,11,2,3,16,492,508,310,42,185,20
3,1000,80,5.13,10.3,18,37,43,967,19,5,9,33,7.648157726,171,333,37.90296086,20.76953545,7.563910091,7.736195643,494,10,3,4,17,473,9,2,5,16,511,489,288,45,157,14
1,1000,80,5.13,10.3,18,37,40,954,25,7,14,46,7.573610602,203,356,38.28631734,19.29342051,7.613219833,7.535095118,466,16,5,6,27,488,9,2,8,19,493,507,302,54,185,18
4,1000,80,5.13,10.3,18,37,42,957,29,7,7,43,7.875361783,196,348,45.41272604,22.52213854,8.253412185,7.495796148,477,14,5,5,24,480,15,2,2,19,501,499,302,46,183,13
8,1000,80,5.13,10.3,18,37,42,966,18,5,11,34,7.623040347,171,293,35.77120426,19.14695208,7.892621499,7.328644194,499,13,5,5,23,467,5,0,6,11,522,478,254,39,157,14
6,1000,80,5.13,10.3,18,37,47,973,16,3,8,27,7.345388611,195,346,57.32942755,28.43009038,7.733494863,6.94944183,487,11,3,4,18,486,5,0,4,9,505,495,306,40,186,9
5,1000,80,5.13,10.3,18,37,44,962,22,10,6,38,7.539351121,225,368,54.53762717,30.60232495,8.219264254,6.921720107,452,15,6,3,24,510,7,4,3,14,476,524,321,47,207,18
7,1000,80,5.13,10.3,18,37,44,966,21,6,7,34,7.525553667,199,345,67.493048,34.99343599,7.700913324,7.333283017,502,11,5,5,21,464,10,1,2,13,523,477,310,35,182,17
2,1000,80,5.13,10.3,18,37,44,949,32,10,9,51,7.693100073,213,359,65.56053304,31.79951633,8.608709337,6.806328897,457,21,8,6,35,492,11,2,3,16,492,508,312,47,200,13
3,1000,80,5.13,10.3,18,37,44,967,19,5,9,33,7.656880866,182,316,39.15239956,21.44399618,7.587884049,7.728981834,494,10,3,4,17,473,9,2,5,16,511,489,284,32,167,15
4,1000,80,5.13,10.3,18,37,43,958,29,7,6,42,7.873884199,194,345,46.94885819,23.3297897,8.26303689,7.483171778,477,15,5,4,24,481,14,2,2,18,501,499,296,49,181,13
1,1000,80,5.13,10.3,18,37,41,953,27,7,13,47,7.587675366,189,327,40.07226725,20.24191695,7.705720964,7.472889409,465,17,5,6,28,488,10,2,7,19,493,507,288,39,174,15
8,1000,80,5.13,10.3,18,37,43,966,19,5,10,34,7.620888457,178,318,37.04883504,20.01466764,7.940363909,7.272005223,498,14,5,5,24,468,5,0,5,10,522,478,278,40,159,19
6,1000,80,5.13,10.3,18,37,48,972,17,3,8,28,7.332034812,201,362,60.39706977,29.97410246,7.770247051,6.884969801,487,11,3,4,18,485,6,0,4,10,505,495,316,46,188,13
5,1000,80,5.13,10.3,18,37,45,963,20,11,6,37,7.537821979,211,363,57.5864688,32.36329109,8.282941717,6.860957484,452,14,7,3,24,511,6,4,3,13,476,524,335,28,202,9
7,1000,80,5.13,10.3,18,37,45,965,22,6,7,35,7.536676679,226,353,70.81233819,36.91618615,7.732227902,7.322267267,502,11,5,5,21,463,11,1,2,14,523,477,312,41,206,20
2,1000,80,5.13,10.3,18,37,45,949,32,10,9,51,7.707401255,216,371,72.11069202,34.85148027,8.663126027,6.781778051,457,21,8,6,35,492,11,2,3,16,492,508,335,36,202,14
3,1000,80,5.13,10.3,18,37,45,969,18,5,8,31,7.646700724,174,354,40.78721392,22.28229096,7.649648849,7.643619964,494,10,3,4,17,475,8,2,4,14,511,489,312,42,166,8
4,1000,80,5.13,10.3,18,37,44,959,28,7,6,41,7.878861272,177,357,48.90564858,24.40872036,8.254091649,7.502126967,477,15,5,4,24,482,13,2,2,17,501,499,310,47,168,9
8,1000,80,5.13,10.3,18,37,44,967,18,5,10,33,7.636367768,200,327,38.58362606,20.94284732,8.003575753,7.235358212,499,13,5,5,23,468,5,0,5,10,522,478,291,36,178,22
1,1000,80,5.13,10.3,18,37,42,953,26,8,13,47,7.59975787,187,355,41.92291702,21.1828013,7.761991107,7.442004446,465,17,5,6,28,488,9,3,7,19,493,507,310,45,175,12
6,1000,80,5.13,10.3,18,37,49,972,18,2,8,28,7.347495918,217,353,63.34467211,31.51780963,7.827984934,6.857300054,487,12,2,4,18,485,6,0,4,10,505,495,318,35,205,12
7,1000,80,5.13,10.3,18,37,46,958,29,6,7,42,7.568528682,218,366,76.22026457,40.22069955,7.79395582,7.32136224,499,14,5,5,24,459,15,1,2,18,523,477,325,41,201,17
5,1000,80,5.13,10.3,18,37,46,963,20,11,6,37,7.527685071,252,400,60.92740882,34.06771877,8.31254649,6.814719354,451,15,7,3,25,512,5,4,3,12,476,524,355,45,235,17
2,1000,80,5.13,10.3,18,37,46,949,31,11,9,51,7.713990767,212,382,77.29749398,37.36576061,8.704144447,6.755023031,457,20,9,6,35,492,11,2,3,16,492,508,339,43,200,12
3,1000,80,5.13,10.3,18,37,46,968,19,6,7,32,7.680678682,191,322,42.07643033,22.97655789,7.752091823,7.60605268,493,11,3,4,18,475,8,3,3,14,511,489,285,37,180,11
4,1000,80,5.13,10.3,18,37,45,960,28,6,6,40,7.883538003,217,345,51.10832348,25.58751595,8.260232174,7.505334037,477,15,5,4,24,483,13,1,2,16,501,499,305,40,197,20
6,1000,80,5.13,10.3,18,37,50,973,17,2,8,27,7.315388117,226,394,67.1425289,33.33350042,7.837504315,6.782724117,487,12,2,4,18,486,5,0,4,9,505,495,350,44,210,16
8,1000,80,5.13,10.3,18,37,45,966,19,5,10,34,7.638895135,200,332,39.849805,21.72330097,8.061954129,7.176893472,499,13,5,5,23,467,6,0,5,11,522,478,293,39,185,15
1,1000,80,5.13,10.3,18,37,43,954,25,8,13,46,7.628481138,202,347,43.42119274,21.9175203,7.824064781,7.438298227,465,17,5,6,28,489,8,3,7,18,493,507,310,37,189,13
5,1000,80,5.13,10.3,18,37,47,962,20,12,6,38,7.558809006,229,384,64.24367926,35.7907926,8.370821237,6.821179575,450,15,8,3,26,512,5,4,3,12,476,524,352,32,217,12
7,1000,80,5.13,10.3,18,37,47,956,30,6,8,44,7.58269365,228,347,82.70004621,43.7255466,7.824776865,7.317264884,499,14,5,5,24,457,16,1,3,20,523,477,314,33,217,11
2,1000,80,5.13,10.3,18,37,47,952,27,11,10,48,7.737261198,239,372,82.95577834,40.04668552,8.760219242,6.746522305,458,18,9,7,34,494,9,2,3,14,492,508,333,39,223,16
3,1000,80,5.13,10.3,18,37,47,968,19,6,7,32,7.67689446,201,335,43.89911866,23.96451824,7.78710901,7.561721381,493,11,3,4,18,475,8,3,3,14,511,489,297,38,180,21
6,1000,80,5.13,10.3,18,37,51,972,18,2,8,28,7.32352464,235,382,71.245517,35.24380357,7.909145047,6.726073517,486,13,2,4,19,486,5,0,4,9,505,495,351,31,221,14
4,1000,80,5.13,10.3,18,37,46,960,28,6,6,40,7.864966031,213,365,53.03922566,26.53412017,8.278403951,7.449871045,477,15,5,4,24,483,13,1,2,16,501,499,317,48,195,18
1,1000,80,5.13,10.3,18,37,44,955,24,8,13,45,7.599413332,203,345,44.74480024,22.56266294,7.852787028,7.353036148,465,17,5,6,28,490,7,3,7,17,493,507,309,36,186,17
8,1000,80,5.13,10.3,18,37,46,965,20,5,10,35,7.638716058,191,344,41.26216334,22.474438,8.082805095,7.153748531,498,14,5,5,24,467,6,0,5,11,522,478,309,35,173,18
5,1000,80,5.13,10.3,18,37,48,961,20,13,6,39,7.558683844,258,388,67.19998561,37.49968834,8.406662828,6.788382323,449,16,8,3,27,512,4,5,3,12,476,524,347,41,242,16
7,1000,80,5.13,10.3,18,37,48,956,30,6,8,44,7.55169503,242,353,90.29015567,48.00135762,7.834150299,7.242000887,499,14,5,5,24,457,16,1,3,20,523,477,312,41,228,14
2,1000,80,5.13,10.3,18,37,48,953,26,11,10,47,7.731449751,242,389,87.86277089,42.32011864,8.789372688,6.706847222,458,18,9,7,34,495,8,2,3,13,492,508,349,40,228,14
3,1000,80,5.13,10.3,18,37,48,968,18,7,7,32,7.687426696,205,322,45.24579349,24.70472385,7.840097235,7.527887543,493,11,3,4,18,475,7,4,3,14,511,489,292,30,191,14
6,1000,80,5.13,10.3,18,37,52,971,19,2,8,29,7.312042731,232,350,75.6424664,37.29733458,7.959136684,6.651876172,485,14,2,4,20,486,5,0,4,9,505,495,321,29,215,17
4,1000,80,5.13,10.3,18,37,47,959,29,6,6,41,7.859025432,217,367,54.76623203,27.3695318,8.296327534,7.419970616,476,16,5,4,25,483,13,1,2,16,501,499,318,49,200,17
1,1000,80,5.13,10.3,18,37,45,955,24,8,13,45,7.596356726,223,348,45.98979844,23.18147694,7.886496333,7.314228863,464,18,5,6,29,491,6,3,7,16,493,507,315,33,211,12
8,1000,80,5.13,10.3,18,37,47,966,20,5,9,34,7.581481208,206,349,43.14608393,23.44503931,8.105986948,7.008694605,498,14,5,5,24,468,6,0,4,10,522,478,310,39,195,11
7,1000,80,5.13,10.3,18,37,49,957,30,5,8,43,7.525737983,229,367,95.81803866,51.02212519,7.843900775,7.176892826,499,14,5,5,24,458,16,0,3,19,523,477,325,42,211,18
5,1000,80,5.13,10.3,18,37,49,961,20,13,6,39,7.536702481,270,380,70.85727823,39.64528334,8.423072044,6.731527077,449,16,8,3,27,512,4,5,3,12,476,524,360,20,259,11
2,1000,80,5.13,10.3,18,37,49,954,23,13,10,46,7.712187717,241,380,92.94987246,44.62869793,8.840423001,6.619487403,458,17,10,7,34,496,6,3,3,12,492,508,336,44,228,13
3,1000,80,5.13,10.3,18,37,49,968,18,7,7,32,7.717741913,191,334,47.01340976,25.67096551,7.892266962,7.535365022,492,12,3,4,19,476,6,4,3,13,511,489,298,36,182,9
6,1000,80,5.13,10.3,18,37,53,971,19,2,8,29,7.317900964,232,373,80.94647834,39.85753063,8.012350776,6.609421863,485,14,2,4,20,486,5,0,4,9,505,495,339,34,211,21
4,1000,80,5.13,10.3,18,37,48,960,27,7,6,40,7.843455611,224,377,57.43135404,28.72402673,8.321920962,7.363072562,476,16,5,4,25,484,11,2,2,15,501,499,335,42,205,19
1,1000,80,5.13,10.3,18,37,46,955,25,8,12,45,7.534631211,220,356,48.25469288,24.29344,7.861077226,7.217199485,464,19,5,5,29,491,6,3,7,16,493,507,315,41,205,15
8,1000,80,5.13,10.3,18,37,48,965,22,5,8,35,7.556338046,212,354,45.23138566,24.58877648,8.155224229,6.902324265,498,14,5,5,24,467,8,0,3,11,522,478,313,41,196,16
7,1000,80,5.13,10.3,18,37,50,957,29,6,8,43,7.487243614,271,372,102.9923566,54.93327503,7.866120409,7.071829435,498,15,5,5,25,459,14,1,3,18,523,477,336,36,248,23
5,1000,80,5.13,10.3,18,37,50,961,20,13,6,39,7.525725675,260,390,74.47130967,41.69615497,8.470900288,6.667131942,449,16,8,3,27,512,4,5,3,12,476,524,362,28,247,13
2,1000,80,5.13,10.3,18,37,50,954,23,13,10,46,7.716415215,237,366,99.26517101,47.51383667,8.885885977,6.583778178,458,17,10,7,34,496,6,3,3,12,492,508,335,31,229,8
3,1000,80,5.13,10.3,18,37,50,968,18,7,7,32,7.708009549,205,368,49.57339966,27.11138055,7.917796867,7.488783946,492,12,3,4,19,476,6,4,3,13,511,489,337,31,192,13
6,1000,80,5.13,10.3,18,37,54,970,20,2,8,30,7.360554738,256,371,86.38235416,42.04474148,8.089417674,6.616967298,484,15,2,4,21,486,5,0,4,9,505,495,336,35,244,12
4,1000,80,5.13,10.3,18,37,49,961,26,7,6,39,7.840376804,237,363,60.42012036,30.19756752,8.378686116,7.299909939,476,16,5,4,25,485,10,2,2,14,501,499,330,33,222,15
1,1000,80,5.13,10.3,18,37,47,956,24,8,12,44,7.569088114,217,364,50.26673118,25.30134574,7.9180422,7.229769841,465,18,5,5,28,491,6,3,7,16,493,507,329,35,205,12
8,1000,80,5.13,10.3,18,37,49,966,21,5,8,34,7.536480968,207,346,47.34193151,25.74824681,8.201817229,6.809900365,498,14,5,5,24,468,7,0,3,10,522,478,307,39,190,17
7,1000,80,5.13,10.3,18,37,51,958,27,7,8,42,7.458572311,226,377,109.9019716,58.54097784,7.889306541,6.986299769,498,15,5,5,25,460,12,2,3,17,523,477,331,46,214,12
6,1000,80,5.13,10.3,18,37,55,969,21,2,8,31,7.36594033,256,390,93.34737448,44.86395358,8.104655416,6.612301707,484,15,2,4,21,485,6,0,4,10,505,495,358,32,242,14
3,1000,80,5.13,10.3,18,37,51,968,17,7,8,32,7.74440581,212,357,51.05893815,27.83870415,7.97384048,7.504648925,492,12,3,4,19,476,5,4,4,13,511,489,317,40,196,16
2,1000,80,5.13,10.3,18,37,51,955,23,13,9,45,7.690738822,234,390,105.0147811,50.5309406,8.896812913,6.522651317,458,17,10,7,34,497,6,3,2,11,492,508,348,42,224,10
5,1000,80,5.13,10.3,18,37,51,961,20,13,6,39,7.535686629,273,404,77.69073096,43.49721123,8.532324787,6.63034357,449,16,8,3,27,512,4,5,3,12,476,524,376,28,262,11
4,1000,80,5.13,10.3,18,37,50,960,26,8,6,40,7.875524472,211,351,62.70818554,31.27181385,8.451455828,7.297284775,476,16,5,4,25,484,10,3,2,15,501,499,327,24,200,11
8,1000,80,5.13,10.3,18,37,50,968,20,5,7,32,7.530616943,207,359,49.20737213,26.75185351,8.279316409,6.712999534,498,14,5,5,24,470,6,0,2,8,522,478,317,42,194,13
1,1000,80,5.13,10.3,18,37,48,958,23,7,12,42,7.540177966,227,347,52.71785741,26.54425689,7.931999734,7.159175733,465,18,5,5,28,493,5,2,7,14,493,507,305,42,213,14
7,1000,80,5.13,10.3,18,37,52,958,28,7,7,42,7.449107179,254,367,117.5537341,62.49357344,7.949593333,6.900356113,497,16,5,5,26,461,12,2,2,16,523,477,330,37,240,14
6,1000,80,5.13,10.3,18,37,56,971,20,2,7,29,7.346761075,267,386,100.1037177,48.10513234,8.154892825,6.522303431,484,15,2,4,21,487,5,0,3,8,505,495,352,34,256,11
3,1000,80,5.13,10.3,18,37,52,966,19,7,8,34,7.787568507,223,354,53.67694066,29.24149891,8.064527429,7.498149266,491,13,3,4,20,475,6,4,4,14,511,489,323,31,214,9
2,1000,80,5.13,10.3,18,37,52,957,22,12,9,43,7.642393352,242,404,112.2413322,54.10188824,8.892090728,6.432056523,458,17,10,7,34,499,5,2,2,9,492,508,363,41,228,14
5,1000,80,5.13,10.3,18,37,52,961,23,10,6,39,7.524074762,278,403,82.43490245,46.31889429,8.614433863,6.533595883,447,18,8,3,29,514,5,2,3,10,476,524,363,40,268,10
4,1000,80,5.13,10.3,18,37,51,959,27,8,6,41,7.887735771,228,373,65.65834039,32.71536532,8.490676337,7.28237861,476,16,5,4,25,483,11,3,2,16,501,499,341,32,216,12
6,1000,80,5.13,10.3,18,37,57,971,21,2,6,29,7.357429898,268,396,106.8020329,51.20845776,8.210660666,6.486962145,484,15,2,4,21,487,6,0,2,8,505,495,368,28,260,8
8,1000,80,5.13,10.3,18,37,51,967,21,5,7,33,7.508215988,223,353,51.80599165,28.18934692,8.296192952,6.64770558,498,14,5,5,24,469,7,0,2,9,522,478,323,30,208,15
1,1000,80,5.13,10.3,18,37,49,958,23,7,12,42,7.557031112,225,364,55.44070045,27.93257896,7.983216229,7.14261442,465,18,5,5,28,493,5,2,7,14,493,507,333,31,213,12
7,1000,80,5.13,10.3,18,37,53,959,27,7,7,41,7.445692104,256,377,123.5797966,65.70452186,7.99449603,6.843963691,497,16,5,5,26,462,11,2,2,15,523,477,347,30,244,12
3,1000,80,5.13,10.3,18,37,53,966,19,7,8,34,7.804091131,227,344,56.00274523,30.44586683,8.117955382,7.476106197,491,13,3,4,20,475,6,4,4,14,511,489,317,27,218,9
2,1000,80,5.13,10.3,18,37,53,956,23,12,9,44,7.66634394,258,397,123.4125657,59.22305304,8.958651479,6.414739001,457,18,10,7,35,499,5,2,2,9,492,508,365,32,247,11
5,1000,80,5.13,10.3,18,37,53,961,23,10,6,39,7.512094519,277,417,87.33566398,49.35767006,8.649156713,6.479190693,447,18,8,3,29,514,5,2,3,10,476,524,380,37,269,8
4,1000,80,5.13,10.3,18,37,52,958,28,8,6,42,7.900974268,253,382,69.45036823,34.54629588,8.554301557,7.245028434,475,17,5,4,26,483,11,3,2,16,501,499,335,47,237,16
6,1000,80,5.13,10.3,18,37,58,972,20,2,6,28,7.375238077,285,401,112.9231474,53.9766479,8.327426005,6.403814029,484,15,2,4,21,488,5,0,2,7,505,495,375,26,267,18
8,1000,80,5.13,10.3,18,37,52,969,19,5,7,31,7.483369254,217,371,54.32302108,29.62984751,8.357412233,6.528870437,498,14,5,5,24,471,5,0,2,7,522,478,338,33,204,13
7,1000,80,5.13,10.3,18,37,54,958,28,6,8,42,7.441922348,264,394,131.6849319,69.96611636,8.055809421,6.768834425,497,16,4,6,26,461,12,2,2,16,523,477,355,39,248,16
1,1000,80,5.13,10.3,18,37,50,958,23,6,13,42,7.548621062,246,385,59.22774785,29.8409331,8.040865162,7.069969502,465,18,5,5,28,493,5,1,8,14,493,507,346,39,237,9
3,1000,80,5.13,10.3,18,37,54,966,19,7,8,34,7.801736214,229,367,58.32062707,31.62980956,8.157851312,7.429599579,491,13,3,4,20,475,6,4,4,14,511,489,328,39,216,13
2,1000,80,5.13,10.3,18,37,54,955,24,12,9,45,7.644071015,279,398,131.1611887,62.88449497,8.960286743,6.369310901,457,18,10,7,35,498,6,2,2,10,492,508,365,33,260,19
5,1000,80,5.13,10.3,18,37,54,961,23,10,6,39,7.530606957,274,396,93.01916653,52.68910894,8.682058287,6.484632084,447,18,8,3,29,514,5,2,3,10,476,524,368,28,265,9
4,1000,80,5.13,10.3,18,37,53,958,28,8,6,42,7.893189858,246,364,72.11587427,35.91053329,8.592208688,7.191369349,475,17,5,4,26,483,11,3,2,16,501,499,332,32,231,15
6,1000,80,5.13,10.3,18,37,59,971,20,3,6,29,7.397896668,275,394,121.6082236,57.77618967,8.429918667,6.345025739,483,15,3,4,22,488,5,0,2,7,505,495,361,33,261,14
7,1000,80,5.13,10.3,18,37,55,959,28,5,8,41,7.430605527,268,378,140.8938811,74.81484637,8.077322799,6.72152139,497,16,4,6,26,462,12,1,2,15,523,477,337,41,253,15
8,1000,80,5.13,10.3,18,37,53,969,19,5,7,31,7.484597861,226,366,56.94045504,31.15104108,8.409444479,6.474618918,498,14,5,5,24,471,5,0,2,7,522,478,336,30,215,11
1,1000,80,5.13,10.3,18,37,51,958,23,6,13,42,7.534514221,250,398,63.34191877,31.97419077,8.095064755,6.9894424,465,18,5,5,28,493,5,1,8,14,493,507,361,37,236,14
3,1000,80,5.13,10.3,18,37,55,966,19,7,8,34,7.796117726,243,363,60.39949745,32.80764023,8.209691588,7.36393727,490,14,3,4,21,476,5,4,4,13,511,489,330,33,223,20
2,1000,80,5.13,10.3,18,37,55,955,24,11,10,45,7.643280419,265,416,140.7263518,67.11191886,9.013268089,6.316441967,457,18,9,8,35,498,6,2,2,10,492,508,381,35,255,10
5,1000,80,5.13,10.3,18,37,55,961,23,10,6,39,7.54413897,274,409,99.85465518,56.75913909,8.769296636,6.431209487,447,18,8,3,29,514,5,2,3,10,476,524,378,31,268,6
4,1000,80,5.13,10.3,18,37,54,960,26,8,6,40,7.852731647,255,384,76.02173654,37.76444717,8.664167013,7.038044035,474,18,5,4,27,486,8,3,2,13,501,499,340,44,238,17
6,1000,80,5.13,10.3,18,37,60,971,20,3,6,29,7.362436548,277,401,131.6578772,61.90984545,8.415540794,6.288057469,483,15,3,4,22,488,5,0,2,7,505,495,371,30,264,13
7,1000,80,5.13,10.3,18,37,56,959,27,6,8,41,7.420960874,266,393,152.3052449,80.24630035,8.112920278,6.662271633,497,15,5,6,26,462,12,1,2,15,523,477,353,40,253,13
8,1000,80,5.13,10.3,18,37,54,969,19,5,7,31,7.460949971,235,381,60.42245955,33.07656136,8.447419935,6.383675242,498,14,5,5,24,471,5,0,2,7,522,478,342,39,223,12
2,1000,80,5.13,10.3,18,37,56,955,23,12,10,45,7.648679715,269,392,155.7767574,73.84046292,9.049688927,6.291796778,457,17,10,8,35,498,6,2,2,10,492,508,365,27,257,12
3,1000,80,5.13,10.3,18,37,56,966,18,8,8,34,7.81671055,249,363,63.98185144,34.68276411,8.255527218,7.358151618,490,13,4,4,21,476,5,4,4,13,511,489,340,23,234,15
1,1000,80,5.13,10.3,18,37,52,959,24,6,11,41,7.483823394,272,385,67.54201012,34.15049858,8.134450531,6.851162291,465,18,5,5,28,494,6,1,6,13,493,507,349,36,257,15
5,1000,80,5.13,10.3,18,37,56,962,23,10,5,38,7.495838152,278,423,108.5537843,61.88337859,8.798994483,6.312054919,447,18,8,3,29,515,5,2,2,9,476,524,394,29,264,14
6,1000,80,5.13,10.3,18,37,61,972,19,3,6,28,7.332348379,288,399,142.6870504,66.50361371,8.425255988,6.217361829,483,15,3,4,22,489,4,0,2,6,505,495,376,23,276,12
4,1000,80,5.13,10.3,18,37,55,960,26,8,6,40,7.850399419,260,386,79.82225826,39.70627438,8.700212372,6.997180403,473,19,5,4,28,487,7,3,2,12,501,499,353,33,248,12
7,1000,80,5.13,10.3,18,37,57,960,26,6,8,40,7.393497394,264,411,169.7618369,88.06717282,8.146345837,6.568047216,498,14,5,6,25,462,12,1,2,15,523,477,373,38,255,9
2,1000,80,5.13,10.3,18,37,57,956,23,11,10,44,7.640653456,278,420,168.383873,79.58972118,9.068097922,6.258167872,458,17,9,8,34,498,6,2,2,10,492,508,392,28,256,22
8,1000,80,5.13,10.3,18,37,55,968,20,5,7,32,7.452012804,242,382,63.80817594,35.09610374,8.479486496,6.329959943,498,14,5,5,24,470,6,0,2,8,522,478,344,38,229,13
3,1000,80,5.13,10.3,18,37,57,967,17,8,8,33,7.811413217,249,383,67.32111503,36.45028,8.29241873,7.308767373,490,13,4,4,21,477,4,4,4,12,511,489,355,28,233,16
1,1000,80,5.13,10.3,18,37,53,959,24,6,11,41,7.438319465,247,375,72.05176044,36.47277721,8.14505859,6.751095818,465,18,5,5,28,494,6,1,6,13,493,507,350,25,229,18
5,1000,80,5.13,10.3,18,37,57,961,24,10,5,39,7.513618586,298,449,114.9132293,65.84756885,8.893034595,6.260561296,446,19,8,3,30,515,5,2,2,9,476,524,415,34,281,17
6,1000,80,5.13,10.3,18,37,62,972,19,3,6,28,7.315004333,298,433,153.5003357,71.40571747,8.438811585,6.168493903,483,15,3,4,22,489,4,0,2,6,505,495,394,39,283,15
4,1000,80,5.13,10.3,18,37,56,960,26,8,6,40,7.858412989,259,401,84.71580622,42.13682675,8.713839214,6.999558202,473,19,5,4,28,487,7,3,2,12,501,499,365,36,240,19
7,1000,80,5.13,10.3,18,37,58,959,28,6,7,41,7.355020599,269,417,183.4707496,95.16661431,8.139782342,6.494579525,498,15,5,5,25,461,13,1,2,16,523,477,378,39,250,19
2,1000,80,5.13,10.3,18,37,58,956,23,11,10,44,7.636177823,280,429,189.6437545,89.26453759,9.098724405,6.219695701,458,17,9,8,34,498,6,2,2,10,492,508,403,26,268,12
3,1000,80,5.13,10.3,18,37,58,967,18,7,8,33,7.829239733,255,409,72.15066355,38.9623938,8.370834313,7.263278935,489,14,4,4,22,478,4,3,4,11,511,489,368,41,242,13
8,1000,80,5.13,10.3,18,37,56,969,21,3,7,31,7.453018476,267,371,66.52145772,36.69487353,8.514176334,6.294180814,499,14,3,6,23,470,7,0,1,8,522,478,347,24,249,18
1,1000,80,5.13,10.3,18,37,54,959,25,6,10,41,7.443012979,264,389,76.87780947,38.81801967,8.207009343,6.700113161,465,18,5,5,28,494,7,1,5,13,493,507,366,23,255,9
5,1000,80,5.13,10.3,18,37,58,961,25,9,5,39,7.518842425,290,445,124.9251105,72.06008047,8.926488471,6.240141056,446,19,8,3,30,515,6,1,2,9,476,524,415,30,276,14
6,1000,80,5.13,10.3,18,37,63,972,19,3,6,28,7.297868553,299,422,165.437646,76.95416528,8.477900391,6.093997688,483,15,3,4,22,489,4,0,2,6,505,495,395,27,288,11
4,1000,80,5.13,10.3,18,37,57,959,26,8,7,41,7.833840914,277,399,89.15654962,44.36239268,8.746990207,6.917031705,471,20,5,5,30,488,6,3,2,11,501,499,367,32,257,20
7,1000,80,5.13,10.3,18,37,59,957,30,6,7,43,7.347694111,289,410,194.5572509,100.2270603,8.159393914,6.457717177,497,16,5,5,26,460,14,1,2,17,523,477,374,36,277,12
2,1000,80,5.13,10.3,18,37,59,956,23,11,10,44,7.616640549,283,429,214.7503974,100.6336638,9.123281802,6.157452563,458,17,9,8,34,498,6,2,2,10,492,508,405,24,272,11
3,1000,80,5.13,10.3,18,37,59,968,17,8,7,32,7.791524098,265,386,77.12734218,41.55123271,8.380910345,7.175621496,488,14,5,4,23,480,3,3,3,9,511,489,359,27,248,17
8,1000,80,5.13,10.3,18,37,57,970,19,4,7,30,7.425579665,237,392,70.35502339,38.71086614,8.516151291,6.234620692,499,14,3,6,23,471,5,1,1,7,522,478,358,34,219,18
6,1000,80,5.13,10.3,18,37,64,973,19,3,5,27,7.306442024,289,410,179.8236813,83.63161447,8.525463363,6.062793992,483,15,3,4,22,490,4,0,1,5,505,495,383,27,285,4
5,1000,80,5.13,10.3,18,37,59,960,26,9,5,40,7.493828453,292,430,132.5511935,76.5120495,8.95507415,6.166437323,445,20,8,3,31,515,6,1,2,9,476,524,403,27,285,7
1,1000,80,5.13,10.3,18,37,55,960,24,6,10,40,7.453311924,273,403,80.45329483,40.67490853,8.276907559,6.652458573,465,18,5,5,28,495,6,1,5,12,493,507,372,31,262,11
4,1000,80,5.13,10.3,18,37,58,961,26,6,7,39,7.810844589,275,391,94.16854709,46.8214208,8.767667398,6.850186819,471,20,5,5,30,490,6,1,2,9,501,499,363,28,258,17
7,1000,80,5.13,10.3,18,37,60,957,30,6,7,43,7.327606812,291,421,211.0013109,107.5471375,8.19627963,6.375162611,497,16,5,5,26,460,14,1,2,17,523,477,380,41,280,11
3,1000,80,5.13,10.3,18,37,60,965,19,8,8,35,7.792821119,277,387,82.91795049,44.38512024,8.41244349,7.145322077,486,15,5,5,25,479,4,3,3,10,511,489,357,30,260,17
2,1000,80,5.13,10.3,18,37,60,956,23,11,10,44,7.605292503,304,449,249.2331267,116.1376188,9.142237191,6.116755521,458,17,9,8,34,498,6,2,2,10,492,508,415,34,291,13
6,1000,80,5.13,10.3,18,37,65,973,19,3,5,27,7.313716855,309,431,194.1287523,90.75056274,8.586834476,6.014879686,483,15,3,4,22,490,4,0,1,5,505,495,397,34,298,11
8,1000,80,5.13,10.3,18,37,58,970,19,4,7,30,7.402579377,259,398,73.7942627,40.49540607,8.495623045,6.20892081,500,13,3,6,22,470,6,1,1,8,522,478,362,36,246,13
5,1000,80,5.13,10.3,18,37,60,960,26,9,5,40,7.503757918,321,435,141.0203017,81.37214752,9.007674437,6.137604744,445,20,8,3,31,515,6,1,2,9,476,524,415,20,310,11
1,1000,80,5.13,10.3,18,37,56,961,23,6,10,39,7.410156621,296,399,85.00347863,43.16412674,8.270004422,6.574052153,466,17,5,5,27,495,6,1,5,12,493,507,374,25,288,8
4,1000,80,5.13,10.3,18,37,59,960,27,6,7,40,7.794108119,273,403,99.76102447,49.40036009,8.816900745,6.767216124,470,21,5,5,31,490,6,1,2,9,501,499,372,31,262,11
7,1000,80,5.13,10.3,18,37,61,957,30,6,7,43,7.34086352,291,409,222.4424404,112.6059137,8.263520754,6.329228859,497,16,5,5,26,460,14,1,2,17,523,477,373,36,282,9
6,1000,80,5.13,10.3,18,37,66,974,18,3,5,26,7.279231882,312,425,203.9359771,96.08542643,8.631040997,5.900113491,484,14,3,4,21,490,4,0,1,5,505,495,401,24,301,11
3,1000,80,5.13,10.3,18,37,61,964,19,9,8,36,7.804218117,252,410,90.11934338,47.87695038,8.500098616,7.07703011,486,14,6,5,25,478,5,3,3,11,511,489,377,33,240,12
2,1000,80,5.13,10.3,18,37,61,957,22,11,10,43,7.587861081,320,457,273.8878708,127.5322903,9.126748787,6.097442279,459,16,9,8,33,498,6,2,2,10,492,508,416,41,302,18
8,1000,80,5.13,10.3,18,37,59,970,19,4,7,30,7.395294615,263,395,77.91036943,42.83318128,8.53883267,6.146493642,499,14,3,6,23,471,5,1,1,7,522,478,365,30,251,12
5,1000,80,5.13,10.3,18,37,61,959,27,9,5,41,7.517703581,310,457,149.0133538,85.54612496,9.071224172,6.10649022,444,21,8,3,32,515,6,1,2,9,476,524,421,36,299,11
1,1000,80,5.13,10.3,18,37,57,962,23,5,10,38,7.345158511,275,413,89.94546005,45.91224452,8.246897345,6.468319764,467,17,4,5,26,495,6,1,5,12,493,507,382,31,262,13
4,1000,80,5.13,10.3,18,37,60,959,28,6,7,41,7.790135341,281,403,104.5312239,51.63461568,8.802235032,6.773979138,470,21,5,5,31,489,7,1,2,10,501,499,372,31,266,15
7,1000,80,5.13,10.3,18,37,62,959,29,6,6,41,7.325396091,301,405,235.0612608,118.8774349,8.309200926,6.246716994,497,16,5,5,26,462,13,1,1,15,523,477,369,36,287,14
6,1000,80,5.13,10.3,18,37,67,972,20,3,5,28,7.290734697,320,430,216.7274944,103.0229026,8.697668109,5.855378388,483,15,3,4,22,489,5,0,1,6,505,495,408,22,311,9
3,1000,80,5.13,10.3,18,37,62,964,19,9,8,36,7.75966713,255,404,97.66097851,51.7081268,8.535633523,6.948790183,486,14,6,5,25,478,5,3,3,11,511,489,374,30,243,12
2,1000,80,5.13,10.3,18,37,62,957,23,10,10,43,7.587445803,296,448,283.1218404,132.1113022,9.154660906,6.069591806,459,16,9,8,33,498,7,1,2,10,492,508,417,31,286,10
5,1000,80,5.13,10.3,18,37,62,958,27,10,5,42,7.51583684,315,445,158.8595882,90.68815183,9.094553729,6.081735238,443,21,9,3,33,515,6,1,2,9,476,524,419,26,298,17
8,1000,80,5.13,10.3,18,37,60,970,20,4,6,30,7.398057458,268,400,82.87189414,45.83165336,8.553963227,6.13575032,499,14,3,6,23,471,6,1,0,7,522,478,372,28,257,11
4,1000,80,5.13,10.3,18,37,61,959,28,5,8,41,7.785368702,292,422,110.7699765,54.78186923,8.821682748,6.744901092,470,21,5,5,31,489,7,0,3,10,501,499,386,36,280,12
1,1000,80,5.13,10.3,18,37,58,962,25,5,8,38,7.323280809,283,394,95.03763631,48.7269773,8.333727192,6.340736298,466,18,4,5,27,496,7,1,3,11,493,507,372,22,272,11
7,1000,80,5.13,10.3,18,37,63,959,29,6,6,41,7.305931081,306,415,258.0815944,129.1807857,8.340557007,6.171529908,497,16,5,5,26,462,13,1,1,15,523,477,383,32,296,10
3,1000,80,5.13,10.3,18,37,63,964,19,9,8,36,7.756289504,252,410,104.4730453,54.88154657,8.559435097,6.917010571,486,14,6,5,25,478,5,3,3,11,511,489,371,39,248,4
6,1000,80,5.13,10.3,18,37,68,973,18,4,5,27,7.231657853,313,446,235.0814269,112.0561141,8.705486293,5.728055101,483,14,4,4,22,490,4,0,1,5,505,495,415,31,301,12
2,1000,80,5.13,10.3,18,37,63,956,24,10,10,44,7.568707201,317,439,319.1704577,147.8883276,9.205253795,5.983705381,458,17,9,8,34,498,7,1,2,10,492,508,412,27,302,15
5,1000,80,5.13,10.3,18,37,63,959,26,10,5,41,7.50483654,323,453,167.8698107,95.83827232,9.123122491,6.034790523,443,21,9,3,33,516,5,1,2,8,476,524,430,23,309,14
8,1000,80,5.13,10.3,18,37,61,970,20,4,6,30,7.41278005,282,405,87.66103293,48.77576978,8.613307842,6.101743424,499,14,3,6,23,471,6,1,0,7,522,478,379,26,267,15
4,1000,80,5.13,10.3,18,37,62,959,28,5,8,41,7.761874739,302,405,117.1514979,57.81077005,8.812627167,6.706910878,470,21,5,5,31,489,7,0,3,10,501,499,376,29,286,16
7,1000,80,5.13,10.3,18,37,64,959,29,6,6,41,7.261935315,303,430,279.4052793,139.2802621,8.377098762,6.039229901,496,17,5,5,27,463,12,1,1,14,523,477,396,34,295,8
1,1000,80,5.13,10.3,18,37,59,963,24,6,7,37,7.306388611,285,420,101.1213985,52.0457301,8.361150402,6.280752391,466,17,5,5,27,497,7,1,2,10,493,507,388,32,266,19
3,1000,80,5.13,10.3,18,37,64,964,19,9,8,36,7.744282755,294,407,112.0613467,58.72392008,8.573913532,6.877327076,486,14,6,5,25,478,5,3,3,11,511,489,375,32,279,15
6,1000,80,5.13,10.3,18,37,69,974,18,4,4,26,7.240795476,324,437,258.2404455,124.4125148,8.769826385,5.680875053,483,14,4,4,22,491,4,0,0,4,505,495,417,20,310,14
5,1000,80,5.13,10.3,18,37,64,959,26,10,5,41,7.472997374,318,466,176.1677397,100.3753028,9.161186289,5.939451719,443,21,9,3,33,516,5,1,2,8,476,524,438,28,310,8
2,1000,80,5.13,10.3,18,37,64,956,24,10,10,44,7.571118828,333,439,402.8140252,184.1283478,9.239675899,5.955114737,458,17,9,8,34,498,7,1,2,10,492,508,414,25,316,17
8,1000,80,5.13,10.3,18,37,62,971,19,4,6,29,7.412687513,297,410,93.17066679,51.96225978,8.65318893,6.057997681,499,14,3,6,23,472,5,1,0,6,522,478,385,25,276,21
4,1000,80,5.13,10.3,18,37,63,960,27,5,8,40,7.753876256,278,420,124.9788733,61.55966987,8.83484858,6.668571378,470,21,5,5,31,490,6,0,3,9,501,499,394,26,262,16
7,1000,80,5.13,10.3,18,37,65,960,27,7,6,40,7.278639493,294,424,293.2494295,145.9322154,8.433677958,6.012213671,496,16,6,5,27,464,11,1,1,13,523,477,392,32,286,8
3,1000,80,5.13,10.3,18,37,65,963,20,9,8,37,7.736655734,277,411,120.4568474,63.03569531,8.635484389,6.79738898,485,15,6,5,26,478,5,3,3,11,511,489,377,34,260,17
1,1000,80,5.13,10.3,18,37,60,964,23,6,7,36,7.280912785,310,418,107.083658,55.10310394,8.385701955,6.206630613,466,17,5,5,27,498,6,1,2,9,493,507,395,23,294,16
6,1000,80,5.13,10.3,18,37,70,975,17,4,4,25,7.230387549,322,443,285.8637128,137.7781529,8.806682087,5.622248677,483,14,4,4,22,492,3,0,0,3,505,495,410,33,312,10
5,1000,80,5.13,10.3,18,37,65,958,26,10,6,42,7.461527929,348,458,186.7040112,105.8986937,9.235552024,5.850009858,441,22,9,4,35,517,4,1,2,7,476,524,436,22,337,11
2,1000,80,5.13,10.3,18,37,65,957,23,10,10,43,7.51993631,334,464,450.6942804,206.4395153,9.292842427,5.802869756,458,17,9,8,34,499,6,1,2,9,492,508,428,36,316,18
8,1000,80,5.13,10.3,18,37,63,971,18,5,6,29,7.398217825,277,422,98.77710312,54.99805618,8.68720944,5.990574262,499,13,4,6,23,472,5,1,0,6,522,478,395,27,267,10
4,1000,80,5.13,10.3,18,37,64,959,29,5,7,41,7.712570492,325,432,135.1586128,66.74670056,8.879589469,6.540874084,469,22,5,5,32,490,7,0,2,9,501,499,405,27,299,26
7,1000,80,5.13,10.3,18,37,66,959,28,7,6,41,7.255641908,309,416,321.9040319,158.8814408,8.485258241,5.907446223,495,17,6,5,28,464,11,1,1,13,523,477,395,21,300,9
3,1000,80,5.13,10.3,18,37,66,963,21,8,8,37,7.705070611,289,407,125.918456,65.7741765,8.657540483,6.709749333,485,15,6,5,26,478,6,2,3,11,511,489,377,30,278,11
5,1000,80,5.13,10.3,18,37,66,959,25,10,6,41,7.465596206,354,455,198.8550092,112.4111592,9.25609835,5.839109526,441,22,9,4,35,518,3,1,2,6,476,524,433,22,345,9
6,1000,80,5.13,10.3,18,37,71,975,17,4,4,25,7.216298387,333,443,313.9238747,153.1839882,8.869445653,5.529754206,483,14,4,4,22,492,3,0,0,3,505,495,420,23,321,12
1,1000,80,5.13,10.3,18,37,61,965,22,6,7,35,7.276235687,311,421,111.7342163,57.76772886,8.407103369,6.17659512,467,16,5,5,26,498,6,1,2,9,493,507,394,27,297,14
8,1000,80,5.13,10.3,18,37,64,971,18,5,6,29,7.378971717,286,401,104.6375018,58.28420989,8.710170749,5.925235535,499,13,4,6,23,472,5,1,0,6,522,478,374,27,280,6
2,1000,80,5.13,10.3,18,37,66,958,22,10,10,42,7.497994892,321,438,478.1932148,220.3846755,9.309165308,5.743869214,458,17,9,8,34,500,5,1,2,8,492,508,420,18,312,9
4,1000,80,5.13,10.3,18,37,65,959,30,5,6,41,7.669737478,310,421,143.8196531,71.10553553,8.897266936,6.437288063,469,22,5,5,32,490,8,0,1,9,501,499,391,30,294,16
7,1000,80,5.13,10.3,18,37,67,960,27,7,6,40,7.263302453,302,415,349.7770951,171.8334853,8.511270022,5.894985809,495,17,6,5,28,465,10,1,1,12,523,477,396,19,285,17
3,1000,80,5.13,10.3,18,37,67,962,22,8,8,38,7.649539846,298,413,133.1398095,69.71104321,8.673113359,6.579915991,484,16,6,5,27,478,6,2,3,11,511,489,388,25,283,15
5,1000,80,5.13,10.3,18,37,67,959,25,10,6,41,7.460587127,342,466,213.9897137,120.6013011,9.308816319,5.781661373,441,22,9,4,35,518,3,1,2,6,476,524,445,21,333,9
6,1000,80,5.13,10.3,18,37,72,975,16,4,5,25,7.200068338,356,440,359.042616,176.1750998,8.890881156,5.475097686,483,13,4,5,22,492,3,0,0,3,505,495,420,20,345,11
2,1000,80,5.13,10.3,18,37,67,958,22,10,10,42,7.479086556,327,446,522.7013849,240.687927,9.335707685,5.680941682,458,17,9,8,34,500,5,1,2,8,492,508,418,28,318,9
8,1000,80,5.13,10.3,18,37,65,972,17,5,6,28,7.332009402,305,416,111.0225902,62.22780489,8.697564793,5.840754351,500,12,4,6,22,472,5,1,0,6,522,478,392,24,291,14
1,1000,80,5.13,10.3,18,37,62,967,20,6,7,33,7.221203222,312,415,116.8657905,60.50911816,8.409733935,6.065491897,467,16,5,5,26,500,4,1,2,7,493,507,390,25,294,18
7,1000,80,5.13,10.3,18,37,68,961,25,8,6,39,7.266052098,313,426,362.7468775,178.8143679,8.554566011,5.853278981,495,16,7,5,28,466,9,1,1,11,523,477,402,24,297,16
4,1000,80,5.13,10.3,18,37,66,957,31,6,6,43,7.671683771,306,424,153.4150292,76.06654796,8.963867617,6.374320831,468,23,5,5,33,489,8,1,1,10,501,499,398,26,296,10
3,1000,80,5.13,10.3,18,37,68,963,22,7,8,37,7.643720094,286,416,141.7475058,74.20096246,8.739093782,6.499065791,483,17,6,5,28,480,5,1,3,9,511,489,383,33,271,15
6,1000,80,5.13,10.3,18,37,73,975,16,4,5,25,7.216056374,362,452,396.2693876,194.2063782,8.939306599,5.457993013,483,13,4,5,22,492,3,0,0,3,505,495,426,26,351,11
5,1000,80,5.13,10.3,18,37,68,961,24,9,6,39,7.403194776,367,465,227.7418879,127.9233314,9.317961624,5.663826417,441,22,9,4,35,520,2,0,2,4,476,524,441,24,358,9
8,1000,80,5.13,10.3,18,37,66,972,17,5,6,28,7.338155555,305,413,119.1679333,67.14796254,8.735095856,5.812626608,500,12,4,6,22,472,5,1,0,6,522,478,381,32,293,12
2,1000,80,5.13,10.3,18,37,68,960,20,10,10,40,7.46910186,318,450,535.3914066,247.1137776,9.380708567,5.617703239,458,17,9,8,34,502,3,1,2,6,492,508,430,20,310,8
7,1000,80,5.13,10.3,18,37,69,961,25,8,6,39,7.244548139,319,439,386.0094497,189.2007855,8.584457514,5.775423186,495,16,7,5,28,466,9,1,1,11,523,477,408,31,306,13
1,1000,80,5.13,10.3,18,37,63,968,19,6,7,32,7.226577889,324,428,123.2883653,63.88362216,8.47069668,6.016813463,467,16,5,5,26,501,3,1,2,6,493,507,401,27,312,12
6,1000,80,5.13,10.3,18,37,74,975,16,4,5,25,7.219106153,338,445,439.9465693,217.270966,9.001281924,5.400926831,483,13,4,5,22,492,3,0,0,3,505,495,426,19,327,11
4,1000,80,5.13,10.3,18,37,67,958,31,5,6,42,7.633799805,310,438,164.9329689,81.41546534,8.985820916,6.276359772,468,23,5,5,33,490,8,0,1,9,501,499,405,33,302,8
5,1000,80,5.13,10.3,18,37,69,960,25,10,5,40,7.401505292,346,472,240.2725629,134.1677283,9.390848842,5.594391686,441,21,10,4,35,519,4,0,1,5,476,524,454,18,334,12
3,1000,80,5.13,10.3,18,37,69,962,23,7,8,38,7.622302756,300,411,148.8817754,77.93696079,8.766193746,6.426948368,482,18,6,5,29,480,5,1,3,9,511,489,389,22,291,9
8,1000,80,5.13,10.3,18,37,67,972,17,5,6,28,7.364350019,301,426,125.72752,71.25900646,8.829458076,5.764378459,500,12,4,6,22,472,5,1,0,6,522,478,405,21,297,4
2,1000,80,5.13,10.3,18,37,69,961,20,9,10,39,7.470268137,330,459,578.2006392,266.3765003,9.430861454,5.571425791,458,17,9,8,34,503,3,0,2,5,492,508,430,29,318,12
7,1000,80,5.13,10.3,18,37,70,960,25,8,7,40,7.265958204,307,427,403.3425871,197.3457971,8.654723435,5.743265928,494,16,7,6,29,466,9,1,1,11,523,477,407,20,302,5
5,1000,80,5.13,10.3,18,37,70,960,25,11,4,40,7.373220607,366,484,254.7131642,141.7063542,9.443091563,5.492956152,441,21,10,4,35,519,4,1,0,5,476,524,464,20,352,14
1,1000,80,5.13,10.3,18,37,64,968,19,6,7,32,7.202766415,316,449,129.4241655,66.96547364,8.50941486,5.932198992,467,16,5,5,26,501,3,1,2,6,493,507,412,37,306,10
6,1000,80,5.13,10.3,18,37,75,974,17,4,5,26,7.215075429,326,456,464.4727046,230.8188852,9.053246717,5.339769367,482,14,4,5,23,492,3,0,0,3,505,495,428,28,322,4
3,1000,80,5.13,10.3,18,37,70,960,24,8,8,40,7.634019894,294,422,159.4891363,83.37616176,8.827030584,6.387335922,480,19,7,5,31,480,5,1,3,9,511,489,393,29,285,9
4,1000,80,5.13,10.3,18,37,68,958,30,6,6,42,7.590485785,315,430,175.6857079,86.79391901,9.038121163,6.137048261,468,22,6,5,33,490,8,0,1,9,501,499,406,24,303,12
8,1000,80,5.13,10.3,18,37,68,972,17,5,6,28,7.373514941,308,420,131.2444184,74.81775926,8.879534026,5.728866484,500,12,4,6,22,472,5,1,0,6,522,478,389,31,298,10
2,1000,80,5.13,10.3,18,37,70,961,20,9,10,39,7.477099248,354,449,648.886204,296.1693957,9.481405935,5.535920331,458,17,9,8,34,503,3,0,2,5,492,508,430,19,348,6
7,1000,80,5.13,10.3,18,37,71,959,26,8,7,41,7.27201174,322,421,430.4342195,208.9511506,8.688948445,5.718431243,493,17,7,6,30,466,9,1,1,11,523,477,398,23,312,10
5,1000,80,5.13,10.3,18,37,71,960,25,11,4,40,7.327674435,364,478,273.0635546,151.2069947,9.470386584,5.381241261,441,21,10,4,35,519,4,1,0,5,476,524,456,22,354,10
4,1000,80,5.13,10.3,18,37,69,959,28,7,6,41,7.598094732,304,438,184.6597046,91.40100052,9.097742266,6.092436586,468,21,7,5,33,491,7,0,1,8,501,499,412,26,299,5
6,1000,80,5.13,10.3,18,37,76,973,18,4,5,27,7.221436152,357,466,491.3520543,245.2534838,9.11230737,5.292365516,481,15,4,5,24,492,3,0,0,3,505,495,438,28,351,6
3,1000,80,5.13,10.3,18,37,71,960,24,8,8,40,7.621248766,303,428,174.6505158,91.14271593,8.881052564,6.304766679,480,19,7,5,31,480,5,1,3,9,511,489,407,21,295,8
1,1000,80,5.13,10.3,18,37,65,968,17,8,7,32,7.218037293,322,427,134.9128848,69.77570977,8.553555331,5.919397465,467,14,7,5,26,501,3,1,2,6,493,507,401,26,308,14
8,1000,80,5.13,10.3,18,37,69,972,16,6,6,28,7.353085823,324,440,137.8337919,78.94569554,8.927182582,5.634093127,500,11,5,6,22,472,5,1,0,6,522,478,406,34,310,14
2,1000,80,5.13,10.3,18,37,71,962,20,10,8,38,7.458265998,355,467,667.486995,305.4759525,9.540427322,5.441684559,458,17,9,8,34,504,3,1,0,4,492,508,440,27,346,9
7,1000,80,5.13,10.3,18,37,72,958,27,8,7,42,7.280468647,328,439,464.791574,224.6408941,8.758498303,5.659903636,492,18,7,6,31,466,9,1,1,11,523,477,407,32,323,5
5,1000,80,5.13,10.3,18,37,72,960,24,12,4,40,7.311661822,379,470,296.2711539,162.9573564,9.523832544,5.302132693,440,22,10,4,36,520,2,2,0,4,476,524,445,25,366,13
4,1000,80,5.13,10.3,18,37,70,960,27,7,6,40,7.579555443,324,437,196.9271565,97.65495443,9.130691534,6.022202374,468,21,7,5,33,492,6,0,1,7,501,499,415,22,314,10
6,1000,80,5.13,10.3,18,37,77,973,18,4,5,27,7.196033131,349,449,541.7757683,272.7579557,9.151748786,5.200808069,481,15,4,5,24,492,3,0,0,3,505,495,430,19,341,8
3,1000,80,5.13,10.3,18,37,72,961,23,8,8,39,7.589807136,306,429,188.3421977,98.18698786,8.908542928,6.211741718,480,19,7,5,31,481,4,1,3,8,511,489,405,24,300,6
8,1000,80,5.13,10.3,18,37,70,971,17,6,6,29,7.346057015,316,448,147.653695,85.11264141,8.976183259,5.565877311,499,12,5,6,23,472,5,1,0,6,522,478,417,31,307,9
1,1000,80,5.13,10.3,18,37,66,968,17,8,7,32,7.196446413,333,426,140.9620525,72.78630494,8.580119279,5.850981476,467,14,7,5,26,501,3,1,2,6,493,507,407,19,327,6
2,1000,80,5.13,10.3,18,37,72,962,19,11,8,38,7.426522714,348,458,767.0406051,348.7985086,9.557663433,5.362504539,458,16,10,8,34,504,3,1,0,4,492,508,438,20,341,7
7,1000,80,5.13,10.3,18,37,73,957,28,8,7,43,7.279110768,335,429,490.5681795,237.2209106,8.812185532,5.598192316,491,19,7,6,32,466,9,1,1,11,523,477,411,18,326,9
4,1000,80,5.13,10.3,18,37,71,960,27,7,6,40,7.58075447,328,433,207.263928,102.8530632,9.184338407,5.970743344,468,21,7,5,33,492,6,0,1,7,501,499,414,19,316,12
5,1000,80,5.13,10.3,18,37,73,960,22,14,4,40,7.312408038,375,467,313.0338801,171.377831,9.583601322,5.249262995,440,20,12,4,36,520,2,2,0,4,476,524,451,16,361,14
3,1000,80,5.13,10.3,18,37,73,961,23,8,8,39,7.588508411,295,406,206.7044448,106.8727879,8.970186005,6.144669452,479,20,7,5,32,482,3,1,3,7,511,489,386,20,291,4
6,1000,80,5.13,10.3,18,37,78,973,19,4,4,27,7.196070229,356,462,642.0638964,325.3238437,9.205958051,5.145578614,481,16,4,4,24,492,3,0,0,3,505,495,434,28,348,8
8,1000,80,5.13,10.3,18,37,71,971,17,6,6,29,7.354370551,333,440,155.5715493,89.95926278,8.995976885,5.561654011,499,12,5,6,23,472,5,1,0,6,522,478,410,30,324,9
1,1000,80,5.13,10.3,18,37,67,968,17,8,7,32,7.157775169,350,441,150.2483037,77.63717841,8.591449886,5.763689102,467,14,7,5,26,501,3,1,2,6,493,507,416,25,338,12
2,1000,80,5.13,10.3,18,37,73,962,19,10,9,38,7.426639964,361,474,878.1314548,401.7512317,9.612314516,5.309805556,458,16,9,9,34,504,3,1,0,4,492,508,449,25,350,11
7,1000,80,5.13,10.3,18,37,74,957,28,8,7,43,7.263210574,348,429,534.1034033,257.9203639,8.833268878,5.541742036,491,19,7,6,32,466,9,1,1,11,523,477,408,21,333,15
4,1000,80,5.13,10.3,18,37,72,959,28,7,6,41,7.556682798,345,441,227.2614302,112.729757,9.227143601,5.879526761,467,22,7,5,34,492,6,0,1,7,501,499,424,17,336,9
5,1000,80,5.13,10.3,18,37,74,958,24,14,4,42,7.299178423,376,485,333.0060275,182.6480123,9.646578888,5.166807008,438,22,12,4,38,520,2,2,0,4,476,524,465,20,373,3
8,1000,80,5.13,10.3,18,37,72,973,16,5,6,27,7.285056491,340,437,164.3631778,94.69375936,8.986514442,5.426978981,500,12,4,6,22,473,4,1,0,5,522,478,415,22,324,16
3,1000,80,5.13,10.3,18,37,74,961,24,8,7,39,7.579773861,314,426,223.4845332,115.2120042,9.005775976,6.089616233,479,20,7,5,32,482,4,1,2,7,511,489,405,21,309,5
6,1000,80,5.13,10.3,18,37,79,973,20,3,4,27,7.175081717,359,462,756.8069932,388.2983864,9.227382869,5.081319936,481,17,3,4,24,492,3,0,0,3,505,495,441,21,356,3
1,1000,80,5.13,10.3,18,37,68,969,15,9,7,31,7.13115792,332,450,157.580726,81.15167957,8.613339895,5.689904048,468,13,7,5,25,501,2,2,2,6,493,507,428,22,321,11
7,1000,80,5.13,10.3,18,37,75,958,26,10,6,42,7.21392665,342,454,580.7763846,278.2123146,8.887651602,5.37879426,490,19,8,6,33,468,7,2,0,9,523,477,427,27,332,10
2,1000,80,5.13,10.3,18,37,74,962,18,10,10,38,7.433133589,370,473,978.4115955,448.4502988,9.693946934,5.243526964,458,15,9,10,34,504,3,1,0,4,492,508,451,22,360,10
4,1000,80,5.13,10.3,18,37,73,958,29,7,6,42,7.546102935,351,440,248.9345426,122.9679342,9.268292713,5.817010593,467,22,7,5,34,491,7,0,1,8,501,499,416,24,341,10
8,1000,80,5.13,10.3,18,37,73,972,18,4,6,28,7.273589167,341,443,175.7784125,100.6380183,9.036591159,5.348302472,498,14,4,6,24,474,4,0,0,4,522,478,415,28,329,12
5,1000,80,5.13,10.3,18,37,75,958,24,14,4,42,7.281724295,360,483,354.4295824,193.4677968,9.65333221,5.127362906,438,22,12,4,38,520,2,2,0,4,476,524,464,19,356,4
3,1000,80,5.13,10.3,18,37,75,960,25,8,7,40,7.564068317,326,434,241.5241361,123.8673944,9.041252663,6.02042578,478,21,7,5,33,482,4,1,2,7,511,489,414,20,318,8
6,1000,80,5.13,10.3,18,37,80,973,20,3,4,27,7.152032803,368,475,961.0743549,499.0748324,9.297481903,4.963241297,481,17,3,4,24,492,3,0,0,3,505,495,453,22,358,10
4,1000,80,5.13,10.3,18,37,74,958,28,8,6,42,7.526250921,361,432,268.2566948,132.3592071,9.297798668,5.747602783,467,21,8,5,34,491,7,0,1,8,501,499,413,19,343,18
7,1000,80,5.13,10.3,18,37,76,958,26,11,5,42,7.216752757,346,441,635.3856537,303.7055089,8.923221421,5.34571898,491,19,8,5,32,467,7,3,0,10,523,477,414,27,338,8
1,1000,80,5.13,10.3,18,37,69,970,13,10,7,30,7.093511784,345,439,167.1164066,85.74994511,8.641361746,5.588403241,469,11,8,5,24,501,2,2,2,6,493,507,416,23,333,12
8,1000,80,5.13,10.3,18,37,74,972,18,4,6,28,7.245616477,343,453,187.9319235,108.1304508,9.073709322,5.249247303,498,14,4,6,24,474,4,0,0,4,522,478,429,24,333,10
2,1000,80,5.13,10.3,18,37,75,961,19,10,10,39,7.427523551,377,463,1003.343007,460.9958333,9.713629748,5.213420698,458,15,9,10,34,503,4,1,0,5,492,508,439,24,366,11
5,1000,80,5.13,10.3,18,37,76,957,25,14,4,43,7.2887032,375,485,372.8384745,203.4851368,9.747761711,5.054901958,437,23,12,4,39,520,2,2,0,4,476,524,467,18,364,11
3,1000,80,5.13,10.3,18,37,76,959,26,8,7,41,7.57591703,337,435,259.0916275,132.7700494,9.093394064,5.990169045,478,21,7,5,33,481,5,1,2,8,511,489,417,18,327,10
6,1000,80,5.13,10.3,18,37,81,973,20,3,4,27,7.118830555,375,455,1237.600627,653.0522639,9.324087142,4.86902333,481,17,3,4,24,492,3,0,0,3,505,495,435,20,364,11
4,1000,80,5.13,10.3,18,37,75,958,28,8,6,42,7.488574335,353,440,297.2951229,146.3852358,9.332265213,5.637493914,467,21,8,5,34,491,7,0,1,8,501,499,417,23,338,15
8,1000,80,5.13,10.3,18,37,75,972,18,4,6,28,7.23218802,341,438,200.421074,116.0620693,9.111239637,5.180169309,498,14,4,6,24,474,4,0,0,4,522,478,414,24,333,8
7,1000,80,5.13,10.3,18,37,77,959,25,11,5,41,7.204779786,352,443,699.9471521,333.2159424,8.954736557,5.286064081,491,19,8,5,32,468,6,3,0,9,523,477,423,20,340,12
2,1000,80,5.13,10.3,18,37,76,961,19,10,10,39,7.402607922,385,470,1019.037345,467.6908356,9.781321174,5.098814773,458,15,9,10,34,503,4,1,0,5,492,508,452,18,376,9
1,1000,80,5.13,10.3,18,37,70,970,13,10,7,30,7.104107643,335,464,176.3142319,90.39456205,8.714616775,5.538070164,469,11,8,5,24,501,2,2,2,6,493,507,429,35,326,9
5,1000,80,5.13,10.3,18,37,77,956,25,15,4,44,7.277250601,391,486,403.0429696,218.9761761,9.790041526,4.994638998,436,23,13,4,40,520,2,2,0,4,476,524,466,20,378,13
3,1000,80,5.13,10.3,18,37,77,960,25,8,7,40,7.573197078,351,436,286.5226914,146.6999129,9.13232706,5.94392219,478,21,7,5,33,482,4,1,2,7,511,489,416,20,339,12
6,1000,80,5.13,10.3,18,37,82,973,20,3,4,27,7.113433987,386,461,1340.597817,708.8340656,9.40195182,4.778683472,480,18,3,4,25,493,2,0,0,2,505,495,445,16,381,5
8,1000,80,5.13,10.3,18,37,76,971,19,4,6,29,7.243054618,351,441,212.7016151,124.1043881,9.16971462,5.139045159,498,14,4,6,24,473,5,0,0,5,522,478,413,28,341,10
4,1000,80,5.13,10.3,18,37,76,957,29,8,6,43,7.501459936,360,439,322.9299422,158.1512367,9.375165603,5.620244427,466,22,8,5,35,491,7,0,1,8,501,499,417,22,349,11
7,1000,80,5.13,10.3,18,37,78,960,24,11,5,40,7.212122697,362,438,777.9940299,369.7676267,8.948870924,5.307889315,492,18,8,5,31,468,6,3,0,9,523,477,419,19,350,12
2,1000,80,5.13,10.3,18,37,77,961,18,11,10,39,7.415755079,381,473,1038.54656,477.0581852,9.83453164,5.073160457,458,14,10,10,34,503,4,1,0,5,492,508,454,19,376,5
5,1000,80,5.13,10.3,18,37,78,956,25,15,4,44,7.25010549,389,479,436.0757184,235.5603383,9.821630002,4.914140476,436,23,13,4,40,520,2,2,0,4,476,524,466,13,381,8
3,1000,80,5.13,10.3,18,37,78,959,26,8,7,41,7.605418623,327,434,311.4653875,159.3106953,9.174919639,5.965306109,478,21,7,5,33,481,5,1,2,8,511,489,413,21,320,7
1,1000,80,5.13,10.3,18,37,71,970,13,10,7,30,7.087952537,348,467,186.6415957,95.82599886,8.75363122,5.468268926,469,11,8,5,24,501,2,2,2,6,493,507,435,32,334,14
6,1000,80,5.13,10.3,18,37,83,973,20,3,4,27,7.094821219,383,464,1457.573145,775.2120428,9.419096625,4.723590754,480,18,3,4,25,493,2,0,0,2,505,495,449,15,370,13
8,1000,80,5.13,10.3,18,37,77,972,18,4,6,28,7.22618193,367,439,226.7185396,130.6678472,9.20744934,5.062538441,499,13,4,6,23,473,5,0,0,5,522,478,418,21,355,12
4,1000,80,5.13,10.3,18,37,77,957,29,8,6,43,7.498268785,371,450,353.4936862,172.5797232,9.417264839,5.571581364,466,22,8,5,35,491,7,0,1,8,501,499,431,19,357,14
7,1000,80,5.13,10.3,18,37,79,960,24,10,6,40,7.210372817,354,435,874.7618055,413.1921419,8.97295122,5.2778183,492,18,7,6,31,468,6,3,0,9,523,477,420,15,347,7
2,1000,80,5.13,10.3,18,37,78,959,18,13,10,41,7.419243445,380,483,1116.596833,516.509985,9.852926718,5.062211614,457,14,11,10,35,502,4,2,0,6,492,508,463,20,370,10
5,1000,80,5.13,10.3,18,37,79,956,25,15,4,44,7.241469104,398,497,477.0767997,255.5203509,9.863974447,4.859193258,436,23,13,4,40,520,2,2,0,4,476,524,470,27,390,8
3,1000,80,5.13,10.3,18,37,79,959,26,8,7,41,7.596785359,338,431,333.0612847,170.3797892,9.188747586,5.93320111,478,21,7,5,33,481,5,1,2,8,511,489,411,20,327,11
1,1000,80,5.13,10.3,18,37,72,970,13,10,7,30,7.08451268,349,451,196.7148203,101.2772383,8.784418772,5.431546796,469,11,8,5,24,501,2,2,2,6,493,507,432,19,342,7
6,1000,80,5.13,10.3,18,37,84,972,21,3,4,28,7.10238477,388,479,1607.170048,855.2426742,9.4886617,4.667900225,479,19,3,4,26,493,2,0,0,2,505,495,456,23,376,12
8,1000,80,5.13,10.3,18,37,78,972,17,5,6,28,7.211865384,360,447,247.9932882,141.5198514,9.25728991,4.978159102,499,12,5,6,23,473,5,0,0,5,522,478,422,25,347,13
4,1000,80,5.13,10.3,18,37,78,958,28,8,6,42,7.473283405,365,459,379.1047427,185.2041542,9.508643703,5.429765351,465,23,8,5,36,493,5,0,1,6,501,499,440,19,358,7
7,1000,80,5.13,10.3,18,37,80,961,24,9,6,39,7.191795742,367,445,995.5424487,466.5730077,9.05507595,5.148828134,492,18,7,6,31,469,6,2,0,8,523,477,420,25,352,15
2,1000,80,5.13,10.3,18,37,79,959,18,13,10,41,7.398326065,386,479,1196.453847,557.3331732,9.88837578,4.986703113,457,14,11,10,35,502,4,2,0,6,492,508,461,18,377,9
5,1000,80,5.13,10.3,18,37,80,954,27,15,4,46,7.196172697,388,494,518.0210034,275.8938735,9.87438745,4.763290594,435,24,13,4,41,519,3,2,0,5,476,524,475,19,383,5
3,1000,80,5.13,10.3,18,37,80,958,26,9,7,42,7.577340917,347,447,364.2208298,185.700828,9.241602385,5.8382047,477,21,8,5,34,481,5,1,2,8,511,489,431,16,340,7
1,1000,80,5.13,10.3,18,37,73,971,13,10,6,29,7.054758898,355,458,206.8850203,106.6212156,8.81111507,5.346901712,469,11,8,5,24,502,2,2,1,5,493,507,441,17,345,10
8,1000,80,5.13,10.3,18,37,79,972,17,5,6,28,7.193278009,361,462,267.8028811,151.7599657,9.278031206,4.916622844,499,12,5,6,23,473,5,0,0,5,522,478,440,22,350,11
6,1000,80,5.13,10.3,18,37,85,972,21,3,4,28,7.117914649,382,478,1871.8154,1000.350816,9.519762915,4.667544195,479,19,3,4,26,493,2,0,0,2,505,495,456,22,371,11
4,1000,80,5.13,10.3,18,37,79,957,29,8,6,43,7.488985406,356,458,404.4508486,197.2475431,9.575143364,5.394466094,464,24,8,5,37,493,5,0,1,6,501,499,433,25,344,12
7,1000,80,5.13,10.3,18,37,81,962,22,10,6,38,7.140301886,364,436,1114.790321,520.1265663,9.061478529,5.033854539,492,17,8,6,31,470,5,2,0,7,523,477,422,14,353,11
2,1000,80,5.13,10.3,18,37,80,959,18,13,10,41,7.394747551,391,484,1293.74246,607.8201289,9.926713198,4.942528854,457,14,11,10,35,502,4,2,0,6,492,508,462,22,381,10
5,1000,80,5.13,10.3,18,37,81,953,28,15,4,47,7.175960442,395,495,553.7794273,292.3956458,9.916090554,4.686834614,434,25,13,4,42,519,3,2,0,5,476,524,478,17,388,7
3,1000,80,5.13,10.3,18,37,81,957,27,9,7,43,7.581533828,351,454,394.6950624,201.1422977,9.324538917,5.760111332,476,22,8,5,35,481,5,1,2,8,511,489,438,16,344,7
8,1000,80,5.13,10.3,18,37,80,973,16,5,6,27,7.160176778,365,453,287.9486169,161.3945644,9.320372574,4.801134507,499,12,5,6,23,474,4,0,0,4,522,478,437,16,354,11
1,1000,80,5.13,10.3,18,37,74,971,13,10,6,29,7.071656034,356,462,218.4003989,112.3949351,8.856779428,5.335825989,469,11,8,5,24,502,2,2,1,5,493,507,448,14,347,9
6,1000,80,5.13,10.3,18,37,86,971,22,3,4,29,7.08578965,370,480,2182.281288,1170.770652,9.558123159,4.563510009,478,20,3,4,27,493,2,0,0,2,505,495,461,19,367,3
4,1000,80,5.13,10.3,18,37,80,958,29,8,5,42,7.473749808,368,463,432.8570594,210.8874709,9.596149267,5.342843739,464,24,8,5,37,494,5,0,0,5,501,499,444,19,360,8
7,1000,80,5.13,10.3,18,37,82,961,22,11,6,39,7.157015052,365,449,1253.364185,584.7045957,9.107090863,5.018881615,491,18,8,6,32,470,4,3,0,7,523,477,432,17,356,9
2,1000,80,5.13,10.3,18,37,81,958,19,13,10,42,7.390038561,394,477,1335.988194,628.1635603,9.980572316,4.88109642,456,15,11,10,36,502,4,2,0,6,492,508,463,14,378,16
5,1000,80,5.13,10.3,18,37,82,953,28,14,5,47,7.128821554,404,504,596.2007783,314.0184947,9.959023488,4.557874759,434,25,12,5,42,519,3,2,0,5,476,524,484,20,394,10
3,1000,80,5.13,10.3,18,37,82,956,28,9,7,44,7.536681782,348,455,430.087839,219.4222538,9.35171786,5.639987639,475,23,8,5,36,481,5,1,2,8,511,489,436,19,336,12
8,1000,80,5.13,10.3,18,37,81,972,17,6,5,28,7.165879762,369,455,302.4039857,170.3955257,9.369390451,4.759535453,497,14,6,5,25,475,3,0,0,3,522,478,433,22,360,9
6,1000,80,5.13,10.3,18,37,87,972,21,3,4,28,7.064954179,393,471,2585.985897,1391.391393,9.614053411,4.464357992,478,20,3,4,27,494,1,0,0,1,505,495,452,19,387,6
1,1000,80,5.13,10.3,18,37,75,970,14,10,6,30,7.092375614,362,452,231.5961687,119.4824256,8.877100568,5.356933006,469,11,8,5,24,501,3,2,1,6,493,507,441,11,350,12
4,1000,80,5.13,10.3,18,37,81,958,29,8,5,42,7.471249966,374,448,463.1159388,225.6320859,9.610408747,5.323517401,464,24,8,5,37,494,5,0,0,5,501,499,435,13,363,11
7,1000,80,5.13,10.3,18,37,83,961,22,10,7,39,7.18980201,363,458,1413.587565,657.4814355,9.186511041,5.00053823,491,18,7,7,32,470,4,3,0,7,523,477,436,22,354,9
2,1000,80,5.13,10.3,18,37,82,958,19,13,10,42,7.372680308,399,483,1412.707704,667.2147551,10.04033473,4.789046501,455,16,11,10,37,503,3,2,0,5,492,508,468,15,393,6
5,1000,80,5.13,10.3,18,37,83,953,28,14,5,47,7.155406128,416,480,663.1013101,348.3938825,10.02439994,4.549220912,434,25,12,5,42,519,3,2,0,5,476,524,467,13,407,9
3,1000,80,5.13,10.3,18,37,83,955,29,9,7,45,7.558056316,356,464,469.4516424,239.6897921,9.383224154,5.650774588,475,23,8,5,36,480,6,1,2,9,511,489,441,23,348,8
8,1000,80,5.13,10.3,18,37,82,971,18,6,5,29,7.13731823,362,455,323.9670858,184.3425028,9.419014972,4.645590826,496,15,6,5,26,475,3,0,0,3,522,478,438,17,351,11
6,1000,80,5.13,10.3,18,37,88,971,22,3,4,29,7.034377209,398,480,2833.814891,1527.475898,9.67040653,4.34509477,477,21,3,4,28,494,1,0,0,1,505,495,453,27,392,6
4,1000,80,5.13,10.3,18,37,82,957,30,8,5,43,7.423752684,372,467,501.8165699,244.217341,9.614204913,5.224521088,464,24,8,5,37,493,6,0,0,6,501,499,446,21,356,16
1,1000,80,5.13,10.3,18,37,76,970,14,10,6,30,7.087604008,374,470,246.0464047,126.971365,8.886456219,5.338424244,469,11,8,5,24,501,3,2,1,6,493,507,443,27,362,12
2,1000,80,5.13,10.3,18,37,83,958,20,13,9,42,7.319992493,395,492,1511.68234,718.2121099,10.0363115,4.689226839,455,17,11,9,37,503,3,2,0,5,492,508,470,22,388,7
5,1000,80,5.13,10.3,18,37,84,953,28,14,5,47,7.11078346,404,505,719.8116541,374.2662193,10.0365485,4.453027435,434,25,12,5,42,519,3,2,0,5,476,524,485,20,395,9
7,1000,80,5.13,10.3,18,37,84,961,22,10,7,39,7.19497448,364,457,1520.536718,706.8172409,9.199060645,4.997622143,491,18,7,7,32,470,4,3,0,7,523,477,441,16,357,7
3,1000,80,5.13,10.3,18,37,84,954,30,9,7,46,7.579235105,382,452,509.2093567,259.8383986,9.436354716,5.638564101,475,23,8,5,36,479,7,1,2,10,511,489,437,15,378,4
8,1000,80,5.13,10.3,18,37,83,970,19,6,5,30,7.100526357,379,449,346.4790342,193.3497049,9.418250158,4.569455596,495,16,6,5,27,475,3,0,0,3,522,478,437,12,365,14
4,1000,80,5.13,10.3,18,37,83,957,30,8,5,43,7.394599667,378,462,546.8589681,265.0048679,9.644258693,5.135923972,464,24,8,5,37,493,6,0,0,6,501,499,437,25,370,8
6,1000,80,5.13,10.3,18,37,89,969,24,3,4,31,7.033790766,403,473,3371.603009,1826.01524,9.730160508,4.282948909,475,23,3,4,30,494,1,0,0,1,505,495,459,14,400,3
2,1000,80,5.13,10.3,18,37,84,958,20,13,9,42,7.324337551,404,487,1574.571755,749.3478593,10.10172087,4.634430875,455,17,11,9,37,503,3,2,0,5,492,508,470,17,395,9
5,1000,80,5.13,10.3,18,37,85,953,27,15,5,47,7.078878434,413,515,772.9040643,399.9446492,10.05411858,4.376179373,433,25,13,5,43,520,2,2,0,4,476,524,488,27,408,5
1,1000,80,5.13,10.3,18,37,77,968,16,10,6,32,7.099132896,364,469,263.6474502,136.008866,8.921502028,5.327085594,468,12,8,5,25,500,4,2,1,7,493,507,453,16,353,11
7,1000,80,5.13,10.3,18,37,85,960,22,11,7,40,7.177383062,359,458,1658.460634,768.8030051,9.245297229,4.910047402,491,18,7,7,32,469,4,4,0,8,523,477,438,20,352,7
3,1000,80,5.13,10.3,18,37,85,954,30,9,7,46,7.557204248,368,456,552.5904351,282.7081219,9.501168549,5.52578143,475,23,8,5,36,479,7,1,2,10,511,489,443,13,353,15
8,1000,80,5.13,10.3,18,37,84,968,21,6,5,32,7.105039181,379,457,372.3904966,207.5261969,9.475554833,4.516317068,493,18,6,5,29,475,3,0,0,3,522,478,432,25,368,11
4,1000,80,5.13,10.3,18,37,84,957,30,8,5,43,7.400973831,380,471,583.3661066,282.4225205,9.742471987,5.050090912,464,24,8,5,37,493,6,0,0,6,501,499,454,17,369,11
6,1000,80,5.13,10.3,18,37,90,967,25,4,4,33,7.009782856,413,475,3429.152052,1860.603756,9.796305102,4.166967232,473,24,4,4,32,494,1,0,0,1,505,495,460,15,400,13
2,1000,80,5.13,10.3,18,37,85,958,20,13,9,42,7.275210158,412,492,1625.226588,775.4535503,10.12765718,4.51260399,455,17,11,9,37,503,3,2,0,5,492,508,475,17,402,10
5,1000,80,5.13,10.3,18,37,86,953,27,15,5,47,7.066813276,421,510,838.4002469,431.6878645,10.08335544,4.326595588,432,26,13,5,44,521,1,2,0,3,476,524,490,20,411,10
7,1000,80,5.13,10.3,18,37,86,960,23,10,7,40,7.143756604,381,449,1787.829795,825.4839052,9.276797362,4.805013802,491,18,7,7,32,469,5,3,0,8,523,477,437,12,368,13
1,1000,80,5.13,10.3,18,37,78,968,15,11,6,32,7.105772536,375,470,278.3357433,143.2333945,8.960941923,5.301830707,468,11,9,5,25,500,4,2,1,7,493,507,451,19,369,6
8,1000,80,5.13,10.3,18,37,85,967,22,6,5,33,7.095305157,384,462,400.643608,222.5316043,9.520053649,4.44735806,492,19,6,5,30,475,3,0,0,3,522,478,439,23,376,8
3,1000,80,5.13,10.3,18,37,86,952,32,9,7,48,7.52152335,383,455,578.1034486,295.511494,9.543492553,5.408586206,473,25,8,5,38,479,7,1,2,10,511,489,434,21,374,9
4,1000,80,5.13,10.3,18,37,85,958,29,8,5,42,7.367946162,386,470,637.0063692,308.7080692,9.760159036,4.96614526,464,24,8,5,37,494,5,0,0,5,501,499,448,22,377,9
6,1000,80,5.13,10.3,18,37,91,967,24,5,4,33,7.015258868,408,477,3761.193505,2045.348979,9.850026304,4.123223403,473,23,5,4,32,494,1,0,0,1,505,495,456,21,400,8
2,1000,80,5.13,10.3,18,37,86,958,20,13,9,42,7.269437834,413,487,1703.341338,812.8480925,10.15471632,4.475034263,455,17,11,9,37,503,3,2,0,5,492,508,468,19,405,8
5,1000,80,5.13,10.3,18,37,87,953,27,15,5,47,7.064366342,432,504,922.7975669,472.7194451,10.10410725,4.303074984,432,26,13,5,44,521,1,2,0,3,476,524,487,17,421,11
7,1000,80,5.13,10.3,18,37,87,959,24,10,7,41,7.19083371,375,465,1901.434395,878.9913181,9.357347455,4.815389919,490,19,7,7,33,469,5,3,0,8,523,477,445,20,367,8
8,1000,80,5.13,10.3,18,37,86,965,24,6,5,35,7.084165602,392,456,450.2910889,243.6472637,9.560388485,4.380005885,490,21,6,5,32,475,3,0,0,3,522,478,441,15,383,9
1,1000,80,5.13,10.3,18,37,79,968,15,11,6,32,7.121761619,381,476,298.8047462,153.3992121,9.008634525,5.286991713,468,11,9,5,25,500,4,2,1,7,493,507,453,23,370,11
3,1000,80,5.13,10.3,18,37,87,952,32,9,7,48,7.496656289,381,451,600.7716699,307.9557185,9.581763233,5.317740853,473,25,8,5,38,479,7,1,2,10,511,489,440,11,374,7
4,1000,80,5.13,10.3,18,37,86,960,27,8,5,40,7.327896551,391,477,691.6452587,334.2809763,9.757881968,4.888171714,465,23,8,5,36,495,4,0,0,4,501,499,452,25,376,15
6,1000,80,5.13,10.3,18,37,92,967,24,5,4,33,6.978438387,408,472,4142.248509,2254.782945,9.874426552,4.02394541,473,23,5,4,32,494,1,0,0,1,505,495,459,13,398,10
2,1000,80,5.13,10.3,18,37,87,957,20,13,10,43,7.277826934,411,490,1817.509494,868.1409602,10.19726513,4.450339548,454,17,11,10,38,503,3,2,0,5,492,508,476,14,402,9
5,1000,80,5.13,10.3,18,37,88,953,27,15,5,47,7.098311229,415,503,988.112816,505.4590467,10.18598262,4.293479968,432,26,13,5,44,521,1,2,0,3,476,524,488,15,410,5
7,1000,80,5.13,10.3,18,37,88,959,25,9,7,41,7.17396866,366,460,2012.413851,928.2202857,9.392990472,4.740953131,489,21,6,7,34,470,4,3,0,7,523,477,431,29,356,10
8,1000,80,5.13,10.3,18,37,87,964,25,6,5,36,7.062179745,385,465,480.1728122,265.2336043,9.589291889,4.302446401,489,22,6,5,33,475,3,0,0,3,522,478,440,25,374,11
1,1000,80,5.13,10.3,18,37,80,968,16,11,5,32,7.087077619,388,479,318.4050161,163.8372428,9.048669291,5.179652187,467,12,9,5,26,501,4,2,0,6,493,507,457,22,376,12
3,1000,80,5.13,10.3,18,37,88,951,33,9,7,49,7.529204898,382,457,646.9517401,330.893083,9.650683586,5.312281361,472,26,8,5,39,479,7,1,2,10,511,489,445,12,377,5
4,1000,80,5.13,10.3,18,37,87,959,28,8,5,41,7.36801927,396,464,750.3249468,361.9265869,9.825223584,4.900966442,465,23,8,5,36,494,5,0,0,5,501,499,447,17,388,8
6,1000,80,5.13,10.3,18,37,93,966,25,5,4,34,6.96599279,417,489,4958.176412,2707.093254,9.910704209,3.961792251,472,24,5,4,33,494,1,0,0,1,505,495,468,21,408,9
2,1000,80,5.13,10.3,18,37,88,956,21,13,10,44,7.263312205,421,489,1891.546397,900.341975,10.21904578,4.400672597,453,18,11,10,39,503,3,2,0,5,492,508,475,14,412,9
5,1000,80,5.13,10.3,18,37,89,953,26,16,5,47,7.079660769,423,503,1052.893743,540.4205766,10.22737905,4.220283094,431,26,14,5,45,522,0,2,0,2,476,524,487,16,414,9
7,1000,80,5.13,10.3,18,37,89,958,27,8,7,42,7.158128287,385,466,2215.3569,1016.6033,9.449929744,4.645314529,487,23,6,7,36,471,4,2,0,6,523,477,443,23,375,10
8,1000,80,5.13,10.3,18,37,88,964,24,7,5,36,7.042587492,383,463,526.0378401,298.2895622,9.628520027,4.218619325,489,21,7,5,33,475,3,0,0,3,522,478,444,19,377,6
4,1000,80,5.13,10.3,18,37,88,959,28,8,5,41,7.322826056,381,467,789.5566492,381.1488844,9.853910919,4.781596564,465,23,8,5,36,494,5,0,0,5,501,499,452,15,375,6
3,1000,80,5.13,10.3,18,37,89,951,33,9,7,49,7.521644171,384,470,673.9725469,343.1815917,9.692013717,5.253630187,472,26,8,5,39,479,7,1,2,10,511,489,453,17,365,19
1,1000,80,5.13,10.3,18,37,81,968,16,11,5,32,7.063743225,397,480,341.5294278,176.2407594,9.074081976,5.108916786,467,12,9,5,26,501,4,2,0,6,493,507,461,19,382,15
6,1000,80,5.13,10.3,18,37,94,966,25,5,4,34,6.945238637,408,481,6010.686899,3284.960408,9.944737606,3.88514373,472,24,5,4,33,494,1,0,0,1,505,495,462,19,401,7
2,1000,80,5.13,10.3,18,37,89,956,20,14,10,44,7.242037004,417,495,2001.843023,955.8015968,10.23956255,4.33892171,453,17,12,10,39,503,3,2,0,5,492,508,480,15,406,11
5,1000,80,5.13,10.3,18,37,90,950,29,16,5,50,7.108058768,443,503,1115.365585,572.4895029,10.29667844,4.211526398,431,26,14,5,45,519,3,2,0,5,476,524,488,15,436,7
8,1000,80,5.13,10.3,18,37,89,964,24,7,5,36,7.057986764,389,464,556.5768,311.1648752,9.671496215,4.203903222,489,21,7,5,33,475,3,0,0,3,522,478,449,15,375,14
7,1000,80,5.13,10.3,18,37,90,957,28,8,7,43,7.154153158,387,457,2346.46129,1078.915853,9.483940816,4.599689962,487,23,6,7,36,470,5,2,0,7,523,477,445,12,379,8
4,1000,80,5.13,10.3,18,37,89,959,28,8,5,41,7.297328071,405,472,850.0555826,411.4313492,9.89752638,4.686708126,465,23,8,5,36,494,5,0,0,5,501,499,453,19,395,10
3,1000,80,5.13,10.3,18,37,90,951,33,9,7,49,7.528636675,389,460,717.3985401,364.4396697,9.759084851,5.197841137,472,26,8,5,39,479,7,1,2,10,511,489,443,17,379,10
1,1000,80,5.13,10.3,18,37,82,968,15,12,5,32,7.062947106,390,481,371.7455944,192.0017329,9.123301644,5.059485986,467,11,10,5,26,501,4,2,0,6,493,507,463,18,383,7
6,1000,80,5.13,10.3,18,37,95,965,25,6,4,35,6.914891276,426,486,6630.198365,3629.171817,9.966778525,3.80134974,471,24,6,4,34,494,1,0,0,1,505,495,464,22,415,11
2,1000,80,5.13,10.3,18,37,90,956,20,13,11,44,7.233616205,421,495,2131.838409,1020.699458,10.27028874,4.292586903,453,17,11,11,39,503,3,2,0,5,492,508,475,20,411,10
5,1000,80,5.13,10.3,18,37,91,950,29,16,5,50,7.111523454,432,501,1165.475779,599.2052154,10.34976315,4.1699164,431,26,14,5,45,519,3,2,0,5,476,524,489,12,423,9
8,1000,80,5.13,10.3,18,37,90,965,23,7,5,35,7.035231572,396,470,580.0388256,323.9889632,9.706124614,4.118482267,489,21,7,5,33,476,2,0,0,2,522,478,452,18,389,7
7,1000,80,5.13,10.3,18,37,91,957,27,9,7,43,7.139201542,377,466,2527.897897,1159.768364,9.543298031,4.503263462,486,23,7,7,37,471,4,2,0,6,523,477,446,20,370,7
4,1000,80,5.13,10.3,18,37,90,960,27,8,5,40,7.312491527,398,472,933.0612076,452.9396995,9.978075211,4.636224141,465,23,8,5,36,495,4,0,0,4,501,499,463,9,389,9
3,1000,80,5.13,10.3,18,37,91,949,35,9,7,51,7.536929703,378,461,770.7022314,390.1668742,9.800958987,5.171042251,471,27,8,5,40,478,8,1,2,11,511,489,447,14,372,6
6,1000,80,5.13,10.3,18,37,96,963,25,8,4,37,6.942662048,422,488,7286.550715,3990.758287,10.01511838,3.808135895,470,23,8,4,35,493,2,0,0,2,505,495,472,16,417,5
1,1000,80,5.13,10.3,18,37,83,968,15,12,5,32,7.035504463,384,489,402.4859614,207.7663258,9.161059632,4.968643125,467,11,10,5,26,501,4,2,0,6,493,507,468,21,377,7
2,1000,80,5.13,10.3,18,37,91,956,20,13,11,44,7.209860842,432,500,2319.666924,1115.725161,10.28687914,4.229756507,453,17,11,11,39,503,3,2,0,5,492,508,480,20,426,6
8,1000,80,5.13,10.3,18,37,91,964,24,7,5,36,7.016777642,387,464,615.7841955,340.1685405,9.747950325,4.034199943,487,23,7,5,35,477,1,0,0,1,522,478,448,16,379,8
5,1000,80,5.13,10.3,18,37,92,950,29,16,5,50,7.109091698,428,508,1231.923374,632.7786087,10.34898584,4.165981752,431,26,14,5,45,519,3,2,0,5,476,524,497,11,421,7
7,1000,80,5.13,10.3,18,37,92,957,27,9,7,43,7.132432757,400,473,2613.583615,1202.348446,9.580373194,4.448422593,486,23,7,7,37,471,4,2,0,6,523,477,455,18,387,13
4,1000,80,5.13,10.3,18,37,91,960,27,8,5,40,7.324129297,409,480,1016.715496,491.9447238,10.01659246,4.620874696,465,23,8,5,36,495,4,0,0,4,501,499,468,12,398,11
3,1000,80,5.13,10.3,18,37,92,949,35,9,7,51,7.53332608,387,476,829.5681061,418.9215508,9.828381407,5.13501673,471,27,8,5,40,478,8,1,2,11,511,489,456,20,380,7
6,1000,80,5.13,10.3,18,37,97,963,25,8,4,37,6.937822292,426,491,8775.337648,4812.577608,10.06896605,3.743423108,470,23,8,4,35,493,2,0,0,2,505,495,466,25,412,14
2,1000,80,5.13,10.3,18,37,92,955,21,13,11,45,7.205729956,426,499,2546.331738,1221.026796,10.31777515,4.191701931,452,18,11,11,40,503,3,2,0,5,492,508,475,24,421,5
8,1000,80,5.13,10.3,18,37,92,964,24,7,5,36,7.000407898,388,471,646.003874,358.0811626,9.760023486,3.986769118,487,23,7,5,35,477,1,0,0,1,522,478,456,15,384,4
1,1000,80,5.13,10.3,18,37,84,966,17,12,5,34,7.024248677,397,476,430.3218101,222.0383026,9.230294538,4.879119269,465,13,10,5,28,501,4,2,0,6,493,507,460,16,387,10
5,1000,80,5.13,10.3,18,37,93,949,30,16,5,51,7.090580217,438,518,1314.619353,675.1049295,10.36381004,4.117188244,430,27,14,5,46,519,3,2,0,5,476,524,496,22,426,12
4,1000,80,5.13,10.3,18,37,92,960,27,8,5,40,7.28184665,404,486,1087.665877,529.1488199,10.06559224,4.486943761,465,23,8,5,36,495,4,0,0,4,501,499,464,22,398,6
7,1000,80,5.13,10.3,18,37,93,956,28,8,8,44,7.132141251,397,473,2723.015723,1262.124062,9.617788471,4.406788009,486,23,6,8,37,470,5,2,0,7,523,477,455,18,389,8
3,1000,80,5.13,10.3,18,37,93,949,35,9,7,51,7.526920025,402,472,895.5984431,447.5538359,9.857888102,5.09108222,471,27,8,5,40,478,8,1,2,11,511,489,454,18,391,11
2,1000,80,5.13,10.3,18,37,93,955,21,13,11,45,7.158835045,434,488,2756.201713,1321.424868,10.31745491,4.099699268,452,18,11,11,40,503,3,2,0,5,492,508,477,11,424,10
6,1000,80,5.13,10.3,18,37,98,960,28,8,4,40,6.941319702,428,487,9689.317646,5319.036512,10.14463526,3.673290699,467,26,8,4,38,493,2,0,0,2,505,495,474,13,419,9
8,1000,80,5.13,10.3,18,37,93,963,25,7,5,37,6.990500842,406,467,678.8908256,377.8404391,9.788529413,3.934913156,486,24,7,5,36,477,1,0,0,1,522,478,453,14,402,4
5,1000,80,5.13,10.3,18,37,94,949,29,16,6,51,7.101504227,436,520,1414.338937,725.9019822,10.43750845,4.071088179,430,26,14,6,46,519,3,2,0,5,476,524,502,18,431,5
1,1000,80,5.13,10.3,18,37,85,967,16,12,5,33,7.023952197,398,483,466.8904531,241.6608851,9.212396298,4.895938505,466,12,10,5,27,501,4,2,0,6,493,507,460,23,388,10
4,1000,80,5.13,10.3,18,37,93,959,27,9,5,41,7.258673181,397,488,1172.865946,570.080325,10.12070185,4.385173455,464,23,9,5,37,495,4,0,0,4,501,499,467,21,395,2
7,1000,80,5.13,10.3,18,37,94,955,29,8,8,45,7.14300418,386,462,2979.522334,1378.939289,9.685123253,4.355733163,485,24,6,8,38,470,5,2,0,7,523,477,450,12,378,8
3,1000,80,5.13,10.3,18,37,94,948,36,8,8,52,7.546456692,391,467,957.9494497,477.8902674,9.930252311,5.055414644,470,28,7,6,41,478,8,1,2,11,511,489,455,12,385,6
2,1000,80,5.13,10.3,18,37,94,955,21,13,11,45,7.201382665,422,497,3001.013706,1431.550216,10.39284259,4.110441162,452,18,11,11,40,503,3,2,0,5,492,508,482,15,415,7
6,1000,80,5.13,10.3,18,37,99,961,27,8,4,39,6.933594411,429,475,10713.73527,5883.182526,10.17450526,3.627210613,468,25,8,4,37,493,2,0,0,2,505,495,468,7,420,9
8,1000,80,5.13,10.3,18,37,94,962,26,7,5,38,6.971068873,405,480,735.1863575,403.7330573,9.824639454,3.854826524,485,25,7,5,37,477,1,0,0,1,522,478,458,22,397,8
5,1000,80,5.13,10.3,18,37,95,945,33,16,6,55,7.112755454,441,516,1512.923706,777.0649765,10.51680673,4.020525667,426,30,14,6,50,519,3,2,0,5,476,524,500,16,435,6
4,1000,80,5.13,10.3,18,37,94,957,29,9,5,43,7.257174599,409,482,1225.602229,597.04204,10.14870182,4.354058093,463,24,9,5,38,494,5,0,0,5,501,499,467,15,401,8
1,1000,80,5.13,10.3,18,37,86,969,15,11,5,31,6.991300451,408,488,500.3528575,259.7206082,9.260486322,4.784774544,466,12,10,5,27,503,3,1,0,4,493,507,467,21,402,6
7,1000,80,5.13,10.3,18,37,95,955,28,9,8,45,7.113779526,397,463,3176.043697,1477.084154,9.727708185,4.247773889,485,23,7,8,38,470,5,2,0,7,523,477,450,13,388,9
2,1000,80,5.13,10.3,18,37,95,953,23,13,11,47,7.18032656,432,493,3154.893055,1500.985967,10.43786067,4.025391948,450,20,11,11,42,503,3,2,0,5,492,508,479,14,424,8
3,1000,80,5.13,10.3,18,37,95,948,35,9,8,52,7.555554828,411,469,1038.637007,516.9712064,9.996972825,5.004297983,470,27,8,6,41,478,8,1,2,11,511,489,455,14,401,10
6,1000,80,5.13,10.3,18,37,100,961,27,8,4,39,6.954629883,435,484,12998.03609,7147.646542,10.22215545,3.621093696,468,25,8,4,37,493,2,0,0,2,505,495,472,12,425,10
8,1000,80,5.13,10.3,18,37,95,962,25,8,5,38,6.959399634,412,476,776.3235582,427.3085391,9.88540216,3.764057963,485,24,8,5,37,477,1,0,0,1,522,478,459,17,403,9
4,1000,80,5.13,10.3,18,37,95,956,29,9,6,44,7.252155163,424,493,1348.271924,657.7558658,10.18425415,4.308304278,462,24,9,6,39,494,5,0,0,5,501,499,474,19,412,12
5,1000,80,5.13,10.3,18,37,96,945,33,16,6,55,7.128412995,444,508,1623.334036,831.1079629,10.57567971,3.996926434,426,30,14,6,50,519,3,2,0,5,476,524,498,10,435,9
7,1000,80,5.13,10.3,18,37,96,954,29,9,8,46,7.095523537,397,475,3401.816966,1583.552253,9.751497892,4.183417482,484,24,7,8,39,470,5,2,0,7,523,477,454,21,389,8
1,1000,80,5.13,10.3,18,37,87,969,15,11,5,31,6.994423003,410,476,540.0346393,281.8942743,9.275804926,4.776037819,466,12,10,5,27,503,3,1,0,4,493,507,468,8,400,10
2,1000,80,5.13,10.3,18,37,96,954,23,12,11,46,7.14792331,442,490,3263.803318,1558.888826,10.45184262,3.948064451,450,20,11,11,42,504,3,1,0,4,492,508,480,10,433,9
3,1000,80,5.13,10.3,18,37,96,948,35,9,8,52,7.567296987,407,473,1096.348437,541.8236567,10.05464019,4.968048776,470,27,8,6,41,478,8,1,2,11,511,489,454,19,401,6
6,1000,80,5.13,10.3,18,37,101,961,27,8,4,39,6.976722208,428,485,14375.02818,7923.098149,10.27883261,3.607902509,468,25,8,4,37,493,2,0,0,2,505,495,473,12,423,5
8,1000,80,5.13,10.3,18,37,96,962,25,8,5,38,6.962539161,398,474,830.317604,455.6599447,9.941829799,3.709004197,485,24,8,5,37,477,1,0,0,1,522,478,455,19,394,4
4,1000,80,5.13,10.3,18,37,96,953,31,10,6,47,7.245743975,421,478,1444.977838,703.2015111,10.23902859,4.240462223,460,26,9,6,41,493,5,1,0,6,501,499,468,10,414,7
5,1000,80,5.13,10.3,18,37,97,947,33,14,6,53,7.130210211,449,510,1729.932818,882.9306092,10.58492174,3.991960811,427,30,13,6,49,520,3,1,0,4,476,524,501,9,443,6
7,1000,80,5.13,10.3,18,37,97,953,30,9,8,47,7.120733666,405,465,3808.827523,1775.28473,9.797055394,4.186318019,483,25,7,8,40,470,5,2,0,7,523,477,454,11,396,9
1,1000,80,5.13,10.3,18,37,88,969,15,11,5,31,6.993617772,403,498,578.2544154,304.7218627,9.291685162,4.759007864,466,12,10,5,27,503,3,1,0,4,493,507,476,22,398,5
2,1000,80,5.13,10.3,18,37,97,953,24,12,11,47,7.148830674,435,494,3585.452301,1714.743238,10.49770098,3.905436595,449,21,11,11,43,504,3,1,0,4,492,508,484,10,430,5
6,1000,80,5.13,10.3,18,37,102,960,28,8,4,40,6.960259033,445,487,15960.73348,8768.925245,10.28615713,3.567171076,467,26,8,4,38,493,2,0,0,2,505,495,475,12,430,15
3,1000,80,5.13,10.3,18,37,97,949,32,11,8,51,7.581539779,407,463,1159.457656,575.1752475,10.12948317,4.918964993,470,26,9,6,41,479,6,2,2,10,511,489,449,14,400,7
8,1000,80,5.13,10.3,18,37,97,962,25,8,5,38,6.964202377,415,467,882.6918059,485.3428575,9.990383356,3.659460805,485,24,8,5,37,477,1,0,0,1,522,478,451,16,406,9
4,1000,80,5.13,10.3,18,37,97,952,32,10,6,48,7.269153098,425,487,1527.772444,741.7169306,10.28567652,4.240539401,459,27,9,6,42,493,5,1,0,6,501,499,472,15,415,10
5,1000,80,5.13,10.3,18,37,98,947,33,14,6,53,7.091744709,448,516,1892.106697,964.8529874,10.62025534,3.886456427,427,30,13,6,49,520,3,1,0,4,476,524,501,15,442,6
7,1000,80,5.13,10.3,18,37,98,953,30,9,8,47,7.103536806,399,466,4391.113502,2040.193801,9.814138522,4.131535345,483,25,7,8,40,470,5,2,0,7,523,477,453,13,389,10
2,1000,80,5.13,10.3,18,37,98,952,25,12,11,48,7.135530951,438,499,3697.829666,1766.809492,10.54966061,3.828932932,448,22,11,11,44,504,3,1,0,4,492,508,486,13,433,5
1,1000,80,5.13,10.3,18,37,89,967,17,11,5,33,6.980799513,415,479,620.5833043,327.4421836,9.327462652,4.698935751,464,14,10,5,29,503,3,1,0,4,493,507,463,16,409,6
6,1000,80,5.13,10.3,18,37,103,960,28,8,4,40,6.985790749,441,491,17644.88298,9684.494926,10.33721814,3.566657759,467,26,8,4,38,493,2,0,0,2,505,495,477,14,431,10
8,1000,80,5.13,10.3,18,37,98,961,26,8,5,39,6.952947032,413,478,946.6255414,525.7098824,10.05351139,3.566975071,484,25,8,5,38,477,1,0,0,1,522,478,462,16,402,11
3,1000,80,5.13,10.3,18,37,98,948,32,12,8,52,7.565671761,414,475,1233.579418,606.495928,10.15814235,4.856566499,470,25,10,6,41,478,7,2,2,11,511,489,453,22,408,6
4,1000,80,5.13,10.3,18,37,98,952,32,10,6,48,7.239754257,419,490,1613.021882,783.7138321,10.32649877,4.140638019,459,27,9,6,42,493,5,1,0,6,501,499,473,17,413,6
5,1000,80,5.13,10.3,18,37,99,949,32,13,6,51,7.079635854,452,521,2030.47987,1031.396004,10.63787227,3.847344756,428,30,12,6,48,521,2,1,0,3,476,524,506,15,445,7
7,1000,80,5.13,10.3,18,37,99,952,31,9,8,48,7.12698386,412,472,4704.008867,2177.648433,9.867796202,4.121858378,481,27,7,8,42,471,4,2,0,6,523,477,457,15,400,12
2,1000,80,5.13,10.3,18,37,99,952,26,11,11,48,7.13303529,437,501,3782.061054,1810.084831,10.58254338,3.792173119,447,23,11,11,45,505,3,0,0,3,492,508,480,21,431,6
6,1000,80,5.13,10.3,18,37,104,959,28,8,5,41,7.024175048,433,493,19525.06037,10704.76585,10.40556393,3.574475281,466,26,8,5,39,493,2,0,0,2,505,495,481,12,422,11
1,1000,80,5.13,10.3,18,37,90,967,17,11,5,33,6.99844815,423,473,669.6583322,353.1367021,9.388225122,4.674661075,464,14,10,5,29,503,3,1,0,4,493,507,462,11,413,10
8,1000,80,5.13,10.3,18,37,99,961,26,8,5,39,6.955442337,421,471,1023.606789,573.4762745,10.1167241,3.503163924,484,25,8,5,38,477,1,0,0,1,522,478,456,15,411,10
9,1000,80,5.13,10.3,18,37,0,948,30,11,11,52,7.229,101,218,19.89912651,8.705272898,6.503875969,8.002066116,495,13,6,2,21,453,17,5,9,31,516,484,118,100,63,38
3,1000,80,5.13,10.3,18,37,99,949,31,12,8,51,7.536657947,406,478,1325.61571,646.4236484,10.20710028,4.746073018,470,25,10,6,41,479,6,2,2,10,511,489,461,17,401,5
4,1000,80,5.13,10.3,18,37,99,953,30,11,6,47,7.261043484,440,490,1689.55374,818.3655235,10.40524402,4.104240939,459,26,10,6,42,494,4,1,0,5,501,499,475,15,427,13
5,1000,80,5.13,10.3,18,37,100,950,31,13,6,50,7.04401119,459,506,2154.991464,1090.771626,10.6475692,3.770550096,428,30,12,6,48,522,1,1,0,2,476,524,503,3,452,7
7,1000,80,5.13,10.3,18,37,100,950,32,10,8,50,7.132266339,400,475,4952.340375,2289.298558,9.923512938,4.07184292,479,28,8,8,44,471,4,2,0,6,523,477,455,20,391,9
2,1000,80,5.13,10.3,18,37,100,952,26,11,11,48,7.110663911,454,493,4017.769207,1908.540235,10.58880887,3.742066821,447,23,11,11,45,505,3,0,0,3,492,508,481,12,442,12
8,1000,80,5.13,10.3,18,37,100,960,27,8,5,40,6.982751034,412,463,1090.757773,614.3922245,10.1669996,3.505391726,483,26,8,5,39,477,1,0,0,1,522,478,456,7,407,5
4,1000,80,5.13,10.3,18,37,100,953,30,11,6,47,7.262537161,426,490,1805.415847,874.0863227,10.48501983,4.02713873,458,27,10,6,43,495,3,1,0,4,501,499,482,8,417,9
9,1000,80,5.13,10.3,18,37,1,949,29,11,11,51,7.240283267,83,204,20.00306862,8.773114305,6.530413416,7.997086661,495,13,6,2,21,454,16,5,9,30,516,484,118,86,59,24
3,1000,80,5.13,10.3,18,37,100,949,31,11,9,51,7.513853324,416,475,1383.689565,673.5817433,10.21271744,4.693567916,470,25,10,6,41,479,6,1,3,10,511,489,460,15,409,7
1,1000,80,5.13,10.3,18,37,91,965,19,11,5,35,7.001163919,402,486,733.1648716,389.4796323,9.441588045,4.628128231,462,16,10,5,31,503,3,1,0,4,493,507,470,16,397,5
5,1000,80,5.13,10.3,18,37,101,950,30,13,7,50,7.044110414,454,518,2259.357286,1140.864261,10.68688048,3.735029213,428,29,12,7,48,522,1,1,0,2,476,524,508,10,448,6
7,1000,80,5.13,10.3,18,37,101,949,32,11,8,51,7.156262047,403,467,5640.666861,2602.312698,9.973639205,4.06718814,478,29,8,8,45,471,3,3,0,6,523,477,454,13,394,9
2,1000,80,5.13,10.3,18,37,101,951,27,11,11,49,7.156268366,444,499,4325.284127,2056.831206,10.67651722,3.746893492,446,24,11,11,46,505,3,0,0,3,492,508,491,8,441,3
8,1000,80,5.13,10.3,18,37,101,959,28,8,5,41,6.983103364,420,473,1167.885057,662.5996204,10.22297453,3.445001381,482,27,8,5,40,477,1,0,0,1,522,478,459,14,412,8
4,1000,80,5.13,10.3,18,37,101,952,31,11,6,48,7.247223231,438,488,1934.146753,940.427106,10.51195304,3.969408334,457,28,10,6,44,495,3,1,0,4,501,499,476,12,430,8
9,1000,80,5.13,10.3,18,37,2,951,27,11,11,49,7.271201347,81,227,20.0688345,8.839718787,6.625309572,7.959796711,495,13,6,2,21,456,14,5,9,28,516,484,119,108,59,22
3,1000,80,5.13,10.3,18,37,101,949,31,11,9,51,7.498699823,414,473,1477.503019,713.6263995,10.26731997,4.605520083,470,25,10,6,41,479,6,1,3,10,511,489,455,18,408,6
1,1000,80,5.13,10.3,18,37,92,965,19,11,5,35,6.981792192,427,491,774.2704423,416.9356995,9.464321047,4.56781443,462,16,10,5,31,503,3,1,0,4,493,507,473,18,418,9
5,1000,80,5.13,10.3,18,37,102,950,30,13,7,50,7.045360668,463,518,2338.080379,1180.022105,10.72592784,3.701944685,428,29,12,7,48,522,1,1,0,2,476,524,502,16,454,9
7,1000,80,5.13,10.3,18,37,102,948,32,12,8,52,7.151776633,418,482,6695.841732,3076.762584,10.03147352,3.994373125,476,30,9,8,47,472,2,3,0,5,523,477,464,18,410,8
2,1000,80,5.13,10.3,18,37,102,951,27,11,11,49,7.123886042,454,504,4584.386653,2171.350188,10.68661521,3.673368821,446,24,11,11,46,505,3,0,0,3,492,508,492,12,441,13
8,1000,80,5.13,10.3,18,37,102,960,27,7,6,40,6.928082371,437,478,1273.874915,725.865818,10.24811809,3.302436665,482,27,7,6,40,478,0,0,0,0,522,478,460,18,426,11
4,1000,80,5.13,10.3,18,37,102,951,32,11,6,49,7.28117794,437,489,2048.102659,994.936038,10.58039786,3.968734697,456,29,10,6,45,495,3,1,0,4,501,499,475,14,429,8
9,1000,80,5.13,10.3,18,37,3,951,27,11,11,49,7.269301995,100,204,20.15868502,8.925414294,6.659679169,7.919230463,495,13,6,2,21,456,14,5,9,28,516,484,111,93,71,29
3,1000,80,5.13,10.3,18,37,102,948,32,11,9,52,7.51708954,423,474,1565.374925,750.7924361,10.35634568,4.550095902,469,26,10,6,42,479,6,1,3,10,511,489,463,11,416,7
5,1000,80,5.13,10.3,18,37,103,949,31,13,7,51,7.072851998,456,509,2453.309853,1239.128889,10.76503752,3.718881941,427,30,12,7,49,522,1,1,0,2,476,524,500,9,450,6
1,1000,80,5.13,10.3,18,37,93,965,18,12,5,35,6.979631357,426,496,836.8507508,459.1213503,9.504042344,4.524927972,462,15,11,5,31,503,3,1,0,4,493,507,478,18,420,6
7,1000,80,5.13,10.3,18,37,103,948,31,13,8,52,7.148489179,417,474,7748.977593,3531.719777,10.09538368,3.917407781,476,29,10,8,47,472,2,3,0,5,523,477,462,12,413,4
2,1000,80,5.13,10.3,18,37,103,950,28,10,12,50,7.114068785,462,501,4791.643866,2265.558696,10.72068707,3.621044774,445,25,10,12,47,505,3,0,0,3,492,508,493,8,448,14
4,1000,80,5.13,10.3,18,37,103,951,32,11,6,49,7.277312446,441,494,2214.368728,1076.258073,10.66054619,3.880518647,456,29,10,6,45,495,3,1,0,4,501,499,479,15,430,11
8,1000,80,5.13,10.3,18,37,103,959,27,8,6,41,6.964100725,434,482,1425.513057,795.1798195,10.31669739,3.302896837,481,27,8,6,41,478,0,0,0,0,522,478,465,17,425,9
9,1000,80,5.13,10.3,18,37,4,949,29,11,11,51,7.29173158,99,180,20.21701191,8.986467143,6.688439045,7.934911223,494,14,6,2,22,455,15,5,9,29,516,484,109,71,69,30
3,1000,80,5.13,10.3,18,37,103,946,33,11,10,54,7.526957914,425,477,1660.345522,794.4832711,10.4296458,4.49367875,467,27,10,7,44,479,6,1,3,10,511,489,465,12,418,7
5,1000,80,5.13,10.3,18,37,104,948,32,13,7,52,7.055864266,465,518,2591.022299,1310.985804,10.79252519,3.661492895,427,30,12,7,49,521,2,1,0,3,476,524,510,8,459,6
1,1000,80,5.13,10.3,18,37,94,965,18,12,5,35,6.987732192,424,491,893.9908818,494.118586,9.553523442,4.492791193,462,15,11,5,31,503,3,1,0,4,493,507,478,13,418,6
10,1000,80,5.13,10.3,18,37,0,942,28,11,19,58,7.087,104,200,20.05951816,9.083776167,6.097609562,8.084337349,484,10,4,4,18,458,18,7,15,40,502,498,110,90,66,38
2,1000,80,5.13,10.3,18,37,104,949,28,11,12,51,7.106026741,453,503,4965.868139,2336.364005,10.75805821,3.56901988,444,25,11,12,48,505,3,0,0,3,492,508,489,14,441,12
7,1000,80,5.13,10.3,18,37,104,949,31,12,8,51,7.102139295,418,472,8853.148609,3999.03801,10.11600878,3.797624111,476,29,10,8,47,473,2,2,0,4,523,477,457,15,410,8
11,1000,80,5.13,10.3,18,37,0,928,40,14,18,72,7.512,102,220,20.02124328,9.253722755,7.130879346,7.876712329,456,18,7,8,33,472,22,7,10,39,489,511,117,103,63,39
12,1000,80,5.13,10.3,18,37,0,953,20,17,10,47,6.778,97,213,20.01818457,8.837645129,6.125506073,7.415019763,480,5,6,3,14,473,15,11,7,33,494,506,109,104,67,30
4,1000,80,5.13,10.3,18,37,104,950,33,11,6,50,7.282164637,437,499,2370.684905,1155.766462,10.72098436,3.829562072,455,30,10,6,46,495,3,1,0,4,501,499,482,17,431,6
8,1000,80,5.13,10.3,18,37,104,959,27,8,6,41,6.962447289,432,483,1510.536373,851.9072182,10.34570978,3.26775478,481,27,8,6,41,478,0,0,0,0,522,478,468,15,426,6
13,1000,80,5.13,10.3,18,37,0,940,30,12,18,60,7.296,97,207,19.9968733,8.981855748,6.34063745,8.259036145,485,10,1,6,17,455,20,11,12,43,502,498,112,95,69,28
14,1000,80,5.13,10.3,18,37,0,945,27,15,13,55,6.919,89,206,20.07820148,9.082463379,5.901639344,7.888671875,475,6,5,2,13,470,21,10,11,42,488,512,136,70,65,24
9,1000,80,5.13,10.3,18,37,5,950,29,10,11,50,7.273152055,92,216,20.33833281,9.066582353,6.724880834,7.857672614,494,14,6,2,22,456,15,4,9,28,516,484,115,101,73,19
3,1000,80,5.13,10.3,18,37,104,946,33,11,10,54,7.553681486,413,483,1734.753295,830.1570001,10.48237206,4.49322978,467,27,10,7,44,479,6,1,3,10,511,489,467,16,407,6
15,1000,80,5.13,10.3,18,37,0,926,37,22,15,74,7.194,91,192,20.08410387,9.368635104,6.089613035,8.259332024,470,11,8,2,21,456,26,14,13,53,491,509,117,75,65,26
10,1000,80,5.13,10.3,18,37,1,942,28,11,19,58,7.09343369,85,210,20.1534465,9.158312644,6.110891895,8.083867387,484,10,4,4,18,458,18,7,15,40,502,498,123,87,54,31
1,1000,80,5.13,10.3,18,37,95,966,18,11,5,34,6.969780579,425,487,963.08665,539.4574351,9.603268013,4.409012718,462,15,11,5,31,504,3,0,0,3,493,507,472,15,419,6
11,1000,80,5.13,10.3,18,37,1,928,40,14,18,72,7.52649171,92,212,20.08083352,9.322332624,7.166902026,7.870600038,456,18,7,8,33,472,22,7,10,39,489,511,117,95,66,26
12,1000,80,5.13,10.3,18,37,1,953,20,17,10,47,6.806256506,79,185,20.0873946,8.924261433,6.180491341,7.417181391,480,5,6,3,14,473,15,11,7,33,494,506,107,78,55,24
13,1000,80,5.13,10.3,18,37,1,941,30,11,18,59,7.320253879,94,214,19.99492959,9.023799079,6.382190103,8.265852305,485,10,1,6,17,456,20,10,12,42,502,498,122,92,65,29
14,1000,80,5.13,10.3,18,37,1,946,26,16,12,54,6.942006321,88,183,20.10340291,9.174251254,5.953226067,7.884437501,475,6,5,2,13,471,20,11,10,41,488,512,99,84,62,26
9,1000,80,5.13,10.3,18,37,6,952,27,11,10,48,7.314059145,99,225,20.41381216,9.136818639,6.787433816,7.875502677,494,13,7,2,22,458,14,4,8,26,516,484,135,90,77,22
15,1000,80,5.13,10.3,18,37,1,926,38,22,14,74,7.233777742,103,195,20.17126676,9.445947166,6.165512544,8.264265389,470,11,8,2,21,456,27,14,12,53,491,509,119,76,67,36
10,1000,80,5.13,10.3,18,37,2,942,28,11,19,58,7.116135358,101,214,20.26486696,9.253911626,6.152917721,8.087089683,484,10,4,4,18,458,18,7,15,40,502,498,121,93,69,32
1,1000,80,5.13,10.3,18,37,96,963,21,11,5,37,6.96332321,435,495,1050.266998,589.3476596,9.661771336,4.339388444,459,18,11,5,34,504,3,0,0,3,493,507,475,20,423,12
11,1000,80,5.13,10.3,18,37,2,928,41,14,17,72,7.565407262,86,203,20.13536299,9.392433434,7.223416017,7.892674814,456,18,7,8,33,472,23,7,9,39,489,511,115,88,60,26
12,1000,80,5.13,10.3,18,37,2,953,20,17,10,47,6.808709785,85,201,20.14478554,8.987811955,6.213802583,7.389508517,480,5,6,3,14,473,15,11,7,33,494,506,111,90,62,23
13,1000,80,5.13,10.3,18,37,2,942,29,11,18,58,7.342371218,85,202,20.0397794,9.089260762,6.425789338,8.266315202,485,10,1,6,17,457,19,10,12,41,502,498,119,83,63,22
14,1000,80,5.13,10.3,18,37,2,950,23,14,13,50,6.922538097,106,207,20.20869549,9.267741062,5.943216451,7.85595404,476,6,3,3,12,474,17,11,10,38,488,512,119,88,74,32
9,1000,80,5.13,10.3,18,37,7,951,28,11,10,49,7.336997435,106,205,20.5064338,9.219918618,6.854752269,7.851126579,493,14,7,2,23,458,14,4,8,26,516,484,128,77,80,26
15,1000,80,5.13,10.3,18,37,2,929,36,21,14,71,7.221071908,104,206,20.28813815,9.570396952,6.142700942,8.261307948,471,11,7,2,20,458,25,14,12,51,491,509,125,81,75,29
10,1000,80,5.13,10.3,18,37,3,944,28,10,18,56,7.121176454,106,201,20.32729901,9.31980758,6.204187621,8.04553066,484,10,4,4,18,460,18,6,14,38,502,498,115,86,74,32
1,1000,80,5.13,10.3,18,37,97,963,21,11,5,37,6.987750692,432,490,1123.726989,626.2819111,9.715310125,4.335508482,459,18,11,5,34,504,3,0,0,3,493,507,475,15,424,8
11,1000,80,5.13,10.3,18,37,3,927,42,13,18,73,7.60124284,110,204,20.23159836,9.462625507,7.274680016,7.913746208,456,18,6,9,33,471,24,7,9,40,489,511,119,85,75,35
12,1000,80,5.13,10.3,18,37,3,954,21,15,10,46,6.846080078,111,228,20.21101547,9.057159128,6.302980973,7.376299362,480,5,5,4,14,474,16,10,6,32,494,506,124,104,81,30
13,1000,80,5.13,10.3,18,37,3,942,29,11,18,58,7.334278876,104,209,20.05074259,9.120079217,6.418211903,8.257703816,485,10,1,6,17,457,19,10,12,41,502,498,124,85,70,34
14,1000,80,5.13,10.3,18,37,3,949,25,14,12,51,6.919197469,93,201,20.32515649,9.365106755,5.950519017,7.842469118,475,8,3,2,13,474,17,11,10,38,488,512,120,81,72,21
9,1000,80,5.13,10.3,18,37,8,950,27,13,10,50,7.364208249,81,218,20.68492195,9.336111716,6.91932872,7.8385013,493,12,9,2,23,457,15,4,8,27,516,484,134,84,57,24
15,1000,80,5.13,10.3,18,37,3,931,35,20,14,69,7.27204823,79,222,20.33184357,9.638950917,6.209005848,8.297497757,472,11,6,2,19,459,24,14,12,50,491,509,126,96,62,17
10,1000,80,5.13,10.3,18,37,4,944,28,10,18,56,7.158681011,95,216,20.37963815,9.358950015,6.289636025,8.034706278,484,10,4,4,18,460,18,6,14,38,502,498,129,87,70,25
11,1000,80,5.13,10.3,18,37,4,927,43,12,18,73,7.59478124,105,196,20.27403384,9.508246734,7.299615695,7.877239071,455,19,6,9,34,472,24,6,9,39,489,511,115,81,73,32
12,1000,80,5.13,10.3,18,37,4,955,21,14,10,45,6.87787381,87,202,20.21749483,9.106503769,6.331455426,7.411333655,480,5,5,4,14,475,16,9,6,31,494,506,116,86,55,32
1,1000,80,5.13,10.3,18,37,98,963,21,11,5,37,6.989324675,431,492,1201.991266,664.9756063,9.750317908,4.304571886,459,18,11,5,34,504,3,0,0,3,493,507,476,16,423,8
13,1000,80,5.13,10.3,18,37,4,943,28,11,18,57,7.373817281,89,207,20.15857865,9.201467369,6.46753276,8.287381195,485,10,1,6,17,458,18,10,12,40,502,498,135,72,68,21
14,1000,80,5.13,10.3,18,37,4,952,24,12,12,48,6.904754647,95,202,20.40981845,9.444240011,5.948045194,7.816618344,477,7,2,2,11,475,17,10,10,37,488,512,131,71,69,26
9,1000,80,5.13,10.3,18,37,9,953,25,12,10,47,7.348230997,105,198,20.86329097,9.445845734,6.931743969,7.792254356,493,12,9,2,23,460,13,3,8,24,516,484,138,60,79,26
15,1000,80,5.13,10.3,18,37,4,932,34,20,14,68,7.295561165,94,212,20.44385721,9.736824109,6.195738244,8.356490545,473,10,6,2,18,459,24,14,12,50,491,509,136,76,60,34
10,1000,80,5.13,10.3,18,37,5,944,28,11,17,56,7.163334373,89,214,20.47320812,9.450538793,6.289893975,8.043790357,484,11,4,3,18,460,17,7,14,38,502,498,127,87,65,24
11,1000,80,5.13,10.3,18,37,5,930,42,12,16,70,7.587970972,114,193,20.37606503,9.600831496,7.348703408,7.816937387,456,19,6,8,33,474,23,6,8,37,489,511,115,78,80,34
12,1000,80,5.13,10.3,18,37,5,955,20,15,10,45,6.91422959,100,213,20.30628345,9.169865443,6.378535887,7.437219095,480,4,6,4,14,475,16,9,6,31,494,506,134,79,69,31
1,1000,80,5.13,10.3,18,37,99,962,22,11,5,38,6.973502379,436,496,1307.898255,722.6071035,9.798734019,4.226285026,458,19,11,5,35,504,3,0,0,3,493,507,482,14,432,4
13,1000,80,5.13,10.3,18,37,5,944,28,10,18,56,7.406491935,89,197,20.22563456,9.255299368,6.489967376,8.330378137,485,10,1,6,17,459,18,9,12,39,502,498,129,68,63,26
14,1000,80,5.13,10.3,18,37,5,953,22,13,12,47,6.919186594,100,212,20.53742363,9.522476659,5.988784205,7.80597637,477,7,2,2,11,476,15,11,10,36,488,512,142,70,77,23
9,1000,80,5.13,10.3,18,37,10,954,25,12,9,46,7.365538181,89,205,20.9937116,9.537652864,6.965917787,7.791579758,493,12,9,2,23,461,13,3,7,23,516,484,136,69,64,25
15,1000,80,5.13,10.3,18,37,5,931,36,19,14,69,7.324220736,83,208,20.5923042,9.841838652,6.240226156,8.369881519,472,11,6,2,19,459,25,13,12,50,491,509,120,88,60,23
10,1000,80,5.13,10.3,18,37,6,945,28,11,16,55,7.169214784,100,218,20.5367908,9.510343316,6.324645305,8.020567954,484,11,4,3,18,461,17,7,13,37,502,498,131,87,68,32
11,1000,80,5.13,10.3,18,37,6,930,42,12,16,70,7.576652019,98,198,20.45402364,9.675927201,7.34679666,7.796611452,456,19,6,8,33,474,23,6,8,37,489,511,112,86,72,26
12,1000,80,5.13,10.3,18,37,6,953,22,15,10,47,6.937656951,89,208,20.3925424,9.277975886,6.400116275,7.462449627,479,5,6,4,15,474,17,9,6,32,494,506,136,72,67,22
13,1000,80,5.13,10.3,18,37,6,948,25,10,17,52,7.375566708,98,229,20.3040252,9.30439057,6.443463547,8.315156641,487,8,1,6,15,461,17,9,11,37,502,498,139,90,65,33
1,1000,80,5.13,10.3,18,37,100,962,20,13,5,38,6.950062942,441,496,1431.294256,790.5432079,9.827811902,4.15177845,458,18,12,5,35,504,2,1,0,3,493,507,488,8,429,12
14,1000,80,5.13,10.3,18,37,6,954,21,13,12,46,6.95032512,125,217,20.63276821,9.623947643,6.006665604,7.849750596,477,7,2,2,11,477,14,11,10,35,488,512,132,85,91,34
9,1000,80,5.13,10.3,18,37,11,955,24,12,9,45,7.344755021,97,199,21.14691078,9.615014369,6.960926291,7.753960856,494,11,9,2,22,461,13,3,7,23,516,484,129,70,72,25
15,1000,80,5.13,10.3,18,37,6,931,36,19,14,69,7.362701311,96,219,20.78379615,10.00427125,6.307549423,8.380539379,472,11,6,2,19,459,25,13,12,50,491,509,138,81,68,28
11,1000,80,5.13,10.3,18,37,7,932,40,12,16,68,7.582154457,90,218,20.59262991,9.767525641,7.404473737,7.752185519,457,18,6,8,32,475,22,6,8,36,489,511,146,72,63,27
10,1000,80,5.13,10.3,18,37,7,946,27,11,16,54,7.170436323,114,200,20.59561823,9.582554239,6.315829065,8.031907896,485,10,4,3,17,461,17,7,13,37,502,498,114,86,84,30
13,1000,80,5.13,10.3,18,37,7,949,23,11,17,51,7.421935617,88,230,20.42785972,9.41764144,6.514291541,8.336870007,487,8,1,6,15,462,15,10,11,36,502,498,141,89,66,22
12,1000,80,5.13,10.3,18,37,7,955,20,14,11,45,6.977097683,92,218,20.43218354,9.340198674,6.463322104,7.478688862,479,5,6,4,15,476,15,8,7,30,494,506,132,86,64,28
1,1000,80,5.13,10.3,18,37,101,961,21,13,5,39,6.953033742,436,492,1540.333245,840.3081213,9.868386367,4.118183951,457,19,12,5,36,504,2,1,0,3,493,507,476,16,435,1
9,1000,80,5.13,10.3,18,37,12,957,24,11,8,43,7.35805817,104,213,21.40903874,9.784985738,7.024637514,7.713523167,494,11,8,3,22,463,13,3,5,21,516,484,137,76,82,22
14,1000,80,5.13,10.3,18,37,7,953,21,14,12,47,6.983392117,94,226,20.78547101,9.766860036,6.056523094,7.866814154,476,8,2,2,12,477,13,12,10,35,488,512,156,70,68,26
15,1000,80,5.13,10.3,18,37,7,933,34,18,15,67,7.348005575,91,215,20.96175539,10.1226705,6.323100039,8.336666907,472,11,6,2,19,461,23,12,13,48,491,509,130,85,68,23
11,1000,80,5.13,10.3,18,37,8,932,40,12,16,68,7.594029204,93,222,20.73049886,9.873372053,7.400159556,7.779552214,457,18,6,8,32,475,22,6,8,36,489,511,126,96,66,27
10,1000,80,5.13,10.3,18,37,8,947,27,10,16,53,7.20177502,110,225,20.67766437,9.64685652,6.399443723,8.010550745,484,11,4,3,18,463,16,6,13,35,502,498,136,89,77,33
13,1000,80,5.13,10.3,18,37,8,949,23,11,17,51,7.43295231,100,204,20.52103284,9.53415377,6.552132631,8.320846846,486,9,1,6,16,463,14,10,11,35,502,498,130,74,73,27
12,1000,80,5.13,10.3,18,37,8,956,19,14,11,44,7.015897372,109,199,20.57030549,9.449274316,6.51447431,7.505428978,479,5,6,4,15,477,14,8,7,29,494,506,133,66,72,37
9,1000,80,5.13,10.3,18,37,13,961,20,11,8,39,7.323558035,112,216,21.69438894,9.97948832,7.05592178,7.608889249,494,11,8,3,22,467,9,3,5,17,516,484,149,67,82,30
1,1000,80,5.13,10.3,18,37,102,961,21,13,5,39,6.931589293,447,496,1633.66804,886.3533975,9.890815052,4.054077855,457,19,12,5,36,504,2,1,0,3,493,507,480,16,433,14
14,1000,80,5.13,10.3,18,37,8,953,21,13,13,47,6.974547561,100,213,20.96239708,9.927005729,6.111688603,7.796960005,476,8,2,2,12,477,13,11,11,35,488,512,148,65,85,15
11,1000,80,5.13,10.3,18,37,9,932,40,12,16,68,7.603475216,112,195,20.88152219,9.990412057,7.430018096,7.769464515,457,18,6,8,32,475,22,6,8,36,489,511,129,66,80,32
10,1000,80,5.13,10.3,18,37,9,951,25,8,16,49,7.198613947,101,210,20.74280032,9.715594139,6.441037423,7.962275424,485,10,4,3,17,466,15,4,13,32,502,498,130,80,76,25
15,1000,80,5.13,10.3,18,37,8,936,32,16,16,64,7.359621723,91,210,21.17550628,10.30542289,6.369323112,8.314899952,472,11,5,3,19,464,21,11,13,45,491,509,148,62,71,20
13,1000,80,5.13,10.3,18,37,9,949,23,11,17,51,7.474399995,109,205,20.60372304,9.649189135,6.590215627,8.365686246,486,9,1,6,16,463,14,10,11,35,502,498,133,72,76,33
12,1000,80,5.13,10.3,18,37,9,956,20,14,10,44,7.047377536,116,195,20.76329549,9.606193218,6.530750723,7.551752329,479,6,6,3,15,477,14,8,7,29,494,506,129,66,88,28
9,1000,80,5.13,10.3,18,37,14,962,19,11,8,38,7.315447222,102,213,21.96119327,10.15517441,7.106905133,7.537777217,494,11,8,3,22,468,8,3,5,16,516,484,132,81,86,16
1,1000,80,5.13,10.3,18,37,103,961,21,11,7,39,6.928414152,446,498,1723.023882,941.4004687,9.937125235,4.002783849,457,19,10,7,36,504,2,1,0,3,493,507,480,18,436,10
14,1000,80,5.13,10.3,18,37,9,953,21,13,13,47,6.984972801,97,203,21.10394135,10.05551631,6.101285089,7.827237653,476,8,2,2,12,477,13,11,11,35,488,512,142,61,69,28
11,1000,80,5.13,10.3,18,37,10,933,40,11,16,67,7.657378047,99,193,21.0446158,10.0722809,7.454315546,7.851698131,458,18,5,8,31,475,22,6,8,36,489,511,132,61,74,25
10,1000,80,5.13,10.3,18,37,10,954,22,8,16,46,7.218903908,113,202,20.88019777,9.830564108,6.46248381,7.981399669,486,9,4,3,16,468,13,4,13,30,502,498,143,59,86,27
13,1000,80,5.13,10.3,18,37,10,950,23,9,18,50,7.478265074,95,185,20.76739828,9.790980326,6.603114138,8.360445335,486,9,1,6,16,464,14,8,12,34,502,498,119,66,76,19
15,1000,80,5.13,10.3,18,37,9,940,29,15,16,60,7.375558283,103,216,21.35054804,10.44132537,6.411493288,8.305530606,472,11,5,3,19,468,18,10,13,41,491,509,147,69,77,26
9,1000,80,5.13,10.3,18,37,15,962,20,11,7,38,7.295525737,106,212,22.34886634,10.35573906,7.126239094,7.476004884,494,11,8,3,22,468,9,3,4,16,516,484,138,74,85,21
12,1000,80,5.13,10.3,18,37,10,955,21,14,10,45,7.084030318,96,191,20.94866899,9.733426553,6.568068408,7.587755976,478,7,6,3,16,477,14,8,7,29,494,506,119,72,66,30
1,1000,80,5.13,10.3,18,37,104,960,22,11,7,40,6.936796559,450,496,1845.755828,1008.715582,10.0140784,3.944488971,456,20,10,7,37,504,2,1,0,3,493,507,484,12,444,6
14,1000,80,5.13,10.3,18,37,10,955,19,13,13,45,6.994416744,89,211,21.38897597,10.20676862,6.149817216,7.79942567,476,8,2,2,12,479,11,11,11,33,488,512,135,76,67,22
16,1000,80,5.13,10.3,18,37,0,936,25,22,17,64,7.418,97,208,19.94503425,9.201144079,6.310756972,8.534136546,486,6,6,4,16,450,19,16,13,48,502,498,121,87,58,39
11,1000,80,5.13,10.3,18,37,11,934,40,11,15,66,7.64466638,98,203,21.20935143,10.18380904,7.469149327,7.812626925,458,18,5,8,31,476,22,6,7,35,489,511,138,65,73,25
10,1000,80,5.13,10.3,18,37,11,955,20,9,16,45,7.228994751,99,229,21.04405339,9.990403735,6.487127577,7.976820698,486,8,5,3,16,469,12,4,13,29,502,498,150,79,73,26
13,1000,80,5.13,10.3,18,37,11,951,21,10,18,49,7.490858892,105,197,20.86877063,9.860524601,6.649271867,8.339205652,486,8,2,6,16,465,13,8,12,33,502,498,127,70,73,32
15,1000,80,5.13,10.3,18,37,10,943,28,14,15,57,7.358478042,105,237,21.48222478,10.58101917,6.42759848,8.256438485,473,10,5,3,18,470,18,9,12,39,491,509,150,87,76,29
9,1000,80,5.13,10.3,18,37,16,960,23,11,6,40,7.324911247,108,229,22.65424159,10.54104514,7.145588313,7.516090244,494,11,8,3,22,466,12,3,3,18,516,484,156,73,90,18
12,1000,80,5.13,10.3,18,37,11,955,21,14,10,45,7.114419085,100,227,21.0349675,9.82879733,6.599286306,7.617335275,478,7,6,3,16,477,14,8,7,29,494,506,159,68,75,25
14,1000,80,5.13,10.3,18,37,11,956,19,12,13,44,7.002303948,102,233,21.65771381,10.34994965,6.167636554,7.797846309,476,8,2,2,12,480,11,10,11,32,488,512,160,73,84,18
16,1000,80,5.13,10.3,18,37,1,936,25,22,17,64,7.484135805,97,220,19.97325352,9.252445914,6.401486163,8.575481427,486,6,6,4,16,450,19,16,13,48,502,498,133,87,72,25
11,1000,80,5.13,10.3,18,37,12,934,39,12,15,66,7.668950176,90,221,21.41450947,10.31866802,7.497749008,7.832780648,458,18,5,8,31,476,21,7,7,35,489,511,155,66,65,25
10,1000,80,5.13,10.3,18,37,12,955,20,9,16,45,7.243874531,99,213,21.2018939,10.09989063,6.51218657,7.981439505,486,8,5,3,16,469,12,4,13,29,502,498,147,66,75,24
13,1000,80,5.13,10.3,18,37,12,952,23,8,17,48,7.493588314,104,222,20.9876608,9.97219295,6.683560058,8.310122821,485,10,2,5,17,467,13,6,12,31,502,498,154,68,73,31
15,1000,80,5.13,10.3,18,37,11,941,31,14,14,59,7.358540144,123,224,21.64395801,10.67902768,6.43468112,8.249728318,472,11,5,3,19,469,20,9,11,40,491,509,162,62,93,30
9,1000,80,5.13,10.3,18,37,17,961,22,11,6,39,7.360382571,101,223,22.97286273,10.74326516,7.203097287,7.528066883,494,11,8,3,22,467,11,3,3,17,516,484,152,71,74,27
12,1000,80,5.13,10.3,18,37,12,957,19,13,11,43,7.106035685,105,212,21.24813895,9.963032874,6.624276753,7.576369505,478,7,6,3,16,479,12,7,8,27,494,506,148,64,76,29
14,1000,80,5.13,10.3,18,37,12,956,19,12,13,44,7.025510375,111,243,21.931924,10.54106225,6.223001408,7.790401733,476,8,2,2,12,480,11,10,11,32,488,512,161,82,86,25
11,1000,80,5.13,10.3,18,37,13,933,41,11,15,67,7.695897938,112,223,21.61708352,10.482056,7.538701526,7.846326599,457,19,5,8,32,476,22,6,7,35,489,511,160,63,91,21
16,1000,80,5.13,10.3,18,37,2,936,25,22,17,64,7.505284973,100,203,20.04602128,9.36027804,6.439893687,8.579233618,486,6,6,4,16,450,19,16,13,48,502,498,107,96,73,27
10,1000,80,5.13,10.3,18,37,13,955,20,9,16,45,7.249149416,104,207,21.37562134,10.20436273,6.515971785,7.988216023,486,8,5,3,16,469,12,4,13,29,502,498,127,80,86,18
13,1000,80,5.13,10.3,18,37,13,954,21,8,17,46,7.52367032,98,216,21.17036343,10.0940809,6.75375277,8.299771947,485,10,2,5,17,469,11,6,12,29,502,498,144,72,78,20
15,1000,80,5.13,10.3,18,37,12,943,29,14,14,57,7.393087145,124,229,21.79786786,10.7942373,6.530213965,8.225446145,472,10,6,3,19,471,19,8,11,38,491,509,146,83,102,22
9,1000,80,5.13,10.3,18,37,18,963,20,11,6,37,7.350451869,121,232,23.2639461,10.92954126,7.255075646,7.452133958,494,11,8,3,22,469,9,3,3,15,516,484,161,71,106,15
12,1000,80,5.13,10.3,18,37,13,957,19,13,11,43,7.142525986,83,216,21.40374336,10.07632839,6.696210476,7.578256938,478,7,6,3,16,479,12,7,8,27,494,506,141,75,62,21
14,1000,80,5.13,10.3,18,37,13,956,19,12,13,44,7.049405841,116,247,22.34422509,10.78000326,6.264353069,7.797659263,476,8,2,2,12,480,11,10,11,32,488,512,173,74,90,26
11,1000,80,5.13,10.3,18,37,14,935,39,11,15,65,7.704626744,132,218,21.8309963,10.6050335,7.521373106,7.879990792,459,17,5,8,30,476,22,6,7,35,489,511,143,75,93,39
10,1000,80,5.13,10.3,18,37,14,957,19,9,15,43,7.231292902,115,223,21.56660955,10.33432372,6.520325742,7.947970642,486,8,5,3,16,471,11,4,12,27,502,498,153,70,86,29
13,1000,80,5.13,10.3,18,37,14,955,20,8,17,45,7.570694076,128,240,21.33715528,10.22405739,6.801889868,8.345673417,485,10,2,5,17,470,10,6,12,28,502,498,163,77,94,34
16,1000,80,5.13,10.3,18,37,3,937,25,22,16,63,7.507402487,96,200,20.13200163,9.466146366,6.500127779,8.522767755,486,6,6,4,16,451,19,16,12,47,502,498,117,83,74,22
15,1000,80,5.13,10.3,18,37,13,942,29,15,14,58,7.406335467,122,228,21.98844627,10.91285477,6.564728056,8.21818073,471,10,7,3,20,471,19,8,11,38,491,509,153,75,92,30
9,1000,80,5.13,10.3,18,37,19,965,20,10,5,35,7.363143389,99,224,23.63924357,11.16528809,7.264061853,7.468775769,495,11,7,3,21,470,9,3,2,14,516,484,163,61,80,19
12,1000,80,5.13,10.3,18,37,14,958,19,12,11,42,7.176665976,118,213,21.50350702,10.16320537,6.744526268,7.598557313,477,8,6,3,17,481,11,6,8,25,494,506,145,68,88,30
14,1000,80,5.13,10.3,18,37,14,952,23,12,13,48,7.099250883,110,223,22.60028028,10.93548612,6.33407919,7.828555153,473,11,2,2,15,479,12,10,11,33,488,512,159,64,91,19
11,1000,80,5.13,10.3,18,37,15,936,39,10,15,64,7.716219262,106,240,22.00663052,10.70954727,7.566921101,7.859089714,459,17,5,8,30,477,22,5,7,34,489,511,157,83,71,35
13,1000,80,5.13,10.3,18,37,15,955,19,9,17,45,7.595515445,117,221,21.47339121,10.34014707,6.837981343,8.359134159,485,10,2,5,17,470,9,7,12,28,502,498,157,64,84,33
10,1000,80,5.13,10.3,18,37,15,957,19,9,15,43,7.23901094,100,243,21.73668507,10.45417382,6.588782789,7.894461807,486,8,5,3,16,471,11,4,12,27,502,498,171,72,77,23
15,1000,80,5.13,10.3,18,37,14,942,29,16,13,58,7.388107579,118,233,22.26758786,11.09036449,6.584177485,8.163607925,471,10,7,3,20,471,19,9,10,38,491,509,148,85,92,26
9,1000,80,5.13,10.3,18,37,20,965,20,10,5,35,7.380236715,100,240,24.03255123,11.37766443,7.330536215,7.433223198,495,11,7,3,21,470,9,3,2,14,516,484,177,63,82,18
16,1000,80,5.13,10.3,18,37,4,937,26,22,15,63,7.517233523,106,195,20.28041221,9.568677263,6.513543114,8.528985702,486,6,6,4,16,451,20,16,11,47,502,498,118,77,69,37
12,1000,80,5.13,10.3,18,37,15,957,20,12,11,43,7.219443262,95,224,21.73401383,10.28634959,6.825439608,7.604102956,477,8,6,3,17,480,12,6,8,26,494,506,158,66,80,15
14,1000,80,5.13,10.3,18,37,15,952,24,11,13,48,7.110015009,121,247,22.90819326,11.11205392,6.353943666,7.830645507,473,11,2,2,15,479,13,9,11,33,488,512,180,67,95,26
11,1000,80,5.13,10.3,18,37,16,938,38,9,15,62,7.737458396,112,238,22.24565991,10.84280271,7.600249945,7.868759633,459,17,5,8,30,479,21,4,7,32,489,511,172,66,83,29
13,1000,80,5.13,10.3,18,37,16,954,20,9,17,46,7.605126187,106,235,21.60691044,10.44752194,6.876321998,8.339784225,484,11,2,5,18,470,9,7,12,28,502,498,164,71,73,33
10,1000,80,5.13,10.3,18,37,16,957,18,8,17,43,7.272845951,112,229,21.93915682,10.57441283,6.632682438,7.91815134,485,9,4,4,17,472,9,4,13,26,502,498,154,75,85,27
15,1000,80,5.13,10.3,18,37,15,942,29,16,13,58,7.416357474,130,236,22.5089804,11.27317437,6.621980424,8.182642605,471,10,7,3,20,471,19,9,10,38,491,509,162,74,102,28
9,1000,80,5.13,10.3,18,37,21,967,19,10,4,33,7.378358805,127,237,24.46068535,11.62013582,7.368958865,7.388380228,495,11,7,3,21,472,8,3,1,12,516,484,174,63,98,29
16,1000,80,5.13,10.3,18,37,5,938,27,20,15,62,7.486419114,100,204,20.39275763,9.675758241,6.485961419,8.494912613,486,6,6,4,16,452,21,14,11,46,502,498,125,79,74,26
12,1000,80,5.13,10.3,18,37,16,956,22,10,12,44,7.227840454,108,236,21.91578505,10.44287547,6.864519284,7.582545311,476,9,5,4,18,480,13,5,8,26,494,506,164,72,90,18
14,1000,80,5.13,10.3,18,37,16,954,22,11,13,46,7.118672392,109,240,23.22027455,11.31695191,6.373814033,7.828615515,474,10,2,2,14,480,12,9,11,32,488,512,170,70,97,12
11,1000,80,5.13,10.3,18,37,17,938,38,10,14,62,7.753929036,127,227,22.47378727,10.9997764,7.640806107,7.862181702,458,18,5,8,31,480,20,5,6,31,489,511,160,67,102,25
13,1000,80,5.13,10.3,18,37,17,954,19,10,17,46,7.592131184,103,182,21.85060686,10.63597669,6.916647765,8.273040172,484,11,2,5,18,470,8,8,12,28,502,498,128,54,82,21
10,1000,80,5.13,10.3,18,37,17,958,17,8,17,42,7.285950591,122,215,22.18708247,10.71556773,6.669519994,7.907332438,485,9,4,4,17,473,8,4,13,25,502,498,148,67,97,25
15,1000,80,5.13,10.3,18,37,16,944,27,16,13,56,7.401528759,114,225,22.81876182,11.48508952,6.629254956,8.14649229,472,9,7,3,19,472,18,9,10,37,491,509,169,56,93,21
9,1000,80,5.13,10.3,18,37,22,969,18,10,3,31,7.38060848,118,233,24.83887826,11.84661178,7.40848087,7.350893287,495,11,7,3,21,474,7,3,0,10,516,484,170,63,99,19
12,1000,80,5.13,10.3,18,37,17,956,22,9,13,44,7.273504003,122,227,22.15449581,10.61745833,6.897883131,7.640216871,476,9,5,4,18,480,13,4,9,26,494,506,151,76,94,28
16,1000,80,5.13,10.3,18,37,6,938,28,21,13,62,7.475379101,109,226,20.52601909,9.760899275,6.510496865,8.448011395,486,6,6,4,16,452,22,15,9,46,502,498,134,92,78,31
11,1000,80,5.13,10.3,18,37,18,938,38,10,14,62,7.787860305,113,244,22.7631601,11.16602272,7.720525992,7.852295685,457,19,5,8,32,481,19,5,6,30,489,511,181,63,83,30
13,1000,80,5.13,10.3,18,37,18,955,19,8,18,45,7.599640495,110,197,22.05613977,10.77710201,6.923262124,8.281451624,484,11,1,6,18,471,8,7,12,27,502,498,139,58,90,20
14,1000,80,5.13,10.3,18,37,17,956,21,10,13,44,7.116220616,127,232,23.60741636,11.5543712,6.420244096,7.779573236,474,10,2,2,14,482,11,8,11,30,488,512,160,72,106,21
10,1000,80,5.13,10.3,18,37,18,959,16,8,17,41,7.301504961,110,241,22.47016749,10.91078789,6.713811048,7.893919307,485,9,4,4,17,474,7,4,13,24,502,498,174,67,85,25
15,1000,80,5.13,10.3,18,37,17,943,29,15,13,57,7.393629376,127,229,23.17594714,11.72935151,6.656530217,8.104662159,471,10,7,3,20,472,19,8,10,37,491,509,169,60,101,26
9,1000,80,5.13,10.3,18,37,23,969,19,9,3,31,7.356496591,127,251,25.18564587,12.05573875,7.3983696,7.31185512,494,12,7,3,22,475,7,2,0,9,516,484,192,59,101,26
12,1000,80,5.13,10.3,18,37,18,958,20,9,13,42,7.295434646,108,220,22.31418597,10.72958863,6.929687324,7.652508118,476,9,5,4,18,482,11,4,9,24,494,506,160,60,83,25
16,1000,80,5.13,10.3,18,37,7,939,27,22,12,61,7.493838328,112,208,20.60561219,9.849676037,6.588696758,8.406250111,486,6,6,4,16,453,21,16,8,45,502,498,136,72,82,30
13,1000,80,5.13,10.3,18,37,19,953,22,8,17,47,7.613512039,114,233,22.26704587,10.92087112,6.967300623,8.264913909,483,13,1,5,19,470,9,7,12,28,502,498,148,85,87,27
11,1000,80,5.13,10.3,18,37,19,939,37,10,14,61,7.779120679,117,240,23.00891988,11.28722622,7.68443858,7.869726444,458,18,5,8,31,481,19,5,6,30,489,511,181,59,93,24
10,1000,80,5.13,10.3,18,37,19,959,16,8,17,41,7.284198225,104,212,22.72950514,11.08083946,6.710910583,7.862090587,485,9,4,4,17,474,7,4,13,24,502,498,150,62,89,15
14,1000,80,5.13,10.3,18,37,18,957,21,10,12,43,7.138068374,118,233,24.11840699,11.87568406,6.454857813,7.789253439,474,10,2,2,14,483,11,8,10,29,488,512,168,65,99,19
15,1000,80,5.13,10.3,18,37,18,945,29,13,13,55,7.397635471,135,249,23.55662726,11.98145631,6.674525904,8.095173383,472,9,7,3,19,473,20,6,10,36,491,509,177,72,108,27
9,1000,80,5.13,10.3,18,37,24,971,17,9,3,29,7.359352477,140,239,25.69376665,12.34322986,7.403618627,7.31215964,496,10,7,3,20,475,7,2,0,9,516,484,184,55,118,22
12,1000,80,5.13,10.3,18,37,19,958,20,9,13,42,7.316751756,120,231,22.51301421,10.86338743,6.962753277,7.662355014,476,9,5,4,18,482,11,4,9,24,494,506,170,61,101,19
13,1000,80,5.13,10.3,18,37,20,955,22,6,17,45,7.646209461,112,226,22.43078981,11.04411773,7.038500564,8.258799555,483,13,1,5,19,472,9,5,12,26,502,498,158,68,94,18
11,1000,80,5.13,10.3,18,37,20,940,36,10,14,60,7.796771418,107,232,23.31012967,11.47129311,7.676194749,7.91215692,459,18,4,8,30,481,18,6,6,30,489,511,172,60,84,23
16,1000,80,5.13,10.3,18,37,8,941,25,22,12,59,7.477721147,114,198,20.72848062,9.939433746,6.637760423,8.324428544,487,5,6,4,15,454,20,16,8,44,502,498,121,77,82,32
10,1000,80,5.13,10.3,18,37,20,960,16,8,16,40,7.276530175,114,257,23.10917877,11.32081882,6.695757819,7.861967369,485,10,4,3,17,475,6,4,13,23,502,498,178,79,97,17
14,1000,80,5.13,10.3,18,37,19,956,22,10,12,44,7.164507487,136,243,24.59838542,12.15876137,6.518929854,7.779823668,473,11,2,2,15,483,11,8,10,29,488,512,176,67,117,19
15,1000,80,5.13,10.3,18,37,19,945,29,13,13,55,7.408287694,126,236,23.93187129,12.26955862,6.707490786,8.084302001,472,9,7,3,19,473,20,6,10,36,491,509,170,66,100,26
9,1000,80,5.13,10.3,18,37,25,970,18,9,3,30,7.380038885,142,272,26.32192534,12.70668512,7.412582592,7.345343529,495,11,7,3,21,475,7,2,0,9,516,484,199,73,115,27
12,1000,80,5.13,10.3,18,37,20,959,19,8,14,41,7.329800182,113,234,22.69338203,11.00186777,6.983005588,7.668370398,476,9,5,4,18,483,10,3,10,23,494,506,171,63,93,20
13,1000,80,5.13,10.3,18,37,21,955,22,6,17,45,7.716985565,109,255,22.64692437,11.17385222,7.146730096,8.291821399,483,13,1,5,19,472,9,5,12,26,502,498,188,67,96,13
11,1000,80,5.13,10.3,18,37,21,941,34,11,14,59,7.839857654,124,214,23.6810798,11.68364239,7.74354362,7.932025096,459,18,4,8,30,482,16,7,6,29,489,511,165,49,103,21
16,1000,80,5.13,10.3,18,37,9,944,25,19,12,56,7.450429924,98,230,20.87257214,10.06258025,6.655200614,8.252046618,487,5,6,4,15,457,20,13,8,41,502,498,146,84,71,27
10,1000,80,5.13,10.3,18,37,21,963,14,8,15,37,7.263145867,119,228,23.50946428,11.55755888,6.716934599,7.813744373,486,9,4,3,16,477,5,4,12,21,502,498,168,60,103,16
14,1000,80,5.13,10.3,18,37,20,957,21,10,12,43,7.170050248,136,244,25.048444,12.4276966,6.548423255,7.762538475,473,11,2,2,15,484,10,8,10,28,488,512,182,62,113,23
15,1000,80,5.13,10.3,18,37,20,947,28,12,13,53,7.416214248,123,233,24.34446555,12.46989874,6.763832509,8.045525514,472,9,7,3,19,475,19,5,10,34,491,509,177,56,105,18
9,1000,80,5.13,10.3,18,37,26,972,15,10,3,28,7.374352812,132,267,26.91850515,13.03527536,7.430000465,7.315025976,496,10,7,3,20,476,5,3,0,8,516,484,199,68,111,21
12,1000,80,5.13,10.3,18,37,21,960,19,7,14,40,7.33941547,113,230,22.94119832,11.1767364,7.013541319,7.657561381,476,9,5,4,18,484,10,2,10,22,494,506,166,64,89,24
13,1000,80,5.13,10.3,18,37,22,954,23,6,17,46,7.771367342,105,227,22.85224558,11.32249191,7.235983732,8.311051222,483,13,1,5,19,471,10,5,12,27,502,498,146,81,89,16
11,1000,80,5.13,10.3,18,37,22,941,33,12,14,59,7.870766116,118,262,24.00865888,11.86192892,7.772700688,7.964609549,459,17,5,8,30,482,16,7,6,29,489,511,188,74,96,22
10,1000,80,5.13,10.3,18,37,22,962,15,8,15,38,7.271832417,119,249,23.84767396,11.79408256,6.746660941,7.801222137,486,9,4,3,16,476,6,4,12,22,502,498,178,71,95,24
14,1000,80,5.13,10.3,18,37,21,957,21,10,12,43,7.17094609,135,267,25.47357636,12.68664172,6.538711264,7.773544908,473,11,2,2,15,484,10,8,10,28,488,512,196,71,116,19
16,1000,80,5.13,10.3,18,37,10,945,25,19,11,55,7.436095444,107,219,20.97475812,10.16377621,6.682332684,8.195912523,486,6,6,4,16,459,19,13,7,39,502,498,146,73,77,30
15,1000,80,5.13,10.3,18,37,21,947,28,12,13,53,7.451003352,148,244,24.90722044,12.79249357,6.815550623,8.063984276,472,9,7,3,19,475,19,5,10,34,491,509,180,64,128,20
9,1000,80,5.13,10.3,18,37,27,972,12,13,3,28,7.425364391,130,267,27.89688957,13.57965041,7.536445479,7.3069391,496,8,9,3,20,476,4,4,0,8,516,484,209,58,106,24
12,1000,80,5.13,10.3,18,37,22,959,20,7,14,41,7.381534461,107,228,23.27773821,11.40002743,7.055362351,7.699971263,475,10,5,4,19,484,10,2,10,22,494,506,166,62,77,30
13,1000,80,5.13,10.3,18,37,23,954,23,8,15,46,7.756035537,128,228,23.22748181,11.54787038,7.284966514,8.230888247,483,13,1,5,19,471,10,7,10,27,502,498,169,59,104,24
11,1000,80,5.13,10.3,18,37,23,941,33,12,14,59,7.864321804,130,233,24.48828863,12.13172322,7.782597832,7.942527328,459,17,5,8,30,482,16,7,6,29,489,511,170,63,108,22
14,1000,80,5.13,10.3,18,37,22,958,20,11,11,42,7.164691631,120,295,26.0419677,13.02144313,6.566190692,7.735137839,473,11,2,2,15,485,9,9,9,27,488,512,240,55,106,14
10,1000,80,5.13,10.3,18,37,23,961,16,9,14,39,7.276486046,109,242,24.18686647,11.97931181,6.756477023,7.800671849,486,9,4,3,16,475,7,5,11,23,502,498,182,60,86,23
16,1000,80,5.13,10.3,18,37,11,943,26,20,11,57,7.470878135,121,215,21.10398486,10.27597253,6.727461355,8.220266134,484,8,6,4,18,459,18,14,7,39,502,498,148,67,88,33
9,1000,80,5.13,10.3,18,37,28,973,11,13,3,27,7.396069496,128,261,28.56773505,13.95249923,7.543143255,7.239271852,496,8,9,3,20,477,3,4,0,7,516,484,206,55,113,15
15,1000,80,5.13,10.3,18,37,22,946,30,12,12,54,7.431308725,129,243,25.34125292,13.03651929,6.847535225,7.994437976,472,9,7,3,19,474,21,5,9,35,491,509,190,53,111,18
12,1000,80,5.13,10.3,18,37,23,960,19,7,14,40,7.385522317,110,238,23.62036241,11.64736009,7.109102691,7.655386537,474,11,5,4,20,486,8,2,10,20,494,506,171,67,94,16
13,1000,80,5.13,10.3,18,37,24,954,22,9,15,46,7.794046415,107,252,23.55584769,11.72956607,7.361225649,8.230343653,482,13,2,5,20,472,9,7,10,26,502,498,190,62,83,24
11,1000,80,5.13,10.3,18,37,24,942,32,12,14,58,7.875241234,139,257,24.95405932,12.45031472,7.826728337,7.921665512,459,17,5,8,30,483,15,7,6,28,489,511,198,59,119,20
10,1000,80,5.13,10.3,18,37,24,962,16,9,13,38,7.289966085,109,230,24.64111853,12.26100991,6.797900998,7.785983502,486,9,4,3,16,476,7,5,10,22,502,498,177,53,91,18
14,1000,80,5.13,10.3,18,37,23,960,18,12,10,40,7.160658549,134,266,26.54489801,13.30966769,6.599193541,7.695804885,474,10,2,2,14,486,8,10,8,26,488,512,206,60,117,17
9,1000,80,5.13,10.3,18,37,29,972,12,13,3,28,7.392435023,143,270,29.30543517,14.34417495,7.5398635,7.235259208,496,8,9,3,20,476,4,4,0,8,516,484,217,53,118,25
15,1000,80,5.13,10.3,18,37,23,947,30,12,11,53,7.421145212,138,240,25.89876572,13.35781534,6.836779905,7.984845342,472,9,7,3,19,475,21,5,8,34,491,509,178,62,115,23
16,1000,80,5.13,10.3,18,37,12,945,26,19,10,55,7.496279479,98,219,21.21742713,10.38227953,6.775653499,8.222693619,485,8,6,3,17,460,18,13,7,38,502,498,152,67,79,19
13,1000,80,5.13,10.3,18,37,25,955,22,10,13,45,7.798264581,120,252,23.90403737,11.95309012,7.380417038,8.21946833,482,13,2,5,20,473,9,8,8,25,502,498,187,65,103,17
11,1000,80,5.13,10.3,18,37,25,942,32,12,14,58,7.880021748,138,238,25.43023375,12.71876148,7.870219103,7.889402361,458,18,5,8,31,484,14,7,6,27,489,511,187,51,113,25
12,1000,80,5.13,10.3,18,37,24,960,19,7,14,40,7.39482179,123,260,23.95069352,11.87824587,7.137881349,7.645668781,474,11,5,4,20,486,8,2,10,20,494,506,201,59,104,19
14,1000,80,5.13,10.3,18,37,24,960,18,12,10,40,7.171934234,153,243,27.16924456,13.6304352,6.686838614,7.634290996,474,10,2,2,14,486,8,10,8,26,488,512,204,39,128,25
10,1000,80,5.13,10.3,18,37,25,962,17,9,12,38,7.303058746,150,253,25.0992634,12.53903621,6.825246897,7.784708442,486,9,4,3,16,476,8,5,9,22,502,498,195,58,113,37
9,1000,80,5.13,10.3,18,37,30,971,13,13,3,29,7.402939631,135,267,30.05518434,14.76284433,7.543050607,7.253565119,495,9,9,3,21,476,4,4,0,8,516,484,211,56,118,17
15,1000,80,5.13,10.3,18,37,24,948,28,13,11,52,7.397176945,132,275,26.57346392,13.78344402,6.859106875,7.916218996,472,9,7,3,19,476,19,6,8,33,491,509,207,68,112,20
16,1000,80,5.13,10.3,18,37,13,946,26,19,9,54,7.523083945,92,220,21.34627777,10.51835293,6.836260548,8.215423996,485,8,6,3,17,461,18,13,6,37,502,498,143,77,68,24
13,1000,80,5.13,10.3,18,37,26,955,22,10,13,45,7.829072988,137,255,24.27774969,12.20458271,7.434877107,8.226435101,481,14,2,5,21,474,8,8,8,24,502,498,198,57,109,28
12,1000,80,5.13,10.3,18,37,25,961,18,7,14,39,7.406432331,95,251,24.37778606,12.13108192,7.164777732,7.64235599,474,11,5,4,20,487,7,2,10,19,494,506,198,53,80,15
11,1000,80,5.13,10.3,18,37,26,943,32,11,14,57,7.872235644,141,277,26.09842541,13.09453902,7.900459609,7.845226801,459,18,4,8,30,484,14,7,6,27,489,511,220,57,126,15
14,1000,80,5.13,10.3,18,37,25,960,18,12,10,40,7.164900705,159,262,27.91221766,14.03489793,6.69685713,7.611004738,474,10,2,2,14,486,8,10,8,26,488,512,204,58,137,22
10,1000,80,5.13,10.3,18,37,26,964,15,9,12,36,7.325119724,132,258,25.73914758,12.87174878,6.838654703,7.815492095,487,8,4,3,15,477,7,5,9,21,502,498,197,61,112,20
9,1000,80,5.13,10.3,18,37,31,971,12,14,3,29,7.414615975,123,263,31.1349368,15.3307319,7.543563059,7.277143464,495,8,10,3,21,476,4,4,0,8,516,484,210,53,104,19
15,1000,80,5.13,10.3,18,37,25,949,27,13,11,51,7.404433162,134,271,27.37101446,14.30963697,6.91099361,7.880422986,471,10,7,3,20,478,17,6,8,31,491,509,217,54,110,24
13,1000,80,5.13,10.3,18,37,27,956,21,10,13,44,7.830169191,124,252,24.83360432,12.55012669,7.462787352,8.200501888,481,14,2,5,21,475,7,8,8,23,502,498,185,67,104,20
16,1000,80,5.13,10.3,18,37,14,949,24,18,9,51,7.542293327,120,240,21.479215,10.63865813,6.870633888,8.219347621,486,7,6,3,16,463,17,12,6,35,502,498,159,81,95,25
11,1000,80,5.13,10.3,18,37,27,945,31,10,14,55,7.855008393,158,282,26.75906472,13.44939495,7.891892223,7.819712516,459,18,4,8,30,486,13,6,6,25,489,511,221,61,132,26
12,1000,80,5.13,10.3,18,37,26,959,20,7,14,41,7.40449291,121,251,24.75043278,12.39141307,7.263650149,7.541995526,472,13,5,4,22,487,7,2,10,19,494,506,192,59,102,19
14,1000,80,5.13,10.3,18,37,26,962,17,9,12,38,7.17649944,161,281,28.43111147,14.39823034,6.77292654,7.561154861,474,10,2,2,14,488,7,7,10,24,488,512,219,62,138,23
10,1000,80,5.13,10.3,18,37,27,964,15,9,12,36,7.334013227,128,281,26.24933571,13.18832536,6.84886325,7.823059991,487,8,4,3,15,477,7,5,9,21,502,498,215,66,112,16
9,1000,80,5.13,10.3,18,37,32,971,12,14,3,29,7.405149515,141,287,31.9927039,15.78718956,7.541110257,7.260199634,496,7,10,3,20,475,5,4,0,9,516,484,228,59,123,18
15,1000,80,5.13,10.3,18,37,26,950,27,14,9,50,7.351613057,154,262,28.06870881,14.8251986,6.89095461,7.795981029,471,10,8,2,20,479,17,6,7,30,491,509,209,53,132,22
13,1000,80,5.13,10.3,18,37,28,957,21,10,12,43,7.831747873,128,257,25.4645914,12.98548975,7.504746569,8.161375693,481,14,2,5,21,476,7,8,7,22,502,498,203,54,113,15
16,1000,80,5.13,10.3,18,37,15,948,24,18,10,52,7.563078437,104,205,21.70478095,10.77644519,6.936411483,8.194778861,486,7,6,3,16,462,17,12,7,36,502,498,140,65,79,25
11,1000,80,5.13,10.3,18,37,28,945,31,10,14,55,7.872888481,146,278,27.42859497,13.76896965,7.954217255,7.795061142,459,18,4,8,30,486,13,6,6,25,489,511,215,63,123,23
12,1000,80,5.13,10.3,18,37,27,959,21,7,13,41,7.444260096,112,241,25.17552478,12.66055206,7.343344495,7.542782442,471,14,5,4,23,488,7,2,9,18,494,506,192,49,98,14
14,1000,80,5.13,10.3,18,37,27,963,17,8,12,37,7.146048712,165,264,29.0743516,14.82544997,6.800216104,7.475670416,474,10,2,2,14,489,7,6,10,23,488,512,218,46,139,26
10,1000,80,5.13,10.3,18,37,28,965,15,9,11,35,7.340368675,122,261,26.77226312,13.50974325,6.890946566,7.7934006,487,8,4,3,15,478,7,5,8,20,502,498,208,53,110,12
9,1000,80,5.13,10.3,18,37,33,972,11,14,3,28,7.39197985,161,288,33.21093441,16.44936853,7.530596607,7.244198348,496,7,10,3,20,476,4,4,0,8,516,484,236,52,139,22
15,1000,80,5.13,10.3,18,37,27,951,28,13,8,49,7.342930986,138,273,29.01707045,15.47324623,6.951642612,7.720382049,471,11,8,1,20,480,17,5,7,29,491,509,228,45,116,22
13,1000,80,5.13,10.3,18,37,29,956,23,10,11,44,7.850334769,109,255,26.0462832,13.32680629,7.541070863,8.162082723,480,15,2,5,22,476,8,8,6,22,502,498,200,55,93,16
11,1000,80,5.13,10.3,18,37,29,945,31,10,14,55,7.910978025,135,287,28.31393815,14.2368,8.019318857,7.807301573,459,18,4,8,30,486,13,6,6,25,489,511,235,52,123,12
12,1000,80,5.13,10.3,18,37,28,960,21,8,11,40,7.444296831,136,277,25.73607715,12.95070437,7.400418322,7.487134743,471,14,5,4,23,489,7,3,7,17,494,506,222,55,110,26
16,1000,80,5.13,10.3,18,37,16,950,23,17,10,50,7.564327466,132,212,21.89993573,10.91829328,6.973276044,8.160126289,486,7,6,3,16,464,16,11,7,34,502,498,158,54,98,34
14,1000,80,5.13,10.3,18,37,28,963,16,9,12,37,7.152578664,143,281,29.69138691,15.19818284,6.836584248,7.453760841,474,9,3,2,14,489,7,6,10,23,488,512,232,49,124,19
10,1000,80,5.13,10.3,18,37,29,965,16,9,10,35,7.38844198,127,247,27.39624235,13.909149,6.962636123,7.817667964,487,8,4,3,15,478,8,5,7,20,502,498,208,39,108,19
9,1000,80,5.13,10.3,18,37,34,972,11,14,3,28,7.411727748,134,291,34.30651024,17.020785,7.575503362,7.237123993,496,7,10,3,20,476,4,4,0,8,516,484,238,53,124,10
13,1000,80,5.13,10.3,18,37,30,958,23,9,10,42,7.857151923,138,256,26.67496404,13.74440026,7.545807875,8.170996726,481,15,2,4,21,477,8,7,6,21,502,498,195,61,116,22
15,1000,80,5.13,10.3,18,37,28,954,25,13,8,46,7.325083779,157,296,30.13778242,16.21935713,6.976639792,7.661205582,472,10,8,1,19,482,15,5,7,27,491,509,240,56,130,27
11,1000,80,5.13,10.3,18,37,30,944,33,10,13,56,7.888749117,151,287,29.09508941,14.68168322,8.011844487,7.770953351,458,19,4,8,31,486,14,6,5,25,489,511,232,55,124,27
12,1000,80,5.13,10.3,18,37,29,961,19,9,11,39,7.419185978,148,262,26.14372486,13.23273079,7.423354319,7.415116491,471,13,6,4,23,490,6,3,7,16,494,506,207,55,123,25
14,1000,80,5.13,10.3,18,37,29,964,16,9,11,36,7.140852162,164,278,30.38609168,15.54596062,6.870420317,7.398607514,474,9,3,2,14,490,7,6,9,22,488,512,223,55,143,21
10,1000,80,5.13,10.3,18,37,30,966,15,9,10,34,7.413653254,128,278,28.18110479,14.37621738,7.055574913,7.774607726,487,8,4,3,15,479,7,5,7,19,502,498,224,54,112,16
16,1000,80,5.13,10.3,18,37,17,951,22,17,10,49,7.56925979,112,225,22.0972284,11.05857145,7.008113039,8.134913744,486,7,6,3,16,465,15,11,7,33,502,498,157,68,94,18
9,1000,80,5.13,10.3,18,37,35,972,12,13,3,28,7.424697565,150,285,36.04342571,17.92555118,7.629967067,7.205856526,495,8,10,3,21,477,4,3,0,7,516,484,241,44,130,20
13,1000,80,5.13,10.3,18,37,31,958,24,9,9,42,7.844463228,151,260,27.26022528,14.11766174,7.577795353,8.113273014,481,15,2,4,21,477,9,7,5,21,502,498,213,47,128,23
15,1000,80,5.13,10.3,18,37,29,954,26,12,8,46,7.317492393,166,318,31.66014159,17.15844364,7.018697881,7.605720498,472,10,8,1,19,482,16,4,7,27,491,509,260,58,143,23
11,1000,80,5.13,10.3,18,37,31,946,32,9,13,54,7.854223203,135,273,29.83551393,15.09035615,8.030092179,7.685925885,458,19,4,8,31,488,13,5,5,23,489,511,229,44,119,16
12,1000,80,5.13,10.3,18,37,30,960,19,10,11,40,7.441517996,140,248,26.72481664,13.56453765,7.45560025,7.427769708,471,12,7,4,23,489,7,3,7,17,494,506,209,39,122,18
14,1000,80,5.13,10.3,18,37,30,965,15,9,11,35,7.131664952,147,295,31.1346272,15.96888034,6.872855397,7.378342809,474,9,3,2,14,491,6,6,9,21,488,512,248,47,133,14
10,1000,80,5.13,10.3,18,37,31,968,14,8,10,32,7.426719547,149,272,28.92891518,14.86785479,7.081217128,7.774997086,488,8,3,3,14,480,6,5,7,18,502,498,223,49,133,16
16,1000,80,5.13,10.3,18,37,18,954,21,16,9,46,7.538460526,123,259,22.38125241,11.24784289,7.042326811,8.038579251,486,7,6,3,16,468,14,10,6,30,502,498,183,76,95,28
9,1000,80,5.13,10.3,18,37,36,972,13,12,3,28,7.445982131,161,302,37.66271277,18.81714726,7.697709351,7.177611788,494,9,10,3,22,478,4,2,0,6,516,484,251,51,141,20
13,1000,80,5.13,10.3,18,37,32,959,24,9,8,41,7.815292445,134,273,27.82278093,14.51699417,7.646254781,7.985687841,480,16,2,4,22,479,8,7,4,19,502,498,215,58,118,16
15,1000,80,5.13,10.3,18,37,30,955,25,12,8,45,7.311337653,175,307,33.44281664,18.33143737,7.06276304,7.551121808,472,10,8,1,19,483,15,4,7,26,491,509,247,60,151,24
11,1000,80,5.13,10.3,18,37,32,945,33,9,13,55,7.915038253,152,292,30.69403151,15.63064072,8.089360762,7.748220823,457,20,4,8,32,488,13,5,5,23,489,511,244,48,134,18
12,1000,80,5.13,10.3,18,37,31,961,20,10,9,39,7.431678366,137,271,27.23432794,13.91598191,7.481553581,7.382985962,471,12,7,4,23,490,8,3,5,16,494,506,219,52,116,21
14,1000,80,5.13,10.3,18,37,31,967,13,9,11,33,7.104973343,167,301,31.83358319,16.36024363,6.923089322,7.278331551,474,9,3,2,14,493,4,6,9,19,488,512,245,56,147,20
10,1000,80,5.13,10.3,18,37,32,967,15,9,9,33,7.42351565,140,266,29.63389084,15.24626196,7.074347376,7.775488489,488,8,4,2,14,479,7,5,7,19,502,498,221,45,127,13
9,1000,80,5.13,10.3,18,37,37,971,13,13,3,29,7.47982243,167,301,39.9315154,20.0179245,7.765072499,7.175712852,493,9,11,3,23,478,4,2,0,6,516,484,258,43,158,9
16,1000,80,5.13,10.3,18,37,19,957,20,14,9,43,7.520459859,105,229,22.60015787,11.39903186,7.037362021,8.007438002,486,7,6,3,16,471,13,8,6,27,502,498,164,65,83,22
13,1000,80,5.13,10.3,18,37,33,958,25,8,9,42,7.815905358,148,269,28.46221055,14.8920165,7.704368884,7.928337708,479,17,2,4,23,479,8,6,5,19,502,498,222,47,126,22
15,1000,80,5.13,10.3,18,37,31,957,24,10,9,43,7.257806678,166,311,35.22494808,19.45405535,7.085579983,7.423942842,471,11,8,1,20,486,13,2,8,23,491,509,257,54,153,13
11,1000,80,5.13,10.3,18,37,33,944,34,9,13,56,7.933322626,156,289,31.62617396,16.14587762,8.125327598,7.749584013,457,20,4,8,32,487,14,5,5,24,489,511,236,53,142,14
14,1000,80,5.13,10.3,18,37,32,967,13,9,11,33,7.120269215,169,284,32.54570346,16.79936581,6.983026751,7.251078438,474,9,3,2,14,493,4,6,9,19,488,512,230,54,150,19
12,1000,80,5.13,10.3,18,37,32,961,20,10,9,39,7.418547034,158,273,27.87608092,14.31521689,7.519161343,7.320318835,471,12,7,4,23,490,8,3,5,16,494,506,227,46,141,17
10,1000,80,5.13,10.3,18,37,33,966,16,9,9,34,7.439307534,152,273,30.35664693,15.65699745,7.078226777,7.803288539,488,8,4,2,14,478,8,5,7,20,502,498,228,45,132,20
9,1000,80,5.13,10.3,18,37,38,972,13,12,3,28,7.470325348,183,289,43.50451319,21.91851619,7.783352367,7.136602328,493,9,11,3,23,479,4,1,0,5,516,484,241,48,161,22
13,1000,80,5.13,10.3,18,37,34,959,25,7,9,41,7.776138452,146,278,29.41860139,15.52065753,7.732411794,7.820216329,479,17,2,4,23,480,8,5,5,18,502,498,229,49,132,14
16,1000,80,5.13,10.3,18,37,20,956,21,14,9,44,7.556090973,133,229,22.92774338,11.60342486,7.081579892,8.034413387,486,7,6,3,16,470,14,8,6,28,502,498,163,66,118,15
15,1000,80,5.13,10.3,18,37,32,956,25,10,9,44,7.289971497,193,305,36.83655367,20.5165658,7.12578586,7.448350962,471,11,8,1,20,485,14,2,8,24,491,509,256,49,165,28
11,1000,80,5.13,10.3,18,37,34,945,33,9,13,55,7.917208555,183,309,32.50687512,16.65860827,8.151594303,7.692913779,457,20,4,8,32,488,13,5,5,23,489,511,265,44,158,25
14,1000,80,5.13,10.3,18,37,33,967,14,9,10,33,7.098277311,172,293,33.57044084,17.36686152,7.008236147,7.184097796,474,9,3,2,14,493,5,6,8,19,488,512,248,45,151,21
10,1000,80,5.13,10.3,18,37,34,965,17,9,9,35,7.460767,165,288,30.99692023,16.06743682,7.134537674,7.789616641,488,8,4,2,14,477,9,5,7,21,502,498,242,46,148,17
12,1000,80,5.13,10.3,18,37,33,959,20,12,9,41,7.444330502,126,260,28.46465549,14.6380709,7.554117201,7.33714744,470,11,9,4,24,489,9,3,5,17,494,506,213,47,115,11
13,1000,80,5.13,10.3,18,37,35,959,25,7,9,41,7.783193492,151,289,30.40132509,16.20376007,7.748479604,7.818186206,479,17,2,4,23,480,8,5,5,18,502,498,234,55,130,21
9,1000,80,5.13,10.3,18,37,39,972,13,12,3,28,7.460620268,166,317,46.95928064,23.73112146,7.783084826,7.116835739,493,9,11,3,23,479,4,1,0,5,516,484,278,39,147,19
16,1000,80,5.13,10.3,18,37,21,956,21,13,10,44,7.579398776,121,233,23.16313322,11.7852285,7.138764832,8.023571949,486,7,5,4,16,470,14,8,6,28,502,498,178,55,96,25
15,1000,80,5.13,10.3,18,37,33,957,24,11,8,43,7.276870601,204,305,38.24407155,21.33463136,7.139257453,7.409617272,472,11,8,0,19,485,13,3,8,24,491,509,255,50,181,23
11,1000,80,5.13,10.3,18,37,35,944,35,8,13,56,7.924018027,172,321,33.49918084,17.21480659,8.207133665,7.653091321,455,22,4,8,34,489,13,4,5,22,489,511,259,62,150,22
14,1000,80,5.13,10.3,18,37,34,967,15,9,9,33,7.11166349,164,307,34.68591871,17.94631692,7.034252313,7.185446017,473,10,3,2,15,494,5,6,7,18,488,512,272,35,149,15
10,1000,80,5.13,10.3,18,37,35,965,17,9,9,35,7.476222297,166,285,31.78417026,16.53682709,7.18806501,7.766694099,488,8,4,2,14,477,9,5,7,21,502,498,237,48,144,22
12,1000,80,5.13,10.3,18,37,34,961,19,11,9,39,7.464812865,140,286,28.96359021,14.91325054,7.60874007,7.324298952,470,11,9,4,24,491,8,2,5,15,494,506,239,47,122,18
13,1000,80,5.13,10.3,18,37,36,959,25,7,9,41,7.797736303,143,312,31.50164696,16.82317126,7.805343106,7.7900684,479,17,2,4,23,480,8,5,5,18,502,498,260,52,130,13
9,1000,80,5.13,10.3,18,37,40,972,13,12,3,28,7.459690035,163,313,49.26346913,24.97116968,7.833442684,7.061226468,493,9,11,3,23,479,4,1,0,5,516,484,272,41,149,14
16,1000,80,5.13,10.3,18,37,22,958,20,13,9,42,7.579786325,122,245,23.57797725,12.0896613,7.185155739,7.977586635,486,7,5,4,16,472,13,8,5,26,502,498,181,64,106,16
15,1000,80,5.13,10.3,18,37,34,957,24,11,8,43,7.305934517,178,329,40.08108911,22.51544922,7.200239511,7.407891782,472,11,8,0,19,485,13,3,8,24,491,509,274,55,168,10
11,1000,80,5.13,10.3,18,37,36,945,36,8,11,55,7.944455418,178,307,34.64481146,17.85750903,8.250497967,7.65158887,455,22,4,8,34,490,14,4,3,21,489,511,267,40,158,20
14,1000,80,5.13,10.3,18,37,35,966,16,9,9,34,7.138475157,173,312,35.83226054,18.57954502,7.094322637,7.180558028,473,10,3,2,15,493,6,6,7,19,488,512,256,56,160,13
10,1000,80,5.13,10.3,18,37,36,965,17,9,9,35,7.455656733,158,314,32.58191945,17.01703237,7.225821719,7.687337811,488,8,4,2,14,477,9,5,7,21,502,498,271,43,143,15
12,1000,80,5.13,10.3,18,37,35,962,19,11,8,38,7.492644812,151,309,29.65140117,15.3185186,7.704361172,7.285949394,470,11,9,4,24,492,8,2,4,14,494,506,258,51,131,20
13,1000,80,5.13,10.3,18,37,37,959,25,7,9,41,7.791126227,167,290,33.18741538,18.19288768,7.840728764,7.741125275,479,17,2,4,23,480,8,5,5,18,502,498,242,48,148,19
9,1000,80,5.13,10.3,18,37,41,971,14,12,3,29,7.400858588,188,324,52.63792799,26.76955936,7.827199148,6.946330223,493,9,11,3,23,478,5,1,0,6,516,484,283,41,170,18
11,1000,80,5.13,10.3,18,37,37,949,32,8,11,51,7.907522656,196,328,35.61066214,18.36053321,8.24444263,7.585108043,456,21,4,8,33,493,11,4,3,18,489,511,276,52,172,24
15,1000,80,5.13,10.3,18,37,35,960,23,9,8,40,7.288418718,201,331,42.40111186,24.06240257,7.230927491,7.343876857,473,11,7,0,18,487,12,2,8,22,491,509,290,41,184,17
16,1000,80,5.13,10.3,18,37,23,957,21,13,9,43,7.58343636,127,247,23.8728258,12.29606812,7.225571205,7.944175935,485,8,5,4,17,472,13,8,5,26,502,498,177,70,103,24
14,1000,80,5.13,10.3,18,37,36,967,18,6,9,33,7.153797306,188,314,36.70466764,19.06451522,7.176342199,7.132309205,471,12,3,2,17,496,6,3,7,16,488,512,282,32,174,14
10,1000,80,5.13,10.3,18,37,37,965,17,9,9,35,7.49158151,149,328,33.70854724,17.65380022,7.298455402,7.686258832,488,8,4,2,14,477,9,5,7,21,502,498,269,59,138,11
13,1000,80,5.13,10.3,18,37,38,959,24,8,9,41,7.817015141,175,303,34.82061872,19.44437289,7.866302478,7.767331922,479,16,3,4,23,480,8,5,5,18,502,498,256,47,156,19
12,1000,80,5.13,10.3,18,37,36,964,16,12,8,36,7.508499366,160,314,30.65195127,15.88916042,7.794203258,7.229571062,470,10,10,4,24,494,6,2,4,12,494,506,257,57,144,16
9,1000,80,5.13,10.3,18,37,42,971,14,12,3,29,7.417118261,188,315,55.64252118,28.32489725,7.88334618,6.920065356,493,9,11,3,23,478,5,1,0,6,516,484,274,41,163,25
11,1000,80,5.13,10.3,18,37,38,954,28,7,11,46,7.838976705,195,322,36.81988232,18.9631109,8.267405687,7.428992806,456,21,4,8,33,498,7,3,3,13,489,511,282,40,176,19
15,1000,80,5.13,10.3,18,37,36,961,22,9,8,39,7.295409293,193,323,44.50332681,25.28752753,7.283766331,7.30664052,473,11,7,0,18,488,11,2,8,21,491,509,271,52,171,22
14,1000,80,5.13,10.3,18,37,37,968,17,6,9,32,7.089555509,194,336,38.11385663,19.83744619,7.173234837,7.00979865,471,12,3,2,17,497,5,3,7,15,488,512,288,48,164,30
16,1000,80,5.13,10.3,18,37,24,956,23,12,9,44,7.605107543,130,233,24.32109031,12.56824011,7.238767982,7.97438959,485,9,4,4,17,471,14,8,5,27,502,498,176,57,111,19
10,1000,80,5.13,10.3,18,37,38,966,17,8,9,34,7.509559153,146,274,34.73660923,18.22133752,7.344287788,7.676157998,488,8,4,2,14,478,9,4,7,20,502,498,233,41,135,11
13,1000,80,5.13,10.3,18,37,39,957,26,8,9,43,7.842061329,185,320,36.40813337,20.64264066,7.950940078,7.732308053,477,18,3,4,25,480,8,5,5,18,502,498,269,51,163,22
12,1000,80,5.13,10.3,18,37,37,965,16,10,9,35,7.504984973,160,292,31.669559,16.41333694,7.811089778,7.20613957,470,10,10,4,24,495,6,0,5,11,494,506,255,37,140,20
9,1000,80,5.13,10.3,18,37,43,972,13,12,3,28,7.397533208,185,328,58.79006432,30.01387299,7.930176273,6.829674073,493,9,11,3,23,479,4,1,0,5,516,484,278,50,176,9
15,1000,80,5.13,10.3,18,37,37,960,23,9,8,40,7.335053733,195,323,47.0238601,26.83061374,7.36689494,7.304338542,472,12,7,0,19,488,11,2,8,21,491,509,281,42,178,17
14,1000,80,5.13,10.3,18,37,38,969,16,6,9,31,7.127353904,180,334,39.49089584,20.63063499,7.225229366,7.034066355,471,12,3,2,17,498,4,3,7,14,488,512,298,36,169,11
11,1000,80,5.13,10.3,18,37,39,954,27,8,11,46,7.811280225,183,324,38.08826447,19.62135967,8.279016233,7.363681579,456,21,4,8,33,498,6,4,3,13,489,511,279,45,167,16
13,1000,80,5.13,10.3,18,37,40,957,26,8,9,43,7.824312005,184,334,37.97607405,22.1416108,7.950940078,7.69666684,477,18,3,4,25,480,8,5,5,18,502,498,292,42,161,23
10,1000,80,5.13,10.3,18,37,39,965,18,8,9,35,7.502920606,169,316,35.76946118,18.84002304,7.385253846,7.62153248,487,9,4,2,15,478,9,4,7,20,502,498,268,48,151,18
16,1000,80,5.13,10.3,18,37,25,956,23,12,9,44,7.606869475,137,260,24.61353635,12.75275541,7.264988707,7.951496273,486,9,3,4,16,470,14,9,5,28,502,498,199,61,120,17
12,1000,80,5.13,10.3,18,37,38,964,17,10,9,36,7.483364136,172,296,32.43210777,16.84156464,7.790574572,7.183439323,469,12,9,4,25,495,5,1,5,11,494,506,264,32,146,26
9,1000,80,5.13,10.3,18,37,44,971,14,12,3,29,7.392365866,202,322,62.51789712,32.08518568,7.986416421,6.759039242,493,9,11,3,23,478,5,1,0,6,516,484,276,46,186,16
14,1000,80,5.13,10.3,18,37,39,971,16,4,9,29,7.132675128,176,342,41.28530796,21.59521681,7.226183048,7.043550391,472,12,2,2,16,499,4,2,7,13,488,512,295,47,166,10
15,1000,80,5.13,10.3,18,37,38,960,25,9,6,40,7.342586725,202,338,49.5243937,28.15476941,7.442425724,7.246278378,471,13,7,0,20,489,12,2,6,20,491,509,301,37,182,20
11,1000,80,5.13,10.3,18,37,40,955,25,9,11,45,7.757598507,194,325,39.19021961,20.28887285,8.27809773,7.259508253,457,19,5,8,32,498,6,4,3,13,489,511,280,45,173,21
13,1000,80,5.13,10.3,18,37,41,957,25,9,9,43,7.821964677,170,312,40.50773672,24.78221004,8.017560484,7.624797819,476,18,4,4,26,481,7,5,5,17,502,498,272,40,151,19
10,1000,80,5.13,10.3,18,37,40,966,15,10,9,34,7.477197575,170,326,36.81402792,19.39672193,7.408394622,7.546553162,487,8,5,2,15,479,7,5,7,19,502,498,277,49,156,14
16,1000,80,5.13,10.3,18,37,26,959,21,11,9,41,7.611286304,131,248,25.14141885,13.03732538,7.297070757,7.928025671,486,9,3,4,16,473,12,8,5,25,502,498,177,71,103,28
12,1000,80,5.13,10.3,18,37,39,964,17,10,9,36,7.460637282,173,284,33.41819938,17.38507309,7.801882815,7.127484528,469,12,9,4,25,495,5,1,5,11,494,506,239,45,158,15
9,1000,80,5.13,10.3,18,37,45,970,14,12,4,30,7.425258559,191,321,65.82150135,33.82360621,8.042069644,6.767666576,492,9,11,4,24,478,5,1,0,6,516,484,282,39,173,18
14,1000,80,5.13,10.3,18,37,40,970,17,4,9,30,7.125936162,184,337,43.00200006,22.51891219,7.26417576,6.994176545,472,12,2,2,16,498,5,2,7,14,488,512,300,37,171,13
11,1000,80,5.13,10.3,18,37,41,953,27,9,11,47,7.746451145,192,311,40.50187432,21.02437396,8.335149582,7.183097846,455,21,5,8,34,498,6,4,3,13,489,511,274,37,179,13
15,1000,80,5.13,10.3,18,37,39,959,25,10,6,41,7.371541845,202,343,51.87055671,29.49059128,7.480313606,7.266616629,471,12,8,0,20,488,13,2,6,21,491,509,306,37,193,9
13,1000,80,5.13,10.3,18,37,42,961,22,8,9,39,7.797712439,176,319,41.89238265,25.59993699,8.079199356,7.513964583,476,18,4,4,26,485,4,4,5,13,502,498,281,38,157,19
10,1000,80,5.13,10.3,18,37,41,967,15,9,9,33,7.465003633,159,322,37.98573025,20.0292585,7.423237481,7.507105255,487,8,5,2,15,480,7,4,7,18,502,498,282,40,144,15
12,1000,80,5.13,10.3,18,37,40,964,16,11,9,36,7.499020382,175,297,34.29545447,17.91961945,7.896926482,7.110550791,469,11,10,4,25,495,5,1,5,11,494,506,252,45,164,11
16,1000,80,5.13,10.3,18,37,27,959,19,13,9,41,7.671411545,138,249,25.68260743,13.35335037,7.328022769,8.017558465,486,8,4,4,16,473,11,9,5,25,502,498,199,50,119,19
9,1000,80,5.13,10.3,18,37,46,970,14,12,4,30,7.424880316,194,329,69.40387844,35.74710068,8.100837604,6.704231638,492,9,11,4,24,478,5,1,0,6,516,484,282,47,180,14
14,1000,80,5.13,10.3,18,37,41,970,19,4,7,30,7.079208322,190,351,44.41597271,23.30826172,7.274807443,6.89277791,472,12,2,2,16,498,7,2,5,14,488,512,316,35,176,14
11,1000,80,5.13,10.3,18,37,42,952,28,9,11,48,7.765746405,217,365,42.03306812,21.92134069,8.404757397,7.154246648,454,22,5,8,35,498,6,4,3,13,489,511,316,49,201,16
15,1000,80,5.13,10.3,18,37,40,960,24,10,6,40,7.382534316,199,348,54.80560329,31.19614157,7.502485378,7.266825139,471,12,8,0,20,489,12,2,6,20,491,509,311,37,192,7
13,1000,80,5.13,10.3,18,37,43,961,23,7,9,39,7.823894884,191,345,43.2831844,26.7641247,8.159958511,7.48513195,475,19,4,4,27,486,4,3,5,12,502,498,296,49,172,19
10,1000,80,5.13,10.3,18,37,42,966,14,11,9,34,7.50852057,179,339,39.15950017,20.68587526,7.488149532,7.529055232,487,7,6,2,15,479,7,5,7,19,502,498,288,51,168,11
12,1000,80,5.13,10.3,18,37,41,963,17,11,9,37,7.539231949,170,316,35.27222067,18.48684072,7.970885456,7.117815284,469,11,10,4,25,494,6,1,5,12,494,506,275,41,151,19
16,1000,80,5.13,10.3,18,37,28,961,17,13,9,39,7.648935707,124,275,26.13610188,13.66260372,7.360217149,7.939973289,486,8,4,4,16,475,9,9,5,23,502,498,208,67,107,17
9,1000,80,5.13,10.3,18,37,47,969,15,12,4,31,7.433859563,211,325,70.99193997,36.65905107,8.130554571,6.691102074,492,9,11,4,24,477,6,1,0,7,516,484,285,40,191,20
14,1000,80,5.13,10.3,18,37,42,971,18,4,7,29,7.083133294,200,364,46.29275755,24.33708363,7.362529143,6.816834126,472,12,2,2,16,499,6,2,5,13,488,512,319,45,184,16
11,1000,80,5.13,10.3,18,37,43,954,28,7,11,46,7.721481907,193,353,43.7761775,22.9630937,8.396454843,7.075568471,455,22,4,8,34,499,6,3,3,12,489,511,306,47,176,17
13,1000,80,5.13,10.3,18,37,44,962,22,6,10,38,7.796096295,190,314,45.1096924,28.1762512,8.161849405,7.427405409,475,18,5,4,27,487,4,1,6,11,502,498,268,46,169,21
15,1000,80,5.13,10.3,18,37,41,961,24,9,6,39,7.346974343,233,358,58.10847306,33.37958245,7.478262656,7.220328838,472,12,7,0,19,489,12,2,6,20,491,509,317,41,203,30
10,1000,80,5.13,10.3,18,37,43,966,14,11,9,34,7.515335928,183,331,40.66015994,21.47531205,7.539335644,7.491143443,487,7,6,2,15,479,7,5,7,19,502,498,291,40,171,12
12,1000,80,5.13,10.3,18,37,42,965,15,11,9,35,7.54884892,176,320,36.71076434,19.27766953,8.037952875,7.071344269,469,11,10,4,25,496,4,1,5,10,494,506,281,39,161,15
9,1000,80,5.13,10.3,18,37,48,968,16,12,4,32,7.451808383,206,345,76.52871437,39.57561784,8.164272893,6.692238782,492,9,11,4,24,476,7,1,0,8,516,484,309,36,185,21
16,1000,80,5.13,10.3,18,37,29,961,18,11,10,39,7.656611625,157,254,26.84878521,14.11481046,7.39108811,7.924267859,486,8,4,4,16,475,10,7,6,23,502,498,207,47,139,18
14,1000,80,5.13,10.3,18,37,43,971,18,4,7,29,7.112271295,220,350,48.10664717,25.32860492,7.403637562,6.834562822,472,12,2,2,16,499,6,2,5,13,488,512,314,36,192,28
13,1000,80,5.13,10.3,18,37,45,962,23,6,9,38,7.782405382,187,332,46.64638524,28.96046888,8.173419577,7.38825051,475,18,5,4,27,487,5,1,5,11,502,498,300,32,172,15
11,1000,80,5.13,10.3,18,37,44,954,26,8,12,46,7.735174323,213,354,45.71815218,24.23133096,8.454230397,7.047075654,455,21,5,8,34,499,5,3,4,12,489,511,315,39,195,18
15,1000,80,5.13,10.3,18,37,42,961,25,8,6,39,7.329404335,229,358,61.9294846,35.83969544,7.552622062,7.114080359,471,13,7,0,20,490,12,1,6,19,491,509,324,34,211,18
10,1000,80,5.13,10.3,18,37,44,965,15,11,9,35,7.516059335,193,349,42.20894723,22.30355646,7.591688826,7.439822379,486,8,6,2,16,479,7,5,7,19,502,498,310,39,171,22
12,1000,80,5.13,10.3,18,37,43,965,16,10,9,35,7.567311911,192,337,37.85140659,19.94533579,8.073275611,7.07334735,470,11,9,4,24,495,5,1,5,11,494,506,298,39,169,23
9,1000,80,5.13,10.3,18,37,49,970,14,12,4,30,7.427685619,199,385,83.26815255,43.22163876,8.209776076,6.593886702,492,9,11,4,24,478,5,1,0,6,516,484,337,48,185,14
14,1000,80,5.13,10.3,18,37,44,971,17,5,7,29,7.109684617,210,338,50.27081982,26.51200783,7.4766237,6.759945802,472,11,3,2,16,499,6,2,5,13,488,512,312,26,196,14
13,1000,80,5.13,10.3,18,37,46,963,23,6,8,37,7.799085758,190,336,48.30232801,29.9085832,8.225833938,7.368909882,475,18,5,4,27,488,5,1,4,10,502,498,301,35,175,15
11,1000,80,5.13,10.3,18,37,45,953,26,9,12,47,7.751379864,214,355,47.65463977,25.458487,8.508524289,7.026832656,455,20,6,8,34,498,6,3,4,13,489,511,315,40,196,18
16,1000,80,5.13,10.3,18,37,30,959,21,11,9,41,7.668015401,150,273,27.34882444,14.43800617,7.430623264,7.907314302,486,8,4,4,16,473,13,7,5,25,502,498,222,51,134,16
15,1000,80,5.13,10.3,18,37,43,962,24,8,6,38,7.282133046,230,358,66.75447956,38.32968283,7.584130359,6.990815402,471,13,7,0,20,491,11,1,6,18,491,509,315,43,211,19
10,1000,80,5.13,10.3,18,37,45,967,12,12,9,33,7.526623969,180,336,43.8990331,23.17750622,7.666529404,7.385594794,486,7,7,2,16,481,5,5,7,17,502,498,294,42,163,17
12,1000,80,5.13,10.3,18,37,44,966,15,10,9,34,7.534533928,178,354,38.97142298,20.63603278,8.080009733,7.001994307,471,10,9,4,23,495,5,1,5,11,494,506,322,32,168,10
9,1000,80,5.13,10.3,18,37,50,970,14,12,4,30,7.449504958,213,361,93.65148083,48.83354673,8.281418065,6.562589331,492,9,11,4,24,478,5,1,0,6,516,484,326,35,191,22
14,1000,80,5.13,10.3,18,37,45,971,18,5,6,29,7.121204423,228,357,52.52546915,27.7511336,7.495275874,6.764667572,472,11,3,2,16,499,7,2,4,13,488,512,314,43,211,17
13,1000,80,5.13,10.3,18,37,47,962,24,6,8,38,7.734019424,207,360,50.41998121,31.50738717,8.278907773,7.184754461,474,19,5,4,28,488,5,1,4,10,502,498,310,50,191,16
11,1000,80,5.13,10.3,18,37,46,953,26,9,12,47,7.781925809,229,376,49.37161037,26.44728307,8.60915188,6.990314167,455,20,6,8,34,498,6,3,4,13,489,511,324,52,209,20
16,1000,80,5.13,10.3,18,37,31,961,19,11,9,39,7.660123959,157,250,28.06293184,14.87546496,7.477287762,7.844428719,486,7,5,4,16,475,12,6,5,23,502,498,203,47,135,22
10,1000,80,5.13,10.3,18,37,46,966,13,12,9,34,7.540730175,202,344,46.16786146,24.35359979,7.703052229,7.377104329,486,7,7,2,16,480,6,5,7,18,502,498,302,42,190,12
15,1000,80,5.13,10.3,18,37,44,962,25,8,5,38,7.308127341,238,363,69.8966885,39.96324948,7.61313282,7.013907911,471,13,7,0,20,491,12,1,5,18,491,509,323,40,224,14
12,1000,80,5.13,10.3,18,37,45,965,16,10,9,35,7.561186554,192,342,40.40090114,21.4648352,8.135384397,7.000606051,471,10,9,4,23,494,6,1,5,12,494,506,308,34,187,5
14,1000,80,5.13,10.3,18,37,46,971,18,5,6,29,7.112364592,222,391,55.29210159,29.21145366,7.536460728,6.708147963,472,11,3,2,16,499,7,2,4,13,488,512,348,43,207,15
13,1000,80,5.13,10.3,18,37,48,963,24,6,7,37,7.727298439,202,342,52.55643035,32.69897711,8.299914156,7.1500834,474,19,5,4,28,489,5,1,3,9,502,498,302,40,190,12
9,1000,80,5.13,10.3,18,37,51,971,13,12,4,29,7.444198401,222,354,114.0604573,59.69386664,8.299561153,6.53228274,492,9,11,4,24,479,4,1,0,5,516,484,324,30,205,17
11,1000,80,5.13,10.3,18,37,47,954,25,9,12,46,7.743020581,226,374,51.41721774,27.69995453,8.619445443,6.904328296,456,19,6,8,33,498,6,3,4,13,489,511,335,39,215,11
10,1000,80,5.13,10.3,18,37,47,966,13,12,9,34,7.562698701,202,344,48.29079664,25.45471051,7.777299592,7.346374108,486,7,7,2,16,480,6,5,7,18,502,498,300,44,188,14
15,1000,80,5.13,10.3,18,37,45,961,26,8,5,39,7.306910288,222,348,73.70733,42.39705208,7.642500498,6.983187708,471,13,7,0,20,490,13,1,5,19,491,509,319,29,203,19
16,1000,80,5.13,10.3,18,37,32,961,19,11,9,39,7.671577537,153,302,28.94604066,15.40729524,7.500154521,7.844377445,486,7,5,4,16,475,12,6,5,23,502,498,242,60,131,22
12,1000,80,5.13,10.3,18,37,46,965,16,10,9,35,7.548454838,190,353,42.04028996,22.36377831,8.201525626,6.910871895,471,10,9,4,23,494,6,1,5,12,494,506,318,35,175,15
13,1000,80,5.13,10.3,18,37,49,963,23,7,7,37,7.708686917,218,352,54.38522338,33.74386645,8.366448139,7.045642471,474,18,6,4,28,489,5,1,3,9,502,498,304,48,202,16
14,1000,80,5.13,10.3,18,37,47,971,18,5,6,29,7.120059451,237,361,58.09044571,30.66422555,7.59158522,6.670636452,472,11,3,2,16,499,7,2,4,13,488,512,332,29,223,14
9,1000,80,5.13,10.3,18,37,52,971,13,12,4,29,7.435434307,218,362,142.5780976,74.91641712,8.301142603,6.5124891,492,9,11,4,24,479,4,1,0,5,516,484,330,32,199,19
11,1000,80,5.13,10.3,18,37,48,953,27,8,12,47,7.755039162,227,376,53.47551662,28.92767857,8.671394777,6.878135256,455,20,6,8,34,498,7,2,4,13,489,511,334,42,207,20
10,1000,80,5.13,10.3,18,37,48,966,14,11,9,34,7.530016797,204,336,50.83091418,26.8371694,7.786240409,7.271735164,485,8,7,2,17,481,6,4,7,17,502,498,301,35,187,17
15,1000,80,5.13,10.3,18,37,46,963,25,7,5,37,7.288862701,248,363,77.81359235,44.94122013,7.665547981,6.925498314,471,13,7,0,20,492,12,0,5,17,491,509,324,39,233,15
16,1000,80,5.13,10.3,18,37,33,960,20,11,9,40,7.643456616,149,289,29.78512693,15.87537303,7.548519902,7.739155873,486,7,5,4,16,474,13,6,5,24,502,498,234,55,129,20
13,1000,80,5.13,10.3,18,37,50,963,23,7,7,37,7.703232921,219,358,56.1274846,34.74046192,8.376380331,7.024678705,474,18,6,4,28,489,5,1,3,9,502,498,318,40,202,17
12,1000,80,5.13,10.3,18,37,47,965,16,10,9,35,7.592736017,195,338,43.54554722,23.21521689,8.275192404,6.926464366,471,10,9,4,23,494,6,1,5,12,494,506,300,38,179,16
14,1000,80,5.13,10.3,18,37,48,970,19,5,6,30,7.10587376,238,384,60.84442686,32.13676501,7.630610434,6.605734117,471,12,3,2,17,499,7,2,4,13,488,512,354,30,230,8
11,1000,80,5.13,10.3,18,37,49,955,26,8,11,45,7.718453481,245,358,56.23921728,30.4152228,8.720837769,6.759224681,455,20,6,8,34,500,6,2,3,11,489,511,332,26,222,23
9,1000,80,5.13,10.3,18,37,53,971,14,11,4,29,7.421041488,241,373,170.9872905,90.27735738,8.320559226,6.462051504,492,9,11,4,24,479,5,0,0,5,516,484,341,32,231,10
10,1000,80,5.13,10.3,18,37,49,967,14,10,9,33,7.510421067,209,365,52.01757593,27.49911733,7.765568038,7.253224723,486,8,6,2,16,481,6,4,7,17,502,498,320,45,191,18
15,1000,80,5.13,10.3,18,37,47,962,26,7,5,38,7.305064071,253,368,82.46144196,47.84057449,7.707229484,6.917120618,470,14,7,0,21,492,12,0,5,17,491,509,331,37,241,12
16,1000,80,5.13,10.3,18,37,34,958,22,11,9,42,7.662706083,163,296,30.6260473,16.37136461,7.595394574,7.730558246,486,7,5,4,16,472,15,6,5,26,502,498,234,62,144,19
13,1000,80,5.13,10.3,18,37,51,963,24,6,7,37,7.696551299,215,347,58.45475026,36.65780255,8.419718299,6.967575729,473,20,5,4,29,490,4,1,3,8,502,498,312,35,209,6
12,1000,80,5.13,10.3,18,37,48,965,16,10,9,35,7.623965682,199,353,45.25065539,24.10162766,8.333527574,6.931231345,471,10,9,4,23,494,6,1,5,12,494,506,320,33,193,6
14,1000,80,5.13,10.3,18,37,49,970,19,5,6,30,7.105103185,235,395,63.49078086,33.59919224,7.63954267,6.595715551,471,12,3,2,17,499,7,2,4,13,488,512,358,37,222,13
11,1000,80,5.13,10.3,18,37,50,956,24,9,11,44,7.741756795,214,385,59.53925142,32.67384436,8.724399101,6.801420028,456,18,7,8,33,500,6,2,3,11,489,511,349,36,204,10
9,1000,80,5.13,10.3,18,37,54,971,14,11,4,29,7.42978796,236,372,195.4082358,103.2508478,8.382077,6.414537662,492,9,11,4,24,479,5,0,0,5,516,484,333,39,220,16
10,1000,80,5.13,10.3,18,37,50,966,15,10,9,34,7.502720816,223,358,55.14967387,29.34718666,7.823106161,7.179762095,485,9,6,2,17,481,6,4,7,17,502,498,327,31,211,12
15,1000,80,5.13,10.3,18,37,48,963,25,8,4,37,7.287813722,245,395,87.4195126,50.74686869,7.758206442,6.834055715,470,14,7,0,21,493,11,1,4,16,491,509,351,44,234,11
13,1000,80,5.13,10.3,18,37,52,963,24,6,7,37,7.726833153,211,358,60.56603328,37.95701798,8.485014414,6.962562083,473,20,5,4,29,490,4,1,3,8,502,498,326,32,196,15
14,1000,80,5.13,10.3,18,37,50,971,18,5,6,29,7.086748859,252,401,66.14982494,35.02091458,7.670307512,6.530544518,471,12,3,2,17,500,6,2,4,12,488,512,373,28,233,19
16,1000,80,5.13,10.3,18,37,35,960,20,11,9,40,7.607243201,167,287,31.51051971,16.888324,7.609668908,7.604798011,486,7,5,4,16,474,13,6,5,24,502,498,232,55,147,20
12,1000,80,5.13,10.3,18,37,49,965,15,10,10,35,7.630911606,216,379,47.41182457,25.23100449,8.360839373,6.918294378,471,10,9,4,23,494,5,1,6,12,494,506,335,44,209,7
11,1000,80,5.13,10.3,18,37,51,957,24,9,10,43,7.713742696,239,407,62.98601554,35.0267914,8.742278053,6.729488705,456,18,7,8,33,501,6,2,2,10,489,511,359,48,228,11
9,1000,80,5.13,10.3,18,37,55,971,13,12,4,29,7.422114095,243,381,236.8222138,125.5037433,8.428594084,6.349089975,492,8,12,4,24,479,5,0,0,5,516,484,350,31,227,16
10,1000,80,5.13,10.3,18,37,51,966,15,9,10,34,7.521082385,219,349,57.59711247,30.93953881,7.860919092,7.178516065,485,9,6,2,17,481,6,3,8,17,502,498,323,26,203,16
15,1000,80,5.13,10.3,18,37,49,961,27,8,4,39,7.316448155,237,381,92.09391221,53.35327379,7.839404752,6.811985111,469,14,8,0,22,492,13,0,4,17,491,509,343,38,221,16
13,1000,80,5.13,10.3,18,37,53,961,26,6,7,39,7.743567725,225,360,62.69833932,39.23745927,8.525402364,6.95545329,472,21,5,4,30,489,5,1,3,9,502,498,326,34,209,16
14,1000,80,5.13,10.3,18,37,51,970,19,5,6,30,7.048422084,238,381,69.66307286,36.88299388,7.711961299,6.415986268,471,12,3,2,17,499,7,2,4,13,488,512,350,31,223,15
12,1000,80,5.13,10.3,18,37,50,965,16,10,9,35,7.660907622,229,377,49.49407166,26.30053853,8.454033789,6.886590772,470,10,10,4,24,495,6,0,5,11,494,506,342,35,217,12
11,1000,80,5.13,10.3,18,37,52,957,23,10,10,43,7.700573298,244,399,65.99432439,37.07826189,8.765965515,6.681049238,456,18,7,8,33,501,5,3,2,10,489,511,370,29,231,13
16,1000,80,5.13,10.3,18,37,36,961,21,10,8,39,7.605328934,171,295,32.70065283,17.54056902,7.649441093,7.560862459,486,7,5,4,16,475,14,5,4,23,502,498,245,50,152,19
9,1000,80,5.13,10.3,18,37,56,972,12,12,4,28,7.40003095,252,386,274.8691504,145.6626514,8.484640364,6.243711822,492,8,12,4,24,480,4,0,0,4,516,484,347,39,238,14
10,1000,80,5.13,10.3,18,37,52,966,15,9,10,34,7.518409658,246,351,61.1340072,33.12302705,7.868137768,7.165872486,485,9,6,2,17,481,6,3,8,17,502,498,315,36,229,17
15,1000,80,5.13,10.3,18,37,50,961,27,8,4,39,7.331816203,263,397,98.20830756,56.41003136,7.884030225,6.799130378,469,14,8,0,22,492,13,0,4,17,491,509,357,40,248,15
13,1000,80,5.13,10.3,18,37,54,961,26,6,7,39,7.755284899,234,373,65.40884834,40.92223709,8.571501749,6.932512091,472,21,5,4,30,489,5,1,3,9,502,498,345,28,217,17
14,1000,80,5.13,10.3,18,37,52,970,19,5,6,30,7.077027227,239,383,72.86992823,38.59680341,7.792714443,6.394887849,471,12,3,2,17,499,7,2,4,13,488,512,364,19,227,12
11,1000,80,5.13,10.3,18,37,53,958,23,9,10,42,7.693773988,251,376,69.95386609,39.7963834,8.840099857,6.596800699,457,18,6,8,32,501,5,3,2,10,489,511,343,33,242,9
12,1000,80,5.13,10.3,18,37,51,965,16,10,9,35,7.642090912,221,372,51.23270283,27.38211918,8.484822178,6.819345369,470,10,10,4,24,495,6,0,5,11,494,506,343,29,200,21
9,1000,80,5.13,10.3,18,37,57,973,12,11,4,27,7.39387637,256,397,298.100266,158.0120571,8.550080812,6.161228659,493,8,11,4,23,480,4,0,0,4,516,484,359,38,239,17
16,1000,80,5.13,10.3,18,37,37,962,20,10,8,38,7.601619695,173,287,33.57861354,18.07577401,7.673998841,7.52865919,486,7,5,4,16,476,13,5,4,22,502,498,256,31,153,20
10,1000,80,5.13,10.3,18,37,53,966,15,9,10,34,7.497192345,241,375,63.89389553,35.27652877,7.912553928,7.078494525,483,10,7,2,19,483,5,2,8,15,502,498,332,43,230,11
13,1000,80,5.13,10.3,18,37,55,961,25,7,7,39,7.759979095,241,394,68.53184505,42.63738159,8.608860292,6.904279575,472,20,6,4,30,489,5,1,3,9,502,498,356,38,230,11
15,1000,80,5.13,10.3,18,37,51,962,27,8,3,38,7.286322992,262,391,105.0140392,60.12396775,7.906657163,6.687925982,469,14,8,0,22,493,13,0,3,16,491,509,355,36,250,12
14,1000,80,5.13,10.3,18,37,53,970,18,6,6,30,7.061279891,263,415,77.17363823,41.05895249,7.854533801,6.305209757,471,11,4,2,17,499,7,2,4,13,488,512,381,34,258,5
11,1000,80,5.13,10.3,18,37,54,958,23,9,10,42,7.667080953,235,400,73.10619111,41.85525299,8.860959886,6.524601895,457,18,6,8,32,501,5,3,2,10,489,511,359,41,222,13
12,1000,80,5.13,10.3,18,37,52,966,16,9,9,34,7.627229034,244,362,53.33749644,28.50754546,8.45791496,6.816243169,471,10,9,4,23,495,6,0,5,11,494,506,327,35,229,15
9,1000,80,5.13,10.3,18,37,58,974,11,10,5,26,7.41204988,220,396,302.8626359,160.3447899,8.611400842,6.133402987,493,8,10,5,23,481,3,0,0,3,516,484,353,43,213,7
10,1000,80,5.13,10.3,18,37,54,965,18,8,9,35,7.486939516,234,363,67.90862431,37.84214917,7.983776326,6.986112048,482,11,7,2,20,483,7,1,7,15,502,498,329,34,221,13
16,1000,80,5.13,10.3,18,37,38,964,19,10,7,36,7.585118509,182,306,34.52742081,18.65019815,7.727502603,7.441590767,486,7,5,4,16,478,12,5,3,20,502,498,261,45,165,17
13,1000,80,5.13,10.3,18,37,56,961,25,7,7,39,7.767191375,247,375,72.1043106,44.63556303,8.672934364,6.854173343,472,20,6,4,30,489,5,1,3,9,502,498,347,28,238,9
15,1000,80,5.13,10.3,18,37,52,961,28,8,3,39,7.239057791,288,406,110.4384516,62.69049434,7.910997731,6.59087997,469,14,8,0,22,492,14,0,3,17,491,509,368,38,271,17
14,1000,80,5.13,10.3,18,37,54,970,18,6,6,30,7.064495185,266,435,80.9625634,42.92827375,7.879302016,6.287882424,471,11,4,2,17,499,7,2,4,13,488,512,398,37,254,12
11,1000,80,5.13,10.3,18,37,55,959,22,8,11,41,7.654725032,276,399,77.42999433,45.12139321,8.886327494,6.476146551,457,18,6,8,32,502,4,2,3,9,489,511,373,26,256,20
12,1000,80,5.13,10.3,18,37,53,966,17,9,8,34,7.61962759,246,377,56.28053767,30.11601588,8.476189848,6.783379062,471,11,9,3,23,495,6,0,5,11,494,506,348,29,228,18
9,1000,80,5.13,10.3,18,37,59,974,11,9,6,26,7.426053846,250,377,332.2307316,175.8546338,8.646923647,6.124465381,493,8,9,6,23,481,3,0,0,3,516,484,349,28,241,9
10,1000,80,5.13,10.3,18,37,55,964,20,7,9,36,7.457846762,246,371,71.75989804,40.09187496,7.99274988,6.918647234,482,12,6,2,20,482,8,1,7,16,502,498,342,29,233,13
13,1000,80,5.13,10.3,18,37,57,961,25,7,7,39,7.768249944,251,396,75.42433712,46.39430175,8.721371927,6.807472362,472,20,6,4,30,489,5,1,3,9,502,498,363,33,240,11
16,1000,80,5.13,10.3,18,37,39,967,17,10,6,33,7.577977935,179,330,35.59492459,19.29048335,7.73363582,7.421069786,487,6,5,4,15,480,11,5,2,18,502,498,287,43,157,22
15,1000,80,5.13,10.3,18,37,53,961,28,8,3,39,7.228811088,279,395,116.8070321,66.75346758,7.947406081,6.535628099,469,14,8,0,22,492,14,0,3,17,491,509,358,37,270,9
14,1000,80,5.13,10.3,18,37,55,970,18,6,6,30,7.056851733,287,413,84.91282306,44.92727962,7.898025177,6.255108294,471,11,4,2,17,499,7,2,4,13,488,512,383,30,276,11
11,1000,80,5.13,10.3,18,37,56,960,21,8,11,40,7.697459902,269,416,82.65094817,49.06213013,8.919195043,6.528323926,457,18,6,8,32,503,3,2,3,8,489,511,379,37,261,8
12,1000,80,5.13,10.3,18,37,54,967,16,9,8,33,7.589712972,238,392,58.35971473,31.40138843,8.494890084,6.706002511,471,11,9,3,23,496,5,0,5,10,494,506,364,28,222,16
9,1000,80,5.13,10.3,18,37,60,974,11,9,6,26,7.408747117,259,414,359.688577,190.1886952,8.667865369,6.066381377,493,8,9,6,23,481,3,0,0,3,516,484,375,39,253,6
10,1000,80,5.13,10.3,18,37,56,963,21,7,9,37,7.453309302,254,386,75.20478,41.86982363,8.042808487,6.859075184,481,13,6,2,21,482,8,1,7,16,502,498,351,35,244,10
13,1000,80,5.13,10.3,18,37,58,960,27,7,6,40,7.739710246,254,388,79.39707754,48.60022095,8.75196501,6.719324921,472,20,6,4,30,488,7,1,2,10,502,498,353,35,246,8
16,1000,80,5.13,10.3,18,37,40,966,18,10,6,34,7.60339234,172,310,36.5265549,19.88394458,7.818720889,7.386334245,486,7,5,4,16,480,11,5,2,18,502,498,264,46,163,9
15,1000,80,5.13,10.3,18,37,54,961,28,8,3,39,7.228818203,274,417,126.7194636,73.13302491,7.995353817,6.489389939,469,14,8,0,22,492,14,0,3,17,491,509,382,35,269,5
14,1000,80,5.13,10.3,18,37,56,970,19,6,5,30,7.0412477,280,419,90.6018874,47.99707744,7.908499209,6.214648605,470,12,4,2,18,500,7,2,3,12,488,512,389,30,263,17
11,1000,80,5.13,10.3,18,37,57,960,21,8,11,40,7.683756384,270,422,88.48002423,52.04568576,8.968185267,6.454625809,457,18,6,8,32,503,3,2,3,8,489,511,388,34,259,11
12,1000,80,5.13,10.3,18,37,55,966,17,10,7,34,7.554865017,252,385,60.75398276,32.75112537,8.530403048,6.602462275,471,10,10,3,23,495,7,0,4,11,494,506,356,29,238,14
9,1000,80,5.13,10.3,18,37,61,974,11,9,6,26,7.399379991,271,399,392.5260077,207.2153805,8.689734644,6.023712635,493,8,9,6,23,481,3,0,0,3,516,484,380,19,260,11
10,1000,80,5.13,10.3,18,37,57,964,21,6,9,36,7.467727636,251,396,78.62048112,44.14789944,8.061979816,6.868702347,481,13,6,2,21,483,8,0,7,15,502,498,364,32,236,15
13,1000,80,5.13,10.3,18,37,59,960,26,8,6,40,7.763367531,258,379,83.50881314,50.81470551,8.780457287,6.73810838,472,19,7,4,30,488,7,1,2,10,502,498,355,24,246,12
16,1000,80,5.13,10.3,18,37,41,965,19,9,7,35,7.59281867,178,324,37.99520931,20.84841673,7.845717327,7.337888699,486,7,4,5,16,479,12,5,2,19,502,498,274,50,159,19
15,1000,80,5.13,10.3,18,37,55,961,28,8,3,39,7.216920247,297,415,138.2901139,78.91820757,8.037544883,6.425315735,469,14,8,0,22,492,14,0,3,17,491,509,379,36,288,9
14,1000,80,5.13,10.3,18,37,57,970,19,6,5,30,7.09635454,288,422,97.2629197,51.54921929,7.986668439,6.247774105,470,12,4,2,18,500,7,2,3,12,488,512,390,32,276,12
11,1000,80,5.13,10.3,18,37,58,960,19,10,11,40,7.677567771,271,423,92.9860783,54.95110979,9.001996979,6.410158999,457,17,7,8,32,503,2,3,3,8,489,511,402,21,258,13
12,1000,80,5.13,10.3,18,37,56,965,18,10,7,35,7.546681363,241,407,63.59511895,34.25898853,8.582375258,6.535549379,471,10,10,3,23,494,8,0,4,12,494,506,370,37,231,10
9,1000,80,5.13,10.3,18,37,62,973,12,9,6,27,7.376505873,272,401,400.4977914,211.0908372,8.730726326,5.932750183,492,9,9,6,24,481,3,0,0,3,516,484,374,27,262,10
10,1000,80,5.13,10.3,18,37,58,965,21,6,8,35,7.469789328,249,397,82.90434243,47.14017766,8.140760357,6.793428974,481,13,6,2,21,484,8,0,6,14,502,498,366,31,240,9
13,1000,80,5.13,10.3,18,37,60,960,27,8,5,40,7.736045761,259,399,88.40331908,53.33758848,8.806458596,6.657035233,471,20,7,4,31,489,7,1,1,9,502,498,362,37,248,11
14,1000,80,5.13,10.3,18,37,58,971,19,5,5,29,7.064236773,307,434,104.5541894,55.37596532,8.024673933,6.148820106,469,13,4,2,19,502,6,1,3,10,488,512,405,29,295,12
15,1000,80,5.13,10.3,18,37,56,962,28,7,3,38,7.164924355,301,427,154.2704833,88.50529164,8.03853181,6.32221068,470,14,7,0,21,492,14,0,3,17,491,509,390,37,281,20
16,1000,80,5.13,10.3,18,37,42,965,19,10,6,35,7.588826733,189,342,39.37356695,21.73897211,7.877776522,7.297556061,486,7,4,5,16,479,12,6,1,19,502,498,287,55,171,18
11,1000,80,5.13,10.3,18,37,59,961,19,10,10,39,7.667884164,283,427,97.53079082,58.95752634,9.055860617,6.339664035,457,17,7,8,32,504,2,3,2,7,489,511,395,32,264,19
12,1000,80,5.13,10.3,18,37,57,963,20,10,7,37,7.520912026,235,375,66.61705842,35.73602222,8.618550855,6.449304157,470,11,10,3,24,493,9,0,4,13,494,506,343,32,226,9
9,1000,80,5.13,10.3,18,37,63,973,12,9,6,27,7.395831953,281,403,468.6805999,247.1471193,8.806641259,5.891745998,492,9,9,6,24,481,3,0,0,3,516,484,371,32,266,15
10,1000,80,5.13,10.3,18,37,59,965,20,7,8,35,7.470734539,244,395,86.57649325,49.24586533,8.193997313,6.741662425,481,13,6,2,21,484,7,1,6,14,502,498,363,32,231,13
13,1000,80,5.13,10.3,18,37,61,961,25,9,5,39,7.71031098,276,423,92.3841487,55.3584997,8.820828342,6.5908738,472,18,8,4,30,489,7,1,1,9,502,498,380,43,265,11
14,1000,80,5.13,10.3,18,37,59,971,19,5,5,29,7.079352666,318,415,112.4630843,60.06086904,8.137059094,6.071226226,469,13,4,2,19,502,6,1,3,10,488,512,395,20,306,12
15,1000,80,5.13,10.3,18,37,57,964,27,7,2,36,7.159658402,284,427,165.3783391,93.98902702,8.073347,6.278280992,470,14,7,0,21,494,13,0,2,15,491,509,393,34,273,11
11,1000,80,5.13,10.3,18,37,60,960,20,9,11,40,7.671892912,286,437,102.6496388,62.32731228,9.112317741,6.293482459,456,18,6,9,33,504,2,3,2,7,489,511,406,31,266,20
16,1000,80,5.13,10.3,18,37,43,965,19,9,7,35,7.568376315,208,351,40.62398141,22.51642266,7.87995564,7.254294345,486,7,4,5,16,479,12,5,2,19,502,498,301,50,188,20
12,1000,80,5.13,10.3,18,37,58,964,17,12,7,36,7.508740651,275,400,70.38065116,37.6355392,8.68722825,6.358201375,470,8,12,4,24,494,9,0,3,12,494,506,371,29,261,14
9,1000,80,5.13,10.3,18,37,64,973,12,9,6,27,7.363852151,294,429,548.2228305,289.4416307,8.802046887,5.83057016,492,9,9,6,24,481,3,0,0,3,516,484,392,37,281,13
10,1000,80,5.13,10.3,18,37,60,967,18,8,7,33,7.422596041,268,395,90.06674425,51.26523121,8.227416244,6.61131142,481,12,7,2,21,486,6,1,5,12,502,498,363,32,248,20
13,1000,80,5.13,10.3,18,37,62,961,24,10,5,39,7.703195859,279,407,96.241801,57.18226781,8.85582338,6.541310286,472,17,9,4,30,489,7,1,1,9,502,498,371,36,266,13
14,1000,80,5.13,10.3,18,37,60,970,20,5,5,30,7.101146092,303,424,119.019428,63.29611934,8.206943077,6.04718334,468,14,4,2,20,502,6,1,3,10,488,512,397,27,295,8
11,1000,80,5.13,10.3,18,37,61,960,20,9,11,40,7.641691646,312,421,108.7329057,67.46235386,9.150417893,6.197920344,456,18,6,9,33,504,2,3,2,7,489,511,399,22,295,17
15,1000,80,5.13,10.3,18,37,58,965,26,7,2,35,7.147486014,295,427,176.5788737,99.74835705,8.138555714,6.191463965,470,14,7,0,21,495,12,0,2,14,491,509,394,33,283,12
16,1000,80,5.13,10.3,18,37,44,965,19,9,7,35,7.566672373,211,322,42.40630412,23.64401952,7.911605637,7.218968562,486,7,4,5,16,479,12,5,2,19,502,498,283,39,194,17
13,1000,80,5.13,10.3,18,37,63,962,24,9,5,38,7.691658054,280,405,101.2994993,59.93806645,8.896920783,6.476714501,472,17,9,4,30,490,7,0,1,8,502,498,382,23,269,11
12,1000,80,5.13,10.3,18,37,59,964,17,12,7,36,7.524205857,253,405,73.16990386,39.23308553,8.713564277,6.363053565,470,8,12,4,24,494,9,0,3,12,494,506,384,21,234,19
9,1000,80,5.13,10.3,18,37,65,974,11,9,6,26,7.341709594,292,410,641.6614526,339.4550173,8.828597412,5.756515143,492,9,9,6,24,482,2,0,0,2,516,484,390,20,273,19
10,1000,80,5.13,10.3,18,37,61,966,18,9,7,34,7.4090169,284,396,95.16889693,54.20540502,8.299966225,6.510911354,480,13,7,2,22,486,5,2,5,12,502,498,375,21,272,12
14,1000,80,5.13,10.3,18,37,61,968,21,6,5,32,7.097523412,314,453,126.6959403,67.64969507,8.28402584,5.966638285,467,14,5,2,21,501,7,1,3,11,488,512,423,30,303,11
11,1000,80,5.13,10.3,18,37,62,960,19,9,12,40,7.63105688,286,429,113.8080592,71.31865687,9.177238214,6.15144304,456,17,6,10,33,504,2,3,2,7,489,511,396,33,279,7
15,1000,80,5.13,10.3,18,37,59,968,23,7,2,32,7.136247138,305,420,190.056904,107.4173471,8.177814615,6.131513089,470,14,7,0,21,498,9,0,2,11,491,509,381,39,295,10
13,1000,80,5.13,10.3,18,37,64,962,24,9,5,38,7.70370754,278,434,105.109032,61.85019271,8.938562006,6.458934564,472,17,9,4,30,490,7,0,1,8,502,498,401,33,266,12
10,1000,80,5.13,10.3,18,37,62,966,19,8,7,34,7.400662949,266,399,98.64145562,56.275291,8.354237911,6.439428751,480,13,7,2,22,486,6,1,5,12,502,498,376,23,262,4
12,1000,80,5.13,10.3,18,37,60,964,17,11,8,36,7.498748657,274,429,76.80131356,41.2402228,8.768067538,6.2595322,470,8,11,5,24,494,9,0,3,12,494,506,403,26,262,12
9,1000,80,5.13,10.3,18,37,66,973,12,9,6,27,7.336987308,283,420,704.2996189,372.9341779,8.861058416,5.712151168,492,9,9,6,24,481,3,0,0,3,516,484,391,29,272,11
16,1000,80,5.13,10.3,18,37,45,965,19,9,7,35,7.55077207,217,346,43.67210117,24.42701613,7.939887447,7.158531269,486,7,4,5,16,479,12,5,2,19,502,498,312,34,202,15
14,1000,80,5.13,10.3,18,37,62,969,21,5,5,31,7.105259285,327,432,133.2405509,71.02150559,8.30530066,5.96146985,467,14,5,2,21,502,7,0,3,10,488,512,403,29,313,14
11,1000,80,5.13,10.3,18,37,63,960,17,11,12,40,7.628546033,301,440,117.2891659,73.4327058,9.213060114,6.112249779,456,15,8,10,33,504,2,3,2,7,489,511,420,20,286,15
15,1000,80,5.13,10.3,18,37,60,968,22,8,2,32,7.156277914,298,439,207.0736123,116.8844582,8.213658759,6.136289713,470,13,8,0,21,498,9,0,2,11,491,509,401,38,285,13
13,1000,80,5.13,10.3,18,37,65,962,23,10,5,38,7.719375576,305,419,109.5990008,64.18643984,9.015604275,6.412735401,472,16,10,4,30,490,7,0,1,8,502,498,395,24,295,10
10,1000,80,5.13,10.3,18,37,63,967,19,7,7,33,7.362606971,293,408,104.1883648,59.36671053,8.377211984,6.33985252,480,13,7,2,22,487,6,0,5,11,502,498,385,23,288,5
9,1000,80,5.13,10.3,18,37,67,972,13,9,6,28,7.353774135,287,416,829.6233569,439.8119298,8.933317529,5.669798119,491,10,9,6,25,481,3,0,0,3,516,484,393,23,278,9
12,1000,80,5.13,10.3,18,37,61,963,19,11,7,37,7.46898025,297,420,80.72054683,43.43352842,8.775063661,6.193871149,469,9,11,5,25,494,10,0,2,12,494,506,392,28,282,15
16,1000,80,5.13,10.3,18,37,46,965,19,9,7,35,7.547321406,204,353,45.36600848,25.44113454,7.974252707,7.116960938,486,7,4,5,16,479,12,5,2,19,502,498,309,44,188,16
14,1000,80,5.13,10.3,18,37,63,967,23,5,5,33,7.091006716,327,433,140.7031735,74.76946746,8.359998886,5.881498555,465,16,5,2,23,502,7,0,3,10,488,512,409,24,311,16
11,1000,80,5.13,10.3,18,37,64,957,20,11,12,43,7.63437348,315,460,122.2064813,76.10417675,9.252681271,6.085738431,453,18,8,10,36,504,2,3,2,7,489,511,424,36,303,12
15,1000,80,5.13,10.3,18,37,61,967,22,9,2,33,7.154704533,305,434,222.9468548,124.9572095,8.254260323,6.094032837,470,12,9,0,21,497,10,0,2,12,491,509,410,24,293,12
13,1000,80,5.13,10.3,18,37,66,963,22,10,5,37,7.696499962,302,420,114.6799378,67.00961908,9.067788216,6.314197345,472,16,10,4,30,491,6,0,1,7,502,498,398,22,287,15
10,1000,80,5.13,10.3,18,37,64,967,18,8,7,33,7.340580796,276,402,110.8731923,63.03606235,8.424275445,6.248181772,480,12,8,2,22,487,6,0,5,11,502,498,383,19,259,17
9,1000,80,5.13,10.3,18,37,68,971,14,9,6,29,7.367938987,312,423,842.0894639,446.5016814,8.985875738,5.643031212,490,11,9,6,26,481,3,0,0,3,516,484,398,25,297,15
12,1000,80,5.13,10.3,18,37,62,964,19,11,6,36,7.458498846,269,416,85.84292278,46.21837499,8.814076552,6.135069228,469,9,11,5,25,495,10,0,1,11,494,506,387,29,259,10
16,1000,80,5.13,10.3,18,37,47,965,18,10,7,35,7.586267621,209,345,46.95407059,26.3328183,8.038162703,7.13074286,485,8,4,5,17,480,10,6,2,18,502,498,305,40,196,13
14,1000,80,5.13,10.3,18,37,64,966,24,6,4,34,7.056791211,321,437,149.2302478,78.94676116,8.353321942,5.821035358,464,17,5,2,24,502,7,1,2,10,488,512,412,25,311,10
11,1000,80,5.13,10.3,18,37,65,956,21,11,12,44,7.62386554,311,443,126.9417744,78.44794623,9.2594358,6.05871122,453,18,8,10,36,503,3,3,2,8,489,511,423,20,308,3
15,1000,80,5.13,10.3,18,37,62,968,22,9,1,32,7.135435928,311,418,238.7140361,132.9633794,8.284734994,6.026780051,469,13,9,0,22,499,9,0,1,10,491,509,399,19,303,8
13,1000,80,5.13,10.3,18,37,67,963,22,10,5,37,7.725860883,302,435,119.9854572,69.70172674,9.103963179,6.336689493,472,16,10,4,30,491,6,0,1,7,502,498,411,24,293,9
10,1000,80,5.13,10.3,18,37,65,967,19,5,9,33,7.374026256,274,444,120.4735184,69.56036771,8.499007805,6.24000871,480,13,5,4,22,487,6,0,5,11,502,498,413,31,269,5
9,1000,80,5.13,10.3,18,37,69,970,15,9,6,30,7.334805395,314,429,868.3987637,460.5085518,9.007280336,5.551753598,489,12,9,6,27,481,3,0,0,3,516,484,400,29,303,11
12,1000,80,5.13,10.3,18,37,63,963,20,10,7,37,7.472644514,301,432,90.36215029,48.72053064,8.864230345,6.114060719,469,9,10,6,25,494,11,0,1,12,494,506,406,26,286,15
14,1000,80,5.13,10.3,18,37,65,967,24,5,4,33,7.020907915,337,438,160.1691478,84.87335742,8.413586337,5.693511294,464,17,5,2,24,503,7,0,2,9,488,512,411,27,328,9
16,1000,80,5.13,10.3,18,37,48,968,16,9,7,32,7.587179158,219,371,49.20022132,27.73456898,8.08904914,7.081278091,486,7,4,5,16,482,9,5,2,16,502,498,330,41,206,13
11,1000,80,5.13,10.3,18,37,66,954,23,11,12,46,7.623882564,316,440,131.8999608,80.96530639,9.376684948,5.946543297,451,20,8,10,38,503,3,3,2,8,489,511,414,26,307,9
13,1000,80,5.13,10.3,18,37,68,963,21,11,5,37,7.739626852,311,436,125.3744978,72.44858136,9.166385955,6.301407836,472,15,11,4,30,491,6,0,1,7,502,498,417,19,304,7
15,1000,80,5.13,10.3,18,37,63,968,22,10,0,32,7.096527546,331,422,254.0450096,141.1925237,8.313645328,5.922451257,469,13,9,0,22,499,9,1,0,10,491,509,397,25,319,12
10,1000,80,5.13,10.3,18,37,66,970,18,4,8,30,7.335083944,298,432,125.8742909,73.21945856,8.49671316,6.164124372,481,13,4,4,21,489,5,0,4,9,502,498,406,26,286,12
9,1000,80,5.13,10.3,18,37,70,968,17,8,7,32,7.350825525,299,447,895.0150921,474.768758,9.094056571,5.492339533,487,14,8,7,29,481,3,0,0,3,516,484,415,32,294,5
12,1000,80,5.13,10.3,18,37,64,963,20,10,7,37,7.494271113,295,427,95.61943068,52.08999257,8.908805804,6.113282699,468,10,10,6,26,495,10,0,1,11,494,506,397,30,285,10
14,1000,80,5.13,10.3,18,37,66,965,26,5,4,35,6.980559261,342,447,171.4429262,90.3695596,8.492916393,5.53909387,461,20,5,2,27,504,6,0,2,8,488,512,426,21,331,11
11,1000,80,5.13,10.3,18,37,67,952,25,11,12,48,7.633145064,333,434,138.1491331,83.92060577,9.42746016,5.916080324,449,22,8,10,40,503,3,3,2,8,489,511,415,19,323,10
16,1000,80,5.13,10.3,18,37,49,968,16,9,7,32,7.612126511,231,368,51.91358372,29.27363767,8.160442231,7.05940665,486,7,4,5,16,482,9,5,2,16,502,498,328,40,218,13
13,1000,80,5.13,10.3,18,37,69,962,21,12,5,38,7.708338574,300,443,132.9630919,76.29699221,9.20316981,6.201500662,471,15,12,4,31,491,6,0,1,7,502,498,417,26,292,8
15,1000,80,5.13,10.3,18,37,64,967,23,10,0,33,7.084267131,313,421,276.3726759,151.4218757,8.361028162,5.852656785,468,14,9,0,23,499,9,1,0,10,491,509,393,28,302,11
10,1000,80,5.13,10.3,18,37,67,971,18,4,7,29,7.333398862,312,442,132.5134872,78.05328386,8.559620884,6.097327668,481,13,4,4,21,490,5,0,3,8,502,498,408,34,301,11
9,1000,80,5.13,10.3,18,37,71,968,17,8,7,32,7.36597759,337,427,984.004888,522.4074755,9.180402339,5.431590875,487,14,8,7,29,481,3,0,0,3,516,484,402,25,326,11
12,1000,80,5.13,10.3,18,37,65,963,20,10,7,37,7.447862195,286,438,101.0192924,55.1070891,8.951895623,5.979497544,468,10,10,6,26,495,10,0,1,11,494,506,420,18,274,12
14,1000,80,5.13,10.3,18,37,67,966,25,5,4,34,6.965358311,348,466,183.8809229,96.34219025,8.558620591,5.446780201,461,20,5,2,27,505,5,0,2,7,488,512,439,27,338,10
11,1000,80,5.13,10.3,18,37,68,951,25,12,12,49,7.580307292,338,461,144.7406477,87.26426368,9.456832591,5.784571732,448,22,9,10,41,503,3,3,2,8,489,511,428,33,328,10
13,1000,80,5.13,10.3,18,37,70,960,23,12,5,40,7.694767716,319,441,141.7785894,81.01952578,9.235056231,6.142107405,470,16,12,4,32,490,7,0,1,8,502,498,415,26,311,8
16,1000,80,5.13,10.3,18,37,50,968,16,9,7,32,7.580492251,224,384,54.86070889,30.96973266,8.18771308,6.968394146,486,7,4,5,16,482,9,5,2,16,502,498,344,40,214,10
15,1000,80,5.13,10.3,18,37,65,969,21,10,0,31,7.085333729,342,443,295.7672159,161.9831379,8.448007797,5.770848528,467,15,9,0,24,502,6,1,0,7,491,509,416,27,329,13
10,1000,80,5.13,10.3,18,37,68,971,18,4,7,29,7.319042148,320,433,140.4674933,82.41119714,8.583568506,6.044358951,481,13,4,4,21,490,5,0,3,8,502,498,398,35,308,12
9,1000,80,5.13,10.3,18,37,72,967,18,8,7,33,7.360618521,327,450,1091.995887,580.0629926,9.244597464,5.352078987,486,15,8,7,30,481,3,0,0,3,516,484,424,26,320,7
12,1000,80,5.13,10.3,18,37,66,963,20,9,8,37,7.479583332,303,440,107.7930798,59.0754709,9.008153304,5.987264031,468,10,9,7,26,495,10,0,1,11,494,506,417,23,296,7
14,1000,80,5.13,10.3,18,37,68,966,24,6,4,34,6.934493104,361,456,194.9375579,101.7244751,8.621436997,5.326624705,461,19,6,2,27,505,5,0,2,7,488,512,434,22,351,10
11,1000,80,5.13,10.3,18,37,69,951,25,12,12,49,7.531929591,351,453,151.8106905,92.2569661,9.464417006,5.682641244,448,22,9,10,41,503,3,3,2,8,489,511,433,20,345,6
13,1000,80,5.13,10.3,18,37,71,959,24,12,5,41,7.705115438,331,451,149.1446627,84.76616284,9.27566673,6.121949277,470,16,12,4,32,489,8,0,1,9,502,498,428,23,314,17
16,1000,80,5.13,10.3,18,37,51,966,19,9,6,34,7.59289418,238,362,57.67102533,32.58057545,8.263462032,6.91694024,485,8,4,5,17,481,11,5,1,17,502,498,335,27,219,19
15,1000,80,5.13,10.3,18,37,66,968,22,10,0,32,7.09230291,331,452,312.072675,171.5739816,8.494529422,5.739663975,467,15,9,0,24,501,7,1,0,8,491,509,421,31,318,13
10,1000,80,5.13,10.3,18,37,69,972,16,5,7,28,7.315949369,317,444,146.0723951,85.15560992,8.656514004,5.964617146,481,12,5,4,21,491,4,0,3,7,502,498,415,29,305,12
9,1000,80,5.13,10.3,18,37,73,966,19,8,7,34,7.390677066,339,440,1200.836877,638.5672264,9.316457289,5.337572531,485,16,8,7,31,481,3,0,0,3,516,484,420,20,328,11
12,1000,80,5.13,10.3,18,37,67,963,20,9,8,37,7.443970753,315,437,114.6405678,62.99249698,9.0159675,5.909254562,468,10,9,7,26,495,10,0,1,11,494,506,412,25,304,11
14,1000,80,5.13,10.3,18,37,69,967,24,6,3,33,6.918626416,366,453,204.3917949,105.9520305,8.654265364,5.264345543,461,19,6,2,27,506,5,0,1,6,488,512,427,26,354,12
11,1000,80,5.13,10.3,18,37,70,951,24,13,12,49,7.510872457,351,450,159.2054364,96.31759373,9.511853583,5.596039246,448,21,10,10,41,503,3,3,2,8,489,511,431,19,337,14
13,1000,80,5.13,10.3,18,37,72,959,22,14,5,41,7.709836445,331,442,157.6250078,88.95363298,9.3355609,6.071053962,469,15,14,4,33,490,7,0,1,8,502,498,423,19,313,18
10,1000,80,5.13,10.3,18,37,70,972,16,5,7,28,7.301935672,307,437,152.2161991,88.77899481,8.682129827,5.910655619,481,12,5,4,21,491,4,0,3,7,502,498,418,19,301,6
15,1000,80,5.13,10.3,18,37,67,967,23,10,0,33,7.115022904,353,443,337.7793418,185.528225,8.559825495,5.721313527,466,16,9,0,25,501,7,1,0,8,491,509,417,26,342,11
16,1000,80,5.13,10.3,18,37,52,966,19,9,6,34,7.596557224,235,379,60.4375306,34.11441644,8.314757848,6.87258792,485,8,4,5,17,481,11,5,1,17,502,498,342,37,220,15
9,1000,80,5.13,10.3,18,37,74,965,20,8,7,35,7.383946013,332,442,1230.635109,655.2466342,9.362223203,5.274873637,484,17,8,7,32,481,3,0,0,3,516,484,418,24,325,7
14,1000,80,5.13,10.3,18,37,70,966,24,7,3,34,6.92444979,361,473,218.443651,112.4892666,8.686954095,5.244562875,461,19,6,2,27,505,5,1,1,7,488,512,445,28,354,7
12,1000,80,5.13,10.3,18,37,68,961,22,9,8,39,7.459264534,311,443,120.9338381,66.92391659,9.063187328,5.893379434,466,12,9,7,28,495,10,0,1,11,494,506,426,17,293,18
11,1000,80,5.13,10.3,18,37,71,951,24,13,12,49,7.492106135,358,467,170.4031295,103.4401376,9.506123263,5.564798159,448,21,10,10,41,503,3,3,2,8,489,511,444,23,349,9
13,1000,80,5.13,10.3,18,37,73,958,23,14,5,42,7.670730142,341,455,164.866704,92.62897127,9.394837979,5.93277405,468,16,14,4,34,490,7,0,1,8,502,498,428,27,326,15
10,1000,80,5.13,10.3,18,37,71,972,17,5,6,28,7.281181832,330,442,161.9563498,95.05440782,8.750062289,5.800503139,481,12,5,4,21,491,5,0,2,7,502,498,424,18,320,10
15,1000,80,5.13,10.3,18,37,68,966,22,12,0,34,7.093524058,341,435,363.4024596,198.7643402,8.589245728,5.650696278,466,16,9,0,25,500,6,3,0,9,491,509,421,14,328,13
16,1000,80,5.13,10.3,18,37,53,967,20,7,6,33,7.566453136,240,386,63.22776099,35.70308199,8.34746643,6.779166643,485,8,4,5,17,482,12,3,1,16,502,498,354,32,225,15
9,1000,80,5.13,10.3,18,37,75,966,19,8,7,34,7.367793866,335,446,1345.087943,715.9642076,9.381882843,5.22054198,485,16,8,7,31,481,3,0,0,3,516,484,417,29,331,4
14,1000,80,5.13,10.3,18,37,71,965,25,7,3,35,6.893540752,360,458,233.8299108,119.463773,8.742385745,5.131360368,460,20,6,2,28,505,5,1,1,7,488,512,441,17,354,6
12,1000,80,5.13,10.3,18,37,69,960,23,9,8,40,7.441379998,325,447,127.2344487,69.94245296,9.093079664,5.828851076,464,14,9,7,30,496,9,0,1,10,494,506,417,30,308,17
13,1000,80,5.13,10.3,18,37,74,958,23,13,6,42,7.636471646,353,453,171.3357702,96.06866347,9.446719119,5.811684033,468,16,13,5,34,490,7,0,1,8,502,498,437,16,346,7
11,1000,80,5.13,10.3,18,37,72,951,24,13,12,49,7.466219493,350,464,179.0971285,107.5774592,9.546459821,5.475539413,448,21,10,10,41,503,3,3,2,8,489,511,447,17,344,6
10,1000,80,5.13,10.3,18,37,72,971,18,5,6,29,7.268893136,319,457,171.6748347,100.9006467,8.780007305,5.745641503,481,12,5,4,21,490,6,0,2,8,502,498,424,33,309,10
15,1000,80,5.13,10.3,18,37,69,965,22,12,1,35,7.112974426,360,450,394.2217532,213.7251322,8.648813102,5.631448316,466,16,8,1,25,499,6,4,0,10,491,509,428,22,346,14
14,1000,80,5.13,10.3,18,37,72,966,24,7,3,34,6.901506258,365,476,249.8453527,127.1988505,8.835675288,5.058001401,460,20,6,2,28,506,4,1,1,6,488,512,454,22,355,10
9,1000,80,5.13,10.3,18,37,76,965,21,7,7,35,7.383292583,341,449,1360.043064,724.688336,9.40889339,5.223767755,484,18,7,7,32,481,3,0,0,3,516,484,430,19,326,15
16,1000,80,5.13,10.3,18,37,54,968,20,6,6,32,7.521920666,244,389,66.36977865,37.31375537,8.394514438,6.642318108,485,8,4,5,17,483,12,2,1,15,502,498,355,34,233,11
12,1000,80,5.13,10.3,18,37,70,960,23,9,8,40,7.428522859,324,447,134.8935053,73.57717659,9.103121104,5.793638407,464,14,9,7,30,496,9,0,1,10,494,506,429,18,310,14
13,1000,80,5.13,10.3,18,37,75,958,23,12,7,42,7.612508315,347,460,178.6956815,99.81623962,9.490671209,5.719259776,467,17,12,6,35,491,6,0,1,7,502,498,435,25,333,14
11,1000,80,5.13,10.3,18,37,73,952,25,10,13,48,7.422036524,358,471,187.0361588,111.3923964,9.566920651,5.369495745,448,21,9,11,41,504,4,1,2,7,489,511,450,21,345,13
10,1000,80,5.13,10.3,18,37,73,968,21,5,6,32,7.27113568,346,445,178.9570002,105.6079069,8.818987081,5.710851737,480,13,5,4,22,488,8,0,2,10,502,498,422,23,335,11
15,1000,80,5.13,10.3,18,37,70,967,22,10,1,33,7.088033984,356,455,433.3448778,233.9072887,8.703295731,5.529893478,466,16,8,1,25,501,6,2,0,8,491,509,429,26,346,10
14,1000,80,5.13,10.3,18,37,73,966,23,8,3,34,6.916120277,382,473,265.0551289,134.257098,8.878411748,5.045811219,460,19,7,2,28,506,4,1,1,6,488,512,447,26,372,10
9,1000,80,5.13,10.3,18,37,77,965,21,7,7,35,7.366095258,343,461,1477.173584,786.4561154,9.424574066,5.171518677,484,18,7,7,32,481,3,0,0,3,516,484,434,27,332,11
12,1000,80,5.13,10.3,18,37,71,961,22,8,9,39,7.463280046,319,465,140.7745641,76.60845312,9.170648492,5.796402551,464,14,8,8,30,497,8,0,1,9,494,506,442,23,313,6
16,1000,80,5.13,10.3,18,37,55,968,20,6,6,32,7.546016239,263,391,69.26272461,39.04637579,8.456447326,6.628272452,484,9,4,5,18,484,11,2,1,14,502,498,358,33,251,12
13,1000,80,5.13,10.3,18,37,76,959,22,12,7,41,7.608161316,351,451,188.3841115,104.7830941,9.51688178,5.684109764,467,17,12,6,35,492,5,0,1,6,502,498,437,14,338,13
11,1000,80,5.13,10.3,18,37,74,952,25,9,14,48,7.363488663,365,464,198.8201566,117.05344,9.571939291,5.2501181,448,21,8,12,41,504,4,1,2,7,489,511,444,20,354,11
10,1000,80,5.13,10.3,18,37,74,970,19,4,7,30,7.224973725,340,454,185.1732836,109.5625576,8.869653103,5.56708407,480,13,4,5,22,490,6,0,2,8,502,498,432,22,332,8
15,1000,80,5.13,10.3,18,37,71,967,20,12,1,33,7.067189099,356,467,457.0757732,246.733977,8.750199451,5.443695813,466,15,9,1,25,501,5,3,0,8,491,509,437,30,344,12
14,1000,80,5.13,10.3,18,37,74,967,21,9,3,33,6.875621047,382,482,281.9701502,142.625864,8.886324172,4.95916963,460,19,7,2,28,507,2,2,1,5,488,512,462,20,376,6
9,1000,80,5.13,10.3,18,37,78,965,21,7,7,35,7.329302207,345,456,1626.848064,865.1661951,9.440256521,5.078780666,484,18,7,7,32,481,3,0,0,3,516,484,432,24,336,9
12,1000,80,5.13,10.3,18,37,72,960,22,9,9,40,7.473009764,334,456,147.0390017,79.79523918,9.24624881,5.741823819,463,14,9,8,31,497,8,0,1,9,494,506,429,27,319,15
13,1000,80,5.13,10.3,18,37,77,958,21,14,7,42,7.639843783,351,457,196.7930068,108.8638348,9.589328084,5.674700974,467,15,14,6,35,491,6,0,1,7,502,498,439,18,338,13
11,1000,80,5.13,10.3,18,37,75,952,24,10,14,48,7.340300184,363,472,211.0884285,122.9090968,9.620426098,5.15834016,448,20,9,12,41,504,4,1,2,7,489,511,452,20,354,9
16,1000,80,5.13,10.3,18,37,56,969,19,6,6,31,7.537348661,253,387,72.22158701,40.58805686,8.509719185,6.557167932,484,9,4,5,18,485,10,2,1,13,502,498,354,33,241,12
10,1000,80,5.13,10.3,18,37,75,970,19,4,7,30,7.216076796,325,456,194.6833389,115.4066013,8.905802144,5.512779358,480,13,4,5,22,490,6,0,2,8,502,498,434,22,313,12
14,1000,80,5.13,10.3,18,37,75,966,22,9,3,34,6.883142896,375,475,293.7267746,148.4002214,8.973421914,4.890845708,460,19,7,2,28,506,3,2,1,6,488,512,459,16,367,8
15,1000,80,5.13,10.3,18,37,72,967,19,13,1,33,7.083740954,352,454,479.4823103,259.1140338,8.833012786,5.396329423,466,14,10,1,25,501,5,3,0,8,491,509,434,20,345,7
9,1000,80,5.13,10.3,18,37,79,964,21,8,7,36,7.378649589,362,459,1645.694003,874.4937601,9.533828312,5.080979711,483,19,7,7,33,481,2,1,0,3,516,484,438,21,352,10
13,1000,80,5.13,10.3,18,37,78,958,21,14,7,42,7.596275737,366,455,204.8723298,112.877375,9.579584567,5.597036716,467,15,14,6,35,491,6,0,1,7,502,498,436,19,353,13
12,1000,80,5.13,10.3,18,37,73,959,23,10,8,41,7.432853815,336,457,154.5163728,83.54122592,9.288134332,5.621572045,462,15,9,8,32,497,8,1,0,9,494,506,429,28,327,9
11,1000,80,5.13,10.3,18,37,76,952,23,11,14,48,7.334927424,386,458,225.0745342,128.9629622,9.679394785,5.091396036,448,19,10,12,41,504,4,1,2,7,489,511,442,16,375,11
16,1000,80,5.13,10.3,18,37,57,970,19,6,5,30,7.54163248,259,403,77.38864896,43.47622407,8.571358224,6.503635847,484,9,4,5,18,486,10,2,0,12,502,498,371,32,242,17
10,1000,80,5.13,10.3,18,37,76,970,19,4,7,30,7.193205806,333,444,205.6291309,122.30549,8.941937679,5.430427893,480,13,4,5,22,490,6,0,2,8,502,498,428,16,327,6
14,1000,80,5.13,10.3,18,37,76,966,22,9,3,34,6.855552704,382,492,311.4603761,156.9316495,9.011014174,4.801128492,460,19,7,2,28,506,3,2,1,6,488,512,464,28,377,5
15,1000,80,5.13,10.3,18,37,73,966,20,13,1,34,7.098347473,357,464,498.8425169,270.0936383,8.929810906,5.33165092,465,15,10,1,26,501,5,3,0,8,491,509,440,24,351,6
13,1000,80,5.13,10.3,18,37,79,957,22,14,7,43,7.61036074,365,457,213.6083173,117.2721983,9.617698383,5.586899902,467,15,14,6,35,490,7,0,1,8,502,498,440,17,355,10
9,1000,80,5.13,10.3,18,37,80,964,22,7,7,36,7.37194676,357,458,1662.361439,883.0182342,9.594203974,5.002763449,482,20,7,7,34,482,2,0,0,2,516,484,440,18,348,9
12,1000,80,5.13,10.3,18,37,74,960,23,9,8,40,7.434207351,343,453,161.4873257,87.02067247,9.355072549,5.558896268,462,15,9,8,32,498,8,0,0,8,494,506,432,21,333,10
11,1000,80,5.13,10.3,18,37,77,952,23,11,14,48,7.337918499,377,480,238.6125205,135.4959323,9.719858063,5.058528193,448,19,10,12,41,504,4,1,2,7,489,511,456,24,366,11
16,1000,80,5.13,10.3,18,37,58,970,19,6,5,30,7.522486049,267,404,84.16419458,47.27264949,8.591080501,6.44530851,484,9,4,5,18,486,10,2,0,12,502,498,374,30,249,18
10,1000,80,5.13,10.3,18,37,77,972,18,4,6,28,7.107247419,337,465,218.1153769,129.7139594,8.960004362,5.239608894,480,13,4,5,22,492,5,0,1,6,502,498,446,19,326,11
14,1000,80,5.13,10.3,18,37,77,967,22,8,3,33,6.855289641,380,469,329.5943681,165.7282115,9.069282579,4.745077622,459,20,7,2,29,508,2,1,1,4,488,512,454,15,373,7
15,1000,80,5.13,10.3,18,37,74,964,21,14,1,36,7.066177219,363,471,541.8904963,293.6400644,8.944263559,5.254506505,463,16,11,1,28,501,5,3,0,8,491,509,437,34,353,10
13,1000,80,5.13,10.3,18,37,80,957,22,14,7,43,7.607491979,361,469,225.1785428,122.6030284,9.650693577,5.547879122,467,15,14,6,35,490,7,0,1,8,502,498,455,14,353,8
9,1000,80,5.13,10.3,18,37,81,963,23,7,7,37,7.35175372,356,460,1682.685836,893.6618851,9.636864985,4.915560718,481,21,7,7,35,482,2,0,0,2,516,484,443,17,349,7
12,1000,80,5.13,10.3,18,37,75,960,23,9,8,40,7.417963877,352,465,170.2932894,91.77938396,9.364477443,5.517612688,462,15,9,8,32,498,8,0,0,8,494,506,447,18,346,6
11,1000,80,5.13,10.3,18,37,78,951,24,11,14,49,7.32035833,391,473,254.2661016,143.1268816,9.742667467,5.002336474,447,20,10,12,42,504,4,1,2,7,489,511,456,17,381,10
10,1000,80,5.13,10.3,18,37,78,972,17,5,6,28,7.118002461,365,464,233.7517169,139.6815077,9.030078816,5.190568064,480,12,5,5,22,492,5,0,1,6,502,498,445,19,351,14
16,1000,80,5.13,10.3,18,37,59,971,18,6,5,29,7.533224674,284,411,91.61163947,51.53996781,8.671199366,6.386109623,484,9,4,5,18,487,9,2,0,11,502,498,378,33,271,13
14,1000,80,5.13,10.3,18,37,78,966,23,8,3,34,6.898489723,399,480,348.3307728,175.3326236,9.169347186,4.734078703,458,21,7,2,30,508,2,1,1,4,488,512,464,16,390,9
15,1000,80,5.13,10.3,18,37,75,964,21,14,1,36,7.041146163,373,462,605.7175916,326.3436127,9.011222978,5.140738076,462,16,12,1,29,502,5,2,0,7,491,509,434,28,366,7
13,1000,80,5.13,10.3,18,37,81,956,23,14,7,44,7.589099213,367,465,235.853491,127.7926707,9.690026178,5.471297331,466,16,14,6,36,490,7,0,1,8,502,498,446,19,364,3
9,1000,80,5.13,10.3,18,37,82,962,24,7,7,38,7.339317806,357,459,1702.906287,903.9769941,9.648311739,4.877663116,480,22,7,7,36,482,2,0,0,2,516,484,438,21,352,5
11,1000,80,5.13,10.3,18,37,79,950,25,12,13,50,7.305482988,380,482,271.3860495,151.5282345,9.78650373,4.931277228,446,20,11,12,43,504,5,1,1,7,489,511,466,16,372,8
12,1000,80,5.13,10.3,18,37,76,960,23,9,8,40,7.387360271,346,473,182.1089164,98.3328159,9.38227276,5.43975796,462,15,9,8,32,498,8,0,0,8,494,506,448,25,337,9
10,1000,80,5.13,10.3,18,37,79,972,17,5,6,28,7.114203697,365,461,243.4786968,145.4216265,9.075277002,5.1373788,480,12,5,5,22,492,5,0,1,6,502,498,437,24,355,10
14,1000,80,5.13,10.3,18,37,79,966,23,8,3,34,6.883418816,393,477,367.9021803,185.4555531,9.220579085,4.655812934,457,22,7,2,31,509,1,1,1,3,488,512,458,19,388,5
16,1000,80,5.13,10.3,18,37,60,972,18,5,5,28,7.501683548,307,409,99.14775346,55.67131222,8.727871885,6.265646309,484,9,4,5,18,488,9,1,0,10,502,498,381,28,290,17
13,1000,80,5.13,10.3,18,37,82,954,24,14,8,46,7.550614344,375,470,245.1287729,132.2604681,9.699634052,5.384333433,465,17,14,6,37,489,7,0,2,9,502,498,449,21,367,8
15,1000,80,5.13,10.3,18,37,76,964,21,14,1,36,7.043208934,359,472,666.3955076,358.3868661,9.050046424,5.107340157,462,16,12,1,29,502,5,2,0,7,491,509,451,21,350,9
9,1000,80,5.13,10.3,18,37,83,960,26,7,7,40,7.328585892,360,469,1861.551545,987.0852304,9.661364289,4.841574213,479,23,7,7,37,481,3,0,0,3,516,484,445,24,353,7
11,1000,80,5.13,10.3,18,37,80,949,26,12,13,51,7.291761423,394,474,289.5720074,163.2142249,9.849904272,4.843753883,445,21,11,12,44,504,5,1,1,7,489,511,457,17,385,9
12,1000,80,5.13,10.3,18,37,77,960,22,10,8,40,7.38948518,371,478,192.6908275,103.9552381,9.423085865,5.404112178,462,14,10,8,32,498,8,0,0,8,494,506,457,21,361,10
10,1000,80,5.13,10.3,18,37,80,973,17,5,5,27,7.143423796,356,463,257.560955,153.796876,9.113059757,5.157967467,480,12,5,5,22,493,5,0,0,5,502,498,442,21,350,6
14,1000,80,5.13,10.3,18,37,80,965,24,8,3,35,6.840098893,404,486,396.4928952,199.7651448,9.260925989,4.532748068,456,23,7,2,32,509,1,1,1,3,488,512,472,14,399,5
16,1000,80,5.13,10.3,18,37,61,972,18,4,6,28,7.503960752,274,413,104.0120086,58.53565416,8.782261958,6.215392066,484,9,3,6,18,488,9,1,0,10,502,498,388,25,263,11
13,1000,80,5.13,10.3,18,37,83,955,23,14,8,45,7.52149336,387,469,264.7498498,141.5781912,9.734243315,5.290970313,465,17,14,6,37,490,6,0,2,8,502,498,455,14,377,10
15,1000,80,5.13,10.3,18,37,77,964,21,14,1,36,7.041234599,377,477,726.228917,391.7268942,9.084533945,5.070193382,462,16,12,1,29,502,5,2,0,7,491,509,452,25,370,7
9,1000,80,5.13,10.3,18,37,84,960,26,7,7,40,7.338680479,393,452,2040.039687,1081.915775,9.725118123,4.794461834,478,24,7,7,38,482,2,0,0,2,516,484,443,9,382,11
11,1000,80,5.13,10.3,18,37,81,949,26,12,13,51,7.283399673,375,486,313.8062279,178.8817698,9.871522135,4.806703227,445,21,11,12,44,504,5,1,1,7,489,511,465,21,369,6
12,1000,80,5.13,10.3,18,37,78,960,22,10,8,40,7.395546196,361,469,205.1092983,110.3567429,9.497132936,5.343799458,462,14,10,8,32,498,8,0,0,8,494,506,456,13,353,8
10,1000,80,5.13,10.3,18,37,81,972,17,6,5,28,7.123671758,366,476,267.5944953,160.8406503,9.173450753,5.057428675,479,12,6,5,23,493,5,0,0,5,502,498,455,21,360,6
14,1000,80,5.13,10.3,18,37,81,965,25,7,3,35,6.788577354,400,491,424.6859915,213.7411117,9.287651811,4.406647012,455,24,7,2,33,510,1,0,1,2,488,512,470,21,396,4
13,1000,80,5.13,10.3,18,37,84,954,25,14,7,46,7.51276934,383,468,279.871847,149.2453468,9.809662821,5.197426917,464,18,14,6,38,490,7,0,1,8,502,498,449,19,376,7
15,1000,80,5.13,10.3,18,37,78,964,21,14,1,36,7.022110583,371,462,796.112299,431.7533124,9.08337036,5.03374408,462,16,12,1,29,502,5,2,0,7,491,509,446,16,363,8
16,1000,80,5.13,10.3,18,37,62,972,18,4,6,28,7.497876725,296,408,111.7767561,63.11329308,8.815686826,6.169481804,484,9,3,6,18,488,9,1,0,10,502,498,381,27,287,9
9,1000,80,5.13,10.3,18,37,85,958,28,7,7,42,7.384346453,381,463,2410.544351,1277.961989,9.822180356,4.785333449,476,26,7,7,40,482,2,0,0,2,516,484,448,15,375,6
11,1000,80,5.13,10.3,18,37,82,949,26,12,13,51,7.307648145,392,478,338.9972965,191.751374,9.963240096,4.766386963,445,21,11,12,44,504,5,1,1,7,489,511,458,20,389,3
12,1000,80,5.13,10.3,18,37,79,960,22,9,9,40,7.391309974,353,480,222.1315699,118.8948591,9.540567451,5.29302303,462,14,9,9,32,498,8,0,0,8,494,506,453,27,348,5
10,1000,80,5.13,10.3,18,37,82,971,17,7,5,29,7.135609755,353,455,282.7959116,171.1617984,9.225219005,5.029216496,479,12,6,5,23,492,5,1,0,6,502,498,440,15,349,4
14,1000,80,5.13,10.3,18,37,82,965,25,7,3,35,6.753681274,430,487,454.2831006,230.923495,9.307445278,4.319624956,455,24,7,2,33,510,1,0,1,2,488,512,475,12,421,9
13,1000,80,5.13,10.3,18,37,85,954,25,14,7,46,7.482589351,390,470,297.4980483,157.9623338,9.838025098,5.108234441,464,18,14,6,38,490,7,0,1,8,502,498,458,12,380,10
15,1000,80,5.13,10.3,18,37,79,962,23,14,1,38,6.990633178,395,477,886.6288568,479.3639745,9.112586476,4.943719485,460,18,12,1,31,502,5,2,0,7,491,509,459,18,385,10
9,1000,80,5.13,10.3,18,37,86,958,28,7,7,42,7.379175181,382,473,3381.439678,1792.752475,9.876202195,4.717055472,476,26,7,7,40,482,2,0,0,2,516,484,452,21,371,11
16,1000,80,5.13,10.3,18,37,63,971,19,4,6,29,7.485534089,317,431,117.3707687,66.3470396,8.868543358,6.091416312,482,11,3,6,20,489,8,1,0,9,502,498,408,23,296,21
11,1000,80,5.13,10.3,18,37,83,949,27,11,13,51,7.306615672,404,486,356.8724795,203.2602146,10.0198219,4.710220668,445,21,11,12,44,504,6,0,1,7,489,511,468,18,393,11
12,1000,80,5.13,10.3,18,37,80,960,22,9,9,40,7.382301965,374,468,237.5197248,127.219612,9.578970112,5.237728714,462,14,9,9,32,498,8,0,0,8,494,506,454,14,361,13
10,1000,80,5.13,10.3,18,37,83,972,15,8,5,28,7.099925592,389,470,302.3600706,184.3323735,9.252472896,4.930088753,479,11,7,5,23,493,4,1,0,5,502,498,451,19,374,15
14,1000,80,5.13,10.3,18,37,83,965,25,7,3,35,6.739198552,407,496,490.6172064,251.2647616,9.34812224,4.252568162,455,24,7,2,33,510,1,0,1,2,488,512,479,17,400,7
13,1000,80,5.13,10.3,18,37,86,956,23,14,7,44,7.475224971,395,476,320.3759777,169.7534406,9.794259171,5.13756399,465,17,14,6,37,491,6,0,1,7,502,498,459,17,382,13
15,1000,80,5.13,10.3,18,37,80,961,24,14,1,39,7.017835837,391,466,979.5239632,533.7008569,9.161918733,4.949575126,460,18,12,1,31,501,6,2,0,8,491,509,447,19,383,8
9,1000,80,5.13,10.3,18,37,87,958,28,7,7,42,7.358116274,387,470,4424.214218,2346.500554,9.906956618,4.64075756,476,26,7,7,40,482,2,0,0,2,516,484,451,19,378,9
11,1000,80,5.13,10.3,18,37,84,949,27,11,13,51,7.308284113,416,492,374.5915374,213.0312717,10.06434882,4.67087581,445,21,11,12,44,504,6,0,1,7,489,511,473,19,405,11
16,1000,80,5.13,10.3,18,37,64,971,19,4,6,29,7.481670979,319,433,124.2726514,70.10389055,8.900782085,6.051161392,482,11,3,6,20,489,8,1,0,9,502,498,404,29,307,12
12,1000,80,5.13,10.3,18,37,81,960,22,9,9,40,7.35242313,374,467,256.962622,136.7551954,9.598813624,5.159306719,462,14,9,9,32,498,8,0,0,8,494,506,449,18,367,7
10,1000,80,5.13,10.3,18,37,84,970,17,8,5,30,7.088122844,366,473,320.5906976,193.0301814,9.29928345,4.859201911,477,13,7,5,25,493,4,1,0,5,502,498,455,18,363,3
14,1000,80,5.13,10.3,18,37,84,965,25,7,3,35,6.741823822,414,488,531.0851922,276.9008444,9.404178332,4.204267179,455,24,7,2,33,510,1,0,1,2,488,512,469,19,407,7
13,1000,80,5.13,10.3,18,37,87,956,23,15,6,44,7.457721437,403,479,345.3551238,182.2349118,9.804587333,5.092005213,465,17,15,5,37,491,6,0,1,7,502,498,460,19,392,11
15,1000,80,5.13,10.3,18,37,81,960,25,14,1,40,7.012994595,390,488,1026.233886,561.8182237,9.185527234,4.917290221,459,19,12,1,32,501,6,2,0,8,491,509,469,19,382,8
9,1000,80,5.13,10.3,18,37,88,958,28,7,7,42,7.334813669,397,465,5329.480739,2828.327427,9.934969521,4.562746687,476,26,7,7,40,482,2,0,0,2,516,484,450,15,389,8
11,1000,80,5.13,10.3,18,37,85,947,29,11,13,53,7.282137842,411,499,397.3920634,223.3901111,10.11347689,4.572695979,443,23,11,12,46,504,6,0,1,7,489,511,474,25,402,9
16,1000,80,5.13,10.3,18,37,65,972,18,4,6,28,7.452512564,314,418,131.4500628,73.98006024,8.92967169,5.963488706,482,11,3,6,20,490,7,1,0,8,502,498,396,22,302,12
12,1000,80,5.13,10.3,18,37,82,959,22,9,10,41,7.343092513,404,468,276.2134713,146.3848602,9.626990867,5.113357756,461,14,9,10,33,498,8,0,0,8,494,506,454,14,393,11
10,1000,80,5.13,10.3,18,37,85,970,17,7,6,30,7.107558487,378,461,345.8246117,208.5267215,9.336991302,4.860218581,477,13,6,6,25,493,4,1,0,5,502,498,446,15,364,14
14,1000,80,5.13,10.3,18,37,85,965,24,7,4,35,6.725307841,419,491,580.2606268,304.5062006,9.452012579,4.126417387,455,23,7,3,33,510,1,0,1,2,488,512,476,15,412,7
13,1000,80,5.13,10.3,18,37,88,955,24,15,6,45,7.428740954,400,489,369.8787829,194.1891595,9.867872061,4.970018434,464,18,15,5,38,491,6,0,1,7,502,498,463,26,392,8
15,1000,80,5.13,10.3,18,37,82,959,26,14,1,41,7.012589897,395,481,1115.615594,606.0605865,9.264020711,4.840777462,459,19,12,1,32,500,7,2,0,9,491,509,457,24,387,8
9,1000,80,5.13,10.3,18,37,89,957,29,6,8,43,7.323951097,387,472,5866.131885,3115.70387,10.00567857,4.464919326,475,27,6,8,41,482,2,0,0,2,516,484,456,16,380,7
11,1000,80,5.13,10.3,18,37,86,947,29,11,13,53,7.271704949,415,501,420.573424,237.0231443,10.13683704,4.529924919,443,23,11,12,46,504,6,0,1,7,489,511,482,19,408,7
10,1000,80,5.13,10.3,18,37,86,970,17,6,7,30,7.093169171,378,471,367.4160966,221.9643097,9.379828986,4.78814261,477,13,5,7,25,493,4,1,0,5,502,498,457,14,371,7
14,1000,80,5.13,10.3,18,37,86,965,24,7,4,35,6.679109358,427,483,620.5901471,328.5167613,9.444048109,4.043777111,455,23,7,3,33,510,1,0,1,2,488,512,467,16,419,8
12,1000,80,5.13,10.3,18,37,83,959,22,9,10,41,7.37126222,394,483,293.6612566,155.1118241,9.65346042,5.143187297,461,14,9,10,33,498,8,0,0,8,494,506,467,16,386,8
16,1000,80,5.13,10.3,18,37,66,972,18,4,6,28,7.445585267,325,420,138.8420654,78.16027316,8.96651344,5.912440804,482,11,3,6,20,490,7,1,0,8,502,498,398,22,308,17
13,1000,80,5.13,10.3,18,37,89,955,24,15,6,45,7.410595988,407,489,388.6471043,203.8722923,9.890927752,4.91034188,464,18,15,5,38,491,6,0,1,7,502,498,467,22,396,11
9,1000,80,5.13,10.3,18,37,90,957,29,6,8,43,7.342020524,394,469,6475.007921,3437.986827,10.03831356,4.467460185,475,27,6,8,41,482,2,0,0,2,516,484,450,19,387,7
15,1000,80,5.13,10.3,18,37,83,959,26,13,2,41,6.993627824,407,480,1202.621264,654.7065231,9.314571155,4.754761074,458,20,11,2,33,501,6,2,0,8,491,509,459,21,392,15
11,1000,80,5.13,10.3,18,37,87,947,29,11,13,53,7.24806069,407,499,442.4211185,248.1135564,10.16061383,4.460901224,443,23,11,12,46,504,6,0,1,7,489,511,482,17,403,4
10,1000,80,5.13,10.3,18,37,87,969,18,6,7,31,7.081918881,383,469,391.1030987,238.5238076,9.424680172,4.720340231,477,13,5,7,25,492,5,1,0,6,502,498,449,20,378,5
14,1000,80,5.13,10.3,18,37,87,965,24,7,4,35,6.648895856,426,498,671.1045644,356.5169168,9.448092826,3.980911245,455,23,7,3,33,510,1,0,1,2,488,512,483,15,415,11
12,1000,80,5.13,10.3,18,37,84,959,22,8,11,41,7.335324292,390,496,325.0171657,171.1951973,9.708523003,5.018406974,460,15,8,11,34,499,7,0,0,7,494,506,471,25,383,7
16,1000,80,5.13,10.3,18,37,67,972,18,4,6,28,7.390806227,311,437,145.7414298,81.92201319,8.975403357,5.793481409,481,12,3,6,21,491,6,1,0,7,502,498,413,24,298,13
13,1000,80,5.13,10.3,18,37,90,955,24,15,6,45,7.403243219,403,491,421.9066501,219.675319,9.931137936,4.855044128,464,18,15,5,38,491,6,0,1,7,502,498,473,18,397,6
9,1000,80,5.13,10.3,18,37,91,956,29,7,8,44,7.353048354,382,478,6515.454887,3460.852253,10.09912538,4.425412516,474,27,7,8,42,482,2,0,0,2,516,484,455,23,381,1
15,1000,80,5.13,10.3,18,37,84,959,26,13,2,41,7.017946681,402,474,1292.893564,701.4272499,9.383747229,4.735809022,458,20,11,2,33,501,6,2,0,8,491,509,460,14,394,8
11,1000,80,5.13,10.3,18,37,88,948,28,11,13,52,7.245393288,422,504,465.7544981,262.9042829,10.21446872,4.404144983,443,23,11,12,46,505,5,0,1,6,489,511,481,23,413,9
10,1000,80,5.13,10.3,18,37,88,970,17,6,7,30,7.055670852,397,490,413.9977846,255.7648694,9.451429703,4.640668959,477,13,5,7,25,493,4,1,0,5,502,498,463,27,391,6
14,1000,80,5.13,10.3,18,37,88,964,24,7,5,36,6.646433833,427,497,725.3739229,386.8969182,9.473071349,3.952294951,454,24,7,3,34,510,0,0,2,2,488,512,479,18,420,7
12,1000,80,5.13,10.3,18,37,85,958,23,8,11,42,7.363420885,381,479,357.8514901,187.9388583,9.778413222,5.005701092,458,17,8,11,36,500,6,0,0,6,494,506,459,20,373,8
13,1000,80,5.13,10.3,18,37,91,955,24,15,6,45,7.397558659,416,482,453.9309528,234.4323151,9.977816367,4.796575989,464,18,15,5,38,491,6,0,1,7,502,498,466,16,410,6
16,1000,80,5.13,10.3,18,37,68,970,20,4,6,30,7.387384918,342,445,158.107678,88.79427873,9.015360007,5.746333723,480,13,3,6,22,490,7,1,0,8,502,498,418,27,334,8
9,1000,80,5.13,10.3,18,37,92,956,29,7,8,44,7.338983735,407,470,6546.045662,3475.308263,10.1186572,4.37553021,474,27,7,8,42,482,2,0,0,2,516,484,455,15,400,7
11,1000,80,5.13,10.3,18,37,89,947,29,11,13,53,7.219676493,425,493,487.6447125,272.7409791,10.25062442,4.319219476,442,24,11,12,47,505,5,0,1,6,489,511,481,12,416,9
15,1000,80,5.13,10.3,18,37,85,959,26,13,2,41,7.010116867,404,487,1417.980302,770.4628598,9.405796412,4.699156834,458,20,11,2,33,501,6,2,0,8,491,509,468,19,393,11
14,1000,80,5.13,10.3,18,37,89,963,24,8,5,37,6.641769869,424,489,782.2534292,419.5539055,9.524275991,3.894381221,453,24,8,3,35,510,0,0,2,2,488,512,480,9,420,4
10,1000,80,5.13,10.3,18,37,89,970,17,6,7,30,7.072285855,392,478,442.8278277,274.5959114,9.516215307,4.608726447,477,13,5,7,25,493,4,1,0,5,502,498,461,17,380,12
12,1000,80,5.13,10.3,18,37,86,958,23,8,11,42,7.336049977,391,468,380.3837744,199.6138394,9.802167629,4.928417328,457,18,8,11,37,501,5,0,0,5,494,506,456,12,385,6
13,1000,80,5.13,10.3,18,37,92,955,25,15,5,45,7.365661234,405,496,485.3907673,249.0703787,9.995605924,4.71459249,464,19,15,4,38,491,6,0,1,7,502,498,472,24,398,7
16,1000,80,5.13,10.3,18,37,69,970,20,4,6,30,7.376080514,342,438,168.5603723,95.0088016,9.030994169,5.707874381,480,13,3,6,22,490,7,1,0,8,502,498,414,24,327,15
9,1000,80,5.13,10.3,18,37,93,955,30,7,8,45,7.331012307,407,465,6602.361494,3507.015771,10.14796428,4.327815576,474,27,7,8,42,481,3,0,0,3,516,484,451,14,397,10
11,1000,80,5.13,10.3,18,37,90,946,30,10,14,54,7.200153674,429,484,517.1662823,287.3582029,10.31347929,4.220865559,441,25,10,13,48,505,5,0,1,6,489,511,472,12,419,10
15,1000,80,5.13,10.3,18,37,86,960,25,13,2,40,6.98861966,416,489,1599.42336,859.8987545,9.459938414,4.604695283,458,20,11,2,33,502,5,2,0,7,491,509,469,20,402,14
14,1000,80,5.13,10.3,18,37,90,963,24,8,5,37,6.613556345,432,494,839.4593022,445.7604521,9.545083027,3.819444976,453,24,8,3,35,510,0,0,2,2,488,512,481,13,423,9
10,1000,80,5.13,10.3,18,37,90,968,19,6,7,32,7.075252036,395,480,471.6238697,290.0686574,9.569559966,4.560909504,475,15,5,7,27,493,4,1,0,5,502,498,460,20,390,5
13,1000,80,5.13,10.3,18,37,93,955,26,14,5,45,7.329700667,421,481,525.9702748,266.5643763,10.01738313,4.620430397,464,20,14,4,38,491,6,0,1,7,502,498,471,10,414,7
12,1000,80,5.13,10.3,18,37,87,956,25,8,11,44,7.307207701,399,489,401.196153,209.4399501,9.875809711,4.799521153,454,21,8,11,40,502,4,0,0,4,494,506,469,20,397,2
16,1000,80,5.13,10.3,18,37,70,970,20,4,6,30,7.37675472,338,451,176.0350714,99.69308826,9.09637209,5.643325162,480,13,3,6,22,490,7,1,0,8,502,498,426,25,325,13
11,1000,80,5.13,10.3,18,37,91,946,29,11,14,54,7.209924958,429,488,543.739608,300.2978869,10.36016706,4.195309719,441,24,11,13,48,505,5,0,1,6,489,511,482,6,420,9
9,1000,80,5.13,10.3,18,37,94,955,30,7,8,45,7.332636091,402,478,7273.8929,3866.7785,10.18875107,4.287687062,474,27,7,8,42,481,3,0,0,3,516,484,462,16,395,7
15,1000,80,5.13,10.3,18,37,87,959,25,14,2,41,7.014105714,420,483,1797.852106,951.7556088,9.517808631,4.598942388,457,20,12,2,34,502,5,2,0,7,491,509,466,17,411,9
14,1000,80,5.13,10.3,18,37,91,962,25,8,5,38,6.626676732,443,492,894.7346199,470.7792195,9.627338962,3.766670544,452,25,8,3,36,510,0,0,2,2,488,512,479,13,435,8
10,1000,80,5.13,10.3,18,37,91,967,20,6,7,33,7.082239333,394,477,504.6477251,309.1068355,9.617755555,4.526357518,474,16,5,7,28,493,4,1,0,5,502,498,465,12,390,4
13,1000,80,5.13,10.3,18,37,94,955,26,14,5,45,7.313152454,426,485,550.4650322,278.922968,10.05993629,4.544306095,463,21,14,4,39,492,5,0,1,6,502,498,474,11,415,11
12,1000,80,5.13,10.3,18,37,88,955,25,9,11,45,7.279223172,398,490,433.7595416,224.8414707,9.914453671,4.706488258,453,22,8,11,41,502,3,1,0,4,494,506,472,18,395,3
11,1000,80,5.13,10.3,18,37,92,946,29,10,15,54,7.178255809,440,508,572.0510654,313.8053512,10.41409998,4.081723914,440,25,10,14,49,506,4,0,1,5,489,511,489,19,434,6
9,1000,80,5.13,10.3,18,37,95,954,31,7,8,46,7.322053806,414,486,7333.507309,3899.096752,10.24698217,4.203741746,473,28,7,8,43,481,3,0,0,3,516,484,465,21,410,4
16,1000,80,5.13,10.3,18,37,71,971,18,5,6,29,7.363009523,322,447,184.9565067,105.0019566,9.10292436,5.609119466,481,11,4,6,21,490,7,1,0,8,502,498,422,25,312,10
15,1000,80,5.13,10.3,18,37,88,959,25,14,2,41,7.009937869,408,492,2010.283458,1054.431263,9.58278095,4.528079416,457,20,12,2,34,502,5,2,0,7,491,509,468,24,403,5
14,1000,80,5.13,10.3,18,37,92,962,24,9,5,38,6.644562465,438,505,975.6857518,510.789338,9.704702896,3.727866116,452,24,9,3,36,510,0,0,2,2,488,512,490,15,434,4
10,1000,80,5.13,10.3,18,37,92,966,21,6,7,34,7.08412708,393,481,536.0705587,331.0138944,9.658499914,4.489076554,473,17,5,7,29,493,4,1,0,5,502,498,462,19,386,7
13,1000,80,5.13,10.3,18,37,95,955,25,15,5,45,7.336077346,428,488,585.4602357,295.9917588,10.12893181,4.520790318,463,20,15,4,39,492,5,0,1,6,502,498,472,16,426,2
12,1000,80,5.13,10.3,18,37,89,954,26,9,11,46,7.300021583,402,489,469.6832449,242.5380407,9.974980335,4.688500588,452,23,8,11,42,502,3,1,0,4,494,506,473,16,398,4
11,1000,80,5.13,10.3,18,37,93,946,29,10,15,54,7.175686033,429,501,603.0881615,330.0135022,10.4158253,4.075043951,440,25,10,14,49,506,4,0,1,5,489,511,485,16,422,7
9,1000,80,5.13,10.3,18,37,96,956,28,8,8,44,7.313376397,417,479,7408.880862,3938.837259,10.29001773,4.139932336,474,26,8,8,42,482,2,0,0,2,516,484,462,17,402,15
14,1000,80,5.13,10.3,18,37,93,963,24,8,5,37,6.585966734,445,497,1037.657418,539.623493,9.726279168,3.592856444,452,24,8,4,36,511,0,0,1,1,488,512,482,15,438,7
15,1000,80,5.13,10.3,18,37,89,959,25,14,2,41,6.992542442,420,484,2301.091762,1197.333455,9.633563142,4.444917365,457,20,12,2,34,502,5,2,0,7,491,509,470,14,413,7
10,1000,80,5.13,10.3,18,37,93,966,20,7,7,34,7.072531948,403,472,569.8071669,351.8516416,9.70913923,4.414747097,472,17,6,7,30,494,3,1,0,4,502,498,458,14,391,12
16,1000,80,5.13,10.3,18,37,72,972,17,5,6,28,7.356343359,362,451,197.2811842,112.2710015,9.171145959,5.526964032,480,12,4,6,22,492,5,1,0,6,502,498,430,21,347,15
13,1000,80,5.13,10.3,18,37,96,954,26,15,5,46,7.344713241,416,498,624.7128512,313.9396999,10.1999892,4.466503341,462,21,15,4,40,492,5,0,1,6,502,498,474,24,409,7
12,1000,80,5.13,10.3,18,37,90,955,25,9,11,45,7.257123065,409,484,510.6803724,260.3688195,10.00299891,4.576366802,452,23,8,11,42,503,2,1,0,3,494,506,471,13,398,11
11,1000,80,5.13,10.3,18,37,94,946,28,10,16,54,7.124938387,431,494,634.7784387,345.1458416,10.46162897,3.931901802,440,24,10,15,49,506,4,0,1,5,489,511,483,11,423,8
9,1000,80,5.13,10.3,18,37,97,956,27,9,8,44,7.301280565,408,474,7499.117562,3986.24244,10.35776972,4.042709481,474,26,8,8,42,482,1,1,0,2,516,484,457,17,404,4
14,1000,80,5.13,10.3,18,37,94,962,25,8,5,38,6.60252169,449,501,1091.71056,567.7517626,9.787078983,3.56724052,451,25,8,4,37,511,0,0,1,1,488,512,489,12,438,11
15,1000,80,5.13,10.3,18,37,90,959,25,14,2,41,6.984896784,414,496,2430.318026,1265.217463,9.681933913,4.383236213,457,20,12,2,34,502,5,2,0,7,491,509,477,19,407,7
10,1000,80,5.13,10.3,18,37,94,966,20,7,7,34,7.034523713,408,484,626.8763907,389.2665282,9.745629633,4.301641842,472,17,6,7,30,494,3,1,0,4,502,498,466,18,402,6
13,1000,80,5.13,10.3,18,37,97,953,27,15,5,47,7.290231685,435,489,661.6275491,332.1348029,10.22379122,4.333109419,461,22,15,4,41,492,5,0,1,6,502,498,473,16,428,7
16,1000,80,5.13,10.3,18,37,73,971,18,5,6,29,7.355058841,351,453,205.7004611,117.2694846,9.188320072,5.50707262,479,13,4,6,23,492,5,1,0,6,502,498,431,22,343,8
12,1000,80,5.13,10.3,18,37,91,955,25,9,11,45,7.222968562,427,484,563.6722508,284.8125524,10.02519496,4.487198129,452,23,8,11,42,503,2,1,0,3,494,506,463,21,416,11
11,1000,80,5.13,10.3,18,37,95,947,26,11,16,53,7.140861213,443,497,680.3312293,367.5948456,10.51631991,3.91072559,440,23,11,15,49,507,3,0,1,4,489,511,485,12,429,14
9,1000,80,5.13,10.3,18,37,98,954,29,9,8,46,7.300864286,418,482,7613.481361,4047.865626,10.40842301,3.987847138,472,28,8,8,44,482,1,1,0,2,516,484,472,10,412,6
14,1000,80,5.13,10.3,18,37,95,960,27,7,6,40,6.637675123,447,502,1146.850286,596.1828653,9.882003963,3.545424198,450,26,7,5,38,510,1,0,1,2,488,512,486,16,442,5
10,1000,80,5.13,10.3,18,37,95,966,20,7,7,34,7.040701455,415,483,671.1899283,417.5123582,9.789161479,4.270165448,472,17,6,7,30,494,3,1,0,4,502,498,468,15,409,6
15,1000,80,5.13,10.3,18,37,91,959,25,14,2,41,6.974947491,430,492,2655.592884,1381.583131,9.775446398,4.273483909,454,22,13,2,37,505,3,1,0,4,491,509,473,19,423,7
13,1000,80,5.13,10.3,18,37,98,953,27,15,5,47,7.297427825,432,484,697.9347898,350.066955,10.25375272,4.317357346,461,22,15,4,41,492,5,0,1,6,502,498,473,11,421,11
16,1000,80,5.13,10.3,18,37,74,971,18,5,6,29,7.355975275,352,457,213.8483087,122.5729512,9.235656148,5.461196564,479,13,4,6,23,492,5,1,0,6,502,498,437,20,346,6
12,1000,80,5.13,10.3,18,37,92,955,24,10,11,45,7.235690295,406,485,613.5294718,307.5247967,10.08753465,4.451478612,452,22,9,11,42,503,2,1,0,3,494,506,475,10,398,8
11,1000,80,5.13,10.3,18,37,96,945,27,12,16,55,7.180373995,439,506,711.3633295,385.3223264,10.58192062,3.925273602,438,24,12,15,51,507,3,0,1,4,489,511,489,17,430,9
14,1000,80,5.13,10.3,18,37,96,961,26,7,6,39,6.609429743,448,497,1242.533549,642.8658743,9.885885308,3.486558034,451,25,7,5,37,510,1,0,1,2,488,512,484,13,443,5
9,1000,80,5.13,10.3,18,37,99,954,29,9,8,46,7.286616382,425,485,8438.636526,4492.722116,10.43668352,3.928280338,472,28,8,8,44,482,1,1,0,2,516,484,468,17,420,5
10,1000,80,5.13,10.3,18,37,96,966,20,7,7,34,7.01063736,413,479,710.5073921,436.8202804,9.789161479,4.209795777,472,17,6,7,30,494,3,1,0,4,502,498,462,17,408,5
15,1000,80,5.13,10.3,18,37,92,958,26,14,2,42,6.963790913,426,488,2789.173501,1462.166282,9.813173392,4.21517245,454,22,13,2,37,504,4,1,0,5,491,509,478,10,420,6
13,1000,80,5.13,10.3,18,37,99,951,28,16,5,49,7.289270859,445,488,728.3783664,364.0703993,10.32602265,4.228127487,459,23,16,4,43,492,5,0,1,6,502,498,475,13,434,11
12,1000,80,5.13,10.3,18,37,93,955,24,10,11,45,7.254460495,426,507,661.102418,328.3636555,10.11693229,4.45987341,452,22,9,11,42,503,2,1,0,3,494,506,485,22,421,5
16,1000,80,5.13,10.3,18,37,75,970,19,5,6,30,7.392416676,363,448,226.0358899,130.7778156,9.297842319,5.47168641,478,14,4,6,24,492,5,1,0,6,502,498,433,15,356,7
11,1000,80,5.13,10.3,18,37,97,944,28,12,16,56,7.174809417,450,507,757.4507721,408.7042064,10.5982639,3.898744366,437,25,12,15,52,507,3,0,1,4,489,511,493,14,441,9
14,1000,80,5.13,10.3,18,37,97,960,27,7,6,40,6.623601254,454,501,1383.796272,712.5134571,9.911422344,3.489896777,451,25,7,5,37,509,2,0,1,3,488,512,488,13,448,6
9,1000,80,5.13,10.3,18,37,100,954,29,9,8,46,7.259010039,414,473,9306.596164,4954.931191,10.45769299,3.848843919,472,28,8,8,44,482,1,1,0,2,516,484,461,12,410,4
10,1000,80,5.13,10.3,18,37,97,966,20,7,7,34,6.99202945,417,481,764.812929,467.449913,9.840261777,4.120919755,471,18,6,7,31,495,2,1,0,3,502,498,472,9,408,9
13,1000,80,5.13,10.3,18,37,100,952,27,16,5,48,7.278919949,434,495,772.4235888,384.3055079,10.35489752,4.178235732,458,24,16,4,44,494,3,0,1,4,502,498,481,14,427,7
15,1000,80,5.13,10.3,18,37,93,958,25,15,2,42,6.96958136,428,508,3108.425093,1613.515231,9.89035154,4.152099714,454,21,14,2,37,504,4,1,0,5,491,509,482,26,422,6
12,1000,80,5.13,10.3,18,37,94,955,24,10,11,45,7.258832455,429,497,737.8260807,359.8975974,10.12630942,4.459358899,452,22,9,11,42,503,2,1,0,3,494,506,479,18,419,10
16,1000,80,5.13,10.3,18,37,76,970,19,5,6,30,7.407155698,377,460,236.7982067,137.4334571,9.357624422,5.441020559,478,14,4,6,24,492,5,1,0,6,502,498,437,23,365,12
11,1000,80,5.13,10.3,18,37,98,944,27,13,16,56,7.144240945,441,504,805.5776808,434.2183634,10.6344315,3.804312992,437,24,13,15,52,507,3,0,1,4,489,511,493,11,438,3
14,1000,80,5.13,10.3,18,37,98,960,27,7,6,40,6.639764363,465,505,1563.429013,794.5007813,9.979397168,3.456676845,451,25,7,5,37,509,2,0,1,3,488,512,489,16,453,12
9,1000,80,5.13,10.3,18,37,101,954,28,10,8,46,7.267006067,420,482,11249.10512,5991.46217,10.5033944,3.816641648,472,27,9,8,44,482,1,1,0,2,516,484,464,18,409,11
13,1000,80,5.13,10.3,18,37,101,952,27,16,5,48,7.256836407,447,497,814.9223872,403.6079298,10.38776298,4.100761825,458,24,16,4,44,494,3,0,1,4,502,498,485,12,440,7
10,1000,80,5.13,10.3,18,37,98,965,22,6,7,35,6.974541638,422,489,838.3805715,510.2838579,9.887748537,4.037935487,469,20,6,7,33,496,2,0,0,2,502,498,473,16,414,8
15,1000,80,5.13,10.3,18,37,94,958,25,15,2,42,6.960070081,432,494,3395.814511,1745.40709,9.930230719,4.094944593,453,22,14,2,38,505,3,1,0,4,491,509,480,14,426,6
12,1000,80,5.13,10.3,18,37,95,955,24,10,11,45,7.271858309,432,493,812.9977867,393.7394688,10.22323523,4.390474517,452,22,9,11,42,503,2,1,0,3,494,506,479,14,426,6
11,1000,80,5.13,10.3,18,37,99,944,27,13,16,56,7.18390423,448,501,851.4430237,458.9906222,10.70269979,3.816602804,437,24,13,15,52,507,3,0,1,4,489,511,488,13,445,3
16,1000,80,5.13,10.3,18,37,77,969,19,6,6,31,7.388015225,381,471,251.7748963,145.5300034,9.406637258,5.353179361,477,14,5,6,25,492,5,1,0,6,502,498,443,28,362,19
14,1000,80,5.13,10.3,18,37,99,959,28,7,6,41,6.68215022,465,503,1703.395383,875.074954,10.07562616,3.447743466,450,26,7,5,38,509,2,0,1,3,488,512,488,15,455,10
13,1000,80,5.13,10.3,18,37,102,952,27,15,6,48,7.236553035,436,493,866.0277664,427.6589225,10.44269606,4.004657861,458,24,15,5,44,494,3,0,1,4,502,498,483,10,432,4
9,1000,80,5.13,10.3,18,37,102,953,29,10,8,47,7.258798454,435,476,13602.8622,7243.193479,10.55816893,3.741287777,471,28,9,8,45,482,1,1,0,2,516,484,467,9,424,11
10,1000,80,5.13,10.3,18,37,99,963,24,6,7,37,7.00145696,430,492,887.2146008,537.6068197,9.969589053,4.009484449,468,21,6,7,34,495,3,0,0,3,502,498,472,20,421,9
15,1000,80,5.13,10.3,18,37,95,957,26,15,2,43,6.953910571,436,490,3802.024398,1927.714292,10.00603993,4.009715056,452,23,14,2,39,505,3,1,0,4,491,509,478,12,427,9
12,1000,80,5.13,10.3,18,37,96,956,22,10,12,44,7.281540512,432,500,876.7854698,423.6785095,10.29442069,4.340112038,452,21,9,12,42,504,1,1,0,2,494,506,482,18,423,9
11,1000,80,5.13,10.3,18,37,100,944,27,13,16,56,7.164122499,460,507,910.8161696,488.8356021,10.74946203,3.733142011,436,25,13,15,53,508,2,0,1,3,489,511,490,17,452,8
14,1000,80,5.13,10.3,18,37,100,957,30,7,6,43,6.675851871,458,506,1848.280071,944.1327004,10.12122879,3.391976998,448,28,7,5,40,509,2,0,1,3,488,512,493,13,452,6
16,1000,80,5.13,10.3,18,37,78,970,19,5,6,30,7.319963181,374,471,265.5915919,152.8610384,9.393083002,5.230191796,477,14,5,6,25,493,5,0,0,5,502,498,445,26,361,13
13,1000,80,5.13,10.3,18,37,103,952,27,15,6,48,7.230566998,435,497,922.6570984,450.4834725,10.4875853,3.947387902,458,24,15,5,44,494,3,0,1,4,502,498,481,16,429,6
10,1000,80,5.13,10.3,18,37,100,963,24,6,7,37,7.018940433,423,484,958.3780788,575.9824152,10.04069197,3.972917795,468,21,6,7,34,495,3,0,0,3,502,498,475,9,418,5
9,1000,80,5.13,10.3,18,37,103,953,29,10,8,47,7.244114817,425,487,15077.92237,8030.302038,10.59676785,3.669798779,471,28,9,8,45,482,1,1,0,2,516,484,470,17,417,8
15,1000,80,5.13,10.3,18,37,96,956,27,15,2,44,6.951994725,429,491,4127.972903,2073.082177,10.03382856,3.97914519,451,24,14,2,40,505,3,1,0,4,491,509,480,11,422,7
12,1000,80,5.13,10.3,18,37,97,956,22,10,12,44,7.251491829,432,496,979.8583755,469.1066105,10.29686297,4.278342929,452,21,9,12,42,504,1,1,0,2,494,506,485,11,421,11
11,1000,80,5.13,10.3,18,37,101,944,27,13,16,56,7.135180382,455,512,976.9570729,521.6855994,10.75592314,3.670320871,436,25,13,15,53,508,2,0,1,3,489,511,497,15,449,6
14,1000,80,5.13,10.3,18,37,101,957,30,7,6,43,6.667197153,443,505,1975.586608,1006.62051,10.17217624,3.326513957,448,28,7,5,40,509,2,0,1,3,488,512,493,12,441,2
13,1000,80,5.13,10.3,18,37,104,952,27,15,6,48,7.219710321,443,501,975.3388515,473.1753057,10.5570497,3.855565005,458,24,15,5,44,494,3,0,1,4,502,498,483,18,436,7
17,1000,80,5.13,10.3,18,37,0,945,28,13,14,55,7.266,77,216,20.02204695,8.858097478,6.743902439,7.771653543,469,14,6,3,23,476,14,7,11,32,492,508,118,98,47,30
10,1000,80,5.13,10.3,18,37,101,963,24,5,8,37,6.990517057,436,483,1055.86594,641.4807676,10.05987204,3.896508619,468,21,5,8,34,495,3,0,0,3,502,498,472,11,426,10
16,1000,80,5.13,10.3,18,37,79,971,18,5,6,29,7.314410863,372,482,282.2722149,162.288643,9.421012299,5.190888934,477,14,5,6,25,494,4,0,0,4,502,498,463,19,363,9
9,1000,80,5.13,10.3,18,37,104,953,30,9,8,47,7.241174298,439,491,15294.50995,8142.183488,10.63847512,3.619258546,470,29,9,8,46,483,1,0,0,1,516,484,474,17,428,11
18,1000,80,5.13,10.3,18,37,0,933,28,16,23,67,7.191,102,204,20.07464765,9.445020858,6.149797571,8.207509881,477,8,3,6,17,456,20,13,17,50,494,506,118,86,71,31
15,1000,80,5.13,10.3,18,37,97,956,27,15,2,44,6.946732435,434,500,4491.63639,2242.083629,10.05327918,3.95004392,451,24,14,2,40,505,3,1,0,4,491,509,486,14,428,6
12,1000,80,5.13,10.3,18,37,98,955,22,11,12,45,7.240598492,430,496,1086.00801,507.6684412,10.32848221,4.225945222,451,20,11,12,43,504,2,0,0,2,494,506,482,14,425,5
14,1000,80,5.13,10.3,18,37,102,956,30,8,6,44,6.699712507,456,501,2109.897857,1073.651539,10.22090499,3.343575923,447,28,8,5,41,509,2,0,1,3,488,512,494,7,453,3
11,1000,80,5.13,10.3,18,37,102,944,27,13,16,56,7.147052202,464,509,1024.320719,546.9994164,10.82895256,3.623668107,436,25,13,15,53,508,2,0,1,3,489,511,497,12,458,6
17,1000,80,5.13,10.3,18,37,1,944,29,13,14,56,7.307027994,89,203,20.06797621,8.916180831,6.799165772,7.798894555,469,14,6,3,23,475,15,7,11,33,492,508,118,85,60,29
10,1000,80,5.13,10.3,18,37,102,964,23,5,8,36,6.966378811,432,492,1113.752597,692.3397487,10.14500169,3.762224825,468,21,5,8,34,496,2,0,0,2,502,498,477,15,424,8
18,1000,80,5.13,10.3,18,37,1,934,28,15,23,66,7.180866282,95,203,20.14714145,9.535693288,6.169953207,8.167805134,477,8,3,6,17,457,20,12,17,49,494,506,116,87,59,36
15,1000,80,5.13,10.3,18,37,98,956,27,15,2,44,6.949605397,438,496,5099.705409,2524.667893,10.0966684,3.913833423,451,24,14,2,40,505,3,1,0,4,491,509,484,12,430,8
16,1000,80,5.13,10.3,18,37,80,969,20,5,6,31,7.301496642,383,476,296.7010281,170.0797205,9.442475707,5.143320958,476,15,5,6,26,493,5,0,0,5,502,498,457,19,369,14
12,1000,80,5.13,10.3,18,37,99,955,22,11,12,45,7.22444986,436,498,1171.479707,548.383738,10.35296374,4.170129985,451,20,11,12,43,504,2,0,0,2,494,506,488,10,431,5
14,1000,80,5.13,10.3,18,37,103,956,29,9,6,44,6.707213313,455,515,2223.694424,1130.729525,10.27794322,3.303861372,447,27,9,5,41,509,2,0,1,3,488,512,502,13,450,5
11,1000,80,5.13,10.3,18,37,103,944,27,13,16,56,7.144380459,464,508,1098.713658,583.7939979,10.8175809,3.629321722,436,25,13,15,53,508,2,0,1,3,489,511,498,10,450,14
17,1000,80,5.13,10.3,18,37,2,946,27,13,14,54,7.319563042,80,221,20.13741097,9.007075176,6.833321211,7.79049017,469,14,6,3,23,477,13,7,11,31,492,508,135,86,52,28
10,1000,80,5.13,10.3,18,37,103,964,23,5,8,36,6.983280955,430,484,1189.441893,734.9101735,10.19802192,3.742718775,468,21,5,8,34,496,2,0,0,2,502,498,471,13,420,10
18,1000,80,5.13,10.3,18,37,2,933,29,15,23,67,7.19094912,115,180,20.22011257,9.597617805,6.181827107,8.176139386,477,8,3,6,17,456,21,12,17,50,494,506,100,80,81,34
15,1000,80,5.13,10.3,18,37,99,955,27,16,2,45,6.945504102,446,502,5282.645916,2632.980889,10.19292661,3.812921682,448,26,15,2,43,507,1,1,0,2,491,509,481,21,439,7
16,1000,80,5.13,10.3,18,37,81,968,21,5,6,32,7.277790325,398,478,312.9490146,179.9508864,9.470765145,5.06720125,475,16,5,6,27,493,5,0,0,5,502,498,455,23,383,15
12,1000,80,5.13,10.3,18,37,100,954,23,11,12,46,7.220123221,437,498,1256.455982,583.3414799,10.40595898,4.10984088,451,20,11,12,43,503,3,0,0,3,494,506,486,12,428,9
14,1000,80,5.13,10.3,18,37,104,955,30,9,6,45,6.71202507,469,513,2353.581518,1198.92467,10.36295914,3.232228534,446,28,9,5,42,509,2,0,1,3,488,512,504,9,461,8
19,1000,80,5.13,10.3,18,37,0,932,29,22,17,68,7.126,93,199,20.09325042,9.293628791,6.571134021,7.648543689,459,12,7,7,26,473,17,15,10,42,485,515,115,84,64,29
11,1000,80,5.13,10.3,18,37,104,944,27,13,16,56,7.147538145,463,506,1154.930504,615.4418159,10.849133,3.605307449,436,25,13,15,53,508,2,0,1,3,489,511,496,10,460,3
20,1000,80,5.13,10.3,18,37,0,953,28,8,11,47,6.878,91,217,19.98061353,8.736157012,6.066929134,7.715447154,492,12,1,3,16,461,16,7,8,31,508,492,107,110,61,30
17,1000,80,5.13,10.3,18,37,3,946,28,12,14,54,7.370723882,97,195,20.23300598,9.10067815,6.874416543,7.851399495,469,14,6,3,23,477,14,6,11,31,492,508,123,72,71,26
10,1000,80,5.13,10.3,18,37,104,964,23,5,8,36,6.991930402,418,484,1275.104926,778.6703976,10.23473905,3.723075099,468,21,5,8,34,496,2,0,0,2,502,498,477,7,412,6
21,1000,80,5.13,10.3,18,37,0,947,25,14,14,53,7.294,102,192,19.89757674,8.686159767,6.510556622,8.146137787,501,12,3,5,20,446,13,11,9,33,521,479,103,89,67,35
18,1000,80,5.13,10.3,18,37,3,935,28,14,23,65,7.194440363,108,199,20.28863003,9.67223656,6.186179123,8.178790269,478,8,2,6,16,457,20,12,17,49,494,506,111,88,75,33
15,1000,80,5.13,10.3,18,37,100,955,27,16,2,45,6.931118436,451,493,5770.434995,2883.349316,10.21389185,3.764435238,448,26,15,2,43,507,1,1,0,2,491,509,480,13,438,13
16,1000,80,5.13,10.3,18,37,82,968,21,5,6,32,7.278938673,390,466,327.267935,189.1239414,9.510190072,5.029765576,475,16,5,6,27,493,5,0,0,5,502,498,446,20,380,10
12,1000,80,5.13,10.3,18,37,101,953,23,11,13,47,7.18564013,446,499,1334.564922,613.7141447,10.47314548,3.976099332,449,21,11,13,45,504,2,0,0,2,494,506,487,12,436,10
19,1000,80,5.13,10.3,18,37,1,932,29,22,17,68,7.146808122,94,198,20.15521397,9.382267393,6.594495491,7.666947202,459,12,7,7,26,473,17,15,10,42,485,515,126,72,66,28
20,1000,80,5.13,10.3,18,37,1,952,29,8,11,48,6.892663504,87,218,20.04628476,8.803455363,6.123471464,7.686869919,491,13,1,3,17,461,16,7,8,31,508,492,124,94,61,26
17,1000,80,5.13,10.3,18,37,4,947,26,13,14,53,7.408570024,72,216,20.30559532,9.179263263,6.932922338,7.869236679,469,12,8,3,23,478,14,5,11,30,492,508,134,82,49,23
21,1000,80,5.13,10.3,18,37,1,947,26,14,13,53,7.334459213,102,190,19.95331786,8.754102174,6.617767921,8.113991912,501,12,3,5,20,446,14,11,8,33,521,479,102,88,61,41
18,1000,80,5.13,10.3,18,37,4,935,28,14,23,65,7.25688633,100,195,20.45781627,9.791735058,6.281474158,8.209166196,478,8,2,6,16,457,20,12,17,49,494,506,112,83,62,38
15,1000,80,5.13,10.3,18,37,101,954,28,16,2,46,6.915971183,438,498,6622.282841,3298.237916,10.24271566,3.706871897,447,27,15,2,44,507,1,1,0,2,491,509,483,15,435,3
16,1000,80,5.13,10.3,18,37,83,969,20,5,6,31,7.263193855,392,465,343.3141469,199.0584622,9.553924659,4.954063608,475,16,5,6,27,494,4,0,0,4,502,498,454,11,385,7
12,1000,80,5.13,10.3,18,37,102,951,25,11,13,49,7.181102403,443,499,1459.055663,656.1754084,10.51323349,3.927994187,447,23,11,13,47,504,2,0,0,2,494,506,488,11,438,5
19,1000,80,5.13,10.3,18,37,2,933,27,23,17,67,7.183145992,87,209,20.22092312,9.430220969,6.617664031,7.715687256,459,12,7,7,26,474,15,16,10,41,485,515,136,73,54,33
20,1000,80,5.13,10.3,18,37,2,953,28,9,10,47,6.90604983,92,214,20.1094651,8.889298533,6.115617322,7.722187459,491,13,2,2,17,462,15,7,8,30,508,492,123,91,66,26
17,1000,80,5.13,10.3,18,37,5,948,25,13,14,52,7.433971966,93,208,20.38773713,9.229274478,6.985777965,7.86804962,469,12,8,3,23,479,13,5,11,29,492,508,131,77,70,23
18,1000,80,5.13,10.3,18,37,5,937,26,12,25,63,7.258731413,98,231,20.52454422,9.851786297,6.307510262,8.18739396,478,8,2,6,16,459,18,10,19,47,494,506,137,94,71,27
21,1000,80,5.13,10.3,18,37,2,946,27,14,13,54,7.384596386,86,203,20.01225743,8.797846202,6.681410244,8.149439769,500,13,3,5,21,446,14,11,8,33,521,479,96,107,60,26
15,1000,80,5.13,10.3,18,37,102,953,27,18,2,47,6.928599126,460,504,7650.618166,3789.207269,10.31059222,3.666205003,446,26,17,2,45,507,1,1,0,2,491,509,485,19,452,8
12,1000,80,5.13,10.3,18,37,103,951,24,12,13,49,7.174534441,451,501,1546.008535,687.9918529,10.54149245,3.887425243,447,22,12,13,47,504,2,0,0,2,494,506,492,9,444,7
16,1000,80,5.13,10.3,18,37,84,968,21,5,6,32,7.256740162,392,485,358.9322428,207.6527791,9.574314745,4.920550522,475,16,5,6,27,493,5,0,0,5,502,498,463,22,383,9
17,1000,80,5.13,10.3,18,37,6,949,23,14,14,51,7.461163635,83,188,20.4838229,9.315031162,7.018515464,7.889870132,469,11,9,3,23,480,12,5,11,28,492,508,114,74,60,23
19,1000,80,5.13,10.3,18,37,3,933,27,25,15,67,7.203897926,95,217,20.29390429,9.474681434,6.675498806,7.701516516,459,11,8,7,26,474,16,17,8,41,485,515,132,85,74,21
20,1000,80,5.13,10.3,18,37,3,954,27,10,9,46,6.902704634,104,203,20.16080112,8.960734518,6.14943817,7.680467568,491,13,2,2,17,463,14,8,7,29,508,492,116,87,76,28
18,1000,80,5.13,10.3,18,37,6,938,26,12,24,62,7.279914694,99,227,20.72534486,10.00296976,6.338054053,8.199438719,478,9,2,5,16,460,17,10,19,46,494,506,139,88,71,28
15,1000,80,5.13,10.3,18,37,103,953,27,18,2,47,6.911295926,448,503,8327.216319,4167.371554,10.30001218,3.642416392,446,26,17,2,45,507,1,1,0,2,491,509,495,8,440,8
21,1000,80,5.13,10.3,18,37,3,947,28,12,13,53,7.369198352,92,224,20.10059282,8.893823009,6.713879099,8.081977748,500,13,3,5,21,447,15,9,8,32,521,479,139,85,56,36
12,1000,80,5.13,10.3,18,37,104,951,24,12,13,49,7.170906284,456,501,1650.321391,726.4637468,10.58183748,3.840866738,447,22,12,13,47,504,2,0,0,2,494,506,486,15,449,7
22,1000,80,5.13,10.3,18,37,0,938,27,18,17,62,7.452,106,222,19.97806722,9.130640754,6.611001965,8.323828921,491,9,5,4,18,447,18,13,13,44,509,491,122,100,66,40
17,1000,80,5.13,10.3,18,37,7,951,23,11,15,49,7.472964291,106,221,20.6078278,9.423203887,7.059989266,7.872932229,470,10,8,4,22,481,13,3,11,27,492,508,137,84,79,27
16,1000,80,5.13,10.3,18,37,85,968,21,5,6,32,7.251213521,394,481,370.9043056,215.1218147,9.610919357,4.872554224,475,16,5,6,27,493,5,0,0,5,502,498,468,13,383,11
20,1000,80,5.13,10.3,18,37,4,954,27,10,9,46,6.928523515,100,241,20.22104344,9.015109221,6.184764093,7.696470236,491,13,2,2,17,463,14,8,7,29,508,492,140,101,74,26
19,1000,80,5.13,10.3,18,37,4,934,26,24,16,66,7.244521549,115,187,20.37967101,9.54889088,6.695437544,7.761620078,459,11,8,7,26,475,15,16,9,40,485,515,114,73,86,29
18,1000,80,5.13,10.3,18,37,7,939,25,12,24,61,7.325165311,108,211,20.89936138,10.12842841,6.385185913,8.242852707,478,9,2,5,16,461,16,10,19,45,494,506,123,88,76,32
15,1000,80,5.13,10.3,18,37,104,953,27,18,2,47,6.908638047,449,504,9170.319305,4603.472679,10.35504064,3.584112165,445,27,17,2,46,508,0,1,0,1,491,509,490,14,445,4
23,1000,80,5.13,10.3,18,37,0,950,27,7,16,50,7.043,80,196,19.84505546,8.62426181,6.082851638,8.079002079,506,7,3,3,13,444,20,4,13,37,519,481,113,83,58,22
21,1000,80,5.13,10.3,18,37,4,947,27,13,13,53,7.400888161,79,201,20.18134853,8.950569851,6.758290876,8.099830094,500,12,4,5,21,447,15,9,8,32,521,479,116,85,52,27
22,1000,80,5.13,10.3,18,37,1,938,27,18,17,62,7.502385774,102,204,20.04887191,9.204810561,6.667018258,8.368377761,491,9,5,4,18,447,18,13,13,44,509,491,124,80,70,32
17,1000,80,5.13,10.3,18,37,8,951,22,12,15,49,7.538289544,98,198,20.6983596,9.47462496,7.117996494,7.945345018,471,8,9,4,21,480,14,3,11,28,492,508,118,80,68,30
20,1000,80,5.13,10.3,18,37,5,955,26,10,9,45,6.964081782,85,200,20.27537788,9.081610343,6.196958616,7.756152043,492,12,2,2,16,463,14,8,7,29,508,492,123,77,62,23
16,1000,80,5.13,10.3,18,37,86,968,21,5,6,32,7.226666255,411,477,390.4304641,227.9257089,9.612222231,4.821949187,475,16,5,6,27,493,5,0,0,5,502,498,458,19,395,16
18,1000,80,5.13,10.3,18,37,8,940,25,12,23,60,7.332525338,123,229,21.10928059,10.25464902,6.413034633,8.230209938,478,9,2,5,16,462,16,10,18,44,494,506,155,74,87,36
19,1000,80,5.13,10.3,18,37,5,935,26,23,16,65,7.258793687,89,221,20.48121324,9.627963338,6.718169491,7.767925213,459,11,8,7,26,476,15,15,9,39,485,515,141,80,69,20
23,1000,80,5.13,10.3,18,37,1,950,26,7,17,50,7.086404792,106,204,19.87651219,8.68353671,6.124014634,8.124825773,506,7,3,3,13,444,19,4,14,37,519,481,108,96,66,40
21,1000,80,5.13,10.3,18,37,5,947,27,13,13,53,7.457041467,115,190,20.29833561,9.039050286,6.825835888,8.143592837,500,12,4,5,21,447,15,9,8,32,521,479,101,89,74,41
17,1000,80,5.13,10.3,18,37,9,951,22,12,15,49,7.582920235,91,237,20.89234587,9.621178596,7.18332707,7.969927789,471,8,9,4,21,480,14,3,11,28,492,508,148,89,69,22
22,1000,80,5.13,10.3,18,37,2,940,25,18,17,60,7.498304717,96,224,20.12589777,9.271363144,6.69920594,8.326698359,492,8,5,4,17,448,17,13,13,43,509,491,136,88,69,27
20,1000,80,5.13,10.3,18,37,6,956,26,10,8,44,6.971099326,100,205,20.31354353,9.135132739,6.220278279,7.746337318,491,13,2,2,17,465,13,8,6,27,508,492,116,89,67,33
18,1000,80,5.13,10.3,18,37,9,940,25,12,23,60,7.34406718,102,233,21.3485037,10.41656479,6.438041645,8.228605944,478,9,2,5,16,462,16,10,18,44,494,506,155,78,79,23
16,1000,80,5.13,10.3,18,37,87,968,21,5,6,32,7.221995172,409,467,411.5360493,241.2061378,9.67487692,4.749411563,475,16,5,6,27,493,5,0,0,5,502,498,456,11,401,8
19,1000,80,5.13,10.3,18,37,6,937,24,23,16,63,7.287463599,104,213,20.59404118,9.726589939,6.781823335,7.763649091,458,12,8,7,27,479,12,15,9,36,485,515,141,72,78,26
23,1000,80,5.13,10.3,18,37,2,950,26,7,17,50,7.111229196,97,221,19.92466724,8.700390826,6.153763895,8.144336246,507,6,3,3,12,443,20,4,14,38,519,481,111,110,76,21
21,1000,80,5.13,10.3,18,37,6,950,26,13,11,50,7.459646806,99,221,20.46042363,9.147534565,6.906008999,8.061829055,500,11,5,5,21,450,15,8,6,29,521,479,126,95,75,24
17,1000,80,5.13,10.3,18,37,10,952,22,12,14,48,7.640725364,95,220,21.04778828,9.704625026,7.20903631,8.058817912,472,8,9,3,20,480,14,3,11,28,492,508,139,81,65,30
22,1000,80,5.13,10.3,18,37,3,940,27,17,16,60,7.509329938,98,220,20.20566634,9.338847887,6.726133391,8.321238375,492,8,5,4,17,448,19,12,12,43,509,491,122,98,63,35
20,1000,80,5.13,10.3,18,37,7,957,25,10,8,43,6.977199201,72,210,20.48653378,9.237129308,6.248826855,7.729258453,491,13,2,2,17,466,12,8,6,26,508,492,129,81,50,22
18,1000,80,5.13,10.3,18,37,10,941,24,12,23,59,7.357110176,120,207,21.57046622,10.56721888,6.475368846,8.217940645,478,9,2,5,16,463,15,10,18,43,494,506,131,76,82,38
19,1000,80,5.13,10.3,18,37,7,939,23,22,16,61,7.272226174,104,212,20.73018364,9.798576793,6.799099817,7.717791772,459,12,7,7,26,480,11,15,9,35,485,515,135,77,88,16
16,1000,80,5.13,10.3,18,37,88,968,21,5,6,32,7.21162097,407,471,434.5020956,253.8099373,9.731166731,4.671837895,475,16,5,6,27,493,5,0,0,5,502,498,462,9,397,10
23,1000,80,5.13,10.3,18,37,3,951,25,7,17,49,7.131554871,99,222,19.97986866,8.766819154,6.157957152,8.182068835,507,6,3,3,12,444,19,4,14,37,519,481,125,97,72,27
21,1000,80,5.13,10.3,18,37,7,950,26,13,11,50,7.501899014,114,203,20.52147236,9.225616993,6.969459673,8.081024059,500,11,5,5,21,450,15,8,6,29,521,479,118,85,74,40
17,1000,80,5.13,10.3,18,37,11,952,21,13,14,48,7.659809505,106,234,21.12936211,9.768628147,7.238698823,8.067656859,472,7,10,3,20,480,14,3,11,28,492,508,152,82,74,32
22,1000,80,5.13,10.3,18,37,4,943,25,16,16,57,7.511360236,107,213,20.29333341,9.417681607,6.761709353,8.28849323,492,8,5,4,17,451,17,11,12,40,509,491,122,91,74,33
20,1000,80,5.13,10.3,18,37,8,958,23,11,8,42,6.994558653,83,187,20.61262149,9.336564754,6.276282941,7.736192925,492,11,3,2,16,466,12,8,6,26,508,492,120,67,58,25
18,1000,80,5.13,10.3,18,37,11,941,24,12,23,59,7.396788274,106,229,21.74465488,10.69832804,6.519911586,8.252869467,478,9,2,5,16,463,15,10,18,43,494,506,150,79,75,31
19,1000,80,5.13,10.3,18,37,8,939,24,21,16,61,7.324697658,95,227,20.85386633,9.885968655,6.866706943,7.756009302,459,12,7,7,26,480,12,14,9,35,485,515,142,85,63,32
23,1000,80,5.13,10.3,18,37,4,952,24,7,17,48,7.114264083,75,226,20.05732775,8.882741266,6.208823314,8.091236555,507,6,3,3,12,445,18,4,14,36,519,481,132,94,57,18
16,1000,80,5.13,10.3,18,37,89,966,23,5,6,34,7.190543741,400,481,455.5842736,265.1901457,9.767817464,4.592569024,473,18,5,6,29,493,5,0,0,5,502,498,462,19,396,4
21,1000,80,5.13,10.3,18,37,8,950,26,13,11,50,7.525907217,101,201,20.61588377,9.335842599,6.998557078,8.099496824,500,11,5,5,21,450,15,8,6,29,521,479,113,88,73,28
17,1000,80,5.13,10.3,18,37,12,952,21,13,14,48,7.659514871,93,194,21.21136977,9.863766086,7.26883029,8.037894426,471,8,10,3,21,481,13,3,11,27,492,508,126,68,72,21
22,1000,80,5.13,10.3,18,37,5,944,25,16,15,56,7.488226153,83,221,20.37072012,9.473794472,6.801876176,8.199737637,492,7,6,4,17,452,18,10,11,39,509,491,130,91,60,23
18,1000,80,5.13,10.3,18,37,12,945,24,9,22,55,7.373203287,118,218,22.0368543,10.94027599,6.551981382,8.174949573,478,9,2,5,16,467,15,7,17,39,494,506,145,73,91,27
20,1000,80,5.13,10.3,18,37,9,960,21,10,9,40,7.01395911,101,229,20.73952745,9.445782536,6.301300499,7.749793611,493,10,3,2,15,467,11,7,7,25,508,492,146,83,72,29
19,1000,80,5.13,10.3,18,37,9,940,25,19,16,60,7.333666621,114,199,21.06137693,10.01043242,6.910139795,7.732521981,459,12,7,7,26,481,13,12,9,34,485,515,138,61,85,29
23,1000,80,5.13,10.3,18,37,5,954,22,7,17,46,7.131959631,101,221,20.15550514,8.973444221,6.267798423,8.06439137,507,6,3,3,12,447,16,4,14,34,519,481,127,94,58,43
17,1000,80,5.13,10.3,18,37,13,953,20,13,14,47,7.682331349,101,212,21.3967574,9.996322099,7.341226117,8.012693109,471,8,10,3,21,482,12,3,11,26,492,508,139,73,74,27
16,1000,80,5.13,10.3,18,37,90,964,25,5,6,36,7.179961763,422,474,476.3522494,276.4099393,9.84449355,4.494028114,471,20,5,6,31,493,5,0,0,5,502,498,459,15,413,9
21,1000,80,5.13,10.3,18,37,9,951,26,12,11,49,7.522890342,94,230,20.76434416,9.449705955,7.062118359,8.024064044,499,12,5,5,22,452,14,7,6,27,521,479,152,78,67,27
18,1000,80,5.13,10.3,18,37,13,946,25,8,21,54,7.372430517,110,242,22.28880959,11.13514264,6.571229839,8.154630388,478,9,2,5,16,468,16,6,16,38,494,506,162,80,86,24
22,1000,80,5.13,10.3,18,37,6,946,24,16,14,54,7.485196087,82,225,20.49574276,9.531135293,6.842064287,8.151905021,491,8,6,4,18,455,16,10,10,36,509,491,140,85,54,28
20,1000,80,5.13,10.3,18,37,10,960,20,11,9,40,7.015893105,105,215,20.82819367,9.531591711,6.326003463,7.728218182,493,9,4,2,15,467,11,7,7,25,508,492,135,80,81,24
19,1000,80,5.13,10.3,18,37,10,942,24,18,16,58,7.309044508,107,240,21.22420141,10.10871297,6.906970483,7.687696746,460,12,6,7,25,482,12,12,9,33,485,515,150,90,84,23
23,1000,80,5.13,10.3,18,37,6,954,22,7,17,46,7.124277311,87,203,20.19999583,9.039568866,6.276194684,8.03936023,507,6,3,3,12,447,16,4,14,34,519,481,124,79,64,23
17,1000,80,5.13,10.3,18,37,14,956,17,13,14,44,7.654162606,109,209,21.61072836,10.12796197,7.368121131,7.931194901,472,7,10,3,20,484,10,3,11,24,492,508,151,58,83,26
21,1000,80,5.13,10.3,18,37,10,951,26,12,11,49,7.55236731,109,222,20.85428565,9.522992076,7.106840906,8.03695866,499,12,5,5,22,452,14,7,6,27,521,479,134,88,78,31
16,1000,80,5.13,10.3,18,37,91,965,24,5,6,35,7.173092489,414,489,495.6769359,287.0797586,9.852272989,4.472392467,471,20,5,6,31,494,4,0,0,4,502,498,468,21,404,10
18,1000,80,5.13,10.3,18,37,14,947,24,8,21,53,7.374401161,113,221,22.46202497,11.26056513,6.608821813,8.121824478,478,8,3,5,16,469,16,5,16,37,494,506,154,67,90,23
22,1000,80,5.13,10.3,18,37,7,946,24,17,13,54,7.525871701,91,200,20.65875567,9.613409969,6.927226341,8.146463326,491,8,6,4,18,455,16,11,9,36,509,491,113,87,68,23
20,1000,80,5.13,10.3,18,37,11,959,21,11,9,41,7.083495097,102,228,20.93374286,9.604780156,6.429007589,7.759266751,492,10,4,2,16,467,11,7,7,25,508,492,139,89,70,32
19,1000,80,5.13,10.3,18,37,11,943,23,18,16,57,7.329866085,125,239,21.45319246,10.26749106,6.906630272,7.728447386,461,11,6,7,24,482,12,12,9,33,485,515,158,81,91,34
17,1000,80,5.13,10.3,18,37,15,954,20,12,14,46,7.674762911,106,215,21.79814429,10.27355035,7.445059241,7.89723182,470,9,10,3,22,484,11,2,11,24,492,508,155,60,84,22
23,1000,80,5.13,10.3,18,37,7,952,24,7,17,48,7.176109695,83,213,20.32295532,9.16317313,6.318540769,8.10142835,507,6,3,3,12,445,18,4,14,36,519,481,135,78,54,29
21,1000,80,5.13,10.3,18,37,11,951,26,11,12,49,7.567357275,104,201,21.06660654,9.66945961,7.12257654,8.051137574,499,12,4,6,22,452,14,7,6,27,521,479,127,74,73,31
16,1000,80,5.13,10.3,18,37,92,966,23,5,6,34,7.147796154,417,491,518.6490672,301.2407165,9.882063533,4.391566789,471,20,5,6,31,495,3,0,0,3,502,498,472,19,409,8
18,1000,80,5.13,10.3,18,37,15,947,23,9,21,53,7.411394016,120,217,22.85356958,11.53569864,6.628459346,8.175761066,478,8,3,5,16,469,15,6,16,37,494,506,151,66,85,35
20,1000,80,5.13,10.3,18,37,12,959,21,11,9,41,7.141003086,94,208,21.11269511,9.7417075,6.496533808,7.806430715,492,10,4,2,16,467,11,7,7,25,508,492,139,69,67,27
22,1000,80,5.13,10.3,18,37,8,948,24,14,14,52,7.545593474,109,238,20.76826409,9.69567288,6.976488387,8.135561885,491,8,6,4,18,457,16,8,10,34,509,491,143,95,79,30
19,1000,80,5.13,10.3,18,37,12,943,24,19,14,57,7.297275567,98,216,21.66344549,10.40267776,6.858454602,7.710534145,461,12,7,5,24,482,12,12,9,33,485,515,142,74,73,25
17,1000,80,5.13,10.3,18,37,16,956,18,12,14,44,7.6767211,97,222,22.07881721,10.44545262,7.468924021,7.877973389,470,9,10,3,22,486,9,2,11,22,492,508,154,68,79,18
23,1000,80,5.13,10.3,18,37,8,955,23,6,16,45,7.137757155,100,199,20.43256187,9.245579004,6.37699344,7.958622785,506,7,3,3,13,449,16,3,13,32,519,481,124,75,73,27
21,1000,80,5.13,10.3,18,37,12,952,26,9,13,48,7.594335744,94,211,21.20331234,9.789735258,7.143701998,8.08448226,499,12,4,6,22,453,14,5,7,26,521,479,144,67,70,24
16,1000,80,5.13,10.3,18,37,93,966,23,5,6,34,7.142767017,418,489,545.8922661,317.1655245,9.910154602,4.35315142,471,20,5,6,31,495,3,0,0,3,502,498,479,10,404,14
20,1000,80,5.13,10.3,18,37,13,959,21,11,9,41,7.161518942,112,245,21.26057889,9.842958393,6.512936501,7.831193494,491,11,4,2,17,468,10,7,7,24,508,492,174,71,90,22
18,1000,80,5.13,10.3,18,37,16,947,23,10,20,53,7.419547756,132,241,23.28232258,11.84648937,6.712705244,8.109627204,478,8,3,5,16,469,15,7,15,37,494,506,168,73,104,28
22,1000,80,5.13,10.3,18,37,9,949,25,13,13,51,7.568896918,121,204,20.95175692,9.818981487,7.038322614,8.118922012,492,8,5,4,17,457,17,8,9,34,509,491,124,80,90,31
19,1000,80,5.13,10.3,18,37,13,943,24,19,14,57,7.338234282,101,241,21.88735654,10.53450855,6.892804756,7.757716458,461,12,7,5,24,482,12,12,9,33,485,515,168,73,76,25
17,1000,80,5.13,10.3,18,37,17,956,18,12,14,44,7.67737544,97,236,22.3034182,10.58240126,7.488870994,7.859942739,470,9,10,3,22,486,9,2,11,22,492,508,162,74,78,19
23,1000,80,5.13,10.3,18,37,9,957,22,5,16,43,7.143551317,115,208,20.58884486,9.34094459,6.413798046,7.930956614,506,7,3,3,13,451,15,2,13,30,519,481,136,72,81,34
21,1000,80,5.13,10.3,18,37,13,952,26,9,13,48,7.595665609,125,215,21.35230597,9.883568092,7.150877506,8.079453921,499,12,4,6,22,453,14,5,7,26,521,479,141,74,86,39
20,1000,80,5.13,10.3,18,37,14,959,20,12,9,41,7.17745039,106,214,21.38683022,9.919207068,6.52039019,7.855878401,492,10,4,2,16,467,10,8,7,25,508,492,147,67,78,28
18,1000,80,5.13,10.3,18,37,17,946,24,10,20,54,7.428361568,107,238,23.72944981,12.12209424,6.724124822,8.115897047,477,9,3,5,17,469,15,7,15,37,494,506,169,69,91,16
16,1000,80,5.13,10.3,18,37,94,965,24,5,6,35,7.117150285,431,476,587.0384625,340.7548829,9.928640921,4.283077395,470,21,5,6,32,495,3,0,0,3,502,498,466,10,417,14
22,1000,80,5.13,10.3,18,37,10,950,23,13,14,50,7.595947462,102,229,21.1143922,9.922363265,7.046392594,8.165648945,492,8,5,4,17,458,15,8,10,33,509,491,140,89,81,21
19,1000,80,5.13,10.3,18,37,14,944,24,20,12,56,7.350681979,100,213,22.07015807,10.64062607,6.904359629,7.771004969,462,10,8,5,23,482,14,12,7,33,485,515,136,77,80,20
17,1000,80,5.13,10.3,18,37,18,956,18,12,14,44,7.73374347,98,224,22.53693891,10.75301555,7.562530495,7.89956391,470,9,10,3,22,486,9,2,11,22,492,508,165,59,78,20
23,1000,80,5.13,10.3,18,37,10,958,21,5,16,42,7.132766118,112,197,20.63195346,9.396278663,6.397185197,7.926459462,506,7,3,3,13,452,14,2,13,29,519,481,127,70,82,30
21,1000,80,5.13,10.3,18,37,14,952,26,10,12,48,7.618131118,115,212,21.55589037,10.01915305,7.182350411,8.092122241,499,12,4,6,22,453,14,6,6,26,521,479,132,80,82,33
20,1000,80,5.13,10.3,18,37,15,960,19,12,9,40,7.204777278,100,210,21.5844141,10.05441962,6.567321367,7.862963463,492,10,4,2,16,468,9,8,7,24,508,492,152,58,75,25
18,1000,80,5.13,10.3,18,37,18,946,24,10,20,54,7.416139309,131,223,24.248432,12.4076448,6.733779306,8.082316862,477,9,3,5,17,469,15,7,15,37,494,506,163,60,112,19
22,1000,80,5.13,10.3,18,37,11,951,24,12,13,49,7.601637499,115,222,21.23600271,10.0649142,7.041554557,8.182253014,493,9,4,3,16,458,15,8,10,33,509,491,133,89,86,29
16,1000,80,5.13,10.3,18,37,95,965,24,5,6,35,7.091338976,442,491,629.7558103,366.1447533,9.952594851,4.207101126,470,21,5,6,32,495,3,0,0,3,502,498,477,14,428,14
19,1000,80,5.13,10.3,18,37,15,944,25,18,13,56,7.338845021,101,213,22.25304622,10.76431408,6.907758711,7.744819508,462,10,8,5,23,482,15,10,8,33,485,515,149,64,75,26
17,1000,80,5.13,10.3,18,37,19,957,17,12,14,43,7.732387041,136,239,22.83353677,10.94001252,7.597345288,7.863175511,470,9,10,3,22,487,8,2,11,21,492,508,169,70,102,34
23,1000,80,5.13,10.3,18,37,11,960,20,4,16,40,7.148033301,90,191,20.71125271,9.492210192,6.452826529,7.898162854,507,6,3,3,12,453,14,1,13,28,519,481,136,55,63,27
21,1000,80,5.13,10.3,18,37,15,954,24,10,12,46,7.642381138,104,214,21.71919905,10.16474038,7.221580333,8.100078883,499,12,4,6,22,455,12,6,6,24,521,479,137,77,88,16
20,1000,80,5.13,10.3,18,37,16,959,21,12,8,41,7.229880024,119,199,21.83251925,10.19684692,6.589409636,7.891178718,492,10,4,2,16,467,11,8,6,25,508,492,131,68,93,26
18,1000,80,5.13,10.3,18,37,19,948,24,9,19,52,7.385987611,111,239,24.57929906,12.60403533,6.78672965,7.971033922,477,8,4,5,17,471,16,5,14,35,494,506,176,63,93,18
22,1000,80,5.13,10.3,18,37,12,951,25,11,13,49,7.6199692,81,212,21.35571131,10.15143404,7.082401788,8.177243767,493,9,4,3,16,458,16,7,10,33,509,491,135,77,62,19
19,1000,80,5.13,10.3,18,37,16,944,26,18,12,56,7.363077403,108,219,22.4179686,10.85279041,6.968454779,7.734712302,462,10,8,5,23,482,16,10,7,33,485,515,141,78,87,21
17,1000,80,5.13,10.3,18,37,20,957,18,12,13,43,7.727142245,117,219,23.20805248,11.1629839,7.63729622,7.814158475,470,9,10,3,22,487,9,2,10,21,492,508,155,64,91,26
23,1000,80,5.13,10.3,18,37,12,961,20,4,15,39,7.153115026,103,209,20.89374255,9.61554771,6.498232938,7.859734162,507,6,3,3,12,454,14,1,12,27,519,481,137,72,74,29
16,1000,80,5.13,10.3,18,37,96,965,24,5,6,35,7.072435461,429,490,680.1384292,395.7029414,9.97736071,4.144177479,470,21,5,6,32,495,3,0,0,3,502,498,475,15,420,9
21,1000,80,5.13,10.3,18,37,16,954,24,10,12,46,7.664619936,114,223,22.06783959,10.37256419,7.254042843,8.111197524,499,12,4,6,22,455,12,6,6,24,521,479,156,67,88,26
20,1000,80,5.13,10.3,18,37,17,960,19,13,8,40,7.244538179,88,221,22.07616176,10.33727768,6.602013475,7.907957995,492,10,4,2,16,468,9,9,6,24,508,492,149,72,73,15
18,1000,80,5.13,10.3,18,37,20,949,24,9,18,51,7.38423075,124,238,25.21674272,12.9759511,6.854367774,7.901527805,477,8,4,5,17,472,16,5,13,34,494,506,173,65,100,24
22,1000,80,5.13,10.3,18,37,13,950,26,11,13,50,7.642767751,99,222,21.49098046,10.25862241,7.113758044,8.19117089,493,9,4,3,16,457,17,7,10,34,509,491,141,81,75,24
19,1000,80,5.13,10.3,18,37,17,945,25,18,12,55,7.357825852,124,230,22.66539519,11.00702679,7.003638603,7.691380835,462,9,9,5,23,483,16,9,7,32,485,515,166,64,103,21
17,1000,80,5.13,10.3,18,37,21,958,17,12,13,42,7.724077047,131,233,23.61570728,11.40716077,7.64901139,7.796778432,470,9,10,3,22,488,8,2,10,20,492,508,165,68,104,27
23,1000,80,5.13,10.3,18,37,13,961,21,5,13,39,7.151571203,96,209,20.96754635,9.700837473,6.520898782,7.832068057,507,6,3,3,12,454,15,2,10,27,519,481,136,73,68,28
21,1000,80,5.13,10.3,18,37,17,954,25,9,12,46,7.671762672,123,233,22.232336,10.46973969,7.288095562,8.08907074,498,13,4,6,23,456,12,5,6,23,521,479,160,73,94,29
16,1000,80,5.13,10.3,18,37,97,965,24,5,6,35,7.048722936,435,487,731.615466,426.7849975,10.0064897,4.067199004,470,21,5,6,32,495,3,0,0,3,502,498,474,13,429,6
20,1000,80,5.13,10.3,18,37,18,961,18,13,8,39,7.241241995,104,236,22.33343147,10.51982845,6.628681867,7.873722777,492,10,4,2,16,469,8,9,6,23,508,492,161,75,87,17
18,1000,80,5.13,10.3,18,37,21,951,23,9,17,49,7.341218164,138,246,25.9242756,13.40517793,6.890111935,7.781626223,477,8,4,5,17,474,15,5,12,32,494,506,185,61,108,30
22,1000,80,5.13,10.3,18,37,14,949,27,11,13,51,7.680676912,124,209,21.60382751,10.33631345,7.171187213,8.20884444,492,10,4,3,17,457,17,7,10,34,509,491,134,75,95,29
19,1000,80,5.13,10.3,18,37,18,944,26,18,12,56,7.378214835,121,231,22.94086522,11.21132904,7.042084726,7.69476455,461,10,9,5,24,483,16,9,7,32,485,515,153,78,98,23
17,1000,80,5.13,10.3,18,37,22,957,18,12,13,43,7.73561144,110,237,23.96485912,11.61056146,7.66471237,7.804277469,469,10,10,3,23,488,8,2,10,20,492,508,165,72,85,25
23,1000,80,5.13,10.3,18,37,14,962,21,5,12,38,7.155792588,108,216,21.12469981,9.811833034,6.552613846,7.806623705,507,6,3,3,12,455,15,2,9,26,519,481,138,78,83,25
21,1000,80,5.13,10.3,18,37,18,954,25,10,11,46,7.70777704,100,222,22.4052814,10.63736279,7.323434563,8.125819691,498,12,5,6,23,456,13,5,5,23,521,479,152,70,83,17
16,1000,80,5.13,10.3,18,37,98,965,24,5,6,35,7.032713703,433,492,797.4261367,463.8083213,10.04439011,3.99684713,470,21,5,6,32,495,3,0,0,3,502,498,471,21,425,8
20,1000,80,5.13,10.3,18,37,19,963,17,11,9,37,7.256689734,116,243,22.5633495,10.70645077,6.647257839,7.885940552,493,9,3,3,15,470,8,8,6,22,508,492,178,65,87,29
18,1000,80,5.13,10.3,18,37,22,949,25,9,17,51,7.347875881,141,266,26.8130627,13.96518846,6.916889205,7.768641529,477,8,4,5,17,472,17,5,12,34,494,506,200,66,118,23
19,1000,80,5.13,10.3,18,37,19,946,26,15,13,54,7.382257041,109,224,23.23493859,11.40839285,7.062521948,7.683366788,461,10,8,6,24,485,16,7,7,30,485,515,169,55,82,27
22,1000,80,5.13,10.3,18,37,15,948,28,11,13,52,7.719695315,108,210,21.88270423,10.50518899,7.241369951,8.215556029,491,11,4,3,18,457,17,7,10,34,509,491,151,59,90,18
17,1000,80,5.13,10.3,18,37,23,957,18,12,13,43,7.76239055,110,259,24.40126162,11.84961061,7.688920788,7.833546303,470,9,10,3,22,487,9,2,10,21,492,508,188,71,91,19
23,1000,80,5.13,10.3,18,37,15,963,20,5,12,37,7.136664527,116,233,21.25244689,9.933643993,6.550033907,7.769640186,507,6,3,3,12,456,14,2,9,25,519,481,158,75,82,34
21,1000,80,5.13,10.3,18,37,19,954,25,10,11,46,7.773250097,111,232,22.66799432,10.78844684,7.404859723,8.173941924,498,12,5,6,23,456,13,5,5,23,521,479,158,74,83,28
16,1000,80,5.13,10.3,18,37,99,964,24,6,6,36,7.038541439,443,492,853.0896128,497.8754068,10.0879422,3.9646475,469,21,6,6,33,495,3,0,0,3,502,498,475,17,436,7
20,1000,80,5.13,10.3,18,37,20,964,16,11,9,36,7.263906815,107,233,22.78473671,10.88890904,6.650113605,7.897660779,493,9,3,3,15,471,7,8,6,21,508,492,172,61,91,16
18,1000,80,5.13,10.3,18,37,23,948,26,10,16,52,7.370243812,138,258,27.4153365,14.37189239,6.971131481,7.759891029,477,7,5,5,17,471,19,5,11,35,494,506,185,73,114,24
19,1000,80,5.13,10.3,18,37,20,946,26,15,13,54,7.424080504,106,225,23.4891551,11.56973993,7.166121698,7.667012583,461,10,8,6,24,485,16,7,7,30,485,515,171,54,83,23
22,1000,80,5.13,10.3,18,37,16,947,29,11,13,53,7.747499747,93,215,22.07306314,10.67313654,7.27205276,8.240376564,491,11,4,3,18,456,18,7,10,35,509,491,146,69,71,22
17,1000,80,5.13,10.3,18,37,24,958,18,12,12,42,7.725339718,119,247,24.72867964,12.05564604,7.699109314,7.750743967,469,10,10,3,23,489,8,2,9,19,492,508,194,53,95,24
23,1000,80,5.13,10.3,18,37,16,961,22,5,12,39,7.221461559,97,210,21.41224702,10.04865479,6.585922752,7.907209254,507,6,3,3,12,454,16,2,9,27,519,481,144,66,77,20
21,1000,80,5.13,10.3,18,37,20,956,22,11,11,44,7.773173507,114,222,22.91233007,10.92233981,7.415741255,8.161946375,498,11,6,6,23,458,11,5,5,21,521,479,170,52,88,26
20,1000,80,5.13,10.3,18,37,21,964,17,10,9,36,7.267242883,114,244,23.06815997,11.04897145,6.692284522,7.860899078,492,10,3,3,16,472,7,7,6,20,508,492,161,83,91,23
16,1000,80,5.13,10.3,18,37,100,964,24,6,6,36,6.994412494,441,493,915.0229773,535.3728064,10.09328788,3.870646546,469,21,6,6,33,495,3,0,0,3,502,498,477,16,433,8
18,1000,80,5.13,10.3,18,37,24,948,26,10,16,52,7.382142036,141,257,28.09394976,14.76027226,6.985223146,7.769647829,476,8,5,5,18,472,18,5,11,34,494,506,199,58,116,25
19,1000,80,5.13,10.3,18,37,21,946,26,15,13,54,7.444410904,117,238,23.82407852,11.73698989,7.177578767,7.695699421,461,10,8,6,24,485,16,7,7,30,485,515,178,60,95,22
17,1000,80,5.13,10.3,18,37,25,959,17,12,12,41,7.743092914,106,238,25.12940862,12.28085285,7.724761462,7.760846997,469,10,10,3,23,490,7,2,9,18,492,508,189,49,92,14
22,1000,80,5.13,10.3,18,37,17,950,26,11,13,50,7.739434502,109,234,22.28819135,10.81477774,7.319151676,8.175124846,491,11,4,3,18,459,15,7,10,32,509,491,159,75,91,18
23,1000,80,5.13,10.3,18,37,17,961,23,5,11,39,7.26109823,111,243,21.53926546,10.16264618,6.627700857,7.944535312,507,6,3,3,12,454,17,2,8,27,519,481,168,75,88,23
21,1000,80,5.13,10.3,18,37,21,957,22,11,10,43,7.770856036,131,231,23.16677606,11.09956738,7.45127752,8.11845605,498,11,6,6,23,459,11,5,4,20,521,479,157,74,105,26
20,1000,80,5.13,10.3,18,37,22,966,15,10,9,34,7.277508293,110,253,23.41538549,11.24865431,6.718952871,7.85422812,492,9,4,3,16,474,6,6,6,18,508,492,198,55,93,17
18,1000,80,5.13,10.3,18,37,25,950,26,9,15,50,7.368050115,150,279,28.94322231,15.25495424,7.008281212,7.719286948,476,9,4,5,18,474,17,5,10,32,494,506,217,62,119,31
19,1000,80,5.13,10.3,18,37,22,946,26,15,13,54,7.47886167,128,243,24.23067385,11.97400989,7.259255955,7.685674819,461,10,8,6,24,485,16,7,7,30,485,515,184,59,106,22
17,1000,80,5.13,10.3,18,37,26,959,19,12,10,41,7.734869542,119,259,25.58341564,12.54822882,7.77700166,7.69406442,469,10,10,3,23,490,9,2,7,18,492,508,199,60,106,13
22,1000,80,5.13,10.3,18,37,18,952,24,11,13,48,7.735787789,125,214,22.50011506,10.95938479,7.344771733,8.141138445,491,11,4,3,18,461,13,7,10,30,509,491,149,65,92,33
16,1000,80,5.13,10.3,18,37,101,964,23,7,6,36,6.97687995,444,495,957.070058,560.3130972,10.14447288,3.783844505,468,22,6,6,34,496,1,1,0,2,502,498,483,12,434,10
23,1000,80,5.13,10.3,18,37,18,963,21,5,11,37,7.24641547,119,234,21.76720639,10.33872472,6.640306363,7.900408457,507,6,3,3,12,456,15,2,8,25,519,481,147,87,94,25
21,1000,80,5.13,10.3,18,37,22,958,21,11,10,42,7.782574251,112,238,23.42999678,11.26835307,7.481969113,8.109537252,498,11,6,6,23,460,10,5,4,19,521,479,174,64,83,29
20,1000,80,5.13,10.3,18,37,23,965,16,10,9,35,7.300475526,111,244,23.6600409,11.4272612,6.7813481,7.836485145,492,9,4,3,16,473,7,6,6,19,508,492,187,57,100,11
18,1000,80,5.13,10.3,18,37,26,951,25,9,15,49,7.386018277,155,257,29.5659615,15.63383474,7.045416981,7.718542072,476,9,4,5,18,475,16,5,10,31,494,506,200,57,134,21
19,1000,80,5.13,10.3,18,37,23,947,26,14,13,53,7.520874412,135,245,24.60458767,12.16833089,7.260184921,7.766378108,462,10,7,6,23,485,16,7,7,30,485,515,187,58,108,27
17,1000,80,5.13,10.3,18,37,27,960,18,11,11,40,7.742298031,138,272,25.99912884,12.77819856,7.800772686,7.685665099,469,10,9,4,23,491,8,2,7,17,492,508,214,58,120,18
22,1000,80,5.13,10.3,18,37,19,953,24,10,13,47,7.740337094,131,227,22.81771638,11.15905596,7.364365911,8.130091336,491,11,4,3,18,462,13,6,10,29,509,491,163,64,98,33
16,1000,80,5.13,10.3,18,37,102,964,23,7,6,36,6.976176345,448,497,1029.199632,605.8680778,10.16658589,3.760141026,468,22,6,6,34,496,1,1,0,2,502,498,486,11,441,7
23,1000,80,5.13,10.3,18,37,19,964,21,5,10,36,7.271813293,95,261,21.98633279,10.50354115,6.706139713,7.882176261,507,6,3,3,12,457,15,2,7,24,519,481,170,91,75,20
21,1000,80,5.13,10.3,18,37,23,957,21,12,10,43,7.790130438,98,243,23.804432,11.52927572,7.508978725,8.095934285,497,12,6,6,24,460,9,6,4,19,521,479,175,68,82,16
20,1000,80,5.13,10.3,18,37,24,963,16,12,9,37,7.297345998,127,254,24.08636934,11.6941879,6.793479472,7.817598428,491,9,5,3,17,472,7,7,6,20,508,492,197,57,112,15
19,1000,80,5.13,10.3,18,37,24,948,23,16,13,52,7.529155652,132,218,24.87352478,12.3228276,7.292526092,7.752000966,463,8,8,6,22,485,15,8,7,30,485,515,175,43,113,19
18,1000,80,5.13,10.3,18,37,27,954,22,9,15,46,7.405332651,152,263,30.15665625,15.98392973,7.085168349,7.717904125,477,8,4,5,17,477,14,5,10,29,494,506,207,56,130,22
17,1000,80,5.13,10.3,18,37,28,960,18,11,11,40,7.734017849,126,264,26.34139947,12.97814181,7.83876889,7.632566054,469,10,9,4,23,491,8,2,7,17,492,508,209,55,104,22
22,1000,80,5.13,10.3,18,37,20,955,23,9,13,45,7.708386027,130,244,23.18491545,11.41604188,7.432414674,7.994474456,490,12,3,4,19,465,11,6,9,26,509,491,176,68,105,25
23,1000,80,5.13,10.3,18,37,20,963,23,4,10,37,7.311677786,118,221,22.3803025,10.73330331,6.755743786,7.911531729,507,7,2,3,12,456,16,2,7,25,519,481,162,59,99,19
21,1000,80,5.13,10.3,18,37,24,958,21,10,11,42,7.829852533,123,236,24.14317849,11.71253096,7.573865538,8.108285153,497,12,5,7,24,461,9,5,4,18,521,479,181,55,97,26
16,1000,80,5.13,10.3,18,37,103,963,24,7,6,37,6.999697506,451,489,1100.020093,645.2694631,10.25846433,3.714755843,467,23,6,6,35,496,1,1,0,2,502,498,481,8,442,9
20,1000,80,5.13,10.3,18,37,25,963,17,11,9,37,7.354379941,140,245,24.46186474,11.95037215,6.879770304,7.844424036,491,9,5,3,17,472,8,6,6,20,508,492,189,56,124,16
19,1000,80,5.13,10.3,18,37,25,951,20,15,14,49,7.521065365,126,286,25.24350395,12.52683786,7.310919004,7.71897019,465,6,8,6,20,486,14,7,8,29,485,515,206,80,106,20
18,1000,80,5.13,10.3,18,37,28,954,22,9,15,46,7.395798534,165,267,30.93010871,16.37192589,7.075370116,7.708627858,477,8,4,5,17,477,14,5,10,29,494,506,214,53,125,40
17,1000,80,5.13,10.3,18,37,29,961,17,11,11,39,7.755537468,149,257,26.91679143,13.29417886,7.885587346,7.629583648,468,11,9,4,24,493,6,2,7,15,492,508,197,60,126,23
22,1000,80,5.13,10.3,18,37,21,955,23,8,14,45,7.759467784,117,251,23.43591014,11.5777451,7.486784652,8.042147446,490,12,2,5,19,465,11,6,9,26,509,491,178,73,100,17
23,1000,80,5.13,10.3,18,37,21,963,23,4,10,37,7.339940947,109,237,22.67319497,10.90712506,6.777559864,7.946751305,507,7,2,3,12,456,16,2,7,25,519,481,160,77,83,26
21,1000,80,5.13,10.3,18,37,25,958,20,11,11,42,7.848162871,110,247,24.53285512,11.92793824,7.635295429,8.079695099,497,11,6,7,24,461,9,5,4,18,521,479,189,58,88,22
16,1000,80,5.13,10.3,18,37,104,962,25,7,6,38,6.996172677,464,502,1202.224743,701.6676255,10.28637765,3.67954036,466,24,6,6,36,496,1,1,0,2,502,498,486,16,452,12
24,1000,80,5.13,10.3,18,37,0,950,24,8,18,50,7.04,93,226,19.89997722,8.613813988,5.885931559,8.320675105,509,7,4,6,17,441,17,4,12,33,526,474,122,104,68,25
20,1000,80,5.13,10.3,18,37,26,963,17,11,9,37,7.365532194,134,231,24.85713027,12.16394392,6.901958845,7.844181099,491,9,5,3,17,472,8,6,6,20,508,492,179,52,118,16
19,1000,80,5.13,10.3,18,37,26,953,18,15,14,47,7.524744769,135,251,25.84834513,12.86393283,7.316732457,7.720639859,465,6,8,6,20,488,12,7,8,27,485,515,194,57,111,24
18,1000,80,5.13,10.3,18,37,29,955,21,9,15,45,7.403928482,155,267,31.8847385,16.9471522,7.126511571,7.674766335,477,7,5,5,17,478,14,4,10,28,494,506,215,52,138,17
17,1000,80,5.13,10.3,18,37,30,961,17,11,11,39,7.747207439,147,276,27.51131366,13.63732765,7.902883208,7.596434843,468,11,9,4,24,493,6,2,7,15,492,508,217,59,123,24
22,1000,80,5.13,10.3,18,37,22,955,23,8,14,45,7.766657692,121,246,23.77468265,11.78222276,7.506657481,8.036189479,490,12,2,5,19,465,11,6,9,26,509,491,181,65,99,22
23,1000,80,5.13,10.3,18,37,22,964,22,4,10,36,7.321324961,122,238,22.95541813,11.07273017,6.79344391,7.890909713,507,6,3,3,12,457,16,1,7,24,519,481,175,63,101,21
21,1000,80,5.13,10.3,18,37,26,958,20,11,11,42,7.892027492,128,255,24.90887488,12.15081288,7.682442902,8.11998902,497,11,6,7,24,461,9,5,4,18,521,479,199,56,101,27
20,1000,80,5.13,10.3,18,37,27,962,18,11,9,38,7.40392089,127,239,25.31034939,12.42099527,6.99606734,7.825037969,490,10,5,3,18,472,8,6,6,20,508,492,188,51,103,24
24,1000,80,5.13,10.3,18,37,1,951,24,7,18,49,7.057511875,85,200,19.9252236,8.662621498,5.940915969,8.296603534,509,7,4,6,17,442,17,3,12,32,526,474,108,92,52,33
19,1000,80,5.13,10.3,18,37,27,951,20,15,14,49,7.52138054,130,281,26.41753881,13.13802808,7.356237379,7.676903711,464,7,8,6,21,487,13,7,8,28,485,515,228,53,115,15
17,1000,80,5.13,10.3,18,37,31,961,17,11,11,39,7.762371687,129,245,28.29093881,14.06084325,7.940810915,7.589552592,468,11,9,4,24,493,6,2,7,15,492,508,211,34,120,9
18,1000,80,5.13,10.3,18,37,30,956,21,8,15,44,7.399909637,153,268,32.8099817,17.42875437,7.172908627,7.621527225,476,8,5,5,18,480,13,3,10,26,494,506,212,56,138,15
22,1000,80,5.13,10.3,18,37,23,951,27,8,14,49,7.811838419,118,243,24.08599031,12.00191954,7.567038224,8.065612959,487,15,2,5,22,464,12,6,9,27,509,491,185,58,90,28
23,1000,80,5.13,10.3,18,37,23,965,22,4,9,35,7.30595152,116,222,23.17461806,11.20557402,6.803066465,7.84856554,507,6,3,3,12,458,16,1,6,23,519,481,162,60,99,17
21,1000,80,5.13,10.3,18,37,27,955,24,10,11,45,7.936382876,129,231,25.37117719,12.44203419,7.741743473,8.148088783,496,12,6,7,25,459,12,4,4,20,521,479,176,55,105,24
20,1000,80,5.13,10.3,18,37,28,961,19,11,9,39,7.411343725,126,263,25.72318763,12.68600116,7.050512212,7.783909597,489,11,5,3,19,472,8,6,6,20,508,492,208,55,106,20
19,1000,80,5.13,10.3,18,37,28,955,19,13,13,45,7.491929339,134,254,27.04348894,13.48573859,7.320013958,7.653830232,466,7,7,5,19,489,12,6,8,26,485,515,209,45,112,22
17,1000,80,5.13,10.3,18,37,32,960,18,11,11,40,7.75557059,143,278,28.98221527,14.41825437,7.976863482,7.541247553,467,12,9,4,25,493,6,2,7,15,492,508,225,53,118,25
18,1000,80,5.13,10.3,18,37,31,954,23,8,15,46,7.410168133,163,306,33.58083408,17.90269591,7.215776986,7.599949213,474,10,5,5,20,480,13,3,10,26,494,506,239,67,140,23
24,1000,80,5.13,10.3,18,37,2,952,23,7,18,48,7.07423718,97,188,19.87550044,8.702078446,5.971933919,8.297468224,509,7,4,6,17,443,16,3,12,31,526,474,99,89,64,33
22,1000,80,5.13,10.3,18,37,24,951,27,9,13,49,7.813867314,132,242,24.4865196,12.2660899,7.593438368,8.042377159,487,14,3,5,22,464,13,6,8,27,509,491,183,59,107,25
23,1000,80,5.13,10.3,18,37,24,965,22,4,9,35,7.279397306,133,246,23.58328694,11.46567288,6.802480913,7.793991085,507,6,3,3,12,458,16,1,6,23,519,481,184,62,109,24
21,1000,80,5.13,10.3,18,37,28,954,25,10,11,46,7.961464809,118,257,25.66822899,12.61068286,7.768996918,8.1708088,495,13,6,7,26,459,12,4,4,20,521,479,195,62,99,19
20,1000,80,5.13,10.3,18,37,29,960,20,11,9,40,7.425110725,113,269,26.24840401,12.97337676,7.055661462,7.806574598,489,11,5,3,19,471,9,6,6,21,508,492,219,50,97,16
19,1000,80,5.13,10.3,18,37,29,954,22,12,12,46,7.463192503,133,253,27.70438486,13.82663501,7.378918793,7.542557066,464,9,7,5,21,490,13,5,7,25,485,515,207,46,121,12
18,1000,80,5.13,10.3,18,37,32,954,23,8,15,46,7.439538282,154,284,34.81377739,18.6872924,7.271168549,7.603915057,472,12,5,5,22,482,11,3,10,24,494,506,225,59,137,17
17,1000,80,5.13,10.3,18,37,33,961,18,10,11,39,7.745644879,142,291,29.66301023,14.7487991,7.99920366,7.500072201,467,12,9,4,25,494,6,1,7,14,492,508,235,56,121,21
24,1000,80,5.13,10.3,18,37,3,953,23,6,18,47,7.097738612,112,207,19.90375258,8.734051876,6.054876341,8.255007715,509,7,3,7,17,444,16,3,11,30,526,474,113,94,70,42
22,1000,80,5.13,10.3,18,37,25,951,27,9,13,49,7.838864056,121,262,24.92130849,12.52978231,7.623983367,8.061622244,487,14,3,5,22,464,13,6,8,27,509,491,201,61,106,15
21,1000,80,5.13,10.3,18,37,29,956,24,10,10,44,7.986772999,116,271,26.2247585,12.92354686,7.812642379,8.176171856,496,12,6,7,25,460,12,4,3,19,521,479,209,62,91,25
23,1000,80,5.13,10.3,18,37,25,964,23,4,9,36,7.285348617,121,256,24.08381718,11.77526168,6.84481841,7.760681626,506,7,3,3,13,458,16,1,6,23,519,481,181,75,96,25
20,1000,80,5.13,10.3,18,37,30,960,20,11,9,40,7.458164081,141,285,26.89256318,13.31158246,7.109339863,7.818332176,489,11,5,3,19,471,9,6,6,21,508,492,219,66,124,17
19,1000,80,5.13,10.3,18,37,30,955,20,13,12,45,7.470522952,150,282,28.31403836,14.12952853,7.412953986,7.524738386,464,8,8,5,21,491,12,5,7,24,485,515,232,50,132,18
17,1000,80,5.13,10.3,18,37,34,962,17,10,11,38,7.745080158,153,300,30.56216877,15.2350577,8.043030752,7.456513834,467,12,9,4,25,495,5,1,7,13,492,508,257,43,136,17
18,1000,80,5.13,10.3,18,37,33,955,22,8,15,45,7.398784919,186,282,36.05079405,19.33971733,7.327379554,7.468496876,472,12,5,5,22,483,10,3,10,23,494,506,248,34,174,12
22,1000,80,5.13,10.3,18,37,26,950,28,9,13,50,7.851491931,129,248,25.49886724,12.90360704,7.693944039,8.01481551,485,16,3,5,24,465,12,6,8,26,509,491,189,59,102,27
24,1000,80,5.13,10.3,18,37,4,955,21,6,18,45,7.122115948,96,209,19.98275409,8.811471219,6.101261675,8.254962672,510,6,3,7,16,445,15,3,11,29,526,474,115,94,65,31
21,1000,80,5.13,10.3,18,37,30,956,24,10,10,44,7.992760772,138,267,26.83320705,13.28805152,7.841181044,8.157631415,496,12,6,7,25,460,12,4,3,19,521,479,211,56,117,21
23,1000,80,5.13,10.3,18,37,26,964,23,5,8,36,7.305316519,105,264,24.48496621,12.01461108,6.890548298,7.752852292,506,7,3,3,13,458,16,2,5,23,519,481,185,79,88,17
20,1000,80,5.13,10.3,18,37,31,961,19,11,9,39,7.486518024,138,252,27.69734806,13.7923871,7.150815233,7.833137978,489,11,5,3,19,472,8,6,6,20,508,492,201,51,122,16
19,1000,80,5.13,10.3,18,37,31,955,20,13,12,45,7.496715079,152,298,28.91368263,14.44783031,7.480894537,7.511614037,464,8,8,5,21,491,12,5,7,24,485,515,246,52,138,14
17,1000,80,5.13,10.3,18,37,35,962,17,10,11,38,7.747906345,173,283,31.59434138,15.80334377,8.083559182,7.422825251,467,12,9,4,25,495,5,1,7,13,492,508,245,38,148,25
18,1000,80,5.13,10.3,18,37,34,954,23,8,15,46,7.40500722,161,290,37.06849881,19.87339503,7.344770444,7.463815455,472,12,5,5,22,482,11,3,10,24,494,506,240,50,145,16
22,1000,80,5.13,10.3,18,37,27,950,30,9,11,50,7.83053506,127,259,26.08552717,13.20733309,7.725447968,7.939474632,485,16,3,5,24,465,14,6,6,26,509,491,207,52,106,21
21,1000,80,5.13,10.3,18,37,31,955,24,11,10,45,8.028509952,136,268,27.43115446,13.67458435,7.878965042,8.191167359,495,12,7,7,26,460,12,4,3,19,521,479,218,50,112,24
23,1000,80,5.13,10.3,18,37,27,965,23,5,7,35,7.31365921,122,270,25.08958732,12.35018373,6.917236866,7.741399743,506,7,3,3,13,459,16,2,4,22,519,481,205,65,104,18
24,1000,80,5.13,10.3,18,37,5,956,20,6,18,44,7.167966979,94,203,20.08017242,8.86740575,6.147324333,8.300578859,510,6,3,7,16,446,14,3,11,28,526,474,121,82,58,36
20,1000,80,5.13,10.3,18,37,32,962,19,11,8,38,7.489155252,171,282,28.55901868,14.28286568,7.191101596,7.796901711,489,11,5,3,19,473,8,6,5,19,508,492,233,49,140,31
19,1000,80,5.13,10.3,18,37,32,956,20,12,12,44,7.466483505,126,302,29.52325408,14.74244032,7.494098525,7.440477127,464,8,8,5,21,492,12,4,7,23,485,515,240,62,110,16
17,1000,80,5.13,10.3,18,37,36,961,16,11,12,39,7.732936198,150,276,32.69480613,16.39433229,8.104344306,7.373225983,466,12,9,5,26,495,4,2,7,13,492,508,235,41,137,13
18,1000,80,5.13,10.3,18,37,35,956,23,6,15,44,7.38690333,181,307,38.98617345,20.96051309,7.355269994,7.417786469,472,12,4,6,22,484,11,2,9,22,494,506,250,57,158,23
22,1000,80,5.13,10.3,18,37,28,951,29,9,11,49,7.831498148,134,256,26.76838209,13.60381191,7.738660014,7.927739717,485,16,3,5,24,466,13,6,6,25,509,491,207,49,110,24
23,1000,80,5.13,10.3,18,37,28,965,24,5,6,35,7.342936918,132,256,25.64951171,12.71370529,6.967296743,7.748253449,506,7,3,3,13,459,17,2,3,22,519,481,202,54,112,20
21,1000,80,5.13,10.3,18,37,32,954,25,11,10,46,8.028819828,142,250,28.18959557,14.0828217,7.933349524,8.132661224,495,12,7,7,26,459,13,4,3,20,521,479,208,42,124,18
20,1000,80,5.13,10.3,18,37,33,960,21,12,7,40,7.507904577,140,274,29.32156715,14.72376425,7.294603595,7.728142177,487,12,6,3,21,473,9,6,4,19,508,492,224,50,124,16
24,1000,80,5.13,10.3,18,37,6,956,20,5,19,44,7.193195686,94,207,20.15119257,8.967462077,6.196992174,8.298687348,510,6,2,8,16,446,14,3,11,28,526,474,104,103,67,27
19,1000,80,5.13,10.3,18,37,33,956,21,12,11,44,7.49239119,157,292,30.3166904,15.15261163,7.591053157,7.399476523,464,8,8,5,21,492,13,4,6,23,485,515,246,46,139,18
17,1000,80,5.13,10.3,18,37,37,961,16,11,12,39,7.699449908,175,307,33.53872206,16.81334934,8.070531732,7.340055701,466,12,9,5,26,495,4,2,7,13,492,508,262,45,156,19
18,1000,80,5.13,10.3,18,37,36,958,24,6,12,42,7.373806998,176,316,40.60250035,21.88933395,7.404476264,7.343865065,472,12,4,6,22,486,12,2,6,20,494,506,263,53,156,20
22,1000,80,5.13,10.3,18,37,29,954,28,8,10,46,7.815279106,140,254,27.48601993,13.97467191,7.798955443,7.832201192,485,15,4,5,24,469,13,4,5,22,509,491,191,63,122,18
21,1000,80,5.13,10.3,18,37,33,954,25,11,10,46,8.055580815,134,271,29.00490071,14.46706423,7.974565091,8.143700214,495,12,7,7,26,459,13,4,3,20,521,479,230,41,125,9
23,1000,80,5.13,10.3,18,37,29,966,24,5,5,34,7.315862953,133,257,26.18141939,13.02030854,6.994103858,7.663041686,506,7,3,3,13,460,17,2,2,21,519,481,201,56,115,18
20,1000,80,5.13,10.3,18,37,34,962,21,10,7,38,7.480113674,165,283,30.16441736,15.13270263,7.331846244,7.633202809,487,12,6,3,21,475,9,4,4,17,508,492,244,39,144,21
19,1000,80,5.13,10.3,18,37,34,956,21,12,11,44,7.511812956,165,301,31.16582658,15.59064913,7.613856129,7.415714046,464,8,8,5,21,492,13,4,6,23,485,515,258,43,144,21
17,1000,80,5.13,10.3,18,37,38,961,16,10,13,39,7.704702257,181,302,34.90124216,17.53116312,8.136190992,7.286803717,466,12,8,6,26,495,4,2,7,13,492,508,250,52,161,20
18,1000,80,5.13,10.3,18,37,37,958,23,8,11,42,7.408889984,189,296,42.8778461,23.05547578,7.510231683,7.309951645,472,11,5,6,22,486,12,3,5,20,494,506,257,39,175,14
24,1000,80,5.13,10.3,18,37,7,957,19,5,19,43,7.248904496,98,191,20.2743221,9.055955501,6.255608016,8.35117021,510,6,2,8,16,447,13,3,11,27,526,474,113,78,60,38
22,1000,80,5.13,10.3,18,37,30,955,29,6,10,45,7.794167821,153,247,28.51800905,14.52042852,7.828855019,7.758208994,486,15,3,5,23,469,14,3,5,22,509,491,198,49,129,24
23,1000,80,5.13,10.3,18,37,30,966,24,5,5,34,7.346917833,145,254,26.91863225,13.44158927,7.052970365,7.664087762,506,7,3,3,13,460,17,2,2,21,519,481,199,55,126,19
21,1000,80,5.13,10.3,18,37,34,955,23,12,10,45,8.038657218,129,279,29.92713017,14.96656517,8.024148715,8.054437866,494,12,8,7,27,461,11,4,3,18,521,479,229,50,113,16
20,1000,80,5.13,10.3,18,37,35,963,22,8,7,37,7.482261635,146,292,30.93961015,15.5563577,7.369903948,7.598273231,487,13,5,3,21,476,9,3,4,16,508,492,240,52,130,16
19,1000,80,5.13,10.3,18,37,35,956,22,11,11,44,7.500071092,172,270,31.87013661,15.9826108,7.636962275,7.371154154,464,8,8,5,21,492,14,3,6,23,485,515,230,40,155,17
17,1000,80,5.13,10.3,18,37,39,961,17,10,12,39,7.688056061,183,315,36.01243168,18.09404997,8.148305798,7.242302378,466,12,8,6,26,495,5,2,6,13,492,508,274,41,170,13
18,1000,80,5.13,10.3,18,37,38,957,24,8,11,43,7.449099628,188,315,44.65093694,23.95347208,7.604630657,7.297257081,471,12,5,6,23,486,12,3,5,20,494,506,275,40,169,19
24,1000,80,5.13,10.3,18,37,8,958,18,5,19,42,7.240387297,112,199,20.40780265,9.165907179,6.26786224,8.319602866,511,5,2,8,15,447,13,3,11,27,526,474,126,73,79,33
22,1000,80,5.13,10.3,18,37,31,955,29,5,11,45,7.815747288,155,293,29.56088154,15.14643506,7.880228939,7.748901748,486,15,3,5,23,469,14,2,6,22,509,491,236,57,131,24
23,1000,80,5.13,10.3,18,37,31,968,22,6,4,32,7.33853648,153,268,27.59031269,13.79064038,7.106414426,7.588996658,506,6,4,3,13,462,16,2,1,19,519,481,213,55,131,22
21,1000,80,5.13,10.3,18,37,35,953,25,12,10,47,8.07038364,156,295,30.95224718,15.4962941,8.097921699,8.04043097,494,12,8,7,27,459,13,4,3,20,521,479,243,52,137,19
20,1000,80,5.13,10.3,18,37,36,963,22,9,6,37,7.509558098,163,288,31.68149193,15.9903965,7.475215215,7.545017822,487,12,6,3,21,476,10,3,3,16,508,492,242,46,146,17
19,1000,80,5.13,10.3,18,37,36,956,22,12,10,44,7.52749872,169,310,32.65253523,16.36144028,7.692231376,7.37236214,464,8,8,5,21,492,14,4,5,23,485,515,264,46,144,25
17,1000,80,5.13,10.3,18,37,40,961,17,10,12,39,7.690737897,180,335,37.24488495,18.73595904,8.18486039,7.212178318,466,12,8,6,26,495,5,2,6,13,492,508,293,42,164,16
18,1000,80,5.13,10.3,18,37,39,958,23,8,11,42,7.426570535,210,326,46.15082738,24.68976426,7.604630657,7.252733183,471,12,5,6,23,487,11,3,5,19,494,506,286,40,190,20
24,1000,80,5.13,10.3,18,37,9,958,20,5,17,42,7.201198294,104,217,20.50691417,9.249146968,6.276420097,8.227428952,511,5,2,8,15,447,15,3,9,27,526,474,133,84,76,28
22,1000,80,5.13,10.3,18,37,32,954,29,6,11,46,7.858333274,141,294,30.58646473,15.73762769,7.951869454,7.761368069,485,15,4,5,24,469,14,2,6,22,509,491,237,57,115,26
23,1000,80,5.13,10.3,18,37,32,972,19,5,4,28,7.309754668,136,262,28.12595901,14.08026855,7.168662601,7.461993301,506,6,4,3,13,466,13,1,1,15,519,481,209,53,109,27
21,1000,80,5.13,10.3,18,37,36,952,26,12,10,48,8.091705272,161,309,32.12953285,16.13542013,8.177150634,7.998767832,493,13,8,7,28,459,13,4,3,20,521,479,253,56,143,18
20,1000,80,5.13,10.3,18,37,37,961,22,11,6,39,7.530631198,168,318,32.45545802,16.41421741,7.53502263,7.526096956,487,10,8,3,21,474,12,3,3,18,508,492,275,43,153,15
19,1000,80,5.13,10.3,18,37,37,958,20,12,10,42,7.521673514,170,313,33.88333647,17.00451178,7.708313556,7.345905708,464,8,8,5,21,494,12,4,5,21,485,515,266,47,149,21
17,1000,80,5.13,10.3,18,37,41,961,17,11,11,39,7.689380724,195,343,38.66066092,19.44225722,8.229061671,7.166697602,467,11,8,6,25,494,6,3,5,14,492,508,300,43,185,10
18,1000,80,5.13,10.3,18,37,40,956,25,8,11,44,7.418391593,185,301,47.83893986,25.6288486,7.61001578,7.231311853,471,12,5,6,23,485,13,3,5,21,494,506,260,41,168,17
22,1000,80,5.13,10.3,18,37,33,954,29,6,11,46,7.847777687,161,304,31.62459375,16.31257606,8.001180769,7.688750865,485,15,4,5,24,469,14,2,6,22,509,491,248,56,143,18
24,1000,80,5.13,10.3,18,37,10,959,18,6,17,41,7.210692408,91,206,20.59621257,9.323286758,6.297638637,8.223912415,511,5,2,8,15,448,13,4,9,26,526,474,118,88,67,24
23,1000,80,5.13,10.3,18,37,33,972,18,6,4,28,7.340143493,159,268,28.93925589,14.49919662,7.242352876,7.445659772,506,5,5,3,13,466,13,1,1,15,519,481,220,48,131,28
21,1000,80,5.13,10.3,18,37,37,952,27,12,9,48,8.095321975,161,263,32.87329674,16.57823381,8.192143713,7.990010649,493,14,8,6,28,459,13,4,3,20,521,479,224,39,139,22
20,1000,80,5.13,10.3,18,37,38,960,23,11,6,40,7.533020312,171,313,33.34501879,16.91247437,7.549419394,7.516087926,487,10,8,3,21,473,13,3,3,19,508,492,258,55,146,25
19,1000,80,5.13,10.3,18,37,38,962,16,12,10,38,7.452537369,186,323,34.77802993,17.46762983,7.685048208,7.23357085,465,7,8,5,20,497,9,4,5,18,485,515,272,51,169,17
17,1000,80,5.13,10.3,18,37,42,962,16,11,11,38,7.669541847,191,318,40.19639982,20.26520131,8.245056567,7.112153575,467,11,8,6,25,495,5,3,5,13,492,508,278,40,179,12
18,1000,80,5.13,10.3,18,37,41,956,25,8,11,44,7.40292011,209,332,49.8110022,26.56643265,7.626601707,7.184543215,471,12,5,6,23,485,13,3,5,21,494,506,283,49,194,15
22,1000,80,5.13,10.3,18,37,34,957,28,6,9,43,7.876203219,166,284,32.66936273,16.94695011,8.088326533,7.656303491,485,15,4,5,24,472,13,2,4,19,509,491,240,44,149,17
23,1000,80,5.13,10.3,18,37,34,973,17,6,4,27,7.346927869,130,288,29.71161901,14.95722752,7.273448324,7.426212451,506,5,5,3,13,467,12,1,1,14,519,481,235,53,118,12
21,1000,80,5.13,10.3,18,37,38,953,26,12,9,47,8.104731889,156,304,33.953832,17.11224568,8.237906244,7.95988045,494,13,8,6,27,459,13,4,3,20,521,479,252,52,138,18
20,1000,80,5.13,10.3,18,37,39,960,24,10,6,40,7.546910577,167,318,34.4744486,17.55944154,7.580628887,7.512095737,487,11,7,3,21,473,13,3,3,19,508,492,262,56,154,13
24,1000,80,5.13,10.3,18,37,11,959,18,6,17,41,7.25320832,95,209,20.72717875,9.402213034,6.342916667,8.263363191,511,5,2,8,15,448,13,4,9,26,526,474,129,80,68,27
19,1000,80,5.13,10.3,18,37,39,961,17,11,11,39,7.476613621,197,314,35.79132067,17.99276334,7.729469707,7.238487016,464,8,7,6,21,497,9,4,5,18,485,515,266,48,180,17
17,1000,80,5.13,10.3,18,37,43,963,15,11,11,37,7.68525221,200,342,42.0752784,21.31174455,8.242143353,7.145900944,468,11,7,6,24,495,4,4,5,13,492,508,307,35,177,23
18,1000,80,5.13,10.3,18,37,42,956,25,8,11,44,7.40927694,206,341,52.05610606,27.73152947,7.643572389,7.180537906,471,12,5,6,23,485,13,3,5,21,494,506,297,44,188,18
23,1000,80,5.13,10.3,18,37,35,973,17,6,4,27,7.347244048,135,283,30.77868447,15.5449886,7.298644617,7.399682935,506,5,5,3,13,467,12,1,1,14,519,481,229,54,125,10
22,1000,80,5.13,10.3,18,37,35,959,26,6,9,41,7.837146904,167,314,33.89293148,17.59710063,8.089022602,7.576037473,485,15,4,5,24,474,11,2,4,17,509,491,263,51,152,15
21,1000,80,5.13,10.3,18,37,39,954,25,12,9,46,8.098991101,158,296,35.6796959,17.94359102,8.269162704,7.913898397,494,13,8,6,27,460,12,4,3,19,521,479,248,48,145,13
20,1000,80,5.13,10.3,18,37,40,960,24,10,6,40,7.554876821,166,303,35.33922595,18.06751217,7.636874914,7.470212122,487,11,7,3,21,473,13,3,3,19,508,492,257,46,154,12
19,1000,80,5.13,10.3,18,37,40,963,16,11,10,37,7.463693216,198,310,36.93276406,18.58528726,7.77927823,7.166491795,464,8,7,6,21,499,8,4,4,16,485,515,276,34,180,18
17,1000,80,5.13,10.3,18,37,44,964,15,10,11,36,7.661180921,192,328,44.03340828,22.3780634,8.249371367,7.091516158,469,10,7,6,23,495,5,3,5,13,492,508,292,36,180,12
24,1000,80,5.13,10.3,18,37,12,959,20,5,16,41,7.281793587,107,198,20.86409855,9.48824938,6.384792975,8.27719933,511,7,1,7,15,448,13,4,9,26,526,474,125,73,82,25
18,1000,80,5.13,10.3,18,37,43,956,24,9,11,44,7.427442951,198,346,54.26734655,28.79204071,7.711549349,7.150074254,471,11,6,6,23,485,13,3,5,21,494,506,310,36,187,11
23,1000,80,5.13,10.3,18,37,36,974,16,6,4,26,7.340434927,144,280,31.96821152,16.21031313,7.292883085,7.391743463,506,5,5,3,13,468,11,1,1,13,519,481,219,61,128,16
21,1000,80,5.13,10.3,18,37,40,954,25,12,9,46,8.081690625,161,326,37.02744572,18.6296596,8.297340909,7.847131548,494,13,8,6,27,460,12,4,3,19,521,479,273,53,142,19
22,1000,80,5.13,10.3,18,37,36,959,25,7,9,41,7.827160999,167,303,35.23840028,18.35566457,8.112214961,7.531656993,485,15,4,5,24,474,10,3,4,17,509,491,251,52,149,18
20,1000,80,5.13,10.3,18,37,41,961,23,10,6,39,7.588952787,169,318,36.23411549,18.59037808,7.701414235,7.472834057,487,11,7,3,21,474,12,3,3,18,508,492,268,50,153,16
19,1000,80,5.13,10.3,18,37,41,962,17,11,10,38,7.465310162,189,325,38.50640119,19.47447976,7.828004108,7.123744018,463,9,7,6,22,499,8,4,4,16,485,515,283,42,167,22
17,1000,80,5.13,10.3,18,37,45,964,15,10,11,36,7.663033551,200,359,46.38522081,23.68842222,8.296783497,7.049244232,469,10,7,6,23,495,5,3,5,13,492,508,312,47,189,11
18,1000,80,5.13,10.3,18,37,44,956,24,9,11,44,7.399732798,217,354,57.14799323,30.32601813,7.76483092,7.043293129,470,12,6,6,24,486,12,3,5,20,494,506,312,42,203,14
24,1000,80,5.13,10.3,18,37,13,959,20,5,16,41,7.296131084,120,199,20.93706687,9.562233977,6.401515149,8.288890539,511,7,1,7,15,448,13,4,9,26,526,474,124,75,94,26
23,1000,80,5.13,10.3,18,37,37,975,16,5,4,25,7.311552644,154,295,33.19534256,16.84805292,7.325870001,7.296104185,506,5,5,3,13,469,11,0,1,12,519,481,252,43,145,9
21,1000,80,5.13,10.3,18,37,41,954,26,11,9,46,8.065543296,168,304,38.48827187,19.38171628,8.327710397,7.780388683,493,14,8,6,28,461,12,3,3,18,521,479,256,48,151,17
22,1000,80,5.13,10.3,18,37,37,959,25,7,9,41,7.859654533,170,300,36.98616751,19.29933267,8.186573562,7.520750693,485,15,4,5,24,474,10,3,4,17,509,491,247,53,150,20
20,1000,80,5.13,10.3,18,37,42,962,22,10,6,38,7.622472263,165,329,37.26571894,19.26075781,7.773958202,7.466059954,487,11,7,3,21,475,11,3,3,17,508,492,277,52,152,13
17,1000,80,5.13,10.3,18,37,46,964,16,10,10,36,7.621050215,220,334,48.4360198,24.89802535,8.314378259,6.949559276,469,10,7,6,23,495,6,3,4,13,492,508,303,31,198,22
19,1000,80,5.13,10.3,18,37,42,961,18,11,10,39,7.47213743,206,340,40.09612202,20.33246799,7.868721145,7.098655678,462,10,7,6,23,499,8,4,4,16,485,515,300,40,182,24
18,1000,80,5.13,10.3,18,37,45,956,24,9,11,44,7.393260035,229,334,59.26019657,31.52674236,7.800199171,6.99597163,470,12,6,6,24,486,12,3,5,20,494,506,294,40,206,23
24,1000,80,5.13,10.3,18,37,14,959,19,6,16,41,7.35749278,86,210,21.03652463,9.688235563,6.484318858,8.326457933,511,7,1,7,15,448,12,5,9,26,526,474,137,73,67,19
23,1000,80,5.13,10.3,18,37,38,976,15,5,4,24,7.306224213,156,284,34.3786571,17.46838033,7.367211941,7.240418327,506,5,5,3,13,470,10,0,1,11,519,481,237,47,137,19
21,1000,80,5.13,10.3,18,37,42,953,27,11,9,47,8.062951307,170,301,40.42180877,20.39844297,8.364681566,7.734764533,492,15,8,6,29,461,12,3,3,18,521,479,251,50,153,17
20,1000,80,5.13,10.3,18,37,43,962,21,11,6,38,7.600317885,172,340,38.65863242,20.06432985,7.823467115,7.36991177,487,11,7,3,21,475,10,4,3,17,508,492,294,46,159,13
22,1000,80,5.13,10.3,18,37,38,960,25,7,8,40,7.83756222,182,321,38.75760903,20.23380978,8.224351422,7.436593374,485,14,5,5,24,475,11,2,3,16,509,491,262,59,167,15
17,1000,80,5.13,10.3,18,37,47,965,16,9,10,35,7.644383386,232,365,50.76352019,26.07433785,8.362868092,6.948528119,469,10,7,6,23,496,6,2,4,12,492,508,318,47,209,23
19,1000,80,5.13,10.3,18,37,43,959,19,13,9,41,7.468736009,198,342,41.56947001,21.13351635,7.883857752,7.077796115,462,11,7,5,23,497,8,6,4,18,485,515,294,48,179,19
18,1000,80,5.13,10.3,18,37,46,954,27,9,10,46,7.389489495,209,372,60.88671298,32.47976782,7.865920949,6.924356811,468,15,6,5,26,486,12,3,5,20,494,506,330,42,192,17
24,1000,80,5.13,10.3,18,37,15,960,19,5,16,40,7.39191968,102,222,21.20979929,9.820322047,6.530365635,8.347990202,511,7,1,7,15,449,12,4,9,25,526,474,141,81,82,20
23,1000,80,5.13,10.3,18,37,39,975,16,5,4,25,7.322167354,172,299,35.4943727,18.04980887,7.428497371,7.207437044,505,6,5,3,14,470,10,0,1,11,519,481,249,50,154,18
21,1000,80,5.13,10.3,18,37,43,955,27,8,10,45,8.116395545,174,327,41.90754523,21.15432034,8.445969674,7.757923475,493,15,6,7,28,462,12,2,3,17,521,479,282,45,154,20
17,1000,80,5.13,10.3,18,37,48,965,16,9,10,35,7.682583821,217,372,52.80560709,27.14094014,8.457629423,6.931949104,469,10,7,6,23,496,6,2,4,12,492,508,343,29,202,15
20,1000,80,5.13,10.3,18,37,44,962,21,11,6,38,7.637309124,173,337,39.95310157,20.74029418,7.853410599,7.414179959,487,11,7,3,21,475,10,4,3,17,508,492,296,41,160,13
22,1000,80,5.13,10.3,18,37,39,960,25,7,8,40,7.833720981,191,320,40.59652133,21.21896241,8.265560441,7.386050339,485,14,5,5,24,475,11,2,3,16,509,491,275,45,172,19
19,1000,80,5.13,10.3,18,37,44,960,19,13,8,40,7.46763484,188,339,43.07054174,21.93524753,7.911766691,7.049374747,463,11,7,4,22,497,8,6,4,18,485,515,307,32,173,15
18,1000,80,5.13,10.3,18,37,47,955,26,9,10,45,7.370839594,215,353,63.50111109,34.04512108,7.853040585,6.900074199,469,14,6,5,25,486,12,3,5,20,494,506,324,29,196,19
23,1000,80,5.13,10.3,18,37,40,974,16,6,4,26,7.351344151,170,306,36.81924352,18.74724565,7.497081086,7.194093696,504,6,6,3,15,470,10,0,1,11,519,481,261,45,146,24
24,1000,80,5.13,10.3,18,37,16,961,19,5,15,39,7.379272055,121,219,21.4736728,10.00171448,6.533179746,8.318184618,512,7,1,6,14,449,12,4,9,25,526,474,137,82,91,30
21,1000,80,5.13,10.3,18,37,44,956,26,8,10,44,8.115513983,183,319,43.46300177,21.92294402,8.521564493,7.673859879,492,16,6,7,29,464,10,2,3,15,521,479,281,38,160,23
17,1000,80,5.13,10.3,18,37,49,966,16,8,10,34,7.659146042,227,361,55.17853599,28.4644476,8.485891736,6.858439583,468,11,7,6,24,498,5,1,4,10,492,508,328,33,214,13
20,1000,80,5.13,10.3,18,37,45,964,20,10,6,36,7.595583528,192,334,41.09604078,21.3558304,7.861772634,7.320737867,487,11,7,3,21,477,9,3,3,15,508,492,300,34,175,17
22,1000,80,5.13,10.3,18,37,40,958,27,7,8,42,7.826111275,185,321,42.2207314,22.11811867,8.306361505,7.328255129,483,16,5,5,26,475,11,2,3,16,509,491,270,51,168,17
19,1000,80,5.13,10.3,18,37,45,960,19,12,9,40,7.473225395,205,354,44.82843236,22.77908843,7.941704235,7.032036585,464,10,6,5,21,496,9,6,4,19,485,515,312,42,190,15
18,1000,80,5.13,10.3,18,37,48,955,26,8,11,45,7.377585329,221,384,66.16121237,35.53945797,7.875326061,6.891648725,469,14,5,6,25,486,12,3,5,20,494,506,337,47,211,10
23,1000,80,5.13,10.3,18,37,41,974,16,6,4,26,7.366307804,169,296,38.25440397,19.52163159,7.534505808,7.184821807,504,6,6,3,15,470,10,0,1,11,519,481,249,47,154,15
21,1000,80,5.13,10.3,18,37,45,957,26,8,9,43,8.142773028,192,304,44.87921596,22.66284477,8.598901453,7.646650044,492,16,6,7,29,465,10,2,2,14,521,479,263,41,170,22
17,1000,80,5.13,10.3,18,37,50,966,16,8,10,34,7.697353703,232,374,57.42178577,29.62992725,8.523413231,6.897311798,468,11,7,6,24,498,5,1,4,10,492,508,347,27,224,8
20,1000,80,5.13,10.3,18,37,46,965,19,10,6,35,7.57062073,182,334,42.57719889,22.18741715,7.889378395,7.241496961,487,11,7,3,21,478,8,3,3,14,508,492,296,38,174,8
24,1000,80,5.13,10.3,18,37,17,964,16,5,15,36,7.354887387,98,237,21.71544818,10.16704694,6.565163971,8.231247127,511,8,1,6,15,453,8,4,9,21,526,474,159,78,80,18
22,1000,80,5.13,10.3,18,37,41,959,27,6,8,41,7.820453371,182,310,44.27060475,23.31451833,8.343067482,7.27868029,483,16,5,5,26,476,11,1,3,15,509,491,276,34,170,12
19,1000,80,5.13,10.3,18,37,46,960,19,12,9,40,7.486595789,197,375,47.11166288,23.89153084,8.024066135,6.980434395,464,10,6,5,21,496,9,6,4,19,485,515,328,47,190,7
18,1000,80,5.13,10.3,18,37,49,956,26,8,10,44,7.375120817,229,375,68.81895146,36.84443918,7.925012352,6.838270187,469,14,5,6,25,487,12,3,4,19,494,506,335,40,214,15
23,1000,80,5.13,10.3,18,37,42,974,16,6,4,26,7.410022185,180,322,40.07456326,20.42919454,7.595686032,7.209690508,504,6,6,3,15,470,10,0,1,11,519,481,277,45,163,17
20,1000,80,5.13,10.3,18,37,47,965,19,10,6,35,7.599286773,189,352,44.37682892,23.11426879,7.917199469,7.271035453,487,11,7,3,21,478,8,3,3,14,508,492,300,52,175,14
17,1000,80,5.13,10.3,18,37,51,965,17,8,10,35,7.65007962,245,388,60.2038592,31.14994397,8.52397622,6.803707323,468,11,7,6,24,497,6,1,4,11,492,508,353,35,227,18
21,1000,80,5.13,10.3,18,37,46,956,27,8,9,44,8.164390331,184,321,46.46929632,23.38103289,8.603531098,7.686744527,492,16,6,7,29,464,11,2,2,15,521,479,282,39,168,16
22,1000,80,5.13,10.3,18,37,42,959,27,6,8,41,7.816916939,192,322,46.89020781,24.66696047,8.400465376,7.211975687,483,16,5,5,26,476,11,1,3,15,509,491,283,39,175,17
24,1000,80,5.13,10.3,18,37,18,964,16,5,15,36,7.369013077,110,220,21.96946853,10.31035519,6.593704303,8.229376823,511,8,1,6,15,453,8,4,9,21,526,474,150,70,84,26
19,1000,80,5.13,10.3,18,37,47,959,20,12,9,41,7.483041755,218,394,49.30976768,24.93853587,8.06870361,6.931496125,463,11,6,5,22,496,9,6,4,19,485,515,345,49,209,9
18,1000,80,5.13,10.3,18,37,50,957,25,8,10,43,7.37031496,235,378,72.17994708,38.44051806,7.963745681,6.790957694,469,14,5,6,25,488,11,3,4,18,494,506,337,41,221,14
23,1000,80,5.13,10.3,18,37,43,973,17,6,4,27,7.420083654,182,304,41.43839398,21.15006762,7.633028125,7.190316126,503,7,6,3,16,470,10,0,1,11,519,481,275,29,165,17
17,1000,80,5.13,10.3,18,37,52,965,17,8,10,35,7.620880648,253,384,62.71452931,32.43981983,8.565268676,6.706237125,468,11,7,6,24,497,6,1,4,11,492,508,347,37,238,15
20,1000,80,5.13,10.3,18,37,48,964,20,10,6,36,7.601209372,195,355,46.1076446,24.03714184,7.972626918,7.217713208,487,11,7,3,21,477,9,3,3,15,508,492,313,42,181,14
21,1000,80,5.13,10.3,18,37,47,957,26,8,9,43,8.170585852,199,328,48.62588373,24.37162326,8.637449562,7.662786284,492,16,6,7,29,465,10,2,2,14,521,479,298,30,183,16
22,1000,80,5.13,10.3,18,37,43,959,27,6,8,41,7.824280359,209,317,50.00627746,26.39971839,8.420180353,7.206534744,483,16,5,5,26,476,11,1,3,15,509,491,277,40,190,19
19,1000,80,5.13,10.3,18,37,48,959,20,12,9,41,7.51025423,233,359,52.20338985,26.45304475,8.143591828,6.913810084,463,11,6,5,22,496,9,6,4,19,485,515,326,33,223,10
18,1000,80,5.13,10.3,18,37,51,955,27,8,10,45,7.409217174,233,407,75.72403833,40.13055629,8.027051374,6.806035169,469,14,5,6,25,486,13,3,4,20,494,506,361,46,218,15
24,1000,80,5.13,10.3,18,37,19,965,16,5,14,35,7.37282189,110,218,22.25909923,10.50572402,6.679216722,8.142518765,511,8,1,6,15,454,8,4,8,20,526,474,153,65,88,22
23,1000,80,5.13,10.3,18,37,44,974,16,6,4,26,7.432825781,182,321,43.31938831,22.08512596,7.712429986,7.131132262,503,7,6,3,16,471,9,0,1,10,519,481,265,56,167,15
17,1000,80,5.13,10.3,18,37,53,965,17,8,10,35,7.614728597,258,393,66.33261935,34.37516044,8.596531426,6.663848693,468,11,7,6,24,497,6,1,4,11,492,508,353,40,240,18
20,1000,80,5.13,10.3,18,37,49,966,19,9,6,34,7.56027865,200,372,47.97152596,24.97412818,8.000124699,7.106128665,487,11,7,3,21,479,8,2,3,13,508,492,328,44,184,16
21,1000,80,5.13,10.3,18,37,48,956,27,8,9,44,8.141849838,202,332,51.085978,25.55795034,8.655474746,7.583188925,492,16,6,7,29,464,11,2,2,15,521,479,290,42,190,12
22,1000,80,5.13,10.3,18,37,44,960,25,7,8,40,7.834766518,200,331,52.11616543,27.5865643,8.488174544,7.157404633,482,16,6,5,27,478,9,1,3,13,509,491,288,43,183,17
19,1000,80,5.13,10.3,18,37,49,958,21,12,9,42,7.524851777,258,392,54.97595454,27.8218477,8.171537181,6.915837367,463,11,6,5,22,495,10,6,4,20,485,515,347,45,245,13
18,1000,80,5.13,10.3,18,37,52,955,27,8,10,45,7.385217785,252,394,79.38516207,41.8519596,8.042748267,6.743280912,469,14,5,6,25,486,13,3,4,20,494,506,368,26,244,8
24,1000,80,5.13,10.3,18,37,20,965,17,5,13,35,7.370328765,120,235,22.64921295,10.73490196,6.694375951,8.12043674,511,8,1,6,15,454,9,4,7,20,526,474,163,72,94,26
23,1000,80,5.13,10.3,18,37,45,974,16,6,4,26,7.431952858,192,333,44.97981357,22.99368615,7.751259946,7.087419848,503,7,6,3,16,471,9,0,1,10,519,481,291,42,171,21
17,1000,80,5.13,10.3,18,37,54,965,17,9,9,35,7.61151696,239,408,69.53054156,36.19672696,8.662975111,6.5931756,468,11,7,6,24,497,6,2,3,11,492,508,380,28,229,10
20,1000,80,5.13,10.3,18,37,50,967,18,9,6,33,7.55690038,227,368,50.20409725,26.10819414,8.087683401,7.008856123,487,11,7,3,21,480,7,2,3,12,508,492,329,39,211,16
21,1000,80,5.13,10.3,18,37,49,957,24,10,9,43,8.126204373,185,328,52.95231096,26.49011308,8.68822682,7.514902295,492,15,7,7,29,465,9,3,2,14,521,479,292,36,172,13
19,1000,80,5.13,10.3,18,37,50,959,21,10,10,41,7.495559735,252,380,57.83234187,29.32279396,8.191577162,6.840087012,463,11,6,5,22,496,10,4,5,19,485,515,343,37,241,11
22,1000,80,5.13,10.3,18,37,45,960,25,7,8,40,7.845695499,181,357,54.69015217,28.96217348,8.496799513,7.170722091,482,16,6,5,27,478,9,1,3,13,509,491,309,48,169,12
18,1000,80,5.13,10.3,18,37,53,957,25,8,10,43,7.372380865,252,405,83.79800751,44.02893107,8.091366043,6.670446719,469,14,5,6,25,488,11,3,4,18,494,506,366,39,235,17
24,1000,80,5.13,10.3,18,37,21,964,18,5,13,36,7.421781174,124,236,23.03537551,10.98110163,6.781697499,8.132085,510,9,1,6,16,454,9,4,7,20,526,474,158,78,100,24
23,1000,80,5.13,10.3,18,37,46,974,16,6,4,26,7.45398197,188,330,46.46688559,23.80492056,7.776518466,7.105964419,503,7,6,3,16,471,9,0,1,10,519,481,284,46,168,20
17,1000,80,5.13,10.3,18,37,55,963,18,10,9,37,7.637558237,272,399,74.31124566,38.81473374,8.704954892,6.603780375,468,11,7,6,24,495,7,3,3,13,492,508,367,32,259,13
20,1000,80,5.13,10.3,18,37,51,969,16,9,6,31,7.527209116,219,361,52.10960465,27.0772755,8.148047187,6.886181188,487,11,7,3,21,482,5,2,3,10,508,492,320,41,206,13
21,1000,80,5.13,10.3,18,37,50,954,27,10,9,46,8.157841158,199,352,55.07441361,27.61950408,8.751540017,7.512085198,490,17,7,7,31,464,10,3,2,15,521,479,314,38,175,24
19,1000,80,5.13,10.3,18,37,51,959,21,10,10,41,7.48008196,252,396,61.33847935,31.1523332,8.239378002,6.765016756,463,11,6,5,22,496,10,4,5,19,485,515,362,34,242,10
22,1000,80,5.13,10.3,18,37,46,958,27,7,8,42,7.895284366,206,346,57.11449627,30.24528645,8.613036046,7.151219997,480,18,6,5,29,478,9,1,3,13,509,491,319,27,191,15
18,1000,80,5.13,10.3,18,37,54,957,24,9,10,43,7.367074809,270,387,87.0009949,45.69775081,8.132589384,6.61971473,469,14,5,6,25,488,10,4,4,18,494,506,357,30,256,14
23,1000,80,5.13,10.3,18,37,47,974,16,6,4,26,7.452343487,181,319,48.59609568,24.96647114,7.792161653,7.085678981,503,7,6,3,16,471,9,0,1,10,519,481,271,48,173,8
17,1000,80,5.13,10.3,18,37,56,964,17,10,9,36,7.625157133,249,410,79.2079424,41.5154957,8.726225349,6.55876823,468,11,7,6,24,496,6,3,3,12,492,508,377,33,237,12
24,1000,80,5.13,10.3,18,37,22,962,20,5,13,38,7.443134098,115,250,23.39664469,11.20250181,6.844063172,8.107925884,508,11,1,6,18,454,9,4,7,20,526,474,181,69,94,21
20,1000,80,5.13,10.3,18,37,52,970,15,8,7,30,7.519354962,238,359,54.15508551,28.15170142,8.197676907,6.818973767,487,11,6,4,21,483,4,2,3,9,508,492,322,37,225,13
21,1000,80,5.13,10.3,18,37,51,954,27,10,9,46,8.142567449,200,347,57.54339069,28.71472281,8.795148135,7.432766744,490,17,7,7,31,464,10,3,2,15,521,479,308,39,182,18
19,1000,80,5.13,10.3,18,37,52,960,21,9,10,40,7.496542193,265,398,65.1732522,33.08187992,8.333805974,6.70805106,463,11,6,5,22,497,10,3,5,18,485,515,355,43,255,10
22,1000,80,5.13,10.3,18,37,47,957,27,8,8,43,7.897105454,205,369,60.28566925,31.88214267,8.655534978,7.110871997,480,18,6,5,29,477,9,2,3,14,509,491,320,49,196,9
18,1000,80,5.13,10.3,18,37,55,957,24,9,10,43,7.368918653,269,402,92.46896008,48.43679762,8.181519393,6.575589076,469,14,5,6,25,488,10,4,4,18,494,506,368,34,259,10
17,1000,80,5.13,10.3,18,37,57,963,17,10,10,37,7.648170909,274,403,84.14014695,44.22175011,8.82225699,6.511063916,468,10,7,7,24,495,7,3,3,13,492,508,374,29,265,9
23,1000,80,5.13,10.3,18,37,48,974,16,6,4,26,7.439361824,196,339,51.16493726,26.30294057,7.831912123,7.015799235,502,8,6,3,17,472,8,0,1,9,519,481,304,35,185,11
20,1000,80,5.13,10.3,18,37,53,970,15,8,7,30,7.48623272,236,359,56.48279041,29.5975113,8.22198898,6.726549428,487,11,6,4,21,483,4,2,3,9,508,492,327,32,226,10
21,1000,80,5.13,10.3,18,37,52,954,27,10,9,46,8.142565391,223,370,60.28471332,30.08693131,8.832861716,7.391742039,490,17,7,7,31,464,10,3,2,15,521,479,333,37,206,17
24,1000,80,5.13,10.3,18,37,23,963,20,5,12,37,7.439434702,119,246,23.80236501,11.46355379,6.912364942,8.02432646,508,11,1,6,18,455,9,4,6,19,526,474,181,65,94,25
19,1000,80,5.13,10.3,18,37,53,960,21,9,10,40,7.508996169,274,384,69.5635059,35.30605721,8.392019764,6.677410842,463,11,6,5,22,497,10,3,5,18,485,515,352,32,263,11
22,1000,80,5.13,10.3,18,37,48,958,26,8,8,42,7.905591182,228,365,63.40757536,33.50130429,8.690506488,7.091900976,480,18,6,5,29,478,8,2,3,13,509,491,316,49,217,11
18,1000,80,5.13,10.3,18,37,56,957,24,9,10,43,7.348168461,283,401,97.9675788,51.20461879,8.221664317,6.495387921,469,14,5,6,25,488,10,4,4,18,494,506,371,30,268,15
17,1000,80,5.13,10.3,18,37,58,964,17,9,10,36,7.626101515,272,407,90.75000931,47.86137341,8.832596814,6.457606067,468,10,7,7,24,496,7,2,3,12,492,508,376,31,258,14
23,1000,80,5.13,10.3,18,37,49,973,17,6,4,27,7.468527193,201,333,53.18616288,27.27994672,7.89915238,7.00388172,501,9,6,3,18,472,8,0,1,9,519,481,299,34,187,14
20,1000,80,5.13,10.3,18,37,54,970,15,8,7,30,7.48057021,216,401,58.74218628,30.8342744,8.266425645,6.669158501,487,11,6,4,21,483,4,2,3,9,508,492,357,44,206,10
21,1000,80,5.13,10.3,18,37,53,953,28,10,9,47,8.205479594,213,358,63.31447849,31.60379089,8.954482351,7.390802274,490,17,7,7,31,463,11,3,2,16,521,479,313,45,197,16
19,1000,80,5.13,10.3,18,37,54,962,21,9,8,38,7.461895412,262,399,73.11175538,37.20627931,8.373247197,6.603632081,463,12,6,4,22,499,9,3,4,16,485,515,366,33,247,15
24,1000,80,5.13,10.3,18,37,24,963,20,5,12,37,7.4465384,123,225,24.24255849,11.74174802,6.940643501,8.007932318,508,11,1,6,18,455,9,4,6,19,526,474,169,56,98,25
22,1000,80,5.13,10.3,18,37,49,959,24,9,8,41,7.942291476,237,367,66.25358585,35.03678894,8.7562396,7.098504113,480,17,7,5,29,479,7,2,3,12,509,491,334,33,219,18
18,1000,80,5.13,10.3,18,37,57,958,23,9,10,42,7.331939683,280,406,103.8718889,54.24174916,8.295430095,6.391298845,469,14,5,6,25,489,9,4,4,17,494,506,383,23,268,12
17,1000,80,5.13,10.3,18,37,59,964,18,8,10,36,7.610133398,299,416,97.43014077,51.43257604,8.842319829,6.416755988,469,10,6,7,23,495,8,2,3,13,492,508,392,24,288,11
23,1000,80,5.13,10.3,18,37,50,973,17,6,4,27,7.431776214,233,343,55.18321939,28.35558327,7.929645693,6.894574012,501,9,6,3,18,472,8,0,1,9,519,481,316,27,219,14
20,1000,80,5.13,10.3,18,37,55,969,16,7,8,31,7.462235641,255,390,61.29670096,32.30683834,8.274712564,6.623336705,487,11,6,4,21,482,5,1,4,10,508,492,358,32,237,18
21,1000,80,5.13,10.3,18,37,54,953,27,11,9,47,8.211254312,227,364,66.27156288,32.97587021,9.029105533,7.321691711,490,16,8,7,31,463,11,3,2,16,521,479,322,42,212,15
19,1000,80,5.13,10.3,18,37,55,960,24,9,7,40,7.479885837,282,413,78.19814399,39.87804939,8.450751431,6.565575522,462,13,6,4,23,498,11,3,3,17,485,515,368,45,266,16
24,1000,80,5.13,10.3,18,37,25,964,20,5,11,36,7.429015446,132,236,24.62036788,11.9587993,6.96768125,7.940960145,508,11,1,6,18,456,9,4,5,18,526,474,170,66,110,22
22,1000,80,5.13,10.3,18,37,50,957,26,9,8,43,7.962621078,224,352,70.08234815,37.11002381,8.826055385,7.067533376,478,19,7,5,31,479,7,2,3,12,509,491,321,31,210,14
18,1000,80,5.13,10.3,18,37,58,960,23,9,8,40,7.312375103,288,426,110.4168475,57.71912001,8.312235873,6.336226447,469,14,5,6,25,491,9,4,2,15,494,506,388,38,273,15
17,1000,80,5.13,10.3,18,37,60,964,18,8,10,36,7.615614711,280,424,104.2028033,55.15729671,8.906019563,6.365852531,468,11,6,7,24,496,7,2,3,12,492,508,394,30,276,4
23,1000,80,5.13,10.3,18,37,51,973,17,6,4,27,7.459241332,217,357,57.85418498,29.6412599,8.001508633,6.874133787,501,9,6,3,18,472,8,0,1,9,519,481,320,37,201,16
20,1000,80,5.13,10.3,18,37,56,970,15,7,8,30,7.458809735,227,381,64.03354344,33.98369327,8.307989426,6.582014444,487,11,6,4,21,483,4,1,4,9,508,492,350,31,217,10
21,1000,80,5.13,10.3,18,37,55,954,26,11,9,46,8.19144779,222,352,69.58387486,34.68189272,9.021345726,7.288782185,491,15,8,7,30,463,11,3,2,16,521,479,330,22,213,9
19,1000,80,5.13,10.3,18,37,56,960,24,10,6,40,7.467300599,287,416,83.46189887,42.4534077,8.469077492,6.523879643,461,13,7,4,24,499,11,3,2,16,485,515,385,31,267,20
18,1000,80,5.13,10.3,18,37,59,959,23,10,8,41,7.294166414,293,430,117.6019948,61.37910888,8.307994105,6.304382068,469,14,5,6,25,490,9,5,2,16,494,506,399,31,281,12
22,1000,80,5.13,10.3,18,37,51,956,27,9,8,44,7.993169875,227,372,72.20145869,38.29009842,8.863888382,7.090530934,478,19,7,5,31,478,8,2,3,13,509,491,336,36,212,15
24,1000,80,5.13,10.3,18,37,26,964,20,5,11,36,7.438783955,130,240,25.1720579,12.26777927,7.016488703,7.907406955,508,11,1,6,18,456,9,4,5,18,526,474,181,59,112,18
17,1000,80,5.13,10.3,18,37,61,963,19,8,10,37,7.614249594,280,408,110.8316405,58.65350228,8.967822659,6.303308751,467,12,6,7,25,496,7,2,3,12,492,508,388,20,267,13
23,1000,80,5.13,10.3,18,37,52,974,16,6,4,26,7.449466544,230,352,61.01831874,31.11528738,8.038010457,6.814426439,500,10,6,3,19,474,6,0,1,7,519,481,313,39,216,14
20,1000,80,5.13,10.3,18,37,57,969,15,8,8,31,7.496210767,245,382,66.90949483,35.9499929,8.382824109,6.580764471,487,11,6,4,21,482,4,2,4,10,508,492,353,29,228,17
21,1000,80,5.13,10.3,18,37,56,955,26,10,9,45,8.191838761,227,365,73.10817988,36.37284363,9.046294473,7.262462088,491,15,8,7,30,464,11,2,2,15,521,479,329,36,219,8
19,1000,80,5.13,10.3,18,37,57,961,23,10,6,39,7.470896601,283,400,89.48061728,45.54199322,8.486846462,6.514128287,462,12,7,4,23,499,11,3,2,16,485,515,376,24,266,17
18,1000,80,5.13,10.3,18,37,60,960,22,10,8,40,7.26406997,287,411,124.5871101,64.79152827,8.358852541,6.195250623,468,15,5,6,26,492,7,5,2,14,494,506,379,32,277,10
22,1000,80,5.13,10.3,18,37,52,956,28,9,7,44,7.936622714,237,373,75.04337332,39.78100335,8.873042499,6.965873894,478,19,7,5,31,478,9,2,2,13,509,491,337,36,219,18
24,1000,80,5.13,10.3,18,37,27,964,20,5,11,36,7.478343796,129,240,25.81688107,12.64736329,7.045076792,7.9591422,509,10,1,6,17,455,10,4,5,19,526,474,198,42,109,20
17,1000,80,5.13,10.3,18,37,62,962,20,8,10,38,7.625641003,289,441,115.7985105,61.49017354,9.017761363,6.277366954,467,12,6,7,25,495,8,2,3,13,492,508,413,28,278,11
23,1000,80,5.13,10.3,18,37,53,975,15,6,4,25,7.436934018,232,372,64.03575309,32.60101948,8.082843126,6.739996747,500,10,6,3,19,475,5,0,1,6,519,481,330,42,217,15
20,1000,80,5.13,10.3,18,37,58,969,15,8,8,31,7.462286824,248,420,69.45823176,37.44733324,8.401714009,6.492309162,487,11,6,4,21,482,4,2,4,10,508,492,386,34,239,9
19,1000,80,5.13,10.3,18,37,58,962,21,11,6,38,7.413634674,288,402,94.61918896,47.9504976,8.502491724,6.388206191,462,12,7,4,23,500,9,4,2,15,485,515,381,21,278,10
21,1000,80,5.13,10.3,18,37,57,953,27,11,9,47,8.197317031,242,387,76.85907714,38.2579919,9.061381173,7.257489435,491,15,8,7,30,462,12,3,2,17,521,479,351,36,228,14
18,1000,80,5.13,10.3,18,37,61,962,21,10,7,38,7.226122059,278,427,131.8413368,68.69792894,8.372886275,6.106553832,469,14,5,6,25,493,7,5,1,13,494,506,397,30,268,10
22,1000,80,5.13,10.3,18,37,53,958,25,10,7,42,7.908571251,276,376,78.81179847,41.7628752,8.911911596,6.868448572,478,18,8,5,31,480,7,2,2,11,509,491,339,37,256,20
17,1000,80,5.13,10.3,18,37,63,962,20,9,9,38,7.588624071,299,427,122.3689387,65.31768279,9.042584077,6.180458081,467,11,7,7,25,495,9,2,2,13,492,508,402,25,289,10
20,1000,80,5.13,10.3,18,37,59,968,16,7,9,32,7.440879262,267,415,72.95551025,39.62649097,8.455965609,6.392781977,486,12,5,5,22,482,4,2,4,10,508,492,379,36,252,15
23,1000,80,5.13,10.3,18,37,54,975,14,7,4,25,7.45748559,243,362,67.49335201,34.22666251,8.127767776,6.734249719,500,10,6,3,19,475,4,1,1,6,519,481,323,39,226,17
24,1000,80,5.13,10.3,18,37,28,964,20,5,11,36,7.506123399,139,241,26.47738602,13.02534416,7.094446439,7.962963232,508,11,1,6,18,456,9,4,5,18,526,474,186,55,121,18
19,1000,80,5.13,10.3,18,37,59,961,22,11,6,39,7.390610088,296,441,99.85542626,50.6212854,8.520368712,6.326662645,462,12,7,4,23,499,10,4,2,16,485,515,409,32,283,13
21,1000,80,5.13,10.3,18,37,58,954,27,11,8,46,8.182432068,248,379,80.78850935,40.21716732,9.142828336,7.137825689,491,15,8,7,30,463,12,3,1,16,521,479,347,32,234,14
18,1000,80,5.13,10.3,18,37,62,962,21,10,7,38,7.19947647,311,438,140.7362409,73.09911985,8.404613439,6.022919825,469,14,5,6,25,493,7,5,1,13,494,506,409,29,295,16
22,1000,80,5.13,10.3,18,37,54,955,28,10,7,45,7.918516779,237,392,81.60586259,43.17486011,8.983034185,6.814974296,477,19,8,5,32,478,9,2,2,13,509,491,362,30,229,8
17,1000,80,5.13,10.3,18,37,64,964,19,8,9,36,7.542392513,290,442,129.2681935,69.62186975,9.068520321,6.064331723,467,11,7,7,25,497,8,1,2,11,492,508,414,28,278,12
20,1000,80,5.13,10.3,18,37,60,968,15,8,9,32,7.419973718,274,409,75.64610248,41.08265179,8.529793974,6.274061747,485,12,6,5,23,483,3,2,4,9,508,492,380,29,264,10
23,1000,80,5.13,10.3,18,37,55,975,14,7,4,25,7.431683399,238,367,72.07139706,36.37460993,8.127146459,6.681277313,500,10,6,3,19,475,4,1,1,6,519,481,326,41,228,10
19,1000,80,5.13,10.3,18,37,60,960,23,11,6,40,7.420950552,309,436,105.3625646,53.23500084,8.601613636,6.309063959,461,13,7,4,24,499,10,4,2,16,485,515,405,31,293,16
21,1000,80,5.13,10.3,18,37,59,954,27,11,8,46,8.174756707,246,363,84.36133748,41.86976855,9.176272249,7.085425605,491,15,8,7,30,463,12,3,1,16,521,479,340,23,236,10
24,1000,80,5.13,10.3,18,37,29,963,20,6,11,37,7.572308385,127,257,27.17200074,13.39809745,7.13698415,8.05538971,508,11,1,6,18,455,9,5,5,19,526,474,203,54,109,18
18,1000,80,5.13,10.3,18,37,63,964,20,10,6,36,7.154783919,319,424,152.6552888,78.73576007,8.432839376,5.907038078,470,13,5,6,24,494,7,5,0,12,494,506,391,33,303,16
22,1000,80,5.13,10.3,18,37,55,955,27,12,6,45,7.909636254,252,382,85.21700919,45.07258432,9.027487625,6.750804587,478,17,9,5,31,477,10,3,1,14,509,491,359,23,233,19
17,1000,80,5.13,10.3,18,37,65,964,19,8,9,36,7.567191306,296,435,135.9691933,73.33619659,9.124086497,6.059332183,467,11,7,7,25,497,8,1,2,11,492,508,415,20,281,15
20,1000,80,5.13,10.3,18,37,61,967,16,8,9,33,7.416677397,269,412,79.33057963,43.22689049,8.544474589,6.252203873,485,12,6,5,23,482,4,2,4,10,508,492,383,29,259,10
23,1000,80,5.13,10.3,18,37,56,974,15,7,4,26,7.414432969,248,369,77.1421922,38.78557889,8.125685238,6.646990293,501,9,6,3,18,473,6,1,1,8,519,481,344,25,237,11
19,1000,80,5.13,10.3,18,37,61,961,22,11,6,39,7.3984995,313,444,111.7154382,56.23414404,8.650224586,6.219690438,461,12,8,4,24,500,10,3,2,15,485,515,422,22,304,9
21,1000,80,5.13,10.3,18,37,60,954,27,11,8,46,8.150368899,257,391,87.55816721,43.46943185,9.218011894,6.989112114,490,16,8,7,31,464,11,3,1,15,521,479,357,34,243,14
24,1000,80,5.13,10.3,18,37,30,964,21,5,10,36,7.57094735,145,242,27.47582112,13.58527889,7.149640145,8.03847391,508,11,1,6,18,456,10,4,4,18,526,474,186,56,119,26
18,1000,80,5.13,10.3,18,37,64,964,20,10,6,36,7.147761058,322,419,164.4132423,83.80568603,8.465951228,5.860832315,470,13,5,6,24,494,7,5,0,12,494,506,395,24,310,12
22,1000,80,5.13,10.3,18,37,56,956,25,13,6,44,7.867729423,272,394,88.82996029,46.76500816,9.065441128,6.626109754,477,17,10,5,32,479,8,3,1,12,509,491,365,29,259,13
17,1000,80,5.13,10.3,18,37,66,964,19,8,9,36,7.579129792,324,444,143.768086,77.38365392,9.195006568,6.014146772,467,11,7,7,25,497,8,1,2,11,492,508,421,23,311,13
23,1000,80,5.13,10.3,18,37,57,974,15,6,5,26,7.393058417,252,383,82.69117253,41.51083978,8.130959615,6.596861489,501,9,6,3,18,473,6,0,2,8,519,481,344,39,238,14
20,1000,80,5.13,10.3,18,37,62,967,17,8,8,33,7.369832334,298,418,84.4280349,45.8256858,8.56302095,6.137840836,485,12,6,5,23,482,5,2,3,10,508,492,392,26,291,7
19,1000,80,5.13,10.3,18,37,62,961,22,11,6,39,7.396717858,296,443,119.7074952,60.09741187,8.701392386,6.168043788,461,12,8,4,24,500,10,3,2,15,485,515,417,26,282,14
21,1000,80,5.13,10.3,18,37,61,955,26,11,8,45,8.148732065,260,398,93.0940861,46.15331438,9.271704156,6.927294781,490,16,8,7,31,465,10,3,1,14,521,479,366,32,253,7
18,1000,80,5.13,10.3,18,37,65,965,20,9,6,35,7.116941578,310,428,182.2126314,91.30360288,8.480447351,5.785771911,470,13,5,6,24,495,7,4,0,11,494,506,401,27,298,12
24,1000,80,5.13,10.3,18,37,31,965,20,5,10,35,7.570820531,157,258,28.05305161,13.90312508,7.203553458,7.978378506,508,11,1,6,18,457,9,4,4,17,526,474,200,58,131,26
17,1000,80,5.13,10.3,18,37,67,964,19,8,9,36,7.56727086,315,433,151.2996937,81.43443763,9.23033181,5.956589782,467,11,7,7,25,497,8,1,2,11,492,508,411,22,311,4
22,1000,80,5.13,10.3,18,37,57,957,25,12,6,43,7.874739859,264,404,92.75350219,48.77603857,9.110133579,6.594056755,478,17,9,5,31,479,8,3,1,12,509,491,373,31,246,18
23,1000,80,5.13,10.3,18,37,58,974,14,7,5,26,7.396036924,263,386,88.94320347,44.39724368,8.166768891,6.56441553,501,8,7,3,18,473,6,0,2,8,519,481,351,35,248,15
20,1000,80,5.13,10.3,18,37,63,966,17,9,8,34,7.347507698,298,432,89.64886802,48.7755638,8.584262384,6.070533347,485,12,6,5,23,481,5,3,3,11,508,492,400,32,288,10
19,1000,80,5.13,10.3,18,37,63,962,21,11,6,38,7.383110165,329,449,127.3798094,63.94328533,8.716663159,6.12723987,461,12,8,4,24,501,9,3,2,14,485,515,424,25,312,17
21,1000,80,5.13,10.3,18,37,62,956,27,9,8,44,8.131896284,248,375,99.12762642,48.96390454,9.320894292,6.838643754,489,17,8,7,32,467,10,1,1,12,521,479,350,25,236,12
18,1000,80,5.13,10.3,18,37,66,963,22,8,7,37,7.117484807,329,429,197.3516942,97.45818703,8.535216779,5.733374938,468,15,5,6,26,495,7,3,1,11,494,506,397,32,317,12
17,1000,80,5.13,10.3,18,37,68,965,18,8,9,35,7.55717013,319,462,160.2624396,86.93960139,9.251578722,5.916128738,467,11,7,7,25,498,7,1,2,10,492,508,442,20,306,13
22,1000,80,5.13,10.3,18,37,58,956,26,12,6,44,7.878955634,274,414,96.94254418,50.8791171,9.208808529,6.500350494,477,18,9,5,32,479,8,3,1,12,509,491,385,29,262,12
24,1000,80,5.13,10.3,18,37,32,966,19,5,10,34,7.583543173,146,276,28.85973875,14.3925942,7.218682305,7.988430972,508,11,1,6,18,458,8,4,4,16,526,474,218,58,129,17
23,1000,80,5.13,10.3,18,37,59,974,14,7,5,26,7.417401144,248,391,94.97027951,47.43876089,8.215534268,6.556213844,501,8,7,3,18,473,6,0,2,8,519,481,357,34,234,14
20,1000,80,5.13,10.3,18,37,64,967,17,9,7,33,7.351770707,306,423,95.54212553,52.27397638,8.642030597,6.019551147,485,12,6,5,23,482,5,3,2,10,508,492,400,23,291,15
19,1000,80,5.13,10.3,18,37,64,961,22,11,6,39,7.410169467,329,445,135.0881532,67.69399935,8.747566717,6.150678854,461,12,8,4,24,500,10,3,2,15,485,515,422,23,315,14
21,1000,80,5.13,10.3,18,37,63,958,25,9,8,42,8.110752467,260,380,105.8867073,52.25702207,9.376020306,6.734542564,489,17,8,7,32,469,8,1,1,10,521,479,360,20,246,14
18,1000,80,5.13,10.3,18,37,67,965,22,6,7,35,7.091518441,336,428,219.7995826,106.1766818,8.608988416,5.610035896,467,16,5,6,27,498,6,1,1,8,494,506,407,21,325,11
17,1000,80,5.13,10.3,18,37,69,966,18,8,8,34,7.510523396,330,436,170.0158214,92.03888064,9.273791573,5.802791224,467,11,7,7,25,499,7,1,1,9,492,508,415,21,321,9
22,1000,80,5.13,10.3,18,37,59,957,26,12,5,43,7.89000709,272,410,100.1740536,52.73457315,9.190240232,6.54210756,477,19,9,4,32,480,7,3,1,11,509,491,383,27,259,13
24,1000,80,5.13,10.3,18,37,33,966,20,4,10,34,7.581236909,139,258,29.57821058,14.81025593,7.28201497,7.913284885,507,12,1,6,19,459,8,3,4,15,526,474,209,49,121,18
23,1000,80,5.13,10.3,18,37,60,972,16,7,5,28,7.419307728,262,383,103.9168283,52.00754266,8.283925659,6.486383184,499,10,7,3,20,473,6,0,2,8,519,481,350,33,251,11
20,1000,80,5.13,10.3,18,37,65,968,16,9,7,32,7.337507336,294,430,102.5524344,56.44111667,8.643443637,5.989101561,485,12,6,5,23,483,4,3,2,9,508,492,403,27,289,5
19,1000,80,5.13,10.3,18,37,65,960,23,11,6,40,7.395116931,330,445,145.5926256,72.72180928,8.79318485,6.078489862,460,13,8,4,25,500,10,3,2,15,485,515,424,21,319,11
21,1000,80,5.13,10.3,18,37,64,958,25,9,8,42,8.087728885,278,388,111.7283588,55.24322641,9.419159339,6.639555052,489,17,8,7,32,469,8,1,1,10,521,479,361,27,265,13
18,1000,80,5.13,10.3,18,37,68,965,22,6,7,35,7.097229072,338,435,238.0014846,113.6783346,8.67793689,5.554008396,467,16,5,6,27,498,6,1,1,8,494,506,408,27,324,14
17,1000,80,5.13,10.3,18,37,70,966,18,8,8,34,7.515154865,345,446,180.4192359,97.99942809,9.321501487,5.765701051,467,11,7,7,25,499,7,1,1,9,492,508,430,16,330,15
22,1000,80,5.13,10.3,18,37,60,957,26,12,5,43,7.905990267,276,398,104.3671273,54.93781396,9.247078385,6.515738022,477,19,9,4,32,480,7,3,1,11,509,491,370,28,269,7
20,1000,80,5.13,10.3,18,37,66,968,16,9,7,32,7.323932008,298,433,106.1570295,58.1845606,8.696848221,5.906368114,485,12,6,5,23,483,4,3,2,9,508,492,412,21,285,13
23,1000,80,5.13,10.3,18,37,61,972,16,7,5,28,7.468024864,251,405,110.3716777,55.35030128,8.353797067,6.512274814,499,10,7,3,20,473,6,0,2,8,519,481,371,34,242,9
24,1000,80,5.13,10.3,18,37,34,966,20,4,10,34,7.629839127,115,255,30.60007197,15.35269046,7.341268648,7.950067128,507,12,1,6,19,459,8,3,4,15,526,474,212,43,101,14
19,1000,80,5.13,10.3,18,37,66,961,23,10,6,39,7.374843248,338,439,154.3524486,76.98982174,8.837724347,5.997178524,459,14,8,4,26,502,9,2,2,13,485,515,424,15,317,21
21,1000,80,5.13,10.3,18,37,65,959,24,8,9,41,8.10327493,281,391,120.5353467,59.39054053,9.504082993,6.579640274,488,18,7,8,33,471,6,1,1,8,521,479,367,24,260,21
18,1000,80,5.13,10.3,18,37,69,964,23,6,7,36,7.078140464,340,429,258.3079564,123.2783433,8.693899376,5.500699944,467,16,5,6,27,497,7,1,1,9,494,506,413,16,334,6
17,1000,80,5.13,10.3,18,37,71,966,18,8,8,34,7.507990889,340,443,193.7120997,105.1549955,9.352778799,5.721306535,467,11,7,7,25,499,7,1,1,9,492,508,421,22,334,6
22,1000,80,5.13,10.3,18,37,61,957,26,12,5,43,7.886739574,294,423,109.3470499,57.54491805,9.261077315,6.46201878,477,19,9,4,32,480,7,3,1,11,509,491,391,32,274,20
20,1000,80,5.13,10.3,18,37,67,969,15,9,7,31,7.325756665,305,429,111.9859261,61.53918178,8.75619846,5.848796438,485,11,7,5,23,484,4,2,2,8,508,492,407,22,295,10
23,1000,80,5.13,10.3,18,37,62,973,15,7,5,27,7.460790737,265,387,119.8233432,60.13836697,8.410834363,6.435691689,499,10,7,3,20,474,5,0,2,7,519,481,360,27,248,17
19,1000,80,5.13,10.3,18,37,67,961,23,10,6,39,7.349619549,339,450,168.0107314,83.60155106,8.877084164,5.911133454,459,14,8,4,26,502,9,2,2,13,485,515,430,20,330,9
24,1000,80,5.13,10.3,18,37,35,966,21,3,10,34,7.645243722,154,274,31.93127857,16.05392327,7.387125035,7.931679227,507,12,1,6,19,459,9,2,4,15,526,474,218,56,136,18
21,1000,80,5.13,10.3,18,37,66,959,24,8,9,41,8.10203791,265,408,129.3893804,63.60702431,9.54962967,6.527517437,488,18,7,8,33,471,6,1,1,8,521,479,377,31,256,9
18,1000,80,5.13,10.3,18,37,70,964,23,6,7,36,7.040118352,350,448,272.3832569,131.1985309,8.738961939,5.381563546,467,16,5,6,27,497,7,1,1,9,494,506,432,16,337,13
17,1000,80,5.13,10.3,18,37,72,966,19,8,7,34,7.484497782,366,454,206.921602,112.3817885,9.385371423,5.643494177,466,12,7,7,26,500,7,1,0,8,492,508,433,21,354,12
22,1000,80,5.13,10.3,18,37,62,957,26,12,5,43,7.889488098,287,436,117.0243996,61.47962872,9.310469823,6.416413357,477,19,9,4,32,480,7,3,1,11,509,491,403,33,276,11
20,1000,80,5.13,10.3,18,37,68,968,15,10,7,32,7.335304987,308,438,118.7260291,65.89432028,8.801039518,5.821904293,484,11,8,5,24,484,4,2,2,8,508,492,408,30,298,10
23,1000,80,5.13,10.3,18,37,63,972,15,9,4,28,7.469068246,266,400,140.7663272,70.06010539,8.489773298,6.367725373,498,10,8,3,21,474,5,1,1,7,519,481,367,33,257,9
19,1000,80,5.13,10.3,18,37,68,962,22,10,6,38,7.329998519,332,456,179.0959758,89.1460506,8.916008579,5.836377395,459,14,8,4,26,503,8,2,2,12,485,515,427,29,326,6
24,1000,80,5.13,10.3,18,37,36,968,20,3,9,32,7.65331972,139,281,32.7881247,16.51375406,7.447773137,7.881415717,507,12,1,6,19,461,8,2,3,13,526,474,237,44,124,15
21,1000,80,5.13,10.3,18,37,67,959,24,8,9,41,8.089369413,264,405,137.6462,67.52583802,9.57309143,6.475550685,488,18,7,8,33,471,6,1,1,8,521,479,378,27,254,10
18,1000,80,5.13,10.3,18,37,71,963,24,6,7,37,7.01605571,362,452,292.5546931,142.536865,8.766447107,5.307175571,466,17,5,6,28,497,7,1,1,9,494,506,424,28,342,20
17,1000,80,5.13,10.3,18,37,73,965,19,9,7,35,7.44951354,353,473,220.987223,119.3179156,9.386022628,5.573996865,466,12,7,7,26,499,7,2,0,9,492,508,452,21,341,12
22,1000,80,5.13,10.3,18,37,63,958,26,11,5,42,7.882240617,302,419,125.4661081,65.8401228,9.348787293,6.361930519,477,19,9,4,32,481,7,2,1,10,509,491,386,33,290,12
20,1000,80,5.13,10.3,18,37,69,966,17,10,7,34,7.334953787,310,441,124.3439192,68.63767295,8.846390615,5.774364541,482,13,8,5,26,484,4,2,2,8,508,492,418,23,302,8
23,1000,80,5.13,10.3,18,37,64,972,14,10,4,28,7.431922314,291,408,156.7337329,77.55874426,8.512398127,6.266086665,498,9,9,3,21,474,5,1,1,7,519,481,386,22,274,17
19,1000,80,5.13,10.3,18,37,69,961,23,10,6,39,7.301327951,349,467,193.5564989,96.44139066,8.947617208,5.750939039,458,15,8,4,27,503,8,2,2,12,485,515,442,25,338,11
21,1000,80,5.13,10.3,18,37,68,959,24,8,9,41,8.070609506,284,416,145.3221526,70.99881488,9.620419362,6.384908181,488,18,7,8,33,471,6,1,1,8,521,479,383,33,268,16
24,1000,80,5.13,10.3,18,37,37,966,22,3,9,34,7.654468522,152,281,33.70718665,17.00484588,7.47836186,7.849894902,504,14,2,6,22,462,8,1,3,12,526,474,229,52,136,16
17,1000,80,5.13,10.3,18,37,74,964,20,9,7,36,7.462509996,346,478,239.0055926,128.913194,9.456659129,5.53116871,465,13,7,7,27,499,7,2,0,9,492,508,451,27,338,8
18,1000,80,5.13,10.3,18,37,72,963,24,6,7,37,7.01290956,350,468,318.5283504,153.509166,8.801020424,5.267204488,466,17,5,6,28,497,7,1,1,9,494,506,444,24,340,10
22,1000,80,5.13,10.3,18,37,64,959,26,10,5,41,7.854494829,296,428,134.460299,70.25983623,9.355002779,6.29897844,477,19,9,4,32,482,7,1,1,9,509,491,400,28,283,13
20,1000,80,5.13,10.3,18,37,70,966,17,10,7,34,7.327217102,338,440,131.9569793,73.67416977,8.877952051,5.726051747,482,13,8,5,26,484,4,2,2,8,508,492,425,15,330,8
23,1000,80,5.13,10.3,18,37,65,971,14,11,4,29,7.401077497,279,411,182.3599607,89.41324465,8.519898384,6.193867434,497,10,9,3,22,474,4,2,1,7,519,481,379,32,269,10
19,1000,80,5.13,10.3,18,37,70,963,21,10,6,37,7.257373442,361,463,206.1043247,102.4007359,8.998481972,5.617688709,458,15,8,4,27,505,6,2,2,10,485,515,443,20,344,17
21,1000,80,5.13,10.3,18,37,69,959,24,8,9,41,8.082400044,277,423,155.1975066,75.55446869,9.692296575,6.331343483,488,18,7,8,33,471,6,1,1,8,521,479,396,27,266,11
17,1000,80,5.13,10.3,18,37,75,964,20,9,7,36,7.468420257,350,480,257.121195,138.4258289,9.510010691,5.491131884,465,13,7,7,27,499,7,2,0,9,492,508,455,25,343,7
18,1000,80,5.13,10.3,18,37,73,963,24,6,7,37,6.98288732,366,457,347.1159849,164.8049306,8.808438705,5.200629645,466,17,5,6,28,497,7,1,1,9,494,506,435,22,353,13
24,1000,80,5.13,10.3,18,37,38,966,22,3,9,34,7.666946576,143,304,34.59475809,17.49838867,7.558047403,7.787792494,504,14,2,6,22,462,8,1,3,12,526,474,250,54,128,15
20,1000,80,5.13,10.3,18,37,71,965,18,10,7,35,7.308524946,336,432,140.2010528,77.82070979,8.948853264,5.614852618,481,14,8,5,27,484,4,2,2,8,508,492,412,20,330,6
22,1000,80,5.13,10.3,18,37,65,958,26,11,5,42,7.834083891,316,435,142.8665627,74.55249623,9.370953046,6.240873301,477,19,9,4,32,481,7,2,1,10,509,491,399,36,309,7
19,1000,80,5.13,10.3,18,37,71,964,21,9,6,36,7.246262212,366,470,225.9801882,112.0064081,9.0502563,5.547355157,457,16,8,4,28,507,5,1,2,8,485,515,444,26,356,10
23,1000,80,5.13,10.3,18,37,66,970,14,12,4,30,7.374524134,282,414,203.6025468,99.92935955,8.547554953,6.108821442,496,10,10,3,23,474,4,2,1,7,519,481,387,27,277,5
21,1000,80,5.13,10.3,18,37,70,959,22,10,9,41,8.096798164,310,407,162.0505365,79.11512752,9.75706014,6.290959981,488,16,9,8,33,471,6,1,1,8,521,479,387,20,297,13
17,1000,80,5.13,10.3,18,37,76,964,21,8,7,36,7.44551808,365,474,270.1883707,145.3298573,9.527953431,5.428671243,464,14,7,7,28,500,7,1,0,8,492,508,453,21,353,12
18,1000,80,5.13,10.3,18,37,74,963,24,6,7,37,7.002548078,366,458,376.4529999,179.7993345,8.881828516,5.167835556,466,17,5,6,28,497,7,1,1,9,494,506,436,22,358,8
24,1000,80,5.13,10.3,18,37,39,967,21,2,10,33,7.626574351,185,285,35.73775963,18.10436199,7.559552883,7.700948385,504,14,1,7,22,463,7,1,3,11,526,474,240,45,160,25
20,1000,80,5.13,10.3,18,37,72,965,19,10,6,35,7.29269175,327,452,147.2561782,81.40047539,9.005442622,5.524241662,480,15,8,5,28,485,4,2,1,7,508,492,426,26,317,10
22,1000,80,5.13,10.3,18,37,66,958,25,12,5,42,7.82690169,316,425,151.79623,79.31606102,9.404483074,6.191486366,477,18,10,4,32,481,7,2,1,10,509,491,399,26,298,18
19,1000,80,5.13,10.3,18,37,72,965,20,9,6,35,7.261618872,361,469,245.6853686,121.9925961,9.124368681,5.50737876,457,16,8,4,28,508,4,1,2,7,485,515,449,20,354,7
23,1000,80,5.13,10.3,18,37,67,970,14,12,4,30,7.403004948,293,418,220.6959129,108.4043092,8.618983742,6.090961303,496,10,10,3,23,474,4,2,1,7,519,481,395,23,281,12
21,1000,80,5.13,10.3,18,37,71,961,20,10,9,39,8.076095092,296,413,170.3314871,83.25999783,9.791972067,6.209765439,488,16,9,8,33,473,4,1,1,6,521,479,392,21,280,16
17,1000,80,5.13,10.3,18,37,77,965,20,8,7,35,7.454966712,358,472,288.8132189,154.2612214,9.554981446,5.421094174,464,14,7,7,28,501,6,1,0,7,492,508,449,23,350,8
18,1000,80,5.13,10.3,18,37,75,964,23,6,7,36,6.973457791,372,460,402.1722351,190.9542569,8.917665366,5.075357905,466,17,5,6,28,498,6,1,1,8,494,506,438,22,363,9
20,1000,80,5.13,10.3,18,37,73,966,18,10,6,34,7.258660602,353,454,155.5106946,86.16151565,9.031504031,5.428163729,480,15,8,5,28,486,3,2,1,6,508,492,430,24,336,17
19,1000,80,5.13,10.3,18,37,73,966,20,8,6,34,7.251966253,365,482,269.5118618,133.9313362,9.125769493,5.4873166,458,16,7,4,27,508,4,1,2,7,485,515,453,29,355,10
22,1000,80,5.13,10.3,18,37,67,958,25,12,5,42,7.815623881,313,432,159.0471005,83.12604869,9.432216569,6.139767102,477,18,10,4,32,481,7,2,1,10,509,491,410,22,299,14
24,1000,80,5.13,10.3,18,37,40,966,22,2,10,34,7.609957865,170,299,36.91340131,18.77801637,7.5844252,7.638291583,503,15,1,7,23,463,7,1,3,11,526,474,253,46,155,15
23,1000,80,5.13,10.3,18,37,68,970,14,12,4,30,7.38961932,285,410,241.220409,118.1911098,8.620922455,6.061040678,496,10,10,3,23,474,4,2,1,7,519,481,380,30,271,14
21,1000,80,5.13,10.3,18,37,72,961,20,10,9,39,8.087322719,305,398,182.3132427,88.85162072,9.850710389,6.169316506,488,16,9,8,33,473,4,1,1,6,521,479,382,16,296,9
17,1000,80,5.13,10.3,18,37,78,965,20,8,7,35,7.435390261,379,489,308.8316376,164.0235612,9.574777612,5.363385188,464,14,7,7,28,501,6,1,0,7,492,508,466,23,367,12
18,1000,80,5.13,10.3,18,37,76,965,21,7,7,35,6.984543693,376,463,421.7940868,201.2504822,8.955968913,5.05987164,467,15,6,6,27,498,6,1,1,8,494,506,441,22,363,13
19,1000,80,5.13,10.3,18,37,74,965,21,8,6,35,7.255941357,368,473,290.5909547,144.7566445,9.178554262,5.44532532,457,17,7,4,28,508,4,1,2,7,485,515,452,21,361,7
20,1000,80,5.13,10.3,18,37,74,966,18,10,6,34,7.247550426,336,442,163.0293223,90.00982094,9.061707224,5.374396659,480,15,8,5,28,486,3,2,1,6,508,492,426,16,324,12
22,1000,80,5.13,10.3,18,37,68,956,27,12,5,44,7.829312557,325,431,166.4714892,86.81963195,9.461358139,6.137436384,476,19,10,4,33,480,8,2,1,11,509,491,407,24,316,9
23,1000,80,5.13,10.3,18,37,69,969,16,12,3,31,7.385798851,300,423,271.9758092,132.5629643,8.674226257,5.995583002,495,11,10,3,24,474,5,2,0,7,519,481,391,32,287,13
24,1000,80,5.13,10.3,18,37,41,966,22,2,10,34,7.615552887,171,292,39.04908372,19.97229943,7.606517988,7.625578957,503,15,1,7,23,463,7,1,3,11,526,474,246,46,160,11
21,1000,80,5.13,10.3,18,37,73,960,21,10,9,40,8.043159503,313,433,193.0674183,93.98829059,9.846185583,6.082039279,487,17,9,8,34,473,4,1,1,6,521,479,399,34,304,9
17,1000,80,5.13,10.3,18,37,79,965,20,8,7,35,7.401324674,380,472,328.6642689,174.5096332,9.593960029,5.277748699,464,14,7,7,28,501,6,1,0,7,492,508,458,14,373,7
18,1000,80,5.13,10.3,18,37,77,964,22,7,7,36,6.974265368,377,471,461.0190518,215.8031866,8.990420036,5.005924646,466,16,6,6,28,498,6,1,1,8,494,506,447,24,367,10
19,1000,80,5.13,10.3,18,37,75,966,19,9,6,34,7.238212821,375,475,311.1157754,154.9545127,9.223049795,5.368997418,458,15,8,4,27,508,4,1,2,7,485,515,455,20,365,10
20,1000,80,5.13,10.3,18,37,75,967,17,9,7,33,7.228763327,333,447,172.165871,95.28680691,9.099657959,5.297026594,480,14,8,6,28,487,3,1,1,5,508,492,429,18,322,11
23,1000,80,5.13,10.3,18,37,70,968,17,12,3,32,7.382958692,310,432,319.6430175,154.1643896,8.716838848,5.943699231,495,11,10,3,24,473,6,2,0,8,519,481,407,25,294,16
22,1000,80,5.13,10.3,18,37,69,955,28,12,5,45,7.798979344,316,429,178.2205095,92.74049799,9.460936471,6.076095071,475,20,10,4,34,480,8,2,1,11,509,491,407,22,307,9
24,1000,80,5.13,10.3,18,37,42,966,21,3,10,34,7.634731278,174,295,41.5713688,21.30938554,7.650439497,7.617299795,504,13,2,7,22,462,8,1,3,12,526,474,249,46,154,20
17,1000,80,5.13,10.3,18,37,80,964,20,8,8,36,7.377638216,378,477,355.2125939,186.9550395,9.633341118,5.192981075,463,14,7,8,29,501,6,1,0,7,492,508,457,20,362,16
21,1000,80,5.13,10.3,18,37,74,959,21,10,10,41,8.047530192,310,418,207.123727,100.7072654,9.913938401,6.017470325,486,17,9,9,35,473,4,1,1,6,521,479,407,11,294,16
18,1000,80,5.13,10.3,18,37,78,964,21,8,7,36,6.972661049,379,473,499.5729928,233.800809,9.071461399,4.923634621,465,16,7,6,29,499,5,1,1,7,494,506,451,22,372,7
19,1000,80,5.13,10.3,18,37,76,967,19,9,5,33,7.190070229,392,475,332.1145588,165.6353192,9.249270236,5.250823621,458,15,8,4,27,509,4,1,1,6,485,515,458,17,382,10
20,1000,80,5.13,10.3,18,37,76,967,17,9,7,33,7.220315189,340,451,182.3195585,101.9596522,9.115000315,5.264014286,480,14,8,6,28,487,3,1,1,5,508,492,438,13,330,10
23,1000,80,5.13,10.3,18,37,71,969,16,12,3,31,7.3487994,297,426,355.3027896,171.9003518,8.7466039,5.840565439,495,11,10,3,24,474,5,2,0,7,519,481,398,28,284,13
22,1000,80,5.13,10.3,18,37,70,955,28,12,5,45,7.802778397,328,442,189.4559103,98.43975706,9.506671624,6.036420653,474,21,10,4,35,481,7,2,1,10,509,491,412,30,319,9
17,1000,80,5.13,10.3,18,37,81,964,20,8,8,36,7.374891929,384,477,371.9361687,196.3153024,9.649164401,5.172250086,463,14,7,8,29,501,6,1,0,7,492,508,460,17,380,4
21,1000,80,5.13,10.3,18,37,75,960,19,11,10,40,8.056665842,308,431,221.482179,107.2292161,9.982809421,5.961632846,486,16,10,9,35,474,3,1,1,5,521,479,404,27,305,3
24,1000,80,5.13,10.3,18,37,43,966,21,4,9,34,7.643777664,190,332,43.81154378,22.51328059,7.693574928,7.58851741,504,13,2,7,22,462,8,2,2,12,526,474,288,44,172,18
18,1000,80,5.13,10.3,18,37,79,964,21,8,7,36,6.989733524,390,472,556.0231877,261.1926796,9.090932491,4.938365364,465,16,7,6,29,499,5,1,1,7,494,506,450,22,378,12
19,1000,80,5.13,10.3,18,37,77,966,20,9,5,34,7.174277334,402,482,346.948603,174.4989304,9.316318923,5.157014866,457,16,8,4,28,509,4,1,1,6,485,515,457,25,398,4
20,1000,80,5.13,10.3,18,37,77,967,17,9,7,33,7.191824641,349,453,192.7237962,109.1793262,9.109185246,5.212110845,480,14,8,6,28,487,3,1,1,5,508,492,428,25,342,7
23,1000,80,5.13,10.3,18,37,72,968,17,12,3,32,7.330797433,309,427,400.078256,192.4660956,8.794811175,5.751123562,495,11,10,3,24,473,6,2,0,8,519,481,403,24,302,7
22,1000,80,5.13,10.3,18,37,71,954,28,13,5,46,7.810832804,329,439,203.7547976,105.5944043,9.537483626,6.020883175,474,21,10,4,35,480,7,3,1,11,509,491,415,24,323,6
17,1000,80,5.13,10.3,18,37,82,963,21,8,8,37,7.360196867,397,487,395.0218443,208.3642295,9.667479323,5.125584723,463,14,7,8,29,500,7,1,0,8,492,508,467,20,386,11
21,1000,80,5.13,10.3,18,37,76,959,20,11,10,41,8.064524864,329,444,228.7388658,111.1151572,10.00375339,5.955259597,486,16,10,9,35,473,4,1,1,6,521,479,426,18,321,8
18,1000,80,5.13,10.3,18,37,80,964,21,8,7,36,6.978364663,390,481,616.89468,290.3449904,9.131802155,4.875996836,465,16,7,6,29,499,5,1,1,7,494,506,452,29,383,7
24,1000,80,5.13,10.3,18,37,44,967,22,3,8,33,7.643772032,178,314,46.3026593,23.8045359,7.775761471,7.497302738,503,14,2,7,23,464,8,1,1,10,526,474,274,40,166,12
19,1000,80,5.13,10.3,18,37,78,966,20,9,5,34,7.165196034,386,482,373.7703758,189.6522376,9.387607274,5.072245643,457,16,8,4,28,509,4,1,1,6,485,515,465,17,376,10
20,1000,80,5.13,10.3,18,37,78,966,17,9,8,34,7.202220797,358,468,206.2149408,120.0702074,9.147323497,5.193862725,479,14,8,7,29,487,3,1,1,5,508,492,444,24,345,13
23,1000,80,5.13,10.3,18,37,73,969,16,12,3,31,7.32248582,307,435,437.1061034,209.985217,8.816422793,5.710524721,495,11,10,3,24,474,5,2,0,7,519,481,412,23,297,10
22,1000,80,5.13,10.3,18,37,72,953,29,13,5,47,7.779123302,334,449,217.1998211,112.3550812,9.59381755,5.897902584,473,22,10,4,36,480,7,3,1,11,509,491,417,32,320,14
17,1000,80,5.13,10.3,18,37,83,964,20,8,8,36,7.34239511,396,482,415.5087239,219.5887198,9.721286116,5.038429805,463,14,7,8,29,501,6,1,0,7,492,508,466,16,389,7
21,1000,80,5.13,10.3,18,37,77,958,22,10,10,42,8.058675764,316,437,247.3877109,119.9578786,10.02114769,5.924129051,486,17,9,9,35,472,5,1,1,7,521,479,416,21,309,7
18,1000,80,5.13,10.3,18,37,81,965,21,8,6,35,6.977475542,389,478,681.6185623,320.6674384,9.217889289,4.790194138,465,16,7,6,29,500,5,1,0,6,494,506,452,26,376,13
19,1000,80,5.13,10.3,18,37,79,964,22,9,5,36,7.17496411,400,487,401.8458822,203.9048002,9.404239949,5.075548998,457,16,8,4,28,507,6,1,1,8,485,515,468,19,392,8
24,1000,80,5.13,10.3,18,37,45,968,21,3,8,32,7.671162739,188,321,49.86071576,25.69977169,7.842371791,7.481171259,503,14,2,7,23,465,7,1,1,9,526,474,291,30,175,13
20,1000,80,5.13,10.3,18,37,79,965,18,9,8,35,7.221819986,354,472,220.8523779,130.7406303,9.165719767,5.214703952,478,15,8,7,30,487,3,1,1,5,508,492,448,24,342,12
23,1000,80,5.13,10.3,18,37,74,969,16,12,3,31,7.345420306,321,424,484.4155423,232.9885389,8.941256457,5.62350978,495,11,10,3,24,474,5,2,0,7,519,481,402,22,312,9
22,1000,80,5.13,10.3,18,37,73,950,31,14,5,50,7.762113338,351,451,229.3449254,118.4527187,9.660589003,5.794039787,470,24,11,4,39,480,7,3,1,11,509,491,427,24,340,11
17,1000,80,5.13,10.3,18,37,84,966,18,8,8,34,7.307634634,399,480,441.8626437,232.0282353,9.769699572,4.923115048,464,13,7,8,28,502,5,1,0,6,492,508,468,12,392,7
21,1000,80,5.13,10.3,18,37,78,959,22,9,10,41,8.041654637,327,429,269.232467,130.8851629,10.02739237,5.881802112,486,17,9,9,35,473,5,0,1,6,521,479,411,18,313,14
18,1000,80,5.13,10.3,18,37,82,965,21,8,6,35,6.96251197,394,472,780.4546453,367.3039424,9.256032659,4.723383076,465,16,7,6,29,500,5,1,0,6,494,506,456,16,383,11
19,1000,80,5.13,10.3,18,37,80,964,22,9,5,36,7.180804903,396,481,426.2908709,217.5115985,9.438347853,5.05476931,457,16,8,4,28,507,6,1,1,8,485,515,467,14,387,9
20,1000,80,5.13,10.3,18,37,80,965,17,10,8,35,7.194463676,361,472,232.6913563,136.501723,9.200826489,5.122853291,478,14,9,7,30,487,3,1,1,5,508,492,449,23,353,8
24,1000,80,5.13,10.3,18,37,46,968,20,4,8,32,7.650628069,200,320,52.28698884,27.04007399,7.896986632,7.377242829,502,14,3,7,24,466,6,1,1,8,526,474,280,40,184,16
23,1000,80,5.13,10.3,18,37,75,969,15,13,3,31,7.366046292,315,435,543.4799266,260.6054247,9.019463175,5.582006038,495,10,11,3,24,474,5,2,0,7,519,481,413,22,308,7
22,1000,80,5.13,10.3,18,37,74,947,34,14,5,53,7.777424448,346,443,247.5014204,127.301976,9.724364755,5.759109548,468,26,11,4,41,479,8,3,1,12,509,491,421,22,336,10
17,1000,80,5.13,10.3,18,37,85,966,18,8,8,34,7.283134514,404,480,469.4362821,247.9103379,9.796640727,4.84879385,464,13,7,8,28,502,5,1,0,6,492,508,466,14,393,11
21,1000,80,5.13,10.3,18,37,79,958,23,9,10,42,8.023825284,334,447,290.1124281,141.0466778,10.04395949,5.82656031,485,18,9,9,36,473,5,0,1,6,521,479,419,28,326,8
18,1000,80,5.13,10.3,18,37,83,964,21,9,6,36,6.965865211,400,471,837.0143775,393.9035494,9.289908538,4.696937536,465,16,7,6,29,499,5,2,0,7,494,506,460,11,393,7
19,1000,80,5.13,10.3,18,37,81,965,21,9,5,35,7.131774369,401,503,458.8470899,234.0600772,9.472964932,4.926963838,457,16,8,4,28,508,5,1,1,7,485,515,479,24,390,11
20,1000,80,5.13,10.3,18,37,81,963,17,12,8,37,7.213513378,368,470,249.3422626,144.9275762,9.24440958,5.116571771,477,14,10,7,31,486,3,2,1,6,508,492,452,18,362,6
24,1000,80,5.13,10.3,18,37,47,967,21,4,8,33,7.644580738,188,341,54.94408247,28.52551782,7.919400165,7.339612345,501,15,3,7,25,466,6,1,1,8,526,474,294,47,174,14
23,1000,80,5.13,10.3,18,37,76,967,17,13,3,33,7.377109589,327,430,570.5810945,275.2127549,9.069059451,5.55149217,494,11,11,3,25,473,6,2,0,8,519,481,410,20,316,11
22,1000,80,5.13,10.3,18,37,75,949,33,13,5,51,7.756141423,355,450,271.3632995,138.8065242,9.785795611,5.652080361,468,26,11,4,41,481,7,2,1,10,509,491,427,23,343,12
17,1000,80,5.13,10.3,18,37,86,966,18,7,9,34,7.303618492,408,485,492.2967856,259.6010327,9.822024202,4.864532647,464,13,6,9,28,502,5,1,0,6,492,508,467,18,402,6
21,1000,80,5.13,10.3,18,37,80,956,25,9,10,44,8.035906217,338,443,310.7658503,151.1946043,10.09983042,5.791011628,483,20,9,9,38,473,5,0,1,6,521,479,421,22,327,11
18,1000,80,5.13,10.3,18,37,84,964,21,9,6,36,6.985389144,410,476,907.6194358,425.2419785,9.353297085,4.673637123,465,16,7,6,29,499,5,2,0,7,494,506,463,13,398,12
19,1000,80,5.13,10.3,18,37,82,964,21,10,5,36,7.124876414,399,490,504.4499725,257.8743622,9.544424737,4.846272653,456,16,9,4,29,508,5,1,1,7,485,515,474,16,391,8
20,1000,80,5.13,10.3,18,37,82,963,17,12,8,37,7.22205273,376,466,269.2805212,159.538735,9.296180424,5.080473728,477,14,10,7,31,486,3,2,1,6,508,492,450,16,368,8
23,1000,80,5.13,10.3,18,37,77,964,20,13,3,36,7.352990948,337,449,619.1163874,301.8168744,9.095708188,5.472595422,491,14,11,3,28,473,6,2,0,8,519,481,423,26,327,10
22,1000,80,5.13,10.3,18,37,76,947,35,13,5,53,7.7622931,355,445,287.8365362,147.3198458,9.804585337,5.645130679,467,27,11,4,42,480,8,2,1,11,509,491,431,14,345,10
24,1000,80,5.13,10.3,18,37,48,966,22,4,8,34,7.672180302,201,355,60.06126076,31.15285904,7.981992455,7.328380318,501,15,3,7,25,465,7,1,1,9,526,474,308,47,191,10
17,1000,80,5.13,10.3,18,37,87,966,18,7,9,34,7.286295317,415,477,521.6906592,274.8573226,9.864688162,4.789111695,464,13,6,9,28,502,5,1,0,6,492,508,468,9,409,6
21,1000,80,5.13,10.3,18,37,81,958,25,9,8,42,8.046917401,328,434,330.7730863,160.8813567,10.14680377,5.762907386,484,20,9,8,37,474,5,0,0,5,521,479,421,13,320,8
18,1000,80,5.13,10.3,18,37,85,963,20,11,6,37,6.967364491,405,478,1015.92952,474.8436186,9.403838117,4.588672848,464,15,9,6,30,499,5,2,0,7,494,506,460,18,392,13
19,1000,80,5.13,10.3,18,37,83,964,20,10,6,36,7.139179038,385,489,553.6156357,284.4609231,9.609531983,4.812730147,456,15,9,5,29,508,5,1,1,7,485,515,469,20,378,7
20,1000,80,5.13,10.3,18,37,83,962,18,12,8,38,7.18863732,383,462,292.6161658,177.1768579,9.32265994,4.985215591,476,15,10,7,32,486,3,2,1,6,508,492,443,19,376,7
23,1000,80,5.13,10.3,18,37,78,965,19,13,3,35,7.364214581,325,434,671.4902635,329.8669484,9.164972796,5.421192724,491,14,11,3,28,474,5,2,0,7,519,481,404,30,317,8
22,1000,80,5.13,10.3,18,37,77,946,36,13,5,54,7.767664814,361,458,310.3346058,158.6335277,9.886909667,5.570728702,466,28,11,4,43,480,8,2,1,11,509,491,433,25,351,10
17,1000,80,5.13,10.3,18,37,88,966,17,8,9,34,7.240774545,418,491,556.0383074,292.7693428,9.901513008,4.663838868,464,12,7,9,28,502,5,1,0,6,492,508,475,16,410,8
24,1000,80,5.13,10.3,18,37,49,966,22,4,8,34,7.643497964,203,336,66.12290429,34.241521,7.988964156,7.260132526,501,15,3,7,25,465,7,1,1,9,526,474,297,39,189,14
21,1000,80,5.13,10.3,18,37,82,958,25,9,8,42,8.042974468,343,442,345.2432219,169.3654578,10.17138429,5.727939987,484,20,9,8,37,474,5,0,0,5,521,479,421,21,331,12
18,1000,80,5.13,10.3,18,37,86,963,20,11,6,37,6.961691182,412,474,1097.744928,511.691758,9.43272467,4.549259279,464,15,9,6,30,499,5,2,0,7,494,506,461,13,401,11
19,1000,80,5.13,10.3,18,37,84,963,21,10,6,37,7.146135949,413,489,607.4703321,313.6719834,9.663025546,4.775861279,456,15,9,5,29,507,6,1,1,8,485,515,472,17,401,12
20,1000,80,5.13,10.3,18,37,84,961,19,12,8,39,7.20906358,371,466,313.7332991,191.3000067,9.375374591,4.972303431,475,16,10,7,33,486,3,2,1,6,508,492,454,12,362,9
23,1000,80,5.13,10.3,18,37,79,964,20,13,3,36,7.369607351,329,431,719.3221215,357.4665286,9.214445596,5.37902305,490,15,11,3,29,474,5,2,0,7,519,481,408,23,321,8
17,1000,80,5.13,10.3,18,37,89,965,18,8,9,35,7.255203636,405,501,585.946872,306.9846793,9.946704428,4.648474523,463,13,7,9,29,502,5,1,0,6,492,508,485,16,404,1
22,1000,80,5.13,10.3,18,37,78,947,35,13,5,53,7.727667484,362,456,332.8731747,169.9247299,9.889963072,5.486102405,466,28,11,4,43,481,7,2,1,10,509,491,432,24,350,12
21,1000,80,5.13,10.3,18,37,83,957,26,8,9,43,8.0685401,349,441,361.7123489,179.8932144,10.26121411,5.683606573,483,21,8,9,38,474,5,0,0,5,521,479,429,12,341,8
24,1000,80,5.13,10.3,18,37,50,965,24,4,7,35,7.631387284,207,346,71.10002056,36.69032983,8.032585569,7.186175684,500,16,3,7,26,465,8,1,0,9,526,474,315,31,194,13
18,1000,80,5.13,10.3,18,37,87,962,21,11,6,38,6.961405699,417,489,1223.491736,563.1831103,9.486236765,4.49645205,463,16,9,6,31,499,5,2,0,7,494,506,473,16,410,7
19,1000,80,5.13,10.3,18,37,85,963,21,10,6,37,7.154832289,409,492,662.8416007,342.3902219,9.721454705,4.737721859,456,15,9,5,29,507,6,1,1,8,485,515,481,11,403,6
20,1000,80,5.13,10.3,18,37,85,961,19,12,8,39,7.191120889,388,473,339.3407833,212.1677044,9.408050515,4.902095991,475,16,10,7,33,486,3,2,1,6,508,492,453,20,381,7
23,1000,80,5.13,10.3,18,37,80,963,21,13,3,37,7.396330003,351,439,747.3053435,378.9664859,9.290512562,5.352503084,489,16,11,3,30,474,5,2,0,7,519,481,415,24,340,11
17,1000,80,5.13,10.3,18,37,90,967,16,8,9,33,7.246903474,413,491,615.2663729,322.9786123,10.0060394,4.574669466,463,13,7,9,29,504,3,1,0,4,492,508,479,12,401,12
22,1000,80,5.13,10.3,18,37,79,945,37,13,5,55,7.725103398,365,447,370.9208706,188.9543156,9.945049836,5.423773994,464,30,11,4,45,481,7,2,1,10,509,491,435,12,353,12
21,1000,80,5.13,10.3,18,37,84,955,28,8,9,45,8.058017725,345,445,379.357346,189.3189519,10.32516211,5.592084066,481,23,8,9,40,474,5,0,0,5,521,479,425,20,339,6
18,1000,80,5.13,10.3,18,37,88,962,22,10,6,38,6.951416571,406,488,1330.420458,619.4368377,9.513029116,4.45055373,462,17,9,6,32,500,5,1,0,6,494,506,471,17,398,8
24,1000,80,5.13,10.3,18,37,51,965,24,4,7,35,7.612673067,199,361,76.27780594,39.084866,8.051904862,7.125255505,500,16,3,7,26,465,8,1,0,9,526,474,315,46,187,12
19,1000,80,5.13,10.3,18,37,86,964,20,10,6,36,7.137282532,410,500,747.4419882,384.5706769,9.764281269,4.663312848,456,15,9,5,29,508,5,1,1,7,485,515,482,18,402,8
20,1000,80,5.13,10.3,18,37,86,962,18,11,9,38,7.164924213,404,467,371.9654116,233.0794772,9.438031012,4.817895241,475,16,9,8,33,487,2,2,1,5,508,492,450,17,398,6
17,1000,80,5.13,10.3,18,37,91,967,16,8,9,33,7.218557396,419,497,657.3528469,344.9360418,10.03021965,4.495451436,463,13,7,9,29,504,3,1,0,4,492,508,484,13,409,10
23,1000,80,5.13,10.3,18,37,81,963,21,13,3,37,7.400589281,332,450,786.1228502,409.1254444,9.343151676,5.304560419,489,16,11,3,30,474,5,2,0,7,519,481,431,19,323,9
22,1000,80,5.13,10.3,18,37,80,945,37,13,5,55,7.733880802,372,457,395.7859988,201.7007188,10.03416618,5.349267248,464,30,11,4,45,481,7,2,1,10,509,491,437,20,362,10
21,1000,80,5.13,10.3,18,37,85,955,28,8,9,45,8.064585902,351,442,395.9684098,199.1210504,10.38239221,5.543548138,481,23,8,9,40,474,5,0,0,5,521,479,429,13,336,15
18,1000,80,5.13,10.3,18,37,89,960,24,10,6,40,6.931986736,419,496,1528.042668,706.7736596,9.540328332,4.385503045,460,19,9,6,34,500,5,1,0,6,494,506,472,24,412,7
19,1000,80,5.13,10.3,18,37,87,964,20,10,6,36,7.116195116,414,515,807.912664,414.4046173,9.813467629,4.576045274,455,16,9,5,30,509,4,1,1,6,485,515,492,23,405,9
24,1000,80,5.13,10.3,18,37,52,965,24,4,7,35,7.634942965,207,364,78.25207523,40.15795359,8.111328666,7.106295542,500,16,3,7,26,465,8,1,0,9,526,474,323,41,192,15
20,1000,80,5.13,10.3,18,37,87,961,19,11,9,39,7.199580783,399,479,399.1067437,251.670232,9.534419414,4.788812441,474,17,9,8,34,487,2,2,1,5,508,492,460,19,390,9
17,1000,80,5.13,10.3,18,37,92,967,16,8,9,33,7.205542858,421,500,708.2900677,372.778013,10.07560807,4.425873396,463,13,7,9,29,504,3,1,0,4,492,508,487,13,417,4
23,1000,80,5.13,10.3,18,37,82,963,20,13,4,37,7.362540839,348,455,831.8578758,440.3972932,9.394126834,5.170455326,488,16,12,3,31,475,4,1,1,6,519,481,429,26,334,14
22,1000,80,5.13,10.3,18,37,81,946,36,13,5,54,7.722230307,367,454,416.1841465,211.8886613,10.06216952,5.296509205,464,30,11,4,45,482,6,2,1,9,509,491,437,17,363,4
21,1000,80,5.13,10.3,18,37,86,955,28,8,9,45,8.070866411,359,448,417.8515974,210.3247201,10.43233475,5.502338216,481,23,8,9,40,474,5,0,0,5,521,479,433,15,353,6
18,1000,80,5.13,10.3,18,37,90,961,23,10,6,39,6.925597524,422,489,1647.956202,759.4132691,9.591295113,4.32311806,460,19,9,6,34,501,4,1,0,5,494,506,470,19,415,7
19,1000,80,5.13,10.3,18,37,88,964,20,10,6,36,7.113622663,428,503,884.5922628,452.6005198,9.878901239,4.509428276,455,16,9,5,30,509,4,1,1,6,485,515,484,19,418,10
20,1000,80,5.13,10.3,18,37,88,962,19,10,9,38,7.191436121,401,480,425.1268985,270.2437592,9.547483212,4.758769614,476,16,8,8,32,486,3,2,1,6,508,492,459,21,392,9
24,1000,80,5.13,10.3,18,37,53,966,22,5,7,34,7.604514259,217,357,80.55271636,41.36390815,8.118935971,7.033658098,500,15,4,7,26,466,7,1,0,8,526,474,319,38,203,14
17,1000,80,5.13,10.3,18,37,93,968,15,8,9,32,7.171132815,426,498,759.243464,404.6450885,10.13241418,4.303120159,463,13,7,9,29,505,2,1,0,3,492,508,476,22,417,9
23,1000,80,5.13,10.3,18,37,83,963,20,13,4,37,7.365672322,348,433,895.9380359,483.6229828,9.42111572,5.147844622,488,16,12,3,31,475,4,1,1,6,519,481,420,13,339,9
22,1000,80,5.13,10.3,18,37,82,946,36,13,5,54,7.727719816,384,454,430.542008,219.9498835,10.08856779,5.280323439,464,30,11,4,45,482,6,2,1,9,509,491,437,17,375,9
21,1000,80,5.13,10.3,18,37,87,955,28,7,10,45,8.057029762,346,456,453.8385978,225.1768219,10.47237226,5.429903576,481,23,7,10,40,474,5,0,0,5,521,479,435,21,339,7
18,1000,80,5.13,10.3,18,37,91,961,23,10,6,39,6.91426372,428,492,1727.45597,788.3715506,9.607132774,4.285257173,460,19,9,6,34,501,4,1,0,5,494,506,481,11,415,13
19,1000,80,5.13,10.3,18,37,89,962,22,10,6,38,7.116840234,430,496,934.6868686,478.3309366,9.92342269,4.473748019,454,17,9,5,31,508,5,1,1,7,485,515,485,11,423,7
20,1000,80,5.13,10.3,18,37,89,962,19,10,9,38,7.177056974,402,474,456.5401171,292.1830442,9.604285462,4.670894226,476,16,8,8,32,486,3,2,1,6,508,492,459,15,394,8
17,1000,80,5.13,10.3,18,37,94,967,16,8,9,33,7.197987885,436,497,826.492357,436.6491142,10.20057273,4.289972639,462,14,7,9,30,505,2,1,0,3,492,508,485,12,428,8
24,1000,80,5.13,10.3,18,37,54,966,21,5,8,34,7.617592987,219,355,83.64505068,43.04966047,8.152017318,7.024539827,500,14,4,8,26,466,7,1,0,8,526,474,322,33,207,12
23,1000,80,5.13,10.3,18,37,84,962,20,14,4,38,7.372798524,352,454,963.8585711,530.559341,9.451155635,5.130246882,488,15,13,3,31,474,5,1,1,7,519,481,428,26,348,4
22,1000,80,5.13,10.3,18,37,83,944,37,14,5,56,7.702134534,384,456,450.0647065,230.4437804,10.11856778,5.197115139,463,31,11,4,46,481,6,3,1,10,509,491,443,13,371,13
21,1000,80,5.13,10.3,18,37,88,955,27,8,10,45,8.038669298,357,454,479.8100027,240.1721251,10.51965958,5.340139159,481,22,8,10,40,474,5,0,0,5,521,479,430,24,349,8
18,1000,80,5.13,10.3,18,37,92,962,22,10,6,38,6.914270975,427,486,1864.508857,863.7073214,9.674664509,4.219341319,460,19,9,6,34,502,3,1,0,4,494,506,467,19,420,7
19,1000,80,5.13,10.3,18,37,90,962,22,10,6,38,7.113695262,435,510,1006.641268,518.3379542,9.982755475,4.411764769,454,17,9,5,31,508,5,1,1,7,485,515,489,21,431,4
20,1000,80,5.13,10.3,18,37,90,961,20,10,9,39,7.216896593,405,470,485.4262558,307.2152307,9.705768114,4.647086159,475,17,8,8,33,486,3,2,1,6,508,492,453,17,399,6
17,1000,80,5.13,10.3,18,37,95,967,16,8,9,33,7.183566426,439,499,877.2416812,461.7375997,10.21820833,4.244503797,462,14,7,9,30,505,2,1,0,3,492,508,484,15,429,10
24,1000,80,5.13,10.3,18,37,55,966,21,4,9,34,7.620215637,227,361,86.83618304,44.7174498,8.231105937,6.942307835,499,15,3,9,27,467,6,1,0,7,526,474,330,31,216,11
23,1000,80,5.13,10.3,18,37,85,963,19,14,4,37,7.381704465,366,448,1016.269308,573.5482921,9.51474113,5.080153469,488,15,13,3,31,475,4,1,1,6,519,481,427,21,361,5
22,1000,80,5.13,10.3,18,37,84,944,38,14,4,56,7.710521498,369,466,467.2732545,240.9877718,10.18388643,5.146483311,463,31,11,4,46,481,7,3,0,10,509,491,449,17,358,11
21,1000,80,5.13,10.3,18,37,89,955,26,9,10,45,8.020153702,363,443,505.8760788,254.98013,10.55658869,5.261317312,481,21,9,10,40,474,5,0,0,5,521,479,423,20,355,8
18,1000,80,5.13,10.3,18,37,93,962,23,9,6,38,6.897939945,445,498,1950.671544,910.9018033,9.681183501,4.180702165,460,20,8,6,34,502,3,1,0,4,494,506,480,18,432,13
19,1000,80,5.13,10.3,18,37,91,962,22,10,6,38,7.115985566,424,508,1060.187629,545.4899392,10.02050297,4.380663355,454,17,9,5,31,508,5,1,1,7,485,515,490,18,420,4
20,1000,80,5.13,10.3,18,37,91,961,20,10,9,39,7.197261867,394,479,516.9584579,322.9205963,9.714538576,4.598122501,475,17,8,8,33,486,3,2,1,6,508,492,460,19,390,4
17,1000,80,5.13,10.3,18,37,96,968,16,7,9,32,7.142387921,435,502,935.5134726,494.9949039,10.19387311,4.187012501,463,14,6,9,29,505,2,1,0,3,492,508,488,14,426,9
23,1000,80,5.13,10.3,18,37,86,963,19,14,4,37,7.345970259,364,458,1081.213159,617.4733022,9.539953461,4.978657823,488,15,13,3,31,475,4,1,1,6,519,481,441,17,353,11
24,1000,80,5.13,10.3,18,37,56,965,22,4,9,35,7.635275707,236,376,90.13663045,46.40087918,8.277958685,6.922087424,499,15,3,9,27,466,7,1,0,8,526,474,344,32,220,16
22,1000,80,5.13,10.3,18,37,85,945,36,15,4,55,7.675876601,382,453,485.4491667,250.454729,10.21945391,5.039052059,463,30,12,4,46,482,6,3,0,9,509,491,441,12,375,7
21,1000,80,5.13,10.3,18,37,90,954,26,10,10,46,7.996821528,369,453,533.2703628,272.319412,10.61851449,5.145251527,480,21,10,10,41,474,5,0,0,5,521,479,433,20,357,12
18,1000,80,5.13,10.3,18,37,94,962,23,9,6,38,6.886716896,437,489,2106.100256,980.1395634,9.708777408,4.131582721,459,21,8,6,35,503,2,1,0,3,494,506,470,19,426,11
19,1000,80,5.13,10.3,18,37,92,962,22,10,6,38,7.104784686,447,510,1117.618378,574.6602437,10.08675212,4.296524094,453,18,9,5,32,509,4,1,1,6,485,515,494,16,438,9
20,1000,80,5.13,10.3,18,37,92,961,20,10,9,39,7.189695869,407,482,555.5931234,348.0994166,9.766340015,4.529258417,475,17,8,8,33,486,3,2,1,6,508,492,468,14,402,5
17,1000,80,5.13,10.3,18,37,97,967,17,7,9,33,7.140994777,458,504,982.3659541,518.7589157,10.24573597,4.134040707,462,15,6,9,30,505,2,1,0,3,492,508,485,19,447,11
23,1000,80,5.13,10.3,18,37,87,963,19,13,5,37,7.348797141,368,457,1136.672776,646.0613958,9.582626989,4.938490091,488,15,12,4,31,475,4,1,1,6,519,481,438,19,359,9
22,1000,80,5.13,10.3,18,37,86,945,36,15,4,55,7.676743207,390,460,515.3346641,265.8502259,10.26293027,4.995746844,463,30,12,4,46,482,6,3,0,9,509,491,448,12,380,10
24,1000,80,5.13,10.3,18,37,57,965,22,4,9,35,7.629990856,231,379,93.40993404,48.04026776,8.294759331,6.892294193,499,15,3,9,27,466,7,1,0,8,526,474,341,38,222,9
21,1000,80,5.13,10.3,18,37,91,951,27,12,10,49,7.99021875,365,465,571.5706769,289.5573218,10.66683918,5.078905092,477,22,12,10,44,474,5,0,0,5,521,479,443,22,355,10
18,1000,80,5.13,10.3,18,37,95,961,24,9,6,39,6.884726988,438,502,2285.1505,1062.171904,9.7810304,4.057110613,459,21,8,6,35,502,3,1,0,4,494,506,485,17,427,11
19,1000,80,5.13,10.3,18,37,93,960,24,10,6,40,7.094208034,436,508,1176.623681,604.4041281,10.13435646,4.231155634,451,20,9,5,34,509,4,1,1,6,485,515,494,14,429,7
20,1000,80,5.13,10.3,18,37,93,961,19,11,9,39,7.228952704,427,483,592.9401984,373.224278,9.862374135,4.509891552,475,16,9,8,33,486,3,2,1,6,508,492,472,11,414,13
17,1000,80,5.13,10.3,18,37,98,966,18,7,9,34,7.18320973,444,502,1037.916487,543.7631179,10.35010111,4.116062962,461,16,6,9,31,505,2,1,0,3,492,508,488,14,441,3
23,1000,80,5.13,10.3,18,37,88,962,20,13,5,38,7.3676086,369,462,1220.506308,688.3012029,9.620895417,4.93630744,487,16,12,4,32,475,4,1,1,6,519,481,445,17,356,13
22,1000,80,5.13,10.3,18,37,87,946,34,16,4,54,7.672583697,395,473,541.7609586,280.1331149,10.29997282,4.948874809,463,29,13,4,46,483,5,3,0,8,509,491,452,21,385,10
21,1000,80,5.13,10.3,18,37,92,950,28,12,10,50,7.986335817,370,466,607.0998476,307.2173323,10.71225498,5.021400774,476,23,12,10,45,474,5,0,0,5,521,479,441,25,361,9
19,1000,80,5.13,10.3,18,37,94,962,23,9,6,38,7.069860883,434,518,1279.146771,655.1523788,10.15238348,4.166902705,451,20,9,5,34,511,3,0,1,4,485,515,497,21,428,6
18,1000,80,5.13,10.3,18,37,96,962,24,8,6,38,6.905385302,437,496,2459.975666,1143.318388,9.877802613,4.003460101,459,21,8,6,35,503,3,0,0,3,494,506,474,22,431,6
24,1000,80,5.13,10.3,18,37,58,963,24,4,9,37,7.659427845,249,391,96.17799932,49.67814086,8.371312988,6.869445597,499,15,3,9,27,464,9,1,0,10,526,474,355,36,239,10
20,1000,80,5.13,10.3,18,37,94,960,20,11,9,40,7.227476341,424,496,620.2557027,387.2909128,9.902275216,4.465692136,474,17,9,8,34,486,3,2,1,6,508,492,471,25,408,16
17,1000,80,5.13,10.3,18,37,99,966,18,7,9,34,7.214548679,462,496,1085.977663,564.8765621,10.44063045,4.090075783,461,16,6,9,31,505,2,1,0,3,492,508,483,13,453,9
23,1000,80,5.13,10.3,18,37,89,961,21,13,5,39,7.385519692,371,457,1299.065487,738.5439725,9.672835861,4.91750079,486,17,12,4,33,475,4,1,1,6,519,481,441,16,358,13
22,1000,80,5.13,10.3,18,37,88,946,34,16,4,54,7.654736165,419,469,566.6838751,293.748192,10.30134731,4.911100578,463,29,13,4,46,483,5,3,0,8,509,491,446,23,405,14
21,1000,80,5.13,10.3,18,37,93,948,30,10,12,52,7.996736631,376,453,644.9324467,325.636837,10.78722489,4.9615709,475,24,10,12,46,473,6,0,0,6,521,479,444,9,366,10
19,1000,80,5.13,10.3,18,37,95,962,22,11,5,38,7.0589646,441,507,1351.900605,689.8975997,10.17890348,4.12076973,451,20,9,5,34,511,2,2,0,4,485,515,494,13,431,10
18,1000,80,5.13,10.3,18,37,97,961,25,8,6,39,6.896833126,457,496,2659.807345,1233.662415,9.889665623,3.974976894,459,21,8,6,35,502,4,0,0,4,494,506,483,13,441,16
20,1000,80,5.13,10.3,18,37,95,960,20,11,9,40,7.218032917,413,479,664.7682392,419.3702996,9.915228517,4.433123639,474,17,9,8,34,486,3,2,1,6,508,492,461,18,404,9
17,1000,80,5.13,10.3,18,37,100,965,19,7,9,35,7.176512545,455,510,1144.92065,594.217614,10.47654735,3.980415846,460,17,6,9,32,505,2,1,0,3,492,508,493,17,446,9
24,1000,80,5.13,10.3,18,37,59,966,21,4,9,34,7.638336142,261,370,99.36936364,51.30950296,8.407160005,6.785168733,499,15,3,9,27,467,6,1,0,7,526,474,345,25,249,12
23,1000,80,5.13,10.3,18,37,90,960,22,13,5,40,7.41307721,385,462,1401.366818,813.7031784,9.712302559,4.932208279,486,17,12,4,33,474,5,1,1,7,519,481,450,12,372,13
19,1000,80,5.13,10.3,18,37,96,963,21,11,5,37,7.031431628,456,503,1476.750774,752.8001287,10.18523257,4.061347251,451,20,9,5,34,512,1,2,0,3,485,515,490,13,450,6
21,1000,80,5.13,10.3,18,37,94,948,30,8,14,52,8.014638598,370,462,691.9481242,350.1703496,10.85416909,4.926130483,475,24,8,14,46,473,6,0,0,6,521,479,446,16,361,9
22,1000,80,5.13,10.3,18,37,89,948,33,15,4,52,7.593535646,392,480,587.2154337,304.5572095,10.36357405,4.72194797,463,29,13,4,46,485,4,2,0,6,509,491,457,23,387,5
18,1000,80,5.13,10.3,18,37,98,960,26,8,6,40,6.944925458,457,486,2877.74863,1332.65424,9.969733704,3.991851795,458,22,8,6,36,502,4,0,0,4,494,506,482,4,442,15
20,1000,80,5.13,10.3,18,37,96,958,22,11,9,42,7.240684352,425,476,694.3162631,435.374205,9.961833443,4.431042608,472,19,9,8,36,486,3,2,1,6,508,492,462,14,414,11
17,1000,80,5.13,10.3,18,37,101,964,20,7,9,36,7.191865563,459,507,1205.893816,625.3242475,10.50797245,3.980202984,459,18,6,9,33,505,2,1,0,3,492,508,490,17,456,3
24,1000,80,5.13,10.3,18,37,60,965,22,4,9,35,7.628330231,247,382,104.7232148,53.95997063,8.450905512,6.715514623,498,16,3,9,28,467,6,1,0,7,526,474,356,26,236,11
23,1000,80,5.13,10.3,18,37,91,960,22,13,5,40,7.406566236,376,465,1493.250493,891.9284727,9.776309769,4.849608037,486,17,12,4,33,474,5,1,1,7,519,481,446,19,364,12
19,1000,80,5.13,10.3,18,37,97,962,23,10,5,38,7.049570199,455,504,1615.126474,823.4701948,10.28156058,4.005851105,449,22,9,5,36,513,1,1,0,2,485,515,490,14,444,11
18,1000,80,5.13,10.3,18,37,99,960,26,7,7,40,6.919606183,457,502,3063.938444,1432.394012,9.981250128,3.930570393,458,22,7,7,36,502,4,0,0,4,494,506,483,19,444,13
21,1000,80,5.13,10.3,18,37,95,948,30,8,14,52,7.987757417,376,460,732.1677687,371.3706513,10.85676671,4.867185721,475,24,8,14,46,473,6,0,0,6,521,479,446,14,370,6
22,1000,80,5.13,10.3,18,37,90,948,33,15,4,52,7.567013016,405,478,623.7706656,322.7592026,10.40060012,4.62954696,463,29,13,4,46,485,4,2,0,6,509,491,463,15,395,10
20,1000,80,5.13,10.3,18,37,97,959,22,10,9,41,7.231481265,429,488,729.0441308,452.4551934,10.02252576,4.349671094,472,19,9,8,36,487,3,1,1,5,508,492,471,17,424,5
17,1000,80,5.13,10.3,18,37,102,962,21,7,10,38,7.182491854,461,496,1284.778841,669.0923939,10.55641945,3.914829697,457,20,5,10,35,505,1,2,0,3,492,508,485,11,453,8
24,1000,80,5.13,10.3,18,37,61,964,23,4,9,36,7.618344341,254,379,109.6750879,56.57022991,8.494154124,6.64645416,498,16,3,9,28,466,7,1,0,8,526,474,358,21,251,3
23,1000,80,5.13,10.3,18,37,92,961,20,14,5,39,7.356428569,379,463,1578.492087,974.180613,9.827370166,4.69027745,486,16,13,4,33,475,4,1,1,6,519,481,444,19,373,6
19,1000,80,5.13,10.3,18,37,98,962,23,10,5,38,7.065733833,467,509,1804.544462,920.9414037,10.32013714,4.000907419,449,22,9,5,36,513,1,1,0,2,485,515,497,12,454,13
18,1000,80,5.13,10.3,18,37,100,960,26,7,7,40,6.914120857,451,489,3300.251548,1557.110583,10.03325514,3.868958139,458,22,7,7,36,502,4,0,0,4,494,506,481,8,441,10
21,1000,80,5.13,10.3,18,37,96,944,34,8,14,56,8.006120963,382,461,760.2365101,387.7765695,10.920615,4.836076303,471,28,8,14,50,473,6,0,0,6,521,479,445,16,374,8
22,1000,80,5.13,10.3,18,37,91,948,32,15,5,52,7.61100363,413,469,678.6179515,350.2079588,10.47744187,4.63948211,463,29,12,5,46,485,3,3,0,6,509,491,458,11,405,8
20,1000,80,5.13,10.3,18,37,98,959,22,10,9,41,7.232357774,423,486,767.0998333,481.7589103,10.06301784,4.309643724,472,19,9,8,36,487,3,1,1,5,508,492,472,14,415,8
17,1000,80,5.13,10.3,18,37,103,960,21,9,10,40,7.17099997,467,502,1347.805902,699.0766129,10.61349853,3.836926565,455,20,7,10,37,505,1,2,0,3,492,508,490,12,463,4
24,1000,80,5.13,10.3,18,37,62,964,23,4,9,36,7.619160964,260,389,113.2767612,58.69284953,8.51390986,6.62625396,498,16,3,9,28,466,7,1,0,8,526,474,358,31,248,12
23,1000,80,5.13,10.3,18,37,93,960,21,14,5,40,7.337400371,382,465,1743.335957,1102.636471,9.853418049,4.622612065,485,17,13,4,34,475,4,1,1,6,519,481,450,15,374,8
19,1000,80,5.13,10.3,18,37,99,958,26,11,5,42,7.077340637,454,510,2027.922395,1033.498814,10.38119138,3.96594722,445,25,10,5,40,513,1,1,0,2,485,515,498,12,446,8
18,1000,80,5.13,10.3,18,37,101,960,25,8,7,40,6.878161481,453,508,3575.475929,1682.543866,10.03526442,3.795930545,458,21,8,7,36,502,4,0,0,4,494,506,491,17,444,9
21,1000,80,5.13,10.3,18,37,97,943,35,8,14,57,8.00599845,380,476,798.2607114,406.7594346,10.95205008,4.801629136,470,29,8,14,51,473,6,0,0,6,521,479,451,25,372,8
22,1000,80,5.13,10.3,18,37,92,948,31,16,5,52,7.58874642,414,480,715.4390975,370.8921084,10.51175633,4.558579324,463,29,12,5,46,485,2,4,0,6,509,491,461,19,411,3
20,1000,80,5.13,10.3,18,37,99,959,22,10,9,41,7.220950626,424,500,789.5372509,494.5291558,10.08973621,4.258871204,472,19,9,8,36,487,3,1,1,5,508,492,472,28,417,7
17,1000,80,5.13,10.3,18,37,104,958,22,10,10,42,7.144120131,471,501,1421.924555,738.639918,10.66717006,3.732032409,453,21,8,10,39,505,1,2,0,3,492,508,494,7,464,7
25,1000,80,5.13,10.3,18,37,0,927,37,16,20,73,7.313,108,192,19.96465047,9.179046343,6.270955166,8.410677618,487,15,6,5,26,440,22,10,15,47,513,487,106,86,70,38
23,1000,80,5.13,10.3,18,37,94,959,22,14,5,41,7.316124119,386,465,1925.327611,1250.288368,9.854549337,4.577158031,484,18,13,4,35,475,4,1,1,6,519,481,454,11,377,9
19,1000,80,5.13,10.3,18,37,100,958,26,11,5,42,7.04169583,448,518,2198.844409,1114.793583,10.38986066,3.888569731,445,25,10,5,40,513,1,1,0,2,485,515,501,17,443,5
24,1000,80,5.13,10.3,18,37,63,964,23,4,9,36,7.631157711,274,397,117.4142922,60.99795629,8.584143673,6.573624765,498,16,3,9,28,466,7,1,0,8,526,474,366,31,262,12
18,1000,80,5.13,10.3,18,37,102,960,25,8,7,40,6.884630398,452,503,3808.140515,1807.347489,10.08687964,3.758323823,457,22,8,7,37,503,3,0,0,3,494,506,493,10,447,5
21,1000,80,5.13,10.3,18,37,98,942,36,8,14,58,7.98478664,392,453,851.6021584,434.82131,10.98749625,4.718791433,469,30,8,14,52,473,6,0,0,6,521,479,445,8,387,5
20,1000,80,5.13,10.3,18,37,100,957,23,11,9,43,7.227874484,416,480,815.1573028,508.9889575,10.14706849,4.213747344,470,20,10,8,38,487,3,1,1,5,508,492,469,11,410,6
22,1000,80,5.13,10.3,18,37,93,949,29,17,5,51,7.58089179,414,467,755.5960916,393.4985912,10.53677739,4.516643785,464,27,13,5,45,485,2,4,0,6,509,491,456,11,408,6
25,1000,80,5.13,10.3,18,37,1,928,38,14,20,72,7.320081426,110,224,20.06035132,9.258070592,6.285322813,8.410083825,488,15,5,5,25,440,23,9,15,47,513,487,112,112,72,38
23,1000,80,5.13,10.3,18,37,95,958,22,14,6,42,7.326173316,395,464,2016.168359,1297.621922,9.931082972,4.515470381,483,18,13,5,36,475,4,1,1,6,519,481,449,15,386,9
19,1000,80,5.13,10.3,18,37,101,957,26,12,5,43,7.040919571,459,502,2518.031601,1284.463318,10.42151599,3.857251095,444,25,11,5,41,513,1,1,0,2,485,515,496,6,451,8
18,1000,80,5.13,10.3,18,37,103,959,26,8,7,41,6.899379121,449,502,4069.6016,1951.090522,10.16649916,3.709740189,456,23,8,7,38,503,3,0,0,3,494,506,485,17,439,10
21,1000,80,5.13,10.3,18,37,99,940,38,8,14,60,7.969734816,396,463,904.0400566,463.9997878,11.03049567,4.640598271,468,31,8,14,53,472,7,0,0,7,521,479,451,12,387,9
24,1000,80,5.13,10.3,18,37,64,964,23,5,8,36,7.607482222,268,409,122.3654838,63.71300421,8.598834274,6.507374248,498,16,4,8,28,466,7,1,0,8,526,474,385,24,257,11
20,1000,80,5.13,10.3,18,37,101,957,23,11,9,43,7.196041815,437,490,859.1625629,541.6679207,10.14393899,4.152278067,470,20,10,8,38,487,3,1,1,5,508,492,477,13,425,12
22,1000,80,5.13,10.3,18,37,94,948,30,17,5,52,7.560021362,420,474,785.5509356,412.2780959,10.56483048,4.445056306,463,28,13,5,46,485,2,4,0,6,509,491,457,17,413,7
25,1000,80,5.13,10.3,18,37,2,929,38,12,21,71,7.330380755,104,221,20.12993454,9.323412568,6.317424713,8.397416586,488,16,4,5,25,441,22,8,16,46,513,487,121,100,65,39
23,1000,80,5.13,10.3,18,37,96,957,23,14,6,43,7.319837565,401,459,2170.863878,1409.909901,9.958751055,4.472444423,483,18,13,5,36,474,5,1,1,7,519,481,450,9,392,9
19,1000,80,5.13,10.3,18,37,102,957,26,12,5,43,7.011053263,465,519,2823.126137,1445.742145,10.41422596,3.806123636,444,25,11,5,41,513,1,1,0,2,485,515,505,14,453,12
18,1000,80,5.13,10.3,18,37,104,959,26,8,7,41,6.887842336,465,505,4368.949578,2113.289935,10.20117064,3.653090991,456,23,8,7,38,503,3,0,0,3,494,506,484,21,457,8
26,1000,80,5.13,10.3,18,37,0,938,27,17,18,62,6.94,102,198,19.99840325,8.934453836,6.082352941,7.832653061,485,12,5,8,25,453,15,12,10,37,510,490,105,93,70,32
21,1000,80,5.13,10.3,18,37,100,940,37,9,14,60,7.961180094,399,466,955.818576,496.1181709,11.06956109,4.580247946,468,31,8,14,53,472,6,1,0,7,521,479,453,13,392,7
20,1000,80,5.13,10.3,18,37,102,957,23,10,10,43,7.183830397,441,494,893.4205029,559.7938658,10.19602963,4.073673468,470,20,9,9,38,487,3,1,1,5,508,492,475,19,431,10
24,1000,80,5.13,10.3,18,37,65,965,22,5,8,35,7.573548029,271,409,134.0987149,69.32739364,8.663587394,6.363926287,498,16,4,8,28,467,6,1,0,7,526,474,377,32,264,7
22,1000,80,5.13,10.3,18,37,95,947,31,16,6,53,7.554402728,414,479,848.7091353,447.2467724,10.64077775,4.354881574,462,29,12,6,47,485,2,4,0,6,509,491,464,15,408,6
25,1000,80,5.13,10.3,18,37,3,930,37,12,21,70,7.336576206,93,223,20.21533525,9.406601736,6.322429463,8.404866308,489,15,4,5,24,441,22,8,16,46,513,487,132,91,62,31
23,1000,80,5.13,10.3,18,37,97,956,24,13,7,44,7.316336018,397,469,2307.631478,1514.602729,9.979568662,4.442702458,482,19,12,6,37,474,5,1,1,7,519,481,452,17,389,8
19,1000,80,5.13,10.3,18,37,103,957,25,13,5,43,7.019650164,462,513,3112.104041,1606.125038,10.44738955,3.791584917,444,24,12,5,41,513,1,1,0,2,485,515,504,9,456,6
26,1000,80,5.13,10.3,18,37,1,938,27,17,18,62,6.930367248,95,219,20.07094938,9.02582153,6.065204643,7.830842612,485,12,5,8,25,453,15,12,10,37,510,490,125,94,62,33
20,1000,80,5.13,10.3,18,37,103,958,22,10,10,42,7.165788349,436,486,939.8865392,596.1326921,10.24929394,3.982006148,470,20,9,9,38,488,2,1,1,4,508,492,469,17,430,6
21,1000,80,5.13,10.3,18,37,101,940,37,9,14,60,7.990297701,394,474,1008.581528,530.4825411,11.11003359,4.597015038,468,31,8,14,53,472,6,1,0,7,521,479,456,18,385,9
22,1000,80,5.13,10.3,18,37,96,947,31,16,6,53,7.561515598,421,470,904.6729392,480.4758574,10.70887092,4.298778613,462,29,12,6,47,485,2,4,0,6,509,491,461,9,411,10
25,1000,80,5.13,10.3,18,37,4,931,36,11,22,69,7.364829776,94,203,20.35316247,9.523596464,6.351358638,8.432408202,490,14,3,6,23,441,22,8,16,46,513,487,126,77,61,33
24,1000,80,5.13,10.3,18,37,66,965,22,5,8,35,7.544346725,282,393,141.165189,73.03841587,8.691105261,6.271783456,498,16,4,8,28,467,6,1,0,7,526,474,373,20,270,12
19,1000,80,5.13,10.3,18,37,104,957,24,14,5,43,7.056816503,472,507,3513.947069,1814.651429,10.55318054,3.76412416,444,23,13,5,41,513,1,1,0,2,485,515,498,9,463,9
23,1000,80,5.13,10.3,18,37,98,955,25,13,7,45,7.322043915,401,468,2444.540526,1623.562646,10.05767411,4.370293246,481,20,12,6,38,474,5,1,1,7,519,481,452,16,389,12
27,1000,80,5.13,10.3,18,37,0,938,31,16,15,62,7.099,89,199,19.97136733,9.026147555,6.284023669,7.937119675,483,10,7,7,24,455,21,9,8,38,507,493,111,88,61,28
20,1000,80,5.13,10.3,18,37,104,957,23,10,10,43,7.174386772,433,484,1005.57827,639.6268311,10.31991821,3.926561627,469,21,9,9,39,488,2,1,1,4,508,492,470,14,430,3
28,1000,80,5.13,10.3,18,37,0,933,31,15,21,67,7.411,109,198,20.11144314,9.309485441,6.555327869,8.2265625,462,14,6,6,26,471,17,9,15,41,488,512,118,80,82,27
21,1000,80,5.13,10.3,18,37,102,940,37,9,14,60,7.982828655,404,462,1104.803047,579.7739525,11.16141698,4.525533212,468,31,8,14,53,472,6,1,0,7,521,479,454,8,395,9
26,1000,80,5.13,10.3,18,37,2,938,27,17,18,62,6.955526681,101,222,20.09195546,9.062715679,6.076473555,7.870459527,485,12,5,8,25,453,15,12,10,37,510,490,111,111,78,23
22,1000,80,5.13,10.3,18,37,97,947,31,15,7,53,7.537232428,429,485,964.5045828,514.8425398,10.77698658,4.178709283,462,29,11,7,47,485,2,4,0,6,509,491,464,21,421,8
25,1000,80,5.13,10.3,18,37,5,932,36,11,21,68,7.366374744,110,209,20.46499975,9.631139571,6.366620218,8.419504255,490,14,3,6,23,442,22,8,15,45,513,487,134,75,85,25
24,1000,80,5.13,10.3,18,37,67,966,21,5,8,34,7.512028051,291,408,146.133322,75.73891111,8.71916508,6.172462488,498,16,4,8,28,468,5,1,0,6,526,474,370,38,276,15
23,1000,80,5.13,10.3,18,37,99,956,24,13,7,44,7.286872702,405,474,2659.174131,1771.762142,10.08461854,4.268099127,481,20,12,6,38,475,4,1,1,6,519,481,463,11,396,9
27,1000,80,5.13,10.3,18,37,1,939,30,16,15,61,7.107379918,99,211,20.06898757,9.107980417,6.308539973,7.928904973,483,10,7,7,24,456,20,9,8,37,507,493,117,94,66,33
21,1000,80,5.13,10.3,18,37,103,938,38,10,14,62,7.968435917,399,468,1190.183319,619.4986633,11.18772197,4.466874262,466,32,9,14,55,472,6,1,0,7,521,479,451,17,391,8
28,1000,80,5.13,10.3,18,37,1,936,28,16,20,64,7.382421735,105,191,20.14367401,9.360126535,6.537366871,8.187864652,464,12,6,6,24,472,16,10,14,40,488,512,103,88,75,30
26,1000,80,5.13,10.3,18,37,3,942,25,15,18,58,6.943146726,109,208,20.15737906,9.12693071,6.114403636,7.805716064,486,12,4,8,24,456,13,11,10,34,510,490,117,91,70,39
25,1000,80,5.13,10.3,18,37,6,932,38,11,19,68,7.367941614,102,196,20.59752423,9.732794923,6.412468791,8.374425306,490,14,3,6,23,442,24,8,13,45,513,487,121,75,76,26
22,1000,80,5.13,10.3,18,37,98,948,30,13,9,52,7.516726251,416,482,1028.30153,553.4897662,10.82671585,4.085392834,462,29,10,8,47,486,1,3,1,5,509,491,464,18,412,4
24,1000,80,5.13,10.3,18,37,68,966,21,5,8,34,7.514030702,290,407,151.1549327,78.18809745,8.748269721,6.144389934,498,16,4,8,28,468,5,1,0,6,526,474,386,21,279,11
23,1000,80,5.13,10.3,18,37,100,957,23,13,7,43,7.275570917,400,468,2812.262545,1849.254641,10.16286725,4.160172169,481,20,12,6,38,476,3,1,1,5,519,481,455,13,390,10
27,1000,80,5.13,10.3,18,37,2,939,29,17,15,61,7.171247311,94,227,20.12370599,9.156733982,6.419940539,7.943889365,483,9,8,7,24,456,20,9,8,37,507,493,136,91,66,28
21,1000,80,5.13,10.3,18,37,104,938,37,11,14,62,7.992726504,401,468,1284.494838,665.2875336,11.25955088,4.439458238,466,31,10,14,55,472,6,1,0,7,521,479,453,15,398,3
29,1000,80,5.13,10.3,18,37,0,937,24,16,23,63,7.546,107,231,19.98378505,9.200615353,6.591633466,8.508032129,482,8,6,6,20,455,16,10,17,43,502,498,120,111,73,34
28,1000,80,5.13,10.3,18,37,2,939,27,14,20,61,7.37357481,93,225,20.26546306,9.448169875,6.570851498,8.138670467,465,11,6,6,23,474,16,8,14,38,488,512,128,97,57,36
26,1000,80,5.13,10.3,18,37,4,944,24,14,18,56,6.932339978,89,202,20.21752103,9.183998013,6.109036409,7.789247776,487,12,3,8,23,457,12,11,10,33,510,490,115,87,58,31
25,1000,80,5.13,10.3,18,37,7,931,39,11,19,69,7.413326219,84,189,20.77075825,9.876805437,6.445344663,8.432986462,490,14,3,6,23,441,25,8,13,46,513,487,115,74,61,23
22,1000,80,5.13,10.3,18,37,99,947,30,13,10,53,7.521430471,426,474,1083.447975,586.4504369,10.87757653,4.042248511,461,29,10,9,48,486,1,3,1,5,509,491,461,13,421,5
24,1000,80,5.13,10.3,18,37,69,966,20,6,8,34,7.46946891,294,413,158.5447493,82.32585909,8.760572464,6.036725304,498,16,4,8,28,468,4,2,0,6,526,474,387,26,283,11
23,1000,80,5.13,10.3,18,37,101,957,22,13,8,43,7.275581624,404,476,3030.273635,1960.784904,10.22839991,4.089484549,481,19,12,7,38,476,3,1,1,5,519,481,463,13,393,11
27,1000,80,5.13,10.3,18,37,3,942,27,16,15,58,7.199606217,100,201,20.18708004,9.233801827,6.506186585,7.912717278,483,9,8,7,24,459,18,8,8,34,507,493,116,85,71,29
29,1000,80,5.13,10.3,18,37,1,938,24,15,23,62,7.548914294,95,204,20.09013209,9.3051552,6.622749507,8.482518156,482,8,6,6,20,456,16,9,17,42,502,498,127,77,68,27
25,1000,80,5.13,10.3,18,37,8,932,37,12,19,68,7.466594529,97,227,20.90924993,10.01252744,6.515568842,8.468393661,491,12,4,6,22,441,25,8,13,46,513,487,139,88,73,24
28,1000,80,5.13,10.3,18,37,3,939,27,14,20,61,7.416157769,99,212,20.37380895,9.517017613,6.628999444,8.166418049,465,11,6,6,23,474,16,8,14,38,488,512,119,93,75,24
22,1000,80,5.13,10.3,18,37,100,947,30,13,10,53,7.528137237,427,495,1194.533212,645.8950886,10.89603236,4.036775486,461,29,10,9,48,486,1,3,1,5,509,491,471,24,416,11
26,1000,80,5.13,10.3,18,37,5,944,26,13,17,56,6.924996468,105,211,20.30557556,9.259383091,6.144013484,7.73785631,488,12,2,8,22,456,14,11,9,34,510,490,132,79,74,31
23,1000,80,5.13,10.3,18,37,102,955,24,13,8,45,7.275778576,412,468,3170.192721,2034.48759,10.27815079,4.036212712,479,21,12,7,40,476,3,1,1,5,519,481,458,10,401,11
24,1000,80,5.13,10.3,18,37,70,966,20,6,8,34,7.483952933,300,423,171.0171751,88.65473414,8.805350849,6.017591533,498,16,4,8,28,468,4,2,0,6,526,474,399,24,286,14
27,1000,80,5.13,10.3,18,37,4,942,27,16,15,58,7.213698099,96,214,20.22602543,9.281743243,6.525829459,7.921100535,483,9,8,7,24,459,18,8,8,34,507,493,125,89,63,33
25,1000,80,5.13,10.3,18,37,9,932,37,12,19,68,7.466866645,114,205,21.15575919,10.18338314,6.557267577,8.425027471,491,12,4,6,22,441,25,8,13,46,513,487,126,79,82,32
29,1000,80,5.13,10.3,18,37,2,938,25,15,22,62,7.575367053,94,195,20.17451483,9.412334032,6.637285908,8.520982987,483,7,6,6,19,455,18,9,16,43,502,498,103,92,67,27
28,1000,80,5.13,10.3,18,37,4,939,27,14,20,61,7.427047163,108,211,20.52867739,9.622174935,6.65306089,8.164752831,465,11,6,6,23,474,16,8,14,38,488,512,123,88,80,28
22,1000,80,5.13,10.3,18,37,101,947,29,14,10,53,7.521497814,415,487,1268.320069,683.675803,10.90922339,4.009578632,461,28,11,9,48,486,1,3,1,5,509,491,467,20,409,6
26,1000,80,5.13,10.3,18,37,6,945,25,12,18,55,6.911601601,108,187,20.47255984,9.407389663,6.169732463,7.683751112,488,11,3,8,22,457,14,9,10,33,510,490,115,72,69,39
23,1000,80,5.13,10.3,18,37,103,952,27,13,8,48,7.295232848,416,478,3435.470424,2166.382452,10.35568803,3.992995347,476,24,12,7,43,476,3,1,1,5,519,481,462,16,405,11
24,1000,80,5.13,10.3,18,37,71,964,21,7,8,36,7.484622223,315,422,182.8937719,94.7332669,8.837173897,5.983689353,498,15,5,8,28,466,6,2,0,8,526,474,402,20,299,16
25,1000,80,5.13,10.3,18,37,10,933,37,12,18,67,7.474571044,97,232,21.39962528,10.36934689,6.600911463,8.394873642,491,12,4,6,22,442,25,8,12,45,513,487,151,81,78,19
27,1000,80,5.13,10.3,18,37,5,946,26,14,14,54,7.195161566,94,208,20.32693227,9.353938276,6.569969726,7.838107332,484,9,8,6,23,462,17,6,8,31,507,493,117,91,58,36
29,1000,80,5.13,10.3,18,37,3,939,23,16,22,61,7.567961123,112,216,20.23437226,9.485617404,6.654719663,8.488537855,483,6,7,6,19,456,17,9,16,42,502,498,131,85,82,30
22,1000,80,5.13,10.3,18,37,102,947,29,14,10,53,7.539603533,436,489,1367.394255,735.9375828,10.96582359,3.987778666,461,28,11,9,48,486,1,3,1,5,509,491,469,20,427,9
28,1000,80,5.13,10.3,18,37,5,938,28,14,20,62,7.484697961,83,214,20.64924493,9.705466784,6.712510269,8.220689356,465,11,6,6,23,473,17,8,14,39,488,512,141,73,49,34
26,1000,80,5.13,10.3,18,37,7,945,25,11,19,55,6.972531982,81,203,20.57355819,9.470334777,6.256836535,7.717439488,488,11,3,8,22,457,14,8,11,33,510,490,126,77,53,28
23,1000,80,5.13,10.3,18,37,104,952,26,14,8,48,7.303076477,402,470,3715.49577,2420.506708,10.39898302,3.962586887,476,24,12,7,43,476,2,2,1,5,519,481,458,12,397,5
30,1000,80,5.13,10.3,18,37,0,928,33,21,18,72,7.702,93,218,20.10919482,9.242002688,7.3401222,8.05108055,462,14,8,7,29,466,19,13,11,43,491,509,124,94,62,31
24,1000,80,5.13,10.3,18,37,72,964,22,6,8,36,7.482733685,303,418,189.9107109,99.19806378,8.904199915,5.905326013,497,16,5,8,29,467,6,1,0,7,526,474,395,23,291,12
25,1000,80,5.13,10.3,18,37,11,934,36,12,18,66,7.462365858,113,229,21.64236735,10.53124664,6.593971628,8.377121998,491,12,4,6,22,443,24,8,12,44,513,487,149,80,86,27
27,1000,80,5.13,10.3,18,37,6,948,26,12,14,52,7.203857347,90,198,20.43463185,9.428145807,6.621975413,7.802263311,484,9,8,6,23,464,17,4,8,29,507,493,120,78,63,27
29,1000,80,5.13,10.3,18,37,4,939,23,16,22,61,7.600855322,101,187,20.35376038,9.577345386,6.70464832,8.504260773,483,6,7,6,19,456,17,9,16,42,502,498,115,72,71,30
22,1000,80,5.13,10.3,18,37,103,947,28,15,10,53,7.529774894,434,482,1468.624073,796.3806124,10.9964252,3.936037606,461,27,12,9,48,486,1,3,1,5,509,491,472,10,426,8
28,1000,80,5.13,10.3,18,37,6,939,26,15,20,61,7.475754714,111,218,20.78124033,9.807794707,6.75206413,8.165522302,465,10,7,6,23,474,16,8,14,38,488,512,131,87,80,31
26,1000,80,5.13,10.3,18,37,8,947,24,10,19,53,6.996257095,89,216,20.78126792,9.604613514,6.29527439,7.72585134,488,11,3,8,22,459,13,7,11,31,510,490,134,82,61,28
30,1000,80,5.13,10.3,18,37,1,928,34,21,17,72,7.722726349,94,217,20.15072159,9.31266446,7.379776075,8.053548716,462,14,8,7,29,466,20,13,10,43,491,509,127,90,69,25
25,1000,80,5.13,10.3,18,37,12,936,35,11,18,64,7.461475397,106,212,21.8181292,10.66780096,6.676889773,8.287948549,490,13,4,6,23,446,22,7,12,41,513,487,148,64,80,26
24,1000,80,5.13,10.3,18,37,73,963,23,6,8,37,7.49474494,322,425,198.8648724,104.8847571,8.94740911,5.882716767,496,17,5,8,30,467,6,1,0,7,526,474,403,22,307,15
27,1000,80,5.13,10.3,18,37,7,948,26,12,14,52,7.211277124,95,192,20.52192467,9.482631683,6.631988067,7.80701658,484,9,8,6,23,464,17,4,8,29,507,493,116,76,72,23
29,1000,80,5.13,10.3,18,37,5,939,23,17,21,61,7.632541225,95,184,20.47635587,9.689682256,6.746484406,8.525714967,484,5,8,5,18,455,18,9,16,43,502,498,112,72,63,32
22,1000,80,5.13,10.3,18,37,104,948,28,14,10,52,7.486264064,434,481,1602.740514,872.5869925,11.0038084,3.839766983,461,27,12,9,48,487,1,2,1,4,509,491,469,12,423,11
31,1000,80,5.13,10.3,18,37,0,933,29,17,21,67,7.535,116,221,20.0695228,9.241252502,6.757637475,8.284872299,466,14,5,6,25,467,15,12,15,42,491,509,133,88,82,34
28,1000,80,5.13,10.3,18,37,7,940,25,15,20,60,7.485007065,102,230,20.88270563,9.880227196,6.782692698,8.154400445,465,10,7,6,23,475,15,8,14,37,488,512,148,82,77,25
26,1000,80,5.13,10.3,18,37,9,947,23,10,20,53,7.033442959,110,209,20.90876781,9.719184554,6.30370113,7.792970168,488,11,3,8,22,459,12,7,12,31,510,490,131,78,79,31
30,1000,80,5.13,10.3,18,37,2,932,33,19,16,68,7.697440758,86,200,20.22930176,9.390420754,7.414998684,7.969894704,463,13,8,7,28,469,20,11,9,40,491,509,117,83,62,24
25,1000,80,5.13,10.3,18,37,13,939,34,10,17,61,7.459696688,129,232,22.0803528,10.89802099,6.735635301,8.222414329,490,13,4,6,23,449,21,6,11,38,513,487,166,66,102,27
27,1000,80,5.13,10.3,18,37,8,949,25,12,14,51,7.265803076,108,200,20.63798466,9.580558095,6.671399893,7.877085863,484,9,8,6,23,465,16,4,8,28,507,493,125,75,73,35
29,1000,80,5.13,10.3,18,37,6,940,23,17,20,60,7.633993276,113,196,20.61575858,9.796977375,6.812317328,8.46226903,484,5,7,6,18,456,18,10,14,42,502,498,126,70,84,29
24,1000,80,5.13,10.3,18,37,74,964,22,6,8,36,7.473691064,332,415,208.9491803,112.20779,8.96289968,5.821109351,496,17,5,8,30,468,5,1,0,6,526,474,389,26,312,20
28,1000,80,5.13,10.3,18,37,8,940,25,15,20,60,7.491439961,109,223,21.06075521,10.00009568,6.805239425,8.145474847,464,11,7,6,24,476,14,8,14,36,488,512,131,92,83,26
31,1000,80,5.13,10.3,18,37,1,934,29,16,21,66,7.533476513,112,203,20.12255179,9.311807383,6.775740837,8.264416036,466,14,5,6,25,468,15,11,15,41,491,509,100,103,85,27
26,1000,80,5.13,10.3,18,37,10,947,22,11,20,53,7.077361464,104,203,20.95750853,9.8194214,6.362919801,7.820964011,488,11,3,8,22,459,11,8,12,31,510,490,128,75,68,36
30,1000,80,5.13,10.3,18,37,3,931,35,18,16,69,7.648905152,105,203,20.31582193,9.462537315,7.405370874,7.883827215,461,15,8,7,30,470,20,10,9,39,491,509,118,85,69,36
25,1000,80,5.13,10.3,18,37,14,942,31,11,16,58,7.40234661,117,240,22.20864489,11.0409118,6.732733699,8.107708875,491,12,4,6,22,451,19,7,10,36,513,487,170,70,83,34
27,1000,80,5.13,10.3,18,37,9,951,22,13,14,49,7.256327053,115,205,20.80360213,9.702958174,6.700662422,7.827771207,484,9,8,6,23,467,13,5,8,26,507,493,131,74,86,29
29,1000,80,5.13,10.3,18,37,7,941,23,18,18,59,7.638160097,121,219,20.72354126,9.886980831,6.858811226,8.423768799,484,5,7,6,18,457,18,11,12,41,502,498,135,84,80,41
28,1000,80,5.13,10.3,18,37,9,940,24,16,20,60,7.520859539,96,216,21.28458845,10.12448708,6.81158133,8.196890331,466,9,7,6,22,474,15,9,14,38,488,512,135,81,75,21
31,1000,80,5.13,10.3,18,37,2,934,31,15,20,66,7.545201292,96,227,20.2042365,9.378139098,6.812786285,8.251715571,466,14,5,6,25,468,17,10,14,41,491,509,132,95,68,28
24,1000,80,5.13,10.3,18,37,75,965,22,5,8,35,7.446353366,307,427,221.4935033,119.188382,8.963670482,5.76257952,497,17,4,8,29,468,5,1,0,6,526,474,399,28,299,8
26,1000,80,5.13,10.3,18,37,11,948,21,11,20,52,7.107799873,99,216,21.17140427,9.967214964,6.429998282,7.813266836,488,11,3,8,22,460,10,8,12,30,510,490,142,74,76,23
30,1000,80,5.13,10.3,18,37,4,937,29,19,15,63,7.629478325,99,233,20.4137615,9.542009699,7.427249734,7.824555415,462,14,8,7,29,475,15,11,8,34,491,509,146,87,71,28
25,1000,80,5.13,10.3,18,37,15,943,31,11,15,57,7.428592372,113,231,22.48638584,11.22546883,6.775018377,8.117059435,491,13,4,5,22,452,18,7,10,35,513,487,143,88,85,28
27,1000,80,5.13,10.3,18,37,10,954,18,14,14,46,7.269604519,84,225,20.94218486,9.80007599,6.755313379,7.798500276,484,9,8,6,23,470,9,6,8,23,507,493,142,83,62,22
29,1000,80,5.13,10.3,18,37,8,945,20,18,17,55,7.644799609,120,215,20.89238295,10.02858407,6.88999065,8.405671291,484,5,7,6,18,461,15,11,11,37,502,498,143,72,85,35
28,1000,80,5.13,10.3,18,37,10,941,22,17,20,59,7.511666983,112,211,21.45035386,10.24297406,6.806008165,8.184248044,466,9,7,6,22,475,13,10,14,37,488,512,142,69,84,28
26,1000,80,5.13,10.3,18,37,12,949,21,10,20,51,7.103581347,117,221,21.32478205,10.08919589,6.465936137,7.767252892,488,11,3,8,22,461,10,7,12,29,510,490,147,74,90,27
31,1000,80,5.13,10.3,18,37,3,937,29,14,20,63,7.531948543,97,206,20.27144093,9.422225929,6.807701183,8.230584013,466,14,5,6,25,471,15,9,14,38,491,509,120,86,61,36
24,1000,80,5.13,10.3,18,37,76,963,24,5,8,37,7.469316463,316,430,230.0824557,124.0200674,9.041206032,5.724983313,495,19,4,8,31,468,5,1,0,6,526,474,407,23,306,10
30,1000,80,5.13,10.3,18,37,5,938,29,19,14,62,7.637281917,93,207,20.47532873,9.621686644,7.449434566,7.818486337,462,14,8,7,29,476,15,11,7,33,491,509,127,80,62,31
25,1000,80,5.13,10.3,18,37,16,945,30,11,14,55,7.444444349,109,226,22.7492167,11.46637809,6.800754447,8.122499625,492,12,4,5,21,453,18,7,9,34,513,487,152,74,78,31
27,1000,80,5.13,10.3,18,37,11,953,20,13,14,47,7.319707736,88,239,21.05357251,9.863341071,6.75856212,7.896788521,484,9,8,6,23,469,11,5,8,24,507,493,148,91,64,24
28,1000,80,5.13,10.3,18,37,11,942,22,17,19,58,7.508822255,109,230,21.66320004,10.37535154,6.775832412,8.207453199,467,9,6,6,21,475,13,11,13,37,488,512,162,68,74,35
29,1000,80,5.13,10.3,18,37,9,945,20,18,17,55,7.657262569,104,230,21.00295489,10.13862448,6.928108066,8.392273734,484,5,7,6,18,461,15,11,11,37,502,498,150,80,75,29
26,1000,80,5.13,10.3,18,37,13,949,20,10,21,51,7.148090651,103,231,21.43791823,10.17970524,6.501524726,7.821047022,488,11,3,8,22,461,9,7,13,29,510,490,156,75,75,28
31,1000,80,5.13,10.3,18,37,4,939,28,13,20,61,7.51570061,100,218,20.30340328,9.450739047,6.817320378,8.189383703,467,14,4,6,24,472,14,9,14,37,491,509,128,90,74,26
30,1000,80,5.13,10.3,18,37,6,938,29,19,14,62,7.708526601,82,214,20.498873,9.64741111,7.525521649,7.885059865,462,14,8,7,29,476,15,11,7,33,491,509,137,77,59,23
24,1000,80,5.13,10.3,18,37,77,962,24,6,8,38,7.488361221,312,437,249.0041127,133.1485165,9.095057652,5.705402734,494,19,5,8,32,468,5,1,0,6,526,474,413,24,303,9
25,1000,80,5.13,10.3,18,37,17,945,31,11,13,55,7.488716646,129,236,23.07870633,11.74141916,6.878370656,8.131647844,492,13,4,4,21,453,18,7,9,34,513,487,169,67,98,31
27,1000,80,5.13,10.3,18,37,12,954,19,14,13,46,7.286022293,109,229,21.19245516,9.965666957,6.776614729,7.809895792,484,9,8,6,23,470,10,6,7,23,507,493,156,73,80,29
28,1000,80,5.13,10.3,18,37,12,943,22,17,18,57,7.504719305,117,214,21.8463699,10.50490388,6.777986147,8.197386846,468,9,5,6,20,475,13,12,12,37,488,512,153,61,85,32
29,1000,80,5.13,10.3,18,37,10,946,19,18,17,54,7.683799283,103,214,21.11139376,10.2464038,6.945631818,8.427895805,485,4,7,6,17,461,15,11,11,37,502,498,151,63,84,19
26,1000,80,5.13,10.3,18,37,14,949,21,10,20,51,7.158167927,107,236,21.64304526,10.33061809,6.543840401,7.797570045,488,11,3,8,22,461,10,7,12,29,510,490,162,74,86,21
31,1000,80,5.13,10.3,18,37,5,940,28,12,20,60,7.54341192,102,226,20.38469233,9.507706019,6.820925412,8.240348807,468,14,3,6,23,472,14,9,14,37,491,509,139,87,79,23
30,1000,80,5.13,10.3,18,37,7,936,31,19,14,64,7.763484492,102,220,20.61160406,9.719789235,7.582669101,7.937905625,461,15,8,7,30,475,16,11,7,34,491,509,143,77,71,31
25,1000,80,5.13,10.3,18,37,18,946,30,10,14,54,7.479789387,117,230,23.5106841,12.03892013,6.905902153,8.084315365,492,13,3,5,21,454,17,7,9,33,513,487,168,62,104,13
24,1000,80,5.13,10.3,18,37,78,962,24,6,8,38,7.485336183,335,432,271.6993215,144.1118663,9.150521473,5.637472339,494,19,5,8,32,468,5,1,0,6,526,474,409,23,322,13
27,1000,80,5.13,10.3,18,37,13,954,19,14,13,46,7.319368819,114,234,21.40604608,10.0996505,6.822800987,7.830037969,484,9,8,6,23,470,10,6,7,23,507,493,163,71,89,25
28,1000,80,5.13,10.3,18,37,13,944,22,16,18,56,7.517681623,105,217,22.10191797,10.66128603,6.812020799,8.190264595,468,9,5,6,20,476,13,11,12,36,488,512,154,63,82,23
29,1000,80,5.13,10.3,18,37,11,947,19,17,17,53,7.687099446,107,236,21.31801419,10.3769426,6.974591376,8.405330472,485,4,7,6,17,462,15,10,11,36,502,498,157,79,80,27
26,1000,80,5.13,10.3,18,37,15,948,22,10,20,52,7.186786435,109,216,21.83809627,10.48342555,6.598358365,7.799231978,488,11,3,8,22,460,11,7,12,30,510,490,151,65,89,20
30,1000,80,5.13,10.3,18,37,8,939,28,18,15,61,7.779240871,87,202,20.70163693,9.775693844,7.612468713,7.94011539,462,14,8,7,29,477,14,10,8,32,491,509,123,79,64,23
31,1000,80,5.13,10.3,18,37,6,942,26,12,20,58,7.564412347,105,221,20.49789855,9.584815852,6.865893047,8.238229589,468,14,3,6,23,474,12,9,14,35,491,509,140,81,82,23
25,1000,80,5.13,10.3,18,37,19,946,30,10,14,54,7.515969302,150,251,23.8951151,12.29970622,6.943604194,8.118891891,492,13,3,5,21,454,17,7,9,33,513,487,192,59,120,30
27,1000,80,5.13,10.3,18,37,14,955,19,13,13,45,7.30989906,97,250,21.59469874,10.20069555,6.826539858,7.806984488,484,9,8,6,23,471,10,5,7,22,507,493,173,77,74,23
24,1000,80,5.13,10.3,18,37,79,960,25,7,8,40,7.498881504,345,439,291.444793,154.0367585,9.226594103,5.581630814,492,20,6,8,34,468,5,1,0,6,526,474,410,29,338,7
28,1000,80,5.13,10.3,18,37,14,947,22,13,18,53,7.493933946,120,226,22.36790502,10.83468086,6.792307684,8.162671477,469,9,4,6,19,478,13,9,12,34,488,512,152,74,93,27
29,1000,80,5.13,10.3,18,37,12,948,18,17,17,52,7.699742038,116,222,21.48316963,10.50059114,6.97723049,8.428056891,486,3,7,6,16,462,15,10,11,36,502,498,144,78,82,34
26,1000,80,5.13,10.3,18,37,16,949,23,10,18,51,7.203250377,123,227,22.00971443,10.59693727,6.625120132,7.804977774,488,11,3,8,22,461,12,7,10,29,510,490,152,75,95,28
30,1000,80,5.13,10.3,18,37,9,941,27,17,15,59,7.795948834,86,214,20.80951654,9.839765757,7.63548155,7.95074144,463,14,7,7,28,478,13,10,8,31,491,509,138,76,62,24
31,1000,80,5.13,10.3,18,37,7,941,28,12,19,59,7.621478436,84,214,20.64143041,9.717946515,6.916065162,8.301945858,467,16,3,5,24,474,12,9,14,35,491,509,137,77,69,15
27,1000,80,5.13,10.3,18,37,15,956,18,13,13,44,7.275502834,105,223,21.78406878,10.30717401,6.828932871,7.734754296,484,9,8,6,23,472,9,5,7,21,507,493,157,66,79,26
25,1000,80,5.13,10.3,18,37,20,946,30,9,15,54,7.504835266,129,239,24.43201412,12.69920233,6.938852556,8.101034713,493,12,3,5,20,453,18,6,10,34,513,487,171,68,103,26
28,1000,80,5.13,10.3,18,37,15,946,23,13,18,54,7.506074557,92,210,22.5560692,10.9821594,6.809598437,8.16990336,468,10,4,6,20,478,13,9,12,34,488,512,158,52,74,18
24,1000,80,5.13,10.3,18,37,80,960,25,7,8,40,7.495532314,334,433,308.5606842,163.2186691,9.266407485,5.530383917,491,21,6,8,35,469,4,1,0,5,526,474,409,24,324,10
29,1000,80,5.13,10.3,18,37,13,949,17,17,17,51,7.705384437,106,223,21.72139631,10.66525068,6.997796503,8.418655808,486,3,7,6,16,463,14,10,11,35,502,498,140,83,83,23
26,1000,80,5.13,10.3,18,37,17,949,24,10,17,51,7.193229837,99,222,22.29379012,10.75857851,6.651767655,7.756792515,488,11,3,8,22,461,13,7,9,29,510,490,151,71,82,17
30,1000,80,5.13,10.3,18,37,10,940,30,17,13,60,7.825722026,112,211,20.92203467,9.917415064,7.715294714,7.932244246,462,15,7,7,29,478,15,10,6,31,491,509,139,72,78,34
27,1000,80,5.13,10.3,18,37,16,957,17,13,13,43,7.281030123,102,216,21.92118567,10.38463734,6.884258038,7.68906957,484,9,8,6,23,473,8,5,7,20,507,493,151,65,80,22
25,1000,80,5.13,10.3,18,37,21,948,27,10,15,52,7.536721101,131,267,24.93959603,13.02929735,6.990062662,8.112564591,493,12,3,5,20,455,15,7,10,32,513,487,201,66,107,24
31,1000,80,5.13,10.3,18,37,8,940,30,11,19,60,7.636755848,91,207,20.72468405,9.78154994,6.978158782,8.272062645,467,16,3,5,24,473,14,8,14,36,491,509,120,87,69,22
28,1000,80,5.13,10.3,18,37,16,946,23,13,18,54,7.565857988,113,262,22.8311546,11.15954249,6.904920652,8.195813887,468,10,4,6,20,478,13,9,12,34,488,512,174,88,98,15
29,1000,80,5.13,10.3,18,37,14,952,15,16,17,48,7.715312012,104,224,22.0451747,10.9124614,7.051430503,8.384525904,486,3,7,6,16,466,12,9,11,32,502,498,165,59,82,22
24,1000,80,5.13,10.3,18,37,81,959,26,7,8,41,7.480732248,351,431,326.5396141,172.5168916,9.310499525,5.450231008,490,22,6,8,36,469,4,1,0,5,526,474,411,20,343,8
26,1000,80,5.13,10.3,18,37,18,950,22,10,18,50,7.184090256,125,235,22.62035372,10.94973561,6.713282227,7.674114938,488,10,3,9,22,462,12,7,9,28,510,490,169,66,99,26
30,1000,80,5.13,10.3,18,37,11,940,31,16,13,60,7.802198231,120,220,21.11639662,10.03057154,7.735616581,7.866425324,461,16,7,7,30,479,15,9,6,30,491,509,139,81,92,28
27,1000,80,5.13,10.3,18,37,17,956,17,14,13,44,7.333348634,104,227,22.13638626,10.52429159,6.905201588,7.773654014,484,8,9,6,23,472,9,5,7,21,507,493,161,66,81,23
25,1000,80,5.13,10.3,18,37,22,950,27,10,13,50,7.494897464,154,254,25.48226656,13.41279897,7.024078953,7.990852077,493,12,3,5,20,457,15,7,8,30,513,487,194,60,121,33
31,1000,80,5.13,10.3,18,37,9,940,30,12,18,60,7.604321746,87,207,20.87490459,9.876126859,6.995499319,8.191614107,467,16,3,5,24,473,14,9,13,36,491,509,131,76,66,21
28,1000,80,5.13,10.3,18,37,17,949,22,10,19,51,7.561258131,128,235,23.11207426,11.34003613,6.942158568,8.151337402,468,10,4,6,20,481,12,6,13,31,488,512,169,66,101,27
29,1000,80,5.13,10.3,18,37,15,952,15,16,17,48,7.747688137,108,229,22.33992133,11.09299137,7.1224682,8.377929921,485,4,7,6,17,467,11,9,11,31,502,498,150,79,85,23
26,1000,80,5.13,10.3,18,37,19,950,22,10,18,50,7.184252216,112,223,22.9524401,11.17762817,6.738118265,7.648595716,487,11,3,9,23,463,11,7,9,27,510,490,155,68,90,22
24,1000,80,5.13,10.3,18,37,82,959,25,8,8,41,7.479004782,364,444,350.1808384,185.0041137,9.374995368,5.375015229,490,21,7,8,36,469,4,1,0,5,526,474,419,25,353,11
30,1000,80,5.13,10.3,18,37,12,941,31,15,13,59,7.847696755,118,210,21.31661798,10.15698299,7.797273762,7.896336617,461,16,7,7,30,480,15,8,6,29,491,509,133,77,90,28
27,1000,80,5.13,10.3,18,37,18,957,14,14,15,43,7.351067338,93,243,22.35434289,10.65865957,6.955876576,7.757480555,484,7,8,8,23,473,7,6,7,20,507,493,170,73,77,16
25,1000,80,5.13,10.3,18,37,23,951,27,9,13,49,7.507001701,144,271,26.30464642,13.93949987,7.070858664,7.966429583,493,12,3,5,20,458,15,6,8,29,513,487,211,60,112,32
31,1000,80,5.13,10.3,18,37,10,942,30,10,18,58,7.602963804,103,212,21.00277636,9.957267987,7.018725934,8.166541003,467,16,3,5,24,475,14,7,13,34,491,509,137,75,78,25
28,1000,80,5.13,10.3,18,37,18,951,20,11,18,49,7.554636455,140,239,23.47861692,11.58489425,6.933291278,8.146856077,469,8,5,6,19,482,12,6,12,30,488,512,179,60,110,30
29,1000,80,5.13,10.3,18,37,16,952,15,16,17,48,7.784763667,131,224,22.65540991,11.31855517,7.183355008,8.391002919,485,4,7,6,17,467,11,9,11,31,502,498,150,74,104,27
26,1000,80,5.13,10.3,18,37,20,951,22,9,18,49,7.243395583,122,232,23.40829907,11.43950941,6.841799442,7.661383404,487,11,3,9,23,464,11,6,9,26,510,490,169,63,98,24
24,1000,80,5.13,10.3,18,37,83,957,27,8,8,43,7.511003679,364,456,373.5155653,197.2160248,9.411233785,5.402309511,488,23,7,8,38,469,4,1,0,5,526,474,429,27,353,11
30,1000,80,5.13,10.3,18,37,13,944,30,15,11,56,7.826665489,96,225,21.4793861,10.27531939,7.803441611,7.849068091,462,14,8,7,29,482,16,7,4,27,491,509,152,73,69,27
27,1000,80,5.13,10.3,18,37,19,960,13,12,15,40,7.365132488,109,227,22.53281928,10.78741313,6.968964073,7.772551121,486,6,7,8,21,474,7,5,7,19,507,493,162,65,81,28
25,1000,80,5.13,10.3,18,37,24,951,27,9,13,49,7.524189446,138,273,26.90112585,14.30931909,7.083497534,7.988409057,493,12,3,5,20,458,15,6,8,29,513,487,218,55,120,18
31,1000,80,5.13,10.3,18,37,11,942,30,10,18,58,7.643324638,91,203,21.17139967,10.05064183,7.094601115,8.1726434,467,16,3,5,24,475,14,7,13,34,491,509,131,72,66,25
28,1000,80,5.13,10.3,18,37,19,952,19,11,18,48,7.545255588,119,239,23.76269479,11.7325789,6.980879233,8.083176801,469,8,5,6,19,483,11,6,12,29,488,512,181,58,101,18
29,1000,80,5.13,10.3,18,37,17,952,15,16,17,48,7.796948679,125,241,23.03151247,11.60040822,7.175648085,8.423239639,485,4,7,6,17,467,11,9,11,31,502,498,162,79,100,25
26,1000,80,5.13,10.3,18,37,21,951,23,9,17,49,7.258207708,105,226,23.76805667,11.70598091,6.863888567,7.668621507,487,11,3,9,23,464,12,6,8,26,510,490,172,54,82,23
24,1000,80,5.13,10.3,18,37,84,957,27,8,8,43,7.495269038,363,437,399.0959346,210.4209814,9.461778104,5.3130248,488,23,7,8,38,469,4,1,0,5,526,474,427,10,352,11
30,1000,80,5.13,10.3,18,37,14,944,31,14,11,56,7.837574097,101,213,21.64930353,10.40324136,7.843791213,7.83157684,462,14,8,7,29,482,17,6,4,27,491,509,156,57,78,23
27,1000,80,5.13,10.3,18,37,20,961,12,12,15,39,7.370827786,116,237,22.82211713,10.96070952,7.001829975,7.750304236,486,6,7,8,21,475,6,5,7,18,507,493,172,65,89,27
25,1000,80,5.13,10.3,18,37,25,952,26,10,12,48,7.522923096,136,263,27.54678259,14.72553643,7.084243703,7.985022745,494,11,3,5,19,458,15,7,7,29,513,487,202,61,114,22
31,1000,80,5.13,10.3,18,37,12,944,30,10,16,56,7.638755333,115,213,21.41391035,10.22085988,7.136241769,8.12349828,466,17,3,5,25,478,13,7,11,31,491,509,151,62,86,29
28,1000,80,5.13,10.3,18,37,20,952,21,11,16,48,7.568284292,115,220,24.08771301,11.92350779,7.029600077,8.081717685,469,9,5,5,19,483,12,6,11,29,488,512,164,56,93,22
29,1000,80,5.13,10.3,18,37,18,951,16,16,17,49,7.799886948,122,229,23.4065534,11.92439605,7.191517334,8.413143064,484,5,7,6,18,467,11,9,11,31,502,498,160,69,100,22
26,1000,80,5.13,10.3,18,37,22,951,23,9,17,49,7.24473271,106,263,24.2589831,12.0456813,6.881746174,7.622535024,487,11,3,9,23,464,12,6,8,26,510,490,193,70,94,12
27,1000,80,5.13,10.3,18,37,21,962,11,12,15,38,7.367065014,102,244,23.08481216,11.10071328,7.04330784,7.700016103,486,6,7,8,21,476,5,5,7,17,507,493,178,66,85,17
25,1000,80,5.13,10.3,18,37,26,955,25,8,12,45,7.465025367,129,272,28.41511174,15.31436531,7.065071125,7.886332403,495,10,3,5,18,460,15,5,7,27,513,487,217,55,113,16
30,1000,80,5.13,10.3,18,37,15,945,31,14,10,55,7.848847126,106,223,21.9162321,10.56758399,7.900782908,7.798747973,463,13,8,7,28,482,18,6,3,27,491,509,150,73,85,21
24,1000,80,5.13,10.3,18,37,85,957,26,9,8,43,7.472253013,375,449,428.6676803,224.3390694,9.490115803,5.233021308,488,23,7,8,38,469,3,2,0,5,526,474,429,20,361,14
31,1000,80,5.13,10.3,18,37,13,944,30,10,16,56,7.660378131,92,195,21.6284454,10.34731397,7.170697455,8.132742006,466,17,3,5,25,478,13,7,11,31,491,509,136,59,65,27
28,1000,80,5.13,10.3,18,37,21,951,22,11,16,49,7.579004151,126,257,24.50626842,12.19606978,7.06243911,8.071355206,468,10,5,5,20,483,12,6,11,29,488,512,188,69,101,25
29,1000,80,5.13,10.3,18,37,19,953,15,15,17,47,7.786750044,121,244,23.71624383,12.15698868,7.23234228,8.345610882,484,5,7,6,18,469,10,8,11,29,502,498,180,64,99,22
26,1000,80,5.13,10.3,18,37,23,950,24,9,17,50,7.21474425,142,240,24.81495513,12.41247672,6.923223633,7.518163668,486,12,3,9,24,464,12,6,8,26,510,490,183,57,116,26
27,1000,80,5.13,10.3,18,37,22,962,11,12,15,38,7.388992268,117,229,23.26457804,11.23311345,7.109576196,7.676343076,485,7,7,8,22,477,4,5,7,16,507,493,160,69,100,17
25,1000,80,5.13,10.3,18,37,27,957,24,7,12,43,7.430468812,149,290,29.34902245,15.93609476,7.1172115,7.760450334,495,10,3,5,18,462,14,4,7,25,513,487,219,71,131,18
30,1000,80,5.13,10.3,18,37,16,943,33,14,10,57,7.89484128,113,210,22.23768667,10.7772181,7.984319284,7.808527528,460,16,8,7,31,483,17,6,3,26,491,509,147,63,94,19
31,1000,80,5.13,10.3,18,37,14,944,29,11,16,56,7.695785019,115,208,21.81097624,10.48080157,7.204122734,8.170060426,466,17,3,5,25,478,12,8,11,31,491,509,138,70,82,33
24,1000,80,5.13,10.3,18,37,86,957,26,9,8,43,7.469903136,365,455,462.5251189,241.2881515,9.530715407,5.183010195,488,23,7,8,38,469,3,2,0,5,526,474,437,18,357,8
28,1000,80,5.13,10.3,18,37,22,950,23,11,16,50,7.612059193,132,233,24.91021743,12.42487862,7.120424775,8.080648248,468,10,5,5,20,482,13,6,11,30,488,512,181,52,110,22
29,1000,80,5.13,10.3,18,37,20,953,15,16,16,47,7.801362978,138,243,24.01603695,12.3985557,7.281167713,8.325736518,483,5,8,6,19,470,10,8,10,28,502,498,173,70,108,30
26,1000,80,5.13,10.3,18,37,24,950,24,9,17,50,7.236000114,142,245,25.3102803,12.75446966,6.960728939,7.522506848,486,12,3,9,24,464,12,6,8,26,510,490,186,59,113,29
27,1000,80,5.13,10.3,18,37,23,958,13,13,16,42,7.433825352,132,256,23.53015457,11.38040397,7.200807318,7.67346053,483,8,8,8,24,475,5,5,8,18,507,493,182,74,108,24
25,1000,80,5.13,10.3,18,37,28,957,24,7,12,43,7.446554379,148,300,30.20232229,16.49362619,7.172790299,7.734934202,495,10,3,5,18,462,14,4,7,25,513,487,232,68,128,20
30,1000,80,5.13,10.3,18,37,17,942,35,13,10,58,7.919497814,122,231,22.4545118,10.93280078,7.995155447,7.846515696,459,17,8,7,32,483,18,5,3,26,491,509,161,70,99,23
28,1000,80,5.13,10.3,18,37,23,949,24,11,16,51,7.62598427,138,275,25.4025265,12.72814327,7.166981155,8.063471614,468,10,5,5,20,481,14,6,11,31,488,512,207,68,128,10
31,1000,80,5.13,10.3,18,37,15,946,29,10,15,54,7.68295653,128,237,22.07750327,10.64565459,7.238386385,8.111805138,466,17,3,5,25,480,12,7,10,29,491,509,165,72,104,24
24,1000,80,5.13,10.3,18,37,87,958,25,9,8,42,7.450823629,389,457,490.831943,254.6701874,9.554940222,5.115875679,488,23,7,8,38,470,2,2,0,4,526,474,440,17,377,12
29,1000,80,5.13,10.3,18,37,21,952,16,16,16,48,7.851252008,133,221,24.46495365,12.71026563,7.349877755,8.356653364,482,6,8,6,20,470,10,8,10,28,502,498,164,57,113,20
26,1000,80,5.13,10.3,18,37,25,954,21,8,17,46,7.201550757,143,268,25.71509797,12.98037764,7.006349842,7.404719056,486,12,3,9,24,468,9,5,8,22,510,490,196,72,113,30
27,1000,80,5.13,10.3,18,37,24,958,14,13,15,42,7.440108265,126,234,23.8235088,11.59387018,7.245724375,7.640012184,483,8,8,8,24,475,6,5,7,18,507,493,167,67,102,24
25,1000,80,5.13,10.3,18,37,29,957,25,7,11,43,7.456307164,146,265,30.99003962,16.96520075,7.208337416,7.717515543,494,11,3,5,19,463,14,4,6,24,513,487,213,52,127,19
30,1000,80,5.13,10.3,18,37,18,943,34,13,10,57,7.939225433,104,251,22.73594432,11.10514027,8.064279492,7.818593718,458,18,8,7,33,485,16,5,3,24,491,509,178,73,88,16
28,1000,80,5.13,10.3,18,37,24,949,24,11,16,51,7.642471463,116,253,26.03691688,13.03375005,7.234202917,8.031602421,468,10,5,5,20,481,14,6,11,31,488,512,191,62,103,13
31,1000,80,5.13,10.3,18,37,16,945,29,11,15,55,7.696053874,118,216,22.29057068,10.78019407,7.319438423,8.0593509,465,17,4,5,26,480,12,7,10,29,491,509,145,71,91,27
29,1000,80,5.13,10.3,18,37,22,952,16,16,16,48,7.866838241,123,235,24.94183522,13.08681481,7.381111861,8.356466038,482,6,8,6,20,470,10,8,10,28,502,498,173,62,100,23
24,1000,80,5.13,10.3,18,37,88,958,25,9,8,42,7.42182852,379,461,536.7564382,279.0884359,9.567716897,5.040526228,488,23,7,8,38,470,2,2,0,4,526,474,437,24,368,11
26,1000,80,5.13,10.3,18,37,26,955,21,8,16,45,7.21986346,118,263,26.19951227,13.28671674,7.068888189,7.377000988,486,12,3,9,24,469,9,5,7,21,510,490,197,66,101,17
27,1000,80,5.13,10.3,18,37,25,957,15,12,16,43,7.47301679,120,238,24.08374678,11.77338171,7.301597972,7.649303485,483,8,7,9,24,474,7,5,7,19,507,493,191,47,101,19
25,1000,80,5.13,10.3,18,37,30,956,26,7,11,44,7.497374072,163,286,31.85832551,17.55910229,7.274732909,7.731901622,494,11,3,5,19,462,15,4,6,25,513,487,240,46,146,17
30,1000,80,5.13,10.3,18,37,19,944,33,13,10,56,7.951167654,107,236,23.0102462,11.28468159,8.112343485,7.795691557,458,18,8,7,33,486,15,5,3,23,491,509,172,64,89,18
28,1000,80,5.13,10.3,18,37,25,951,22,12,15,49,7.632326253,140,240,26.60972417,13.31558496,7.274670309,7.973217074,468,9,6,5,20,483,13,6,10,29,488,512,188,52,122,18
31,1000,80,5.13,10.3,18,37,17,944,30,11,15,56,7.715759977,97,236,22.53550224,10.91471158,7.33484589,8.083203625,465,17,4,5,26,479,13,7,10,30,491,509,161,75,84,13
29,1000,80,5.13,10.3,18,37,23,953,15,16,16,47,7.894480642,145,254,25.54293752,13.54513041,7.453592596,8.338909958,482,6,8,6,20,471,9,8,10,27,502,498,192,62,121,24
26,1000,80,5.13,10.3,18,37,27,955,21,8,16,45,7.258465682,112,267,26.87632579,13.66590941,7.089116462,7.434727114,486,12,3,9,24,469,9,5,7,21,510,490,212,55,94,18
24,1000,80,5.13,10.3,18,37,89,957,26,9,8,43,7.420350442,373,443,568.8908134,296.3018845,9.622190226,4.976958615,487,24,7,8,39,470,2,2,0,4,526,474,432,11,365,8
27,1000,80,5.13,10.3,18,37,26,955,17,13,15,45,7.473099412,128,242,24.45950105,11.97262996,7.33975351,7.610232012,482,8,8,9,25,473,9,5,6,20,507,493,179,63,105,23
25,1000,80,5.13,10.3,18,37,31,960,21,8,11,40,7.506048882,150,283,32.95945041,18.24859751,7.337958569,7.683113215,495,9,4,5,18,465,12,4,6,22,513,487,240,43,132,18
30,1000,80,5.13,10.3,18,37,20,945,32,13,10,55,7.968034677,111,222,23.25276753,11.44787377,8.129866597,7.811925693,458,18,8,7,33,487,14,5,3,22,491,509,165,57,85,26
28,1000,80,5.13,10.3,18,37,26,953,22,12,13,47,7.636444119,132,271,27.09788489,13.58364331,7.300129305,7.956994176,468,9,6,5,20,485,13,6,8,27,488,512,215,56,112,20
31,1000,80,5.13,10.3,18,37,18,947,29,9,15,53,7.73596071,121,213,22.77826782,11.07518793,7.384412775,8.075076693,465,17,4,5,26,482,12,5,10,27,491,509,147,66,93,28
29,1000,80,5.13,10.3,18,37,24,953,15,16,16,47,7.921922994,149,233,25.96267336,13.79211562,7.495597674,8.351672615,482,6,8,6,20,471,9,8,10,27,502,498,183,50,115,34
26,1000,80,5.13,10.3,18,37,28,955,22,6,17,45,7.268981943,151,265,27.50516977,13.99196091,7.132137174,7.411412212,485,13,2,10,25,470,9,4,7,20,510,490,214,51,122,29
27,1000,80,5.13,10.3,18,37,27,956,16,13,15,44,7.470298832,123,257,24.73209215,12.13222363,7.354895052,7.588979798,481,9,8,9,26,475,7,5,6,18,507,493,194,63,100,23
25,1000,80,5.13,10.3,18,37,32,959,22,8,11,41,7.519867585,165,290,33.91944845,18.85469096,7.375536293,7.671904448,494,10,4,5,19,465,12,4,6,22,513,487,228,62,142,23
24,1000,80,5.13,10.3,18,37,90,956,27,9,8,44,7.440621265,378,456,609.3167192,318.0450799,9.678918486,4.95677245,486,25,7,8,40,470,2,2,0,4,526,474,431,25,371,7
30,1000,80,5.13,10.3,18,37,21,949,30,12,9,51,7.957133186,121,231,23.62362107,11.64069472,8.18427181,7.73802697,459,17,9,6,32,490,13,3,3,19,491,509,184,47,96,25
28,1000,80,5.13,10.3,18,37,27,953,22,12,13,47,7.644126774,133,294,27.64825863,13.91186422,7.321172349,7.95194271,468,9,6,5,20,485,13,6,8,27,488,512,238,56,116,17
31,1000,80,5.13,10.3,18,37,19,946,30,10,14,54,7.750267384,102,210,23.15929158,11.32146867,7.431800454,8.057472223,465,17,4,5,26,481,13,6,9,28,491,509,156,54,83,19
29,1000,80,5.13,10.3,18,37,25,953,16,16,15,47,7.906739295,135,247,26.35806011,14.08153455,7.506038688,8.310658381,482,6,8,6,20,471,10,8,9,27,502,498,192,55,113,22
26,1000,80,5.13,10.3,18,37,29,955,22,6,17,45,7.319561411,132,281,27.98864947,14.27534108,7.20856313,7.435090233,485,13,2,10,25,470,9,4,7,20,510,490,217,64,119,13
27,1000,80,5.13,10.3,18,37,28,955,17,13,15,45,7.505283156,123,257,25.05576939,12.35467316,7.407231971,7.606118756,481,9,8,9,26,474,8,5,6,19,507,493,194,63,103,20
25,1000,80,5.13,10.3,18,37,33,963,19,8,10,37,7.485866566,169,275,35.06825469,19.59699196,7.447428404,7.526356869,494,10,4,5,19,469,9,4,5,18,513,487,230,45,150,19
24,1000,80,5.13,10.3,18,37,91,956,26,10,8,44,7.457285551,377,451,660.733045,343.8411175,9.740739465,4.923326144,486,24,8,8,40,470,2,2,0,4,526,474,436,15,367,10
30,1000,80,5.13,10.3,18,37,22,950,28,13,9,50,7.967258341,122,235,24.0361116,11.88622255,8.223041366,7.720520689,458,17,10,6,33,492,11,3,3,17,491,509,185,50,94,28
28,1000,80,5.13,10.3,18,37,28,954,23,11,12,46,7.637911482,149,291,28.54984867,14.346227,7.382780447,7.881083249,468,9,6,5,20,486,14,5,7,26,488,512,238,53,131,18
31,1000,80,5.13,10.3,18,37,20,946,30,10,14,54,7.725354465,122,247,23.50782136,11.51362492,7.432427211,8.007922799,465,17,4,5,26,481,13,6,9,28,491,509,174,73,100,22
29,1000,80,5.13,10.3,18,37,26,953,16,16,15,47,7.935183779,122,252,26.74463169,14.29637653,7.583630376,8.289560905,482,6,8,6,20,471,10,8,9,27,502,498,184,68,102,20
26,1000,80,5.13,10.3,18,37,30,955,22,6,17,45,7.315510523,162,268,28.82501876,14.77309061,7.231958834,7.402472486,485,13,2,10,25,470,9,4,7,20,510,490,219,49,138,24
27,1000,80,5.13,10.3,18,37,29,953,19,12,16,47,7.570040347,127,260,25.48772123,12.59615503,7.48643018,7.656024839,481,9,7,10,26,472,10,5,6,21,507,493,203,57,111,16
25,1000,80,5.13,10.3,18,37,34,964,18,8,10,36,7.451696205,185,303,36.32809531,20.5278138,7.426290409,7.478458367,495,9,4,5,18,469,9,4,5,18,513,487,254,49,164,21
30,1000,80,5.13,10.3,18,37,23,950,29,12,9,50,7.970374201,131,249,24.46059154,12.14764123,8.246753262,7.703768859,457,18,10,6,34,493,11,2,3,16,491,509,179,70,108,23
28,1000,80,5.13,10.3,18,37,29,955,22,11,12,45,7.641427937,158,274,29.24081227,14.72881324,7.402475662,7.869179325,469,8,6,5,19,486,14,5,7,26,488,512,230,44,138,20
24,1000,80,5.13,10.3,18,37,92,957,24,11,8,43,7.462299143,387,456,714.3726595,369.9473117,9.799747905,4.868421402,486,23,9,8,40,471,1,2,0,3,526,474,442,14,382,5
31,1000,80,5.13,10.3,18,37,21,945,32,10,13,55,7.737857556,125,247,23.73856889,11.63090828,7.477400993,7.989103474,464,18,4,5,27,481,14,6,8,28,491,509,179,68,98,27
29,1000,80,5.13,10.3,18,37,27,954,15,16,15,46,7.970157705,136,256,27.39836686,14.7039689,7.646352105,8.296564155,482,6,8,6,20,472,9,8,9,26,502,498,197,59,118,18
26,1000,80,5.13,10.3,18,37,31,954,23,6,17,46,7.311300881,131,289,29.70549941,15.32477378,7.235941794,7.38973585,485,13,2,10,25,469,10,4,7,21,510,490,223,66,114,17
27,1000,80,5.13,10.3,18,37,30,953,19,12,16,47,7.591211337,142,272,25.95947959,12.90704256,7.55074147,7.632830449,481,9,7,10,26,472,10,5,6,21,507,493,214,58,117,25
25,1000,80,5.13,10.3,18,37,35,966,17,8,9,34,7.465257669,171,293,37.36551287,21.12037357,7.496284571,7.432574301,495,9,4,5,18,471,8,4,4,16,513,487,241,52,150,21
30,1000,80,5.13,10.3,18,37,24,947,33,11,9,53,7.995739304,127,261,24.99379985,12.45625783,8.267902919,7.733200336,457,19,9,6,34,490,14,2,3,19,491,509,203,58,104,23
28,1000,80,5.13,10.3,18,37,30,955,21,13,11,45,7.663554809,140,278,30.17809098,15.21260906,7.432431623,7.883844097,468,8,7,5,20,487,13,6,6,25,488,512,221,57,125,15
24,1000,80,5.13,10.3,18,37,93,957,24,10,9,43,7.460073511,391,459,755.309651,390.0542828,9.831382578,4.828620833,486,23,8,9,40,471,1,2,0,3,526,474,434,25,385,6
31,1000,80,5.13,10.3,18,37,22,944,33,10,13,56,7.749263937,134,244,24.10721301,11.85308118,7.501855947,7.987922725,463,19,4,5,28,481,14,6,8,28,491,509,185,59,111,23
29,1000,80,5.13,10.3,18,37,28,953,16,15,16,47,7.990182742,129,270,28.12269618,15.07000845,7.7016593,8.281023641,482,6,7,7,20,471,10,8,9,27,502,498,212,58,117,12
26,1000,80,5.13,10.3,18,37,32,954,23,6,17,46,7.331540228,131,293,30.76193213,15.93457099,7.276248536,7.389088725,485,13,2,10,25,469,10,4,7,21,510,490,242,51,122,9
27,1000,80,5.13,10.3,18,37,31,954,19,12,15,46,7.587738042,135,264,26.38289896,13.16230276,7.597874091,7.577314153,481,9,7,10,26,473,10,5,5,20,507,493,210,54,114,21
25,1000,80,5.13,10.3,18,37,36,966,17,8,9,34,7.472320778,192,300,38.5839675,21.84600761,7.537244127,7.403931297,495,10,3,5,18,471,7,5,4,16,513,487,244,56,174,18
30,1000,80,5.13,10.3,18,37,25,948,33,10,9,52,7.99881274,144,245,25.5328581,12.75411568,8.281079129,7.726528266,458,19,8,6,33,490,14,2,3,19,491,509,199,46,120,24
28,1000,80,5.13,10.3,18,37,31,954,22,12,12,46,7.685534181,141,307,31.07659198,15.67084932,7.462182658,7.898416101,467,9,7,5,21,487,13,5,7,25,488,512,245,62,125,16
31,1000,80,5.13,10.3,18,37,23,945,33,9,13,55,7.728231494,128,247,24.56191521,12.10175381,7.510905578,7.937872013,463,19,4,5,28,482,14,5,8,27,491,509,189,58,105,23
29,1000,80,5.13,10.3,18,37,29,953,16,15,16,47,7.990762391,140,253,29.01366621,15.60478617,7.728750495,8.254878802,482,6,7,7,20,471,10,8,9,27,502,498,209,44,126,14
24,1000,80,5.13,10.3,18,37,94,958,23,10,9,42,7.420817651,400,457,805.576088,413.7049336,9.82660978,4.751098959,487,22,8,9,39,471,1,2,0,3,526,474,444,13,389,11
26,1000,80,5.13,10.3,18,37,33,955,23,6,16,45,7.329839669,150,284,31.87695131,16.57222881,7.36767366,7.290461433,485,13,2,10,25,470,10,4,6,20,510,490,238,46,133,17
27,1000,80,5.13,10.3,18,37,32,954,19,12,15,46,7.612771097,138,281,26.96964083,13.48244035,7.635677098,7.589214621,481,9,7,10,26,473,10,5,5,20,507,493,225,56,119,19
25,1000,80,5.13,10.3,18,37,37,967,17,8,8,33,7.465276393,171,307,40.21407906,22.8278315,7.566505655,7.358642693,495,10,3,5,18,472,7,5,3,15,513,487,247,60,158,13
30,1000,80,5.13,10.3,18,37,26,947,33,11,9,53,8.005196152,150,253,25.96889767,13.0448662,8.298251259,7.722504487,458,18,9,6,33,489,15,2,3,20,491,509,199,54,128,22
28,1000,80,5.13,10.3,18,37,32,954,22,12,12,46,7.717239946,155,299,32.19537848,16.22495979,7.500087063,7.924213787,467,9,7,5,21,487,13,5,7,25,488,512,260,39,136,19
29,1000,80,5.13,10.3,18,37,30,954,16,15,15,46,7.994582759,177,271,30.00174858,16.18508955,7.773870172,8.217068137,482,6,7,7,20,472,10,8,8,26,502,498,222,49,154,23
31,1000,80,5.13,10.3,18,37,24,947,31,9,13,53,7.727749185,128,244,24.91897214,12.32235146,7.559514492,7.890034519,463,18,5,5,28,484,13,4,8,25,491,509,185,59,108,20
26,1000,80,5.13,10.3,18,37,34,954,24,6,16,46,7.353263371,156,281,33.14481351,17.23794491,7.389213422,7.315845971,484,14,2,10,26,470,10,4,6,20,510,490,230,51,136,20
24,1000,80,5.13,10.3,18,37,95,956,25,10,9,44,7.405123138,401,463,858.1259972,438.3427364,9.874893998,4.664406952,487,22,8,9,39,469,3,2,0,5,526,474,446,17,394,7
27,1000,80,5.13,10.3,18,37,33,953,21,11,15,47,7.621939135,137,254,27.4262685,13.74056248,7.669452444,7.573076565,481,10,6,10,26,472,11,5,5,21,507,493,207,47,119,18
25,1000,80,5.13,10.3,18,37,38,968,16,9,7,32,7.445795672,179,323,41.08470722,23.394523,7.570038035,7.314920248,495,10,4,4,18,473,6,5,3,14,513,487,271,52,160,19
28,1000,80,5.13,10.3,18,37,33,954,21,13,12,46,7.722855239,160,310,33.00986526,16.61869785,7.527083436,7.909450239,467,9,7,5,21,487,12,6,7,25,488,512,260,50,141,19
30,1000,80,5.13,10.3,18,37,27,946,34,11,9,54,8.037819388,133,254,26.58710636,13.3534785,8.374389113,7.713151932,457,19,9,6,34,489,15,2,3,20,491,509,209,45,114,19
29,1000,80,5.13,10.3,18,37,31,953,17,15,15,47,8.021514279,139,311,31.27710888,17.03042515,7.811767807,8.232945461,481,7,7,7,21,472,10,8,8,26,502,498,250,61,125,14
31,1000,80,5.13,10.3,18,37,25,948,30,9,13,52,7.764447419,112,260,25.37582191,12.58529537,7.580565575,7.941826566,463,18,5,5,28,485,12,4,8,24,491,509,197,63,96,16
26,1000,80,5.13,10.3,18,37,35,956,22,7,15,44,7.40697887,153,310,34.45382302,17.99190805,7.498990679,7.311211476,484,14,2,10,26,472,8,5,5,18,510,490,260,50,138,15
27,1000,80,5.13,10.3,18,37,34,955,20,10,15,45,7.637572284,144,274,28.02574042,14.06269072,7.722019214,7.550727268,481,10,5,11,26,474,10,5,4,19,507,493,218,56,123,21
25,1000,80,5.13,10.3,18,37,39,967,17,9,7,33,7.487305807,189,314,42.54665089,24.23703231,7.648512006,7.317493118,494,11,4,4,19,473,6,5,3,14,513,487,267,47,175,14
24,1000,80,5.13,10.3,18,37,96,957,25,9,9,43,7.410178123,390,464,925.0154043,473.7041849,9.979555878,4.558927703,487,22,8,9,39,470,3,1,0,4,526,474,446,18,388,2
28,1000,80,5.13,10.3,18,37,34,955,21,11,13,45,7.751643738,169,331,34.06604969,17.15906258,7.576211095,7.918852976,467,9,6,6,21,488,12,5,7,24,488,512,280,51,148,21
30,1000,80,5.13,10.3,18,37,28,944,36,11,9,56,8.075154851,147,265,27.34617189,13.78064683,8.418594844,7.743860083,457,19,9,6,34,487,17,2,3,22,491,509,216,49,128,19
29,1000,80,5.13,10.3,18,37,32,953,17,15,15,47,8.025892898,161,293,32.59353438,17.84913864,7.861194445,8.19191423,481,7,7,7,21,472,10,8,8,26,502,498,241,52,139,22
31,1000,80,5.13,10.3,18,37,26,947,32,9,12,53,7.767147863,130,245,25.85843098,12.88916468,7.60307455,7.925418976,463,19,4,5,28,484,13,5,7,25,491,509,197,48,108,22
26,1000,80,5.13,10.3,18,37,36,957,21,7,15,43,7.418933401,172,308,36.41562852,19.11871617,7.537695998,7.295323351,484,14,2,10,26,473,7,5,5,17,510,490,262,46,153,19
25,1000,80,5.13,10.3,18,37,40,967,17,9,7,33,7.458772193,193,316,44.02196116,25.13985002,7.679508,7.226251723,494,11,4,4,19,473,6,5,3,14,513,487,265,51,176,17
27,1000,80,5.13,10.3,18,37,35,957,18,10,15,43,7.653274332,148,297,28.6461226,14.39206187,7.781036659,7.521883866,482,9,5,11,25,475,9,5,4,18,507,493,236,61,125,23
28,1000,80,5.13,10.3,18,37,35,955,22,11,12,45,7.74393571,175,316,35.23886503,17.77306382,7.576709678,7.903323022,467,9,6,6,21,488,13,5,6,24,488,512,271,45,149,26
24,1000,80,5.13,10.3,18,37,97,957,25,9,9,43,7.411036432,403,468,975.321646,500.4776864,10.03501349,4.499196914,487,22,8,9,39,470,3,1,0,4,526,474,452,16,393,10
30,1000,80,5.13,10.3,18,37,29,944,36,11,9,56,8.10089211,142,274,28.37317834,14.28809904,8.486314766,7.729099332,457,19,9,6,34,487,17,2,3,22,491,509,222,52,126,16
29,1000,80,5.13,10.3,18,37,33,954,17,14,15,46,8.022741569,164,298,34.013956,18.76662017,7.89769137,8.148796188,481,7,7,7,21,473,10,7,8,25,502,498,246,52,146,18
31,1000,80,5.13,10.3,18,37,27,947,31,10,12,53,7.787850972,143,269,26.32744348,13.20708026,7.634422819,7.935853375,463,19,4,5,28,484,12,6,7,25,491,509,212,57,123,20
26,1000,80,5.13,10.3,18,37,37,958,21,7,14,42,7.390160246,158,307,38.12610318,20.08041984,7.569224428,7.203787322,484,14,2,10,26,474,7,5,4,16,510,490,266,41,142,16
27,1000,80,5.13,10.3,18,37,36,958,17,9,16,42,7.665938829,141,268,29.30628091,14.75381501,7.830751257,7.496446129,482,9,5,11,25,476,8,4,5,17,507,493,233,35,127,14
25,1000,80,5.13,10.3,18,37,41,967,17,9,7,33,7.447694474,192,315,45.49698592,26.0304692,7.693323869,7.188951395,494,11,4,4,19,473,6,5,3,14,513,487,271,44,170,22
28,1000,80,5.13,10.3,18,37,36,956,21,11,12,44,7.744853958,171,314,36.24394367,18.32514766,7.606749945,7.876484345,467,9,6,6,21,489,12,5,6,23,488,512,271,43,160,11
24,1000,80,5.13,10.3,18,37,98,958,24,9,9,42,7.388112345,394,466,1067.383453,547.291799,10.05225471,4.431701194,487,22,8,9,39,471,2,1,0,3,526,474,452,14,388,6
30,1000,80,5.13,10.3,18,37,30,944,35,12,9,56,8.130626702,166,266,29.61861677,14.90161926,8.562810869,7.713726061,457,18,10,6,34,487,17,2,3,22,491,509,210,56,140,26
29,1000,80,5.13,10.3,18,37,34,957,16,11,16,43,8.011896026,153,303,35.57002243,19.84472632,7.920790051,8.103733777,482,7,6,7,20,475,9,5,9,23,502,498,255,48,133,20
31,1000,80,5.13,10.3,18,37,28,948,32,9,11,52,7.781986057,113,277,26.96146613,13.55079835,7.706233564,7.855059681,463,19,4,5,28,485,13,5,6,24,491,509,214,63,99,14
25,1000,80,5.13,10.3,18,37,42,966,18,9,7,34,7.456196567,208,339,47.7942318,27.42662534,7.729561998,7.168236677,494,11,4,4,19,472,7,5,3,15,513,487,292,47,188,20
26,1000,80,5.13,10.3,18,37,38,960,20,6,14,40,7.379223413,177,323,40.14130704,21.20787375,7.586866947,7.163104633,485,13,2,10,25,475,7,4,4,15,510,490,285,38,158,19
27,1000,80,5.13,10.3,18,37,37,958,18,9,15,42,7.684325786,149,287,29.81713201,15.05831295,7.897537295,7.465059589,481,10,5,11,26,477,8,4,4,16,507,493,250,37,130,19
28,1000,80,5.13,10.3,18,37,37,956,21,11,12,44,7.745458034,193,318,37.58583906,19.06621393,7.683581118,7.80443447,466,10,6,6,22,490,11,5,6,22,488,512,276,42,175,18
30,1000,80,5.13,10.3,18,37,31,945,35,11,9,55,8.123523597,167,266,30.75699075,15.53885321,8.554819494,7.707479814,458,18,9,6,33,487,17,2,3,22,491,509,227,39,150,17
24,1000,80,5.13,10.3,18,37,99,957,25,9,9,43,7.412638454,403,465,1177.834853,600.7687057,10.09264677,4.438620792,487,22,8,9,39,470,3,1,0,4,526,474,453,12,396,7
29,1000,80,5.13,10.3,18,37,35,959,14,12,15,41,8.003514206,164,296,37.09163716,20.95218528,7.953274227,8.05415772,482,6,7,7,20,477,8,5,8,21,502,498,254,42,148,16
31,1000,80,5.13,10.3,18,37,29,949,31,9,11,51,7.802723575,144,299,27.51716299,13.89104803,7.759838331,7.84409225,463,19,4,5,28,486,12,5,6,23,491,509,240,59,124,20
25,1000,80,5.13,10.3,18,37,43,966,18,9,7,34,7.437714819,195,343,50.1041115,28.85098099,7.753269808,7.105312951,494,11,4,4,19,472,7,5,3,15,513,487,300,43,177,18
27,1000,80,5.13,10.3,18,37,38,959,17,9,15,41,7.69528759,158,282,30.4411308,15.41482283,7.935830827,7.447913511,481,10,5,11,26,478,7,4,4,15,507,493,230,52,141,17
26,1000,80,5.13,10.3,18,37,39,960,22,5,13,40,7.38262635,174,326,41.7266857,22.11005087,7.625013173,7.130346188,484,14,2,10,26,476,8,3,3,14,510,490,276,50,165,9
28,1000,80,5.13,10.3,18,37,38,957,20,11,12,43,7.764638593,202,340,38.49073617,19.55950535,7.761834761,7.767310995,466,10,6,6,22,491,10,5,6,21,488,512,288,52,181,21
30,1000,80,5.13,10.3,18,37,32,945,35,11,9,55,8.184453424,166,289,31.90012464,16.21865281,8.636040735,7.748835803,458,18,9,6,33,487,17,2,3,22,491,509,236,53,152,14
29,1000,80,5.13,10.3,18,37,36,959,14,12,15,41,8.02780058,168,320,38.42356698,21.67503167,8.005344996,8.05043653,482,6,7,7,20,477,8,5,8,21,502,498,265,55,156,12
24,1000,80,5.13,10.3,18,37,100,955,26,10,9,45,7.463619742,415,468,1266.773394,646.8309379,10.19288248,4.434944214,485,23,9,9,41,470,3,1,0,4,526,474,452,16,408,7
31,1000,80,5.13,10.3,18,37,30,949,31,9,11,51,7.783369932,133,288,28.13476864,14.22574941,7.737480436,7.827636617,463,19,4,5,28,486,12,5,6,23,491,509,229,59,106,27
25,1000,80,5.13,10.3,18,37,44,966,18,9,7,34,7.425680155,214,329,51.94542765,29.8684141,7.776449297,7.056184119,494,11,4,4,19,472,7,5,3,15,513,487,288,41,197,17
27,1000,80,5.13,10.3,18,37,39,959,17,9,15,41,7.707983397,148,285,31.16171574,15.79708972,7.975646149,7.432719675,481,10,5,11,26,478,7,4,4,15,507,493,238,47,132,16
26,1000,80,5.13,10.3,18,37,40,960,22,5,13,40,7.391621773,191,328,43.93415316,23.39500434,7.665933432,7.10611372,484,14,2,10,26,476,8,3,3,14,510,490,278,50,180,11
28,1000,80,5.13,10.3,18,37,39,957,20,11,12,43,7.797906559,193,339,39.69788877,20.18364351,7.794770795,7.800895334,466,10,6,6,22,491,10,5,6,21,488,512,289,50,178,15
30,1000,80,5.13,10.3,18,37,33,947,34,12,7,53,8.161304508,156,282,33.97986295,17.28795437,8.627775668,7.71132938,458,18,10,5,33,489,16,2,2,20,491,509,234,48,136,20
29,1000,80,5.13,10.3,18,37,37,960,14,11,15,40,8.004507482,172,316,40.22348839,22.71850421,8.039606608,7.969126436,482,6,7,7,20,478,8,4,8,20,502,498,275,41,150,22
25,1000,80,5.13,10.3,18,37,45,967,17,9,7,33,7.427361594,209,336,54.18075715,31.24625307,7.805728045,7.028794881,494,11,4,4,19,473,6,5,3,14,513,487,295,41,193,16
31,1000,80,5.13,10.3,18,37,31,949,32,8,11,51,7.7989112,130,276,28.67155458,14.54170955,7.783886793,7.813404293,462,20,4,5,29,487,12,4,6,22,491,509,222,54,112,18
27,1000,80,5.13,10.3,18,37,40,959,17,9,15,41,7.74982481,151,315,31.65557039,16.04272974,8.018667465,7.473347678,481,10,5,11,26,478,7,4,4,15,507,493,266,49,137,14
26,1000,80,5.13,10.3,18,37,41,960,22,6,12,40,7.377314107,199,332,45.75126458,24.38899503,7.705676937,7.035548713,484,14,2,10,26,476,8,4,2,14,510,490,291,41,183,16
24,1000,80,5.13,10.3,18,37,101,955,26,9,10,45,7.455866515,414,468,1305.768378,674.5345265,10.25096318,4.354134778,485,23,8,10,41,470,3,1,0,4,526,474,453,15,403,11
28,1000,80,5.13,10.3,18,37,40,956,21,12,11,44,7.80848945,190,347,41.30873546,20.96189471,7.818640449,7.79881428,466,10,6,6,22,490,11,6,5,22,488,512,297,50,174,16
30,1000,80,5.13,10.3,18,37,34,949,33,12,6,51,8.106318331,184,296,35.69021653,18.24208085,8.619618824,7.611169918,458,19,10,4,33,491,14,2,2,18,491,509,249,47,167,17
29,1000,80,5.13,10.3,18,37,38,961,13,11,15,39,8.037133818,183,311,42.35626821,24.05618711,8.097510451,7.976272231,482,6,7,7,20,479,7,4,8,19,502,498,266,45,167,16
25,1000,80,5.13,10.3,18,37,46,969,17,8,6,31,7.443091292,228,354,57.26448451,33.1992558,7.86381127,6.999909878,494,11,4,4,19,475,6,4,2,12,513,487,315,39,213,15
31,1000,80,5.13,10.3,18,37,32,950,31,7,12,50,7.831099013,144,277,29.40091464,14.96860037,7.85279558,7.810169711,462,20,3,6,29,488,11,4,6,21,491,509,227,50,126,18
27,1000,80,5.13,10.3,18,37,41,960,15,10,15,40,7.749023433,139,313,32.26303094,16.33745966,8.062845394,7.426289692,481,9,6,11,26,479,6,4,4,14,507,493,259,54,126,13
26,1000,80,5.13,10.3,18,37,42,960,21,7,12,40,7.387919361,217,339,47.97394976,25.50852056,7.755892882,7.004926513,484,13,3,10,26,476,8,4,2,14,510,490,295,44,200,17
24,1000,80,5.13,10.3,18,37,102,954,27,9,10,46,7.471576135,406,465,1438.942755,737.7116524,10.36535951,4.260331289,483,24,9,10,43,471,3,0,0,3,526,474,446,19,402,4
28,1000,80,5.13,10.3,18,37,41,955,23,12,10,45,7.800485511,210,334,43.0230682,21.84727783,7.870365314,7.733881324,465,12,5,6,23,490,11,7,4,22,488,512,298,36,197,13
30,1000,80,5.13,10.3,18,37,35,949,33,12,6,51,8.083793958,171,291,37.51034165,19.2275153,8.66137142,7.526641632,458,19,10,4,33,491,14,2,2,18,491,509,238,53,150,21
29,1000,80,5.13,10.3,18,37,39,962,12,10,16,38,8.049871844,198,318,44.21069844,25.25187256,8.116871942,7.982333592,482,6,6,8,20,480,6,4,8,18,502,498,277,41,173,25
25,1000,80,5.13,10.3,18,37,47,970,16,8,6,30,7.436367847,232,358,59.76606305,34.69899582,7.907512327,6.940069863,494,11,4,4,19,476,5,4,2,11,513,487,306,52,211,21
27,1000,80,5.13,10.3,18,37,42,960,15,10,15,40,7.746062611,169,318,33.04838469,16.73286197,8.078571263,7.404111523,481,9,6,11,26,479,6,4,4,14,507,493,273,45,155,14
31,1000,80,5.13,10.3,18,37,33,950,30,8,12,50,7.83677378,161,290,30.19506691,15.4024707,7.909139315,7.766967341,462,19,4,6,29,488,11,4,6,21,491,509,245,45,139,22
26,1000,80,5.13,10.3,18,37,43,960,21,8,11,40,7.411499122,199,319,50.71748234,26.96663143,7.83485461,6.970863818,484,12,4,10,26,476,9,4,1,14,510,490,288,31,182,17
28,1000,80,5.13,10.3,18,37,42,956,22,12,10,44,7.805057506,186,337,44.30538663,22.50806937,7.935603975,7.680630402,465,12,5,6,23,491,10,7,4,21,488,512,308,29,175,11
24,1000,80,5.13,10.3,18,37,103,954,27,9,10,46,7.479238276,415,473,1620.515165,825.5506155,10.40705501,4.230226456,483,24,9,10,43,471,3,0,0,3,526,474,451,22,409,6
30,1000,80,5.13,10.3,18,37,36,952,29,13,6,48,8.05414546,170,317,40.16059583,20.54102586,8.691996009,7.438851511,458,18,11,4,33,494,11,2,2,15,491,509,260,57,157,13
25,1000,80,5.13,10.3,18,37,48,970,16,8,6,30,7.434749503,221,355,62.75523788,36.62422976,7.960058577,6.881395182,494,11,4,4,19,476,5,4,2,11,513,487,317,38,205,16
29,1000,80,5.13,10.3,18,37,40,962,12,10,16,38,8.022591625,202,329,46.501323,26.94061348,8.137871487,7.90638582,482,6,6,8,20,480,6,4,8,18,502,498,292,37,185,17
27,1000,80,5.13,10.3,18,37,43,961,14,10,15,39,7.733316891,174,337,33.89861559,17.13755978,8.107493042,7.348515048,481,9,6,11,26,480,5,4,4,13,507,493,294,43,155,19
31,1000,80,5.13,10.3,18,37,34,950,28,10,12,50,7.862594364,156,288,31.00808791,15.84184926,7.953120247,7.775269789,462,18,5,6,29,488,10,5,6,21,491,509,238,50,137,19
26,1000,80,5.13,10.3,18,37,44,960,21,9,10,40,7.386263227,210,346,53.88125882,28.67086523,7.845923945,6.907840846,484,12,5,9,26,476,9,4,1,14,510,490,292,54,197,13
28,1000,80,5.13,10.3,18,37,43,955,23,12,10,45,7.792614973,220,380,46.04979793,23.46632697,7.947307248,7.645173899,465,12,5,6,23,490,11,7,4,22,488,512,340,40,203,17
24,1000,80,5.13,10.3,18,37,104,953,27,10,10,47,7.511100581,422,475,1929.004412,969.8925358,10.46555017,4.23253416,482,24,10,10,44,471,3,0,0,3,526,474,454,21,412,10
32,1000,80,5.13,10.3,18,37,0,938,28,15,19,62,7.383,89,231,20.0854275,9.198064414,6.563409563,8.142581888,462,9,5,5,19,476,19,10,14,43,481,519,137,94,59,30
30,1000,80,5.13,10.3,18,37,37,953,29,13,5,47,8.071429631,159,314,42.18490779,21.78864201,8.698524422,7.466511081,458,18,11,4,33,495,11,2,1,14,491,509,273,41,137,22
25,1000,80,5.13,10.3,18,37,49,970,17,7,6,30,7.478701626,212,359,65.57238396,38.38661125,8.029706067,6.89828011,493,12,4,4,20,477,5,3,2,10,513,487,321,38,198,14
29,1000,80,5.13,10.3,18,37,41,961,13,10,16,39,8.065317476,217,342,49.43670413,29.14756926,8.230409315,7.898899599,481,7,6,8,21,480,6,4,8,18,502,498,291,51,201,16
27,1000,80,5.13,10.3,18,37,44,961,14,10,15,39,7.718187732,169,330,34.92480882,17.65882002,8.121247925,7.30368161,482,8,6,11,25,479,6,4,4,14,507,493,271,59,149,20
31,1000,80,5.13,10.3,18,37,35,951,27,10,12,49,7.898359294,152,312,31.6879613,16.24070685,8.034163994,7.767357119,462,18,5,6,29,489,9,5,6,20,491,509,268,44,134,18
26,1000,80,5.13,10.3,18,37,45,962,20,8,10,38,7.363968321,203,353,56.96125587,30.17010787,7.84046852,6.868019135,484,12,5,9,26,478,8,3,1,12,510,490,319,34,185,18
28,1000,80,5.13,10.3,18,37,44,955,23,11,11,45,7.79548085,205,354,47.60135006,24.2530016,8.052953607,7.550077129,464,13,5,6,24,491,10,6,5,21,488,512,316,38,197,8
30,1000,80,5.13,10.3,18,37,38,954,28,13,5,46,8.035654728,179,301,44.5411982,22.93388156,8.701019219,7.393819826,458,18,11,4,33,496,10,2,1,13,491,509,267,34,162,17
32,1000,80,5.13,10.3,18,37,1,939,28,15,18,61,7.415622272,85,225,20.16503696,9.303508309,6.587192141,8.183396633,463,8,5,5,18,476,20,10,13,43,481,519,134,91,58,27
25,1000,80,5.13,10.3,18,37,50,971,17,6,6,29,7.485389545,229,349,69.54208279,40.91609584,8.071609687,6.867872228,492,13,4,4,21,479,4,2,2,8,513,487,309,40,210,19
29,1000,80,5.13,10.3,18,37,42,961,13,10,16,39,8.067511284,225,358,51.90243561,30.87199317,8.268648387,7.864758622,480,7,7,8,22,481,6,3,8,17,502,498,314,44,208,17
27,1000,80,5.13,10.3,18,37,45,962,14,9,15,38,7.696332074,177,342,36.10780026,18.17894333,8.127446698,7.252974844,482,8,6,11,25,480,6,3,4,13,507,493,300,42,154,23
31,1000,80,5.13,10.3,18,37,36,950,28,10,12,50,7.931133859,144,313,32.59530202,16.73333188,8.081856083,7.785741694,461,19,5,6,30,489,9,5,6,20,491,509,257,56,127,17
26,1000,80,5.13,10.3,18,37,46,962,19,9,10,38,7.370957827,212,347,59.50402262,31.44795773,7.881355938,6.83972714,484,12,5,9,26,478,7,4,1,12,510,490,310,37,195,17
28,1000,80,5.13,10.3,18,37,45,956,23,11,10,44,7.769182187,222,381,49.4814338,25.3210437,8.07499391,7.477705389,464,13,5,6,24,492,10,6,4,20,488,512,346,35,206,16
30,1000,80,5.13,10.3,18,37,39,954,28,13,5,46,8.05012083,195,310,47.82942676,24.50166105,8.758411948,7.366877334,457,18,12,4,34,497,10,1,1,12,491,509,265,45,176,19
25,1000,80,5.13,10.3,18,37,51,970,18,6,6,30,7.470348376,246,354,73.05052303,43.2703365,8.075645079,6.832736038,492,13,4,4,21,478,5,2,2,9,513,487,322,32,225,21
27,1000,80,5.13,10.3,18,37,46,962,15,8,15,38,7.711155256,174,326,37.2092376,18.70791412,8.165344279,7.244068371,482,8,6,11,25,480,7,2,4,13,507,493,284,42,163,11
29,1000,80,5.13,10.3,18,37,43,961,13,10,16,39,8.046671982,200,341,54.96735432,33.2109998,8.31699857,7.774174095,480,7,7,8,22,481,6,3,8,17,502,498,304,37,186,14
32,1000,80,5.13,10.3,18,37,2,938,29,15,18,62,7.502203282,99,243,20.21501191,9.353885495,6.6694388,8.273994642,463,8,5,5,18,475,21,10,13,44,481,519,137,106,75,24
26,1000,80,5.13,10.3,18,37,47,963,18,9,10,37,7.388755538,211,341,62.68927426,33.19319709,7.926064051,6.829516067,484,12,5,9,26,479,6,4,1,11,510,490,304,37,202,9
31,1000,80,5.13,10.3,18,37,37,951,28,9,12,49,7.950148993,172,277,33.60609817,17.26711734,8.100072578,7.805527224,463,18,4,6,28,488,10,5,6,21,491,509,235,42,154,18
28,1000,80,5.13,10.3,18,37,46,954,22,13,11,46,7.793553446,219,398,51.79368431,26.63011926,8.100891923,7.500621461,464,13,5,6,24,490,9,8,5,22,488,512,358,40,208,11
25,1000,80,5.13,10.3,18,37,52,970,18,6,6,30,7.416153403,234,374,76.54881661,45.55977311,8.108284681,6.687070557,491,14,4,4,22,479,4,2,2,8,513,487,334,40,221,13
30,1000,80,5.13,10.3,18,37,40,954,27,14,5,46,8.054970064,189,337,50.86589188,26.02590326,8.797679934,7.338524983,457,17,13,4,34,497,10,1,1,12,491,509,291,46,177,12
27,1000,80,5.13,10.3,18,37,47,960,17,8,15,40,7.706810433,177,357,38.18829588,19.19994828,8.231113168,7.167618776,480,10,6,11,27,480,7,2,4,13,507,493,309,48,163,14
29,1000,80,5.13,10.3,18,37,44,962,13,9,16,38,8.045324912,234,372,58.62285083,35.94619852,8.35362482,7.734548699,480,7,7,8,22,482,6,2,8,16,502,498,325,47,214,20
26,1000,80,5.13,10.3,18,37,48,963,18,9,10,37,7.406392655,231,351,66.81467014,35.34112479,7.97551887,6.814036798,484,12,5,9,26,479,6,4,1,11,510,490,313,38,215,16
31,1000,80,5.13,10.3,18,37,38,950,30,9,11,50,7.956912775,167,323,34.66904253,17.91159505,8.160051052,7.760958169,463,18,4,6,28,487,12,5,5,22,491,509,269,54,150,17
32,1000,80,5.13,10.3,18,37,3,939,28,15,18,61,7.52705695,86,225,20.28834727,9.44700721,6.710825318,8.283525958,463,8,5,5,18,476,20,10,13,43,481,519,136,89,53,33
28,1000,80,5.13,10.3,18,37,47,956,20,14,10,44,7.778072344,205,369,53.9220712,27.69186911,8.136038312,7.436886031,464,11,7,6,24,492,9,7,4,20,488,512,331,38,195,10
25,1000,80,5.13,10.3,18,37,53,971,17,6,6,29,7.406523202,242,361,80.49232651,48.19216087,8.130370311,6.644031278,492,13,4,4,21,479,4,2,2,8,513,487,337,24,225,17
30,1000,80,5.13,10.3,18,37,41,953,28,14,5,47,8.058738179,189,341,55.07090518,28.3016221,8.828920957,7.315791727,456,18,13,4,35,497,10,1,1,12,491,509,285,56,172,17
27,1000,80,5.13,10.3,18,37,48,961,16,8,15,39,7.699710581,188,346,39.64976689,20.009129,8.245252709,7.138676385,481,9,6,11,26,480,7,2,4,13,507,493,321,25,169,19
29,1000,80,5.13,10.3,18,37,45,964,12,9,15,36,8.029186749,237,364,62.38572617,38.48116131,8.407354475,7.647981532,480,7,7,8,22,484,5,2,7,14,502,498,331,33,219,18
26,1000,80,5.13,10.3,18,37,49,963,18,9,10,37,7.394241041,223,356,71.13848652,37.54134901,8.007854144,6.755582504,484,12,5,9,26,479,6,4,1,11,510,490,315,41,211,12
31,1000,80,5.13,10.3,18,37,39,951,30,9,10,49,7.946282065,203,306,35.59574162,18.50562733,8.19252918,7.7087431,463,18,4,6,28,488,12,5,4,21,491,509,266,40,181,22
28,1000,80,5.13,10.3,18,37,48,958,18,14,10,42,7.701804954,233,386,56.59735152,29.14282385,8.150891316,7.273769516,465,10,7,6,23,493,8,7,4,19,488,512,356,30,225,8
32,1000,80,5.13,10.3,18,37,4,939,31,12,18,61,7.535741351,100,219,20.35210786,9.512323554,6.732566888,8.280109206,462,9,5,5,19,477,22,7,13,42,481,519,130,89,79,21
25,1000,80,5.13,10.3,18,37,54,971,16,7,6,29,7.428539414,229,379,84.07301126,50.39586814,8.162471911,6.655423662,492,13,4,4,21,479,3,3,2,8,513,487,344,35,218,11
30,1000,80,5.13,10.3,18,37,42,954,28,13,5,46,8.073764422,192,334,58.26634148,30.06022727,8.893984582,7.282550083,456,19,12,4,35,498,9,1,1,11,491,509,291,43,177,15
27,1000,80,5.13,10.3,18,37,49,961,16,8,15,39,7.702849994,197,368,41.31421906,20.86935934,8.295702016,7.093162418,481,9,6,11,26,480,7,2,4,13,507,493,330,38,182,15
29,1000,80,5.13,10.3,18,37,46,965,13,8,14,35,8.006340721,215,362,66.77746662,41.41619091,8.437795975,7.571419963,480,7,7,8,22,485,6,1,6,13,502,498,313,49,204,11
26,1000,80,5.13,10.3,18,37,50,964,17,9,10,36,7.386901885,241,365,76.3565464,40.59374935,8.043542841,6.703459258,485,11,5,9,25,479,6,4,1,11,510,490,327,38,228,13
31,1000,80,5.13,10.3,18,37,40,955,27,8,10,45,7.936152417,185,310,36.88327426,19.19940098,8.216674136,7.665550916,464,17,4,6,27,491,10,4,4,18,491,509,271,39,159,26
28,1000,80,5.13,10.3,18,37,49,960,18,12,10,40,7.692850802,257,395,60.15431364,30.9605831,8.185289453,7.223495214,465,10,7,6,23,495,8,5,4,17,488,512,362,33,244,13
32,1000,80,5.13,10.3,18,37,5,940,30,12,18,60,7.532522271,109,196,20.44905781,9.597273585,6.745518708,8.261903223,462,9,5,5,19,478,21,7,13,41,481,519,118,78,72,37
25,1000,80,5.13,10.3,18,37,55,969,18,7,6,31,7.407679593,246,354,88.09925324,53.02167237,8.201319266,6.571669013,491,14,4,4,22,478,4,3,2,9,513,487,337,17,240,6
30,1000,80,5.13,10.3,18,37,43,951,30,14,5,49,8.099444558,198,348,60.55664752,31.08269265,8.940568578,7.288065591,454,21,12,4,37,497,9,2,1,12,491,509,293,55,174,24
27,1000,80,5.13,10.3,18,37,50,962,16,8,14,38,7.699431369,198,374,43.2269439,21.82973981,8.344117101,7.036438131,481,9,6,11,26,481,7,2,3,12,507,493,317,57,185,13
29,1000,80,5.13,10.3,18,37,47,963,15,8,14,37,8.012530164,256,371,72.78616297,45.94258802,8.484615745,7.536652731,479,8,7,8,23,484,7,1,6,14,502,498,340,31,244,12
26,1000,80,5.13,10.3,18,37,51,963,18,9,10,37,7.443300702,236,357,81.52199622,43.28332861,8.140630973,6.717507971,484,12,5,9,26,479,6,4,1,11,510,490,322,35,222,14
31,1000,80,5.13,10.3,18,37,41,955,28,7,10,45,7.916705869,186,342,38.25243882,19.98739939,8.235875964,7.608822731,463,18,4,6,28,492,10,3,4,17,491,509,286,56,167,19
28,1000,80,5.13,10.3,18,37,50,961,17,12,10,39,7.710895099,267,395,63.63238033,32.80691523,8.243277469,7.203468152,465,10,7,6,23,496,7,5,4,16,488,512,360,35,251,16
25,1000,80,5.13,10.3,18,37,56,969,18,7,6,31,7.427029367,238,400,91.90372452,55.53063039,8.281560179,6.526876788,491,14,4,4,22,478,4,3,2,9,513,487,362,38,228,10
32,1000,80,5.13,10.3,18,37,6,941,31,12,16,59,7.524802923,104,227,20.55180435,9.732150702,6.763912707,8.229982488,462,9,5,5,19,479,22,7,11,40,481,519,146,81,76,28
27,1000,80,5.13,10.3,18,37,51,962,16,8,14,38,7.668632331,214,351,45.1016979,22.82079222,8.368344222,6.949050325,481,9,6,11,26,481,7,2,3,12,507,493,319,32,193,21
30,1000,80,5.13,10.3,18,37,44,952,30,13,5,48,8.145387604,205,332,62.98182988,32.41032521,9.033110569,7.289057593,455,21,11,4,36,497,9,2,1,12,491,509,301,31,189,16
29,1000,80,5.13,10.3,18,37,48,961,16,9,14,39,8.046583546,246,382,77.53367534,49.18304604,8.547907101,7.541233296,479,8,7,8,23,482,8,2,6,16,502,498,338,44,227,19
26,1000,80,5.13,10.3,18,37,52,962,19,9,10,38,7.448161151,250,365,87.94777761,46.53113061,8.171801227,6.694984745,483,13,5,9,27,479,6,4,1,11,510,490,337,28,237,13
31,1000,80,5.13,10.3,18,37,42,955,28,7,10,45,7.906910776,199,335,39.71932966,20.83512416,8.269293976,7.557342698,462,19,4,6,29,493,9,3,4,16,491,509,284,51,182,17
28,1000,80,5.13,10.3,18,37,51,963,16,9,12,37,7.679901457,243,398,67.06012046,34.51084352,8.32233625,7.067580794,465,10,5,8,23,498,6,4,4,14,488,512,369,29,234,9
25,1000,80,5.13,10.3,18,37,57,970,18,6,6,30,7.384239026,245,396,98.96775086,59.6418626,8.289743109,6.43039181,491,14,4,4,22,479,4,2,2,8,513,487,357,39,232,13
27,1000,80,5.13,10.3,18,37,52,962,15,9,14,38,7.718182527,237,374,46.99918251,23.76499147,8.417582555,6.99892124,481,8,7,11,26,481,7,2,3,12,507,493,340,34,215,22
30,1000,80,5.13,10.3,18,37,45,951,31,13,5,49,8.160676685,209,360,65.66661451,33.99983788,9.064176997,7.289127268,455,21,11,4,36,496,10,2,1,13,491,509,321,39,195,14
32,1000,80,5.13,10.3,18,37,7,944,32,10,14,56,7.478802773,101,222,20.65310934,9.807985136,6.729672111,8.17308379,462,10,5,4,19,482,22,5,10,37,481,519,141,81,76,25
29,1000,80,5.13,10.3,18,37,49,960,17,10,13,40,8.005836902,257,377,81.29264009,51.35116823,8.570427597,7.436711343,479,8,7,8,23,481,9,3,5,17,502,498,347,30,244,13
26,1000,80,5.13,10.3,18,37,53,961,19,10,10,39,7.441852298,236,393,92.40572166,48.72847506,8.204283432,6.648301526,482,14,5,9,28,479,5,5,1,11,510,490,360,33,223,13
31,1000,80,5.13,10.3,18,37,43,955,28,7,10,45,7.898841485,195,325,40.96719814,21.5194799,8.30415957,7.507856848,462,19,4,6,29,493,9,3,4,16,491,509,289,36,180,15
28,1000,80,5.13,10.3,18,37,52,963,16,9,12,37,7.681189169,261,405,70.34786792,36.14523798,8.350304881,7.043438256,465,10,5,8,23,498,6,4,4,14,488,512,376,29,243,18
25,1000,80,5.13,10.3,18,37,58,970,18,6,6,30,7.332666169,260,397,103.9366318,62.44798166,8.321785632,6.290739507,491,14,4,4,22,479,4,2,2,8,513,487,359,38,246,14
27,1000,80,5.13,10.3,18,37,53,961,15,10,14,39,7.732435556,199,374,49.11362371,24.81821303,8.465794858,6.978250634,481,8,7,11,26,480,7,3,3,13,507,493,333,41,190,9
30,1000,80,5.13,10.3,18,37,46,953,30,12,5,47,8.13404588,226,347,68.86538661,35.82579835,9.092715687,7.209277952,455,21,11,4,36,498,9,1,1,11,491,509,307,40,211,15
29,1000,80,5.13,10.3,18,37,50,960,19,10,11,40,7.935298285,279,374,85.4271426,53.58227585,8.584657551,7.280723282,478,9,7,8,24,482,10,3,3,16,502,498,344,30,260,19
26,1000,80,5.13,10.3,18,37,54,960,21,9,10,40,7.484089175,247,379,101.3192412,52.90553566,8.330419376,6.603214884,481,15,5,9,29,479,6,4,1,11,510,490,346,33,235,12
32,1000,80,5.13,10.3,18,37,8,943,33,10,14,57,7.5297529,105,205,20.84448667,9.946168049,6.800183109,8.205905249,462,10,5,4,19,481,23,5,10,38,481,519,147,58,78,27
31,1000,80,5.13,10.3,18,37,44,955,28,6,11,45,7.852459429,202,366,42.78630015,22.45739313,8.311957798,7.409210512,462,19,4,6,29,493,9,2,5,16,491,509,310,56,191,11
28,1000,80,5.13,10.3,18,37,53,963,16,9,12,37,7.664102641,282,399,74.11613717,37.97402355,8.375641355,6.985917305,465,10,5,8,23,498,6,4,4,14,488,512,372,27,269,13
25,1000,80,5.13,10.3,18,37,59,970,19,6,5,30,7.340945089,251,403,110.8657181,66.14016014,8.377144844,6.249424608,491,14,4,4,22,479,5,2,1,8,513,487,361,42,236,15
27,1000,80,5.13,10.3,18,37,54,960,16,10,14,40,7.737775925,213,350,51.75090529,26.12855172,8.507323368,6.946375208,481,8,7,11,26,479,8,3,3,14,507,493,314,36,197,16
30,1000,80,5.13,10.3,18,37,47,954,29,13,4,46,8.084567311,214,355,71.34382368,37.39300345,9.071722366,7.132321472,455,21,12,3,36,499,8,1,1,10,491,509,327,28,194,20
29,1000,80,5.13,10.3,18,37,51,961,18,10,11,39,7.933625422,278,406,90.22792314,56.94493937,8.645348924,7.216185264,479,8,7,8,23,482,10,3,3,16,502,498,357,49,263,15
26,1000,80,5.13,10.3,18,37,55,960,21,9,10,40,7.464501123,250,393,110.5332486,57.56608106,8.341496792,6.551709712,481,15,5,9,29,479,6,4,1,11,510,490,361,32,235,15
31,1000,80,5.13,10.3,18,37,45,955,28,5,12,45,7.86425022,189,325,44.41177172,23.32540516,8.348504718,7.397120635,463,18,3,7,28,492,10,2,5,17,491,509,284,41,179,10
28,1000,80,5.13,10.3,18,37,54,964,15,9,12,36,7.618788029,262,430,79.0989658,40.39407934,8.390387884,6.883356918,465,10,5,8,23,499,5,4,4,13,488,512,395,35,254,8
32,1000,80,5.13,10.3,18,37,9,944,32,11,13,56,7.546127779,104,231,21.00531758,10.05583554,6.832725046,8.207296786,462,11,5,3,19,482,21,6,10,37,481,519,154,77,74,30
25,1000,80,5.13,10.3,18,37,60,968,21,6,5,32,7.34766501,282,399,117.0950443,69.88155404,8.436832581,6.200348863,490,15,4,4,23,478,6,2,1,9,513,487,368,31,272,10
27,1000,80,5.13,10.3,18,37,55,960,16,10,14,40,7.735512765,238,364,54.44725677,27.49842222,8.546727372,6.901261638,481,8,7,11,26,479,8,3,3,14,507,493,332,32,219,19
30,1000,80,5.13,10.3,18,37,48,956,27,13,4,44,8.054805615,230,375,74.04839748,39.14494817,9.094882183,7.05150975,456,20,12,3,35,500,7,1,1,9,491,509,330,45,217,13
29,1000,80,5.13,10.3,18,37,52,962,17,10,11,38,7.926079056,281,395,95.99150705,60.74264453,8.681560728,7.164529257,477,10,7,8,25,485,7,3,3,13,502,498,360,35,265,16
26,1000,80,5.13,10.3,18,37,56,959,23,8,10,41,7.474508865,255,395,118.9587996,61.47601227,8.411119718,6.499668998,480,16,5,9,30,479,7,3,1,11,510,490,365,30,244,11
31,1000,80,5.13,10.3,18,37,46,955,29,5,11,45,7.837066064,196,339,45.60898535,24.00229604,8.330869803,7.360724933,464,18,3,6,27,491,11,2,5,18,491,509,306,33,180,16
28,1000,80,5.13,10.3,18,37,55,964,15,9,12,36,7.591483115,285,429,82.3715492,42.07499389,8.441937177,6.780894086,465,10,5,8,23,499,5,4,4,13,488,512,394,35,274,11
32,1000,80,5.13,10.3,18,37,10,944,33,12,11,56,7.558311375,98,175,21.16516388,10.18396428,6.851904796,8.21299647,462,11,5,3,19,482,22,7,8,37,481,519,107,68,69,29
25,1000,80,5.13,10.3,18,37,61,970,19,6,5,30,7.32896137,268,393,124.0312499,73.99689277,8.488465836,6.107553175,490,15,4,4,23,480,4,2,1,7,513,487,370,23,251,17
27,1000,80,5.13,10.3,18,37,56,959,17,10,14,41,7.765648509,221,373,56.55179204,28.67961935,8.615334553,6.89183345,481,8,7,11,26,478,9,3,3,15,507,493,341,32,206,15
30,1000,80,5.13,10.3,18,37,49,957,26,13,4,43,8.049605693,241,350,75.81499443,40.13875871,9.126653059,7.010646445,457,19,12,3,34,500,7,1,1,9,491,509,328,22,215,26
29,1000,80,5.13,10.3,18,37,53,961,19,8,12,39,7.897986136,273,402,101.3902449,63.36505291,8.73263456,7.056633708,476,11,6,9,26,485,8,2,3,13,502,498,363,39,262,11
26,1000,80,5.13,10.3,18,37,57,959,23,8,10,41,7.495171383,267,395,126.8284476,64.69009748,8.485220334,6.464712271,480,16,5,9,30,479,7,3,1,11,510,490,370,25,255,12
28,1000,80,5.13,10.3,18,37,56,963,17,9,11,37,7.527926842,289,427,86.47629864,44.03161373,8.457578242,6.64185285,463,12,5,8,25,500,5,4,3,12,488,512,389,38,276,13
31,1000,80,5.13,10.3,18,37,47,955,29,5,11,45,7.83204605,211,344,47.87059945,25.33718304,8.337153141,7.344801292,464,18,3,6,27,491,11,2,5,18,491,509,318,26,201,10
25,1000,80,5.13,10.3,18,37,62,971,20,4,5,29,7.309625166,274,403,133.758725,79.94311525,8.534406717,6.019454867,489,17,3,4,24,482,3,1,1,5,513,487,375,28,262,12
32,1000,80,5.13,10.3,18,37,11,945,31,13,11,55,7.611793561,115,220,21.39496561,10.32562692,6.937173452,8.237019519,462,11,5,3,19,483,20,8,8,36,481,519,147,73,85,30
27,1000,80,5.13,10.3,18,37,57,960,16,10,14,40,7.749501838,235,395,59.08625747,30.14774582,8.660294315,6.812845072,481,8,7,11,26,479,8,3,3,14,507,493,356,39,217,18
30,1000,80,5.13,10.3,18,37,50,957,26,13,4,43,8.009682913,225,378,80.07793284,42.43685334,9.126653059,6.932212693,457,19,12,3,34,500,7,1,1,9,491,509,345,33,213,12
26,1000,80,5.13,10.3,18,37,58,960,23,7,10,40,7.480712922,277,401,133.9822998,68.34407817,8.501385405,6.418380339,480,16,5,9,30,480,7,2,1,10,510,490,373,28,263,14
29,1000,80,5.13,10.3,18,37,54,962,18,8,12,38,7.895205665,271,409,105.7254528,65.63733861,8.768571698,7.014824643,476,11,6,9,26,486,7,2,3,12,502,498,369,40,260,11
28,1000,80,5.13,10.3,18,37,57,963,17,9,11,37,7.478541491,309,430,90.44864148,46.01501883,8.479251802,6.524739477,463,12,5,8,25,500,5,4,3,12,488,512,401,29,289,20
31,1000,80,5.13,10.3,18,37,48,954,30,5,11,46,7.871658445,221,363,49.50031301,26.28740786,8.372587963,7.388443526,464,18,3,6,27,490,12,2,5,19,491,509,331,32,205,16
25,1000,80,5.13,10.3,18,37,63,971,20,4,5,29,7.3092089,286,409,142.6020456,84.70093555,8.621021701,5.92736092,489,17,3,4,24,482,3,1,1,5,513,487,380,29,273,13
27,1000,80,5.13,10.3,18,37,58,959,18,10,13,41,7.743178447,227,374,61.86872453,31.57487554,8.694978559,6.764349529,480,9,7,11,27,479,9,3,2,14,507,493,344,30,211,16
32,1000,80,5.13,10.3,18,37,12,945,31,13,11,55,7.633681621,99,205,21.60667775,10.46813809,6.980272435,8.239249673,462,11,5,3,19,483,20,8,8,36,481,519,131,74,78,21
30,1000,80,5.13,10.3,18,37,51,957,26,13,4,43,8.024918515,234,383,82.36746397,43.79934576,9.185593058,6.905289437,457,19,12,3,34,500,7,1,1,9,491,509,350,33,217,17
26,1000,80,5.13,10.3,18,37,59,958,25,7,10,42,7.494337594,286,396,138.5549054,70.64315088,8.572728346,6.371930893,479,17,5,9,31,479,8,2,1,11,510,490,365,31,272,14
29,1000,80,5.13,10.3,18,37,55,962,18,8,12,38,7.896745195,277,405,110.7320625,68.2159972,8.805102303,6.981092046,476,11,6,9,26,486,7,2,3,12,502,498,378,27,264,13
28,1000,80,5.13,10.3,18,37,58,962,18,9,11,38,7.452821041,295,434,94.40864018,48.00830374,8.52868638,6.427386889,462,13,5,8,26,500,5,4,3,12,488,512,407,27,281,14
31,1000,80,5.13,10.3,18,37,49,955,29,5,11,45,7.878045382,228,352,51.53347918,27.37696345,8.422183352,7.353150012,465,17,3,6,26,490,12,2,5,19,491,509,317,35,210,18
25,1000,80,5.13,10.3,18,37,64,971,19,5,5,29,7.330837187,296,423,151.1772263,90.29020325,8.687220395,5.90203927,489,16,4,4,24,482,3,1,1,5,513,487,380,43,278,18
27,1000,80,5.13,10.3,18,37,59,960,17,9,14,40,7.707670877,262,397,64.47090702,32.99326442,8.734105642,6.652087863,480,9,6,12,27,480,8,3,2,13,507,493,371,26,245,17
30,1000,80,5.13,10.3,18,37,52,956,27,13,4,44,8.029512038,231,379,84.81867204,45.03069361,9.227556217,6.873834844,456,20,12,3,35,500,7,1,1,9,491,509,346,33,220,11
26,1000,80,5.13,10.3,18,37,60,958,25,7,10,42,7.500897964,293,396,144.002243,73.27690798,8.606791786,6.349865619,479,17,5,9,31,479,8,2,1,11,510,490,373,23,280,13
29,1000,80,5.13,10.3,18,37,56,962,19,8,11,38,7.866999294,299,404,117.8600768,72.80467685,8.84358206,6.882572489,476,11,6,9,26,486,8,2,2,12,502,498,375,29,284,15
32,1000,80,5.13,10.3,18,37,13,946,31,12,11,54,7.668004765,104,211,21.82648424,10.64629072,6.994108543,8.292559837,464,10,4,3,17,482,21,8,8,37,481,519,148,63,77,27
28,1000,80,5.13,10.3,18,37,59,961,19,9,11,39,7.423530995,302,449,101.7009115,51.42160399,8.574063819,6.326929397,461,14,5,8,27,500,5,4,3,12,488,512,418,31,292,10
31,1000,80,5.13,10.3,18,37,50,954,29,6,11,46,7.87499076,235,371,53.8765634,28.64291315,8.479949323,7.291425624,463,18,4,6,28,491,11,2,5,18,491,509,340,31,218,17
25,1000,80,5.13,10.3,18,37,65,971,19,5,5,29,7.32572247,297,421,157.2144079,95.18824989,8.707167456,5.870524774,488,17,4,4,25,483,2,1,1,4,513,487,394,27,286,11
27,1000,80,5.13,10.3,18,37,60,962,17,7,14,38,7.70618579,256,394,66.92669969,34.32192865,8.783724176,6.598047937,479,10,6,12,28,483,7,1,2,10,507,493,363,31,243,13
30,1000,80,5.13,10.3,18,37,53,955,28,12,5,45,8.062432163,252,401,90.16803692,47.36818504,9.280522131,6.887418068,455,21,11,4,36,500,7,1,1,9,491,509,365,36,232,20
29,1000,80,5.13,10.3,18,37,57,962,19,8,11,38,7.834105631,304,409,123.5690006,75.83438447,8.888601848,6.771139566,476,11,6,9,26,486,8,2,2,12,502,498,386,23,293,11
26,1000,80,5.13,10.3,18,37,61,958,25,7,10,42,7.505417874,287,406,154.4815819,77.58675243,8.647484645,6.316736132,479,17,5,9,31,479,8,2,1,11,510,490,377,29,281,6
28,1000,80,5.13,10.3,18,37,60,962,18,9,11,38,7.394115258,315,445,109.7503255,55.42157728,8.642573901,6.204178114,460,15,5,8,28,502,3,4,3,10,488,512,413,32,302,13
32,1000,80,5.13,10.3,18,37,14,946,32,12,10,54,7.680019832,96,224,22.10682849,10.80696638,7.01080434,8.300236886,464,10,4,3,17,482,22,8,7,37,481,519,155,69,77,19
31,1000,80,5.13,10.3,18,37,51,954,29,6,11,46,7.879273167,224,379,56.8399264,30.38066246,8.518805389,7.262357015,463,18,4,6,28,491,11,2,5,18,491,509,340,39,206,18
25,1000,80,5.13,10.3,18,37,66,970,20,5,5,30,7.339844653,312,432,167.1192334,100.9118704,8.763392522,5.840296282,487,18,4,4,26,483,2,1,1,4,513,487,397,35,293,19
27,1000,80,5.13,10.3,18,37,61,962,17,8,13,38,7.691617148,268,400,70.99219202,36.67146859,8.833898415,6.516897874,479,10,6,12,28,483,7,2,1,10,507,493,366,34,256,12
30,1000,80,5.13,10.3,18,37,54,955,28,12,5,45,8.104420397,254,390,95.114367,49.85772692,9.404853719,6.849974894,455,21,11,4,36,500,7,1,1,9,491,509,354,36,242,12
29,1000,80,5.13,10.3,18,37,58,962,19,8,11,38,7.85287315,289,417,129.5140984,78.8890116,8.9635172,6.733308264,475,12,6,9,27,487,7,2,2,11,502,498,390,27,273,16
26,1000,80,5.13,10.3,18,37,62,958,25,7,10,42,7.537082025,273,405,169.7555356,83.25533927,8.697008139,6.329811988,479,17,5,9,31,479,8,2,1,11,510,490,380,25,261,12
28,1000,80,5.13,10.3,18,37,61,962,19,9,10,38,7.381840156,327,442,118.3176543,59.73916006,8.6946932,6.130527098,459,16,5,8,29,503,3,4,2,9,488,512,411,31,316,11
31,1000,80,5.13,10.3,18,37,52,954,29,6,11,46,7.855630194,230,380,59.2148759,31.83359024,8.527143348,7.207864067,463,18,4,6,28,491,11,2,5,18,491,509,345,35,216,14
32,1000,80,5.13,10.3,18,37,15,947,31,12,10,53,7.715783161,137,208,22.32499063,10.93110294,7.075607263,8.309086834,464,10,4,3,17,483,21,8,7,36,481,519,143,65,103,34
25,1000,80,5.13,10.3,18,37,67,970,20,5,5,30,7.320138374,315,428,177.2855649,105.833359,8.773806875,5.788861287,487,18,4,4,26,483,2,1,1,4,513,487,407,21,298,17
27,1000,80,5.13,10.3,18,37,62,963,16,8,13,37,7.646241675,254,404,74.08174379,38.33346654,8.839943134,6.418641999,479,10,6,12,28,484,6,2,1,9,507,493,384,20,247,7
30,1000,80,5.13,10.3,18,37,55,956,28,11,5,44,8.095406879,258,390,100.7985049,53.03705738,9.439489843,6.798855337,455,21,11,4,36,501,7,0,1,8,491,509,360,30,249,9
26,1000,80,5.13,10.3,18,37,63,960,24,5,11,40,7.497609067,296,409,180.2036644,88.3727063,8.73007107,6.214842493,478,18,4,10,32,482,6,1,1,8,510,490,378,31,286,10
29,1000,80,5.13,10.3,18,37,59,964,17,8,11,36,7.8355198,301,436,137.283896,82.99643401,8.96633242,6.695624347,475,12,6,9,27,489,5,2,2,9,502,498,400,36,294,7
28,1000,80,5.13,10.3,18,37,62,963,19,9,9,37,7.357062531,323,443,126.2901296,63.51038753,8.723631206,6.054551763,459,16,5,8,29,504,3,4,1,8,488,512,420,23,308,15
31,1000,80,5.13,10.3,18,37,53,953,30,6,11,47,7.854827469,248,346,62.39476821,33.97921169,8.543711351,7.190304904,463,18,4,6,28,490,12,2,5,19,491,509,321,25,235,13
25,1000,80,5.13,10.3,18,37,68,970,20,5,5,30,7.284230539,307,445,193.6384887,113.8271669,8.773800339,5.715135452,487,18,4,4,26,483,2,1,1,4,513,487,408,37,292,15
32,1000,80,5.13,10.3,18,37,16,946,32,12,10,54,7.682856998,132,239,22.47170431,11.0282514,7.100151956,8.222897702,464,10,4,3,17,482,22,8,7,37,481,519,170,69,100,32
27,1000,80,5.13,10.3,18,37,63,963,16,8,13,37,7.605602822,269,408,78.45974586,40.59595867,8.85347315,6.322296014,479,10,6,12,28,484,6,2,1,9,507,493,382,26,261,8
30,1000,80,5.13,10.3,18,37,56,956,29,11,4,44,8.043942855,274,403,104.1890485,55.18950191,9.458982021,6.678944368,455,21,11,4,36,501,8,0,0,8,491,509,374,29,260,14
26,1000,80,5.13,10.3,18,37,64,960,24,5,11,40,7.50324418,288,420,193.1249235,93.42938597,8.782630299,6.171638219,478,18,3,11,32,482,6,2,0,8,510,490,393,27,279,9
29,1000,80,5.13,10.3,18,37,60,963,18,8,11,37,7.798284771,320,422,145.714693,88.52525031,8.98992399,6.597074152,474,13,6,9,28,489,5,2,2,9,502,498,399,23,307,13
28,1000,80,5.13,10.3,18,37,63,962,20,9,9,38,7.391825349,334,463,132.9846265,66.8411711,8.800388039,6.049289036,459,16,5,8,29,503,4,4,1,9,488,512,432,31,324,10
31,1000,80,5.13,10.3,18,37,54,953,30,6,11,47,7.8738285,235,399,66.15122575,36.12110495,8.595040103,7.178121434,462,19,4,6,29,491,11,2,5,18,491,509,365,34,224,11
25,1000,80,5.13,10.3,18,37,69,971,20,5,4,29,7.298688372,315,419,202.9709669,119.4897782,8.816798494,5.699529248,487,18,4,4,26,484,2,1,0,3,513,487,397,22,304,11
27,1000,80,5.13,10.3,18,37,64,964,14,9,13,36,7.585206551,284,424,82.43397052,42.78807866,8.893556582,6.239702564,479,9,7,12,28,485,5,2,1,8,507,493,383,41,267,17
32,1000,80,5.13,10.3,18,37,17,944,34,12,10,56,7.688469022,116,257,22.68268836,11.17016423,7.115881862,8.219132653,463,11,4,3,18,481,23,8,7,38,481,519,183,74,95,21
30,1000,80,5.13,10.3,18,37,57,954,31,11,4,46,8.057351757,257,411,110.555066,59.35330842,9.520126215,6.646306062,454,22,11,4,37,500,9,0,0,9,491,509,381,30,246,11
26,1000,80,5.13,10.3,18,37,65,961,23,5,11,39,7.500636861,299,419,203.6749436,97.9359015,8.826331008,6.120832749,478,18,3,11,32,483,5,2,0,7,510,490,395,24,288,11
29,1000,80,5.13,10.3,18,37,61,963,19,8,10,37,7.765851257,315,429,155.5807851,93.75103263,9.015720078,6.50594333,474,14,6,8,28,489,5,2,2,9,502,498,402,27,301,14
28,1000,80,5.13,10.3,18,37,64,962,20,9,9,38,7.350076008,332,443,140.6878948,70.54371969,8.8163616,5.952522553,459,16,5,8,29,503,4,4,1,9,488,512,420,23,321,11
31,1000,80,5.13,10.3,18,37,55,953,30,6,11,47,7.850374979,267,396,69.53922837,38.34496553,8.645059336,7.083793408,462,19,4,6,29,491,11,2,5,18,491,509,371,25,250,17
25,1000,80,5.13,10.3,18,37,70,970,21,5,4,30,7.328762655,311,440,213.2630293,126.0329392,8.888168209,5.686103417,487,18,4,4,26,483,3,1,0,4,513,487,411,29,305,6
27,1000,80,5.13,10.3,18,37,65,964,15,9,12,36,7.557750311,283,408,86.56080464,45.1691519,8.958514353,6.11720798,478,10,7,12,29,486,5,2,0,7,507,493,384,24,278,5
32,1000,80,5.13,10.3,18,37,18,945,33,12,10,55,7.724670137,102,230,22.90635335,11.30506919,7.114272337,8.290375998,463,11,4,3,18,482,22,8,7,37,481,519,159,71,84,18
30,1000,80,5.13,10.3,18,37,58,954,31,11,4,46,8.042834501,263,384,118.3042471,63.08538196,9.531836663,6.606488605,454,22,11,4,37,500,9,0,0,9,491,509,363,21,258,5
29,1000,80,5.13,10.3,18,37,62,963,19,8,10,37,7.763301927,317,433,167.3637729,100.1584682,9.068617643,6.447501747,474,14,6,8,28,489,5,2,2,9,502,498,402,31,302,15
26,1000,80,5.13,10.3,18,37,66,962,22,5,11,38,7.462047514,310,391,219.3139858,103.8842396,8.857385678,6.009756772,478,17,4,11,32,484,5,1,0,6,510,490,377,14,298,12
28,1000,80,5.13,10.3,18,37,65,962,20,8,10,38,7.351940411,344,450,150.6375783,75.30360644,8.867429056,5.907490296,459,16,4,9,29,503,4,4,1,9,488,512,428,22,337,7
31,1000,80,5.13,10.3,18,37,56,953,30,6,11,47,7.8638466,274,408,73.54481,40.56096274,8.708338126,7.049219213,462,19,4,6,29,491,11,2,5,18,491,509,379,29,257,17
25,1000,80,5.13,10.3,18,37,71,970,21,5,4,30,7.301891889,322,431,226.6023398,134.233385,8.936972031,5.579517941,487,18,4,4,26,483,3,1,0,4,513,487,413,18,312,10
27,1000,80,5.13,10.3,18,37,66,964,15,9,12,36,7.546004165,292,426,91.91718838,48.23084599,8.991314489,6.059650546,478,10,7,12,29,486,5,2,0,7,507,493,398,28,282,10
30,1000,80,5.13,10.3,18,37,59,955,29,12,4,45,8.02368125,279,408,126.5420706,67.4012657,9.562051457,6.539713133,454,21,12,4,37,501,8,0,0,8,491,509,382,26,270,9
29,1000,80,5.13,10.3,18,37,63,962,20,8,10,38,7.716096308,338,429,179.9700475,108.4277873,9.108853783,6.312152027,473,15,6,8,29,489,5,2,2,9,502,498,403,26,324,14
26,1000,80,5.13,10.3,18,37,67,963,21,5,11,37,7.471338021,315,427,232.0316989,108.985774,8.929706911,5.95344387,478,17,4,11,32,485,4,1,0,5,510,490,405,22,303,12
28,1000,80,5.13,10.3,18,37,66,962,20,8,10,38,7.327985145,336,452,160.6383298,79.93032065,8.883976409,5.844930972,459,16,4,9,29,503,4,4,1,9,488,512,433,19,324,12
32,1000,80,5.13,10.3,18,37,19,947,31,12,10,53,7.725756465,115,221,23.22172916,11.49775939,7.181116142,8.230519461,463,11,4,3,18,484,20,8,7,35,481,519,159,62,97,18
31,1000,80,5.13,10.3,18,37,57,954,29,6,11,46,7.861558261,274,401,77.50923421,42.85248374,8.77743676,6.978068392,462,18,5,6,29,492,11,1,5,17,491,509,367,34,265,9
25,1000,80,5.13,10.3,18,37,72,970,21,5,4,30,7.311954272,312,443,241.871191,142.2629374,8.983740451,5.550914621,487,18,4,4,26,483,3,1,0,4,513,487,419,24,299,13
27,1000,80,5.13,10.3,18,37,67,964,16,8,12,36,7.548539165,288,416,97.13251347,51.28568202,9.033365227,6.021547658,477,11,7,12,30,487,5,1,0,6,507,493,383,33,278,10
30,1000,80,5.13,10.3,18,37,60,957,28,11,4,43,7.941306748,293,407,130.6169088,69.4133214,9.558276955,6.381518198,454,22,11,4,37,503,6,0,0,6,491,509,389,18,279,14
29,1000,80,5.13,10.3,18,37,64,962,20,8,10,38,7.711955689,323,438,194.4498953,117.081004,9.163592999,6.248658641,473,15,6,8,29,489,5,2,2,9,502,498,415,23,317,6
28,1000,80,5.13,10.3,18,37,67,962,21,8,9,38,7.320899208,338,459,173.4349071,86.08793999,8.917790316,5.79886237,459,16,4,9,29,503,5,4,0,9,488,512,431,28,327,11
26,1000,80,5.13,10.3,18,37,68,963,21,5,11,37,7.434211778,322,403,242.0667334,114.1172536,8.944924678,5.861837126,478,17,4,11,32,485,4,1,0,5,510,490,382,21,309,13
32,1000,80,5.13,10.3,18,37,20,948,30,12,10,52,7.741072553,138,247,23.41281187,11.63875755,7.215214732,8.228428259,463,11,4,3,18,485,19,8,7,34,481,519,174,73,111,27
25,1000,80,5.13,10.3,18,37,73,970,21,5,4,30,7.309119326,330,450,255.1682612,149.9881921,9.015188001,5.511966902,487,18,4,4,26,483,3,1,0,4,513,487,421,29,323,7
31,1000,80,5.13,10.3,18,37,58,954,29,6,11,46,7.844601002,272,391,82.06888293,45.53741063,8.828347652,6.895643035,462,18,5,6,29,492,11,1,5,17,491,509,367,24,260,12
27,1000,80,5.13,10.3,18,37,68,965,15,8,12,35,7.541839585,301,431,101.8917789,54.17496918,9.057369389,5.983272424,477,11,7,12,30,488,4,1,0,5,507,493,408,23,289,12
30,1000,80,5.13,10.3,18,37,61,957,28,10,5,43,7.923002674,296,415,137.9767817,72.98722894,9.586782261,6.318060087,455,21,10,5,36,502,7,0,0,7,491,509,385,30,284,12
28,1000,80,5.13,10.3,18,37,68,962,21,8,9,38,7.311716887,357,461,184.6177854,91.29374752,8.939513437,5.760223299,459,16,4,9,29,503,5,4,0,9,488,512,444,17,346,11
29,1000,80,5.13,10.3,18,37,65,966,17,8,9,34,7.633671473,323,441,206.1022572,126.3150834,9.16297925,6.092080098,474,14,6,8,28,492,3,2,1,6,502,498,416,25,311,12
26,1000,80,5.13,10.3,18,37,69,962,22,5,11,38,7.440574377,321,432,251.3399633,118.3763672,8.991016987,5.826848396,478,17,4,11,32,484,5,1,0,6,510,490,401,31,309,12
25,1000,80,5.13,10.3,18,37,74,969,22,5,4,31,7.332310565,339,436,276.2884049,160.4340227,9.071951773,5.499793235,486,19,4,4,27,483,3,1,0,4,513,487,411,25,330,9
32,1000,80,5.13,10.3,18,37,21,951,26,12,11,49,7.703021062,124,238,23.72867911,11.83723566,7.233184392,8.13845736,463,10,4,4,18,488,16,8,7,31,481,519,172,66,101,23
27,1000,80,5.13,10.3,18,37,69,964,16,8,12,36,7.542592362,293,424,107.3307433,57.48426698,9.073282398,5.968434455,477,11,7,12,30,487,5,1,0,6,507,493,396,28,283,10
31,1000,80,5.13,10.3,18,37,59,955,28,6,11,45,7.835783071,290,412,86.19615732,47.69438866,8.870456476,6.837699296,463,17,5,6,28,492,11,1,5,17,491,509,379,33,276,14
28,1000,80,5.13,10.3,18,37,69,963,21,7,9,37,7.235961663,371,463,197.5524034,97.54112455,8.939513437,5.612263879,459,16,4,9,29,504,5,3,0,8,488,512,441,22,363,8
30,1000,80,5.13,10.3,18,37,62,957,28,10,5,43,7.920342613,293,428,143.8075446,75.64240619,9.635892988,6.265460033,455,21,10,5,36,502,7,0,0,7,491,509,406,22,283,10
29,1000,80,5.13,10.3,18,37,66,966,17,8,9,34,7.622784771,326,445,219.4542333,135.8852588,9.184365812,6.04866091,474,14,6,8,28,492,3,2,1,6,502,498,423,22,314,12
26,1000,80,5.13,10.3,18,37,70,961,23,5,11,39,7.447392294,329,440,263.3069362,123.8055776,9.042681051,5.78698971,477,18,4,11,33,484,5,1,0,6,510,490,412,28,314,15
25,1000,80,5.13,10.3,18,37,75,968,23,5,4,32,7.319921834,323,452,292.4055597,170.873777,9.103250041,5.441385139,486,19,4,4,27,482,4,1,0,5,513,487,431,21,314,9
27,1000,80,5.13,10.3,18,37,70,965,15,8,12,35,7.498204267,303,419,112.6131959,60.16593023,9.102630262,5.848216479,477,11,7,12,30,488,4,1,0,5,507,493,399,20,292,11
31,1000,80,5.13,10.3,18,37,60,954,28,7,11,46,7.835415332,284,407,90.53213599,50.25706506,8.907203018,6.801529765,463,17,5,6,28,491,11,2,5,18,491,509,381,26,273,11
32,1000,80,5.13,10.3,18,37,22,952,26,11,11,48,7.719983466,107,273,24.15016137,12.07840161,7.27011567,8.136912964,463,10,4,4,18,489,16,7,7,30,481,519,203,70,91,16
28,1000,80,5.13,10.3,18,37,70,964,22,6,8,36,7.263476408,370,468,211.2335433,104.0524635,9.021516333,5.587844606,460,16,4,8,28,504,6,2,0,8,488,512,443,25,360,10
30,1000,80,5.13,10.3,18,37,63,956,29,10,5,44,7.925657531,307,439,150.6547546,78.85375132,9.694449671,6.219415997,454,22,10,5,37,502,7,0,0,7,491,509,411,28,294,13
29,1000,80,5.13,10.3,18,37,67,967,16,8,9,33,7.592118693,343,444,234.1646486,145.33254,9.204522168,5.966764187,475,13,6,8,27,492,3,2,1,6,502,498,423,21,329,14
26,1000,80,5.13,10.3,18,37,71,962,22,5,11,38,7.402191132,340,437,272.8127073,127.9782053,9.058761782,5.678005353,478,17,4,11,32,484,5,1,0,6,510,490,415,22,328,12
25,1000,80,5.13,10.3,18,37,76,971,20,5,4,29,7.300720834,339,447,312.5401942,180.8330704,9.121727797,5.382493786,487,17,5,4,26,484,3,0,0,3,513,487,426,21,320,19
27,1000,80,5.13,10.3,18,37,71,965,15,8,12,35,7.499638237,300,442,118.6766069,63.43917414,9.16358987,5.788434428,477,11,7,12,30,488,4,1,0,5,507,493,420,22,293,7
31,1000,80,5.13,10.3,18,37,61,954,28,7,11,46,7.800400432,277,421,95.51742138,53.09730206,8.925191085,6.715386265,463,17,5,6,28,491,11,2,5,18,491,509,395,26,270,7
32,1000,80,5.13,10.3,18,37,23,954,25,10,11,46,7.70411079,124,244,24.53675319,12.30764427,7.275514087,8.101326617,463,10,4,4,18,491,15,6,7,28,481,519,194,50,103,21
28,1000,80,5.13,10.3,18,37,71,963,22,7,8,37,7.251942599,371,460,223.6569254,110.1048675,9.084398623,5.505382952,460,16,4,8,28,503,6,3,0,9,488,512,445,15,360,11
30,1000,80,5.13,10.3,18,37,64,955,28,12,5,45,7.904281373,299,436,156.5697959,81.86208049,9.703671735,6.168523677,454,21,11,5,37,501,7,1,0,8,491,509,411,25,283,16
29,1000,80,5.13,10.3,18,37,68,965,18,8,9,35,7.579354524,349,452,250.2599731,153.4996078,9.247554973,5.897754874,474,14,6,8,28,491,4,2,1,7,502,498,425,27,343,6
26,1000,80,5.13,10.3,18,37,72,962,22,5,11,38,7.346193824,344,445,284.9927693,133.6884386,9.098091747,5.522789863,478,17,4,11,32,484,5,1,0,6,510,490,415,30,332,12
25,1000,80,5.13,10.3,18,37,77,971,20,4,5,29,7.290246093,353,451,332.031424,190.5843303,9.191383356,5.287610743,487,17,4,5,26,484,3,0,0,3,513,487,431,20,344,9
27,1000,80,5.13,10.3,18,37,72,964,14,10,12,36,7.519992802,322,432,124.9600561,66.84403435,9.20207995,5.790138473,476,11,8,12,31,488,3,2,0,5,507,493,405,27,307,15
31,1000,80,5.13,10.3,18,37,62,953,28,8,11,47,7.82702778,277,426,101.1042015,56.26542669,8.969445056,6.72501033,462,18,5,6,29,491,10,3,5,18,491,509,390,36,263,14
28,1000,80,5.13,10.3,18,37,72,963,22,7,8,37,7.232869595,375,472,237.2404138,116.7524896,9.152675623,5.403054474,460,16,4,8,28,503,6,3,0,9,488,512,445,27,367,8
32,1000,80,5.13,10.3,18,37,24,953,26,10,11,47,7.726484668,139,241,24.97766949,12.54599725,7.31949163,8.103678601,463,10,4,4,18,490,16,6,7,29,481,519,191,50,109,30
30,1000,80,5.13,10.3,18,37,65,955,28,12,5,45,7.887842636,317,437,163.9696062,86.11206359,9.723568535,6.117034352,454,21,11,5,37,501,7,1,0,8,491,509,406,31,303,14
29,1000,80,5.13,10.3,18,37,69,965,19,7,9,35,7.578633837,354,450,272.2973559,166.8610079,9.285386144,5.858172676,473,15,6,8,29,492,4,1,1,6,502,498,428,22,341,13
26,1000,80,5.13,10.3,18,37,73,963,21,5,11,37,7.324522971,319,438,295.955521,137.6815197,9.098965901,5.477653798,479,16,4,11,31,484,5,1,0,6,510,490,418,20,307,12
25,1000,80,5.13,10.3,18,37,78,970,21,4,5,30,7.289654595,340,448,359.705674,201.7726333,9.226003047,5.249928196,486,18,4,5,27,484,3,0,0,3,513,487,430,18,331,9
27,1000,80,5.13,10.3,18,37,73,964,14,10,12,36,7.545341115,327,440,131.8689271,70.86285338,9.275457824,5.766093303,476,11,8,12,31,488,3,2,0,5,507,493,419,21,317,10
31,1000,80,5.13,10.3,18,37,63,953,28,8,11,47,7.820928445,290,421,107.5254765,59.74008545,9.018179878,6.666015963,462,18,5,6,29,491,10,3,5,18,491,509,391,30,284,6
28,1000,80,5.13,10.3,18,37,73,963,22,7,8,37,7.191877831,377,478,249.3069907,122.846346,9.153978514,5.321750618,460,16,4,8,28,503,6,3,0,9,488,512,454,24,367,10
30,1000,80,5.13,10.3,18,37,66,956,27,12,5,44,7.888073765,324,438,170.668967,89.31892802,9.764003725,6.078483176,454,21,11,5,37,502,6,1,0,7,491,509,415,23,309,15
29,1000,80,5.13,10.3,18,37,70,966,18,7,9,34,7.551932778,359,445,286.5351671,173.8847778,9.340634586,5.748863888,473,15,6,8,29,493,3,1,1,5,502,498,425,20,348,11
32,1000,80,5.13,10.3,18,37,25,952,27,10,11,48,7.766159994,127,253,25.56050705,12.85881797,7.344461641,8.156982553,462,11,4,4,19,490,16,6,7,29,481,519,193,60,103,24
26,1000,80,5.13,10.3,18,37,74,963,21,5,11,37,7.340984495,334,428,308.735465,143.9770033,9.16714167,5.440290294,478,17,4,11,32,485,4,1,0,5,510,490,411,17,324,10
25,1000,80,5.13,10.3,18,37,79,969,22,4,5,31,7.288519664,344,461,392.3530598,216.063646,9.268686749,5.202635239,486,18,4,5,27,483,4,0,0,4,513,487,440,21,336,8
27,1000,80,5.13,10.3,18,37,74,964,14,10,12,36,7.5449842,325,458,138.6470332,74.27696891,9.346814232,5.69198658,476,11,8,12,31,488,3,2,0,5,507,493,432,26,316,9
31,1000,80,5.13,10.3,18,37,64,954,27,8,11,46,7.796389336,299,426,115.0338839,64.33079037,9.049153241,6.587927495,462,18,5,6,29,492,9,3,5,17,491,509,401,25,289,10
28,1000,80,5.13,10.3,18,37,74,964,21,7,8,36,7.210247413,374,460,263.6625291,130.4081896,9.258861721,5.2576619,460,15,5,8,28,504,6,2,0,8,488,512,450,10,366,8
30,1000,80,5.13,10.3,18,37,67,955,27,13,5,45,7.879622814,330,431,179.2688869,93.94392759,9.823006441,6.004963952,453,21,12,5,38,502,6,1,0,7,491,509,410,21,322,8
29,1000,80,5.13,10.3,18,37,71,965,19,7,9,35,7.546452125,365,461,315.9987773,193.2967652,9.387156244,5.690963233,473,15,6,8,29,492,4,1,1,6,502,498,436,25,355,10
26,1000,80,5.13,10.3,18,37,75,963,21,5,11,37,7.316179779,345,448,322.9887443,151.4916662,9.210083119,5.344974262,478,17,4,11,32,485,4,1,0,5,510,490,431,17,334,11
32,1000,80,5.13,10.3,18,37,26,953,27,10,10,47,7.765869479,147,249,26.04178187,13.10024906,7.349789068,8.151485428,462,11,4,4,19,491,16,6,6,28,481,519,195,54,128,19
25,1000,80,5.13,10.3,18,37,80,968,23,4,5,32,7.267229305,351,460,422.6415245,229.6483392,9.311933674,5.113362075,485,19,4,5,28,483,4,0,0,4,513,487,438,22,343,8
27,1000,80,5.13,10.3,18,37,75,963,15,10,12,37,7.528164151,343,438,145.374395,77.57077092,9.370252041,5.633765449,476,11,8,12,31,487,4,2,0,6,507,493,419,19,330,13
31,1000,80,5.13,10.3,18,37,65,955,25,8,12,45,7.795127221,316,433,121.7889282,68.09454776,9.09126604,6.544824352,462,17,5,7,29,493,8,3,5,16,491,509,408,25,309,7
28,1000,80,5.13,10.3,18,37,75,963,21,8,8,37,7.204739649,388,471,274.4316306,136.0050258,9.340841847,5.168767241,458,16,6,8,30,505,5,2,0,7,488,512,455,16,383,5
30,1000,80,5.13,10.3,18,37,68,954,28,13,5,46,7.865973344,328,451,190.8079847,100.1466361,9.862567647,5.939985518,452,22,12,5,39,502,6,1,0,7,491,509,416,35,315,13
29,1000,80,5.13,10.3,18,37,72,965,19,7,9,35,7.51366162,358,449,339.0252912,208.8229704,9.393280459,5.618945442,473,15,6,8,29,492,4,1,1,6,502,498,432,17,351,7
26,1000,80,5.13,10.3,18,37,76,963,20,6,11,37,7.329119399,365,453,338.8673696,160.3345542,9.241545948,5.338634623,478,16,5,11,32,485,4,1,0,5,510,490,430,23,349,16
25,1000,80,5.13,10.3,18,37,81,967,24,4,5,33,7.270618174,365,466,457.3680442,246.5036035,9.365112173,5.06430314,484,20,4,5,29,483,4,0,0,4,513,487,447,19,349,16
32,1000,80,5.13,10.3,18,37,27,954,26,10,10,46,7.765601233,133,271,26.65732663,13.43131894,7.330639158,8.168716375,463,10,4,4,18,491,16,6,6,28,481,519,210,61,113,20
27,1000,80,5.13,10.3,18,37,76,964,14,10,12,36,7.500785183,335,448,154.8189232,82.81544163,9.392692838,5.555151956,476,11,8,12,31,488,3,2,0,5,507,493,427,21,329,6
31,1000,80,5.13,10.3,18,37,66,955,26,7,12,45,7.776498972,308,447,129.3429092,72.19710686,9.115727334,6.484630357,461,18,5,7,30,494,8,2,5,15,491,509,419,28,296,12
28,1000,80,5.13,10.3,18,37,76,961,22,9,8,39,7.211031497,384,483,288.2399435,143.439237,9.396519681,5.127988073,456,17,7,8,32,505,5,2,0,7,488,512,461,22,377,7
30,1000,80,5.13,10.3,18,37,69,951,29,15,5,49,7.869973466,336,436,202.5187663,107.3309463,9.947946216,5.865485019,450,23,13,5,41,501,6,2,0,8,491,509,415,21,327,9
29,1000,80,5.13,10.3,18,37,73,965,19,7,9,35,7.515900765,365,448,361.2839282,219.8535463,9.454180838,5.562052178,473,15,6,8,29,492,4,1,1,6,502,498,428,20,357,8
26,1000,80,5.13,10.3,18,37,77,962,21,6,11,38,7.335165092,350,451,356.6939778,169.7797842,9.305497849,5.284410589,477,17,5,11,33,485,4,1,0,5,510,490,426,25,340,10
25,1000,80,5.13,10.3,18,37,82,967,24,4,5,33,7.263327345,353,466,478.7075689,259.2927501,9.347041782,5.068367373,484,20,4,5,29,483,4,0,0,4,513,487,449,17,343,10
27,1000,80,5.13,10.3,18,37,77,965,13,9,13,35,7.48006648,342,458,165.5060932,89.39247005,9.38722258,5.518751789,476,11,7,13,31,489,2,2,0,4,507,493,434,24,331,11
32,1000,80,5.13,10.3,18,37,28,954,27,9,10,46,7.761480026,120,258,27.34960393,13.84089721,7.338525749,8.153466553,463,10,4,4,18,491,17,5,6,28,481,519,212,46,100,20
31,1000,80,5.13,10.3,18,37,67,956,25,7,12,44,7.756211543,323,423,138.2381522,77.94647248,9.136546087,6.4246904,461,18,5,7,30,495,7,2,5,14,491,509,396,27,317,6
28,1000,80,5.13,10.3,18,37,77,962,21,9,8,38,7.165314806,393,486,304.5016782,151.4759448,9.439303412,4.997919416,456,17,7,8,32,506,4,2,0,6,488,512,463,23,384,9
30,1000,80,5.13,10.3,18,37,70,951,29,15,5,49,7.865894045,333,442,212.9194739,113.2917008,10.03651497,5.772033778,450,23,13,5,41,501,6,2,0,8,491,509,426,16,320,13
29,1000,80,5.13,10.3,18,37,74,965,19,7,9,35,7.505366345,375,464,384.119172,236.2489681,9.470047548,5.52490457,473,15,6,8,29,492,4,1,1,6,502,498,437,27,361,14
26,1000,80,5.13,10.3,18,37,78,961,22,6,11,39,7.330303041,369,447,375.3499967,178.5051101,9.35735095,5.220518482,476,18,5,11,34,485,4,1,0,5,510,490,429,18,358,11
25,1000,80,5.13,10.3,18,37,83,965,26,4,5,35,7.281611523,369,470,516.3700027,276.6503795,9.377816569,5.073494094,482,22,4,5,31,483,4,0,0,4,513,487,444,26,357,12
27,1000,80,5.13,10.3,18,37,78,965,13,9,13,35,7.492857793,361,449,176.4800837,95.14000405,9.470796204,5.458750746,476,11,7,13,31,489,2,2,0,4,507,493,426,23,348,13
31,1000,80,5.13,10.3,18,37,68,957,24,7,12,43,7.743343559,332,434,146.3992019,82.95038591,9.157439325,6.379255109,461,18,5,7,30,496,6,2,5,13,491,509,409,25,322,10
28,1000,80,5.13,10.3,18,37,78,962,22,8,8,38,7.143493517,389,476,322.6370436,160.8786207,9.476008652,4.920315029,455,18,7,8,33,507,4,1,0,5,488,512,466,10,382,7
32,1000,80,5.13,10.3,18,37,29,953,28,9,10,47,7.780999942,136,280,27.86780469,14.12506013,7.427652551,8.10847604,462,11,4,4,19,491,17,5,6,28,481,519,223,57,115,21
30,1000,80,5.13,10.3,18,37,71,951,29,15,5,49,7.848081501,356,450,222.2662019,117.8752853,10.09677679,5.678907851,450,23,13,5,41,501,6,2,0,8,491,509,430,20,345,11
29,1000,80,5.13,10.3,18,37,75,965,19,7,9,35,7.47895554,367,454,407.2208954,256.8725439,9.486637504,5.455147616,473,15,6,8,29,492,4,1,1,6,502,498,438,16,358,9
26,1000,80,5.13,10.3,18,37,79,962,21,6,11,38,7.33036086,361,460,397.305486,188.4712514,9.420323916,5.15509319,476,18,5,11,34,486,3,1,0,4,510,490,433,27,351,10
25,1000,80,5.13,10.3,18,37,84,965,26,4,5,35,7.250954084,352,474,577.7437761,303.1282919,9.437016501,4.948181969,482,22,4,5,31,483,4,0,0,4,513,487,455,19,346,6
27,1000,80,5.13,10.3,18,37,79,964,14,9,13,36,7.51181549,374,468,187.8742528,101.3713047,9.568336528,5.39689426,475,12,7,13,32,489,2,2,0,4,507,493,443,25,358,16
31,1000,80,5.13,10.3,18,37,69,956,25,7,12,44,7.795970108,327,440,158.7717068,89.49987987,9.269731221,6.374326284,460,19,5,7,31,496,6,2,5,13,491,509,419,21,314,13
28,1000,80,5.13,10.3,18,37,79,960,24,8,8,40,7.151693945,400,483,348.5729793,172.9337216,9.517931993,4.896373305,453,20,7,8,35,507,4,1,0,5,488,512,468,15,390,10
32,1000,80,5.13,10.3,18,37,30,953,28,9,10,47,7.785639312,152,278,28.60021582,14.57252125,7.447109014,8.099383191,462,11,4,4,19,491,17,5,6,28,481,519,226,52,131,21
30,1000,80,5.13,10.3,18,37,72,951,29,15,5,49,7.846042785,343,473,235.5435316,124.2486759,10.11229062,5.659937312,450,23,13,5,41,501,6,2,0,8,491,509,450,23,337,6
29,1000,80,5.13,10.3,18,37,76,965,18,8,9,35,7.433381991,361,465,440.79045,284.0338205,9.511279637,5.338794404,473,14,7,8,29,492,4,1,1,6,502,498,442,23,355,6
26,1000,80,5.13,10.3,18,37,80,962,21,6,11,38,7.32368242,350,445,422.1028956,198.7341094,9.422402807,5.139299977,477,17,5,11,33,485,4,1,0,5,510,490,428,17,340,10
25,1000,80,5.13,10.3,18,37,85,964,26,5,5,36,7.287336227,377,469,604.4758962,320.6356251,9.478343279,4.979355493,482,21,5,5,31,482,5,0,0,5,513,487,451,18,369,8
27,1000,80,5.13,10.3,18,37,80,964,14,9,13,36,7.534329081,361,463,201.0854284,108.1853581,9.611889455,5.397771049,475,12,7,13,32,489,2,2,0,4,507,493,437,26,349,12
28,1000,80,5.13,10.3,18,37,80,959,25,8,8,41,7.119449021,406,489,369.2818163,182.5811234,9.528463947,4.82335667,452,21,7,8,36,507,4,1,0,5,488,512,464,25,397,9
31,1000,80,5.13,10.3,18,37,70,957,24,7,12,43,7.787622658,335,455,169.2160157,96.15986268,9.303299144,6.325545734,460,19,5,7,31,497,5,2,5,12,491,509,431,24,318,17
30,1000,80,5.13,10.3,18,37,73,951,29,15,5,49,7.838428821,349,452,248.5936448,131.8462575,10.14970471,5.60888764,450,23,13,5,41,501,6,2,0,8,491,509,430,22,340,9
29,1000,80,5.13,10.3,18,37,77,965,19,7,9,35,7.392929277,385,467,481.6450274,311.1788375,9.525691911,5.24303602,473,15,6,8,29,492,4,1,1,6,502,498,444,23,377,8
26,1000,80,5.13,10.3,18,37,81,962,21,6,11,38,7.340855155,354,448,442.1203548,208.2508684,9.484121876,5.11010816,477,17,5,11,33,485,4,1,0,5,510,490,432,16,344,10
32,1000,80,5.13,10.3,18,37,31,952,30,9,9,48,7.804311097,137,282,29.57527487,15.04139255,7.474567224,8.109911873,462,12,4,3,19,490,18,5,6,29,481,519,233,49,122,15
25,1000,80,5.13,10.3,18,37,86,965,25,5,5,35,7.248681125,381,479,649.2570029,340.937495,9.500571706,4.876566406,482,21,5,5,31,483,4,0,0,4,513,487,458,21,368,13
27,1000,80,5.13,10.3,18,37,81,964,14,9,13,36,7.549575848,364,469,218.011824,116.9020632,9.681517617,5.357092123,475,12,7,13,32,489,2,2,0,4,507,493,448,21,356,8
28,1000,80,5.13,10.3,18,37,81,958,26,8,8,42,7.095068419,401,486,390.6978899,192.952564,9.549263206,4.755914013,452,21,7,8,36,506,5,1,0,6,488,512,472,14,394,7
31,1000,80,5.13,10.3,18,37,71,958,23,7,12,42,7.743850253,342,447,183.9900368,104.2670986,9.31272116,6.230460046,460,19,5,7,31,498,4,2,5,11,491,509,420,27,334,8
30,1000,80,5.13,10.3,18,37,74,951,30,14,5,49,7.831365099,367,440,262.1868618,139.844313,10.21989337,5.527303451,449,24,13,5,42,502,6,1,0,7,491,509,425,15,359,8
26,1000,80,5.13,10.3,18,37,82,962,21,6,11,38,7.324692547,366,455,468.6258844,221.7785745,9.517438878,5.042446366,477,17,5,11,33,485,4,1,0,5,510,490,440,15,355,11
29,1000,80,5.13,10.3,18,37,78,965,19,7,9,35,7.386065727,389,474,516.5728835,336.1496099,9.539737023,5.215095866,473,15,6,8,29,492,4,1,1,6,502,498,448,26,380,9
25,1000,80,5.13,10.3,18,37,87,965,25,5,5,35,7.257614832,381,473,684.3476288,358.492487,9.562717124,4.82944753,482,21,5,5,31,483,4,0,0,4,513,487,449,24,376,5
32,1000,80,5.13,10.3,18,37,32,952,30,9,9,48,7.780658661,160,285,30.40401472,15.46473751,7.458154855,8.07954947,462,12,4,3,19,490,18,5,6,29,481,519,245,40,137,23
27,1000,80,5.13,10.3,18,37,82,962,16,9,13,38,7.51422205,368,468,229.6321553,123.277514,9.719350754,5.246473057,473,14,7,13,34,489,2,2,0,4,507,493,444,24,357,11
28,1000,80,5.13,10.3,18,37,82,958,26,8,8,42,7.060303658,417,487,414.428338,203.8838176,9.555288362,4.682271361,452,21,7,8,36,506,5,1,0,6,488,512,468,19,407,10
31,1000,80,5.13,10.3,18,37,72,958,23,7,12,42,7.762320437,325,456,198.6452362,112.279422,9.378005184,6.20377189,460,19,5,7,31,498,4,2,5,11,491,509,434,22,317,8
26,1000,80,5.13,10.3,18,37,83,960,24,6,10,40,7.325384405,367,462,509.1772493,239.9124971,9.553999073,5.005805871,476,19,5,10,34,484,5,1,0,6,510,490,442,20,357,10
30,1000,80,5.13,10.3,18,37,75,951,30,14,5,49,7.825641555,360,460,278.5295078,147.8099118,10.24498336,5.491856039,449,24,13,5,42,502,6,1,0,7,491,509,445,15,347,13
29,1000,80,5.13,10.3,18,37,79,965,19,6,10,35,7.37048698,375,467,565.0761687,368.0859509,9.564918046,5.158429963,473,15,5,9,29,492,4,1,1,6,502,498,445,22,369,6
25,1000,80,5.13,10.3,18,37,88,964,26,5,5,36,7.266851371,375,467,756.9162812,388.7631711,9.661612017,4.744239028,481,22,5,5,32,483,4,0,0,4,513,487,447,20,365,10
27,1000,80,5.13,10.3,18,37,83,962,16,9,13,38,7.507938235,381,466,247.6608163,132.2118509,9.759840779,5.192087139,472,15,7,13,35,490,1,2,0,3,507,493,453,13,368,13
32,1000,80,5.13,10.3,18,37,33,951,31,9,9,49,7.778702781,168,298,31.23474876,15.9931169,7.507996104,8.02958893,461,13,4,3,20,490,18,5,6,29,481,519,242,56,156,12
28,1000,80,5.13,10.3,18,37,83,957,27,8,8,43,7.089364694,410,492,439.9757749,215.8513004,9.600309491,4.696120435,452,21,7,8,36,505,6,1,0,7,488,512,476,16,403,7
31,1000,80,5.13,10.3,18,37,73,959,22,7,12,41,7.709963705,342,451,216.5557704,121.7017918,9.394342742,6.085150135,460,19,5,7,31,499,3,2,5,10,491,509,431,20,335,7
29,1000,80,5.13,10.3,18,37,80,965,19,6,10,35,7.334019965,392,466,611.073417,400.4430522,9.582313793,5.067667552,473,15,5,9,29,492,4,1,1,6,502,498,455,11,380,12
26,1000,80,5.13,10.3,18,37,84,960,24,7,9,40,7.311235888,386,461,536.0809807,254.4592604,9.539852594,4.991655235,476,19,6,9,34,484,5,1,0,6,510,490,444,17,374,12
30,1000,80,5.13,10.3,18,37,76,951,30,14,5,49,7.80409477,361,473,295.4410122,156.9165034,10.28212847,5.413692908,449,24,13,5,42,502,6,1,0,7,491,509,450,23,352,9
25,1000,80,5.13,10.3,18,37,89,964,26,5,5,36,7.238906641,382,477,826.9421766,422.3802661,9.675804662,4.671907289,481,22,5,5,32,483,4,0,0,4,513,487,455,22,374,8
27,1000,80,5.13,10.3,18,37,84,961,17,9,13,39,7.491982093,370,459,261.6982243,139.7424119,9.792458673,5.126177578,471,16,7,13,36,490,1,2,0,3,507,493,443,16,358,12
32,1000,80,5.13,10.3,18,37,34,952,32,9,7,48,7.766439204,174,286,32.00699684,16.40628712,7.522250339,7.992749116,461,13,4,3,20,491,19,5,4,28,481,519,247,39,150,24
28,1000,80,5.13,10.3,18,37,84,957,27,8,8,43,7.061674982,421,490,467.1023601,228.3359159,9.665253301,4.580139396,452,21,7,8,36,505,6,1,0,7,488,512,475,15,410,11
31,1000,80,5.13,10.3,18,37,74,961,22,6,11,39,7.624356744,357,460,232.4264132,130.4498725,9.427980495,5.884515365,460,19,5,7,31,501,3,1,4,8,491,509,440,20,345,12
29,1000,80,5.13,10.3,18,37,81,964,20,6,10,36,7.319296892,388,474,652.0995664,430.9912141,9.625137254,4.994935725,473,15,5,9,29,491,5,1,1,7,502,498,451,23,379,9
26,1000,80,5.13,10.3,18,37,85,960,24,7,9,40,7.302832353,376,459,565.5551903,268.9910334,9.583768022,4.928797268,476,19,6,9,34,484,5,1,0,6,510,490,446,13,368,8
30,1000,80,5.13,10.3,18,37,77,953,28,14,5,47,7.77344481,366,463,316.7815015,166.4534906,10.32462422,5.312483925,449,23,14,5,42,504,5,0,0,5,491,509,445,18,360,6
25,1000,80,5.13,10.3,18,37,90,964,26,5,5,36,7.221577587,400,472,861.9897741,442.0837454,9.70630592,4.604194353,481,22,5,5,32,483,4,0,0,4,513,487,453,19,392,8
27,1000,80,5.13,10.3,18,37,85,961,17,9,13,39,7.492495051,376,470,277.3337095,148.0561273,9.820482831,5.098398084,471,16,7,13,36,490,1,2,0,3,507,493,452,18,364,12
28,1000,80,5.13,10.3,18,37,85,959,25,8,8,41,7.052620658,419,495,490.2208799,238.6550645,9.693265616,4.535755933,452,21,7,8,36,507,4,1,0,5,488,512,475,20,415,4
32,1000,80,5.13,10.3,18,37,35,951,32,10,7,49,7.771749917,162,291,33.09309714,16.99952639,7.606922098,7.924509417,461,12,5,3,20,490,20,5,4,29,481,519,245,46,144,18
31,1000,80,5.13,10.3,18,37,75,962,22,5,11,38,7.594330944,361,459,244.4119884,137.0229717,9.442161817,5.811845761,460,19,5,7,31,502,3,0,4,7,491,509,437,22,357,4
29,1000,80,5.13,10.3,18,37,82,963,21,6,10,37,7.30328164,385,485,684.6455363,447.6131739,9.689658684,4.897736909,472,16,5,9,30,491,5,1,1,7,502,498,462,23,376,9
26,1000,80,5.13,10.3,18,37,86,960,24,7,9,40,7.321800618,387,461,589.2095661,281.8605674,9.633029616,4.916235741,476,19,6,9,34,484,5,1,0,6,510,490,447,14,379,8
30,1000,80,5.13,10.3,18,37,78,952,29,14,5,48,7.751974386,383,464,339.4695909,177.4308187,10.39108623,5.206190659,448,24,14,5,43,504,5,0,0,5,491,509,444,20,377,6
25,1000,80,5.13,10.3,18,37,91,964,26,5,5,36,7.186790215,390,476,960.647719,480.2471658,9.731043239,4.506704382,481,22,5,5,32,483,4,0,0,4,513,487,460,16,380,10
27,1000,80,5.13,10.3,18,37,86,961,17,10,12,39,7.454669797,390,470,290.9949111,154.7164901,9.806222072,5.036339162,471,16,8,12,36,490,1,2,0,3,507,493,451,19,379,11
28,1000,80,5.13,10.3,18,37,86,960,23,9,8,40,7.033856823,428,490,523.0342669,253.9796085,9.742555389,4.452128502,452,20,8,8,36,508,3,1,0,4,488,512,481,9,421,7
32,1000,80,5.13,10.3,18,37,36,951,32,9,8,49,7.77842058,164,296,33.92380865,17.43715307,7.659598508,7.88854277,461,12,5,3,20,490,20,4,5,29,481,519,253,43,146,18
31,1000,80,5.13,10.3,18,37,76,962,22,7,9,38,7.552315243,355,456,264.8360537,148.791667,9.485113595,5.687867323,460,18,6,7,31,502,4,1,2,7,491,509,439,17,350,5
29,1000,80,5.13,10.3,18,37,83,962,22,6,10,38,7.265033368,392,480,748.0979087,477.704882,9.710077863,4.800349961,472,16,5,9,30,490,6,1,1,8,502,498,461,19,385,7
26,1000,80,5.13,10.3,18,37,87,962,23,6,9,38,7.295662129,381,461,624.8426991,298.5975065,9.660726491,4.834064528,476,19,6,9,34,486,4,0,0,4,510,490,450,11,371,10
30,1000,80,5.13,10.3,18,37,79,950,31,14,5,50,7.764341554,371,475,359.5427591,186.3463396,10.45792308,5.166014382,447,25,14,5,44,503,6,0,0,6,491,509,456,19,364,7
25,1000,80,5.13,10.3,18,37,92,962,28,5,5,38,7.184152943,382,479,1079.203878,524.8490894,9.768708752,4.461612635,479,24,5,5,34,483,4,0,0,4,513,487,460,19,376,6
27,1000,80,5.13,10.3,18,37,87,960,17,11,12,40,7.462342083,383,468,306.3295946,162.6081145,9.866798819,4.989604628,470,16,9,12,37,490,1,2,0,3,507,493,453,15,376,7
28,1000,80,5.13,10.3,18,37,87,960,23,9,8,40,7.036753915,434,495,551.1672687,267.104454,9.787780171,4.414682014,452,20,8,8,36,508,3,1,0,4,488,512,477,18,426,8
31,1000,80,5.13,10.3,18,37,77,961,23,7,9,39,7.517667368,392,471,285.5146371,161.0703611,9.526808668,5.579576253,458,20,6,7,33,503,3,1,2,6,491,509,447,24,377,15
29,1000,80,5.13,10.3,18,37,84,961,22,7,10,39,7.257596634,383,466,789.4926392,498.0529182,9.756211502,4.738912571,471,16,6,9,31,490,6,1,1,8,502,498,454,12,375,8
26,1000,80,5.13,10.3,18,37,88,962,23,6,9,38,7.301988326,393,469,664.7384693,316.9155321,9.681305487,4.825556178,476,19,6,9,34,486,4,0,0,4,510,490,451,18,385,8
32,1000,80,5.13,10.3,18,37,37,951,32,9,8,49,7.764750587,162,307,34.7255345,17.8060917,7.715168876,7.810702039,461,12,5,3,20,490,20,4,5,29,481,519,261,46,140,22
30,1000,80,5.13,10.3,18,37,80,950,31,14,5,50,7.776833158,395,473,380.9825325,196.6441001,10.50144073,5.148577128,447,25,14,5,44,503,6,0,0,6,491,509,459,14,386,9
25,1000,80,5.13,10.3,18,37,93,962,28,5,5,38,7.169350378,398,479,1161.53495,558.1227325,9.802608216,4.395507931,479,24,5,5,34,483,4,0,0,4,513,487,460,19,387,11
27,1000,80,5.13,10.3,18,37,88,960,16,12,12,40,7.418453647,386,466,327.9441746,173.6154841,9.897933499,4.868562602,470,15,10,12,37,490,1,2,0,3,507,493,451,15,376,10
28,1000,80,5.13,10.3,18,37,88,959,23,10,8,41,7.060317664,429,486,586.4626858,284.588752,9.8125158,4.437128815,452,20,8,8,36,507,3,2,0,5,488,512,473,13,423,6
31,1000,80,5.13,10.3,18,37,78,961,23,7,9,39,7.522749454,370,455,308.7332407,175.6382124,9.603834212,5.515259048,458,20,6,7,33,503,3,1,2,6,491,509,441,14,367,3
29,1000,80,5.13,10.3,18,37,85,961,21,8,10,39,7.264768829,391,469,840.6962278,522.2163384,9.812453371,4.696620958,470,16,7,9,32,491,5,1,1,7,502,498,452,17,384,7
26,1000,80,5.13,10.3,18,37,89,961,24,6,9,39,7.284302441,386,465,712.8099431,342.784504,9.724147675,4.744871687,476,19,6,9,34,485,5,0,0,5,510,490,451,14,381,5
30,1000,80,5.13,10.3,18,37,81,950,31,14,5,50,7.777267569,383,480,399.3530548,205.1941262,10.54235792,5.109960372,447,25,14,5,44,503,6,0,0,6,491,509,464,16,374,9
25,1000,80,5.13,10.3,18,37,94,961,29,5,5,39,7.167824441,405,485,1210.411605,584.6636746,9.853618125,4.338641361,478,25,5,5,35,483,4,0,0,4,513,487,469,16,392,13
32,1000,80,5.13,10.3,18,37,38,952,31,9,8,48,7.753839518,176,307,36.00896666,18.54188388,7.770992525,7.737942416,461,12,5,3,20,491,19,4,5,28,481,519,272,35,164,12
27,1000,80,5.13,10.3,18,37,89,959,17,12,12,41,7.396919451,401,470,352.5843664,186.2715876,9.954128007,4.767092396,470,15,10,12,37,489,2,2,0,4,507,493,452,18,386,15
28,1000,80,5.13,10.3,18,37,89,959,23,10,8,41,7.041502787,437,500,625.8437238,303.4492308,9.835745763,4.37823995,452,20,8,8,36,507,3,2,0,5,488,512,480,20,426,11
26,1000,80,5.13,10.3,18,37,90,961,24,6,9,39,7.280243585,389,462,767.5025507,370.8890433,9.774262718,4.684427753,476,19,6,9,34,485,5,0,0,5,510,490,448,14,382,7
29,1000,80,5.13,10.3,18,37,86,961,20,9,10,39,7.269762769,400,483,889.6188812,545.2997743,9.86724726,4.65141495,470,15,8,9,32,491,5,1,1,7,502,498,467,16,393,7
31,1000,80,5.13,10.3,18,37,79,959,25,7,9,41,7.513281673,373,468,328.6602663,187.4070244,9.649896624,5.452224814,456,22,6,7,35,503,3,1,2,6,491,509,449,19,365,8
25,1000,80,5.13,10.3,18,37,95,961,29,5,5,39,7.150459121,398,475,1371.255777,646.1728102,9.872905555,4.282666472,478,25,5,5,35,483,4,0,0,4,513,487,464,11,391,7
30,1000,80,5.13,10.3,18,37,82,950,31,14,5,50,7.780327458,375,479,417.0794036,213.8368635,10.57642366,5.083110885,447,25,14,5,44,503,6,0,0,6,491,509,455,24,369,6
27,1000,80,5.13,10.3,18,37,90,958,17,13,12,42,7.389274612,397,475,377.3837434,199.4470126,10.02230874,4.681468723,470,14,11,12,37,488,3,2,0,5,507,493,454,21,387,10
32,1000,80,5.13,10.3,18,37,39,951,32,9,8,49,7.77329287,171,303,37.17891026,19.27856165,7.805606978,7.743344727,461,12,5,3,20,490,20,4,5,29,481,519,267,36,155,16
28,1000,80,5.13,10.3,18,37,90,958,23,11,8,42,7.050425297,437,500,652.1827389,317.5674814,9.894837862,4.339344571,451,20,9,8,37,507,3,2,0,5,488,512,483,17,430,7
26,1000,80,5.13,10.3,18,37,91,960,25,6,9,40,7.254165909,393,476,831.7120364,403.4519112,9.7802835,4.624941477,476,19,6,9,34,484,6,0,0,6,510,490,451,25,379,14
29,1000,80,5.13,10.3,18,37,87,960,21,9,10,40,7.272335189,406,473,952.9027527,588.395656,9.91058191,4.612897731,469,16,8,9,33,491,5,1,1,7,502,498,463,10,396,10
31,1000,80,5.13,10.3,18,37,80,959,25,7,9,41,7.496246996,382,475,351.9789425,199.8395854,9.710496169,5.360301331,456,22,6,7,35,503,3,1,2,6,491,509,454,21,372,10
25,1000,80,5.13,10.3,18,37,96,960,30,5,5,40,7.115031924,400,478,1501.130024,703.4461122,9.914977566,4.165602532,477,26,5,5,36,483,4,0,0,4,513,487,459,19,397,3
30,1000,80,5.13,10.3,18,37,83,950,31,14,5,50,7.783932617,386,476,450.6656248,229.9195444,10.60974821,5.058047634,447,25,14,5,44,503,6,0,0,6,491,509,463,13,375,11
27,1000,80,5.13,10.3,18,37,91,957,18,12,13,43,7.398153563,383,476,407.3848532,215.2986642,10.07216422,4.64820751,469,15,11,12,38,488,3,1,1,5,507,493,462,14,377,6
32,1000,80,5.13,10.3,18,37,40,952,31,9,8,48,7.792750563,188,324,38.23468308,19.83999605,7.819410927,7.768042211,461,12,5,3,20,491,19,4,5,28,481,519,275,49,171,17
28,1000,80,5.13,10.3,18,37,91,958,23,11,8,42,7.044235644,436,503,684.2507311,334.4601554,9.91804327,4.305137751,451,20,9,8,37,507,3,2,0,5,488,512,490,13,427,9
26,1000,80,5.13,10.3,18,37,92,960,25,6,9,40,7.267314138,395,472,897.1012488,436.589153,9.799502634,4.631771009,476,19,6,9,34,484,6,0,0,6,510,490,455,17,388,7
29,1000,80,5.13,10.3,18,37,88,960,21,9,10,40,7.259861215,423,476,1021.180995,621.4912206,9.94947015,4.548648996,469,16,8,9,33,491,5,1,1,7,502,498,467,9,410,13
31,1000,80,5.13,10.3,18,37,81,960,24,7,9,40,7.467538748,392,473,379.3856638,214.5382927,9.746070838,5.269583431,456,22,6,7,35,504,2,1,2,5,491,509,456,17,382,10
25,1000,80,5.13,10.3,18,37,97,960,29,6,5,40,7.119685798,407,481,1594.274727,760.5773777,9.96758751,4.119740052,477,25,6,5,36,483,4,0,0,4,513,487,463,18,402,5
30,1000,80,5.13,10.3,18,37,84,950,31,14,5,50,7.727340989,394,477,473.9319225,240.9044785,10.63921005,4.918445684,446,26,14,5,45,504,5,0,0,5,491,509,459,18,389,5
27,1000,80,5.13,10.3,18,37,92,957,18,12,13,43,7.442544025,391,481,434.9363995,229.9804446,10.14821615,4.6600374,469,15,11,12,38,488,3,1,1,5,507,493,463,18,386,5
32,1000,80,5.13,10.3,18,37,41,955,27,10,8,45,7.797041213,179,320,39.56249997,20.73294449,7.852698835,7.745458715,462,10,6,3,19,493,17,4,5,26,481,519,278,42,169,10
28,1000,80,5.13,10.3,18,37,92,958,23,10,9,42,7.009477299,440,497,735.8353344,358.6282602,9.95356156,4.203396988,451,20,8,9,37,507,3,2,0,5,488,512,486,11,435,5
26,1000,80,5.13,10.3,18,37,93,960,25,6,9,40,7.239675921,401,462,960.9076259,462.5182919,9.806813071,4.567757663,476,19,6,9,34,484,6,0,0,6,510,490,452,10,395,6
29,1000,80,5.13,10.3,18,37,89,960,21,9,10,40,7.263113434,414,472,1083.862472,649.1656084,10.03829405,4.465642211,468,17,8,9,34,492,4,1,1,6,502,498,457,15,405,9
25,1000,80,5.13,10.3,18,37,98,960,28,7,5,40,7.123102362,390,491,1757.262419,838.795613,9.993889998,4.099048857,477,24,7,5,36,483,4,0,0,4,513,487,468,23,386,4
31,1000,80,5.13,10.3,18,37,82,961,24,5,10,39,7.437613272,391,474,407.1052329,228.9661834,9.773236822,5.184585447,457,22,4,8,34,504,2,1,2,5,491,509,456,18,383,8
30,1000,80,5.13,10.3,18,37,85,949,32,14,5,51,7.770748951,399,489,500.5369633,253.4860031,10.7078043,4.937558035,446,26,14,5,45,503,6,0,0,6,491,509,473,16,390,9
27,1000,80,5.13,10.3,18,37,93,957,18,12,13,43,7.458488807,399,477,461.1615438,242.7655472,10.21385873,4.624873086,469,15,11,12,38,488,3,1,1,5,507,493,463,14,394,5
28,1000,80,5.13,10.3,18,37,93,960,22,9,9,40,7.013745843,447,504,783.0459365,381.6347449,9.995605378,4.171660973,452,19,8,9,36,508,3,1,0,4,488,512,489,15,440,7
32,1000,80,5.13,10.3,18,37,42,955,27,11,7,45,7.768570259,193,351,41.08809261,21.76426669,7.860437516,7.683429315,462,10,7,2,19,493,17,4,5,26,481,519,306,45,178,15
26,1000,80,5.13,10.3,18,37,94,960,24,7,9,40,7.219243353,404,481,1033.010258,497.9396718,9.858876285,4.471870301,476,18,7,9,34,484,6,0,0,6,510,490,464,17,396,8
29,1000,80,5.13,10.3,18,37,90,958,23,9,10,42,7.276345811,411,483,1142.084647,674.9228675,10.09651872,4.433520909,466,19,8,9,36,492,4,1,1,6,502,498,464,19,398,13
25,1000,80,5.13,10.3,18,37,99,960,28,7,5,40,7.1215966,415,470,2025.471118,945.6754708,10.06833905,4.017533198,477,24,7,5,36,483,4,0,0,4,513,487,464,6,407,8
31,1000,80,5.13,10.3,18,37,83,961,25,5,9,39,7.392799033,401,461,452.8025916,253.2216241,9.803152624,5.067683878,456,23,4,8,35,505,2,1,1,4,491,509,446,15,395,6
30,1000,80,5.13,10.3,18,37,86,949,32,14,5,51,7.769371423,388,487,525.390103,264.3099959,10.76535165,4.879339415,446,26,14,5,45,503,6,0,0,6,491,509,470,17,380,8
27,1000,80,5.13,10.3,18,37,94,957,18,11,14,43,7.457418191,402,479,487.1646503,255.9998562,10.29077084,4.543605225,469,15,10,13,38,488,3,1,1,5,507,493,464,15,393,9
28,1000,80,5.13,10.3,18,37,94,960,22,9,9,40,7.004541801,447,495,845.7824541,413.4184026,10.05200473,4.099928696,451,20,8,9,37,509,2,1,0,3,488,512,484,11,442,5
32,1000,80,5.13,10.3,18,37,43,956,25,12,7,44,7.764532752,180,344,42.40625433,22.43356987,7.882464385,7.655235805,461,11,7,2,20,495,14,5,5,24,481,519,301,43,165,15
26,1000,80,5.13,10.3,18,37,95,961,24,7,8,39,7.205977911,425,478,1104.788275,534.855531,9.849231692,4.45483622,477,18,7,8,33,484,6,0,0,6,510,490,457,21,415,10
29,1000,80,5.13,10.3,18,37,91,956,25,9,10,44,7.290041097,412,488,1215.397348,708.2994187,10.15814369,4.398901539,464,21,8,9,38,492,4,1,1,6,502,498,470,18,403,9
25,1000,80,5.13,10.3,18,37,100,959,29,7,5,41,7.106073861,409,476,2322.816697,1060.927668,10.103837,3.948265869,476,25,7,5,37,483,4,0,0,4,513,487,463,13,403,6
31,1000,80,5.13,10.3,18,37,84,961,23,7,9,39,7.369031215,389,473,502.153617,279.2617125,9.824519708,5.000377285,456,21,6,8,35,505,2,1,1,4,491,509,462,11,382,7
30,1000,80,5.13,10.3,18,37,87,948,33,14,5,52,7.755887861,399,499,559.843322,279.1319166,10.79156021,4.827567382,445,27,14,5,46,503,6,0,0,6,491,509,479,20,389,10
27,1000,80,5.13,10.3,18,37,95,958,17,11,14,42,7.42331343,417,484,517.5330895,271.3276076,10.32479101,4.439440953,469,15,10,13,38,489,2,1,1,4,507,493,471,13,410,7
28,1000,80,5.13,10.3,18,37,95,960,22,9,9,40,6.992173172,440,504,899.8753307,443.2385657,10.11502217,4.015707721,451,20,8,9,37,509,2,1,0,3,488,512,490,14,434,6
26,1000,80,5.13,10.3,18,37,96,961,24,7,8,39,7.221338005,412,472,1204.097829,584.9106747,9.967190538,4.363409858,477,18,7,8,33,484,6,0,0,6,510,490,464,8,404,8
25,1000,80,5.13,10.3,18,37,101,959,29,7,5,41,7.085737809,430,476,2531.036217,1150.790796,10.11136978,3.898573125,476,25,7,5,37,483,4,0,0,4,513,487,471,5,422,8
29,1000,80,5.13,10.3,18,37,92,957,24,8,11,43,7.252892828,416,475,1314.672802,765.2287576,10.17298537,4.309345724,464,21,8,9,38,493,3,0,2,5,502,498,461,14,413,3
32,1000,80,5.13,10.3,18,37,44,957,24,12,7,43,7.792121163,210,341,44.26715855,23.51392679,7.89926565,7.692821551,462,10,7,2,19,495,14,5,5,24,481,519,303,38,196,14
31,1000,80,5.13,10.3,18,37,85,960,23,7,10,40,7.381162817,400,474,549.1469775,303.2350454,9.913849444,4.938040747,455,21,6,9,36,505,2,1,1,4,491,509,459,15,394,6
27,1000,80,5.13,10.3,18,37,96,958,17,11,14,42,7.399679639,413,486,547.6203038,287.4178873,10.36858825,4.346461252,469,15,10,13,38,489,2,1,1,4,507,493,469,17,402,11
30,1000,80,5.13,10.3,18,37,88,948,33,14,5,52,7.758518791,410,488,595.8415124,295.7947531,10.83527118,4.790571002,445,27,14,5,46,503,6,0,0,6,491,509,475,13,401,9
28,1000,80,5.13,10.3,18,37,96,960,21,10,9,40,6.996577144,439,502,978.5095109,479.0313911,10.20018308,3.943140237,451,19,9,9,37,509,2,1,0,3,488,512,490,12,436,3
26,1000,80,5.13,10.3,18,37,97,961,23,7,9,39,7.221239814,414,482,1302.420365,635.7577024,10.02301093,4.30511069,477,17,7,9,33,484,6,0,0,6,510,490,465,17,409,5
25,1000,80,5.13,10.3,18,37,102,959,29,7,5,41,7.060341262,420,487,2733.222235,1232.257513,10.12140117,3.835857214,476,25,7,5,37,483,4,0,0,4,513,487,473,14,413,7
29,1000,80,5.13,10.3,18,37,93,956,25,8,11,44,7.225920591,430,490,1419.486698,813.1121786,10.20206347,4.225872949,463,22,8,9,39,493,3,0,2,5,502,498,474,16,421,9
31,1000,80,5.13,10.3,18,37,86,960,24,7,9,40,7.399225581,397,485,572.3916573,316.4378758,9.983087841,4.906737625,455,21,6,9,36,505,3,1,0,4,491,509,472,13,385,12
27,1000,80,5.13,10.3,18,37,97,958,17,10,15,42,7.36901585,420,493,570.4364912,299.9092532,10.40990883,4.241768911,469,15,9,14,38,489,2,1,1,4,507,493,474,19,412,8
32,1000,80,5.13,10.3,18,37,45,958,23,12,7,42,7.797755973,211,341,46.13583677,24.57139545,7.951813383,7.654978296,462,10,7,2,19,496,13,5,5,23,481,519,309,32,195,16
30,1000,80,5.13,10.3,18,37,89,948,33,14,5,52,7.732458248,397,488,631.7558366,311.6221219,10.87672532,4.699383335,445,27,14,5,46,503,6,0,0,6,491,509,476,12,392,5
28,1000,80,5.13,10.3,18,37,97,959,22,10,9,41,6.982023124,451,511,1062.115212,515.913331,10.25133931,3.865956135,450,20,9,9,38,509,2,1,0,3,488,512,488,23,443,8
26,1000,80,5.13,10.3,18,37,98,961,23,7,9,39,7.19318842,421,479,1430.043612,691.0946371,10.03201517,4.238491192,477,17,7,9,33,484,6,0,0,6,510,490,460,19,413,8
25,1000,80,5.13,10.3,18,37,103,959,29,7,5,41,7.070208378,422,490,2960.249944,1326.616082,10.15181313,3.824082635,476,25,7,5,37,483,4,0,0,4,513,487,468,22,417,5
29,1000,80,5.13,10.3,18,37,94,956,24,9,11,44,7.213503051,425,482,1515.501377,855.6192849,10.24925412,4.153368436,463,21,9,9,39,493,3,0,2,5,502,498,470,12,418,7
31,1000,80,5.13,10.3,18,37,87,960,23,7,10,40,7.391198186,395,489,614.2771103,337.0977281,10.04718744,4.829133894,455,20,6,10,36,505,3,1,0,4,491,509,470,19,384,11
27,1000,80,5.13,10.3,18,37,98,959,17,9,15,41,7.319671127,419,481,621.0317676,323.9279681,10.43782076,4.112973636,469,15,9,14,38,490,2,0,1,3,507,493,469,12,412,7
30,1000,80,5.13,10.3,18,37,90,948,34,13,5,52,7.703286946,408,493,666.3745224,327.7353083,10.86311141,4.655204803,445,28,13,5,46,503,6,0,0,6,491,509,475,18,404,4
32,1000,80,5.13,10.3,18,37,46,958,24,12,6,42,7.787573027,213,374,47.68737314,25.4896508,7.999539694,7.591126077,462,10,7,2,19,496,14,5,4,23,481,519,331,43,203,10
28,1000,80,5.13,10.3,18,37,98,959,22,10,9,41,6.956430012,457,513,1136.325658,553.9904974,10.27338522,3.79495708,450,20,9,9,38,509,2,1,0,3,488,512,494,19,452,5
26,1000,80,5.13,10.3,18,37,99,959,25,7,9,41,7.208553646,420,479,1547.100431,748.5849381,10.09911555,4.200009619,476,18,7,9,34,483,7,0,0,7,510,490,467,12,413,7
25,1000,80,5.13,10.3,18,37,104,960,28,7,5,40,7.058359324,418,482,3112.1547,1430.076762,10.15164143,3.799932794,477,24,7,5,36,483,4,0,0,4,513,487,472,10,412,6
33,1000,80,5.13,10.3,18,37,0,945,32,14,9,55,6.843,91,205,20.04430154,8.914416823,6.288888889,7.386138614,472,15,5,3,23,473,17,9,6,32,495,505,114,91,67,24
29,1000,80,5.13,10.3,18,37,95,956,23,10,11,44,7.215858701,421,488,1637.341308,911.8549128,10.30415473,4.102757081,463,20,10,9,39,493,3,0,2,5,502,498,472,16,411,10
31,1000,80,5.13,10.3,18,37,88,959,24,7,10,41,7.405908839,413,479,692.6306601,378.9926595,10.1280853,4.77999795,454,21,6,10,37,505,3,1,0,4,491,509,467,12,402,11
27,1000,80,5.13,10.3,18,37,99,959,17,9,15,41,7.329429699,424,473,667.5686771,347.2243569,10.49297199,4.076050506,469,15,9,14,38,490,2,0,1,3,507,493,463,10,420,4
30,1000,80,5.13,10.3,18,37,91,948,34,13,5,52,7.668635499,426,503,714.6790998,349.4786598,10.82553061,4.623379118,445,28,13,5,46,503,6,0,0,6,491,509,478,25,415,11
28,1000,80,5.13,10.3,18,37,99,959,22,10,9,41,6.92780698,460,503,1244.921002,599.8028421,10.32289974,3.691859191,450,20,9,9,38,509,2,1,0,3,488,512,489,14,455,5
32,1000,80,5.13,10.3,18,37,47,957,24,12,7,43,7.790393701,209,348,49.54157577,26.58920722,8.026626002,7.571457792,461,10,7,3,20,496,14,5,4,23,481,519,315,33,193,16
26,1000,80,5.13,10.3,18,37,100,959,25,7,9,41,7.202821876,437,484,1728.826588,833.6885613,10.14995117,4.13540159,476,18,7,9,34,483,7,0,0,7,510,490,464,20,424,13
29,1000,80,5.13,10.3,18,37,96,956,23,11,10,44,7.238796849,425,478,1720.02346,953.8342322,10.39959942,4.052606309,462,20,11,9,40,494,3,0,1,4,502,498,462,16,416,9
33,1000,80,5.13,10.3,18,37,1,944,33,14,9,56,6.889556804,92,200,20.14064958,8.991935231,6.335431801,7.432709035,472,15,5,3,23,472,18,9,6,33,495,505,114,86,67,25
27,1000,80,5.13,10.3,18,37,100,958,18,9,15,42,7.319663525,426,486,720.2051795,374.9573998,10.52920206,4.018981913,468,16,9,14,39,490,2,0,1,3,507,493,471,15,416,10
31,1000,80,5.13,10.3,18,37,89,959,24,7,10,41,7.407249528,414,477,728.751424,396.4193451,10.15891652,4.752890999,454,21,6,10,37,505,3,1,0,4,491,509,463,14,408,6
30,1000,80,5.13,10.3,18,37,92,947,34,13,6,53,7.680251066,417,488,764.3955287,374.3751495,10.88954151,4.584452229,444,28,13,6,47,503,6,0,0,6,491,509,481,7,408,9
28,1000,80,5.13,10.3,18,37,100,959,23,9,9,41,6.920273706,457,510,1319.744172,636.3188401,10.35308454,3.648375879,449,21,9,9,39,510,2,0,0,2,488,512,494,16,450,7
32,1000,80,5.13,10.3,18,37,48,959,23,11,7,41,7.79888899,209,357,51.90517307,27.92093281,8.074603597,7.543361581,461,10,7,3,20,498,13,4,4,21,481,519,330,27,196,13
26,1000,80,5.13,10.3,18,37,101,956,28,7,9,44,7.207688442,437,473,1843.100454,885.8979528,10.19295449,4.100574795,473,21,7,9,37,483,7,0,0,7,510,490,460,13,428,9
29,1000,80,5.13,10.3,18,37,97,955,24,11,10,45,7.221096974,425,493,1831.515034,1001.924781,10.42285684,3.993620166,461,21,11,9,41,494,3,0,1,4,502,498,472,21,416,9
27,1000,80,5.13,10.3,18,37,101,956,19,10,15,44,7.315308566,431,486,760.9484434,396.4885899,10.55846025,3.98005927,467,16,10,14,40,489,3,0,1,4,507,493,477,9,423,8
31,1000,80,5.13,10.3,18,37,90,959,24,6,11,41,7.413573896,409,488,794.7984527,428.1240088,10.21891899,4.707435507,454,21,5,11,37,505,3,1,0,4,491,509,470,18,401,8
33,1000,80,5.13,10.3,18,37,2,943,34,14,9,57,6.919556483,89,212,20.21250196,9.080937403,6.393759072,7.434942063,471,16,5,3,24,472,18,9,6,33,495,505,129,83,67,22
30,1000,80,5.13,10.3,18,37,93,946,35,13,6,54,7.663448127,434,489,824.9182318,401.2366616,10.92194258,4.520185308,443,29,13,6,48,503,6,0,0,6,491,509,478,11,427,7
28,1000,80,5.13,10.3,18,37,101,959,23,9,9,41,6.901829152,451,513,1429.385338,684.5008724,10.39416037,3.57320096,449,21,9,9,39,510,2,0,0,2,488,512,497,16,443,8
26,1000,80,5.13,10.3,18,37,102,957,27,7,9,43,7.187619649,434,482,1970.868049,947.5110182,10.25978554,3.99005923,473,21,7,9,37,484,6,0,0,6,510,490,466,16,425,9
32,1000,80,5.13,10.3,18,37,49,959,23,12,6,41,7.836053147,211,367,54.71285504,29.37369452,8.145180715,7.549559198,461,10,7,3,20,498,13,5,3,21,481,519,334,33,201,10
29,1000,80,5.13,10.3,18,37,98,953,26,11,10,47,7.221620163,438,483,1976.472042,1079.211909,10.49743033,3.919498267,459,23,11,9,43,494,3,0,1,4,502,498,472,11,431,7
27,1000,80,5.13,10.3,18,37,102,957,18,10,15,43,7.315387392,435,494,824.937743,429.7839353,10.6138581,3.923248143,467,16,10,14,40,490,2,0,1,3,507,493,477,17,426,9
31,1000,80,5.13,10.3,18,37,91,959,23,7,11,41,7.451714986,418,478,846.5122975,456.2116822,10.27941871,4.724008647,454,20,6,11,37,505,3,1,0,4,491,509,471,7,406,12
33,1000,80,5.13,10.3,18,37,3,944,33,14,9,56,6.950965407,82,211,20.35818295,9.2105121,6.484705139,7.407992798,470,16,6,3,25,474,17,8,6,31,495,505,123,88,56,26
30,1000,80,5.13,10.3,18,37,94,945,36,12,7,55,7.642233725,421,502,874.2859072,424.2275487,10.98101875,4.421519685,442,30,12,7,49,503,6,0,0,6,491,509,489,13,415,6
28,1000,80,5.13,10.3,18,37,102,958,24,9,9,42,6.882705454,454,504,1553.018733,743.214558,10.42794395,3.50365001,448,22,9,9,40,510,2,0,0,2,488,512,495,9,450,4
26,1000,80,5.13,10.3,18,37,103,957,27,7,9,43,7.230814788,425,487,2082.169296,1008.006245,10.3226941,4.012736316,473,21,7,9,37,484,6,0,0,6,510,490,470,17,416,9
27,1000,80,5.13,10.3,18,37,103,956,18,11,15,44,7.333638802,417,486,862.9613972,449.2720772,10.67515852,3.897228057,466,16,11,14,41,490,2,0,1,3,507,493,471,15,413,4
29,1000,80,5.13,10.3,18,37,99,952,26,11,11,48,7.206905408,431,484,2107.299437,1151.171218,10.52581045,3.861342496,458,23,11,10,44,494,3,0,1,4,502,498,471,13,425,6
32,1000,80,5.13,10.3,18,37,50,960,24,11,5,40,7.797459155,229,377,57.40331683,30.63863352,8.195498394,7.428563444,460,11,7,3,21,500,13,4,2,19,481,519,337,40,217,12
31,1000,80,5.13,10.3,18,37,92,960,22,7,11,40,7.392392513,416,492,924.1338597,498.3326067,10.30011078,4.587501214,454,20,6,11,37,506,2,1,0,3,491,509,480,12,409,7
33,1000,80,5.13,10.3,18,37,4,947,31,13,9,53,6.938506427,87,201,20.52028309,9.327455775,6.495066863,7.373165011,471,15,6,3,24,476,16,7,6,29,495,505,122,79,57,30
28,1000,80,5.13,10.3,18,37,103,958,22,11,9,42,6.885280069,461,499,1631.334905,784.4860324,10.52610548,3.415118352,448,20,11,9,40,510,2,0,0,2,488,512,495,4,456,5
30,1000,80,5.13,10.3,18,37,95,943,38,12,7,57,7.626546183,423,493,942.7010299,456.529524,11.05157304,4.322640115,440,32,12,7,51,503,6,0,0,6,491,509,484,9,418,5
26,1000,80,5.13,10.3,18,37,104,957,27,7,9,43,7.228868583,432,474,2208.496729,1077.34814,10.34050612,3.990225437,473,21,7,9,37,484,6,0,0,6,510,490,469,5,427,5
34,1000,80,5.13,10.3,18,37,0,940,33,15,12,60,7.301,106,232,20.0410142,9.226292291,6.562628337,8.001949318,470,11,2,4,17,470,22,13,8,43,487,513,144,88,73,33
27,1000,80,5.13,10.3,18,37,104,953,21,11,15,47,7.323827042,426,483,919.0327509,478.1506417,10.70467552,3.846970701,463,19,11,14,44,490,2,0,1,3,507,493,471,12,421,5
35,1000,80,5.13,10.3,18,37,0,934,34,14,18,66,7.329,76,180,19.8864679,9.026010716,6.343984962,8.448717949,509,15,6,2,23,425,19,8,16,43,532,468,98,82,53,23
29,1000,80,5.13,10.3,18,37,100,951,27,10,12,49,7.191527533,437,483,2215.216515,1217.707999,10.55611072,3.799919583,458,23,10,11,44,493,4,0,1,5,502,498,471,12,431,6
31,1000,80,5.13,10.3,18,37,93,959,22,8,11,41,7.415425688,421,492,989.9258238,532.667983,10.40150827,4.534941313,453,20,7,11,38,506,2,1,0,3,491,509,480,12,415,6
33,1000,80,5.13,10.3,18,37,5,949,30,12,9,51,6.943820273,83,207,20.66088429,9.446160494,6.546987256,7.332795211,471,15,6,3,24,478,15,6,6,27,495,505,133,74,59,24
32,1000,80,5.13,10.3,18,37,51,960,24,11,5,40,7.771731215,229,380,60.46891416,32.21055545,8.22477719,7.351856235,460,11,7,3,21,500,13,4,2,19,481,519,347,33,215,14
28,1000,80,5.13,10.3,18,37,104,958,22,11,9,42,6.911203075,469,508,1736.641595,834.5329013,10.57223317,3.421783767,448,20,11,9,40,510,2,0,0,2,488,512,493,15,461,8
36,1000,80,5.13,10.3,18,37,0,945,31,14,10,55,6.978,90,209,19.98853481,8.966373981,6.282608696,7.690283401,489,12,3,2,17,456,19,11,8,38,506,494,118,91,66,24
30,1000,80,5.13,10.3,18,37,96,941,39,13,7,59,7.627938753,426,502,984.2390726,474.7334234,11.10718734,4.271728424,438,33,13,7,53,503,6,0,0,6,491,509,485,17,418,8
34,1000,80,5.13,10.3,18,37,1,941,32,15,12,59,7.335653648,108,211,20.08823756,9.303013012,6.566353128,8.065964278,470,10,3,4,17,471,22,12,8,42,487,513,133,78,72,36
29,1000,80,5.13,10.3,18,37,101,951,26,11,12,49,7.176373081,442,489,2348.563194,1277.404718,10.5753298,3.750115503,458,22,11,11,44,493,4,0,1,5,502,498,483,6,436,6
35,1000,80,5.13,10.3,18,37,1,937,32,13,18,63,7.302188887,97,226,19.86993103,9.058955668,6.341971786,8.393717728,509,15,6,2,23,428,17,7,16,40,532,468,118,108,70,27
31,1000,80,5.13,10.3,18,37,94,959,22,8,11,41,7.394615513,431,490,1069.924725,573.8845206,10.42662122,4.469832012,453,20,7,11,38,506,2,1,0,3,491,509,479,11,422,9
33,1000,80,5.13,10.3,18,37,6,949,30,12,9,51,6.995103832,103,225,20.78897259,9.518398077,6.619771383,7.363003956,471,15,6,3,24,478,15,6,6,27,495,505,141,84,76,27
32,1000,80,5.13,10.3,18,37,52,959,25,11,5,41,7.816564915,232,378,63.50113488,33.94565629,8.303936596,7.364877481,460,11,7,3,21,499,14,4,2,20,481,519,347,31,216,16
30,1000,80,5.13,10.3,18,37,97,941,39,13,7,59,7.623671049,435,503,1049.704251,506.3307345,11.17090782,4.201876841,438,33,13,7,53,503,6,0,0,6,491,509,492,11,427,8
36,1000,80,5.13,10.3,18,37,1,946,31,13,10,54,6.995109872,110,214,20.03657127,8.980765072,6.328182954,7.678237444,489,12,3,2,17,457,19,10,8,37,506,494,123,91,82,28
34,1000,80,5.13,10.3,18,37,2,941,33,16,10,59,7.319925892,90,211,20.23341031,9.400348081,6.629895229,7.97498424,468,11,4,4,19,473,22,12,6,40,487,513,122,89,64,26
29,1000,80,5.13,10.3,18,37,102,951,26,11,12,49,7.1482493,448,498,2488.533363,1365.282444,10.58231147,3.686604302,458,22,11,11,44,493,4,0,1,5,502,498,479,19,439,9
31,1000,80,5.13,10.3,18,37,95,959,21,8,12,41,7.419847408,426,493,1172.393145,626.4357814,10.46695369,4.480497345,453,20,7,11,38,506,1,1,1,3,491,509,478,15,418,8
33,1000,80,5.13,10.3,18,37,7,949,30,12,9,51,7.018882644,125,186,20.96799075,9.654959035,6.654809508,7.375746411,471,15,6,3,24,478,15,6,6,27,495,505,121,65,98,27
35,1000,80,5.13,10.3,18,37,2,939,30,12,19,61,7.309150813,108,221,19.90153345,9.130825229,6.35593346,8.392722677,510,14,5,3,22,429,16,7,16,39,532,468,120,101,75,33
30,1000,80,5.13,10.3,18,37,98,940,40,13,7,60,7.608728107,440,503,1107.943656,533.1339844,11.22353812,4.121750276,437,34,13,7,54,503,6,0,0,6,491,509,492,11,432,8
32,1000,80,5.13,10.3,18,37,53,958,27,10,5,42,7.813637873,244,385,66.37062655,35.50714077,8.353255306,7.313530002,458,13,7,3,23,500,14,3,2,19,481,519,355,30,234,10
36,1000,80,5.13,10.3,18,37,2,947,30,12,11,53,6.984663052,92,213,20.13502402,9.053014423,6.313598833,7.672028426,489,12,3,2,17,458,18,9,9,36,506,494,120,93,62,30
29,1000,80,5.13,10.3,18,37,103,951,26,11,12,49,7.140406355,446,484,2719.417511,1461.969915,10.65760612,3.594955987,458,22,11,11,44,493,4,0,1,5,502,498,473,11,437,9
34,1000,80,5.13,10.3,18,37,3,942,32,16,10,58,7.325404016,93,217,20.32574488,9.483452328,6.626480778,7.988904244,468,11,4,4,19,474,21,12,6,39,487,513,110,107,63,30
33,1000,80,5.13,10.3,18,37,8,950,30,10,10,50,7.046168018,95,227,21.09672377,9.76625944,6.69840934,7.387040387,471,15,5,4,24,479,15,5,6,26,495,505,138,89,63,32
31,1000,80,5.13,10.3,18,37,96,959,22,8,11,41,7.392790311,436,489,1243.038905,660.8117635,10.52866091,4.367814937,452,21,7,11,39,507,1,1,0,2,491,509,478,11,428,8
35,1000,80,5.13,10.3,18,37,3,940,29,12,19,60,7.333299313,86,210,19.9602231,9.219915734,6.436410715,8.352839342,508,16,5,3,24,432,13,7,16,36,532,468,117,93,56,30
30,1000,80,5.13,10.3,18,37,99,941,38,14,7,59,7.620096701,441,508,1170.747108,562.9802905,11.29758316,4.072658883,437,33,14,7,54,504,5,0,0,5,491,509,489,19,433,8
36,1000,80,5.13,10.3,18,37,3,946,31,12,11,54,7.023754849,84,230,20.20437146,9.130460344,6.343188149,7.720853534,488,13,3,2,18,458,18,9,9,36,506,494,141,89,59,25
32,1000,80,5.13,10.3,18,37,54,958,27,10,5,42,7.755067562,256,384,69.99946564,37.38716373,8.380785681,7.175163102,457,14,7,3,24,501,13,3,2,18,481,519,353,31,241,15
29,1000,80,5.13,10.3,18,37,104,952,25,11,12,48,7.129001331,439,488,2880.616983,1534.25407,10.67378076,3.555749774,459,21,11,11,43,493,4,0,1,5,502,498,477,11,431,8
37,1000,80,5.13,10.3,18,37,0,949,25,13,13,51,7.112,99,204,19.94519139,8.784522789,6.43960396,7.797979798,486,11,4,4,19,463,14,9,9,32,505,495,116,88,70,29
33,1000,80,5.13,10.3,18,37,9,952,29,9,10,48,7.078723307,106,222,21.19912495,9.879061252,6.728177782,7.422327336,472,14,5,4,23,480,15,4,6,25,495,505,146,76,77,29
34,1000,80,5.13,10.3,18,37,4,942,32,16,10,58,7.37122744,94,194,20.45736398,9.587405919,6.645561689,8.060114809,468,11,4,4,19,474,21,12,6,39,487,513,111,83,73,21
31,1000,80,5.13,10.3,18,37,97,958,22,9,11,42,7.34989411,425,497,1338.52199,708.2215515,10.55890708,4.25436293,451,21,8,11,40,507,1,1,0,2,491,509,481,16,418,7
35,1000,80,5.13,10.3,18,37,4,939,30,12,19,61,7.364288093,75,224,20.00713759,9.284899015,6.473620739,8.37675611,509,15,5,3,23,430,15,7,16,38,532,468,126,98,52,23
30,1000,80,5.13,10.3,18,37,100,940,38,15,7,60,7.669092779,445,501,1241.98903,594.6032391,11.4024042,4.067804162,435,34,15,7,56,505,4,0,0,4,491,509,493,8,437,8
36,1000,80,5.13,10.3,18,37,4,948,28,11,13,52,7.062728017,98,199,20.29342427,9.202379355,6.41063043,7.730666031,489,12,2,3,17,459,16,9,10,35,506,494,110,89,62,36
32,1000,80,5.13,10.3,18,37,55,958,27,10,5,42,7.764299119,256,390,73.31259888,39.10570381,8.395100328,7.17968374,457,14,7,3,24,501,13,3,2,18,481,519,369,21,242,14
33,1000,80,5.13,10.3,18,37,10,952,29,9,10,48,7.093793457,104,196,21.39490723,10.01066037,6.729638439,7.450737484,472,14,5,4,23,480,15,4,6,25,495,505,126,70,82,22
37,1000,80,5.13,10.3,18,37,1,950,25,13,12,50,7.143659144,90,199,19.99825599,8.851930186,6.501186941,7.799110584,485,12,4,4,20,465,13,9,8,30,505,495,117,82,59,31
31,1000,80,5.13,10.3,18,37,98,958,22,9,11,42,7.343920036,434,487,1492.019853,783.4997998,10.58237351,4.219989476,451,21,8,11,40,507,1,1,0,2,491,509,478,9,426,8
34,1000,80,5.13,10.3,18,37,5,941,33,16,10,59,7.423047298,93,208,20.56951284,9.690451294,6.699341253,8.110074285,467,12,4,4,20,474,21,12,6,39,487,513,125,83,68,25
35,1000,80,5.13,10.3,18,37,5,939,30,12,19,61,7.390656536,114,215,20.03911053,9.322035537,6.520781867,8.379488425,509,15,5,3,23,430,15,7,16,38,532,468,114,101,77,37
30,1000,80,5.13,10.3,18,37,101,939,38,16,7,61,7.676070354,443,496,1336.118461,637.4200246,11.45633301,4.029490856,434,34,16,7,57,505,4,0,0,4,491,509,488,8,437,6
36,1000,80,5.13,10.3,18,37,5,949,28,10,13,51,7.057678646,102,220,20.38781165,9.278849807,6.442389413,7.687914176,489,12,2,3,17,460,16,8,10,34,506,494,135,85,79,23
32,1000,80,5.13,10.3,18,37,56,959,26,10,5,41,7.751822794,273,402,77.19195773,41.10702568,8.435570569,7.118137477,457,14,7,3,24,502,12,3,2,17,481,519,374,28,263,10
33,1000,80,5.13,10.3,18,37,11,952,30,9,9,48,7.103447782,125,228,21.66312738,10.19787377,6.737891464,7.461765361,472,15,5,3,23,480,15,4,6,25,495,505,137,91,84,41
31,1000,80,5.13,10.3,18,37,99,958,21,9,12,42,7.374124179,441,506,1630.692545,849.3249293,10.6121321,4.250623413,451,20,8,12,40,507,1,1,0,2,491,509,488,18,433,8
37,1000,80,5.13,10.3,18,37,2,950,24,14,12,50,7.159113546,108,213,20.11029456,8.947094975,6.517503523,7.813685388,485,12,4,4,20,465,12,10,8,30,505,495,119,94,63,45
34,1000,80,5.13,10.3,18,37,6,942,33,16,9,58,7.412620783,107,200,20.79574935,9.857376466,6.748589041,8.042997894,467,12,4,4,20,475,21,12,5,38,487,513,122,78,72,35
30,1000,80,5.13,10.3,18,37,102,939,36,18,7,61,7.655168467,454,507,1444.311591,686.4038781,11.5150362,3.931798998,434,32,18,7,57,505,4,0,0,4,491,509,488,19,442,12
35,1000,80,5.13,10.3,18,37,6,940,30,12,18,60,7.391469331,102,209,20.09294179,9.384898592,6.561006744,8.335499452,509,15,5,3,23,431,15,7,15,37,532,468,123,86,70,32
36,1000,80,5.13,10.3,18,37,6,949,28,9,14,51,7.072787878,96,209,20.52125383,9.377875039,6.472617506,7.687537288,489,12,2,3,17,460,16,7,11,34,506,494,117,92,72,24
32,1000,80,5.13,10.3,18,37,57,960,25,10,5,40,7.746649514,260,421,81.45346176,43.14227741,8.467006988,7.079034976,457,14,7,3,24,503,11,3,2,16,481,519,389,32,249,11
33,1000,80,5.13,10.3,18,37,12,954,28,9,9,46,7.120663234,114,222,21.90546634,10.36216151,6.72877187,7.504794373,474,14,4,3,21,480,14,5,6,25,495,505,154,68,89,25
31,1000,80,5.13,10.3,18,37,100,958,21,9,12,42,7.351662088,448,492,1747.683548,908.7829803,10.63739317,4.182125819,451,20,8,12,40,507,1,1,0,2,491,509,482,10,441,7
37,1000,80,5.13,10.3,18,37,3,953,21,14,12,47,7.162060927,103,216,20.20043646,9.079959547,6.530985055,7.805885807,486,11,4,4,19,467,10,10,8,28,505,495,128,88,75,28
30,1000,80,5.13,10.3,18,37,103,939,35,19,7,61,7.650057906,438,509,1541.201341,731.5129612,11.57368947,3.865179523,433,32,19,7,58,506,3,0,0,3,491,509,494,15,434,4
34,1000,80,5.13,10.3,18,37,7,941,35,15,9,59,7.458109145,97,204,21.00009989,10.00634315,6.811752913,8.071706581,467,13,3,4,20,474,22,12,5,39,487,513,120,84,73,24
35,1000,80,5.13,10.3,18,37,7,940,32,12,16,60,7.418986816,92,223,20.18597101,9.4676736,6.562885217,8.392162138,510,15,5,2,22,430,17,7,14,38,532,468,126,97,67,25
36,1000,80,5.13,10.3,18,37,7,949,28,9,14,51,7.122093373,90,200,20.68588594,9.485608614,6.526148079,7.732515071,489,12,2,3,17,460,16,7,11,34,506,494,120,80,59,31
31,1000,80,5.13,10.3,18,37,101,958,22,8,12,42,7.323388555,441,500,1838.974864,955.3031351,10.67159329,4.093587913,450,21,8,12,41,508,1,0,0,1,491,509,490,10,429,12
32,1000,80,5.13,10.3,18,37,58,962,24,9,5,38,7.723426358,293,414,84.8095003,44.88255107,8.497826791,7.005725765,457,14,7,3,24,505,10,2,2,14,481,519,386,28,284,9
33,1000,80,5.13,10.3,18,37,13,954,28,9,9,46,7.176522544,95,233,22.12927231,10.52258551,6.779799973,7.565389223,474,14,4,3,21,480,14,5,6,25,495,505,152,81,75,20
30,1000,80,5.13,10.3,18,37,104,937,37,19,7,63,7.650502764,467,506,1665.021531,785.6645677,11.66031174,3.782494495,431,34,19,7,60,506,3,0,0,3,491,509,490,16,455,12
37,1000,80,5.13,10.3,18,37,4,953,21,14,12,47,7.177666988,97,202,20.28596482,9.155923332,6.569214879,7.798411059,486,11,4,4,19,467,10,10,8,28,505,495,131,71,62,35
38,1000,80,5.13,10.3,18,37,0,940,27,18,15,60,7.061,97,185,20.14299551,9.122505691,6.342975207,7.734496124,462,11,6,5,22,478,16,12,10,38,484,516,108,77,70,27
35,1000,80,5.13,10.3,18,37,8,941,32,11,16,59,7.405595141,102,210,20.25007664,9.536090084,6.583268823,8.34037634,511,14,4,3,21,430,18,7,13,38,532,468,125,85,70,32
34,1000,80,5.13,10.3,18,37,8,939,38,14,9,61,7.507792274,110,238,21.26878212,10.18632364,6.8847283,8.099277957,466,14,3,4,21,473,24,11,5,40,487,513,154,84,85,25
36,1000,80,5.13,10.3,18,37,8,950,27,9,14,50,7.174155803,109,197,20.81746787,9.588594264,6.587195971,7.775373769,489,12,2,3,17,461,15,7,11,33,506,494,127,70,83,26
31,1000,80,5.13,10.3,18,37,102,958,22,8,12,42,7.33702547,439,499,1893.31634,982.4943314,10.69567569,4.097148734,450,21,8,12,41,508,1,0,0,1,491,509,489,10,430,9
33,1000,80,5.13,10.3,18,37,14,954,28,9,9,46,7.19873541,91,227,22.41630648,10.68946214,6.800895194,7.588697603,472,16,4,3,23,482,12,5,6,23,495,505,153,74,67,24
37,1000,80,5.13,10.3,18,37,5,955,19,15,11,45,7.171280484,100,199,20.45654335,9.287487288,6.568075347,7.786671583,487,10,5,3,18,468,9,10,8,27,505,495,120,79,72,28
38,1000,80,5.13,10.3,18,37,1,942,26,17,15,58,7.078383472,100,202,20.25685423,9.223153374,6.418617698,7.697233539,463,10,6,5,21,479,16,11,10,37,484,516,112,90,66,34
32,1000,80,5.13,10.3,18,37,59,962,25,9,4,38,7.743444885,260,424,89.66479388,47.44697889,8.548835098,6.997023512,457,14,7,3,24,505,11,2,1,14,481,519,401,23,252,8
35,1000,80,5.13,10.3,18,37,9,944,29,11,16,56,7.411773394,116,222,20.42686032,9.670409764,6.639947732,8.289147864,512,12,5,3,20,432,17,6,13,36,532,468,141,81,80,36
34,1000,80,5.13,10.3,18,37,9,941,37,13,9,59,7.517015034,97,226,21.56812539,10.38330857,6.926084588,8.077995789,466,14,3,4,21,475,23,10,5,38,487,513,150,76,75,22
36,1000,80,5.13,10.3,18,37,9,952,26,7,15,48,7.177361425,116,196,21.01401941,9.745767068,6.636093531,7.731777528,489,12,2,3,17,463,14,5,12,31,506,494,134,62,80,36
31,1000,80,5.13,10.3,18,37,103,959,22,7,12,41,7.315590052,453,502,1977.91042,1034.545584,10.71426129,4.037107578,451,21,7,12,40,508,1,0,0,1,491,509,489,13,442,11
33,1000,80,5.13,10.3,18,37,15,956,28,8,8,44,7.205624714,114,221,22.64315107,10.84406395,6.799042601,7.604155696,473,16,3,3,22,483,12,5,5,22,495,505,162,59,89,25
37,1000,80,5.13,10.3,18,37,6,955,19,15,11,45,7.167130434,106,213,20.58049098,9.408286905,6.581052605,7.765048219,487,10,5,3,18,468,9,10,8,27,505,495,131,82,77,29
38,1000,80,5.13,10.3,18,37,2,942,26,17,15,58,7.110034474,89,207,20.36625937,9.293905037,6.465129756,7.714945101,463,10,6,5,21,479,16,11,10,37,484,516,131,76,59,30
35,1000,80,5.13,10.3,18,37,10,945,29,11,15,55,7.388036562,106,219,20.52619335,9.729496558,6.636836756,8.241964548,513,11,5,3,19,432,18,6,12,36,532,468,133,86,73,33
32,1000,80,5.13,10.3,18,37,60,963,23,10,4,37,7.747583994,290,413,94.23692937,49.78990016,8.624233847,6.93512045,457,14,7,3,24,506,9,3,1,13,481,519,381,32,275,15
36,1000,80,5.13,10.3,18,37,10,954,24,8,14,46,7.173322593,104,224,21.20075805,9.915587065,6.655135438,7.70409729,490,11,2,3,16,464,13,6,11,30,506,494,143,81,79,25
34,1000,80,5.13,10.3,18,37,10,943,35,13,9,57,7.511885014,108,219,21.80019285,10.53691644,6.940504338,8.054306826,466,14,3,4,21,477,21,10,5,36,487,513,145,74,79,29
31,1000,80,5.13,10.3,18,37,104,957,23,8,12,43,7.340874373,441,498,2052.678721,1077.799659,10.79142478,4.012347355,450,21,8,12,41,507,2,0,0,2,491,509,490,8,436,5
39,1000,80,5.13,10.3,18,37,0,940,30,15,15,60,7.321,99,185,20.00710189,8.923684782,6.788954635,7.868154158,482,12,7,6,25,458,18,8,9,35,507,493,95,90,67,32
33,1000,80,5.13,10.3,18,37,16,956,28,8,8,44,7.21313356,113,222,22.91814409,11.00711244,6.814429673,7.60394232,474,15,3,3,21,482,13,5,5,23,495,505,155,67,88,25
37,1000,80,5.13,10.3,18,37,7,956,20,14,10,44,7.199276491,104,195,20.75094071,9.511839179,6.607080168,7.803436377,488,10,4,3,17,468,10,10,7,27,505,495,127,68,74,30
38,1000,80,5.13,10.3,18,37,3,943,25,17,15,57,7.134413174,98,195,20.47601228,9.398404589,6.497606895,7.731727591,464,9,6,5,20,479,16,11,10,37,484,516,119,76,70,28
35,1000,80,5.13,10.3,18,37,11,948,26,11,15,52,7.397226052,113,194,20.61622602,9.811209868,6.660132885,8.235118284,513,11,5,3,19,435,15,6,12,33,532,468,125,69,71,42
32,1000,80,5.13,10.3,18,37,61,964,22,11,3,36,7.708729054,295,427,99.57824305,52.80326588,8.664522072,6.822917028,457,14,7,3,24,507,8,4,0,12,481,519,399,28,283,12
36,1000,80,5.13,10.3,18,37,11,954,24,8,14,46,7.209156308,95,247,21.45847115,10.0816067,6.72478743,7.705291232,490,11,2,3,16,464,13,6,11,30,506,494,170,77,68,27
34,1000,80,5.13,10.3,18,37,11,946,33,12,9,54,7.507913942,109,255,22.0998461,10.75860851,6.969240435,8.019286257,466,14,3,4,21,480,19,9,5,33,487,513,168,87,85,24
39,1000,80,5.13,10.3,18,37,1,941,29,15,15,59,7.360293975,107,200,20.03725306,8.977092435,6.81664342,7.919382883,482,12,7,6,25,459,17,8,9,34,507,493,123,77,63,44
33,1000,80,5.13,10.3,18,37,17,956,28,8,8,44,7.218195515,116,247,23.26420991,11.23132372,6.845581501,7.583431034,474,15,3,3,21,482,13,5,5,23,495,505,170,77,93,23
37,1000,80,5.13,10.3,18,37,8,956,20,14,10,44,7.20046216,96,211,20.90840166,9.606090016,6.634956764,7.777391907,488,10,4,3,17,468,10,10,7,27,505,495,128,83,72,24
38,1000,80,5.13,10.3,18,37,4,944,23,18,15,56,7.146888673,90,205,20.61007944,9.503175153,6.529867692,7.725644787,464,8,7,5,20,480,15,11,10,36,484,516,135,70,65,25
35,1000,80,5.13,10.3,18,37,12,948,26,11,15,52,7.428346744,104,206,20.73445825,9.897838144,6.669249299,8.291252386,513,11,5,3,19,435,15,6,12,33,532,468,128,78,78,26
34,1000,80,5.13,10.3,18,37,12,948,31,12,9,52,7.497683593,110,233,22.41896497,10.98545619,7.011921413,7.958826247,466,14,3,4,21,482,17,9,5,31,487,513,160,73,78,32
36,1000,80,5.13,10.3,18,37,12,955,23,8,14,45,7.259607413,125,214,21.59620461,10.18973483,6.797553175,7.732885642,491,10,2,3,15,464,13,6,11,30,506,494,141,73,92,33
32,1000,80,5.13,10.3,18,37,62,964,22,11,3,36,7.68373493,296,423,105.8968438,56.1024341,8.687584582,6.753384867,457,14,7,3,24,507,8,4,0,12,481,519,398,25,283,13
33,1000,80,5.13,10.3,18,37,18,955,29,8,8,45,7.215691346,136,239,23.71553075,11.47338775,6.845102588,7.578941713,474,15,3,3,21,481,14,5,5,24,495,505,172,67,113,23
37,1000,80,5.13,10.3,18,37,9,958,19,13,10,42,7.226614773,116,218,21.00035043,9.680126612,6.658760686,7.80594066,488,10,4,3,17,470,9,9,7,25,505,495,132,86,90,26
39,1000,80,5.13,10.3,18,37,2,942,29,15,14,58,7.370447466,93,215,20.09678753,9.051925168,6.837259329,7.918776847,483,12,6,6,24,459,17,9,8,34,507,493,118,97,61,32
38,1000,80,5.13,10.3,18,37,5,944,23,16,17,56,7.177491112,108,218,20.73490239,9.590877523,6.575007675,7.742611235,464,8,7,5,20,480,15,9,12,36,484,516,134,84,87,21
35,1000,80,5.13,10.3,18,37,13,949,26,11,14,51,7.439780845,98,211,20.88847108,10.00494233,6.703733579,8.276484147,513,12,5,2,19,436,14,6,12,32,532,468,116,95,76,22
36,1000,80,5.13,10.3,18,37,13,955,23,8,14,45,7.321663479,96,216,21.77937671,10.29366696,6.851873273,7.802865593,491,10,2,3,15,464,13,6,11,30,506,494,146,70,74,22
34,1000,80,5.13,10.3,18,37,13,947,33,11,9,53,7.498606992,103,219,22.79246417,11.22776672,7.030723267,7.942777312,466,14,3,4,21,481,19,8,5,32,487,513,149,70,79,24
32,1000,80,5.13,10.3,18,37,63,963,23,11,3,37,7.676125768,284,425,112.0337749,59.33606541,8.745417419,6.685125221,456,15,7,3,25,507,8,4,0,12,481,519,394,31,274,10
33,1000,80,5.13,10.3,18,37,19,955,29,8,8,45,7.221049861,116,231,24.10327687,11.71923721,6.869143905,7.565987382,474,14,4,3,21,481,15,4,5,24,495,505,168,63,93,23
37,1000,80,5.13,10.3,18,37,10,959,19,13,9,41,7.206162203,103,243,21.14713422,9.796123966,6.669870192,7.753288395,488,9,5,3,17,471,10,8,6,24,505,495,152,91,78,25
38,1000,80,5.13,10.3,18,37,6,945,24,15,16,55,7.211857531,96,206,20.84082821,9.665175649,6.632620509,7.755172877,464,8,7,5,20,481,16,8,11,35,484,516,128,78,66,30
39,1000,80,5.13,10.3,18,37,3,942,29,15,14,58,7.356458047,107,202,20.17369737,9.107444008,6.801327233,7.927353225,484,11,6,6,23,458,18,9,8,35,507,493,112,90,70,37
35,1000,80,5.13,10.3,18,37,14,952,25,9,14,48,7.443179544,97,200,20.99886885,10.11025314,6.722554901,8.262351147,513,12,5,2,19,439,13,4,12,29,532,468,134,66,69,28
36,1000,80,5.13,10.3,18,37,14,955,25,7,13,45,7.315884751,109,211,21.99885269,10.44231023,6.864943239,7.777780308,491,10,2,3,15,464,15,5,10,30,506,494,148,63,81,28
34,1000,80,5.13,10.3,18,37,14,948,33,11,8,52,7.495449434,108,230,23.14106045,11.42519188,7.058354464,7.910391442,466,14,3,4,21,482,19,8,4,31,487,513,150,80,79,29
33,1000,80,5.13,10.3,18,37,20,956,29,7,8,44,7.249287453,115,221,24.54170565,11.97016129,6.89345222,7.598076443,474,14,4,3,21,482,15,3,5,23,495,505,164,57,97,18
37,1000,80,5.13,10.3,18,37,11,957,21,14,8,43,7.214483078,98,206,21.29147875,9.897870433,6.670518568,7.769436771,487,10,5,3,18,470,11,9,5,25,505,495,134,72,74,24
32,1000,80,5.13,10.3,18,37,64,963,23,11,3,37,7.634843209,310,433,118.7098012,63.18583476,8.776018159,6.577222494,456,15,7,3,25,507,8,4,0,12,481,519,403,30,295,15
38,1000,80,5.13,10.3,18,37,7,944,24,16,16,56,7.261437806,104,210,20.94273018,9.724777278,6.685307094,7.801839482,463,8,8,5,21,481,16,8,11,35,484,516,138,72,76,28
35,1000,80,5.13,10.3,18,37,15,952,25,10,13,48,7.450744123,104,211,21.18293962,10.25342284,6.745159609,8.252818826,513,12,5,2,19,439,13,5,11,29,532,468,135,76,67,37
39,1000,80,5.13,10.3,18,37,4,947,26,14,13,53,7.340853918,102,205,20.30279457,9.238042089,6.77486405,7.922916519,487,9,6,5,20,460,17,8,8,33,507,493,127,78,62,40
36,1000,80,5.13,10.3,18,37,15,954,26,6,14,46,7.362879734,103,235,22.2305939,10.58264805,6.925382798,7.811004125,491,10,2,3,15,463,16,4,11,31,506,494,160,75,83,20
34,1000,80,5.13,10.3,18,37,15,948,32,12,8,52,7.505109011,116,260,23.66498492,11.7460656,7.11987113,7.870822164,466,13,4,4,21,482,19,8,4,31,487,513,180,80,95,21
33,1000,80,5.13,10.3,18,37,21,956,30,7,7,44,7.255616472,120,263,25.04911819,12.27794737,6.92210284,7.582525874,474,14,4,3,21,482,16,3,4,23,495,505,191,72,97,23
37,1000,80,5.13,10.3,18,37,12,958,21,13,8,42,7.249940304,122,214,21.54235878,10.05174627,6.737165773,7.773073916,487,10,5,3,18,471,11,8,5,24,505,495,153,61,102,20
38,1000,80,5.13,10.3,18,37,8,945,23,17,15,55,7.259632531,107,199,21.02266099,9.813081005,6.668893473,7.813736609,464,7,8,5,20,481,16,9,10,35,484,516,133,66,71,36
35,1000,80,5.13,10.3,18,37,16,953,26,9,12,47,7.436147267,130,216,21.29544521,10.35381522,6.777590702,8.184762849,513,12,5,2,19,440,14,4,10,28,532,468,135,81,108,22
32,1000,80,5.13,10.3,18,37,65,962,24,11,3,38,7.631314254,304,432,124.6166608,66.42630036,8.831428635,6.51906952,456,15,7,3,25,506,9,4,0,13,481,519,413,19,295,9
39,1000,80,5.13,10.3,18,37,5,948,25,14,13,52,7.35909496,91,194,20.32467486,9.288146484,6.794581283,7.939639452,487,9,6,5,20,461,16,8,8,32,507,493,116,78,64,27
36,1000,80,5.13,10.3,18,37,16,955,26,6,13,45,7.383136734,107,211,22.43716254,10.71765153,6.985105604,7.790836637,491,11,2,2,15,464,15,4,11,30,506,494,153,58,80,27
34,1000,80,5.13,10.3,18,37,16,948,32,12,8,52,7.4997684,117,233,24.04297397,11.98354213,7.114071912,7.865916918,466,13,4,4,21,482,19,8,4,31,487,513,179,54,97,20
33,1000,80,5.13,10.3,18,37,22,956,30,7,7,44,7.29661927,137,250,25.41326358,12.47795788,6.982975477,7.604052295,474,14,4,3,21,482,16,3,4,23,495,505,195,55,118,19
37,1000,80,5.13,10.3,18,37,13,959,20,12,9,41,7.289158766,96,222,21.76038038,10.20394672,6.788973703,7.799448577,487,10,5,3,18,472,10,7,6,23,505,495,143,79,77,19
38,1000,80,5.13,10.3,18,37,9,948,24,13,15,52,7.229327075,99,226,21.19660633,9.924676895,6.646724052,7.775799678,465,7,7,5,19,483,17,6,10,33,484,516,146,80,75,24
35,1000,80,5.13,10.3,18,37,17,953,25,10,12,47,7.449496171,99,204,21.48349978,10.44360242,6.831314154,8.152215899,513,11,6,2,19,440,14,4,10,28,532,468,138,66,80,19
32,1000,80,5.13,10.3,18,37,66,963,24,10,3,37,7.597146806,319,442,132.4516551,70.71112264,8.895310005,6.394032165,455,16,7,3,26,508,8,3,0,11,481,519,418,24,307,12
39,1000,80,5.13,10.3,18,37,6,947,27,13,13,53,7.38337813,84,214,20.43697046,9.39139307,6.808960699,7.974107618,488,9,5,5,19,459,18,8,8,34,507,493,142,72,59,25
36,1000,80,5.13,10.3,18,37,17,955,26,6,13,45,7.410505567,116,247,22.693877,10.88987905,7.062449931,7.767015995,491,11,2,2,15,464,15,4,11,30,506,494,176,71,92,24
34,1000,80,5.13,10.3,18,37,17,952,31,9,8,48,7.464860066,132,247,24.49308854,12.29655759,7.106217113,7.805326182,466,13,4,4,21,486,18,5,4,27,487,513,174,73,107,25
33,1000,80,5.13,10.3,18,37,23,956,30,7,7,44,7.287682597,133,263,25.94493944,12.76137851,6.985128158,7.584245859,474,14,4,3,21,482,16,3,4,23,495,505,203,60,106,27
37,1000,80,5.13,10.3,18,37,14,957,21,13,9,43,7.312136972,100,225,21.93864827,10.32122293,6.859247888,7.774175331,486,10,6,3,19,471,11,7,6,24,505,495,154,71,76,24
35,1000,80,5.13,10.3,18,37,18,953,25,10,12,47,7.453703112,121,206,21.6397209,10.58447499,6.808433112,8.187215163,514,11,5,2,18,439,14,5,10,29,532,468,136,70,89,32
38,1000,80,5.13,10.3,18,37,10,946,26,13,15,54,7.246602155,112,209,21.41301196,10.04868593,6.698128909,7.761061557,463,9,7,5,21,483,17,6,10,33,484,516,145,64,80,32
34,1000,80,5.13,10.3,18,37,18,951,32,9,8,49,7.482925731,123,248,24.96232723,12.57452695,7.146052065,7.802725877,465,14,4,4,22,486,18,5,4,27,487,513,190,58,100,23
36,1000,80,5.13,10.3,18,37,18,956,26,6,12,44,7.414053263,108,247,22.89433655,11.06550564,7.090502736,7.745463318,491,11,2,2,15,465,15,4,10,29,506,494,182,65,80,28
39,1000,80,5.13,10.3,18,37,7,947,27,12,14,53,7.401601562,107,212,20.5304643,9.4620255,6.860252514,7.958323606,488,9,4,6,19,459,18,8,8,34,507,493,137,75,86,21
32,1000,80,5.13,10.3,18,37,67,964,23,9,4,36,7.592525826,320,442,139.9353047,74.32790581,8.947294837,6.336949921,455,16,7,3,26,509,7,2,1,10,481,519,417,25,310,10
33,1000,80,5.13,10.3,18,37,24,957,30,7,6,43,7.279981815,118,266,26.38270748,13.00327846,7.025183566,7.529734554,474,14,4,3,21,483,16,3,3,22,495,505,198,68,103,15
37,1000,80,5.13,10.3,18,37,15,959,19,12,10,41,7.324554884,102,246,22.15373758,10.43231177,6.886580539,7.771377195,486,10,6,3,19,473,9,6,7,22,505,495,178,68,77,25
38,1000,80,5.13,10.3,18,37,11,946,26,13,15,54,7.265232225,85,227,21.57156963,10.15035567,6.726442387,7.77060874,463,9,7,5,21,483,17,6,10,33,484,516,149,78,59,26
35,1000,80,5.13,10.3,18,37,19,953,25,10,12,47,7.486867768,103,233,21.90270878,10.75327753,6.850009621,8.210817626,513,12,5,2,19,440,13,5,10,28,532,468,145,88,74,29
34,1000,80,5.13,10.3,18,37,19,953,30,9,8,47,7.446004382,135,243,25.52704853,12.89835645,7.173102631,7.705074856,465,14,4,4,22,488,16,5,4,25,487,513,174,69,115,20
36,1000,80,5.13,10.3,18,37,19,956,26,6,12,44,7.442183962,100,248,23.25530276,11.30901027,7.102421378,7.790199888,492,10,2,2,14,464,16,4,10,30,506,494,181,67,72,28
39,1000,80,5.13,10.3,18,37,8,948,27,11,14,52,7.431297314,97,205,20.60031848,9.53365498,6.904475804,7.973079273,488,9,4,6,19,460,18,7,8,33,507,493,108,97,70,27
32,1000,80,5.13,10.3,18,37,68,964,23,9,4,36,7.573369466,328,447,152.7318449,80.49563014,8.963243571,6.285258783,455,16,7,3,26,509,7,2,1,10,481,519,433,14,318,10
33,1000,80,5.13,10.3,18,37,25,958,28,8,6,42,7.297068933,148,258,26.96775093,13.37944932,7.09547517,7.49467074,474,13,5,3,21,484,15,3,3,21,495,505,189,69,121,27
37,1000,80,5.13,10.3,18,37,16,960,18,12,10,40,7.365632927,106,230,22.46821247,10.64268258,6.945542162,7.794210374,486,10,6,3,19,474,8,6,7,21,505,495,160,70,82,24
38,1000,80,5.13,10.3,18,37,12,944,28,13,15,56,7.2926502,92,221,21.74841984,10.24470095,6.761230584,7.791113561,461,11,7,5,23,483,17,6,10,33,484,516,156,65,66,26
35,1000,80,5.13,10.3,18,37,20,953,25,10,12,47,7.511510045,104,227,22.11566275,10.88392553,6.881524106,8.227647906,513,12,5,2,19,440,13,5,10,28,532,468,159,68,81,23
36,1000,80,5.13,10.3,18,37,20,956,26,6,12,44,7.444719095,98,251,23.57668281,11.50421232,7.144904747,7.751816383,491,10,3,2,15,465,16,3,10,29,506,494,172,79,82,16
34,1000,80,5.13,10.3,18,37,20,954,29,9,8,46,7.452411061,121,253,26.1124451,13.2561818,7.222648525,7.670528712,465,14,4,4,22,489,15,5,4,24,487,513,198,55,101,20
39,1000,80,5.13,10.3,18,37,9,948,29,11,12,52,7.425303682,112,235,20.73709028,9.639007359,6.889375706,7.976450708,488,11,4,4,19,460,18,7,8,33,507,493,148,87,84,28
32,1000,80,5.13,10.3,18,37,69,964,23,9,4,36,7.577351627,331,456,162.3827664,85.27136278,8.987925593,6.27005668,455,16,7,3,26,509,7,2,1,10,481,519,433,23,322,9
33,1000,80,5.13,10.3,18,37,26,959,27,8,6,41,7.339690862,148,254,27.78184726,13.82606599,7.154618917,7.521098017,474,13,5,3,21,485,14,3,3,20,495,505,203,51,123,25
37,1000,80,5.13,10.3,18,37,17,960,18,12,10,40,7.361717574,107,222,22.71697085,10.78662964,6.959609415,7.771949129,486,10,6,3,19,474,8,6,7,21,505,495,149,73,80,27
35,1000,80,5.13,10.3,18,37,21,953,24,11,12,47,7.517496155,129,229,22.35274522,11.03212104,6.881664618,8.240279013,513,11,6,2,19,440,13,5,10,28,532,468,151,78,98,31
38,1000,80,5.13,10.3,18,37,13,945,26,13,16,55,7.336084112,114,203,21.94794732,10.37577886,6.780787905,7.856943345,462,9,7,6,22,483,17,6,10,33,484,516,133,70,93,21
36,1000,80,5.13,10.3,18,37,21,956,26,6,12,44,7.462648706,103,257,23.9370087,11.76593093,7.167232734,7.765240774,491,10,3,2,15,465,16,3,10,29,506,494,191,66,85,18
34,1000,80,5.13,10.3,18,37,21,954,28,10,8,46,7.462686161,137,266,26.71233722,13.63594735,7.253293433,7.661466391,465,14,4,4,22,489,14,6,4,24,487,513,200,66,111,26
39,1000,80,5.13,10.3,18,37,10,948,29,11,12,52,7.426245205,98,207,20.88452549,9.753808067,6.904786255,7.962512319,488,11,4,4,19,460,18,7,8,33,507,493,134,73,76,22
33,1000,80,5.13,10.3,18,37,27,961,25,8,6,39,7.360469691,129,279,28.56401376,14.28609597,7.185054829,7.532410993,474,13,5,3,21,487,12,3,3,18,495,505,221,58,113,16
32,1000,80,5.13,10.3,18,37,70,965,23,8,4,35,7.535284442,339,454,172.3612191,90.19860317,9.04644247,6.134769969,455,16,6,4,26,510,7,2,0,9,481,519,427,27,324,15
37,1000,80,5.13,10.3,18,37,18,959,20,12,9,41,7.390331539,113,251,22.98239736,10.92512517,7.028191842,7.75978719,486,10,6,3,19,473,10,6,6,22,505,495,185,66,86,27
35,1000,80,5.13,10.3,18,37,22,956,24,8,12,44,7.50776272,126,230,22.60515034,11.21877344,6.948620894,8.143368386,513,11,6,2,19,443,13,2,10,25,532,468,160,70,99,27
38,1000,80,5.13,10.3,18,37,14,945,26,13,16,55,7.376988291,95,244,22.13227403,10.52506949,6.845380863,7.875627817,462,9,7,6,22,483,17,6,10,33,484,516,173,71,71,24
36,1000,80,5.13,10.3,18,37,22,954,28,6,12,46,7.514152015,146,247,24.30488552,12.0246175,7.216136756,7.81940651,490,11,3,2,16,464,17,3,10,30,506,494,178,69,119,27
34,1000,80,5.13,10.3,18,37,22,954,28,10,8,46,7.52560389,133,274,27.36923996,13.97830362,7.334905633,7.706637127,465,14,4,4,22,489,14,6,4,24,487,513,212,62,115,18
39,1000,80,5.13,10.3,18,37,11,950,27,12,11,50,7.454163989,98,203,21.07632548,9.874992466,6.952884565,7.969678529,488,11,4,4,19,462,16,8,7,31,507,493,139,64,72,26
33,1000,80,5.13,10.3,18,37,28,962,24,8,6,38,7.345542951,146,266,29.38606996,14.74922927,7.20171598,7.486521863,474,13,5,3,21,488,11,3,3,17,495,505,205,61,127,19
37,1000,80,5.13,10.3,18,37,19,960,20,12,8,40,7.386113659,106,221,23.35850294,11.12777304,7.045666232,7.733438813,486,10,6,3,19,474,10,6,5,21,505,495,161,60,87,19
35,1000,80,5.13,10.3,18,37,23,958,22,8,12,42,7.567098022,126,242,22.91173685,11.41478236,7.023149169,8.185433043,514,10,6,2,18,444,12,2,10,24,532,468,172,70,101,25
38,1000,80,5.13,10.3,18,37,15,946,23,15,16,54,7.384773913,103,247,22.38450226,10.71741219,6.853904043,7.882721621,462,9,7,6,22,484,14,8,10,32,484,516,169,78,81,22
32,1000,80,5.13,10.3,18,37,71,965,23,8,4,35,7.532678175,340,456,187.9058573,97.40797906,9.089931206,6.08944367,455,16,6,4,26,510,7,2,0,9,481,519,433,23,322,18
36,1000,80,5.13,10.3,18,37,23,953,28,7,12,47,7.541065903,114,228,24.72304991,12.28834688,7.267025968,7.821762678,489,12,3,2,17,464,16,4,10,30,506,494,161,67,97,17
34,1000,80,5.13,10.3,18,37,23,957,27,8,8,43,7.518257812,132,264,28.12537889,14.38889699,7.370230566,7.658782702,465,14,4,4,22,492,13,4,4,21,487,513,209,55,116,16
39,1000,80,5.13,10.3,18,37,12,951,27,12,10,49,7.440069094,104,222,21.25784682,9.999250474,6.991249335,7.901634243,487,12,4,4,20,464,15,8,6,29,507,493,133,89,88,16
33,1000,80,5.13,10.3,18,37,29,962,24,8,6,38,7.322452906,134,294,30.11727632,15.18254849,7.193278057,7.449069837,474,13,5,3,21,488,11,3,3,17,495,505,237,57,115,19
37,1000,80,5.13,10.3,18,37,20,962,18,13,7,38,7.379838201,109,260,23.68373968,11.3763914,7.057093497,7.709103,487,9,6,3,18,475,9,7,4,20,505,495,195,65,87,22
35,1000,80,5.13,10.3,18,37,24,959,20,9,12,41,7.580118354,124,240,23.19181741,11.58993903,7.097628753,8.128589438,514,9,7,2,18,445,11,2,10,23,532,468,169,71,107,17
38,1000,80,5.13,10.3,18,37,16,946,24,14,16,54,7.426471381,97,233,22.67068746,10.88604441,6.939604274,7.883145178,461,10,7,6,23,485,14,7,10,31,484,516,161,72,74,23
32,1000,80,5.13,10.3,18,37,72,964,24,8,4,36,7.513668965,350,462,203.6481625,104.8537553,9.122741349,6.022409201,455,16,6,4,26,509,8,2,0,10,481,519,442,20,342,8
36,1000,80,5.13,10.3,18,37,24,953,28,7,12,47,7.544434259,119,231,25.19532332,12.7106246,7.26796062,7.827623857,489,12,3,2,17,464,16,4,10,30,506,494,185,46,89,30
34,1000,80,5.13,10.3,18,37,24,959,26,7,8,41,7.500526838,129,269,28.76956856,14.83382379,7.41803962,7.578833417,465,14,4,4,22,494,12,3,4,19,487,513,206,63,115,14
39,1000,80,5.13,10.3,18,37,13,951,27,12,10,49,7.423955933,107,226,21.45840627,10.15337971,7.005149029,7.854655935,486,13,4,4,21,465,14,8,6,28,507,493,153,73,82,25
33,1000,80,5.13,10.3,18,37,30,964,23,7,6,36,7.308125026,157,294,31.07101436,15.65844495,7.229026248,7.385657491,474,13,5,3,21,490,10,2,3,15,495,505,240,54,132,25
37,1000,80,5.13,10.3,18,37,21,963,17,13,7,37,7.373469498,128,246,24.00445228,11.5913512,7.089079385,7.663604866,487,9,6,3,18,476,8,7,4,19,505,495,170,76,104,24
35,1000,80,5.13,10.3,18,37,25,959,20,9,12,41,7.585469516,125,224,23.48692262,11.75456687,7.133697782,8.099022,514,9,7,2,18,445,11,2,10,23,532,468,160,64,96,29
38,1000,80,5.13,10.3,18,37,17,946,24,14,16,54,7.458188988,122,230,22.93706506,11.0510262,6.980265298,7.906474,461,10,7,6,23,485,14,7,10,31,484,516,159,71,99,23
36,1000,80,5.13,10.3,18,37,25,955,26,7,12,45,7.551102209,111,255,25.85185979,13.21068329,7.300221085,7.808077611,489,12,3,2,17,466,14,4,10,28,506,494,192,63,93,18
34,1000,80,5.13,10.3,18,37,25,960,26,6,8,40,7.495055016,150,268,29.37153065,15.22459595,7.495302471,7.494820103,465,14,4,4,22,495,12,2,4,18,487,513,211,57,121,29
32,1000,80,5.13,10.3,18,37,73,964,24,8,4,36,7.514650452,366,465,216.0793421,111.05861,9.218162208,5.935865954,455,16,6,4,26,509,8,2,0,10,481,519,447,18,353,13
39,1000,80,5.13,10.3,18,37,14,950,28,12,10,50,7.476269693,112,203,21.71363839,10.33382417,7.084436498,7.879229998,485,14,4,4,22,465,14,8,6,28,507,493,133,70,84,28
33,1000,80,5.13,10.3,18,37,31,963,24,7,6,37,7.297627449,169,286,32.02658352,16.12665104,7.254469854,7.339930437,474,13,5,3,21,489,11,2,3,16,495,505,236,50,146,23
37,1000,80,5.13,10.3,18,37,22,963,16,14,7,37,7.370886053,106,239,24.39433995,11.84300884,7.12450596,7.622243522,487,8,7,3,18,476,8,7,4,19,505,495,172,67,91,15
35,1000,80,5.13,10.3,18,37,26,960,19,10,11,40,7.584810841,109,252,23.73191414,11.89211302,7.172690324,8.053289719,514,9,7,2,18,446,10,3,9,22,532,468,183,69,86,23
38,1000,80,5.13,10.3,18,37,18,947,24,14,15,53,7.432190163,119,227,23.22700795,11.23080971,6.921826661,7.910903216,462,11,6,5,22,485,13,8,10,31,484,516,160,67,98,21
36,1000,80,5.13,10.3,18,37,26,956,25,7,12,44,7.554589667,136,266,26.42909463,13.54887056,7.346688454,7.767541113,489,12,3,2,17,467,13,4,10,27,506,494,206,60,119,17
34,1000,80,5.13,10.3,18,37,26,960,26,5,9,40,7.532781393,141,260,30.24114695,15.74105199,7.580284416,7.48768593,465,14,3,5,22,495,12,2,4,18,487,513,203,57,119,22
32,1000,80,5.13,10.3,18,37,74,965,23,8,4,35,7.454767149,370,454,228.0007475,117.0883383,9.275805715,5.767060886,455,16,6,4,26,510,7,2,0,9,481,519,436,18,364,6
39,1000,80,5.13,10.3,18,37,15,953,25,10,12,47,7.491868711,110,201,21.92273843,10.45505187,7.120984555,7.873285074,485,14,4,4,22,468,11,6,8,25,507,493,141,60,80,30
33,1000,80,5.13,10.3,18,37,32,963,24,7,6,37,7.304424546,148,313,33.05374556,16.66272544,7.253346529,7.354491117,474,13,5,3,21,489,11,2,3,16,495,505,250,63,123,25
35,1000,80,5.13,10.3,18,37,27,961,18,10,11,39,7.604210449,121,261,24.06429296,12.11127024,7.200306545,8.063349075,514,9,7,2,18,447,9,3,9,21,532,468,199,62,91,30
37,1000,80,5.13,10.3,18,37,23,964,15,14,7,36,7.379515343,116,237,24.93527892,12.13420652,7.182847079,7.580156704,487,8,7,3,18,477,7,7,4,18,505,495,177,60,91,25
38,1000,80,5.13,10.3,18,37,19,948,23,13,16,52,7.458604563,117,239,23.50642301,11.39911112,6.98067726,7.906892965,462,11,6,5,22,486,12,7,11,30,484,516,187,52,96,21
36,1000,80,5.13,10.3,18,37,27,957,24,7,12,43,7.561557642,127,263,26.91880276,13.83125576,7.374039477,7.753630905,489,12,3,2,17,468,12,4,10,26,506,494,201,62,111,16
34,1000,80,5.13,10.3,18,37,27,958,28,5,9,42,7.567234224,169,279,31.04968626,16.29424438,7.620833344,7.516351629,465,14,3,5,22,493,14,2,4,20,487,513,231,48,149,20
39,1000,80,5.13,10.3,18,37,16,954,24,10,12,46,7.459897145,147,217,22.13789679,10.57152675,7.112952328,7.816694349,485,14,4,4,22,469,10,6,8,24,507,493,137,80,118,29
32,1000,80,5.13,10.3,18,37,75,966,22,8,4,34,7.465128627,360,448,242.8799844,123.9413464,9.329902297,5.736889446,455,16,6,4,26,511,6,2,0,8,481,519,430,18,351,9
33,1000,80,5.13,10.3,18,37,33,962,25,7,6,38,7.367403274,150,306,34.14220365,17.26083507,7.295497704,7.437884971,474,13,5,3,21,488,12,2,3,17,495,505,256,50,134,16
35,1000,80,5.13,10.3,18,37,28,961,19,9,11,39,7.617414701,117,255,24.53371457,12.40836585,7.22937065,8.058524605,513,10,7,2,19,448,9,2,9,20,532,468,201,54,102,15
37,1000,80,5.13,10.3,18,37,24,964,15,14,7,36,7.424524749,133,252,25.35180296,12.36676709,7.218344431,7.634870327,487,8,7,3,18,477,7,7,4,18,505,495,198,54,113,20
38,1000,80,5.13,10.3,18,37,20,947,22,15,16,53,7.512634641,140,242,23.92994004,11.62824359,7.032130381,7.963340188,461,12,6,5,23,486,10,9,11,30,484,516,170,72,115,25
36,1000,80,5.13,10.3,18,37,28,956,25,8,11,44,7.567372868,141,278,27.36272423,14.06509556,7.417826251,7.720552196,489,12,3,2,17,467,13,5,9,27,506,494,213,65,128,13
34,1000,80,5.13,10.3,18,37,28,958,28,5,9,42,7.565224507,168,280,32.10015321,16.92602677,7.699140574,7.438095609,465,14,3,5,22,493,14,2,4,20,487,513,232,48,146,22
39,1000,80,5.13,10.3,18,37,17,952,26,10,12,48,7.492838968,108,220,22.35913034,10.73298494,7.14596138,7.849567034,484,15,4,4,23,468,11,6,8,25,507,493,159,61,85,23
33,1000,80,5.13,10.3,18,37,34,962,25,7,6,38,7.393900626,173,324,35.65069599,18.09174996,7.325541632,7.460905978,474,13,5,3,21,488,12,2,3,17,495,505,273,51,151,22
32,1000,80,5.13,10.3,18,37,76,966,22,8,4,34,7.453582093,361,480,259.5989549,132.3014459,9.384185606,5.66433298,455,16,6,4,26,511,6,2,0,8,481,519,457,23,355,6
35,1000,80,5.13,10.3,18,37,29,962,18,9,11,38,7.604144222,130,235,24.98186907,12.71900862,7.240180677,8.01788056,515,8,7,2,17,447,10,2,9,21,532,468,182,53,107,23
37,1000,80,5.13,10.3,18,37,25,966,15,13,6,34,7.403531665,135,255,26.00511434,12.70458913,7.261561684,7.548369727,487,8,7,3,18,479,7,6,3,16,505,495,204,51,106,29
38,1000,80,5.13,10.3,18,37,21,947,21,16,16,53,7.47956989,108,249,24.23056429,11.82007165,7.070760768,7.863026509,461,11,7,5,23,486,10,9,11,30,484,516,184,65,87,21
36,1000,80,5.13,10.3,18,37,29,956,25,8,11,44,7.531068407,142,269,28.11838949,14.49366899,7.432895373,7.63162621,489,12,3,2,17,467,13,5,9,27,506,494,212,57,117,25
34,1000,80,5.13,10.3,18,37,29,957,29,5,9,43,7.56987912,174,278,33.28010027,17.59870609,7.751951574,7.397034509,464,15,3,5,23,493,14,2,4,20,487,513,228,50,145,29
39,1000,80,5.13,10.3,18,37,18,952,26,10,12,48,7.531546181,123,221,22.64862881,10.93862397,7.166402155,7.907059408,484,15,4,4,23,468,11,6,8,25,507,493,159,62,90,33
33,1000,80,5.13,10.3,18,37,35,962,25,7,6,38,7.423171086,191,330,36.65453869,18.67350239,7.411056141,7.435046131,474,13,5,3,21,488,12,2,3,17,495,505,286,44,171,20
35,1000,80,5.13,10.3,18,37,30,962,19,9,10,38,7.591892423,143,269,25.39455168,12.97123054,7.31439049,7.907343338,514,9,7,2,18,448,10,2,8,20,532,468,206,63,116,27
37,1000,80,5.13,10.3,18,37,26,966,15,12,7,34,7.44154102,131,255,26.68133386,13.11880194,7.32261847,7.562866045,487,8,7,3,18,479,7,5,4,16,505,495,192,63,111,20
32,1000,80,5.13,10.3,18,37,77,966,22,8,4,34,7.433895381,368,465,277.4866875,141.1438744,9.40879026,5.603597814,455,16,6,4,26,511,6,2,0,8,481,519,447,18,359,9
38,1000,80,5.13,10.3,18,37,22,947,21,16,16,53,7.516416185,122,244,24.4780513,11.97602363,7.098862643,7.908074933,461,11,7,5,23,486,10,9,11,30,484,516,179,65,96,26
36,1000,80,5.13,10.3,18,37,30,957,25,7,11,43,7.53871971,138,265,28.75757841,14.89347299,7.477200317,7.601733502,489,12,3,2,17,468,13,4,9,26,506,494,217,48,119,19
34,1000,80,5.13,10.3,18,37,30,958,27,5,10,42,7.595625076,141,291,34.73278599,18.33710051,7.802574977,7.399163863,464,14,3,6,23,494,13,2,4,19,487,513,244,47,130,11
33,1000,80,5.13,10.3,18,37,36,963,25,6,6,37,7.438372696,171,325,38.00750925,19.4736099,7.447058026,7.429859352,475,13,4,3,20,488,12,2,3,17,495,505,273,52,154,17
39,1000,80,5.13,10.3,18,37,19,954,25,9,12,46,7.494555903,115,218,22.97582645,11.14303121,7.196296643,7.801285001,484,15,4,4,23,470,10,5,8,23,507,493,167,51,95,20
35,1000,80,5.13,10.3,18,37,31,961,19,9,11,39,7.591490897,142,269,25.84755878,13.26968838,7.346765053,7.869683524,514,9,6,3,18,447,10,3,8,21,532,468,211,58,126,16
37,1000,80,5.13,10.3,18,37,27,965,15,13,7,35,7.447549076,127,251,27.28328092,13.47368902,7.349779743,7.547293546,487,8,7,3,18,478,7,6,4,17,505,495,192,59,104,23
32,1000,80,5.13,10.3,18,37,78,966,22,8,4,34,7.405482898,382,471,297.0849307,150.8704525,9.435913171,5.523716113,455,16,6,4,26,511,6,2,0,8,481,519,458,13,371,11
38,1000,80,5.13,10.3,18,37,23,948,21,15,16,52,7.538349842,106,246,24.79268755,12.13526977,7.152967845,7.89983218,461,11,7,5,23,487,10,8,11,29,484,516,187,59,89,17
36,1000,80,5.13,10.3,18,37,31,958,24,7,11,42,7.51763562,135,297,29.55547081,15.3571913,7.481987779,7.5541494,489,12,3,2,17,469,12,4,9,25,506,494,235,62,118,17
34,1000,80,5.13,10.3,18,37,31,958,27,5,10,42,7.628029548,162,295,36.37569324,19.25321491,7.892541527,7.376923634,464,14,3,6,23,494,13,2,4,19,487,513,247,48,147,15
33,1000,80,5.13,10.3,18,37,37,967,22,5,6,33,7.408601475,176,328,39.54660167,20.30329493,7.474365093,7.344140107,475,13,4,3,20,492,9,1,3,13,495,505,286,42,153,23
39,1000,80,5.13,10.3,18,37,20,954,25,9,12,46,7.50650113,121,234,23.41754183,11.39862359,7.221308783,7.799792244,484,15,4,4,23,470,10,5,8,23,507,493,178,56,99,22
35,1000,80,5.13,10.3,18,37,32,962,19,9,10,38,7.565711137,139,244,26.57831224,13.66631019,7.35167274,7.809019742,514,9,6,3,18,448,10,3,7,20,532,468,199,45,119,20
37,1000,80,5.13,10.3,18,37,28,964,16,13,7,36,7.467855149,150,258,27.93403777,13.80983899,7.386040262,7.551322863,487,8,7,3,18,477,8,6,4,18,505,495,199,59,130,20
38,1000,80,5.13,10.3,18,37,24,954,19,13,14,46,7.470193358,123,238,25.11312118,12.33743692,7.107324217,7.810558987,462,10,7,5,22,492,9,6,9,24,484,516,190,48,106,17
36,1000,80,5.13,10.3,18,37,32,956,27,7,10,44,7.531630602,136,290,30.23505256,15.82267282,7.531477597,7.531787324,489,12,3,2,17,467,15,4,8,27,506,494,244,46,115,21
32,1000,80,5.13,10.3,18,37,79,965,23,6,6,35,7.439637137,391,475,324.0570358,163.2194604,9.532507438,5.500002042,455,16,4,6,26,510,7,2,0,9,481,519,456,19,378,13
34,1000,80,5.13,10.3,18,37,32,957,27,6,10,43,7.668491613,167,318,38.32271325,20.40973051,7.992469526,7.360933634,463,14,4,6,24,494,13,2,4,19,487,513,256,62,151,16
33,1000,80,5.13,10.3,18,37,38,966,21,7,6,34,7.457111688,195,326,41.22836765,21.31316363,7.556720159,7.359475661,473,15,4,3,22,493,6,3,3,12,495,505,284,42,177,18
39,1000,80,5.13,10.3,18,37,21,957,21,10,12,43,7.482795118,122,217,23.74452354,11.57892907,7.234915081,7.737714346,485,13,4,5,22,472,8,6,7,21,507,493,165,52,98,24
35,1000,80,5.13,10.3,18,37,33,962,19,10,9,38,7.576194786,133,251,27.1144883,13.94156702,7.392091128,7.785475012,514,9,6,3,18,448,10,4,6,20,532,468,200,51,108,25
37,1000,80,5.13,10.3,18,37,29,964,16,13,7,36,7.459285986,142,260,28.66458063,14.15928995,7.415629866,7.503824048,487,8,7,3,18,477,8,6,4,18,505,495,200,60,119,23
36,1000,80,5.13,10.3,18,37,33,956,27,7,10,44,7.566832974,156,286,30.96925736,16.28789069,7.615031635,7.517463495,488,13,3,2,18,468,14,4,8,26,506,494,247,39,137,19
38,1000,80,5.13,10.3,18,37,25,956,18,12,14,44,7.455035963,144,256,25.54445687,12.56410643,7.123556817,7.765958262,462,10,7,5,22,494,8,5,9,22,484,516,192,64,114,30
34,1000,80,5.13,10.3,18,37,33,957,28,5,10,43,7.669723312,190,293,40.69064012,21.72817808,8.017085331,7.339966385,463,14,4,6,24,494,14,1,4,19,487,513,250,43,173,17
32,1000,80,5.13,10.3,18,37,80,964,24,6,6,36,7.41605454,386,476,352.1736461,176.3786352,9.556361897,5.432455621,454,17,4,6,27,510,7,2,0,9,481,519,457,19,376,10
33,1000,80,5.13,10.3,18,37,39,966,20,8,6,34,7.465812268,184,331,43.32408092,22.47159501,7.611523544,7.322986364,473,14,5,3,22,493,6,3,3,12,495,505,284,47,164,20
39,1000,80,5.13,10.3,18,37,22,956,22,11,11,44,7.491714276,114,232,24.11056574,11.81507359,7.293960195,7.695084092,484,13,5,5,23,472,9,6,6,21,507,493,176,56,95,19
35,1000,80,5.13,10.3,18,37,34,962,19,10,9,38,7.604006519,153,273,27.8678181,14.40235927,7.430519845,7.801217867,514,9,6,3,18,448,10,4,6,20,532,468,210,63,126,27
37,1000,80,5.13,10.3,18,37,30,965,15,13,7,35,7.458293591,139,277,29.43932535,14.53868573,7.471224147,7.445101811,487,8,7,3,18,478,7,6,4,17,505,495,226,51,112,27
36,1000,80,5.13,10.3,18,37,34,958,27,6,9,42,7.554202736,154,294,31.7208107,16.73142708,7.643818754,7.46240981,488,13,3,2,18,470,14,3,7,24,506,494,233,61,134,20
38,1000,80,5.13,10.3,18,37,26,955,19,12,14,45,7.468148564,138,251,26.05162049,12.85749209,7.174678713,7.743418734,462,10,7,5,22,493,9,5,9,23,484,516,194,57,110,28
34,1000,80,5.13,10.3,18,37,34,958,28,5,9,42,7.63291695,192,334,42.75151453,22.73797249,7.970279744,7.312652465,464,14,4,5,23,494,14,1,4,19,487,513,287,47,170,22
32,1000,80,5.13,10.3,18,37,81,964,24,6,6,36,7.389677179,392,465,379.1877805,189.8430645,9.599374205,5.341769145,454,17,4,6,27,510,7,2,0,9,481,519,453,12,380,12
33,1000,80,5.13,10.3,18,37,40,967,19,7,7,33,7.47184461,183,325,45.18746166,23.48148409,7.62762819,7.319145854,474,13,4,4,21,493,6,3,3,12,495,505,269,56,165,18
35,1000,80,5.13,10.3,18,37,35,960,21,9,10,40,7.628405054,141,273,28.55197678,14.81613826,7.467710508,7.811074922,514,9,6,3,18,446,12,3,7,22,532,468,216,57,119,22
39,1000,80,5.13,10.3,18,37,23,955,24,10,11,45,7.517966175,116,236,24.42917053,12.01343751,7.354737445,7.685830203,483,14,5,5,24,472,10,5,6,21,507,493,183,53,94,22
37,1000,80,5.13,10.3,18,37,31,966,15,12,7,34,7.466203683,148,266,30.33007417,14.9530277,7.506357201,7.425238983,487,8,7,3,18,479,7,5,4,16,505,495,211,55,126,22
36,1000,80,5.13,10.3,18,37,35,961,25,6,8,39,7.548993948,165,294,32.59598734,17.19945479,7.670261856,7.424780262,489,12,3,2,17,472,13,3,6,22,506,494,243,51,146,19
38,1000,80,5.13,10.3,18,37,27,955,20,11,14,45,7.48040085,134,256,26.6951124,13.23701851,7.14293796,7.796935809,463,10,6,5,21,492,10,5,9,24,484,516,202,54,106,28
34,1000,80,5.13,10.3,18,37,35,957,30,5,8,43,7.648466648,202,328,45.46873885,24.00987747,8.057243326,7.260407697,463,15,4,5,24,494,15,1,3,19,487,513,283,45,177,25
33,1000,80,5.13,10.3,18,37,41,967,19,7,7,33,7.471157061,212,328,46.94701179,24.35464318,7.642644854,7.303065065,474,13,4,4,21,493,6,3,3,12,495,505,293,35,185,27
35,1000,80,5.13,10.3,18,37,36,960,21,9,10,40,7.642906561,167,278,29.17775923,15.1573782,7.492817988,7.813520067,514,9,6,3,18,446,12,3,7,22,532,468,223,55,143,24
39,1000,80,5.13,10.3,18,37,24,954,25,10,11,46,7.545228659,129,260,24.92027174,12.35732144,7.364108277,7.73149242,483,14,5,5,24,471,11,5,6,22,507,493,195,65,109,20
32,1000,80,5.13,10.3,18,37,82,963,24,7,6,37,7.397676276,384,483,417.6772698,208.835705,9.629830705,5.328955119,454,16,5,6,27,509,8,2,0,10,481,519,461,22,374,10
37,1000,80,5.13,10.3,18,37,32,964,17,12,7,36,7.464596128,116,276,30.90487017,15.25276057,7.527020829,7.400910322,486,9,7,3,19,478,8,5,4,17,505,495,226,50,103,13
36,1000,80,5.13,10.3,18,37,36,960,26,7,7,40,7.56111785,164,279,33.79653114,17.90451173,7.696933193,7.422003349,489,12,3,2,17,471,14,4,5,23,506,494,239,40,147,17
38,1000,80,5.13,10.3,18,37,28,955,18,13,14,45,7.52212779,134,290,27.27036121,13.59451479,7.216650784,7.808660486,463,9,7,5,21,492,9,6,9,24,484,516,231,59,110,24
34,1000,80,5.13,10.3,18,37,36,956,31,4,9,44,7.666944554,171,343,48.82928843,25.49958595,8.125446929,7.231680117,462,16,3,6,25,494,15,1,3,19,487,513,295,48,153,18
33,1000,80,5.13,10.3,18,37,42,967,18,8,7,33,7.474419897,198,348,49.05818073,25.39978281,7.700175963,7.253134249,474,12,5,4,21,493,6,3,3,12,495,505,309,39,177,21
35,1000,80,5.13,10.3,18,37,37,962,21,9,8,38,7.60692976,149,270,30.02574502,15.64259672,7.512843031,7.71388305,514,9,6,3,18,448,12,3,5,20,532,468,227,43,132,17
39,1000,80,5.13,10.3,18,37,25,956,23,10,11,44,7.519125186,143,273,25.45967167,12.66248887,7.409039555,7.632336981,483,14,5,5,24,473,9,5,6,20,507,493,203,70,118,25
37,1000,80,5.13,10.3,18,37,33,965,17,12,6,35,7.466396652,146,281,31.77912243,15.72728373,7.566718534,7.364048066,486,9,7,3,19,479,8,5,3,16,505,495,230,51,126,20
32,1000,80,5.13,10.3,18,37,83,963,23,8,6,37,7.382284262,407,475,463.3610641,230.5567266,9.642191791,5.287842024,454,16,5,6,27,509,7,3,0,10,481,519,458,17,400,7
36,1000,80,5.13,10.3,18,37,37,961,26,7,6,39,7.544117248,176,328,35.03547634,18.65925314,7.720947144,7.362991888,489,12,3,2,17,472,14,4,4,22,506,494,261,67,157,19
38,1000,80,5.13,10.3,18,37,29,956,17,13,14,44,7.509344371,114,287,27.88145894,13.91041654,7.236987912,7.764810508,463,9,7,5,21,493,8,6,9,23,484,516,226,61,98,16
34,1000,80,5.13,10.3,18,37,37,954,32,5,9,46,7.682227683,193,304,53.63860287,27.70050595,8.18182385,7.207952179,460,17,4,6,27,494,15,1,3,19,487,513,268,36,184,9
33,1000,80,5.13,10.3,18,37,43,966,19,8,7,34,7.481403519,218,364,51.17855458,26.52067059,7.746584373,7.221473771,474,12,5,4,21,492,7,3,3,13,495,505,326,38,198,20
35,1000,80,5.13,10.3,18,37,38,964,19,9,8,36,7.617167328,166,282,31.00158477,16.1842871,7.581480943,7.657733902,514,8,7,3,18,450,11,2,5,18,532,468,233,49,142,24
39,1000,80,5.13,10.3,18,37,26,956,23,10,11,44,7.530136357,126,260,26.11609265,13.03836113,7.436870817,7.626050411,483,14,5,5,24,473,9,5,6,20,507,493,206,54,104,22
37,1000,80,5.13,10.3,18,37,34,966,17,11,6,34,7.461749738,142,280,32.81700334,16.30115542,7.641195252,7.278679063,485,10,7,3,20,481,7,4,3,14,505,495,242,38,127,15
36,1000,80,5.13,10.3,18,37,38,962,26,6,6,38,7.555200452,175,309,36.17411989,19.43369381,7.814725902,7.28937074,489,12,3,2,17,473,14,3,4,21,506,494,255,54,153,22
32,1000,80,5.13,10.3,18,37,84,963,22,9,6,37,7.363765122,400,488,498.2233802,248.1449012,9.680771653,5.21640454,453,17,5,6,28,510,5,4,0,9,481,519,473,15,394,6
38,1000,80,5.13,10.3,18,37,30,955,18,13,14,45,7.528314504,130,290,28.6267704,14.28516681,7.262039975,7.778075884,463,9,7,5,21,492,9,6,9,24,484,516,232,58,116,14
34,1000,80,5.13,10.3,18,37,38,954,32,5,9,46,7.685736603,192,325,56.71534139,29.41322111,8.210061788,7.187985404,460,17,4,6,27,494,15,1,3,19,487,513,290,35,178,14
33,1000,80,5.13,10.3,18,37,44,967,18,8,7,33,7.467828839,213,374,53.79906643,27.90516987,7.766003859,7.175558275,474,12,5,4,21,493,6,3,3,12,495,505,326,48,197,16
35,1000,80,5.13,10.3,18,37,39,963,20,9,8,37,7.644004276,147,283,31.82170812,16.63630699,7.619987197,7.671305742,514,8,7,3,18,449,12,2,5,19,532,468,226,57,126,21
39,1000,80,5.13,10.3,18,37,27,957,23,8,12,43,7.556932441,143,240,27.06751602,13.58478582,7.485847064,7.630036471,483,14,4,6,24,474,9,4,6,19,507,493,184,56,122,21
37,1000,80,5.13,10.3,18,37,35,962,19,13,6,38,7.496418692,150,276,33.75946034,16.83462705,7.678682049,7.310473246,485,9,8,3,20,477,10,5,3,18,505,495,230,46,127,23
36,1000,80,5.13,10.3,18,37,39,962,26,6,6,38,7.548153817,169,307,37.52107255,20.42668047,7.870039537,7.21844901,489,12,3,2,17,473,14,3,4,21,506,494,273,34,157,12
38,1000,80,5.13,10.3,18,37,31,957,17,13,13,43,7.487395906,143,284,29.34670642,14.62717665,7.277589834,7.684190748,463,9,7,5,21,494,8,6,8,22,484,516,238,46,122,21
34,1000,80,5.13,10.3,18,37,39,954,32,5,9,46,7.712972184,205,346,60.4802676,31.37972555,8.266193735,7.187789152,459,18,4,6,28,495,14,1,3,18,487,513,301,45,187,18
32,1000,80,5.13,10.3,18,37,85,963,21,9,7,37,7.321800331,402,493,539.9475638,267.5409177,9.707143173,5.111106869,452,17,5,7,29,511,4,4,0,8,481,519,471,22,394,8
33,1000,80,5.13,10.3,18,37,45,968,17,8,7,32,7.478048288,227,366,56.34527146,29.34930204,7.79925877,7.163198409,475,11,5,4,20,493,6,3,3,12,495,505,320,46,210,17
35,1000,80,5.13,10.3,18,37,40,964,18,11,7,36,7.623220242,147,294,32.77185863,17.20943846,7.622011164,7.624594664,514,7,8,3,18,450,11,3,4,18,532,468,255,39,130,17
39,1000,80,5.13,10.3,18,37,28,957,22,8,13,43,7.576933371,124,259,27.91552743,14.03604223,7.505600224,7.650292206,483,14,4,6,24,474,8,4,7,19,507,493,205,54,103,21
37,1000,80,5.13,10.3,18,37,36,962,19,13,6,38,7.501737629,149,287,34.92709458,17.42611774,7.707892674,7.291417834,485,9,8,3,20,477,10,5,3,18,505,495,247,40,133,16
36,1000,80,5.13,10.3,18,37,40,961,26,7,6,39,7.570699047,171,331,38.9755728,21.3994796,7.938264498,7.194204881,488,12,4,2,18,473,14,3,4,21,506,494,276,55,154,17
38,1000,80,5.13,10.3,18,37,32,958,16,13,13,42,7.517401771,169,280,30.34142101,15.15773772,7.349637345,7.674762202,463,9,7,5,21,495,7,6,8,21,484,516,232,48,140,29
34,1000,80,5.13,10.3,18,37,40,956,30,5,9,44,7.699560984,200,335,65.8172506,34.05866809,8.315706952,7.114642686,459,18,4,6,28,497,12,1,3,16,487,513,297,38,182,18
32,1000,80,5.13,10.3,18,37,86,963,21,9,7,37,7.336526559,406,481,565.2249757,281.9199057,9.769422724,5.081761519,451,18,5,7,30,512,3,4,0,7,481,519,471,10,398,8
33,1000,80,5.13,10.3,18,37,46,970,17,6,7,30,7.451703441,234,372,58.98565519,30.75953422,7.845240142,7.065959546,475,11,5,4,20,495,6,1,3,10,495,505,329,43,220,14
35,1000,80,5.13,10.3,18,37,41,964,17,12,7,36,7.688901999,162,270,33.36909393,17.54865374,7.683143978,7.695447441,515,6,8,3,17,449,11,4,4,19,532,468,229,41,143,19
39,1000,80,5.13,10.3,18,37,29,957,24,8,11,43,7.560256594,130,284,29.19340646,14.7137575,7.545647471,7.575280582,482,15,4,6,25,475,9,4,5,18,507,493,218,66,113,17
37,1000,80,5.13,10.3,18,37,37,963,17,14,6,37,7.512610558,153,288,36.21911606,18.08787307,7.711857435,7.309338491,486,8,8,3,19,477,9,6,3,18,505,495,244,44,141,12
36,1000,80,5.13,10.3,18,37,41,962,26,6,6,38,7.545715353,183,335,40.10907813,22.09423908,7.956151822,7.125308766,489,12,3,2,17,473,14,3,4,21,506,494,290,45,171,12
38,1000,80,5.13,10.3,18,37,33,956,18,13,13,44,7.54154232,167,316,31.20383912,15.59023732,7.374132785,7.698569868,462,10,7,5,22,494,8,6,8,22,484,516,264,52,149,18
34,1000,80,5.13,10.3,18,37,41,957,30,5,8,43,7.686524911,209,358,71.61667685,36.80862654,8.376877933,7.031160542,459,18,4,6,28,498,12,1,2,15,487,513,320,38,193,16
33,1000,80,5.13,10.3,18,37,47,970,17,6,7,30,7.425282964,249,369,62.16492588,32.53229025,7.82135364,7.037055272,475,11,5,4,20,495,6,1,3,10,495,505,338,31,233,16
32,1000,80,5.13,10.3,18,37,87,963,21,9,7,37,7.33135991,414,489,593.0883883,297.1797041,9.815046286,5.029523404,451,18,5,7,30,512,3,4,0,7,481,519,473,16,399,15
35,1000,80,5.13,10.3,18,37,42,967,15,11,7,33,7.643421013,175,286,34.31614886,18.13221056,7.712333698,7.565084371,516,5,7,4,16,451,10,4,3,17,532,468,232,54,158,17
39,1000,80,5.13,10.3,18,37,30,956,25,8,11,44,7.571678262,149,287,30.14191846,15.26747549,7.611297005,7.530934444,482,15,4,6,25,474,10,4,5,19,507,493,223,64,128,21
37,1000,80,5.13,10.3,18,37,38,962,18,14,6,38,7.482537476,149,294,37.06141199,18.56929682,7.707339823,7.253193666,485,9,8,3,20,477,9,6,3,18,505,495,257,37,125,24
36,1000,80,5.13,10.3,18,37,42,963,25,6,6,37,7.544887718,177,344,41.47041814,22.99109052,7.994872838,7.083971785,489,12,3,2,17,474,13,3,4,20,506,494,297,47,162,15
34,1000,80,5.13,10.3,18,37,42,957,30,5,8,43,7.689222851,205,353,76.99388856,39.27478174,8.427894919,6.987988353,459,18,4,6,28,498,12,1,2,15,487,513,307,46,196,9
38,1000,80,5.13,10.3,18,37,34,959,17,13,11,41,7.575124244,150,300,31.87860791,15.95981401,7.446720347,7.695565108,462,10,7,5,22,497,7,6,6,19,484,516,254,46,133,17
33,1000,80,5.13,10.3,18,37,48,971,16,6,7,29,7.436688344,237,382,66.41851625,34.92674344,7.866764587,7.015128461,475,10,6,4,20,496,6,0,3,9,495,505,353,29,226,11
35,1000,80,5.13,10.3,18,37,43,969,13,11,7,31,7.624400388,166,309,35.29030347,18.66611112,7.733626958,7.500236851,516,5,7,4,16,453,8,4,3,15,532,468,262,47,150,16
32,1000,80,5.13,10.3,18,37,88,964,21,8,7,36,7.300774309,412,487,614.1748224,310.9690826,9.85372182,4.934747811,451,18,5,7,30,513,3,3,0,6,481,519,477,10,405,7
37,1000,80,5.13,10.3,18,37,39,962,19,12,7,38,7.493204762,153,304,38.28225934,19.19790024,7.744405128,7.236929641,484,10,7,4,21,478,9,5,3,17,505,495,252,52,138,15
39,1000,80,5.13,10.3,18,37,31,957,23,9,11,43,7.580537733,149,265,31.53436001,16.02921456,7.615044297,7.545051268,482,15,4,6,25,475,8,5,5,18,507,493,221,44,128,21
36,1000,80,5.13,10.3,18,37,43,962,26,6,6,38,7.582221387,183,353,43.17689279,24.21348372,8.059764673,7.093077859,488,13,3,2,18,474,13,3,4,20,506,494,298,55,166,17
34,1000,80,5.13,10.3,18,37,43,957,30,5,8,43,7.72999195,230,359,82.07706135,41.79899842,8.51364535,6.986055876,459,18,4,6,28,498,12,1,2,15,487,513,321,38,217,13
38,1000,80,5.13,10.3,18,37,35,959,17,13,11,41,7.604190769,128,316,33.07673977,16.60907797,7.473835886,7.726461628,462,10,7,5,22,497,7,6,6,19,484,516,267,49,118,10
35,1000,80,5.13,10.3,18,37,44,969,13,11,7,31,7.615366468,175,294,36.45035875,19.32735976,7.767698285,7.44220295,516,5,7,4,16,453,8,4,3,15,532,468,251,43,158,17
33,1000,80,5.13,10.3,18,37,49,970,17,6,7,30,7.415250836,245,376,69.78327233,36.82325317,7.911549511,6.928779857,474,11,6,4,21,496,6,0,3,9,495,505,351,25,231,14
37,1000,80,5.13,10.3,18,37,40,962,19,12,7,38,7.500240555,161,316,40.0231808,20.02339904,7.769184633,7.225863263,484,10,7,4,21,478,9,5,3,17,505,495,279,37,145,16
39,1000,80,5.13,10.3,18,37,32,958,22,9,11,42,7.606423425,145,285,32.64501672,16.60731577,7.684422142,7.526209733,482,14,5,6,25,476,8,4,5,17,507,493,246,39,129,16
32,1000,80,5.13,10.3,18,37,89,964,21,8,7,36,7.289754851,423,495,636.7455061,322.9519634,9.898243945,4.872253398,451,18,5,7,30,513,3,3,0,6,481,519,483,12,414,9
36,1000,80,5.13,10.3,18,37,44,963,25,6,6,37,7.580968842,190,345,45.40010358,25.74879773,8.099461277,7.049881449,488,13,3,2,18,475,12,3,4,19,506,494,297,48,178,12
34,1000,80,5.13,10.3,18,37,44,957,32,5,6,43,7.700823073,244,357,85.03269318,43.52608289,8.529392403,6.91424751,459,18,4,6,28,498,14,1,0,15,487,513,310,47,219,25
38,1000,80,5.13,10.3,18,37,36,958,18,13,11,42,7.607336122,151,316,34.22768163,17.22346273,7.508975318,7.699597031,461,11,7,5,23,497,7,6,6,19,484,516,262,54,136,15
33,1000,80,5.13,10.3,18,37,50,968,19,6,7,32,7.440978293,247,405,73.78015112,39.20863873,7.955404285,6.936738954,473,12,6,4,22,495,7,0,3,10,495,505,357,48,236,11
35,1000,80,5.13,10.3,18,37,45,969,13,11,7,31,7.604778299,191,313,37.34305613,19.83673563,7.800398919,7.382406141,516,5,7,4,16,453,8,4,3,15,532,468,279,34,170,21
37,1000,80,5.13,10.3,18,37,41,962,19,12,7,38,7.54473057,154,307,42.1163662,21.11800345,7.851226624,7.232042677,484,10,7,4,21,478,9,5,3,17,505,495,257,50,137,17
39,1000,80,5.13,10.3,18,37,33,957,23,9,11,43,7.664755568,140,293,34.11595403,17.35631064,7.75735268,7.569528924,482,14,5,6,25,475,9,4,5,18,507,493,241,52,123,17
36,1000,80,5.13,10.3,18,37,45,963,26,6,5,37,7.538827422,191,339,46.89257935,26.82000863,8.099793641,6.964234493,488,13,3,2,18,475,13,3,3,19,506,494,297,42,179,12
32,1000,80,5.13,10.3,18,37,90,965,20,8,7,35,7.256149752,413,491,670.7791075,340.1772896,9.926891872,4.780953298,451,18,5,7,30,514,2,3,0,5,481,519,483,8,404,9
34,1000,80,5.13,10.3,18,37,45,957,32,5,6,43,7.695847308,234,381,90.65956915,45.89414032,8.560516641,6.875001372,459,18,4,6,28,498,14,1,0,15,487,513,336,45,220,14
38,1000,80,5.13,10.3,18,37,37,958,18,13,11,42,7.606788795,167,314,35.71948805,17.99721229,7.535712144,7.673457591,461,11,7,5,23,497,7,6,6,19,484,516,274,40,149,18
35,1000,80,5.13,10.3,18,37,46,969,13,12,6,31,7.598853942,187,312,38.55152901,20.59396123,7.839966397,7.324768843,516,5,7,4,16,453,8,5,2,15,532,468,270,42,166,21
33,1000,80,5.13,10.3,18,37,51,969,19,5,7,31,7.447038143,242,390,79.42107367,42.44023943,7.97733845,6.927238833,474,12,5,4,21,495,7,0,3,10,495,505,365,25,228,14
37,1000,80,5.13,10.3,18,37,42,963,18,12,7,37,7.535618109,163,324,44.30650203,22.20902675,7.87438736,7.190005034,484,10,7,4,21,479,8,5,3,16,505,495,271,53,147,16
36,1000,80,5.13,10.3,18,37,46,962,26,7,5,38,7.528342786,196,346,48.73511105,27.86407909,8.092546274,6.95043395,488,13,3,2,18,474,13,4,3,20,506,494,310,36,178,18
39,1000,80,5.13,10.3,18,37,34,958,21,10,11,42,7.682193731,164,315,35.89227432,18.27067755,7.782102902,7.579447383,482,14,5,6,25,476,7,5,5,17,507,493,256,59,145,19
34,1000,80,5.13,10.3,18,37,46,956,33,5,6,44,7.688211744,235,365,97.55091255,49.11126064,8.602554029,6.820210393,458,19,4,6,29,498,14,1,0,15,487,513,327,38,225,10
38,1000,80,5.13,10.3,18,37,38,958,19,12,11,42,7.608459476,196,336,37.44309067,18.86039133,7.599779878,7.616600804,460,12,7,5,24,498,7,5,6,18,484,516,289,47,175,21
32,1000,80,5.13,10.3,18,37,91,965,20,8,7,35,7.214893065,429,498,729.7499013,368.4818581,9.944200377,4.685419429,451,18,5,7,30,514,2,3,0,5,481,519,482,16,420,9
35,1000,80,5.13,10.3,18,37,47,969,12,13,6,31,7.59688342,174,342,40.21455796,21.53174501,7.853461946,7.305217234,516,4,8,4,16,453,8,5,2,15,532,468,286,56,161,13
33,1000,80,5.13,10.3,18,37,52,968,19,6,7,32,7.455416915,255,402,83.83857744,44.91529788,8.054599746,6.86809909,473,12,6,4,22,495,7,0,3,10,495,505,363,39,247,8
37,1000,80,5.13,10.3,18,37,43,963,19,11,7,37,7.543333633,175,344,46.65727573,23.42366881,7.941206192,7.137423244,483,11,7,4,22,480,8,4,3,15,505,495,290,54,158,17
36,1000,80,5.13,10.3,18,37,47,962,26,7,5,38,7.507148856,205,345,50.94895614,29.41740546,8.097613208,6.902341241,488,13,3,2,18,474,13,4,3,20,506,494,309,36,190,15
39,1000,80,5.13,10.3,18,37,35,958,21,10,11,42,7.661786774,160,305,38.10786182,19.37286359,7.813349421,7.505920118,482,14,5,6,25,476,7,5,5,17,507,493,249,56,145,15
34,1000,80,5.13,10.3,18,37,47,957,32,5,6,43,7.685965835,234,374,104.6904292,52.65203026,8.624325333,6.795164518,458,19,4,6,29,499,13,1,0,14,487,513,342,32,224,10
38,1000,80,5.13,10.3,18,37,39,958,19,12,11,42,7.624450689,195,316,39.56450204,20.00399135,7.63623959,7.613392884,460,12,7,5,24,498,7,5,6,18,484,516,266,50,169,26
32,1000,80,5.13,10.3,18,37,92,965,20,8,7,35,7.231024651,429,498,766.5479493,390.7821404,10.03022306,4.636777185,451,18,5,7,30,514,2,3,0,5,481,519,491,7,420,9
35,1000,80,5.13,10.3,18,37,48,970,11,13,6,30,7.578415941,186,318,41.62355502,22.34040134,7.866677658,7.250733819,516,4,8,4,16,454,7,5,2,14,532,468,273,45,160,26
33,1000,80,5.13,10.3,18,37,53,967,20,6,7,33,7.462949723,256,410,89.61843508,48.13092328,8.089836691,6.848476358,472,13,6,4,23,495,7,0,3,10,495,505,383,27,243,13
37,1000,80,5.13,10.3,18,37,44,963,21,10,6,37,7.559819449,184,314,48.5264684,24.41404809,7.967446788,7.143957214,483,12,7,3,22,480,9,3,3,15,505,495,277,37,164,20
36,1000,80,5.13,10.3,18,37,48,961,27,7,5,39,7.538869845,200,346,53.61856901,30.94573498,8.129261978,6.934136202,488,13,3,2,18,473,14,4,3,21,506,494,314,32,188,12
39,1000,80,5.13,10.3,18,37,36,957,22,10,11,43,7.710852072,173,287,41.22948229,20.93893812,7.905115756,7.511071772,481,15,5,6,26,476,7,5,5,17,507,493,238,49,165,8
34,1000,80,5.13,10.3,18,37,48,957,32,5,6,43,7.742651018,244,382,112.4135029,56.70233727,8.669248773,6.863015333,458,19,4,6,29,499,13,1,0,14,487,513,350,32,233,11
38,1000,80,5.13,10.3,18,37,40,957,20,12,11,43,7.607386423,186,342,41.50905645,21.05834379,7.665126277,7.553227336,460,12,7,5,24,497,8,5,6,19,484,516,299,43,168,18
35,1000,80,5.13,10.3,18,37,49,969,12,12,7,31,7.579787622,199,333,42.83090938,23.04377288,7.912452594,7.201630004,515,5,7,5,17,454,7,5,2,14,532,468,275,58,182,17
33,1000,80,5.13,10.3,18,37,54,967,20,6,7,33,7.425234662,274,401,97.01507591,52.30476343,8.1330303,6.731454779,472,13,6,4,23,495,7,0,3,10,495,505,373,28,259,15
32,1000,80,5.13,10.3,18,37,93,965,20,8,7,35,7.203843856,432,500,822.6263469,416.2377451,10.05328935,4.563028282,451,18,5,7,30,514,2,3,0,5,481,519,482,18,427,5
37,1000,80,5.13,10.3,18,37,45,961,22,11,6,39,7.595694265,162,324,52.05230623,26.12686974,8.065866589,7.11602351,482,12,8,3,23,479,10,3,3,16,505,495,289,35,149,13
36,1000,80,5.13,10.3,18,37,49,961,28,6,5,39,7.512463885,215,378,56.37625905,32.83727621,8.123469263,6.886616271,487,14,3,2,19,474,14,3,3,20,506,494,328,50,191,24
39,1000,80,5.13,10.3,18,37,37,957,22,10,11,43,7.703526768,158,309,43.79072471,22.33265153,7.917595581,7.483378922,481,15,5,6,26,476,7,5,5,17,507,493,265,44,141,17
34,1000,80,5.13,10.3,18,37,49,958,31,5,6,42,7.735673698,236,392,118.5932355,59.28426516,8.710032988,6.81069714,458,19,4,6,29,500,12,1,0,13,487,513,363,29,231,5
38,1000,80,5.13,10.3,18,37,41,958,19,11,12,42,7.617721291,212,341,43.5372553,22.17426325,7.697148634,7.543219674,461,11,6,6,23,497,8,5,6,19,484,516,305,36,192,20
35,1000,80,5.13,10.3,18,37,50,969,12,12,7,31,7.589371847,187,321,43.94951482,23.71685831,7.909713557,7.225222723,515,5,7,5,17,454,7,5,2,14,532,468,275,46,178,9
33,1000,80,5.13,10.3,18,37,55,968,19,6,7,32,7.402172436,269,422,105.268535,56.93123205,8.166200912,6.653273236,472,13,6,4,23,496,6,0,3,9,495,505,392,30,252,17
32,1000,80,5.13,10.3,18,37,94,966,19,8,7,34,7.148729999,433,500,912.094553,459.5434572,10.06550338,4.445516132,451,18,5,7,30,515,1,3,0,4,481,519,484,16,425,8
37,1000,80,5.13,10.3,18,37,46,961,23,10,6,39,7.602506543,208,338,56.61528923,28.36121463,8.130435128,7.063912734,481,13,8,3,24,480,10,2,3,15,505,495,299,39,186,22
36,1000,80,5.13,10.3,18,37,50,961,28,5,6,39,7.501933537,221,367,58.95814319,34.3131617,8.186807811,6.800422641,487,14,2,3,19,474,14,3,3,20,506,494,331,36,204,17
39,1000,80,5.13,10.3,18,37,38,955,23,11,11,45,7.711638905,170,320,46.09144777,23.53264365,7.981317332,7.434302267,480,15,6,6,27,475,8,5,5,18,507,493,270,50,157,13
34,1000,80,5.13,10.3,18,37,50,959,29,6,6,41,7.772019369,251,403,123.619556,62.16019601,8.778599293,6.816455191,458,19,4,6,29,501,10,2,0,12,487,513,363,40,245,6
38,1000,80,5.13,10.3,18,37,42,960,20,10,10,40,7.632080502,202,351,45.80002602,23.36575455,7.758402403,7.513592517,461,11,6,6,23,499,9,4,4,17,484,516,307,44,187,15
35,1000,80,5.13,10.3,18,37,51,969,12,12,7,31,7.576089683,206,351,45.64669411,24.68423105,7.914003598,7.191965318,515,5,7,5,17,454,7,5,2,14,532,468,300,51,185,21
33,1000,80,5.13,10.3,18,37,56,968,18,7,7,32,7.384277887,295,414,112.488113,61.07099765,8.159439073,6.624466429,472,13,6,4,23,496,5,1,3,9,495,505,390,24,279,16
36,1000,80,5.13,10.3,18,37,51,963,27,4,6,37,7.488037505,229,384,62.485947,36.63954026,8.219615692,6.738688187,487,14,2,3,19,476,13,2,3,18,506,494,339,45,211,18
37,1000,80,5.13,10.3,18,37,47,960,23,11,6,40,7.618483652,201,320,62.52846872,31.17903538,8.162553154,7.063422846,480,14,8,3,25,480,9,3,3,15,505,495,285,35,181,20
32,1000,80,5.13,10.3,18,37,95,966,19,8,7,34,7.151755347,442,485,998.2312755,501.4999414,10.13074354,4.390881892,451,18,5,7,30,515,1,3,0,4,481,519,475,10,434,8
39,1000,80,5.13,10.3,18,37,39,956,23,9,12,44,7.709742102,171,307,47.5366474,24.36782746,8.002926289,7.408232197,480,15,5,7,27,476,8,4,5,17,507,493,259,48,150,21
34,1000,80,5.13,10.3,18,37,51,960,28,6,6,40,7.765638477,254,420,131.2692498,65.9743301,8.808272693,6.775847321,459,18,4,6,28,501,10,2,0,12,487,513,369,51,237,17
38,1000,80,5.13,10.3,18,37,43,960,20,10,10,40,7.61411037,192,359,49.27957579,25.13022315,7.80897047,7.431334617,461,11,6,6,23,499,9,4,4,17,484,516,318,41,176,16
35,1000,80,5.13,10.3,18,37,52,968,13,10,9,32,7.587482935,224,317,47.2926974,25.56606366,7.969078963,7.153702835,514,6,6,6,18,454,7,4,3,14,532,468,283,34,202,22
33,1000,80,5.13,10.3,18,37,57,968,19,7,6,32,7.332640366,297,436,118.9626643,64.16854186,8.185268625,6.496895835,471,14,6,4,24,497,5,1,2,8,495,505,404,32,282,15
36,1000,80,5.13,10.3,18,37,52,962,28,4,6,38,7.477249209,232,368,65.96936368,38.57450384,8.237687242,6.698338997,487,14,2,3,19,475,14,2,3,19,506,494,333,35,217,15
37,1000,80,5.13,10.3,18,37,48,960,24,10,6,40,7.608302222,204,350,68.60552479,34.06455039,8.176053914,7.029080798,480,15,7,3,25,480,9,3,3,15,505,495,311,39,188,16
32,1000,80,5.13,10.3,18,37,96,966,19,8,7,34,7.110472579,438,494,1234.184231,610.6441641,10.11687639,4.324190825,451,18,5,7,30,515,1,3,0,4,481,519,486,8,428,10
39,1000,80,5.13,10.3,18,37,40,955,24,9,12,45,7.71455879,187,316,48.66928337,25.0330305,8.058885982,7.360453544,480,15,5,7,27,475,9,4,5,18,507,493,272,44,163,24
38,1000,80,5.13,10.3,18,37,44,960,21,9,10,40,7.645034772,217,353,52.65830185,26.79067159,7.910806929,7.39574461,461,11,6,6,23,499,10,3,4,17,484,516,320,33,198,19
34,1000,80,5.13,10.3,18,37,52,960,28,6,6,40,7.796147172,273,397,144.7003522,71.24295517,8.835505365,6.809466002,459,18,4,6,28,501,10,2,0,12,487,513,366,31,259,14
35,1000,80,5.13,10.3,18,37,53,968,13,10,9,32,7.590999349,216,344,49.21777431,26.65243884,8.002946249,7.122717831,514,5,7,6,18,454,8,3,3,14,532,468,309,35,198,18
33,1000,80,5.13,10.3,18,37,58,969,18,7,6,31,7.345753559,288,431,128.0839826,68.72239872,8.257150228,6.452404349,471,14,6,4,24,498,4,1,2,7,495,505,400,31,280,8
36,1000,80,5.13,10.3,18,37,53,961,28,5,6,39,7.489050756,225,351,70.13053198,40.93870936,8.309215518,6.648962963,487,13,3,3,19,474,15,2,3,20,506,494,323,28,219,6
37,1000,80,5.13,10.3,18,37,49,960,24,10,6,40,7.630423582,221,366,73.58799156,36.26133246,8.23233222,7.016355173,480,15,7,3,25,480,9,3,3,15,505,495,328,38,204,17
39,1000,80,5.13,10.3,18,37,41,954,25,9,12,46,7.723841881,175,342,50.31774302,25.92741078,8.097773434,7.339291583,479,16,5,7,28,475,9,4,5,18,507,493,289,53,160,15
38,1000,80,5.13,10.3,18,37,45,960,21,9,10,40,7.622629276,244,354,55.68993668,28.32186832,7.940086029,7.324859763,461,11,6,6,23,499,10,3,4,17,484,516,314,40,229,15
32,1000,80,5.13,10.3,18,37,97,966,19,7,8,34,7.130922945,442,499,1412.6487,700.3975753,10.18998193,4.295841299,451,18,5,7,30,515,1,2,1,4,481,519,483,16,435,7
34,1000,80,5.13,10.3,18,37,53,961,27,6,6,39,7.789537002,263,393,155.8384982,75.66520208,8.86698535,6.766696172,459,18,4,6,28,502,9,2,0,11,487,513,366,27,247,16
35,1000,80,5.13,10.3,18,37,54,967,14,10,9,33,7.591322798,206,340,50.87340575,27.49485253,8.013644197,7.111248045,514,5,7,6,18,453,9,3,3,15,532,468,303,37,188,18
33,1000,80,5.13,10.3,18,37,59,969,18,7,6,31,7.321292557,290,431,137.2408753,73.52198626,8.290785178,6.370997809,471,14,6,4,24,498,4,1,2,7,495,505,400,31,277,13
37,1000,80,5.13,10.3,18,37,50,960,23,11,6,40,7.635360825,219,361,77.29798715,38.33290763,8.258914101,6.999210514,480,14,8,3,25,480,9,3,3,15,505,495,308,53,205,14
36,1000,80,5.13,10.3,18,37,54,963,27,4,6,37,7.485538997,239,371,72.88819548,42.39692655,8.377715913,6.571689768,487,13,3,3,19,476,14,1,3,18,506,494,339,32,226,13
39,1000,80,5.13,10.3,18,37,42,953,26,11,10,47,7.744536728,198,315,51.97389009,26.79098134,8.176087973,7.300730479,478,17,5,7,29,475,9,6,3,18,507,493,278,37,186,12
38,1000,80,5.13,10.3,18,37,46,961,21,8,10,39,7.616936885,218,385,59.27627405,30.19852499,8.019627355,7.239219468,460,12,6,6,24,501,9,2,4,15,484,516,340,45,208,10
34,1000,80,5.13,10.3,18,37,54,960,28,6,6,40,7.7783228,285,388,161.5214847,78.57012713,8.918513705,6.695919349,459,18,4,6,28,501,10,2,0,12,487,513,364,24,278,7
35,1000,80,5.13,10.3,18,37,55,968,13,11,8,32,7.578265715,240,349,53.10549841,28.8142479,8.055690571,7.03555199,514,5,7,6,18,454,8,4,2,14,532,468,319,30,219,21
32,1000,80,5.13,10.3,18,37,98,964,21,7,8,36,7.146823832,443,501,1598.164811,787.1451005,10.24422256,4.276209601,449,20,5,7,32,515,1,2,1,4,481,519,493,8,438,5
33,1000,80,5.13,10.3,18,37,60,969,17,8,6,31,7.325192718,300,433,148.3692019,79.24853921,8.361246929,6.309654433,471,13,7,4,24,498,4,1,2,7,495,505,409,24,287,13
37,1000,80,5.13,10.3,18,37,51,960,23,11,6,40,7.648785964,216,363,81.78734865,40.65719223,8.316947244,6.967126476,480,14,8,3,25,480,9,3,3,15,505,495,332,31,199,17
36,1000,80,5.13,10.3,18,37,55,963,27,5,5,37,7.497638954,232,374,76.4973888,44.69283589,8.441234116,6.531122452,486,13,4,3,20,477,14,1,2,17,506,494,343,31,220,12
38,1000,80,5.13,10.3,18,37,47,960,22,8,10,40,7.620173229,230,382,63.17429823,32.07974356,8.03328978,7.232676309,460,12,6,6,24,500,10,2,4,16,484,516,341,41,216,14
39,1000,80,5.13,10.3,18,37,43,954,24,12,10,46,7.722779908,222,336,53.48098798,27.59014406,8.207932629,7.223850029,478,16,6,7,29,476,8,6,3,17,507,493,283,53,206,16
35,1000,80,5.13,10.3,18,37,56,967,14,11,8,33,7.611024469,229,348,55.43169343,30.23662442,8.135054517,7.015332192,513,6,7,6,19,454,8,4,2,14,532,468,321,27,217,12
34,1000,80,5.13,10.3,18,37,55,961,27,6,6,39,7.754405284,273,415,171.2358889,82.6439383,8.949338313,6.620034163,459,18,4,6,28,502,9,2,0,11,487,513,385,30,261,12
33,1000,80,5.13,10.3,18,37,61,968,17,8,7,32,7.331956873,307,440,160.4370388,85.63993148,8.427996855,6.257620653,470,14,6,5,25,498,3,2,2,7,495,505,413,27,295,12
32,1000,80,5.13,10.3,18,37,99,963,22,7,8,37,7.128368152,458,500,1665.340741,837.1252633,10.29713995,4.191606622,449,20,5,7,32,514,2,2,1,5,481,519,487,13,452,6
37,1000,80,5.13,10.3,18,37,52,960,24,10,6,40,7.650167861,220,370,87.31662864,43.71044101,8.35994605,6.926050718,479,15,8,3,26,481,9,2,3,14,505,495,331,39,208,12
36,1000,80,5.13,10.3,18,37,56,963,27,4,6,37,7.526676912,260,380,79.96479141,47.02174208,8.520466086,6.508747109,486,13,3,4,20,477,14,1,2,17,506,494,343,37,240,20
38,1000,80,5.13,10.3,18,37,48,961,22,7,10,39,7.600597815,258,384,67.2838016,34.04153763,8.096135973,7.135790707,459,14,5,6,25,502,8,2,4,14,484,516,345,39,237,21
39,1000,80,5.13,10.3,18,37,44,954,25,12,9,46,7.731055839,204,315,54.88925955,28.32705784,8.257209411,7.189960786,478,16,6,7,29,476,9,6,2,17,507,493,287,28,188,16
35,1000,80,5.13,10.3,18,37,57,968,13,11,8,32,7.634193464,212,364,57.59976462,31.36050803,8.201370339,6.989453939,513,6,7,6,19,455,7,4,2,13,532,468,327,37,197,15
34,1000,80,5.13,10.3,18,37,56,961,27,6,6,39,7.731926255,289,416,176.5033018,85.4426844,8.956076209,6.569818988,459,18,4,6,28,502,9,2,0,11,487,513,397,19,275,14
33,1000,80,5.13,10.3,18,37,62,968,17,9,6,32,7.296943464,306,466,171.721408,91.76355083,8.449817264,6.166898849,470,14,6,5,25,498,3,3,1,7,495,505,426,40,294,12
32,1000,80,5.13,10.3,18,37,100,963,22,7,8,37,7.151097722,445,492,1755.089437,904.8909983,10.3716253,4.166369854,449,20,5,7,32,514,2,2,1,5,481,519,489,3,440,5
37,1000,80,5.13,10.3,18,37,53,958,25,10,7,42,7.651061469,210,370,92.69204233,46.61401367,8.422229823,6.864313957,478,15,8,4,27,480,10,2,3,15,505,495,335,35,199,11
36,1000,80,5.13,10.3,18,37,57,963,27,4,6,37,7.529748064,241,378,84.91140219,49.98850104,8.552368084,6.482287071,485,14,3,4,21,478,13,1,2,16,506,494,357,21,231,10
38,1000,80,5.13,10.3,18,37,49,962,21,7,10,38,7.612477562,247,410,73.93085839,37.28563188,8.162898145,7.09619159,459,14,5,6,25,503,7,2,4,13,484,516,367,43,238,9
39,1000,80,5.13,10.3,18,37,45,955,25,11,9,45,7.740029321,199,349,56.51377915,29.30940162,8.317570926,7.14608694,478,16,6,7,29,477,9,5,2,16,507,493,307,42,183,16
35,1000,80,5.13,10.3,18,37,58,967,14,11,8,33,7.624423004,234,357,60.23286579,32.73213914,8.239679006,6.925029428,512,7,7,6,20,455,7,4,2,13,532,468,325,32,217,17
34,1000,80,5.13,10.3,18,37,57,961,26,7,6,39,7.733502787,297,421,194.9733127,92.36481509,9.002471817,6.528847977,459,18,4,6,28,502,8,3,0,11,487,513,386,35,283,14
33,1000,80,5.13,10.3,18,37,63,968,17,8,7,32,7.305512501,320,468,184.5945225,98.75756777,8.506293632,6.128509214,470,14,5,6,25,498,3,3,1,7,495,505,431,37,306,14
37,1000,80,5.13,10.3,18,37,54,958,25,10,7,42,7.652828562,249,379,97.4271285,49.24331491,8.473051328,6.816035638,478,15,8,4,27,480,10,2,3,15,505,495,346,33,234,15
36,1000,80,5.13,10.3,18,37,58,964,26,4,6,36,7.537838106,245,397,89.48053269,53.01226752,8.554684134,6.496291365,486,13,3,4,20,478,13,1,2,16,506,494,371,26,233,12
32,1000,80,5.13,10.3,18,37,101,962,22,8,8,38,7.122394764,438,500,1898.11155,981.5205937,10.42662303,4.060094578,448,20,6,7,33,514,2,2,1,5,481,519,491,9,434,4
38,1000,80,5.13,10.3,18,37,50,962,21,7,10,38,7.603226009,267,371,79.22014267,40.03276594,8.225662298,7.019390419,459,14,5,6,25,503,7,2,4,13,484,516,346,25,249,18
39,1000,80,5.13,10.3,18,37,46,954,26,11,9,46,7.72253333,204,335,58.09859994,30.1889997,8.328063341,7.099807741,477,17,6,7,30,477,9,5,2,16,507,493,299,36,192,12
35,1000,80,5.13,10.3,18,37,59,969,13,10,8,31,7.608412219,226,366,63.54451125,34.43880318,8.259485319,6.868303482,512,7,7,6,20,457,6,3,2,11,532,468,329,37,211,15
34,1000,80,5.13,10.3,18,37,58,961,26,7,6,39,7.724142007,296,420,209.2428276,98.3215902,9.049502092,6.465954167,459,18,4,6,28,502,8,3,0,11,487,513,390,30,290,6
33,1000,80,5.13,10.3,18,37,64,968,17,8,7,32,7.304428396,323,454,200.6336266,107.7841436,8.543810381,6.089588628,470,14,5,6,25,498,3,3,1,7,495,505,420,34,310,13
37,1000,80,5.13,10.3,18,37,55,958,26,10,6,42,7.62692581,231,360,104.6840431,52.60758642,8.487556868,6.748908267,478,15,8,4,27,480,11,2,2,15,505,495,327,33,218,13
36,1000,80,5.13,10.3,18,37,59,966,25,4,5,34,7.513166452,261,395,93.97573534,56.22026527,8.578926493,6.421517502,486,13,3,4,20,480,12,1,1,14,506,494,364,31,245,16
32,1000,80,5.13,10.3,18,37,102,960,24,8,8,40,7.098522642,441,511,2145.238388,1089.310434,10.48334659,3.96152781,446,22,6,7,35,514,2,2,1,5,481,519,500,11,438,3
38,1000,80,5.13,10.3,18,37,51,963,20,7,10,37,7.563302226,249,401,83.78190884,42.49041312,8.260407023,6.909428735,459,14,5,6,25,504,6,2,4,12,484,516,362,39,240,9
39,1000,80,5.13,10.3,18,37,47,953,27,11,9,47,7.728085597,226,356,60.83850019,31.51220553,8.358036246,7.080245882,477,17,6,7,30,476,10,5,2,17,507,493,306,50,207,19
35,1000,80,5.13,10.3,18,37,60,969,13,10,8,31,7.563818175,242,361,66.64408309,36.08770616,8.314048274,6.710992506,513,6,7,6,19,456,7,3,2,12,532,468,334,27,228,14
34,1000,80,5.13,10.3,18,37,59,960,27,7,6,40,7.703600269,320,415,224.1622312,104.3162321,9.07231509,6.40425501,458,19,4,6,29,502,8,3,0,11,487,513,398,17,299,21
33,1000,80,5.13,10.3,18,37,65,966,19,8,7,34,7.298906336,323,459,221.4214591,119.0081055,8.608817419,6.014934085,469,15,5,6,26,497,4,3,1,8,495,505,436,23,313,10
36,1000,80,5.13,10.3,18,37,60,966,25,4,5,34,7.503308462,273,390,99.78572368,60.31212357,8.620857034,6.35861296,485,14,3,4,21,481,11,1,1,13,506,494,365,25,261,12
37,1000,80,5.13,10.3,18,37,56,958,26,10,6,42,7.609238635,254,379,111.4152466,56.19281629,8.528067311,6.671847764,478,15,8,4,27,480,11,2,2,15,505,495,349,30,235,19
38,1000,80,5.13,10.3,18,37,52,963,19,8,10,37,7.557649377,251,402,88.20196181,44.62702724,8.322910573,6.83984624,459,13,6,6,25,504,6,2,4,12,484,516,366,36,243,8
35,1000,80,5.13,10.3,18,37,61,969,13,10,8,31,7.579156737,238,351,69.48879015,37.66935079,8.382045615,6.66647109,513,6,7,6,19,456,7,3,2,12,532,468,322,29,227,11
32,1000,80,5.13,10.3,18,37,103,960,24,7,9,40,7.085727307,449,512,2723.651097,1330.483135,10.54932704,3.875724472,446,22,5,8,35,514,2,2,1,5,481,519,502,10,447,2
39,1000,80,5.13,10.3,18,37,48,953,27,11,9,47,7.738338393,222,343,62.54695487,32.48568317,8.397159314,7.060808563,477,17,6,7,30,476,10,5,2,17,507,493,304,39,210,12
34,1000,80,5.13,10.3,18,37,60,960,28,6,6,40,7.675751451,302,421,232.9300397,108.7591839,9.098851615,6.32477722,457,20,4,6,30,503,8,2,0,10,487,513,394,27,291,11
33,1000,80,5.13,10.3,18,37,66,965,20,8,7,35,7.241938198,343,446,240.474958,129.6067171,8.620352752,5.890818982,468,16,5,6,27,497,4,3,1,8,495,505,426,20,332,11
36,1000,80,5.13,10.3,18,37,61,965,26,4,5,35,7.518021432,280,413,106.5126406,64.14499967,8.682163462,6.325600648,485,14,3,4,21,480,12,1,1,14,506,494,380,33,272,8
37,1000,80,5.13,10.3,18,37,57,959,25,10,6,41,7.579846263,249,398,119.7489066,60.52655378,8.561752912,6.578103117,477,16,8,4,28,482,9,2,2,13,505,495,364,34,240,9
38,1000,80,5.13,10.3,18,37,53,962,20,7,11,38,7.568185375,281,400,94.36786869,47.80693854,8.417862986,6.771200949,458,14,5,7,26,504,6,2,4,12,484,516,364,36,273,8
35,1000,80,5.13,10.3,18,37,62,969,14,10,7,31,7.549657345,257,375,73.49550289,39.95568754,8.404506262,6.577906013,513,6,7,6,19,456,8,3,1,12,532,468,333,42,238,19
39,1000,80,5.13,10.3,18,37,49,954,27,10,9,46,7.726355485,209,379,65.90700134,34.11362309,8.443944881,6.988388297,477,17,6,7,30,477,10,4,2,16,507,493,340,39,202,7
34,1000,80,5.13,10.3,18,37,61,961,26,7,6,39,7.678199184,315,432,239.2807208,112.8543754,9.142617725,6.288000685,457,19,5,6,30,504,7,2,0,9,487,513,410,22,300,15
32,1000,80,5.13,10.3,18,37,104,960,24,7,9,40,7.073497458,453,503,3134.910176,1502.258152,10.59734038,3.807662305,446,22,5,8,35,514,2,2,1,5,481,519,496,7,445,8
40,1000,80,5.13,10.3,18,37,0,939,32,18,11,61,7.206,90,215,19.97322934,9.00863252,6.342519685,8.097560976,489,12,3,4,19,450,20,15,7,42,508,492,117,98,62,28
33,1000,80,5.13,10.3,18,37,67,964,21,8,7,36,7.230328414,333,448,255.5948102,137.9128157,8.675025589,5.814239104,468,16,5,6,27,496,5,3,1,9,495,505,428,20,320,13
36,1000,80,5.13,10.3,18,37,62,965,25,5,5,35,7.498910463,284,427,113.56282,68.3048623,8.714455048,6.253838479,483,15,4,4,23,482,10,1,1,12,506,494,396,31,270,14
37,1000,80,5.13,10.3,18,37,58,961,24,8,7,39,7.548652751,254,395,128.9427018,65.64582741,8.609509322,6.466364735,477,16,7,5,28,484,8,1,2,11,505,495,367,28,239,15
38,1000,80,5.13,10.3,18,37,54,962,20,8,10,38,7.545011191,286,409,102.5505979,51.70101291,8.476407318,6.671376064,458,14,5,7,26,504,6,3,3,12,484,516,374,35,266,20
35,1000,80,5.13,10.3,18,37,63,968,16,9,7,32,7.539117231,251,368,79.21305415,43.0243273,8.501596189,6.44501722,511,8,7,6,21,457,8,2,1,11,532,468,339,29,240,11
39,1000,80,5.13,10.3,18,37,50,954,27,10,9,46,7.735188029,204,379,69.91300789,36.05758584,8.466989604,6.98260507,477,17,6,7,30,477,10,4,2,16,507,493,333,46,189,15
34,1000,80,5.13,10.3,18,37,62,960,27,7,6,40,7.692821669,308,438,248.5919848,117.6615037,9.198554124,6.26340314,456,20,5,6,31,504,7,2,0,9,487,513,408,30,300,8
33,1000,80,5.13,10.3,18,37,68,965,21,6,8,35,7.178824246,339,454,275.3543145,147.4578195,8.71360013,5.674439963,468,16,4,7,27,497,5,2,1,8,495,505,429,25,325,14
40,1000,80,5.13,10.3,18,37,1,940,33,17,10,60,7.225231819,88,205,20.03811706,9.093642144,6.398113471,8.079248325,489,12,3,4,19,451,21,14,6,41,508,492,125,80,62,26
36,1000,80,5.13,10.3,18,37,63,965,25,5,5,35,7.51559933,271,404,121.0419226,73.31318701,8.769859469,6.230871333,483,15,4,4,23,482,10,1,1,12,506,494,384,20,263,8
37,1000,80,5.13,10.3,18,37,59,961,24,8,7,39,7.5046036,286,397,136.4955867,69.7254873,8.620897773,6.365758029,477,16,7,5,28,484,8,1,2,11,505,495,366,31,266,20
35,1000,80,5.13,10.3,18,37,64,967,17,9,7,33,7.534125496,247,386,85.84688437,46.30335562,8.52116573,6.412105402,511,8,7,6,21,456,9,2,1,12,532,468,357,29,235,12
38,1000,80,5.13,10.3,18,37,55,962,20,8,10,38,7.477683849,284,415,113.2665067,56.5342806,8.448313769,6.567248033,458,14,5,7,26,504,6,3,3,12,484,516,378,37,267,17
39,1000,80,5.13,10.3,18,37,51,959,24,10,7,41,7.663641666,223,365,72.44537257,37.44576028,8.474680426,6.829571381,477,17,6,7,30,482,7,4,0,11,507,493,342,23,210,13
34,1000,80,5.13,10.3,18,37,63,960,27,7,6,40,7.673710017,316,459,257.5417176,122.2446987,9.224594992,6.2014274,456,20,5,6,31,504,7,2,0,9,487,513,421,38,301,15
33,1000,80,5.13,10.3,18,37,69,965,20,7,8,35,7.190717104,336,459,292.0540733,155.7919199,8.755190767,5.657223118,468,15,5,7,27,497,5,2,1,8,495,505,429,30,324,12
36,1000,80,5.13,10.3,18,37,64,965,25,5,5,35,7.506290988,288,422,130.0951947,79.46781124,8.802604441,6.178488141,483,15,4,4,23,482,10,1,1,12,506,494,397,25,276,12
40,1000,80,5.13,10.3,18,37,2,942,30,18,10,58,7.250803236,102,221,20.13321937,9.179853098,6.42659443,8.101815581,489,12,3,4,19,453,18,15,6,39,508,492,118,103,80,22
37,1000,80,5.13,10.3,18,37,60,962,24,8,6,38,7.474633068,267,421,140.7057789,71.74135326,8.638896688,6.286848971,477,16,7,5,28,485,8,1,1,10,505,495,390,31,250,17
35,1000,80,5.13,10.3,18,37,65,968,16,9,7,32,7.514102813,258,394,92.24348069,49.80514013,8.547044167,6.339904522,511,8,7,6,21,457,8,2,1,11,532,468,360,34,247,11
38,1000,80,5.13,10.3,18,37,56,963,20,8,9,37,7.445603091,287,427,124.8417065,62.14139266,8.471134154,6.483670853,458,14,5,7,26,505,6,3,2,11,484,516,397,30,278,9
34,1000,80,5.13,10.3,18,37,64,960,27,7,6,40,7.653806884,317,432,270.3093269,129.1987591,9.229645385,6.157835442,456,20,5,6,31,504,7,2,0,9,487,513,410,22,306,11
39,1000,80,5.13,10.3,18,37,52,959,22,12,7,41,7.706244485,226,369,77.08127911,39.79398719,8.564983166,6.823119716,477,15,8,7,30,482,7,4,0,11,507,493,332,37,210,16
33,1000,80,5.13,10.3,18,37,70,965,20,7,8,35,7.202398874,349,453,320.3368729,169.685399,8.813470396,5.623229759,468,15,5,7,27,497,5,2,1,8,495,505,439,14,338,11
36,1000,80,5.13,10.3,18,37,65,965,25,5,5,35,7.486641807,278,438,136.217931,83.83806822,8.809549418,6.131598788,483,15,4,4,23,482,10,1,1,12,506,494,403,35,273,5
37,1000,80,5.13,10.3,18,37,61,961,26,8,5,39,7.468940092,262,425,145.3662647,74.70986623,8.666526515,6.247160003,476,18,7,4,29,485,8,1,1,10,505,495,394,31,251,11
40,1000,80,5.13,10.3,18,37,3,944,29,18,9,56,7.256983194,95,201,20.20708032,9.246812757,6.462909818,8.076880094,489,12,3,4,19,455,17,15,5,37,508,492,113,88,63,32
35,1000,80,5.13,10.3,18,37,66,968,17,9,6,32,7.499419815,261,401,98.08706496,53.02673827,8.577443156,6.273974479,510,9,7,6,22,458,8,2,0,10,532,468,368,33,253,8
38,1000,80,5.13,10.3,18,37,57,962,22,7,9,38,7.447500623,290,415,133.9333039,66.26193062,8.502366006,6.458053248,457,15,5,7,27,505,7,2,2,11,484,516,385,30,279,11
34,1000,80,5.13,10.3,18,37,65,961,26,7,6,39,7.644785742,319,430,287.1788835,138.2609797,9.29233427,6.080738699,456,20,5,6,31,505,6,2,0,8,487,513,408,22,310,9
39,1000,80,5.13,10.3,18,37,53,956,25,12,7,44,7.714953809,228,366,79.79714585,41.31743335,8.597928905,6.80690437,475,17,8,7,32,481,8,4,0,12,507,493,337,29,219,9
33,1000,80,5.13,10.3,18,37,71,966,19,7,8,34,7.191072654,358,456,342.8481164,181.8412667,8.849234118,5.565746071,468,15,5,7,27,498,4,2,1,7,495,505,435,21,348,10
36,1000,80,5.13,10.3,18,37,66,962,27,6,5,38,7.504337955,281,425,145.0512412,89.82996868,8.886522905,6.088577662,480,18,4,4,26,482,9,2,1,12,506,494,398,27,274,7
37,1000,80,5.13,10.3,18,37,62,961,26,8,5,39,7.468232039,284,426,149.3158355,76.62475738,8.686658229,6.225191178,476,18,7,4,29,485,8,1,1,10,505,495,389,37,268,16
35,1000,80,5.13,10.3,18,37,67,968,17,9,6,32,7.511726075,260,386,102.114631,55.29256146,8.614464415,6.258185911,510,9,7,6,22,458,8,2,0,10,532,468,363,23,249,11
38,1000,80,5.13,10.3,18,37,58,962,22,7,9,38,7.420734894,305,427,144.6731948,71.2646221,8.534845058,6.375716832,457,15,5,7,27,505,7,2,2,11,484,516,395,32,291,14
40,1000,80,5.13,10.3,18,37,4,948,27,16,9,52,7.219681972,108,210,20.23314312,9.312822997,6.461622975,8.002393295,490,11,3,4,18,458,16,13,5,34,508,492,125,85,81,27
34,1000,80,5.13,10.3,18,37,66,962,27,5,6,38,7.609228484,345,445,296.18011,143.309098,9.33260497,5.973196616,456,21,4,6,31,506,6,1,0,7,487,513,424,21,328,17
39,1000,80,5.13,10.3,18,37,54,955,24,13,8,45,7.725640563,240,380,82.58354542,42.86568759,8.659188417,6.765582223,475,15,10,7,32,480,9,3,1,13,507,493,345,35,223,17
33,1000,80,5.13,10.3,18,37,72,968,18,5,9,32,7.16149289,350,464,366.5736651,194.740201,8.893488641,5.463794085,470,14,3,8,25,498,4,2,1,7,495,505,448,16,337,13
36,1000,80,5.13,10.3,18,37,67,962,27,6,5,38,7.449763722,304,431,154.5970189,96.26859906,8.915899634,5.948013174,480,18,4,4,26,482,9,2,1,12,506,494,407,24,295,9
37,1000,80,5.13,10.3,18,37,63,961,26,8,5,39,7.460774198,308,406,156.1122864,80.6897068,8.72080991,6.175283219,475,19,7,4,30,486,7,1,1,9,505,495,381,25,288,20
35,1000,80,5.13,10.3,18,37,68,968,17,9,6,32,7.534998011,270,408,106.2172443,57.50213417,8.659513109,6.25670307,510,9,7,6,22,458,8,2,0,10,532,468,376,32,263,7
38,1000,80,5.13,10.3,18,37,59,962,22,7,9,38,7.418624431,294,437,160.5519979,78.87441604,8.603288777,6.307427641,457,15,5,7,27,505,7,2,2,11,484,516,399,38,286,8
34,1000,80,5.13,10.3,18,37,67,961,28,5,6,39,7.615631715,324,438,307.7549489,149.7241474,9.368143801,5.951940904,456,21,4,6,31,505,7,1,0,8,487,513,418,20,311,13
39,1000,80,5.13,10.3,18,37,55,954,25,13,8,46,7.747778542,229,379,87.38638567,45.60627222,8.735685074,6.73181787,475,15,10,7,32,479,10,3,1,14,507,493,357,22,219,10
33,1000,80,5.13,10.3,18,37,73,967,19,5,9,33,7.169780334,364,483,386.0714517,205.4191495,8.974071729,5.401217481,469,15,3,8,26,498,4,2,1,7,495,505,455,28,354,10
40,1000,80,5.13,10.3,18,37,5,948,27,16,9,52,7.263289926,109,202,20.38094164,9.443027695,6.532471989,8.017874301,489,12,3,4,19,459,15,13,5,33,508,492,122,80,80,29
36,1000,80,5.13,10.3,18,37,68,961,28,6,5,39,7.446198961,298,430,164.4533109,101.5636186,8.95299872,5.902796778,480,18,4,4,26,481,10,2,1,13,506,494,408,22,288,10
37,1000,80,5.13,10.3,18,37,64,961,26,8,5,39,7.477566347,275,422,165.7836546,85.84089087,8.775567678,6.153342766,475,19,7,4,30,486,7,1,1,9,505,495,392,30,264,11
35,1000,80,5.13,10.3,18,37,69,968,16,10,6,32,7.556592537,269,405,111.7409052,60.62719269,8.739126688,6.212344314,510,9,7,6,22,458,7,3,0,10,532,468,378,27,262,7
38,1000,80,5.13,10.3,18,37,60,964,21,6,9,36,7.404584083,315,435,175.2415611,86.67746016,8.613609065,6.270537395,458,14,5,7,26,506,7,1,2,10,484,516,410,25,302,13
34,1000,80,5.13,10.3,18,37,68,961,28,5,6,39,7.586416519,351,466,329.1662141,159.1358909,9.377429976,5.886175674,456,21,4,6,31,505,7,1,0,8,487,513,440,26,341,10
39,1000,80,5.13,10.3,18,37,56,955,23,14,8,45,7.755166482,253,393,93.20820748,48.59213086,8.788902193,6.692075192,475,15,10,7,32,480,8,4,1,13,507,493,351,42,241,12
33,1000,80,5.13,10.3,18,37,74,967,18,6,9,33,7.174987136,388,480,401.6171652,213.970048,9.040992919,5.345931963,469,14,4,8,26,498,4,2,1,7,495,505,457,23,376,12
40,1000,80,5.13,10.3,18,37,6,949,26,15,10,51,7.26555794,100,222,20.53732847,9.553514501,6.550741266,8.003620684,489,11,4,4,19,460,15,11,6,32,508,492,130,92,73,27
36,1000,80,5.13,10.3,18,37,69,961,29,6,4,39,7.45022115,319,420,173.1604314,106.5687294,9.025889122,5.836277843,479,19,4,4,27,482,10,2,0,12,506,494,401,19,314,5
37,1000,80,5.13,10.3,18,37,65,962,25,8,5,38,7.451053845,296,423,174.4861269,91.03566117,8.812258854,6.062349744,476,18,7,4,29,486,7,1,1,9,505,495,397,26,285,11
35,1000,80,5.13,10.3,18,37,70,967,17,10,6,33,7.567584951,287,386,117.0009001,63.48150435,8.797691134,6.169259118,509,10,7,6,23,458,7,3,0,10,532,468,361,25,272,15
38,1000,80,5.13,10.3,18,37,61,965,21,6,8,35,7.378877351,323,438,190.2466481,93.78035132,8.643810544,6.192389627,459,13,5,7,25,506,8,1,1,10,484,516,410,28,307,16
34,1000,80,5.13,10.3,18,37,69,962,27,5,6,38,7.548135075,339,454,362.1734862,172.764349,9.356118643,5.831784202,456,21,4,6,31,506,6,1,0,7,487,513,432,22,333,6
39,1000,80,5.13,10.3,18,37,57,955,23,15,7,45,7.77026833,257,386,96.92515851,50.41566187,8.815592743,6.695259248,475,15,11,6,32,480,8,4,1,13,507,493,363,23,245,12
33,1000,80,5.13,10.3,18,37,75,966,19,6,9,34,7.174288235,377,473,429.5175648,229.5362704,9.085915664,5.300514815,469,14,4,8,26,497,5,2,1,8,495,505,450,23,364,13
36,1000,80,5.13,10.3,18,37,70,961,29,6,4,39,7.469938323,316,443,183.8660465,112.5147949,9.116032499,5.783858054,478,20,4,4,28,483,9,2,0,11,506,494,418,25,304,12
40,1000,80,5.13,10.3,18,37,7,951,24,15,10,49,7.28068752,97,226,20.7214408,9.689614376,6.577315237,8.006933698,489,11,4,4,19,462,13,11,6,30,508,492,131,95,72,25
37,1000,80,5.13,10.3,18,37,66,961,26,8,5,39,7.474688233,312,411,186.2386893,98.38601552,8.844576458,6.077125498,476,18,7,4,29,485,8,1,1,10,505,495,396,15,299,13
35,1000,80,5.13,10.3,18,37,71,967,17,10,6,33,7.60719123,280,406,123.4143245,67.09951564,8.853056875,6.190950796,509,10,7,6,23,458,7,3,0,10,532,468,381,25,274,6
38,1000,80,5.13,10.3,18,37,62,965,21,6,8,35,7.400954728,325,440,205.247169,101.3430348,8.71185037,6.17135494,459,13,5,7,25,506,8,1,1,10,484,516,411,29,311,14
34,1000,80,5.13,10.3,18,37,70,961,28,5,6,39,7.547669972,352,449,390.464926,183.7878273,9.411390691,5.778406833,455,22,4,6,32,506,6,1,0,7,487,513,427,22,339,13
33,1000,80,5.13,10.3,18,37,76,964,19,9,8,36,7.175261785,368,482,461.3837967,246.2123361,9.178418949,5.2117711,468,12,7,8,27,496,7,2,0,9,495,505,458,24,351,17
39,1000,80,5.13,10.3,18,37,58,956,24,14,6,44,7.758828411,269,398,103.2514583,53.75049867,8.873046745,6.612968989,475,15,11,6,32,481,9,3,0,12,507,493,368,30,255,14
36,1000,80,5.13,10.3,18,37,71,961,29,6,4,39,7.429267174,329,438,196.3688522,119.2393782,9.128186237,5.689078823,478,20,4,4,28,483,9,2,0,11,506,494,417,21,314,15
37,1000,80,5.13,10.3,18,37,67,961,26,8,5,39,7.492248294,301,430,200.5387766,107.1811296,8.884059169,6.072320027,476,18,7,4,29,485,8,1,1,10,505,495,400,30,288,13
35,1000,80,5.13,10.3,18,37,72,967,17,10,6,33,7.602036224,292,420,129.5142144,70.3492998,8.876443993,6.153350471,509,10,7,6,23,458,7,3,0,10,532,468,390,30,280,12
40,1000,80,5.13,10.3,18,37,8,952,23,15,10,48,7.269159283,103,226,20.91455904,9.790837088,6.581384517,7.979300708,489,10,5,4,19,463,13,10,6,29,508,492,153,73,72,31
38,1000,80,5.13,10.3,18,37,63,964,22,6,8,36,7.36342476,336,459,224.0112004,110.6222087,8.736787135,6.075232143,459,12,6,7,25,505,10,0,1,11,484,516,429,30,324,12
34,1000,80,5.13,10.3,18,37,71,960,28,6,6,40,7.525164148,358,469,406.8734968,193.2034824,9.48573177,5.663962525,454,22,5,6,33,506,6,1,0,7,487,513,446,23,346,12
33,1000,80,5.13,10.3,18,37,77,965,18,9,8,35,7.181429748,362,466,492.8365071,262.5817594,9.245826126,5.157912506,468,12,7,8,27,497,6,2,0,8,495,505,451,15,358,4
39,1000,80,5.13,10.3,18,37,59,955,25,14,6,45,7.749645504,275,402,108.4507006,56.53486288,8.933642338,6.532026043,474,16,11,6,33,481,9,3,0,12,507,493,373,29,264,11
36,1000,80,5.13,10.3,18,37,72,961,29,6,4,39,7.454941014,314,443,206.5000302,125.6696723,9.178213344,5.689807818,478,20,4,4,28,483,9,2,0,11,506,494,419,24,304,10
37,1000,80,5.13,10.3,18,37,68,960,26,9,5,40,7.517273816,326,441,213.58419,114.9534379,8.914532266,6.091787923,475,18,8,4,30,485,8,1,1,10,505,495,416,25,305,21
35,1000,80,5.13,10.3,18,37,73,968,17,9,6,32,7.595354888,290,405,136.2367977,73.92600953,8.927104663,6.081485486,510,10,6,6,22,458,7,3,0,10,532,468,384,21,277,13
40,1000,80,5.13,10.3,18,37,9,952,24,15,9,48,7.256366881,82,212,21.04241844,9.907468254,6.57625792,7.958593206,489,10,5,4,19,463,14,10,5,29,508,492,138,74,51,31
34,1000,80,5.13,10.3,18,37,72,959,29,6,6,41,7.499167961,354,461,428.9876084,204.4769734,9.530508329,5.570780517,453,23,5,6,34,506,6,1,0,7,487,513,441,20,344,10
38,1000,80,5.13,10.3,18,37,64,964,22,6,8,36,7.3465314,334,456,237.3319217,117.3712407,8.803494201,5.979922881,459,12,6,7,25,505,10,0,1,11,484,516,420,36,323,11
33,1000,80,5.13,10.3,18,37,78,965,18,9,8,35,7.145294453,377,477,531.7247968,284.2466064,9.292885566,5.040229895,468,12,7,8,27,497,6,2,0,8,495,505,451,26,366,11
39,1000,80,5.13,10.3,18,37,60,956,24,14,6,44,7.737688366,271,410,113.7431851,59.41922931,8.948809127,6.492174723,474,16,11,6,33,482,8,3,0,11,507,493,382,28,259,12
36,1000,80,5.13,10.3,18,37,73,961,29,6,4,39,7.428082944,330,441,226.2067184,138.7724237,9.212368586,5.600454331,478,20,4,4,28,483,9,2,0,11,506,494,423,18,320,10
37,1000,80,5.13,10.3,18,37,69,959,27,9,5,41,7.517650453,326,437,222.7533574,119.9711371,8.959444885,6.04672886,475,18,8,4,30,484,9,1,1,11,505,495,410,27,312,14
35,1000,80,5.13,10.3,18,37,74,967,17,10,6,33,7.600908156,310,411,146.0262507,79.34207437,8.955249702,6.061357509,510,10,6,6,22,457,7,4,0,11,532,468,388,23,300,10
34,1000,80,5.13,10.3,18,37,73,959,29,6,6,41,7.508049709,357,465,445.7146074,212.8906794,9.587747088,5.533756097,453,23,5,6,34,506,6,1,0,7,487,513,443,22,349,8
38,1000,80,5.13,10.3,18,37,65,963,22,7,8,37,7.349975377,340,446,269.7302888,131.1839911,8.829237387,5.962450547,458,12,7,7,26,505,10,0,1,11,484,516,424,22,330,10
40,1000,80,5.13,10.3,18,37,10,953,23,15,9,47,7.2660891,99,232,21.20766909,10.0288601,6.632524096,7.920257845,489,10,5,4,19,464,13,10,5,28,508,492,144,88,73,26
33,1000,80,5.13,10.3,18,37,79,965,18,9,8,35,7.14356794,383,487,565.8916646,303.7668132,9.342407317,4.988269937,468,12,7,8,27,497,6,2,0,8,495,505,461,26,370,13
39,1000,80,5.13,10.3,18,37,61,956,24,14,6,44,7.724078176,275,402,118.5109932,62.09401974,9.001342436,6.410542721,474,16,11,6,33,482,8,3,0,11,507,493,376,26,265,10
36,1000,80,5.13,10.3,18,37,74,960,30,6,4,40,7.429727005,333,446,239.4350588,145.7737074,9.282515425,5.53193158,477,21,4,4,29,483,9,2,0,11,506,494,426,20,327,6
37,1000,80,5.13,10.3,18,37,70,959,27,9,5,41,7.540055806,322,442,234.4440143,127.2177835,9.03127535,6.018710613,475,18,8,4,30,484,9,1,1,11,505,495,412,30,309,13
35,1000,80,5.13,10.3,18,37,75,967,17,10,6,33,7.596228926,316,422,156.8739219,85.2616402,8.97490238,6.029018932,510,10,6,6,22,457,7,4,0,11,532,468,403,19,302,14
34,1000,80,5.13,10.3,18,37,74,959,29,6,6,41,7.436120211,375,468,468.919494,223.0473159,9.583778141,5.397310441,453,23,5,6,34,506,6,1,0,7,487,513,447,21,371,4
38,1000,80,5.13,10.3,18,37,66,964,21,7,8,36,7.267674246,334,448,304.6594966,147.2266182,8.859601367,5.774471288,458,12,7,7,26,506,9,0,1,10,484,516,422,26,322,12
33,1000,80,5.13,10.3,18,37,80,965,18,9,8,35,7.133732064,388,488,604.1538112,323.9581385,9.375534058,4.936322188,468,12,7,8,27,497,6,2,0,8,495,505,461,27,378,10
40,1000,80,5.13,10.3,18,37,11,955,22,15,8,45,7.309309716,106,210,21.40240512,10.19173496,6.730738514,7.906696242,489,10,5,4,19,466,12,10,4,26,508,492,134,76,83,23
39,1000,80,5.13,10.3,18,37,62,955,25,14,6,45,7.721926971,278,422,123.8230383,65.02779442,9.072865158,6.332625428,473,17,11,6,34,482,8,3,0,11,507,493,389,33,262,16
36,1000,80,5.13,10.3,18,37,75,958,32,6,4,42,7.447887696,330,461,253.7988829,153.5859806,9.339372962,5.51045542,476,22,4,4,30,482,10,2,0,12,506,494,435,26,321,9
37,1000,80,5.13,10.3,18,37,71,959,28,9,4,41,7.524248963,347,436,250.1104065,137.206403,9.013927363,6.004476051,474,20,8,3,31,485,8,1,1,10,505,495,414,22,332,15
35,1000,80,5.13,10.3,18,37,76,968,15,11,6,32,7.607126864,309,411,167.4124199,91.55908158,9.021827514,5.998962878,510,9,7,6,22,458,6,4,0,10,532,468,388,23,296,13
34,1000,80,5.13,10.3,18,37,75,957,30,6,7,43,7.423219212,374,475,503.2271514,239.8002917,9.613891954,5.343574719,452,23,5,7,35,505,7,1,0,8,487,513,451,24,365,9
38,1000,80,5.13,10.3,18,37,67,963,22,7,8,37,7.247437205,335,467,343.1496859,165.3528299,8.899497149,5.697830592,456,14,7,7,28,507,8,0,1,9,484,516,438,29,328,7
33,1000,80,5.13,10.3,18,37,81,965,18,9,8,35,7.149792862,394,467,633.5307415,339.9240317,9.506309668,4.839939755,467,13,7,8,28,498,5,2,0,7,495,505,455,12,385,9
39,1000,80,5.13,10.3,18,37,63,955,25,14,6,45,7.745726819,285,400,128.1543293,67.32879263,9.170167778,6.280835203,473,17,11,6,34,482,8,3,0,11,507,493,378,22,281,4
36,1000,80,5.13,10.3,18,37,76,958,32,5,5,42,7.463480372,344,460,268.8733511,162.6246469,9.398978874,5.480965711,476,22,3,5,30,482,10,2,0,12,506,494,440,20,332,12
40,1000,80,5.13,10.3,18,37,12,956,22,14,8,44,7.31702626,108,219,21.51679318,10.29640787,6.786948315,7.864342512,488,11,5,4,20,468,11,9,4,24,508,492,139,80,83,25
35,1000,80,5.13,10.3,18,37,77,967,16,11,6,33,7.626108182,315,428,181.3714691,100.0537975,9.06533349,5.990065738,509,10,7,6,23,458,6,4,0,10,532,468,405,23,308,7
37,1000,80,5.13,10.3,18,37,72,958,29,9,4,42,7.556085539,341,434,269.4649914,147.4974367,9.099537717,5.981452509,474,20,8,3,31,484,9,1,1,11,505,495,416,18,330,11
34,1000,80,5.13,10.3,18,37,76,957,30,6,7,43,7.389004608,382,472,530.5884274,254.1992591,9.650599913,5.242032067,451,24,5,7,36,506,6,1,0,7,487,513,449,23,374,8
38,1000,80,5.13,10.3,18,37,68,963,22,7,8,37,7.216771688,358,464,363.0600915,175.9859232,8.912608929,5.626102647,456,14,7,7,28,507,8,0,1,9,484,516,433,31,347,11
33,1000,80,5.13,10.3,18,37,82,964,19,9,8,36,7.151056052,389,480,671.3849458,360.2212137,9.550452633,4.799172274,466,14,7,8,29,498,5,2,0,7,495,505,468,12,382,7
36,1000,80,5.13,10.3,18,37,77,958,32,5,5,42,7.437348308,341,459,290.8620333,175.5698674,9.415169946,5.41148242,476,22,3,5,30,482,10,2,0,12,506,494,441,18,332,9
39,1000,80,5.13,10.3,18,37,64,957,25,12,6,43,7.715649174,296,426,134.8730335,70.64134967,9.208896233,6.179997533,473,17,11,6,34,484,8,1,0,9,507,493,395,31,287,9
40,1000,80,5.13,10.3,18,37,13,958,22,13,7,42,7.30909451,134,235,21.81331536,10.46521918,6.823130628,7.810862094,490,10,4,4,18,468,12,9,3,24,508,492,157,78,105,29
35,1000,80,5.13,10.3,18,37,78,967,16,11,6,33,7.581339294,318,425,194.8833762,107.6275513,9.081677512,5.875826619,509,10,7,6,23,458,6,4,0,10,532,468,402,23,307,11
37,1000,80,5.13,10.3,18,37,73,959,28,9,4,41,7.5607883,339,458,283.9431384,156.2594911,9.118722413,5.97138077,474,20,8,3,31,485,8,1,1,10,505,495,430,28,329,10
34,1000,80,5.13,10.3,18,37,77,957,30,6,7,43,7.366121702,375,482,563.5054805,270.2347894,9.670958482,5.178099262,451,24,5,7,36,506,6,1,0,7,487,513,462,20,368,7
38,1000,80,5.13,10.3,18,37,69,962,23,7,8,38,7.167038547,371,468,373.7261444,182.5617089,8.973713579,5.472405378,454,16,7,7,30,508,7,0,1,8,484,516,446,22,353,18
33,1000,80,5.13,10.3,18,37,83,964,19,9,8,36,7.144227248,395,486,732.0403274,392.8300873,9.583014029,4.753733276,466,14,7,8,29,498,5,2,0,7,495,505,473,13,391,4
36,1000,80,5.13,10.3,18,37,78,959,30,6,5,41,7.41355619,365,464,315.0242055,193.1285146,9.453199704,5.32436668,476,22,3,5,30,483,8,3,0,11,506,494,447,17,352,13
39,1000,80,5.13,10.3,18,37,65,959,22,13,6,41,7.702561246,296,433,142.3510747,74.28730328,9.229683173,6.132072774,474,16,11,6,33,485,6,2,0,8,507,493,407,26,290,6
35,1000,80,5.13,10.3,18,37,79,967,16,11,6,33,7.567001991,321,427,207.8289207,114.8620364,9.101521541,5.822633613,509,10,7,6,23,458,6,4,0,10,532,468,408,19,313,8
37,1000,80,5.13,10.3,18,37,74,958,29,9,4,42,7.525639688,329,438,304.6168147,166.5137908,9.147979265,5.870525573,474,20,8,3,31,484,9,1,1,11,505,495,420,18,317,12
40,1000,80,5.13,10.3,18,37,14,956,24,13,7,44,7.299385035,113,241,22.01121156,10.5986835,6.836612344,7.777207244,488,12,4,4,20,468,12,9,3,24,508,492,169,72,88,25
34,1000,80,5.13,10.3,18,37,78,957,30,6,7,43,7.355141209,372,488,594.3330269,285.1463578,9.74024396,5.09092086,451,24,5,7,36,506,6,1,0,7,487,513,467,21,366,6
38,1000,80,5.13,10.3,18,37,70,963,23,6,8,37,7.189983757,360,459,434.6977451,209.1707224,9.034393298,5.459956203,454,16,6,8,30,509,7,0,0,7,484,516,438,21,355,5
33,1000,80,5.13,10.3,18,37,84,963,20,9,8,37,7.139389923,395,492,782.2374397,418.6659684,9.610989848,4.716732572,465,15,7,8,30,498,5,2,0,7,495,505,465,27,386,9
36,1000,80,5.13,10.3,18,37,79,960,29,6,5,40,7.396446284,342,472,338.8591053,208.1855477,9.49013803,5.251895629,477,21,3,5,29,483,8,3,0,11,506,494,447,25,334,8
39,1000,80,5.13,10.3,18,37,66,959,22,13,6,41,7.746225678,293,430,149.0051892,78.11913324,9.306176153,6.141976407,474,16,11,6,33,485,6,2,0,8,507,493,403,27,282,11
35,1000,80,5.13,10.3,18,37,80,967,16,11,6,33,7.566070491,336,429,218.6294955,120.3829549,9.176411756,5.735511617,508,11,7,6,24,459,5,4,0,9,532,468,403,26,321,15
37,1000,80,5.13,10.3,18,37,75,958,28,10,4,42,7.512969288,353,434,316.3763552,172.6465013,9.163112504,5.829489846,474,20,8,3,31,484,8,2,1,11,505,495,416,18,346,7
40,1000,80,5.13,10.3,18,37,15,958,23,12,7,42,7.315320504,125,206,22.25283604,10.77098159,6.886496026,7.758090493,488,12,4,4,20,470,11,8,3,22,508,492,149,57,94,31
34,1000,80,5.13,10.3,18,37,79,959,29,4,8,41,7.317631939,392,486,617.8513929,298.8232019,9.772351062,4.987323532,451,24,4,8,36,508,5,0,0,5,487,513,464,22,383,9
38,1000,80,5.13,10.3,18,37,71,964,22,6,8,36,7.123516749,361,455,479.7059611,231.2663897,9.037104311,5.328601284,454,16,6,8,30,510,6,0,0,6,484,516,434,21,351,10
33,1000,80,5.13,10.3,18,37,85,962,20,10,8,38,7.132554536,396,486,854.1753911,454.4043571,9.631023098,4.683560598,465,15,7,8,30,497,5,3,0,8,495,505,470,16,386,10
36,1000,80,5.13,10.3,18,37,80,960,28,7,5,40,7.390127817,359,484,368.980712,225.4193282,9.504181213,5.224720898,477,21,3,5,29,483,7,4,0,11,506,494,459,25,349,10
39,1000,80,5.13,10.3,18,37,67,959,21,14,6,41,7.730494455,306,437,158.0358857,83.49639268,9.385853027,6.02812773,473,17,11,6,34,486,4,3,0,7,507,493,410,27,293,13
35,1000,80,5.13,10.3,18,37,81,965,18,11,6,35,7.593571046,344,425,228.4415561,125.6027852,9.271092232,5.686645253,507,12,7,6,25,458,6,4,0,10,532,468,401,24,333,11
37,1000,80,5.13,10.3,18,37,76,958,29,10,3,42,7.500422223,350,459,336.8723832,185.4239159,9.178137365,5.788813846,474,20,8,3,31,484,9,2,0,11,505,495,432,27,332,18
34,1000,80,5.13,10.3,18,37,80,959,28,5,8,41,7.295810099,382,486,643.9782434,312.5094743,9.825611483,4.894224769,451,23,5,8,36,508,5,0,0,5,487,513,467,19,377,5
38,1000,80,5.13,10.3,18,37,72,963,21,7,9,37,7.138885427,373,477,512.9635692,246.6830373,9.124495831,5.276413653,454,15,6,9,30,509,6,1,0,7,484,516,449,28,365,8
40,1000,80,5.13,10.3,18,37,16,959,22,12,7,41,7.324366793,108,252,22.57420715,10.98720501,6.933573908,7.72786839,487,13,4,4,21,472,9,8,3,20,508,492,165,87,86,22
33,1000,80,5.13,10.3,18,37,86,963,20,9,8,37,7.096646277,398,485,918.5983348,492.5624602,9.644240785,4.599499185,465,15,7,8,30,498,5,2,0,7,495,505,469,16,390,8
36,1000,80,5.13,10.3,18,37,81,959,30,6,5,41,7.378664032,370,474,391.5404563,242.065809,9.556566423,5.147857128,475,23,3,5,31,484,7,3,0,10,506,494,451,23,360,10
39,1000,80,5.13,10.3,18,37,68,958,22,14,6,42,7.734791637,305,437,170.726314,89.97791614,9.410040719,6.011969558,472,18,11,6,35,486,4,3,0,7,507,493,408,29,297,8
35,1000,80,5.13,10.3,18,37,82,964,19,11,6,36,7.592416294,339,433,241.501292,132.9689834,9.321181531,5.627238716,506,13,7,6,26,458,6,4,0,10,532,468,411,22,324,15
37,1000,80,5.13,10.3,18,37,77,958,29,10,3,42,7.454629405,361,460,361.224306,199.7525643,9.183796809,5.690529328,474,20,8,3,31,484,9,2,0,11,505,495,441,19,346,15
34,1000,80,5.13,10.3,18,37,81,959,28,5,8,41,7.312483038,388,471,725.5626515,348.2708753,9.925872195,4.831546353,451,23,5,8,36,508,5,0,0,5,487,513,462,9,386,2
38,1000,80,5.13,10.3,18,37,73,963,21,7,9,37,7.138600813,347,479,560.9312348,269.013023,9.174186101,5.229253373,454,15,6,9,30,509,6,1,0,7,484,516,455,24,341,6
33,1000,80,5.13,10.3,18,37,87,963,21,8,8,37,7.103170739,408,493,973.8829852,521.7446518,9.655320013,4.601559075,464,16,7,8,31,499,5,1,0,6,495,505,475,18,400,8
40,1000,80,5.13,10.3,18,37,17,959,22,12,7,41,7.341642741,116,230,22.84335421,11.15853685,6.953835475,7.742061626,487,13,4,4,21,472,9,8,3,20,508,492,157,73,92,24
36,1000,80,5.13,10.3,18,37,82,958,31,6,5,42,7.342652125,368,469,413.4876816,253.5860652,9.590421116,5.040281458,474,24,3,5,32,484,7,3,0,10,506,494,447,22,360,8
39,1000,80,5.13,10.3,18,37,69,958,22,14,6,42,7.704635782,317,437,180.5784493,95.23526419,9.443496069,5.916396096,472,18,11,6,35,486,4,3,0,7,507,493,419,18,306,11
35,1000,80,5.13,10.3,18,37,83,963,20,11,6,37,7.569504471,343,432,256.4090209,141.3924733,9.371535955,5.52104133,506,13,7,6,26,457,7,4,0,11,532,468,415,17,334,9
37,1000,80,5.13,10.3,18,37,78,958,28,11,3,42,7.4131915,358,454,377.595181,212.2010083,9.207442102,5.582693412,474,19,9,3,31,484,9,2,0,11,505,495,436,18,344,14
34,1000,80,5.13,10.3,18,37,82,959,28,5,8,41,7.271704644,398,484,761.8178964,366.6808621,9.933958421,4.744379909,451,23,5,8,36,508,5,0,0,5,487,513,467,17,392,6
33,1000,80,5.13,10.3,18,37,88,962,22,8,8,38,7.087774903,405,491,1039.545434,558.397359,9.687106012,4.539915697,463,17,7,8,32,499,5,1,0,6,495,505,472,19,399,6
38,1000,80,5.13,10.3,18,37,74,963,21,7,9,37,7.138996087,375,466,604.1144644,289.5236241,9.212155968,5.19440426,454,15,6,9,30,509,6,1,0,7,484,516,447,19,363,12
36,1000,80,5.13,10.3,18,37,83,958,31,6,5,42,7.340557355,362,478,436.2217609,267.9260725,9.633352609,4.99206667,473,25,3,5,33,485,6,3,0,9,506,494,453,25,357,5
40,1000,80,5.13,10.3,18,37,18,959,23,12,6,41,7.38494104,122,243,23.29575284,11.41878338,6.978365428,7.804738622,487,14,4,3,21,472,9,8,3,20,508,492,178,65,94,28
39,1000,80,5.13,10.3,18,37,70,958,22,14,6,42,7.699724711,323,432,191.4204133,101.4724714,9.462776438,5.886606606,472,18,11,6,35,486,4,3,0,7,507,493,414,18,313,10
35,1000,80,5.13,10.3,18,37,84,963,20,10,7,37,7.56207235,341,437,271.2837674,149.5425886,9.415084418,5.455656922,505,14,7,6,27,458,6,3,1,10,532,468,414,23,327,14
37,1000,80,5.13,10.3,18,37,79,959,27,11,3,41,7.374548426,371,473,399.4382069,228.7719689,9.204142791,5.507992558,474,19,9,3,31,485,8,2,0,10,505,495,442,31,354,17
34,1000,80,5.13,10.3,18,37,83,959,28,5,8,41,7.258204746,407,490,802.4759672,388.1906958,9.965167607,4.688436883,451,23,5,8,36,508,5,0,0,5,487,513,474,16,397,10
33,1000,80,5.13,10.3,18,37,89,962,22,8,8,38,7.06563837,409,488,1146.058495,619.6146128,9.684940062,4.498204039,463,17,7,8,32,499,5,1,0,6,495,505,467,21,400,9
38,1000,80,5.13,10.3,18,37,75,964,20,7,9,36,7.100579236,365,463,656.4179021,311.8351396,9.226316818,5.106670341,454,15,6,9,30,510,5,1,0,6,484,516,452,11,357,8
36,1000,80,5.13,10.3,18,37,84,958,31,6,5,42,7.34857618,371,479,460.716922,283.4991561,9.661560695,4.979405806,473,25,3,5,33,485,6,3,0,9,506,494,456,23,367,4
40,1000,80,5.13,10.3,18,37,19,960,21,13,6,40,7.415900753,111,234,23.56100245,11.56808211,7.061681206,7.781639634,487,13,5,3,21,473,8,8,3,19,508,492,168,66,89,22
35,1000,80,5.13,10.3,18,37,85,964,19,10,7,36,7.536757171,339,449,285.9264922,157.4855133,9.44568375,5.366780805,505,14,7,6,27,459,5,3,1,9,532,468,419,30,333,6
39,1000,80,5.13,10.3,18,37,71,957,23,14,6,43,7.703830235,332,450,206.649363,110.1606272,9.504727162,5.851792218,472,18,11,6,35,485,5,3,0,8,507,493,425,25,321,11
37,1000,80,5.13,10.3,18,37,80,960,26,10,4,40,7.344625432,362,457,412.2574884,238.3522855,9.250073682,5.400683278,474,19,8,4,31,486,7,2,0,9,505,495,441,16,350,12
34,1000,80,5.13,10.3,18,37,84,959,28,5,8,41,7.242615525,418,495,850.804354,413.6188597,9.997623668,4.627237425,451,23,5,8,36,508,5,0,0,5,487,513,479,16,409,9
33,1000,80,5.13,10.3,18,37,90,961,23,8,8,39,7.040579251,423,497,1234.310321,677.2889064,9.699353837,4.434453667,462,18,7,8,33,499,5,1,0,6,495,505,480,17,413,10
38,1000,80,5.13,10.3,18,37,76,963,20,8,9,37,7.113689366,381,470,716.2609347,339.9062206,9.277227091,5.084324524,453,16,6,9,31,510,4,2,0,6,484,516,456,14,375,6
36,1000,80,5.13,10.3,18,37,85,958,31,6,5,42,7.324009875,369,470,495.080334,304.0482243,9.688479486,4.902103755,473,25,3,5,33,485,6,3,0,9,506,494,458,12,364,5
35,1000,80,5.13,10.3,18,37,86,964,19,10,7,36,7.500941227,366,439,306.6753709,168.1061708,9.437954351,5.299037418,505,14,7,6,27,459,5,3,1,9,532,468,419,20,355,11
39,1000,80,5.13,10.3,18,37,72,959,21,14,6,41,7.664180422,339,449,226.9831912,120.5127124,9.509876348,5.766071223,472,18,11,6,35,487,3,3,0,6,507,493,428,21,320,19
40,1000,80,5.13,10.3,18,37,20,960,22,13,5,40,7.415157131,113,257,23.95613774,11.7842028,7.082261861,7.758878263,487,13,5,3,21,473,9,8,2,19,508,492,179,78,87,26
37,1000,80,5.13,10.3,18,37,81,958,28,9,5,42,7.38266346,377,461,437.8558045,255.3454522,9.341429419,5.384326471,472,21,7,5,33,486,7,2,0,9,505,495,444,17,363,14
34,1000,80,5.13,10.3,18,37,85,959,28,5,8,41,7.227304243,405,497,922.9283024,443.5926457,10.0223637,4.573904717,451,23,5,8,36,508,5,0,0,5,487,513,477,20,396,9
33,1000,80,5.13,10.3,18,37,91,961,23,8,8,39,7.059454626,414,486,1371.043822,765.6997531,9.757788156,4.414553442,462,18,7,8,33,499,5,1,0,6,495,505,475,11,407,7
38,1000,80,5.13,10.3,18,37,77,963,20,8,9,37,7.090506174,384,473,752.940261,357.4483792,9.313610361,5.005268913,453,16,6,9,31,510,4,2,0,6,484,516,456,17,376,8
36,1000,80,5.13,10.3,18,37,86,957,31,6,6,43,7.353631644,380,472,521.0401667,319.8025768,9.759515671,4.88930509,472,25,4,5,34,485,6,2,1,9,506,494,455,17,372,8
35,1000,80,5.13,10.3,18,37,87,963,20,10,7,37,7.511813987,356,435,326.3853741,179.0449171,9.476459454,5.278499054,504,15,7,6,28,459,5,3,1,9,532,468,412,23,348,8
39,1000,80,5.13,10.3,18,37,73,958,22,14,6,42,7.683505381,319,441,242.5344531,129.8734794,9.602500581,5.710015388,471,19,11,6,36,487,3,3,0,6,507,493,416,25,313,6
37,1000,80,5.13,10.3,18,37,82,956,30,9,5,44,7.371807093,375,467,456.468021,272.5119483,9.423667408,5.278495055,470,23,7,5,35,486,7,2,0,9,505,495,450,17,358,17
40,1000,80,5.13,10.3,18,37,21,960,23,12,5,40,7.418708031,136,237,24.42013922,12.08908374,7.106519384,7.741049154,487,13,5,3,21,473,10,7,2,19,508,492,173,64,118,18
34,1000,80,5.13,10.3,18,37,86,960,27,5,8,40,7.199774031,407,486,1000.998377,480.1984679,10.06958043,4.475415912,451,23,5,8,36,509,4,0,0,4,487,513,474,12,403,4
33,1000,80,5.13,10.3,18,37,92,960,24,8,8,40,7.050264731,428,496,1502.023528,845.6965208,9.788994852,4.36576689,462,18,7,8,33,498,6,1,0,7,495,505,480,16,417,11
38,1000,80,5.13,10.3,18,37,78,961,22,8,9,39,7.103885914,397,481,791.1576646,377.663274,9.395569834,4.954321927,451,18,6,9,33,510,4,2,0,6,484,516,461,20,385,12
36,1000,80,5.13,10.3,18,37,87,957,32,5,6,43,7.32211966,388,466,562.271702,342.9852737,9.764602475,4.820305279,471,26,4,5,35,486,6,1,1,8,506,494,451,15,378,10
35,1000,80,5.13,10.3,18,37,88,963,19,11,7,37,7.478598288,367,449,344.4513954,188.8792193,9.468872493,5.216149833,504,15,7,6,28,459,4,4,1,9,532,468,423,26,351,16
39,1000,80,5.13,10.3,18,37,74,958,23,13,6,42,7.674629935,328,460,259.6863471,138.954141,9.644558419,5.648760277,471,19,11,6,36,487,4,2,0,6,507,493,431,29,322,6
37,1000,80,5.13,10.3,18,37,83,957,29,9,5,43,7.361261371,376,467,481.7853611,285.8062928,9.45986856,5.220258076,471,22,7,5,34,486,7,2,0,9,505,495,448,19,364,12
34,1000,80,5.13,10.3,18,37,87,959,28,5,8,41,7.178422259,409,499,1091.11251,520.3821937,10.08782458,4.416475022,450,24,5,8,37,509,4,0,0,4,487,513,479,20,403,6
40,1000,80,5.13,10.3,18,37,22,960,22,12,6,40,7.438810298,130,235,24.95195605,12.42615092,7.152109091,7.734835121,487,12,6,3,21,473,10,6,3,19,508,492,182,53,105,25
38,1000,80,5.13,10.3,18,37,79,961,22,8,9,39,7.132364,390,482,840.9420776,402.3649813,9.455963108,4.952864062,451,18,6,9,33,510,4,2,0,6,484,516,469,13,383,7
33,1000,80,5.13,10.3,18,37,93,960,23,9,8,40,7.067186286,421,503,1656.106821,941.5674771,9.855326853,4.334256424,462,17,8,8,33,498,6,1,0,7,495,505,483,20,415,6
36,1000,80,5.13,10.3,18,37,88,959,30,5,6,41,7.312560552,382,474,619.8564963,372.7210119,9.815914542,4.748396344,471,26,4,5,35,488,4,1,1,6,506,494,457,17,375,7
35,1000,80,5.13,10.3,18,37,89,963,20,10,7,37,7.472756622,356,450,361.523679,198.3188553,9.520114848,5.145417784,503,16,7,6,29,460,4,3,1,8,532,468,426,24,347,9
39,1000,80,5.13,10.3,18,37,75,955,24,15,6,45,7.683113188,345,455,286.7211743,153.6465349,9.711326253,5.597303809,468,20,13,6,39,487,4,2,0,6,507,493,431,24,337,8
37,1000,80,5.13,10.3,18,37,84,956,30,9,5,44,7.333334674,387,474,501.8376881,300.9154757,9.491800003,5.131263985,471,22,7,5,34,485,8,2,0,10,505,495,454,20,375,12
34,1000,80,5.13,10.3,18,37,88,959,28,5,8,41,7.148934508,426,501,1176.084113,561.6262571,10.09251638,4.354540026,450,24,5,8,37,509,4,0,0,4,487,513,488,13,419,7
33,1000,80,5.13,10.3,18,37,94,960,22,11,7,40,7.06709591,416,488,1807.050456,1028.942369,9.90249363,4.28784468,462,16,10,7,33,498,6,1,0,7,495,505,477,11,409,7
38,1000,80,5.13,10.3,18,37,80,961,21,9,9,39,7.09207425,407,483,908.6491199,434.378577,9.463382571,4.86782381,451,18,6,9,33,510,3,3,0,6,484,516,468,15,395,12
40,1000,80,5.13,10.3,18,37,23,960,22,12,6,40,7.434521775,117,247,25.38928466,12.68303931,7.155091944,7.723038755,487,12,6,3,21,473,10,6,3,19,508,492,180,67,88,29
36,1000,80,5.13,10.3,18,37,89,959,30,5,6,41,7.292996911,390,478,682.0165125,405.881536,9.846609494,4.677353254,471,26,4,5,35,488,4,1,1,6,506,494,463,15,380,10
35,1000,80,5.13,10.3,18,37,90,962,21,10,7,38,7.51231776,369,438,385.6222482,211.766425,9.560661425,5.183858722,503,16,7,6,29,459,5,3,1,9,532,468,422,16,363,6
39,1000,80,5.13,10.3,18,37,76,956,24,14,6,44,7.661133281,339,438,307.5066849,163.8338951,9.72686245,5.536742432,468,20,13,6,39,488,4,1,0,5,507,493,423,15,333,6
37,1000,80,5.13,10.3,18,37,85,957,29,9,5,43,7.317287718,387,466,521.0761107,314.2385133,9.524703307,5.065277874,471,22,7,5,34,486,7,2,0,9,505,495,448,18,374,13
34,1000,80,5.13,10.3,18,37,89,959,28,5,8,41,7.128067275,425,494,1221.291138,584.6087711,10.13466724,4.273848597,450,24,5,8,37,509,4,0,0,4,487,513,480,14,418,7
33,1000,80,5.13,10.3,18,37,95,960,22,11,7,40,7.063859191,413,492,1907.595878,1082.831004,9.934637725,4.249927756,462,16,10,7,33,498,6,1,0,7,495,505,482,10,407,6
38,1000,80,5.13,10.3,18,37,81,960,21,9,10,40,7.075912188,404,480,977.0259982,466.2565126,9.498261359,4.803786221,450,18,6,10,34,510,3,3,0,6,484,516,467,13,398,6
36,1000,80,5.13,10.3,18,37,90,958,31,5,6,42,7.261507112,396,485,715.6440141,426.9248226,9.88759356,4.57162909,470,27,4,5,36,488,4,1,1,6,506,494,471,14,390,6
40,1000,80,5.13,10.3,18,37,24,960,23,11,6,40,7.449999964,127,251,25.98961172,13.00517022,7.190488408,7.71795092,487,12,6,3,21,473,11,5,3,19,508,492,194,57,107,20
35,1000,80,5.13,10.3,18,37,91,962,21,10,7,38,7.528469925,365,445,407.3824823,223.6594332,9.592861689,5.181768177,503,16,7,6,29,459,5,3,1,9,532,468,426,19,359,6
39,1000,80,5.13,10.3,18,37,77,956,24,14,6,44,7.648525623,354,442,332.3731526,176.8932728,9.759654509,5.477445817,468,20,13,6,39,488,4,1,0,5,507,493,428,14,343,11
37,1000,80,5.13,10.3,18,37,86,957,29,9,5,43,7.269475322,387,478,544.8960638,330.6791193,9.554871982,4.937909033,471,22,7,5,34,486,7,2,0,9,505,495,462,16,376,11
34,1000,80,5.13,10.3,18,37,90,959,28,5,8,41,7.15483458,434,506,1278.660743,613.967023,10.20546385,4.258818099,450,24,5,8,37,509,4,0,0,4,487,513,490,16,427,7
33,1000,80,5.13,10.3,18,37,96,959,22,12,7,41,7.086431553,429,500,2112.745624,1205.987932,9.976794533,4.253303484,461,16,11,7,34,498,6,1,0,7,495,505,483,17,421,8
38,1000,80,5.13,10.3,18,37,82,960,21,8,11,40,7.045729178,400,487,1021.394754,491.2659861,9.528388124,4.717033576,450,18,6,10,34,510,3,2,1,6,484,516,462,25,393,7
36,1000,80,5.13,10.3,18,37,91,958,30,6,6,42,7.268422251,397,477,765.9132875,458.9228622,9.946673112,4.525112664,470,26,5,5,36,488,4,1,1,6,506,494,456,21,395,2
35,1000,80,5.13,10.3,18,37,92,961,21,11,7,39,7.547871178,368,450,426.0268805,233.7078448,9.676590978,5.128044397,503,15,8,6,29,458,6,3,1,10,532,468,424,26,354,14
40,1000,80,5.13,10.3,18,37,25,957,25,12,6,43,7.493549343,136,263,26.69864702,13.43194049,7.223839155,7.772030593,487,11,7,3,21,470,14,5,3,22,508,492,201,62,114,22
39,1000,80,5.13,10.3,18,37,78,956,25,13,6,44,7.653446458,347,466,354.7783685,187.8095921,9.81783361,5.42759598,468,20,13,6,39,488,5,0,0,5,507,493,441,25,342,5
37,1000,80,5.13,10.3,18,37,87,957,29,9,5,43,7.249084901,404,485,572.272508,351.1202516,9.580875583,4.870187336,471,22,7,5,34,486,7,2,0,9,505,495,464,21,391,13
34,1000,80,5.13,10.3,18,37,91,957,29,6,8,43,7.159833786,428,502,1331.894692,641.5734689,10.29575498,4.182848167,448,25,6,8,39,509,4,0,0,4,487,513,485,17,422,6
33,1000,80,5.13,10.3,18,37,97,959,21,13,7,41,7.09975244,439,496,2286.731534,1299.382729,10.05287477,4.205107777,461,15,12,7,34,498,6,1,0,7,495,505,482,14,432,7
38,1000,80,5.13,10.3,18,37,83,959,22,8,11,41,7.059820203,409,495,1095.754673,531.159082,9.601743806,4.675535272,449,19,6,10,35,510,3,2,1,6,484,516,478,17,400,9
36,1000,80,5.13,10.3,18,37,92,957,31,6,6,43,7.301389643,395,487,811.5274683,486.4021848,10.00314094,4.534008758,469,27,5,5,37,488,4,1,1,6,506,494,469,18,390,5
35,1000,80,5.13,10.3,18,37,93,961,21,11,7,39,7.527214253,375,460,447.9749165,244.7392355,9.681565487,5.078250885,503,15,8,6,29,458,6,3,1,10,532,468,439,21,364,11
40,1000,80,5.13,10.3,18,37,26,957,25,12,6,43,7.54338515,145,252,27.4254672,13.8170348,7.294902597,7.799948436,487,11,7,3,21,470,14,5,3,22,508,492,198,54,127,18
39,1000,80,5.13,10.3,18,37,79,956,24,14,6,44,7.656701914,367,464,388.0184717,205.7935145,9.885921623,5.364177792,468,19,14,6,39,488,5,0,0,5,507,493,441,23,359,8
37,1000,80,5.13,10.3,18,37,88,959,27,9,5,41,7.20860427,385,477,620.6527061,382.333031,9.608356591,4.760372105,472,21,7,5,33,487,6,2,0,8,505,495,458,19,377,8
34,1000,80,5.13,10.3,18,37,92,957,29,6,8,43,7.161767484,438,509,1413.7988,683.5441498,10.32605163,4.157856415,448,25,6,8,39,509,4,0,0,4,487,513,491,18,429,9
33,1000,80,5.13,10.3,18,37,98,961,19,13,7,39,7.082062382,432,495,2528.194183,1445.728156,10.07191301,4.151416721,461,15,12,7,34,500,4,1,0,5,495,505,481,14,425,7
38,1000,80,5.13,10.3,18,37,84,960,21,8,11,40,7.06170714,419,490,1161.261643,558.7991365,9.636298572,4.646780294,449,19,6,10,35,511,2,2,1,5,484,516,478,12,410,9
36,1000,80,5.13,10.3,18,37,93,957,31,6,6,43,7.316391357,412,486,869.4733395,521.4437989,10.04550952,4.520978828,469,27,5,5,37,488,4,1,1,6,506,494,466,20,401,11
35,1000,80,5.13,10.3,18,37,94,961,22,10,7,39,7.51898024,390,452,470.2567321,255.3516704,9.77134847,4.958595843,502,16,8,6,30,459,6,2,1,9,532,468,439,13,382,8
39,1000,80,5.13,10.3,18,37,80,956,23,15,6,44,7.637662355,341,460,425.3130724,225.7929113,9.932856162,5.27729063,467,20,14,6,40,489,3,1,0,4,507,493,442,18,335,6
37,1000,80,5.13,10.3,18,37,89,959,27,9,5,41,7.206079112,400,473,647.9365554,396.4442682,9.632607433,4.730530016,472,21,7,5,33,487,6,2,0,8,505,495,457,16,389,11
34,1000,80,5.13,10.3,18,37,93,957,29,6,8,43,7.174647571,434,501,1482.25541,721.9780219,10.37720262,4.134405255,448,25,6,8,39,509,4,0,0,4,487,513,485,16,429,5
40,1000,80,5.13,10.3,18,37,27,957,24,13,6,43,7.553180914,145,272,28.04518939,14.19019779,7.342656001,7.770552165,487,10,8,3,21,470,14,5,3,22,508,492,222,50,122,23
33,1000,80,5.13,10.3,18,37,99,960,20,13,7,40,7.063841897,439,504,2838.661572,1634.843464,10.11826931,4.069898196,460,16,12,7,35,500,4,1,0,5,495,505,483,21,431,8
38,1000,80,5.13,10.3,18,37,85,958,23,8,11,42,7.097076117,414,491,1243.309556,593.466563,9.754414753,4.604533676,447,21,6,10,37,511,2,2,1,5,484,516,478,13,406,8
36,1000,80,5.13,10.3,18,37,94,957,31,6,6,43,7.264625682,399,483,932.0104343,554.9105021,10.08681053,4.373885733,469,27,5,5,37,488,4,1,1,6,506,494,467,16,391,8
35,1000,80,5.13,10.3,18,37,95,961,23,10,6,39,7.498459214,370,458,494.4898114,267.0334794,9.818913894,4.860677399,501,17,8,6,31,460,6,2,0,8,532,468,438,20,363,7
37,1000,80,5.13,10.3,18,37,90,957,29,9,5,43,7.186520927,412,487,678.2034639,415.1673848,9.654837087,4.668339795,470,23,7,5,35,487,6,2,0,8,505,495,461,26,400,12
34,1000,80,5.13,10.3,18,37,94,956,30,6,8,44,7.167394063,442,509,1554.08103,761.3818306,10.37449254,4.122838587,448,25,6,8,39,508,5,0,0,5,487,513,490,19,430,12
39,1000,80,5.13,10.3,18,37,81,956,21,17,6,44,7.651500873,351,462,456.6684983,241.1123295,9.9974171,5.238966336,467,18,16,6,40,489,3,1,0,4,507,493,441,21,343,8
40,1000,80,5.13,10.3,18,37,28,959,23,13,5,41,7.522999318,135,257,28.61953718,14.49010944,7.343933295,7.707888626,487,10,9,2,21,472,13,4,3,20,508,492,196,61,113,22
33,1000,80,5.13,10.3,18,37,100,961,19,13,7,39,7.073434171,441,499,3219.620798,1839.982628,10.17182626,4.036396382,460,16,12,7,35,501,3,1,0,4,495,505,480,19,430,11
38,1000,80,5.13,10.3,18,37,86,958,23,8,11,42,7.065668546,426,497,1392.950316,655.6474403,9.780450393,4.519245263,447,21,6,10,37,511,2,2,1,5,484,516,480,17,413,13
36,1000,80,5.13,10.3,18,37,95,957,31,6,6,43,7.25244487,422,485,1023.265417,603.5691279,10.13291311,4.302005737,469,27,5,5,37,488,4,1,1,6,506,494,469,16,410,12
35,1000,80,5.13,10.3,18,37,96,962,23,9,6,38,7.47955044,384,457,514.0101278,276.1673718,9.858198183,4.775617536,501,17,8,6,31,461,6,1,0,7,532,468,440,17,375,9
34,1000,80,5.13,10.3,18,37,95,956,30,5,9,44,7.172545654,436,512,1661.905464,825.133754,10.45344094,4.057933559,448,25,5,9,39,508,5,0,0,5,487,513,498,14,432,4
37,1000,80,5.13,10.3,18,37,91,958,28,9,5,42,7.19468698,419,482,709.7762164,434.1070186,9.7044987,4.634171993,470,23,7,5,35,488,5,2,0,7,505,495,463,19,413,6
39,1000,80,5.13,10.3,18,37,82,956,21,17,6,44,7.644468183,370,464,489.6843821,258.4835058,10.02246308,5.198944017,467,18,16,6,40,489,3,1,0,4,507,493,447,17,356,14
33,1000,80,5.13,10.3,18,37,101,959,22,12,7,41,7.060109085,442,498,3606.72212,2073.562708,10.23000166,3.952986665,457,19,12,7,38,502,3,0,0,3,495,505,487,11,437,5
38,1000,80,5.13,10.3,18,37,87,958,23,8,11,42,7.060640895,415,497,1486.848835,711.6799087,9.797304976,4.493692415,447,21,6,10,37,511,2,2,1,5,484,516,482,15,402,13
40,1000,80,5.13,10.3,18,37,29,959,23,13,5,41,7.502875275,124,263,29.31271874,14.86721368,7.375851435,7.63402997,487,10,9,2,21,472,13,4,3,20,508,492,206,57,110,14
36,1000,80,5.13,10.3,18,37,96,957,30,7,6,43,7.232277104,411,476,1088.490685,636.5079122,10.16696576,4.226300468,468,27,6,5,38,489,3,1,1,5,506,494,465,11,401,10
35,1000,80,5.13,10.3,18,37,97,963,22,9,6,37,7.445982416,376,451,532.2443684,284.9365684,9.864807406,4.69637794,501,17,8,6,31,462,5,1,0,6,532,468,434,17,366,10
34,1000,80,5.13,10.3,18,37,96,957,29,5,9,43,7.167630494,442,511,1733.363279,865.4072466,10.49920676,4.004906048,448,25,5,9,39,509,4,0,0,4,487,513,494,17,438,4
37,1000,80,5.13,10.3,18,37,92,958,28,9,5,42,7.223955864,416,480,753.3133275,459.7848517,9.788430109,4.607674059,470,23,7,5,35,488,5,2,0,7,505,495,462,18,406,10
39,1000,80,5.13,10.3,18,37,83,955,22,17,6,45,7.626992056,365,469,511.4092589,271.2459173,10.0334867,5.152158825,467,18,16,6,40,488,4,1,0,5,507,493,453,16,358,7
33,1000,80,5.13,10.3,18,37,102,959,22,12,7,41,7.044160049,441,500,4073.89443,2367.243435,10.24730744,3.904441323,457,19,12,7,38,502,3,0,0,3,495,505,487,13,437,4
38,1000,80,5.13,10.3,18,37,88,957,24,8,11,43,6.996559251,424,500,1673.429851,799.0318334,9.81305948,4.354725703,446,22,6,10,38,511,2,2,1,5,484,516,481,19,414,10
36,1000,80,5.13,10.3,18,37,97,957,30,7,6,43,7.199554026,421,486,1178.481366,689.0031675,10.20097917,4.125219763,468,27,6,5,38,489,3,1,1,5,506,494,471,15,414,7
35,1000,80,5.13,10.3,18,37,98,963,22,8,7,37,7.432880667,399,446,558.9297601,298.1155076,9.92424606,4.600815734,501,17,7,7,31,462,5,1,0,6,532,468,437,9,386,13
40,1000,80,5.13,10.3,18,37,30,957,25,12,6,43,7.547319219,152,269,30.01156892,15.25921135,7.460967472,7.636479153,485,12,8,3,23,472,13,4,3,20,508,492,217,52,134,18
34,1000,80,5.13,10.3,18,37,97,957,28,6,9,43,7.180543288,453,504,1834.242054,906.9954634,10.55885506,3.973451994,447,25,6,9,40,510,3,0,0,3,487,513,491,13,445,8
37,1000,80,5.13,10.3,18,37,93,958,28,9,5,42,7.222167148,412,491,793.788853,483.4523201,9.817125182,4.574785721,470,23,7,5,35,488,5,2,0,7,505,495,466,25,404,8
39,1000,80,5.13,10.3,18,37,84,956,22,16,6,44,7.613163938,364,456,548.1455815,293.3049232,10.06673166,5.089920866,467,18,16,6,40,489,4,0,0,4,507,493,443,13,357,7
33,1000,80,5.13,10.3,18,37,103,959,22,12,7,41,7.072311346,438,497,4438.032958,2638.51078,10.35615853,3.853490841,457,19,12,7,38,502,3,0,0,3,495,505,480,17,433,5
36,1000,80,5.13,10.3,18,37,98,957,30,7,6,43,7.210801384,419,484,1222.849707,717.2969794,10.22889281,4.119395993,468,27,6,5,38,489,3,1,1,5,506,494,468,16,412,7
38,1000,80,5.13,10.3,18,37,89,957,24,8,11,43,6.986976052,429,502,1795.483293,873.8477736,9.842530166,4.308510566,446,22,6,10,38,511,2,2,1,5,484,516,483,19,424,5
35,1000,80,5.13,10.3,18,37,99,963,22,8,7,37,7.427011175,395,458,584.8848768,312.5674023,9.936203353,4.574681605,501,17,7,7,31,462,5,1,0,6,532,468,442,16,387,8
40,1000,80,5.13,10.3,18,37,31,958,25,11,6,42,7.57080874,153,266,31.13822479,15.89629691,7.547490455,7.594885344,485,12,8,3,23,473,13,3,3,19,508,492,217,49,131,22
34,1000,80,5.13,10.3,18,37,98,956,29,6,9,44,7.143957675,463,510,1945.155129,966.1591632,10.57886333,3.883140803,447,25,6,9,40,509,4,0,0,4,487,513,493,17,454,9
37,1000,80,5.13,10.3,18,37,94,957,29,8,6,43,7.232969607,417,479,843.7453274,512.7744466,9.862826629,4.54998416,469,24,6,6,36,488,5,2,0,7,505,495,465,14,409,8
33,1000,80,5.13,10.3,18,37,104,960,21,12,7,40,7.082082321,452,497,4820.33815,2916.024928,10.40543884,3.82453484,457,19,12,7,38,503,2,0,0,2,495,505,481,16,446,6
39,1000,80,5.13,10.3,18,37,85,955,22,17,6,45,7.61653576,369,475,582.8968544,312.5895791,10.12633527,5.035464052,466,18,17,6,41,489,4,0,0,4,507,493,454,21,363,6
41,1000,80,5.13,10.3,18,37,0,954,21,9,16,46,6.887,85,186,20.04672882,8.752195011,6.299798793,7.467196819,478,10,3,6,19,476,11,6,10,27,497,503,122,64,55,30
36,1000,80,5.13,10.3,18,37,99,958,29,7,6,42,7.168013014,430,487,1278.84749,752.6400816,10.22950265,4.03215521,468,27,6,5,38,490,2,1,1,4,506,494,475,12,418,12
38,1000,80,5.13,10.3,18,37,90,958,23,9,10,42,6.949618386,440,492,1959.296475,971.2754761,9.856317076,4.22318008,446,21,7,10,38,512,2,2,0,4,484,516,480,12,427,13
35,1000,80,5.13,10.3,18,37,100,963,22,8,7,37,7.455174701,393,466,613.5350804,329.6098271,10.00013262,4.562188353,501,17,7,7,31,462,5,1,0,6,532,468,445,21,382,11
40,1000,80,5.13,10.3,18,37,32,959,24,11,6,41,7.583516758,141,269,32.10876634,16.42120694,7.602586695,7.563826661,485,12,8,3,23,474,12,3,3,18,508,492,219,50,121,20
34,1000,80,5.13,10.3,18,37,99,955,30,6,9,45,7.150541467,457,494,2119.880634,1034.608368,10.64567856,3.832545828,446,26,6,9,41,509,4,0,0,4,487,513,488,6,450,7
37,1000,80,5.13,10.3,18,37,95,957,29,8,6,43,7.246273026,418,485,884.9298652,544.5591657,9.9163198,4.522285913,469,24,6,6,36,488,5,2,0,7,505,495,469,16,413,5
39,1000,80,5.13,10.3,18,37,86,953,21,20,6,47,7.649389289,372,472,618.5741041,332.9560532,10.22407728,5.001586422,464,18,19,6,43,489,3,1,0,4,507,493,457,15,367,5
36,1000,80,5.13,10.3,18,37,100,958,29,7,6,42,7.150144489,428,479,1342.356829,788.2417998,10.27175262,3.95270782,468,27,6,5,38,490,2,1,1,4,506,494,471,8,423,5
41,1000,80,5.13,10.3,18,37,1,953,23,8,16,47,6.937463899,97,205,20.15299368,8.846632902,6.334098481,7.533632115,478,11,2,6,19,475,12,6,10,28,497,503,114,91,62,35
35,1000,80,5.13,10.3,18,37,101,961,24,8,7,39,7.462040685,412,456,630.3419658,339.9250263,10.02532839,4.548217908,499,19,7,7,33,462,5,1,0,6,532,468,439,17,402,10
38,1000,80,5.13,10.3,18,37,91,957,24,9,10,43,6.923804025,419,503,2146.032003,1078.461585,9.900747452,4.131477245,445,22,7,10,39,512,2,2,0,4,484,516,484,19,414,5
34,1000,80,5.13,10.3,18,37,100,955,29,7,9,45,7.128092569,448,505,2331.107863,1120.398748,10.69027179,3.746452645,446,26,6,9,41,509,3,1,0,4,487,513,502,3,444,4
40,1000,80,5.13,10.3,18,37,33,961,23,11,5,39,7.55444539,177,292,33.60589356,17.24315777,7.630702049,7.475708839,485,12,8,3,23,476,11,3,2,16,508,492,239,53,143,34
37,1000,80,5.13,10.3,18,37,96,955,31,8,6,45,7.252484783,416,484,934.2428479,574.9249734,9.958369021,4.491936217,467,26,6,6,38,488,5,2,0,7,505,495,473,11,407,9
39,1000,80,5.13,10.3,18,37,87,951,23,20,6,49,7.633660346,379,481,657.0032755,355.1208396,10.24275801,4.950470661,464,18,19,6,43,487,5,1,0,6,507,493,457,24,372,7
36,1000,80,5.13,10.3,18,37,101,957,30,7,6,43,7.149928525,425,485,1403.549556,826.7544471,10.28635454,3.93731402,467,28,6,5,39,490,2,1,1,4,506,494,480,5,417,8
35,1000,80,5.13,10.3,18,37,102,960,25,8,7,40,7.455224479,413,452,660.1906581,357.5292579,10.06240672,4.491504493,498,20,7,7,34,462,5,1,0,6,532,468,439,13,402,11
41,1000,80,5.13,10.3,18,37,2,955,21,8,16,45,6.928883034,98,200,20.24782954,8.90291376,6.329963227,7.520658668,479,10,2,6,18,476,11,6,10,27,497,503,105,95,66,32
38,1000,80,5.13,10.3,18,37,92,956,24,10,10,44,6.939051935,435,508,2195.85985,1107.325309,9.968714105,4.09727579,444,22,8,10,40,512,2,2,0,4,484,516,489,19,429,6
34,1000,80,5.13,10.3,18,37,101,955,29,7,9,45,7.130459471,455,499,2500.261745,1183.821232,10.71857504,3.724197709,446,26,6,9,41,509,3,1,0,4,487,513,492,7,450,5
37,1000,80,5.13,10.3,18,37,97,955,31,8,6,45,7.230177718,420,494,993.6130689,611.1596121,9.966541229,4.438534135,467,26,6,6,38,488,5,2,0,7,505,495,467,27,415,5
40,1000,80,5.13,10.3,18,37,34,961,23,11,5,39,7.593941333,157,279,34.70151793,17.88156312,7.67231392,7.513020044,485,12,8,3,23,476,11,3,2,16,508,492,232,47,138,19
36,1000,80,5.13,10.3,18,37,102,957,30,7,6,43,7.129891602,427,497,1520.82425,891.1905973,10.2933776,3.889559786,467,28,6,5,39,490,2,1,1,4,506,494,479,18,417,10
39,1000,80,5.13,10.3,18,37,88,949,25,20,6,51,7.650363256,383,477,696.2609465,374.1651483,10.29457706,4.931060212,462,20,19,6,45,487,5,1,0,6,507,493,456,21,377,6
35,1000,80,5.13,10.3,18,37,103,958,27,8,7,42,7.468748423,407,457,699.3413569,380.6135082,10.11973012,4.455239314,496,22,7,7,36,462,5,1,0,6,532,468,441,16,399,8
38,1000,80,5.13,10.3,18,37,93,956,24,10,10,44,6.955197661,431,505,2489.41922,1229.795101,9.998874895,4.100275604,444,22,8,10,40,512,2,2,0,4,484,516,488,17,420,11
41,1000,80,5.13,10.3,18,37,3,955,21,8,16,45,6.977721515,93,206,20.34845133,8.9605196,6.354702395,7.593308995,479,10,2,6,18,476,11,6,10,27,497,503,125,81,61,32
34,1000,80,5.13,10.3,18,37,102,954,29,8,9,46,7.162905207,459,512,2652.763631,1247.260906,10.82537388,3.686058732,445,26,7,9,42,509,3,1,0,4,487,513,499,13,453,6
37,1000,80,5.13,10.3,18,37,98,954,32,8,6,46,7.221516881,430,483,1033.016949,638.5996822,10.0218522,4.364609128,466,27,6,6,39,488,5,2,0,7,505,495,474,9,421,9
36,1000,80,5.13,10.3,18,37,103,958,29,7,6,42,7.122139046,443,493,1662.691752,969.8160715,10.3317319,3.834580373,467,28,6,5,39,491,1,1,1,3,506,494,477,16,435,8
39,1000,80,5.13,10.3,18,37,89,948,25,21,6,52,7.644223426,385,481,732.8068119,395.5050653,10.32166714,4.890746825,461,20,20,6,46,487,5,1,0,6,507,493,461,20,379,6
35,1000,80,5.13,10.3,18,37,104,958,27,8,7,42,7.467579732,403,463,723.7353699,395.5884969,10.1348045,4.435606279,495,23,7,7,37,463,4,1,0,5,532,468,449,14,396,7
40,1000,80,5.13,10.3,18,37,35,960,24,11,5,40,7.631390674,174,299,36.24106818,18.69764221,7.764415417,7.494039924,484,13,8,3,24,476,11,3,2,16,508,492,233,66,157,17
42,1000,80,5.13,10.3,18,37,0,934,32,11,23,66,7.465,93,215,20.10391075,9.319493231,6.594080338,8.246679317,451,14,3,5,22,483,18,8,18,44,473,527,116,99,70,23
38,1000,80,5.13,10.3,18,37,94,956,24,10,10,44,6.9708496,444,496,2666.658574,1298.747311,10.0500893,4.082570505,444,22,8,10,40,512,2,2,0,4,484,516,488,8,435,9
41,1000,80,5.13,10.3,18,37,4,956,20,8,16,44,6.980038774,88,205,20.45120759,9.044981832,6.377129316,7.57575647,478,11,2,6,19,478,9,6,10,25,497,503,115,90,68,20
34,1000,80,5.13,10.3,18,37,103,954,29,9,8,46,7.156943792,461,504,2954.356551,1366.948026,10.82255448,3.677114538,445,26,8,8,42,509,3,1,0,4,487,513,494,10,453,8
37,1000,80,5.13,10.3,18,37,99,954,32,8,6,46,7.237261502,432,492,1084.87114,661.8541443,10.07664918,4.340512456,466,27,6,6,39,488,5,2,0,7,505,495,477,15,427,5
36,1000,80,5.13,10.3,18,37,104,958,29,7,6,42,7.123463292,433,494,1807.952685,1048.660926,10.37612242,3.791792199,467,28,6,5,39,491,1,1,1,3,506,494,480,14,427,6
43,1000,80,5.13,10.3,18,37,0,947,25,13,15,53,7.185,106,190,20.08903828,8.908960359,6.184584178,8.157790927,477,11,1,4,16,470,14,12,11,37,493,507,112,78,74,32
39,1000,80,5.13,10.3,18,37,90,947,26,21,6,53,7.647659908,396,481,793.5193974,423.5608343,10.35224928,4.866266776,460,21,20,6,47,487,5,1,0,6,507,493,463,18,388,8
38,1000,80,5.13,10.3,18,37,95,955,25,10,10,45,6.967811008,445,514,2734.35493,1332.70258,10.08510622,4.043836432,443,23,8,10,41,512,2,2,0,4,484,516,493,21,435,10
42,1000,80,5.13,10.3,18,37,1,937,32,9,22,63,7.443689345,108,220,20.17542929,9.38585357,6.660706062,8.146442842,451,14,3,5,22,486,18,6,17,41,473,527,141,79,68,40
40,1000,80,5.13,10.3,18,37,36,961,24,10,5,39,7.601048288,182,292,37.84727134,19.58246907,7.738441335,7.459187175,485,13,7,3,23,476,11,3,2,16,508,492,249,43,162,20
41,1000,80,5.13,10.3,18,37,5,957,18,9,16,43,7.007112764,82,197,20.5728274,9.13519404,6.429709368,7.577628644,478,10,3,6,19,479,8,6,10,24,497,503,125,72,58,24
34,1000,80,5.13,10.3,18,37,104,954,29,9,8,46,7.13823356,465,513,3329.44961,1498.445835,10.87208578,3.593621417,445,26,8,8,42,509,3,1,0,4,487,513,499,14,456,9
44,1000,80,5.13,10.3,18,37,0,948,21,15,16,52,6.979,90,209,19.9352157,8.829982756,6.206286837,7.780040733,494,8,2,5,15,454,13,13,11,37,509,491,112,97,68,22
37,1000,80,5.13,10.3,18,37,100,954,33,7,6,46,7.218039234,435,492,1147.112585,699.9115627,10.11024266,4.267407455,465,28,6,6,40,489,5,1,0,6,505,495,475,17,425,10
43,1000,80,5.13,10.3,18,37,1,949,24,11,16,51,7.221906589,89,227,20.13174917,8.973426433,6.249790621,8.167179118,477,11,1,4,16,472,13,10,12,35,493,507,132,95,62,27
39,1000,80,5.13,10.3,18,37,91,947,26,21,6,53,7.673723523,398,468,857.1367739,458.1278829,10.41363889,4.85600123,460,21,20,6,47,487,5,1,0,6,507,493,457,11,388,10
38,1000,80,5.13,10.3,18,37,96,955,25,10,10,45,6.951957641,443,506,2972.023584,1430.097439,10.12968173,3.971301713,443,23,8,10,41,512,2,2,0,4,484,516,491,15,434,9
42,1000,80,5.13,10.3,18,37,2,938,32,8,22,62,7.461111326,95,205,20.29877087,9.480439326,6.677757599,8.164197308,452,14,2,5,21,486,18,6,17,41,473,527,129,76,69,26
41,1000,80,5.13,10.3,18,37,6,956,18,11,15,44,7.031901815,93,202,20.69321257,9.213063085,6.464240316,7.592792004,477,11,3,6,20,479,7,8,9,24,497,503,123,79,70,23
40,1000,80,5.13,10.3,18,37,37,961,23,11,5,39,7.62077349,168,306,39.64545512,20.5887846,7.784849948,7.451361213,485,13,7,3,23,476,10,4,2,16,508,492,258,48,153,15
44,1000,80,5.13,10.3,18,37,1,948,22,14,16,52,7.025391644,87,191,19.93888518,8.86065849,6.279753025,7.798365283,493,9,2,5,16,455,13,12,11,36,509,491,102,89,62,25
37,1000,80,5.13,10.3,18,37,101,954,33,7,6,46,7.19886815,430,492,1240.295032,755.1466762,10.1401236,4.198193399,465,28,6,6,40,489,5,1,0,6,505,495,478,14,422,8
43,1000,80,5.13,10.3,18,37,2,949,24,10,17,51,7.247425012,95,207,20.18091449,9.047015146,6.290131476,8.178284408,477,11,1,4,16,472,13,9,13,35,493,507,124,83,65,30
39,1000,80,5.13,10.3,18,37,92,946,27,21,6,54,7.665479381,403,464,944.0037784,508.4117849,10.46014569,4.791451351,459,22,20,6,48,487,5,1,0,6,507,493,454,10,394,9
38,1000,80,5.13,10.3,18,37,97,954,25,10,11,46,6.962058084,440,499,3119.096068,1502.451732,10.21151283,3.914119911,442,23,8,11,42,512,2,2,0,4,484,516,488,11,433,7
42,1000,80,5.13,10.3,18,37,3,939,31,8,22,61,7.46340194,86,179,20.49921676,9.60395992,6.70466798,8.144390864,452,14,2,5,21,487,17,6,17,40,473,527,104,75,58,28
41,1000,80,5.13,10.3,18,37,7,957,18,10,15,43,7.073241699,87,202,20.8262965,9.337322399,6.489459332,7.65006046,478,11,2,6,19,479,7,8,9,24,497,503,120,82,68,19
40,1000,80,5.13,10.3,18,37,38,961,23,11,5,39,7.594137188,191,295,40.88289658,21.26391599,7.812688071,7.368478959,485,13,7,3,23,476,10,4,2,16,508,492,255,40,168,23
44,1000,80,5.13,10.3,18,37,2,948,23,14,15,52,7.058593357,91,197,20.03163428,8.982870441,6.306268468,7.838498384,493,9,2,5,16,455,14,12,10,36,509,491,108,89,68,23
43,1000,80,5.13,10.3,18,37,3,949,24,10,17,51,7.263693702,96,208,20.24646241,9.134620173,6.328861089,8.172712397,477,11,1,4,16,472,13,9,13,35,493,507,110,98,65,31
39,1000,80,5.13,10.3,18,37,93,946,27,20,7,54,7.648908161,412,482,1039.474402,556.9246899,10.49625754,4.720700988,459,22,19,7,48,487,5,1,0,6,507,493,467,15,400,12
37,1000,80,5.13,10.3,18,37,102,954,33,7,6,46,7.185792537,439,490,1317.856008,802.5628882,10.19178201,4.119076006,463,30,6,6,42,491,3,1,0,4,505,495,479,11,433,6
38,1000,80,5.13,10.3,18,37,98,954,25,10,11,46,6.951607228,443,516,3263.392817,1568.075607,10.24279612,3.864523076,442,23,8,11,42,512,2,2,0,4,484,516,498,18,435,8
42,1000,80,5.13,10.3,18,37,4,938,31,9,22,62,7.476036293,94,196,20.59500096,9.698285773,6.740553755,8.136156294,452,14,2,5,21,486,17,7,17,41,473,527,131,65,68,26
41,1000,80,5.13,10.3,18,37,8,956,19,10,15,44,7.126647694,90,224,20.95186132,9.42421373,6.568430418,7.678206315,477,12,2,6,20,479,7,8,9,24,497,503,142,82,74,16
40,1000,80,5.13,10.3,18,37,39,961,23,12,4,39,7.588449607,159,323,42.30584685,21.9727997,7.828599425,7.340490039,485,13,7,3,23,476,10,5,1,16,508,492,275,48,146,13
44,1000,80,5.13,10.3,18,37,3,948,24,14,14,52,7.08660606,90,225,20.10506667,9.076272884,6.361398679,7.838399456,492,10,2,5,17,456,14,12,9,35,509,491,119,106,63,27
43,1000,80,5.13,10.3,18,37,4,949,24,10,17,51,7.28795209,98,196,20.30258273,9.185821774,6.373420041,8.177230789,477,11,1,4,16,472,13,9,13,35,493,507,118,78,73,25
39,1000,80,5.13,10.3,18,37,94,944,28,21,7,56,7.671010449,408,477,1115.561936,592.0153175,10.57787119,4.681601935,457,23,20,7,50,487,5,1,0,6,507,493,465,12,396,12
37,1000,80,5.13,10.3,18,37,103,953,34,7,6,47,7.187177287,437,484,1409.762567,847.6882282,10.26407046,4.04812466,462,31,6,6,43,491,3,1,0,4,505,495,472,12,429,8
38,1000,80,5.13,10.3,18,37,99,954,25,10,11,46,6.937910006,441,514,3439.415001,1652.433199,10.27951683,3.80353461,442,23,8,11,42,512,2,2,0,4,484,516,499,15,435,6
42,1000,80,5.13,10.3,18,37,5,939,30,9,22,61,7.526070067,86,211,20.70315846,9.780811507,6.781618076,8.19424045,452,14,2,5,21,487,16,7,17,40,473,527,132,79,61,25
41,1000,80,5.13,10.3,18,37,9,957,20,8,15,43,7.12103154,102,219,21.14442489,9.554810336,6.578902438,7.656693894,476,13,2,6,21,481,7,6,9,22,497,503,127,92,67,35
44,1000,80,5.13,10.3,18,37,4,949,23,14,14,51,7.11097558,91,203,20.20816942,9.163551934,6.415084855,7.832377573,491,11,2,5,18,458,12,12,9,33,509,491,116,87,64,27
40,1000,80,5.13,10.3,18,37,40,961,23,12,4,39,7.609959105,171,317,43.10552413,22.46348572,7.878716943,7.332461174,485,13,7,3,23,476,10,5,1,16,508,492,270,47,153,18
43,1000,80,5.13,10.3,18,37,5,951,22,10,17,49,7.310955447,88,183,20.33985136,9.250864996,6.431461765,8.166163307,477,11,1,4,16,474,11,9,13,33,493,507,107,76,66,22
37,1000,80,5.13,10.3,18,37,104,952,34,8,6,48,7.144079778,441,489,1509.705347,893.6368451,10.31816846,3.905868092,461,31,7,6,44,491,3,1,0,4,505,495,477,12,433,8
39,1000,80,5.13,10.3,18,37,95,943,29,21,7,57,7.695834643,396,479,1170.609991,616.9001596,10.62597985,4.682480438,456,24,20,7,51,487,5,1,0,6,507,493,464,15,382,14
45,1000,80,5.13,10.3,18,37,0,952,21,15,12,48,6.781,84,197,19.90782067,8.597454068,6.199612403,7.400826446,495,11,6,4,21,457,10,9,8,27,516,484,111,86,52,32
38,1000,80,5.13,10.3,18,37,100,953,25,11,11,47,6.971632832,445,506,3622.373271,1740.870725,10.37750184,3.77698051,441,23,9,11,43,512,2,2,0,4,484,516,493,13,438,7
42,1000,80,5.13,10.3,18,37,6,943,28,8,21,57,7.489085416,99,189,20.81190814,9.876663551,6.73847246,8.162785469,454,12,2,5,19,489,16,6,16,38,473,527,114,75,72,27
41,1000,80,5.13,10.3,18,37,10,957,20,8,15,43,7.147425222,108,208,21.27185547,9.652230172,6.609034106,7.679394178,476,13,2,6,21,481,7,6,9,22,497,503,134,74,81,27
44,1000,80,5.13,10.3,18,37,5,951,21,14,14,49,7.133734713,102,199,20.31825159,9.241944882,6.478467781,7.813023651,492,10,2,5,17,459,11,12,9,32,509,491,118,81,79,23
43,1000,80,5.13,10.3,18,37,6,950,23,10,17,50,7.394235816,95,198,20.43417856,9.353743084,6.533241505,8.231455136,476,12,1,4,17,474,11,9,13,33,493,507,115,83,68,27
40,1000,80,5.13,10.3,18,37,41,962,23,11,4,38,7.612393392,191,306,45.16785641,23.66426016,7.885833036,7.330061402,485,13,7,3,23,477,10,4,1,15,508,492,258,48,171,20
39,1000,80,5.13,10.3,18,37,96,943,29,19,9,57,7.680214735,408,484,1234.462386,644.9566169,10.68065214,4.594572216,455,25,18,9,52,488,4,1,0,5,507,493,466,18,400,8
38,1000,80,5.13,10.3,18,37,101,951,27,11,11,49,6.957620427,448,501,3762.791477,1811.734079,10.4179118,3.711920769,439,25,9,11,45,512,2,2,0,4,484,516,489,12,441,7
45,1000,80,5.13,10.3,18,37,1,952,21,15,12,48,6.810745671,90,183,19.97534384,8.643004738,6.242176484,7.416906211,495,11,6,4,21,457,10,9,8,27,516,484,91,92,59,31
42,1000,80,5.13,10.3,18,37,7,942,29,8,21,58,7.542443595,99,195,20.87509868,9.950868252,6.802737489,8.206354388,454,12,2,5,19,488,17,6,16,39,473,527,121,74,79,20
41,1000,80,5.13,10.3,18,37,11,958,20,8,14,42,7.159626059,99,214,21.40174586,9.756179327,6.616315029,7.696456242,477,13,2,5,20,481,7,6,9,22,497,503,143,71,71,28
44,1000,80,5.13,10.3,18,37,6,952,21,14,13,48,7.159808026,87,200,20.39685761,9.319403242,6.546178596,7.795933035,491,11,2,5,18,461,10,12,8,30,509,491,134,66,58,29
43,1000,80,5.13,10.3,18,37,7,951,22,10,17,49,7.387258247,109,209,20.54261962,9.440949663,6.567274266,8.184599673,476,12,1,4,17,475,10,9,13,32,493,507,126,83,76,33
39,1000,80,5.13,10.3,18,37,97,942,30,19,9,58,7.670669534,414,490,1306.255545,683.6981796,10.72601713,4.528557506,454,26,18,9,53,488,4,1,0,5,507,493,474,16,402,12
38,1000,80,5.13,10.3,18,37,102,951,26,12,11,49,6.978492241,459,507,3893.232764,1907.10247,10.47743833,3.69653506,439,24,10,11,45,512,2,2,0,4,484,516,498,9,454,5
40,1000,80,5.13,10.3,18,37,42,960,25,11,4,40,7.600495354,190,317,47.43465816,25.12553377,7.912678222,7.278160198,484,14,7,3,24,476,11,4,1,16,508,492,273,44,173,17
42,1000,80,5.13,10.3,18,37,8,941,30,8,21,59,7.549290891,111,231,21.04207988,10.07894359,6.80906349,8.213669564,454,12,2,5,19,487,18,6,16,40,473,527,158,73,76,35
41,1000,80,5.13,10.3,18,37,12,958,20,8,14,42,7.158191696,105,211,21.57139087,9.875287751,6.68606944,7.624682274,477,13,2,5,20,481,7,6,9,22,497,503,146,65,75,30
45,1000,80,5.13,10.3,18,37,2,952,21,14,13,48,6.82106723,101,211,20.04794442,8.712436751,6.24308791,7.437260059,496,10,6,4,20,456,11,8,9,28,516,484,119,92,63,38
44,1000,80,5.13,10.3,18,37,7,952,21,14,13,48,7.183629421,85,196,20.48893992,9.407089025,6.568873995,7.820921706,491,11,2,5,18,461,10,12,8,30,509,491,123,73,65,20
43,1000,80,5.13,10.3,18,37,8,952,20,11,17,48,7.398888988,108,221,20.73894339,9.553613737,6.632803043,8.143820685,476,12,1,4,17,476,8,10,13,31,493,507,135,86,82,26
38,1000,80,5.13,10.3,18,37,103,952,25,12,11,48,6.964456052,458,514,4051.20692,2009.640613,10.49836978,3.649699768,439,24,10,11,45,513,1,2,0,3,484,516,500,14,452,6
39,1000,80,5.13,10.3,18,37,98,940,32,19,9,60,7.660616286,425,483,1391.873537,725.05871,10.77180422,4.46107819,453,27,18,9,54,487,5,1,0,6,507,493,471,12,419,6
42,1000,80,5.13,10.3,18,37,9,941,29,9,21,59,7.545398623,105,242,21.2871762,10.22907458,6.863194804,8.157699203,452,13,3,5,21,489,16,6,16,38,473,527,159,83,80,25
41,1000,80,5.13,10.3,18,37,13,957,23,7,13,43,7.21867558,89,215,21.77030368,10.00521788,6.774668813,7.657386044,477,13,2,5,20,480,10,5,8,23,497,503,127,88,67,22
40,1000,80,5.13,10.3,18,37,43,962,25,9,4,38,7.58772242,192,322,48.96610466,26.10220548,7.930358756,7.23394344,484,14,7,3,24,478,11,2,1,14,508,492,286,36,178,14
45,1000,80,5.13,10.3,18,37,3,952,21,14,13,48,6.883220372,84,205,20.16352702,8.779223051,6.310812921,7.493472943,496,10,6,4,20,456,11,8,9,28,516,484,116,89,64,20
44,1000,80,5.13,10.3,18,37,8,952,21,14,13,48,7.204677057,103,210,20.56813546,9.502352677,6.583597952,7.848524846,491,11,2,5,18,461,10,12,8,30,509,491,130,80,79,24
43,1000,80,5.13,10.3,18,37,9,953,19,11,17,47,7.411348955,92,215,20.88946877,9.662313429,6.692950724,8.109909759,477,11,1,4,16,476,8,10,13,31,493,507,129,86,66,26
38,1000,80,5.13,10.3,18,37,104,952,25,12,11,48,6.945929879,458,509,4135.104173,2056.875459,10.55457271,3.561078853,438,25,10,11,46,514,0,2,0,2,484,516,499,10,450,8
39,1000,80,5.13,10.3,18,37,99,940,31,20,9,60,7.651167723,418,480,1490.230893,780.7150922,10.83462564,4.377307351,453,26,19,9,54,487,5,1,0,6,507,493,466,14,409,9
46,1000,80,5.13,10.3,18,37,0,938,25,20,17,62,7.352,99,209,19.91431786,9.011533715,6.643274854,8.098562628,492,9,8,4,21,446,16,12,13,41,513,487,115,94,64,35
41,1000,80,5.13,10.3,18,37,14,957,23,7,13,43,7.245533163,104,215,22.12603554,10.19646938,6.80216087,7.683616722,477,13,2,5,20,480,10,5,8,23,497,503,155,60,74,30
42,1000,80,5.13,10.3,18,37,10,941,29,9,21,59,7.588402796,105,239,21.47563057,10.34217244,6.916068246,8.19184538,452,13,3,5,21,489,16,6,16,38,473,527,159,80,74,31
45,1000,80,5.13,10.3,18,37,4,953,20,14,13,47,6.89061145,101,206,20.29513727,8.872735777,6.338058348,7.479696988,497,9,6,4,19,456,11,8,9,28,516,484,119,87,68,33
40,1000,80,5.13,10.3,18,37,44,962,25,9,4,38,7.595148532,172,335,51.04812488,27.42624587,7.986231699,7.191347214,484,14,7,3,24,478,11,2,1,14,508,492,301,34,163,9
44,1000,80,5.13,10.3,18,37,9,953,21,13,13,47,7.222620111,94,190,20.664479,9.585625951,6.602025145,7.865966014,491,11,2,5,18,462,10,11,8,29,509,491,112,78,76,18
43,1000,80,5.13,10.3,18,37,10,954,18,11,17,46,7.443360991,102,212,20.97953512,9.741719223,6.697915947,8.168221753,478,10,1,4,15,476,8,10,13,31,493,507,132,80,75,27
41,1000,80,5.13,10.3,18,37,15,958,23,6,13,42,7.221785254,103,220,22.34716391,10.34365026,6.85505292,7.584143048,476,14,2,5,21,482,9,4,8,21,497,503,158,62,83,20
42,1000,80,5.13,10.3,18,37,11,942,28,9,21,58,7.615031471,119,225,21.67500775,10.50501155,6.966099114,8.19746981,452,13,3,5,21,490,15,6,16,37,473,527,158,67,94,25
39,1000,80,5.13,10.3,18,37,100,940,31,20,9,60,7.630232318,429,483,1579.856306,822.2379389,10.8660404,4.302535165,453,26,19,9,54,487,5,1,0,6,507,493,469,14,419,10
46,1000,80,5.13,10.3,18,37,1,939,25,20,16,61,7.346706959,108,218,19.96675931,9.093068047,6.621803572,8.110311553,493,9,8,3,20,446,16,12,13,41,513,487,118,100,72,36
45,1000,80,5.13,10.3,18,37,5,952,21,14,13,48,6.94865698,88,231,20.45684772,8.991051871,6.424309466,7.507672097,496,10,6,4,20,456,11,8,9,28,516,484,141,90,60,28
44,1000,80,5.13,10.3,18,37,10,954,19,14,13,46,7.23418728,108,201,20.81072772,9.685620502,6.606440745,7.884946926,492,10,2,5,17,462,9,12,8,29,509,491,125,76,81,27
40,1000,80,5.13,10.3,18,37,45,963,23,9,5,37,7.585367195,178,338,53.87742816,29.01537399,8.036664981,7.119393058,483,14,7,4,25,480,9,2,1,12,508,492,308,30,163,15
43,1000,80,5.13,10.3,18,37,11,955,18,11,16,45,7.479358038,94,229,21.12956054,9.868409356,6.796688951,8.143176301,478,10,1,4,15,477,8,10,12,30,493,507,142,87,74,20
41,1000,80,5.13,10.3,18,37,16,959,23,6,12,41,7.237774247,106,248,22.63008747,10.5162241,6.90303161,7.568523929,476,14,2,5,21,483,9,4,7,20,497,503,179,69,83,23
42,1000,80,5.13,10.3,18,37,12,941,30,9,20,59,7.604441081,131,193,21.90491112,10.64600972,6.988724316,8.157067323,451,14,3,5,22,490,16,6,15,37,473,527,132,61,103,28
39,1000,80,5.13,10.3,18,37,101,939,31,21,9,61,7.599232805,429,491,1686.333018,887.6981666,10.90737291,4.19714957,451,27,20,9,56,488,4,1,0,5,507,493,477,14,421,8
46,1000,80,5.13,10.3,18,37,2,939,25,20,16,61,7.365479955,107,230,20.05933599,9.172119936,6.663717711,8.104707946,493,9,8,3,20,446,16,12,13,41,513,487,136,94,72,35
44,1000,80,5.13,10.3,18,37,11,957,18,12,13,43,7.230961869,112,199,20.94309732,9.790405484,6.581107176,7.904640156,493,10,1,5,16,464,8,11,8,27,509,491,125,74,76,36
45,1000,80,5.13,10.3,18,37,6,952,21,14,13,48,6.99623519,92,226,20.56986653,9.058838766,6.505150422,7.519788373,496,10,6,4,20,456,11,8,9,28,516,484,140,86,61,31
43,1000,80,5.13,10.3,18,37,12,955,19,12,14,45,7.467442778,100,202,21.29764355,9.978555469,6.819540846,8.097453926,478,10,1,4,15,477,9,11,10,30,493,507,142,60,75,25
40,1000,80,5.13,10.3,18,37,46,963,23,9,5,37,7.592537937,207,334,57.40725163,30.89893625,8.087532791,7.08144569,483,14,7,4,25,480,9,2,1,12,508,492,295,39,185,22
41,1000,80,5.13,10.3,18,37,17,960,22,8,10,40,7.234556847,105,217,22.89318243,10.68189582,6.974597433,7.491415354,476,13,3,5,21,484,9,5,5,19,497,503,151,66,84,21
42,1000,80,5.13,10.3,18,37,13,939,32,9,20,61,7.646941211,117,201,22.09991969,10.78613775,7.049541592,8.183127207,450,15,3,5,23,489,17,6,15,38,473,527,154,47,92,25
39,1000,80,5.13,10.3,18,37,102,938,32,21,9,62,7.621785545,426,496,1854.614436,979.7758061,10.99576892,4.15198926,450,28,20,9,57,488,4,1,0,5,507,493,478,18,418,8
46,1000,80,5.13,10.3,18,37,3,940,25,19,16,60,7.38292435,94,203,20.1749536,9.259799169,6.694758199,8.107830378,492,10,8,3,21,448,15,11,13,39,513,487,126,77,63,31
44,1000,80,5.13,10.3,18,37,12,955,20,12,13,45,7.271465128,96,210,21.12761538,9.931160535,6.609518004,7.957679154,493,10,1,5,16,462,10,11,8,29,509,491,131,79,68,28
45,1000,80,5.13,10.3,18,37,7,952,21,14,13,48,7.019208053,87,191,20.67901354,9.140345118,6.55126641,7.518087986,496,10,6,4,20,456,11,8,9,28,516,484,124,67,62,25
43,1000,80,5.13,10.3,18,37,13,955,19,12,14,45,7.494660124,118,211,21.55228381,10.15638402,6.850676118,8.120861534,478,10,1,4,15,477,9,11,10,30,493,507,139,72,91,27
40,1000,80,5.13,10.3,18,37,47,962,24,9,5,38,7.624968345,190,347,59.34153663,32.02856878,8.138639455,7.094592484,483,14,7,4,25,479,10,2,1,13,508,492,299,48,180,10
41,1000,80,5.13,10.3,18,37,18,960,23,8,9,40,7.253459154,119,265,23.31200855,10.91793356,7.011135335,7.49289243,476,13,3,5,21,484,10,5,4,19,497,503,201,64,102,17
42,1000,80,5.13,10.3,18,37,14,939,33,9,19,61,7.657423588,115,240,22.33018428,10.92541774,7.07257964,8.182340452,450,15,3,5,23,489,18,6,14,38,473,527,174,66,91,24
39,1000,80,5.13,10.3,18,37,103,940,31,20,9,60,7.603093141,433,481,2068.829636,1085.275008,11.06294311,4.044991852,450,28,20,9,57,490,3,0,0,3,507,493,473,8,424,9
46,1000,80,5.13,10.3,18,37,4,943,23,18,16,57,7.37609802,104,222,20.22695899,9.308507756,6.683146825,8.106044556,492,10,8,3,21,451,13,10,13,36,513,487,125,97,76,28
44,1000,80,5.13,10.3,18,37,13,956,20,11,13,44,7.270946495,100,225,21.31760214,10.07945874,6.617266488,7.948590331,493,10,1,5,16,463,10,10,8,28,509,491,148,77,86,14
43,1000,80,5.13,10.3,18,37,14,955,19,13,13,45,7.492971002,119,232,21.70107112,10.25922666,6.860648447,8.107832973,478,10,1,4,15,477,9,12,9,30,493,507,162,70,90,29
45,1000,80,5.13,10.3,18,37,8,952,20,15,13,48,7.008091385,100,231,20.81088309,9.218680119,6.5558276,7.490256907,496,9,7,4,20,456,11,8,9,28,516,484,138,93,72,28
40,1000,80,5.13,10.3,18,37,48,962,24,9,5,38,7.644638968,204,336,61.65251897,33.18801426,8.18281781,7.088958375,483,14,7,4,25,479,10,2,1,13,508,492,298,38,185,19
41,1000,80,5.13,10.3,18,37,19,960,24,7,9,40,7.255865828,110,231,23.59665062,11.0906728,7.014009485,7.494837205,476,13,3,5,21,484,11,4,4,19,497,503,172,59,91,19
42,1000,80,5.13,10.3,18,37,15,938,36,9,17,62,7.658199645,120,229,22.63323911,11.11426512,7.120198162,8.141073841,449,16,3,5,24,489,20,6,12,38,473,527,151,78,90,30
39,1000,80,5.13,10.3,18,37,104,939,32,19,10,61,7.588202212,427,490,2261.455338,1180.190399,11.12650422,3.949421044,449,29,19,10,58,490,3,0,0,3,507,493,473,17,422,5
47,1000,80,5.13,10.3,18,37,0,942,33,6,19,58,6.723,88,216,19.80532144,8.700039051,6.341603053,7.142857143,499,17,2,6,25,443,16,4,13,33,524,476,118,98,59,29
46,1000,80,5.13,10.3,18,37,5,944,23,17,16,56,7.425938874,98,192,20.30796293,9.376251944,6.727450527,8.16171818,492,10,8,3,21,452,13,9,13,35,513,487,115,77,65,33
44,1000,80,5.13,10.3,18,37,14,956,20,10,14,44,7.270125674,95,209,21.47199924,10.21447693,6.630084103,7.93363109,493,10,1,5,16,463,10,9,9,28,509,491,146,63,72,23
43,1000,80,5.13,10.3,18,37,15,956,19,12,13,44,7.509756965,96,225,21.96906665,10.43235421,6.897199604,8.105399527,478,10,1,4,15,478,9,11,9,29,493,507,152,73,72,24
45,1000,80,5.13,10.3,18,37,9,952,20,15,13,48,7.056290731,88,205,20.96472666,9.339580339,6.657111348,7.481862139,496,9,7,4,20,456,11,8,9,28,516,484,136,69,70,18
41,1000,80,5.13,10.3,18,37,20,960,24,7,9,40,7.251402257,120,260,23.94936161,11.28978305,7.005409397,7.494460809,476,13,3,5,21,484,11,4,4,19,497,503,196,64,94,26
42,1000,80,5.13,10.3,18,37,16,939,34,10,17,61,7.671226717,133,233,23.04017189,11.34883745,7.181225928,8.111018696,448,16,4,5,25,491,18,6,12,36,473,527,170,63,103,30
40,1000,80,5.13,10.3,18,37,49,961,25,9,5,39,7.696265654,212,355,63.95547113,34.5279398,8.262869329,7.111235843,482,15,7,4,26,479,10,2,1,13,508,492,313,42,196,16
46,1000,80,5.13,10.3,18,37,6,944,22,18,16,56,7.460210587,98,195,20.37531039,9.482196464,6.791544793,8.164575171,492,9,9,3,21,452,13,9,13,35,513,487,117,78,71,27
44,1000,80,5.13,10.3,18,37,15,957,21,9,13,43,7.274772177,104,203,21.76698701,10.38281084,6.679940648,7.891410156,493,10,1,5,16,464,11,8,8,27,509,491,135,68,77,27
47,1000,80,5.13,10.3,18,37,1,942,33,7,18,58,6.715622892,106,192,19.88403356,8.746588868,6.328451668,7.141836593,499,17,2,6,25,443,16,5,12,33,524,476,105,87,65,41
43,1000,80,5.13,10.3,18,37,16,958,19,10,13,42,7.505365318,98,233,22.27345987,10.57721836,6.933769715,8.061177216,478,10,1,4,15,480,9,9,9,27,493,507,161,72,77,21
45,1000,80,5.13,10.3,18,37,10,951,21,15,13,49,7.073190013,104,229,21.1865514,9.470477446,6.670697965,7.502293106,496,9,7,4,20,455,12,8,9,29,516,484,157,72,69,35
41,1000,80,5.13,10.3,18,37,21,961,23,7,9,39,7.25605465,122,236,24.47132238,11.56536324,7.037421292,7.472080056,476,13,3,5,21,485,10,4,4,18,497,503,179,57,97,25
42,1000,80,5.13,10.3,18,37,17,941,34,9,16,59,7.670381346,129,219,23.42908858,11.57512621,7.230514105,8.065176802,448,16,4,5,25,493,18,5,11,34,473,527,167,52,99,30
40,1000,80,5.13,10.3,18,37,50,960,26,9,5,40,7.704696443,200,359,66.73258581,35.98647752,8.288502377,7.10190495,481,16,7,4,27,479,10,2,1,13,508,492,313,46,190,10
44,1000,80,5.13,10.3,18,37,16,956,22,8,14,44,7.291856006,124,244,22.03372499,10.56358443,6.687072121,7.918811194,492,11,1,5,17,464,11,7,9,27,509,491,176,68,100,24
46,1000,80,5.13,10.3,18,37,7,945,21,18,16,55,7.474016466,84,221,20.46114052,9.54995183,6.796568013,8.187632599,492,9,9,3,21,453,12,9,13,34,513,487,137,84,62,22
43,1000,80,5.13,10.3,18,37,17,956,22,11,11,44,7.528736929,124,245,22.4862534,10.7058653,7.016674663,8.026659409,476,11,2,4,17,480,11,9,7,27,493,507,163,82,99,25
47,1000,80,5.13,10.3,18,37,2,943,32,7,18,57,6.722489876,81,207,19.94493244,8.802000135,6.367682553,7.113076089,499,17,2,6,25,444,15,5,12,32,524,476,121,86,53,28
45,1000,80,5.13,10.3,18,37,11,954,20,13,13,46,7.090909625,99,228,21.38130034,9.600054827,6.744581019,7.46013599,496,9,7,4,20,458,11,6,9,26,516,484,146,82,73,26
42,1000,80,5.13,10.3,18,37,18,940,35,9,16,60,7.70035175,127,220,23.72974273,11.76714061,7.288070178,8.070388151,447,17,4,5,26,493,18,5,11,34,473,527,163,57,97,30
41,1000,80,5.13,10.3,18,37,22,961,23,7,9,39,7.292265005,108,258,24.96005691,11.80910679,7.065409597,7.516414385,476,13,3,5,21,485,10,4,4,18,497,503,196,62,83,25
44,1000,80,5.13,10.3,18,37,17,955,24,8,13,45,7.290837726,108,235,22.29162984,10.71548762,6.709032222,7.89397215,491,12,1,5,18,464,12,7,8,27,509,491,160,75,82,26
46,1000,80,5.13,10.3,18,37,8,948,19,17,16,52,7.46372068,92,209,20.54989333,9.658689345,6.818106253,8.143803229,492,8,10,3,21,456,11,7,13,31,513,487,123,86,66,26
40,1000,80,5.13,10.3,18,37,51,960,26,9,5,40,7.718375014,202,365,70.017732,37.95423737,8.342335,7.074123646,481,16,7,4,27,479,10,2,1,13,508,492,328,37,189,13
45,1000,80,5.13,10.3,18,37,12,954,20,13,13,46,7.089492245,85,209,21.56589571,9.719128758,6.743215591,7.458663224,496,9,7,4,20,458,11,6,9,26,516,484,147,62,57,28
43,1000,80,5.13,10.3,18,37,18,958,21,10,11,42,7.528715154,105,229,22.73472557,10.86331103,7.054593941,7.989744262,477,10,2,4,16,481,11,8,7,26,493,507,166,63,80,25
47,1000,80,5.13,10.3,18,37,3,943,34,7,16,57,6.696891049,97,218,19.98474251,8.839409408,6.392015569,7.032510275,499,17,2,6,25,444,17,5,10,32,524,476,115,103,61,36
41,1000,80,5.13,10.3,18,37,23,960,24,7,9,40,7.289842873,107,253,25.4874553,12.09197265,7.096170484,7.481205054,475,14,3,5,22,485,10,4,4,18,497,503,199,54,87,20
42,1000,80,5.13,10.3,18,37,19,942,33,9,16,58,7.720112597,115,253,24.11987086,12.00949729,7.358595818,8.04458591,447,16,5,5,26,495,17,4,11,32,473,527,191,62,98,17
44,1000,80,5.13,10.3,18,37,18,955,24,8,13,45,7.29362815,126,229,22.50628837,10.85004869,6.726270457,7.881785106,491,12,1,5,18,464,12,7,8,27,509,491,163,66,99,27
46,1000,80,5.13,10.3,18,37,9,949,18,17,16,51,7.488515006,91,218,20.70787011,9.765460366,6.877718134,8.131921157,492,7,11,3,21,457,11,6,13,30,513,487,138,80,67,24
45,1000,80,5.13,10.3,18,37,13,955,20,12,13,45,7.089660508,99,206,21.83194322,9.884892031,6.767409881,7.433216961,496,9,7,4,20,459,11,5,9,25,516,484,136,70,72,27
43,1000,80,5.13,10.3,18,37,19,958,21,10,11,42,7.550048283,101,227,22.92664169,10.99381774,7.070697457,8.016162597,477,10,2,4,16,481,11,8,7,26,493,507,152,75,84,17
40,1000,80,5.13,10.3,18,37,52,959,27,9,5,41,7.72820841,213,374,73.22301715,39.73577552,8.390563995,7.044312806,481,16,7,4,27,478,11,2,1,14,508,492,343,31,204,9
47,1000,80,5.13,10.3,18,37,4,944,34,7,15,56,6.706734401,93,204,20.00343746,8.887787525,6.41483981,7.028063741,500,16,2,6,24,444,18,5,9,32,524,476,130,74,58,35
42,1000,80,5.13,10.3,18,37,20,943,31,10,16,57,7.737219741,118,257,24.46423719,12.25356477,7.407548791,8.033110366,447,15,6,5,26,496,16,4,11,31,473,527,205,52,100,18
41,1000,80,5.13,10.3,18,37,24,962,22,7,9,38,7.291346948,121,247,25.92526983,12.33893826,7.105599368,7.474878851,476,13,3,5,21,486,9,4,4,17,497,503,185,62,107,14
44,1000,80,5.13,10.3,18,37,19,956,24,8,12,44,7.274036757,115,228,22.91766979,11.12661647,6.70843528,7.860373115,491,13,1,4,18,465,11,7,8,26,509,491,164,64,88,27
46,1000,80,5.13,10.3,18,37,10,949,20,17,14,51,7.469463514,122,197,20.91895119,9.920506234,6.888678279,8.081255763,492,7,11,3,21,457,13,6,11,30,513,487,128,69,93,29
45,1000,80,5.13,10.3,18,37,14,954,21,12,13,46,7.120410296,117,241,22.03015904,10.02963541,6.849282653,7.409463733,495,10,7,4,21,459,11,5,9,25,516,484,172,69,81,36
43,1000,80,5.13,10.3,18,37,20,958,21,10,11,42,7.597120617,122,219,23.18856221,11.1753919,7.114175259,8.066730206,477,10,2,4,16,481,11,8,7,26,493,507,164,55,101,21
40,1000,80,5.13,10.3,18,37,53,959,27,9,5,41,7.703406565,219,371,76.52287532,41.27513889,8.434893345,6.948131596,481,16,7,4,27,478,11,2,1,14,508,492,327,44,209,10
47,1000,80,5.13,10.3,18,37,5,946,33,6,15,54,6.713153162,91,212,20.15311744,8.965886106,6.411323321,7.045419626,501,16,1,6,23,445,17,5,9,31,524,476,117,95,60,31
42,1000,80,5.13,10.3,18,37,21,944,31,10,15,56,7.74800985,125,236,24.9849609,12.54418485,7.477145632,7.991119481,447,15,6,5,26,497,16,4,10,30,473,527,178,58,103,22
41,1000,80,5.13,10.3,18,37,25,963,23,6,8,37,7.290684272,111,273,26.41100264,12.5952367,7.137650643,7.44189245,476,13,3,5,21,487,10,3,3,16,497,503,196,77,96,15
44,1000,80,5.13,10.3,18,37,20,956,24,8,12,44,7.29625544,100,221,23.36623408,11.36652914,6.757424227,7.85484014,491,13,1,4,18,465,11,7,8,26,509,491,160,61,88,12
46,1000,80,5.13,10.3,18,37,11,949,20,17,14,51,7.471224214,114,232,21.13416631,10.07990078,6.893108983,8.080203914,492,7,11,3,21,457,13,6,11,30,513,487,145,87,92,22
43,1000,80,5.13,10.3,18,37,21,958,22,10,10,42,7.611852706,120,249,23.52049467,11.38214258,7.167413701,8.044019233,477,10,2,4,16,481,12,8,6,26,493,507,193,56,101,19
45,1000,80,5.13,10.3,18,37,15,954,21,11,14,46,7.135545754,99,221,22.26839604,10.17503843,6.89419298,7.392855735,495,10,6,5,21,459,11,5,9,25,516,484,143,78,79,20
40,1000,80,5.13,10.3,18,37,54,959,27,8,6,41,7.733298034,241,363,79.64191156,42.94531553,8.458697531,6.984308309,481,16,6,5,27,478,11,2,1,14,508,492,339,24,225,16
42,1000,80,5.13,10.3,18,37,22,947,29,10,14,53,7.714735936,119,286,25.55141712,12.85142404,7.507274031,7.900939886,447,15,6,5,26,500,14,4,9,27,473,527,221,65,97,22
47,1000,80,5.13,10.3,18,37,6,946,33,6,15,54,6.734790274,93,222,20.28698274,9.060963603,6.430153525,7.070146695,501,16,1,6,23,445,17,5,9,31,524,476,124,98,56,37
41,1000,80,5.13,10.3,18,37,26,963,23,6,8,37,7.30721733,130,247,27.12447732,12.92707391,7.17620224,7.436669615,476,13,3,5,21,487,10,3,3,16,497,503,198,49,118,12
44,1000,80,5.13,10.3,18,37,21,956,24,8,12,44,7.308466448,105,241,23.79616352,11.59844421,6.77817297,7.858200421,491,13,1,4,18,465,11,7,8,26,509,491,179,62,84,21
46,1000,80,5.13,10.3,18,37,12,951,19,17,13,49,7.464574429,97,202,21.28388148,10.21342391,6.901756628,8.057439997,493,6,12,2,20,458,13,5,11,29,513,487,138,64,74,23
43,1000,80,5.13,10.3,18,37,22,957,23,11,9,43,7.57652716,112,233,23.88270204,11.56420892,7.152000707,7.989330989,477,10,2,4,16,480,13,9,5,27,493,507,165,68,85,27
45,1000,80,5.13,10.3,18,37,16,954,20,12,14,46,7.140205348,101,234,22.48390364,10.30720655,6.927418524,7.367060722,495,9,7,5,21,459,11,5,9,25,516,484,152,82,78,23
42,1000,80,5.13,10.3,18,37,23,949,29,9,13,51,7.714721384,129,243,26.00798863,13.0925154,7.60169138,7.816169566,447,15,6,5,26,502,14,3,8,25,473,527,194,49,112,17
40,1000,80,5.13,10.3,18,37,55,959,26,9,6,41,7.718018673,249,382,83.52067631,44.78224527,8.47859482,6.932708342,481,15,7,5,27,478,11,2,1,14,508,492,349,33,243,6
47,1000,80,5.13,10.3,18,37,7,947,31,7,15,53,6.756807314,97,199,20.39742127,9.16025468,6.449114945,7.095527484,501,15,2,6,23,446,16,5,9,30,524,476,115,84,70,27
41,1000,80,5.13,10.3,18,37,27,964,22,6,8,36,7.312951436,127,275,27.7113043,13.21112361,7.220596362,7.404204859,476,13,3,5,21,488,9,3,3,15,497,503,214,61,104,23
44,1000,80,5.13,10.3,18,37,22,956,24,8,12,44,7.332754307,125,233,24.31493493,11.92724015,6.782542474,7.903136838,491,13,1,4,18,465,11,7,8,26,509,491,171,62,98,27
46,1000,80,5.13,10.3,18,37,13,952,19,16,13,48,7.467170903,105,217,21.43068498,10.32428324,6.91321045,8.050706246,494,6,11,2,19,458,13,5,11,29,513,487,150,67,79,26
43,1000,80,5.13,10.3,18,37,23,959,23,9,9,41,7.544976759,113,248,24.17276126,11.74622042,7.165917682,7.913568721,477,10,2,4,16,482,13,7,5,25,493,507,189,59,94,19
45,1000,80,5.13,10.3,18,37,17,955,20,11,14,45,7.135234407,110,247,22.70353061,10.44624603,6.938218394,7.345276271,496,9,6,5,20,459,11,5,9,25,516,484,164,83,80,30
42,1000,80,5.13,10.3,18,37,24,949,30,8,13,51,7.727688218,129,276,26.51089114,13.39319576,7.648171355,7.799057242,447,15,5,6,26,502,15,3,7,25,473,527,222,54,112,17
47,1000,80,5.13,10.3,18,37,8,947,31,7,15,53,6.799222342,90,203,20.57096953,9.264790006,6.478141436,7.152681154,501,15,2,6,23,446,16,5,9,30,524,476,124,79,62,28
41,1000,80,5.13,10.3,18,37,28,963,23,6,8,37,7.31009982,131,275,28.19609377,13.43502065,7.242629451,7.376765373,475,14,3,5,22,488,9,3,3,15,497,503,211,64,109,22
40,1000,80,5.13,10.3,18,37,56,960,26,8,6,40,7.705465577,253,372,88.35670258,47.17434046,8.522556175,6.861802927,482,15,6,5,26,478,11,2,1,14,508,492,345,27,240,13
44,1000,80,5.13,10.3,18,37,23,958,22,8,12,42,7.349579701,128,241,24.78689899,12.18805606,6.835698262,7.882299971,490,13,2,4,19,468,9,6,8,23,509,491,187,54,103,25
43,1000,80,5.13,10.3,18,37,24,961,23,7,9,39,7.553578453,115,256,24.59352943,11.98304389,7.240690733,7.857826276,477,10,2,4,16,484,13,5,5,23,493,507,197,59,91,24
46,1000,80,5.13,10.3,18,37,14,954,18,16,12,46,7.488455151,104,214,21.54928491,10.40549032,6.962085996,8.04292615,494,6,11,2,19,460,12,5,10,27,513,487,141,73,82,22
45,1000,80,5.13,10.3,18,37,18,956,19,11,14,44,7.14872405,99,256,22.9354015,10.57412863,6.967039774,7.34242051,495,10,6,5,21,461,9,5,9,23,516,484,180,76,73,26
42,1000,80,5.13,10.3,18,37,25,949,30,8,13,51,7.734601692,145,265,27.08543289,13.71010287,7.653158945,7.807699263,447,15,5,6,26,502,15,3,7,25,473,527,218,47,122,23
41,1000,80,5.13,10.3,18,37,29,963,23,6,8,37,7.328497759,142,276,28.76373755,13.70688748,7.293548092,7.363030532,475,14,3,5,22,488,9,3,3,15,497,503,223,53,124,18
47,1000,80,5.13,10.3,18,37,9,947,31,7,15,53,6.826326387,93,226,20.74809502,9.413252805,6.506697589,7.17818666,501,15,2,6,23,446,16,5,9,30,524,476,144,82,66,27
44,1000,80,5.13,10.3,18,37,24,958,22,9,11,42,7.349096191,142,234,25.36325589,12.50468063,6.887587024,7.827524228,490,13,2,4,19,468,9,7,7,23,509,491,180,54,118,24
40,1000,80,5.13,10.3,18,37,57,961,26,8,5,39,7.657010178,253,397,93.13902735,49.23378175,8.578822399,6.705220325,481,16,6,5,27,480,10,2,0,12,508,492,360,37,244,9
43,1000,80,5.13,10.3,18,37,25,964,20,5,11,36,7.560760539,119,248,25.01274701,12.24099795,7.296916347,7.817319093,477,9,2,5,16,487,11,3,6,20,493,507,186,62,98,21
46,1000,80,5.13,10.3,18,37,15,955,18,16,11,45,7.484785968,129,233,21.64728632,10.50862486,6.964970396,8.0323535,494,6,11,2,19,461,12,5,9,26,513,487,161,72,90,39
45,1000,80,5.13,10.3,18,37,19,957,18,11,14,43,7.166172946,104,234,23.20209063,10.71660912,7.005491969,7.337477459,496,9,6,5,20,461,9,5,9,23,516,484,158,76,86,18
42,1000,80,5.13,10.3,18,37,26,949,31,8,12,51,7.748606187,136,277,27.67597202,14.05053701,7.68519251,7.805522068,447,15,5,6,26,502,16,3,6,25,473,527,225,52,117,19
41,1000,80,5.13,10.3,18,37,30,962,24,6,8,38,7.343918265,143,267,29.35200369,14.04855317,7.334704239,7.353022382,475,14,3,5,22,487,10,3,3,16,497,503,214,53,119,24
47,1000,80,5.13,10.3,18,37,10,948,31,6,15,52,6.861226173,105,193,20.91230234,9.537999206,6.57788841,7.173135812,501,15,2,6,23,447,16,4,9,29,524,476,123,70,77,28
44,1000,80,5.13,10.3,18,37,25,957,23,9,11,43,7.364901816,108,247,25.91434634,12.79635132,6.960878899,7.783736163,489,14,2,4,20,468,9,7,7,23,509,491,187,60,91,17
43,1000,80,5.13,10.3,18,37,26,966,18,5,11,34,7.560183316,141,253,25.28213246,12.44629544,7.320297147,7.793445409,477,9,2,5,16,489,9,3,6,18,493,507,188,65,120,21
40,1000,80,5.13,10.3,18,37,58,961,26,8,5,39,7.664048199,263,403,98.61498216,52.02844747,8.636377881,6.660098041,481,16,6,5,27,480,10,2,0,12,508,492,366,37,247,16
46,1000,80,5.13,10.3,18,37,16,955,18,16,11,45,7.51552914,117,218,21.73095643,10.60124279,6.987533007,8.071713979,494,6,11,2,19,461,12,5,9,26,513,487,143,75,83,34
45,1000,80,5.13,10.3,18,37,20,954,21,11,14,46,7.220939926,99,224,23.44562091,10.87742921,7.081628123,7.369462426,494,11,6,5,22,460,10,5,9,24,516,484,160,64,80,19
42,1000,80,5.13,10.3,18,37,27,950,30,8,12,50,7.776823232,133,281,28.32588213,14.41670134,7.752966538,7.798235407,446,16,5,6,27,504,14,3,6,23,473,527,229,52,113,20
41,1000,80,5.13,10.3,18,37,31,962,23,6,9,38,7.358266793,141,267,30.1203066,14.43745712,7.401098048,7.315946447,475,13,3,6,22,487,10,3,3,16,497,503,217,50,124,17
47,1000,80,5.13,10.3,18,37,11,949,30,7,14,51,6.858463333,110,223,21.10491796,9.651798202,6.593032199,7.150660631,501,15,2,6,23,448,15,5,8,28,524,476,141,82,73,37
44,1000,80,5.13,10.3,18,37,26,958,23,9,10,42,7.384665592,143,270,26.44405402,13.04987975,7.002197576,7.781154839,489,14,2,4,20,469,9,7,6,22,509,491,205,65,111,32
43,1000,80,5.13,10.3,18,37,27,965,20,4,11,35,7.584612686,134,286,25.76297162,12.72027571,7.36150541,7.80155921,477,9,2,5,16,488,11,2,6,19,493,507,218,68,117,17
46,1000,80,5.13,10.3,18,37,17,956,18,15,11,44,7.487217195,117,211,21.92014793,10.74536411,7.005341369,7.994819452,494,6,11,2,19,462,12,4,9,25,513,487,152,59,92,25
45,1000,80,5.13,10.3,18,37,21,952,23,12,13,48,7.239766792,120,246,23.80471003,11.08594873,7.147349001,7.33829485,494,10,7,5,22,458,13,5,8,26,516,484,169,77,95,25
40,1000,80,5.13,10.3,18,37,59,962,26,7,5,38,7.639084385,239,401,105.5646399,55.49504533,8.699863543,6.543808345,480,17,6,5,28,482,9,1,0,10,508,492,361,40,230,9
42,1000,80,5.13,10.3,18,37,28,949,30,9,12,51,7.81392036,141,295,28.9647888,14.75507905,7.840902039,7.789703407,446,16,5,6,27,503,14,4,6,24,473,527,234,61,119,22
41,1000,80,5.13,10.3,18,37,32,963,22,6,9,37,7.376871644,140,279,30.96249531,14.87646779,7.477854691,7.277093166,475,13,3,6,22,488,9,3,3,15,497,503,227,52,120,20
47,1000,80,5.13,10.3,18,37,12,951,30,6,13,49,6.858525558,113,226,21.26657417,9.769250696,6.592272205,7.151627988,501,16,2,5,23,450,14,4,8,26,524,476,136,90,77,36
44,1000,80,5.13,10.3,18,37,27,957,24,9,10,43,7.428786438,140,276,27.22157749,13.49798728,7.096239984,7.773524005,488,15,2,4,21,469,9,7,6,22,509,491,215,61,113,27
43,1000,80,5.13,10.3,18,37,28,965,20,6,9,35,7.600868651,133,266,26.28948459,12.99765471,7.383103785,7.812620287,477,10,2,4,16,488,10,4,5,19,493,507,195,71,115,18
45,1000,80,5.13,10.3,18,37,22,950,24,13,13,50,7.277586216,115,245,24.07398693,11.25473359,7.183660464,7.377721936,494,10,7,5,22,456,14,6,8,28,516,484,181,64,90,25
46,1000,80,5.13,10.3,18,37,18,957,17,15,11,43,7.501398423,107,230,22.17056864,10.92555996,7.098023425,7.926308841,494,6,11,2,19,463,11,4,9,24,513,487,158,72,82,25
40,1000,80,5.13,10.3,18,37,60,961,27,7,5,39,7.647419426,270,397,112.0636207,58.7677081,8.77451981,6.483665372,480,17,6,5,28,481,10,1,0,11,508,492,371,26,252,18
42,1000,80,5.13,10.3,18,37,29,949,30,9,12,51,7.808909654,151,268,29.51307147,15.09435268,7.868021899,7.755854452,446,16,5,6,27,503,14,4,6,24,473,527,220,48,134,17
41,1000,80,5.13,10.3,18,37,33,963,21,7,9,37,7.402973503,170,286,31.91440211,15.39836538,7.562779118,7.245074117,474,14,3,6,23,489,7,4,3,14,497,503,231,55,148,22
47,1000,80,5.13,10.3,18,37,13,952,28,8,12,48,6.838319141,104,247,21.52177826,9.952637307,6.609793298,7.089889608,501,16,2,5,23,451,12,6,7,25,524,476,172,75,79,25
44,1000,80,5.13,10.3,18,37,28,957,25,8,10,43,7.461754859,149,271,27.84903618,13.84683978,7.151977569,7.782888546,487,16,2,4,22,470,9,6,6,21,509,491,211,60,124,25
43,1000,80,5.13,10.3,18,37,29,966,22,6,6,34,7.579385646,131,266,26.81157332,13.32186185,7.378086998,7.775125752,478,10,2,3,15,488,12,4,3,19,493,507,209,57,113,18
45,1000,80,5.13,10.3,18,37,23,950,24,13,13,50,7.283941022,112,256,24.49041269,11.4970351,7.201426722,7.371910813,493,11,7,5,23,457,13,6,8,27,516,484,182,74,95,17
46,1000,80,5.13,10.3,18,37,19,957,16,14,13,43,7.519505793,111,232,22.42200843,11.08309821,7.145591529,7.913382625,494,5,10,4,19,463,11,4,9,24,513,487,159,73,94,17
42,1000,80,5.13,10.3,18,37,30,952,27,9,12,48,7.788019891,146,266,30.30533366,15.58938074,7.836173174,7.74480072,449,13,5,6,24,503,14,4,6,24,473,527,223,43,129,17
40,1000,80,5.13,10.3,18,37,61,959,29,7,5,41,7.646096395,285,412,117.1560254,61.31785817,8.849277104,6.403787859,478,19,6,5,30,481,10,1,0,11,508,492,377,35,268,17
41,1000,80,5.13,10.3,18,37,34,962,22,7,9,38,7.439609768,158,306,32.7759602,15.86146991,7.647365528,7.234332209,473,15,3,6,24,489,7,4,3,14,497,503,261,45,146,12
44,1000,80,5.13,10.3,18,37,29,956,25,9,10,44,7.494967408,149,262,28.44433361,14.16702641,7.243261212,7.755901122,486,16,3,4,23,470,9,6,6,21,509,491,210,52,126,23
47,1000,80,5.13,10.3,18,37,14,952,28,8,12,48,6.855655275,117,237,21.71336912,10.07396916,6.634533554,7.099074985,501,16,2,5,23,451,12,6,7,25,524,476,152,85,95,22
43,1000,80,5.13,10.3,18,37,30,965,23,6,6,35,7.616799927,132,260,27.46545988,13.62278074,7.446064473,7.782820792,478,10,2,3,15,487,13,4,3,20,493,507,215,45,115,17
45,1000,80,5.13,10.3,18,37,24,950,24,12,14,50,7.30768725,126,248,24.95930049,11.75962163,7.261210458,7.357236887,493,11,7,5,23,457,13,5,9,27,516,484,193,55,105,21
46,1000,80,5.13,10.3,18,37,20,957,17,14,12,43,7.531372949,94,239,22.77728236,11.29581783,7.152093618,7.930901279,494,6,10,3,19,463,11,4,9,24,513,487,166,73,81,13
42,1000,80,5.13,10.3,18,37,31,951,28,10,11,49,7.781237224,166,288,31.09263273,16.05014014,7.898841322,7.675683642,449,13,5,6,24,502,15,5,5,25,473,527,236,52,151,15
41,1000,80,5.13,10.3,18,37,35,962,22,7,9,38,7.44576009,148,308,33.79295567,16.34621009,7.664686818,7.229444813,473,15,3,6,24,489,7,4,3,14,497,503,261,47,131,17
40,1000,80,5.13,10.3,18,37,62,959,29,7,5,41,7.621622588,289,398,121.3530309,63.81254417,8.869415344,6.333251206,477,20,6,5,31,482,9,1,0,10,508,492,378,20,274,15
44,1000,80,5.13,10.3,18,37,30,958,23,9,10,42,7.525250893,152,262,29.03631468,14.51488878,7.206446977,7.855742122,488,14,3,4,21,470,9,6,6,21,509,491,214,48,135,17
43,1000,80,5.13,10.3,18,37,31,965,22,7,6,35,7.615627218,141,279,28.10516342,13.99299841,7.501025981,7.727063924,478,10,2,3,15,487,12,5,3,20,493,507,229,50,121,20
47,1000,80,5.13,10.3,18,37,15,953,26,9,12,47,6.86787506,96,233,21.96733136,10.24221702,6.671816838,7.083703859,501,15,3,5,23,452,11,6,7,24,524,476,157,76,69,27
45,1000,80,5.13,10.3,18,37,25,949,25,12,14,51,7.353494902,116,268,25.40617794,12.03214077,7.322384985,7.386661672,492,12,7,5,24,457,13,5,9,27,516,484,191,77,96,20
46,1000,80,5.13,10.3,18,37,21,956,18,15,11,44,7.514475936,127,230,23.108434,11.5125356,7.191404925,7.854795091,494,6,11,2,19,462,12,4,9,25,513,487,166,64,103,24
42,1000,80,5.13,10.3,18,37,32,951,30,9,10,49,7.768713623,157,316,31.8644439,16.54376028,7.933615645,7.620708583,448,14,5,6,25,503,16,4,4,24,473,527,270,46,144,13
41,1000,80,5.13,10.3,18,37,36,962,22,6,10,38,7.465660225,175,285,35.07500978,17.00591137,7.768023533,7.166903637,472,16,2,7,25,490,6,4,3,13,497,503,251,34,158,17
44,1000,80,5.13,10.3,18,37,31,960,22,9,9,40,7.533873068,161,281,29.98381896,14.99531784,7.280808507,7.796214945,488,14,3,4,21,472,8,6,5,19,509,491,230,51,140,21
43,1000,80,5.13,10.3,18,37,32,965,22,7,6,35,7.649563655,128,275,28.72553966,14.34334177,7.534575527,7.761376569,478,10,2,3,15,487,12,5,3,20,493,507,217,58,111,17
47,1000,80,5.13,10.3,18,37,16,953,27,9,11,47,6.885422465,103,212,22.16343667,10.36753096,6.746773149,7.038053226,501,15,3,5,23,452,12,6,6,24,524,476,143,69,77,26
40,1000,80,5.13,10.3,18,37,63,958,30,7,5,42,7.620554232,289,423,129.6237837,67.84400836,8.913747464,6.285305935,476,21,6,5,32,482,9,1,0,10,508,492,400,23,277,12
45,1000,80,5.13,10.3,18,37,26,950,24,12,14,50,7.385222643,134,261,26.05389113,12.34278991,7.363397699,7.40849056,493,11,7,5,23,457,13,5,9,27,516,484,200,61,107,27
46,1000,80,5.13,10.3,18,37,22,956,16,16,12,44,7.501562622,119,256,23.54633637,11.80966137,7.233453356,7.783985731,493,7,10,3,20,463,9,6,9,24,513,487,185,71,99,20
42,1000,80,5.13,10.3,18,37,33,954,28,9,9,46,7.763518179,156,301,32.59832244,16.96544108,7.959756163,7.587388072,448,14,5,6,25,506,14,4,3,21,473,527,251,50,141,15
41,1000,80,5.13,10.3,18,37,37,962,22,6,10,38,7.480268279,167,314,36.32729342,17.63200179,7.794780856,7.169507342,472,16,2,7,25,490,6,4,3,13,497,503,269,45,153,14
44,1000,80,5.13,10.3,18,37,32,960,22,9,9,40,7.562886418,147,281,30.95170846,15.4921969,7.325577793,7.808894747,488,14,3,4,21,472,8,6,5,19,509,491,238,43,128,19
43,1000,80,5.13,10.3,18,37,33,965,22,7,6,35,7.674504972,136,276,29.54391309,14.73787998,7.544855895,7.800573996,478,10,2,3,15,487,12,5,3,20,493,507,231,45,115,21
47,1000,80,5.13,10.3,18,37,17,955,26,9,10,45,6.870749823,104,232,22.44618517,10.54701637,6.729297371,7.026466389,502,14,4,4,22,453,12,5,6,23,524,476,167,65,81,23
40,1000,80,5.13,10.3,18,37,64,958,29,7,6,42,7.604992585,304,419,137.4892703,71.77902051,8.985693248,6.179391087,475,21,6,6,33,483,8,1,0,9,508,492,393,26,296,8
45,1000,80,5.13,10.3,18,37,27,950,24,12,14,50,7.413759721,128,275,26.5166467,12.62193279,7.385748008,7.443623448,493,11,7,5,23,457,13,5,9,27,516,484,216,59,106,22
46,1000,80,5.13,10.3,18,37,23,956,16,16,12,44,7.53753154,132,254,23.91067955,12.06787666,7.280985078,7.807774529,493,7,10,3,20,463,9,6,9,24,513,487,185,69,114,18
42,1000,80,5.13,10.3,18,37,34,955,28,9,8,45,7.715491444,163,300,33.64774699,17.56998928,7.945036549,7.50946709,449,14,5,5,24,506,14,4,3,21,473,527,253,47,144,19
41,1000,80,5.13,10.3,18,37,38,963,22,5,10,37,7.516967216,166,307,37.58328698,18.26895172,7.866415356,7.171687443,472,16,2,7,25,491,6,3,3,12,497,503,270,37,151,15
44,1000,80,5.13,10.3,18,37,33,960,22,9,9,40,7.566923549,152,310,32.17748516,16.15209994,7.3898336,7.750505593,488,14,3,4,21,472,8,6,5,19,509,491,254,56,137,15
43,1000,80,5.13,10.3,18,37,34,965,22,7,6,35,7.684608631,153,307,30.3532917,15.10460764,7.573201104,7.792939817,478,10,2,3,15,487,12,5,3,20,493,507,248,59,136,17
47,1000,80,5.13,10.3,18,37,18,956,26,8,10,44,6.88517264,108,225,22.66953834,10.68171365,6.75628816,7.027053875,502,14,4,4,22,454,12,4,6,22,524,476,161,64,80,28
45,1000,80,5.13,10.3,18,37,28,949,25,12,14,51,7.423031079,138,256,27.15476466,12.9729126,7.433990644,7.411346915,493,11,7,5,23,456,14,5,9,28,516,484,194,62,114,24
46,1000,80,5.13,10.3,18,37,24,956,15,16,13,44,7.567351688,131,238,24.30686506,12.34688629,7.346028001,7.800491424,493,7,9,4,20,463,8,7,9,24,513,487,182,56,102,29
40,1000,80,5.13,10.3,18,37,65,956,31,7,6,44,7.59451198,291,426,148.4560505,76.47371017,9.043970323,6.097916781,473,23,6,6,35,483,8,1,0,9,508,492,398,28,281,10
42,1000,80,5.13,10.3,18,37,35,954,29,9,8,46,7.732342954,171,309,34.53088529,18.04679663,7.963692885,7.524698708,448,15,5,5,25,506,14,4,3,21,473,527,265,44,159,12
41,1000,80,5.13,10.3,18,37,39,963,21,6,10,37,7.504788704,199,310,39.28308804,19.07051286,7.898480848,7.115792688,472,16,2,7,25,491,5,4,3,12,497,503,270,40,178,21
44,1000,80,5.13,10.3,18,37,34,957,25,9,9,43,7.558023731,168,298,33.49515189,16.9053642,7.421378172,7.6996787,487,15,3,4,22,470,10,6,5,21,509,491,254,44,155,13
43,1000,80,5.13,10.3,18,37,35,966,22,6,6,34,7.696077195,146,280,31.21302346,15.60511389,7.611043403,7.778762914,478,10,2,3,15,488,12,4,3,19,493,507,239,41,133,13
47,1000,80,5.13,10.3,18,37,19,956,26,8,10,44,6.912305186,98,240,23.005346,10.88899966,6.801919657,7.03382203,502,14,4,4,22,454,12,4,6,22,524,476,169,71,71,27
45,1000,80,5.13,10.3,18,37,29,951,23,12,14,49,7.427436208,139,259,27.85670362,13.3293702,7.471850737,7.380085182,494,9,8,5,22,457,14,4,9,27,516,484,206,53,120,19
46,1000,80,5.13,10.3,18,37,25,958,13,16,13,42,7.589423303,117,242,24.77758627,12.67242365,7.376829366,7.813367223,494,6,9,4,19,464,7,7,9,23,513,487,191,51,96,21
40,1000,80,5.13,10.3,18,37,66,957,30,7,6,43,7.537987604,295,418,161.8655178,82.81463296,9.05350684,5.973183189,473,23,6,6,35,484,7,1,0,8,508,492,398,20,285,10
42,1000,80,5.13,10.3,18,37,36,952,30,10,8,48,7.71739898,197,322,35.77375321,18.75874088,7.940437001,7.51721495,447,15,6,5,26,505,15,4,3,22,473,527,284,38,174,23
41,1000,80,5.13,10.3,18,37,40,964,21,5,10,36,7.493539079,182,335,41.28359931,20.05177493,7.918317278,7.073827817,472,16,2,7,25,492,5,3,3,11,497,503,278,57,167,15
44,1000,80,5.13,10.3,18,37,35,956,27,10,7,44,7.522171978,159,312,34.64976417,17.54257982,7.407265886,7.641290513,486,17,3,3,23,470,10,7,4,21,509,491,253,59,147,12
43,1000,80,5.13,10.3,18,37,36,965,23,6,6,35,7.708470325,155,291,32.12315464,16.05428601,7.713687023,7.703397678,476,12,2,3,17,489,11,4,3,18,493,507,250,41,143,12
47,1000,80,5.13,10.3,18,37,20,958,25,7,10,42,6.88839213,122,240,23.36149036,11.07796484,6.804770149,6.980446579,503,13,4,4,21,455,12,3,6,21,524,476,172,68,92,30
45,1000,80,5.13,10.3,18,37,30,950,23,12,15,50,7.458032234,138,255,28.60454259,13.70376436,7.530732322,7.380525528,493,10,7,6,23,457,13,5,9,27,516,484,199,56,116,22
46,1000,80,5.13,10.3,18,37,26,959,13,16,12,41,7.566641307,138,242,25.31754575,13.02964489,7.423635844,7.71728156,494,6,9,4,19,465,7,7,8,22,513,487,189,53,121,17
42,1000,80,5.13,10.3,18,37,37,952,30,10,8,48,7.718680628,193,337,36.91943178,19.40210712,7.974484962,7.489087743,447,15,6,5,26,505,15,4,3,22,473,527,289,48,173,20
41,1000,80,5.13,10.3,18,37,41,964,21,5,10,36,7.472433493,177,360,42.82760107,20.82103471,7.954494273,6.996122941,472,16,2,7,25,492,5,3,3,11,497,503,319,41,159,18
40,1000,80,5.13,10.3,18,37,67,957,30,7,6,43,7.49827191,304,427,168.7331049,86.53846699,9.029253434,5.917502369,473,23,6,6,35,484,7,1,0,8,508,492,397,30,291,13
44,1000,80,5.13,10.3,18,37,36,955,29,9,7,45,7.526766822,177,289,36.04495367,18.27431095,7.446990963,7.609467253,486,17,3,3,23,469,12,6,4,22,509,491,249,40,155,22
43,1000,80,5.13,10.3,18,37,37,965,22,8,5,35,7.718292054,165,299,33.06024081,16.54783492,7.774119012,7.664006668,476,11,3,3,17,489,11,5,2,18,493,507,251,48,147,18
47,1000,80,5.13,10.3,18,37,21,957,26,7,10,43,6.89240814,115,226,23.82084367,11.3239861,6.838315908,6.951955051,502,14,4,4,22,455,12,3,6,21,524,476,159,67,99,16
46,1000,80,5.13,10.3,18,37,27,959,13,16,12,41,7.59285827,140,260,25.82835793,13.3580034,7.489460599,7.701776144,494,6,9,4,19,465,7,7,8,22,513,487,205,55,119,21
45,1000,80,5.13,10.3,18,37,31,949,23,13,15,51,7.493360412,147,284,29.35264864,14.07320326,7.607567494,7.371602447,492,11,7,6,24,457,12,6,9,27,516,484,231,53,128,19
42,1000,80,5.13,10.3,18,37,38,952,31,9,8,48,7.72139278,177,336,38.25243463,20.18242119,8.024980783,7.448912466,447,15,6,5,26,505,16,3,3,22,473,527,292,44,162,15
41,1000,80,5.13,10.3,18,37,42,964,21,5,10,36,7.473944202,194,333,44.74934186,21.78901819,8.014593787,6.939743717,472,16,2,7,25,492,5,3,3,11,497,503,287,46,184,10
44,1000,80,5.13,10.3,18,37,37,957,28,9,6,43,7.515242929,173,282,37.77899544,19.24546111,7.446523378,7.58648173,486,17,3,3,23,471,11,6,3,20,509,491,244,38,157,16
43,1000,80,5.13,10.3,18,37,38,966,22,7,5,34,7.718755682,185,302,34.41812653,17.18893894,7.825234056,7.615217539,476,11,3,3,17,490,11,4,2,17,493,507,255,47,168,17
40,1000,80,5.13,10.3,18,37,68,958,30,6,6,42,7.475621215,340,436,179.0020754,91.72360654,9.083068659,5.815899057,473,23,6,6,35,485,7,0,0,7,508,492,414,22,327,13
47,1000,80,5.13,10.3,18,37,22,957,25,8,10,43,6.909929084,123,223,24.33649851,11.58467862,6.872487891,6.95114586,501,15,4,4,23,456,10,4,6,20,524,476,167,56,102,21
46,1000,80,5.13,10.3,18,37,28,959,13,15,13,41,7.622434023,149,262,26.2766475,13.6254871,7.553345619,7.695210926,494,6,8,5,19,465,7,7,8,22,513,487,204,58,117,32
45,1000,80,5.13,10.3,18,37,32,950,22,13,15,50,7.51518847,150,271,30.07478559,14.43093955,7.651002275,7.370395239,492,11,7,6,24,458,11,6,9,26,516,484,212,59,135,15
42,1000,80,5.13,10.3,18,37,39,952,30,10,8,48,7.724926655,196,331,39.95493979,21.11409543,8.077260658,7.408695188,448,14,6,5,25,504,16,4,3,23,473,527,293,38,185,11
41,1000,80,5.13,10.3,18,37,43,963,23,5,9,37,7.479848948,202,355,46.77332459,22.78945075,8.070173175,6.896566362,472,16,2,7,25,491,7,3,2,12,497,503,308,47,185,17
44,1000,80,5.13,10.3,18,37,38,957,28,9,6,43,7.550625476,176,332,39.18400138,19.99760385,7.513392662,7.58922324,486,17,3,3,23,471,11,6,3,20,509,491,286,46,162,14
43,1000,80,5.13,10.3,18,37,39,966,22,7,5,34,7.745942351,167,301,35.81659073,17.82431578,7.892099138,7.603821453,476,11,3,3,17,490,11,4,2,17,493,507,262,39,151,16
40,1000,80,5.13,10.3,18,37,69,958,30,6,6,42,7.422307274,320,413,189.3508214,96.89897743,9.084648773,5.705905889,473,23,6,6,35,485,7,0,0,7,508,492,394,19,312,8
47,1000,80,5.13,10.3,18,37,23,958,24,8,10,42,6.936209538,116,245,24.87516794,11.92784623,6.921916109,6.951944322,501,15,4,4,23,457,9,4,6,19,524,476,186,59,92,24
46,1000,80,5.13,10.3,18,37,29,959,13,14,14,41,7.657385236,141,284,26.84798091,14.0267453,7.6000301,7.717802453,494,6,7,6,19,465,7,7,8,22,513,487,224,60,120,21
45,1000,80,5.13,10.3,18,37,33,950,22,13,15,50,7.539714981,145,268,30.49577138,14.68057224,7.706675465,7.361715789,492,11,7,6,24,458,11,6,9,26,516,484,224,44,124,21
42,1000,80,5.13,10.3,18,37,40,950,32,10,8,50,7.755540999,215,363,42.1079294,22.26105237,8.130896108,7.418647325,446,16,6,5,27,504,16,4,3,23,473,527,320,43,195,20
41,1000,80,5.13,10.3,18,37,44,963,22,6,9,37,7.471866669,210,363,48.70414201,23.74924613,8.085197461,6.86585195,472,15,3,7,25,491,7,3,2,12,497,503,319,44,189,21
44,1000,80,5.13,10.3,18,37,39,959,27,8,6,41,7.55346911,188,328,41.14400922,21.04232238,7.570101606,7.536226868,486,17,3,3,23,473,10,5,3,18,509,491,279,49,168,20
43,1000,80,5.13,10.3,18,37,40,967,21,7,5,33,7.74579655,171,310,36.89825475,18.36155323,7.947569253,7.54959548,476,11,3,3,17,491,10,4,2,16,493,507,273,37,149,22
47,1000,80,5.13,10.3,18,37,24,960,22,8,10,40,6.943952481,141,257,25.43260466,12.26256261,6.965241581,6.92051658,502,14,3,5,22,458,8,5,5,18,524,476,188,69,119,22
40,1000,80,5.13,10.3,18,37,70,959,28,7,6,41,7.383516286,315,443,199.5265987,101.9397445,9.093313206,5.618116213,473,23,6,6,35,486,5,1,0,6,508,492,417,26,307,8
46,1000,80,5.13,10.3,18,37,30,961,11,15,13,39,7.650705346,142,256,27.40046642,14.38534391,7.647161541,7.654438348,494,6,7,6,19,467,5,8,7,20,513,487,195,61,122,20
45,1000,80,5.13,10.3,18,37,34,951,22,13,14,49,7.57725414,139,285,31.33163873,15.12141904,7.795632597,7.344437438,492,11,7,6,24,459,11,6,8,25,516,484,231,54,121,18
42,1000,80,5.13,10.3,18,37,41,949,33,10,8,51,7.771943136,207,352,44.11235382,23.3782457,8.209849575,7.378907566,445,17,6,5,28,504,16,4,3,23,473,527,309,43,195,12
41,1000,80,5.13,10.3,18,37,45,963,22,6,9,37,7.491443312,199,371,50.58785244,24.7265928,8.115343991,6.874984788,472,15,3,7,25,491,7,3,2,12,497,503,324,47,188,11
44,1000,80,5.13,10.3,18,37,40,960,26,8,6,40,7.52264739,198,343,43.28755356,22.34451755,7.603401148,7.438933208,487,16,3,3,22,473,10,5,3,18,509,491,290,53,180,18
43,1000,80,5.13,10.3,18,37,41,965,22,7,6,35,7.759694633,169,317,38.44276832,19.16750351,8.01020785,7.516098941,475,11,3,4,18,490,11,4,2,17,493,507,274,43,149,20
47,1000,80,5.13,10.3,18,37,25,960,23,8,9,40,6.937223088,126,236,25.94827246,12.54900269,6.970838409,6.900217986,501,15,3,5,23,459,8,5,4,17,524,476,172,64,112,14
46,1000,80,5.13,10.3,18,37,31,960,11,16,13,40,7.719603131,136,260,27.97419287,14.77891203,7.761504369,7.675464867,493,6,8,6,20,467,5,8,7,20,513,487,220,40,118,18
45,1000,80,5.13,10.3,18,37,35,953,19,13,15,47,7.558820318,162,294,32.30243305,15.645692,7.812806819,7.288041321,493,10,6,7,23,460,9,7,8,24,516,484,238,56,135,27
40,1000,80,5.13,10.3,18,37,71,959,28,7,6,41,7.398446878,321,427,212.440721,108.3107673,9.118367936,5.622593427,473,23,6,6,35,486,5,1,0,6,508,492,406,21,309,12
42,1000,80,5.13,10.3,18,37,42,950,32,10,8,50,7.753800224,203,357,45.96502061,24.41026184,8.212927154,7.341718558,445,17,6,5,28,505,15,4,3,22,473,527,317,40,190,13
41,1000,80,5.13,10.3,18,37,46,963,23,5,9,37,7.461870921,192,366,52.85437861,25.86901405,8.156232964,6.775791527,471,16,3,7,26,492,7,2,2,11,497,503,325,41,184,8
44,1000,80,5.13,10.3,18,37,41,959,27,8,6,41,7.546933035,196,307,45.46451492,23.66312344,7.656287564,7.433569583,487,16,3,3,22,472,11,5,3,19,509,491,275,32,177,19
43,1000,80,5.13,10.3,18,37,42,967,21,6,6,33,7.740959116,175,313,39.90774397,19.90941198,8.051921978,7.438582999,475,11,3,4,18,492,10,3,2,15,493,507,277,36,156,19
47,1000,80,5.13,10.3,18,37,26,960,23,8,9,40,6.965745218,126,250,26.43466557,12.8221405,7.000738864,6.927222801,501,15,3,5,23,459,8,5,4,17,524,476,201,49,112,14
46,1000,80,5.13,10.3,18,37,32,960,12,15,13,40,7.749277769,145,270,28.72010722,15.25541982,7.842280806,7.651309477,492,7,8,6,21,468,5,7,7,19,513,487,215,55,129,16
45,1000,80,5.13,10.3,18,37,36,954,17,13,16,46,7.600803268,141,284,33.54498712,16.27590981,7.899950182,7.281878045,493,9,6,8,23,461,8,7,8,23,516,484,232,52,120,21
42,1000,80,5.13,10.3,18,37,43,949,33,10,8,51,7.732858495,222,357,47.67788022,25.36206837,8.255925875,7.263388151,444,18,6,5,29,505,15,4,3,22,473,527,312,45,208,14
40,1000,80,5.13,10.3,18,37,72,960,27,7,6,40,7.378873646,328,429,226.9584199,116.4400845,9.142164287,5.558240219,473,23,6,6,35,487,4,1,0,5,508,492,406,23,315,13
41,1000,80,5.13,10.3,18,37,47,963,23,5,9,37,7.462625043,214,371,54.66945414,26.75722636,8.173537019,6.76019313,471,16,3,7,26,492,7,2,2,11,497,503,341,30,202,12
44,1000,80,5.13,10.3,18,37,42,958,26,10,6,42,7.566307574,199,313,47.40864323,24.82434514,7.72319993,7.403663563,486,15,5,3,23,472,11,5,3,19,509,491,276,37,183,16
43,1000,80,5.13,10.3,18,37,43,966,21,7,6,34,7.764678996,173,355,41.18095479,20.6986919,8.126181446,7.413158861,475,10,4,4,18,491,11,3,2,16,493,507,313,42,160,13
47,1000,80,5.13,10.3,18,37,27,960,23,8,9,40,7.004790913,128,273,27.03726821,13.18834799,7.055792045,6.948646809,501,15,3,5,23,459,8,5,4,17,524,476,210,63,109,19
46,1000,80,5.13,10.3,18,37,33,961,13,14,12,39,7.708064423,138,298,29.72139734,16.00280775,7.851949015,7.556498108,491,8,8,6,22,470,5,6,6,17,513,487,233,65,119,19
45,1000,80,5.13,10.3,18,37,37,953,19,13,15,47,7.634703726,171,321,34.56785063,16.73663179,7.994156427,7.251485557,492,10,6,8,24,461,9,7,7,23,516,484,269,52,150,21
42,1000,80,5.13,10.3,18,37,44,949,34,10,7,51,7.709518947,228,371,49.78594588,26.54282944,8.306584327,7.173632941,444,18,6,5,29,505,16,4,2,22,473,527,331,40,211,17
41,1000,80,5.13,10.3,18,37,48,963,22,6,9,37,7.458839717,234,368,57.62563387,28.16881156,8.207879315,6.718734985,471,15,4,7,26,492,7,2,2,11,497,503,335,33,220,14
44,1000,80,5.13,10.3,18,37,43,959,25,10,6,41,7.548739878,191,335,50.57464243,26.51303115,7.741666872,7.348740205,486,15,5,3,23,473,10,5,3,18,509,491,291,44,182,9
43,1000,80,5.13,10.3,18,37,44,966,21,7,6,34,7.74088995,189,329,42.36287641,21.37682477,8.135150948,7.357515844,475,10,4,4,18,491,11,3,2,16,493,507,289,40,170,19
40,1000,80,5.13,10.3,18,37,73,959,27,8,6,41,7.392750886,336,441,242.9596935,124.2843811,9.213540831,5.512748259,472,23,7,6,36,487,4,1,0,5,508,492,422,19,325,11
47,1000,80,5.13,10.3,18,37,28,960,23,8,9,40,7.030888275,125,256,27.53645875,13.49612,7.090130953,6.965671546,501,15,3,5,23,459,8,5,4,17,524,476,208,48,107,18
45,1000,80,5.13,10.3,18,37,38,954,20,12,14,46,7.626113809,155,289,35.85588879,17.34051278,8.024827669,7.201038701,492,10,6,8,24,462,10,6,6,22,516,484,241,48,138,17
46,1000,80,5.13,10.3,18,37,34,960,14,14,12,40,7.701727355,164,270,30.68657916,16.67429932,7.929128496,7.462185701,490,9,8,6,23,470,5,6,6,17,513,487,226,44,142,22
42,1000,80,5.13,10.3,18,37,45,951,32,10,7,49,7.673723486,232,374,52.22931671,27.97877725,8.352804114,7.064226073,444,18,6,5,29,507,14,4,2,20,473,527,334,40,220,12
41,1000,80,5.13,10.3,18,37,49,964,21,6,9,36,7.426848894,248,381,60.52180583,29.55029743,8.225927943,6.637301604,471,15,4,7,26,493,6,2,2,10,497,503,343,38,233,15
44,1000,80,5.13,10.3,18,37,44,961,24,11,4,39,7.550963688,220,342,53.78525324,28.3531506,7.796788793,7.296126665,486,15,5,3,23,475,9,6,1,16,509,491,304,38,205,15
43,1000,80,5.13,10.3,18,37,45,967,19,7,7,33,7.738871069,172,356,43.58032694,22.04471454,8.213105783,7.277731593,475,9,4,5,18,492,10,3,2,15,493,507,320,36,157,15
40,1000,80,5.13,10.3,18,37,74,959,27,7,7,41,7.409136239,338,449,262.6464437,133.1005784,9.297685196,5.459171055,472,23,6,7,36,487,4,1,0,5,508,492,421,28,322,16
47,1000,80,5.13,10.3,18,37,29,962,22,7,9,38,7.006625987,144,276,28.20062238,13.8136556,7.110314173,6.892481849,501,15,3,5,23,461,7,4,4,15,524,476,216,60,125,19
45,1000,80,5.13,10.3,18,37,39,957,18,11,14,43,7.609852804,166,314,36.58509661,17.76988023,8.070616492,7.118625402,492,10,6,8,24,465,8,5,6,19,516,484,265,49,152,14
46,1000,80,5.13,10.3,18,37,35,960,14,13,13,40,7.720634434,167,295,31.74695622,17.33732005,7.983200041,7.444050949,490,9,7,7,23,470,5,6,6,17,513,487,237,58,147,20
42,1000,80,5.13,10.3,18,37,46,951,32,10,7,49,7.640544186,215,364,54.25528068,29.13538752,8.352804114,7.001267249,444,18,6,5,29,507,14,4,2,20,473,527,340,24,201,14
41,1000,80,5.13,10.3,18,37,50,964,22,6,8,36,7.370845067,250,384,64.73621769,31.56621963,8.265626274,6.486737194,470,16,4,7,27,494,6,2,1,9,497,503,353,31,240,10
44,1000,80,5.13,10.3,18,37,45,961,24,11,4,39,7.586141484,217,341,56.38536408,29.72139494,7.872375752,7.289413902,486,15,5,3,23,475,9,6,1,16,509,491,299,42,193,24
43,1000,80,5.13,10.3,18,37,46,967,19,7,7,33,7.764517818,178,345,45.26335108,22.98964988,8.269662673,7.273321737,475,9,4,5,18,492,10,3,2,15,493,507,308,37,167,11
40,1000,80,5.13,10.3,18,37,75,957,29,7,7,43,7.429059488,354,434,273.0871711,138.8069151,9.327341936,5.469044278,470,25,6,7,38,487,4,1,0,5,508,492,421,13,340,14
47,1000,80,5.13,10.3,18,37,30,963,22,7,8,37,6.994069837,137,275,28.93539507,14.26431957,7.112337454,6.863876074,502,14,3,5,22,461,8,4,3,15,524,476,214,61,112,25
45,1000,80,5.13,10.3,18,37,40,957,16,13,14,43,7.655860242,158,313,38.37910222,18.59869188,8.131080284,7.149220693,492,9,7,8,24,465,7,6,6,19,516,484,265,48,145,13
46,1000,80,5.13,10.3,18,37,36,960,14,13,13,40,7.725164729,172,279,32.8429283,18.04393852,8.037818471,7.395819002,490,9,7,7,23,470,5,6,6,17,513,487,232,47,159,13
42,1000,80,5.13,10.3,18,37,47,952,32,9,7,48,7.599861591,231,384,56.2344704,30.1270479,8.378544524,6.900967802,444,18,5,6,29,508,14,4,1,19,473,527,337,47,219,12
41,1000,80,5.13,10.3,18,37,51,964,22,5,9,36,7.375182345,238,410,68.44166342,33.39858748,8.356937851,6.405137641,469,17,3,8,28,495,5,2,1,8,497,503,367,43,231,7
44,1000,80,5.13,10.3,18,37,46,962,22,12,4,38,7.595768597,214,333,59.23207009,31.14763834,7.910618289,7.269376553,486,14,6,3,23,476,8,6,1,15,509,491,295,38,201,13
43,1000,80,5.13,10.3,18,37,47,965,21,7,7,35,7.781691719,208,342,47.02522339,23.92015393,8.358073278,7.221226021,473,11,4,5,20,492,10,3,2,15,493,507,306,36,194,14
40,1000,80,5.13,10.3,18,37,76,956,30,7,7,44,7.442735552,351,444,292.483466,148.9042317,9.408424112,5.413122162,469,26,6,7,39,487,4,1,0,5,508,492,436,8,345,6
47,1000,80,5.13,10.3,18,37,31,962,23,7,8,38,7.037596507,134,292,29.54171949,14.62247191,7.161261934,6.901460618,502,14,3,5,22,460,9,4,3,16,524,476,225,67,125,9
45,1000,80,5.13,10.3,18,37,41,960,16,12,12,40,7.634282776,171,295,40.58069904,19.64011585,8.14538872,7.089384704,492,9,7,8,24,468,7,5,4,16,516,484,260,35,151,20
46,1000,80,5.13,10.3,18,37,37,960,15,13,12,40,7.683123033,174,303,34.09131924,18.81692726,8.032310429,7.315293188,490,10,7,6,23,470,5,6,6,17,513,487,257,46,153,21
42,1000,80,5.13,10.3,18,37,48,953,31,9,7,47,7.579798293,244,377,58.9616144,31.62470639,8.384199198,6.857821769,444,18,5,6,29,509,13,4,1,18,473,527,349,28,231,13
41,1000,80,5.13,10.3,18,37,52,962,23,5,10,38,7.377792473,256,393,73.21172315,35.94215872,8.398297597,6.369460372,469,17,3,8,28,493,6,2,2,10,497,503,356,37,244,12
44,1000,80,5.13,10.3,18,37,47,963,21,12,4,37,7.580894276,214,351,61.90042439,32.64403159,7.95848953,7.189456426,486,14,6,3,23,477,7,6,1,14,509,491,320,31,210,4
43,1000,80,5.13,10.3,18,37,48,965,22,6,7,35,7.743855052,206,357,48.72348232,24.74987729,8.377110679,7.128085774,473,11,4,5,20,492,11,2,2,15,493,507,323,34,189,17
47,1000,80,5.13,10.3,18,37,32,962,23,7,8,38,7.054324912,161,272,30.70453177,15.26111483,7.215084884,6.877353851,502,14,3,5,22,460,9,4,3,16,524,476,222,50,138,23
45,1000,80,5.13,10.3,18,37,42,957,19,12,12,43,7.66269872,185,300,42.07811,20.36959828,8.194953772,7.09525325,490,11,7,8,26,467,8,5,4,17,516,484,265,35,171,14
40,1000,80,5.13,10.3,18,37,77,955,31,7,7,45,7.436366661,352,454,309.3064835,157.8394164,9.490064157,5.315882254,468,27,6,7,40,487,4,1,0,5,508,492,427,27,346,6
46,1000,80,5.13,10.3,18,37,38,962,14,12,12,38,7.68055164,159,335,35.51537377,19.6943605,8.089113773,7.250177155,490,10,7,6,23,472,4,5,6,15,513,487,277,58,142,17
42,1000,80,5.13,10.3,18,37,49,953,31,9,7,47,7.616957993,236,395,61.05640207,32.73543129,8.435396218,6.882382508,444,18,5,6,29,509,13,4,1,18,473,527,363,32,226,10
44,1000,80,5.13,10.3,18,37,48,962,22,11,5,38,7.56841845,220,356,65.30119954,34.56202597,8.003553349,7.117331559,485,15,5,4,24,477,7,6,1,14,509,491,312,44,203,17
41,1000,80,5.13,10.3,18,37,53,961,24,5,10,39,7.402067688,250,379,78.28613862,38.55247383,8.428698159,6.387683306,469,17,3,8,28,492,7,2,2,11,497,503,354,25,239,11
43,1000,80,5.13,10.3,18,37,49,965,22,6,7,35,7.727964725,206,357,51.02069561,25.97970031,8.403664174,7.070923643,473,11,4,5,20,492,11,2,2,15,493,507,326,31,186,20
47,1000,80,5.13,10.3,18,37,33,961,24,6,9,39,7.08535345,142,289,31.60344882,15.78829233,7.241671248,6.913272513,502,14,3,5,22,459,10,3,4,17,524,476,238,51,126,16
45,1000,80,5.13,10.3,18,37,43,957,19,11,13,43,7.65439455,176,320,43.92165495,21.28018974,8.223412708,7.047755356,490,11,7,8,26,467,8,4,5,17,516,484,278,42,165,11
46,1000,80,5.13,10.3,18,37,39,962,14,12,12,38,7.66884908,168,319,37.02360438,20.6554595,8.11737029,7.196382179,490,10,7,6,23,472,4,5,6,15,513,487,268,51,149,19
42,1000,80,5.13,10.3,18,37,50,953,31,9,7,47,7.598007899,251,407,63.43426216,34.12357445,8.459670529,6.824637076,444,18,5,6,29,509,13,4,1,18,473,527,379,28,232,19
40,1000,80,5.13,10.3,18,37,78,955,31,7,7,45,7.413796955,364,444,323.6409296,166.739641,9.496362338,5.263505868,468,27,6,7,40,487,4,1,0,5,508,492,436,8,355,9
44,1000,80,5.13,10.3,18,37,49,962,22,11,5,38,7.586288686,223,365,68.35476257,36.19083191,8.014654328,7.142219212,485,15,5,4,24,477,7,6,1,14,509,491,330,35,208,15
41,1000,80,5.13,10.3,18,37,54,961,23,6,10,39,7.415251238,252,410,83.44462464,41.07942448,8.473239194,6.369883416,469,16,4,8,28,492,7,2,2,11,497,503,379,31,242,10
43,1000,80,5.13,10.3,18,37,50,964,23,6,7,36,7.748486623,206,373,53.78182072,27.46087483,8.459753627,7.056860128,473,11,4,5,20,491,12,2,2,16,493,507,333,40,195,11
47,1000,80,5.13,10.3,18,37,34,961,24,6,9,39,7.09317732,161,314,32.65181006,16.41757019,7.282802459,6.884430318,501,15,3,5,23,460,9,3,4,16,524,476,239,75,136,25
45,1000,80,5.13,10.3,18,37,44,958,18,11,13,42,7.662981077,181,323,46.83494852,22.66610444,8.25905003,7.027502605,490,11,7,8,26,468,7,4,5,16,516,484,275,48,165,16
46,1000,80,5.13,10.3,18,37,40,963,15,11,11,37,7.666142842,176,314,38.56196783,21.57888993,8.19419875,7.109895036,490,10,7,6,23,473,5,4,5,14,513,487,260,54,163,13
42,1000,80,5.13,10.3,18,37,51,952,33,9,6,48,7.573267866,256,403,65.4201288,35.33598893,8.503304415,6.73852918,443,20,5,5,30,509,13,4,1,18,473,527,367,36,241,15
44,1000,80,5.13,10.3,18,37,50,961,23,11,5,39,7.581859557,229,360,71.60685288,38.15128212,8.049944646,7.096614526,484,16,5,4,25,477,7,6,1,14,509,491,323,37,219,10
41,1000,80,5.13,10.3,18,37,55,960,24,6,10,40,7.397790549,263,411,89.83651944,44.21404557,8.502303526,6.306452678,469,16,4,8,28,491,8,2,2,12,497,503,383,28,252,11
43,1000,80,5.13,10.3,18,37,51,965,22,6,7,35,7.756645083,214,363,57.22190236,29.27716842,8.529575107,7.005058295,473,11,4,5,20,492,11,2,2,15,493,507,328,35,201,13
40,1000,80,5.13,10.3,18,37,79,955,31,7,7,45,7.406484982,362,466,335.5819012,174.532452,9.533459027,5.210341049,468,27,6,7,40,487,4,1,0,5,508,492,443,23,351,11
47,1000,80,5.13,10.3,18,37,35,960,23,8,9,40,7.10837301,165,285,33.46994338,16.9218143,7.340201973,6.853166337,501,13,5,5,23,459,10,3,4,17,524,476,237,48,139,26
45,1000,80,5.13,10.3,18,37,45,957,20,11,12,43,7.629327424,198,322,49.60327975,23.94565166,8.254496155,6.962825224,489,12,7,8,27,468,8,4,4,16,516,484,279,43,186,12
46,1000,80,5.13,10.3,18,37,41,962,16,11,11,38,7.661311911,181,294,40.21393826,22.46073145,8.23987709,7.051858243,489,11,7,6,24,473,5,4,5,14,513,487,251,43,171,10
42,1000,80,5.13,10.3,18,37,52,951,32,10,7,49,7.539652076,266,390,67.94502999,36.77728894,8.505068525,6.673158754,442,20,6,5,31,509,12,4,2,18,473,527,353,37,249,17
44,1000,80,5.13,10.3,18,37,51,961,23,11,5,39,7.579731148,250,379,75.5591849,40.09990248,8.092436495,7.048230086,484,16,5,4,25,477,7,6,1,14,509,491,346,33,238,12
41,1000,80,5.13,10.3,18,37,56,960,23,7,10,40,7.387352235,275,400,96.62134444,47.53665007,8.56577541,6.222985798,468,16,5,8,29,492,7,2,2,11,497,503,375,25,257,18
43,1000,80,5.13,10.3,18,37,52,963,23,7,7,37,7.78948179,236,376,60.0348593,30.97701444,8.623377685,6.978612606,471,12,5,5,22,492,11,2,2,15,493,507,343,33,219,17
40,1000,80,5.13,10.3,18,37,80,955,30,8,7,45,7.402752745,374,465,353.7516086,183.3073517,9.565252917,5.169927364,468,27,6,7,40,487,3,2,0,5,508,492,439,26,364,10
47,1000,80,5.13,10.3,18,37,36,960,23,8,9,40,7.146244354,162,289,34.55984006,17.57126399,7.364176221,6.906336165,501,13,5,5,23,459,10,3,4,17,524,476,241,48,141,21
45,1000,80,5.13,10.3,18,37,46,956,21,10,13,44,7.671541106,185,333,51.13548625,24.7542643,8.294794364,7.007081021,488,13,6,9,28,468,8,4,4,16,516,484,299,34,168,17
42,1000,80,5.13,10.3,18,37,53,953,28,11,8,47,7.539717987,286,420,71.13945208,38.4915476,8.570368082,6.614675302,443,18,6,6,30,510,10,5,2,17,473,527,391,29,270,16
46,1000,80,5.13,10.3,18,37,42,961,17,11,11,39,7.648103422,202,338,41.749144,23.51931347,8.241048782,7.023501841,488,12,7,6,25,473,5,4,5,14,513,487,288,50,186,16
44,1000,80,5.13,10.3,18,37,52,961,23,10,6,39,7.588842566,242,370,79.61175611,42.04804403,8.136480542,7.021128249,484,16,5,4,25,477,7,5,2,14,509,491,334,36,228,14
41,1000,80,5.13,10.3,18,37,57,960,23,7,10,40,7.368753636,272,408,104.3550581,51.00123179,8.577659243,6.174268374,468,16,5,8,29,492,7,2,2,11,497,503,378,30,262,10
43,1000,80,5.13,10.3,18,37,53,963,22,8,7,37,7.801168805,238,364,62.65370913,32.34796106,8.643795733,6.981809682,471,12,5,5,22,492,10,3,2,15,493,507,338,26,223,15
40,1000,80,5.13,10.3,18,37,81,955,30,8,7,45,7.385852733,365,459,375.1415501,192.7544216,9.577971673,5.122445371,468,27,6,7,40,487,3,2,0,5,508,492,437,22,349,16
47,1000,80,5.13,10.3,18,37,37,959,24,8,9,41,7.141679238,169,278,35.86505624,18.29100331,7.396990319,6.860622502,501,13,5,5,23,458,11,3,4,18,524,476,237,41,149,20
45,1000,80,5.13,10.3,18,37,47,956,20,11,13,44,7.649314106,196,341,53.65438951,25.91200364,8.298663275,6.95703276,488,13,6,9,28,468,7,5,4,16,516,484,298,43,171,25
42,1000,80,5.13,10.3,18,37,54,953,28,11,8,47,7.526022092,276,401,74.1855167,40.26590713,8.606116296,6.556601678,443,18,6,6,30,510,10,5,2,17,473,527,370,31,257,19
46,1000,80,5.13,10.3,18,37,43,962,17,10,11,38,7.617252782,203,337,43.30935534,24.60063064,8.268687933,6.931038753,488,12,6,7,25,474,5,4,4,13,513,487,285,52,188,15
44,1000,80,5.13,10.3,18,37,53,961,23,9,7,39,7.61671094,269,386,82.97013341,43.81218871,8.177226072,7.035647392,484,16,4,5,25,477,7,5,2,14,509,491,348,38,252,17
41,1000,80,5.13,10.3,18,37,58,961,24,6,9,39,7.337348672,278,411,115.5067114,55.97572336,8.559136418,6.130134936,468,17,5,7,29,493,7,1,2,10,497,503,383,28,264,14
43,1000,80,5.13,10.3,18,37,54,963,22,8,7,37,7.788004811,243,388,65.7144731,33.88076959,8.701697578,6.89954222,471,12,5,5,22,492,10,3,2,15,493,507,351,37,230,13
40,1000,80,5.13,10.3,18,37,82,956,29,8,7,44,7.372269631,384,465,392.0464321,201.2877385,9.62709523,5.044116371,468,27,6,7,40,488,2,2,0,4,508,492,444,21,374,10
45,1000,80,5.13,10.3,18,37,48,955,21,11,13,45,7.675447584,200,328,55.67069217,26.88779169,8.360327075,6.945286805,488,13,6,9,28,467,8,5,4,17,516,484,297,31,184,16
47,1000,80,5.13,10.3,18,37,38,960,24,7,9,40,7.169901817,172,310,37.2912155,19.14398916,7.444976202,6.867088839,500,14,5,5,24,460,10,2,4,16,524,476,275,35,153,19
42,1000,80,5.13,10.3,18,37,55,956,26,10,8,44,7.47432931,286,428,78.10723487,42.42087824,8.635878661,6.431800195,443,18,6,6,30,513,8,4,2,14,473,527,397,31,276,10
46,1000,80,5.13,10.3,18,37,44,961,16,12,11,39,7.66408014,197,316,44.99239454,25.83898369,8.343809816,6.948060995,487,11,8,7,26,474,5,4,4,13,513,487,280,36,180,17
44,1000,80,5.13,10.3,18,37,54,960,23,10,7,40,7.611386828,260,369,87.00888995,46.0220555,8.201838578,6.999289188,484,16,4,5,25,476,7,6,2,15,509,491,338,31,249,11
41,1000,80,5.13,10.3,18,37,59,962,24,5,9,38,7.30810958,283,418,124.5908026,60.00444157,8.580308871,6.051085628,468,17,5,7,29,494,7,0,2,9,497,503,389,29,273,10
43,1000,80,5.13,10.3,18,37,55,963,21,9,7,37,7.811643068,241,390,68.8568133,35.61220865,8.762535499,6.887008022,471,11,6,5,22,492,10,3,2,15,493,507,359,31,232,9
42,1000,80,5.13,10.3,18,37,56,956,26,10,8,44,7.452461168,275,417,82.1166073,44.70370873,8.685271159,6.345973264,443,18,6,6,30,513,8,4,2,14,473,527,396,21,264,11
45,1000,80,5.13,10.3,18,37,49,956,21,10,13,44,7.646743826,187,350,57.6486859,27.86385754,8.378409821,6.86670322,488,13,6,9,28,468,8,4,4,16,516,484,306,44,175,12
47,1000,80,5.13,10.3,18,37,39,959,25,7,9,41,7.163725943,168,315,39.26255764,20.17090627,7.458764479,6.838935622,499,15,5,5,25,460,10,2,4,16,524,476,264,51,149,19
40,1000,80,5.13,10.3,18,37,83,955,30,8,7,45,7.361161739,376,455,409.9077776,209.8171514,9.667942128,4.979364103,467,28,6,7,41,488,2,2,0,4,508,492,439,16,374,2
46,1000,80,5.13,10.3,18,37,45,961,17,12,10,39,7.620538015,206,333,47.003238,27.23585631,8.376774584,6.82392742,487,11,8,7,26,474,6,4,3,13,513,487,291,42,184,22
44,1000,80,5.13,10.3,18,37,55,960,24,9,7,40,7.606872357,247,377,92.28236199,48.80723326,8.232174753,6.958646452,484,16,4,5,25,476,8,5,2,15,509,491,346,31,234,13
43,1000,80,5.13,10.3,18,37,56,965,20,9,6,35,7.7862534,255,403,72.15688654,37.29290282,8.810358294,6.790427537,471,11,6,5,22,494,9,3,1,13,493,507,366,37,239,16
41,1000,80,5.13,10.3,18,37,60,962,23,6,9,38,7.29848748,290,418,135.0463405,64.93349403,8.626197992,5.98661447,468,16,6,7,29,494,7,0,2,9,497,503,391,27,277,13
42,1000,80,5.13,10.3,18,37,57,956,27,9,8,44,7.432948762,273,427,86.29478777,46.97568472,8.724672217,6.273584068,442,19,6,6,31,514,8,3,2,13,473,527,395,32,266,7
45,1000,80,5.13,10.3,18,37,50,956,21,10,13,44,7.62443084,208,351,59.95191802,29.09330781,8.424342951,6.771631978,488,13,6,9,28,468,8,4,4,16,516,484,313,38,189,19
47,1000,80,5.13,10.3,18,37,40,959,25,7,9,41,7.163870327,180,333,41.92841779,21.64559852,7.478745381,6.817243166,499,15,5,5,25,460,10,2,4,16,524,476,276,57,167,13
46,1000,80,5.13,10.3,18,37,46,960,17,13,10,40,7.640690237,187,337,49.02318144,28.76121363,8.428821231,6.810482435,487,10,9,7,26,473,7,4,3,14,513,487,290,47,171,16
44,1000,80,5.13,10.3,18,37,56,960,25,8,7,40,7.548494774,259,385,97.55923296,51.56938044,8.261787557,6.809052765,484,16,4,5,25,476,9,4,2,15,509,491,360,25,247,12
40,1000,80,5.13,10.3,18,37,84,954,31,8,7,46,7.408952884,381,464,422.2008799,216.3688764,9.762689064,4.978672439,466,29,6,7,42,488,2,2,0,4,508,492,443,21,377,4
41,1000,80,5.13,10.3,18,37,61,961,24,6,9,39,7.255166872,284,427,144.9205963,69.39939696,8.627192399,5.899507455,468,16,6,7,29,493,8,0,2,10,497,503,394,33,272,12
43,1000,80,5.13,10.3,18,37,57,964,21,9,6,36,7.790226478,256,417,75.91226274,39.1971567,8.857482919,6.75244063,471,11,6,5,22,493,10,3,1,14,493,507,387,30,246,10
42,1000,80,5.13,10.3,18,37,58,957,25,10,8,43,7.423939026,298,425,90.69824818,49.28301163,8.774781119,6.211513391,442,19,6,6,31,515,6,4,2,12,473,527,401,24,287,11
45,1000,80,5.13,10.3,18,37,51,956,21,10,13,44,7.604835006,211,361,61.87076816,30.19102084,8.482945771,6.66866733,487,14,6,9,29,469,7,4,4,15,516,484,322,39,197,14
47,1000,80,5.13,10.3,18,37,41,959,24,8,9,41,7.198684903,175,319,44.42508788,22.99124877,7.521630363,6.843173514,499,15,5,5,25,460,9,3,4,16,524,476,275,44,159,16
46,1000,80,5.13,10.3,18,37,47,960,17,13,10,40,7.639638549,190,360,51.0189552,29.90621917,8.487176746,6.746851907,486,11,9,7,27,474,6,4,3,13,513,487,313,47,175,15
44,1000,80,5.13,10.3,18,37,57,961,24,8,7,39,7.55061945,277,387,104.5844624,55.33213412,8.28389469,6.79046243,485,16,3,5,24,476,8,5,2,15,509,491,355,32,268,9
43,1000,80,5.13,10.3,18,37,58,965,21,8,6,35,7.787460011,263,418,81.98974045,42.0688619,8.9188536,6.68730806,471,11,6,5,22,494,10,2,1,13,493,507,384,34,256,7
41,1000,80,5.13,10.3,18,37,62,962,22,7,9,38,7.252542867,291,427,154.6100933,73.97375093,8.653497522,5.868299401,468,16,6,7,29,494,6,1,2,9,497,503,397,30,274,17
40,1000,80,5.13,10.3,18,37,85,955,30,8,7,45,7.385890355,395,459,441.8662487,226.5259936,9.810976247,4.88193988,466,28,7,7,42,489,2,1,0,3,508,492,441,18,386,9
42,1000,80,5.13,10.3,18,37,59,957,24,11,8,43,7.415894278,286,446,96.08107509,52.04248782,8.80309687,6.170833886,442,19,6,6,31,515,5,5,2,12,473,527,418,28,278,8
45,1000,80,5.13,10.3,18,37,52,957,20,10,13,43,7.598437654,220,363,63.46407867,31.01128928,8.529105361,6.606238198,487,14,6,9,29,470,6,4,4,14,516,484,330,33,203,17
47,1000,80,5.13,10.3,18,37,42,960,23,8,9,40,7.197612337,195,356,46.51285694,24.2911228,7.558871721,6.799923436,499,15,5,5,25,461,8,3,4,15,524,476,304,52,174,21
44,1000,80,5.13,10.3,18,37,58,961,23,9,7,39,7.53883467,255,386,110.278483,58.77478908,8.299709798,6.750065953,485,15,4,5,24,476,8,5,2,15,509,491,358,28,242,13
46,1000,80,5.13,10.3,18,37,48,963,14,13,10,37,7.590061653,206,343,53.4074177,31.28262865,8.512175463,6.618717947,486,10,10,7,27,477,4,3,3,10,513,487,304,39,185,21
43,1000,80,5.13,10.3,18,37,59,965,21,8,6,35,7.779023629,275,407,87.09500752,44.47698777,8.981723271,6.609534628,471,11,6,5,22,494,10,2,1,13,493,507,379,28,263,12
41,1000,80,5.13,10.3,18,37,63,963,20,8,9,37,7.251883043,292,438,168.2948569,80.05171945,8.716501437,5.804735246,468,15,7,7,29,495,5,1,2,8,497,503,405,33,281,11
40,1000,80,5.13,10.3,18,37,86,955,29,9,7,45,7.35444595,392,463,468.3560568,240.8873679,9.85331916,4.77430857,466,27,8,7,42,489,2,1,0,3,508,492,445,18,384,8
42,1000,80,5.13,10.3,18,37,60,957,23,12,8,43,7.446599001,306,452,101.0279868,54.48594474,8.850104165,6.186906511,442,18,7,6,31,515,5,5,2,12,473,527,419,33,287,19
45,1000,80,5.13,10.3,18,37,53,957,20,10,13,43,7.591992683,221,366,65.13272103,31.94413268,8.548698132,6.572033982,487,14,6,9,29,470,6,4,4,14,516,484,328,38,203,18
47,1000,80,5.13,10.3,18,37,43,960,23,8,9,40,7.196882529,203,341,48.67277133,25.43123159,7.588780181,6.765465786,499,15,5,5,25,461,8,3,4,15,524,476,302,39,182,21
44,1000,80,5.13,10.3,18,37,59,961,23,9,7,39,7.512242937,296,390,116.6026278,62.23964321,8.327567249,6.667028935,485,15,4,5,24,476,8,5,2,15,509,491,362,28,281,15
46,1000,80,5.13,10.3,18,37,49,963,14,13,10,37,7.579875187,217,358,55.76816435,32.63040941,8.53108527,6.577881814,486,10,10,7,27,477,4,3,3,10,513,487,315,43,207,10
41,1000,80,5.13,10.3,18,37,64,962,20,9,9,38,7.275051733,306,432,184.0254059,87.19619656,8.798441724,5.769833391,467,15,8,7,30,495,5,1,2,8,497,503,404,28,297,9
43,1000,80,5.13,10.3,18,37,60,963,22,9,6,37,7.774697674,274,429,91.48317123,46.55623738,9.002527123,6.580772786,469,13,6,5,24,494,9,3,1,13,493,507,394,35,257,17
40,1000,80,5.13,10.3,18,37,87,953,31,9,7,47,7.345816577,386,473,495.3883118,256.3844122,9.8887726,4.720162798,464,29,8,7,44,489,2,1,0,3,508,492,455,18,379,7
42,1000,80,5.13,10.3,18,37,61,959,20,13,8,41,7.439297876,318,452,107.3448795,58.06082248,8.925181916,6.105667609,442,17,8,6,31,517,3,5,2,10,473,527,424,28,309,9
45,1000,80,5.13,10.3,18,37,54,956,22,10,12,44,7.592263194,217,368,66.86287846,32.84013155,8.618507747,6.49816776,486,15,6,9,30,470,7,4,3,14,516,484,337,31,202,15
44,1000,80,5.13,10.3,18,37,60,960,24,9,7,40,7.484804653,277,410,122.1315368,64.89491648,8.336534298,6.601850703,485,15,4,5,24,475,9,5,2,16,509,491,383,27,265,12
47,1000,80,5.13,10.3,18,37,44,959,24,8,9,41,7.203605585,194,338,50.48719733,26.47983103,7.653776962,6.708038774,497,17,5,5,27,462,7,3,4,14,524,476,299,39,181,13
43,1000,80,5.13,10.3,18,37,61,961,24,9,6,39,7.784761864,271,422,96.68846701,49.11639157,9.055934284,6.548690853,467,15,6,5,26,494,9,3,1,13,493,507,392,30,258,13
41,1000,80,5.13,10.3,18,37,65,961,21,9,9,39,7.268155805,303,430,203.1258736,95.46898079,8.839960213,5.715100555,466,16,8,7,31,495,5,1,2,8,497,503,411,19,296,7
46,1000,80,5.13,10.3,18,37,50,963,14,13,10,37,7.599115899,219,355,58.00970496,33.79068935,8.569494413,6.576930729,486,10,10,7,27,477,4,3,3,10,513,487,324,31,208,11
40,1000,80,5.13,10.3,18,37,88,952,32,9,7,48,7.347519368,409,469,523.5510039,271.6290317,9.917031343,4.694446027,464,29,8,7,44,488,3,1,0,4,508,492,456,13,399,10
42,1000,80,5.13,10.3,18,37,62,958,21,13,8,42,7.461637501,323,445,114.1730133,61.51318844,8.991445786,6.088583765,440,18,9,6,33,518,3,4,2,9,473,527,420,25,308,15
45,1000,80,5.13,10.3,18,37,55,958,19,11,12,42,7.598132621,227,376,69.35733614,33.93593258,8.667994581,6.457535986,487,13,7,9,29,471,6,4,3,13,516,484,339,37,211,16
44,1000,80,5.13,10.3,18,37,61,961,23,9,7,39,7.516090511,305,392,130.8107516,69.41852431,8.381028361,6.619444145,485,15,4,5,24,476,8,5,2,15,509,491,366,26,291,14
47,1000,80,5.13,10.3,18,37,45,959,23,9,9,41,7.21067577,207,354,52.70283122,27.66254254,7.671835772,6.703012238,497,16,6,5,27,462,7,3,4,14,524,476,306,48,192,15
43,1000,80,5.13,10.3,18,37,62,962,23,9,6,38,7.754748743,262,424,102.0411147,51.93649803,9.095873649,6.450656872,467,15,6,5,26,495,8,3,1,12,493,507,397,27,251,11
41,1000,80,5.13,10.3,18,37,66,960,22,9,9,40,7.255327901,316,456,217.9137019,103.3156745,8.859917407,5.669878628,465,17,8,7,32,495,5,1,2,8,497,503,429,27,304,12
46,1000,80,5.13,10.3,18,37,51,963,14,13,10,37,7.582787745,221,363,60.40871391,34.95283647,8.585463193,6.526581368,486,10,10,7,27,477,4,3,3,10,513,487,333,30,210,11
42,1000,80,5.13,10.3,18,37,63,958,21,13,8,42,7.471242049,322,452,119.7876503,64.26430413,9.010004484,6.090151665,440,18,9,6,33,518,3,4,2,9,473,527,427,25,313,9
44,1000,80,5.13,10.3,18,37,62,961,23,9,7,39,7.498314089,296,403,138.026711,73.11874944,8.39162332,6.572256251,485,15,4,5,24,476,8,5,2,15,509,491,384,19,293,3
40,1000,80,5.13,10.3,18,37,89,952,32,9,7,48,7.337008785,413,473,558.8866446,287.7401638,9.939065158,4.650332693,464,29,8,7,44,488,3,1,0,4,508,492,460,13,406,7
45,1000,80,5.13,10.3,18,37,56,959,18,11,12,41,7.611565058,223,374,71.01412948,34.8197492,8.765402005,6.381441371,487,13,7,9,29,472,5,4,3,12,516,484,341,33,214,9
43,1000,80,5.13,10.3,18,37,63,963,22,9,6,37,7.731307759,280,424,108.3132431,55.04091308,9.16150936,6.340598905,467,14,7,5,26,496,8,2,1,11,493,507,398,26,270,10
41,1000,80,5.13,10.3,18,37,67,960,22,9,9,40,7.253305665,328,443,240.6307134,112.2793466,8.884433724,5.641634402,465,17,8,7,32,495,5,1,2,8,497,503,424,19,311,17
47,1000,80,5.13,10.3,18,37,46,959,23,9,9,41,7.21706742,212,345,55.60835171,29.25469691,7.762726346,6.616384065,497,16,6,5,27,462,7,3,4,14,524,476,303,42,202,10
46,1000,80,5.13,10.3,18,37,52,964,14,13,9,36,7.574223966,217,348,62.69686201,36.13081591,8.603493726,6.490003459,486,10,10,7,27,478,4,3,2,9,513,487,316,32,209,8
42,1000,80,5.13,10.3,18,37,64,958,21,12,9,42,7.454329508,318,442,127.2304407,67.93115378,9.087042577,5.988915311,439,19,8,7,34,519,2,4,2,8,473,527,417,25,311,7
44,1000,80,5.13,10.3,18,37,63,963,22,8,7,37,7.471355307,281,423,144.3972924,76.58982599,8.401905226,6.506691543,485,15,4,5,24,478,7,4,2,13,509,491,392,31,271,10
45,1000,80,5.13,10.3,18,37,57,959,18,11,12,41,7.58859901,246,379,74.8146161,36.61614985,8.756508694,6.343472157,487,13,7,9,29,472,5,4,3,12,516,484,346,33,230,16
43,1000,80,5.13,10.3,18,37,64,962,23,9,6,38,7.711740953,290,440,115.7904075,58.81172145,9.178075171,6.285897226,467,14,7,5,26,495,9,2,1,12,493,507,410,30,283,7
41,1000,80,5.13,10.3,18,37,68,958,23,10,9,42,7.291010393,333,451,271.0218931,125.4920986,8.961937667,5.640014658,463,19,8,7,34,495,4,2,2,8,497,503,428,23,318,15
47,1000,80,5.13,10.3,18,37,47,958,24,9,9,42,7.214453518,217,346,58.4922542,30.87123658,7.798412973,6.571607395,496,17,6,5,28,462,7,3,4,14,524,476,304,42,199,18
46,1000,80,5.13,10.3,18,37,53,964,14,13,9,36,7.607150915,228,361,65.57377572,37.74998161,8.654805338,6.503564224,486,10,10,7,27,478,4,3,2,9,513,487,330,31,215,13
40,1000,80,5.13,10.3,18,37,90,952,30,11,7,48,7.304865829,405,476,588.7737464,302.3149952,9.950401317,4.573296666,464,27,10,7,44,488,3,1,0,4,508,492,455,21,391,14
42,1000,80,5.13,10.3,18,37,65,957,22,11,10,43,7.430823579,334,449,134.9302486,71.95934504,9.104844832,5.928333917,439,19,7,8,34,518,3,4,2,9,473,527,432,17,323,11
44,1000,80,5.13,10.3,18,37,64,965,21,7,7,35,7.413563501,306,402,152.2941985,80.40559354,8.402469339,6.388404495,485,15,4,5,24,480,6,3,2,11,509,491,371,31,292,14
45,1000,80,5.13,10.3,18,37,58,960,18,10,12,40,7.587590967,246,384,78.89731592,38.60218583,8.801939114,6.29295534,487,13,7,9,29,473,5,3,3,11,516,484,351,33,233,13
43,1000,80,5.13,10.3,18,37,65,960,26,9,5,40,7.711473491,286,426,123.8009078,62.57417171,9.229049952,6.235802495,464,17,7,5,29,496,9,2,0,11,493,507,402,24,276,10
41,1000,80,5.13,10.3,18,37,69,957,24,10,9,43,7.263905924,321,451,296.9462746,137.7875661,9.0348636,5.514072991,462,20,8,7,35,495,4,2,2,8,497,503,420,31,315,6
47,1000,80,5.13,10.3,18,37,48,958,24,9,9,42,7.227356437,214,361,61.77189749,32.71603867,7.850347219,6.541543055,496,17,6,5,28,462,7,3,4,14,524,476,326,35,201,13
46,1000,80,5.13,10.3,18,37,54,965,14,12,9,35,7.575150019,236,375,68.3084288,39.46274713,8.687938482,6.402951905,486,10,10,7,27,479,4,2,2,8,513,487,346,29,222,14
40,1000,80,5.13,10.3,18,37,91,952,30,11,7,48,7.289859271,418,475,626.3746963,320.5677708,9.98663173,4.505386894,463,28,10,7,45,489,2,1,0,3,508,492,460,15,408,10
42,1000,80,5.13,10.3,18,37,66,958,22,10,10,42,7.425907404,337,461,141.1707487,75.39719609,9.198201352,5.835214734,439,19,7,8,34,519,3,3,2,8,473,527,442,19,328,9
44,1000,80,5.13,10.3,18,37,65,966,21,6,7,34,7.417326063,297,415,161.6065414,85.57576342,8.491213999,6.304069526,485,15,4,5,24,481,6,2,2,10,509,491,388,27,288,9
45,1000,80,5.13,10.3,18,37,59,959,19,10,12,41,7.580941852,244,388,82.65924745,40.48980178,8.843150459,6.235281437,486,14,7,9,30,473,5,3,3,11,516,484,350,38,231,13
43,1000,80,5.13,10.3,18,37,66,959,27,9,5,41,7.719666335,289,426,129.3180831,65.50234825,9.234492489,6.2466697,464,17,7,5,29,495,10,2,0,12,493,507,403,23,279,10
41,1000,80,5.13,10.3,18,37,70,957,24,10,9,43,7.288523396,338,457,332.9214369,155.7339146,9.075264514,5.523095294,462,20,8,7,35,495,4,2,2,8,497,503,429,28,331,7
47,1000,80,5.13,10.3,18,37,49,957,24,10,9,43,7.228529641,215,372,65.07754769,34.62548254,7.894627343,6.495262422,496,17,6,5,28,461,7,4,4,15,524,476,328,44,199,16
46,1000,80,5.13,10.3,18,37,55,965,14,12,9,35,7.578551249,251,359,71.37341009,41.03567036,8.704751257,6.392225572,486,10,10,7,27,479,4,2,2,8,513,487,326,33,237,14
40,1000,80,5.13,10.3,18,37,92,951,31,11,7,49,7.294435798,405,475,662.9927641,339.2245684,10.04352746,4.455942782,462,29,10,7,46,489,2,1,0,3,508,492,459,16,395,10
42,1000,80,5.13,10.3,18,37,67,959,20,11,10,41,7.41454005,341,474,148.9151433,79.44613059,9.220460122,5.793666816,438,19,8,8,35,521,1,3,2,6,473,527,450,24,333,8
44,1000,80,5.13,10.3,18,37,66,965,22,6,7,35,7.394039946,311,427,168.737886,89.34654653,8.522589229,6.224118185,484,16,4,5,25,481,6,2,2,10,509,491,398,29,301,10
45,1000,80,5.13,10.3,18,37,60,961,18,10,11,39,7.545100146,257,394,87.09779821,42.66995013,8.897286959,6.103512552,486,14,7,9,30,475,4,3,2,9,516,484,364,30,246,11
43,1000,80,5.13,10.3,18,37,67,960,26,9,5,40,7.722058386,296,446,138.8273584,70.06691296,9.266229485,6.22052712,464,17,7,5,29,496,9,2,0,11,493,507,419,27,286,10
41,1000,80,5.13,10.3,18,37,71,958,24,9,9,42,7.246835632,359,460,376.6457254,179.2010695,9.081142722,5.434408945,462,20,8,7,35,496,4,1,2,7,497,503,437,23,345,14
47,1000,80,5.13,10.3,18,37,50,957,24,10,9,43,7.209691895,222,370,69.78663197,37.28321165,7.89393685,6.456447449,495,17,7,5,29,462,7,3,4,14,524,476,331,39,204,18
46,1000,80,5.13,10.3,18,37,56,965,14,12,9,35,7.562055745,241,389,74.19572063,42.53135302,8.734227083,6.327304417,486,10,10,7,27,479,4,2,2,8,513,487,358,31,228,13
40,1000,80,5.13,10.3,18,37,93,951,30,12,7,49,7.291300563,410,471,705.6667843,361.1939711,10.10254518,4.388633361,462,28,11,7,46,489,2,1,0,3,508,492,455,16,406,4
42,1000,80,5.13,10.3,18,37,68,959,19,11,11,41,7.430385178,348,486,159.5120807,85.29217252,9.296800674,5.755215293,438,18,8,9,35,521,1,3,2,6,473,527,457,29,338,10
44,1000,80,5.13,10.3,18,37,67,965,22,6,7,35,7.394082826,298,435,177.2405794,93.44362959,8.545860522,6.2000811,484,16,4,5,25,481,6,2,2,10,509,491,413,22,288,10
43,1000,80,5.13,10.3,18,37,68,959,27,9,5,41,7.72522299,294,442,145.7443395,73.59987588,9.305964232,6.188131408,464,17,7,5,29,495,10,2,0,12,493,507,413,29,290,4
45,1000,80,5.13,10.3,18,37,61,961,18,8,13,39,7.567196827,245,404,91.66214891,44.84321222,8.954165585,6.088527655,486,14,6,10,30,475,4,2,3,9,516,484,371,33,232,13
41,1000,80,5.13,10.3,18,37,72,959,23,9,9,41,7.222670363,340,466,439.6986413,207.0246766,9.108147467,5.359684039,462,20,8,7,35,497,3,1,2,6,497,503,433,33,332,8
47,1000,80,5.13,10.3,18,37,51,958,23,10,9,42,7.23476768,218,375,73.79447525,39.3171826,7.928117489,6.471500243,495,17,7,5,29,463,6,3,4,13,524,476,337,38,208,10
46,1000,80,5.13,10.3,18,37,57,965,14,12,9,35,7.561403242,260,390,77.54935371,44.61115646,8.764788691,6.293771342,486,10,10,7,27,479,4,2,2,8,513,487,359,31,250,10
42,1000,80,5.13,10.3,18,37,69,960,19,10,11,40,7.404467328,350,476,169.2569268,90.63758011,9.321129945,5.684198983,438,18,8,9,35,522,1,2,2,5,473,527,449,27,338,12
44,1000,80,5.13,10.3,18,37,68,964,23,6,7,36,7.385069672,321,413,187.5092911,98.59929546,8.597518452,6.128172667,483,17,4,5,26,481,6,2,2,10,509,491,395,18,305,16
40,1000,80,5.13,10.3,18,37,94,951,30,12,7,49,7.274316586,430,477,742.464994,379.5589308,10.11136081,4.345010757,462,28,11,7,46,489,2,1,0,3,508,492,458,19,419,11
43,1000,80,5.13,10.3,18,37,69,960,26,9,5,40,7.759544622,317,453,153.23521,77.29982782,9.401993868,6.162449004,464,17,7,5,29,496,9,2,0,11,493,507,423,30,306,11
45,1000,80,5.13,10.3,18,37,62,962,19,7,12,38,7.533919139,254,401,95.57364994,46.72325133,8.985335194,5.986541693,486,14,6,10,30,476,5,1,2,8,516,484,373,28,241,13
41,1000,80,5.13,10.3,18,37,73,958,23,9,10,42,7.207796152,345,459,492.3845999,230.1609365,9.153033513,5.285762417,461,20,8,8,36,497,3,1,2,6,497,503,434,25,335,10
47,1000,80,5.13,10.3,18,37,52,959,22,10,9,41,7.227777627,234,378,78.40883082,41.90397752,7.968177275,6.41271583,495,17,7,5,29,464,5,3,4,12,524,476,342,36,218,16
46,1000,80,5.13,10.3,18,37,58,965,16,11,8,35,7.541063829,249,391,81.04986026,46.48685165,8.809832118,6.204558424,486,10,10,7,27,479,6,1,1,8,513,487,360,31,239,10
42,1000,80,5.13,10.3,18,37,70,959,19,12,10,41,7.452319295,363,472,180.4980053,96.78629305,9.415338804,5.6904441,438,16,10,9,35,521,3,2,1,6,473,527,453,19,349,14
44,1000,80,5.13,10.3,18,37,69,964,22,7,7,36,7.389591394,318,444,199.5375291,105.1489291,8.623857627,6.110077112,483,17,4,5,26,481,5,3,2,10,509,491,412,32,310,8
43,1000,80,5.13,10.3,18,37,70,959,27,9,5,41,7.790491375,313,456,159.8886671,80.81561281,9.46829832,6.159014406,464,17,7,5,29,495,10,2,0,12,493,507,430,26,300,13
45,1000,80,5.13,10.3,18,37,63,960,21,7,12,40,7.516774866,267,415,99.09517946,48.55813462,9.021079718,5.913011842,485,15,6,10,31,475,6,1,2,9,516,484,383,32,258,9
41,1000,80,5.13,10.3,18,37,74,957,24,9,10,43,7.23247275,364,458,563.7844812,255.5249291,9.207632387,5.280873666,460,21,8,8,37,497,3,1,2,6,497,503,440,18,355,9
40,1000,80,5.13,10.3,18,37,95,950,31,12,7,50,7.247115421,424,484,797.2335664,408.1914081,10.16640485,4.232889746,461,29,11,7,47,489,2,1,0,3,508,492,462,22,415,9
47,1000,80,5.13,10.3,18,37,53,959,22,10,9,41,7.215886463,237,375,82.2824145,43.81656383,7.980436422,6.37423903,495,17,7,5,29,464,5,3,4,12,524,476,344,31,226,11
46,1000,80,5.13,10.3,18,37,59,965,16,11,8,35,7.529967962,294,395,83.60746141,47.8627724,8.828600494,6.162003918,486,10,10,7,27,479,6,1,1,8,513,487,366,29,279,15
42,1000,80,5.13,10.3,18,37,71,958,20,12,10,42,7.431309464,348,488,190.5199034,102.0515484,9.464527944,5.606428361,437,17,10,9,36,521,3,2,1,6,473,527,464,24,343,5
44,1000,80,5.13,10.3,18,37,70,963,23,7,7,37,7.361966295,318,444,209.4459269,111.0962522,8.646590163,6.030248273,482,18,4,5,27,481,5,3,2,10,509,491,419,25,308,10
43,1000,80,5.13,10.3,18,37,71,958,28,9,5,42,7.802512775,325,451,169.9978002,85.63496119,9.542191007,6.110872995,464,17,7,5,29,494,11,2,0,13,493,507,428,23,310,15
41,1000,80,5.13,10.3,18,37,75,957,24,9,10,43,7.233909902,361,461,600.6111458,269.7226867,9.246113579,5.245708654,460,21,8,8,37,497,3,1,2,6,497,503,447,14,358,3
45,1000,80,5.13,10.3,18,37,64,961,20,7,12,39,7.466332211,279,417,103.5661664,51.02398383,9.048258723,5.779815517,484,16,6,10,32,477,4,1,2,7,516,484,391,26,272,7
46,1000,80,5.13,10.3,18,37,60,965,16,11,8,35,7.523136002,281,408,88.00947248,50.65730116,8.857492185,6.11754109,486,10,10,7,27,479,6,1,1,8,513,487,375,33,267,14
47,1000,80,5.13,10.3,18,37,54,960,21,10,9,40,7.206383547,257,380,85.46573583,45.51669228,8.055127414,6.272052063,495,17,7,5,29,465,4,3,4,11,524,476,349,31,245,12
40,1000,80,5.13,10.3,18,37,96,949,32,11,8,51,7.261187182,425,490,848.5993074,433.992802,10.21827331,4.207935651,461,29,10,8,47,488,3,1,0,4,508,492,471,19,417,8
42,1000,80,5.13,10.3,18,37,72,957,21,12,10,43,7.396098132,360,491,201.2414333,108.0530204,9.509670867,5.499096417,435,19,10,9,38,522,2,2,1,5,473,527,464,27,354,6
44,1000,80,5.13,10.3,18,37,71,962,24,7,7,38,7.334898912,331,440,220.5106631,117.2899437,8.665538743,5.955477988,482,18,4,5,27,480,6,3,2,11,509,491,402,38,321,10
43,1000,80,5.13,10.3,18,37,72,957,29,9,5,43,7.832842487,341,461,179.920483,91.17108589,9.624924907,6.090245578,464,17,7,5,29,493,12,2,0,14,493,507,439,22,329,12
41,1000,80,5.13,10.3,18,37,76,958,23,9,10,42,7.25492815,370,458,696.4533408,308.0596288,9.282059638,5.251977157,460,21,8,8,37,498,2,1,2,5,497,503,437,21,354,16
45,1000,80,5.13,10.3,18,37,65,961,20,7,12,39,7.507190415,276,432,108.1918068,53.4224009,9.118411976,5.789441808,484,16,6,10,32,477,4,1,2,7,516,484,393,39,262,14
46,1000,80,5.13,10.3,18,37,61,967,14,11,8,33,7.503009151,264,398,92.06037149,52.84133473,8.866947506,6.066252732,486,10,10,7,27,481,4,1,1,6,513,487,375,23,251,13
47,1000,80,5.13,10.3,18,37,55,959,22,10,9,41,7.187175365,236,372,89.64212578,47.86992521,8.114594021,6.166235499,494,18,7,5,30,465,4,3,4,11,524,476,341,31,228,8
40,1000,80,5.13,10.3,18,37,97,950,31,10,9,50,7.287943092,430,476,916.1218659,467.9332113,10.27233435,4.20649846,461,29,9,9,47,489,2,1,0,3,508,492,458,18,422,8
42,1000,80,5.13,10.3,18,37,73,954,23,12,11,46,7.371179341,367,487,214.5814082,115.5887808,9.593143999,5.376892276,433,20,10,10,40,521,3,2,1,6,473,527,469,18,358,9
44,1000,80,5.13,10.3,18,37,72,961,25,7,7,39,7.32773216,333,422,231.9671932,124.1572764,8.710835764,5.893924147,482,18,4,5,27,479,7,3,2,12,509,491,407,15,320,13
43,1000,80,5.13,10.3,18,37,73,959,27,9,5,41,7.79916651,325,465,190.3561001,96.6050915,9.686349679,5.964094908,464,17,7,5,29,495,10,2,0,12,493,507,441,24,321,4
41,1000,80,5.13,10.3,18,37,77,957,24,10,9,43,7.251895344,378,469,791.3517722,342.8706738,9.33976472,5.18893097,459,21,9,8,38,498,3,1,1,5,497,503,450,19,364,14
45,1000,80,5.13,10.3,18,37,66,961,20,7,12,39,7.497173454,270,413,113.5311113,56.11423589,9.124012974,5.762774296,484,16,6,10,32,477,4,1,2,7,516,484,382,31,263,7
46,1000,80,5.13,10.3,18,37,62,968,13,11,8,32,7.498430458,295,407,95.40592542,54.90836359,8.909437179,6.012092783,486,10,10,7,27,482,3,1,1,5,513,487,376,31,281,14
47,1000,80,5.13,10.3,18,37,56,960,23,10,7,40,7.14676027,263,392,93.67949933,50.18122984,8.139489615,6.053923764,494,18,7,5,30,466,5,3,2,10,524,476,356,36,254,9
40,1000,80,5.13,10.3,18,37,98,951,29,11,9,49,7.256971318,424,485,981.5277888,499.9973139,10.30984306,4.104819198,461,28,10,9,47,490,1,1,0,2,508,492,470,15,417,7
42,1000,80,5.13,10.3,18,37,74,952,25,12,11,48,7.346307822,371,495,226.7322872,122.2549338,9.622108324,5.303701299,431,22,10,10,42,521,3,2,1,6,473,527,469,26,361,10
44,1000,80,5.13,10.3,18,37,73,959,27,7,7,41,7.355421741,335,437,244.9389618,131.6760058,8.80487235,5.85283445,480,20,4,5,29,479,7,3,2,12,509,491,419,18,327,8
43,1000,80,5.13,10.3,18,37,74,958,28,9,5,42,7.805766517,349,458,204.681519,103.2508514,9.741640771,5.923348356,463,18,7,5,30,495,10,2,0,12,493,507,439,19,337,12
41,1000,80,5.13,10.3,18,37,78,957,24,10,9,43,7.248737765,383,460,969.6625278,407.6796977,9.39647911,5.1266156,459,21,9,8,38,498,3,1,1,5,497,503,443,17,373,10
45,1000,80,5.13,10.3,18,37,67,961,20,7,12,39,7.501558367,293,416,119.2808693,58.93432881,9.195044895,5.696105787,484,16,6,10,32,477,4,1,2,7,516,484,392,24,279,14
46,1000,80,5.13,10.3,18,37,63,971,11,10,8,29,7.474583186,288,413,100.7261311,58.60952414,8.916481605,5.955704563,487,10,9,7,26,484,1,1,1,3,513,487,379,34,277,11
47,1000,80,5.13,10.3,18,37,57,960,23,10,7,40,7.13212337,270,390,98.22193918,52.71650336,8.181772531,5.976627234,493,19,7,5,31,467,4,3,2,9,524,476,359,31,253,17
42,1000,80,5.13,10.3,18,37,75,953,25,12,10,47,7.326008113,383,493,239.1775656,128.8815308,9.696585225,5.198336435,431,22,10,10,42,522,3,2,0,5,473,527,474,19,375,8
40,1000,80,5.13,10.3,18,37,99,951,29,11,9,49,7.249314941,430,481,1046.798283,534.7860983,10.34983922,4.047960604,461,28,10,9,47,490,1,1,0,2,508,492,467,14,427,3
44,1000,80,5.13,10.3,18,37,74,958,28,7,7,42,7.376836688,345,444,261.1768107,140.9785883,8.826161028,5.874380295,480,20,4,5,29,478,8,3,2,13,509,491,428,16,333,12
43,1000,80,5.13,10.3,18,37,75,958,28,9,5,42,7.778826331,349,461,216.2075171,109.5345788,9.755194216,5.857032707,463,18,7,5,30,495,10,2,0,12,493,507,438,23,340,9
41,1000,80,5.13,10.3,18,37,79,957,24,10,9,43,7.282258747,381,467,1133.919207,480.0651588,9.46648191,5.124089936,459,21,9,8,38,498,3,1,1,5,497,503,454,13,369,12
45,1000,80,5.13,10.3,18,37,68,960,21,7,12,40,7.511259567,292,420,126.2716802,62.44374713,9.214674789,5.695221851,484,16,6,10,32,476,5,1,2,8,516,484,400,20,278,14
47,1000,80,5.13,10.3,18,37,58,960,23,10,7,40,7.108136758,277,400,101.813619,54.64092499,8.209934049,5.895233858,493,19,7,5,31,467,4,3,2,9,524,476,364,36,259,18
46,1000,80,5.13,10.3,18,37,64,971,11,10,8,29,7.473808993,295,408,107.1592169,63.88523591,8.966830549,5.901077867,487,10,9,7,26,484,1,1,1,3,513,487,384,24,285,10
42,1000,80,5.13,10.3,18,37,76,953,25,12,10,47,7.313112142,400,504,253.6616574,136.7743602,9.738788322,5.135987222,431,22,10,10,42,522,3,2,0,5,473,527,479,25,393,7
44,1000,80,5.13,10.3,18,37,75,958,28,7,7,42,7.397716179,340,439,281.8540686,152.7681928,8.909556824,5.830451642,480,20,4,5,29,478,8,3,2,13,509,491,422,17,334,6
43,1000,80,5.13,10.3,18,37,76,957,29,9,5,43,7.770242599,349,477,234.6551339,118.4690399,9.82688055,5.77039544,462,19,7,5,31,495,10,2,0,12,493,507,453,24,341,8
40,1000,80,5.13,10.3,18,37,100,953,27,10,10,47,7.209036393,426,484,1126.238131,575.1546806,10.35581748,3.95992096,461,27,10,10,47,492,0,0,0,0,508,492,469,15,419,7
41,1000,80,5.13,10.3,18,37,80,958,24,10,8,42,7.239981181,379,471,1231.4402,520.9642854,9.522216509,4.984969336,459,21,9,8,38,499,3,1,0,4,497,503,455,16,370,9
45,1000,80,5.13,10.3,18,37,69,961,20,7,12,39,7.464829789,300,425,131.9222325,65.34971362,9.244300832,5.567707768,484,16,6,10,32,477,4,1,2,7,516,484,398,27,295,5
47,1000,80,5.13,10.3,18,37,59,959,24,9,8,41,7.106496082,276,397,106.9993305,57.83780154,8.23751257,5.861427511,492,20,7,5,32,467,4,2,3,9,524,476,367,30,257,19
46,1000,80,5.13,10.3,18,37,65,971,11,10,8,29,7.440567062,297,415,113.0925131,67.70299475,8.982875629,5.815917586,487,10,9,7,26,484,1,1,1,3,513,487,393,22,283,14
42,1000,80,5.13,10.3,18,37,77,952,26,12,10,48,7.331395897,398,501,267.0626141,144.5178567,9.794283508,5.120872482,430,23,10,10,43,522,3,2,0,5,473,527,472,29,385,13
44,1000,80,5.13,10.3,18,37,76,957,28,8,7,43,7.369347001,352,453,298.7812257,162.8451949,8.949231669,5.731543954,479,20,5,5,30,478,8,3,2,13,509,491,429,24,345,7
43,1000,80,5.13,10.3,18,37,77,957,29,9,5,43,7.765198864,350,486,253.5649127,128.3439427,9.873662002,5.714957587,462,19,7,5,31,495,10,2,0,12,493,507,460,26,343,7
41,1000,80,5.13,10.3,18,37,81,956,26,10,8,44,7.195060672,392,477,1417.769401,596.778366,9.561316105,4.85703095,458,22,9,8,39,498,4,1,0,5,497,503,457,20,381,11
45,1000,80,5.13,10.3,18,37,70,959,21,8,12,41,7.474360955,313,429,138.1291598,68.35136486,9.305342415,5.522322869,482,17,7,10,34,477,4,1,2,7,516,484,409,20,306,7
40,1000,80,5.13,10.3,18,37,101,952,26,11,11,48,7.22060599,437,483,1204.304821,614.6059223,10.43691683,3.899699678,460,26,11,11,48,492,0,0,0,0,508,492,470,13,428,9
47,1000,80,5.13,10.3,18,37,60,959,24,9,8,41,7.092071733,282,402,112.9783343,61.19699693,8.290992009,5.772251933,492,20,7,5,32,467,4,2,3,9,524,476,367,35,268,14
46,1000,80,5.13,10.3,18,37,66,971,11,10,8,29,7.4171056,313,427,119.6750576,71.89637132,9.000235909,5.749454987,487,10,9,7,26,484,1,1,1,3,513,487,396,31,303,10
42,1000,80,5.13,10.3,18,37,78,952,26,12,10,48,7.285448631,400,486,278.2395229,151.9930349,9.81597736,5.014215066,430,23,10,10,43,522,3,2,0,5,473,527,472,14,392,8
44,1000,80,5.13,10.3,18,37,77,956,29,8,7,44,7.368490273,363,444,322.3571752,178.9412301,9.01319222,5.663493753,478,21,5,5,31,478,8,3,2,13,509,491,423,21,351,12
43,1000,80,5.13,10.3,18,37,78,956,30,9,5,44,7.767387723,376,472,267.9602953,135.6188097,9.910707772,5.683252055,461,20,7,5,32,495,10,2,0,12,493,507,451,21,365,11
41,1000,80,5.13,10.3,18,37,82,957,24,11,8,43,7.160359372,400,475,1745.129445,719.548212,9.599951894,4.749867358,458,21,10,8,39,499,3,1,0,4,497,503,460,15,392,8
45,1000,80,5.13,10.3,18,37,71,959,21,8,12,41,7.488916265,309,437,144.7811367,71.66095475,9.359641887,5.494506304,482,17,7,10,34,477,4,1,2,7,516,484,410,27,302,7
40,1000,80,5.13,10.3,18,37,102,952,26,11,11,48,7.201161167,438,496,1282.212628,654.0633014,10.46018273,3.836155161,460,26,11,11,48,492,0,0,0,0,508,492,480,16,430,8
47,1000,80,5.13,10.3,18,37,61,959,24,9,8,41,7.0784916,271,402,120.4411565,66.02422652,8.33990987,5.689871487,492,20,7,5,32,467,4,2,3,9,524,476,371,31,264,7
46,1000,80,5.13,10.3,18,37,67,970,13,10,7,30,7.389556032,316,424,126.4473279,76.47763806,9.083333968,5.605350527,486,11,9,7,27,484,2,1,0,3,513,487,397,27,305,11
42,1000,80,5.13,10.3,18,37,79,950,27,12,11,50,7.290044436,404,495,294.0485258,160.727835,9.87462501,4.970297545,428,24,10,11,45,522,3,2,0,5,473,527,479,16,397,7
44,1000,80,5.13,10.3,18,37,78,955,29,9,7,45,7.335083392,357,449,342.8785007,189.6330309,9.035781322,5.572038084,477,21,6,5,32,478,8,3,2,13,509,491,430,19,345,12
43,1000,80,5.13,10.3,18,37,79,955,31,9,5,45,7.757902811,369,474,285.1300322,145.0517018,9.955035156,5.621440787,460,21,7,5,33,495,10,2,0,12,493,507,457,17,362,7
41,1000,80,5.13,10.3,18,37,83,957,24,11,8,43,7.14269317,403,486,1938.72933,799.6638209,9.630430834,4.684630308,458,21,10,8,39,499,3,1,0,4,497,503,465,21,396,7
45,1000,80,5.13,10.3,18,37,72,958,21,9,12,42,7.497070473,330,432,151.922057,75.26738315,9.42128285,5.445637442,482,17,7,10,34,476,4,2,2,8,516,484,413,19,316,14
47,1000,80,5.13,10.3,18,37,62,958,25,9,8,42,7.067668546,277,399,126.8352283,70.19133545,8.35808613,5.647124819,491,21,7,5,33,467,4,2,3,9,524,476,364,35,266,11
46,1000,80,5.13,10.3,18,37,68,970,13,9,8,30,7.385899016,316,426,133.157154,80.86368172,9.128479859,5.550285109,486,11,8,8,27,484,2,1,0,3,513,487,404,22,304,12
40,1000,80,5.13,10.3,18,37,103,950,28,11,11,50,7.213429179,441,491,1369.211402,699.5739682,10.50401666,3.815830725,458,28,11,11,50,492,0,0,0,0,508,492,474,17,430,11
42,1000,80,5.13,10.3,18,37,80,950,27,12,11,50,7.229447635,399,501,309.1796177,168.9176716,9.907873389,4.82547158,428,24,10,11,45,522,3,2,0,5,473,527,486,15,389,10
44,1000,80,5.13,10.3,18,37,79,957,28,9,6,43,7.303620146,366,455,361.762656,199.3269032,9.066477081,5.476137092,477,21,6,5,32,480,7,3,1,11,509,491,435,20,356,10
43,1000,80,5.13,10.3,18,37,80,956,30,9,5,44,7.735308975,391,477,302.0225294,154.2683215,9.98426905,5.548450361,460,21,7,5,33,496,9,2,0,11,493,507,462,15,379,12
41,1000,80,5.13,10.3,18,37,84,957,24,9,10,43,7.159681933,406,491,2195.126961,904.30384,9.704044238,4.645669874,458,21,8,10,39,499,3,1,0,4,497,503,471,20,392,14
45,1000,80,5.13,10.3,18,37,73,957,21,10,12,43,7.485136023,318,443,161.8860866,80.19025804,9.472142944,5.366756742,481,17,8,10,35,476,4,2,2,8,516,484,410,33,310,8
47,1000,80,5.13,10.3,18,37,63,957,26,9,8,43,7.062722321,277,414,135.1243633,75.60534409,8.391914898,5.599493517,491,21,7,5,33,466,5,2,3,10,524,476,382,32,271,6
46,1000,80,5.13,10.3,18,37,69,969,14,9,8,31,7.339751527,329,440,140.6870945,85.87242867,9.18804835,5.392777666,485,12,8,8,28,484,2,1,0,3,513,487,408,32,319,10
40,1000,80,5.13,10.3,18,37,104,950,28,11,11,50,7.188694804,446,486,1442.315611,737.259589,10.52631032,3.742538951,458,28,11,11,50,492,0,0,0,0,508,492,472,14,439,7
42,1000,80,5.13,10.3,18,37,81,950,27,12,11,50,7.262460757,424,513,323.5019551,177.3847115,9.952983178,4.84762754,428,24,10,11,45,522,3,2,0,5,473,527,495,18,416,8
48,1000,80,5.13,10.3,18,37,0,922,39,21,18,78,7.72,99,196,20.03040982,9.542147194,6.78340081,8.634387352,467,18,8,1,27,455,21,13,17,51,494,506,109,87,58,41
44,1000,80,5.13,10.3,18,37,80,955,30,9,6,45,7.353433613,368,460,385.9176434,213.8558643,9.119369174,5.52275907,476,22,6,5,33,479,8,3,1,12,509,491,440,20,361,7
43,1000,80,5.13,10.3,18,37,81,956,30,9,5,44,7.720081722,388,469,315.842031,162.1268627,10.02793462,5.475956514,460,21,7,5,33,496,9,2,0,11,493,507,457,12,383,5
41,1000,80,5.13,10.3,18,37,85,956,24,10,10,44,7.136211011,401,470,2426.107315,999.7238321,9.758562264,4.545140289,457,21,9,10,40,499,3,1,0,4,497,503,456,14,398,3
45,1000,80,5.13,10.3,18,37,74,957,21,11,11,43,7.474097223,316,442,169.8385256,84.81139235,9.553559455,5.257149884,481,17,9,9,35,476,4,2,2,8,516,484,426,16,308,8
46,1000,80,5.13,10.3,18,37,70,968,15,9,8,32,7.307238242,333,438,148.2682763,89.77236248,9.185920792,5.328256419,484,13,8,8,29,484,2,1,0,3,513,487,415,23,320,13
47,1000,80,5.13,10.3,18,37,64,957,27,9,7,43,7.068332338,286,434,145.6718217,81.76398594,8.474090219,5.52081736,490,22,7,5,34,467,5,2,2,9,524,476,401,33,277,9
42,1000,80,5.13,10.3,18,37,82,950,27,12,11,50,7.278041741,411,505,342.3131849,188.5180131,10.04568645,4.793988712,428,24,10,11,45,522,3,2,0,5,473,527,485,20,405,6
44,1000,80,5.13,10.3,18,37,81,954,31,9,6,46,7.311279712,353,472,406.1206598,225.8789492,9.138702553,5.416863773,475,23,6,5,34,479,8,3,1,12,509,491,444,28,347,6
48,1000,80,5.13,10.3,18,37,1,923,38,21,18,77,7.72574857,92,213,20.08263956,9.593266008,6.793040029,8.636337542,467,18,8,1,27,456,20,13,17,50,494,506,126,87,59,33
43,1000,80,5.13,10.3,18,37,82,956,30,9,5,44,7.703629671,390,474,333.3765217,171.2585184,10.11428151,5.359544158,459,22,7,5,34,497,8,2,0,10,493,507,460,14,380,10
41,1000,80,5.13,10.3,18,37,86,956,24,10,10,44,7.12188326,417,483,2687.186076,1107.51557,9.792966205,4.482662139,457,21,9,10,40,499,3,1,0,4,497,503,466,17,414,3
45,1000,80,5.13,10.3,18,37,75,957,21,11,11,43,7.488755504,328,452,175.7575681,87.96964933,9.591897925,5.246562345,481,17,9,9,35,476,4,2,2,8,516,484,428,24,315,13
46,1000,80,5.13,10.3,18,37,71,968,15,9,8,32,7.287224961,313,424,156.5906879,94.26616876,9.237130431,5.23321776,484,13,8,8,29,484,2,1,0,3,513,487,404,20,309,4
47,1000,80,5.13,10.3,18,37,65,957,28,9,6,43,7.076575061,313,410,157.4858723,88.3714982,8.496795852,5.513138728,490,22,7,5,34,467,6,2,1,9,524,476,380,30,301,12
42,1000,80,5.13,10.3,18,37,83,949,28,12,11,51,7.239710896,408,503,357.2459763,196.6577865,10.15029522,4.627364816,427,25,10,11,46,522,3,2,0,5,473,527,490,13,402,6
44,1000,80,5.13,10.3,18,37,82,954,31,9,6,46,7.314937897,367,468,430.1886034,239.8577325,9.15421412,5.408234033,475,23,6,5,34,479,8,3,1,12,509,491,443,25,354,13
43,1000,80,5.13,10.3,18,37,83,955,29,11,5,45,7.711636025,398,492,349.2466995,180.1791245,10.1935088,5.298296224,457,22,9,5,36,498,7,2,0,9,493,507,463,29,387,11
41,1000,80,5.13,10.3,18,37,87,956,24,10,10,44,7.095862682,425,483,3151.083541,1295.272286,9.81381781,4.410328489,457,21,9,10,40,499,3,1,0,4,497,503,467,16,416,9
48,1000,80,5.13,10.3,18,37,2,923,38,21,18,77,7.759064218,91,194,20.21352151,9.653073594,6.854400042,8.642273907,467,18,8,1,27,456,20,13,17,50,494,506,108,86,58,33
45,1000,80,5.13,10.3,18,37,76,958,21,10,11,42,7.443233721,345,447,185.717794,92.80829457,9.599198304,5.144726024,481,17,9,9,35,477,4,1,2,7,516,484,429,18,325,20
46,1000,80,5.13,10.3,18,37,72,967,16,9,8,33,7.273867923,328,431,164.1646061,98.7381436,9.296240531,5.143524704,483,14,8,8,30,484,2,1,0,3,513,487,411,20,320,8
47,1000,80,5.13,10.3,18,37,66,955,30,9,6,45,7.082884363,306,418,171.9870289,96.34128403,8.536965921,5.482172732,488,24,7,5,36,467,6,2,1,9,524,476,388,30,294,12
42,1000,80,5.13,10.3,18,37,84,949,28,12,11,51,7.209068334,410,508,379.8818384,209.1618013,10.14499162,4.573979689,427,25,10,11,46,522,3,2,0,5,473,527,486,22,402,8
44,1000,80,5.13,10.3,18,37,83,955,30,9,6,45,7.334685167,388,450,449.7480661,251.7983582,9.228429648,5.371516244,475,23,6,5,34,480,7,3,1,11,509,491,433,17,383,5
43,1000,80,5.13,10.3,18,37,84,954,30,11,5,46,7.71122049,407,480,364.6240098,189.0621446,10.25884479,5.233944794,456,23,9,5,37,498,7,2,0,9,493,507,468,12,399,8
41,1000,80,5.13,10.3,18,37,88,956,24,10,10,44,7.094145224,424,483,3381.748899,1393.962045,9.864869667,4.356471172,457,21,9,10,40,499,3,1,0,4,497,503,468,15,418,6
45,1000,80,5.13,10.3,18,37,77,957,22,10,11,43,7.469589813,334,445,199.0293729,98.9019785,9.669128639,5.124626933,480,18,9,9,36,477,4,1,2,7,516,484,426,19,325,9
48,1000,80,5.13,10.3,18,37,3,925,37,21,17,75,7.752662836,101,188,20.29825966,9.740989531,6.910183159,8.575162757,466,18,9,1,28,459,19,12,16,47,494,506,109,79,76,25
46,1000,80,5.13,10.3,18,37,73,964,19,9,8,36,7.271253028,337,454,171.4823289,103.9095812,9.349337748,5.082223332,480,17,8,8,33,484,2,1,0,3,513,487,431,23,329,8
47,1000,80,5.13,10.3,18,37,67,957,28,10,5,43,7.063512392,293,417,188.1503662,105.4328826,8.571481416,5.403479266,488,23,8,5,36,469,5,2,0,7,524,476,392,25,286,7
42,1000,80,5.13,10.3,18,37,85,951,26,12,11,49,7.169617405,445,506,402.7673431,221.4423907,10.19131624,4.457542362,427,24,11,11,46,524,2,1,0,3,473,527,491,15,432,13
44,1000,80,5.13,10.3,18,37,84,957,29,8,6,43,7.294302608,387,458,479.3429481,272.0078969,9.243493217,5.27365491,475,23,6,5,34,482,6,2,1,9,509,491,443,15,372,15
43,1000,80,5.13,10.3,18,37,85,953,31,11,5,47,7.669012387,406,494,378.1207487,195.9123713,10.28530282,5.124966662,455,24,9,5,38,498,7,2,0,9,493,507,471,23,392,14
41,1000,80,5.13,10.3,18,37,89,956,24,10,10,44,7.084460115,413,486,3660.968564,1517.625282,9.903984114,4.298568608,457,21,9,10,40,499,3,1,0,4,497,503,466,20,404,9
45,1000,80,5.13,10.3,18,37,78,957,22,11,10,43,7.493061724,334,463,209.9571889,104.4220022,9.710889381,5.128600834,480,18,9,9,36,477,4,2,1,7,516,484,437,26,328,6
48,1000,80,5.13,10.3,18,37,4,927,36,21,16,73,7.753788768,84,204,20.33759827,9.795738002,6.952947293,8.535637954,466,18,9,1,28,461,18,12,15,45,494,506,124,80,55,29
46,1000,80,5.13,10.3,18,37,74,964,19,9,8,36,7.276580178,332,442,180.8546805,108.9812957,9.407693648,5.03169063,480,17,8,8,33,484,2,1,0,3,513,487,419,23,325,7
47,1000,80,5.13,10.3,18,37,68,957,28,10,5,43,7.065287044,303,421,208.5469726,115.9474667,8.65874379,5.311145585,487,24,8,5,37,470,4,2,0,6,524,476,394,27,294,9
42,1000,80,5.13,10.3,18,37,86,951,26,11,12,49,7.157086302,437,512,433.6703949,237.4453101,10.24345629,4.386966754,427,24,10,12,46,524,2,1,0,3,473,527,488,24,429,8
44,1000,80,5.13,10.3,18,37,85,957,28,10,5,43,7.286900291,385,476,514.1389246,294.7234453,9.330075217,5.168822822,474,23,8,4,35,483,5,2,1,8,509,491,457,19,379,6
43,1000,80,5.13,10.3,18,37,86,951,33,11,5,49,7.666873887,411,493,392.622181,202.572139,10.35868578,5.049392102,454,25,9,5,39,497,8,2,0,10,493,507,474,19,400,11
41,1000,80,5.13,10.3,18,37,90,955,25,9,11,45,7.076831994,409,485,3727.781014,1553.53973,9.962132459,4.225948632,456,22,8,11,41,499,3,1,0,4,497,503,470,15,405,4
45,1000,80,5.13,10.3,18,37,79,957,21,11,11,43,7.512373559,333,456,226.3529713,112.6047641,9.732015117,5.14597884,480,17,9,10,36,477,4,2,1,7,516,484,434,22,329,4
46,1000,80,5.13,10.3,18,37,75,964,19,9,8,36,7.257006547,350,444,186.9168556,112.4114632,9.433545763,4.964266059,480,17,8,8,33,484,2,1,0,3,513,487,422,22,340,10
48,1000,80,5.13,10.3,18,37,5,929,34,21,16,71,7.753546509,117,196,20.34442849,9.873242791,6.993628515,8.495442732,465,19,9,1,29,464,15,12,15,42,494,506,112,84,89,28
42,1000,80,5.13,10.3,18,37,87,951,25,12,12,49,7.16488448,425,505,462.5144822,252.7852419,10.30992539,4.34210583,427,23,11,12,46,524,2,1,0,3,473,527,489,16,414,11
47,1000,80,5.13,10.3,18,37,69,957,27,11,5,43,7.071919339,323,425,235.6066391,129.7249231,8.705198743,5.273939491,487,23,9,5,37,470,4,2,0,6,524,476,399,26,308,15
44,1000,80,5.13,10.3,18,37,86,956,28,9,7,44,7.289205758,376,464,561.6747248,318.4480188,9.398317784,5.102773944,473,23,7,6,36,483,5,2,1,8,509,491,445,19,373,3
43,1000,80,5.13,10.3,18,37,87,951,34,9,6,49,7.644059228,417,494,410.4624501,210.9044497,10.42008529,4.944688717,453,26,8,6,40,498,8,1,0,9,493,507,482,12,409,8
41,1000,80,5.13,10.3,18,37,91,953,27,9,11,47,7.068614677,413,480,3809.362328,1599.366026,9.970977841,4.200872148,455,23,8,11,42,498,4,1,0,5,497,503,465,15,408,5
45,1000,80,5.13,10.3,18,37,80,956,22,11,11,44,7.49936275,347,444,240.238563,120.1960084,9.761428947,5.087738457,479,18,9,10,37,477,4,2,1,7,516,484,428,16,336,11
46,1000,80,5.13,10.3,18,37,76,965,18,9,8,35,7.232852622,356,455,196.1838876,117.2372937,9.446043966,4.901503218,481,16,8,8,32,484,2,1,0,3,513,487,432,23,345,11
42,1000,80,5.13,10.3,18,37,88,951,25,11,13,49,7.170160692,445,519,492.5413482,267.4169492,10.32915274,4.334860433,427,23,10,13,46,524,2,1,0,3,473,527,496,23,438,7
47,1000,80,5.13,10.3,18,37,70,957,27,11,5,43,7.097133929,321,418,260.5633003,141.9291642,8.777933362,5.246842117,487,23,9,5,37,470,4,2,0,6,524,476,400,18,310,11
48,1000,80,5.13,10.3,18,37,6,933,33,18,16,67,7.708095423,108,191,20.40464868,9.932768538,6.964858043,8.433706619,466,19,8,1,28,467,14,10,15,39,494,506,132,59,78,30
44,1000,80,5.13,10.3,18,37,87,956,28,9,7,44,7.261780165,403,465,616.6409574,346.4128005,9.421802789,5.022571376,473,23,7,6,36,483,5,2,1,8,509,491,448,17,395,8
43,1000,80,5.13,10.3,18,37,88,950,34,10,6,50,7.674190335,416,495,425.8071423,219.5842013,10.49181702,4.934367936,452,27,8,6,41,498,7,2,0,9,493,507,480,15,406,10
41,1000,80,5.13,10.3,18,37,92,953,27,9,11,47,7.048520902,418,492,3897.054953,1649.302964,9.997681829,4.134538832,455,23,8,11,42,498,4,1,0,5,497,503,473,19,412,6
45,1000,80,5.13,10.3,18,37,81,957,21,11,11,43,7.461432339,332,461,248.8688649,125.1040976,9.803280181,4.964751581,479,18,9,10,37,478,3,2,1,6,516,484,440,21,326,6
46,1000,80,5.13,10.3,18,37,77,965,18,9,8,35,7.252974268,352,442,207.1128316,122.8419305,9.503129247,4.882687812,481,16,8,8,32,484,2,1,0,3,513,487,427,15,342,10
42,1000,80,5.13,10.3,18,37,89,951,24,12,13,49,7.159542954,435,516,524.8842045,284.3705649,10.36996132,4.278085859,427,22,11,13,46,524,2,1,0,3,473,527,502,14,429,6
47,1000,80,5.13,10.3,18,37,71,956,28,11,5,44,7.087647294,325,427,301.2185733,164.2768565,8.816739008,5.184193391,486,24,9,5,38,470,4,2,0,6,524,476,401,26,308,17
44,1000,80,5.13,10.3,18,37,88,956,28,9,7,44,7.256732634,391,480,670.0862907,374.286121,9.484818852,4.946965047,473,23,7,6,36,483,5,2,1,8,509,491,455,25,384,7
43,1000,80,5.13,10.3,18,37,89,951,33,10,6,49,7.656504915,405,491,445.4207573,230.1270255,10.51095418,4.880876736,452,27,8,6,41,499,6,2,0,8,493,507,476,15,399,6
48,1000,80,5.13,10.3,18,37,7,934,33,17,16,66,7.704263279,116,189,20.48235105,10.03702019,6.961367176,8.429541293,467,19,7,1,27,467,14,10,15,39,494,506,128,61,81,35
41,1000,80,5.13,10.3,18,37,93,954,26,9,11,46,7.044348198,438,491,3986.830172,1702.106446,10.0277263,4.096557116,455,23,8,11,42,499,3,1,0,4,497,503,472,19,427,11
45,1000,80,5.13,10.3,18,37,82,955,22,12,11,45,7.461786883,355,460,265.7980834,134.482801,9.838341609,4.928104571,478,18,10,10,38,477,4,2,1,7,516,484,441,19,343,12
46,1000,80,5.13,10.3,18,37,78,965,18,9,8,35,7.200578116,364,448,219.1617692,129.4510043,9.51256179,4.765162048,481,16,8,8,32,484,2,1,0,3,513,487,427,21,351,13
42,1000,80,5.13,10.3,18,37,90,950,24,13,13,50,7.14861018,449,518,554.5352638,300.0197024,10.40452242,4.226320823,426,22,12,13,47,524,2,1,0,3,473,527,509,9,440,9
47,1000,80,5.13,10.3,18,37,72,957,27,11,5,43,7.067068777,325,416,346.7177075,189.7080091,8.852874754,5.101181524,486,24,9,5,38,471,3,2,0,5,524,476,395,21,319,6
44,1000,80,5.13,10.3,18,37,89,956,30,8,6,44,7.262637132,395,478,728.5325572,405.2890049,9.576064121,4.864400192,471,25,7,6,38,485,5,1,0,6,509,491,452,26,384,11
43,1000,80,5.13,10.3,18,37,90,949,34,10,7,51,7.689490565,414,496,463.1621827,240.5789224,10.5808028,4.878017329,450,29,7,7,43,499,5,3,0,8,493,507,480,16,406,8
41,1000,80,5.13,10.3,18,37,94,953,25,11,11,47,7.06764157,426,491,4036.494572,1729.164411,10.11599306,4.055652121,454,22,10,11,43,499,3,1,0,4,497,503,475,16,422,4
48,1000,80,5.13,10.3,18,37,8,934,34,17,15,66,7.767086315,80,225,20.55017468,10.10171577,7.054904122,8.462378812,467,19,7,1,27,467,15,10,14,39,494,506,144,81,57,23
45,1000,80,5.13,10.3,18,37,83,953,24,12,11,47,7.486791956,341,457,282.2787979,143.4475628,9.921844128,4.890744599,476,20,10,10,40,477,4,2,1,7,516,484,442,15,336,5
42,1000,80,5.13,10.3,18,37,91,950,24,13,13,50,7.11435782,454,510,589.3544303,318.7148918,10.41832179,4.14894044,426,22,12,13,47,524,2,1,0,3,473,527,498,12,442,12
46,1000,80,5.13,10.3,18,37,79,964,18,10,8,36,7.228902799,344,454,231.1348425,136.2819707,9.585236957,4.74676846,480,16,9,8,33,484,2,1,0,3,513,487,430,24,336,8
44,1000,80,5.13,10.3,18,37,90,956,30,8,6,44,7.262692535,411,473,797.5730959,447.0347148,9.596435747,4.843394581,471,25,7,6,38,485,5,1,0,6,509,491,459,14,402,9
47,1000,80,5.13,10.3,18,37,73,957,27,11,5,43,7.051606735,330,436,372.4608219,203.7369068,8.885074967,5.033250951,486,24,9,5,38,471,3,2,0,5,524,476,412,24,318,12
43,1000,80,5.13,10.3,18,37,91,946,33,12,9,54,7.701269032,421,501,492.8454638,256.4200556,10.68522512,4.799710153,447,28,9,9,46,499,5,3,0,8,493,507,481,20,417,4
41,1000,80,5.13,10.3,18,37,95,952,26,11,11,48,7.057536776,426,493,4120.0885,1775.206002,10.14430068,4.007593113,453,23,10,11,44,499,3,1,0,4,497,503,481,12,420,6
48,1000,80,5.13,10.3,18,37,9,935,34,16,15,65,7.732916249,119,217,20.65703129,10.22917931,7.069358287,8.380737658,467,19,7,1,27,468,15,9,14,38,494,506,142,75,93,26
45,1000,80,5.13,10.3,18,37,84,953,24,12,11,47,7.489675431,364,464,299.021522,152.3789524,9.980723806,4.833929643,476,20,10,10,40,477,4,2,1,7,516,484,443,21,356,8
42,1000,80,5.13,10.3,18,37,92,950,24,13,13,50,7.097104806,457,517,623.1973522,335.7759641,10.44797904,4.08958391,426,22,12,13,47,524,2,1,0,3,473,527,505,12,445,12
46,1000,80,5.13,10.3,18,37,80,963,19,10,8,37,7.197510187,365,452,242.8705,144.4326457,9.608216004,4.65810139,479,17,9,8,34,484,2,1,0,3,513,487,435,17,353,12
44,1000,80,5.13,10.3,18,37,91,955,31,8,6,45,7.266456269,404,482,850.9393342,479.0903569,9.609567005,4.83744738,471,25,7,6,38,484,6,1,0,7,509,491,460,22,395,9
47,1000,80,5.13,10.3,18,37,74,957,27,11,5,43,7.050074265,328,427,421.0689955,231.5461337,8.927998149,4.982779906,486,24,9,5,38,471,3,2,0,5,524,476,411,16,322,6
43,1000,80,5.13,10.3,18,37,92,945,34,12,9,55,7.691958943,427,493,522.5176932,270.0485775,10.70700925,4.76016446,446,29,9,9,47,499,5,3,0,8,493,507,477,16,420,7
41,1000,80,5.13,10.3,18,37,96,952,25,11,12,48,7.04101139,438,490,4354.0739,1885.513937,10.16060062,3.958633961,452,23,10,12,45,500,2,1,0,3,497,503,479,11,432,6
45,1000,80,5.13,10.3,18,37,85,953,24,12,11,47,7.464439534,367,452,319.9274502,163.3998958,10.00559875,4.755269786,476,20,10,10,40,477,4,2,1,7,516,484,438,14,360,7
48,1000,80,5.13,10.3,18,37,10,940,31,15,14,60,7.70798975,105,213,20.82881138,10.365271,7.105023777,8.296656134,467,19,7,1,27,473,12,8,13,33,494,506,133,80,78,27
46,1000,80,5.13,10.3,18,37,81,964,18,10,8,36,7.152579421,369,460,258.1845363,155.3824002,9.625756326,4.547364324,479,17,9,8,34,485,1,1,0,2,513,487,438,22,361,8
42,1000,80,5.13,10.3,18,37,93,948,26,13,13,52,7.095770202,442,520,667.1615047,358.1796075,10.52490508,4.018007778,424,24,12,13,49,524,2,1,0,3,473,527,507,13,436,6
47,1000,80,5.13,10.3,18,37,75,957,27,11,5,43,7.055009596,346,439,455.9869974,250.9775167,8.965172784,4.95222491,486,24,9,5,38,471,3,2,0,5,524,476,410,29,334,12
44,1000,80,5.13,10.3,18,37,92,954,32,8,6,46,7.247064417,406,483,913.9649389,516.3821118,9.642596375,4.763712551,470,26,7,6,39,484,6,1,0,7,509,491,465,18,400,6
43,1000,80,5.13,10.3,18,37,93,946,32,13,9,54,7.667659254,415,499,545.0585503,281.5864917,10.746681,4.67365981,446,28,10,9,47,500,4,3,0,7,493,507,481,18,411,4
41,1000,80,5.13,10.3,18,37,97,951,26,11,12,49,7.042229601,434,493,4478.080075,1953.29636,10.20806678,3.914155884,451,24,10,12,46,500,2,1,0,3,497,503,479,14,427,7
45,1000,80,5.13,10.3,18,37,86,955,22,12,11,45,7.441461231,365,461,345.3682825,176.4677162,10.06896393,4.64023935,476,20,10,10,40,479,2,2,1,5,516,484,444,17,362,3
46,1000,80,5.13,10.3,18,37,82,964,18,10,8,36,7.139106652,373,452,279.1289288,168.516789,9.658759483,4.484934368,479,17,9,8,34,485,1,1,0,2,513,487,436,16,365,8
48,1000,80,5.13,10.3,18,37,11,940,30,16,14,60,7.704420879,111,209,21.02035064,10.48705421,7.106768207,8.28789997,467,18,8,1,27,473,12,8,13,33,494,506,139,70,82,29
42,1000,80,5.13,10.3,18,37,94,948,26,13,13,52,7.082633806,461,527,709.3179085,379.8434306,10.54496728,3.975074542,424,24,12,13,49,524,2,1,0,3,473,527,507,20,453,8
47,1000,80,5.13,10.3,18,37,76,957,27,11,5,43,7.062021096,333,432,499.9591554,273.6572982,9.019533585,4.90711239,486,24,9,5,38,471,3,2,0,5,524,476,407,25,329,4
44,1000,80,5.13,10.3,18,37,93,954,32,8,6,46,7.175980382,405,470,978.9735444,557.564691,9.658286332,4.602673398,470,26,7,6,39,484,6,1,0,7,509,491,451,19,396,9
43,1000,80,5.13,10.3,18,37,94,945,32,13,10,55,7.673684589,432,500,577.9185423,297.3543076,10.78315013,4.650081999,445,28,11,9,48,500,4,2,1,7,493,507,483,17,424,8
41,1000,80,5.13,10.3,18,37,98,951,26,11,12,49,7.01748591,442,494,4619.089127,2029.129258,10.23053902,3.842759476,451,24,10,12,46,500,2,1,0,3,497,503,482,12,433,9
45,1000,80,5.13,10.3,18,37,87,953,23,13,11,47,7.456470456,373,460,368.1888449,187.9114915,10.17089075,4.562584356,474,21,11,10,42,479,2,2,1,5,516,484,447,13,364,9
42,1000,80,5.13,10.3,18,37,95,948,26,13,13,52,7.091644148,457,522,754.3184736,405.142152,10.58619038,3.955172864,424,24,12,13,49,524,2,1,0,3,473,527,512,10,451,6
46,1000,80,5.13,10.3,18,37,83,963,19,10,8,37,7.138423773,371,445,298.8979827,182.2325505,9.709462727,4.43012196,478,18,9,8,35,485,1,1,0,2,513,487,428,17,360,11
48,1000,80,5.13,10.3,18,37,12,939,31,16,14,61,7.752496396,97,209,21.21586692,10.61857961,7.153656995,8.337134072,467,18,8,1,27,472,13,8,13,34,494,506,151,58,76,21
47,1000,80,5.13,10.3,18,37,77,957,27,11,5,43,7.054856694,351,449,542.2907093,297.5554905,9.036060436,4.873867701,486,24,9,5,38,471,3,2,0,5,524,476,420,29,341,10
43,1000,80,5.13,10.3,18,37,95,945,32,13,10,55,7.661706491,448,498,623.19815,318.2596151,10.8070232,4.603242704,445,28,11,9,48,500,4,2,1,7,493,507,490,8,437,11
44,1000,80,5.13,10.3,18,37,94,954,30,10,6,46,7.205763,411,480,1029.774779,582.3704813,9.749668211,4.568598535,470,24,9,6,39,484,6,1,0,7,509,491,457,23,398,13
41,1000,80,5.13,10.3,18,37,99,950,26,12,12,50,7.029504745,438,499,4759.878459,2109.180837,10.29519232,3.802771697,450,24,11,12,47,500,2,1,0,3,497,503,484,15,431,7
45,1000,80,5.13,10.3,18,37,88,955,22,12,11,45,7.426497763,371,457,389.2250495,198.5916435,10.14278845,4.530617607,476,20,10,10,40,479,2,2,1,5,516,484,446,11,361,10
42,1000,80,5.13,10.3,18,37,96,948,26,13,13,52,7.083161037,464,527,803.5535289,430.9311846,10.6134011,3.914653351,424,24,12,13,49,524,2,1,0,3,473,527,512,15,454,10
46,1000,80,5.13,10.3,18,37,84,964,19,9,8,36,7.096291451,371,456,323.50196,201.1554745,9.753556285,4.297160321,478,18,9,8,35,486,1,0,0,1,513,487,433,23,363,8
47,1000,80,5.13,10.3,18,37,78,957,27,11,5,43,7.039869588,351,445,588.2342405,322.9595509,9.078296216,4.795887333,486,24,9,5,38,471,3,2,0,5,524,476,417,28,335,16
43,1000,80,5.13,10.3,18,37,96,946,31,13,10,54,7.643112684,433,500,665.9946901,340.2319711,10.84968899,4.525080889,445,27,12,9,48,501,4,1,1,6,493,507,488,12,425,8
44,1000,80,5.13,10.3,18,37,95,954,30,10,6,46,7.186186708,414,480,1103.352264,629.7007747,9.78663054,4.490410923,470,24,9,6,39,484,6,1,0,7,509,491,469,11,410,4
48,1000,80,5.13,10.3,18,37,13,940,31,16,13,60,7.737735557,113,211,21.37739671,10.77943164,7.170570311,8.291450243,467,18,8,1,27,473,13,8,12,33,494,506,147,64,87,26
41,1000,80,5.13,10.3,18,37,100,951,25,12,12,49,7.02571267,461,491,4882.208686,2173.126328,10.32234607,3.768402927,450,24,11,12,47,501,1,1,0,2,497,503,483,8,451,10
45,1000,80,5.13,10.3,18,37,89,955,21,13,11,45,7.413032661,369,461,415.196261,211.9286185,10.19160584,4.450752164,476,19,11,10,40,479,2,2,1,5,516,484,447,14,363,6
42,1000,80,5.13,10.3,18,37,97,946,27,14,13,54,7.054172193,468,532,851.3534418,457.5886315,10.65910202,3.818627964,422,26,12,13,51,524,1,2,0,3,473,527,517,15,461,7
46,1000,80,5.13,10.3,18,37,85,964,19,9,8,36,7.120098154,380,453,349.5947143,225.2425799,9.820265057,4.275774496,478,18,9,8,35,486,1,0,0,1,513,487,435,18,369,11
43,1000,80,5.13,10.3,18,37,97,946,30,14,10,54,7.618613134,437,500,733.3813846,374.0505079,10.87253313,4.45454497,445,26,13,9,48,501,4,1,1,6,493,507,483,17,433,4
47,1000,80,5.13,10.3,18,37,79,955,29,11,5,45,7.043473758,366,452,653.1778553,357.2105518,9.125768104,4.75120015,484,26,9,5,40,471,3,2,0,5,524,476,423,29,354,12
44,1000,80,5.13,10.3,18,37,96,952,32,9,7,48,7.178885508,435,486,1168.196832,661.3443272,9.836262547,4.424089352,468,26,8,7,41,484,6,1,0,7,509,491,469,17,427,8
41,1000,80,5.13,10.3,18,37,101,950,25,13,12,50,7.047202997,441,500,5108.040982,2262.574352,10.41387526,3.720689848,450,23,12,12,47,500,2,1,0,3,497,503,485,15,437,4
48,1000,80,5.13,10.3,18,37,14,938,33,16,13,62,7.733314651,135,198,21.53978656,10.96624758,7.203090109,8.250964698,465,20,8,1,29,473,13,8,12,33,494,506,148,50,98,37
45,1000,80,5.13,10.3,18,37,90,954,22,13,11,46,7.417718221,387,473,449.3317909,230.7639148,10.25444598,4.393438213,475,20,11,10,41,479,2,2,1,5,516,484,458,15,378,9
42,1000,80,5.13,10.3,18,37,98,945,28,14,13,55,7.050509432,466,523,886.5722655,477.5164202,10.68824485,3.785521096,421,27,12,13,52,524,1,2,0,3,473,527,513,10,462,4
46,1000,80,5.13,10.3,18,37,86,964,18,10,8,36,7.138961261,370,457,371.596212,240.1465312,9.867197438,4.265069765,478,17,10,8,35,486,1,0,0,1,513,487,443,14,365,5
43,1000,80,5.13,10.3,18,37,98,946,31,14,9,54,7.591457388,443,500,777.8019441,396.6100962,10.90988112,4.364666661,444,27,13,9,49,502,4,1,0,5,493,507,486,14,436,7
47,1000,80,5.13,10.3,18,37,80,954,29,12,5,46,7.034422459,353,450,735.9322267,404.7976085,9.180267974,4.672189161,483,26,10,5,41,471,3,2,0,5,524,476,426,24,345,8
44,1000,80,5.13,10.3,18,37,97,952,32,9,7,48,7.153065923,423,477,1219.560856,686.1060461,9.888674337,4.317170437,467,27,8,7,42,485,5,1,0,6,509,491,467,10,417,6
41,1000,80,5.13,10.3,18,37,102,950,24,14,12,50,7.067427257,443,498,5272.737621,2342.103197,10.46549499,3.709893132,450,22,13,12,47,500,2,1,0,3,497,503,485,13,438,5
48,1000,80,5.13,10.3,18,37,15,938,33,16,13,62,7.720918592,119,214,21.74288668,11.10775542,7.216805415,8.213076516,465,20,8,1,29,473,13,8,12,33,494,506,146,68,91,28
45,1000,80,5.13,10.3,18,37,91,953,23,13,11,47,7.392123481,392,467,482.2088282,248.8934774,10.27103413,4.322871627,473,22,11,10,43,480,1,2,1,4,516,484,456,11,380,12
42,1000,80,5.13,10.3,18,37,99,946,27,13,14,54,7.060781028,471,526,938.4685756,504.2596503,10.79876735,3.705814176,420,27,12,14,53,526,0,1,0,1,473,527,513,13,467,4
46,1000,80,5.13,10.3,18,37,87,963,19,10,8,37,7.142091192,392,457,386.5854584,247.616479,9.941054536,4.193696541,478,17,10,8,35,485,2,0,0,2,513,487,442,15,379,13
43,1000,80,5.13,10.3,18,37,99,946,31,14,9,54,7.562899465,440,503,837.9702355,424.685189,10.9509323,4.26842178,444,27,13,9,49,502,4,1,0,5,493,507,486,17,434,6
47,1000,80,5.13,10.3,18,37,81,952,30,13,5,48,7.063936965,370,445,816.2464408,444.6530621,9.208280956,4.703356605,482,26,11,5,42,470,4,2,0,6,524,476,423,22,358,12
44,1000,80,5.13,10.3,18,37,98,954,29,10,7,46,7.137881612,422,492,1285.083454,718.7886229,9.925482115,4.248088015,468,25,9,7,41,486,4,1,0,5,509,491,469,23,415,7
41,1000,80,5.13,10.3,18,37,103,950,24,14,12,50,7.05582822,446,497,5606.271341,2482.764935,10.48843687,3.664165204,450,22,13,12,47,500,2,1,0,3,497,503,484,13,442,4
45,1000,80,5.13,10.3,18,37,92,951,25,13,11,49,7.394104113,376,467,515.3102495,266.4561969,10.29840027,4.297788378,472,23,11,10,44,479,2,2,1,5,516,484,458,9,368,8
48,1000,80,5.13,10.3,18,37,16,938,34,16,12,62,7.704578794,107,231,22.10332377,11.33765191,7.228314663,8.169548123,465,20,8,1,29,473,14,8,11,33,494,506,160,71,88,19
42,1000,80,5.13,10.3,18,37,100,943,28,15,14,57,7.103775607,480,525,992.8641149,529.848455,10.88069381,3.713866102,417,28,14,14,56,526,0,1,0,1,473,527,512,13,469,11
46,1000,80,5.13,10.3,18,37,88,963,18,11,8,37,7.145021384,378,457,410.2785193,268.8074507,10.01601015,4.120756014,478,16,11,8,35,485,2,0,0,2,513,487,440,17,370,8
43,1000,80,5.13,10.3,18,37,100,947,32,12,9,53,7.552660535,447,504,888.2293396,448.6827766,10.98401586,4.216056641,444,28,12,9,49,503,4,0,0,4,493,507,491,13,442,5
47,1000,80,5.13,10.3,18,37,82,951,32,12,5,49,7.081917255,374,443,880.3417621,481.5062817,9.29083927,4.650246802,481,27,11,5,43,470,5,1,0,6,524,476,422,21,363,11
44,1000,80,5.13,10.3,18,37,99,954,29,10,7,46,7.151705796,437,490,1377.176425,764.5077972,10.00112585,4.197826354,467,26,9,7,42,487,3,1,0,4,509,491,471,19,426,11
41,1000,80,5.13,10.3,18,37,104,950,24,14,12,50,7.072524614,455,497,6143.193699,2711.282876,10.53776939,3.64861477,450,22,13,12,47,500,2,1,0,3,497,503,482,15,445,10
49,1000,80,5.13,10.3,18,37,0,940,33,11,16,60,7.08,95,210,20.00595431,8.996593107,6.309716599,7.83201581,471,14,3,6,23,469,19,8,10,37,494,506,122,88,63,32
45,1000,80,5.13,10.3,18,37,93,949,26,12,13,51,7.432193149,394,462,548.3213739,283.2075318,10.36720293,4.303133137,470,24,10,12,46,479,2,2,1,5,516,484,450,12,384,10
42,1000,80,5.13,10.3,18,37,101,943,28,15,14,57,7.066271939,483,522,1056.644575,562.6498911,10.92454273,3.60334578,417,28,14,14,56,526,0,1,0,1,473,527,512,10,472,11
46,1000,80,5.13,10.3,18,37,89,963,18,11,8,37,7.152238838,383,451,440.9019916,302.7414944,10.05370897,4.09586476,478,16,11,8,35,485,2,0,0,2,513,487,440,11,376,7
43,1000,80,5.13,10.3,18,37,101,947,32,12,9,53,7.520300395,451,503,937.3526389,473.129321,11.05758452,4.080692753,443,29,12,9,50,504,3,0,0,3,493,507,488,15,443,8
48,1000,80,5.13,10.3,18,37,17,936,36,16,12,64,7.708855983,123,218,22.33429329,11.48577835,7.238542641,8.16801565,465,20,8,1,29,471,16,8,11,35,494,506,148,70,104,19
44,1000,80,5.13,10.3,18,37,100,954,29,10,7,46,7.132289483,425,482,1463.474843,806.179962,10.04222608,4.115674966,467,26,9,7,42,487,3,1,0,4,509,491,468,14,418,7
47,1000,80,5.13,10.3,18,37,83,952,31,12,5,48,7.076734537,368,450,958.3349937,525.0000978,9.370327725,4.551854642,481,27,11,5,43,471,4,1,0,5,524,476,434,16,361,7
49,1000,80,5.13,10.3,18,37,1,941,31,12,16,59,7.091316556,86,222,20.04533399,9.043066645,6.315953129,7.848291917,471,14,3,6,23,470,17,9,10,36,494,506,135,87,54,32
45,1000,80,5.13,10.3,18,37,94,948,26,13,13,52,7.45877579,399,480,584.3317459,301.2332217,10.41979994,4.301981453,469,24,11,12,47,479,2,2,1,5,516,484,457,23,394,5
42,1000,80,5.13,10.3,18,37,102,941,30,15,14,59,7.060304507,483,534,1122.058684,594.6648159,10.99214147,3.531350271,415,30,14,14,58,526,0,1,0,1,473,527,519,15,476,7
46,1000,80,5.13,10.3,18,37,90,963,18,11,8,37,7.147392461,387,456,476.5131133,336.9767396,10.09834002,4.038899446,478,16,11,8,35,485,2,0,0,2,513,487,440,16,383,4
43,1000,80,5.13,10.3,18,37,102,946,33,12,9,54,7.508506368,448,510,978.8146621,498.9216425,11.09109936,4.024840995,442,30,12,9,51,504,3,0,0,3,493,507,493,17,445,3
44,1000,80,5.13,10.3,18,37,101,954,29,10,7,46,7.148550119,430,484,1528.509475,838.5664583,10.11902741,4.069175493,467,26,9,7,42,487,3,1,0,4,509,491,473,11,428,2
47,1000,80,5.13,10.3,18,37,84,953,30,12,5,47,7.075158104,367,447,987.126032,541.1799014,9.416749141,4.497440239,481,27,11,5,43,472,3,1,0,4,524,476,430,17,358,9
48,1000,80,5.13,10.3,18,37,18,934,38,16,12,66,7.727280149,122,223,22.52118895,11.61857681,7.288502556,8.155651949,464,21,8,1,30,470,17,8,11,36,494,506,155,68,101,21
49,1000,80,5.13,10.3,18,37,2,941,30,12,17,59,7.145959999,100,189,20.10790911,9.096699604,6.386996129,7.886924726,471,14,3,6,23,470,16,9,11,36,494,506,112,77,75,25
45,1000,80,5.13,10.3,18,37,95,948,26,13,13,52,7.458932856,410,467,618.3218016,318.1895016,10.46171349,4.257621269,469,24,11,12,47,479,2,2,1,5,516,484,458,9,402,8
42,1000,80,5.13,10.3,18,37,103,941,30,15,14,59,7.054319318,483,533,1179.864111,628.2253404,11.01161048,3.502519091,415,30,14,14,58,526,0,1,0,1,473,527,519,14,475,8
46,1000,80,5.13,10.3,18,37,91,963,18,11,8,37,7.137942029,395,479,514.0153221,376.2248846,10.12212275,3.994441596,478,16,11,8,35,485,2,0,0,2,513,487,454,25,381,14
43,1000,80,5.13,10.3,18,37,103,945,33,12,10,55,7.489214769,461,508,1021.661371,520.3630065,11.14369025,3.93565183,441,30,12,10,52,504,3,0,0,3,493,507,492,16,451,10
44,1000,80,5.13,10.3,18,37,102,954,29,9,8,46,7.163489229,438,478,1601.953738,873.4986156,10.19188783,4.024069908,467,26,8,8,42,487,3,1,0,4,509,491,471,7,431,7
47,1000,80,5.13,10.3,18,37,85,953,29,13,5,47,7.06178517,377,452,1021.946786,564.7041187,9.440342325,4.443373511,481,26,12,5,43,472,3,1,0,4,524,476,434,18,366,11
48,1000,80,5.13,10.3,18,37,19,936,37,15,12,64,7.709845802,132,243,22.77088398,11.77132596,7.308115443,8.102048958,464,21,8,1,30,472,16,7,11,34,494,506,159,84,95,37
49,1000,80,5.13,10.3,18,37,3,942,31,11,16,58,7.165750689,85,181,20.21201067,9.193028888,6.456686499,7.857999127,471,14,3,6,23,471,17,8,10,35,494,506,111,70,56,29
45,1000,80,5.13,10.3,18,37,96,945,29,14,12,55,7.453387116,409,466,651.7033002,334.224731,10.51679477,4.187440111,467,25,12,12,49,478,4,2,0,6,516,484,455,11,400,9
42,1000,80,5.13,10.3,18,37,104,940,31,15,14,60,7.03507992,475,533,1251.894956,669.047704,11.07004977,3.413560488,414,31,14,14,59,526,0,1,0,1,473,527,518,15,466,9
50,1000,80,5.13,10.3,18,37,0,952,28,7,13,48,6.89,95,206,19.89085061,8.671073124,6.296511628,7.522727273,497,13,2,4,19,455,15,5,9,29,516,484,104,102,62,33
46,1000,80,5.13,10.3,18,37,92,962,19,11,8,38,7.152956071,406,465,538.5532896,388.9708187,10.17378011,3.970856011,477,17,11,8,36,485,2,0,0,2,513,487,453,12,393,13
43,1000,80,5.13,10.3,18,37,104,946,32,12,10,54,7.487590516,450,508,1072.187458,547.4688601,11.19507164,3.882485601,441,30,12,10,52,505,2,0,0,2,493,507,493,15,442,8
44,1000,80,5.13,10.3,18,37,103,952,31,9,8,48,7.164221291,430,485,1713.238608,926.0594469,10.26503432,3.949732839,465,28,8,8,44,487,3,1,0,4,509,491,468,17,427,3
47,1000,80,5.13,10.3,18,37,86,951,31,13,5,49,7.042443436,372,454,1066.456998,593.0249424,9.466013747,4.37447948,480,27,12,5,44,471,4,1,0,5,524,476,436,18,360,12
49,1000,80,5.13,10.3,18,37,4,943,30,11,16,57,7.207227318,105,215,20.27122222,9.260835748,6.537087865,7.861474136,471,14,3,6,23,472,16,8,10,34,494,506,125,90,68,37
48,1000,80,5.13,10.3,18,37,20,934,40,15,11,66,7.73171997,126,238,23.04614737,11.92924497,7.352262939,8.10217802,463,22,8,1,31,471,18,7,10,35,494,506,174,64,102,24
45,1000,80,5.13,10.3,18,37,97,944,30,14,12,56,7.476338463,414,473,690.7249076,353.111838,10.57421553,4.173643076,466,26,12,12,50,478,4,2,0,6,516,484,463,10,403,11
50,1000,80,5.13,10.3,18,37,1,953,27,7,13,47,6.886213057,91,184,19.95123556,8.740627008,6.320747095,7.489065198,496,14,2,4,20,457,13,5,9,27,516,484,92,92,66,25
46,1000,80,5.13,10.3,18,37,93,962,19,11,8,38,7.183697784,401,463,586.8358393,438.4792532,10.2380112,3.966320412,477,17,11,8,36,485,2,0,0,2,513,487,450,13,397,4
44,1000,80,5.13,10.3,18,37,104,951,32,9,8,49,7.152817811,448,494,1814.007458,979.1817565,10.33736866,3.851521722,464,29,8,8,45,487,3,1,0,4,509,491,474,20,437,11
47,1000,80,5.13,10.3,18,37,87,952,30,13,5,48,7.030829769,384,448,1154.889693,650.2889462,9.471000521,4.344591379,481,26,12,5,43,471,4,1,0,5,524,476,430,18,374,10
49,1000,80,5.13,10.3,18,37,5,943,30,11,16,57,7.218691077,113,201,20.34640563,9.363314069,6.574900513,7.84721388,472,13,3,6,22,471,17,8,10,35,494,506,135,66,78,35
45,1000,80,5.13,10.3,18,37,98,943,31,14,12,57,7.463883482,398,477,734.9794396,373.7931361,10.62074072,4.098308406,465,27,12,12,51,478,4,2,0,6,516,484,453,24,389,9
48,1000,80,5.13,10.3,18,37,21,937,38,15,10,63,7.750043457,122,229,23.35218683,12.11779698,7.4038844,8.087993208,463,22,8,1,31,474,16,7,9,32,494,506,174,55,103,19
50,1000,80,5.13,10.3,18,37,2,953,27,6,14,47,6.916923086,98,221,20.02985347,8.805962176,6.343827349,7.527909451,496,14,2,4,20,457,13,4,10,27,516,484,133,88,70,28
46,1000,80,5.13,10.3,18,37,94,962,19,11,8,38,7.186414046,405,476,627.1133385,474.4790517,10.29491731,3.91195373,477,17,11,8,36,485,2,0,0,2,513,487,452,24,399,6
47,1000,80,5.13,10.3,18,37,88,952,30,13,5,48,7.001504185,385,454,1186.208456,681.3412271,9.492453931,4.259366229,481,26,12,5,43,471,4,1,0,5,524,476,436,18,374,11
49,1000,80,5.13,10.3,18,37,6,943,30,11,16,57,7.229780188,108,195,20.41641867,9.425948787,6.644755903,7.800930378,471,14,3,6,23,472,16,8,10,34,494,506,124,71,84,24
45,1000,80,5.13,10.3,18,37,99,943,31,14,12,57,7.453079182,413,478,776.4495702,394.67366,10.68843181,4.003818938,464,28,12,12,52,479,3,2,0,5,516,484,462,16,407,6
48,1000,80,5.13,10.3,18,37,22,941,36,14,9,59,7.758943625,136,259,23.70591303,12.36331073,7.437719466,8.072549819,464,21,8,1,30,477,15,6,8,29,494,506,192,67,106,30
46,1000,80,5.13,10.3,18,37,95,962,19,11,8,38,7.194755261,404,457,683.0788376,536.2195996,10.34946709,3.871619397,477,17,11,8,36,485,2,0,0,2,513,487,449,8,393,11
50,1000,80,5.13,10.3,18,37,3,954,26,6,14,46,6.939502798,88,203,20.10159565,8.880225438,6.36430279,7.552732559,497,13,2,4,19,457,13,4,10,27,516,484,113,90,63,25
47,1000,80,5.13,10.3,18,37,89,953,29,13,5,47,6.986694278,393,456,1224.386438,709.2479932,9.526033777,4.19128693,481,25,13,5,43,472,4,0,0,4,524,476,436,20,382,11
49,1000,80,5.13,10.3,18,37,7,942,30,11,17,58,7.217786797,83,216,20.49733983,9.483974596,6.643902387,7.778061301,471,14,3,6,23,471,16,8,11,35,494,506,150,66,52,31
45,1000,80,5.13,10.3,18,37,100,944,30,14,12,56,7.432497328,409,479,826.5677809,420.4313506,10.71613558,3.931759024,464,28,12,12,52,480,2,2,0,4,516,484,468,11,404,5
48,1000,80,5.13,10.3,18,37,23,942,36,14,8,58,7.750037031,122,249,24.02873661,12.59014356,7.442860799,8.049928451,463,22,8,1,31,479,14,6,7,27,494,506,184,65,99,23
46,1000,80,5.13,10.3,18,37,96,963,18,11,8,37,7.181998378,406,477,739.4762387,584.6032171,10.37278557,3.820861149,477,17,11,8,36,486,1,0,0,1,513,487,457,20,399,7
50,1000,80,5.13,10.3,18,37,4,954,26,6,14,46,7.000419603,99,204,20.22463645,8.982145836,6.43665467,7.601458251,497,13,2,4,19,457,13,4,10,27,516,484,122,82,64,35
47,1000,80,5.13,10.3,18,37,90,954,28,13,5,46,6.952661997,387,456,1264.497379,746.7471488,9.553442086,4.089618371,481,25,13,5,43,473,3,0,0,3,524,476,444,12,378,9
49,1000,80,5.13,10.3,18,37,8,942,29,12,17,58,7.259662116,108,219,20.50717791,9.507900807,6.672476977,7.832921916,471,14,3,6,23,471,15,9,11,35,494,506,143,76,75,33
45,1000,80,5.13,10.3,18,37,101,946,28,14,12,54,7.415478259,422,488,862.5558923,437.713472,10.74281231,3.86815518,465,27,12,12,51,481,1,2,0,3,516,484,471,17,408,14
46,1000,80,5.13,10.3,18,37,97,963,18,11,8,37,7.170392313,418,479,774.915136,603.4339931,10.42043514,3.746835904,477,17,11,8,36,486,1,0,0,1,513,487,462,17,405,13
48,1000,80,5.13,10.3,18,37,24,942,37,13,8,58,7.734170433,124,232,24.4845965,12.90331904,7.467771898,7.994251216,462,23,8,1,32,480,14,5,7,26,494,506,169,63,104,20
50,1000,80,5.13,10.3,18,37,5,957,23,6,14,43,7.009153699,106,223,20.35347487,9.079350094,6.438823919,7.617191234,498,12,2,4,18,459,11,4,10,25,516,484,122,101,69,37
47,1000,80,5.13,10.3,18,37,91,952,29,14,5,48,6.980535833,382,456,1379.139013,828.97991,9.626436266,4.067821911,479,26,14,5,45,473,3,0,0,3,524,476,440,16,372,10
49,1000,80,5.13,10.3,18,37,9,942,28,12,18,58,7.29157434,106,235,20.56436049,9.571075897,6.726990108,7.842769223,471,13,4,6,23,471,15,8,12,35,494,506,146,89,73,33
45,1000,80,5.13,10.3,18,37,102,946,29,13,12,54,7.364914617,419,467,901.0815902,457.0665591,10.7536579,3.752122191,465,27,12,12,51,481,2,1,0,3,516,484,462,5,412,7
46,1000,80,5.13,10.3,18,37,98,963,18,11,8,37,7.146869241,424,472,805.1885566,620.3538939,10.42497577,3.693750865,477,17,11,8,36,486,1,0,0,1,513,487,459,13,413,11
48,1000,80,5.13,10.3,18,37,25,945,35,12,8,55,7.70462225,145,255,24.92415075,13.16649573,7.505190279,7.89932461,462,24,7,1,32,483,11,5,7,23,494,506,195,60,118,27
50,1000,80,5.13,10.3,18,37,6,959,21,6,14,41,7.021364324,99,205,20.43640527,9.160719425,6.510334469,7.566181276,498,12,2,4,18,461,9,4,10,23,516,484,117,88,68,31
47,1000,80,5.13,10.3,18,37,92,952,29,14,5,48,7.002310432,397,461,1424.900575,867.0400476,9.695373074,4.037678449,479,26,14,5,45,473,3,0,0,3,524,476,446,15,386,11
49,1000,80,5.13,10.3,18,37,10,943,27,12,18,57,7.366791011,90,190,20.63738013,9.625763627,6.802861325,7.917346871,471,13,4,6,23,472,14,8,12,34,494,506,121,69,69,21
45,1000,80,5.13,10.3,18,37,103,946,29,13,12,54,7.358528237,420,475,958.7372862,489.2087889,10.78435624,3.706199206,465,27,12,12,51,481,2,1,0,3,516,484,464,11,410,10
46,1000,80,5.13,10.3,18,37,99,963,18,11,8,37,7.140364722,414,468,865.2035328,697.6981352,10.45954087,3.643984094,477,17,11,8,36,486,1,0,0,1,513,487,455,13,409,5
48,1000,80,5.13,10.3,18,37,26,945,36,10,9,55,7.730515971,141,246,25.4286615,13.44816472,7.526260596,7.929927346,462,24,7,1,32,483,12,3,8,23,494,506,189,57,119,22
50,1000,80,5.13,10.3,18,37,7,958,23,6,13,42,7.047153731,108,228,20.55317062,9.248180552,6.535323402,7.592824081,498,12,2,4,18,460,11,4,9,24,516,484,127,101,79,29
47,1000,80,5.13,10.3,18,37,93,953,27,15,5,47,6.990472419,398,450,1534.707529,939.9862061,9.745621103,3.957493615,479,25,15,5,45,474,2,0,0,2,524,476,430,20,387,11
49,1000,80,5.13,10.3,18,37,11,945,25,12,18,55,7.37388286,119,224,20.76269553,9.707310931,6.825627422,7.909136193,471,13,4,6,23,474,12,8,12,32,494,506,151,73,89,30
45,1000,80,5.13,10.3,18,37,104,946,29,13,12,54,7.321530193,423,468,1012.241745,518.835093,10.80888911,3.603602091,465,27,12,12,51,481,2,1,0,3,516,484,465,3,414,9
46,1000,80,5.13,10.3,18,37,100,963,18,11,8,37,7.119585072,415,472,932.6880006,761.7368831,10.48445485,3.575071319,477,17,11,8,36,486,1,0,0,1,513,487,461,11,408,7
49,1000,80,5.13,10.3,18,37,12,947,23,12,18,53,7.372255242,113,217,20.95479138,9.822792264,6.810362142,7.920822814,472,12,4,6,22,475,11,8,12,31,494,506,150,67,86,27
47,1000,80,5.13,10.3,18,37,94,953,27,15,5,47,6.98171884,392,470,1622.320787,998.943633,9.754137954,3.92972805,479,25,15,5,45,474,2,0,0,2,524,476,452,18,384,8
50,1000,80,5.13,10.3,18,37,8,957,24,6,13,43,7.074547132,90,185,20.69155589,9.360307077,6.562792063,7.620137248,498,12,2,4,18,459,12,4,9,25,516,484,107,78,59,31
48,1000,80,5.13,10.3,18,37,27,945,36,10,9,55,7.755439764,144,255,25.87222383,13.70053055,7.586818664,7.920061945,461,25,7,1,33,484,11,3,8,22,494,506,199,56,124,20
46,1000,80,5.13,10.3,18,37,101,961,20,11,8,39,7.109803029,419,476,1006.095744,830.2324672,10.50854767,3.529605902,475,19,11,8,38,486,1,0,0,1,513,487,463,13,411,8
49,1000,80,5.13,10.3,18,37,13,949,20,14,17,51,7.373300641,118,220,21.08505253,9.900170107,6.843172768,7.890856311,472,12,4,6,22,477,8,10,11,29,494,506,148,72,93,25
50,1000,80,5.13,10.3,18,37,9,955,26,7,12,45,7.071959541,100,198,20.87228691,9.498963296,6.58366121,7.592542059,498,12,2,4,18,457,14,5,8,27,516,484,124,74,71,29
47,1000,80,5.13,10.3,18,37,95,952,28,15,5,48,7.007133514,395,464,1729.182257,1090.197019,9.839406354,3.88925333,478,26,15,5,46,474,2,0,0,2,524,476,444,20,384,11
48,1000,80,5.13,10.3,18,37,28,945,36,10,9,55,7.747910224,122,258,26.34860707,13.977805,7.598187218,7.894082487,461,25,7,1,33,484,11,3,8,22,494,506,199,59,103,19
46,1000,80,5.13,10.3,18,37,102,961,20,11,8,39,7.106464192,415,471,1064.656429,865.6737736,10.56520355,3.463069349,475,19,11,8,38,486,1,0,0,1,513,487,459,12,409,6
49,1000,80,5.13,10.3,18,37,14,950,20,14,16,50,7.370633622,110,216,21.22215526,10.00704903,6.893442479,7.836507979,472,12,4,6,22,478,8,10,10,28,494,506,138,78,84,26
50,1000,80,5.13,10.3,18,37,10,953,29,7,11,47,7.085839636,88,232,21.0737702,9.618933889,6.618964434,7.58358262,497,13,2,4,19,456,16,5,7,28,516,484,160,72,63,25
47,1000,80,5.13,10.3,18,37,96,952,29,13,6,48,7.006688519,406,451,1888.554999,1223.676993,9.850544889,3.876056717,478,27,13,6,46,474,2,0,0,2,524,476,443,8,398,8
48,1000,80,5.13,10.3,18,37,29,945,36,9,10,55,7.744306878,159,277,26.88858393,14.28607576,7.625264118,7.860526489,461,25,6,2,33,484,11,3,8,22,494,506,224,53,132,27
46,1000,80,5.13,10.3,18,37,103,960,20,12,8,40,7.122478933,423,473,1169.048677,959.6108813,10.59092938,3.468854545,474,19,12,8,39,486,1,0,0,1,513,487,459,14,412,11
49,1000,80,5.13,10.3,18,37,15,950,20,14,16,50,7.379543032,93,229,21.41930535,10.15390587,6.916098029,7.831997245,472,12,4,6,22,478,8,10,10,28,494,506,156,73,77,16
50,1000,80,5.13,10.3,18,37,11,953,29,7,11,47,7.075023492,104,217,21.2994991,9.776321691,6.605241508,7.575865441,497,13,2,4,19,456,16,5,7,28,516,484,137,80,80,24
47,1000,80,5.13,10.3,18,37,97,952,29,13,6,48,6.979086068,400,464,2066.785844,1346.098852,9.880435837,3.785163212,478,27,13,6,46,474,2,0,0,2,524,476,449,15,391,9
46,1000,80,5.13,10.3,18,37,104,960,20,12,8,40,7.106951602,426,476,1304.042271,1078.493923,10.63827535,3.387097224,474,19,12,8,39,486,1,0,0,1,513,487,459,17,417,9
48,1000,80,5.13,10.3,18,37,30,945,37,8,10,55,7.73665511,150,292,27.49762974,14.62314356,7.665984969,7.805649279,461,25,6,2,33,484,12,2,8,22,494,506,228,64,138,12
49,1000,80,5.13,10.3,18,37,16,950,20,14,16,50,7.397259706,106,211,21.67043876,10.33692017,6.962407482,7.821799229,472,12,4,6,22,478,8,10,10,28,494,506,158,53,77,29
50,1000,80,5.13,10.3,18,37,12,951,31,6,12,49,7.130037389,95,198,21.50962261,9.914624091,6.640316329,7.6521367,496,14,2,4,20,455,17,4,8,29,516,484,130,68,68,27
47,1000,80,5.13,10.3,18,37,98,952,29,13,6,48,6.972488928,412,479,2186.893824,1426.598259,9.904585426,3.744718834,478,27,13,6,46,474,2,0,0,2,524,476,456,23,405,7
50,1000,80,5.13,10.3,18,37,13,951,29,8,12,49,7.146129514,105,233,21.6620548,10.04496325,6.67353793,7.649966824,496,14,2,4,20,455,15,6,8,29,516,484,160,73,78,27
49,1000,80,5.13,10.3,18,37,17,954,16,14,16,46,7.394773613,102,208,21.9083334,10.48771428,6.995200937,7.784870256,474,10,4,6,20,480,6,10,10,26,494,506,153,55,79,23
48,1000,80,5.13,10.3,18,37,31,945,37,8,10,55,7.774411398,149,286,27.93511375,14.85480964,7.714022833,7.833367823,461,25,6,2,33,484,12,2,8,22,494,506,226,60,129,20
47,1000,80,5.13,10.3,18,37,99,950,31,13,6,50,6.97207272,403,470,2223.033854,1449.052607,9.962949052,3.679595413,476,29,13,6,48,474,2,0,0,2,524,476,451,19,394,9
49,1000,80,5.13,10.3,18,37,18,954,15,15,16,46,7.424236455,101,208,22.19215088,10.67834727,7.053168352,7.786504523,474,9,5,6,20,480,6,10,10,26,494,506,150,58,79,22
50,1000,80,5.13,10.3,18,37,14,951,28,9,12,49,7.180973216,114,195,21.8728708,10.20744862,6.750551937,7.639852099,496,13,3,4,20,455,15,6,8,29,516,484,129,66,86,28
48,1000,80,5.13,10.3,18,37,32,945,37,8,10,55,7.777385067,136,275,28.59281916,15.24449401,7.746882398,7.807164351,461,25,6,2,33,484,12,2,8,22,494,506,228,47,119,17
47,1000,80,5.13,10.3,18,37,100,949,32,12,7,51,6.959836143,410,465,2418.530559,1582.695564,10.01251319,3.599326112,475,30,12,7,49,474,2,0,0,2,524,476,451,14,399,11
49,1000,80,5.13,10.3,18,37,19,954,15,15,16,46,7.460165739,107,238,22.49227187,10.83057165,7.150801167,7.762193601,474,9,5,6,20,480,6,10,10,26,494,506,170,68,84,23
50,1000,80,5.13,10.3,18,37,15,953,27,9,11,47,7.184061784,110,230,22.14010748,10.4075738,6.748332725,7.648599377,497,12,3,4,19,456,15,6,7,28,516,484,149,81,79,31
48,1000,80,5.13,10.3,18,37,33,945,37,8,10,55,7.795655715,153,279,29.37613219,15.69194404,7.783632134,7.807394151,461,25,6,2,33,484,12,2,8,22,494,506,226,53,139,14
47,1000,80,5.13,10.3,18,37,101,948,33,12,7,52,6.967119827,406,481,2555.994789,1656.83579,10.06434325,3.557571351,474,31,12,7,50,474,2,0,0,2,524,476,461,20,399,7
49,1000,80,5.13,10.3,18,37,20,955,13,17,15,45,7.47623184,110,218,22.83691616,11.05127106,7.187641568,7.757978073,474,8,6,6,20,481,5,11,9,25,494,506,153,65,87,23
50,1000,80,5.13,10.3,18,37,16,952,27,10,11,48,7.234180554,97,234,22.37032919,10.55674137,6.823365591,7.672156838,496,12,4,4,20,456,15,6,7,28,516,484,160,74,73,24
49,1000,80,5.13,10.3,18,37,21,955,13,17,15,45,7.504445017,122,230,23.04508374,11.2052744,7.228705702,7.773645059,474,8,6,6,20,481,5,11,9,25,494,506,177,53,97,25
48,1000,80,5.13,10.3,18,37,34,944,38,8,10,56,7.811767012,163,312,30.20227977,16.24764998,7.824912976,7.79893281,460,26,6,2,34,484,12,2,8,22,494,506,252,60,142,21
47,1000,80,5.13,10.3,18,37,102,948,32,13,7,52,6.973679642,414,457,2630.839736,1693.544412,10.15938508,3.466726598,474,30,13,7,50,474,2,0,0,2,524,476,446,11,405,9
50,1000,80,5.13,10.3,18,37,17,952,25,12,11,48,7.271461811,113,204,22.64486598,10.70451561,6.876209664,7.692846332,496,10,6,4,20,456,15,6,7,28,516,484,144,60,90,23
49,1000,80,5.13,10.3,18,37,22,956,13,16,15,44,7.491666847,112,226,23.36711584,11.40149158,7.21571477,7.761074605,475,8,5,6,19,481,5,11,9,25,494,506,174,52,87,25
50,1000,80,5.13,10.3,18,37,18,953,23,13,11,47,7.283241011,111,241,22.93361046,10.89713021,6.892216244,7.700118656,496,10,6,4,20,457,13,7,7,27,516,484,159,82,83,28
48,1000,80,5.13,10.3,18,37,35,943,40,9,8,57,7.812092128,160,307,31.16026947,16.78448246,7.895342506,7.730816067,460,26,6,2,34,483,14,3,6,23,494,506,254,53,143,17
47,1000,80,5.13,10.3,18,37,103,948,32,13,7,52,7.002350422,407,463,2688.391722,1723.930145,10.24229541,3.435688288,474,30,13,7,50,474,2,0,0,2,524,476,459,4,400,7
49,1000,80,5.13,10.3,18,37,23,956,16,15,13,44,7.465637303,125,262,23.69658569,11.62314069,7.211282602,7.713959876,474,10,5,5,20,482,6,10,8,24,494,506,199,63,99,26
50,1000,80,5.13,10.3,18,37,19,955,22,12,11,45,7.269023889,113,241,23.26393997,11.10691564,6.938102492,7.621824386,496,10,6,4,20,459,12,6,7,25,516,484,174,67,87,26
48,1000,80,5.13,10.3,18,37,36,943,40,9,8,57,7.824412026,174,298,32.21279054,17.34583939,7.901336701,7.749311652,460,26,6,2,34,483,14,3,6,23,494,506,257,41,153,21
47,1000,80,5.13,10.3,18,37,104,948,32,13,7,52,7.012487928,411,467,2773.101702,1766.182936,10.26061741,3.436815974,474,30,13,7,50,474,2,0,0,2,524,476,450,17,400,11
49,1000,80,5.13,10.3,18,37,24,956,17,14,13,44,7.468056117,126,242,24.1639685,11.90265207,7.263730153,7.667536407,474,10,4,6,20,482,7,10,7,24,494,506,185,57,103,23
50,1000,80,5.13,10.3,18,37,20,955,23,12,10,45,7.249832226,115,247,23.4976574,11.26000246,6.926716882,7.594310568,496,10,6,4,20,459,13,6,6,25,516,484,188,59,88,27
48,1000,80,5.13,10.3,18,37,37,943,40,9,8,57,7.809488293,170,279,33.49136093,18.07631441,7.921603409,7.700032034,460,26,6,2,34,483,14,3,6,23,494,506,244,35,149,21
49,1000,80,5.13,10.3,18,37,25,956,17,15,12,44,7.442185764,109,252,24.69119525,12.25064242,7.248951404,7.63083749,473,11,5,5,21,483,6,10,7,23,494,506,194,58,95,14
50,1000,80,5.13,10.3,18,37,21,955,23,13,9,45,7.282362033,116,252,23.87973476,11.44761812,6.956220557,7.630066581,495,12,6,3,21,460,11,7,6,24,516,484,190,62,92,24
48,1000,80,5.13,10.3,18,37,38,943,40,9,8,57,7.811709267,176,316,34.5928039,18.71791932,7.980469484,7.646951269,459,27,6,2,35,484,13,3,6,22,494,506,273,43,154,22
49,1000,80,5.13,10.3,18,37,26,956,16,15,13,44,7.468194292,117,257,25.23267158,12.55751372,7.253976915,7.677331414,473,11,5,5,21,483,5,10,8,23,494,506,201,56,98,19
50,1000,80,5.13,10.3,18,37,22,956,21,13,10,44,7.291949906,118,258,24.19877653,11.67274252,6.986032322,7.618093446,495,12,6,3,21,461,9,7,7,23,516,484,187,71,91,27
48,1000,80,5.13,10.3,18,37,39,943,40,8,9,57,7.834015449,174,330,35.83074027,19.3853391,8.034099329,7.638676641,459,27,6,2,35,484,13,2,7,22,494,506,283,47,152,22
49,1000,80,5.13,10.3,18,37,27,956,16,15,13,44,7.527205232,134,245,25.61477405,12.79001568,7.343123565,7.706921326,473,11,5,5,21,483,5,10,8,23,494,506,191,54,114,20
50,1000,80,5.13,10.3,18,37,23,956,21,13,10,44,7.317759375,117,239,24.62789618,11.95690891,7.050837217,7.602329279,495,12,6,3,21,461,9,7,7,23,516,484,184,55,87,30
48,1000,80,5.13,10.3,18,37,40,945,38,8,9,55,7.808012513,183,345,37.16808138,20.19041652,8.059935299,7.56206418,459,27,6,2,35,486,11,2,7,20,494,506,287,58,161,22
49,1000,80,5.13,10.3,18,37,28,955,18,15,12,45,7.512598306,125,248,26.16890893,13.14665161,7.408551894,7.614177215,472,12,5,5,22,483,6,10,7,23,494,506,206,42,105,20
50,1000,80,5.13,10.3,18,37,24,957,20,13,10,43,7.329783187,134,257,25.26392297,12.32726359,7.095510279,7.579545214,495,12,6,3,21,462,8,7,7,22,516,484,188,69,111,23
49,1000,80,5.13,10.3,18,37,29,957,17,14,12,43,7.501288903,134,278,26.75067972,13.47280375,7.437032789,7.564021156,472,12,5,5,22,485,5,9,7,21,494,506,214,64,111,23
48,1000,80,5.13,10.3,18,37,41,945,39,7,9,55,7.820233489,187,331,39.05091096,21.32596319,8.137949129,7.510052607,459,28,5,2,35,486,11,2,7,20,494,506,282,49,171,16
50,1000,80,5.13,10.3,18,37,25,957,20,13,10,43,7.329200599,154,273,25.9646436,12.73017788,7.142932901,7.527783515,495,12,6,3,21,462,8,7,7,22,516,484,207,66,131,23
49,1000,80,5.13,10.3,18,37,30,956,19,13,12,44,7.511280721,142,250,27.25334562,13.76677894,7.494671899,7.527495657,470,14,5,5,24,486,5,8,7,20,494,506,200,50,128,14
50,1000,80,5.13,10.3,18,37,26,957,21,12,10,43,7.361630014,134,240,26.62944899,13.12278857,7.214508885,7.518478159,495,12,6,3,21,462,9,6,7,22,516,484,187,53,114,20
48,1000,80,5.13,10.3,18,37,42,949,37,6,8,51,7.742950317,202,326,40.83060048,22.47944214,8.141133655,7.354210062,460,28,4,2,34,489,9,2,6,17,494,506,283,43,185,17
49,1000,80,5.13,10.3,18,37,31,956,19,13,12,44,7.537965238,138,277,27.8636049,14.11650356,7.535058315,7.540803222,470,14,5,5,24,486,5,8,7,20,494,506,231,46,117,21
50,1000,80,5.13,10.3,18,37,27,958,21,12,9,42,7.377083362,142,258,27.52569016,13.66135809,7.24581727,7.517028205,495,12,6,3,21,463,9,6,6,21,516,484,204,54,123,19
48,1000,80,5.13,10.3,18,37,43,951,33,8,8,49,7.725397379,201,341,42.90818392,23.76660429,8.159220425,7.301862627,460,27,5,2,34,491,6,3,6,15,494,506,295,46,190,11
49,1000,80,5.13,10.3,18,37,32,955,20,14,11,45,7.495566165,145,261,28.47397734,14.47120321,7.507843072,7.483580411,470,14,6,4,24,485,6,8,7,21,494,506,204,57,131,14
50,1000,80,5.13,10.3,18,37,28,958,21,12,9,42,7.390658205,161,282,28.40490504,14.17178091,7.257484135,7.532637171,495,13,5,3,21,463,8,7,6,21,516,484,224,58,138,23
48,1000,80,5.13,10.3,18,37,44,951,33,8,8,49,7.730238272,206,345,45.2200386,25.28973891,8.219757985,7.252327722,460,27,5,2,34,491,6,3,6,15,494,506,312,33,191,15
49,1000,80,5.13,10.3,18,37,33,955,21,13,11,45,7.47796179,149,274,29.16820527,14.85263734,7.51626236,7.440569533,471,13,5,5,23,484,8,8,6,22,494,506,219,55,132,17
50,1000,80,5.13,10.3,18,37,29,958,21,12,9,42,7.379758404,166,283,29.25196381,14.65954274,7.271736551,7.494922197,495,13,5,3,21,463,8,7,6,21,516,484,223,60,147,19
48,1000,80,5.13,10.3,18,37,45,951,34,8,7,49,7.685447864,211,366,48.04761361,27.17218709,8.254575972,7.129816865,459,28,5,2,35,492,6,3,5,14,494,506,320,46,193,18
49,1000,80,5.13,10.3,18,37,34,956,22,12,10,44,7.450444747,138,286,29.80736706,15.22101692,7.533451226,7.369406802,471,13,5,5,23,485,9,7,5,21,494,506,243,43,123,15
50,1000,80,5.13,10.3,18,37,30,959,22,10,9,41,7.374714842,151,268,30.18139825,15.14439138,7.292165492,7.462721999,494,14,5,3,22,465,8,5,6,19,516,484,219,49,132,19
48,1000,80,5.13,10.3,18,37,46,952,34,8,6,48,7.658243249,212,330,50.92771645,28.99996733,8.280966908,7.050287741,459,28,5,2,35,493,6,3,4,13,494,506,304,26,194,18
50,1000,80,5.13,10.3,18,37,31,959,23,10,8,41,7.37678943,147,271,31.18698469,15.70279822,7.352032907,7.403182749,494,14,5,3,22,465,9,5,5,19,516,484,226,45,130,17
49,1000,80,5.13,10.3,18,37,35,959,21,11,9,41,7.43684184,133,282,30.47147512,15.61861968,7.58986063,7.287451955,471,13,5,5,23,488,8,6,4,18,494,506,241,41,121,12
48,1000,80,5.13,10.3,18,37,47,951,35,8,6,49,7.715962118,220,361,53.8642135,30.67976496,8.351475089,7.0955206,458,29,5,2,36,493,6,3,4,13,494,506,322,39,209,11
50,1000,80,5.13,10.3,18,37,32,959,23,10,8,41,7.372237927,153,286,32.50810923,16.50792356,7.419911431,7.321412455,493,15,5,3,23,466,8,5,5,18,516,484,237,49,138,15
49,1000,80,5.13,10.3,18,37,36,960,20,11,9,40,7.446785288,158,294,31.35611347,16.16201803,7.582635574,7.314156749,472,12,5,5,22,488,8,6,4,18,494,506,246,48,140,18
50,1000,80,5.13,10.3,18,37,33,958,24,10,8,42,7.393623004,158,300,33.70420774,17.14670097,7.487715347,7.293309681,493,15,5,3,23,465,9,5,5,19,516,484,243,57,140,18
49,1000,80,5.13,10.3,18,37,37,960,20,12,8,40,7.442672465,176,307,32.26052621,16.65413431,7.650173457,7.240092444,472,12,5,5,22,488,8,7,3,18,494,506,253,54,160,16
48,1000,80,5.13,10.3,18,37,48,951,35,8,6,49,7.698674495,242,356,57.27681774,32.87558407,8.372794835,7.040541199,458,29,5,2,36,493,6,3,4,13,494,506,320,36,225,17
50,1000,80,5.13,10.3,18,37,34,958,24,10,8,42,7.385208188,173,293,35.04579667,17.89828615,7.489793272,7.273708386,493,15,5,3,23,465,9,5,5,19,516,484,250,43,146,27
49,1000,80,5.13,10.3,18,37,38,961,19,11,9,39,7.466986066,163,314,33.1060123,17.17790996,7.67026687,7.268526151,472,12,5,5,22,489,7,6,4,17,494,506,263,51,144,19
48,1000,80,5.13,10.3,18,37,49,950,35,8,7,50,7.72203584,231,374,60.50682183,34.90946837,8.413594865,7.046877426,458,28,5,3,36,492,7,3,4,14,494,506,334,40,210,21
50,1000,80,5.13,10.3,18,37,35,958,25,10,7,42,7.407406597,153,312,36.51588181,18.71888019,7.534521015,7.27188792,492,15,6,3,24,466,10,4,4,18,516,484,259,53,132,21
49,1000,80,5.13,10.3,18,37,39,962,18,11,9,38,7.473193523,162,329,34.14972779,17.80340477,7.72255305,7.229747661,472,12,5,5,22,490,6,6,4,16,494,506,274,55,146,16
48,1000,80,5.13,10.3,18,37,50,951,35,7,7,49,7.740530233,249,370,63.72032792,36.78581009,8.5034787,6.995675407,457,28,6,3,37,494,7,1,4,12,494,506,327,43,234,15
50,1000,80,5.13,10.3,18,37,36,958,25,10,7,42,7.464270077,151,293,38.05913372,19.55707377,7.589361113,7.330908559,492,15,6,3,24,466,10,4,4,18,516,484,248,45,138,13
49,1000,80,5.13,10.3,18,37,40,962,19,10,9,38,7.465309893,170,308,35.54516422,18.6619268,7.764722716,7.172997769,471,13,5,5,23,491,6,5,4,15,494,506,259,49,152,18
50,1000,80,5.13,10.3,18,37,37,959,24,10,7,41,7.455271661,170,334,39.14208806,20.1969893,7.622065544,7.277450083,492,15,6,3,24,467,9,4,4,17,516,484,272,62,156,14
48,1000,80,5.13,10.3,18,37,51,948,38,7,7,52,7.743982607,247,371,68.12940071,39.68108454,8.555002794,6.9521961,454,31,6,3,40,494,7,1,4,12,494,506,338,33,232,15
49,1000,80,5.13,10.3,18,37,41,962,17,12,9,38,7.492621935,192,317,37.05337391,19.56279338,7.860163224,7.13379704,471,12,6,5,23,491,5,6,4,15,494,506,270,47,167,25
50,1000,80,5.13,10.3,18,37,38,960,23,10,7,40,7.496959082,191,322,40.61591729,21.06277687,7.702915526,7.277385683,492,15,6,3,24,468,8,4,4,16,516,484,263,59,168,23
48,1000,80,5.13,10.3,18,37,52,947,39,7,7,53,7.754243617,265,372,72.88675554,43.14898783,8.644181648,6.885410835,453,32,6,3,41,494,7,1,4,12,494,506,341,31,250,15
49,1000,80,5.13,10.3,18,37,42,962,17,12,9,38,7.465984539,189,331,38.62802996,20.37656238,7.890210672,7.051819106,471,12,6,5,23,491,5,6,4,15,494,506,291,40,167,22
50,1000,80,5.13,10.3,18,37,39,962,21,9,8,38,7.484276982,177,315,42.29458704,22.09752824,7.742440568,7.209044729,493,14,6,3,23,469,7,3,5,15,516,484,268,47,160,17
49,1000,80,5.13,10.3,18,37,43,965,14,12,9,35,7.457652497,177,332,40.34141258,21.25080659,7.915102869,7.011050751,471,12,6,5,23,494,2,6,4,12,494,506,295,37,158,19
48,1000,80,5.13,10.3,18,37,53,947,38,8,7,53,7.732572687,266,381,79.22714748,47.86674741,8.716556367,6.771924589,453,31,7,3,41,494,7,1,4,12,494,506,351,30,251,15
50,1000,80,5.13,10.3,18,37,40,962,19,11,8,38,7.522099218,210,322,44.12168168,23.17785676,7.842230378,7.180802362,493,13,7,3,23,469,6,4,5,15,516,484,280,42,198,12
49,1000,80,5.13,10.3,18,37,44,964,15,12,9,36,7.493387457,185,333,42.25988192,22.2570978,7.973049049,7.025101238,470,13,6,5,24,494,2,6,4,12,494,506,299,34,172,13
48,1000,80,5.13,10.3,18,37,54,949,37,8,6,51,7.698503827,270,383,85.4459151,52.66767935,8.742244665,6.679515736,454,30,7,3,40,495,7,1,3,11,494,506,352,31,256,14
50,1000,80,5.13,10.3,18,37,41,962,18,12,8,38,7.538421233,167,307,46.04988027,24.28210907,7.873238665,7.181467111,493,12,8,3,23,469,6,4,5,15,516,484,271,36,151,16
49,1000,80,5.13,10.3,18,37,45,964,15,12,9,36,7.464185762,187,340,43.63697395,23.06914866,7.987250662,6.953525562,470,13,6,5,24,494,2,6,4,12,494,506,300,40,175,12
48,1000,80,5.13,10.3,18,37,55,949,36,9,6,51,7.692474776,265,381,94.01254365,59.99604263,8.769696743,6.640799574,454,29,8,3,40,495,7,1,3,11,494,506,348,33,250,15
50,1000,80,5.13,10.3,18,37,42,962,19,11,8,38,7.524475466,205,340,48.22930983,25.46974252,7.935605173,7.086163629,493,12,7,4,23,469,7,4,4,15,516,484,297,43,190,15
49,1000,80,5.13,10.3,18,37,46,965,15,11,9,35,7.475715086,200,375,45.63910859,24.23289865,8.060769626,6.904535358,470,13,5,6,24,495,2,6,3,11,494,506,329,46,181,19
48,1000,80,5.13,10.3,18,37,56,948,38,9,5,52,7.686770817,268,399,105.1835164,69.87029874,8.808405442,6.591736224,453,30,8,3,41,495,8,1,2,11,494,506,364,35,251,17
50,1000,80,5.13,10.3,18,37,43,961,20,11,8,39,7.563807714,197,327,50.77638845,26.86318023,8.029042295,7.067813821,492,13,7,4,24,469,7,4,4,15,516,484,285,42,182,15
49,1000,80,5.13,10.3,18,37,47,963,16,12,9,37,7.476896566,205,351,47.88547261,25.57974252,8.136661697,6.832778038,468,14,6,6,26,495,2,6,3,11,494,506,311,40,194,11
50,1000,80,5.13,10.3,18,37,44,960,22,11,7,40,7.567017388,203,339,53.56911028,28.39130298,8.073159173,7.027411682,492,13,7,4,24,468,9,4,3,16,516,484,298,41,191,12
48,1000,80,5.13,10.3,18,37,57,946,40,9,5,54,7.670927948,255,397,113.6991747,75.68302952,8.861151579,6.508930965,451,32,8,3,43,495,8,1,2,11,494,506,375,22,245,10
49,1000,80,5.13,10.3,18,37,48,963,16,12,9,37,7.518716224,194,362,50.81024906,27.19200993,8.178514355,6.87456548,468,14,6,6,26,495,2,6,3,11,494,506,326,36,179,15
50,1000,80,5.13,10.3,18,37,45,961,22,11,6,39,7.586438791,215,332,56.48568215,29.83764413,8.117858102,7.01988432,492,13,7,4,24,469,9,4,2,15,516,484,295,37,196,19
49,1000,80,5.13,10.3,18,37,49,963,16,12,9,37,7.53085742,228,352,53.84313602,28.79172048,8.201439978,6.876178005,468,14,6,6,26,495,2,6,3,11,494,506,314,38,207,21
48,1000,80,5.13,10.3,18,37,58,946,40,9,5,54,7.684431771,265,419,122.5786777,83.36488178,8.910791969,6.487155215,451,32,8,3,43,495,8,1,2,11,494,506,387,32,257,8
50,1000,80,5.13,10.3,18,37,46,961,22,11,6,39,7.599812772,203,351,59.15138009,31.18700201,8.147705714,7.015695503,492,13,7,4,24,469,9,4,2,15,516,484,317,34,188,15
49,1000,80,5.13,10.3,18,37,50,962,17,12,9,38,7.524378517,220,373,57.1586701,30.69875829,8.222565389,6.842749436,467,15,6,6,27,495,2,6,3,11,494,506,341,32,206,14
48,1000,80,5.13,10.3,18,37,59,947,39,9,5,53,7.667825335,296,407,136.3162158,96.1704481,8.922388067,6.443015079,452,31,8,3,42,495,8,1,2,11,494,506,378,29,276,20
50,1000,80,5.13,10.3,18,37,47,961,22,11,6,39,7.620323576,209,339,62.20770236,32.90989893,8.199756113,7.002581449,491,14,7,4,25,470,8,4,2,14,516,484,302,37,193,16
49,1000,80,5.13,10.3,18,37,51,962,17,12,9,38,7.527685934,222,350,60.34557957,32.49618988,8.293429999,6.780101808,466,16,6,6,28,496,1,6,3,10,494,506,320,30,210,12
48,1000,80,5.13,10.3,18,37,60,947,39,9,5,53,7.635736285,312,411,145.1150474,103.3318002,8.947975931,6.354616946,452,31,8,3,42,495,8,1,2,11,494,506,390,21,298,14
50,1000,80,5.13,10.3,18,37,48,960,23,11,6,40,7.612398895,217,358,65.06072604,34.38120447,8.238390335,6.945019592,491,14,7,4,25,469,9,4,2,15,516,484,326,32,196,21
49,1000,80,5.13,10.3,18,37,52,963,17,11,9,37,7.526324405,230,377,62.93850465,34.13510233,8.373986581,6.69876489,466,16,6,6,28,497,1,5,3,9,494,506,341,36,224,6
48,1000,80,5.13,10.3,18,37,61,946,40,9,5,54,7.635855086,316,434,154.3575862,110.8671693,9.013286337,6.29109019,451,32,8,3,43,495,8,1,2,11,494,506,400,34,297,19
50,1000,80,5.13,10.3,18,37,49,961,23,10,6,39,7.630712974,232,383,67.96363359,36.07281379,8.277914506,6.940721259,491,14,7,4,25,470,9,3,2,14,516,484,340,43,214,18
49,1000,80,5.13,10.3,18,37,53,963,17,12,8,37,7.516128124,240,373,65.37780518,35.49434329,8.400493827,6.652735521,466,16,6,6,28,497,1,6,2,9,494,506,339,34,225,15
48,1000,80,5.13,10.3,18,37,62,946,41,9,4,54,7.622692499,294,418,168.905846,124.8536523,9.028893565,6.249840075,450,33,8,3,44,496,8,1,1,10,494,506,392,26,283,11
50,1000,80,5.13,10.3,18,37,50,959,25,10,6,41,7.655591459,228,390,71.01419522,37.58272962,8.391741242,6.870770615,489,15,7,5,27,470,10,3,1,14,516,484,351,39,215,13
49,1000,80,5.13,10.3,18,37,54,965,17,10,8,35,7.500524986,236,385,68.7465266,37.27375325,8.441414628,6.581948933,466,16,6,6,28,499,1,4,2,7,494,506,345,40,226,10
48,1000,80,5.13,10.3,18,37,63,946,41,9,4,54,7.61856348,318,428,179.800535,131.30789,9.068174683,6.203330408,450,33,8,3,44,496,8,1,1,10,494,506,395,33,304,14
50,1000,80,5.13,10.3,18,37,51,960,24,10,6,40,7.665903563,243,380,73.6277133,38.90450441,8.440272162,6.840337041,490,14,7,5,26,470,10,3,1,14,516,484,334,46,220,23
49,1000,80,5.13,10.3,18,37,55,966,17,10,7,34,7.464648009,267,399,72.24306989,39.17767146,8.489150576,6.464441945,465,16,7,6,29,501,1,3,1,5,494,506,366,33,254,13
50,1000,80,5.13,10.3,18,37,52,959,25,10,6,41,7.652857433,221,363,77.4867247,40.88156373,8.48637666,6.764229496,489,15,7,5,27,470,10,3,1,14,516,484,324,39,210,11
49,1000,80,5.13,10.3,18,37,56,965,17,10,8,35,7.492083135,262,396,76.0423238,41.45755824,8.564680812,6.444922558,465,15,7,7,29,500,2,3,1,6,494,506,362,34,249,13
48,1000,80,5.13,10.3,18,37,64,945,42,9,4,55,7.620795818,312,421,193.7783492,142.5569698,9.109583271,6.167315577,449,34,8,3,45,496,8,1,1,10,494,506,394,27,305,7
49,1000,80,5.13,10.3,18,37,57,965,17,9,9,35,7.496889178,280,395,80.07211186,43.60393525,8.615238658,6.405061821,465,15,6,8,29,500,2,3,1,6,494,506,365,30,263,17
50,1000,80,5.13,10.3,18,37,53,960,23,11,6,40,7.632865335,265,378,81.13512769,43.04987678,8.578977034,6.624200797,489,14,8,5,27,471,9,3,1,13,516,484,351,27,241,24
48,1000,80,5.13,10.3,18,37,65,944,43,8,5,56,7.609463756,314,444,210.9739829,156.0643516,9.182101321,6.074121942,449,34,7,4,45,495,9,1,1,11,494,506,412,32,306,8
49,1000,80,5.13,10.3,18,37,58,965,17,9,9,35,7.499236782,259,421,84.31335552,45.94068239,8.6685234,6.357680282,465,15,6,8,29,500,2,3,1,6,494,506,380,41,250,9
50,1000,80,5.13,10.3,18,37,54,960,23,11,6,40,7.635171093,253,391,85.50704369,45.44027051,8.660051755,6.542529726,488,15,8,5,28,472,8,3,1,12,516,484,342,49,233,20
48,1000,80,5.13,10.3,18,37,66,944,43,7,6,56,7.601818114,318,451,219.3240642,161.0288468,9.226859954,6.015314815,449,34,6,5,45,495,9,1,1,11,494,506,422,29,311,7
49,1000,80,5.13,10.3,18,37,59,964,18,9,9,36,7.491746411,264,395,89.0861937,48.7400157,8.705529312,6.306748875,464,16,6,8,30,500,2,3,1,6,494,506,375,20,254,10
50,1000,80,5.13,10.3,18,37,55,960,23,11,6,40,7.627639059,253,396,88.93849367,47.28874778,8.667865378,6.518637447,488,15,8,5,28,472,8,3,1,12,516,484,359,37,235,18
48,1000,80,5.13,10.3,18,37,67,945,43,6,6,55,7.600329828,332,441,227.9843848,165.9488308,9.291205986,5.9495535,450,34,5,5,44,495,9,1,1,11,494,506,421,20,322,10
49,1000,80,5.13,10.3,18,37,60,964,18,9,9,36,7.466327502,299,414,92.93602277,51.02137066,8.728085447,6.234492671,464,16,6,8,30,500,2,3,1,6,494,506,391,23,287,12
50,1000,80,5.13,10.3,18,37,56,961,22,11,6,39,7.611625,261,382,94.46236414,50.10681085,8.701560915,6.449627207,488,15,8,5,28,473,7,3,1,11,516,484,348,34,255,6
48,1000,80,5.13,10.3,18,37,68,943,45,6,6,57,7.605554755,352,453,252.1719788,188.1447585,9.336270316,5.915883832,449,35,5,5,45,494,10,1,1,12,494,506,426,27,331,21
49,1000,80,5.13,10.3,18,37,61,964,19,8,9,36,7.438353672,273,405,98.28716315,54.1092632,8.755377057,6.152564042,464,16,6,8,30,500,3,2,1,6,494,506,380,25,265,8
50,1000,80,5.13,10.3,18,37,57,961,22,10,7,39,7.61475156,274,392,99.23581633,52.64673938,8.769732119,6.383408649,488,15,7,6,28,473,7,3,1,11,516,484,363,29,258,16
49,1000,80,5.13,10.3,18,37,62,964,20,7,9,36,7.42879916,278,419,104.4411529,57.43143687,8.786664352,6.103136304,463,17,6,8,31,501,3,1,1,5,494,506,389,30,267,11
48,1000,80,5.13,10.3,18,37,69,946,42,6,6,54,7.577289125,336,451,265.3742599,195.6195042,9.380836805,5.816513327,450,34,5,5,44,496,8,1,1,10,494,506,425,26,323,13
50,1000,80,5.13,10.3,18,37,58,961,22,10,7,39,7.615259088,269,395,105.722615,56.13326736,8.810108881,6.341410962,488,15,7,6,28,473,7,3,1,11,516,484,360,35,252,17
49,1000,80,5.13,10.3,18,37,63,966,18,8,8,34,7.420649784,288,415,109.9263938,60.76561908,8.851718717,6.023519244,463,16,7,8,31,503,2,1,0,3,494,506,392,23,274,14
48,1000,80,5.13,10.3,18,37,70,946,41,6,7,54,7.568103641,345,450,277.106011,201.7172829,9.424152102,5.756072138,449,34,5,6,45,497,7,1,1,9,494,506,419,31,337,8
50,1000,80,5.13,10.3,18,37,59,961,22,10,7,39,7.604744956,285,395,114.3430824,60.8163784,8.855845652,6.27092686,487,16,7,6,29,474,6,3,1,10,516,484,374,21,269,16
49,1000,80,5.13,10.3,18,37,64,965,19,8,8,35,7.451950382,295,440,115.3356191,64.04736084,8.921576504,6.017177054,462,17,7,8,32,503,2,1,0,3,494,506,405,35,276,19
50,1000,80,5.13,10.3,18,37,60,961,22,10,7,39,7.640082578,268,399,122.7126049,65.59904927,8.94474535,6.24916111,487,16,7,6,29,474,6,3,1,10,516,484,372,27,250,18
48,1000,80,5.13,10.3,18,37,71,946,41,6,7,54,7.54949943,351,443,303.4216154,227.6444708,9.463440584,5.680948184,449,34,5,6,45,497,7,1,1,9,494,506,427,16,338,13
49,1000,80,5.13,10.3,18,37,65,964,20,7,9,36,7.439881224,313,427,120.6437378,67.07906205,8.983991995,5.93238968,462,17,6,9,32,502,3,1,0,4,494,506,399,28,298,15
50,1000,80,5.13,10.3,18,37,61,960,24,10,6,40,7.650060216,288,409,131.1184599,70.29206214,9.029369647,6.179556773,485,18,7,6,31,475,6,3,0,9,516,484,380,29,274,14
48,1000,80,5.13,10.3,18,37,72,946,40,7,7,54,7.561270848,360,461,322.6638461,244.1998525,9.534996027,5.63435338,449,33,6,6,45,497,7,1,1,9,494,506,449,12,353,7
49,1000,80,5.13,10.3,18,37,66,964,20,7,9,36,7.415788877,297,429,126.5501,70.57794515,9.007450791,5.861873887,462,17,6,9,32,502,3,1,0,4,494,506,411,18,289,8
50,1000,80,5.13,10.3,18,37,62,962,22,10,6,38,7.64437218,290,415,139.4257443,74.85913443,9.089554561,6.103640551,485,18,7,6,31,477,4,3,0,7,516,484,383,32,278,12
48,1000,80,5.13,10.3,18,37,73,945,41,7,7,55,7.584579923,367,450,334.9082998,251.524468,9.600872087,5.616104964,448,34,6,6,46,497,7,1,1,9,494,506,435,15,355,12
49,1000,80,5.13,10.3,18,37,67,964,20,7,9,36,7.416567961,305,427,133.5137019,75.23368014,9.055713673,5.81629527,462,17,6,9,32,502,3,1,0,4,494,506,413,14,299,6
50,1000,80,5.13,10.3,18,37,63,962,23,9,6,38,7.6081691,288,406,151.9224251,81.57565387,9.099146702,6.018614467,485,19,6,6,31,477,4,3,0,7,516,484,375,31,274,14
48,1000,80,5.13,10.3,18,37,74,944,42,6,8,56,7.607664886,378,457,361.8773275,266.4598713,9.658808603,5.605164894,447,35,6,6,47,497,7,0,2,9,494,506,434,23,367,11
49,1000,80,5.13,10.3,18,37,68,963,21,7,9,37,7.393611494,307,450,138.5091755,78.7078399,9.085214984,5.742125083,461,18,6,9,33,502,3,1,0,4,494,506,429,21,298,9
50,1000,80,5.13,10.3,18,37,64,963,23,8,6,37,7.58663607,294,404,160.7866777,86.74699976,9.163991526,5.90499265,485,19,6,6,31,478,4,2,0,6,516,484,379,25,284,10
49,1000,80,5.13,10.3,18,37,69,961,23,7,9,39,7.407533813,319,432,145.5668778,83.62938183,9.111028649,5.744438064,460,19,6,9,34,501,4,1,0,5,494,506,411,21,304,15
48,1000,80,5.13,10.3,18,37,75,946,40,6,8,54,7.544004478,371,472,376.1937119,274.7742231,9.687548517,5.451295475,447,35,6,6,47,499,5,0,2,7,494,506,447,25,360,11
50,1000,80,5.13,10.3,18,37,65,963,22,9,6,37,7.604815247,292,414,168.1541429,90.7039401,9.231154457,5.870949478,484,19,7,6,32,479,3,2,0,5,516,484,381,33,282,10
49,1000,80,5.13,10.3,18,37,70,962,22,7,9,38,7.359947255,327,461,153.9771518,88.83254069,9.139182883,5.622906939,460,19,6,9,34,502,3,1,0,4,494,506,428,33,320,7
48,1000,80,5.13,10.3,18,37,76,946,40,6,8,54,7.535354826,368,463,404.6916684,297.9383652,9.766559562,5.357064036,447,35,6,6,47,499,5,0,2,7,494,506,446,17,357,11
50,1000,80,5.13,10.3,18,37,66,962,22,9,7,38,7.587909143,300,423,178.5053814,96.36830676,9.280054616,5.783886284,483,20,7,6,33,479,2,2,1,5,516,484,393,30,287,13
49,1000,80,5.13,10.3,18,37,71,961,23,7,9,39,7.335397509,326,444,162.9090394,94.23221658,9.171544366,5.542795637,459,20,6,9,35,502,3,1,0,4,494,506,424,20,320,6
48,1000,80,5.13,10.3,18,37,77,947,40,5,8,53,7.527846646,368,475,431.4111564,314.2235609,9.776787481,5.332240377,448,35,5,6,46,499,5,0,2,7,494,506,448,27,359,9
50,1000,80,5.13,10.3,18,37,67,961,22,10,7,39,7.54700971,289,417,188.9838043,101.9309213,9.321430209,5.655272154,481,21,8,6,35,480,1,2,1,4,516,484,395,22,278,11
49,1000,80,5.13,10.3,18,37,72,963,21,6,10,37,7.314922036,348,462,174.0106933,99.5921779,9.212948533,5.461908026,459,20,5,10,35,504,1,1,0,2,494,506,439,23,341,7
48,1000,80,5.13,10.3,18,37,78,947,39,6,8,53,7.523233049,376,463,463.9998759,341.3120236,9.863118993,5.238838471,448,34,6,6,46,499,5,0,2,7,494,506,445,18,370,6
50,1000,80,5.13,10.3,18,37,68,961,22,10,7,39,7.537057888,315,424,200.2041986,107.7227636,9.32205843,5.634040782,481,21,8,6,35,480,1,2,1,4,516,484,409,15,301,14
49,1000,80,5.13,10.3,18,37,73,963,21,6,10,37,7.281045715,342,451,186.6625778,106.1459871,9.271571216,5.337726353,459,20,5,10,35,504,1,1,0,2,494,506,423,28,334,8
50,1000,80,5.13,10.3,18,37,69,960,23,10,7,40,7.589600511,306,439,209.8024307,112.5451034,9.408717378,5.650211453,480,22,8,6,36,480,1,2,1,4,516,484,408,31,297,9
48,1000,80,5.13,10.3,18,37,79,947,39,5,9,53,7.524160774,379,455,498.7502913,369.5367473,9.911419644,5.193516739,448,34,5,7,46,499,5,0,2,7,494,506,438,17,369,10
49,1000,80,5.13,10.3,18,37,74,962,22,6,10,38,7.278785977,346,464,200.4815923,115.499902,9.369603633,5.23755293,458,21,5,10,36,504,1,1,0,2,494,506,441,23,335,11
50,1000,80,5.13,10.3,18,37,70,959,23,11,7,41,7.550159514,323,408,226.2785313,120.9776214,9.473387779,5.49977566,479,22,9,6,37,480,1,2,1,4,516,484,387,21,312,11
48,1000,80,5.13,10.3,18,37,80,946,40,5,9,54,7.532329619,394,471,515.5811505,380.1747939,9.951308309,5.170718013,447,35,5,7,47,499,5,0,2,7,494,506,453,18,385,9
49,1000,80,5.13,10.3,18,37,75,961,23,6,10,39,7.300210347,362,460,212.753152,122.1909222,9.433535461,5.217477924,458,21,5,10,36,503,2,1,0,3,494,506,434,26,353,9
50,1000,80,5.13,10.3,18,37,71,959,22,12,7,41,7.559501918,320,431,242.7702312,129.197834,9.527193822,5.461714682,479,21,10,6,37,480,1,2,1,4,516,484,407,24,310,10
49,1000,80,5.13,10.3,18,37,76,961,23,6,10,39,7.292518192,341,442,225.1851001,129.8876895,9.449672005,5.186522178,458,21,5,10,36,503,2,1,0,3,494,506,431,11,335,6
48,1000,80,5.13,10.3,18,37,81,944,41,5,10,56,7.533487799,396,472,549.8480529,409.4100055,9.999865339,5.125601425,446,36,4,8,48,498,5,1,2,8,494,506,456,16,384,12
50,1000,80,5.13,10.3,18,37,72,956,25,12,7,44,7.596354764,317,433,261.6425492,139.4905477,9.640305836,5.417266431,477,23,10,6,39,479,2,2,1,5,516,484,415,18,307,10
49,1000,80,5.13,10.3,18,37,77,962,23,5,10,38,7.267006506,355,467,238.9918416,137.9216207,9.485660514,5.100968799,458,21,5,10,36,504,2,0,0,2,494,506,454,13,346,9
48,1000,80,5.13,10.3,18,37,82,944,41,4,11,56,7.52127582,387,477,586.1515363,441.3415901,10.05502729,5.047613314,445,37,4,8,49,499,4,0,3,7,494,506,463,14,383,4
49,1000,80,5.13,10.3,18,37,78,963,22,5,10,37,7.264798688,378,476,259.1588965,148.8580278,9.519827356,5.063248962,458,21,5,10,36,505,1,0,0,1,494,506,451,25,368,10
50,1000,80,5.13,10.3,18,37,73,955,26,12,7,45,7.574063083,320,441,279.8951063,148.8391904,9.681625814,5.327157361,477,23,10,6,39,478,3,2,1,6,516,484,417,24,312,8
48,1000,80,5.13,10.3,18,37,83,942,43,4,11,58,7.511174135,400,493,634.4341208,480.5022849,10.08239493,5.000930912,443,39,4,8,51,499,4,0,3,7,494,506,470,23,397,3
49,1000,80,5.13,10.3,18,37,79,961,24,4,11,39,7.273544983,369,468,273.8717196,158.6993575,9.580885372,5.020924128,457,22,4,11,37,504,2,0,0,2,494,506,450,18,358,11
50,1000,80,5.13,10.3,18,37,74,956,25,12,7,44,7.56297883,344,458,308.945313,163.6991595,9.710308456,5.273676997,478,22,10,6,38,478,3,2,1,6,516,484,434,24,331,13
48,1000,80,5.13,10.3,18,37,84,941,43,4,12,59,7.474517964,396,477,672.9345674,517.409732,10.17545394,4.837635805,442,39,4,9,52,499,4,0,3,7,494,506,458,19,389,7
49,1000,80,5.13,10.3,18,37,80,961,23,5,11,39,7.245331397,385,460,293.5673088,172.557929,9.600998268,4.945530144,457,21,5,11,37,504,2,0,0,2,494,506,451,9,375,10
50,1000,80,5.13,10.3,18,37,75,956,25,12,7,44,7.572715453,324,458,328.6392916,173.4666186,9.753959601,5.247256816,478,22,10,6,38,478,3,2,1,6,516,484,430,28,315,9
49,1000,80,5.13,10.3,18,37,81,961,22,6,11,39,7.207759824,380,475,311.5142727,185.1699856,9.60564122,4.866745179,457,20,6,11,37,504,2,0,0,2,494,506,457,18,373,7
48,1000,80,5.13,10.3,18,37,85,942,42,4,12,58,7.448395602,414,490,717.4976752,543.1317561,10.17900756,4.782541242,442,39,4,9,52,500,3,0,3,6,494,506,468,22,402,12
50,1000,80,5.13,10.3,18,37,76,957,25,12,6,43,7.524336625,336,454,352.376321,186.1089563,9.774211622,5.125709563,478,22,10,6,38,479,3,2,0,5,516,484,434,20,330,6
49,1000,80,5.13,10.3,18,37,82,960,23,6,11,40,7.228111188,370,483,327.4664214,195.6592376,9.669259553,4.844855669,456,21,6,11,38,504,2,0,0,2,494,506,466,17,362,8
50,1000,80,5.13,10.3,18,37,77,957,25,12,6,43,7.508124838,339,448,384.0359382,202.5644341,9.786391834,5.079228619,478,22,10,6,38,479,3,2,0,5,516,484,425,23,334,5
48,1000,80,5.13,10.3,18,37,86,942,42,4,12,58,7.44685988,404,479,773.8220818,573.2237106,10.20925609,4.74997504,442,39,4,9,52,500,3,0,3,6,494,506,461,18,398,6
49,1000,80,5.13,10.3,18,37,83,960,23,6,11,40,7.221762143,376,484,342.5943242,205.8937363,9.709812851,4.79271659,456,21,6,11,38,504,2,0,0,2,494,506,463,21,370,6
50,1000,80,5.13,10.3,18,37,78,955,26,13,6,45,7.527339249,356,447,406.2346331,212.8260512,9.865642086,5.034437877,476,23,11,6,40,479,3,2,0,5,516,484,424,23,344,12
48,1000,80,5.13,10.3,18,37,87,942,42,4,12,58,7.400391542,406,488,812.3683434,594.0300589,10.22739273,4.640433864,442,39,4,9,52,500,3,0,3,6,494,506,467,21,400,6
49,1000,80,5.13,10.3,18,37,84,960,22,7,11,40,7.236160277,382,485,361.7911487,221.3442805,9.772156551,4.760306208,456,20,7,11,38,504,2,0,0,2,494,506,468,17,378,4
50,1000,80,5.13,10.3,18,37,79,955,26,13,6,45,7.543302718,369,444,426.4260871,222.8406913,9.945771538,4.981992985,476,23,11,6,40,479,3,2,0,5,516,484,427,17,362,7
48,1000,80,5.13,10.3,18,37,88,943,42,4,11,57,7.356851851,416,484,900.3487146,643.6578937,10.23583109,4.546148799,442,39,4,9,52,501,3,0,2,5,494,506,462,22,405,11
49,1000,80,5.13,10.3,18,37,85,960,22,7,11,40,7.240436405,396,475,377.1344077,232.3354564,9.817629484,4.724362529,456,20,7,11,38,504,2,0,0,2,494,506,464,11,387,9
50,1000,80,5.13,10.3,18,37,80,955,27,12,6,45,7.537712441,373,460,464.7561069,243.0956584,9.998771343,4.913938901,475,24,11,6,41,480,3,1,0,4,516,484,443,17,363,10
48,1000,80,5.13,10.3,18,37,89,943,42,4,11,57,7.33794604,414,495,964.7533955,684.6682075,10.28835122,4.457510947,442,39,4,9,52,501,3,0,2,5,494,506,474,21,403,11
49,1000,80,5.13,10.3,18,37,86,959,23,7,11,41,7.244936991,403,472,392.4502258,240.1811184,9.870386929,4.681750687,455,21,7,11,39,504,2,0,0,2,494,506,457,15,393,10
50,1000,80,5.13,10.3,18,37,81,953,29,12,6,47,7.534154255,371,459,489.6354057,255.5446531,10.05135334,4.85052879,474,25,11,6,42,479,4,1,0,5,516,484,435,24,360,11
49,1000,80,5.13,10.3,18,37,87,956,26,7,11,44,7.266043856,399,479,408.890211,248.9847611,9.960183476,4.635796875,452,24,7,11,42,504,2,0,0,2,494,506,462,17,389,10
48,1000,80,5.13,10.3,18,37,90,942,43,4,11,58,7.331444775,421,489,1064.848762,738.0319912,10.32479427,4.409083806,442,39,4,9,52,500,4,0,2,6,494,506,473,16,405,16
50,1000,80,5.13,10.3,18,37,82,953,29,10,8,47,7.539505059,369,456,529.6023648,277.1205224,10.1174304,4.791138371,473,26,9,8,43,480,3,1,0,4,516,484,440,16,360,9
49,1000,80,5.13,10.3,18,37,88,955,27,7,11,45,7.24964043,406,485,434.8315589,263.0555503,10.01586523,4.549017797,451,25,7,11,43,504,2,0,0,2,494,506,471,14,397,9
48,1000,80,5.13,10.3,18,37,91,941,44,4,11,59,7.287832723,431,496,1122.9479,784.588337,10.3510787,4.2972329,441,40,4,9,53,500,4,0,2,6,494,506,475,21,422,9
50,1000,80,5.13,10.3,18,37,83,953,29,10,8,47,7.551834134,368,466,545.6486032,285.8902101,10.14465953,4.787582269,473,26,9,8,43,480,3,1,0,4,516,484,447,19,360,8
49,1000,80,5.13,10.3,18,37,89,954,27,8,11,46,7.285416903,410,473,466.8056209,283.909594,10.10583008,4.531890995,450,25,8,11,44,504,2,0,0,2,494,506,462,11,404,6
50,1000,80,5.13,10.3,18,37,84,953,29,10,8,47,7.52518244,372,457,579.5424545,303.6466321,10.14696183,4.730062262,473,26,9,8,43,480,3,1,0,4,516,484,440,17,363,9
48,1000,80,5.13,10.3,18,37,92,940,44,5,11,60,7.283851132,428,502,1183.084465,821.5354928,10.39020387,4.251166836,440,40,5,9,54,500,4,0,2,6,494,506,481,21,419,9
49,1000,80,5.13,10.3,18,37,90,954,27,8,11,46,7.238750183,408,476,504.0288418,308.0656377,10.11894402,4.426861335,450,25,8,11,44,504,2,0,0,2,494,506,471,5,399,9
50,1000,80,5.13,10.3,18,37,85,951,31,10,8,49,7.51990952,373,477,626.6231092,328.4745477,10.20679433,4.655379431,472,27,9,8,44,479,4,1,0,5,516,484,451,26,364,9
48,1000,80,5.13,10.3,18,37,93,941,44,5,10,59,7.266340432,435,505,1262.054318,866.7501432,10.40139961,4.205630487,440,40,5,9,54,501,4,0,1,5,494,506,483,22,429,6
49,1000,80,5.13,10.3,18,37,91,954,27,8,11,46,7.24319865,403,479,540.0292379,337.4371011,10.18198294,4.374108844,450,25,8,11,44,504,2,0,0,2,494,506,469,10,399,4
50,1000,80,5.13,10.3,18,37,86,950,30,12,8,50,7.515544436,376,461,664.6013354,348.3846115,10.26443854,4.584905265,470,26,12,8,46,480,4,0,0,4,516,484,442,19,364,12
48,1000,80,5.13,10.3,18,37,94,942,43,5,10,58,7.236340677,429,493,1348.792372,942.4565082,10.41365867,4.134374095,440,40,5,9,54,502,3,0,1,4,494,506,482,11,421,8
49,1000,80,5.13,10.3,18,37,92,953,28,8,11,47,7.223674501,427,491,576.9181936,362.2941298,10.24008161,4.278802736,449,26,8,11,45,504,2,0,0,2,494,506,475,16,415,12
50,1000,80,5.13,10.3,18,37,87,948,30,14,8,52,7.533154895,376,461,712.8245995,372.8040899,10.33259949,4.54862305,469,25,14,8,47,479,5,0,0,5,516,484,443,18,367,9
49,1000,80,5.13,10.3,18,37,93,953,28,8,11,47,7.192744974,428,491,612.7057278,387.3432298,10.2757544,4.182850397,449,26,8,11,45,504,2,0,0,2,494,506,473,18,423,5
48,1000,80,5.13,10.3,18,37,95,943,42,5,10,57,7.218999131,438,498,1408.275397,985.0034318,10.43395325,4.080288986,441,39,5,9,53,502,3,0,1,4,494,506,481,17,432,6
50,1000,80,5.13,10.3,18,37,88,945,32,13,10,55,7.565391922,384,469,769.1602813,401.5220403,10.42809438,4.513419878,466,27,13,10,50,479,5,0,0,5,516,484,453,16,370,14
49,1000,80,5.13,10.3,18,37,94,953,28,8,11,47,7.208607953,419,492,671.6716715,426.8205609,10.3685174,4.123637075,449,26,8,11,45,504,2,0,0,2,494,506,477,15,412,7
48,1000,80,5.13,10.3,18,37,96,942,42,5,11,58,7.215045709,435,495,1538.832843,1062.658223,10.45846053,4.048549814,441,39,5,9,53,501,3,0,2,5,494,506,484,11,428,7
50,1000,80,5.13,10.3,18,37,89,946,30,14,10,54,7.559236707,388,477,824.3199306,430.2625626,10.46967828,4.456369241,465,27,14,10,51,481,3,0,0,3,516,484,455,22,378,10
49,1000,80,5.13,10.3,18,37,95,952,29,8,11,48,7.158581552,432,494,735.43123,462.3476697,10.36324652,4.029916545,448,27,8,11,46,504,2,0,0,2,494,506,481,13,421,11
48,1000,80,5.13,10.3,18,37,97,942,41,6,11,58,7.170289415,435,490,1654.70533,1126.983091,10.45561539,3.962876312,441,38,6,9,53,501,3,0,2,5,494,506,476,14,428,7
50,1000,80,5.13,10.3,18,37,90,946,30,13,11,54,7.591063926,397,469,872.1204983,455.0211721,10.53117227,4.456568254,465,27,13,11,51,481,3,0,0,3,516,484,450,19,386,11
49,1000,80,5.13,10.3,18,37,96,952,29,8,11,48,7.155042205,422,479,802.4860534,505.8634784,10.39498921,3.991931885,448,27,8,11,46,504,2,0,0,2,494,506,468,11,416,6
50,1000,80,5.13,10.3,18,37,91,945,30,14,11,55,7.579894162,392,474,962.7221811,501.8364312,10.5740871,4.38773805,464,27,14,11,52,481,3,0,0,3,516,484,457,17,384,8
48,1000,80,5.13,10.3,18,37,98,941,41,7,11,59,7.191449909,454,499,1771.045373,1216.521046,10.53876678,3.923516045,439,39,7,9,55,502,2,0,2,4,494,506,480,19,443,11
49,1000,80,5.13,10.3,18,37,97,953,28,8,11,47,7.163273325,433,491,835.1734448,524.9859604,10.43417899,3.969938543,448,27,8,11,46,505,1,0,0,1,494,506,480,11,428,5
50,1000,80,5.13,10.3,18,37,92,944,31,14,11,56,7.578616347,404,481,1012.331085,526.7135535,10.60344085,4.353803443,463,28,14,11,53,481,3,0,0,3,516,484,466,15,398,6
48,1000,80,5.13,10.3,18,37,99,941,41,7,11,59,7.169070685,453,502,1986.400007,1370.878641,10.59477043,3.824612827,439,39,7,9,55,502,2,0,2,4,494,506,485,17,444,9
49,1000,80,5.13,10.3,18,37,98,952,29,8,11,48,7.184095953,418,505,908.4612974,563.6333598,10.48437318,3.962086166,447,28,8,11,47,505,1,0,0,1,494,506,490,15,413,5
50,1000,80,5.13,10.3,18,37,93,944,29,16,11,56,7.58133808,394,479,1061.08829,551.7721332,10.66046704,4.298630342,463,26,16,11,53,481,3,0,0,3,516,484,463,16,385,9
48,1000,80,5.13,10.3,18,37,100,936,46,7,11,64,7.200145254,444,497,2132.289238,1458.656686,10.68794316,3.795061919,434,44,7,9,60,502,2,0,2,4,494,506,479,18,436,8
49,1000,80,5.13,10.3,18,37,99,951,30,8,11,49,7.17802053,433,500,972.7205725,597.653329,10.51841286,3.916846988,446,29,8,11,48,505,1,0,0,1,494,506,485,15,422,11
50,1000,80,5.13,10.3,18,37,94,943,30,16,11,57,7.549596501,405,466,1107.971638,576.9737603,10.69486136,4.196380242,461,28,16,11,55,482,2,0,0,2,516,484,458,8,399,6
48,1000,80,5.13,10.3,18,37,101,935,47,7,11,65,7.155576897,452,503,2285.024559,1568.933954,10.71571252,3.679871369,433,45,7,9,61,502,2,0,2,4,494,506,485,18,442,10
50,1000,80,5.13,10.3,18,37,95,942,30,17,11,58,7.555430739,405,474,1171.11293,607.5342671,10.75250581,4.146978808,460,28,17,11,56,482,2,0,0,2,516,484,461,13,397,8
49,1000,80,5.13,10.3,18,37,100,945,36,8,11,55,7.198367788,439,496,1086.322562,664.1326789,10.59313575,3.884108161,441,34,8,11,53,504,2,0,0,2,494,506,484,12,431,8
50,1000,80,5.13,10.3,18,37,96,941,31,17,11,59,7.532865976,409,470,1286.030401,667.8533226,10.79607014,4.053912773,459,29,17,11,57,482,2,0,0,2,516,484,456,14,402,7
49,1000,80,5.13,10.3,18,37,101,945,36,8,11,55,7.149887928,446,498,1229.945237,738.7694805,10.61481664,3.767131438,441,34,8,11,53,504,2,0,0,2,494,506,485,13,440,6
48,1000,80,5.13,10.3,18,37,102,935,47,6,12,65,7.151904798,456,496,2497.057441,1688.068463,10.77646613,3.61330144,433,45,6,10,61,502,2,0,2,4,494,506,487,9,449,7
49,1000,80,5.13,10.3,18,37,102,946,34,9,11,54,7.129512641,445,497,1363.935754,837.4287421,10.64780481,3.694658235,441,33,9,11,53,505,1,0,0,1,494,506,485,12,440,5
50,1000,80,5.13,10.3,18,37,97,941,31,16,12,59,7.575326339,420,476,1406.820003,730.5647372,10.84664764,4.087719329,459,29,16,12,57,482,2,0,0,2,516,484,458,18,409,11
48,1000,80,5.13,10.3,18,37,103,934,48,5,13,66,7.155057012,457,504,2670.468732,1809.601328,10.83102288,3.566268197,432,46,5,11,62,502,2,0,2,4,494,506,487,17,446,11
49,1000,80,5.13,10.3,18,37,103,945,35,9,11,55,7.096560943,448,501,1482.415396,911.6025047,10.67527365,3.602718897,440,34,9,11,54,505,1,0,0,1,494,506,488,13,444,4
50,1000,80,5.13,10.3,18,37,98,941,30,17,12,59,7.563743866,413,474,1563.073428,814.7002146,10.87917214,4.029113719,459,28,17,12,57,482,2,0,0,2,516,484,458,16,404,9
48,1000,80,5.13,10.3,18,37,104,934,48,5,13,66,7.175663409,443,497,2922.927417,1990.138138,10.90671339,3.533096824,432,46,5,11,62,502,2,0,2,4,494,506,485,12,436,7
49,1000,80,5.13,10.3,18,37,104,945,35,9,11,55,7.083405915,455,500,1587.168072,967.0595876,10.68528913,3.566942854,440,34,9,11,54,505,1,0,0,1,494,506,489,11,446,9
50,1000,80,5.13,10.3,18,37,99,941,30,16,13,59,7.562190165,418,477,1673.450113,872.2660846,10.89055648,4.01376657,459,28,16,13,57,482,2,0,0,2,516,484,463,14,407,11
50,1000,80,5.13,10.3,18,37,100,940,31,15,14,60,7.590210949,417,483,1804.91857,942.6819417,10.95071348,4.007526435,458,29,15,14,58,482,2,0,0,2,516,484,471,12,410,7
50,1000,80,5.13,10.3,18,37,101,939,32,15,14,61,7.577776026,424,468,1999.315343,1045.645232,10.97849679,3.952214221,457,30,15,14,59,482,2,0,0,2,516,484,460,8,415,9
50,1000,80,5.13,10.3,18,37,102,938,32,16,14,62,7.606872621,417,481,2168.184372,1136.040548,11.03467092,3.95244303,456,30,16,14,60,482,2,0,0,2,516,484,472,9,410,7
50,1000,80,5.13,10.3,18,37,103,937,33,16,14,63,7.579877051,429,485,2436.027658,1273.448433,11.03475496,3.896577457,456,30,16,14,60,481,3,0,0,3,516,484,471,14,420,9
50,1000,80,5.13,10.3,18,37,104,937,33,16,14,63,7.605073629,426,484,2776.937582,1454.60614,11.07752942,3.903033989,456,30,16,14,60,481,3,0,0,3,516,484,469,15,416,10
