[run number],initial-people,environment,healthy-treatment-chance-men,healthy-treatment-chance-women,dep-treatment-chance-men,dep-treatment-chance-women,[step],"count turtles with [ severity = ""No Depression"" ]","count turtles with [ severity = ""Mild Depression"" ]","count turtles with [ severity = ""Moderate Depression"" ]","count turtles with [ severity = ""Severe Depression"" ]","count turtles with [ severity != ""No Depression"" ]",mean [ dep-score ] of turtles,count turtles with [ treatment? ],count turtles with [ talks? ],mean [ prob-of-talking ] of turtles,mean [ prob-of-treatment ] of turtles,"mean [ dep-score ] of turtles with [ gender? = ""male"" ]","mean [ dep-score ] of turtles with [ gender? = ""female"" ]","count turtles with [ severity = ""No Depression"" and gender? = ""male"" ]","count turtles with [ severity = ""Mild Depression"" and gender? = ""male"" ]","count turtles with [ severity = ""Moderate Depression"" and gender? = ""male"" ]","count turtles with [ severity = ""Severe Depression"" and gender? = ""male"" ]","count turtles with [ severity != ""No Depression"" and gender? = ""male"" ]","count turtles with [ severity = ""No Depression"" and gender? = ""female"" ]","count turtles with [ severity = ""Mild Depression"" and gender? = ""female"" ]","count turtles with [ severity = ""Moderate Depression"" and gender? = ""female"" ]","count turtles with [ severity = ""Severe Depression"" and gender? = ""female"" ]","count turtles with [ severity != ""No Depression"" and gender? = ""female"" ]","count turtles with [ gender? = ""male"" ]","count turtles with [ gender? = ""female"" ]","count turtles with [ talks? = TRUE and gender? = ""female"" ]","count turtles with [ talks? = TRUE and gender? = ""male"" ]","count turtles with [ treatment? = TRUE and gender? = ""female"" ]","count turtles with [ treatment? = TRUE and gender? = ""male"" ]"
4,1000,30,5.13,10.3,18,37,0,951,29,7,13,49,7.25,98,96,7.562164771,8.983673534,6.832976445,7.615384615,451,11,2,3,16,500,18,5,10,33,467,533,51,45,65,33
3,1000,30,5.13,10.3,18,37,0,930,30,20,20,70,7.52,123,84,7.497806285,9.197579228,6.813121272,8.235412475,475,13,8,7,28,455,17,12,13,42,503,497,47,37,86,37
5,1000,30,5.13,10.3,18,37,0,949,23,18,10,51,7.177,83,75,7.542372574,8.803834528,6.024193548,8.311507937,484,7,5,0,12,465,16,13,10,39,496,504,40,35,52,31
7,1000,30,5.13,10.3,18,37,0,938,35,14,13,62,7.418,96,101,7.542483613,9.012977902,6.837944664,8.012145749,481,14,8,3,25,457,21,6,10,37,506,494,59,42,60,36
2,1000,30,5.13,10.3,18,37,0,947,24,16,13,53,7.067,106,77,7.481367833,8.985699436,5.950592885,8.210526316,493,5,6,2,13,454,19,10,11,40,506,494,40,37,76,30
8,1000,30,5.13,10.3,18,37,0,935,35,15,15,65,7.454,101,72,7.580623927,9.285391928,6.697530864,8.1692607,460,15,7,4,26,475,20,8,11,39,486,514,40,32,75,26
6,1000,30,5.13,10.3,18,37,0,944,25,19,12,56,7.058,84,90,7.502794362,9.013941277,5.955284553,8.125984252,474,11,4,3,18,470,14,15,9,38,492,508,50,40,57,27
1,1000,30,5.13,10.3,18,37,0,947,27,18,8,53,7.106,102,83,7.434790503,8.743912225,6.507692308,7.754166667,502,10,6,2,18,445,17,12,6,35,520,480,41,42,63,39
4,1000,30,5.13,10.3,18,37,1,952,28,7,13,48,7.220075077,112,74,7.568854908,9.007098862,6.817819277,7.57252059,451,11,3,2,16,501,17,4,11,32,467,533,47,27,83,29
8,1000,30,5.13,10.3,18,37,1,938,32,15,15,62,7.430230606,97,83,7.587977832,9.315227207,6.731511868,8.090886845,459,15,8,4,27,479,17,7,11,35,486,514,47,36,62,35
3,1000,30,5.13,10.3,18,37,1,931,32,19,18,69,7.52195945,99,99,7.543854777,9.206386908,6.859353065,8.192565108,475,13,8,7,28,456,19,11,11,41,503,497,53,46,62,37
6,1000,30,5.13,10.3,18,37,1,945,25,18,12,55,7.075642459,91,85,7.523883148,9.043684793,5.939779696,8.175730017,475,11,3,3,17,470,14,15,9,38,492,508,52,33,64,27
2,1000,30,5.13,10.3,18,37,1,950,22,14,14,50,7.09807556,102,85,7.511165219,9.019003638,6.051084611,8.170499488,492,6,5,3,14,458,16,9,11,36,506,494,41,44,74,28
7,1000,30,5.13,10.3,18,37,1,938,35,14,13,62,7.424598406,91,72,7.559975717,9.062975361,6.869998578,7.992670295,481,14,8,3,25,457,21,6,10,37,506,494,44,28,60,31
5,1000,30,5.13,10.3,18,37,1,949,23,18,10,51,7.213335657,98,72,7.571981203,8.822329221,6.076898461,8.331734167,484,7,5,0,12,465,16,13,10,39,496,504,45,27,72,26
1,1000,30,5.13,10.3,18,37,1,946,28,18,8,54,7.132128883,102,73,7.438850961,8.771113836,6.53888178,7.774813244,501,11,6,2,19,445,17,12,6,35,520,480,46,27,67,35
4,1000,30,5.13,10.3,18,37,2,953,28,7,12,47,7.217281038,102,81,7.603475855,9.044685879,6.834083755,7.553028,451,11,3,2,16,502,17,4,10,31,467,533,44,37,78,24
8,1000,30,5.13,10.3,18,37,2,940,30,16,14,60,7.454850154,75,106,7.59382971,9.328967665,6.783504168,8.089624764,460,14,8,4,26,480,16,8,10,34,486,514,63,43,56,19
6,1000,30,5.13,10.3,18,37,2,944,26,18,12,56,7.10110397,80,86,7.519518279,9.049891754,5.96468588,8.201729364,476,10,3,3,16,468,16,15,9,40,492,508,50,36,56,24
2,1000,30,5.13,10.3,18,37,2,953,20,13,14,47,7.093862091,78,76,7.534664854,9.055176287,6.089125266,8.123005478,492,6,5,3,14,461,14,8,11,33,506,494,50,26,54,24
3,1000,30,5.13,10.3,18,37,2,930,33,19,18,70,7.542329636,115,94,7.56415207,9.249987104,6.883223746,8.209392538,475,13,8,7,28,455,20,11,11,42,503,497,54,40,70,45
7,1000,30,5.13,10.3,18,37,2,939,34,14,13,61,7.440590242,90,82,7.555158979,9.097383431,6.897365322,7.997010909,481,14,8,3,25,458,20,6,10,36,506,494,45,37,52,38
5,1000,30,5.13,10.3,18,37,2,948,24,18,10,52,7.228901908,101,74,7.599710002,8.840582423,6.1066326,8.333357417,484,7,5,0,12,464,17,13,10,40,496,504,48,26,71,30
1,1000,30,5.13,10.3,18,37,2,947,28,17,8,53,7.122363545,94,94,7.462091033,8.796063602,6.543913161,7.749018127,501,11,6,2,19,446,17,11,6,34,520,480,55,39,57,37
4,1000,30,5.13,10.3,18,37,3,952,29,7,12,48,7.306749845,95,74,7.618801097,9.055870633,6.923438419,7.642596817,451,11,3,2,16,501,18,4,10,32,467,533,48,26,66,29
8,1000,30,5.13,10.3,18,37,3,942,29,15,14,58,7.438581271,100,83,7.601114394,9.359300775,6.812363278,8.030686222,461,13,8,4,25,481,16,7,10,33,486,514,42,41,67,33
6,1000,30,5.13,10.3,18,37,3,943,25,19,13,57,7.134956547,78,74,7.528102596,9.05378688,6.016735597,8.217957939,475,9,5,3,17,468,16,14,10,40,492,508,45,29,54,24
2,1000,30,5.13,10.3,18,37,3,955,19,12,14,45,7.059735935,82,88,7.546849136,9.090597723,6.057197995,8.086627023,493,6,5,2,13,462,13,7,12,32,506,494,49,39,53,29
3,1000,30,5.13,10.3,18,37,3,931,32,19,18,69,7.560558298,87,80,7.59365303,9.277653578,6.909874201,8.219097737,475,13,8,7,28,456,19,11,11,41,503,497,46,34,48,39
7,1000,30,5.13,10.3,18,37,3,940,33,13,14,60,7.458567731,90,89,7.552622568,9.103471171,6.87697902,8.054284104,482,13,8,3,24,458,20,5,11,36,506,494,52,37,59,31
5,1000,30,5.13,10.3,18,37,3,947,25,18,10,53,7.288418704,89,90,7.618693366,8.840778428,6.138062718,8.420515071,484,7,5,0,12,463,18,13,10,41,496,504,59,31,57,32
1,1000,30,5.13,10.3,18,37,3,949,28,16,7,51,7.137421135,95,88,7.496627503,8.838249528,6.605455792,7.713716924,501,11,6,2,19,448,17,10,5,32,520,480,52,36,65,30
4,1000,30,5.13,10.3,18,37,4,953,28,7,12,47,7.324532514,99,76,7.634721243,9.073631314,6.972158723,7.633272778,451,11,3,2,16,502,17,4,10,31,467,533,44,32,76,23
8,1000,30,5.13,10.3,18,37,4,943,28,15,14,57,7.438724924,92,100,7.613571757,9.378548594,6.814242119,8.029189209,461,13,8,4,25,482,15,7,10,32,486,514,55,45,62,30
6,1000,30,5.13,10.3,18,37,4,944,24,19,13,56,7.164299952,81,70,7.558906912,9.073891166,6.045060676,8.248287597,475,9,5,3,17,469,15,14,10,39,492,508,48,22,53,28
2,1000,30,5.13,10.3,18,37,4,956,19,11,14,44,7.079213323,84,77,7.564618513,9.131175548,6.108144251,8.073871117,493,6,5,2,13,463,13,6,12,31,506,494,47,30,61,23
3,1000,30,5.13,10.3,18,37,4,930,34,19,17,70,7.601595175,91,77,7.611647721,9.332167252,6.973622843,8.237148661,475,13,8,7,28,455,21,11,10,42,503,497,37,40,57,34
7,1000,30,5.13,10.3,18,37,4,940,33,13,14,60,7.488877145,95,88,7.572845306,9.136994574,6.946647783,8.044278071,482,13,8,3,24,458,20,5,11,36,506,494,49,39,70,25
5,1000,30,5.13,10.3,18,37,4,949,25,18,8,51,7.281870206,93,75,7.631802459,8.880500136,6.15767041,8.388225561,485,6,5,0,11,464,19,13,8,40,496,504,45,30,62,31
1,1000,30,5.13,10.3,18,37,4,948,28,17,7,52,7.163512141,103,80,7.530183272,8.87900733,6.64134152,7.729196979,500,11,7,2,20,448,17,10,5,32,520,480,40,40,66,37
8,1000,30,5.13,10.3,18,37,5,942,29,15,14,58,7.475243666,106,96,7.630434831,9.406982458,6.885556245,8.032808037,461,13,8,4,25,481,16,7,10,33,486,514,57,39,71,35
4,1000,30,5.13,10.3,18,37,5,954,27,7,12,46,7.328598781,117,88,7.650684533,9.0937728,7.006442659,7.610863151,451,11,3,2,16,503,16,4,10,30,467,533,47,41,87,30
6,1000,30,5.13,10.3,18,37,5,945,24,18,13,55,7.208656263,106,91,7.562211036,9.102269014,6.111297733,8.27145232,476,9,4,3,16,469,15,14,10,39,492,508,48,43,72,34
2,1000,30,5.13,10.3,18,37,5,957,20,10,13,43,7.070552518,84,82,7.569173171,9.166458032,6.139119311,8.024611633,493,6,5,2,13,464,14,5,11,30,506,494,46,36,65,19
3,1000,30,5.13,10.3,18,37,5,931,33,18,18,69,7.631821475,72,73,7.626846902,9.356089789,7.043140055,8.227609713,475,13,7,8,28,456,20,11,10,41,503,497,33,40,49,23
7,1000,30,5.13,10.3,18,37,5,941,32,12,15,59,7.532834867,99,101,7.603929557,9.14474423,7.011077943,8.067266048,483,12,8,3,23,458,20,4,12,36,506,494,59,42,70,29
5,1000,30,5.13,10.3,18,37,5,950,25,17,8,50,7.330054627,107,78,7.664738193,8.907512767,6.208443114,8.433862783,485,6,5,0,11,465,19,12,8,39,496,504,50,28,69,38
8,1000,30,5.13,10.3,18,37,6,941,30,15,14,59,7.456946625,96,96,7.632553092,9.426950959,6.898436893,7.985031701,461,13,7,5,25,480,17,8,9,34,486,514,55,41,65,31
1,1000,30,5.13,10.3,18,37,5,949,27,16,8,51,7.18231728,107,78,7.551097797,8.918631674,6.712145496,7.691670046,500,11,7,2,20,449,16,9,6,31,520,480,40,38,72,35
4,1000,30,5.13,10.3,18,37,6,954,28,6,12,46,7.348451265,94,81,7.683387538,9.130565113,7.028915584,7.628419676,451,12,2,2,16,503,16,4,10,30,467,533,49,32,74,20
6,1000,30,5.13,10.3,18,37,6,945,24,20,11,55,7.227882701,109,105,7.567634001,9.129489436,6.176089675,8.246548388,475,9,5,3,17,470,15,15,8,38,492,508,60,45,75,34
3,1000,30,5.13,10.3,18,37,6,931,33,18,18,69,7.647755341,110,75,7.643993921,9.365963256,7.100300418,8.201819377,475,13,7,8,28,456,20,11,10,41,503,497,46,29,78,32
2,1000,30,5.13,10.3,18,37,6,960,19,8,13,40,7.081208907,90,65,7.602890369,9.219743147,6.170127295,8.014422056,494,6,4,2,12,466,13,4,11,28,506,494,41,24,66,24
7,1000,30,5.13,10.3,18,37,6,940,33,12,15,60,7.564364703,95,83,7.617678281,9.188701539,7.070847402,8.069870278,483,12,8,3,23,457,21,4,12,37,506,494,46,37,65,30
5,1000,30,5.13,10.3,18,37,6,952,25,14,9,48,7.340118633,98,86,7.689501441,8.940964124,6.311977253,8.351940308,485,6,4,1,11,467,19,10,8,37,496,504,52,34,71,27
8,1000,30,5.13,10.3,18,37,7,940,30,15,15,60,7.518908659,98,75,7.669049903,9.45386124,6.929143397,8.076546631,460,14,6,6,26,480,16,9,9,34,486,514,49,26,69,29
1,1000,30,5.13,10.3,18,37,6,949,28,16,7,51,7.209882124,89,86,7.557284305,8.948716842,6.766561066,7.690146603,501,11,6,2,19,448,17,10,5,32,520,480,58,28,54,35
4,1000,30,5.13,10.3,18,37,7,954,28,6,12,46,7.391484448,95,90,7.704358329,9.136482202,7.088929787,7.656574555,451,12,2,2,16,503,16,4,10,30,467,533,49,41,68,27
6,1000,30,5.13,10.3,18,37,7,946,25,19,10,54,7.238138467,95,75,7.600717199,9.162783744,6.261022474,8.184479153,475,9,5,3,17,471,16,14,7,37,492,508,41,34,72,23
3,1000,30,5.13,10.3,18,37,7,932,33,17,18,68,7.647734934,106,80,7.672522194,9.380494223,7.110244458,8.191714227,475,13,7,8,28,457,20,10,10,40,503,497,45,35,70,36
7,1000,30,5.13,10.3,18,37,7,942,32,11,15,58,7.592171167,111,85,7.625089604,9.202927457,7.092776626,8.10369675,484,12,6,4,22,458,20,5,11,36,506,494,49,36,73,38
2,1000,30,5.13,10.3,18,37,7,960,20,8,12,40,7.093560203,105,81,7.615085696,9.240551361,6.210701095,7.997865282,494,6,4,2,12,466,14,4,10,28,506,494,44,37,70,35
5,1000,30,5.13,10.3,18,37,7,953,24,14,9,47,7.33697347,95,76,7.714201227,8.984240582,6.33632099,8.321742578,485,6,4,1,11,468,18,10,8,36,496,504,48,28,66,29
8,1000,30,5.13,10.3,18,37,8,940,29,18,13,60,7.536650366,98,87,7.689376715,9.488755113,6.942102823,8.098810105,460,14,7,5,26,480,15,11,8,34,486,514,59,28,65,33
1,1000,30,5.13,10.3,18,37,7,949,28,16,7,51,7.247860117,93,72,7.533902906,8.962359712,6.829868521,7.700684347,501,11,6,2,19,448,17,10,5,32,520,480,39,33,60,33
6,1000,30,5.13,10.3,18,37,8,946,25,19,10,54,7.271560621,91,82,7.608665653,9.183057774,6.289233975,8.222947845,475,9,5,3,17,471,16,14,7,37,492,508,49,33,66,25
4,1000,30,5.13,10.3,18,37,8,954,27,7,12,46,7.450935114,97,74,7.708154485,9.178187809,7.157741382,7.70782343,451,11,3,2,16,503,16,4,10,30,467,533,53,21,69,28
3,1000,30,5.13,10.3,18,37,8,932,31,18,19,68,7.690389957,87,84,7.674935204,9.394316262,7.14800836,8.23931942,475,13,7,8,28,457,18,11,11,40,503,497,43,41,63,24
7,1000,30,5.13,10.3,18,37,8,942,32,10,16,58,7.615016527,100,81,7.644067384,9.229064772,7.121348908,8.120676072,484,12,5,5,22,458,20,5,11,36,506,494,52,29,67,33
2,1000,30,5.13,10.3,18,37,8,960,20,8,12,40,7.104985444,92,81,7.631760628,9.283714999,6.227880858,8.003396215,494,6,4,2,12,466,14,4,10,28,506,494,46,35,68,24
5,1000,30,5.13,10.3,18,37,8,953,24,14,9,47,7.376794276,92,84,7.756120582,9.007528117,6.4003104,8.337778407,485,6,4,1,11,468,18,10,8,36,496,504,46,38,63,29
8,1000,30,5.13,10.3,18,37,9,942,29,15,14,58,7.528608579,116,85,7.695105611,9.507028544,6.953909906,8.072000709,460,14,7,5,26,482,15,8,9,32,486,514,59,26,82,34
1,1000,30,5.13,10.3,18,37,8,951,25,16,8,49,7.263692022,101,96,7.552640407,8.992744114,6.853758527,7.70778664,502,10,5,3,18,449,15,11,5,31,520,480,52,44,67,34
6,1000,30,5.13,10.3,18,37,9,948,23,19,10,52,7.275146326,112,68,7.625346745,9.208372977,6.322495352,8.197792545,476,8,5,3,16,472,15,14,7,36,492,508,45,23,82,30
4,1000,30,5.13,10.3,18,37,9,954,27,7,12,46,7.470862768,98,78,7.730958137,9.221654378,7.172536116,7.732248409,450,12,3,2,17,504,15,4,10,29,467,533,47,31,71,27
3,1000,30,5.13,10.3,18,37,9,930,33,18,19,70,7.743965167,97,70,7.705927841,9.428961967,7.194309116,8.300256905,475,13,7,8,28,455,20,11,11,42,503,497,45,25,66,31
7,1000,30,5.13,10.3,18,37,9,942,32,10,16,58,7.650631638,108,92,7.659662432,9.235068115,7.193134168,8.119242408,484,12,5,5,22,458,20,5,11,36,506,494,51,41,81,27
2,1000,30,5.13,10.3,18,37,9,961,22,7,10,39,7.125480174,94,82,7.652379622,9.293383146,6.308181741,7.96263201,493,7,4,2,13,468,15,3,8,26,506,494,46,36,64,30
5,1000,30,5.13,10.3,18,37,9,951,26,14,9,49,7.445424469,85,91,7.744341975,9.030817068,6.475377869,8.400073504,485,6,4,1,11,466,20,10,8,38,496,504,53,38,62,23
8,1000,30,5.13,10.3,18,37,10,944,28,15,13,56,7.50765885,95,78,7.694980354,9.528798676,7.009272789,7.978895477,460,14,7,5,26,484,14,8,8,30,486,514,51,27,64,31
6,1000,30,5.13,10.3,18,37,10,950,22,18,10,50,7.255544007,98,84,7.642459107,9.231838512,6.318551552,8.163024889,476,8,5,3,16,474,14,13,7,34,492,508,45,39,67,31
1,1000,30,5.13,10.3,18,37,9,952,25,16,7,48,7.298114864,89,81,7.551024502,9.003989368,6.896313643,7.73339952,503,10,5,2,17,449,15,11,5,31,520,480,36,45,61,28
3,1000,30,5.13,10.3,18,37,10,929,35,17,19,71,7.76410897,110,89,7.727521668,9.487240886,7.22194609,8.312817077,475,13,7,8,28,454,22,10,11,43,503,497,50,39,73,37
4,1000,30,5.13,10.3,18,37,10,954,27,7,12,46,7.481769488,108,96,7.745096854,9.247591645,7.194444329,7.733515921,450,12,3,2,17,504,15,4,10,29,467,533,61,35,81,27
7,1000,30,5.13,10.3,18,37,10,941,33,11,15,59,7.690207416,91,66,7.674613172,9.269860764,7.271649606,8.118932621,483,12,6,5,23,458,21,5,10,36,506,494,37,29,62,29
2,1000,30,5.13,10.3,18,37,10,964,20,7,9,36,7.113264815,96,85,7.671607992,9.288183769,6.304766423,7.941402845,494,6,4,2,12,470,14,3,7,24,506,494,52,33,68,28
5,1000,30,5.13,10.3,18,37,10,951,27,13,9,49,7.451442559,93,85,7.773973253,9.066366209,6.471495361,8.415835039,485,7,3,1,11,466,20,10,8,38,496,504,51,34,68,25
8,1000,30,5.13,10.3,18,37,11,947,25,15,13,53,7.498771535,119,92,7.691168992,9.57733326,7.04693708,7.92599244,460,14,7,5,26,487,11,8,8,27,486,514,55,37,85,34
6,1000,30,5.13,10.3,18,37,11,951,23,17,9,49,7.264675371,108,80,7.643821114,9.261789683,6.371737146,8.129489557,476,8,5,3,16,475,15,12,6,33,492,508,48,32,72,36
3,1000,30,5.13,10.3,18,37,11,929,36,16,19,71,7.806685513,109,84,7.741408906,9.527714427,7.243854486,8.376311282,475,13,7,8,28,454,23,9,11,43,503,497,47,37,83,26
7,1000,30,5.13,10.3,18,37,11,942,32,12,14,58,7.696708615,95,80,7.70083619,9.307451614,7.328710297,8.073646165,483,12,6,5,23,459,20,6,9,35,506,494,49,31,62,33
4,1000,30,5.13,10.3,18,37,11,956,26,6,12,44,7.474218975,98,65,7.75573214,9.25905651,7.227890019,7.690045658,450,12,3,2,17,506,14,3,10,27,467,533,39,26,70,28
2,1000,30,5.13,10.3,18,37,11,964,20,7,9,36,7.130067891,109,85,7.688648633,9.327100027,6.314146557,7.965809176,494,6,4,2,12,470,14,3,7,24,506,494,55,30,78,31
1,1000,30,5.13,10.3,18,37,10,953,24,15,8,47,7.319798114,92,77,7.580793517,9.031273365,6.916915076,7.756254738,503,10,5,2,17,450,14,10,6,30,520,480,42,35,55,37
5,1000,30,5.13,10.3,18,37,11,953,28,11,8,47,7.458595222,112,77,7.796719658,9.10483828,6.485135018,8.416603678,485,7,3,1,11,468,21,8,7,36,496,504,44,33,75,37
8,1000,30,5.13,10.3,18,37,12,947,25,15,13,53,7.500408501,111,75,7.701831829,9.61933668,7.090586938,7.887905154,460,14,7,5,26,487,11,8,8,27,486,514,49,26,85,26
6,1000,30,5.13,10.3,18,37,12,952,22,17,9,48,7.282314433,84,76,7.644383895,9.300787452,6.39380121,8.142842987,477,7,5,3,15,475,15,12,6,33,492,508,40,36,64,20
3,1000,30,5.13,10.3,18,37,12,929,36,16,19,71,7.83152425,108,70,7.792478756,9.568962263,7.277662296,8.392072666,475,13,7,8,28,454,23,9,11,43,503,497,44,26,73,35
2,1000,30,5.13,10.3,18,37,12,963,20,8,9,37,7.174686297,105,81,7.696861595,9.377852199,6.383725267,7.984860956,492,7,5,2,14,471,13,3,7,23,506,494,48,33,74,31
7,1000,30,5.13,10.3,18,37,12,942,32,12,14,58,7.71309104,91,91,7.707386475,9.320612881,7.345515049,8.089596003,484,11,6,5,22,458,21,6,9,36,506,494,55,36,64,27
4,1000,30,5.13,10.3,18,37,12,956,27,7,10,44,7.449766243,116,90,7.783255433,9.298874816,7.224374189,7.647248587,449,13,3,2,18,507,14,4,8,26,467,533,53,37,79,37
1,1000,30,5.13,10.3,18,37,11,954,24,14,8,46,7.32656187,107,68,7.602757532,9.05421201,6.957852346,7.725997189,503,10,5,2,17,451,14,9,6,29,520,480,40,28,72,35
8,1000,30,5.13,10.3,18,37,13,948,25,15,12,52,7.484044406,92,78,7.726392471,9.650530596,7.114936725,7.833045054,460,14,7,5,26,488,11,8,7,26,486,514,52,26,65,27
5,1000,30,5.13,10.3,18,37,12,954,27,11,8,46,7.487309999,97,79,7.812434002,9.145741899,6.552642425,8.40714158,485,7,3,1,11,469,20,8,7,35,496,504,47,32,74,23
6,1000,30,5.13,10.3,18,37,13,953,22,17,8,47,7.298383243,88,83,7.693607729,9.343556539,6.429272085,8.140120822,477,7,5,3,15,476,15,12,5,32,492,508,48,35,64,24
3,1000,30,5.13,10.3,18,37,13,930,36,15,19,70,7.850799847,103,88,7.818491788,9.625956558,7.315329234,8.392734894,475,13,7,8,28,455,23,8,11,42,503,497,48,40,66,37
2,1000,30,5.13,10.3,18,37,13,965,19,6,10,35,7.224849112,106,85,7.716462678,9.406277743,6.394619372,8.075246376,493,7,3,3,13,472,12,3,7,22,506,494,57,28,72,34
7,1000,30,5.13,10.3,18,37,13,943,30,11,16,57,7.737193895,101,83,7.728822856,9.333802122,7.411677821,8.070617242,485,10,4,7,21,458,20,7,9,36,506,494,50,33,76,25
4,1000,30,5.13,10.3,18,37,13,956,27,7,10,44,7.505284793,91,78,7.785005275,9.320291096,7.267956742,7.71322513,449,13,3,2,18,507,14,4,8,26,467,533,52,26,64,27
1,1000,30,5.13,10.3,18,37,12,953,25,14,8,47,7.343450878,98,90,7.6117107,9.074745021,6.993036076,7.723066912,503,10,5,2,17,450,15,9,6,30,520,480,49,41,60,38
8,1000,30,5.13,10.3,18,37,14,949,25,14,12,51,7.498001511,102,79,7.75279918,9.677836017,7.127510224,7.848310394,460,14,7,5,26,489,11,7,7,25,486,514,44,35,76,26
5,1000,30,5.13,10.3,18,37,13,951,30,11,8,49,7.482959727,113,89,7.817768294,9.185312861,6.558065993,8.393172609,484,8,3,1,12,467,22,8,7,37,496,504,64,25,84,29
6,1000,30,5.13,10.3,18,37,14,955,21,16,8,45,7.270346021,106,72,7.700239571,9.360587613,6.454076822,8.060905954,477,7,5,3,15,478,14,11,5,30,492,508,43,29,82,24
3,1000,30,5.13,10.3,18,37,14,932,34,15,19,68,7.87500352,103,90,7.844350671,9.652796965,7.354652112,8.401636837,475,12,8,8,28,457,22,7,11,40,503,497,54,36,78,25
2,1000,30,5.13,10.3,18,37,14,963,20,7,10,37,7.247711986,108,70,7.73342652,9.460154292,6.412716525,8.102990737,493,7,3,3,13,470,13,4,7,24,506,494,38,32,77,31
7,1000,30,5.13,10.3,18,37,14,943,30,11,16,57,7.74908865,93,76,7.755004876,9.395648532,7.44434166,8.061238401,485,10,4,7,21,458,20,7,9,36,506,494,51,25,59,34
4,1000,30,5.13,10.3,18,37,14,956,27,7,10,44,7.535681419,89,73,7.809367099,9.370861968,7.28152847,7.758363271,450,12,3,2,17,506,15,4,8,27,467,533,42,31,66,23
8,1000,30,5.13,10.3,18,37,15,951,23,13,13,49,7.494992545,112,95,7.798205601,9.742201848,7.166792803,7.805313701,461,12,7,6,25,490,11,6,7,24,486,514,57,38,77,35
1,1000,30,5.13,10.3,18,37,13,953,26,14,7,47,7.354171416,113,94,7.630504689,9.124963225,7.018132367,7.71821372,502,11,5,2,18,451,15,9,5,29,520,480,51,43,80,33
5,1000,30,5.13,10.3,18,37,14,952,29,12,7,48,7.49009854,99,87,7.844587238,9.215028823,6.573552139,8.392096585,484,8,3,1,12,468,21,9,6,36,496,504,52,35,77,22
6,1000,30,5.13,10.3,18,37,15,955,21,16,8,45,7.309029934,97,68,7.707397496,9.402452027,6.477456582,8.114411999,476,8,5,3,16,479,13,11,5,29,492,508,45,23,73,24
3,1000,30,5.13,10.3,18,37,15,933,34,15,18,67,7.87482834,101,78,7.87045686,9.708740464,7.419022151,8.33613722,474,12,9,8,29,459,22,6,10,38,503,497,47,31,72,29
2,1000,30,5.13,10.3,18,37,15,962,21,7,10,38,7.272291821,105,83,7.731538424,9.492999125,6.469621648,8.094460055,493,7,2,4,13,469,14,5,6,25,506,494,48,35,71,34
7,1000,30,5.13,10.3,18,37,15,944,29,11,16,56,7.733495304,107,88,7.769995216,9.423038813,7.434901386,8.039342515,485,11,4,6,21,459,18,7,10,35,506,494,59,29,78,29
4,1000,30,5.13,10.3,18,37,15,956,27,7,10,44,7.522563234,103,81,7.837088516,9.418653193,7.298876602,7.718551334,450,12,3,2,17,506,15,4,8,27,467,533,56,25,77,26
8,1000,30,5.13,10.3,18,37,16,950,24,13,13,50,7.517194288,99,67,7.840186541,9.823960219,7.200215894,7.816905376,460,13,7,6,26,490,11,6,7,24,486,514,39,28,74,25
5,1000,30,5.13,10.3,18,37,15,951,30,12,7,49,7.519957917,106,93,7.87275861,9.245543123,6.561571032,8.463132311,483,9,3,1,13,468,21,9,6,36,496,504,51,42,72,34
1,1000,30,5.13,10.3,18,37,14,954,24,15,7,46,7.348411886,101,83,7.65660871,9.156122596,7.035715123,7.687166713,502,10,6,2,18,452,14,9,5,28,520,480,46,37,71,30
6,1000,30,5.13,10.3,18,37,16,956,21,15,8,44,7.320248587,89,83,7.732993861,9.458991841,6.487233687,8.127026798,476,8,5,3,16,480,13,10,5,28,492,508,43,40,61,28
2,1000,30,5.13,10.3,18,37,16,961,22,6,11,39,7.317257574,87,90,7.763468768,9.544489844,6.504011826,8.150258279,493,7,2,4,13,468,15,4,7,26,506,494,57,33,52,35
3,1000,30,5.13,10.3,18,37,16,933,34,14,19,67,7.914004487,100,92,7.86645675,9.730833815,7.459783509,8.373709017,474,12,8,9,29,459,22,6,10,38,503,497,55,37,69,31
7,1000,30,5.13,10.3,18,37,16,945,29,10,16,55,7.783689869,100,79,7.795499741,9.461994481,7.467659835,8.107396746,485,11,4,6,21,460,18,6,10,34,506,494,52,27,77,23
8,1000,30,5.13,10.3,18,37,17,950,24,13,13,50,7.543884253,108,96,7.855731426,9.840572237,7.213369517,7.856394294,460,13,7,6,26,490,11,6,7,24,486,514,51,45,82,26
4,1000,30,5.13,10.3,18,37,16,956,27,7,10,44,7.556077284,99,80,7.860307058,9.460906181,7.353169487,7.733859537,450,12,3,2,17,506,15,4,8,27,467,533,45,35,73,26
5,1000,30,5.13,10.3,18,37,16,951,30,11,8,49,7.558051777,99,89,7.908822731,9.305448155,6.629078862,8.47227909,483,9,3,1,13,468,21,8,7,36,496,504,57,32,72,27
6,1000,30,5.13,10.3,18,37,17,955,22,14,9,45,7.335999279,97,80,7.751321926,9.47338035,6.518367353,8.127879018,476,8,5,3,16,479,14,9,6,29,492,508,48,32,74,23
1,1000,30,5.13,10.3,18,37,15,955,24,15,6,45,7.359125106,106,74,7.685774285,9.174567962,7.09693462,7.6431648,502,10,6,2,18,453,14,9,4,27,520,480,42,32,79,27
2,1000,30,5.13,10.3,18,37,17,960,23,6,11,40,7.317453938,83,77,7.786049134,9.612508956,6.534383712,8.119546114,492,8,2,4,14,468,15,4,7,26,506,494,45,32,58,25
3,1000,30,5.13,10.3,18,37,17,933,32,15,20,67,7.957926495,103,82,7.874064848,9.738828429,7.547038961,8.373774443,474,12,8,9,29,459,20,7,11,38,503,497,53,29,77,26
7,1000,30,5.13,10.3,18,37,17,944,30,10,16,56,7.800164606,104,72,7.812314202,9.491805428,7.525311899,8.081693898,484,12,4,6,22,460,18,6,10,34,506,494,33,39,75,29
8,1000,30,5.13,10.3,18,37,18,951,23,13,13,49,7.564743042,101,90,7.873074029,9.870414208,7.207811972,7.902230396,460,13,7,6,26,491,10,6,7,23,486,514,53,37,72,29
4,1000,30,5.13,10.3,18,37,17,957,26,7,10,43,7.572870685,79,85,7.895196156,9.5054192,7.362462067,7.757224952,450,12,3,2,17,507,14,4,8,26,467,533,61,24,50,29
6,1000,30,5.13,10.3,18,37,18,956,21,14,9,44,7.342428505,114,86,7.779303654,9.501058305,6.552407263,8.107567187,475,9,5,3,17,481,12,9,6,27,492,508,57,29,78,36
5,1000,30,5.13,10.3,18,37,17,951,30,11,8,49,7.574276586,88,99,7.894920822,9.313273478,6.639682572,8.494035774,484,8,3,1,12,467,22,8,7,37,496,504,64,35,69,19
1,1000,30,5.13,10.3,18,37,16,957,24,13,6,43,7.384061691,91,74,7.714667632,9.215048514,7.118283572,7.671987986,504,10,4,2,16,453,14,9,4,27,520,480,40,34,65,26
2,1000,30,5.13,10.3,18,37,18,960,23,6,11,40,7.350729079,99,93,7.794097595,9.63750497,6.608617929,8.110867221,492,8,2,4,14,468,15,4,7,26,506,494,61,32,70,29
3,1000,30,5.13,10.3,18,37,18,932,33,15,20,68,8.001697642,113,106,7.921881189,9.762098568,7.601792337,8.406430778,474,12,8,9,29,458,21,7,11,39,503,497,66,40,80,33
7,1000,30,5.13,10.3,18,37,18,945,29,10,16,55,7.845710749,101,71,7.811814994,9.516467465,7.538089308,8.160804776,485,11,4,6,21,460,18,6,10,34,506,494,50,21,70,31
8,1000,30,5.13,10.3,18,37,19,949,25,13,13,51,7.574372557,101,88,7.895862255,9.917994309,7.212186372,7.916828756,460,13,7,6,26,489,12,6,7,25,486,514,57,31,82,19
4,1000,30,5.13,10.3,18,37,18,957,29,6,8,43,7.574429983,99,84,7.917875289,9.527345746,7.413081671,7.715798955,449,13,3,2,18,508,16,3,6,25,467,533,58,26,77,22
6,1000,30,5.13,10.3,18,37,19,957,21,13,9,43,7.345912557,103,94,7.799711878,9.529165736,6.557307653,8.10967951,475,9,5,3,17,482,12,8,6,26,492,508,61,33,75,28
5,1000,30,5.13,10.3,18,37,18,951,30,11,8,49,7.60163158,94,86,7.919098916,9.323560054,6.636040887,8.551895435,484,8,3,1,12,467,22,8,7,37,496,504,51,35,68,26
2,1000,30,5.13,10.3,18,37,19,960,23,6,11,40,7.37328183,98,80,7.816001121,9.659393392,6.673179492,8.090390702,492,8,2,4,14,468,15,4,7,26,506,494,48,32,72,26
1,1000,30,5.13,10.3,18,37,17,957,24,13,6,43,7.438723219,103,82,7.736268942,9.251692194,7.213827635,7.682360103,504,10,4,2,16,453,14,9,4,27,520,480,53,29,72,31
3,1000,30,5.13,10.3,18,37,19,934,32,14,20,66,7.973932561,107,86,7.923511656,9.803152148,7.576604232,8.37605761,475,11,8,9,28,459,21,6,11,38,503,497,56,30,73,34
7,1000,30,5.13,10.3,18,37,19,947,29,9,15,53,7.823967788,85,76,7.836792958,9.554078304,7.508109071,8.147499187,485,12,4,5,21,462,17,5,10,32,506,494,48,28,63,22
8,1000,30,5.13,10.3,18,37,20,949,25,11,15,51,7.593889471,104,91,7.933883727,9.953019309,7.241146775,7.927416612,460,13,5,8,26,489,12,6,7,25,486,514,60,31,79,25
4,1000,30,5.13,10.3,18,37,19,956,30,6,8,44,7.620249742,96,81,7.939508675,9.569819611,7.458006793,7.76240257,449,13,3,2,18,507,17,3,6,26,467,533,56,25,73,23
6,1000,30,5.13,10.3,18,37,20,957,22,13,8,43,7.380093511,101,74,7.814884753,9.546736041,6.621802012,8.114501813,475,9,5,3,17,482,13,8,5,26,492,508,45,29,70,31
5,1000,30,5.13,10.3,18,37,19,952,30,10,8,48,7.600229591,105,82,7.973306628,9.361488252,6.684806786,8.501121875,483,9,3,1,13,469,21,7,7,35,496,504,53,29,80,25
2,1000,30,5.13,10.3,18,37,20,959,24,7,10,41,7.395196217,98,94,7.808532492,9.680467598,6.731842828,8.074663454,492,8,2,4,14,467,16,5,6,27,506,494,58,36,74,24
3,1000,30,5.13,10.3,18,37,20,933,33,12,22,67,8.025910192,107,84,7.953811518,9.851651541,7.652006013,8.404328305,474,12,7,10,29,459,21,5,12,38,503,497,54,30,70,37
7,1000,30,5.13,10.3,18,37,20,948,27,10,15,52,7.866638833,114,81,7.874163281,9.610493623,7.557742495,8.183038726,484,12,5,5,22,464,15,5,10,30,506,494,50,31,82,32
8,1000,30,5.13,10.3,18,37,21,950,25,11,14,50,7.606578803,99,86,7.962548024,10.00767558,7.245539189,7.94795089,461,13,5,7,25,489,12,6,7,25,486,514,59,27,72,27
1,1000,30,5.13,10.3,18,37,18,957,24,13,6,43,7.453872643,111,81,7.750531588,9.266257502,7.211693019,7.716233902,504,10,4,2,16,453,14,9,4,27,520,480,45,36,81,30
4,1000,30,5.13,10.3,18,37,20,954,31,7,8,46,7.632437521,100,87,7.966608045,9.601808419,7.485476646,7.761200614,448,13,4,2,19,506,18,3,6,27,467,533,58,29,83,17
6,1000,30,5.13,10.3,18,37,21,959,22,11,8,41,7.356887193,112,111,7.835025855,9.592198873,6.648877335,8.042597527,475,9,5,3,17,484,13,6,5,24,492,508,74,37,88,24
5,1000,30,5.13,10.3,18,37,20,953,29,10,8,47,7.618074855,100,78,8.013051803,9.41922118,6.753106961,8.469313099,483,8,4,1,13,470,21,6,7,34,496,504,49,29,80,20
2,1000,30,5.13,10.3,18,37,21,959,24,7,10,41,7.384210451,116,91,7.831775603,9.727283761,6.724004875,8.060453409,492,8,2,4,14,467,16,5,6,27,506,494,52,39,87,29
3,1000,30,5.13,10.3,18,37,21,935,31,12,22,65,8.034591331,117,87,7.974883826,9.885724945,7.666591867,8.407033444,475,11,7,10,28,460,20,5,12,37,503,497,51,36,79,38
8,1000,30,5.13,10.3,18,37,22,949,26,11,14,51,7.638058862,100,86,7.969602042,10.01594383,7.314786807,7.943720766,461,13,5,7,25,488,13,6,7,26,486,514,54,32,70,30
7,1000,30,5.13,10.3,18,37,21,950,25,12,13,50,7.846842765,121,104,7.868465811,9.64558321,7.563394574,8.137176337,485,11,5,5,21,465,14,7,8,29,506,494,68,36,92,29
1,1000,30,5.13,10.3,18,37,19,958,23,13,6,42,7.488648591,96,70,7.771295755,9.293782432,7.27172623,7.723647816,504,10,4,2,16,454,13,9,4,26,520,480,47,23,68,28
6,1000,30,5.13,10.3,18,37,22,959,22,11,8,41,7.378509139,92,79,7.853215431,9.613887633,6.68116394,8.05389071,475,9,5,3,17,484,13,6,5,24,492,508,51,28,73,19
4,1000,30,5.13,10.3,18,37,21,954,31,7,8,46,7.660291871,80,66,7.994612409,9.655670956,7.555403325,7.752192341,448,13,4,2,19,506,18,3,6,27,467,533,48,18,58,22
5,1000,30,5.13,10.3,18,37,21,954,29,9,8,46,7.619183119,104,96,8.053017369,9.475433411,6.776299761,8.448687375,484,8,3,1,12,470,21,6,7,34,496,504,66,30,76,28
2,1000,30,5.13,10.3,18,37,22,960,23,7,10,40,7.400195008,109,77,7.829076665,9.771800987,6.728224859,8.088488318,493,7,2,4,13,467,16,5,6,27,506,494,48,29,79,30
8,1000,30,5.13,10.3,18,37,23,948,27,12,13,52,7.641643759,116,75,8.016948354,10.06899155,7.324565045,7.941449702,461,13,5,7,25,487,14,7,6,27,486,514,44,31,83,33
3,1000,30,5.13,10.3,18,37,22,935,30,13,22,65,8.081920126,100,87,7.997399096,9.945744868,7.712238444,8.456064766,475,11,7,10,28,460,19,6,12,37,503,497,53,34,68,32
7,1000,30,5.13,10.3,18,37,22,950,25,12,13,50,7.853386597,100,100,7.890817578,9.677199708,7.562333662,8.151509644,485,11,5,5,21,465,14,7,8,29,506,494,67,33,65,35
1,1000,30,5.13,10.3,18,37,20,959,21,14,6,41,7.511652327,104,81,7.789484097,9.332828477,7.277602961,7.765205807,504,10,4,2,16,455,11,10,4,25,520,480,48,33,75,29
6,1000,30,5.13,10.3,18,37,23,962,21,10,7,38,7.356219096,105,79,7.863990829,9.665024413,6.736864763,7.956066205,475,9,5,3,17,487,12,5,4,21,492,508,49,30,85,20
4,1000,30,5.13,10.3,18,37,22,955,32,6,7,45,7.659595235,104,85,8.00024821,9.699725136,7.597687672,7.713836946,448,14,3,2,19,507,18,3,5,26,467,533,53,32,79,25
5,1000,30,5.13,10.3,18,37,22,953,29,10,8,47,7.668004555,96,86,8.080974724,9.52942079,6.849591574,8.473426854,484,7,4,1,12,469,22,6,7,35,496,504,54,32,61,35
2,1000,30,5.13,10.3,18,37,23,961,23,6,10,39,7.413368211,104,81,7.830608961,9.805293298,6.766649385,8.075796807,493,7,2,4,13,468,16,4,6,26,506,494,53,28,83,21
8,1000,30,5.13,10.3,18,37,24,946,29,12,13,54,7.67356844,94,81,8.060908602,10.1411344,7.382812686,7.948485359,460,14,5,7,26,486,15,7,6,28,486,514,53,28,69,25
3,1000,30,5.13,10.3,18,37,23,936,29,13,22,64,8.080516087,99,96,8.014632794,10.01498562,7.732268648,8.432967722,475,11,7,10,28,461,18,6,12,36,503,497,65,31,75,24
7,1000,30,5.13,10.3,18,37,23,952,25,10,13,48,7.873284227,124,71,7.913262608,9.714760556,7.639074048,8.113183722,485,11,5,5,21,467,14,5,8,27,506,494,42,29,90,34
6,1000,30,5.13,10.3,18,37,24,962,21,10,7,38,7.393827455,89,86,7.851048491,9.67557916,6.782882806,7.985529753,475,9,5,3,17,487,12,5,4,21,492,508,58,28,71,18
1,1000,30,5.13,10.3,18,37,21,959,21,13,7,41,7.575206877,111,87,7.826930923,9.348463779,7.367683128,7.800024271,504,10,3,3,16,455,11,10,4,25,520,480,50,37,86,25
4,1000,30,5.13,10.3,18,37,23,955,32,6,7,45,7.692200642,110,92,8.030998894,9.76083296,7.617651795,7.757518299,448,14,3,2,19,507,18,3,5,26,467,533,62,30,82,28
5,1000,30,5.13,10.3,18,37,23,953,29,10,8,47,7.695152789,84,78,8.099002216,9.57009058,6.882266957,8.495135672,484,7,4,1,12,469,22,6,7,35,496,504,48,30,63,21
2,1000,30,5.13,10.3,18,37,24,961,23,6,10,39,7.442168532,106,90,7.83772319,9.860619503,6.801052351,8.098858386,493,7,2,4,13,468,16,4,6,26,506,494,60,30,82,24
8,1000,30,5.13,10.3,18,37,25,945,30,12,13,55,7.69225765,107,92,8.082395647,10.13784504,7.406060183,7.962864593,460,14,5,7,26,485,16,7,6,29,486,514,68,24,81,26
3,1000,30,5.13,10.3,18,37,24,937,29,13,21,63,8.080649966,96,80,8.054548655,10.07007878,7.747715104,8.417604162,475,11,7,10,28,462,18,6,11,35,503,497,51,29,70,26
7,1000,30,5.13,10.3,18,37,24,952,27,8,13,48,7.868696371,96,82,7.928728434,9.765485287,7.643710533,8.099147451,483,13,5,5,23,469,14,3,8,25,506,494,53,29,71,25
6,1000,30,5.13,10.3,18,37,25,962,21,10,7,38,7.445565053,87,87,7.876991107,9.70650247,6.854543995,8.017971274,475,9,5,3,17,487,12,5,4,21,492,508,60,27,63,24
4,1000,30,5.13,10.3,18,37,24,956,30,7,7,44,7.722828079,101,79,8.073089656,9.817713772,7.666017968,7.772603542,448,13,4,2,19,508,17,3,5,25,467,533,57,22,76,25
1,1000,30,5.13,10.3,18,37,22,957,23,13,7,43,7.625695655,103,91,7.863590675,9.39847809,7.444173982,7.822344135,502,12,3,3,18,455,11,10,4,25,520,480,54,37,68,35
5,1000,30,5.13,10.3,18,37,24,951,32,9,8,49,7.703368798,84,70,8.137186584,9.624353001,6.912212501,8.481967058,482,9,4,1,14,469,23,5,7,35,496,504,49,21,65,19
2,1000,30,5.13,10.3,18,37,25,960,24,6,10,40,7.467114692,116,93,7.859704106,9.925061985,6.803532499,8.146816291,493,7,2,4,13,467,17,4,6,27,506,494,59,34,87,29
8,1000,30,5.13,10.3,18,37,26,947,29,11,13,53,7.692784892,107,101,8.087507523,10.16357716,7.445479658,7.926618245,460,14,5,7,26,487,15,6,6,27,486,514,66,35,84,23
3,1000,30,5.13,10.3,18,37,25,938,28,13,21,62,8.092908917,106,82,8.086159558,10.12546369,7.803482649,8.385829265,475,11,7,10,28,463,17,6,11,34,503,497,56,26,75,31
7,1000,30,5.13,10.3,18,37,25,954,26,7,13,46,7.879293193,98,83,7.940587934,9.803349342,7.665932283,8.097836959,483,13,5,5,23,471,13,2,8,23,506,494,51,32,70,28
6,1000,30,5.13,10.3,18,37,26,962,21,10,7,38,7.411128492,117,91,7.902503089,9.767827299,6.845875292,7.958578441,475,9,4,4,17,487,12,6,3,21,492,508,64,27,86,31
4,1000,30,5.13,10.3,18,37,25,957,28,8,7,43,7.765373808,111,89,8.093462373,9.869539217,7.734941712,7.792037576,448,13,4,2,19,509,15,4,5,24,467,533,56,33,80,31
1,1000,30,5.13,10.3,18,37,23,958,23,12,7,42,7.659100975,103,92,7.871614358,9.427044609,7.494720988,7.837179294,502,12,3,3,18,456,11,9,4,24,520,480,63,29,72,31
2,1000,30,5.13,10.3,18,37,26,961,23,6,10,39,7.483450317,88,66,7.884267252,9.962940545,6.837540496,8.145050254,493,7,2,4,13,468,16,4,6,26,506,494,44,22,66,22
8,1000,30,5.13,10.3,18,37,27,945,30,12,13,55,7.730660818,124,104,8.097442247,10.1956793,7.509261148,7.939999807,459,15,5,7,27,486,15,7,6,28,486,514,78,26,91,33
5,1000,30,5.13,10.3,18,37,25,953,30,9,8,47,7.704875028,96,86,8.157462428,9.646136567,6.943461306,8.454202818,482,9,4,1,14,471,21,5,7,33,496,504,51,35,80,16
3,1000,30,5.13,10.3,18,37,26,937,29,13,21,63,8.137153932,115,86,8.120925187,10.19470904,7.835478763,8.442471054,474,12,7,10,29,463,17,6,11,34,503,497,67,19,86,29
7,1000,30,5.13,10.3,18,37,26,953,26,8,13,47,7.899509248,77,86,7.984994101,9.842254619,7.716114731,8.087358691,483,13,5,5,23,470,13,3,8,24,506,494,54,32,57,20
6,1000,30,5.13,10.3,18,37,27,963,20,10,7,37,7.4533222,110,91,7.940961527,9.802256864,6.920418253,7.96944177,476,8,4,4,16,487,12,6,3,21,492,508,59,32,81,29
4,1000,30,5.13,10.3,18,37,26,958,27,9,6,42,7.767577338,99,95,8.121130643,9.930746194,7.767049191,7.768040087,448,13,4,2,19,510,14,5,4,23,467,533,61,34,71,28
2,1000,30,5.13,10.3,18,37,27,962,22,6,10,38,7.46731805,120,91,7.90308791,10.00461122,6.842080526,8.10774353,493,7,2,4,13,469,15,4,6,25,506,494,61,30,100,20
8,1000,30,5.13,10.3,18,37,28,944,31,12,13,56,7.778203927,101,77,8.120826392,10.2434734,7.605114441,7.941864415,459,15,5,7,27,485,16,7,6,29,486,514,48,29,81,20
5,1000,30,5.13,10.3,18,37,26,954,29,9,8,46,7.713216841,105,87,8.19124513,9.676284422,6.984433855,8.430431843,482,9,4,1,14,472,20,5,7,32,496,504,59,28,80,25
1,1000,30,5.13,10.3,18,37,24,958,22,13,7,42,7.721590918,98,94,7.88286415,9.47723091,7.547501304,7.910187999,502,11,4,3,18,456,11,9,4,24,520,480,62,32,66,32
3,1000,30,5.13,10.3,18,37,27,937,30,12,21,63,8.162124378,93,81,8.141615266,10.22100612,7.90518386,8.422166794,474,12,7,10,29,463,18,5,11,34,503,497,54,27,77,16
7,1000,30,5.13,10.3,18,37,27,953,27,8,12,47,7.91817298,90,86,8.009795271,9.896271777,7.733086245,8.10775575,482,14,5,5,24,471,13,3,7,23,506,494,52,34,65,25
6,1000,30,5.13,10.3,18,37,28,962,20,11,7,38,7.486056279,104,78,7.971055014,9.811983845,6.93109979,8.023533823,476,7,5,4,16,486,13,6,3,22,492,508,55,23,74,30
4,1000,30,5.13,10.3,18,37,27,957,28,9,6,43,7.778175018,101,93,8.161960449,9.999219363,7.770284143,7.785088787,448,13,4,2,19,509,15,5,4,24,467,533,59,34,73,28
8,1000,30,5.13,10.3,18,37,29,944,31,12,13,56,7.784918859,127,91,8.148725564,10.3051869,7.596300506,7.963262282,459,15,5,7,27,485,16,7,6,29,486,514,57,34,91,36
2,1000,30,5.13,10.3,18,37,28,960,23,7,10,40,7.506557509,95,90,7.931320564,10.02812908,6.882397507,8.145879292,492,8,2,4,14,468,15,5,6,26,506,494,64,26,71,24
5,1000,30,5.13,10.3,18,37,27,956,27,9,8,44,7.737879223,113,91,8.210306511,9.714300755,7.006272853,8.457872794,482,9,4,1,14,474,18,5,7,30,496,504,55,36,89,24
3,1000,30,5.13,10.3,18,37,28,936,30,13,21,64,8.189972109,99,93,8.19480992,10.29819093,7.921403008,8.461783492,474,12,7,10,29,462,18,6,11,35,503,497,60,33,70,29
1,1000,30,5.13,10.3,18,37,25,958,21,14,7,42,7.768401107,95,68,7.906014471,9.531873304,7.600585829,7.950200992,502,11,4,3,18,456,10,10,4,24,520,480,43,25,71,24
7,1000,30,5.13,10.3,18,37,28,953,26,9,12,47,7.936604604,117,81,8.040973523,9.914458116,7.770710852,8.106528164,482,14,5,5,24,471,12,4,7,23,506,494,56,25,86,31
6,1000,30,5.13,10.3,18,37,29,961,20,12,7,39,7.487377534,110,95,8.007903109,9.880170099,6.940479778,8.017050164,476,7,5,4,16,485,13,7,3,23,492,508,69,26,86,24
8,1000,30,5.13,10.3,18,37,30,944,31,13,12,56,7.801677395,105,71,8.162953737,10.35512604,7.576651961,8.014444634,459,16,5,6,27,485,15,8,6,29,486,514,46,25,79,26
2,1000,30,5.13,10.3,18,37,29,959,24,7,10,41,7.531404818,94,84,7.949718213,10.04550864,6.91137308,8.166498055,491,9,2,4,15,468,15,5,6,26,506,494,55,29,70,24
4,1000,30,5.13,10.3,18,37,28,957,28,9,6,43,7.790184295,102,81,8.234821098,10.03911595,7.808186127,7.774411583,448,13,4,2,19,509,15,5,4,24,467,533,54,27,85,17
5,1000,30,5.13,10.3,18,37,28,957,27,8,8,43,7.729558145,116,73,8.248218608,9.740656399,7.039339202,8.408821231,482,9,4,1,14,475,18,4,7,29,496,504,56,17,83,33
3,1000,30,5.13,10.3,18,37,29,936,31,14,19,64,8.193291799,111,95,8.224205021,10.36918802,7.967748278,8.42155818,474,12,7,10,29,462,19,7,9,35,503,497,58,37,78,33
7,1000,30,5.13,10.3,18,37,29,952,27,8,13,48,7.967716682,86,85,8.046232022,9.946858853,7.802811238,8.136627927,482,14,5,5,24,470,13,3,8,24,506,494,57,28,63,23
6,1000,30,5.13,10.3,18,37,30,962,20,11,7,38,7.489134428,103,85,8.020003595,9.922484982,6.945118228,8.016016259,476,7,5,4,16,486,13,6,3,22,492,508,50,35,78,25
1,1000,30,5.13,10.3,18,37,26,955,24,14,7,45,7.802491357,88,87,7.936297078,9.588386217,7.666725206,7.949571354,500,13,4,3,20,455,11,10,4,25,520,480,58,29,55,33
8,1000,30,5.13,10.3,18,37,31,945,31,12,12,55,7.785978287,110,82,8.19073461,10.39842087,7.616940506,7.945807784,458,17,5,6,28,487,14,7,6,27,486,514,57,25,87,23
2,1000,30,5.13,10.3,18,37,30,959,24,7,10,41,7.556188191,120,86,7.992431776,10.09468026,6.96215637,8.164649934,490,10,2,4,16,469,14,5,6,25,506,494,58,28,88,32
4,1000,30,5.13,10.3,18,37,29,960,23,11,6,40,7.802988638,110,93,8.26774387,10.11872498,7.868242447,7.745815039,448,12,5,2,19,512,11,6,4,21,467,533,68,25,79,31
5,1000,30,5.13,10.3,18,37,29,957,27,7,9,43,7.778325571,104,82,8.274456041,9.781251557,7.099129791,8.446740465,482,9,3,2,14,475,18,4,7,29,496,504,58,24,71,33
3,1000,30,5.13,10.3,18,37,30,937,31,14,18,63,8.202832149,121,97,8.273807276,10.43712653,8.007094135,8.400933197,474,12,7,10,29,463,19,7,8,34,503,497,59,38,93,28
7,1000,30,5.13,10.3,18,37,30,949,29,9,13,51,8.008405602,93,78,8.096569685,9.991765356,7.860223348,8.160187425,480,15,6,5,26,469,14,3,8,25,506,494,47,31,67,26
6,1000,30,5.13,10.3,18,37,31,961,22,11,6,39,7.500780344,102,83,8.080114213,10.02645102,6.995491021,7.990155042,476,8,5,3,16,485,14,6,3,23,492,508,48,35,73,29
1,1000,30,5.13,10.3,18,37,27,956,23,14,7,44,7.81388351,108,88,7.96699439,9.647581983,7.697231996,7.940255984,500,13,4,3,20,456,10,10,4,24,520,480,54,34,69,39
8,1000,30,5.13,10.3,18,37,32,945,31,12,12,55,7.83728206,108,76,8.215386207,10.44321231,7.682926584,7.983229066,458,17,5,6,28,487,14,7,6,27,486,514,56,20,88,20
2,1000,30,5.13,10.3,18,37,31,960,22,8,10,40,7.568984374,97,96,8.046213426,10.16039871,6.981170755,8.171076867,490,9,3,4,16,470,13,5,6,24,506,494,59,37,71,26
4,1000,30,5.13,10.3,18,37,30,960,23,11,6,40,7.799017064,107,102,8.301127331,10.16424009,7.8698548,7.73695098,448,12,5,2,19,512,11,6,4,21,467,533,66,36,80,27
5,1000,30,5.13,10.3,18,37,30,959,26,7,8,41,7.788238862,122,91,8.28138153,9.83485991,7.121065609,8.444822062,482,9,3,2,14,477,17,4,6,27,496,504,67,24,100,22
3,1000,30,5.13,10.3,18,37,31,935,33,14,18,65,8.225785252,114,80,8.312961657,10.50304171,8.02922975,8.424713657,473,13,7,10,30,462,20,7,8,35,503,497,50,30,88,26
6,1000,30,5.13,10.3,18,37,32,961,22,11,6,39,7.523434583,115,94,8.104633544,10.08883341,7.002498625,8.027963111,476,8,5,3,16,485,14,6,3,23,492,508,58,36,89,26
7,1000,30,5.13,10.3,18,37,31,950,28,9,13,50,7.988180669,110,69,8.105854047,10.04692797,7.874157396,8.104973738,480,15,6,5,26,470,13,3,8,24,506,494,38,31,81,29
1,1000,30,5.13,10.3,18,37,28,955,23,15,7,45,7.84458814,93,71,7.988138477,9.667564604,7.723631523,7.975624475,500,12,5,3,20,455,11,10,4,25,520,480,45,26,72,21
8,1000,30,5.13,10.3,18,37,33,948,29,12,11,52,7.813628241,127,81,8.233541881,10.53269998,7.703997371,7.917287001,457,17,6,6,29,491,12,6,5,23,486,514,54,27,96,31
2,1000,30,5.13,10.3,18,37,32,961,22,7,10,39,7.563255986,96,92,8.029338499,10.20453526,7.002069088,8.138074954,490,9,3,4,16,471,13,4,6,23,506,494,60,32,77,19
4,1000,30,5.13,10.3,18,37,31,958,25,11,6,42,7.776751986,100,84,8.34413646,10.2224978,7.897503192,7.670953087,446,14,5,2,21,512,11,6,4,21,467,533,60,24,76,24
5,1000,30,5.13,10.3,18,37,31,959,25,8,8,41,7.812032846,101,99,8.291048721,9.861065394,7.190291217,8.423905561,481,9,4,2,15,478,16,4,6,26,496,504,69,30,70,31
6,1000,30,5.13,10.3,18,37,33,962,21,11,6,38,7.562535416,108,77,8.122503227,10.13377446,7.061398326,8.047888661,477,7,5,3,15,485,14,6,3,23,492,508,54,23,85,23
3,1000,30,5.13,10.3,18,37,32,935,33,14,18,65,8.22716518,100,98,8.35343993,10.59118595,8.07551298,8.380648191,473,13,7,10,30,462,20,7,8,35,503,497,52,46,75,25
7,1000,30,5.13,10.3,18,37,32,951,26,10,13,49,8.001025118,117,77,8.108005831,10.08501934,7.886879515,8.117943489,481,14,6,5,25,470,12,4,8,24,506,494,55,22,80,37
8,1000,30,5.13,10.3,18,37,34,949,29,11,11,51,7.839492588,110,93,8.231366255,10.5809703,7.717893859,7.954467261,458,17,5,6,28,491,12,6,5,23,486,514,62,31,90,20
2,1000,30,5.13,10.3,18,37,33,963,19,8,10,37,7.591658078,123,73,8.05150876,10.22533338,7.042842732,8.15380497,491,8,3,4,15,472,11,5,6,22,506,494,44,29,99,24
1,1000,30,5.13,10.3,18,37,29,955,23,15,7,45,7.891415095,87,104,8.018800996,9.737243958,7.815366597,7.973800966,500,12,5,3,20,455,11,10,4,25,520,480,68,36,70,17
4,1000,30,5.13,10.3,18,37,32,958,25,11,6,42,7.787350143,114,95,8.376713305,10.27807953,7.925483243,7.666321705,446,14,5,2,21,512,11,6,4,21,467,533,62,33,86,28
6,1000,30,5.13,10.3,18,37,34,963,21,11,5,37,7.577127766,107,84,8.14546049,10.17669146,7.063036086,8.075027581,477,7,5,3,15,486,14,6,2,22,492,508,56,28,87,20
5,1000,30,5.13,10.3,18,37,32,960,26,7,7,40,7.794228076,116,83,8.339016986,9.945701608,7.2130989,8.36613298,480,10,4,2,16,480,16,3,5,24,496,504,52,31,88,28
3,1000,30,5.13,10.3,18,37,33,932,36,14,18,68,8.249785177,104,101,8.378705718,10.62606239,8.125779054,8.375288355,470,16,7,10,33,462,20,7,8,35,503,497,76,25,77,27
7,1000,30,5.13,10.3,18,37,33,951,27,10,12,49,8.033605442,106,88,8.140391415,10.12610754,7.959187511,8.109831096,481,14,6,5,25,470,13,4,7,24,506,494,57,31,75,31
8,1000,30,5.13,10.3,18,37,35,950,28,11,11,50,7.843769022,102,89,8.261088286,10.60924819,7.757258234,7.92556716,458,17,5,6,28,492,11,6,5,22,486,514,67,22,77,25
2,1000,30,5.13,10.3,18,37,34,962,19,9,10,38,7.631455326,102,87,8.072565414,10.26771793,7.09143913,8.184589324,491,8,3,4,15,471,11,6,6,23,506,494,50,37,81,21
4,1000,30,5.13,10.3,18,37,33,955,28,9,8,45,7.880639568,96,96,8.407962461,10.32814555,8.081793609,7.704393908,444,16,4,3,23,511,12,5,5,22,467,533,65,31,71,25
1,1000,30,5.13,10.3,18,37,30,954,24,16,6,46,7.868750215,106,68,8.033803075,9.768307585,7.807060234,7.935581027,500,12,5,3,20,454,12,11,3,26,520,480,38,30,76,30
6,1000,30,5.13,10.3,18,37,35,964,21,10,5,36,7.592005305,115,77,8.18109653,10.24970839,7.067628618,8.09986619,478,7,4,3,14,486,14,6,2,22,492,508,57,20,81,34
5,1000,30,5.13,10.3,18,37,33,960,26,7,7,40,7.839001898,109,97,8.412327733,10.03566974,7.280034003,8.389097287,480,10,4,2,16,480,16,3,5,24,496,504,71,26,88,21
7,1000,30,5.13,10.3,18,37,34,951,27,10,12,49,8.058412641,97,78,8.167402599,10.15927796,8.00239175,8.115794363,481,14,6,5,25,470,13,4,7,24,506,494,47,31,74,23
3,1000,30,5.13,10.3,18,37,34,933,35,15,17,67,8.276056256,94,69,8.400533215,10.6907994,8.14743391,8.406231386,471,16,7,9,32,462,19,8,8,35,503,497,50,19,77,17
8,1000,30,5.13,10.3,18,37,36,951,28,10,11,49,7.853509316,89,104,8.309509836,10.66151366,7.781937073,7.921182682,459,17,4,6,27,492,11,6,5,22,486,514,76,28,75,14
2,1000,30,5.13,10.3,18,37,35,962,19,8,11,38,7.63919884,113,90,8.115598999,10.33023638,7.115894433,8.175215096,491,8,2,5,15,471,11,6,6,23,506,494,62,28,83,30
6,1000,30,5.13,10.3,18,37,36,966,19,10,5,34,7.630002453,108,89,8.194682262,10.32682644,7.13767702,8.106821572,478,7,4,3,14,488,12,6,2,20,492,508,62,27,84,24
4,1000,30,5.13,10.3,18,37,34,954,30,8,8,46,7.907377688,114,91,8.428080665,10.37273952,8.092980799,7.744757326,445,16,3,3,22,509,14,5,5,24,467,533,66,25,81,33
1,1000,30,5.13,10.3,18,37,31,954,23,17,6,46,7.900490829,93,75,8.074148359,9.81267739,7.837537162,7.968690635,500,12,5,3,20,454,11,12,3,26,520,480,53,22,78,15
5,1000,30,5.13,10.3,18,37,34,961,26,6,7,39,7.828077791,96,84,8.441576968,10.06062916,7.276596819,8.370805097,481,10,3,2,15,480,16,3,5,24,496,504,52,32,78,18
8,1000,30,5.13,10.3,18,37,37,951,29,10,10,49,7.853999318,119,99,8.342526251,10.72771551,7.836864489,7.870200732,458,18,4,6,28,493,11,6,4,21,486,514,66,33,95,24
7,1000,30,5.13,10.3,18,37,35,950,28,10,12,50,8.096329513,80,89,8.197098914,10.18824001,8.057007472,8.136606746,481,14,6,5,25,469,14,4,7,25,506,494,62,27,62,18
3,1000,30,5.13,10.3,18,37,35,934,35,14,17,66,8.272022821,121,93,8.424713905,10.73491905,8.17307004,8.372170202,471,16,7,9,32,463,19,7,8,34,503,497,71,22,93,28
2,1000,30,5.13,10.3,18,37,36,962,19,8,11,38,7.672990336,102,95,8.173742239,10.41756727,7.177823813,8.180185195,491,8,2,5,15,471,11,6,6,23,506,494,58,37,78,24
6,1000,30,5.13,10.3,18,37,37,967,19,10,4,33,7.604660597,125,91,8.259276324,10.41183067,7.149988303,8.045012504,479,7,4,2,13,488,12,6,2,20,492,508,57,34,91,34
4,1000,30,5.13,10.3,18,37,35,954,30,8,8,46,7.921681577,95,90,8.493644203,10.45638043,8.138405818,7.731793733,445,16,3,3,22,509,14,5,5,24,467,533,70,20,70,25
8,1000,30,5.13,10.3,18,37,38,947,33,10,10,53,7.867085137,117,93,8.391322081,10.785272,7.872203451,7.862245642,456,20,4,6,30,491,13,6,4,23,486,514,68,25,93,24
5,1000,30,5.13,10.3,18,37,35,961,25,7,7,39,7.852445192,96,85,8.455004367,10.12861799,7.273660352,8.422042971,482,9,3,2,14,479,16,4,5,25,496,504,58,27,66,30
1,1000,30,5.13,10.3,18,37,32,956,21,17,6,44,7.871279793,104,85,8.134007084,9.906369189,7.807752915,7.940100578,502,10,5,3,18,454,11,12,3,26,520,480,59,26,73,31
7,1000,30,5.13,10.3,18,37,36,950,29,9,12,50,8.11737615,109,76,8.202558907,10.19572497,8.055448489,8.180808127,481,14,6,5,25,469,15,3,7,25,506,494,47,29,81,28
3,1000,30,5.13,10.3,18,37,36,937,33,13,17,63,8.243467878,108,85,8.456107943,10.76929877,8.181777673,8.305902833,472,16,6,9,31,465,17,7,8,32,503,497,55,30,92,16
2,1000,30,5.13,10.3,18,37,37,960,22,8,10,40,7.723790972,111,89,8.223794798,10.49079419,7.235341473,8.224105642,489,10,2,5,17,471,12,6,5,23,506,494,62,27,86,25
6,1000,30,5.13,10.3,18,37,38,968,19,9,4,32,7.654648489,117,82,8.310979136,10.45370895,7.20490945,8.090222518,479,7,4,2,13,489,12,5,2,19,492,508,59,23,86,31
4,1000,30,5.13,10.3,18,37,36,953,31,8,8,47,7.919148418,107,86,8.529198496,10.52909959,8.186879438,7.684569833,444,17,3,3,23,509,14,5,5,24,467,533,69,17,81,26
8,1000,30,5.13,10.3,18,37,39,948,32,10,10,52,7.824937926,125,79,8.443362515,10.8378994,7.866316561,7.785813381,456,20,5,5,30,492,12,5,5,22,486,514,59,20,97,28
5,1000,30,5.13,10.3,18,37,36,960,26,7,7,40,7.84290662,97,101,8.495547609,10.19280706,7.278023354,8.398823486,482,9,3,2,14,478,17,4,5,26,496,504,65,36,78,19
7,1000,30,5.13,10.3,18,37,37,950,29,10,11,50,8.155262066,110,76,8.238744223,10.25100746,8.145200898,8.165567635,481,13,7,5,25,469,16,3,6,25,506,494,52,24,82,28
3,1000,30,5.13,10.3,18,37,37,938,33,13,16,62,8.231898247,126,93,8.508020712,10.85352339,8.215042676,8.248957305,472,16,6,9,31,466,17,7,7,31,503,497,64,29,94,32
2,1000,30,5.13,10.3,18,37,38,959,23,8,10,41,7.719523208,113,95,8.259412057,10.53568021,7.253368279,8.197001738,488,11,2,5,18,471,12,6,5,23,506,494,69,26,83,30
1,1000,30,5.13,10.3,18,37,33,956,21,17,6,44,7.906656892,113,89,8.168272405,9.97278178,7.840416335,7.978417495,502,10,5,3,18,454,11,12,3,26,520,480,55,34,85,28
6,1000,30,5.13,10.3,18,37,39,969,18,9,4,31,7.667958321,98,85,8.35234383,10.53315337,7.205536803,8.11581538,479,7,4,2,13,490,11,5,2,18,492,508,64,21,72,26
4,1000,30,5.13,10.3,18,37,37,952,33,8,7,48,7.916478024,121,84,8.557105361,10.60651839,8.206251079,7.66258681,443,18,3,3,24,509,15,5,4,24,467,533,67,17,101,20
8,1000,30,5.13,10.3,18,37,40,948,32,11,9,52,7.844716266,111,89,8.507357605,10.93268433,7.909996644,7.782992018,456,20,5,5,30,492,12,6,4,22,486,514,61,28,80,31
5,1000,30,5.13,10.3,18,37,37,961,27,7,5,39,7.820202328,97,84,8.528822916,10.25756588,7.304341765,8.327874627,482,9,3,2,14,479,18,4,3,25,496,504,59,25,73,24
7,1000,30,5.13,10.3,18,37,38,951,28,10,11,49,8.161143915,114,95,8.265779624,10.30054242,8.163006533,8.15923605,482,12,7,5,24,469,16,3,6,25,506,494,64,31,91,23
2,1000,30,5.13,10.3,18,37,39,960,23,7,10,40,7.674117895,128,86,8.288054267,10.58406489,7.242303901,8.116421298,488,11,2,5,18,472,12,5,5,22,506,494,57,29,95,33
3,1000,30,5.13,10.3,18,37,38,939,33,12,16,61,8.239408036,137,83,8.520009295,10.91891524,8.220438623,8.258606456,473,16,5,9,30,466,17,7,7,31,503,497,60,23,103,34
1,1000,30,5.13,10.3,18,37,34,956,21,17,6,44,7.908046171,108,96,8.20906759,10.03221034,7.824815356,7.998212888,502,10,5,3,18,454,11,12,3,26,520,480,60,36,77,31
6,1000,30,5.13,10.3,18,37,40,970,18,8,4,30,7.64367807,106,96,8.408191563,10.60409704,7.222738286,8.051359908,479,7,4,2,13,491,11,4,2,17,492,508,69,27,84,22
8,1000,30,5.13,10.3,18,37,41,949,32,10,9,51,7.858695257,119,89,8.553619895,10.99517983,7.952452834,7.770045096,456,20,5,5,30,493,12,5,4,21,486,514,67,22,95,24
4,1000,30,5.13,10.3,18,37,38,954,30,9,7,46,7.929843676,124,89,8.595726407,10.66581288,8.214423888,7.68050229,444,16,4,3,23,510,14,5,4,23,467,533,59,30,97,27
5,1000,30,5.13,10.3,18,37,38,960,28,7,5,40,7.842269267,96,86,8.548126178,10.30560977,7.320302356,8.355950989,482,9,3,2,14,478,19,4,3,26,496,504,63,23,76,20
7,1000,30,5.13,10.3,18,37,39,951,28,10,11,49,8.192915723,111,96,8.311839037,10.34764605,8.183463923,8.202597122,481,13,7,5,25,470,15,3,6,24,506,494,68,28,82,29
2,1000,30,5.13,10.3,18,37,40,959,24,7,10,41,7.695222219,127,88,8.300155909,10.63123655,7.291278913,8.108977914,487,12,2,5,19,472,12,5,5,22,506,494,58,30,102,25
3,1000,30,5.13,10.3,18,37,39,939,33,12,16,61,8.270268288,114,103,8.552972193,10.94021363,8.29401824,8.246231616,473,16,5,9,30,466,17,7,7,31,503,497,67,36,88,26
1,1000,30,5.13,10.3,18,37,35,956,21,17,6,44,7.916512177,109,84,8.2406716,10.10003352,7.841823768,7.99742462,502,10,5,3,18,454,11,12,3,26,520,480,51,33,81,28
6,1000,30,5.13,10.3,18,37,41,969,20,8,3,31,7.609148396,123,91,8.465650498,10.67072309,7.204331709,8.00121495,480,7,4,1,12,489,13,4,2,19,492,508,63,28,97,26
8,1000,30,5.13,10.3,18,37,42,948,33,10,9,52,7.909346353,115,111,8.597067708,11.0529272,7.987436025,7.835510593,456,20,5,5,30,492,13,5,4,22,486,514,81,30,90,25
4,1000,30,5.13,10.3,18,37,39,954,30,9,7,46,7.977465138,110,97,8.631351521,10.69659991,8.273064986,7.718468648,444,16,4,3,23,510,14,5,4,23,467,533,73,24,87,23
7,1000,30,5.13,10.3,18,37,40,952,27,10,11,48,8.207702591,111,71,8.34882563,10.39234229,8.23608467,8.178631069,481,13,7,5,25,471,14,3,6,23,506,494,45,26,81,30
2,1000,30,5.13,10.3,18,37,41,959,23,8,10,41,7.752869883,105,86,8.330289859,10.69187012,7.365635792,8.14951047,487,12,2,5,19,472,11,6,5,22,506,494,61,25,85,20
5,1000,30,5.13,10.3,18,37,39,961,27,7,5,39,7.84540207,102,74,8.5947656,10.37420426,7.369416521,8.313832294,482,9,3,2,14,479,18,4,3,25,496,504,46,28,81,21
3,1000,30,5.13,10.3,18,37,40,940,33,12,15,60,8.252733907,115,81,8.561806617,10.99275212,8.296680667,8.208256603,473,16,5,9,30,467,17,7,6,30,503,497,57,24,90,25
6,1000,30,5.13,10.3,18,37,42,969,20,8,3,31,7.636956308,106,100,8.513865859,10.74575462,7.268809765,7.993507685,480,7,4,1,12,489,13,4,2,19,492,508,64,36,80,26
1,1000,30,5.13,10.3,18,37,36,958,18,18,6,42,7.950910121,84,75,8.259561123,10.1604963,7.890637301,8.016205677,502,10,5,3,18,456,8,13,3,24,520,480,48,27,66,18
8,1000,30,5.13,10.3,18,37,43,950,32,8,10,50,7.887881721,122,88,8.611912568,11.09219838,7.984141754,7.796865426,457,20,3,6,29,493,12,5,4,21,486,514,55,33,100,22
4,1000,30,5.13,10.3,18,37,40,955,29,10,6,45,7.984260293,117,84,8.663214641,10.72307516,8.291749727,7.714846474,444,15,5,3,23,511,14,5,3,22,467,533,64,20,94,23
7,1000,30,5.13,10.3,18,37,41,952,28,10,10,48,8.186253454,124,80,8.377966421,10.43119892,8.241614153,8.12954796,481,13,7,5,25,471,15,3,5,23,506,494,47,33,92,32
2,1000,30,5.13,10.3,18,37,42,960,23,8,9,40,7.755652353,121,85,8.369208936,10.74937354,7.392660675,8.127461643,487,13,2,4,19,473,10,6,5,21,506,494,57,28,99,22
5,1000,30,5.13,10.3,18,37,40,962,26,7,5,38,7.834605342,103,86,8.62238244,10.40772056,7.355856518,8.305754977,483,8,3,2,13,479,18,4,3,25,496,504,68,18,73,30
3,1000,30,5.13,10.3,18,37,41,939,34,12,15,61,8.266409553,129,91,8.587108339,11.05143657,8.358854177,8.172848897,472,17,5,9,31,467,17,7,6,30,503,497,71,20,98,31
6,1000,30,5.13,10.3,18,37,43,967,22,8,3,33,7.675955382,109,95,8.538624442,10.83333998,7.316999075,8.023605979,479,8,4,1,13,488,14,4,2,20,492,508,67,28,84,25
1,1000,30,5.13,10.3,18,37,37,958,18,18,6,42,7.962765565,120,92,8.296666286,10.23300078,7.886044718,8.045879816,502,10,5,3,18,456,8,13,3,24,520,480,60,32,87,33
8,1000,30,5.13,10.3,18,37,44,950,32,8,10,50,7.924805739,121,99,8.64182172,11.15505618,8.035883127,7.819779259,457,20,3,6,29,493,12,5,4,21,486,514,78,21,93,28
4,1000,30,5.13,10.3,18,37,41,955,29,9,7,45,7.979465286,123,102,8.691678199,10.76278046,8.306818385,7.692647468,444,15,4,4,23,511,14,5,3,22,467,533,82,20,103,20
7,1000,30,5.13,10.3,18,37,42,954,27,10,9,46,8.186667923,111,87,8.414926028,10.48250097,8.243322809,8.128636804,481,12,8,5,25,473,15,2,4,21,506,494,59,28,92,19
2,1000,30,5.13,10.3,18,37,43,961,21,8,10,39,7.782810453,103,90,8.434108474,10.8353309,7.432350407,8.1417837,487,12,2,5,19,474,9,6,5,20,506,494,63,27,77,26
5,1000,30,5.13,10.3,18,37,41,961,27,7,5,39,7.855830781,109,88,8.65974053,10.4787049,7.388653932,8.315592124,482,9,3,2,14,479,18,4,3,25,496,504,66,22,84,25
3,1000,30,5.13,10.3,18,37,42,938,35,12,15,62,8.265700886,111,86,8.603245039,11.0973743,8.387308121,8.142625556,472,17,5,9,31,466,18,7,6,31,503,497,66,20,89,22
6,1000,30,5.13,10.3,18,37,44,968,22,7,3,32,7.686998214,108,103,8.552498439,10.8775262,7.331614123,8.031189106,479,8,4,1,13,489,14,3,2,19,492,508,76,27,89,19
8,1000,30,5.13,10.3,18,37,45,950,32,8,10,50,7.940192833,103,79,8.71165598,11.25899102,8.085832281,7.802487051,457,20,3,6,29,493,12,5,4,21,486,514,57,22,83,20
1,1000,30,5.13,10.3,18,37,38,959,18,17,6,41,7.983807866,97,99,8.356851329,10.26379568,7.946242799,8.024503355,502,10,5,3,18,457,8,12,3,23,520,480,65,34,74,23
7,1000,30,5.13,10.3,18,37,43,954,26,12,8,46,8.204367052,105,73,8.44959068,10.55248732,8.305722527,8.100549502,481,11,9,5,25,473,15,3,3,21,506,494,45,28,83,22
2,1000,30,5.13,10.3,18,37,44,960,22,9,9,40,7.789709801,109,81,8.465088426,10.88167718,7.488080718,8.098665906,486,13,2,5,20,474,9,7,4,20,506,494,59,22,85,24
4,1000,30,5.13,10.3,18,37,42,954,30,9,7,46,8.024134128,111,92,8.721759153,10.80452162,8.344888378,7.743098041,444,15,4,4,23,510,15,5,3,23,467,533,71,21,91,20
3,1000,30,5.13,10.3,18,37,43,937,35,13,15,63,8.25680464,113,89,8.637713542,11.13931097,8.411487045,8.100254841,471,18,5,9,32,466,17,8,6,31,503,497,68,21,91,22
5,1000,30,5.13,10.3,18,37,42,961,27,7,5,39,7.879865805,120,76,8.711881512,10.51050267,7.408720925,8.343532195,482,9,3,2,14,479,18,4,3,25,496,504,59,17,95,25
6,1000,30,5.13,10.3,18,37,45,969,21,7,3,31,7.703017392,102,90,8.587855515,10.96374148,7.33779958,8.05673228,479,8,4,1,13,490,13,3,2,18,492,508,71,19,80,22
8,1000,30,5.13,10.3,18,37,46,950,32,8,10,50,7.9615479,132,100,8.768917279,11.34233681,8.138603912,7.794136962,457,20,3,6,29,493,12,5,4,21,486,514,68,32,105,27
1,1000,30,5.13,10.3,18,37,39,959,20,17,4,41,7.948350272,117,77,8.367647546,10.29933689,7.908503153,7.991517985,502,11,5,2,18,457,9,12,2,23,520,480,51,26,90,27
2,1000,30,5.13,10.3,18,37,45,962,21,8,9,38,7.779808796,112,101,8.488843425,10.92928519,7.519744925,8.046190007,486,13,2,5,20,476,8,6,4,18,506,494,78,23,93,19
7,1000,30,5.13,10.3,18,37,44,953,27,12,8,47,8.218100085,116,101,8.476555157,10.58922601,8.362702876,8.069984675,480,12,9,5,26,473,15,3,3,21,506,494,73,28,92,24
4,1000,30,5.13,10.3,18,37,43,954,30,9,7,46,8.046562321,116,90,8.780840328,10.86964427,8.387499747,7.747842287,445,14,4,4,22,509,16,5,3,24,467,533,63,27,90,26
3,1000,30,5.13,10.3,18,37,44,935,37,12,16,65,8.279326425,116,81,8.663530068,11.1752759,8.454498076,8.102040026,469,20,4,10,34,466,17,8,6,31,503,497,55,26,93,23
5,1000,30,5.13,10.3,18,37,43,961,26,8,5,39,7.878456455,121,98,8.766514906,10.60764433,7.430421361,8.31937988,482,9,3,2,14,479,17,5,3,25,496,504,76,22,93,28
6,1000,30,5.13,10.3,18,37,46,968,22,7,3,32,7.720744261,110,85,8.603328032,11.04193138,7.393291106,8.03788393,479,8,4,1,13,489,14,3,2,19,492,508,57,28,89,21
8,1000,30,5.13,10.3,18,37,47,951,31,8,10,49,7.965830487,132,81,8.816560364,11.42495942,8.192575053,7.751437766,458,19,3,6,28,493,12,5,4,21,486,514,59,22,107,25
2,1000,30,5.13,10.3,18,37,46,962,21,8,9,38,7.775263059,108,82,8.523587825,11.00449118,7.518690353,8.0380683,486,13,2,5,20,476,8,6,4,18,506,494,54,28,92,16
7,1000,30,5.13,10.3,18,37,45,953,27,12,8,47,8.235025795,114,97,8.515718551,10.64097985,8.405476479,8.060434608,479,13,9,5,27,474,14,3,3,20,506,494,68,29,93,21
1,1000,30,5.13,10.3,18,37,40,959,20,17,4,41,7.955715731,109,84,8.385834438,10.3506647,7.949568183,7.962375574,502,11,5,2,18,457,9,12,2,23,520,480,56,28,79,30
4,1000,30,5.13,10.3,18,37,44,953,30,10,7,47,8.075062254,112,97,8.852071018,10.9316704,8.431849063,7.762455425,444,14,5,4,23,509,16,5,3,24,467,533,65,32,86,26
6,1000,30,5.13,10.3,18,37,47,969,21,6,4,31,7.734500842,96,90,8.639483473,11.1246806,7.421441226,8.037700312,479,8,3,2,13,490,13,3,2,18,492,508,67,23,82,14
5,1000,30,5.13,10.3,18,37,44,961,26,8,5,39,7.910091038,108,90,8.819642617,10.68014224,7.45130573,8.36159404,482,9,3,2,14,479,17,5,3,25,496,504,62,28,86,22
3,1000,30,5.13,10.3,18,37,45,935,37,12,16,65,8.296740773,126,95,8.683610252,11.23458541,8.518608282,8.072194782,469,20,4,10,34,466,17,8,6,31,503,497,61,34,96,30
8,1000,30,5.13,10.3,18,37,48,952,30,8,10,48,7.993206372,134,87,8.862391387,11.48110759,8.234030079,7.765501465,458,19,3,6,28,494,11,5,4,20,486,514,67,20,109,25
2,1000,30,5.13,10.3,18,37,47,962,20,9,9,38,7.76352515,114,90,8.575366153,11.10500652,7.563201786,7.968714669,486,12,3,5,20,476,8,6,4,18,506,494,67,23,93,21
7,1000,30,5.13,10.3,18,37,46,949,30,13,8,51,8.324149644,114,86,8.537770487,10.67736523,8.514851411,8.128815445,479,13,9,5,27,470,17,4,3,24,506,494,61,25,88,26
6,1000,30,5.13,10.3,18,37,48,970,20,7,3,30,7.760375756,126,87,8.68050638,11.22135248,7.482780626,8.029227733,479,7,4,2,13,491,13,3,1,17,492,508,61,26,106,20
4,1000,30,5.13,10.3,18,37,45,953,29,10,8,47,8.072774641,117,89,8.877707935,11.03163362,8.467428487,7.726989751,443,15,4,5,24,510,14,6,3,23,467,533,69,20,97,20
3,1000,30,5.13,10.3,18,37,46,936,36,12,16,64,8.308501556,117,78,8.727073498,11.342358,8.540108197,8.07409886,469,20,4,10,34,467,16,8,6,30,503,497,58,20,101,16
1,1000,30,5.13,10.3,18,37,41,958,21,17,4,42,7.965142196,113,115,8.397478676,10.37945708,7.98316485,7.945617654,502,11,5,2,18,456,10,12,2,24,520,480,63,52,88,25
5,1000,30,5.13,10.3,18,37,45,960,27,8,5,40,7.898218271,124,85,8.874163984,10.7614095,7.4594406,8.330031218,481,10,3,2,15,479,17,5,3,25,496,504,64,21,99,25
8,1000,30,5.13,10.3,18,37,49,952,30,8,10,48,8.043166209,115,86,8.926671117,11.56658153,8.315130888,7.786016727,458,19,3,6,28,494,11,5,4,20,486,514,61,25,90,25
2,1000,30,5.13,10.3,18,37,48,962,20,9,9,38,7.812833309,108,77,8.583017832,11.16374036,7.62734739,8.002824959,486,12,3,5,20,476,8,6,4,18,506,494,54,23,83,25
7,1000,30,5.13,10.3,18,37,47,949,30,13,8,51,8.347301189,106,101,8.561753589,10.7139194,8.527641044,8.16258061,479,13,9,5,27,470,17,4,3,24,506,494,69,32,88,18
6,1000,30,5.13,10.3,18,37,49,969,21,6,4,31,7.781383991,120,99,8.705120261,11.28464872,7.497970834,8.055870749,478,8,4,2,14,491,13,2,2,17,492,508,71,28,99,21
3,1000,30,5.13,10.3,18,37,47,936,36,12,16,64,8.312202511,121,112,8.748274932,11.41361356,8.570938849,8.050342596,468,21,4,10,35,468,15,8,6,29,503,497,80,32,93,28
4,1000,30,5.13,10.3,18,37,46,952,30,10,8,48,8.106364961,110,85,8.923853858,11.10308628,8.526555403,7.738205606,442,16,4,5,25,510,14,6,3,23,467,533,63,22,94,16
5,1000,30,5.13,10.3,18,37,46,962,24,9,5,38,7.891507704,132,83,8.969505832,10.85629875,7.507693134,8.26922998,481,10,3,2,15,481,14,6,3,23,496,504,53,30,100,32
1,1000,30,5.13,10.3,18,37,42,957,21,18,4,43,7.990565912,106,89,8.43545455,10.41193925,8.0127738,7.966507367,501,12,5,2,19,456,9,13,2,24,520,480,58,31,78,28
8,1000,30,5.13,10.3,18,37,50,952,30,8,10,48,8.073751871,117,97,8.961961337,11.61236398,8.374321629,7.789555563,457,20,3,6,29,495,10,5,4,19,486,514,75,22,102,15
2,1000,30,5.13,10.3,18,37,49,961,21,9,9,39,7.816511492,113,93,8.597033928,11.21955443,7.672037583,7.96449489,485,13,3,5,21,476,8,6,4,18,506,494,65,28,96,17
7,1000,30,5.13,10.3,18,37,48,947,32,13,8,53,8.330539623,120,105,8.592171354,10.75645895,8.578961037,8.07608368,477,15,9,5,29,470,17,4,3,24,506,494,80,25,99,21
6,1000,30,5.13,10.3,18,37,50,968,22,6,4,32,7.83710329,125,76,8.729028638,11.38277915,7.541427257,8.123466692,478,8,4,2,14,490,14,2,2,18,492,508,55,21,99,26
3,1000,30,5.13,10.3,18,37,48,936,36,11,17,64,8.318290985,121,94,8.777401475,11.47513684,8.619472204,8.013473775,468,21,4,10,35,468,15,7,7,29,503,497,66,28,100,21
4,1000,30,5.13,10.3,18,37,47,953,29,9,9,47,8.106149797,119,109,8.968670657,11.18165541,8.575067379,7.695297056,442,16,4,5,25,511,13,5,4,22,467,533,80,29,94,25
5,1000,30,5.13,10.3,18,37,47,961,25,8,6,39,7.922829597,106,104,9.011336463,10.92160364,7.556097778,8.283740276,481,10,2,3,15,480,15,6,3,24,496,504,74,30,83,23
8,1000,30,5.13,10.3,18,37,51,953,29,8,10,47,8.0689602,134,87,9.02972471,11.69226557,8.402870029,7.753240011,457,20,3,6,29,496,9,5,4,18,486,514,59,28,106,28
1,1000,30,5.13,10.3,18,37,43,958,21,16,5,42,7.983391262,120,84,8.50429924,10.49875798,8.031769472,7.930981535,500,13,5,2,20,458,8,11,3,22,520,480,54,30,93,27
2,1000,30,5.13,10.3,18,37,50,961,22,8,9,39,7.854819539,144,95,8.644212632,11.28904603,7.734792891,7.977761814,485,13,3,5,21,476,9,5,4,18,506,494,69,26,116,28
6,1000,30,5.13,10.3,18,37,51,968,23,6,3,32,7.827252945,114,103,8.763922497,11.43354171,7.541553141,8.10395433,478,8,4,2,14,490,15,2,1,18,492,508,67,36,89,25
7,1000,30,5.13,10.3,18,37,49,945,34,13,8,55,8.356813596,104,78,8.643891608,10.82335989,8.612907927,8.094498349,476,16,9,5,30,469,18,4,3,25,506,494,54,24,82,22
3,1000,30,5.13,10.3,18,37,49,936,36,10,18,64,8.360381986,105,99,8.83491098,11.5399087,8.674795331,8.042172906,468,21,3,11,35,468,15,7,7,29,503,497,70,29,84,21
8,1000,30,5.13,10.3,18,37,52,954,28,9,9,46,8.029881571,112,90,9.103839635,11.7903451,8.429450647,7.652078903,457,20,3,6,29,497,8,6,3,17,486,514,66,24,94,18
4,1000,30,5.13,10.3,18,37,48,952,30,9,9,48,8.111600683,105,89,9.003706513,11.24894681,8.596398276,7.686834311,442,16,4,5,25,510,14,5,4,23,467,533,62,27,86,19
5,1000,30,5.13,10.3,18,37,48,961,25,8,6,39,7.949243207,112,92,9.073399895,10.97419392,7.610414104,8.28269407,481,10,2,3,15,480,15,6,3,24,496,504,69,23,95,17
1,1000,30,5.13,10.3,18,37,44,958,21,16,5,42,8.008138473,105,100,8.539692619,10.57478888,8.072330357,7.938597266,500,13,5,2,20,458,8,11,3,22,520,480,71,29,84,21
2,1000,30,5.13,10.3,18,37,51,961,22,8,9,39,7.886889292,116,88,8.68323602,11.35231036,7.791996879,7.984086784,485,13,3,5,21,476,9,5,4,18,506,494,61,27,105,11
6,1000,30,5.13,10.3,18,37,52,968,23,6,3,32,7.86653432,120,98,8.785632323,11.48000866,7.614171876,8.110948342,479,7,4,2,13,489,16,2,1,19,492,508,71,27,98,22
7,1000,30,5.13,10.3,18,37,50,943,36,13,8,57,8.413188119,122,84,8.661875074,10.88051272,8.721306812,8.097584762,474,18,9,5,32,469,18,4,3,25,506,494,53,31,92,30
3,1000,30,5.13,10.3,18,37,50,936,34,12,18,64,8.430833183,113,85,8.881927649,11.61172017,8.72100217,8.13716115,468,19,5,11,35,468,15,7,7,29,503,497,63,22,86,27
8,1000,30,5.13,10.3,18,37,53,954,29,9,8,46,8.052767511,122,91,9.144732073,11.85903522,8.458065129,7.669548361,457,20,3,6,29,497,9,6,2,17,486,514,59,32,98,24
5,1000,30,5.13,10.3,18,37,49,961,26,7,6,39,7.967350458,123,97,9.141640067,11.07555532,7.609603991,8.319418409,481,11,1,3,15,480,15,6,3,24,496,504,67,30,104,19
4,1000,30,5.13,10.3,18,37,49,951,31,9,9,49,8.163345345,107,103,9.058125648,11.31707206,8.636689083,7.748614528,442,16,4,5,25,509,15,5,4,24,467,533,79,24,92,15
1,1000,30,5.13,10.3,18,37,45,958,21,16,5,42,8.008649139,105,103,8.551940282,10.60500697,8.106205167,7.902963442,500,13,5,2,20,458,8,11,3,22,520,480,71,32,88,17
2,1000,30,5.13,10.3,18,37,52,961,21,8,10,39,7.935044163,103,97,8.739322354,11.43858485,7.877926052,7.993549759,485,12,3,6,21,476,9,5,4,18,506,494,72,25,80,23
6,1000,30,5.13,10.3,18,37,53,966,25,6,3,34,7.887048856,120,90,8.83012774,11.54959517,7.653767438,8.112982828,478,8,4,2,14,488,17,2,1,20,492,508,63,27,101,19
7,1000,30,5.13,10.3,18,37,51,943,36,13,8,57,8.417001984,110,89,8.671232586,10.92059832,8.746976083,8.07901232,474,18,9,5,32,469,18,4,3,25,506,494,71,18,90,20
3,1000,30,5.13,10.3,18,37,51,936,34,12,18,64,8.451079142,109,87,8.928348228,11.66786356,8.768709124,8.129614592,467,20,5,11,36,469,14,7,7,28,503,497,60,27,84,25
8,1000,30,5.13,10.3,18,37,54,955,28,9,8,45,8.08383762,127,102,9.193712241,11.93684459,8.506548839,7.684153473,458,19,3,6,28,497,9,6,2,17,486,514,82,20,103,24
5,1000,30,5.13,10.3,18,37,50,963,24,7,6,37,8.003709731,105,91,9.202452324,11.16152237,7.656625903,8.345284291,482,10,1,3,14,481,14,6,3,23,496,504,74,17,80,25
4,1000,30,5.13,10.3,18,37,50,952,30,9,9,48,8.19457265,120,82,9.082456302,11.36263645,8.704973312,7.747373571,442,16,4,5,25,510,14,5,4,23,467,533,67,15,103,17
1,1000,30,5.13,10.3,18,37,46,960,20,16,4,40,8.030717014,122,85,8.592075642,10.68201148,8.167810238,7.882199355,501,13,5,1,19,459,7,11,3,21,520,480,64,21,97,25
6,1000,30,5.13,10.3,18,37,54,965,25,7,3,35,7.915995724,123,99,8.88878108,11.62105453,7.683076405,8.141579001,478,8,4,2,14,487,17,3,1,21,492,508,64,35,100,23
2,1000,30,5.13,10.3,18,37,53,959,23,8,10,41,7.948717847,129,92,8.786062142,11.50994727,7.890861742,8.007979363,484,13,3,6,22,475,10,5,4,19,506,494,73,19,106,23
7,1000,30,5.13,10.3,18,37,52,942,37,13,8,58,8.42292105,124,92,8.714350925,10.98150674,8.749763736,8.088138865,473,19,9,5,33,469,18,4,3,25,506,494,70,22,95,29
3,1000,30,5.13,10.3,18,37,52,936,34,13,17,64,8.451491478,137,83,8.961547984,11.73817098,8.814994166,8.083600427,466,21,5,11,37,470,13,8,6,27,503,497,58,25,111,26
8,1000,30,5.13,10.3,18,37,55,955,28,9,8,45,8.098346829,121,122,9.28142408,12.07451986,8.559298301,7.662505555,457,19,4,6,29,498,9,5,2,16,486,514,89,33,108,13
5,1000,30,5.13,10.3,18,37,51,965,22,7,6,35,7.995712543,135,95,9.290803273,11.28470845,7.67823891,8.308146911,482,10,1,3,14,483,12,6,3,21,496,504,69,26,109,26
4,1000,30,5.13,10.3,18,37,51,950,32,9,9,50,8.2093104,126,79,9.153596517,11.45703487,8.745438319,7.739569803,440,18,4,5,27,510,14,5,4,23,467,533,55,24,102,24
6,1000,30,5.13,10.3,18,37,55,966,23,8,3,34,7.927842717,114,90,8.944134992,11.69550731,7.748604386,8.101435746,478,8,4,2,14,488,15,4,1,20,492,508,69,21,95,19
2,1000,30,5.13,10.3,18,37,54,961,22,7,10,39,7.958930727,128,83,8.875292457,11.62898647,7.913441464,8.005524994,484,13,3,6,22,477,9,4,4,17,506,494,65,18,107,21
7,1000,30,5.13,10.3,18,37,53,945,34,13,8,55,8.413422458,128,93,8.781877735,11.05685921,8.745675224,8.073098774,474,18,9,5,32,471,16,4,3,23,506,494,62,31,98,30
1,1000,30,5.13,10.3,18,37,47,961,18,17,4,39,8.060063709,99,82,8.656119283,10.73218111,8.233841013,7.871804964,501,12,6,1,19,460,6,11,3,20,520,480,56,26,73,26
3,1000,30,5.13,10.3,18,37,53,939,33,12,16,61,8.39340188,134,111,9.000857124,11.79645916,8.805119863,7.97671346,466,21,5,11,37,473,12,7,5,24,503,497,82,29,112,22
8,1000,30,5.13,10.3,18,37,56,955,28,9,8,45,8.121547524,118,101,9.350604643,12.15297242,8.53827405,7.727522054,457,19,4,6,29,498,9,5,2,16,486,514,81,20,100,18
5,1000,30,5.13,10.3,18,37,52,964,22,8,6,36,8.025963072,129,97,9.342250248,11.37414124,7.721481933,8.325611178,481,10,2,3,15,483,12,6,3,21,496,504,72,25,112,17
4,1000,30,5.13,10.3,18,37,52,950,32,9,9,50,8.225411102,124,88,9.191603619,11.5331489,8.788602044,7.731958624,440,18,4,5,27,510,14,5,4,23,467,533,69,19,106,18
6,1000,30,5.13,10.3,18,37,56,967,23,7,3,33,7.956077464,108,92,8.999558209,11.76497738,7.786331941,8.120476671,479,8,3,2,13,488,15,4,1,20,492,508,61,31,85,23
2,1000,30,5.13,10.3,18,37,55,961,23,6,10,39,7.974429367,112,81,8.928746256,11.71189805,7.977646924,7.971133651,485,13,2,6,21,476,10,4,4,18,506,494,55,26,97,15
7,1000,30,5.13,10.3,18,37,54,945,34,13,8,55,8.426129684,108,99,8.871231179,11.16589138,8.793559001,8.049774958,473,19,9,5,33,472,15,4,3,22,506,494,75,24,89,19
3,1000,30,5.13,10.3,18,37,54,939,33,12,16,61,8.421049581,126,85,9.032449984,11.83234096,8.856108282,7.980738662,466,21,5,11,37,473,12,7,5,24,503,497,60,25,106,20
1,1000,30,5.13,10.3,18,37,48,962,18,16,4,38,8.03979295,126,91,8.689877225,10.7852795,8.310253393,7.746794138,500,12,7,1,20,462,6,9,3,18,520,480,54,37,102,24
8,1000,30,5.13,10.3,18,37,57,955,28,9,8,45,8.093591988,147,103,9.409321542,12.22272328,8.55932063,7.653233778,457,19,4,6,29,498,9,5,2,16,486,514,86,17,123,24
5,1000,30,5.13,10.3,18,37,53,964,22,8,6,36,8.020967783,123,96,9.391954304,11.44455562,7.747892402,8.289708634,481,10,2,3,15,483,12,6,3,21,496,504,76,20,103,20
4,1000,30,5.13,10.3,18,37,53,949,33,9,9,51,8.231267607,132,92,9.246907682,11.61088864,8.808906826,7.725155945,439,19,4,5,28,510,14,5,4,23,467,533,69,23,111,21
2,1000,30,5.13,10.3,18,37,56,962,22,6,10,38,8.020402845,115,92,8.973887905,11.81471481,8.047989568,7.992145998,486,12,2,6,20,476,10,4,4,18,506,494,66,26,93,22
6,1000,30,5.13,10.3,18,37,57,966,24,7,3,34,7.985114259,102,87,9.055223412,11.83893795,7.849510486,8.116447047,479,8,3,2,13,487,16,4,1,21,492,508,70,17,84,18
7,1000,30,5.13,10.3,18,37,55,945,35,14,6,55,8.397666476,129,100,8.92071922,11.24435145,8.802450755,7.98304938,474,18,10,4,32,471,17,4,2,23,506,494,71,29,95,34
3,1000,30,5.13,10.3,18,37,55,939,33,12,16,61,8.462213879,117,106,9.087762312,11.94728462,8.951783909,7.966733546,465,21,5,12,38,474,12,7,4,23,503,497,63,43,96,21
8,1000,30,5.13,10.3,18,37,58,956,28,9,7,44,8.084406005,110,114,9.456014328,12.32569736,8.578822049,7.616923132,458,19,4,5,28,498,9,5,2,16,486,514,81,33,86,24
1,1000,30,5.13,10.3,18,37,49,962,19,15,4,38,8.041306233,111,98,8.731276685,10.85335446,8.32461695,7.734386289,500,12,7,1,20,462,7,8,3,18,520,480,65,33,90,21
5,1000,30,5.13,10.3,18,37,54,964,23,8,5,36,8.034016339,118,100,9.487608434,11.53621323,7.79841957,8.265873477,481,11,2,2,15,483,12,6,3,21,496,504,70,30,100,18
4,1000,30,5.13,10.3,18,37,54,949,33,9,9,51,8.244220334,112,97,9.298965454,11.71606196,8.85100921,7.712568542,439,19,4,5,28,510,14,5,4,23,467,533,72,25,89,23
6,1000,30,5.13,10.3,18,37,58,965,25,6,4,35,8.015083855,135,92,9.121734397,11.95649883,7.919373348,8.107779857,477,10,3,2,15,488,15,3,2,20,492,508,72,20,113,22
2,1000,30,5.13,10.3,18,37,57,963,21,6,10,37,8.025393421,125,108,9.02418321,11.9042319,8.073277344,7.976346326,486,12,2,6,20,477,9,4,4,17,506,494,78,30,104,21
7,1000,30,5.13,10.3,18,37,56,943,37,14,6,57,8.457334353,109,104,8.973920187,11.30737688,8.886589883,8.017651562,473,19,10,4,33,470,18,4,2,24,506,494,80,24,88,21
3,1000,30,5.13,10.3,18,37,56,937,35,11,17,63,8.529681613,125,115,9.15728765,12.04824578,9.048496157,8.004603714,464,22,4,13,39,473,13,7,4,24,503,497,85,30,102,23
8,1000,30,5.13,10.3,18,37,59,955,29,9,7,45,8.083602024,150,107,9.530235616,12.4154724,8.619818815,7.576595486,457,20,4,5,29,498,9,5,2,16,486,514,82,25,118,32
1,1000,30,5.13,10.3,18,37,50,961,20,15,4,39,8.10127408,111,100,8.768408659,10.89735985,8.421941865,7.753883979,500,12,7,1,20,461,8,8,3,19,520,480,72,28,90,21
5,1000,30,5.13,10.3,18,37,55,962,24,9,5,38,8.059704559,117,93,9.543914781,11.60675154,7.82433948,8.291333685,481,11,2,2,15,481,13,7,3,23,496,504,62,31,95,22
4,1000,30,5.13,10.3,18,37,55,949,32,10,9,51,8.28757111,114,80,9.346088981,11.81519546,8.919131923,7.734214826,439,18,5,5,28,510,14,5,4,23,467,533,60,20,97,17
6,1000,30,5.13,10.3,18,37,59,965,25,6,4,35,8.005276857,135,99,9.202165496,12.08745726,7.921091412,8.086810792,477,10,3,2,15,488,15,3,2,20,492,508,72,27,109,26
2,1000,30,5.13,10.3,18,37,58,963,21,6,10,37,8.04706981,126,91,9.112270035,11.99902978,8.108189388,7.984465545,486,12,2,6,20,477,9,4,4,17,506,494,65,26,110,16
7,1000,30,5.13,10.3,18,37,57,943,36,14,7,57,8.484949373,122,95,9.001297205,11.37369776,8.950046144,8.008554705,473,18,11,4,33,470,18,3,3,24,506,494,58,37,97,25
3,1000,30,5.13,10.3,18,37,57,937,35,11,17,63,8.532303017,112,105,9.209917139,12.1244852,9.101329707,7.95640679,464,22,4,13,39,473,13,7,4,24,503,497,77,28,87,25
8,1000,30,5.13,10.3,18,37,60,955,28,10,7,45,8.1201876,132,106,9.595359203,12.47834012,8.655516902,7.614020205,458,19,4,5,28,497,9,6,2,17,486,514,76,30,103,29
5,1000,30,5.13,10.3,18,37,56,962,24,9,5,38,8.058918643,120,100,9.631283582,11.71817034,7.820952563,8.293107483,481,11,2,2,15,481,13,7,3,23,496,504,79,21,103,17
1,1000,30,5.13,10.3,18,37,51,961,20,15,4,39,8.110009417,114,87,8.796828792,10.96883688,8.40157688,7.794144665,500,12,7,1,20,461,8,8,3,19,520,480,63,24,82,32
6,1000,30,5.13,10.3,18,37,60,964,26,6,4,36,8.018568221,135,109,9.253311866,12.17444431,7.945313226,8.089515972,477,10,3,2,15,487,16,3,2,21,492,508,92,17,108,27
2,1000,30,5.13,10.3,18,37,59,961,23,6,10,39,8.06797279,118,107,9.171579102,12.09169629,8.164623531,7.968974257,486,12,2,6,20,475,11,4,4,19,506,494,80,27,102,16
4,1000,30,5.13,10.3,18,37,56,949,32,11,8,51,8.280033578,119,99,9.384993341,11.89981821,8.94579634,7.696710483,439,18,5,5,28,510,14,6,3,23,467,533,75,24,102,17
7,1000,30,5.13,10.3,18,37,58,944,35,14,7,56,8.48131339,103,90,9.066848433,11.42684483,8.97320822,7.977469698,473,18,11,4,33,471,17,3,3,23,506,494,60,30,89,14
8,1000,30,5.13,10.3,18,37,61,955,28,10,7,45,8.136188326,128,84,9.644116305,12.56590854,8.715276238,7.588646059,458,19,4,5,28,497,9,6,2,17,486,514,67,17,113,15
3,1000,30,5.13,10.3,18,37,58,938,34,11,17,62,8.542512721,125,97,9.30096709,12.22660512,9.114902515,7.96321279,465,22,3,13,38,473,12,8,4,24,503,497,67,30,102,23
5,1000,30,5.13,10.3,18,37,57,961,25,9,5,39,8.106951655,132,112,9.659897679,11.84542795,7.903017628,8.307648634,481,11,2,2,15,480,14,7,3,24,496,504,83,29,104,28
1,1000,30,5.13,10.3,18,37,52,960,22,15,3,40,8.131124798,118,93,8.872877798,11.06765852,8.445276429,7.790793865,499,13,7,1,21,461,9,8,2,19,520,480,63,30,95,23
6,1000,30,5.13,10.3,18,37,61,962,28,6,4,38,8.037454305,135,108,9.304252782,12.23793361,7.994953881,8.078616133,476,11,3,2,16,486,17,3,2,22,492,508,85,23,113,22
2,1000,30,5.13,10.3,18,37,60,960,24,6,10,40,8.111467838,116,90,9.230417821,12.20315067,8.206790029,8.013830127,485,13,2,6,21,475,11,4,4,19,506,494,64,26,93,23
4,1000,30,5.13,10.3,18,37,57,947,34,11,8,53,8.280521548,138,102,9.444424879,11.98110257,8.980665585,7.667074522,436,21,5,5,31,511,13,6,3,22,467,533,78,24,112,26
8,1000,30,5.13,10.3,18,37,62,957,28,8,7,43,8.129367339,130,96,9.684900232,12.66219593,8.726041114,7.565197195,458,19,4,5,28,499,9,4,2,15,486,514,80,16,104,26
7,1000,30,5.13,10.3,18,37,59,944,34,15,7,56,8.480724208,113,94,9.099450858,11.4936466,9.005708635,7.942987123,473,18,11,4,33,471,16,4,3,23,506,494,64,30,94,19
3,1000,30,5.13,10.3,18,37,59,938,33,12,17,62,8.569813972,144,105,9.383700484,12.32287062,9.166776863,7.965644285,465,21,4,13,38,473,12,8,4,24,503,497,67,38,121,23
5,1000,30,5.13,10.3,18,37,58,961,26,9,4,39,8.097340997,117,101,9.735235008,11.93715935,7.946895456,8.245398514,480,11,3,2,16,481,15,6,2,23,496,504,73,28,93,24
6,1000,30,5.13,10.3,18,37,62,963,27,6,4,37,8.063394646,137,99,9.326612625,12.284559,8.027002582,8.098640503,476,11,3,2,16,487,16,3,2,21,492,508,75,24,114,23
2,1000,30,5.13,10.3,18,37,61,960,24,6,10,40,8.108754408,126,93,9.296288757,12.34052672,8.215483949,7.999432247,485,13,2,6,21,475,11,4,4,19,506,494,67,26,107,19
1,1000,30,5.13,10.3,18,37,53,964,21,13,2,36,8.145259413,135,91,8.942467255,11.16920105,8.475539655,7.787455818,500,14,6,0,20,464,7,7,2,16,520,480,66,25,104,31
8,1000,30,5.13,10.3,18,37,63,958,26,9,7,42,8.152091297,137,105,9.754635772,12.77412787,8.776179485,7.562000131,458,18,5,5,28,500,8,4,2,14,486,514,80,25,111,26
3,1000,30,5.13,10.3,18,37,60,937,34,12,17,63,8.581421638,124,109,9.431882944,12.38842076,9.19740207,7.958004822,464,22,4,13,39,473,12,8,4,24,503,497,80,29,99,25
4,1000,30,5.13,10.3,18,37,58,947,34,11,8,53,8.28261406,123,107,9.494732482,12.04231301,9.014071213,7.641731339,435,22,5,5,32,512,12,6,3,21,467,533,84,23,113,10
7,1000,30,5.13,10.3,18,37,60,946,32,15,7,54,8.494403961,112,92,9.130004077,11.56313135,9.056338295,7.918819399,474,17,11,4,32,472,15,4,3,22,506,494,61,31,98,14
5,1000,30,5.13,10.3,18,37,59,961,26,9,4,39,8.10917422,125,93,9.802326551,12.06105778,7.988806571,8.227631271,480,11,3,2,16,481,15,6,2,23,496,504,73,20,105,20
6,1000,30,5.13,10.3,18,37,63,963,27,6,4,37,8.066241419,126,106,9.365100572,12.39011818,8.082152334,8.050831636,475,12,3,2,17,488,15,3,2,20,492,508,78,28,107,19
2,1000,30,5.13,10.3,18,37,62,960,24,6,10,40,8.135376239,125,93,9.375891279,12.42583148,8.258322736,8.009443189,485,13,2,6,21,475,11,4,4,19,506,494,67,26,108,17
8,1000,30,5.13,10.3,18,37,64,957,27,9,7,43,8.148851154,120,107,9.818120058,12.87125944,8.816504507,7.517568022,457,19,5,5,29,500,8,4,2,14,486,514,79,28,105,15
1,1000,30,5.13,10.3,18,37,54,964,20,13,3,36,8.196995589,112,78,8.972922956,11.24614421,8.551661448,7.81277424,499,14,6,1,21,465,6,7,2,15,520,480,60,18,92,20
3,1000,30,5.13,10.3,18,37,61,937,35,11,17,63,8.591742542,118,93,9.534042861,12.48067811,9.243326045,7.932292841,463,23,4,13,40,474,12,7,4,23,503,497,67,26,98,20
4,1000,30,5.13,10.3,18,37,59,946,35,11,8,54,8.286811625,119,98,9.569567339,12.11278391,9.020449914,7.644017852,435,22,5,5,32,511,13,6,3,22,467,533,76,22,104,15
7,1000,30,5.13,10.3,18,37,61,945,33,15,7,55,8.554612483,120,104,9.207680939,11.66642459,9.172736564,7.921473242,473,18,11,4,33,472,15,4,3,22,506,494,73,31,91,29
5,1000,30,5.13,10.3,18,37,60,963,24,9,4,37,8.109162439,133,94,9.872707872,12.13175831,8.014563977,8.202259339,481,10,3,2,15,482,14,6,2,22,496,504,73,21,112,21
6,1000,30,5.13,10.3,18,37,64,964,26,6,4,36,8.089903145,129,91,9.408039677,12.45622804,8.110302176,8.070146603,475,12,3,2,17,489,14,3,2,19,492,508,69,22,108,21
2,1000,30,5.13,10.3,18,37,63,960,23,7,10,40,8.17662242,135,115,9.454031184,12.57039415,8.341689424,8.007545691,485,12,3,6,21,475,11,4,4,19,506,494,95,20,109,26
8,1000,30,5.13,10.3,18,37,65,956,28,9,7,44,8.166821693,144,92,9.896599844,13.02331984,8.848352687,7.5224169,456,20,5,5,30,500,8,4,2,14,486,514,70,22,124,20
3,1000,30,5.13,10.3,18,37,62,939,34,10,17,61,8.595609609,118,101,9.60699347,12.5642478,9.289190004,7.893656011,463,22,5,13,40,476,12,5,4,21,503,497,73,28,96,22
4,1000,30,5.13,10.3,18,37,60,948,35,10,7,52,8.279520827,114,101,9.617913666,12.18955118,9.051924797,7.602761627,435,22,5,5,32,513,13,5,2,20,467,533,80,21,96,18
1,1000,30,5.13,10.3,18,37,55,964,20,13,3,36,8.262365559,100,101,9.00681063,11.31952635,8.602094324,7.894326063,499,14,6,1,21,465,6,7,2,15,520,480,78,23,76,24
7,1000,30,5.13,10.3,18,37,62,943,35,15,7,57,8.584589237,116,84,9.255360394,11.76579026,9.269431395,7.883111237,470,21,11,4,36,473,14,4,3,21,506,494,60,24,98,18
5,1000,30,5.13,10.3,18,37,61,963,24,9,4,37,8.102242642,118,122,9.978746387,12.27889033,8.047436544,8.156178802,480,11,3,2,16,483,13,6,2,21,496,504,95,27,102,16
6,1000,30,5.13,10.3,18,37,65,963,25,8,4,37,8.123093616,132,94,9.49135122,12.56603483,8.150125152,8.096913466,475,11,4,2,17,488,14,4,2,20,492,508,66,28,121,11
2,1000,30,5.13,10.3,18,37,64,958,24,8,10,42,8.210414388,124,101,9.528855699,12.68727455,8.395374085,8.020961742,485,11,4,6,21,473,13,4,4,21,506,494,78,23,102,22
8,1000,30,5.13,10.3,18,37,66,957,28,8,7,43,8.175577663,142,100,9.961465704,13.10523642,8.859551811,7.528862806,457,20,4,5,29,500,8,4,2,14,486,514,84,16,119,23
3,1000,30,5.13,10.3,18,37,63,941,33,9,17,59,8.581457022,130,110,9.646464394,12.64668077,9.317174064,7.836858084,463,22,5,13,40,478,11,4,4,19,503,497,88,22,109,21
4,1000,30,5.13,10.3,18,37,61,949,34,10,7,51,8.317009373,124,118,9.669864656,12.25639856,9.083102896,7.645779212,435,22,5,5,32,514,12,5,2,19,467,533,86,32,98,26
7,1000,30,5.13,10.3,18,37,63,942,36,15,7,58,8.591906359,122,105,9.327080072,11.88529912,9.308011487,7.858405964,469,22,11,4,37,473,14,4,3,21,506,494,81,24,107,15
1,1000,30,5.13,10.3,18,37,56,962,22,13,3,38,8.26290008,120,95,9.044463991,11.37463356,8.651491645,7.841925885,498,15,6,1,22,464,7,7,2,16,520,480,60,35,96,24
6,1000,30,5.13,10.3,18,37,66,964,24,8,4,36,8.113585277,132,96,9.536782562,12.6424452,8.167597467,8.061274258,475,11,4,2,17,489,13,4,2,19,492,508,72,24,115,17
2,1000,30,5.13,10.3,18,37,65,959,22,9,10,41,8.205309052,119,113,9.572755488,12.7501393,8.389889395,8.016244977,485,11,4,6,21,474,11,5,4,20,506,494,80,33,102,17
5,1000,30,5.13,10.3,18,37,62,963,24,9,4,37,8.113232901,127,106,10.09182183,12.41528559,8.08968586,8.13640618,480,11,3,2,16,483,13,6,2,21,496,504,81,25,111,16
8,1000,30,5.13,10.3,18,37,67,958,27,7,8,42,8.198104214,120,100,10.04570484,13.22131268,8.898055909,7.536282182,457,20,3,6,29,501,7,4,2,13,486,514,78,22,106,14
3,1000,30,5.13,10.3,18,37,64,943,29,11,17,57,8.584594938,136,102,9.712050002,12.75060074,9.337030664,7.823075481,464,20,6,13,39,479,9,5,4,18,503,497,77,25,114,22
4,1000,30,5.13,10.3,18,37,62,949,34,10,7,51,8.340594072,119,93,9.745677214,12.35333501,9.132786072,7.646497141,434,23,5,5,33,515,11,5,2,18,467,533,70,23,104,15
7,1000,30,5.13,10.3,18,37,64,943,36,13,8,57,8.593013997,118,103,9.411761663,11.98691049,9.356453247,7.811029664,469,22,10,5,37,474,14,3,3,20,506,494,73,30,101,17
1,1000,30,5.13,10.3,18,37,57,963,22,12,3,37,8.25843763,117,104,9.097094414,11.44361474,8.683106729,7.79837944,498,15,6,1,22,465,7,6,2,15,520,480,69,35,100,17
6,1000,30,5.13,10.3,18,37,67,964,24,8,4,36,8.111344467,141,101,9.573253036,12.70523255,8.200064766,8.025418509,475,11,4,2,17,489,13,4,2,19,492,508,76,25,117,24
2,1000,30,5.13,10.3,18,37,66,956,25,9,10,44,8.261036264,126,125,9.641386246,12.87153526,8.468650032,8.048379247,483,13,4,6,23,473,12,5,4,21,506,494,101,24,114,12
5,1000,30,5.13,10.3,18,37,63,964,23,9,4,36,8.131368442,141,89,10.14772737,12.48148632,8.114399369,8.148068163,480,11,3,2,16,484,12,6,2,20,496,504,71,18,117,24
8,1000,30,5.13,10.3,18,37,68,959,27,6,8,41,8.211339798,139,101,10.12509314,13.37299078,8.932687129,7.529287652,456,21,3,6,30,503,6,3,2,11,486,514,81,20,118,21
3,1000,30,5.13,10.3,18,37,65,944,28,11,17,56,8.572325695,138,108,9.789067931,12.87705005,9.34620972,7.789099005,464,20,6,13,39,480,8,5,4,17,503,497,79,29,114,24
4,1000,30,5.13,10.3,18,37,63,950,33,10,7,50,8.335789195,136,92,9.834489663,12.45679696,9.143340846,7.628234558,435,22,5,5,32,515,11,5,2,18,467,533,71,21,118,18
7,1000,30,5.13,10.3,18,37,65,943,35,14,8,57,8.609700296,124,99,9.485530246,12.12399819,9.380430404,7.820248,469,22,10,5,37,474,13,4,3,20,506,494,75,24,106,18
6,1000,30,5.13,10.3,18,37,68,964,24,8,4,36,8.13579978,147,101,9.625979532,12.77092142,8.249943792,8.025250855,475,11,4,2,17,489,13,4,2,19,492,508,77,24,121,26
2,1000,30,5.13,10.3,18,37,67,956,25,9,10,44,8.268572911,130,97,9.717119282,12.9863341,8.509759408,8.021527633,482,14,4,6,24,474,11,5,4,20,506,494,75,22,108,22
1,1000,30,5.13,10.3,18,37,58,965,19,12,4,35,8.266730569,129,108,9.138393765,11.51563474,8.71091796,7.785527562,499,14,6,1,21,466,5,6,3,14,520,480,75,33,105,24
8,1000,30,5.13,10.3,18,37,69,960,26,7,7,40,8.206971702,133,105,10.20400775,13.46829758,8.960322826,7.49465916,456,21,3,6,30,504,5,4,1,10,486,514,78,27,115,18
5,1000,30,5.13,10.3,18,37,64,965,23,8,4,35,8.120463665,112,126,10.22442489,12.58644812,8.11089944,8.129876076,479,12,3,2,17,486,11,5,2,18,496,504,104,22,98,14
3,1000,30,5.13,10.3,18,37,66,942,29,11,18,58,8.617417382,119,113,9.836043659,12.94906045,9.391282516,7.834209812,463,20,6,14,40,479,9,5,4,18,503,497,85,28,105,14
4,1000,30,5.13,10.3,18,37,64,949,34,10,7,51,8.331610762,121,89,9.927261194,12.59873855,9.158853206,7.606803592,434,23,5,5,33,515,11,5,2,18,467,533,71,18,102,19
7,1000,30,5.13,10.3,18,37,66,944,35,13,8,56,8.614969035,122,104,9.555462749,12.19779704,9.392839974,7.818202446,470,22,10,4,36,474,13,3,4,20,506,494,81,23,99,23
6,1000,30,5.13,10.3,18,37,69,963,25,7,5,37,8.162709286,155,89,9.72377297,12.92944631,8.305329563,8.024580986,474,12,4,2,18,489,13,3,3,19,492,508,65,24,134,21
2,1000,30,5.13,10.3,18,37,68,953,27,9,11,47,8.25643857,124,118,9.807531529,13.11960724,8.543809922,7.962086538,480,16,4,6,26,473,11,5,5,21,506,494,93,25,102,22
8,1000,30,5.13,10.3,18,37,70,959,27,7,7,41,8.264019233,128,106,10.31758808,13.57583174,9.023338548,7.546063616,456,21,3,6,30,503,6,4,1,11,486,514,86,20,115,13
5,1000,30,5.13,10.3,18,37,65,964,24,8,4,36,8.13353493,141,100,10.32606465,12.69983245,8.108866799,8.157811504,478,13,3,2,18,486,11,5,2,18,496,504,80,20,119,22
1,1000,30,5.13,10.3,18,37,59,965,19,12,4,35,8.29109916,128,97,9.211804445,11.62595617,8.732970207,7.812405526,499,14,6,1,21,466,5,6,3,14,520,480,74,23,100,28
4,1000,30,5.13,10.3,18,37,65,948,35,10,7,52,8.3372412,107,108,9.996259523,12.69637488,9.201426264,7.580065919,433,24,5,5,34,515,11,5,2,18,467,533,88,20,97,10
3,1000,30,5.13,10.3,18,37,67,941,31,11,17,59,8.667000191,130,96,9.897962568,13.03217904,9.456565932,7.86790247,463,20,6,14,40,478,11,5,3,19,503,497,78,18,99,31
6,1000,30,5.13,10.3,18,37,70,964,25,7,4,36,8.15556181,135,103,9.790947901,13.05210912,8.361577277,7.95603502,474,12,4,2,18,490,13,3,2,18,492,508,80,23,115,20
7,1000,30,5.13,10.3,18,37,67,943,36,13,8,57,8.638245655,123,101,9.619385055,12.30170044,9.425478463,7.831889783,470,22,10,4,36,473,14,3,4,21,506,494,76,25,104,19
2,1000,30,5.13,10.3,18,37,69,953,28,9,10,47,8.231807877,141,114,9.885346029,13.22950177,8.515042471,7.941693091,480,17,4,5,26,473,11,5,5,21,506,494,89,25,117,24
8,1000,30,5.13,10.3,18,37,71,958,28,7,7,42,8.288193124,154,105,10.40467799,13.64129664,9.086988739,7.532911666,455,22,3,6,31,503,6,4,1,11,486,514,83,22,133,21
5,1000,30,5.13,10.3,18,37,66,964,24,8,4,36,8.145693216,135,117,10.44210651,12.88420784,8.134215532,8.156988716,478,13,3,2,18,486,11,5,2,18,496,504,91,26,109,26
1,1000,30,5.13,10.3,18,37,60,963,21,13,3,37,8.28449378,116,102,9.257954626,11.70231893,8.778672176,7.749133851,497,15,7,1,23,466,6,6,2,14,520,480,79,23,93,23
3,1000,30,5.13,10.3,18,37,68,939,33,11,17,61,8.683362111,143,100,9.96659927,13.11338401,9.476075636,7.881078604,462,21,6,14,41,477,12,5,3,20,503,497,78,22,125,18
4,1000,30,5.13,10.3,18,37,66,948,35,10,7,52,8.357309863,122,122,10.10661551,12.86798425,9.204732579,7.614821291,434,23,5,5,33,514,12,5,2,19,467,533,100,22,104,18
6,1000,30,5.13,10.3,18,37,71,964,25,7,4,36,8.178848507,114,106,9.839707153,13.14412827,8.437154294,7.928678335,474,12,4,2,18,490,13,3,2,18,492,508,89,17,97,17
8,1000,30,5.13,10.3,18,37,72,958,26,9,7,42,8.306672064,141,103,10.52411886,13.77427569,9.145589745,7.513454179,455,20,5,6,31,503,6,4,1,11,486,514,79,24,121,20
2,1000,30,5.13,10.3,18,37,70,953,28,9,10,47,8.257362979,141,103,9.961713082,13.34165648,8.536908258,7.971027126,480,17,4,5,26,473,11,5,5,21,506,494,81,22,124,17
7,1000,30,5.13,10.3,18,37,68,945,35,13,7,55,8.619281554,106,113,9.705331478,12.45964583,9.414868714,7.80436839,471,21,10,4,35,474,14,3,3,20,506,494,82,31,90,16
5,1000,30,5.13,10.3,18,37,67,964,24,8,4,36,8.148379145,127,107,10.5872466,13.07017956,8.165148181,8.131876283,478,13,3,2,18,486,11,5,2,18,496,504,88,19,106,21
1,1000,30,5.13,10.3,18,37,61,962,22,12,4,38,8.341650814,118,107,9.346219085,11.79398819,8.846684436,7.794531056,496,16,7,1,24,466,6,5,3,14,520,480,79,28,99,19
3,1000,30,5.13,10.3,18,37,69,939,33,11,17,61,8.673598643,135,126,10.0453599,13.22835998,9.491241804,7.846084538,462,21,6,14,41,477,12,5,3,20,503,497,93,33,114,21
6,1000,30,5.13,10.3,18,37,72,965,25,6,4,35,8.184543539,136,90,9.958653816,13.33567448,8.483551515,7.894953136,474,12,4,2,18,491,13,2,2,17,492,508,71,19,116,20
4,1000,30,5.13,10.3,18,37,67,948,35,9,8,52,8.371401814,127,97,10.16795676,12.9580683,9.215759778,7.631598494,434,23,5,5,33,514,12,4,3,19,467,533,72,25,106,21
8,1000,30,5.13,10.3,18,37,73,957,27,9,7,43,8.357592039,141,113,10.6345407,13.90549124,9.211215803,7.550469181,455,20,5,6,31,502,7,4,1,12,486,514,95,18,124,17
2,1000,30,5.13,10.3,18,37,71,953,28,8,11,47,8.278789807,133,101,10.07062762,13.48098008,8.618623029,7.930701526,480,17,4,5,26,473,11,4,6,21,506,494,81,20,115,18
7,1000,30,5.13,10.3,18,37,69,946,35,13,6,54,8.592060447,128,106,9.771147269,12.54813298,9.405036627,7.759335857,472,20,10,4,34,474,15,3,2,20,506,494,72,34,111,17
5,1000,30,5.13,10.3,18,37,68,962,26,8,4,38,8.183524977,136,111,10.77440864,13.33367218,8.219266285,8.148350991,477,14,3,2,19,485,12,5,2,19,496,504,84,27,122,14
6,1000,30,5.13,10.3,18,37,73,966,25,5,4,34,8.176338469,134,103,10.03270379,13.43389566,8.480772298,7.881493107,474,12,4,2,18,492,13,1,2,16,492,508,79,24,114,20
1,1000,30,5.13,10.3,18,37,62,962,22,12,4,38,8.358627038,122,90,9.389574314,11.87107353,8.903719721,7.768109964,496,16,7,1,24,466,6,5,3,14,520,480,64,26,97,25
8,1000,30,5.13,10.3,18,37,74,956,28,9,7,44,8.353821651,165,103,10.73928222,14.04760771,9.231036914,7.524392434,456,19,5,6,30,500,9,4,1,14,486,514,78,25,137,28
3,1000,30,5.13,10.3,18,37,70,940,31,12,17,60,8.678715335,146,106,10.1261511,13.32443189,9.548326183,7.798606166,461,21,7,14,42,479,10,5,3,18,503,497,82,24,127,19
4,1000,30,5.13,10.3,18,37,68,947,36,9,8,53,8.391910828,145,95,10.22963504,13.07053052,9.232025068,7.655825743,433,24,5,5,34,514,12,4,3,19,467,533,70,25,126,19
2,1000,30,5.13,10.3,18,37,72,952,29,7,12,48,8.286738695,145,109,10.21247974,13.66604943,8.649766531,7.914892369,479,18,4,5,27,473,11,3,7,21,506,494,79,30,128,17
7,1000,30,5.13,10.3,18,37,70,946,36,12,6,54,8.595468055,144,96,9.82156124,12.63507995,9.45438247,7.715689322,472,20,10,4,34,474,16,2,2,20,506,494,79,17,121,23
5,1000,30,5.13,10.3,18,37,69,962,26,8,4,38,8.196722284,149,109,10.8662249,13.47212829,8.268710815,8.125876428,477,14,3,2,19,485,12,5,2,19,496,504,87,22,131,18
6,1000,30,5.13,10.3,18,37,74,967,23,6,4,33,8.185465363,143,118,10.08681217,13.56543781,8.518104124,7.863303413,475,10,5,2,17,492,13,1,2,16,492,508,98,20,122,21
8,1000,30,5.13,10.3,18,37,75,956,27,10,7,44,8.373727795,136,110,10.83514372,14.15172343,9.256017877,7.539500208,456,19,5,6,30,500,8,5,1,14,486,514,85,25,120,16
2,1000,30,5.13,10.3,18,37,73,952,29,7,12,48,8.284474649,148,100,10.30713877,13.82492841,8.693718727,7.865289419,479,18,4,5,27,473,11,3,7,21,506,494,83,17,128,20
3,1000,30,5.13,10.3,18,37,71,940,31,12,17,60,8.692440019,123,110,10.21092943,13.45016751,9.584107996,7.790007438,461,21,7,14,42,479,10,5,3,18,503,497,90,20,108,15
4,1000,30,5.13,10.3,18,37,69,947,36,9,8,53,8.43057718,130,105,10.29017956,13.16813139,9.260002885,7.703857097,433,24,5,5,34,514,12,4,3,19,467,533,80,25,115,15
1,1000,30,5.13,10.3,18,37,63,964,20,12,4,36,8.351094889,113,95,9.45770268,11.966096,8.926722083,7.727498762,497,14,8,1,23,467,6,4,3,13,520,480,68,27,93,20
7,1000,30,5.13,10.3,18,37,71,947,35,12,6,53,8.613625407,125,94,9.881489831,12.73295679,9.502893097,7.702756072,472,20,10,4,34,475,15,2,2,19,506,494,74,20,113,12
5,1000,30,5.13,10.3,18,37,70,962,26,8,4,38,8.237171621,129,137,11.0242129,13.66285771,8.321112037,8.154563592,477,14,3,2,19,485,12,5,2,19,496,504,102,35,106,23
6,1000,30,5.13,10.3,18,37,75,968,22,6,4,32,8.17158431,139,110,10.18697028,13.69530905,8.523969089,7.830298264,475,10,5,2,17,493,12,1,2,15,492,508,82,28,118,21
8,1000,30,5.13,10.3,18,37,76,955,28,10,7,45,8.409201036,149,114,10.96216826,14.25281737,9.28771423,7.578544592,455,20,5,6,31,500,8,5,1,14,486,514,93,21,131,18
2,1000,30,5.13,10.3,18,37,74,953,28,7,12,47,8.314080826,138,101,10.46795027,14.04565082,8.772716179,7.844304533,479,18,4,5,27,474,10,3,7,20,506,494,78,23,122,16
3,1000,30,5.13,10.3,18,37,72,937,34,12,17,63,8.693738738,137,99,10.27882538,13.56836157,9.619338184,7.756965053,460,22,7,14,43,477,12,5,3,20,503,497,80,19,117,20
4,1000,30,5.13,10.3,18,37,70,946,37,9,8,54,8.457420043,138,123,10.35400573,13.27126764,9.331905037,7.691220244,433,24,5,5,34,513,13,4,3,20,467,533,98,25,109,29
1,1000,30,5.13,10.3,18,37,64,964,20,11,5,36,8.349343339,123,106,9.490628745,12.05961213,8.946215408,7.702731931,497,14,7,2,23,467,6,4,3,13,520,480,80,26,96,27
7,1000,30,5.13,10.3,18,37,72,949,31,14,6,51,8.609263305,130,122,9.95607707,12.87271301,9.555773358,7.639761105,472,19,11,4,34,477,12,3,2,17,506,494,95,27,111,19
6,1000,30,5.13,10.3,18,37,76,970,20,6,4,30,8.171143661,148,112,10.27560651,13.84393993,8.523969089,7.829430845,475,10,5,2,17,495,10,1,2,13,492,508,78,34,131,17
8,1000,30,5.13,10.3,18,37,77,955,27,11,7,45,8.40068318,138,132,11.12431514,14.45638843,9.359153151,7.494425581,454,20,6,6,32,501,7,5,1,13,486,514,104,28,123,15
5,1000,30,5.13,10.3,18,37,71,963,26,8,3,37,8.219291548,131,118,11.1186373,13.80102669,8.372869821,8.068151026,477,14,3,2,19,486,12,5,1,18,496,504,96,22,112,19
2,1000,30,5.13,10.3,18,37,75,953,28,8,11,47,8.330122137,132,81,10.56101033,14.18546267,8.821299134,7.827013716,479,17,5,5,27,474,11,3,6,20,506,494,64,17,108,24
3,1000,30,5.13,10.3,18,37,73,937,33,13,17,63,8.751943441,149,119,10.31215353,13.62036486,9.668720638,7.824098511,459,23,7,14,44,478,10,6,3,19,503,497,92,27,125,24
4,1000,30,5.13,10.3,18,37,71,945,38,9,8,55,8.495004606,114,113,10.41854594,13.37397487,9.348257653,7.747407659,433,24,5,5,34,512,14,4,3,21,467,533,91,22,93,21
1,1000,30,5.13,10.3,18,37,65,965,19,11,5,35,8.35744003,126,104,9.544542559,12.14934608,9.00501392,7.655901649,497,14,7,2,23,468,5,4,3,12,520,480,76,28,103,23
7,1000,30,5.13,10.3,18,37,73,949,31,14,6,51,8.628637367,126,97,10.04539627,13.00651905,9.562659151,7.671926794,472,19,11,4,34,477,12,3,2,17,506,494,69,28,111,15
6,1000,30,5.13,10.3,18,37,77,970,20,6,4,30,8.170780882,158,103,10.41025025,14.00694761,8.553243694,7.800364142,475,10,5,2,17,495,10,1,2,13,492,508,89,14,125,33
8,1000,30,5.13,10.3,18,37,78,954,28,12,6,46,8.410966614,161,101,11.22334345,14.59127189,9.382490092,7.492366594,453,21,7,5,33,501,7,5,1,13,486,514,79,22,143,18
2,1000,30,5.13,10.3,18,37,76,953,27,8,12,47,8.365041152,165,120,10.64873299,14.31075019,8.864597918,7.853349404,479,16,6,5,27,474,11,2,7,20,506,494,95,25,136,29
5,1000,30,5.13,10.3,18,37,72,963,26,8,3,37,8.243093289,128,116,11.23976432,13.98809912,8.400390655,8.088292707,477,14,3,2,19,486,12,5,1,18,496,504,96,20,112,16
3,1000,30,5.13,10.3,18,37,74,936,34,13,17,64,8.786711083,121,107,10.4062259,13.75012582,9.760269218,7.801399731,458,24,7,14,45,478,10,6,3,19,503,497,86,21,108,13
4,1000,30,5.13,10.3,18,37,72,944,39,9,8,56,8.506648162,130,103,10.51079681,13.4791299,9.416717632,7.709270221,431,26,5,5,36,513,13,4,3,20,467,533,81,22,114,16
7,1000,30,5.13,10.3,18,37,74,948,32,14,6,52,8.644670062,121,108,10.07655362,13.07241024,9.601753159,7.664337984,471,20,11,4,35,477,12,3,2,17,506,494,84,24,103,18
6,1000,30,5.13,10.3,18,37,78,970,19,7,4,30,8.166087869,141,119,10.4801253,14.11001184,8.562245363,7.782407777,475,10,5,2,17,495,9,2,2,13,492,508,101,18,129,12
1,1000,30,5.13,10.3,18,37,66,966,19,10,5,34,8.379783278,130,107,9.60358414,12.25769554,9.067155098,7.635130473,497,14,7,2,23,469,5,3,3,11,520,480,83,24,104,26
8,1000,30,5.13,10.3,18,37,79,954,28,12,6,46,8.428448356,159,118,11.31610488,14.7040382,9.44786352,7.464565536,452,21,8,5,34,502,7,4,1,12,486,514,102,16,145,14
2,1000,30,5.13,10.3,18,37,77,953,26,9,12,47,8.35900015,149,117,10.75841704,14.45287723,8.902558696,7.802237753,479,15,7,5,27,474,11,2,7,20,506,494,94,23,128,21
5,1000,30,5.13,10.3,18,37,73,963,26,8,3,37,8.236356935,154,125,11.35861244,14.11379443,8.441218664,8.03474698,477,14,3,2,19,486,12,5,1,18,496,504,105,20,137,17
3,1000,30,5.13,10.3,18,37,75,937,34,12,17,63,8.77207208,145,96,10.52792953,13.92669081,9.780478639,7.751491599,458,24,7,14,45,479,10,5,3,18,503,497,75,21,122,23
4,1000,30,5.13,10.3,18,37,73,945,38,9,8,55,8.498608358,138,119,10.59536485,13.60981468,9.412616667,7.697779314,432,25,5,5,35,513,13,4,3,20,467,533,98,21,128,10
6,1000,30,5.13,10.3,18,37,79,970,19,7,4,30,8.172674258,137,114,10.60109016,14.28328535,8.60774643,7.751305146,475,10,5,2,17,495,9,2,2,13,492,508,91,23,120,17
8,1000,30,5.13,10.3,18,37,80,953,29,12,6,47,8.431250291,156,116,11.45318385,14.862516,9.50345882,7.417450009,452,21,8,5,34,501,8,4,1,13,486,514,93,23,138,18
7,1000,30,5.13,10.3,18,37,75,949,30,15,6,51,8.646010906,139,105,10.16865426,13.19983946,9.621327323,7.647002592,471,19,12,4,35,478,11,3,2,16,506,494,76,29,115,24
1,1000,30,5.13,10.3,18,37,67,966,20,9,5,34,8.374634369,142,103,9.6744024,12.36510015,9.11104009,7.576861504,496,15,7,2,24,470,5,2,3,10,520,480,83,20,122,20
2,1000,30,5.13,10.3,18,37,78,952,27,9,12,48,8.391458464,149,107,10.87103932,14.59784515,8.935170059,7.834539299,479,15,7,5,27,473,12,2,7,21,506,494,87,20,128,21
5,1000,30,5.13,10.3,18,37,74,963,26,8,3,37,8.240194921,149,127,11.48643908,14.31954964,8.46584379,8.018127779,476,15,3,2,20,487,11,5,1,17,496,504,101,26,121,28
3,1000,30,5.13,10.3,18,37,76,936,35,11,18,64,8.774294885,130,103,10.71269745,14.13480618,9.785003545,7.75138451,457,25,7,14,46,479,10,4,4,18,503,497,75,28,112,18
4,1000,30,5.13,10.3,18,37,74,946,37,9,8,54,8.498661991,136,100,10.60675627,13.67848562,9.436560096,7.676901363,432,25,5,5,35,514,12,4,3,19,467,533,86,14,118,18
6,1000,30,5.13,10.3,18,37,80,969,20,7,4,31,8.181114637,156,108,10.69677388,14.42871858,8.604720935,7.77085027,474,11,5,2,18,495,9,2,2,13,492,508,90,18,137,19
8,1000,30,5.13,10.3,18,37,81,952,30,12,6,48,8.455885228,163,119,11.55612997,15.0239175,9.519462715,7.450245813,452,21,8,5,34,500,9,4,1,14,486,514,86,33,138,25
7,1000,30,5.13,10.3,18,37,76,947,32,15,6,53,8.674466109,137,118,10.29209964,13.33820328,9.719185168,7.60436926,470,20,12,4,36,477,12,3,2,17,506,494,94,24,121,16
2,1000,30,5.13,10.3,18,37,79,949,30,9,12,51,8.389957455,152,116,10.93555581,14.75113978,8.969082322,7.796764777,476,18,7,5,30,473,12,2,7,21,506,494,91,25,127,25
1,1000,30,5.13,10.3,18,37,68,964,21,9,6,36,8.409352451,128,93,9.757480115,12.46778117,9.189351828,7.564353125,494,16,7,3,26,470,5,2,3,10,520,480,74,19,109,19
5,1000,30,5.13,10.3,18,37,75,962,27,9,2,38,8.262106452,147,119,11.64191788,14.53744643,8.502196286,8.025827568,475,15,4,2,21,487,12,5,0,17,496,504,97,22,136,11
3,1000,30,5.13,10.3,18,37,77,936,34,12,18,64,8.806248515,143,110,10.81096329,14.26326224,9.837901722,7.762140742,457,24,8,14,46,479,10,4,4,18,503,497,89,21,124,19
4,1000,30,5.13,10.3,18,37,75,946,37,9,8,54,8.484096254,157,95,10.68496844,13.77704045,9.471982799,7.618537124,432,25,5,5,35,514,12,4,3,19,467,533,78,17,136,21
6,1000,30,5.13,10.3,18,37,81,970,20,6,4,30,8.186225843,151,108,10.74951945,14.51768556,8.624574376,7.761683564,475,11,4,2,17,495,9,2,2,13,492,508,81,27,130,21
8,1000,30,5.13,10.3,18,37,82,951,31,11,7,49,8.474789687,145,127,11.74480451,15.27087637,9.563612876,7.445279823,451,22,7,6,35,500,9,4,1,14,486,514,111,16,127,18
7,1000,30,5.13,10.3,18,37,77,947,32,15,6,53,8.712248087,143,96,10.38836846,13.45556016,9.779377464,7.619196539,470,20,12,4,36,477,12,3,2,17,506,494,76,20,129,14
2,1000,30,5.13,10.3,18,37,80,949,30,9,12,51,8.398550627,148,117,11.10457294,15.00873238,9.010512041,7.771723754,475,19,7,5,31,474,11,2,7,20,506,494,84,33,138,10
5,1000,30,5.13,10.3,18,37,76,961,28,9,2,39,8.249333748,153,121,11.77024477,14.70174535,8.546722953,7.956665007,474,16,4,2,22,487,12,5,0,17,496,504,102,19,130,23
1,1000,30,5.13,10.3,18,37,69,963,22,9,6,37,8.433411733,118,88,9.875849296,12.60937186,9.257072123,7.541112978,494,16,7,3,26,469,6,2,3,11,520,480,67,21,103,15
3,1000,30,5.13,10.3,18,37,78,935,36,12,17,65,8.786784625,166,104,10.9398858,14.42848461,9.855057621,7.705614972,457,24,8,14,46,478,12,4,3,19,503,497,85,19,137,29
4,1000,30,5.13,10.3,18,37,76,946,36,10,8,54,8.45823658,133,114,10.79586743,13.92763877,9.471982799,7.570019912,432,25,5,5,35,514,11,5,3,19,467,533,96,18,118,15
8,1000,30,5.13,10.3,18,37,83,950,32,10,8,50,8.506700724,134,116,11.87959525,15.46045837,9.617791275,7.456136507,451,22,6,7,35,499,10,4,1,15,486,514,99,17,120,14
6,1000,30,5.13,10.3,18,37,82,970,20,6,4,30,8.19319828,157,127,10.81938206,14.60247649,8.624214338,7.775757531,475,11,4,2,17,495,9,2,2,13,492,508,106,21,134,23
7,1000,30,5.13,10.3,18,37,78,945,33,15,7,55,8.744930178,136,105,10.48801958,13.62016214,9.823851146,7.639800603,469,20,12,5,37,476,13,3,2,18,506,494,81,24,121,15
2,1000,30,5.13,10.3,18,37,81,948,31,9,12,52,8.426733533,151,125,11.28322908,15.30048539,9.03986922,7.798703861,474,20,7,5,32,474,11,2,7,20,506,494,107,18,139,12
5,1000,30,5.13,10.3,18,37,77,961,28,9,2,39,8.27187161,146,131,11.93074644,14.95311421,8.554091588,7.994131315,474,16,4,2,22,487,12,5,0,17,496,504,112,19,128,18
1,1000,30,5.13,10.3,18,37,70,962,23,7,8,38,8.466723254,119,98,9.948423592,12.69272473,9.330900389,7.530531357,493,17,6,4,27,469,6,1,4,11,520,480,71,27,101,18
3,1000,30,5.13,10.3,18,37,79,935,37,11,17,65,8.790740812,140,131,11.03885981,14.56798915,9.893145108,7.675027811,456,25,8,14,47,479,12,3,3,18,503,497,98,33,120,20
4,1000,30,5.13,10.3,18,37,77,946,36,9,9,54,8.476549213,154,110,10.92794586,14.07858775,9.522216104,7.560364526,431,26,4,6,36,515,10,5,3,18,467,533,96,14,130,24
8,1000,30,5.13,10.3,18,37,84,952,31,9,8,48,8.517002151,153,147,11.97741032,15.6394576,9.66055597,7.435743091,451,22,6,7,35,501,9,3,1,13,486,514,119,28,139,14
6,1000,30,5.13,10.3,18,37,83,968,21,7,4,32,8.208500013,142,114,10.92607356,14.75242964,8.633522499,7.796864063,474,12,4,2,18,494,9,3,2,14,492,508,96,18,126,16
7,1000,30,5.13,10.3,18,37,79,945,30,18,7,55,8.776012941,142,105,10.55992886,13.72526967,9.887153098,7.637881525,469,18,14,5,37,476,12,4,2,18,506,494,88,17,125,17
2,1000,30,5.13,10.3,18,37,82,949,29,10,12,51,8.417189714,168,107,11.44834311,15.53473905,9.070571888,7.747935908,474,19,8,5,32,475,10,2,7,19,506,494,87,20,149,19
5,1000,30,5.13,10.3,18,37,78,960,29,9,2,40,8.28565796,154,137,12.03750154,15.12791267,8.565592913,8.010166419,474,16,4,2,22,486,13,5,0,18,496,504,110,27,136,18
3,1000,30,5.13,10.3,18,37,80,934,38,11,17,66,8.799031939,142,100,11.16872425,14.74589645,9.91278838,7.671829746,455,26,8,14,48,479,12,3,3,18,503,497,85,15,128,14
8,1000,30,5.13,10.3,18,37,85,951,31,9,9,49,8.525107081,159,115,12.12940519,15.85011929,9.667272077,7.44516119,451,22,6,7,35,500,9,3,2,14,486,514,99,16,141,18
1,1000,30,5.13,10.3,18,37,71,962,24,7,7,38,8.484416604,122,99,10.01160694,12.79317219,9.354356971,7.541981207,493,17,6,4,27,469,7,1,3,11,520,480,80,19,101,21
6,1000,30,5.13,10.3,18,37,84,968,21,7,4,32,8.222235359,147,110,10.99075371,14.88321073,8.668687242,7.789844953,474,12,4,2,18,494,9,3,2,14,492,508,88,22,130,17
4,1000,30,5.13,10.3,18,37,78,946,36,9,9,54,8.471423244,172,111,11.03432136,14.17959035,9.562093082,7.515808209,430,27,4,6,37,516,9,5,3,17,467,533,89,22,148,24
2,1000,30,5.13,10.3,18,37,83,949,28,11,12,51,8.423049964,144,120,11.58171252,15.78286954,9.094758841,7.735024273,474,18,9,5,32,475,10,2,7,19,506,494,93,27,128,16
7,1000,30,5.13,10.3,18,37,80,946,30,17,7,54,8.820052704,125,120,10.61319584,13.81088383,9.910287825,7.703334139,470,18,13,5,36,476,12,4,2,18,506,494,93,27,105,20
5,1000,30,5.13,10.3,18,37,79,960,28,10,2,40,8.307227951,150,123,12.21581867,15.3869629,8.615259622,8.004085671,474,15,5,2,22,486,13,5,0,18,496,504,98,25,131,19
8,1000,30,5.13,10.3,18,37,86,951,31,9,9,49,8.50841952,144,113,12.28687195,16.08257891,9.708731731,7.373493966,451,22,6,7,35,500,9,3,2,14,486,514,87,26,127,17
3,1000,30,5.13,10.3,18,37,81,935,36,12,17,65,8.790113017,155,129,11.27380445,14.90625371,9.940477192,7.625861147,454,27,8,14,49,481,9,4,3,16,503,497,100,29,132,23
6,1000,30,5.13,10.3,18,37,85,969,21,6,4,31,8.215030928,164,96,11.06370553,14.9596142,8.688696113,7.756284331,475,12,3,2,17,494,9,3,2,14,492,508,79,17,143,21
4,1000,30,5.13,10.3,18,37,79,948,33,10,9,52,8.490017112,161,114,11.10842292,14.26577113,9.654754321,7.469506274,430,25,6,6,37,518,8,4,3,15,467,533,93,21,144,17
1,1000,30,5.13,10.3,18,37,72,961,25,7,7,39,8.480403189,138,112,10.05537343,12.85989307,9.369390499,7.517333604,493,17,6,4,27,468,8,1,3,12,520,480,82,30,111,27
2,1000,30,5.13,10.3,18,37,84,950,27,11,12,50,8.396022018,161,128,11.71649775,15.97823254,9.108502599,7.666234217,474,18,9,5,32,476,9,2,7,18,506,494,105,23,145,16
7,1000,30,5.13,10.3,18,37,81,944,33,15,8,56,8.89033228,148,117,10.72530495,13.95520516,9.980235391,7.77395379,470,19,12,5,36,474,14,3,3,20,506,494,99,18,125,23
8,1000,30,5.13,10.3,18,37,87,949,33,8,10,51,8.525548869,167,144,12.43237459,16.30162012,9.73605475,7.380984943,450,23,6,7,36,499,10,2,3,15,486,514,117,27,144,23
5,1000,30,5.13,10.3,18,37,80,960,29,9,2,40,8.304442978,179,125,12.39029551,15.6546856,8.649223042,7.965135614,474,15,5,2,22,486,14,4,0,18,496,504,104,21,163,16
3,1000,30,5.13,10.3,18,37,82,936,36,12,16,64,8.812868208,156,135,11.36173618,15.07569269,9.98109536,7.63053771,454,28,8,13,49,482,8,4,3,15,503,497,110,25,135,21
6,1000,30,5.13,10.3,18,37,86,969,21,6,4,31,8.21905907,160,110,11.14768626,15.09492744,8.721083664,7.732846274,475,12,3,2,17,494,9,3,2,14,492,508,89,21,143,17
4,1000,30,5.13,10.3,18,37,80,949,32,10,9,51,8.496325218,137,119,11.20618559,14.39421372,9.659292853,7.477364832,431,24,6,6,36,518,8,4,3,15,467,533,96,23,119,18
1,1000,30,5.13,10.3,18,37,73,961,24,8,7,39,8.472937919,121,96,10.10768105,12.95925332,9.407250068,7.460766423,493,17,6,4,27,468,7,2,3,12,520,480,78,18,106,15
2,1000,30,5.13,10.3,18,37,85,950,27,11,12,50,8.393481576,141,124,11.87391994,16.21699024,9.09490703,7.675017447,474,18,9,5,32,476,9,2,7,18,506,494,106,18,128,13
7,1000,30,5.13,10.3,18,37,82,942,35,15,8,58,8.909075664,151,106,10.81900197,14.08816181,10.03990514,7.750776645,468,21,12,5,38,474,14,3,3,20,506,494,85,21,134,17
8,1000,30,5.13,10.3,18,37,88,948,34,7,11,52,8.5462856,162,124,12.61277908,16.53197545,9.789566459,7.370732102,449,24,5,8,37,499,10,2,3,15,486,514,108,16,142,20
6,1000,30,5.13,10.3,18,37,87,966,24,6,4,34,8.237410556,151,109,11.24326161,15.28229979,8.778741543,7.713129365,473,14,3,2,19,493,10,3,2,15,492,508,89,20,137,14
5,1000,30,5.13,10.3,18,37,81,960,28,10,2,40,8.301203633,173,136,12.61564774,15.93163101,8.686144792,7.922372652,474,14,6,2,22,486,14,4,0,18,496,504,117,19,157,16
3,1000,30,5.13,10.3,18,37,83,936,35,13,16,64,8.823180741,155,128,11.47268511,15.23547956,10.00050324,7.631645095,455,27,8,13,48,481,8,5,3,16,503,497,110,18,139,16
4,1000,30,5.13,10.3,18,37,81,950,31,10,9,50,8.498807989,153,110,11.27357781,14.4684983,9.67409616,7.469052686,431,24,6,6,36,519,7,4,3,14,467,533,94,16,134,19
2,1000,30,5.13,10.3,18,37,86,950,26,12,12,50,8.381031989,170,106,12.0947509,16.56212877,9.11368351,7.630583265,474,17,10,5,32,476,9,2,7,18,506,494,88,18,145,25
1,1000,30,5.13,10.3,18,37,74,959,26,8,7,41,8.516184732,127,100,10.20439281,13.07461525,9.472693595,7.479966797,492,18,6,4,28,467,8,2,3,13,520,480,74,26,111,16
7,1000,30,5.13,10.3,18,37,83,944,34,14,8,56,8.890511263,153,110,10.94853162,14.23790241,10.07101887,7.681327353,468,21,12,5,38,476,13,2,3,18,506,494,88,22,135,18
8,1000,30,5.13,10.3,18,37,89,947,35,7,11,53,8.550483215,146,130,12.74379035,16.71445061,9.80737046,7.362064535,448,25,5,8,38,499,10,2,3,15,486,514,111,19,134,12
6,1000,30,5.13,10.3,18,37,88,966,24,6,4,34,8.256734287,146,118,11.32830855,15.40588242,8.824781691,7.70657814,473,14,3,2,19,493,10,3,2,15,492,508,95,23,128,18
5,1000,30,5.13,10.3,18,37,82,960,28,10,2,40,8.326889005,172,133,12.83560314,16.23541554,8.75042851,7.910072349,474,14,6,2,22,486,14,4,0,18,496,504,101,32,153,19
3,1000,30,5.13,10.3,18,37,84,936,34,13,17,64,8.82383095,172,125,11.62634955,15.41736976,10.03403204,7.599019783,455,26,9,13,48,481,8,4,4,16,503,497,107,18,158,14
4,1000,30,5.13,10.3,18,37,82,951,29,11,9,49,8.484526444,146,139,11.34360074,14.51312543,9.722684615,7.39968617,431,23,7,6,36,520,6,4,3,13,467,533,110,29,129,17
2,1000,30,5.13,10.3,18,37,87,950,25,13,12,50,8.386280969,148,129,12.34161193,16.90618478,9.130937777,7.623535332,474,17,10,5,32,476,8,3,7,18,506,494,110,19,134,14
7,1000,30,5.13,10.3,18,37,84,944,34,14,8,56,8.874472086,159,118,11.05488126,14.36121072,10.10372571,7.615358053,468,21,12,5,38,476,13,2,3,18,506,494,101,17,137,22
1,1000,30,5.13,10.3,18,37,75,956,29,7,8,44,8.530477958,143,118,10.30797329,13.21383904,9.494787053,7.485809771,492,18,5,5,28,464,11,2,3,16,520,480,86,32,122,21
8,1000,30,5.13,10.3,18,37,90,947,35,7,11,53,8.570066924,157,119,12.86412981,16.89451879,9.828660433,7.380034929,448,25,5,8,38,499,10,2,3,15,486,514,101,18,143,14
6,1000,30,5.13,10.3,18,37,89,966,24,6,4,34,8.26460202,143,122,11.45383631,15.57657603,8.858954761,7.68896905,473,14,3,2,19,493,10,3,2,15,492,508,101,21,121,22
3,1000,30,5.13,10.3,18,37,85,937,34,12,17,63,8.827494663,142,111,11.7418131,15.56121538,10.07786533,7.562028972,454,27,9,13,49,483,7,3,4,14,503,497,92,19,124,18
5,1000,30,5.13,10.3,18,37,83,959,29,10,2,41,8.349792203,163,132,13.00046158,16.46027988,8.793593829,7.913035047,473,15,6,2,23,486,14,4,0,18,496,504,120,12,148,15
4,1000,30,5.13,10.3,18,37,83,950,30,11,9,50,8.473907279,157,118,11.40219346,14.62132651,9.77144166,7.337043196,430,24,7,6,37,520,6,4,3,13,467,533,96,22,141,16
2,1000,30,5.13,10.3,18,37,88,950,24,14,12,50,8.407233802,156,116,12.47711739,17.10798588,9.149621136,7.646812767,474,16,11,5,32,476,8,3,7,18,506,494,99,17,138,18
7,1000,30,5.13,10.3,18,37,85,945,35,14,6,55,8.853740628,147,128,11.17424848,14.59575144,10.10965959,7.567313509,468,22,12,4,38,477,13,2,2,17,506,494,110,18,129,18
1,1000,30,5.13,10.3,18,37,76,954,31,6,9,46,8.542826118,140,131,10.39111177,13.32357159,9.529367027,7.474073466,490,20,4,6,30,464,11,2,3,16,520,480,103,28,116,24
8,1000,30,5.13,10.3,18,37,91,947,35,7,11,53,8.620640456,145,127,12.97168948,17.08913927,9.896199918,7.414566724,448,25,5,8,38,499,10,2,3,15,486,514,103,24,131,14
6,1000,30,5.13,10.3,18,37,90,965,25,6,4,35,8.276259365,149,118,11.53142225,15.71840692,8.903167533,7.669096336,472,15,3,2,20,493,10,3,2,15,492,508,96,22,135,14
3,1000,30,5.13,10.3,18,37,86,936,34,13,17,64,8.857328898,171,131,11.89318661,15.77846107,10.16560532,7.533258395,453,27,10,13,50,483,7,3,4,14,503,497,107,24,152,19
5,1000,30,5.13,10.3,18,37,84,958,30,9,3,42,8.359932547,156,122,13.12158222,16.62064942,8.884393747,7.843796128,472,16,5,3,24,486,14,4,0,18,496,504,107,15,147,9
2,1000,30,5.13,10.3,18,37,89,949,25,14,12,51,8.448706894,153,121,12.62181243,17.34118826,9.20782568,7.671147976,473,17,11,5,33,476,8,3,7,18,506,494,101,20,137,16
4,1000,30,5.13,10.3,18,37,84,950,30,11,9,50,8.482769731,156,134,11.4596585,14.70907074,9.785569398,7.341292349,430,24,7,6,37,520,6,4,3,13,467,533,109,25,137,19
7,1000,30,5.13,10.3,18,37,86,943,36,14,7,57,8.888331808,164,119,11.29271029,14.71510726,10.17188764,7.573596486,467,23,12,4,39,476,13,2,3,18,506,494,95,24,141,23
8,1000,30,5.13,10.3,18,37,92,945,36,8,11,55,8.611822092,173,123,13.15348396,17.33494411,9.964455654,7.332872849,446,26,6,8,40,499,10,2,3,15,486,514,112,11,151,22
6,1000,30,5.13,10.3,18,37,91,966,25,5,4,34,8.266463443,149,126,11.65517349,15.87846286,8.9342441,7.619715247,472,15,3,2,20,494,10,2,2,14,492,508,107,19,130,19
1,1000,30,5.13,10.3,18,37,77,954,31,6,9,46,8.560194872,136,127,10.52890606,13.53059601,9.547215278,7.490922764,490,20,4,6,30,464,11,2,3,16,520,480,102,25,115,21
3,1000,30,5.13,10.3,18,37,87,936,34,12,18,64,8.858299195,156,128,12.0277076,16.00283866,10.22152725,7.478613662,453,27,9,14,50,483,7,3,4,14,503,497,107,21,144,12
5,1000,30,5.13,10.3,18,37,85,961,28,8,3,39,8.33226864,164,146,13.28374565,16.87378731,8.915563477,7.758232451,473,16,4,3,23,488,12,4,0,16,496,504,117,29,150,14
2,1000,30,5.13,10.3,18,37,90,949,26,14,11,51,8.464888944,159,147,12.83508756,17.66194172,9.259596883,7.65087636,473,18,11,4,33,476,8,3,7,18,506,494,129,18,140,19
4,1000,30,5.13,10.3,18,37,85,949,31,11,9,51,8.507676098,148,116,11.58791102,14.87698215,9.819415888,7.358365625,430,24,7,6,37,519,7,4,3,14,467,533,92,24,134,14
7,1000,30,5.13,10.3,18,37,87,943,36,14,7,57,8.888152052,145,116,11.42756855,14.93642764,10.18369918,7.561134147,467,23,12,4,39,476,13,2,3,18,506,494,90,26,127,18
8,1000,30,5.13,10.3,18,37,93,944,37,7,12,56,8.59517111,175,121,13.30749372,17.55057607,9.981949924,7.283936667,445,27,5,9,41,499,10,2,3,15,486,514,105,16,157,18
6,1000,30,5.13,10.3,18,37,92,966,25,5,4,34,8.258273877,154,129,11.793642,16.0512995,8.934556385,7.603291606,472,15,3,2,20,494,10,2,2,14,492,508,113,16,135,19
3,1000,30,5.13,10.3,18,37,88,935,35,12,18,65,8.872679336,167,118,12.13884748,16.15108302,10.24551896,7.4832662,452,28,9,14,51,483,7,3,4,14,503,497,99,19,150,17
1,1000,30,5.13,10.3,18,37,78,953,30,8,9,47,8.602593171,126,94,10.71074781,13.77616531,9.612521706,7.508503925,489,19,6,6,31,464,11,2,3,16,520,480,79,15,107,19
5,1000,30,5.13,10.3,18,37,86,960,29,8,3,40,8.382621154,170,140,13.53614253,17.15593337,8.993184459,7.78174933,473,16,4,3,23,487,13,4,0,17,496,504,121,19,155,15
2,1000,30,5.13,10.3,18,37,91,950,24,14,12,50,8.481266154,185,123,13.05835686,17.96009174,9.324808028,7.617233384,473,17,11,5,33,477,7,3,7,17,506,494,103,20,160,25
4,1000,30,5.13,10.3,18,37,86,949,31,11,9,51,8.535054183,146,113,11.74944637,15.07268656,9.870009754,7.365402678,429,25,7,6,38,520,6,4,3,13,467,533,99,14,132,14
7,1000,30,5.13,10.3,18,37,88,943,36,14,7,57,8.917535282,140,131,11.57500866,15.15142993,10.19449671,7.609554551,467,23,12,4,39,476,13,2,3,18,506,494,105,26,121,19
8,1000,30,5.13,10.3,18,37,94,944,36,8,12,56,8.617422327,184,142,13.55783782,17.91778968,10.03457326,7.277470281,445,26,6,9,41,499,10,2,3,15,486,514,125,17,163,21
6,1000,30,5.13,10.3,18,37,93,965,24,7,4,35,8.277613255,152,113,11.97819287,16.38065955,9.031835897,7.547145657,472,13,5,2,20,493,11,2,2,15,492,508,90,23,138,14
3,1000,30,5.13,10.3,18,37,89,936,34,12,18,64,8.85815663,165,133,12.28083865,16.32777453,10.27272625,7.426509715,452,28,9,14,51,484,6,3,4,13,503,497,108,25,148,17
5,1000,30,5.13,10.3,18,37,87,956,32,9,3,44,8.440857354,176,142,13.77003887,17.4130858,9.083744299,7.808174964,470,18,5,3,26,486,14,4,0,18,496,504,125,17,161,15
1,1000,30,5.13,10.3,18,37,79,953,30,8,9,47,8.612478401,141,115,10.96397655,14.08023757,9.640501817,7.498786368,488,20,6,6,32,465,10,2,3,15,520,480,90,25,120,21
2,1000,30,5.13,10.3,18,37,92,949,25,14,12,51,8.489738462,199,144,13.31281018,18.35747625,9.398437289,7.55896598,471,19,11,5,35,478,6,3,7,16,506,494,122,22,177,22
8,1000,30,5.13,10.3,18,37,95,944,37,7,12,56,8.620111892,145,131,13.92112939,18.45272422,10.09073693,7.229598727,445,26,6,9,41,499,11,1,3,15,486,514,120,11,138,7
4,1000,30,5.13,10.3,18,37,87,949,30,12,9,51,8.573564282,173,124,11.85447655,15.19837368,9.926931187,7.387781272,430,23,8,6,37,519,7,4,3,14,467,533,106,18,157,16
7,1000,30,5.13,10.3,18,37,89,944,35,14,7,56,8.902101697,135,115,11.70892929,15.33497479,10.19901448,7.57368496,467,23,12,4,39,477,12,2,3,17,506,494,92,23,120,15
6,1000,30,5.13,10.3,18,37,94,965,24,7,4,35,8.286406812,146,129,12.14842219,16.65899759,9.081736732,7.516126653,471,14,5,2,21,494,10,2,2,14,492,508,112,17,131,15
3,1000,30,5.13,10.3,18,37,90,933,37,12,18,67,8.866734737,153,126,12.50557077,16.55447523,10.30584714,7.410248744,450,30,9,14,53,483,7,3,4,14,503,497,107,19,142,11
5,1000,30,5.13,10.3,18,37,88,958,30,9,3,42,8.387502603,185,122,13.99310617,17.71916421,9.077776557,7.708185379,470,18,5,3,26,488,12,4,0,16,496,504,105,17,165,20
1,1000,30,5.13,10.3,18,37,80,952,31,8,9,48,8.650507605,144,101,11.09452709,14.25050286,9.713813834,7.498592523,488,20,6,6,32,464,11,2,3,16,520,480,83,18,115,29
2,1000,30,5.13,10.3,18,37,93,949,25,14,12,51,8.507628361,185,163,13.49563563,18.61646931,9.408198539,7.585181984,471,19,11,5,35,478,6,3,7,16,506,494,137,26,164,21
8,1000,30,5.13,10.3,18,37,96,942,38,8,12,58,8.644603766,175,140,14.1948647,18.78776237,10.15330507,7.218088528,443,28,6,9,43,499,10,2,3,15,486,514,121,19,162,13
7,1000,30,5.13,10.3,18,37,90,943,35,15,7,57,8.90570343,153,128,11.83702224,15.53312447,10.19862274,7.581377171,467,22,13,4,39,476,13,2,3,18,506,494,112,16,136,17
4,1000,30,5.13,10.3,18,37,88,949,30,12,9,51,8.611457578,183,130,11.98695413,15.41112097,10.03410563,7.364972327,430,23,8,6,37,519,7,4,3,14,467,533,103,27,161,22
6,1000,30,5.13,10.3,18,37,95,966,24,6,4,34,8.251074798,161,119,12.26091806,16.79796393,9.080311337,7.447955946,470,15,5,2,22,496,9,1,2,12,492,508,92,27,150,11
3,1000,30,5.13,10.3,18,37,91,931,39,12,18,69,8.873082053,160,140,12.68070461,16.826247,10.34229979,7.386127285,449,31,9,14,54,482,8,3,4,15,503,497,118,22,142,18
5,1000,30,5.13,10.3,18,37,89,956,30,11,3,44,8.432505627,155,126,14.18130523,17.93225102,9.177066554,7.699763128,468,18,7,3,28,488,12,4,0,16,496,504,105,21,140,15
2,1000,30,5.13,10.3,18,37,94,949,24,15,12,51,8.476961496,156,137,13.74023592,18.93803628,9.44532562,7.485074357,471,18,12,5,35,478,6,3,7,16,506,494,121,16,147,9
1,1000,30,5.13,10.3,18,37,81,952,31,8,9,48,8.672716164,139,104,11.26554491,14.44526229,9.751533453,7.503997435,488,20,6,6,32,464,11,2,3,16,520,480,80,24,118,21
8,1000,30,5.13,10.3,18,37,97,942,37,9,12,58,8.667872717,185,134,14.58880718,19.30601153,10.16210566,7.255037681,443,27,7,9,43,499,10,2,3,15,486,514,107,27,170,15
7,1000,30,5.13,10.3,18,37,91,942,35,16,7,58,8.924482163,161,134,12.06020862,15.84009586,10.21774455,7.599804497,467,22,13,4,39,475,13,3,3,19,506,494,118,16,144,17
6,1000,30,5.13,10.3,18,37,96,965,24,6,5,35,8.270430279,170,130,12.4108029,17.0079014,9.122549919,7.445149053,470,15,5,2,22,495,9,1,3,13,492,508,116,14,157,13
4,1000,30,5.13,10.3,18,37,89,949,29,13,9,51,8.626842923,168,117,12.12463945,15.60904424,10.09641878,7.339240816,430,22,9,6,37,519,7,4,3,14,467,533,95,22,153,15
3,1000,30,5.13,10.3,18,37,92,932,37,13,18,68,8.869887839,170,133,12.9007076,17.17334161,10.39183487,7.329567204,449,30,10,14,54,483,7,3,4,14,503,497,108,25,154,16
5,1000,30,5.13,10.3,18,37,90,955,31,11,3,45,8.432470909,172,167,14.45761895,18.29322532,9.192510727,7.684495215,468,18,7,3,28,487,13,4,0,17,496,504,141,26,153,19
2,1000,30,5.13,10.3,18,37,95,950,22,16,12,50,8.440809987,185,144,13.98530758,19.28098736,9.482941518,7.37336352,471,18,12,5,35,479,4,4,7,15,506,494,121,23,167,18
8,1000,30,5.13,10.3,18,37,98,943,36,9,12,57,8.636370519,179,135,15.10370255,20.02086756,10.19079529,7.166622581,443,27,7,9,43,500,9,2,3,14,486,514,116,19,162,17
7,1000,30,5.13,10.3,18,37,92,942,36,14,8,58,8.914338588,158,113,12.22871576,16.11602146,10.2568612,7.539204095,466,23,12,5,40,476,13,2,3,18,506,494,95,18,141,17
1,1000,30,5.13,10.3,18,37,82,952,29,10,9,48,8.684821478,146,109,11.37486491,14.5972004,9.789147994,7.488467753,488,19,7,6,32,464,10,3,3,16,520,480,93,16,127,19
6,1000,30,5.13,10.3,18,37,97,965,24,6,5,35,8.312756766,150,121,12.60405984,17.2458434,9.16843552,7.484028523,470,15,5,2,22,495,9,1,3,13,492,508,104,17,132,18
4,1000,30,5.13,10.3,18,37,90,948,30,13,9,52,8.626371972,166,135,12.27410195,15.79961618,10.14360583,7.297013225,429,23,9,6,38,519,7,4,3,14,467,533,121,14,146,20
3,1000,30,5.13,10.3,18,37,93,933,36,13,18,67,8.860014367,167,123,13.0870608,17.43475576,10.39745219,7.30401593,449,30,10,14,54,484,6,3,4,13,503,497,103,20,146,21
5,1000,30,5.13,10.3,18,37,91,955,31,11,3,45,8.442326876,163,135,14.70032829,18.53932539,9.2403932,7.656928272,468,18,7,3,28,487,13,4,0,17,496,504,116,19,147,16
2,1000,30,5.13,10.3,18,37,96,953,19,16,12,47,8.404301414,178,132,14.27080418,19.64471238,9.472304498,7.310354935,473,16,12,5,33,480,3,4,7,14,506,494,118,14,161,17
8,1000,30,5.13,10.3,18,37,99,940,38,10,12,60,8.642641748,178,168,15.5540104,20.5663566,10.22731111,7.144296786,441,28,8,9,45,499,10,2,3,15,486,514,146,22,164,14
6,1000,30,5.13,10.3,18,37,98,963,26,6,5,37,8.315665621,167,147,12.77417388,17.45967682,9.194145012,7.464854873,468,17,5,2,24,495,9,1,3,13,492,508,127,20,149,18
7,1000,30,5.13,10.3,18,37,93,942,35,14,9,58,8.934904903,158,126,12.39649295,16.33341001,10.31284028,7.523497412,466,22,12,6,40,476,13,2,3,18,506,494,113,13,141,17
1,1000,30,5.13,10.3,18,37,83,952,29,10,9,48,8.684243517,160,117,11.48579047,14.72067329,9.836137256,7.436358634,488,19,7,6,32,464,10,3,3,16,520,480,93,24,134,26
4,1000,30,5.13,10.3,18,37,91,947,31,13,9,53,8.670547077,159,111,12.45300149,16.09342834,10.19821935,7.332042482,429,23,9,6,38,518,8,4,3,15,467,533,96,15,150,9
3,1000,30,5.13,10.3,18,37,94,933,36,13,18,67,8.849942422,159,143,13.27182844,17.63229476,10.44016445,7.240522542,448,31,10,14,55,485,5,3,4,12,503,497,118,25,145,14
5,1000,30,5.13,10.3,18,37,92,954,32,11,3,46,8.413686135,172,138,15.06630713,18.98944078,9.280025478,7.56109821,466,20,7,3,30,488,12,4,0,16,496,504,122,16,151,21
2,1000,30,5.13,10.3,18,37,97,954,18,17,11,46,8.401129261,172,124,14.48963102,20.01773872,9.481530931,7.294483017,473,16,12,5,33,481,2,5,6,13,506,494,105,19,157,15
8,1000,30,5.13,10.3,18,37,100,940,38,10,12,60,8.62355799,199,153,16.11966063,21.25397343,10.26644205,7.070169558,441,28,8,9,45,499,10,2,3,15,486,514,136,17,185,14
6,1000,30,5.13,10.3,18,37,99,962,27,6,5,38,8.32774439,166,128,12.91647249,17.71323976,9.238977162,7.445211863,468,17,5,2,24,494,10,1,3,14,492,508,103,25,148,18
7,1000,30,5.13,10.3,18,37,94,941,35,15,9,59,8.905018137,164,130,12.57218186,16.65019973,10.33740091,7.437840636,465,22,13,6,41,476,13,2,3,18,506,494,109,21,150,14
4,1000,30,5.13,10.3,18,37,92,947,31,13,9,53,8.66092447,180,119,12.59780214,16.31044224,10.22755652,7.288284379,429,23,9,6,38,518,8,4,3,15,467,533,102,17,155,25
1,1000,30,5.13,10.3,18,37,84,951,30,11,8,49,8.675978324,159,135,11.64594674,14.89996926,9.85836204,7.395062632,486,20,8,6,34,465,10,3,2,15,520,480,114,21,137,22
3,1000,30,5.13,10.3,18,37,95,933,37,13,17,67,8.828292001,163,132,13.47961936,17.83027092,10.46173966,7.175124651,448,31,10,14,55,485,6,3,3,12,503,497,117,15,148,15
5,1000,30,5.13,10.3,18,37,93,956,31,10,3,44,8.377538489,178,148,15.39420818,19.39036547,9.27103951,7.498220024,467,20,6,3,29,489,11,4,0,15,496,504,127,21,161,17
2,1000,30,5.13,10.3,18,37,98,951,20,18,11,49,8.445998185,178,144,14.70923406,20.3442168,9.597357782,7.26667034,470,18,13,5,36,481,2,5,6,13,506,494,127,17,156,22
8,1000,30,5.13,10.3,18,37,101,941,36,10,13,59,8.622429046,173,172,16.75146693,22.04212777,10.29397696,7.041938214,441,27,8,10,45,500,9,2,3,14,486,514,156,16,165,8
6,1000,30,5.13,10.3,18,37,100,962,27,6,5,38,8.319296586,157,120,13.02896072,17.90843921,9.23803862,7.429491308,468,17,5,2,24,494,10,1,3,14,492,508,107,13,146,11
7,1000,30,5.13,10.3,18,37,95,939,36,17,8,61,8.931906736,164,137,12.7349073,16.88250505,10.38187973,7.446711723,465,22,13,6,41,474,14,4,2,20,506,494,110,27,150,14
4,1000,30,5.13,10.3,18,37,93,946,31,14,9,54,8.695883948,145,129,12.83147957,16.61164617,10.27384705,7.313315904,429,22,10,6,38,517,9,4,3,16,467,533,114,15,131,14
1,1000,30,5.13,10.3,18,37,85,952,29,11,8,48,8.68804126,141,122,11.78337941,15.05795435,9.892906597,7.382770478,487,19,8,6,33,465,10,3,2,15,520,480,94,28,125,16
3,1000,30,5.13,10.3,18,37,96,933,37,13,17,67,8.833145181,167,139,13.75996574,18.16623024,10.49029385,7.15599069,448,31,10,14,55,485,6,3,3,12,503,497,120,19,151,16
2,1000,30,5.13,10.3,18,37,99,950,21,17,12,50,8.46760544,174,120,15.03885908,20.7514973,9.61345035,7.293926241,470,18,13,5,36,480,3,4,7,14,506,494,112,8,159,15
8,1000,30,5.13,10.3,18,37,102,942,35,10,13,58,8.599685752,214,162,17.11059686,22.52582648,10.31283406,6.979860694,441,27,8,10,45,501,8,2,3,13,486,514,148,14,197,17
5,1000,30,5.13,10.3,18,37,94,957,30,9,4,43,8.366141548,190,164,15.72100018,19.81446238,9.311076805,7.436205263,467,20,5,4,29,490,10,4,0,14,496,504,145,19,174,16
6,1000,30,5.13,10.3,18,37,101,962,27,6,5,38,8.312483742,183,122,13.22564081,18.14647625,9.254143715,7.40048235,468,17,5,2,24,494,10,1,3,14,492,508,107,15,158,25
7,1000,30,5.13,10.3,18,37,96,939,36,17,8,61,8.932500365,168,123,12.95617395,17.17963463,10.40296647,7.426314434,465,22,13,6,41,474,14,4,2,20,506,494,103,20,149,19
3,1000,30,5.13,10.3,18,37,97,933,37,13,17,67,8.859276743,177,128,13.94345617,18.39341791,10.52986493,7.168520494,448,31,10,14,55,485,6,3,3,12,503,497,115,13,159,18
4,1000,30,5.13,10.3,18,37,94,947,29,15,9,53,8.692873806,184,151,12.97397723,16.7556798,10.32544788,7.262457119,429,21,11,6,38,518,8,4,3,15,467,533,131,20,167,17
1,1000,30,5.13,10.3,18,37,86,951,29,12,8,49,8.719757601,145,124,11.93553867,15.27877265,9.979745188,7.354771049,485,20,9,6,35,466,9,3,2,14,520,480,98,26,128,17
8,1000,30,5.13,10.3,18,37,103,942,35,9,14,58,8.577703533,185,158,17.80329122,23.32633943,10.3306685,6.920230825,441,27,7,11,45,501,8,2,3,13,486,514,145,13,164,21
2,1000,30,5.13,10.3,18,37,100,949,22,17,12,51,8.457296418,180,145,15.27865574,21.07415185,9.661634363,7.2237033,469,19,13,5,37,480,3,4,7,14,506,494,127,18,167,13
5,1000,30,5.13,10.3,18,37,95,957,30,9,4,43,8.336205099,190,158,16.00179717,20.15194206,9.319433201,7.368583791,466,21,5,4,30,491,9,4,0,13,496,504,140,18,178,12
6,1000,30,5.13,10.3,18,37,102,960,28,6,6,40,8.342785989,175,133,13.42610421,18.43299494,9.305339374,7.410549246,467,17,5,3,25,493,11,1,3,15,492,508,120,13,157,18
7,1000,30,5.13,10.3,18,37,97,940,34,18,8,60,8.944201094,166,127,13.14696341,17.40067034,10.46867986,7.382690454,465,22,13,6,41,475,12,5,2,19,506,494,114,13,151,15
3,1000,30,5.13,10.3,18,37,98,932,37,14,17,68,8.833516322,189,132,14.17263415,18.64115057,10.53974763,7.106686648,447,31,11,14,56,485,6,3,3,12,503,497,112,20,164,25
4,1000,30,5.13,10.3,18,37,95,947,28,17,8,53,8.688486916,192,136,13.12878267,16.95856739,10.40540123,7.184173621,429,20,12,6,38,518,8,5,2,15,467,533,112,24,175,17
8,1000,30,5.13,10.3,18,37,104,942,35,9,14,58,8.59197645,203,154,18.54574097,24.38131948,10.33946052,6.939686062,441,27,7,11,45,501,8,2,3,13,486,514,141,13,181,22
2,1000,30,5.13,10.3,18,37,101,949,22,17,12,51,8.458175092,202,153,15.68571351,21.65314064,9.679760426,7.20691562,469,19,13,5,37,480,3,4,7,14,506,494,129,24,174,28
9,1000,30,5.13,10.3,18,37,0,939,29,20,12,61,7.198,101,84,7.512237909,9.213164971,6.083507307,8.222648752,465,8,5,1,14,474,21,15,11,47,479,521,53,31,70,31
1,1000,30,5.13,10.3,18,37,87,951,29,12,8,49,8.702235866,153,135,12.22023578,15.62694119,9.981289616,7.316594303,485,20,9,6,35,466,9,3,2,14,520,480,113,22,129,24
5,1000,30,5.13,10.3,18,37,96,956,31,9,4,44,8.359966696,190,162,16.4204292,20.55762621,9.405048633,7.33147336,465,22,5,4,31,491,9,4,0,13,496,504,140,22,174,16
6,1000,30,5.13,10.3,18,37,103,960,27,7,6,40,8.346222681,187,140,13.56994819,18.62721862,9.303657412,7.418943375,467,17,5,3,25,493,10,2,3,15,492,508,121,19,171,16
7,1000,30,5.13,10.3,18,37,98,941,33,18,8,59,8.948707876,165,119,13.38406141,17.76095788,10.48521351,7.374878217,465,22,13,6,41,476,11,5,2,18,506,494,101,18,150,15
3,1000,30,5.13,10.3,18,37,99,932,37,14,17,68,8.844377655,172,133,14.34745933,18.85605744,10.5588825,7.109174562,447,31,11,14,56,485,6,3,3,12,503,497,122,11,161,11
4,1000,30,5.13,10.3,18,37,96,947,28,17,8,53,8.671353115,178,140,13.32112814,17.24907518,10.39418071,7.161858764,429,20,12,6,38,518,8,5,2,15,467,533,123,17,161,17
2,1000,30,5.13,10.3,18,37,102,950,19,19,12,50,8.438025528,201,146,16.07655436,22.21901797,9.676893205,7.169063899,470,17,14,5,36,480,2,5,7,14,506,494,126,20,186,15
5,1000,30,5.13,10.3,18,37,97,954,32,10,4,46,8.36891512,195,156,16.91903609,21.17591144,9.498721832,7.257041848,463,23,6,4,33,491,9,4,0,13,496,504,137,19,180,15
9,1000,30,5.13,10.3,18,37,1,940,29,19,12,60,7.213450919,97,87,7.532999943,9.225252864,6.080680665,8.254903802,466,8,4,1,13,474,21,15,11,47,479,521,41,46,67,30
1,1000,30,5.13,10.3,18,37,88,951,29,12,8,49,8.736173321,142,108,12.36072197,15.78103383,10.05769732,7.304522323,485,20,9,6,35,466,9,3,2,14,520,480,91,17,118,24
6,1000,30,5.13,10.3,18,37,104,961,26,7,6,39,8.3516915,177,150,13.74489459,18.83115089,9.308500746,7.425017977,467,17,5,3,25,494,9,2,3,14,492,508,125,25,163,14
10,1000,30,5.13,10.3,18,37,0,939,33,16,12,61,7.35,94,81,7.419975511,9.027309112,6.576470588,8.155102041,485,15,5,5,25,454,18,11,7,36,510,490,42,39,47,47
7,1000,30,5.13,10.3,18,37,99,941,33,18,8,59,8.967360727,143,131,13.62358752,18.14144465,10.53296462,7.36372597,465,22,13,6,41,476,11,5,2,18,506,494,113,18,132,11
3,1000,30,5.13,10.3,18,37,100,932,37,14,17,68,8.838396031,197,122,14.579394,19.18456866,10.59529261,7.060289433,448,30,11,14,55,484,7,3,3,13,503,497,109,13,178,19
4,1000,30,5.13,10.3,18,37,97,946,27,17,10,54,8.667745177,176,134,13.48528034,17.46761179,10.4437817,7.111630622,429,19,11,8,38,517,8,6,2,16,467,533,111,23,161,15
5,1000,30,5.13,10.3,18,37,98,955,31,10,4,45,8.338089733,193,170,17.38241619,21.7710375,9.50967527,7.185100793,464,22,6,4,32,491,9,4,0,13,496,504,151,19,170,23
2,1000,30,5.13,10.3,18,37,103,950,19,19,12,50,8.425727042,173,166,16.47111549,22.74833646,9.720417125,7.099586997,470,17,14,5,36,480,2,5,7,14,506,494,146,20,159,14
9,1000,30,5.13,10.3,18,37,2,941,29,20,10,59,7.215528738,99,82,7.53365059,9.239064851,6.115518351,8.226862664,466,8,4,1,13,475,21,16,9,46,479,521,46,36,73,26
1,1000,30,5.13,10.3,18,37,89,950,30,12,8,50,8.749238804,148,142,12.59346119,16.02445865,10.07578495,7.312147147,484,21,9,6,36,466,9,3,2,14,520,480,126,16,128,20
10,1000,30,5.13,10.3,18,37,1,941,32,15,12,59,7.351839958,94,82,7.420306561,9.047768008,6.600959517,8.13336858,486,15,4,5,24,455,17,11,7,35,510,490,47,35,69,25
7,1000,30,5.13,10.3,18,37,100,942,33,18,7,58,8.937922592,167,148,13.85141391,18.49990603,10.48704543,7.351169242,465,23,13,5,41,477,10,5,2,17,506,494,122,26,152,15
3,1000,30,5.13,10.3,18,37,101,932,39,13,16,68,8.842946687,194,146,14.75457062,19.43953778,10.61641746,7.048065808,447,31,11,14,56,485,8,2,2,12,503,497,132,14,168,26
4,1000,30,5.13,10.3,18,37,98,945,28,17,10,55,8.643719804,169,129,13.76086589,17.82581917,10.45748746,7.054546271,428,20,11,8,39,517,8,6,2,16,467,533,112,17,154,15
2,1000,30,5.13,10.3,18,37,104,948,21,19,12,52,8.469034435,193,153,16.95778906,23.41421999,9.769431191,7.137049094,470,17,14,5,36,478,4,5,7,16,506,494,133,20,184,9
5,1000,30,5.13,10.3,18,37,99,954,31,11,4,46,8.336959349,187,184,17.81770954,22.33561406,9.544871305,7.148220598,463,22,7,4,33,491,9,4,0,13,496,504,158,26,175,12
11,1000,30,5.13,10.3,18,37,0,935,34,13,18,65,7.017,91,72,7.44781458,9.165869044,6.244488978,7.786427146,477,15,5,2,22,458,19,8,16,43,499,501,43,29,61,30
9,1000,30,5.13,10.3,18,37,3,943,28,19,10,57,7.227788958,91,94,7.536193709,9.23213973,6.177508092,8.193402268,466,8,3,2,13,477,20,16,8,44,479,521,52,42,64,27
10,1000,30,5.13,10.3,18,37,2,942,31,15,12,58,7.384085815,75,81,7.439605797,9.097032041,6.656117917,8.141766688,486,15,4,5,24,456,16,11,7,34,510,490,42,39,54,21
7,1000,30,5.13,10.3,18,37,101,941,32,19,8,59,8.955438175,189,133,14.09625153,19.012428,10.53828823,7.334138319,464,22,14,6,42,477,10,5,2,17,506,494,121,12,174,15
1,1000,30,5.13,10.3,18,37,90,950,30,12,8,50,8.766046875,157,141,12.79498933,16.23938575,10.08300454,7.339342739,484,21,9,6,36,466,9,3,2,14,520,480,118,23,140,17
3,1000,30,5.13,10.3,18,37,102,933,38,13,16,67,8.860375405,202,144,14.97793435,19.76145228,10.65975482,7.0392731,447,31,11,14,56,486,7,2,2,11,503,497,124,20,177,25
4,1000,30,5.13,10.3,18,37,99,943,30,17,10,57,8.65902379,186,135,14.02169621,18.15209077,10.52161417,7.027073124,426,22,11,8,41,517,8,6,2,16,467,533,115,20,176,10
5,1000,30,5.13,10.3,18,37,100,954,29,13,4,46,8.376702725,195,180,18.19656033,22.72346471,9.630955923,7.142358308,463,20,9,4,33,491,9,4,0,13,496,504,160,20,184,11
11,1000,30,5.13,10.3,18,37,1,937,32,14,17,63,7.029474839,81,74,7.463976075,9.185357084,6.282052543,7.773913413,477,14,6,2,22,460,18,8,15,41,499,501,46,28,57,24
9,1000,30,5.13,10.3,18,37,4,945,28,17,10,55,7.219348033,111,79,7.537907304,9.271631558,6.193612145,8.162395039,466,8,3,2,13,479,20,14,8,42,479,521,46,33,78,33
7,1000,30,5.13,10.3,18,37,102,941,32,19,8,59,8.996711922,178,144,14.40084693,19.48489832,10.59163745,7.363043262,464,22,14,6,42,477,10,5,2,17,506,494,126,18,157,21
1,1000,30,5.13,10.3,18,37,91,951,29,12,8,49,8.785164856,163,108,12.97167039,16.43456866,10.13083706,7.327353297,484,21,9,6,36,467,8,3,2,13,520,480,85,23,143,20
10,1000,30,5.13,10.3,18,37,3,945,29,14,12,55,7.392334141,109,81,7.453395895,9.12477971,6.681244376,8.132447978,487,14,4,5,23,458,15,10,7,32,510,490,46,35,74,35
3,1000,30,5.13,10.3,18,37,103,933,38,13,16,67,8.874614365,173,154,15.22379375,20.11867644,10.69134845,7.035947877,447,31,11,14,56,486,7,2,2,11,503,497,130,24,158,15
5,1000,30,5.13,10.3,18,37,101,954,28,13,5,46,8.396477907,205,163,18.60140257,23.24610097,9.680988527,7.132356345,463,19,9,5,33,491,9,4,0,13,496,504,154,9,186,19
4,1000,30,5.13,10.3,18,37,100,943,30,17,10,57,8.655582862,167,155,14.21517238,18.43820728,10.550378,6.995415263,426,22,11,8,41,517,8,6,2,16,467,533,130,25,152,15
11,1000,30,5.13,10.3,18,37,2,938,33,12,17,62,7.043057414,91,89,7.457047065,9.209456796,6.319753018,7.763474367,477,15,5,2,22,461,18,7,15,40,499,501,52,37,63,28
9,1000,30,5.13,10.3,18,37,5,946,26,18,10,54,7.227314243,93,81,7.569767456,9.298490044,6.198750443,8.172961191,466,7,4,2,13,480,19,14,8,41,479,521,42,39,66,27
7,1000,30,5.13,10.3,18,37,103,939,32,21,8,61,9.047953016,179,152,14.7712793,19.98613533,10.66703453,7.389541591,462,23,15,6,44,477,9,6,2,17,506,494,137,15,162,17
10,1000,30,5.13,10.3,18,37,4,946,28,14,12,54,7.405556561,100,80,7.445526633,9.160136095,6.755698223,8.081939731,487,14,4,5,23,459,14,10,7,31,510,490,46,34,73,27
1,1000,30,5.13,10.3,18,37,92,951,29,12,8,49,8.772324956,165,129,13.08910892,16.58255249,10.14190898,7.288608931,484,21,9,6,36,467,8,3,2,13,520,480,109,20,144,21
3,1000,30,5.13,10.3,18,37,104,932,39,12,17,68,8.903181483,183,160,15.47628383,20.4999255,10.77389499,7.009883906,445,33,10,15,58,487,6,2,2,10,503,497,142,18,164,19
12,1000,30,5.13,10.3,18,37,0,947,23,9,21,53,7.148,92,83,7.479332073,8.957698803,6.024193548,8.253968254,484,6,2,4,12,463,17,7,17,41,496,504,49,34,59,33
5,1000,30,5.13,10.3,18,37,102,955,27,13,5,45,8.357137397,209,171,19.23120069,24.0074614,9.69842554,7.037139542,463,19,9,5,33,492,8,4,0,12,496,504,154,17,197,12
4,1000,30,5.13,10.3,18,37,101,942,30,18,10,58,8.633471721,165,138,14.44912912,18.69239717,10.58165295,6.926528692,426,21,12,8,41,516,9,6,2,17,467,533,127,11,153,12
11,1000,30,5.13,10.3,18,37,3,939,33,12,16,61,7.052018623,90,77,7.479974374,9.231876629,6.342945135,7.758261478,477,15,5,2,22,462,18,7,14,39,499,501,48,29,59,31
7,1000,30,5.13,10.3,18,37,104,939,32,21,8,61,9.04890917,172,155,15.01443205,20.26034711,10.68962609,7.368336775,462,23,15,6,44,477,9,6,2,17,506,494,136,19,160,12
9,1000,30,5.13,10.3,18,37,6,946,25,18,11,54,7.287319601,96,80,7.610303828,9.353866331,6.265607321,8.22666736,465,8,4,2,14,481,17,14,9,40,479,521,52,28,63,33
13,1000,30,5.13,10.3,18,37,0,942,25,16,17,58,7.225,92,82,7.513666559,9.140376594,6.768421053,7.638095238,454,9,8,4,21,488,16,8,13,37,475,525,39,43,71,21
10,1000,30,5.13,10.3,18,37,5,945,29,14,12,55,7.467953313,88,81,7.44978862,9.160895581,6.816445239,8.146053554,486,15,4,5,24,459,14,10,7,31,510,490,49,32,66,22
1,1000,30,5.13,10.3,18,37,93,950,29,13,8,50,8.803257149,162,126,13.44142613,16.9261682,10.19301056,7.297690951,484,21,9,6,36,466,8,4,2,14,520,480,109,17,140,22
12,1000,30,5.13,10.3,18,37,1,949,22,10,19,51,7.103176857,99,78,7.490211358,8.975119831,6.023758714,8.165461378,484,6,2,4,12,465,16,8,15,39,496,504,47,31,66,33
5,1000,30,5.13,10.3,18,37,103,953,29,13,5,47,8.383785368,192,186,19.66816583,24.46587481,9.729611032,7.059322018,463,19,9,5,33,490,10,4,0,14,496,504,165,21,180,12
11,1000,30,5.13,10.3,18,37,4,940,32,11,17,60,7.074611014,90,68,7.492555393,9.246925635,6.368086906,7.778314666,478,14,5,2,21,462,18,6,15,39,499,501,41,27,57,33
4,1000,30,5.13,10.3,18,37,102,942,29,19,10,58,8.647407105,181,145,14.63736076,18.95696864,10.65069943,6.892177242,426,20,13,8,41,516,9,6,2,17,467,533,133,12,168,13
13,1000,30,5.13,10.3,18,37,1,942,25,16,17,58,7.238653288,95,83,7.518041023,9.155579145,6.790491323,7.64413316,454,9,8,4,21,488,16,8,13,37,475,525,53,30,68,27
9,1000,30,5.13,10.3,18,37,7,945,26,18,11,55,7.303712482,101,111,7.626032959,9.409693098,6.278793927,8.246008044,465,8,4,2,14,480,18,14,9,41,479,521,68,43,69,32
10,1000,30,5.13,10.3,18,37,6,943,31,14,12,57,7.520581003,93,77,7.473961271,9.217277848,6.858746701,8.209428949,485,16,4,5,25,458,15,10,7,32,510,490,46,31,64,29
1,1000,30,5.13,10.3,18,37,94,948,31,13,8,52,8.830013615,159,129,13.53897652,17.09586646,10.21972977,7.324487778,483,22,9,6,37,465,9,4,2,15,520,480,109,20,140,19
12,1000,30,5.13,10.3,18,37,2,950,21,10,19,50,7.085722661,97,86,7.501923151,8.992049595,6.036076202,8.118708065,484,6,2,4,12,466,15,8,15,38,496,504,51,35,70,27
5,1000,30,5.13,10.3,18,37,104,954,28,13,5,46,8.368286445,197,190,20.46539132,25.3506147,9.752082959,7.006454955,463,19,9,5,33,491,9,4,0,13,496,504,167,23,180,17
14,1000,30,5.13,10.3,18,37,0,948,16,17,19,52,6.947,96,84,7.500408885,8.950446732,6.237704918,7.623046875,472,6,4,6,16,476,10,13,13,36,488,512,47,37,65,31
11,1000,30,5.13,10.3,18,37,5,941,31,11,17,59,7.096327614,96,72,7.495196162,9.254605063,6.413831595,7.776099097,479,13,5,2,20,462,18,6,15,39,499,501,48,24,59,37
4,1000,30,5.13,10.3,18,37,103,943,28,19,10,57,8.666048857,183,149,14.83005653,19.21495246,10.72744194,6.859912706,426,20,13,8,41,517,8,6,2,16,467,533,129,20,173,10
13,1000,30,5.13,10.3,18,37,2,941,25,17,17,59,7.29103068,91,83,7.51688554,9.190601841,6.902511788,7.642547773,454,8,9,4,21,487,17,8,13,38,475,525,51,32,60,31
9,1000,30,5.13,10.3,18,37,8,947,26,16,11,53,7.292476792,103,79,7.625351907,9.474322476,6.29835707,8.206456345,465,8,4,2,14,482,18,12,9,39,479,521,51,28,82,21
10,1000,30,5.13,10.3,18,37,7,944,31,14,11,56,7.524294272,101,83,7.471436491,9.255336499,6.870551176,8.204720758,486,16,3,5,24,458,15,11,6,32,510,490,49,34,72,29
12,1000,30,5.13,10.3,18,37,3,949,21,11,19,51,7.117898584,105,78,7.510318224,9.035176993,6.060407428,8.158604165,483,7,2,4,13,466,14,9,15,38,496,504,44,34,70,35
1,1000,30,5.13,10.3,18,37,95,949,30,13,8,51,8.825335353,168,125,13.95269695,17.47858435,10.24032678,7.292427968,483,22,9,6,37,466,8,4,2,14,520,480,110,15,151,17
14,1000,30,5.13,10.3,18,37,1,948,17,17,18,52,6.978369835,94,93,7.50682906,8.983208615,6.301334056,7.623669562,472,6,4,6,16,476,11,13,12,36,488,512,53,40,64,30
11,1000,30,5.13,10.3,18,37,6,943,30,10,17,57,7.105785999,103,75,7.498835243,9.295965466,6.464519411,7.744492641,479,13,5,2,20,464,17,5,15,37,499,501,46,29,65,38
13,1000,30,5.13,10.3,18,37,3,941,25,17,17,59,7.305781691,93,65,7.550252549,9.218353724,6.928423891,7.647200652,454,8,9,4,21,487,17,8,13,38,475,525,31,34,63,30
4,1000,30,5.13,10.3,18,37,104,942,29,19,10,58,8.691189818,202,153,15.13394773,19.61440115,10.79614026,6.846889902,425,21,13,8,42,517,8,6,2,16,467,533,137,16,177,25
15,1000,30,5.13,10.3,18,37,0,939,37,11,13,61,7.122,86,79,7.560798447,9.106281489,6.27254509,7.968063872,477,16,5,1,22,462,21,6,12,39,499,501,48,31,63,23
9,1000,30,5.13,10.3,18,37,9,948,26,15,11,52,7.300586491,108,97,7.645057039,9.526375598,6.307159818,8.213928864,465,8,4,2,14,483,18,11,9,38,479,521,54,43,73,35
10,1000,30,5.13,10.3,18,37,8,947,29,13,11,53,7.517277212,81,73,7.497978616,9.293024088,6.913912424,8.145269135,486,16,3,5,24,461,13,10,6,29,510,490,35,38,56,25
12,1000,30,5.13,10.3,18,37,4,953,20,11,16,47,7.120661897,97,70,7.515944115,9.050608433,6.095592523,8.12946033,484,6,2,4,12,469,14,9,12,35,496,504,41,29,68,29
1,1000,30,5.13,10.3,18,37,96,949,30,13,8,51,8.840710032,196,144,14.34394443,17.85693273,10.2582135,7.30508127,484,21,9,6,36,465,9,4,2,15,520,480,126,18,173,23
14,1000,30,5.13,10.3,18,37,2,948,18,17,17,52,6.976352678,104,72,7.525855331,8.991233497,6.356397937,7.567247041,472,6,4,6,16,476,12,13,11,36,488,512,42,30,66,38
11,1000,30,5.13,10.3,18,37,7,943,30,10,17,57,7.124495988,103,77,7.531239762,9.327520915,6.482467289,7.763961699,479,13,5,2,20,464,17,5,15,37,499,501,47,30,62,41
13,1000,30,5.13,10.3,18,37,4,943,24,16,17,57,7.293464831,111,82,7.565213798,9.25527081,6.956706486,7.598150952,454,8,9,4,21,489,16,7,13,36,475,525,40,42,79,32
9,1000,30,5.13,10.3,18,37,10,949,26,15,10,51,7.321181586,111,83,7.64779532,9.554604724,6.329458087,8.232958085,465,8,4,2,14,484,18,11,8,37,479,521,58,25,75,36
15,1000,30,5.13,10.3,18,37,1,941,36,10,13,59,7.122084291,98,79,7.575727064,9.152567232,6.296545184,7.944327832,478,16,4,1,21,463,20,6,12,38,499,501,48,31,68,30
10,1000,30,5.13,10.3,18,37,9,947,29,13,11,53,7.522474745,98,84,7.510540745,9.312335487,6.931056309,8.138032709,486,16,3,5,24,461,13,10,6,29,510,490,45,39,68,30
12,1000,30,5.13,10.3,18,37,5,953,22,11,14,47,7.109775146,88,78,7.510862018,9.053069148,6.112936145,8.090791306,484,7,2,3,12,469,15,9,11,35,496,504,49,29,58,30
14,1000,30,5.13,10.3,18,37,3,949,18,16,17,51,7.001705238,90,88,7.540767417,9.042901699,6.387796245,7.586837247,472,6,4,6,16,477,12,12,11,35,488,512,47,41,54,36
1,1000,30,5.13,10.3,18,37,97,950,30,12,8,50,8.849246439,190,131,14.53941954,18.07577382,10.27682374,7.302704363,484,21,9,6,36,466,9,3,2,14,520,480,110,21,176,14
13,1000,30,5.13,10.3,18,37,5,943,24,16,17,57,7.340301617,109,90,7.582006592,9.278392274,7.007288429,7.641599263,454,8,9,4,21,489,16,7,13,36,475,525,54,36,64,45
11,1000,30,5.13,10.3,18,37,8,944,29,10,17,56,7.141205258,119,87,7.5625073,9.341407637,6.492167962,7.787651587,480,12,5,2,19,464,17,5,15,37,499,501,52,35,81,38
9,1000,30,5.13,10.3,18,37,11,950,26,15,9,50,7.312617859,120,84,7.672314468,9.589764196,6.385784806,8.164735004,464,9,4,2,15,486,17,11,7,35,479,521,53,31,88,32
15,1000,30,5.13,10.3,18,37,2,948,32,7,13,52,7.119132279,91,71,7.59810147,9.208022268,6.357024441,7.878197771,480,14,4,1,19,468,18,3,12,33,499,501,44,27,65,26
10,1000,30,5.13,10.3,18,37,10,950,26,13,11,50,7.532519257,108,88,7.516153819,9.33603652,6.961403081,8.126946298,488,13,4,5,22,462,13,9,6,28,510,490,49,39,76,32
12,1000,30,5.13,10.3,18,37,6,955,22,9,14,45,7.140680626,95,90,7.520718617,9.085664981,6.16085377,8.104954674,484,7,2,3,12,471,15,7,11,33,496,504,53,37,66,29
14,1000,30,5.13,10.3,18,37,4,949,18,16,17,51,7.028357584,99,79,7.546451512,9.082097522,6.467156875,7.563252009,472,6,4,6,16,477,12,12,11,35,488,512,41,38,66,33
13,1000,30,5.13,10.3,18,37,6,946,24,12,18,54,7.344273958,97,96,7.584453656,9.289253946,7.02447004,7.633620361,455,8,8,4,20,491,16,4,14,34,475,525,54,42,75,22
11,1000,30,5.13,10.3,18,37,9,943,30,10,17,57,7.178003084,106,85,7.593514415,9.371075448,6.535032485,7.818406934,480,12,5,2,19,463,18,5,15,38,499,501,43,42,70,36
1,1000,30,5.13,10.3,18,37,98,950,29,13,8,50,8.859959461,171,151,14.77294318,18.34004548,10.32120538,7.276943044,483,21,10,6,37,467,8,3,2,13,520,480,128,23,157,14
9,1000,30,5.13,10.3,18,37,12,951,27,14,8,49,7.361731132,91,73,7.705435055,9.626273053,6.454256925,8.196050029,464,9,4,2,15,487,18,10,6,34,479,521,50,23,70,21
15,1000,30,5.13,10.3,18,37,3,950,31,6,13,50,7.136287752,100,79,7.600700255,9.227690213,6.368149637,7.901359447,481,14,2,2,18,469,17,4,11,32,499,501,42,37,67,33
10,1000,30,5.13,10.3,18,37,11,951,24,14,11,49,7.545823051,94,92,7.553124875,9.365971185,7.016310263,8.096948606,488,13,4,5,22,463,11,10,6,27,510,490,57,35,70,24
12,1000,30,5.13,10.3,18,37,7,954,24,8,14,46,7.131872198,89,85,7.52657683,9.106908092,6.200541718,8.048419654,484,7,1,4,12,470,17,7,10,34,496,504,49,36,57,32
14,1000,30,5.13,10.3,18,37,5,950,18,16,16,50,7.028460377,89,78,7.552913272,9.099151802,6.467024215,7.563579219,472,7,4,5,16,478,11,12,11,34,488,512,45,33,62,27
13,1000,30,5.13,10.3,18,37,7,947,24,11,18,53,7.37544241,89,82,7.582907653,9.32186375,7.033153522,7.685132356,456,8,7,4,19,491,16,4,14,34,475,525,48,34,66,23
11,1000,30,5.13,10.3,18,37,10,943,29,11,17,57,7.19931157,89,81,7.613348127,9.398654686,6.546995156,7.849023926,480,12,5,2,19,463,17,6,15,38,499,501,48,33,64,25
9,1000,30,5.13,10.3,18,37,13,951,27,14,8,49,7.364110888,107,107,7.721584564,9.667948775,6.478405252,8.17841607,464,9,4,2,15,487,18,10,6,34,479,521,64,43,81,26
1,1000,30,5.13,10.3,18,37,99,948,31,13,8,52,8.879328304,179,137,15.33824408,18.90736107,10.37433091,7.259742148,481,23,10,6,39,467,8,3,2,13,520,480,113,24,158,21
10,1000,30,5.13,10.3,18,37,12,952,23,14,11,48,7.553151603,83,69,7.562221339,9.383291897,7.072710765,8.05320227,488,12,5,5,22,464,11,9,6,26,510,490,43,26,59,24
12,1000,30,5.13,10.3,18,37,8,956,23,7,14,44,7.133760536,104,72,7.525153477,9.138254402,6.25106005,8.002449902,484,7,1,4,12,472,16,6,10,32,496,504,44,28,76,28
15,1000,30,5.13,10.3,18,37,4,950,30,7,13,50,7.182120746,101,77,7.622450113,9.271346477,6.413746729,7.947427402,481,14,2,2,18,469,16,5,11,32,499,501,42,35,69,32
14,1000,30,5.13,10.3,18,37,6,950,18,16,16,50,7.047447355,93,77,7.570133531,9.133569108,6.504673872,7.564778331,472,7,4,5,16,478,11,12,11,34,488,512,44,33,65,28
13,1000,30,5.13,10.3,18,37,8,946,26,11,17,54,7.412511894,87,81,7.600019705,9.354393515,7.101603028,7.693810392,456,8,7,4,19,490,18,4,13,35,475,525,56,25,68,19
11,1000,30,5.13,10.3,18,37,11,941,31,11,17,59,7.232874926,85,78,7.644181394,9.450489957,6.59079826,7.872388413,480,12,5,2,19,461,19,6,15,40,499,501,36,42,64,21
9,1000,30,5.13,10.3,18,37,14,953,25,14,8,47,7.365734138,97,86,7.742828819,9.715423384,6.554605971,8.111473855,465,8,4,2,14,488,17,10,6,33,479,521,51,35,72,25
1,1000,30,5.13,10.3,18,37,100,948,31,13,8,52,8.867538099,175,145,15.74186992,19.39866728,10.36197426,7.248565587,481,23,10,6,39,467,8,3,2,13,520,480,124,21,156,19
10,1000,30,5.13,10.3,18,37,13,953,22,14,11,47,7.560730833,87,78,7.568355931,9.423119811,7.064516133,8.077199194,488,12,5,5,22,465,10,9,6,25,510,490,50,28,58,29
12,1000,30,5.13,10.3,18,37,9,954,25,7,14,46,7.181712547,95,79,7.536854576,9.170748462,6.316614474,8.033078905,483,8,1,4,13,471,17,6,10,33,496,504,45,34,63,32
14,1000,30,5.13,10.3,18,37,7,950,18,16,16,50,7.077824348,88,70,7.608657423,9.156874282,6.557591526,7.573671257,472,7,4,5,16,478,11,12,11,34,488,512,45,25,63,25
15,1000,30,5.13,10.3,18,37,5,952,28,7,13,48,7.195750179,92,71,7.626785005,9.31988907,6.428648885,7.959789192,482,13,2,2,17,470,15,5,11,31,499,501,36,35,63,29
13,1000,30,5.13,10.3,18,37,9,945,26,12,17,55,7.476047326,99,92,7.607493048,9.370203105,7.194809875,7.730500258,455,9,7,4,20,490,17,5,13,35,475,525,56,36,71,28
9,1000,30,5.13,10.3,18,37,15,950,28,14,8,50,7.413586978,102,88,7.773442018,9.758964754,6.604582623,8.157374092,465,8,4,2,14,485,20,10,6,36,479,521,53,35,73,29
11,1000,30,5.13,10.3,18,37,12,943,29,11,17,57,7.260356055,79,85,7.687330754,9.503287241,6.594930253,7.923125467,482,10,5,2,17,461,19,6,15,40,499,501,52,33,57,22
10,1000,30,5.13,10.3,18,37,14,955,22,12,11,45,7.57013643,77,87,7.589050011,9.453342341,7.092186168,8.067594866,488,12,5,5,22,467,10,7,6,23,510,490,50,37,54,23
12,1000,30,5.13,10.3,18,37,10,956,23,7,14,44,7.193837433,104,80,7.564518172,9.181800227,6.420661794,7.954740443,482,9,1,4,14,474,14,6,10,30,496,504,48,32,75,29
1,1000,30,5.13,10.3,18,37,101,946,31,15,8,54,8.89416718,170,161,15.90998923,19.62353367,10.42838476,7.232098139,480,22,12,6,40,466,9,3,2,14,520,480,132,29,157,13
14,1000,30,5.13,10.3,18,37,8,950,19,15,16,50,7.113646149,104,77,7.621739193,9.192727676,6.61394935,7.589919661,472,7,4,5,16,478,12,11,11,34,488,512,49,28,76,28
13,1000,30,5.13,10.3,18,37,10,944,29,12,15,56,7.525951076,100,82,7.621296068,9.392720278,7.274581601,7.7533806,454,10,7,4,21,490,19,5,11,35,475,525,50,32,72,28
15,1000,30,5.13,10.3,18,37,6,953,28,6,13,47,7.213518957,97,99,7.637244091,9.341225428,6.468100745,7.955961448,482,13,2,2,17,471,15,4,11,30,499,501,50,49,60,37
9,1000,30,5.13,10.3,18,37,16,948,29,15,8,52,7.421443603,98,81,7.799155496,9.800713813,6.624985885,8.153695517,463,9,5,2,16,485,20,10,6,36,479,521,53,28,78,20
11,1000,30,5.13,10.3,18,37,13,945,27,11,17,55,7.291774916,109,88,7.696799163,9.512647186,6.617883052,7.962976592,483,9,5,2,16,462,18,6,15,39,499,501,56,32,77,32
10,1000,30,5.13,10.3,18,37,15,955,22,12,11,45,7.591648043,111,98,7.608071792,9.498045407,7.073395247,8.131054014,488,12,5,5,22,467,10,7,6,23,510,490,61,37,77,34
12,1000,30,5.13,10.3,18,37,11,959,20,7,14,41,7.183768749,103,86,7.589273105,9.194026443,6.439984324,7.915747071,483,8,1,4,13,476,12,6,10,28,496,504,51,35,77,26
14,1000,30,5.13,10.3,18,37,9,951,18,15,16,49,7.13765766,78,73,7.625184636,9.216646553,6.635891725,7.615903318,472,7,4,5,16,479,11,11,11,33,488,512,41,32,57,21
1,1000,30,5.13,10.3,18,37,102,946,32,14,8,54,8.916484001,178,125,16.33392182,20.10744216,10.46665581,7.237131213,480,22,12,6,40,466,10,2,2,14,520,480,110,15,162,16
13,1000,30,5.13,10.3,18,37,11,944,29,13,14,56,7.525682011,88,96,7.615396813,9.430316409,7.309803201,7.721000934,454,10,7,4,21,490,19,6,10,35,475,525,54,42,64,24
15,1000,30,5.13,10.3,18,37,7,955,28,5,12,45,7.210788827,115,76,7.643200044,9.355997536,6.455286425,7.963275251,483,13,1,2,16,472,15,4,10,29,499,501,45,31,75,40
9,1000,30,5.13,10.3,18,37,17,947,30,14,9,53,7.479730338,102,92,7.799851128,9.840774862,6.702991827,8.193852692,463,9,4,3,16,484,21,10,6,37,479,521,57,35,80,22
11,1000,30,5.13,10.3,18,37,14,946,26,12,16,54,7.292400574,102,84,7.712245457,9.538999115,6.640513403,7.941685401,483,9,5,2,16,463,17,7,14,38,499,501,51,33,76,26
10,1000,30,5.13,10.3,18,37,16,954,23,12,11,46,7.598599949,101,78,7.618571535,9.537451442,7.088986766,8.129013671,487,13,5,5,23,467,10,7,6,23,510,490,46,32,71,30
12,1000,30,5.13,10.3,18,37,12,960,20,6,14,40,7.191945715,95,84,7.622800087,9.244241623,6.480045526,7.892545902,483,8,1,4,13,477,12,5,10,27,496,504,52,32,70,25
14,1000,30,5.13,10.3,18,37,10,951,19,14,16,49,7.145490401,94,71,7.64278931,9.247896139,6.682265778,7.58700137,471,8,4,5,17,480,11,10,11,32,488,512,44,27,70,24
13,1000,30,5.13,10.3,18,37,12,944,29,13,14,56,7.577828884,108,87,7.598761449,9.455369196,7.412539228,7.727376668,454,10,7,4,21,490,19,6,10,35,475,525,41,46,84,24
1,1000,30,5.13,10.3,18,37,103,942,33,17,8,58,8.977871892,163,151,16.69825452,20.45985394,10.5466654,7.278345595,478,22,14,6,42,464,11,3,2,16,520,480,131,20,141,22
9,1000,30,5.13,10.3,18,37,18,949,29,13,9,51,7.476986891,126,85,7.804255384,9.874732006,6.715395002,8.177183656,463,9,4,3,16,486,20,9,6,35,479,521,58,27,96,30
15,1000,30,5.13,10.3,18,37,8,958,23,7,12,42,7.204842956,107,78,7.650642322,9.375356928,6.4714038,7.935354211,484,11,2,2,15,474,12,5,10,27,499,501,57,21,82,25
11,1000,30,5.13,10.3,18,37,15,945,27,13,15,55,7.304312135,114,93,7.737731596,9.569752215,6.641282993,7.964694455,482,10,5,2,17,463,17,8,13,38,499,501,55,38,82,32
10,1000,30,5.13,10.3,18,37,17,954,23,11,12,46,7.606566759,118,80,7.630349519,9.564224501,7.092017374,8.142118159,487,13,5,5,23,467,10,6,7,23,510,490,47,33,83,35
12,1000,30,5.13,10.3,18,37,13,959,22,6,13,41,7.215093704,106,74,7.655866637,9.271370001,6.52246449,7.896728804,484,7,1,4,12,475,15,5,9,29,496,504,45,29,77,29
13,1000,30,5.13,10.3,18,37,13,945,29,13,13,55,7.579693443,102,83,7.611414232,9.46692688,7.466797932,7.681837,454,10,7,4,21,491,19,6,9,34,475,525,50,33,73,29
14,1000,30,5.13,10.3,18,37,11,952,19,13,16,48,7.183718172,106,83,7.683841368,9.275192404,6.705871106,7.639166157,471,8,4,5,17,481,11,9,11,31,488,512,44,39,72,34
1,1000,30,5.13,10.3,18,37,104,943,32,17,8,57,8.956395362,186,144,17.08791277,20.94256346,10.55129934,7.228582719,478,22,14,6,42,465,10,3,2,15,520,480,121,23,169,17
16,1000,30,5.13,10.3,18,37,0,933,34,16,17,67,7.254,109,75,7.503035693,9.436064378,6.006355932,8.369318182,457,9,4,2,15,476,25,12,15,52,472,528,50,25,77,32
9,1000,30,5.13,10.3,18,37,19,949,28,13,10,51,7.53487042,95,75,7.829688383,9.89903281,6.77651253,8.232093893,463,9,4,3,16,486,19,9,7,35,479,521,45,30,77,18
11,1000,30,5.13,10.3,18,37,16,945,27,13,15,55,7.343242807,107,82,7.769121588,9.633188893,6.718839599,7.965153388,483,9,5,2,16,462,18,8,13,39,499,501,49,33,84,23
15,1000,30,5.13,10.3,18,37,9,958,24,7,11,42,7.195232431,94,80,7.664417996,9.397208707,6.503299366,7.884403289,484,11,2,2,15,474,13,5,9,27,499,501,45,35,66,28
10,1000,30,5.13,10.3,18,37,18,954,23,11,12,46,7.626293447,85,80,7.656112781,9.626606618,7.131108383,8.141690146,487,13,5,5,23,467,10,6,7,23,510,490,48,32,60,25
12,1000,30,5.13,10.3,18,37,14,958,22,6,14,42,7.240260778,84,84,7.647941299,9.28353543,6.542756461,7.926693598,484,7,1,4,12,474,15,5,10,30,496,504,57,27,60,24
13,1000,30,5.13,10.3,18,37,14,945,30,13,12,55,7.594971568,100,81,7.630099133,9.49713954,7.484188147,7.695204188,453,11,7,4,22,492,19,6,8,33,475,525,45,36,74,26
14,1000,30,5.13,10.3,18,37,12,953,19,12,16,47,7.188346927,100,105,7.704535326,9.325179685,6.701350599,7.652515303,471,8,4,5,17,482,11,8,11,30,488,512,69,36,71,29
9,1000,30,5.13,10.3,18,37,20,950,27,13,10,50,7.586782405,102,74,7.846976928,9.950261035,6.822387235,8.289556467,463,9,4,3,16,487,18,9,7,34,479,521,53,21,80,22
11,1000,30,5.13,10.3,18,37,17,944,28,13,15,56,7.334982454,86,66,7.807259021,9.678793405,6.728812434,7.938732633,483,9,5,2,16,461,19,8,13,40,499,501,36,30,63,23
16,1000,30,5.13,10.3,18,37,1,935,34,15,16,65,7.252421056,126,86,7.515479914,9.446507498,6.027312992,8.347593417,458,10,3,1,14,477,24,12,15,51,472,528,55,31,91,35
10,1000,30,5.13,10.3,18,37,19,953,25,11,11,47,7.626485543,111,69,7.665621996,9.635584464,7.156442269,8.115714257,487,13,5,5,23,466,12,6,6,24,510,490,42,27,86,25
12,1000,30,5.13,10.3,18,37,15,958,21,7,14,42,7.274416339,103,86,7.689186183,9.335449257,6.603784811,7.934402923,484,6,2,4,12,474,15,5,10,30,496,504,51,35,77,26
15,1000,30,5.13,10.3,18,37,10,959,23,8,10,41,7.208471143,95,72,7.701528425,9.442676302,6.5717886,7.84261204,484,11,2,2,15,475,12,6,8,26,499,501,40,32,61,34
13,1000,30,5.13,10.3,18,37,15,946,29,13,12,54,7.614527068,101,83,7.641359813,9.532301118,7.499856079,7.718277011,453,11,7,4,22,493,18,6,8,32,475,525,53,30,70,31
14,1000,30,5.13,10.3,18,37,13,954,17,13,16,46,7.189068592,91,104,7.696563557,9.37168836,6.742988218,7.614238949,471,8,4,5,17,483,9,9,11,29,488,512,70,34,64,27
11,1000,30,5.13,10.3,18,37,18,947,26,12,15,53,7.330153934,104,87,7.801221093,9.694844868,6.747817426,7.910165745,482,10,5,2,17,465,16,7,13,36,499,501,56,31,81,23
9,1000,30,5.13,10.3,18,37,21,952,25,13,10,48,7.565310217,112,72,7.892579666,10.00719249,6.852030958,8.221089036,463,9,4,3,16,489,16,9,7,32,479,521,41,31,83,29
16,1000,30,5.13,10.3,18,37,2,936,32,16,16,64,7.27024454,105,81,7.526448432,9.464199186,6.072058318,8.341350405,458,10,3,1,14,478,22,13,15,50,472,528,46,35,74,31
10,1000,30,5.13,10.3,18,37,20,953,25,11,11,47,7.655975332,103,85,7.686382245,9.675419163,7.217271378,8.11258557,487,13,5,5,23,466,12,6,6,24,510,490,51,34,79,24
12,1000,30,5.13,10.3,18,37,16,960,18,8,14,40,7.266151205,92,82,7.697408647,9.379203005,6.631693978,7.890537683,484,6,2,4,12,476,12,6,10,28,496,504,49,33,70,22
13,1000,30,5.13,10.3,18,37,16,945,30,13,12,55,7.64787319,99,91,7.653588332,9.566058525,7.519361968,7.764145248,453,11,7,4,22,492,19,6,8,33,475,525,58,33,82,17
15,1000,30,5.13,10.3,18,37,11,961,22,7,10,39,7.181070953,95,69,7.695363953,9.471214704,6.579958848,7.779783408,484,11,2,2,15,477,11,5,8,24,499,501,45,24,64,31
14,1000,30,5.13,10.3,18,37,14,954,18,12,16,46,7.213232129,95,78,7.697799124,9.382679901,6.784703431,7.621673544,471,8,4,5,17,483,10,8,11,29,488,512,43,35,69,26
11,1000,30,5.13,10.3,18,37,19,945,28,13,14,55,7.325726828,97,79,7.838637911,9.731164086,6.797365944,7.851978487,481,11,5,2,18,464,17,8,12,37,499,501,48,31,68,29
9,1000,30,5.13,10.3,18,37,22,953,27,12,8,47,7.561215304,109,76,7.926768338,10.03853567,6.8876141,8.180514684,463,9,4,3,16,490,18,8,5,31,479,521,55,21,84,25
10,1000,30,5.13,10.3,18,37,21,953,25,11,11,47,7.654709392,100,86,7.722500536,9.736561656,7.238231147,8.088186749,487,13,5,5,23,466,12,6,6,24,510,490,60,26,65,35
12,1000,30,5.13,10.3,18,37,17,960,18,8,14,40,7.295424261,92,76,7.731953215,9.444191053,6.688252503,7.892958373,484,6,2,4,12,476,12,6,10,28,496,504,49,27,67,25
13,1000,30,5.13,10.3,18,37,17,948,28,12,12,52,7.641102131,107,65,7.707843618,9.659923591,7.548770351,7.724640409,453,11,7,4,22,495,17,5,8,30,475,525,33,32,81,26
14,1000,30,5.13,10.3,18,37,15,954,20,11,15,46,7.18971403,108,88,7.707272419,9.414346665,6.76153667,7.597820578,470,10,4,4,18,484,10,7,11,28,488,512,48,40,73,35
16,1000,30,5.13,10.3,18,37,3,936,32,15,17,64,7.267099578,101,73,7.530501441,9.478626797,6.10979369,8.301660903,458,10,2,2,14,478,22,13,15,50,472,528,45,28,73,28
15,1000,30,5.13,10.3,18,37,12,960,22,8,10,40,7.191816653,114,90,7.691594679,9.50159436,6.615021495,7.766309236,484,11,2,2,15,476,11,6,8,25,499,501,49,41,85,29
11,1000,30,5.13,10.3,18,37,20,945,28,14,13,55,7.330098263,116,92,7.854576391,9.792255473,6.78145132,7.876554998,481,10,6,2,18,464,18,8,11,37,499,501,67,25,76,40
9,1000,30,5.13,10.3,18,37,23,952,28,12,8,48,7.619919865,98,76,7.939498831,10.07324462,6.927827515,8.256219741,463,9,4,3,16,489,19,8,5,32,479,521,56,20,81,17
12,1000,30,5.13,10.3,18,37,18,961,18,7,14,39,7.320524349,95,69,7.76651534,9.495437132,6.732172292,7.899537485,485,6,1,4,11,476,12,6,10,28,496,504,52,17,65,30
10,1000,30,5.13,10.3,18,37,22,954,24,11,11,46,7.678198316,102,68,7.727518731,9.768996979,7.278738391,8.093962727,487,13,5,5,23,467,11,6,6,23,510,490,37,31,72,30
13,1000,30,5.13,10.3,18,37,18,948,27,13,12,52,7.666022806,105,79,7.740618816,9.711440418,7.566883155,7.755720587,453,10,8,4,22,495,17,5,8,30,475,525,51,28,78,27
14,1000,30,5.13,10.3,18,37,16,956,18,11,15,44,7.199130105,93,69,7.71460416,9.465032682,6.807909889,7.572011873,471,9,4,4,17,485,9,7,11,27,488,512,47,22,73,20
15,1000,30,5.13,10.3,18,37,13,962,22,7,9,38,7.213982996,100,87,7.717795508,9.546269541,6.664481784,7.761290591,484,11,2,2,15,478,11,5,7,23,499,501,48,39,70,30
16,1000,30,5.13,10.3,18,37,4,936,32,14,18,64,7.284781476,99,79,7.52404021,9.493963659,6.157155745,8.292810538,457,11,1,3,15,479,21,13,15,49,472,528,46,33,69,30
11,1000,30,5.13,10.3,18,37,21,945,29,14,12,55,7.346902908,95,94,7.850714738,9.826595885,6.79368323,7.897914125,481,9,7,2,18,464,20,7,10,37,499,501,59,35,67,28
9,1000,30,5.13,10.3,18,37,24,955,26,12,7,45,7.599979951,116,79,7.994988188,10.12159654,6.967238452,8.181713499,463,9,4,3,16,492,17,8,4,29,479,521,57,22,88,28
12,1000,30,5.13,10.3,18,37,19,961,18,7,14,39,7.318071198,111,98,7.805613713,9.532513081,6.76254527,7.864779254,485,6,1,4,11,476,12,6,10,28,496,504,64,34,70,41
10,1000,30,5.13,10.3,18,37,23,953,23,13,11,47,7.715996913,101,75,7.738985459,9.783770272,7.323757375,8.124246228,487,12,6,5,23,466,11,7,6,24,510,490,42,33,73,28
13,1000,30,5.13,10.3,18,37,19,948,27,13,12,52,7.686931817,114,64,7.75400793,9.739272752,7.623959445,7.74390682,453,10,8,4,22,495,17,5,8,30,475,525,42,22,81,33
14,1000,30,5.13,10.3,18,37,17,957,19,10,14,43,7.218271291,97,86,7.728428033,9.499933056,6.795748311,7.620988506,472,9,3,4,16,485,10,7,10,27,488,512,51,35,68,29
15,1000,30,5.13,10.3,18,37,14,963,22,6,9,37,7.218757827,103,78,7.748027736,9.607979372,6.689847806,7.745556431,484,11,2,2,15,479,11,4,7,22,499,501,46,32,73,30
16,1000,30,5.13,10.3,18,37,5,935,35,15,15,65,7.263827354,115,85,7.547684111,9.554258485,6.170982491,8.240764429,457,11,1,3,15,478,24,14,12,50,472,528,47,38,90,25
11,1000,30,5.13,10.3,18,37,22,944,29,16,11,56,7.347271955,112,86,7.867221984,9.863989363,6.817419177,7.875009553,481,9,7,2,18,463,20,9,9,38,499,501,52,34,86,26
9,1000,30,5.13,10.3,18,37,25,955,26,12,7,45,7.62371427,99,103,8.028842444,10.1741743,6.988056723,8.20812879,462,9,5,3,17,493,17,7,4,28,479,521,68,35,71,28
12,1000,30,5.13,10.3,18,37,20,962,17,7,14,38,7.330956834,98,68,7.828910896,9.572963354,6.777426569,7.875700904,485,6,1,4,11,477,11,6,10,27,496,504,45,23,73,25
13,1000,30,5.13,10.3,18,37,20,949,26,13,12,51,7.700394917,106,73,7.764102745,9.742414187,7.643042974,7.75228477,453,9,9,4,22,496,17,4,8,29,475,525,50,23,84,22
10,1000,30,5.13,10.3,18,37,24,953,23,13,11,47,7.700477258,119,85,7.756039138,9.803207214,7.312452379,8.104339886,487,12,6,5,23,466,11,7,6,24,510,490,53,32,92,27
14,1000,30,5.13,10.3,18,37,18,956,20,10,14,44,7.271235959,85,84,7.769110273,9.542439249,6.839860568,7.68239063,472,9,3,4,16,484,11,7,10,28,488,512,57,27,64,21
15,1000,30,5.13,10.3,18,37,15,962,23,6,9,38,7.280279835,96,80,7.78841506,9.655203273,6.760723064,7.797762527,484,11,2,2,15,478,12,4,7,23,499,501,48,32,71,25
16,1000,30,5.13,10.3,18,37,6,935,34,16,15,65,7.302851168,111,78,7.56254186,9.587105422,6.206591063,8.282841261,457,11,1,3,15,478,23,15,12,50,472,528,44,34,80,31
11,1000,30,5.13,10.3,18,37,23,945,29,15,11,55,7.331716141,111,81,7.884010924,9.892485736,6.818930894,7.842454341,481,9,7,2,18,464,20,8,9,37,499,501,56,25,74,37
12,1000,30,5.13,10.3,18,37,21,963,17,6,14,37,7.370933836,91,84,7.863146427,9.61387109,6.853889237,7.879771377,485,6,1,4,11,478,11,5,10,26,496,504,54,30,66,25
9,1000,30,5.13,10.3,18,37,26,954,26,13,7,46,7.649554015,106,88,8.074377265,10.23510106,6.991408936,8.254643252,461,9,6,3,18,493,17,7,4,28,479,521,57,31,80,26
10,1000,30,5.13,10.3,18,37,25,953,24,14,9,47,7.722369728,99,79,7.804491502,9.830354021,7.365363134,8.09394802,487,13,7,3,23,466,11,7,6,24,510,490,44,35,72,27
13,1000,30,5.13,10.3,18,37,21,949,27,12,12,51,7.740086874,105,86,7.773308551,9.77456197,7.682643956,7.792059038,453,9,9,4,22,496,18,3,8,29,475,525,50,36,77,28
14,1000,30,5.13,10.3,18,37,19,955,20,10,15,45,7.317886152,96,85,7.779902055,9.585479508,6.896051592,7.719947217,472,8,3,5,16,483,12,7,10,29,488,512,66,19,68,28
15,1000,30,5.13,10.3,18,37,16,962,23,6,9,38,7.354970055,98,79,7.796182668,9.678352441,6.880125467,7.827919056,484,11,2,2,15,478,12,4,7,23,499,501,49,30,75,23
11,1000,30,5.13,10.3,18,37,24,946,28,15,11,54,7.322891189,120,103,7.927218954,9.903390398,6.817031733,7.826731247,481,9,7,2,18,465,19,8,9,36,499,501,69,34,84,36
16,1000,30,5.13,10.3,18,37,7,937,32,16,15,63,7.303988481,123,81,7.627766121,9.657358682,6.276985638,8.22206678,457,11,1,3,15,480,21,15,12,48,472,528,46,35,84,39
12,1000,30,5.13,10.3,18,37,22,963,17,6,14,37,7.379628362,103,80,7.879568218,9.641691871,6.8907015,7.86079448,484,7,1,4,12,479,10,5,10,25,496,504,53,27,77,26
9,1000,30,5.13,10.3,18,37,27,957,26,11,6,43,7.613924562,117,68,8.123969682,10.28619166,7.00620361,8.172654574,463,9,4,3,16,494,17,7,3,27,479,521,41,27,93,24
10,1000,30,5.13,10.3,18,37,26,952,24,16,8,48,7.706265463,117,81,7.813860225,9.870427765,7.388368387,8.03713793,486,14,7,3,24,466,10,9,5,24,510,490,57,24,88,29
13,1000,30,5.13,10.3,18,37,22,949,27,12,12,51,7.771285987,98,77,7.785757886,9.821779068,7.706870644,7.829566536,453,9,9,4,22,496,18,3,8,29,475,525,57,20,70,28
14,1000,30,5.13,10.3,18,37,20,955,20,10,15,45,7.32567932,118,75,7.806643631,9.592115758,6.917624324,7.714606739,472,8,3,5,16,483,12,7,10,29,488,512,49,26,90,28
15,1000,30,5.13,10.3,18,37,17,962,22,7,9,38,7.394079544,95,100,7.840815523,9.750071295,6.943477876,7.842882403,484,11,2,2,15,478,11,5,7,23,499,501,68,32,61,34
11,1000,30,5.13,10.3,18,37,25,947,28,14,11,53,7.358187533,103,81,7.95594684,9.938314213,6.85580902,7.858560544,481,9,7,2,18,466,19,7,9,35,499,501,54,27,74,29
12,1000,30,5.13,10.3,18,37,23,963,16,7,14,37,7.364714901,113,81,7.898019482,9.689326665,6.934631307,7.787971771,484,6,2,4,12,479,10,5,10,25,496,504,53,28,90,23
9,1000,30,5.13,10.3,18,37,28,957,26,11,6,43,7.642346933,115,93,8.155476452,10.36040829,7.052304229,8.184823815,463,9,4,3,16,494,17,7,3,27,479,521,60,33,98,17
16,1000,30,5.13,10.3,18,37,8,939,31,15,15,61,7.297638574,104,70,7.685827971,9.732214316,6.277419613,8.209652493,458,10,1,3,14,481,21,14,12,47,472,528,43,27,72,32
10,1000,30,5.13,10.3,18,37,27,952,24,16,8,48,7.737919889,110,103,7.840017908,9.903360161,7.437772473,8.05031822,486,14,7,3,24,466,10,9,5,24,510,490,66,37,83,27
13,1000,30,5.13,10.3,18,37,23,952,25,12,11,48,7.740995295,98,86,7.791996285,9.847616757,7.718812824,7.76106515,455,7,9,4,20,497,18,3,7,28,475,525,58,28,75,23
14,1000,30,5.13,10.3,18,37,21,956,20,9,15,44,7.331584349,92,86,7.816089816,9.620322799,6.938896987,7.705864492,472,8,3,5,16,484,12,6,10,28,488,512,59,27,74,18
15,1000,30,5.13,10.3,18,37,18,962,22,7,9,38,7.415151468,89,79,7.859474695,9.799015627,6.976078938,7.852471213,484,11,2,2,15,478,11,5,7,23,499,501,41,38,69,20
11,1000,30,5.13,10.3,18,37,26,948,27,14,11,52,7.386481488,101,102,7.980614348,9.97739982,6.903361535,7.867672819,481,9,7,2,18,467,18,7,9,34,499,501,71,31,77,24
12,1000,30,5.13,10.3,18,37,24,964,15,7,14,36,7.372351879,88,85,7.940265715,9.730002422,6.951368248,7.78665323,484,6,2,4,12,480,9,5,10,24,496,504,57,28,74,14
9,1000,30,5.13,10.3,18,37,29,960,25,9,6,40,7.628079999,116,71,8.193884692,10.42734715,7.091314495,8.121574579,464,9,3,3,15,496,16,6,3,25,479,521,47,24,81,35
10,1000,30,5.13,10.3,18,37,28,954,24,15,7,46,7.724301298,89,89,7.852149236,9.931546095,7.409395707,8.052060179,487,14,6,3,23,467,10,9,4,23,510,490,59,30,63,26
13,1000,30,5.13,10.3,18,37,24,953,24,12,11,47,7.735382267,112,75,7.812684037,9.900513937,7.685878187,7.780171673,455,7,9,4,20,498,17,3,7,27,475,525,55,20,85,27
16,1000,30,5.13,10.3,18,37,9,942,30,14,14,58,7.302642672,102,72,7.70229274,9.767779671,6.299580032,8.199319881,458,10,1,3,14,484,20,13,11,44,472,528,43,29,77,25
14,1000,30,5.13,10.3,18,37,22,957,21,8,14,43,7.371001983,104,96,7.837359405,9.667071132,7.033789144,7.692407969,471,9,3,5,17,486,12,5,9,26,488,512,60,36,72,32
15,1000,30,5.13,10.3,18,37,19,959,26,7,8,41,7.499070279,105,85,7.858366609,9.816612755,7.106731032,7.889843302,482,13,2,2,17,477,13,5,6,24,499,501,53,32,76,29
11,1000,30,5.13,10.3,18,37,27,949,26,13,12,51,7.419587082,93,78,8.013329237,10.03411366,6.925599437,7.91160272,482,9,6,2,17,467,17,7,10,34,499,501,40,38,65,28
12,1000,30,5.13,10.3,18,37,25,964,15,7,14,36,7.435885455,107,90,7.970027543,9.750847395,7.013811459,7.851259863,484,6,2,4,12,480,9,5,10,24,496,504,66,24,91,16
9,1000,30,5.13,10.3,18,37,30,961,25,8,6,39,7.627503017,116,95,8.250992531,10.48087878,7.098585203,8.113782542,465,9,2,3,14,496,16,6,3,25,479,521,62,33,91,25
10,1000,30,5.13,10.3,18,37,29,953,25,15,7,47,7.763292622,96,74,7.876935897,9.944587645,7.446379102,8.093141387,487,14,6,3,23,466,11,9,4,24,510,490,41,33,74,22
13,1000,30,5.13,10.3,18,37,25,953,24,12,11,47,7.740793882,105,71,7.850391722,9.96284288,7.72183673,7.757945591,455,7,9,4,20,498,17,3,7,27,475,525,48,23,83,22
14,1000,30,5.13,10.3,18,37,23,957,21,8,14,43,7.406220911,97,95,7.88147281,9.705701723,7.090839789,7.706818542,471,9,3,5,17,486,12,5,9,26,488,512,60,35,67,30
16,1000,30,5.13,10.3,18,37,10,942,29,15,14,58,7.33638016,85,77,7.711327604,9.810524609,6.329779181,8.23622043,458,10,1,3,14,484,19,14,11,44,472,528,43,34,61,24
15,1000,30,5.13,10.3,18,37,20,957,28,8,7,43,7.526625848,96,76,7.88400692,9.840374714,7.16980954,7.882017739,482,13,2,2,17,475,15,6,5,26,499,501,52,24,79,17
11,1000,30,5.13,10.3,18,37,28,949,27,12,12,51,7.4193598,104,99,8.049055877,10.07205855,6.921692247,7.915040656,483,9,5,2,16,466,18,7,10,35,499,501,57,42,79,25
12,1000,30,5.13,10.3,18,37,26,962,17,7,14,38,7.497845437,97,92,8.015656825,9.805128848,7.068266479,7.920605682,484,6,2,4,12,478,11,5,10,26,496,504,57,35,72,25
9,1000,30,5.13,10.3,18,37,31,962,24,8,6,38,7.628329657,116,106,8.270853956,10.5146772,7.112411356,8.102657615,465,9,2,3,14,497,15,6,3,24,479,521,87,19,90,26
10,1000,30,5.13,10.3,18,37,30,954,24,15,7,46,7.764877896,107,84,7.901530598,10.00409376,7.439391155,8.10364981,488,13,6,3,22,466,11,9,4,24,510,490,57,27,80,27
13,1000,30,5.13,10.3,18,37,26,953,23,14,10,47,7.763601322,100,89,7.893415911,10.00404423,7.759594349,7.767226678,455,7,10,3,20,498,16,4,7,27,475,525,57,32,81,19
14,1000,30,5.13,10.3,18,37,24,957,22,8,13,43,7.42402498,109,76,7.891350535,9.748593407,7.100889137,7.732013831,471,9,3,5,17,486,13,5,8,26,488,512,44,32,80,29
15,1000,30,5.13,10.3,18,37,21,958,27,8,7,42,7.515503448,121,92,7.912989677,9.905441199,7.193046109,7.836673532,481,13,3,2,18,477,14,5,5,24,499,501,57,35,91,30
16,1000,30,5.13,10.3,18,37,11,942,29,16,13,58,7.349475574,100,85,7.728055507,9.816532669,6.350272854,8.242702248,458,10,1,3,14,484,19,15,10,44,472,528,45,40,68,32
12,1000,30,5.13,10.3,18,37,27,963,16,7,14,37,7.515799699,109,90,8.04986286,9.85040097,7.130703881,7.894782884,484,6,2,4,12,479,10,5,10,25,496,504,59,31,89,20
11,1000,30,5.13,10.3,18,37,29,948,28,12,12,52,7.451343018,86,78,8.09094641,10.15454112,6.950877599,7.949810572,483,9,5,2,16,465,19,7,10,36,499,501,50,28,65,21
10,1000,30,5.13,10.3,18,37,31,954,23,15,8,46,7.815317785,102,68,7.928463674,10.05160439,7.501861385,8.141568324,488,12,7,3,22,466,11,8,5,24,510,490,44,24,77,25
9,1000,30,5.13,10.3,18,37,32,963,24,8,5,37,7.622019679,102,98,8.339878912,10.59157687,7.141229666,8.064051189,465,9,2,3,14,498,15,6,2,23,479,521,72,26,85,17
13,1000,30,5.13,10.3,18,37,27,954,22,14,10,46,7.773055291,112,88,7.917462197,10.01087075,7.812355082,7.737498337,455,7,10,3,20,499,15,4,7,26,475,525,62,26,85,27
14,1000,30,5.13,10.3,18,37,25,958,20,9,13,42,7.444509943,110,81,7.906178626,9.783226945,7.150125635,7.725094986,472,8,3,5,16,486,12,6,8,26,488,512,52,29,87,23
15,1000,30,5.13,10.3,18,37,22,959,26,8,7,41,7.558735421,104,69,7.953711918,9.955543823,7.255289541,7.86096994,481,13,3,2,18,478,13,5,5,23,499,501,43,26,77,27
16,1000,30,5.13,10.3,18,37,12,941,30,16,13,59,7.391503476,98,67,7.776483801,9.875512976,6.407402482,8.271230123,458,10,1,3,14,483,20,15,10,45,472,528,48,19,72,26
12,1000,30,5.13,10.3,18,37,28,964,15,8,13,36,7.538295741,101,76,8.077316077,9.863839651,7.202584694,7.868678042,484,5,3,4,12,480,10,5,9,24,496,504,54,22,76,25
11,1000,30,5.13,10.3,18,37,30,949,27,12,12,51,7.449469637,117,78,8.114071862,10.210978,6.97224516,7.924789027,483,9,5,2,16,466,18,7,10,35,499,501,56,22,92,25
10,1000,30,5.13,10.3,18,37,32,953,24,15,8,47,7.831253628,97,79,7.934423816,10.08868592,7.534750399,8.13985903,488,12,7,3,22,465,12,8,5,25,510,490,54,25,68,29
9,1000,30,5.13,10.3,18,37,33,965,22,8,5,35,7.640758493,137,82,8.395351762,10.68304439,7.178442103,8.065805615,466,8,2,3,13,499,14,6,2,22,479,521,52,30,104,33
13,1000,30,5.13,10.3,18,37,28,953,24,14,9,47,7.771430934,105,89,7.960012581,10.04839676,7.833467814,7.715302328,454,8,10,3,21,499,16,4,6,26,475,525,60,29,75,30
14,1000,30,5.13,10.3,18,37,26,961,18,8,13,39,7.442254883,111,76,7.932815465,9.821516888,7.154477293,7.716542898,473,8,2,5,15,488,10,6,8,24,488,512,55,21,83,28
15,1000,30,5.13,10.3,18,37,23,958,26,9,7,42,7.571016438,95,98,7.968924977,9.989707967,7.303292387,7.837671731,480,13,4,2,19,478,13,5,5,23,499,501,58,40,70,25
12,1000,30,5.13,10.3,18,37,29,963,16,8,13,37,7.586351503,124,77,8.106686959,9.931422877,7.270165052,7.897519121,484,5,3,4,12,479,11,5,9,25,496,504,55,22,94,30
16,1000,30,5.13,10.3,18,37,13,941,30,16,13,59,7.401460343,97,92,7.788955117,9.899720609,6.442516879,8.258697682,458,10,1,3,14,483,20,15,10,45,472,528,56,36,66,31
11,1000,30,5.13,10.3,18,37,31,949,27,12,12,51,7.476703522,126,93,8.135923629,10.23774987,7.013203952,7.938352795,483,9,5,2,16,466,18,7,10,35,499,501,62,31,86,40
9,1000,30,5.13,10.3,18,37,34,965,22,8,5,35,7.624879713,102,105,8.425191465,10.73078713,7.122618852,8.086651215,466,8,2,3,13,499,14,6,2,22,479,521,72,33,77,25
10,1000,30,5.13,10.3,18,37,33,954,23,15,8,46,7.861105528,109,80,7.936903673,10.10731494,7.545932751,8.189142499,488,12,7,3,22,466,11,8,5,24,510,490,48,32,94,15
13,1000,30,5.13,10.3,18,37,29,953,24,14,9,47,7.78204926,122,71,7.973119341,10.11296136,7.84455639,7.725495189,454,8,10,3,21,499,16,4,6,26,475,525,49,22,95,27
14,1000,30,5.13,10.3,18,37,27,959,21,7,13,41,7.462228835,100,75,7.956197316,9.880878794,7.199906945,7.712254386,472,9,2,5,16,487,12,5,8,25,488,512,48,27,77,23
15,1000,30,5.13,10.3,18,37,24,961,23,9,7,39,7.550793132,115,60,7.968332413,10.03134728,7.331863397,7.768848896,480,13,4,2,19,481,10,5,5,20,499,501,34,26,87,28
12,1000,30,5.13,10.3,18,37,30,963,18,8,11,37,7.601484234,99,71,8.127992965,10.00065388,7.37195693,7.827368246,484,5,3,4,12,479,13,5,7,25,496,504,51,20,82,17
11,1000,30,5.13,10.3,18,37,32,951,26,11,12,49,7.488848477,111,99,8.163226711,10.29063179,7.062637026,7.913358484,483,9,5,2,16,468,17,6,10,33,499,501,63,36,80,31
16,1000,30,5.13,10.3,18,37,14,942,29,16,13,58,7.4309008,110,94,7.803642526,9.917228577,6.452201228,8.305798903,459,9,1,3,13,483,20,15,10,45,472,528,63,31,76,34
9,1000,30,5.13,10.3,18,37,35,967,20,8,5,33,7.622273275,110,95,8.471765631,10.79839807,7.160670907,8.046663936,466,8,2,3,13,501,12,6,2,20,479,521,65,30,83,27
10,1000,30,5.13,10.3,18,37,34,953,25,15,7,47,7.87917809,96,74,7.961860174,10.14324827,7.603710983,8.165888753,487,13,7,3,23,466,12,8,4,24,510,490,52,22,75,21
13,1000,30,5.13,10.3,18,37,30,952,25,14,9,48,7.808440264,111,92,7.999688189,10.15704263,7.897720876,7.727662567,454,8,10,3,21,498,17,4,6,27,475,525,56,36,87,24
14,1000,30,5.13,10.3,18,37,28,960,20,7,13,40,7.470611758,100,84,7.96849415,9.926037924,7.235363816,7.694832451,472,9,2,5,16,488,11,5,8,24,488,512,56,28,74,26
15,1000,30,5.13,10.3,18,37,25,962,22,10,6,38,7.520145019,103,86,8.003624896,10.07601353,7.339072193,7.700494998,480,13,4,2,19,482,9,6,4,19,499,501,60,26,84,19
12,1000,30,5.13,10.3,18,37,31,963,16,10,11,37,7.601704313,108,95,8.14901905,10.05988017,7.408996956,7.791352824,484,4,4,4,12,479,12,6,7,25,496,504,66,29,90,18
11,1000,30,5.13,10.3,18,37,33,951,26,11,12,49,7.508164015,109,84,8.17233209,10.34059738,7.061801722,7.952744422,483,9,5,2,16,468,17,6,10,33,499,501,61,23,83,26
16,1000,30,5.13,10.3,18,37,15,945,27,15,13,55,7.42400436,111,82,7.835518011,9.939993947,6.465375304,8.280960638,460,8,1,3,12,485,19,14,10,43,472,528,63,19,83,28
10,1000,30,5.13,10.3,18,37,35,953,25,14,8,47,7.909118769,95,80,8.020083409,10.19827206,7.62242545,8.207513856,487,13,7,3,23,466,12,7,5,24,510,490,49,31,62,33
9,1000,30,5.13,10.3,18,37,36,968,20,7,5,32,7.624508356,107,94,8.523527014,10.8912344,7.184396645,8.029140812,466,8,2,3,13,502,12,5,2,19,479,521,63,31,80,27
13,1000,30,5.13,10.3,18,37,31,952,26,14,8,48,7.843832323,102,87,8.029048294,10.19064541,7.941610536,7.755366322,454,8,10,3,21,498,18,4,5,27,475,525,48,39,82,20
14,1000,30,5.13,10.3,18,37,29,959,21,7,13,41,7.488744473,107,85,7.984894596,9.964986378,7.258728065,7.707978862,471,10,2,5,17,488,11,5,8,24,488,512,55,30,81,26
15,1000,30,5.13,10.3,18,37,26,964,21,10,5,36,7.492031217,96,74,8.034088585,10.12835749,7.340195311,7.643260992,481,12,4,2,18,483,9,6,3,18,499,501,43,31,64,32
12,1000,30,5.13,10.3,18,37,32,963,17,9,11,37,7.605550238,113,97,8.169330907,10.09799433,7.431844837,7.776498411,483,5,4,4,13,480,12,5,7,24,496,504,69,28,75,38
11,1000,30,5.13,10.3,18,37,34,953,26,11,10,47,7.518284866,102,88,8.197087015,10.3807498,7.097997993,7.936893948,483,9,5,2,16,470,17,6,8,31,499,501,59,29,81,21
10,1000,30,5.13,10.3,18,37,36,956,24,13,7,44,7.892145863,114,80,8.026036736,10.23138315,7.6534506,8.14058379,488,12,7,3,22,468,12,6,4,22,510,490,52,28,90,24
9,1000,30,5.13,10.3,18,37,37,969,20,7,4,31,7.61907557,96,68,8.564308378,10.95500629,7.194349635,8.009562561,466,8,2,3,13,503,12,5,1,18,479,521,49,19,73,23
16,1000,30,5.13,10.3,18,37,16,943,29,15,13,57,7.4740234,113,83,7.854164059,9.970209931,6.496583813,8.347795152,460,8,1,3,12,483,21,14,10,45,472,528,54,29,77,36
13,1000,30,5.13,10.3,18,37,32,952,26,14,8,48,7.830940484,107,78,8.06589191,10.24451016,7.932478395,7.73907285,454,8,10,3,21,498,18,4,5,27,475,525,53,25,84,23
14,1000,30,5.13,10.3,18,37,30,960,20,7,13,40,7.516888286,104,86,8.019905317,10.0161536,7.277704034,7.744860776,472,9,2,5,16,488,11,5,8,24,488,512,56,30,74,30
15,1000,30,5.13,10.3,18,37,27,965,20,10,5,35,7.49759,107,92,8.063660771,10.16454879,7.333421369,7.661103267,482,11,4,2,17,483,9,6,3,18,499,501,51,41,86,21
12,1000,30,5.13,10.3,18,37,33,963,17,9,11,37,7.611644493,96,82,8.188194011,10.12946694,7.466427529,7.754556426,483,5,4,4,13,480,12,5,7,24,496,504,55,27,73,23
11,1000,30,5.13,10.3,18,37,35,952,27,11,10,48,7.506625437,109,87,8.195188131,10.39149145,7.160105601,7.85176196,482,10,5,2,17,470,17,6,8,31,499,501,52,35,84,25
10,1000,30,5.13,10.3,18,37,37,953,26,14,7,47,7.937619541,130,95,8.057136463,10.29579582,7.702568508,8.182264494,486,13,8,3,24,467,13,6,4,23,510,490,65,30,99,31
9,1000,30,5.13,10.3,18,37,38,970,18,8,4,30,7.65533377,107,95,8.618984001,11.01564636,7.258869347,8.01983753,466,8,2,3,13,504,10,6,1,17,479,521,64,31,85,22
13,1000,30,5.13,10.3,18,37,33,954,24,14,8,46,7.887915452,107,93,8.096136591,10.32483009,8.007362132,7.779844647,454,8,10,3,21,500,16,4,5,25,475,525,68,25,87,20
16,1000,30,5.13,10.3,18,37,17,946,28,13,13,54,7.472005383,90,79,7.858831865,10.00008911,6.535052913,8.309584106,460,8,1,3,12,486,20,12,10,42,472,528,50,29,70,20
14,1000,30,5.13,10.3,18,37,31,958,22,7,13,42,7.5253498,103,80,8.038868795,10.06690377,7.341206995,7.700860911,471,10,2,5,17,487,12,5,8,25,488,512,56,24,79,24
15,1000,30,5.13,10.3,18,37,28,966,19,11,4,34,7.529651829,91,77,8.071269842,10.19525166,7.359816129,7.698809543,483,10,5,1,16,483,9,6,3,18,499,501,44,33,72,19
12,1000,30,5.13,10.3,18,37,34,964,16,9,11,36,7.622229602,99,80,8.236649597,10.16086506,7.481384248,7.760839315,483,5,4,4,13,481,11,5,7,23,496,504,53,27,75,24
11,1000,30,5.13,10.3,18,37,36,950,29,11,10,50,7.553996941,109,78,8.213649775,10.4063324,7.181160574,7.925344939,482,10,5,2,17,468,19,6,8,33,499,501,60,18,83,26
10,1000,30,5.13,10.3,18,37,38,956,24,13,7,44,7.950772858,104,87,8.0644956,10.35439486,7.720109821,8.190850713,487,13,7,3,23,469,11,6,4,21,510,490,59,28,75,29
9,1000,30,5.13,10.3,18,37,39,972,18,6,4,28,7.634068873,117,79,8.638004399,11.10096784,7.262450504,7.975729524,466,8,2,3,13,506,10,4,1,15,479,521,52,27,91,26
13,1000,30,5.13,10.3,18,37,34,954,23,15,8,46,7.927257021,117,105,8.116150401,10.36977642,8.075130981,7.793466296,454,8,10,3,21,500,15,5,5,25,475,525,71,34,95,22
14,1000,30,5.13,10.3,18,37,32,959,21,7,13,41,7.511494872,104,86,8.055014986,10.09357338,7.356208957,7.659501759,471,10,2,5,17,488,11,5,8,24,488,512,57,29,77,27
16,1000,30,5.13,10.3,18,37,18,946,29,13,12,54,7.494906117,91,93,7.917679021,10.0458818,6.595765293,8.29868352,459,9,1,3,13,487,20,12,9,41,472,528,62,31,70,21
15,1000,30,5.13,10.3,18,37,29,967,19,9,5,33,7.533094742,85,74,8.115118361,10.25242874,7.40631928,7.659364114,483,10,5,1,16,484,9,4,4,17,499,501,48,26,67,18
12,1000,30,5.13,10.3,18,37,35,965,15,9,11,35,7.656675654,110,87,8.257235286,10.20665798,7.502869936,7.808040011,484,4,4,4,12,481,11,5,7,23,496,504,58,29,75,35
11,1000,30,5.13,10.3,18,37,37,950,29,11,10,50,7.5713399,109,78,8.22332169,10.45697584,7.189663113,7.951493028,482,10,5,2,17,468,19,6,8,33,499,501,49,29,85,24
10,1000,30,5.13,10.3,18,37,39,956,24,13,7,44,7.99734284,99,85,8.091503765,10.37184372,7.799488309,8.203273065,487,13,7,3,23,469,11,6,4,21,510,490,57,28,80,19
9,1000,30,5.13,10.3,18,37,40,971,19,6,4,29,7.697648693,128,96,8.666487103,11.15016829,7.334298256,8.031707924,466,8,2,3,13,505,11,4,1,16,479,521,72,24,97,31
13,1000,30,5.13,10.3,18,37,35,955,22,15,8,45,7.929806231,108,93,8.157280561,10.44877933,8.097041161,7.778498437,453,9,10,3,22,502,13,5,5,23,475,525,65,28,81,27
14,1000,30,5.13,10.3,18,37,33,959,20,8,13,41,7.513222366,101,85,8.092029121,10.12896118,7.426844355,7.595551408,471,10,2,5,17,488,10,6,8,24,488,512,56,29,80,21
15,1000,30,5.13,10.3,18,37,30,965,21,9,5,35,7.563109808,110,79,8.131823935,10.2944218,7.419471624,7.706174585,482,11,5,1,17,483,10,4,4,18,499,501,56,23,90,20
12,1000,30,5.13,10.3,18,37,36,964,17,9,10,36,7.676675271,87,94,8.290858485,10.27534101,7.551707377,7.799659548,483,6,4,3,13,481,11,5,7,23,496,504,63,31,74,13
16,1000,30,5.13,10.3,18,37,19,943,29,16,12,57,7.525745673,112,64,7.957597721,10.07249479,6.642641683,8.315187118,458,9,2,3,14,485,20,14,9,43,472,528,48,16,92,20
11,1000,30,5.13,10.3,18,37,38,949,30,12,9,51,7.593215996,116,83,8.260202762,10.50063557,7.208043846,7.976850533,481,11,5,2,18,468,19,7,7,33,499,501,57,26,91,25
10,1000,30,5.13,10.3,18,37,40,955,24,14,7,45,8.04361642,118,96,8.121486894,10.40866334,7.856085719,8.238801436,487,13,7,3,23,468,11,7,4,22,510,490,68,28,96,22
9,1000,30,5.13,10.3,18,37,41,971,19,6,4,29,7.706535146,127,96,8.708079958,11.19717318,7.366905172,8.01878612,466,8,2,3,13,505,11,4,1,16,479,521,65,31,97,30
13,1000,30,5.13,10.3,18,37,36,955,22,15,8,45,7.922025805,110,98,8.169839629,10.48283766,8.125377719,7.738040741,453,9,10,3,22,502,13,5,5,23,475,525,65,33,87,23
14,1000,30,5.13,10.3,18,37,34,957,22,8,13,43,7.530353302,100,76,8.142697536,10.18680547,7.473684833,7.584365437,470,11,2,5,18,487,11,6,8,25,488,512,50,26,74,26
15,1000,30,5.13,10.3,18,37,31,964,22,9,5,36,7.571763414,102,71,8.151934978,10.35413329,7.444946732,7.698073841,482,11,5,1,17,482,11,4,4,19,499,501,46,25,77,25
12,1000,30,5.13,10.3,18,37,37,964,17,8,11,36,7.728818597,115,105,8.323858261,10.34331727,7.615713536,7.84012834,483,6,4,3,13,481,11,4,8,23,496,504,62,43,95,20
11,1000,30,5.13,10.3,18,37,39,950,29,12,9,50,7.611129847,103,81,8.286882321,10.5333274,7.255286544,7.965552618,481,11,5,2,18,469,18,7,7,32,499,501,55,26,78,25
16,1000,30,5.13,10.3,18,37,20,943,28,17,12,57,7.546021602,119,87,7.95906468,10.09039086,6.676208349,8.323581934,458,8,3,3,14,485,20,14,9,43,472,528,62,25,90,29
10,1000,30,5.13,10.3,18,37,41,955,24,14,7,45,8.047293588,138,91,8.188377964,10.50161704,7.871809596,8.229940192,488,12,7,3,22,467,12,7,4,23,510,490,56,35,108,30
9,1000,30,5.13,10.3,18,37,42,971,19,6,4,29,7.744571873,119,108,8.736383378,11.24597342,7.41558161,8.047040848,466,8,2,3,13,505,11,4,1,16,479,521,83,25,89,30
13,1000,30,5.13,10.3,18,37,37,954,23,15,8,46,7.96153229,123,86,8.209652409,10.5414473,8.214147921,7.73297529,452,10,10,3,23,502,13,5,5,23,475,525,68,18,95,28
14,1000,30,5.13,10.3,18,37,35,956,23,8,13,44,7.553338263,110,101,8.189991228,10.24348007,7.490484897,7.613245378,470,11,2,5,18,486,12,6,8,26,488,512,70,31,83,27
15,1000,30,5.13,10.3,18,37,32,965,22,8,5,35,7.607562766,109,79,8.191533822,10.41667991,7.487781178,7.726866185,482,11,5,1,17,483,11,3,4,18,499,501,61,18,85,24
12,1000,30,5.13,10.3,18,37,38,965,16,8,11,35,7.767489116,121,81,8.362222622,10.3918477,7.669627649,7.863797226,483,6,4,3,13,482,10,4,8,22,496,504,52,29,90,31
11,1000,30,5.13,10.3,18,37,40,949,30,12,9,51,7.637597854,128,99,8.341523011,10.56863225,7.315296338,7.958612737,480,12,5,2,19,469,18,7,7,32,499,501,68,31,100,28
16,1000,30,5.13,10.3,18,37,21,945,27,16,12,55,7.550097521,123,104,7.981155212,10.1305077,6.72976852,8.28342193,458,8,3,3,14,487,19,13,9,41,472,528,65,39,87,36
10,1000,30,5.13,10.3,18,37,42,954,25,14,7,46,8.067526861,125,96,8.246849086,10.58360625,7.926113836,8.214711846,487,13,7,3,23,467,12,7,4,23,510,490,66,30,93,32
9,1000,30,5.13,10.3,18,37,43,971,20,5,4,29,7.69128857,122,93,8.777084339,11.30491141,7.452307751,7.91100414,465,9,2,3,14,506,11,3,1,15,479,521,68,25,99,23
13,1000,30,5.13,10.3,18,37,38,954,23,15,8,46,8.007250794,118,95,8.248252169,10.60229413,8.269914031,7.769603102,452,10,10,3,23,502,13,5,5,23,475,525,62,33,84,34
14,1000,30,5.13,10.3,18,37,36,958,22,7,13,42,7.558160338,102,81,8.24420959,10.33306893,7.547559966,7.568263817,470,11,2,5,18,488,11,5,8,24,488,512,54,27,79,23
15,1000,30,5.13,10.3,18,37,33,965,22,8,5,35,7.616135758,112,80,8.203159478,10.44345153,7.503021328,7.728798633,482,11,5,1,17,483,11,3,4,18,499,501,56,24,88,24
12,1000,30,5.13,10.3,18,37,39,964,17,8,11,36,7.794171508,120,84,8.381206228,10.41995223,7.707734731,7.879236273,482,7,4,3,14,482,10,4,8,22,496,504,61,23,93,27
11,1000,30,5.13,10.3,18,37,41,950,30,11,9,50,7.621050617,118,108,8.361283754,10.61285279,7.306373477,7.93447156,480,12,5,2,19,470,18,6,7,31,499,501,69,39,97,21
16,1000,30,5.13,10.3,18,37,22,945,27,16,12,55,7.557570207,113,86,8.025375729,10.1899826,6.75637032,8.273794349,458,8,3,3,14,487,19,13,9,41,472,528,57,29,87,26
10,1000,30,5.13,10.3,18,37,43,955,25,14,6,45,8.093245879,109,84,8.298686126,10.64472799,7.982415134,8.208600329,487,13,7,3,23,468,12,7,3,22,510,490,61,23,90,19
9,1000,30,5.13,10.3,18,37,44,971,20,5,4,29,7.678234132,109,105,8.825065485,11.3694462,7.477531132,7.86275762,465,9,2,3,14,506,11,3,1,15,479,521,79,26,93,16
13,1000,30,5.13,10.3,18,37,39,953,24,15,8,47,8.030876104,102,96,8.257287035,10.63678472,8.304354534,7.783443239,451,11,10,3,24,502,13,5,5,23,475,525,61,35,87,15
14,1000,30,5.13,10.3,18,37,37,958,22,7,13,42,7.530921555,107,86,8.261345768,10.35710827,7.549996375,7.512740868,470,11,2,5,18,488,11,5,8,24,488,512,57,29,81,26
12,1000,30,5.13,10.3,18,37,40,965,16,9,10,35,7.770994575,113,99,8.399826478,10.45765589,7.680236266,7.860312276,483,6,4,3,13,482,10,5,7,22,496,504,64,35,85,28
15,1000,30,5.13,10.3,18,37,34,964,24,8,4,36,7.616164795,121,83,8.238453311,10.49642941,7.5100122,7.721893627,481,13,5,0,18,483,11,3,4,18,499,501,46,37,88,33
11,1000,30,5.13,10.3,18,37,42,950,29,12,9,50,7.616026464,117,87,8.395999422,10.66756525,7.303108916,7.92769484,480,11,6,2,19,470,18,6,7,31,499,501,63,24,87,30
10,1000,30,5.13,10.3,18,37,44,956,25,13,6,44,8.076343147,116,84,8.37690175,10.70890075,7.988998764,8.167252607,487,13,7,3,23,469,12,6,3,21,510,490,60,24,93,23
16,1000,30,5.13,10.3,18,37,23,945,27,16,12,55,7.561003016,105,107,8.040449617,10.20920709,6.780085123,8.259096283,458,8,3,3,14,487,19,13,9,41,472,528,62,45,80,25
9,1000,30,5.13,10.3,18,37,45,971,20,5,4,29,7.685959643,111,78,8.848924266,11.445218,7.483878432,7.871750237,465,9,2,3,14,506,11,3,1,15,479,521,59,19,87,24
13,1000,30,5.13,10.3,18,37,40,954,24,14,8,46,8.07529043,120,94,8.296258411,10.65076683,8.366620145,7.811706402,450,12,10,3,25,504,12,4,5,21,475,525,65,29,97,23
14,1000,30,5.13,10.3,18,37,38,958,22,7,13,42,7.560544976,123,74,8.289276801,10.4070319,7.599154729,7.523745055,470,11,2,5,18,488,11,5,8,24,488,512,56,18,98,25
12,1000,30,5.13,10.3,18,37,41,964,15,11,10,36,7.794693427,102,99,8.435675182,10.52819398,7.7406688,7.847860521,482,5,6,3,14,482,10,5,7,22,496,504,66,33,78,24
15,1000,30,5.13,10.3,18,37,35,963,25,8,4,37,7.653183222,104,84,8.275383887,10.56776037,7.55744225,7.748541995,481,13,5,0,18,482,12,3,4,19,499,501,55,29,75,29
11,1000,30,5.13,10.3,18,37,43,951,27,13,9,49,7.641406873,126,86,8.433462051,10.74362086,7.395393494,7.886438164,480,10,7,2,19,471,17,6,7,30,499,501,58,28,104,22
10,1000,30,5.13,10.3,18,37,45,957,23,13,7,43,8.085220648,107,96,8.404287951,10.76737893,8.021130807,8.151926401,487,13,7,3,23,470,10,6,4,20,510,490,69,27,85,22
13,1000,30,5.13,10.3,18,37,41,954,24,14,8,46,8.112433793,111,93,8.32982096,10.71807783,8.409394677,7.843754897,450,12,10,3,25,504,12,4,5,21,475,525,61,32,93,18
9,1000,30,5.13,10.3,18,37,46,969,22,5,4,31,7.700152781,123,95,8.911995252,11.51674598,7.506735791,7.877977615,465,9,2,3,14,504,13,3,1,17,479,521,61,34,99,24
16,1000,30,5.13,10.3,18,37,24,946,27,15,12,54,7.559697324,110,86,8.067164473,10.27354883,6.777581437,8.258861526,458,8,3,3,14,488,19,12,9,40,472,528,65,21,78,32
14,1000,30,5.13,10.3,18,37,39,957,22,8,13,43,7.586744517,91,95,8.332308879,10.46850502,7.636697816,7.539132778,469,12,2,5,19,488,10,6,8,24,488,512,72,23,75,16
12,1000,30,5.13,10.3,18,37,42,964,16,11,9,36,7.792398496,124,92,8.492489367,10.62950513,7.753026672,7.831145371,482,5,6,3,14,482,11,5,6,22,496,504,65,27,91,33
15,1000,30,5.13,10.3,18,37,36,964,24,9,3,36,7.652687802,108,89,8.289342978,10.60924749,7.604413688,7.700769205,481,13,5,0,18,483,11,4,3,18,499,501,62,27,88,20
11,1000,30,5.13,10.3,18,37,44,951,27,13,9,49,7.691219566,100,104,8.462077811,10.78713484,7.472387641,7.90917791,480,10,7,2,19,471,17,6,7,30,499,501,73,31,79,21
10,1000,30,5.13,10.3,18,37,46,957,22,14,7,43,8.081249859,122,88,8.426857663,10.82670765,8.077840869,8.084797991,487,12,8,3,23,470,10,6,4,20,510,490,63,25,89,33
13,1000,30,5.13,10.3,18,37,42,953,25,14,8,47,8.137719279,115,75,8.350935666,10.76786989,8.442816347,7.861679075,450,12,10,3,25,503,13,4,5,22,475,525,62,13,92,23
9,1000,30,5.13,10.3,18,37,47,969,22,5,4,31,7.71654188,129,99,8.967370091,11.59221189,7.576389332,7.845396143,465,9,2,3,14,504,13,3,1,17,479,521,77,22,105,24
14,1000,30,5.13,10.3,18,37,40,959,21,7,13,41,7.588077295,106,98,8.349213877,10.50721169,7.670594028,7.509428534,469,12,2,5,19,490,9,5,8,22,488,512,64,34,82,24
12,1000,30,5.13,10.3,18,37,43,964,16,11,9,36,7.816468327,108,78,8.536533201,10.71609352,7.795810634,7.83679812,482,5,6,3,14,482,11,5,6,22,496,504,48,30,93,15
15,1000,30,5.13,10.3,18,37,37,965,24,8,3,35,7.663797165,117,100,8.343082009,10.67522777,7.668216682,7.659395292,481,13,5,0,18,484,11,3,3,17,499,501,76,24,94,23
16,1000,30,5.13,10.3,18,37,25,946,26,16,12,54,7.591197469,113,72,8.105758608,10.34720358,6.821402601,8.279347427,458,7,4,3,14,488,19,12,9,40,472,528,46,26,89,24
11,1000,30,5.13,10.3,18,37,45,951,26,14,9,49,7.72057104,118,88,8.497619096,10.82730577,7.498485583,7.941769928,480,10,7,2,19,471,16,7,7,30,499,501,63,25,88,30
10,1000,30,5.13,10.3,18,37,47,956,23,14,7,44,8.091159009,116,81,8.470547266,10.90382109,8.103156006,8.078672337,487,12,8,3,23,469,11,6,4,21,510,490,60,21,86,30
13,1000,30,5.13,10.3,18,37,43,952,26,13,9,48,8.186378114,100,112,8.401441304,10.83762434,8.515461699,7.888635822,450,12,9,4,25,502,14,4,5,23,475,525,84,28,75,25
9,1000,30,5.13,10.3,18,37,48,968,22,6,4,32,7.734588782,123,99,9.046516668,11.69529779,7.635121101,7.826037956,464,9,3,3,15,504,13,3,1,17,479,521,67,32,99,24
14,1000,30,5.13,10.3,18,37,41,959,21,7,13,41,7.594947748,120,79,8.392418383,10.57701024,7.715417004,7.480125489,469,12,2,5,19,490,9,5,8,22,488,512,59,20,88,32
12,1000,30,5.13,10.3,18,37,44,966,16,10,8,34,7.833716624,109,92,8.590624203,10.77750392,7.83380481,7.833629837,482,5,6,3,14,484,11,4,5,20,496,504,69,23,87,22
15,1000,30,5.13,10.3,18,37,38,964,25,8,3,36,7.679968857,107,76,8.381440273,10.73137633,7.699976943,7.660040642,480,14,5,0,19,484,11,3,3,17,499,501,49,27,88,19
16,1000,30,5.13,10.3,18,37,26,944,28,16,12,56,7.6455167,102,89,8.144567434,10.40271163,6.903891575,8.308484615,457,8,4,3,15,487,20,12,9,41,472,528,57,32,78,24
11,1000,30,5.13,10.3,18,37,46,951,26,14,9,49,7.739462924,117,91,8.519174225,10.88334521,7.575677366,7.902594648,480,10,7,2,19,471,16,7,7,30,499,501,67,24,93,24
10,1000,30,5.13,10.3,18,37,48,955,22,16,7,45,8.107052892,122,102,8.474280547,10.94615081,8.134391659,8.078598256,487,12,8,3,23,468,10,8,4,22,510,490,68,34,92,30
13,1000,30,5.13,10.3,18,37,44,952,25,14,9,48,8.214464607,112,103,8.438665075,10.88210092,8.602174455,7.863679507,450,11,9,5,25,502,14,5,4,23,475,525,79,24,86,26
9,1000,30,5.13,10.3,18,37,49,967,25,5,3,33,7.766788186,135,94,9.126462564,11.80363207,7.711967887,7.817189191,462,12,3,2,17,505,13,2,1,16,479,521,68,26,107,28
12,1000,30,5.13,10.3,18,37,45,966,16,10,8,34,7.855417814,98,97,8.652725942,10.87070305,7.886417603,7.824910086,482,5,6,3,14,484,11,4,5,20,496,504,76,21,82,16
14,1000,30,5.13,10.3,18,37,42,960,21,6,13,40,7.608040466,108,82,8.434811716,10.65293286,7.739793867,7.482463006,470,12,1,5,18,490,9,5,8,22,488,512,65,17,77,31
15,1000,30,5.13,10.3,18,37,39,962,26,9,3,38,7.733321223,105,75,8.415319812,10.78685004,7.792655628,7.674223683,480,14,5,0,19,482,12,4,3,19,499,501,43,32,83,22
11,1000,30,5.13,10.3,18,37,47,955,24,12,9,45,7.757756444,102,83,8.571237356,10.94645294,7.602323898,7.912568502,481,10,6,2,18,474,14,6,7,27,499,501,65,18,83,19
16,1000,30,5.13,10.3,18,37,27,947,25,15,13,53,7.671815196,91,90,8.176384706,10.45741917,6.957964957,8.309954045,457,7,4,4,15,490,18,11,9,38,472,528,57,33,73,18
10,1000,30,5.13,10.3,18,37,49,956,22,16,6,44,8.1037719,124,100,8.518718856,11.00499898,8.166760705,8.038212124,487,13,8,2,23,469,9,8,4,21,510,490,73,27,94,30
13,1000,30,5.13,10.3,18,37,45,953,22,17,8,47,8.200478642,111,87,8.458765347,10.92674455,8.666179121,7.77913059,449,10,11,5,26,504,12,6,3,21,475,525,66,21,92,19
9,1000,30,5.13,10.3,18,37,50,966,26,5,3,34,7.774783863,120,87,9.176453063,11.8753239,7.708489395,7.835734055,462,12,3,2,17,504,14,2,1,17,479,521,59,28,94,26
12,1000,30,5.13,10.3,18,37,46,966,16,10,8,34,7.869787784,104,90,8.65196538,10.9099725,7.906233934,7.833920144,482,5,6,3,14,484,11,4,5,20,496,504,63,27,84,20
14,1000,30,5.13,10.3,18,37,43,958,23,6,13,42,7.617029849,134,85,8.462908865,10.67148366,7.756354191,7.484236336,469,13,1,5,19,489,10,5,8,23,488,512,58,27,108,26
15,1000,30,5.13,10.3,18,37,40,962,26,8,4,38,7.759923248,110,78,8.494636002,10.90030438,7.87187019,7.648423199,480,14,4,1,19,482,12,4,3,19,499,501,52,26,86,24
11,1000,30,5.13,10.3,18,37,48,957,24,10,9,43,7.767505757,109,92,8.616414539,11.04038712,7.669537917,7.865082508,481,10,6,2,18,476,14,4,7,25,499,501,69,23,79,30
10,1000,30,5.13,10.3,18,37,50,955,23,16,6,45,8.109559364,123,96,8.546375629,11.03547222,8.170737004,8.045884678,486,14,8,2,24,469,9,8,4,21,510,490,61,35,94,29
16,1000,30,5.13,10.3,18,37,28,946,24,17,13,54,7.718237911,115,84,8.188679564,10.49088247,7.046787523,8.318473863,456,7,5,4,16,490,17,12,9,38,472,528,61,23,91,24
13,1000,30,5.13,10.3,18,37,46,953,22,17,8,47,8.212398918,117,80,8.47964359,10.98665124,8.653817888,7.81301985,449,10,11,5,26,504,12,6,3,21,475,525,57,23,96,21
9,1000,30,5.13,10.3,18,37,51,963,29,5,3,37,7.77446843,125,99,9.238058908,11.99098663,7.752889513,7.794307779,460,14,3,2,19,503,15,2,1,18,479,521,72,27,115,10
12,1000,30,5.13,10.3,18,37,47,964,18,10,8,36,7.907347407,109,91,8.701725587,10.9729913,7.945445924,7.869853629,481,6,6,3,15,483,12,4,5,21,496,504,54,37,82,27
14,1000,30,5.13,10.3,18,37,44,957,25,6,12,43,7.66134043,119,94,8.490347126,10.71504393,7.813125424,7.516670358,468,15,1,4,20,489,10,5,8,23,488,512,67,27,87,32
15,1000,30,5.13,10.3,18,37,41,961,27,8,4,39,7.803499137,120,84,8.515613863,10.95461477,7.887929176,7.719406144,480,15,3,1,19,481,12,5,3,20,499,501,58,26,100,20
11,1000,30,5.13,10.3,18,37,49,959,23,10,8,41,7.770580255,124,85,8.65153768,11.10217572,7.70974934,7.831168331,481,10,6,2,18,478,13,4,6,23,499,501,61,24,103,21
10,1000,30,5.13,10.3,18,37,51,955,23,16,6,45,8.150328011,127,94,8.583304603,11.07227572,8.212434649,8.085686408,486,14,8,2,24,469,9,8,4,21,510,490,63,31,109,18
16,1000,30,5.13,10.3,18,37,29,945,25,17,13,55,7.730660863,119,89,8.20316657,10.50999493,7.055386767,8.334314979,455,8,5,4,17,490,17,12,9,38,472,528,58,31,95,24
13,1000,30,5.13,10.3,18,37,47,953,22,17,8,47,8.239767645,126,92,8.505526077,11.04635953,8.666557447,7.853624491,449,10,11,5,26,504,12,6,3,21,475,525,67,25,93,33
12,1000,30,5.13,10.3,18,37,48,962,19,10,9,38,7.953337869,119,104,8.746224635,11.03335994,8.036725744,7.871273612,479,7,6,4,17,483,12,4,5,21,496,504,73,31,98,21
9,1000,30,5.13,10.3,18,37,52,963,28,6,3,37,7.769686534,133,102,9.290225206,12.08975525,7.769020389,7.770298978,460,13,4,2,19,503,15,2,1,18,479,521,77,25,103,30
14,1000,30,5.13,10.3,18,37,45,957,25,4,14,43,7.700610224,106,97,8.517396826,10.76847717,7.861512997,7.547249768,468,15,1,4,20,489,10,3,10,23,488,512,65,32,86,20
15,1000,30,5.13,10.3,18,37,42,962,27,7,4,38,7.800724862,125,83,8.539101868,11.03555095,7.902441,7.699414776,479,16,3,1,20,483,11,4,3,18,499,501,64,19,96,29
11,1000,30,5.13,10.3,18,37,50,959,23,10,8,41,7.802932153,142,70,8.690512184,11.15211809,7.768933702,7.836794883,481,10,6,2,18,478,13,4,6,23,499,501,52,18,112,30
10,1000,30,5.13,10.3,18,37,52,956,24,16,4,44,8.131619413,121,85,8.601846391,11.11298252,8.206159389,8.05403699,487,14,8,1,23,469,10,8,3,21,510,490,58,27,96,25
13,1000,30,5.13,10.3,18,37,48,951,23,18,8,49,8.275706749,115,92,8.554545025,11.08627962,8.6772713,7.912386442,449,10,11,5,26,502,13,7,3,23,475,525,69,23,93,22
12,1000,30,5.13,10.3,18,37,49,962,19,10,9,38,7.949132607,102,104,8.790150155,11.09374099,8.069861559,7.830319988,479,7,6,4,17,483,12,4,5,21,496,504,76,28,88,14
16,1000,30,5.13,10.3,18,37,30,945,25,17,13,55,7.781274228,116,101,8.235809572,10.5570148,7.145995963,8.349174495,455,8,5,4,17,490,17,12,9,38,472,528,72,29,85,31
9,1000,30,5.13,10.3,18,37,53,963,28,6,3,37,7.77012559,129,113,9.330964209,12.15632726,7.796967763,7.745447278,460,13,4,2,19,503,15,2,1,18,479,521,88,25,109,20
14,1000,30,5.13,10.3,18,37,46,957,26,3,14,43,7.688085727,114,90,8.544998902,10.80504301,7.872048687,7.51274603,468,15,1,4,20,489,11,2,10,23,488,512,62,28,97,17
15,1000,30,5.13,10.3,18,37,43,963,26,7,4,37,7.808403946,116,100,8.567537742,11.07157598,7.906683259,7.710516967,480,15,3,1,19,483,11,4,3,18,499,501,68,32,101,15
11,1000,30,5.13,10.3,18,37,51,959,23,10,8,41,7.818349109,118,91,8.744297018,11.21643175,7.795702433,7.840905379,481,10,6,2,18,478,13,4,6,23,499,501,64,27,88,30
10,1000,30,5.13,10.3,18,37,53,955,23,18,4,45,8.171444109,132,80,8.661102513,11.17939358,8.254344659,8.085159864,487,14,8,1,23,468,9,10,3,22,510,490,62,18,102,30
13,1000,30,5.13,10.3,18,37,49,951,23,18,8,49,8.272772435,127,104,8.557138387,11.13969358,8.695779169,7.890052057,449,10,11,5,26,502,13,7,3,23,475,525,81,23,112,15
12,1000,30,5.13,10.3,18,37,50,962,20,9,9,38,7.980357537,103,91,8.840930173,11.14925326,8.098739124,7.863855022,480,7,5,4,16,482,13,4,5,22,496,504,62,29,88,15
9,1000,30,5.13,10.3,18,37,54,963,28,6,3,37,7.788694462,115,104,9.398518932,12.29000435,7.84186428,7.739810887,460,13,4,2,19,503,15,2,1,18,479,521,77,27,93,22
14,1000,30,5.13,10.3,18,37,47,957,26,3,14,43,7.702563686,121,109,8.598273998,10.8457139,7.920728107,7.494625723,468,15,1,4,20,489,11,2,10,23,488,512,77,32,90,31
15,1000,30,5.13,10.3,18,37,44,962,27,7,4,38,7.832455606,129,84,8.618656278,11.15636181,7.942145896,7.723203202,480,15,3,1,19,482,12,4,3,19,499,501,58,26,104,25
16,1000,30,5.13,10.3,18,37,31,946,25,16,13,54,7.778389994,127,95,8.281336189,10.60030437,7.221552633,8.276168847,455,8,5,4,17,491,17,11,9,37,472,528,59,36,100,27
11,1000,30,5.13,10.3,18,37,52,959,23,10,8,41,7.836376219,140,98,8.783012699,11.26866039,7.842214109,7.830561633,481,10,6,2,18,478,13,4,6,23,499,501,63,35,115,25
10,1000,30,5.13,10.3,18,37,54,954,23,19,4,46,8.179061145,114,110,8.695791506,11.23566608,8.239552838,8.116100404,488,13,8,1,22,466,10,11,3,24,510,490,79,31,92,22
13,1000,30,5.13,10.3,18,37,50,950,24,18,8,50,8.284360062,104,102,8.580532949,11.17749028,8.728256068,7.882739865,449,10,11,5,26,501,14,7,3,24,475,525,58,44,87,17
12,1000,30,5.13,10.3,18,37,51,961,21,9,9,39,8.035523522,108,97,8.894439296,11.21567587,8.178987686,7.894336568,479,8,5,4,17,482,13,4,5,22,496,504,67,30,91,17
9,1000,30,5.13,10.3,18,37,55,961,30,6,3,39,7.850952956,128,95,9.470128798,12.36174833,7.935787104,7.772957646,460,13,4,2,19,501,17,2,1,20,479,521,71,24,115,13
14,1000,30,5.13,10.3,18,37,48,957,27,3,13,43,7.702891332,90,120,8.631993156,10.91668128,7.958270619,7.459482949,468,15,1,4,20,489,12,2,9,23,488,512,87,33,72,18
15,1000,30,5.13,10.3,18,37,45,963,27,7,3,37,7.793304666,97,96,8.656216225,11.23986654,7.964521551,7.622771282,479,16,3,1,20,484,11,4,2,17,499,501,72,24,83,14
11,1000,30,5.13,10.3,18,37,53,961,22,9,8,39,7.86215305,114,72,8.815392162,11.3294611,7.940133464,7.784483934,481,10,6,2,18,480,12,3,6,21,499,501,55,17,98,16
16,1000,30,5.13,10.3,18,37,32,945,26,16,13,55,7.80354533,116,104,8.332629873,10.65311888,7.282635426,8.269207215,454,9,5,4,18,491,17,11,9,37,472,528,75,29,87,29
10,1000,30,5.13,10.3,18,37,55,954,23,18,5,46,8.191519245,132,88,8.720808395,11.29568774,8.292555856,8.086358691,488,13,8,1,22,466,10,10,4,24,510,490,57,31,106,26
13,1000,30,5.13,10.3,18,37,51,950,24,18,8,50,8.304059382,121,95,8.623960076,11.23229238,8.755036744,7.896032246,449,10,11,5,26,501,14,7,3,24,475,525,70,25,98,23
12,1000,30,5.13,10.3,18,37,52,962,21,9,8,38,8.080868937,122,96,8.970144911,11.2960738,8.219067274,7.944864225,479,8,5,4,17,483,13,4,4,21,496,504,77,19,96,26
9,1000,30,5.13,10.3,18,37,56,960,31,6,3,40,7.889306148,129,102,9.516111537,12.41959137,8.022574714,7.766780921,459,14,4,2,20,501,17,2,1,20,479,521,71,31,113,16
14,1000,30,5.13,10.3,18,37,49,956,27,4,13,44,7.723980214,108,99,8.666436532,10.99890397,7.972004547,7.487582022,468,15,1,4,20,488,12,3,9,24,488,512,67,32,89,19
15,1000,30,5.13,10.3,18,37,46,963,29,6,2,37,7.823582114,131,101,8.733640572,11.37586968,8.017998734,7.629941608,478,17,3,1,21,485,12,3,1,16,499,501,66,35,107,24
11,1000,30,5.13,10.3,18,37,54,960,22,10,8,40,7.915803105,115,92,8.863029736,11.38351261,8.013294129,7.818701266,480,11,6,2,19,480,11,4,6,21,499,501,66,26,91,24
16,1000,30,5.13,10.3,18,37,33,947,25,16,12,53,7.818024291,128,76,8.395064566,10.74051278,7.33083463,8.253542322,454,9,5,4,18,493,16,11,8,35,472,528,57,19,110,18
10,1000,30,5.13,10.3,18,37,56,953,24,18,5,47,8.198712713,114,95,8.755376991,11.34499132,8.316806763,8.075798498,487,14,8,1,23,466,10,10,4,24,510,490,66,29,90,24
13,1000,30,5.13,10.3,18,37,52,950,24,17,9,50,8.305691574,110,87,8.652164949,11.24778078,8.759007725,7.895548389,449,11,10,5,26,501,13,7,4,24,475,525,65,22,80,30
12,1000,30,5.13,10.3,18,37,53,960,23,9,8,40,8.093195042,107,98,9.014860503,11.36718324,8.234889006,7.953750188,479,8,5,4,17,481,15,4,4,23,496,504,79,19,84,23
9,1000,30,5.13,10.3,18,37,57,960,31,6,3,40,7.887868904,122,118,9.580547661,12.5137888,8.060861653,7.728821827,459,14,4,2,20,501,17,2,1,20,479,521,81,37,100,22
14,1000,30,5.13,10.3,18,37,50,958,26,3,13,42,7.71688508,132,79,8.728131657,11.08470368,8.040557908,7.408384416,468,15,1,4,20,490,11,2,9,22,488,512,59,20,106,26
15,1000,30,5.13,10.3,18,37,47,962,30,6,2,38,7.832295605,125,89,8.792119447,11.45840655,8.031270703,7.634114818,477,18,3,1,22,485,12,3,1,16,499,501,75,14,101,24
11,1000,30,5.13,10.3,18,37,55,960,22,10,8,40,7.917570274,117,95,8.896696684,11.45133223,8.064215884,7.771510075,480,11,6,2,19,480,11,4,6,21,499,501,70,25,93,24
10,1000,30,5.13,10.3,18,37,57,952,25,18,5,48,8.2039703,115,105,8.787325457,11.37913572,8.33488915,8.067707825,486,15,8,1,24,466,10,10,4,24,510,490,79,26,91,24
16,1000,30,5.13,10.3,18,37,34,946,26,16,12,54,7.841284658,122,91,8.432114586,10.77969195,7.342063335,8.287558265,454,9,5,4,18,492,17,11,8,36,472,528,58,33,95,27
12,1000,30,5.13,10.3,18,37,54,960,24,9,7,40,8.070880123,132,96,9.049822525,11.42462062,8.245531588,7.899000904,479,8,5,4,17,481,16,4,3,23,496,504,71,25,111,21
13,1000,30,5.13,10.3,18,37,53,949,25,17,9,51,8.294762434,100,84,8.703744129,11.32226711,8.748358217,7.88436625,449,11,10,5,26,500,14,7,4,25,475,525,65,19,80,20
9,1000,30,5.13,10.3,18,37,58,961,30,5,4,39,7.886379967,141,105,9.635196351,12.5872672,8.094861541,7.694704968,459,14,4,2,20,502,16,1,2,19,479,521,85,20,116,25
14,1000,30,5.13,10.3,18,37,51,957,28,3,12,43,7.738824956,119,96,8.769789469,11.13673863,8.128619278,7.367302242,466,17,1,4,22,491,11,2,8,21,488,512,65,31,91,28
15,1000,30,5.13,10.3,18,37,48,961,31,6,2,39,7.858929524,118,107,8.822905095,11.56201244,8.070478815,7.648224741,477,18,3,1,22,484,13,3,1,17,499,501,77,30,91,27
11,1000,30,5.13,10.3,18,37,56,960,22,10,8,40,7.981466838,130,79,8.913282647,11.53550796,8.114208608,7.849254976,480,11,6,2,19,480,11,4,6,21,499,501,59,20,106,24
10,1000,30,5.13,10.3,18,37,58,953,26,17,4,47,8.174357493,110,87,8.850605023,11.48468653,8.365074558,7.975856059,486,15,8,1,24,467,11,9,3,23,510,490,64,23,96,14
16,1000,30,5.13,10.3,18,37,35,946,26,16,12,54,7.848508495,112,74,8.492072517,10.84533511,7.375214961,8.27160423,454,9,5,4,18,492,17,11,8,36,472,528,46,28,89,23
12,1000,30,5.13,10.3,18,37,55,962,23,9,6,38,8.068348276,107,100,9.089839539,11.49314671,8.295615239,7.844688725,479,8,5,4,17,483,15,4,2,21,496,504,73,27,89,18
13,1000,30,5.13,10.3,18,37,54,949,26,16,9,51,8.294087762,128,99,8.739809059,11.38422831,8.78787817,7.847325012,448,12,10,5,27,501,14,6,4,24,475,525,72,27,105,23
14,1000,30,5.13,10.3,18,37,52,958,27,3,12,42,7.739751236,113,86,8.787489691,11.17168945,8.157695435,7.341398171,466,17,1,4,22,492,10,2,8,20,488,512,60,26,92,21
9,1000,30,5.13,10.3,18,37,59,961,30,5,4,39,7.925763457,116,86,9.702875999,12.69523919,8.144292656,7.724850815,459,14,4,2,20,502,16,1,2,19,479,521,62,24,103,13
15,1000,30,5.13,10.3,18,37,49,961,31,6,2,39,7.86165809,116,102,8.879856479,11.70709284,8.111100943,7.613211017,477,18,3,1,22,484,13,3,1,17,499,501,72,30,94,22
11,1000,30,5.13,10.3,18,37,57,961,22,9,8,39,7.98823377,115,105,8.940911565,11.58252894,8.132813619,7.844231087,480,11,6,2,19,481,11,3,6,20,499,501,81,24,96,19
10,1000,30,5.13,10.3,18,37,59,954,26,17,3,46,8.186344298,124,93,8.914046677,11.56668365,8.376887529,7.988023792,486,15,8,1,24,468,11,9,2,22,510,490,71,22,102,22
12,1000,30,5.13,10.3,18,37,56,962,23,9,6,38,8.095014012,121,103,9.155396767,11.60087705,8.327914868,7.865809994,479,8,5,4,17,483,15,4,2,21,496,504,65,38,98,23
13,1000,30,5.13,10.3,18,37,55,949,26,16,9,51,8.31572168,114,98,8.770530362,11.44290292,8.809490538,7.868978428,448,12,10,5,27,501,14,6,4,24,475,525,70,28,95,19
16,1000,30,5.13,10.3,18,37,36,948,26,15,11,52,7.807149577,130,108,8.544926391,10.89776023,7.336499846,8.227881911,455,9,4,4,17,493,17,11,7,35,472,528,75,33,102,28
14,1000,30,5.13,10.3,18,37,53,958,27,3,12,42,7.765734691,115,91,8.842344298,11.23670533,8.197553612,7.354157281,466,17,1,4,22,492,10,2,8,20,488,512,67,24,93,22
15,1000,30,5.13,10.3,18,37,50,960,32,6,2,40,7.880797806,112,82,8.944402627,11.80837669,8.170926372,7.591827438,476,19,3,1,23,484,13,3,1,17,499,501,60,22,90,22
9,1000,30,5.13,10.3,18,37,60,961,29,6,4,39,7.975744543,135,96,9.754533821,12.81090386,8.193031943,7.775973594,459,14,4,2,20,502,15,2,2,19,479,521,82,14,114,21
11,1000,30,5.13,10.3,18,37,58,961,23,9,7,39,7.973460566,115,85,8.981896561,11.6829438,8.134664748,7.812899913,480,12,6,1,19,481,11,3,6,20,499,501,61,24,100,15
10,1000,30,5.13,10.3,18,37,60,953,27,17,3,47,8.233035325,116,94,8.961568561,11.62317199,8.432089902,8.025856071,485,16,8,1,25,468,11,9,2,22,510,490,70,24,95,21
12,1000,30,5.13,10.3,18,37,57,962,23,9,6,38,8.097662472,127,86,9.227477898,11.70381268,8.334587072,7.864498581,479,8,5,4,17,483,15,4,2,21,496,504,62,24,105,22
13,1000,30,5.13,10.3,18,37,56,949,25,17,9,51,8.323358472,133,87,8.822166803,11.52291935,8.811159094,7.882015051,448,11,11,5,27,501,14,6,4,24,475,525,66,21,101,32
14,1000,30,5.13,10.3,18,37,54,957,27,4,12,43,7.77175659,114,93,8.921929373,11.3240842,8.226181396,7.338632946,465,18,1,4,23,492,9,3,8,20,488,512,65,28,93,21
9,1000,30,5.13,10.3,18,37,61,960,30,6,4,40,7.970498072,162,107,9.780924426,12.87183989,8.216565054,7.744267584,459,14,4,2,20,501,16,2,2,20,479,521,81,26,137,25
15,1000,30,5.13,10.3,18,37,51,961,32,5,2,39,7.884192105,139,105,9.030292071,11.97050101,8.180588629,7.588978802,476,19,3,1,23,485,13,2,1,16,499,501,73,32,113,26
16,1000,30,5.13,10.3,18,37,37,947,26,16,11,53,7.836750461,108,72,8.591446463,10.96512648,7.396388064,8.230407755,455,9,4,4,17,492,17,12,7,36,472,528,50,22,86,22
11,1000,30,5.13,10.3,18,37,59,962,23,9,6,38,7.981564873,118,99,9.049937401,11.79287665,8.173634908,7.790261585,480,12,6,1,19,482,11,3,5,19,499,501,70,29,96,22
10,1000,30,5.13,10.3,18,37,61,953,27,18,2,47,8.262349607,110,99,8.990315127,11.68711293,8.470596689,8.045602644,485,16,8,1,25,468,11,10,1,22,510,490,70,29,95,15
12,1000,30,5.13,10.3,18,37,58,963,22,9,6,37,8.107797464,126,93,9.314428535,11.81490403,8.374528878,7.845299883,479,8,5,4,17,484,14,4,2,20,496,504,72,21,96,30
13,1000,30,5.13,10.3,18,37,57,949,25,17,9,51,8.31948872,123,88,8.899575032,11.60921807,8.810658745,7.875096793,448,11,11,5,27,501,14,6,4,24,475,525,67,21,95,28
14,1000,30,5.13,10.3,18,37,55,957,28,4,11,43,7.796375221,135,81,8.986996127,11.4177072,8.301275961,7.315141702,463,20,1,4,25,494,8,3,7,18,488,512,59,22,111,24
15,1000,30,5.13,10.3,18,37,52,958,35,4,3,42,7.912813504,117,89,9.07593029,12.09165193,8.247765257,7.579198883,474,21,2,2,25,484,14,2,1,17,499,501,70,19,93,24
9,1000,30,5.13,10.3,18,37,62,959,30,7,4,41,8.014098324,125,92,9.839693785,12.95969817,8.293560553,7.757164719,458,15,4,2,21,501,15,3,2,20,479,521,69,23,108,17
11,1000,30,5.13,10.3,18,37,60,960,25,9,6,40,7.986612495,125,100,9.104669839,11.8887158,8.190115167,7.78392221,478,14,6,1,21,482,11,3,5,19,499,501,77,23,105,20
16,1000,30,5.13,10.3,18,37,38,948,27,14,11,52,7.861264589,99,94,8.633906903,11.0557712,7.43656821,8.240917413,455,10,3,4,17,493,17,11,7,35,472,528,68,26,76,23
10,1000,30,5.13,10.3,18,37,62,952,27,19,2,48,8.251098758,125,94,9.066187007,11.77501972,8.495099681,7.997138614,483,17,9,1,27,469,10,10,1,21,510,490,69,25,106,19
13,1000,30,5.13,10.3,18,37,58,951,24,16,9,49,8.314481863,131,91,8.973573574,11.69841817,8.830021025,7.848041669,448,11,11,5,27,503,13,5,4,22,475,525,69,22,110,21
12,1000,30,5.13,10.3,18,37,59,963,22,9,6,37,8.141794279,112,107,9.366223719,11.90090402,8.454516795,7.834035612,479,8,5,4,17,484,14,4,2,20,496,504,76,31,91,21
14,1000,30,5.13,10.3,18,37,56,955,29,5,11,45,7.855794958,108,102,9.049005782,11.46476814,8.398600838,7.338433104,461,21,2,4,27,494,8,3,7,18,488,512,67,35,89,19
15,1000,30,5.13,10.3,18,37,53,960,33,4,3,40,7.911556674,118,94,9.14509151,12.21586918,8.291718608,7.532912352,475,19,3,2,24,485,14,1,1,16,499,501,73,21,104,14
9,1000,30,5.13,10.3,18,37,63,959,30,7,4,41,8.016498139,118,99,9.931498771,13.06993209,8.30251328,7.753539881,458,15,4,2,21,501,15,3,2,20,479,521,83,16,106,12
11,1000,30,5.13,10.3,18,37,61,959,26,9,6,41,8.005525523,128,88,9.129801567,11.93869754,8.222454875,7.789462155,477,15,6,1,22,482,11,3,5,19,499,501,62,26,110,18
10,1000,30,5.13,10.3,18,37,63,953,27,17,3,47,8.251898623,124,85,9.09198631,11.84556645,8.53080929,7.961603846,483,17,8,2,27,470,10,9,1,20,510,490,68,17,93,31
16,1000,30,5.13,10.3,18,37,39,949,25,14,12,51,7.88326318,110,87,8.671572141,11.11802013,7.46672268,8.255625142,455,9,4,4,17,494,16,10,8,34,472,528,61,26,95,15
12,1000,30,5.13,10.3,18,37,60,963,22,9,6,37,8.139702858,128,105,9.393314522,11.96913803,8.485758815,7.799139852,478,9,5,4,18,485,13,4,2,19,496,504,76,29,108,20
13,1000,30,5.13,10.3,18,37,59,951,23,17,9,49,8.32812077,123,91,9.055032827,11.79794922,8.874729844,7.833569703,447,12,11,5,28,504,11,6,4,21,475,525,68,23,103,20
14,1000,30,5.13,10.3,18,37,57,955,28,6,11,45,7.866620206,122,107,9.107553488,11.59723065,8.420845702,7.33837403,461,20,3,4,27,494,8,3,7,18,488,512,79,28,100,22
15,1000,30,5.13,10.3,18,37,54,958,35,4,3,42,7.959501634,136,96,9.189233199,12.28727644,8.325656419,7.594808544,474,20,3,2,25,484,15,1,1,17,499,501,75,21,115,21
9,1000,30,5.13,10.3,18,37,64,959,28,9,4,41,8.058610882,145,104,9.979337251,13.12704032,8.350709541,7.790059523,458,15,4,2,21,501,13,5,2,20,479,521,76,28,118,27
11,1000,30,5.13,10.3,18,37,62,958,27,9,6,42,7.9856818,130,94,9.156054318,11.98283623,8.256969445,7.71547714,477,15,6,1,22,481,12,3,5,20,499,501,67,27,104,26
10,1000,30,5.13,10.3,18,37,64,951,30,16,3,49,8.295806447,125,96,9.13803611,11.92943638,8.592795417,7.986695479,481,19,8,2,29,470,11,8,1,20,510,490,75,21,103,22
16,1000,30,5.13,10.3,18,37,40,949,24,15,12,51,7.960239219,98,84,8.709850863,11.18379564,7.534239935,8.34105676,454,10,4,4,18,495,14,11,8,33,472,528,57,27,82,16
12,1000,30,5.13,10.3,18,37,61,963,22,9,6,37,8.164511852,116,95,9.443238548,12.06941995,8.506759473,7.827696734,478,9,5,4,18,485,13,4,2,19,496,504,75,20,101,15
13,1000,30,5.13,10.3,18,37,60,951,24,16,9,49,8.331298289,113,85,9.065823285,11.84090999,8.848489851,7.863363066,447,13,10,5,28,504,11,6,4,21,475,525,66,19,88,25
14,1000,30,5.13,10.3,18,37,58,955,28,6,11,45,7.898001724,133,122,9.153277337,11.66039006,8.449307117,7.372538772,461,20,3,4,27,494,8,3,7,18,488,512,92,30,107,26
15,1000,30,5.13,10.3,18,37,55,958,35,4,3,42,7.968612735,114,93,9.220966377,12.37900254,8.376341877,7.562511255,474,20,3,2,25,484,15,1,1,17,499,501,77,16,93,21
9,1000,30,5.13,10.3,18,37,65,957,30,9,4,43,8.086942588,136,85,10.01679357,13.18951628,8.385796258,7.812180769,457,16,4,2,22,500,14,5,2,21,479,521,73,12,114,22
11,1000,30,5.13,10.3,18,37,63,958,27,9,6,42,7.973132319,136,104,9.17837908,12.04331463,8.274112151,7.673354004,477,14,6,2,22,481,13,3,4,20,499,501,82,22,114,22
10,1000,30,5.13,10.3,18,37,65,951,30,16,3,49,8.326981381,122,89,9.210434217,12.02226305,8.683118662,7.956307885,481,19,8,2,29,470,11,8,1,20,510,490,71,18,100,22
16,1000,30,5.13,10.3,18,37,41,947,26,15,12,53,7.965222482,130,93,8.76285252,11.26269919,7.557757306,8.329471655,454,10,4,4,18,493,16,11,8,35,472,528,63,30,112,18
12,1000,30,5.13,10.3,18,37,62,962,23,9,6,38,8.163817095,118,102,9.49722073,12.14200722,8.562022664,7.771932249,478,9,5,4,18,484,14,4,2,20,496,504,77,25,97,21
13,1000,30,5.13,10.3,18,37,61,952,23,16,9,48,8.341242788,138,90,9.113387666,11.90126172,8.889327382,7.845356726,447,13,10,5,28,505,10,6,4,20,475,525,75,15,109,29
14,1000,30,5.13,10.3,18,37,59,955,26,8,11,45,7.91752235,129,100,9.24023098,11.79579273,8.497989565,7.364264536,461,18,5,4,27,494,8,3,7,18,488,512,84,16,107,22
15,1000,30,5.13,10.3,18,37,56,957,36,4,3,43,7.968886649,108,88,9.293439014,12.49131535,8.401666834,7.53783413,474,20,3,2,25,483,16,1,1,18,499,501,54,34,84,24
9,1000,30,5.13,10.3,18,37,66,956,30,10,4,44,8.083102288,144,119,10.10400948,13.2814996,8.399203185,7.792483613,457,15,5,2,22,499,15,5,2,22,479,521,92,27,120,24
11,1000,30,5.13,10.3,18,37,64,958,27,9,6,42,8.013763415,116,95,9.233486694,12.1275721,8.313866172,7.714858673,477,14,6,2,22,481,13,3,4,20,499,501,73,22,102,14
10,1000,30,5.13,10.3,18,37,66,951,31,15,3,49,8.341012428,144,94,9.265308745,12.09301801,8.740403248,7.925319943,480,20,8,2,30,471,11,7,1,19,510,490,71,23,126,18
12,1000,30,5.13,10.3,18,37,63,962,23,9,6,38,8.185675847,132,99,9.534581087,12.20509246,8.59964113,7.778281442,478,9,5,4,18,484,14,4,2,20,496,504,69,30,107,25
13,1000,30,5.13,10.3,18,37,62,949,26,15,10,51,8.384280342,133,89,9.149548834,11.98295619,8.977696547,7.847379965,445,15,9,6,30,504,11,6,4,21,475,525,72,17,105,28
16,1000,30,5.13,10.3,18,37,42,947,27,15,11,53,7.952091425,107,94,8.806640413,11.33618323,7.575205107,8.289004951,454,10,4,4,18,493,17,11,7,35,472,528,75,19,93,14
14,1000,30,5.13,10.3,18,37,60,955,26,8,11,45,7.945631157,109,73,9.314481465,11.85708291,8.572428213,7.348215213,461,18,5,4,27,494,8,3,7,18,488,512,55,18,94,15
11,1000,30,5.13,10.3,18,37,65,958,26,10,6,42,8.047461477,119,85,9.296903999,12.20114878,8.357884049,7.738278116,477,13,7,2,22,481,13,3,4,20,499,501,66,19,98,21
15,1000,30,5.13,10.3,18,37,57,956,37,4,3,44,7.977775603,123,103,9.385803507,12.61136407,8.442210444,7.515194794,473,21,3,2,26,483,16,1,1,18,499,501,74,29,95,28
9,1000,30,5.13,10.3,18,37,67,956,30,10,4,44,8.105031792,151,113,10.19497224,13.38583571,8.441484831,7.795701647,457,15,5,2,22,499,15,5,2,22,479,521,85,28,126,25
10,1000,30,5.13,10.3,18,37,67,950,30,17,3,50,8.367422477,139,88,9.311479644,12.17018472,8.794288592,7.923133254,480,18,10,2,30,470,12,7,1,20,510,490,72,16,112,27
12,1000,30,5.13,10.3,18,37,64,962,23,9,6,38,8.166662687,133,93,9.567236657,12.27922316,8.622557948,7.718003859,477,10,5,4,19,485,13,4,2,19,496,504,72,21,110,23
13,1000,30,5.13,10.3,18,37,63,947,28,15,10,53,8.41465255,127,104,9.207763239,12.04085658,9.003381649,7.881992889,444,16,9,6,31,503,12,6,4,22,475,525,78,26,101,26
14,1000,30,5.13,10.3,18,37,61,955,26,8,11,45,7.963196346,103,102,9.350381318,11.89731857,8.629489749,7.328135446,461,18,5,4,27,494,8,3,7,18,488,512,73,29,82,21
11,1000,30,5.13,10.3,18,37,66,957,27,9,7,43,8.040905727,136,93,9.365197459,12.30802792,8.376423728,7.70672712,476,14,6,3,23,481,13,3,4,20,499,501,72,21,113,23
16,1000,30,5.13,10.3,18,37,43,948,27,14,11,52,8.004887878,121,111,8.862043893,11.40287819,7.689424076,8.286893398,454,10,4,4,18,494,17,10,7,34,472,528,87,24,100,21
15,1000,30,5.13,10.3,18,37,58,955,38,4,3,45,7.991418793,127,99,9.469721717,12.74664335,8.453768959,7.530914335,473,21,3,2,26,482,17,1,1,19,499,501,87,12,96,31
9,1000,30,5.13,10.3,18,37,68,954,32,10,4,46,8.127510722,136,123,10.27600664,13.51943621,8.478595487,7.804728376,456,16,5,2,23,498,16,5,2,23,479,521,91,32,113,23
10,1000,30,5.13,10.3,18,37,68,950,30,17,3,50,8.413939373,129,109,9.38705936,12.26843165,8.89757546,7.910563037,480,18,10,2,30,470,12,7,1,20,510,490,79,30,111,18
12,1000,30,5.13,10.3,18,37,65,962,23,9,6,38,8.242477053,117,99,9.651493248,12.36665174,8.733506912,7.759241318,477,10,5,4,19,485,13,4,2,19,496,504,72,27,94,23
13,1000,30,5.13,10.3,18,37,64,947,27,16,10,53,8.444135475,125,98,9.295996467,12.12599636,9.031900939,7.912347673,444,16,9,6,31,503,11,7,4,22,475,525,77,21,98,27
14,1000,30,5.13,10.3,18,37,62,956,26,8,10,44,7.966037331,142,87,9.425676157,11.98178382,8.635980681,7.327497575,461,18,5,4,27,495,8,3,6,17,488,512,61,26,116,26
11,1000,30,5.13,10.3,18,37,67,957,27,9,7,43,8.046806341,129,110,9.433727044,12.42264257,8.389095207,7.705883897,476,14,6,3,23,481,13,3,4,20,499,501,87,23,113,16
15,1000,30,5.13,10.3,18,37,59,959,35,4,2,41,7.944599629,125,94,9.564395741,12.86774465,8.470485129,7.420813471,473,21,3,2,26,486,14,1,0,15,499,501,69,25,105,20
9,1000,30,5.13,10.3,18,37,69,953,32,11,4,47,8.111840932,156,113,10.37034796,13.62508572,8.514520936,7.741622656,456,15,6,2,23,497,17,5,2,24,479,521,83,30,134,22
16,1000,30,5.13,10.3,18,37,44,950,27,12,11,50,8.002842019,128,85,8.883162939,11.45176646,7.69414942,8.278794494,455,10,3,4,17,495,17,9,7,33,472,528,67,18,101,27
10,1000,30,5.13,10.3,18,37,69,949,30,18,3,51,8.442148506,120,90,9.446062904,12.3448365,8.951468296,7.912040154,480,17,11,2,30,469,13,7,1,21,510,490,69,21,105,15
12,1000,30,5.13,10.3,18,37,66,962,23,9,6,38,8.242316865,132,90,9.695844508,12.47466814,8.786667511,7.706606705,477,10,5,4,19,485,13,4,2,19,496,504,71,19,116,16
13,1000,30,5.13,10.3,18,37,65,948,26,16,10,52,8.484711121,135,94,9.371791051,12.23858652,9.115571156,7.913932994,444,16,9,6,31,504,10,7,4,21,475,525,79,15,109,26
14,1000,30,5.13,10.3,18,37,63,956,26,7,11,44,7.978745315,114,87,9.492263415,12.08427415,8.670016815,7.319877166,461,18,4,5,27,495,8,3,6,17,488,512,67,20,97,17
11,1000,30,5.13,10.3,18,37,68,957,27,9,7,43,8.046425565,128,96,9.509889311,12.52482931,8.390273446,7.703950331,476,14,6,3,23,481,13,3,4,20,499,501,73,23,107,21
15,1000,30,5.13,10.3,18,37,60,960,35,4,1,40,7.918462979,142,103,9.649654463,12.99671297,8.44297354,7.396046273,473,22,3,1,26,487,13,1,0,14,499,501,75,28,114,28
9,1000,30,5.13,10.3,18,37,70,953,32,11,4,47,8.092770997,145,108,10.44172692,13.71390794,8.54455444,7.677407717,456,15,6,2,23,497,17,5,2,24,479,521,87,21,122,23
10,1000,30,5.13,10.3,18,37,70,950,30,17,3,50,8.459465814,130,94,9.50289502,12.41941212,9.001348781,7.895465176,480,17,11,2,30,470,13,6,1,20,510,490,69,25,102,28
16,1000,30,5.13,10.3,18,37,45,953,25,12,10,47,7.97801187,128,115,8.91829649,11.5007407,7.715472296,8.212706337,456,9,3,4,16,497,16,9,6,31,472,528,84,31,101,27
12,1000,30,5.13,10.3,18,37,67,963,22,9,6,37,8.264115663,137,95,9.74715313,12.54398795,8.811726856,7.72519671,477,10,5,4,19,486,12,4,2,18,496,504,65,30,114,23
13,1000,30,5.13,10.3,18,37,66,948,26,16,10,52,8.515379877,135,99,9.435974892,12.35978073,9.159797555,7.932335311,443,17,9,6,32,505,9,7,4,20,475,525,77,22,113,22
14,1000,30,5.13,10.3,18,37,64,956,26,7,11,44,7.963303221,105,104,9.555426532,12.19332522,8.702388766,7.25886231,460,19,4,5,28,496,7,3,6,16,488,512,79,25,89,16
11,1000,30,5.13,10.3,18,37,69,957,26,10,7,43,8.077031952,116,104,9.563557055,12.60920812,8.435183395,7.720310256,476,13,7,3,23,481,13,3,4,20,499,501,76,28,99,17
15,1000,30,5.13,10.3,18,37,61,961,35,3,1,39,7.934073239,119,119,9.803939479,13.28957527,8.462995102,7.407262841,474,22,2,1,25,487,13,1,0,14,499,501,90,29,102,17
9,1000,30,5.13,10.3,18,37,71,955,31,10,4,45,8.060953653,171,119,10.50307763,13.77800173,8.570041924,7.592905128,456,14,7,2,23,499,17,3,2,22,479,521,92,27,149,22
10,1000,30,5.13,10.3,18,37,71,948,32,17,3,52,8.472515224,132,111,9.5948071,12.52814504,9.041348107,7.880464671,480,17,11,2,30,468,15,6,1,22,510,490,87,24,113,19
16,1000,30,5.13,10.3,18,37,46,950,28,12,10,50,8.012577357,121,81,8.942025405,11.52625593,7.78032026,8.220201125,454,11,3,4,18,496,17,9,6,32,472,528,62,19,100,21
12,1000,30,5.13,10.3,18,37,68,962,22,10,6,38,8.275113471,141,99,9.785498903,12.60039413,8.833356892,7.725731058,477,10,5,4,19,485,12,5,2,19,496,504,79,20,120,21
13,1000,30,5.13,10.3,18,37,67,948,25,17,10,52,8.552345697,123,111,9.50398534,12.44670632,9.275394173,7.89815898,442,16,11,6,33,506,9,6,4,19,475,525,88,23,113,10
14,1000,30,5.13,10.3,18,37,65,956,26,7,11,44,7.97321892,121,108,9.593629468,12.26987303,8.72099953,7.260490527,460,19,4,5,28,496,7,3,6,16,488,512,81,27,111,10
11,1000,30,5.13,10.3,18,37,70,957,25,10,8,43,8.080109327,139,110,9.607787746,12.71284487,8.454642809,7.707070988,476,13,6,4,23,481,12,4,4,20,499,501,86,24,111,28
15,1000,30,5.13,10.3,18,37,62,963,33,3,1,37,7.934482255,132,110,9.931538642,13.47987621,8.482621092,7.388531596,474,22,2,1,25,489,11,1,0,12,499,501,78,32,110,22
9,1000,30,5.13,10.3,18,37,72,955,31,10,4,45,8.07531763,155,110,10.5966659,13.86257859,8.6312569,7.564194962,456,14,7,2,23,499,17,3,2,22,479,521,83,27,135,20
10,1000,30,5.13,10.3,18,37,72,946,34,17,3,54,8.496068937,118,126,9.642729501,12.61633958,9.080777709,7.887494501,478,19,11,2,32,468,15,6,1,22,510,490,98,28,92,26
12,1000,30,5.13,10.3,18,37,69,961,23,10,6,39,8.318124793,122,91,9.836728586,12.69069156,8.913618057,7.732083803,476,11,5,4,20,485,12,5,2,19,496,504,70,21,108,14
16,1000,30,5.13,10.3,18,37,47,952,27,13,8,48,7.952617555,131,91,8.974792492,11.58732837,7.777677701,8.109003182,454,12,3,3,18,498,15,10,5,30,472,528,61,30,105,26
13,1000,30,5.13,10.3,18,37,68,947,26,17,10,53,8.553822197,126,97,9.577274778,12.57428313,9.299936482,7.878766415,441,17,11,6,34,506,9,6,4,19,475,525,72,25,107,19
11,1000,30,5.13,10.3,18,37,71,958,24,10,8,42,8.080742866,132,102,9.675817567,12.78665298,8.440997601,7.721926274,476,13,6,4,23,482,11,4,4,19,499,501,80,22,110,22
14,1000,30,5.13,10.3,18,37,66,955,26,7,12,45,8.005399692,141,101,9.698959364,12.41022498,8.770638986,7.27603099,459,19,4,6,29,496,7,3,6,16,488,512,80,21,118,23
15,1000,30,5.13,10.3,18,37,63,963,32,4,1,37,7.966939988,146,98,10.0144365,13.62515277,8.539386225,7.396778966,474,22,2,1,25,489,10,2,0,12,499,501,74,24,131,15
10,1000,30,5.13,10.3,18,37,73,946,34,17,3,54,8.516551024,117,116,9.70836381,12.70692601,9.097102623,7.912303441,478,19,11,2,32,468,15,6,1,22,510,490,92,24,96,21
9,1000,30,5.13,10.3,18,37,73,955,29,12,4,45,8.131643665,140,120,10.68719145,13.91616184,8.696158242,7.612636981,456,12,9,2,23,499,17,3,2,22,479,521,95,25,117,23
12,1000,30,5.13,10.3,18,37,70,959,24,11,6,41,8.326903616,132,106,9.91653346,12.76988117,8.944619924,7.718992329,474,12,6,4,22,485,12,5,2,19,496,504,88,18,112,20
16,1000,30,5.13,10.3,18,37,48,952,27,13,8,48,7.947497736,130,103,9.034538809,11.67190068,7.800739275,8.078690907,453,13,3,3,19,499,14,10,5,29,472,528,78,25,106,24
11,1000,30,5.13,10.3,18,37,72,957,25,9,9,43,8.109711074,124,114,9.723082092,12.86845644,8.52675557,7.694331426,475,14,5,5,24,482,11,4,4,19,499,501,87,27,108,16
13,1000,30,5.13,10.3,18,37,69,947,25,18,10,53,8.563816864,127,87,9.646230967,12.70312565,9.310316377,7.888412544,441,16,12,6,34,506,9,6,4,19,475,525,66,21,113,14
15,1000,30,5.13,10.3,18,37,64,963,32,4,1,37,7.994589412,131,134,10.1722484,13.91291712,8.557814998,7.433612232,474,22,2,1,25,489,10,2,0,12,499,501,96,38,108,23
14,1000,30,5.13,10.3,18,37,67,953,28,7,12,47,8.036360096,132,117,9.7985551,12.56213167,8.840977082,7.269459532,458,20,4,6,30,495,8,3,6,17,488,512,89,28,113,19
10,1000,30,5.13,10.3,18,37,74,948,34,15,3,52,8.491377836,120,95,9.743261278,12.76875578,9.105034764,7.852673686,479,19,10,2,31,469,15,5,1,21,510,490,75,20,105,15
9,1000,30,5.13,10.3,18,37,74,954,29,13,4,46,8.1432936,139,97,10.773027,14.04270416,8.724649968,7.608802813,456,12,9,2,23,498,17,4,2,23,479,521,80,17,126,13
12,1000,30,5.13,10.3,18,37,71,959,23,12,6,41,8.359789516,119,111,10.01031347,12.89918222,8.998337933,7.731376789,474,11,7,4,22,485,12,5,2,19,496,504,85,26,103,16
11,1000,30,5.13,10.3,18,37,73,956,26,9,9,44,8.123655762,140,97,9.777888485,12.94705715,8.565828799,7.683247887,475,14,5,5,24,481,12,4,4,20,499,501,79,18,120,20
13,1000,30,5.13,10.3,18,37,70,947,25,18,10,53,8.60204754,118,90,9.719984831,12.8029331,9.330725436,7.942767539,441,16,12,6,34,506,9,6,4,19,475,525,69,21,99,19
16,1000,30,5.13,10.3,18,37,49,948,30,14,8,52,7.977443764,129,97,9.076262697,11.7562301,7.876724512,8.067480671,451,15,3,3,21,497,15,11,5,31,472,528,79,18,107,22
15,1000,30,5.13,10.3,18,37,65,962,32,5,1,38,8.041537206,143,95,10.24056364,14.05343929,8.617004602,7.468367085,474,22,2,1,25,488,10,3,0,13,499,501,72,23,118,25
14,1000,30,5.13,10.3,18,37,68,953,29,7,11,47,8.00209057,131,93,9.878389633,12.65391038,8.831066317,7.211973062,457,22,4,5,31,496,7,3,6,16,488,512,75,18,110,21
10,1000,30,5.13,10.3,18,37,75,947,33,16,4,53,8.541206009,127,98,9.80349103,12.87761222,9.170179529,7.8865601,479,19,9,3,31,468,14,7,1,22,510,490,81,17,109,18
9,1000,30,5.13,10.3,18,37,75,954,29,13,4,46,8.167044105,143,121,10.85385678,14.14325984,8.775002283,7.608095992,455,13,9,2,24,499,16,4,2,22,479,521,99,22,122,21
12,1000,30,5.13,10.3,18,37,72,958,24,12,6,42,8.409584126,119,86,10.08571468,12.98571476,9.066479074,7.763116082,473,12,7,4,23,485,12,5,2,19,496,504,67,19,97,22
11,1000,30,5.13,10.3,18,37,74,957,25,8,10,43,8.129837611,129,99,9.835503249,13.04257153,8.565258444,7.696154986,475,14,4,6,24,482,11,4,4,19,499,501,84,15,108,21
13,1000,30,5.13,10.3,18,37,71,947,25,18,10,53,8.613416728,132,119,9.777623598,12.89491818,9.40806871,7.894445887,441,16,12,6,34,506,9,6,4,19,475,525,91,28,118,14
15,1000,30,5.13,10.3,18,37,66,960,34,5,1,40,8.032671188,142,102,10.32953141,14.23195748,8.635361212,7.432387112,473,23,2,1,26,487,11,3,0,14,499,501,86,16,118,24
14,1000,30,5.13,10.3,18,37,69,954,29,6,11,46,7.993666496,137,106,9.924115197,12.74432857,8.857142163,7.170666251,457,22,4,5,31,497,7,2,6,15,488,512,83,23,119,18
10,1000,30,5.13,10.3,18,37,76,947,32,17,4,53,8.581877272,137,113,9.909376686,13.02849275,9.262780128,7.873182462,478,19,10,3,32,469,13,7,1,21,510,490,93,20,116,21
16,1000,30,5.13,10.3,18,37,50,948,29,15,8,52,8.017595067,117,92,9.124048094,11.84536774,7.953986177,8.07445756,451,14,4,3,21,497,15,11,5,31,472,528,67,25,90,27
9,1000,30,5.13,10.3,18,37,76,953,30,13,4,47,8.181960032,129,118,10.94061827,14.26755749,8.83483548,7.581715619,453,15,9,2,26,500,15,4,2,21,479,521,91,27,114,15
12,1000,30,5.13,10.3,18,37,73,957,25,12,6,43,8.461062303,131,97,10.15718509,13.09424476,9.137786295,7.79507996,473,12,7,4,23,484,13,5,2,20,496,504,71,26,113,18
11,1000,30,5.13,10.3,18,37,75,958,23,9,10,42,8.11948977,143,106,9.920298219,13.17480181,8.601360708,7.639542469,475,13,5,6,24,483,10,4,4,18,499,501,75,31,129,14
13,1000,30,5.13,10.3,18,37,72,949,23,16,12,51,8.62729355,125,110,9.841433956,13.00711524,9.490090067,7.84666813,441,16,10,8,34,508,7,6,4,17,475,525,84,26,108,17
15,1000,30,5.13,10.3,18,37,67,960,34,5,1,40,8.027340783,150,116,10.41967352,14.36588495,8.660782136,7.396428137,473,22,3,1,26,487,12,2,0,14,499,501,92,24,119,31
14,1000,30,5.13,10.3,18,37,70,954,29,6,11,46,8.018005484,137,86,9.979474806,12.82210373,8.903238783,7.174267495,457,22,4,5,31,497,7,2,6,15,488,512,71,15,117,20
10,1000,30,5.13,10.3,18,37,77,946,32,18,4,54,8.608579134,136,116,9.969341424,13.13456035,9.33681424,7.850620146,478,19,10,3,32,468,13,8,1,22,510,490,98,18,115,21
9,1000,30,5.13,10.3,18,37,77,954,29,13,4,46,8.173318967,163,104,11.04609673,14.39437201,8.84599467,7.55487048,453,15,9,2,26,501,14,4,2,20,479,521,90,14,145,18
16,1000,30,5.13,10.3,18,37,51,948,30,15,7,52,8.011231553,133,103,9.20242768,11.95253058,7.944094723,8.071247811,451,14,4,3,21,497,16,11,4,31,472,528,74,29,103,30
12,1000,30,5.13,10.3,18,37,74,958,24,12,6,42,8.443903778,137,96,10.23895394,13.24246921,9.150102815,7.748914251,473,12,7,4,23,485,12,5,2,19,496,504,78,18,117,20
11,1000,30,5.13,10.3,18,37,76,956,25,10,9,44,8.094712252,151,107,9.990847161,13.28927389,8.646224166,7.545401982,474,14,5,6,25,482,11,5,3,19,499,501,89,18,130,21
13,1000,30,5.13,10.3,18,37,73,948,24,15,13,52,8.657999397,131,128,9.888333954,13.08527695,9.552014224,7.84912884,441,16,10,8,34,507,8,5,5,18,475,525,98,30,112,19
15,1000,30,5.13,10.3,18,37,68,960,34,5,1,40,8.009701709,135,113,10.52496006,14.52265028,8.683581564,7.338511994,473,22,3,1,26,487,12,2,0,14,499,501,86,27,108,27
14,1000,30,5.13,10.3,18,37,71,954,29,6,11,46,8.006579559,147,107,10.04471852,12.94075076,8.911914854,7.143681856,457,22,4,5,31,497,7,2,6,15,488,512,86,21,123,24
10,1000,30,5.13,10.3,18,37,78,945,33,18,4,55,8.624770341,139,104,10.06331615,13.28043725,9.39437814,7.82374998,477,20,10,3,33,468,13,8,1,22,510,490,89,15,116,23
9,1000,30,5.13,10.3,18,37,78,954,29,13,4,46,8.204066682,159,132,11.21003252,14.62448915,8.900150109,7.564097466,452,16,9,2,27,502,13,4,2,19,479,521,103,29,141,18
16,1000,30,5.13,10.3,18,37,52,948,30,15,7,52,8.004737162,125,99,9.265408625,12.042884,7.989898575,8.01800196,451,14,4,3,21,497,16,11,4,31,472,528,77,22,103,22
12,1000,30,5.13,10.3,18,37,75,959,23,10,8,41,8.458146721,129,114,10.31166683,13.31551541,9.218939024,7.709430487,473,12,5,6,23,486,11,5,2,18,496,504,86,28,115,14
11,1000,30,5.13,10.3,18,37,77,956,25,10,9,44,8.087031311,132,107,10.0456579,13.37562642,8.671027461,7.505366482,474,14,5,6,25,482,11,5,3,19,499,501,88,19,120,12
13,1000,30,5.13,10.3,18,37,74,949,23,15,13,51,8.653264179,158,96,9.950318998,13.18828567,9.574906479,7.819397337,441,16,10,8,34,508,7,5,5,17,475,525,79,17,142,16
15,1000,30,5.13,10.3,18,37,69,961,32,6,1,39,8.00980067,136,110,10.62207225,14.62628547,8.699856525,7.32249953,474,20,4,1,25,487,12,2,0,14,499,501,85,25,116,20
14,1000,30,5.13,10.3,18,37,72,953,30,6,11,47,8.001390895,126,116,10.095271,13.03811211,8.918723433,7.127058319,456,23,4,5,32,497,7,2,6,15,488,512,87,29,106,20
10,1000,30,5.13,10.3,18,37,79,947,31,19,3,53,8.641256836,141,107,10.10519181,13.38856687,9.392265102,7.859595172,478,20,10,2,32,469,11,9,1,21,510,490,82,25,126,15
9,1000,30,5.13,10.3,18,37,79,954,29,13,4,46,8.200255079,153,105,11.3609039,14.81022221,8.897112053,7.559574676,452,16,9,2,27,502,13,4,2,19,479,521,95,10,129,24
12,1000,30,5.13,10.3,18,37,76,959,24,9,8,41,8.451431115,140,110,10.44191956,13.51753121,9.255307393,7.660314778,473,12,5,6,23,486,12,4,2,18,496,504,88,22,125,15
16,1000,30,5.13,10.3,18,37,53,948,30,15,7,52,8.017187893,118,101,9.30286531,12.11919282,8.037900019,7.998672508,451,14,4,3,21,497,16,11,4,31,472,528,78,23,101,17
11,1000,30,5.13,10.3,18,37,78,956,25,10,9,44,8.104885007,146,104,10.13034114,13.4618898,8.702797781,7.50935911,474,14,5,6,25,482,11,5,3,19,499,501,90,14,127,19
13,1000,30,5.13,10.3,18,37,75,947,25,15,13,53,8.688151629,131,112,10.01807324,13.25768341,9.638578993,7.828241158,440,17,10,8,35,507,8,5,5,18,475,525,93,19,113,18
15,1000,30,5.13,10.3,18,37,70,961,32,6,1,39,8.037321147,151,107,10.71848968,14.74264974,8.760467576,7.317061531,474,20,4,1,25,487,12,2,0,14,499,501,81,26,132,19
14,1000,30,5.13,10.3,18,37,73,953,31,6,10,47,7.99757041,118,107,10.20320967,13.171195,8.943987532,7.095516589,456,23,4,5,32,497,8,2,5,15,488,512,84,23,106,12
10,1000,30,5.13,10.3,18,37,80,948,31,16,5,52,8.635786148,164,110,10.15803743,13.46979076,9.428546613,7.810668113,478,21,8,3,32,470,10,8,2,20,510,490,85,25,130,34
9,1000,30,5.13,10.3,18,37,80,954,29,13,4,46,8.234364819,166,126,11.46390739,14.96437208,8.931062663,7.593830716,452,16,9,2,27,502,13,4,2,19,479,521,106,20,145,21
12,1000,30,5.13,10.3,18,37,77,959,24,9,8,41,8.457344135,129,108,10.51251945,13.65006336,9.27136694,7.656242326,473,12,5,6,23,486,12,4,2,18,496,504,86,22,117,12
16,1000,30,5.13,10.3,18,37,54,946,32,16,6,54,8.021675141,132,89,9.356905999,12.18442064,8.063170975,7.984580381,450,15,5,2,22,496,17,11,4,32,472,528,71,18,112,20
11,1000,30,5.13,10.3,18,37,79,954,25,12,9,46,8.149126856,128,122,10.19823409,13.57936081,8.786760579,7.514038577,473,14,6,6,26,481,11,6,3,20,499,501,102,20,112,16
13,1000,30,5.13,10.3,18,37,76,948,24,15,13,52,8.693797517,142,89,10.0759234,13.32702714,9.643692277,7.834368925,440,17,10,8,35,508,7,5,5,17,475,525,71,18,120,22
15,1000,30,5.13,10.3,18,37,71,961,32,6,1,39,8.019713618,132,102,10.79091784,14.83168261,8.764590602,7.277810194,474,20,4,1,25,487,12,2,0,14,499,501,80,22,112,20
14,1000,30,5.13,10.3,18,37,74,954,30,6,10,46,7.951557677,138,93,10.2814065,13.27727307,8.914467281,7.033784461,457,22,4,5,31,497,8,2,5,15,488,512,71,22,119,19
10,1000,30,5.13,10.3,18,37,81,947,31,17,5,53,8.643172572,135,106,10.26297791,13.63744124,9.423492042,7.831003327,477,22,8,3,33,470,9,9,2,20,510,490,82,24,119,16
9,1000,30,5.13,10.3,18,37,81,954,28,14,4,46,8.228759427,170,118,11.61268563,15.16853394,8.97859349,7.53937264,452,16,9,2,27,502,12,5,2,19,479,521,96,22,158,12
12,1000,30,5.13,10.3,18,37,78,961,21,10,8,39,8.47491592,132,123,10.60909743,13.76531449,9.299181656,7.663733767,474,10,6,6,22,487,11,4,2,17,496,504,102,21,115,17
11,1000,30,5.13,10.3,18,37,80,955,24,11,10,45,8.139925329,146,90,10.27880536,13.69042871,8.8087848,7.473735956,474,13,6,6,25,481,11,5,4,20,499,501,66,24,125,21
16,1000,30,5.13,10.3,18,37,55,944,34,16,6,56,8.030305559,115,81,9.38217857,12.23507424,8.094488878,7.972929562,450,15,5,2,22,494,19,11,4,34,472,528,64,17,99,16
13,1000,30,5.13,10.3,18,37,77,947,25,15,13,53,8.714627492,135,109,10.18040305,13.48389367,9.709634426,7.814383123,439,18,10,8,36,508,7,5,5,17,475,525,82,27,114,21
15,1000,30,5.13,10.3,18,37,72,962,31,6,1,38,8.023210312,148,101,10.87305407,14.96040266,8.764189965,7.285188661,475,20,3,1,24,487,11,3,0,14,499,501,82,19,130,18
14,1000,30,5.13,10.3,18,37,75,955,28,7,10,45,7.976723063,130,100,10.34967975,13.38177042,8.959388068,7.04012048,457,21,5,5,31,498,7,2,5,14,488,512,76,24,113,17
10,1000,30,5.13,10.3,18,37,82,946,32,17,5,54,8.636401969,146,107,10.31061474,13.74776142,9.452868122,7.786610667,476,23,8,3,34,470,9,9,2,20,510,490,84,23,125,21
9,1000,30,5.13,10.3,18,37,82,954,28,14,4,46,8.212670094,144,105,11.78148946,15.37811127,9.031443313,7.459901627,450,18,9,2,29,504,10,5,2,17,479,521,91,14,128,16
12,1000,30,5.13,10.3,18,37,79,961,21,10,8,39,8.493937074,141,107,10.73047278,13.94397842,9.313665833,7.687219883,474,10,6,6,22,487,11,4,2,17,496,504,93,14,123,18
11,1000,30,5.13,10.3,18,37,81,954,25,10,11,46,8.178459159,150,100,10.37676935,13.82356583,8.8521932,7.507414675,473,14,6,6,26,481,11,4,5,20,499,501,83,17,123,27
13,1000,30,5.13,10.3,18,37,78,948,25,14,13,52,8.684744252,122,99,10.24679347,13.59613608,9.735882336,7.733714558,439,18,10,8,36,509,7,4,5,16,475,525,79,20,108,14
15,1000,30,5.13,10.3,18,37,73,963,29,7,1,37,8.049779671,151,110,10.97292774,15.06679904,8.834333459,7.268357834,475,20,3,1,24,488,9,4,0,13,499,501,88,22,137,14
16,1000,30,5.13,10.3,18,37,56,945,34,14,7,55,8.020397058,136,106,9.475205982,12.35290116,8.102557282,7.946950797,450,15,5,2,22,495,19,9,5,33,472,528,77,29,115,21
14,1000,30,5.13,10.3,18,37,76,955,28,7,10,45,8.029563041,134,117,10.44801042,13.54698864,9.011942833,7.093232303,457,21,5,5,31,498,7,2,5,14,488,512,97,20,116,18
10,1000,30,5.13,10.3,18,37,83,947,32,15,6,53,8.64384841,151,93,10.3619968,13.82504141,9.504835258,7.747719242,476,23,7,4,34,471,9,8,2,19,510,490,73,20,132,19
9,1000,30,5.13,10.3,18,37,83,954,28,14,4,46,8.239152789,168,94,11.97459713,15.63644521,9.101424279,7.446392628,450,18,9,2,29,504,10,5,2,17,479,521,79,15,152,16
12,1000,30,5.13,10.3,18,37,80,960,21,11,8,40,8.520414469,129,110,10.81654804,14.08680975,9.351285235,7.702732128,473,11,6,6,23,487,10,5,2,17,496,504,87,23,116,13
11,1000,30,5.13,10.3,18,37,82,954,25,10,11,46,8.198789597,148,116,10.46301095,13.93618052,8.878133541,7.522157605,473,14,6,6,26,481,11,4,5,20,499,501,87,29,132,16
13,1000,30,5.13,10.3,18,37,79,948,25,14,13,52,8.735089834,141,115,10.31584878,13.69594965,9.782624346,7.787320515,439,18,10,8,36,509,7,4,5,16,475,525,92,23,130,11
15,1000,30,5.13,10.3,18,37,74,963,29,7,1,37,8.024167059,137,104,11.17400602,15.29730886,8.830817015,7.220737263,475,20,3,1,24,488,9,4,0,13,499,501,80,24,126,11
14,1000,30,5.13,10.3,18,37,77,954,27,8,11,46,8.07602843,122,106,10.55341217,13.68606055,9.065454243,7.132981952,457,20,6,5,31,497,7,2,6,15,488,512,86,20,106,16
10,1000,30,5.13,10.3,18,37,84,946,31,17,6,54,8.675865715,146,102,10.49350131,13.98446194,9.546574379,7.769617921,476,21,9,4,34,470,10,8,2,20,510,490,86,16,131,15
16,1000,30,5.13,10.3,18,37,57,944,37,14,5,56,8.031290346,126,101,9.567939509,12.45508868,8.156220098,7.919610719,448,17,5,2,24,496,20,9,3,32,472,528,82,19,106,20
9,1000,30,5.13,10.3,18,37,84,953,30,12,5,47,8.256545824,147,125,12.14328862,15.87005259,9.155251114,7.430288945,450,19,7,3,29,503,11,5,2,18,479,521,102,23,124,23
12,1000,30,5.13,10.3,18,37,81,959,22,11,8,41,8.537368464,158,112,10.8974756,14.23717169,9.403340389,7.685142124,472,12,6,6,24,487,10,5,2,17,496,504,90,22,134,24
11,1000,30,5.13,10.3,18,37,83,954,25,10,11,46,8.213294033,150,112,10.5193883,14.04987802,8.938831025,7.490653397,473,14,6,6,26,481,11,4,5,20,499,501,96,16,129,21
13,1000,30,5.13,10.3,18,37,80,948,25,14,13,52,8.73541594,145,104,10.42975993,13.87621034,9.790538422,7.780781313,439,18,10,8,36,509,7,4,5,16,475,525,87,17,128,17
15,1000,30,5.13,10.3,18,37,75,962,29,8,1,38,8.034707117,154,122,11.31706041,15.46626859,8.856579007,7.216116154,475,20,3,1,24,487,9,5,0,14,499,501,101,21,127,27
14,1000,30,5.13,10.3,18,37,78,954,26,8,12,46,8.063944867,144,129,10.63355162,13.80822197,9.07852624,7.096921995,456,20,6,6,32,498,6,2,6,14,488,512,106,23,127,17
10,1000,30,5.13,10.3,18,37,85,946,31,17,6,54,8.645709142,151,104,10.57228582,14.05484514,9.568196441,7.6855693,476,21,9,4,34,470,10,8,2,20,510,490,85,19,132,19
9,1000,30,5.13,10.3,18,37,85,953,30,12,5,47,8.254897106,160,121,12.29532956,16.15476327,9.205252671,7.381153698,450,19,7,3,29,503,11,5,2,18,479,521,104,17,143,17
12,1000,30,5.13,10.3,18,37,82,959,22,11,8,41,8.564322863,156,122,10.95888939,14.32841517,9.456586826,7.686221821,472,12,6,6,24,487,10,5,2,17,496,504,99,23,136,20
16,1000,30,5.13,10.3,18,37,58,945,38,12,5,55,8.035041483,141,101,9.649062184,12.5944421,8.157592357,7.925488429,448,18,4,2,24,497,20,8,3,31,472,528,79,22,113,28
11,1000,30,5.13,10.3,18,37,84,954,25,10,11,46,8.236378598,117,103,10.5844199,14.16065918,9.001131451,7.47467865,473,14,6,6,26,481,11,4,5,20,499,501,83,20,102,15
13,1000,30,5.13,10.3,18,37,81,946,26,15,13,54,8.746280625,165,108,10.5554727,14.01519468,9.837609248,7.75888806,438,19,10,8,37,508,7,5,5,17,475,525,88,20,143,22
15,1000,30,5.13,10.3,18,37,76,961,30,8,1,39,8.091845476,132,113,11.43388682,15.61511707,8.941408808,7.245673615,475,20,3,1,24,486,10,5,0,15,499,501,91,22,120,12
14,1000,30,5.13,10.3,18,37,79,953,27,8,12,47,8.081625213,141,117,10.72833939,13.93040978,9.117667179,7.094147714,456,20,6,6,32,497,7,2,6,15,488,512,89,28,124,17
10,1000,30,5.13,10.3,18,37,86,946,30,18,6,54,8.648867509,145,100,10.67599075,14.15556729,9.600202464,7.658702556,476,21,9,4,34,470,9,9,2,20,510,490,78,22,125,20
12,1000,30,5.13,10.3,18,37,83,959,21,11,9,41,8.534873667,158,91,11.02568501,14.45419214,9.460656075,7.623786217,472,12,5,7,24,487,9,6,2,17,496,504,72,19,139,19
9,1000,30,5.13,10.3,18,37,86,952,31,12,5,48,8.287821471,154,131,12.46393504,16.40666202,9.229488832,7.422065873,449,20,7,3,30,503,11,5,2,18,479,521,114,17,135,19
16,1000,30,5.13,10.3,18,37,59,945,38,12,5,55,8.005748313,130,127,9.715874585,12.67257791,8.169510675,7.859354686,448,18,4,2,24,497,20,8,3,31,472,528,101,26,104,26
11,1000,30,5.13,10.3,18,37,85,954,25,10,11,46,8.276474349,148,114,10.65346236,14.28317655,9.085429864,7.470748197,473,14,6,6,26,481,11,4,5,20,499,501,92,22,129,19
13,1000,30,5.13,10.3,18,37,82,947,25,14,14,53,8.724883686,147,111,10.77053168,14.24112306,9.820718571,7.733414029,439,18,10,8,36,508,7,4,6,17,475,525,90,21,127,20
15,1000,30,5.13,10.3,18,37,77,961,30,8,1,39,8.111428817,153,111,11.60051494,15.82606285,9.020692092,7.205795336,475,20,3,1,24,486,10,5,0,15,499,501,86,25,135,18
14,1000,30,5.13,10.3,18,37,80,954,26,8,12,46,8.096474394,128,97,10.82828729,14.04458293,9.165479641,7.077578769,456,20,6,6,32,498,6,2,6,14,488,512,84,13,115,13
10,1000,30,5.13,10.3,18,37,87,947,30,17,6,53,8.634925141,155,117,10.74588839,14.25624276,9.600163028,7.630289789,477,20,9,4,33,470,10,8,2,20,510,490,98,19,130,25
12,1000,30,5.13,10.3,18,37,84,958,21,12,9,42,8.542145595,145,119,11.10097175,14.62171265,9.521840843,7.578001065,471,12,6,7,25,487,9,6,2,17,496,504,93,26,133,12
9,1000,30,5.13,10.3,18,37,87,951,32,11,6,49,8.316089019,177,129,12.64044844,16.68826142,9.27901783,7.430785948,450,20,6,3,29,501,12,5,3,20,479,521,113,16,147,30
16,1000,30,5.13,10.3,18,37,60,943,40,12,5,57,8.028829782,145,104,9.746729711,12.75770635,8.220624104,7.857377281,447,19,4,2,25,496,21,8,3,32,472,528,74,30,121,24
11,1000,30,5.13,10.3,18,37,86,953,26,10,11,47,8.286720564,169,101,10.71920307,14.36670892,9.093735744,7.482927001,472,15,6,6,27,481,11,4,5,20,499,501,76,25,147,22
13,1000,30,5.13,10.3,18,37,83,946,26,15,13,54,8.717251026,130,96,10.85801624,14.32107276,9.843037424,7.69868238,438,18,11,8,37,508,8,4,5,17,475,525,76,20,116,14
15,1000,30,5.13,10.3,18,37,78,959,31,9,1,41,8.166292465,160,112,11.7063722,15.96134548,9.133145703,7.20329892,473,21,4,1,26,486,10,5,0,15,499,501,97,15,144,16
14,1000,30,5.13,10.3,18,37,81,952,28,8,12,48,8.147639281,133,113,10.90972928,14.16570453,9.258367792,7.088976168,454,22,6,6,34,498,6,2,6,14,488,512,91,22,123,10
10,1000,30,5.13,10.3,18,37,88,948,29,17,6,52,8.639967473,150,107,10.80324686,14.33334238,9.649228832,7.589511772,477,20,9,4,33,471,9,8,2,19,510,490,95,12,134,16
12,1000,30,5.13,10.3,18,37,85,958,21,12,9,42,8.54012457,145,112,11.19846297,14.76830747,9.524689434,7.571187721,471,12,6,7,25,487,9,6,2,17,496,504,89,23,128,17
9,1000,30,5.13,10.3,18,37,88,952,31,11,6,48,8.300878192,158,134,12.81117887,16.93020881,9.2643093,7.415113315,450,19,7,3,29,502,12,4,3,19,479,521,115,19,137,21
11,1000,30,5.13,10.3,18,37,87,953,27,9,11,47,8.312966354,148,116,10.85264505,14.51615294,9.139729774,7.489503386,472,15,6,6,27,481,12,3,5,20,499,501,96,20,131,17
16,1000,30,5.13,10.3,18,37,61,944,40,11,5,56,8.022994561,134,120,9.789791284,12.80730372,8.266477095,7.805335932,446,20,4,2,26,498,20,7,3,30,472,528,91,29,114,20
15,1000,30,5.13,10.3,18,37,79,960,29,10,1,40,8.196427621,143,121,11.85506787,16.22303856,9.204407373,7.192471741,473,20,5,1,26,487,9,5,0,14,499,501,98,23,130,13
13,1000,30,5.13,10.3,18,37,84,945,26,16,13,55,8.748970968,147,108,10.99199068,14.51020476,9.907693775,7.700602715,437,18,12,8,38,508,8,4,5,17,475,525,92,16,127,20
14,1000,30,5.13,10.3,18,37,82,951,28,8,13,49,8.19668011,130,125,11.00385377,14.27816558,9.353064973,7.094500788,453,22,6,7,35,498,6,2,6,14,488,512,102,23,118,12
10,1000,30,5.13,10.3,18,37,89,948,29,17,6,52,8.654421934,161,131,10.89590898,14.47196114,9.688471125,7.578166654,477,20,9,4,33,471,9,8,2,19,510,490,100,31,142,19
12,1000,30,5.13,10.3,18,37,86,958,21,12,9,42,8.550198264,141,115,11.31268624,14.92758055,9.544861691,7.571323144,471,12,6,7,25,487,9,6,2,17,496,504,92,23,123,18
9,1000,30,5.13,10.3,18,37,89,952,31,11,6,48,8.301537122,167,135,13.09908394,17.26238798,9.287980806,7.39461481,450,19,7,3,29,502,12,4,3,19,479,521,120,15,149,18
11,1000,30,5.13,10.3,18,37,88,954,26,9,11,46,8.309505849,148,92,10.9324481,14.63105798,9.158592244,7.463809019,473,14,6,6,26,481,12,3,5,20,499,501,78,14,134,14
15,1000,30,5.13,10.3,18,37,80,961,29,9,1,39,8.220015886,160,121,12.08964399,16.62609279,9.249976233,7.194167158,473,20,5,1,26,488,9,4,0,13,499,501,101,20,140,20
13,1000,30,5.13,10.3,18,37,85,943,28,16,13,57,8.767473524,152,119,11.12164368,14.6628312,9.958131683,7.69021138,436,18,13,8,39,507,10,3,5,18,475,525,96,23,131,21
16,1000,30,5.13,10.3,18,37,62,945,39,11,5,55,8.022044729,122,109,9.870679145,12.91723356,8.287258909,7.784959326,446,20,4,2,26,499,19,7,3,29,472,528,85,24,104,18
10,1000,30,5.13,10.3,18,37,90,947,30,17,6,53,8.661549659,147,109,10.98228891,14.60866049,9.708765305,7.571590517,477,20,9,4,33,470,10,8,2,20,510,490,90,19,133,14
14,1000,30,5.13,10.3,18,37,83,951,27,9,13,49,8.220107139,144,129,11.10064544,14.42292076,9.403981457,7.09172693,453,21,7,7,35,498,6,2,6,14,488,512,98,31,125,19
12,1000,30,5.13,10.3,18,37,87,957,22,12,9,43,8.5653336,146,112,11.39330081,15.06672297,9.572730067,7.573927554,470,13,6,7,26,487,9,6,2,17,496,504,90,22,125,21
9,1000,30,5.13,10.3,18,37,90,952,30,12,6,48,8.322601013,165,146,13.35580086,17.63952258,9.341444984,7.385890338,450,18,8,3,29,502,12,4,3,19,479,521,130,16,146,19
11,1000,30,5.13,10.3,18,37,89,955,25,10,10,45,8.293950383,157,128,11.0351486,14.78425839,9.207597606,7.383950455,473,14,6,6,26,482,11,4,4,19,499,501,107,21,141,16
15,1000,30,5.13,10.3,18,37,81,959,30,10,1,41,8.276784281,145,120,12.31191887,16.97527485,9.333919965,7.223868699,472,20,6,1,27,487,10,4,0,14,499,501,96,24,131,14
13,1000,30,5.13,10.3,18,37,86,942,29,16,13,58,8.797061132,148,132,11.22536487,14.81625771,9.999317406,7.709305455,436,18,13,8,39,506,11,3,5,19,475,525,107,25,134,14
10,1000,30,5.13,10.3,18,37,91,946,31,17,6,54,8.677993476,152,114,11.07506786,14.71675091,9.745408683,7.5670103,477,20,9,4,33,469,11,8,2,21,510,490,92,22,137,15
14,1000,30,5.13,10.3,18,37,84,950,27,10,13,50,8.220684549,148,113,11.19143756,14.52280424,9.415445629,7.081927894,452,22,7,7,36,498,5,3,6,14,488,512,91,22,130,18
16,1000,30,5.13,10.3,18,37,63,943,41,11,5,57,8.028253824,148,103,9.954723965,13.02775613,8.354686577,7.736442727,444,22,4,2,28,499,19,7,3,29,472,528,77,26,126,22
12,1000,30,5.13,10.3,18,37,88,957,22,12,9,43,8.585496489,162,119,11.47621206,15.18965571,9.623186952,7.564277304,470,13,6,7,26,487,9,6,2,17,496,504,103,16,147,15
9,1000,30,5.13,10.3,18,37,91,953,29,12,6,47,8.305746131,166,123,13.55495883,17.92057827,9.40666011,7.293581455,449,18,9,3,30,504,11,3,3,17,479,521,100,23,148,18
11,1000,30,5.13,10.3,18,37,90,954,25,11,10,46,8.310257955,161,114,11.15398901,14.97088868,9.226682643,7.397491649,472,14,7,6,27,482,11,4,4,19,499,501,92,22,141,20
15,1000,30,5.13,10.3,18,37,82,959,30,10,1,41,8.276643882,151,127,12.4749636,17.18989482,9.369245966,7.188403483,472,20,6,1,27,487,10,4,0,14,499,501,103,24,129,22
13,1000,30,5.13,10.3,18,37,87,942,29,16,13,58,8.807086612,153,124,11.34187202,14.96188108,10.04307452,7.688811835,436,18,13,8,39,506,11,3,5,19,475,525,101,23,136,17
10,1000,30,5.13,10.3,18,37,92,947,30,17,6,53,8.687703385,152,123,11.17758156,14.854949,9.758387228,7.573318161,477,20,9,4,33,470,10,8,2,20,510,490,98,25,136,16
14,1000,30,5.13,10.3,18,37,85,949,28,10,13,51,8.238669267,144,114,11.32524666,14.65270237,9.43722445,7.096296358,452,22,7,7,36,497,6,3,6,15,488,512,90,24,130,14
12,1000,30,5.13,10.3,18,37,89,957,22,12,9,43,8.572664759,153,125,11.58870611,15.37952909,9.649663193,7.512761538,470,13,6,7,26,487,9,6,2,17,496,504,96,29,142,11
16,1000,30,5.13,10.3,18,37,64,944,41,11,4,56,7.991675031,141,117,9.996280454,13.12630998,8.371311067,7.652303422,444,22,4,2,28,500,19,7,2,28,472,528,85,32,122,19
9,1000,30,5.13,10.3,18,37,92,953,29,12,6,47,8.297545865,179,142,13.77648302,18.31467537,9.414077654,7.271022396,449,18,9,3,30,504,11,3,3,17,479,521,123,19,158,21
11,1000,30,5.13,10.3,18,37,91,956,23,11,10,44,8.324784139,147,120,11.25832234,15.13251095,9.265836558,7.387488416,472,14,7,6,27,484,9,4,4,17,499,501,101,19,132,15
15,1000,30,5.13,10.3,18,37,83,958,30,10,2,42,8.299723957,152,122,12.68152135,17.4302651,9.436789598,7.1671975,471,21,5,2,28,487,9,5,0,14,499,501,101,21,131,21
13,1000,30,5.13,10.3,18,37,88,942,29,16,13,58,8.812281468,154,109,11.42438102,15.06189854,10.07576684,7.669128037,436,18,13,8,39,506,11,3,5,19,475,525,85,24,136,18
10,1000,30,5.13,10.3,18,37,93,945,31,18,6,55,8.7417328,146,115,11.23053275,14.96540844,9.836223167,7.602569357,475,21,10,4,35,470,10,8,2,20,510,490,88,27,131,15
14,1000,30,5.13,10.3,18,37,86,950,28,10,12,50,8.233844695,164,118,11.47442938,14.84702064,9.429317579,7.094409602,452,22,7,7,36,498,6,3,5,14,488,512,96,22,144,20
12,1000,30,5.13,10.3,18,37,90,956,23,12,9,44,8.579416957,149,131,11.68611913,15.51424183,9.662146008,7.513874081,469,14,6,7,27,487,9,6,2,17,496,504,108,23,137,12
9,1000,30,5.13,10.3,18,37,93,953,29,12,6,47,8.311644126,181,127,13.98976345,18.61789036,9.44656031,7.268218306,449,18,9,3,30,504,11,3,3,17,479,521,113,14,165,16
16,1000,30,5.13,10.3,18,37,65,944,41,11,4,56,8.05312407,127,99,10.07843565,13.25777666,8.456591392,7.692448737,444,22,4,2,28,500,19,7,2,28,472,528,81,18,109,18
11,1000,30,5.13,10.3,18,37,92,954,24,11,11,46,8.324431319,159,107,11.35279759,15.26707157,9.281997531,7.370687726,471,15,7,6,28,483,9,4,5,18,499,501,93,14,140,19
15,1000,30,5.13,10.3,18,37,84,956,32,10,2,44,8.346073251,151,111,12.97374553,17.80716111,9.520391651,7.176442749,470,22,5,2,29,486,10,5,0,15,499,501,90,21,137,14
13,1000,30,5.13,10.3,18,37,89,942,29,16,13,58,8.836939811,148,112,11.58170016,15.26057519,10.12150426,7.674714838,436,18,13,8,39,506,11,3,5,19,475,525,94,18,129,19
10,1000,30,5.13,10.3,18,37,94,945,31,18,6,55,8.773407107,141,120,11.31996026,15.16688281,9.858628084,7.643891397,475,21,10,4,35,470,10,8,2,20,510,490,102,18,120,21
14,1000,30,5.13,10.3,18,37,87,951,27,10,12,49,8.230691856,162,129,11.63427316,15.09121574,9.442913106,7.075293477,453,21,7,7,35,498,6,3,5,14,488,512,101,28,143,19
12,1000,30,5.13,10.3,18,37,91,955,24,12,9,45,8.585187943,143,109,11.80229922,15.6623947,9.696207034,7.491804076,468,15,6,7,28,487,9,6,2,17,496,504,84,25,127,16
9,1000,30,5.13,10.3,18,37,94,953,29,12,6,47,8.339464725,178,150,14.22576543,19.0151244,9.494207772,7.277810368,449,18,9,3,30,504,11,3,3,17,479,521,130,20,162,16
16,1000,30,5.13,10.3,18,37,66,945,39,12,4,55,8.069935016,160,105,10.15082971,13.35908744,8.537186564,7.65224045,444,21,5,2,28,501,18,7,2,27,472,528,81,24,143,17
11,1000,30,5.13,10.3,18,37,93,955,23,12,10,45,8.374851581,160,122,11.4147693,15.36101565,9.3521106,7.401493795,471,15,8,5,28,484,8,4,5,17,499,501,103,19,142,18
15,1000,30,5.13,10.3,18,37,85,955,32,11,2,45,8.358259941,177,148,13.1356462,18.00240906,9.553830006,7.167462611,470,21,6,2,29,485,11,5,0,16,499,501,127,21,159,18
13,1000,30,5.13,10.3,18,37,90,942,29,15,14,58,8.848609518,152,111,11.79050764,15.43711741,10.15172364,7.669601508,436,18,12,9,39,506,11,3,5,19,475,525,94,17,132,20
10,1000,30,5.13,10.3,18,37,95,944,32,17,7,56,8.787622852,166,106,11.37684918,15.25834226,9.90937324,7.620086734,474,22,10,4,36,470,10,7,3,20,510,490,87,19,147,19
14,1000,30,5.13,10.3,18,37,88,950,28,10,12,50,8.227301343,158,150,11.7499007,15.25877045,9.456486594,7.055734151,452,22,7,7,36,498,6,3,5,14,488,512,127,23,132,26
12,1000,30,5.13,10.3,18,37,92,954,25,12,9,46,8.630655639,164,125,11.8729197,15.79726362,9.746814968,7.532213124,467,16,6,7,29,487,9,6,2,17,496,504,93,32,151,13
9,1000,30,5.13,10.3,18,37,95,953,29,12,6,47,8.366156954,166,165,14.47409886,19.40735423,9.584527497,7.246004383,449,18,9,3,30,504,11,3,3,17,479,521,137,28,154,12
11,1000,30,5.13,10.3,18,37,94,955,23,11,11,45,8.38100567,143,120,11.52353099,15.49549014,9.396115315,7.36994836,471,15,7,6,28,484,8,4,5,17,499,501,96,24,126,17
16,1000,30,5.13,10.3,18,37,67,946,38,12,4,54,8.071428271,145,115,10.25844153,13.50794171,8.596487021,7.602057571,444,21,5,2,28,502,17,7,2,26,472,528,90,25,129,16
15,1000,30,5.13,10.3,18,37,86,957,31,10,2,43,8.355410676,168,133,13.30757573,18.25927731,9.586260817,7.129474109,470,22,6,1,29,487,9,4,1,14,499,501,112,21,150,18
10,1000,30,5.13,10.3,18,37,96,945,32,16,7,55,8.792403324,167,116,11.46839369,15.41102962,9.960905454,7.576207228,474,22,10,4,36,471,10,6,3,19,510,490,99,17,148,19
13,1000,30,5.13,10.3,18,37,91,942,29,15,14,58,8.823868634,157,101,11.94607714,15.61364845,10.12338773,7.648113262,436,18,12,9,39,506,11,3,5,19,475,525,87,14,139,18
14,1000,30,5.13,10.3,18,37,89,950,28,10,12,50,8.256466025,160,117,11.83966862,15.41097269,9.490009132,7.080745251,452,22,7,7,36,498,6,3,5,14,488,512,102,15,136,24
12,1000,30,5.13,10.3,18,37,93,953,26,12,9,47,8.664367826,158,152,11.9792565,15.95724449,9.802986446,7.543822517,466,17,6,7,30,487,9,6,2,17,496,504,124,28,146,12
9,1000,30,5.13,10.3,18,37,96,951,31,12,6,49,8.382298705,196,140,14.66049348,19.75925809,9.635375956,7.230237279,448,19,9,3,31,503,12,3,3,18,479,521,120,20,178,18
11,1000,30,5.13,10.3,18,37,95,955,24,11,10,45,8.360979453,150,109,11.63941403,15.64482152,9.389546817,7.336518147,471,15,7,6,28,484,9,4,4,17,499,501,91,18,131,19
16,1000,30,5.13,10.3,18,37,68,945,39,12,4,55,8.07039473,124,113,10.318975,13.584644,8.589282996,7.606540069,444,21,5,2,28,501,18,7,2,27,472,528,85,28,109,15
15,1000,30,5.13,10.3,18,37,87,956,32,9,3,44,8.357300419,146,138,13.42193426,18.4671053,9.619828929,7.099811944,470,22,6,1,29,486,10,3,2,15,499,501,119,19,125,21
10,1000,30,5.13,10.3,18,37,97,945,32,16,7,55,8.797500107,149,117,11.58314416,15.55353595,9.995059588,7.551060647,474,22,10,4,36,471,10,6,3,19,510,490,101,16,133,16
13,1000,30,5.13,10.3,18,37,92,944,27,15,14,56,8.816596515,154,116,12.15958042,15.84650016,10.14990572,7.610269142,436,17,13,9,39,508,10,2,5,17,475,525,102,14,137,17
14,1000,30,5.13,10.3,18,37,90,949,28,11,12,51,8.265094516,163,126,12.00944638,15.64650142,9.502558765,7.085636403,451,23,7,7,37,498,5,4,5,14,488,512,104,22,144,19
12,1000,30,5.13,10.3,18,37,94,949,28,14,9,51,8.68915012,164,124,12.11034348,16.11887902,9.822383243,7.573904824,463,19,7,7,33,486,9,7,2,18,496,504,107,17,150,14
9,1000,30,5.13,10.3,18,37,97,950,31,12,7,50,8.418571372,182,144,14.86206541,20.03557456,9.712593609,7.228865706,448,18,10,3,31,502,13,2,4,19,479,521,126,18,161,21
11,1000,30,5.13,10.3,18,37,96,954,25,11,10,46,8.373085059,161,112,11.77150606,15.77555954,9.429096704,7.321289029,470,16,7,6,29,484,9,4,4,17,499,501,96,16,139,22
15,1000,30,5.13,10.3,18,37,88,956,32,9,3,44,8.377476793,162,157,13.53216641,18.64108802,9.663264205,7.096822264,470,22,6,1,29,486,10,3,2,15,499,501,129,28,147,15
10,1000,30,5.13,10.3,18,37,98,943,34,16,7,57,8.827642624,155,116,11.66229139,15.72002033,10.0581165,7.54694532,472,24,10,4,38,471,10,6,3,19,510,490,93,23,138,17
16,1000,30,5.13,10.3,18,37,69,946,38,12,4,54,8.069499245,126,96,10.38247187,13.69953531,8.622386227,7.575251791,444,21,5,2,28,502,17,7,2,26,472,528,78,18,109,17
13,1000,30,5.13,10.3,18,37,93,944,27,14,15,56,8.845659685,173,136,12.35056855,16.10573417,10.23740055,7.586465567,436,17,12,10,39,508,10,2,5,17,475,525,113,23,149,24
12,1000,30,5.13,10.3,18,37,95,949,28,14,9,51,8.729974688,169,138,12.21582352,16.26473872,9.85879813,7.619069078,463,19,7,7,33,486,9,7,2,18,496,504,118,20,147,22
14,1000,30,5.13,10.3,18,37,91,947,30,11,12,53,8.287802723,149,143,12.14157638,15.78569039,9.538081341,7.096130915,450,24,7,7,38,497,6,4,5,15,488,512,120,23,135,14
9,1000,30,5.13,10.3,18,37,98,950,30,13,7,50,8.4270876,179,151,15.20250654,20.56346457,9.755079497,7.206150712,448,18,10,3,31,502,12,3,4,19,479,521,133,18,165,14
11,1000,30,5.13,10.3,18,37,97,955,25,11,9,45,8.359671834,168,139,11.90517068,15.96752936,9.448115648,7.275573105,470,16,7,6,29,485,9,4,3,16,499,501,116,23,150,18
15,1000,30,5.13,10.3,18,37,89,957,31,9,3,43,8.398075467,154,123,13.66462308,18.88706769,9.702803956,7.098555474,470,22,6,1,29,487,9,3,2,14,499,501,106,17,136,18
10,1000,30,5.13,10.3,18,37,99,941,36,16,7,59,8.822099075,168,109,11.72879244,15.82403832,10.07562724,7.517406489,472,24,10,4,38,469,12,6,3,21,510,490,89,20,147,21
13,1000,30,5.13,10.3,18,37,94,944,28,14,14,56,8.827981549,161,126,12.46320802,16.27683125,10.26604663,7.526875044,436,17,12,10,39,508,11,2,4,17,475,525,105,21,142,19
12,1000,30,5.13,10.3,18,37,96,949,28,14,9,51,8.748801009,152,143,12.33826506,16.43568137,9.904239189,7.611703118,463,19,7,7,33,486,9,7,2,18,496,504,125,18,135,17
14,1000,30,5.13,10.3,18,37,92,947,30,11,12,53,8.304945259,144,127,12.35326019,16.06603101,9.553354788,7.115054926,450,24,7,7,38,497,6,4,5,15,488,512,107,20,129,15
16,1000,30,5.13,10.3,18,37,70,946,37,13,4,54,8.105021811,139,107,10.42354697,13.79792991,8.672948675,7.597329614,444,20,6,2,28,502,17,7,2,26,472,528,85,22,122,17
9,1000,30,5.13,10.3,18,37,99,950,30,13,7,50,8.445020655,181,152,15.36414709,20.77508471,9.786035135,7.212110988,448,18,10,3,31,502,12,3,4,19,479,521,136,16,166,15
11,1000,30,5.13,10.3,18,37,98,955,26,10,9,45,8.343836308,167,124,12.03228604,16.15646021,9.487074374,7.205162067,469,17,7,6,30,486,9,3,3,15,499,501,104,20,153,14
15,1000,30,5.13,10.3,18,37,90,956,32,9,3,44,8.415461301,180,113,13.88005326,19.15490622,9.739913193,7.096296642,470,22,6,1,29,486,10,3,2,15,499,501,98,15,161,19
10,1000,30,5.13,10.3,18,37,100,941,36,16,7,59,8.821983461,172,110,11.852291,15.98616412,10.08079669,7.511790101,472,24,10,4,38,469,12,6,3,21,510,490,94,16,158,14
13,1000,30,5.13,10.3,18,37,95,943,29,14,14,57,8.845088566,167,113,12.60299802,16.457525,10.33978893,7.492740615,434,19,12,10,41,509,10,2,4,16,475,525,93,20,145,22
14,1000,30,5.13,10.3,18,37,93,948,28,12,12,52,8.298461069,195,122,12.50771485,16.27230893,9.562131236,7.094025441,451,22,8,7,37,497,6,4,5,15,488,512,103,19,178,17
12,1000,30,5.13,10.3,18,37,97,946,31,14,9,54,8.785198564,162,123,12.42783421,16.57131366,9.993022748,7.596546192,460,22,7,7,36,486,9,7,2,18,496,504,105,18,149,13
9,1000,30,5.13,10.3,18,37,100,949,30,13,8,51,8.465684233,195,139,15.57551061,21.03785742,9.813674243,7.226361364,448,17,10,4,31,501,13,3,4,20,479,521,121,18,179,16
16,1000,30,5.13,10.3,18,37,71,945,38,13,4,55,8.123704667,148,113,10.5139183,13.93623169,8.724766772,7.586391573,444,20,6,2,28,501,18,7,2,27,472,528,90,23,128,20
11,1000,30,5.13,10.3,18,37,99,953,27,11,9,47,8.354572159,154,130,12.09371254,16.23214394,9.533816684,7.180035197,469,16,8,6,30,484,11,3,3,17,499,501,107,23,143,11
15,1000,30,5.13,10.3,18,37,91,954,34,9,3,46,8.468263934,162,128,14.00217941,19.36283495,9.85787904,7.084196194,469,23,6,1,30,485,11,3,2,16,499,501,111,17,147,15
10,1000,30,5.13,10.3,18,37,101,941,35,18,6,59,8.849873029,173,140,11.98865683,16.14711463,10.1167763,7.531259417,472,24,10,4,38,469,11,8,2,21,510,490,112,28,159,14
13,1000,30,5.13,10.3,18,37,96,944,28,15,13,56,8.846090028,187,135,12.78295628,16.69455029,10.37857743,7.459553811,433,20,13,9,42,511,8,2,4,14,475,525,125,10,162,25
14,1000,30,5.13,10.3,18,37,94,948,28,12,12,52,8.307361699,152,117,12.74566937,16.57681174,9.591364098,7.083546913,451,22,8,7,37,497,6,4,5,15,488,512,102,15,139,13
12,1000,30,5.13,10.3,18,37,98,944,33,14,9,56,8.833061391,149,125,12.52925292,16.7242899,10.0379392,7.647308622,459,23,7,7,37,485,10,7,2,19,496,504,100,25,136,13
9,1000,30,5.13,10.3,18,37,101,949,30,13,8,51,8.481325813,185,154,15.90789105,21.3786403,9.86064266,7.213201494,448,17,10,4,31,501,13,3,4,20,479,521,129,25,170,15
16,1000,30,5.13,10.3,18,37,72,945,38,13,4,55,8.159457889,152,112,10.553187,13.99433749,8.77254142,7.611398368,444,20,6,2,28,501,18,7,2,27,472,528,94,18,129,23
11,1000,30,5.13,10.3,18,37,100,952,28,11,9,48,8.36216946,163,125,12.21585711,16.44755972,9.578152591,7.151040554,468,17,8,6,31,484,11,3,3,17,499,501,107,18,145,18
15,1000,30,5.13,10.3,18,37,92,954,35,8,3,46,8.479533376,159,123,14.18435653,19.55055869,9.889303791,7.075390787,469,23,6,1,30,485,12,2,2,16,499,501,109,14,147,12
10,1000,30,5.13,10.3,18,37,102,941,34,18,7,59,8.861778622,182,112,12.05957397,16.2939158,10.16241486,7.50805519,472,23,10,5,38,469,11,8,2,21,510,490,95,17,165,17
13,1000,30,5.13,10.3,18,37,97,941,32,15,12,59,8.822331758,177,122,12.9863077,16.93776568,10.37879187,7.414105947,431,23,13,8,44,510,9,2,4,15,475,525,104,18,154,23
14,1000,30,5.13,10.3,18,37,95,948,28,12,12,52,8.311796165,158,118,12.98078636,16.81836502,9.6014103,7.082632693,451,22,8,7,37,497,6,4,5,15,488,512,95,23,143,15
12,1000,30,5.13,10.3,18,37,99,942,34,15,9,58,8.854191173,165,123,12.64545988,16.88542903,10.07671834,7.651069202,458,24,7,7,38,484,10,8,2,20,496,504,106,17,154,11
9,1000,30,5.13,10.3,18,37,102,950,29,13,8,50,8.504829287,204,166,16.22737242,21.74595897,9.913521062,7.209698078,448,17,10,4,31,502,12,3,4,19,479,521,140,26,177,27
11,1000,30,5.13,10.3,18,37,101,952,28,11,9,48,8.394874416,178,122,12.31383988,16.55299068,9.658453379,7.136339681,468,17,8,6,31,484,11,3,3,17,499,501,104,18,160,18
16,1000,30,5.13,10.3,18,37,73,945,37,13,5,55,8.196573994,155,100,10.65853641,14.12723696,8.873684106,7.591278592,444,19,6,3,28,501,18,7,2,27,472,528,82,18,138,17
15,1000,30,5.13,10.3,18,37,93,953,36,8,3,47,8.490897815,168,135,14.34560388,19.83444251,9.897021909,7.090386991,468,24,6,1,31,485,12,2,2,16,499,501,117,18,152,16
10,1000,30,5.13,10.3,18,37,103,942,34,17,7,58,8.861253001,166,114,12.16824279,16.51189691,10.18631437,7.482107494,472,23,10,5,38,470,11,7,2,20,510,490,94,20,151,15
13,1000,30,5.13,10.3,18,37,98,941,32,15,12,59,8.840614848,172,131,13.27282134,17.26594151,10.39567576,7.433654976,431,23,13,8,44,510,9,2,4,15,475,525,109,22,159,13
14,1000,30,5.13,10.3,18,37,96,947,29,12,12,53,8.332690671,159,120,13.1640498,17.06543354,9.625936959,7.100065302,451,22,8,7,37,496,7,4,5,16,488,512,101,19,146,13
12,1000,30,5.13,10.3,18,37,100,942,34,15,9,58,8.856846469,163,133,12.82121833,17.12085636,10.09001951,7.643247601,458,24,7,7,38,484,10,8,2,20,496,504,108,25,150,13
9,1000,30,5.13,10.3,18,37,103,950,30,13,7,50,8.503311018,202,169,16.49286355,22.0577054,9.97170206,7.15329315,448,17,10,4,31,502,13,3,3,19,479,521,147,22,189,13
11,1000,30,5.13,10.3,18,37,102,951,29,11,9,49,8.42466936,153,129,12.4305292,16.69071503,9.719412142,7.135095212,467,18,8,6,32,484,11,3,3,17,499,501,111,18,143,10
16,1000,30,5.13,10.3,18,37,74,944,37,14,5,56,8.229951246,157,129,10.75612179,14.28592867,8.924748807,7.608844335,443,19,7,3,29,501,18,7,2,27,472,528,103,26,137,20
15,1000,30,5.13,10.3,18,37,94,951,37,8,4,49,8.527720782,164,117,14.59729125,20.2638661,9.967357758,7.09383086,466,25,6,2,33,485,12,2,2,16,499,501,90,27,151,13
10,1000,30,5.13,10.3,18,37,104,942,34,17,7,58,8.872611309,155,121,12.26673657,16.69161073,10.23642615,7.453130557,472,23,10,5,38,470,11,7,2,20,510,490,104,17,144,11
13,1000,30,5.13,10.3,18,37,99,940,33,15,12,60,8.832016431,158,133,13.45185032,17.50193815,10.42361704,7.391996831,431,23,13,8,44,509,10,2,4,16,475,525,116,17,145,13
17,1000,30,5.13,10.3,18,37,0,931,36,16,17,69,7.388,92,67,7.56381872,9.285356262,6.413518887,8.374245473,483,10,6,4,20,448,26,10,13,49,503,497,32,35,68,24
14,1000,30,5.13,10.3,18,37,97,946,29,13,12,54,8.345068542,171,154,13.43223495,17.40317766,9.658087515,7.093597334,450,22,9,7,38,496,7,4,5,16,488,512,134,20,156,15
12,1000,30,5.13,10.3,18,37,101,943,33,15,9,57,8.870835454,168,130,12.99222448,17.39412167,10.11261502,7.64876668,458,23,8,7,38,485,10,7,2,19,496,504,110,20,157,11
9,1000,30,5.13,10.3,18,37,104,951,28,14,7,49,8.490249345,208,163,17.09557154,22.84278465,9.978243749,7.122208424,448,17,10,4,31,503,11,4,3,18,479,521,140,23,190,18
18,1000,30,5.13,10.3,18,37,0,945,24,14,17,55,7.09,95,95,7.458768129,8.834276427,6.176699029,8.059793814,500,7,6,2,15,445,17,8,15,40,515,485,51,44,59,36
11,1000,30,5.13,10.3,18,37,103,950,31,11,8,50,8.430285463,170,138,12.57451481,16.87418402,9.778698783,7.087255032,466,19,8,6,33,484,12,3,2,17,499,501,125,13,152,18
15,1000,30,5.13,10.3,18,37,95,951,37,7,5,49,8.528193538,171,140,14.91746936,21.04139223,10.01845238,7.043883834,466,25,5,3,33,485,12,2,2,16,499,501,123,17,151,20
16,1000,30,5.13,10.3,18,37,75,944,36,15,5,56,8.261128077,149,112,10.86337186,14.44235447,9.011824694,7.590050798,443,18,8,3,29,501,18,7,2,27,472,528,91,21,132,17
13,1000,30,5.13,10.3,18,37,100,941,32,15,12,59,8.835895158,167,137,13.60737586,17.71943735,10.46498603,7.361955797,431,23,13,8,44,510,9,2,4,15,475,525,120,17,153,14
14,1000,30,5.13,10.3,18,37,98,946,30,13,11,54,8.350436118,166,125,13.72053343,17.79350697,9.692576495,7.071208572,450,22,9,7,38,496,8,4,4,16,488,512,102,23,145,21
12,1000,30,5.13,10.3,18,37,102,944,32,15,9,56,8.886992986,180,131,13.16771667,17.6387593,10.15272599,7.641350981,458,23,8,7,38,486,9,7,2,18,496,504,117,14,171,9
17,1000,30,5.13,10.3,18,37,1,933,34,16,17,67,7.417098842,89,81,7.586050715,9.334376649,6.440138509,8.405853465,484,9,6,4,19,449,25,10,13,48,503,497,45,36,54,35
11,1000,30,5.13,10.3,18,37,104,950,31,11,8,50,8.410223821,183,125,12.74871703,17.1045904,9.797074468,7.028909505,466,19,8,6,33,484,12,3,2,17,499,501,113,12,167,16
18,1000,30,5.13,10.3,18,37,1,946,24,14,16,54,7.100563272,87,74,7.486426235,8.840140134,6.210402609,8.045785419,500,7,6,2,15,446,17,8,14,39,515,485,45,29,58,29
19,1000,30,5.13,10.3,18,37,0,944,29,11,16,56,7.036,78,92,7.55477237,8.931479444,5.977366255,8.036964981,468,12,1,5,18,476,17,10,11,38,486,514,51,41,53,25
15,1000,30,5.13,10.3,18,37,96,951,35,9,5,49,8.531429686,183,143,15.13386554,21.30418188,10.05146725,7.017460132,466,23,7,3,33,485,12,2,2,16,499,501,122,21,165,18
13,1000,30,5.13,10.3,18,37,101,940,31,17,12,60,8.861023757,175,132,13.74663366,17.93695001,10.50626192,7.372474941,430,22,15,8,45,510,9,2,4,15,475,525,114,18,164,11
12,1000,30,5.13,10.3,18,37,103,944,32,14,10,56,8.863640503,165,145,13.35120676,17.95606675,10.1722722,7.575780737,458,23,7,8,38,486,9,7,2,18,496,504,124,21,153,12
14,1000,30,5.13,10.3,18,37,99,945,29,15,11,55,8.378687619,180,134,13.93614999,18.04446347,9.74063267,7.080583744,449,21,11,7,39,496,8,4,4,16,488,512,116,18,163,17
16,1000,30,5.13,10.3,18,37,76,943,37,15,5,57,8.27114844,122,119,10.9886565,14.63663091,9.055392009,7.570082219,443,18,8,3,29,500,19,7,2,28,472,528,98,21,109,13
17,1000,30,5.13,10.3,18,37,2,932,34,17,17,68,7.435480955,120,70,7.584948295,9.351576607,6.447073099,8.4358213,483,10,6,4,20,449,24,11,13,48,503,497,44,26,85,35
19,1000,30,5.13,10.3,18,37,1,946,27,11,16,54,7.06547923,103,76,7.560205379,8.949547603,6.022588558,8.051558736,469,10,2,5,17,477,17,9,11,37,486,514,42,34,70,33
18,1000,30,5.13,10.3,18,37,2,947,23,14,16,53,7.11620397,111,68,7.519568721,8.869384719,6.215390434,8.072737932,500,7,6,2,15,447,16,8,14,38,515,485,40,28,72,39
15,1000,30,5.13,10.3,18,37,97,951,35,9,5,49,8.557994535,173,156,15.50936304,21.85581187,10.09221249,7.029901197,466,23,7,3,33,485,12,2,2,16,499,501,136,20,155,18
13,1000,30,5.13,10.3,18,37,102,941,29,18,12,59,8.8658684,166,118,13.92459834,18.14723694,10.51241682,7.376134116,431,20,16,8,44,510,9,2,4,15,475,525,105,13,148,18
14,1000,30,5.13,10.3,18,37,100,945,29,15,11,55,8.41269445,187,137,14.33765344,18.4800307,9.805475642,7.085199877,449,21,11,7,39,496,8,4,4,16,488,512,127,10,170,17
12,1000,30,5.13,10.3,18,37,104,944,33,13,10,56,8.838210474,181,145,13.62674179,18.34510466,10.19183935,7.506067768,457,24,7,8,39,487,9,6,2,17,496,504,134,11,165,16
20,1000,30,5.13,10.3,18,37,0,943,33,14,10,57,6.986,100,68,7.601955643,9.141897365,6.293522267,7.662055336,482,5,5,2,12,461,28,9,8,45,494,506,32,36,69,31
17,1000,30,5.13,10.3,18,37,3,933,33,17,17,67,7.456945565,98,89,7.597884807,9.401536797,6.477708197,8.448004712,484,9,6,4,19,449,24,11,13,48,503,497,54,35,78,20
16,1000,30,5.13,10.3,18,37,77,942,37,16,5,58,8.296080287,160,114,11.0806025,14.76268409,9.158538829,7.525094621,442,18,9,3,30,500,19,7,2,28,472,528,97,17,139,21
19,1000,30,5.13,10.3,18,37,2,947,26,11,16,53,7.061422611,105,88,7.578494295,8.977115948,6.043461467,8.023930619,469,10,2,5,17,478,16,9,11,36,486,514,53,35,70,35
18,1000,30,5.13,10.3,18,37,3,949,23,12,16,51,7.136317824,97,85,7.535233877,8.887297985,6.26941325,8.056845361,500,7,6,2,15,449,16,6,14,36,515,485,52,33,66,31
15,1000,30,5.13,10.3,18,37,98,951,36,8,5,49,8.569268603,190,147,15.72664245,22.14431088,10.18912005,6.955883627,465,24,7,3,34,486,12,1,2,15,499,501,123,24,167,23
13,1000,30,5.13,10.3,18,37,103,940,30,18,12,60,8.841334023,181,139,14.14548093,18.46373159,10.53265381,7.311092315,430,21,16,8,45,510,9,2,4,15,475,525,112,27,168,13
14,1000,30,5.13,10.3,18,37,101,945,29,15,11,55,8.410508624,182,153,14.60684118,18.80732703,9.836485682,7.051374241,449,21,11,7,39,496,8,4,4,16,488,512,131,22,169,13
17,1000,30,5.13,10.3,18,37,4,935,32,17,16,65,7.463796402,86,71,7.58035824,9.42192284,6.499341876,8.439894242,484,9,6,4,19,451,23,11,12,46,503,497,43,28,65,21
20,1000,30,5.13,10.3,18,37,1,944,32,14,10,56,6.990664192,100,81,7.619942404,9.15622744,6.321687096,7.643776219,482,5,5,2,12,462,27,9,8,44,494,506,46,35,62,38
16,1000,30,5.13,10.3,18,37,78,942,36,17,5,58,8.301813435,155,106,11.17320908,14.91893804,9.175030736,7.52121009,442,18,9,3,30,500,18,8,2,28,472,528,88,18,134,21
19,1000,30,5.13,10.3,18,37,3,948,25,11,16,52,7.084901554,107,84,7.624559878,8.998744171,6.057126734,8.05668864,470,9,2,5,16,478,16,9,11,36,486,514,46,38,72,35
18,1000,30,5.13,10.3,18,37,4,948,24,12,16,52,7.153670302,86,77,7.538798121,8.886421802,6.294368857,8.066124413,500,7,6,2,15,448,17,6,14,37,515,485,42,35,65,21
15,1000,30,5.13,10.3,18,37,99,951,36,8,5,49,8.560974938,195,154,16.00604426,22.63208688,10.20213384,6.926367566,465,24,7,3,34,486,12,1,2,15,499,501,131,23,172,23
13,1000,30,5.13,10.3,18,37,104,940,29,19,12,60,8.850226159,186,135,14.44127242,18.81139159,10.58108648,7.284209683,430,20,17,8,45,510,9,2,4,15,475,525,118,17,168,18
21,1000,30,5.13,10.3,18,37,0,935,31,18,16,65,7.406,94,72,7.597086206,9.289484596,6.682302772,8.04519774,445,9,8,7,24,490,22,10,9,41,469,531,45,27,65,29
14,1000,30,5.13,10.3,18,37,102,946,28,15,11,54,8.404119922,183,157,15.00996091,19.28672522,9.867273918,7.00955127,450,20,11,7,38,496,8,4,4,16,488,512,133,24,160,23
17,1000,30,5.13,10.3,18,37,5,936,32,16,16,64,7.477057423,95,77,7.581384211,9.434979351,6.514863845,8.450867021,484,9,6,4,19,452,23,10,12,45,503,497,42,35,65,30
20,1000,30,5.13,10.3,18,37,2,945,31,14,10,55,7.010534283,88,77,7.661204626,9.177773162,6.33018534,7.674748468,482,5,5,2,12,463,26,9,8,43,494,506,41,36,59,29
19,1000,30,5.13,10.3,18,37,4,949,24,11,16,51,7.079050083,107,82,7.654936124,9.042447948,6.055260356,8.047069163,470,9,2,5,16,479,15,9,11,35,486,514,39,43,73,34
16,1000,30,5.13,10.3,18,37,79,941,35,19,5,59,8.356929098,151,104,11.31249303,15.11581823,9.228935853,7.577407909,442,18,9,3,30,499,17,10,2,29,472,528,88,16,133,18
18,1000,30,5.13,10.3,18,37,5,949,23,12,16,51,7.170189611,102,79,7.552065975,8.888524044,6.334856737,8.057192561,500,7,6,2,15,449,16,6,14,36,515,485,46,33,69,33
15,1000,30,5.13,10.3,18,37,100,951,36,8,5,49,8.577152541,172,150,16.33645593,23.2090816,10.21266107,6.948172988,465,24,7,3,34,486,12,1,2,15,499,501,136,14,154,18
14,1000,30,5.13,10.3,18,37,103,947,27,15,11,53,8.384413966,193,142,15.28000109,19.68230001,9.893678825,6.945895897,451,19,11,7,37,496,8,4,4,16,488,512,121,21,174,19
21,1000,30,5.13,10.3,18,37,1,936,31,17,16,64,7.40180177,107,82,7.604384223,9.333267394,6.724535093,7.999990229,444,10,8,7,25,492,21,9,9,39,469,531,47,35,73,34
17,1000,30,5.13,10.3,18,37,6,936,32,16,16,64,7.47359551,101,88,7.601684981,9.48275739,6.513147163,8.445638806,484,9,6,4,19,452,23,10,12,45,503,497,54,34,71,30
20,1000,30,5.13,10.3,18,37,3,945,31,14,10,55,7.04697126,95,84,7.676663414,9.221785,6.435209372,7.644224962,481,6,5,2,13,464,25,9,8,42,494,506,43,41,69,26
18,1000,30,5.13,10.3,18,37,6,950,23,12,15,50,7.163228769,105,84,7.574455963,8.921518951,6.359574172,8.016593959,500,6,7,2,15,450,17,5,13,35,515,485,39,45,74,31
19,1000,30,5.13,10.3,18,37,5,949,24,11,16,51,7.105976619,100,95,7.659934035,9.082407516,6.077045548,8.078856971,470,9,2,5,16,479,15,9,11,35,486,514,62,33,72,28
15,1000,30,5.13,10.3,18,37,101,950,36,7,7,50,8.582318236,199,159,16.62613803,23.60134663,10.28462347,6.88680863,465,24,6,4,34,485,12,1,3,16,499,501,139,20,182,17
16,1000,30,5.13,10.3,18,37,80,942,35,19,4,58,8.389908383,148,116,11.44062554,15.3068388,9.268708812,7.60431406,442,18,9,3,30,500,17,10,1,28,472,528,102,14,134,14
14,1000,30,5.13,10.3,18,37,104,944,29,16,11,56,8.426988116,187,155,15.6935706,20.21581123,9.961376023,6.964524642,448,21,12,7,40,496,8,4,4,16,488,512,136,19,171,16
22,1000,30,5.13,10.3,18,37,0,946,28,10,16,54,7.314,99,72,7.601791043,9.068841137,6.58556701,8,467,12,2,4,18,479,16,8,12,36,485,515,41,31,69,30
17,1000,30,5.13,10.3,18,37,7,934,33,17,16,66,7.508051903,94,77,7.618409287,9.502980194,6.547699384,8.479998214,484,8,7,4,19,450,25,10,12,47,503,497,48,29,69,25
21,1000,30,5.13,10.3,18,37,2,938,29,18,15,62,7.439508919,98,93,7.61834671,9.36075131,6.847405303,7.962478027,444,10,8,7,25,494,19,10,8,37,469,531,54,39,66,32
20,1000,30,5.13,10.3,18,37,4,946,30,14,10,54,7.035200003,95,81,7.714433719,9.233071983,6.408506127,7.647031572,482,6,4,2,12,464,24,10,8,42,494,506,54,27,65,30
18,1000,30,5.13,10.3,18,37,7,950,25,12,13,50,7.155757987,85,76,7.603941165,8.979559373,6.364981372,7.99544862,500,6,7,2,15,450,19,5,11,35,515,485,44,32,63,22
19,1000,30,5.13,10.3,18,37,6,948,26,11,15,52,7.122903084,98,96,7.671978138,9.111050524,6.105042705,8.085315815,469,10,2,5,17,479,16,9,10,35,486,514,55,41,72,26
15,1000,30,5.13,10.3,18,37,102,949,36,8,7,51,8.612368479,183,145,16.98288058,24.02561266,10.336376,6.895243223,464,25,6,4,35,485,11,2,3,16,499,501,129,16,166,17
16,1000,30,5.13,10.3,18,37,81,942,34,20,4,58,8.438672384,156,114,11.54249696,15.45835773,9.358561562,7.61634721,442,17,10,3,30,500,17,10,1,28,472,528,99,15,135,21
22,1000,30,5.13,10.3,18,37,1,947,28,9,16,53,7.31624321,102,69,7.645085154,9.123356108,6.606922742,7.984244038,467,12,2,4,18,480,16,7,12,35,485,515,40,29,68,34
17,1000,30,5.13,10.3,18,37,8,932,35,17,16,68,7.510948151,111,76,7.647026047,9.538310644,6.563263172,8.470073996,482,10,7,4,21,450,25,10,12,47,503,497,37,39,82,29
20,1000,30,5.13,10.3,18,37,5,945,30,14,11,55,7.09154638,88,91,7.731526487,9.28056119,6.466160556,7.70210092,481,7,3,3,13,464,23,11,8,42,494,506,44,47,59,29
21,1000,30,5.13,10.3,18,37,3,939,28,18,15,61,7.44476396,85,68,7.633329906,9.412508018,6.899431945,7.926422557,444,10,8,7,25,495,18,10,8,36,469,531,38,30,60,25
18,1000,30,5.13,10.3,18,37,8,954,24,9,13,46,7.122451589,99,88,7.619751256,8.991702381,6.345715539,7.947233169,502,6,5,2,13,452,18,4,11,33,515,485,55,33,65,34
19,1000,30,5.13,10.3,18,37,7,949,25,11,15,51,7.149081417,87,77,7.711676746,9.147795054,6.134601465,8.108297869,469,10,2,5,17,480,15,9,10,34,486,514,42,35,59,28
15,1000,30,5.13,10.3,18,37,103,948,37,8,7,52,8.616727736,201,167,17.272938,24.46176781,10.37007752,6.870377352,463,26,6,4,36,485,11,2,3,16,499,501,138,29,183,18
16,1000,30,5.13,10.3,18,37,82,942,34,19,5,58,8.432023129,143,121,11.6980906,15.72197392,9.390062909,7.575593628,442,17,9,4,30,500,17,10,1,28,472,528,101,20,133,10
17,1000,30,5.13,10.3,18,37,9,934,33,17,16,66,7.501521544,85,81,7.663364035,9.570931355,6.567134262,8.447189155,482,10,7,4,21,452,23,10,12,45,503,497,36,45,58,27
20,1000,30,5.13,10.3,18,37,6,945,30,14,11,55,7.117384109,88,89,7.737588423,9.293777001,6.496076805,7.723956853,481,7,3,3,13,464,23,11,8,42,494,506,52,37,59,29
22,1000,30,5.13,10.3,18,37,2,947,29,9,15,53,7.316388898,107,71,7.652170158,9.130620766,6.632262539,7.960663236,467,12,2,4,18,480,17,7,11,35,485,515,41,30,81,26
21,1000,30,5.13,10.3,18,37,4,942,26,17,15,58,7.439330097,100,91,7.657580877,9.447005709,6.935196338,7.884600779,445,10,7,7,24,497,16,10,8,34,469,531,60,31,67,33
18,1000,30,5.13,10.3,18,37,9,954,23,10,13,46,7.153067405,85,79,7.630959538,9.020077912,6.375831981,7.978379246,502,5,6,2,13,452,18,4,11,33,515,485,41,38,52,33
19,1000,30,5.13,10.3,18,37,8,950,24,12,14,50,7.139017557,105,80,7.726991414,9.201430146,6.189774315,8.036551051,469,10,2,5,17,481,14,10,9,33,486,514,46,34,82,23
15,1000,30,5.13,10.3,18,37,104,948,36,9,7,52,8.653653187,174,139,17.61992267,24.96005818,10.45986115,6.854655634,463,26,6,4,36,485,10,3,3,16,499,501,124,15,158,16
23,1000,30,5.13,10.3,18,37,0,945,25,10,20,55,7.107,91,82,7.56789044,8.992533422,6.597165992,7.604743083,476,8,5,5,18,469,17,5,15,37,494,506,45,37,63,28
17,1000,30,5.13,10.3,18,37,10,933,32,19,16,67,7.546821431,95,80,7.662532346,9.625968183,6.57282524,8.532576128,482,10,7,4,21,451,22,12,12,46,503,497,43,37,65,30
20,1000,30,5.13,10.3,18,37,7,945,30,15,10,55,7.134115399,83,85,7.746404788,9.311784085,6.556739638,7.697798456,481,7,3,3,13,464,23,12,7,42,494,506,48,37,54,29
16,1000,30,5.13,10.3,18,37,83,943,34,18,5,57,8.421154717,160,114,11.81663546,15.91391365,9.403364626,7.543118588,442,17,9,4,30,501,17,9,1,27,472,528,97,17,139,21
22,1000,30,5.13,10.3,18,37,3,946,30,9,15,54,7.342640253,103,90,7.663206271,9.178533101,6.666190897,7.979684793,466,13,2,4,19,480,17,7,11,35,485,515,56,34,74,29
21,1000,30,5.13,10.3,18,37,5,943,26,16,15,57,7.440441668,118,80,7.665703276,9.457400773,6.955209338,7.869017868,446,10,6,7,23,497,16,10,8,34,469,531,37,43,84,34
18,1000,30,5.13,10.3,18,37,10,954,23,10,13,46,7.160534574,86,64,7.649911072,9.046468065,6.378603639,7.990832371,502,5,6,2,13,452,18,4,11,33,515,485,40,24,66,20
19,1000,30,5.13,10.3,18,37,9,951,24,11,14,49,7.132697177,92,77,7.745913343,9.232280048,6.179972617,8.033522345,469,10,2,5,17,482,14,9,9,32,486,514,54,23,64,28
23,1000,30,5.13,10.3,18,37,1,949,22,10,19,51,7.107508678,86,79,7.584899166,9.031063527,6.647316304,7.556787398,476,8,5,5,18,473,14,5,14,33,494,506,46,33,62,24
20,1000,30,5.13,10.3,18,37,8,947,28,15,10,53,7.152522054,98,86,7.768371267,9.350883427,6.580560472,7.71091933,481,7,3,3,13,466,21,12,7,40,494,506,48,38,75,23
17,1000,30,5.13,10.3,18,37,11,933,32,19,16,67,7.579198583,96,95,7.667420182,9.658729507,6.621737872,8.548218176,482,10,7,4,21,451,22,12,12,46,503,497,55,40,73,23
22,1000,30,5.13,10.3,18,37,4,946,30,9,15,54,7.379467296,102,87,7.678829216,9.217515092,6.719059437,8.001404794,466,13,2,4,19,480,17,7,11,35,485,515,47,40,70,32
16,1000,30,5.13,10.3,18,37,84,941,35,19,5,59,8.443296156,160,124,11.97289618,16.13641973,9.432484349,7.559021863,441,17,10,4,31,500,18,9,1,28,472,528,101,23,144,16
18,1000,30,5.13,10.3,18,37,11,957,21,9,13,43,7.16547801,81,81,7.647704773,9.063624989,6.423390554,7.953467783,502,5,6,2,13,455,16,3,11,30,515,485,41,40,55,26
21,1000,30,5.13,10.3,18,37,6,944,25,16,15,56,7.464268505,101,76,7.680703717,9.514642312,6.990454492,7.882759601,447,10,5,7,22,497,15,11,8,34,469,531,41,35,75,26
19,1000,30,5.13,10.3,18,37,10,951,25,10,14,49,7.118691431,105,93,7.768772549,9.258741289,6.169574413,8.016105577,469,10,2,5,17,482,15,8,9,32,486,514,64,29,78,27
23,1000,30,5.13,10.3,18,37,2,950,22,9,19,50,7.106142081,97,63,7.583886096,9.040314963,6.674613982,7.527436311,476,8,5,5,18,474,14,4,14,32,494,506,39,24,72,25
20,1000,30,5.13,10.3,18,37,9,949,26,15,10,51,7.170232192,97,74,7.789463365,9.407789541,6.640076711,7.687814817,481,7,3,3,13,468,19,12,7,38,494,506,46,28,68,29
17,1000,30,5.13,10.3,18,37,12,934,32,19,15,66,7.580287488,107,75,7.680104562,9.695204945,6.663735463,8.507904527,483,9,7,4,20,451,23,12,11,46,503,497,47,28,72,35
18,1000,30,5.13,10.3,18,37,12,958,20,9,13,42,7.198432408,106,86,7.656089167,9.086313319,6.467950076,7.974099214,502,5,6,2,13,456,15,3,11,29,515,485,53,33,75,31
22,1000,30,5.13,10.3,18,37,5,947,30,8,15,53,7.408243225,86,84,7.696981403,9.260524911,6.753604595,8.024747567,467,13,1,4,18,480,17,7,11,35,485,515,46,38,56,30
21,1000,30,5.13,10.3,18,37,7,943,26,16,15,57,7.497086345,104,83,7.680600255,9.552530136,7.046936272,7.894676523,446,11,5,7,23,497,15,11,8,34,469,531,49,34,73,31
16,1000,30,5.13,10.3,18,37,85,941,36,19,4,59,8.460230653,166,138,12.1801369,16.41386184,9.471911358,7.555849416,440,18,10,4,32,501,18,9,0,27,472,528,115,23,152,14
19,1000,30,5.13,10.3,18,37,11,950,26,10,14,50,7.144421633,115,65,7.788369579,9.29031592,6.205417955,8.032273359,468,11,2,5,18,482,15,8,9,32,486,514,41,24,78,37
23,1000,30,5.13,10.3,18,37,3,951,21,10,18,49,7.141312251,101,68,7.593342451,9.06600271,6.715471161,7.557054342,477,7,5,5,17,474,14,5,13,32,494,506,38,30,64,37
20,1000,30,5.13,10.3,18,37,10,951,24,14,11,49,7.191365861,97,94,7.820644351,9.451602788,6.63606705,7.73349553,482,6,3,3,12,469,18,11,8,37,494,506,56,38,65,32
17,1000,30,5.13,10.3,18,37,13,934,31,19,16,66,7.600963354,102,72,7.702965641,9.740697847,6.706572169,8.506152018,483,8,8,4,20,451,23,11,12,46,503,497,40,32,71,31
18,1000,30,5.13,10.3,18,37,13,957,21,9,13,43,7.207224688,107,76,7.675702132,9.103731061,6.485915454,7.973150989,501,6,6,2,14,456,15,3,11,29,515,485,48,28,76,31
22,1000,30,5.13,10.3,18,37,6,948,29,8,15,52,7.427825483,81,103,7.704350352,9.300092146,6.792798766,8.025860351,467,13,1,4,18,481,16,7,11,34,485,515,59,44,55,26
19,1000,30,5.13,10.3,18,37,12,950,25,11,14,50,7.162663025,110,72,7.798591549,9.332986128,6.230318164,8.044218671,468,11,2,5,18,482,14,9,9,32,486,514,43,29,77,33
21,1000,30,5.13,10.3,18,37,8,943,26,17,14,57,7.501624557,87,75,7.698754856,9.600045051,7.079799449,7.874197016,446,11,5,7,23,497,15,12,7,34,469,531,44,31,58,29
16,1000,30,5.13,10.3,18,37,86,942,35,18,5,58,8.466076423,171,133,12.33754044,16.60066651,9.518727506,7.525070152,440,18,9,5,32,502,17,9,0,26,472,528,116,17,145,26
23,1000,30,5.13,10.3,18,37,4,953,20,8,19,47,7.153188137,101,75,7.608192305,9.098995128,6.749085352,7.547707456,477,7,4,6,17,476,13,4,13,30,494,506,41,34,70,31
20,1000,30,5.13,10.3,18,37,11,951,26,12,11,49,7.203448379,103,75,7.838909781,9.488480701,6.668869198,7.725349792,483,6,2,3,11,468,20,10,8,38,494,506,45,30,67,36
17,1000,30,5.13,10.3,18,37,14,935,29,21,15,65,7.640385469,92,73,7.711579586,9.780329347,6.80576127,8.485085614,483,8,8,4,20,452,21,13,11,45,503,497,49,24,68,24
18,1000,30,5.13,10.3,18,37,14,959,19,9,13,41,7.243737869,84,91,7.686678568,9.117075638,6.511598374,8.021164343,501,6,6,2,14,458,13,3,11,27,515,485,58,33,65,19
22,1000,30,5.13,10.3,18,37,7,950,28,7,15,50,7.477502759,96,83,7.719119737,9.33659952,6.864528063,8.054770191,468,12,1,4,17,482,16,6,11,33,485,515,50,33,60,36
19,1000,30,5.13,10.3,18,37,13,952,22,12,14,48,7.168117805,80,80,7.82863421,9.360716145,6.309031205,7.980405914,468,10,3,5,18,484,12,9,9,30,486,514,49,31,59,21
21,1000,30,5.13,10.3,18,37,9,943,26,17,14,57,7.54055349,109,80,7.71181001,9.64153627,7.110441999,7.920444808,446,11,5,7,23,497,15,12,7,34,469,531,41,39,75,34
16,1000,30,5.13,10.3,18,37,87,940,37,18,5,60,8.488227814,160,118,12.52296176,16.80943668,9.575638375,7.516148675,440,18,9,5,32,500,19,9,0,28,472,528,99,19,145,15
23,1000,30,5.13,10.3,18,37,5,953,20,8,19,47,7.194694879,82,82,7.606105254,9.110565308,6.808508573,7.571722616,477,7,4,6,17,476,13,4,13,30,494,506,37,45,56,26
20,1000,30,5.13,10.3,18,37,12,952,26,11,11,48,7.247060137,103,87,7.83675517,9.525509262,6.722769738,7.758916771,483,6,2,3,11,469,20,9,8,37,494,506,47,40,82,21
17,1000,30,5.13,10.3,18,37,15,934,31,20,15,66,7.655468365,118,86,7.721366946,9.80660711,6.804550672,8.516658706,483,9,7,4,20,451,22,13,11,46,503,497,56,30,81,37
18,1000,30,5.13,10.3,18,37,15,959,19,9,13,41,7.270262696,82,68,7.720329583,9.152008912,6.546772943,8.038504393,501,6,6,2,14,458,13,3,11,27,515,485,41,27,64,18
22,1000,30,5.13,10.3,18,37,8,950,28,7,15,50,7.505826609,97,76,7.741398423,9.390596308,6.920101887,8.057431445,468,12,1,4,17,482,16,6,11,33,485,515,44,32,64,33
19,1000,30,5.13,10.3,18,37,14,953,22,11,14,47,7.181891188,86,81,7.865080989,9.385494071,6.323061437,7.993936438,468,10,3,5,18,485,12,8,9,29,486,514,54,27,62,24
21,1000,30,5.13,10.3,18,37,10,944,26,16,14,56,7.545075994,108,82,7.734762955,9.682261865,7.111883284,7.927688764,447,11,4,7,22,497,15,12,7,34,469,531,56,26,81,27
20,1000,30,5.13,10.3,18,37,13,951,27,11,11,49,7.316791379,79,95,7.854225977,9.564627,6.786921109,7.834095555,483,7,1,3,11,468,20,10,8,38,494,506,60,35,59,20
23,1000,30,5.13,10.3,18,37,6,954,21,7,18,46,7.221197059,89,70,7.621094703,9.156801776,6.902428605,7.532405786,477,7,4,6,17,477,14,3,12,29,494,506,43,27,68,21
17,1000,30,5.13,10.3,18,37,16,935,30,21,14,65,7.675465255,109,91,7.718663951,9.840350734,6.843908872,8.517060548,483,9,7,4,20,452,21,14,10,45,503,497,55,36,74,35
16,1000,30,5.13,10.3,18,37,88,940,37,18,5,60,8.481845051,174,109,12.76978291,17.07222818,9.597831508,7.484220794,440,18,9,5,32,500,19,9,0,28,472,528,94,15,158,16
18,1000,30,5.13,10.3,18,37,16,960,19,9,12,40,7.291440333,95,74,7.738551806,9.219387712,6.574534512,8.052690845,501,6,6,2,14,459,13,3,10,26,515,485,47,27,71,24
22,1000,30,5.13,10.3,18,37,9,951,29,7,13,49,7.480867471,99,75,7.76907531,9.418381341,6.930957595,7.998743761,468,12,1,4,17,483,17,6,9,32,485,515,40,35,70,29
19,1000,30,5.13,10.3,18,37,15,952,23,11,14,48,7.193071654,102,102,7.900235378,9.446291919,6.358980995,7.981725467,468,10,3,5,18,484,13,8,9,30,486,514,65,37,68,34
21,1000,30,5.13,10.3,18,37,11,948,22,16,14,52,7.535427693,117,76,7.760918457,9.738430235,7.143245887,7.881818027,447,11,4,7,22,501,11,12,7,30,469,531,59,17,91,26
20,1000,30,5.13,10.3,18,37,14,950,28,11,11,50,7.341133501,101,72,7.879456472,9.60670572,6.825145363,7.844884767,483,7,1,3,11,467,21,10,8,39,494,506,38,34,72,29
23,1000,30,5.13,10.3,18,37,7,954,21,8,17,46,7.227324204,95,71,7.634317593,9.171511108,6.89722681,7.549593201,477,7,5,5,17,477,14,3,12,29,494,506,43,28,71,24
17,1000,30,5.13,10.3,18,37,17,937,29,21,13,63,7.661046255,113,68,7.751309284,9.87707755,6.857108501,8.474689495,483,9,7,4,20,454,20,14,9,43,503,497,39,29,88,25
16,1000,30,5.13,10.3,18,37,89,939,37,18,6,61,8.481374999,157,123,12.92219987,17.28352623,9.656732057,7.430677023,439,18,9,6,33,500,19,9,0,28,472,528,102,21,139,18
18,1000,30,5.13,10.3,18,37,17,961,18,9,12,39,7.329449981,108,69,7.763391741,9.249135561,6.622396809,8.080238401,501,6,6,2,14,460,12,3,10,25,515,485,42,27,79,29
19,1000,30,5.13,10.3,18,37,16,953,22,11,14,47,7.226443426,121,83,7.945390746,9.551359324,6.448937896,7.96159457,468,10,3,5,18,485,12,8,9,29,486,514,49,34,93,28
22,1000,30,5.13,10.3,18,37,10,951,30,7,12,49,7.505939331,108,94,7.777343957,9.445088966,6.950238427,8.029269309,468,13,1,3,17,483,17,6,9,32,485,515,62,32,75,33
21,1000,30,5.13,10.3,18,37,12,949,21,15,15,51,7.570273756,112,60,7.766212465,9.796633294,7.187653768,7.908218717,447,11,4,7,22,502,10,11,8,29,469,531,41,19,82,30
20,1000,30,5.13,10.3,18,37,15,951,28,11,10,49,7.334308305,126,77,7.888962534,9.658540631,6.867457566,7.790087484,483,7,1,3,11,468,21,10,7,38,494,506,53,24,93,33
23,1000,30,5.13,10.3,18,37,8,954,22,8,16,46,7.241709975,103,89,7.656852888,9.181646383,6.945034907,7.53134927,478,6,5,5,16,476,16,3,11,30,494,506,46,43,66,37
17,1000,30,5.13,10.3,18,37,18,937,29,21,13,63,7.690177859,86,96,7.75684292,9.899705907,6.871332775,8.518908396,483,9,7,4,20,454,20,14,9,43,503,497,65,31,66,20
18,1000,30,5.13,10.3,18,37,18,962,17,9,12,38,7.309311502,80,77,7.793714748,9.273288145,6.653287761,8.005914031,501,6,6,2,14,461,11,3,10,24,515,485,49,28,59,21
16,1000,30,5.13,10.3,18,37,90,936,39,17,8,64,8.487508434,169,147,13.18700972,17.55970296,9.672472366,7.428222494,438,19,9,6,34,498,20,8,2,30,472,528,125,22,145,24
19,1000,30,5.13,10.3,18,37,17,955,20,12,13,45,7.222921814,88,92,7.947069026,9.564294743,6.471268355,7.93362917,469,9,3,5,17,486,11,9,8,28,486,514,61,31,68,20
22,1000,30,5.13,10.3,18,37,11,951,28,9,12,49,7.483501363,83,76,7.792141118,9.466600406,6.979483694,7.95815878,468,12,2,3,17,483,16,7,9,32,485,515,55,21,59,24
21,1000,30,5.13,10.3,18,37,13,949,22,14,15,51,7.593082433,109,97,7.774277137,9.841156911,7.205672986,7.935257632,446,12,4,7,23,503,10,10,8,28,469,531,54,43,76,33
20,1000,30,5.13,10.3,18,37,16,951,29,11,9,49,7.353757405,97,85,7.901379141,9.719844137,6.872457147,7.823643428,483,8,1,2,11,468,21,10,7,38,494,506,53,32,68,29
23,1000,30,5.13,10.3,18,37,9,956,20,8,16,44,7.283734803,93,82,7.647436071,9.185520003,7.016317486,7.544810208,479,5,5,5,15,477,15,3,11,29,494,506,52,30,70,23
17,1000,30,5.13,10.3,18,37,19,938,28,22,12,62,7.678425944,117,95,7.775368024,9.933522781,6.942790311,8.422942489,482,9,8,4,21,456,19,14,8,41,503,497,60,35,80,37
18,1000,30,5.13,10.3,18,37,19,962,17,9,12,38,7.3318985,103,86,7.796896491,9.282649273,6.660389957,8.044943653,501,6,6,2,14,461,11,3,10,24,515,485,50,36,70,33
19,1000,30,5.13,10.3,18,37,18,956,19,12,13,44,7.253221585,93,81,7.993940926,9.624075653,6.514503694,7.951698034,470,8,3,5,16,486,11,9,8,28,486,514,52,29,70,23
22,1000,30,5.13,10.3,18,37,12,950,29,9,12,50,7.506253822,108,75,7.793821965,9.505628262,6.997000787,7.985841632,468,12,2,3,17,482,17,7,9,33,485,515,43,32,72,36
16,1000,30,5.13,10.3,18,37,91,936,38,18,8,64,8.493614092,176,132,13.35642809,17.79619051,9.698382126,7.416624485,438,18,10,6,34,498,20,8,2,30,472,528,118,14,160,16
21,1000,30,5.13,10.3,18,37,14,949,21,15,15,51,7.610677615,101,86,7.798854363,9.874813916,7.245827629,7.932927415,445,12,5,7,24,504,9,10,8,27,469,531,59,27,67,34
20,1000,30,5.13,10.3,18,37,17,952,29,10,9,48,7.324053092,90,79,7.926101375,9.753302549,6.8682015,7.769093974,483,8,1,2,11,469,21,9,7,37,494,506,48,31,67,23
23,1000,30,5.13,10.3,18,37,10,956,20,8,16,44,7.318169723,94,85,7.669813476,9.194703803,7.075446531,7.555136633,479,5,5,5,15,477,15,3,11,29,494,506,54,31,65,29
17,1000,30,5.13,10.3,18,37,20,938,28,22,12,62,7.719531108,99,76,7.789496084,9.988945238,6.988475403,8.459412436,481,10,8,4,22,457,18,14,8,40,503,497,42,34,73,26
18,1000,30,5.13,10.3,18,37,20,962,18,9,11,38,7.352039262,89,76,7.839805048,9.310114038,6.697025246,8.04756961,500,7,6,2,15,462,11,3,9,23,515,485,47,29,58,31
19,1000,30,5.13,10.3,18,37,19,957,18,12,13,43,7.252097167,104,85,8.021672191,9.667403997,6.527398117,7.937318447,470,8,3,5,16,487,10,9,8,27,486,514,55,30,79,25
22,1000,30,5.13,10.3,18,37,13,951,28,9,12,49,7.512863129,102,87,7.811459446,9.555594136,7.044982817,7.953488278,468,12,2,3,17,483,16,7,9,32,485,515,57,30,79,23
21,1000,30,5.13,10.3,18,37,15,949,23,14,14,51,7.642659805,104,80,7.803412103,9.943006158,7.281269821,7.961853595,447,12,4,6,22,502,11,10,8,29,469,531,46,34,74,30
16,1000,30,5.13,10.3,18,37,92,936,38,18,8,64,8.488731834,182,141,13.56225006,18.04705134,9.764716121,7.348079215,437,19,10,6,35,499,19,8,2,29,472,528,123,18,171,11
20,1000,30,5.13,10.3,18,37,18,951,30,10,9,49,7.347360963,101,89,7.932836434,9.792176823,6.924288549,7.760400039,483,8,1,2,11,468,22,9,7,38,494,506,57,32,81,20
17,1000,30,5.13,10.3,18,37,21,939,27,23,11,61,7.729350694,96,76,7.825697888,10.0670817,7.030579865,8.436557388,481,10,8,4,22,458,17,15,7,39,503,497,47,29,65,31
23,1000,30,5.13,10.3,18,37,11,956,20,8,16,44,7.34342442,101,91,7.669775899,9.203835606,7.12034122,7.56121711,479,5,5,5,15,477,15,3,11,29,494,506,53,38,68,33
18,1000,30,5.13,10.3,18,37,21,961,19,9,11,39,7.387589666,98,85,7.890525699,9.349771251,6.732529215,8.08316932,500,7,6,2,15,461,12,3,9,24,515,485,56,29,72,26
19,1000,30,5.13,10.3,18,37,20,959,18,11,12,41,7.303094666,98,80,8.041848899,9.727233205,6.615659275,7.953082215,470,8,3,5,16,489,10,8,7,25,486,514,54,26,81,17
22,1000,30,5.13,10.3,18,37,14,952,27,9,12,48,7.53151135,109,77,7.828742015,9.604889709,7.075235971,7.96120758,468,12,2,3,17,484,15,7,9,31,485,515,41,36,67,42
21,1000,30,5.13,10.3,18,37,16,949,23,14,14,51,7.655361436,114,76,7.825941584,9.971943863,7.321691257,7.950072008,447,12,4,6,22,502,11,10,8,29,469,531,55,21,84,30
20,1000,30,5.13,10.3,18,37,19,951,30,10,9,49,7.419699815,102,69,7.943062314,9.838368459,7.001379508,7.828099483,483,8,1,2,11,468,22,9,7,38,494,506,39,30,78,24
16,1000,30,5.13,10.3,18,37,93,938,35,19,8,62,8.494522237,190,139,13.74031555,18.24972541,9.812036296,7.316744518,438,18,10,6,34,500,17,9,2,28,472,528,122,17,164,26
17,1000,30,5.13,10.3,18,37,22,940,28,22,10,60,7.706256422,107,74,7.858861348,10.12140772,7.071282612,8.348895912,479,12,8,4,24,461,16,14,6,36,503,497,52,22,84,23
23,1000,30,5.13,10.3,18,37,12,956,20,8,16,44,7.362183076,117,69,7.69649224,9.227229671,7.121625618,7.597035615,479,5,5,5,15,477,15,3,11,29,494,506,43,26,84,33
18,1000,30,5.13,10.3,18,37,22,960,19,10,11,40,7.427319135,82,80,7.897168061,9.364322939,6.759629938,8.136308695,500,6,7,2,15,460,13,3,9,25,515,485,51,29,59,23
19,1000,30,5.13,10.3,18,37,21,960,17,11,12,40,7.281359316,109,93,8.077627008,9.770568529,6.625480996,7.901508855,470,8,3,5,16,490,9,8,7,24,486,514,59,34,83,26
22,1000,30,5.13,10.3,18,37,15,952,26,10,12,48,7.543535133,105,81,7.853784675,9.660782765,7.079657793,7.980390492,468,12,2,3,17,484,14,8,9,31,485,515,50,31,75,30
21,1000,30,5.13,10.3,18,37,17,949,24,13,14,51,7.678282183,85,84,7.85192224,10.02105947,7.370725735,7.949928087,446,13,4,6,23,503,11,9,8,28,469,531,60,24,61,24
20,1000,30,5.13,10.3,18,37,20,954,28,9,9,46,7.404392491,101,83,7.975822042,9.904321656,7.021802502,7.777909199,483,7,2,2,11,471,21,7,7,35,494,506,44,39,72,29
17,1000,30,5.13,10.3,18,37,23,942,27,21,10,58,7.681732789,94,82,7.911811179,10.18681006,7.056272922,8.31474348,480,11,8,4,23,462,16,13,6,35,503,497,54,28,69,25
23,1000,30,5.13,10.3,18,37,13,959,16,9,16,41,7.347326063,100,80,7.718886375,9.272110969,7.135978916,7.553661025,479,5,5,5,15,480,11,4,11,26,494,506,46,34,67,33
16,1000,30,5.13,10.3,18,37,94,936,37,19,8,64,8.527668335,165,149,13.91382646,18.50090289,9.873030894,7.324995744,437,19,10,6,35,499,18,9,2,29,472,528,129,20,146,19
18,1000,30,5.13,10.3,18,37,23,959,21,10,10,41,7.44960645,99,99,7.931532617,9.420982168,6.828511242,8.109119919,499,7,7,2,16,460,14,3,8,25,515,485,64,35,74,25
19,1000,30,5.13,10.3,18,37,22,959,18,11,12,41,7.299922894,121,90,8.123534123,9.818871691,6.654766039,7.909935017,470,8,3,5,16,489,10,8,7,25,486,514,54,36,92,29
22,1000,30,5.13,10.3,18,37,16,952,26,10,12,48,7.574187161,104,89,7.872269203,9.697515211,7.11026385,8.011085813,468,12,2,3,17,484,14,8,9,31,485,515,56,33,75,29
21,1000,30,5.13,10.3,18,37,18,952,23,12,13,48,7.657933397,128,82,7.87139786,10.04201642,7.389741794,7.894810726,447,12,4,6,22,505,11,8,7,26,469,531,52,30,103,25
20,1000,30,5.13,10.3,18,37,21,955,27,8,10,45,7.418573002,109,77,8.005123317,9.994880749,7.032705059,7.795289927,482,8,2,2,12,473,19,6,8,33,494,506,51,26,79,30
17,1000,30,5.13,10.3,18,37,24,943,27,20,10,57,7.665846474,109,84,7.920157947,10.20230478,7.059158497,8.279858652,480,11,8,4,23,463,16,12,6,34,503,497,56,28,72,37
23,1000,30,5.13,10.3,18,37,14,961,16,9,14,39,7.335506717,105,78,7.741448627,9.309238202,7.166945476,7.500070458,479,5,5,5,15,482,11,4,9,24,494,506,46,32,70,35
18,1000,30,5.13,10.3,18,37,24,959,22,10,9,41,7.437607573,98,74,7.949129851,9.477616268,6.854544508,8.056736396,498,8,7,2,17,461,14,3,7,24,515,485,42,32,75,23
16,1000,30,5.13,10.3,18,37,95,936,36,20,8,64,8.587711381,158,137,14.08555426,18.73003988,10.00246133,7.323010669,436,19,11,6,36,500,17,9,2,28,472,528,121,16,150,8
19,1000,30,5.13,10.3,18,37,23,959,18,11,12,41,7.321791883,98,93,8.167139133,9.86178854,6.724422212,7.886620016,470,8,3,5,16,489,10,8,7,25,486,514,55,38,79,19
22,1000,30,5.13,10.3,18,37,17,952,27,10,11,48,7.575821295,91,87,7.895817673,9.731755832,7.13296296,7.992882058,468,12,2,3,17,484,15,8,8,31,485,515,58,29,70,21
21,1000,30,5.13,10.3,18,37,19,953,23,11,13,47,7.669844127,110,70,7.875321121,10.07442262,7.417131314,7.893049983,447,12,4,6,22,506,11,7,7,25,469,531,49,21,81,29
20,1000,30,5.13,10.3,18,37,22,955,27,7,11,45,7.43808926,107,88,8.061809304,10.03995582,7.043117678,7.823693928,482,8,1,3,12,473,19,6,8,33,494,506,54,34,82,25
17,1000,30,5.13,10.3,18,37,25,945,25,20,10,55,7.657939004,103,75,7.944849772,10.23192073,7.093997383,8.228688773,480,11,8,4,23,465,14,12,6,32,503,497,44,31,78,25
23,1000,30,5.13,10.3,18,37,15,962,16,8,14,38,7.372070263,77,79,7.737452412,9.346420908,7.214861157,7.52555109,480,5,4,5,14,482,11,4,9,24,494,506,47,32,53,24
18,1000,30,5.13,10.3,18,37,25,961,21,8,10,39,7.428411878,103,83,7.975789972,9.506333679,6.894104108,7.995769614,498,8,6,3,17,463,13,2,7,22,515,485,53,30,78,25
16,1000,30,5.13,10.3,18,37,96,937,36,20,7,63,8.572914355,180,137,14.36389695,19.0226178,10.00737213,7.290596041,436,20,11,5,36,501,16,9,2,27,472,528,117,20,166,14
19,1000,30,5.13,10.3,18,37,24,959,18,11,12,41,7.326056343,95,83,8.197807128,9.901627737,6.740403567,7.879805854,470,8,3,5,16,489,10,8,7,25,486,514,63,20,72,23
22,1000,30,5.13,10.3,18,37,18,950,30,10,10,50,7.612353308,93,74,7.918414333,9.769563379,7.157401636,8.040802941,467,14,2,2,18,483,16,8,8,32,485,515,47,27,71,22
21,1000,30,5.13,10.3,18,37,20,953,23,11,13,47,7.682323862,96,92,7.893325698,10.13115891,7.458129756,7.880340879,447,12,4,6,22,506,11,7,7,25,469,531,60,32,75,21
20,1000,30,5.13,10.3,18,37,23,955,27,7,11,45,7.44336873,97,95,8.09721369,10.07405941,7.046523135,7.830802967,482,8,1,3,12,473,19,6,8,33,494,506,53,42,67,30
17,1000,30,5.13,10.3,18,37,26,944,27,20,9,56,7.652941105,108,93,7.97232921,10.28736844,7.122928551,8.1893522,480,11,8,4,23,464,16,12,5,33,503,497,55,38,82,26
23,1000,30,5.13,10.3,18,37,16,962,16,8,14,38,7.394403279,96,90,7.743640036,9.352959883,7.276864543,7.509154535,480,5,4,5,14,482,11,4,9,24,494,506,53,37,73,23
18,1000,30,5.13,10.3,18,37,26,960,22,9,9,40,7.422320002,101,91,7.991018341,9.528757099,6.922422793,7.953138687,497,9,6,3,18,463,13,3,6,22,515,485,56,35,77,24
19,1000,30,5.13,10.3,18,37,25,960,17,11,12,40,7.35102522,106,70,8.236658439,9.929359872,6.789888979,7.881593728,470,8,3,5,16,490,9,8,7,24,486,514,37,33,82,24
22,1000,30,5.13,10.3,18,37,19,951,29,10,10,49,7.673287465,83,83,7.952719193,9.813196341,7.264911397,8.057874637,467,14,2,2,18,484,15,8,8,31,485,515,50,33,53,30
16,1000,30,5.13,10.3,18,37,97,936,36,21,7,64,8.589672085,179,114,14.62809832,19.34492541,10.06642211,7.269547066,435,20,12,5,37,501,16,9,2,27,472,528,101,13,162,17
21,1000,30,5.13,10.3,18,37,21,953,24,10,13,47,7.745576413,98,93,7.953643839,10.18822247,7.540847139,7.926401327,447,12,4,6,22,506,12,6,7,25,469,531,61,32,69,29
20,1000,30,5.13,10.3,18,37,24,956,26,7,11,44,7.49240619,100,90,8.106399587,10.11820076,7.100153362,7.875356579,482,8,1,3,12,474,18,6,8,32,494,506,56,34,75,25
17,1000,30,5.13,10.3,18,37,27,943,26,23,8,57,7.640136313,106,87,7.972705414,10.32427567,7.155397412,8.130727193,480,11,9,3,23,463,15,14,5,34,503,497,54,33,77,29
23,1000,30,5.13,10.3,18,37,17,961,18,8,13,39,7.411015313,101,81,7.735442275,9.371933164,7.336365351,7.48389492,478,7,4,5,16,483,11,4,8,23,494,506,49,32,78,23
18,1000,30,5.13,10.3,18,37,27,962,21,9,8,38,7.399209219,110,85,8.01066228,9.586343848,6.951726688,7.874371082,497,9,6,3,18,465,12,3,5,20,515,485,60,25,85,25
19,1000,30,5.13,10.3,18,37,26,962,17,9,12,38,7.345923639,93,90,8.252928495,9.969907826,6.773089749,7.887552569,471,8,2,5,15,491,9,7,7,23,486,514,50,40,65,28
22,1000,30,5.13,10.3,18,37,20,950,30,10,10,50,7.696256279,88,87,7.980795913,9.840212226,7.286060659,8.082557008,467,14,2,2,18,483,16,8,8,32,485,515,52,35,59,29
21,1000,30,5.13,10.3,18,37,22,953,24,10,13,47,7.787015473,97,95,7.977735983,10.23079252,7.594133528,7.957376362,447,12,4,6,22,506,12,6,7,25,469,531,59,36,75,22
16,1000,30,5.13,10.3,18,37,98,935,36,22,7,65,8.622393166,188,148,14.90314415,19.69623094,10.1400033,7.265741683,433,21,13,5,39,502,15,9,2,26,472,528,131,17,177,11
20,1000,30,5.13,10.3,18,37,25,955,27,7,11,45,7.510757493,103,88,8.178675304,10.24608708,7.118683641,7.893533151,482,8,1,3,12,473,19,6,8,33,494,506,58,30,85,18
17,1000,30,5.13,10.3,18,37,28,944,26,22,8,56,7.650528578,103,86,8.007892558,10.3788032,7.179420201,8.12732438,480,12,8,3,23,464,14,14,5,33,503,497,63,23,76,27
23,1000,30,5.13,10.3,18,37,18,960,19,8,13,40,7.465926626,102,73,7.749393017,9.400148481,7.405075693,7.525334453,477,8,4,5,17,483,11,4,8,23,494,506,46,27,80,22
18,1000,30,5.13,10.3,18,37,28,962,21,9,8,38,7.436265219,100,90,8.030945526,9.62695627,7.030558798,7.867066883,497,9,6,3,18,465,12,3,5,20,515,485,56,34,71,29
19,1000,30,5.13,10.3,18,37,27,965,15,9,11,35,7.368730949,113,92,8.265284239,10.00347643,6.797599263,7.908750403,472,6,3,5,14,493,9,6,6,21,486,514,54,38,88,25
22,1000,30,5.13,10.3,18,37,21,953,27,10,10,47,7.675479394,98,99,8.012505761,9.891516951,7.320098691,8.010158309,467,13,3,2,18,486,14,7,8,29,485,515,72,27,68,30
21,1000,30,5.13,10.3,18,37,23,951,26,10,13,49,7.848184979,100,90,8.030972071,10.26600873,7.629943554,8.040944356,447,12,4,6,22,504,14,6,7,27,469,531,58,32,67,33
20,1000,30,5.13,10.3,18,37,26,953,30,7,10,47,7.542145128,100,75,8.225749935,10.31182628,7.187737891,7.888147451,481,9,1,3,13,472,21,6,7,34,494,506,49,26,73,27
16,1000,30,5.13,10.3,18,37,99,935,35,23,7,65,8.618223035,201,146,15.12143059,19.98057503,10.15368004,7.245617535,432,22,13,5,40,503,13,10,2,25,472,528,126,20,186,15
17,1000,30,5.13,10.3,18,37,29,947,24,21,8,53,7.625804055,119,88,8.042326419,10.44583055,7.189891655,8.066978979,480,12,8,3,23,467,12,13,5,30,503,497,49,39,88,31
23,1000,30,5.13,10.3,18,37,19,958,21,8,13,42,7.487228047,96,79,7.776453558,9.437615292,7.458145434,7.515620954,475,10,4,5,19,483,11,4,8,23,494,506,50,29,72,24
18,1000,30,5.13,10.3,18,37,29,961,22,9,8,39,7.47303893,103,82,8.033182375,9.685134087,7.057288113,7.914506292,497,9,6,3,18,464,13,3,5,21,515,485,48,34,69,34
19,1000,30,5.13,10.3,18,37,28,964,16,9,11,36,7.398876587,96,83,8.272849537,10.03032985,6.810295838,7.955394571,472,6,3,5,14,492,10,6,6,22,486,514,50,33,65,31
22,1000,30,5.13,10.3,18,37,22,952,28,11,9,48,7.678920584,92,73,8.028062864,9.952444511,7.344417077,7.993938449,466,14,3,2,19,486,14,8,7,29,485,515,53,20,65,27
21,1000,30,5.13,10.3,18,37,24,950,27,10,13,50,7.87397548,108,83,8.030344299,10.28145095,7.658954229,8.063890672,446,13,4,6,23,504,14,6,7,27,469,531,53,30,86,22
20,1000,30,5.13,10.3,18,37,27,951,32,7,10,49,7.58817168,125,82,8.260362862,10.38882518,7.234224216,7.933725132,480,10,1,3,14,471,22,6,7,35,494,506,51,31,89,36
17,1000,30,5.13,10.3,18,37,30,948,23,21,8,52,7.583857655,106,85,8.058888569,10.48759797,7.214223591,7.957954103,480,12,8,3,23,468,11,13,5,29,503,497,47,38,82,24
16,1000,30,5.13,10.3,18,37,100,935,34,23,8,65,8.636889211,188,164,15.39959617,20.29520722,10.18068465,7.256829654,432,21,14,5,40,503,13,9,3,25,472,528,144,20,169,19
23,1000,30,5.13,10.3,18,37,20,958,21,8,13,42,7.498318145,104,69,7.800435892,9.503544733,7.466483576,7.529397744,475,10,4,5,19,483,11,4,8,23,494,506,46,23,78,26
18,1000,30,5.13,10.3,18,37,30,962,19,12,7,38,7.526066106,111,94,8.073683781,9.731046973,7.124848027,7.952101798,497,7,8,3,18,465,12,4,4,20,515,485,56,38,85,26
19,1000,30,5.13,10.3,18,37,29,963,17,9,11,37,7.440541479,102,86,8.339109801,10.11813014,6.913233424,7.939124581,472,6,3,5,14,491,11,6,6,23,486,514,59,27,76,26
22,1000,30,5.13,10.3,18,37,23,952,28,11,9,48,7.738168519,113,97,8.023936571,9.980795338,7.431240298,8.027217427,465,15,3,2,20,487,13,8,7,28,485,515,62,35,82,31
21,1000,30,5.13,10.3,18,37,25,951,27,7,15,49,7.881067151,112,73,8.044479596,10.28761252,7.706799559,8.034987115,446,13,4,6,23,505,14,3,9,26,469,531,45,28,86,26
20,1000,30,5.13,10.3,18,37,28,952,31,7,10,48,7.596621006,113,113,8.307560474,10.46341364,7.26703751,7.918388293,480,10,1,3,14,472,21,6,7,34,494,506,71,42,90,23
17,1000,30,5.13,10.3,18,37,31,949,24,20,7,51,7.632777139,112,62,8.093052322,10.55276786,7.320641005,7.948681517,479,13,8,3,24,470,11,12,4,27,503,497,38,24,85,27
23,1000,30,5.13,10.3,18,37,21,958,21,8,13,42,7.542220635,104,79,7.801451872,9.505651974,7.506289278,7.577299866,475,10,4,5,19,483,11,4,8,23,494,506,50,29,71,33
18,1000,30,5.13,10.3,18,37,31,961,20,12,7,39,7.577570859,106,73,8.101756296,9.764950626,7.164529481,8.016161188,496,8,8,3,19,465,12,4,4,20,515,485,44,29,80,26
16,1000,30,5.13,10.3,18,37,101,936,34,22,8,64,8.633823349,195,172,15.87508354,20.84477776,10.21783226,7.217815386,431,22,14,5,41,505,12,8,3,23,472,528,153,19,177,18
19,1000,30,5.13,10.3,18,37,30,962,18,9,11,38,7.454831836,98,85,8.3824235,10.17374325,6.943696072,7.93812363,472,6,3,5,14,490,12,6,6,24,486,514,61,24,72,26
22,1000,30,5.13,10.3,18,37,24,952,28,11,9,48,7.759966078,116,97,8.058918701,10.0493704,7.452021355,8.049972273,465,15,3,2,20,487,13,8,7,28,485,515,67,30,80,36
21,1000,30,5.13,10.3,18,37,26,948,30,7,15,52,7.917450515,118,76,8.080014511,10.37705254,7.698970528,8.110420598,446,13,4,6,23,502,17,3,9,29,469,531,49,27,85,33
20,1000,30,5.13,10.3,18,37,29,952,29,9,10,48,7.606194148,100,82,8.325129991,10.49429958,7.278703593,7.925918128,479,10,2,3,15,473,19,7,7,33,494,506,56,26,75,25
17,1000,30,5.13,10.3,18,37,32,949,25,19,7,51,7.617610825,116,97,8.139244438,10.62329681,7.301830901,7.937202982,480,13,7,3,23,469,12,12,4,28,503,497,68,29,93,23
23,1000,30,5.13,10.3,18,37,22,959,21,7,13,41,7.578235408,109,77,7.842986052,9.558256972,7.539193621,7.616351302,475,10,4,5,19,484,11,3,8,22,494,506,51,26,78,31
18,1000,30,5.13,10.3,18,37,32,962,20,11,7,38,7.583340996,89,81,8.138036311,9.812839276,7.196458148,7.994154742,497,8,7,3,18,465,12,4,4,20,515,485,52,29,69,20
19,1000,30,5.13,10.3,18,37,31,962,18,10,10,38,7.447039114,115,85,8.428168517,10.23502067,6.970984691,7.897160611,472,6,3,5,14,490,12,7,5,24,486,514,51,34,87,28
16,1000,30,5.13,10.3,18,37,102,935,34,23,8,65,8.645415578,178,162,16.2714939,21.28044459,10.25357524,7.207818305,431,21,15,5,41,504,13,8,3,24,472,528,140,22,159,19
22,1000,30,5.13,10.3,18,37,25,950,31,11,8,50,7.768874338,104,96,8.104743368,10.11536992,7.508776098,8.013821225,463,17,3,2,22,487,14,8,6,28,485,515,54,42,81,23
21,1000,30,5.13,10.3,18,37,27,947,31,8,14,53,7.9243814,112,81,8.101758536,10.40693615,7.726168343,8.099450937,445,14,4,6,24,502,17,4,8,29,469,531,58,23,88,24
20,1000,30,5.13,10.3,18,37,30,954,27,9,10,46,7.604467574,107,83,8.33422157,10.54395802,7.29071547,7.910778916,479,10,2,3,15,475,17,7,7,31,494,506,59,24,78,29
17,1000,30,5.13,10.3,18,37,33,949,25,19,7,51,7.627583137,112,82,8.181460951,10.71655154,7.308962935,7.950049861,480,13,7,3,23,469,12,12,4,28,503,497,60,22,96,16
23,1000,30,5.13,10.3,18,37,23,957,24,7,12,43,7.601876205,104,93,7.86963971,9.602580441,7.600033854,7.603674864,474,11,4,5,20,483,13,3,7,23,494,506,58,35,69,35
18,1000,30,5.13,10.3,18,37,33,960,22,11,7,40,7.593526158,108,92,8.168951729,9.859495848,7.243142686,7.965582835,496,9,7,3,19,464,13,4,4,21,515,485,59,33,80,28
19,1000,30,5.13,10.3,18,37,32,961,19,10,10,39,7.462500248,109,71,8.467937082,10.28713228,7.01114077,7.88927205,472,6,3,5,14,489,13,7,5,25,486,514,48,23,87,22
16,1000,30,5.13,10.3,18,37,103,937,32,23,8,63,8.655626904,217,154,16.56585866,21.64230865,10.27639124,7.206761813,431,21,15,5,41,506,11,8,3,22,472,528,146,8,190,27
22,1000,30,5.13,10.3,18,37,26,950,31,10,9,50,7.744291176,123,99,8.147402322,10.19126107,7.501037289,7.973374934,463,17,3,2,22,487,14,7,7,28,485,515,68,31,85,38
21,1000,30,5.13,10.3,18,37,28,948,30,8,14,52,7.934716017,109,94,8.11558644,10.44426701,7.755315164,8.093169877,446,13,4,6,23,502,17,4,8,29,469,531,66,28,80,29
20,1000,30,5.13,10.3,18,37,31,956,26,9,9,44,7.643331906,120,74,8.393140341,10.62018822,7.354525472,7.925289175,479,10,2,3,15,477,16,7,6,29,494,506,43,31,91,29
17,1000,30,5.13,10.3,18,37,34,950,26,17,7,50,7.633177013,111,80,8.226318481,10.75648281,7.374727889,7.894746247,480,13,7,3,23,470,13,10,4,27,503,497,48,32,90,21
23,1000,30,5.13,10.3,18,37,24,957,23,8,12,43,7.606549092,97,81,7.890871771,9.616983416,7.612002,7.601225502,474,10,5,5,20,483,13,3,7,23,494,506,59,22,70,27
18,1000,30,5.13,10.3,18,37,34,960,23,11,6,40,7.610030426,105,69,8.245307095,9.928396018,7.281565926,7.958812317,496,9,7,3,19,464,14,4,3,21,515,485,44,25,82,23
19,1000,30,5.13,10.3,18,37,33,960,20,10,10,40,7.50989408,101,73,8.476487435,10.35286243,7.11468966,7.883569855,472,6,3,5,14,488,14,7,5,26,486,514,49,24,79,22
22,1000,30,5.13,10.3,18,37,27,950,31,11,8,50,7.757535757,112,77,8.188894783,10.23107914,7.537761264,7.964507852,463,16,4,2,22,487,15,7,6,28,485,515,47,30,77,35
21,1000,30,5.13,10.3,18,37,29,949,29,9,13,51,7.900893322,117,82,8.154258237,10.48702347,7.744128028,8.03935457,446,12,5,6,23,503,17,4,7,28,469,531,61,21,85,32
16,1000,30,5.13,10.3,18,37,104,937,32,23,8,63,8.654594194,209,161,16.90028707,22.04810807,10.31103454,7.173836914,430,22,15,5,42,507,10,8,3,21,472,528,139,22,196,13
20,1000,30,5.13,10.3,18,37,32,957,26,9,8,43,7.676783427,95,91,8.422348149,10.64956251,7.413742896,7.933585842,479,10,2,3,15,478,16,7,5,28,494,506,58,33,71,24
24,1000,30,5.13,10.3,18,37,0,953,24,12,11,47,6.817,92,84,7.578959104,8.726409249,6.06557377,7.533203125,477,6,3,2,11,476,18,9,9,36,488,512,45,39,63,29
17,1000,30,5.13,10.3,18,37,35,949,25,20,6,51,7.659907197,97,77,8.250064875,10.81904795,7.387878943,7.935219495,480,13,7,3,23,469,12,13,3,28,503,497,51,26,76,21
23,1000,30,5.13,10.3,18,37,25,957,23,8,12,43,7.617529554,100,87,7.925552549,9.66138029,7.65634802,7.579631683,474,10,5,5,20,483,13,3,7,23,494,506,64,23,66,34
18,1000,30,5.13,10.3,18,37,35,960,24,9,7,40,7.608441856,100,82,8.255028646,9.971955335,7.291977662,7.944481155,496,9,7,3,19,464,15,2,4,21,515,485,49,33,75,25
19,1000,30,5.13,10.3,18,37,34,960,20,10,10,40,7.570864499,99,85,8.521462665,10.45922752,7.178471941,7.941881586,473,5,3,5,13,487,15,7,5,27,486,514,58,27,78,21
22,1000,30,5.13,10.3,18,37,28,951,31,9,9,49,7.74300888,99,80,8.225149477,10.28370334,7.563394163,7.912160603,462,17,4,2,23,489,14,5,7,26,485,515,64,16,80,19
21,1000,30,5.13,10.3,18,37,30,949,29,9,13,51,7.900292926,103,87,8.181908579,10.52666303,7.762644021,8.021869831,446,12,5,6,23,503,17,4,7,28,469,531,54,33,85,18
20,1000,30,5.13,10.3,18,37,33,959,25,9,7,41,7.660326392,115,85,8.458616204,10.76239731,7.403620726,7.910944177,480,9,2,3,14,479,16,7,4,27,494,506,58,27,89,26
17,1000,30,5.13,10.3,18,37,36,949,25,20,6,51,7.690029208,105,78,8.296471274,10.85907266,7.458553145,7.924299751,480,13,7,3,23,469,12,13,3,28,503,497,53,25,78,27
24,1000,30,5.13,10.3,18,37,1,955,22,12,11,45,6.798089989,95,83,7.60231484,8.758098609,6.075462128,7.486844669,477,6,3,2,11,478,16,9,9,34,488,512,49,34,67,28
23,1000,30,5.13,10.3,18,37,26,957,23,8,12,43,7.616181609,86,105,7.936262128,9.696319855,7.655195501,7.578092947,474,10,5,5,20,483,13,3,7,23,494,506,62,43,67,19
18,1000,30,5.13,10.3,18,37,36,959,25,9,7,41,7.648182786,111,94,8.289341231,10.03468809,7.356734737,7.957658549,495,10,7,3,20,464,15,2,4,21,515,485,64,30,87,24
19,1000,30,5.13,10.3,18,37,35,959,21,9,11,41,7.563742162,106,96,8.560264109,10.55701241,7.187539789,7.91945102,473,5,3,5,13,486,16,6,6,28,486,514,70,26,77,29
20,1000,30,5.13,10.3,18,37,34,961,24,9,6,39,7.656980341,108,70,8.513670421,10.82528945,7.446011412,7.862946055,480,9,2,3,14,481,15,7,3,25,494,506,54,16,82,26
22,1000,30,5.13,10.3,18,37,29,950,33,8,9,50,7.758075075,117,97,8.238088384,10.3194386,7.573198682,7.932181968,462,18,3,2,23,488,15,5,7,27,485,515,69,28,90,27
21,1000,30,5.13,10.3,18,37,31,948,30,9,13,52,7.901643499,116,91,8.233002368,10.57666066,7.782234836,8.007109907,445,13,5,6,24,503,17,4,7,28,469,531,60,31,84,32
17,1000,30,5.13,10.3,18,37,37,949,26,18,7,51,7.69796943,134,94,8.348822809,10.92952149,7.54086769,7.85696777,479,14,6,4,24,470,12,12,3,27,503,497,65,29,106,28
24,1000,30,5.13,10.3,18,37,2,960,20,10,10,40,6.785248019,96,77,7.635068532,8.777903355,6.1020987,7.436374714,478,5,3,2,10,482,15,7,8,30,488,512,39,38,61,35
23,1000,30,5.13,10.3,18,37,27,958,22,8,12,42,7.686358877,102,75,7.952197872,9.728207063,7.777353173,7.597522548,474,10,5,5,20,484,12,3,7,22,494,506,50,25,83,19
18,1000,30,5.13,10.3,18,37,37,957,27,9,7,43,7.671391362,97,92,8.298054361,10.0700065,7.35601629,8.00627417,495,10,7,3,20,462,17,2,4,23,515,485,60,32,73,24
19,1000,30,5.13,10.3,18,37,36,961,21,8,10,39,7.597011204,117,100,8.615117759,10.61470003,7.259634434,7.916009472,473,5,3,5,13,488,16,5,5,26,486,514,71,29,97,20
20,1000,30,5.13,10.3,18,37,35,960,25,9,6,40,7.727714354,104,93,8.550419074,10.85273919,7.508869845,7.941368874,480,9,2,3,14,480,16,7,3,26,494,506,70,23,85,19
22,1000,30,5.13,10.3,18,37,30,950,32,8,10,50,7.771437435,117,87,8.262859846,10.37228232,7.614708602,7.919036433,462,18,3,2,23,488,14,5,8,27,485,515,53,34,91,26
21,1000,30,5.13,10.3,18,37,32,947,31,9,13,53,7.925880651,111,94,8.259012845,10.6214035,7.825103373,8.014891091,444,14,5,6,25,503,17,4,7,28,469,531,64,30,83,28
17,1000,30,5.13,10.3,18,37,38,950,26,17,7,50,7.708144557,103,92,8.394502566,11.00558825,7.573954688,7.843954424,479,14,6,4,24,471,12,11,3,26,503,497,59,33,79,24
23,1000,30,5.13,10.3,18,37,28,958,23,8,11,42,7.710657696,113,94,8.001376939,9.780496426,7.832602507,7.591604857,474,10,5,5,20,484,13,3,6,22,494,506,59,35,74,39
19,1000,30,5.13,10.3,18,37,37,960,22,8,10,40,7.595400677,126,106,8.651059474,10.6718417,7.275996267,7.897405625,472,6,3,5,14,488,16,5,5,26,486,514,79,27,109,17
18,1000,30,5.13,10.3,18,37,38,957,26,10,7,43,7.711079712,96,89,8.335389533,10.14860137,7.392696118,8.049157137,495,10,7,3,20,462,16,3,4,23,515,485,58,31,73,23
24,1000,30,5.13,10.3,18,37,3,963,20,9,8,37,6.772505706,95,81,7.631250646,8.809356058,6.156644327,7.359498582,478,5,3,2,10,485,15,6,6,27,488,512,46,35,69,26
20,1000,30,5.13,10.3,18,37,36,960,25,9,6,40,7.714744363,123,74,8.579064028,10.91293407,7.484546691,7.939482801,480,9,2,3,14,480,16,7,3,26,494,506,52,22,97,26
21,1000,30,5.13,10.3,18,37,33,947,32,9,12,53,7.948315474,124,102,8.282074404,10.66317405,7.860232876,8.026113475,444,14,5,6,25,503,18,4,6,28,469,531,64,38,99,25
22,1000,30,5.13,10.3,18,37,31,949,33,8,10,51,7.802231743,98,89,8.263999213,10.3928027,7.648013141,7.947466736,461,19,3,2,24,488,14,5,8,27,485,515,60,29,78,20
17,1000,30,5.13,10.3,18,37,39,950,27,16,7,50,7.703458351,117,81,8.401346533,11.04851639,7.57029552,7.838228781,480,14,5,4,23,470,13,11,3,27,503,497,45,36,93,24
19,1000,30,5.13,10.3,18,37,38,959,24,8,9,41,7.577255932,122,81,8.68880715,10.73227217,7.277566753,7.860619631,472,6,3,5,14,487,18,5,4,27,486,514,56,25,101,21
23,1000,30,5.13,10.3,18,37,29,957,25,8,10,43,7.703973547,108,90,8.030608249,9.833264912,7.823849668,7.586940338,472,13,5,4,22,485,12,3,6,21,494,506,68,22,82,26
18,1000,30,5.13,10.3,18,37,39,959,24,10,7,41,7.68434715,105,93,8.37435743,10.22763209,7.394305288,7.992329746,495,9,8,3,20,464,15,2,4,21,515,485,64,29,84,21
24,1000,30,5.13,10.3,18,37,4,964,20,9,7,36,6.777087275,114,84,7.650408902,8.846665821,6.183210438,7.343126135,479,4,3,2,9,485,16,6,5,27,488,512,44,40,67,47
20,1000,30,5.13,10.3,18,37,37,963,24,8,5,37,7.70068085,116,99,8.632687096,10.96402341,7.521553723,7.875559903,480,9,2,3,14,483,15,6,2,23,494,506,61,38,98,18
21,1000,30,5.13,10.3,18,37,34,948,30,10,12,52,7.964658972,129,83,8.314112174,10.74577528,7.892167889,8.028685937,444,14,5,6,25,504,16,5,6,27,469,531,64,19,105,24
22,1000,30,5.13,10.3,18,37,32,951,32,7,10,49,7.815679084,100,85,8.292607166,10.44668571,7.711317787,7.913961082,461,19,3,2,24,490,13,4,8,25,485,515,56,29,77,23
17,1000,30,5.13,10.3,18,37,40,950,27,16,7,50,7.726607554,98,87,8.443138579,11.11511667,7.595097113,7.859705645,480,14,5,4,23,470,13,11,3,27,503,497,65,22,72,26
19,1000,30,5.13,10.3,18,37,39,959,23,9,9,41,7.593425289,129,91,8.724934016,10.81248625,7.308462996,7.862864343,472,6,3,5,14,487,17,6,4,27,486,514,60,31,107,22
23,1000,30,5.13,10.3,18,37,30,955,27,8,10,45,7.738478172,98,86,8.060460938,9.857011776,7.894801687,7.585861935,470,15,5,4,24,485,12,3,6,21,494,506,54,32,79,19
18,1000,30,5.13,10.3,18,37,40,962,21,10,7,38,7.666568344,99,96,8.389341299,10.27094633,7.392472434,7.957618639,496,8,8,3,19,466,13,2,4,19,515,485,60,36,78,21
20,1000,30,5.13,10.3,18,37,38,964,23,8,5,36,7.679172166,117,90,8.668657922,11.0445714,7.530405052,7.824411207,480,9,2,3,14,484,14,6,2,22,494,506,61,29,101,16
24,1000,30,5.13,10.3,18,37,5,964,20,9,7,36,6.786538316,103,79,7.664047247,8.889614085,6.220861932,7.32569862,479,4,3,2,9,485,16,6,5,27,488,512,46,33,78,25
21,1000,30,5.13,10.3,18,37,35,949,30,10,11,51,7.943352789,114,83,8.368230153,10.83838924,7.913137093,7.970040475,444,14,5,6,25,505,16,5,5,26,469,531,54,29,91,23
22,1000,30,5.13,10.3,18,37,33,950,32,8,10,50,7.862815721,94,102,8.330236088,10.50216987,7.77355933,7.94687271,461,18,4,2,24,489,14,4,8,26,485,515,71,31,70,24
17,1000,30,5.13,10.3,18,37,41,952,26,15,7,48,7.713654555,116,108,8.476878518,11.18164212,7.628734595,7.799599707,480,14,5,4,23,472,12,10,3,25,503,497,64,44,90,26
19,1000,30,5.13,10.3,18,37,40,961,23,7,9,39,7.612480914,121,88,8.783339441,10.906331,7.354655595,7.856261274,472,6,3,5,14,489,17,4,4,25,486,514,65,23,88,33
18,1000,30,5.13,10.3,18,37,41,963,20,10,7,37,7.689253963,100,93,8.416911333,10.33159685,7.441811036,7.952002638,496,8,8,3,19,467,12,2,4,18,515,485,63,30,74,26
23,1000,30,5.13,10.3,18,37,31,956,25,9,10,44,7.767513735,97,88,8.080233375,9.881985972,7.917085499,7.621489127,471,14,5,4,23,485,11,4,6,21,494,506,60,28,79,18
20,1000,30,5.13,10.3,18,37,39,965,23,7,5,35,7.660799546,125,94,8.704379946,11.12199965,7.560075921,7.759134469,480,9,2,3,14,485,14,5,2,21,494,506,68,26,97,28
21,1000,30,5.13,10.3,18,37,36,950,30,9,11,50,7.983920927,124,100,8.38182163,10.8770138,7.981610619,7.985961482,443,15,5,6,26,507,15,4,5,24,469,531,73,27,87,37
22,1000,30,5.13,10.3,18,37,34,951,31,8,10,49,7.858622888,116,84,8.358250571,10.54452129,7.803774904,7.910275845,461,18,4,2,24,490,13,4,8,25,485,515,56,28,85,31
24,1000,30,5.13,10.3,18,37,6,963,21,9,7,37,6.813535703,91,83,7.696311056,8.938770907,6.239873242,7.360307737,478,5,3,2,10,485,16,6,5,27,488,512,40,43,75,16
17,1000,30,5.13,10.3,18,37,42,954,25,14,7,46,7.679815835,103,90,8.536469313,11.28241179,7.631269261,7.728948484,480,14,5,4,23,474,11,9,3,23,503,497,62,28,79,24
19,1000,30,5.13,10.3,18,37,41,961,23,7,9,39,7.644870678,100,79,8.877695422,11.03071449,7.434020028,7.8442353,472,6,3,5,14,489,17,4,4,25,486,514,60,19,74,26
23,1000,30,5.13,10.3,18,37,32,956,24,10,10,44,7.797634388,98,88,8.084436899,9.932104406,7.963883464,7.635327977,471,14,5,4,23,485,10,5,6,21,494,506,53,35,81,17
18,1000,30,5.13,10.3,18,37,42,964,20,9,7,36,7.682384165,107,106,8.46801693,10.39625766,7.4642462,7.914015201,496,8,8,3,19,468,12,1,4,17,515,485,75,31,82,25
20,1000,30,5.13,10.3,18,37,40,964,25,6,5,36,7.68498566,124,86,8.727172254,11.17794658,7.620315085,7.748122546,480,9,2,3,14,484,16,4,2,22,494,506,59,27,105,19
21,1000,30,5.13,10.3,18,37,37,951,29,9,11,49,8.015465656,109,99,8.406908336,10.940361,8.015360351,8.015558665,444,14,5,6,25,507,15,4,5,24,469,531,67,32,80,29
22,1000,30,5.13,10.3,18,37,35,952,30,9,9,48,7.861043656,111,90,8.391419553,10.61068286,7.856469659,7.865351207,460,18,5,2,25,492,12,4,7,23,485,515,54,36,89,22
17,1000,30,5.13,10.3,18,37,43,954,26,13,7,46,7.719976468,107,100,8.587104734,11.38170616,7.73816938,7.701563922,480,15,4,4,23,474,11,9,3,23,503,497,67,33,91,16
24,1000,30,5.13,10.3,18,37,7,963,21,9,7,37,6.859713971,92,78,7.694323309,8.973718591,6.298761893,7.39437142,478,5,3,2,10,485,16,6,5,27,488,512,49,29,63,29
19,1000,30,5.13,10.3,18,37,42,961,24,7,8,39,7.634292067,114,91,8.901731948,11.11577248,7.416406654,7.840308236,472,7,3,4,14,489,17,4,4,25,486,514,69,22,100,14
18,1000,30,5.13,10.3,18,37,43,964,20,9,7,36,7.685128687,108,87,8.518247259,10.46786698,7.505013782,7.876384719,496,8,8,3,19,468,12,1,4,17,515,485,59,28,86,22
23,1000,30,5.13,10.3,18,37,33,958,23,9,10,42,7.840402089,88,68,8.114535034,10.00640852,8.014755252,7.670183785,471,14,5,4,23,487,9,4,6,19,494,506,52,16,65,23
20,1000,30,5.13,10.3,18,37,41,963,27,5,5,37,7.715262704,121,89,8.768110253,11.24597249,7.659132356,7.770061897,480,9,2,3,14,483,18,3,2,23,494,506,60,29,99,22
21,1000,30,5.13,10.3,18,37,38,951,30,8,11,49,8.005100549,106,77,8.44154982,10.98920394,8.014935262,7.996414146,445,13,5,6,24,506,17,3,5,25,469,531,58,19,86,20
22,1000,30,5.13,10.3,18,37,36,951,32,9,8,49,7.857326321,115,67,8.436485031,10.6622794,7.917354043,7.80079536,458,20,5,2,27,493,12,4,6,22,485,515,49,18,82,33
17,1000,30,5.13,10.3,18,37,44,953,26,14,7,47,7.735825524,130,82,8.62780559,11.43186609,7.789750681,7.68124936,480,15,4,4,23,473,11,10,3,24,503,497,54,28,104,26
19,1000,30,5.13,10.3,18,37,43,962,24,7,7,38,7.696503821,116,79,8.924039855,11.15190559,7.486372744,7.895188069,473,7,3,3,13,489,17,4,4,25,486,514,54,25,91,25
24,1000,30,5.13,10.3,18,37,8,964,22,8,6,36,6.855751586,87,82,7.691855084,8.980855579,6.319453309,7.36691088,478,5,3,2,10,486,17,5,4,26,488,512,47,35,62,25
18,1000,30,5.13,10.3,18,37,44,961,23,10,6,39,7.710529242,104,98,8.511572075,10.49521565,7.554763262,7.875930231,494,10,8,3,21,467,13,2,3,18,515,485,64,34,81,23
23,1000,30,5.13,10.3,18,37,34,960,21,8,11,40,7.851810091,96,76,8.146958537,10.04388401,8.073615201,7.635265181,471,14,4,5,23,489,7,4,6,17,494,506,57,19,76,20
20,1000,30,5.13,10.3,18,37,42,964,26,5,5,36,7.723171603,116,86,8.795426882,11.30663507,7.701012707,7.744804991,480,9,2,3,14,484,17,3,2,22,494,506,59,27,93,23
21,1000,30,5.13,10.3,18,37,39,951,30,8,11,49,7.994389659,106,89,8.486100763,11.05640926,8.070189528,7.927440245,444,14,5,6,25,507,16,3,5,24,469,531,56,33,89,17
22,1000,30,5.13,10.3,18,37,37,952,31,9,8,48,7.864489575,117,77,8.458413018,10.71469999,7.929970458,7.802823112,459,19,5,2,26,493,12,4,6,22,485,515,57,20,87,30
17,1000,30,5.13,10.3,18,37,45,954,24,15,7,46,7.721087558,119,99,8.646474465,11.48451851,7.776870777,7.6646309,481,14,4,4,22,473,10,11,3,24,503,497,72,27,98,21
19,1000,30,5.13,10.3,18,37,44,963,23,8,6,37,7.694581716,114,108,8.9717507,11.23779301,7.498391774,7.880084269,473,7,3,3,13,490,16,5,3,24,486,514,77,31,95,19
18,1000,30,5.13,10.3,18,37,45,960,24,10,6,40,7.755920574,96,91,8.542935762,10.57336389,7.654877275,7.863213974,493,11,8,3,22,467,13,2,3,18,515,485,61,30,80,16
23,1000,30,5.13,10.3,18,37,35,958,23,8,11,42,7.88949469,116,69,8.168825877,10.05271352,8.112152034,7.672117757,470,15,4,5,24,488,8,4,6,18,494,506,47,22,90,26
24,1000,30,5.13,10.3,18,37,9,963,23,8,6,37,6.876674844,107,84,7.707295468,8.988831531,6.338819254,7.389318452,478,5,3,2,10,485,18,5,4,27,488,512,60,24,79,28
20,1000,30,5.13,10.3,18,37,43,964,26,5,5,36,7.709794777,108,83,8.836793145,11.35896883,7.682591703,7.736352718,481,8,2,3,13,483,18,3,2,23,494,506,62,21,82,26
21,1000,30,5.13,10.3,18,37,40,952,29,8,11,48,8.010188341,117,79,8.518754024,11.09681482,8.094385473,7.935822136,446,12,5,6,23,506,17,3,5,25,469,531,65,14,98,19
17,1000,30,5.13,10.3,18,37,46,952,26,16,6,48,7.762490997,91,94,8.6896635,11.58127251,7.831964009,7.692179275,480,15,5,3,23,472,11,11,3,25,503,497,70,24,74,17
22,1000,30,5.13,10.3,18,37,38,951,32,9,8,49,7.903268741,114,94,8.478002095,10.76112512,7.988731426,7.822784465,458,20,5,2,27,493,12,4,6,22,485,515,66,28,95,19
19,1000,30,5.13,10.3,18,37,45,963,23,8,6,37,7.755264527,122,98,9.026587786,11.32098019,7.546099106,7.953035723,473,7,3,3,13,490,16,5,3,24,486,514,68,30,97,25
18,1000,30,5.13,10.3,18,37,46,960,23,11,6,40,7.746178498,115,103,8.604059466,10.68898583,7.679166202,7.817335884,493,10,9,3,22,467,13,2,3,18,515,485,70,33,90,25
23,1000,30,5.13,10.3,18,37,36,959,22,8,11,41,7.899019183,109,104,8.227472591,10.0948763,8.153292496,7.650776066,470,15,4,5,24,489,7,4,6,17,494,506,67,37,86,23
24,1000,30,5.13,10.3,18,37,10,963,23,8,6,37,6.900334242,98,87,7.708619626,9.013391893,6.394664089,7.382301106,477,6,3,2,11,486,17,5,4,26,488,512,51,36,70,28
20,1000,30,5.13,10.3,18,37,44,964,27,4,5,36,7.739288911,122,89,8.908814483,11.48105064,7.72660948,7.751667644,481,9,1,3,13,483,18,3,2,23,494,506,65,24,98,24
21,1000,30,5.13,10.3,18,37,41,953,28,8,11,47,8.02375753,123,102,8.577262188,11.18674638,8.124140651,7.935095226,447,11,5,6,22,506,17,3,5,25,469,531,71,31,99,24
17,1000,30,5.13,10.3,18,37,47,952,26,16,6,48,7.767423746,126,95,8.716809034,11.65594891,7.864051228,7.669629734,480,15,5,3,23,472,11,11,3,25,503,497,60,35,100,26
22,1000,30,5.13,10.3,18,37,39,953,30,9,8,47,7.929637846,94,87,8.522563019,10.81217822,8.064010082,7.803093118,458,20,5,2,27,495,10,4,6,20,485,515,58,29,79,15
19,1000,30,5.13,10.3,18,37,46,963,23,8,6,37,7.761134785,107,106,9.049997745,11.3580834,7.581181998,7.931284698,473,7,3,3,13,490,16,5,3,24,486,514,76,30,93,14
18,1000,30,5.13,10.3,18,37,47,961,24,9,6,39,7.767891317,91,90,8.677906975,10.79697999,7.711243297,7.828043338,492,11,9,3,23,469,13,0,3,16,515,485,59,31,73,18
23,1000,30,5.13,10.3,18,37,37,960,21,7,12,40,7.922565488,101,90,8.241270313,10.13468572,8.209842018,7.64210184,470,15,3,6,24,490,6,4,6,16,494,506,62,28,71,30
20,1000,30,5.13,10.3,18,37,45,965,26,4,5,35,7.72137532,116,101,8.986665934,11.55721449,7.729459031,7.713483317,481,9,1,3,13,484,17,3,2,22,494,506,76,25,98,18
24,1000,30,5.13,10.3,18,37,11,962,24,8,6,38,6.90121711,101,95,7.73067512,9.040095838,6.411909712,7.367588224,477,6,3,2,11,485,18,5,4,27,488,512,57,38,69,32
21,1000,30,5.13,10.3,18,37,42,953,28,7,12,47,8.048569807,122,108,8.609229685,11.24570997,8.187904683,7.925503787,446,11,5,7,23,507,17,2,5,24,469,531,79,29,96,26
17,1000,30,5.13,10.3,18,37,48,951,27,16,6,49,7.772797445,129,93,8.758546576,11.74355995,7.871664537,7.672736786,480,15,5,3,23,471,12,11,3,26,503,497,65,28,98,31
22,1000,30,5.13,10.3,18,37,40,953,31,8,8,47,7.969118255,108,80,8.532713307,10.85021449,8.105013871,7.84113889,459,20,4,2,26,494,11,4,6,21,485,515,58,22,90,18
19,1000,30,5.13,10.3,18,37,47,963,23,8,6,37,7.808465214,129,81,9.154070511,11.49395239,7.661902493,7.947043973,473,7,3,3,13,490,16,5,3,24,486,514,66,15,101,28
18,1000,30,5.13,10.3,18,37,48,958,27,9,6,42,7.817111223,110,92,8.728408271,10.91078906,7.765205442,7.872227671,491,12,9,3,24,467,15,0,3,18,515,485,64,28,85,25
23,1000,30,5.13,10.3,18,37,38,959,22,7,12,41,7.937242537,103,78,8.257368242,10.17000893,8.252493697,7.629467688,469,16,3,6,25,490,6,4,6,16,494,506,58,20,76,27
20,1000,30,5.13,10.3,18,37,46,963,28,4,5,37,7.758312471,120,95,9.05015519,11.61786763,7.773527172,7.743458593,479,11,1,3,15,484,17,3,2,22,494,506,66,29,95,25
21,1000,30,5.13,10.3,18,37,43,952,29,7,12,48,8.077437627,127,97,8.65265326,11.30324629,8.233182465,7.939877686,446,11,5,7,23,506,18,2,5,25,469,531,69,28,113,14
17,1000,30,5.13,10.3,18,37,49,952,27,14,7,48,7.774613065,109,101,8.812503291,11.8241875,7.886708982,7.661163877,480,15,5,3,23,472,12,9,4,25,503,497,72,29,90,19
24,1000,30,5.13,10.3,18,37,12,964,22,8,6,36,6.917352082,105,93,7.742230503,9.071127923,6.427133764,7.384591417,477,6,3,2,11,487,16,5,4,25,488,512,57,36,76,29
22,1000,30,5.13,10.3,18,37,41,954,30,7,9,46,7.950926442,129,100,8.580019536,10.93575271,8.180806895,7.734437084,459,20,3,3,26,495,10,4,6,20,485,515,69,31,106,23
19,1000,30,5.13,10.3,18,37,48,964,22,9,5,36,7.806115975,118,87,9.211566103,11.58079364,7.73799837,7.870522894,472,8,3,3,14,492,14,6,2,22,486,514,64,23,93,25
18,1000,30,5.13,10.3,18,37,49,957,27,9,7,43,7.850970113,109,99,8.820784377,11.03283958,7.812321741,7.892009106,490,13,8,4,25,467,14,1,3,18,515,485,72,27,86,23
23,1000,30,5.13,10.3,18,37,39,958,22,8,12,42,7.981553188,119,70,8.301651767,10.24539588,8.34883697,7.622979694,468,16,4,6,26,490,6,4,6,16,494,506,54,16,92,27
20,1000,30,5.13,10.3,18,37,47,965,26,4,5,35,7.791625882,135,97,9.107183063,11.69307786,7.856934773,7.727865818,479,11,1,3,15,486,15,3,2,20,494,506,68,29,115,20
21,1000,30,5.13,10.3,18,37,44,951,30,7,12,49,8.073385942,129,87,8.680991487,11.37100818,8.227779629,7.93701939,446,11,5,7,23,505,19,2,5,26,469,531,64,23,99,30
17,1000,30,5.13,10.3,18,37,50,954,27,13,6,46,7.766545834,133,87,8.840842764,11.90550964,7.920383575,7.610850897,480,15,5,3,23,474,12,8,3,23,503,497,60,27,113,20
22,1000,30,5.13,10.3,18,37,42,955,28,7,10,45,7.946422617,108,79,8.620619801,10.97909657,8.179798164,7.726641762,460,19,3,3,25,495,9,4,7,20,485,515,58,21,86,22
19,1000,30,5.13,10.3,18,37,49,963,23,9,5,37,7.838836352,124,87,9.25642125,11.66482846,7.811108123,7.865054094,471,9,3,3,15,492,14,6,2,22,486,514,63,24,105,19
24,1000,30,5.13,10.3,18,37,13,964,23,8,5,36,6.961966859,88,81,7.774545702,9.145884766,6.503432597,7.399007328,477,6,3,2,11,487,17,5,3,25,488,512,43,38,64,24
18,1000,30,5.13,10.3,18,37,50,958,26,10,6,42,7.861835991,113,85,8.874965632,11.07353858,7.850390038,7.873989941,490,12,9,4,25,468,14,1,2,17,515,485,59,26,91,22
23,1000,30,5.13,10.3,18,37,40,958,22,8,12,42,7.984865527,110,84,8.34203489,10.30201448,8.361207765,7.617448402,468,16,4,6,26,490,6,4,6,16,494,506,56,28,79,31
20,1000,30,5.13,10.3,18,37,48,964,28,4,4,36,7.813207737,125,104,9.154052291,11.81538072,7.897907444,7.730516719,479,12,1,2,15,485,16,3,2,21,494,506,76,28,92,33
17,1000,30,5.13,10.3,18,37,51,952,29,13,6,48,7.772465657,112,97,8.887380346,11.97602802,7.930888444,7.612130322,479,16,5,3,24,473,13,8,3,24,503,497,72,25,88,24
21,1000,30,5.13,10.3,18,37,45,951,29,8,12,49,8.102167471,136,95,8.715937095,11.45629481,8.25901933,7.963629765,446,11,5,7,23,505,18,3,5,26,469,531,69,26,108,28
22,1000,30,5.13,10.3,18,37,43,956,27,7,10,44,7.924179465,113,96,8.670535428,11.09792126,8.183720395,7.679757424,461,18,3,3,24,495,9,4,7,20,485,515,68,28,89,24
19,1000,30,5.13,10.3,18,37,50,962,23,10,5,38,7.871916204,133,91,9.344921645,11.76688607,7.876027589,7.868028786,471,9,3,3,15,491,14,7,2,23,486,514,65,26,113,20
24,1000,30,5.13,10.3,18,37,14,966,21,9,4,34,6.994399768,100,74,7.797719666,9.199395088,6.567911087,7.400896792,477,6,3,2,11,489,15,6,2,23,488,512,48,26,71,29
18,1000,30,5.13,10.3,18,37,51,957,27,10,6,43,7.89366459,121,83,8.935186458,11.14221403,7.894084107,7.893219123,490,12,9,4,25,467,15,1,2,18,515,485,63,20,95,26
23,1000,30,5.13,10.3,18,37,41,957,22,9,12,43,8.042884385,113,106,8.369128617,10.338948,8.431413053,7.663569836,468,17,4,5,26,489,5,5,7,17,494,506,69,37,89,24
20,1000,30,5.13,10.3,18,37,49,965,27,4,4,35,7.828230425,122,86,9.219676425,11.92300209,7.911753881,7.746687763,480,11,1,2,14,485,16,3,2,21,494,506,63,23,100,22
17,1000,30,5.13,10.3,18,37,52,951,30,13,6,49,7.80489428,119,93,8.933391915,12.05373434,7.994342527,7.613158931,477,17,6,3,26,474,13,7,3,23,503,497,64,29,104,15
21,1000,30,5.13,10.3,18,37,46,953,29,7,11,47,8.093483282,135,94,8.744732566,11.50937337,8.327490813,7.886798663,445,12,5,7,24,508,17,2,4,23,469,531,62,32,111,24
22,1000,30,5.13,10.3,18,37,44,956,27,7,10,44,7.944500115,124,93,8.730121337,11.18349505,8.23849261,7.667633396,461,18,3,3,24,495,9,4,7,20,485,515,69,24,105,19
19,1000,30,5.13,10.3,18,37,51,961,24,10,5,39,7.857867181,140,101,9.426859806,11.88810835,7.885653537,7.831594479,470,10,3,3,16,491,14,7,2,23,486,514,72,29,121,19
18,1000,30,5.13,10.3,18,37,52,956,28,10,6,44,7.896113946,114,83,8.992996949,11.24701434,7.920873996,7.869822347,490,12,9,4,25,466,16,1,2,19,515,485,52,31,94,20
24,1000,30,5.13,10.3,18,37,15,968,20,7,5,32,7.021673821,81,70,7.819459274,9.232921506,6.631762906,7.393307662,477,6,3,2,11,491,14,4,3,21,488,512,41,29,55,26
23,1000,30,5.13,10.3,18,37,42,956,23,9,12,44,8.084502957,110,72,8.386479592,10.38091472,8.478818697,7.699538578,467,18,4,5,27,489,5,5,7,17,494,506,52,20,87,23
20,1000,30,5.13,10.3,18,37,50,964,28,4,4,36,7.859324267,122,96,9.289776709,12.06912828,7.95094548,7.76987589,479,12,1,2,15,485,16,3,2,21,494,506,74,22,91,31
17,1000,30,5.13,10.3,18,37,53,953,29,12,6,47,7.786310598,146,87,8.976652023,12.14938897,8.015829377,7.554020968,477,17,6,3,26,476,12,6,3,21,503,497,65,22,130,16
21,1000,30,5.13,10.3,18,37,47,953,29,7,11,47,8.118756585,129,105,8.770812315,11.60874316,8.357884326,7.907549597,445,12,5,7,24,508,17,2,4,23,469,531,77,28,107,22
19,1000,30,5.13,10.3,18,37,52,961,24,10,5,39,7.867520541,129,96,9.492839101,12.0191433,7.894301425,7.842198539,470,10,3,3,16,491,14,7,2,23,486,514,68,28,111,18
22,1000,30,5.13,10.3,18,37,45,957,26,7,10,43,7.953445164,131,76,8.754135992,11.23252197,8.257600148,7.667007946,462,17,3,3,23,495,9,4,7,20,485,515,53,23,111,20
18,1000,30,5.13,10.3,18,37,53,956,28,10,6,44,7.893452054,137,105,9.051280063,11.34259375,7.932181878,7.852326571,490,12,9,4,25,466,16,1,2,19,515,485,77,28,109,28
23,1000,30,5.13,10.3,18,37,43,957,23,9,11,43,8.082779869,103,84,8.41668397,10.44314279,8.46301392,7.711563226,467,18,4,5,27,490,5,5,6,16,494,506,59,25,86,17
24,1000,30,5.13,10.3,18,37,16,969,20,6,5,31,7.072711034,81,76,7.83513197,9.271860958,6.724965012,7.404156461,477,6,3,2,11,492,14,3,3,20,488,512,49,27,64,17
20,1000,30,5.13,10.3,18,37,51,963,29,4,4,37,7.898437118,116,96,9.321367846,12.14994349,7.984901166,7.814023601,479,12,1,2,15,484,17,3,2,22,494,506,69,27,97,19
17,1000,30,5.13,10.3,18,37,54,953,29,12,6,47,7.810335347,118,97,8.998760106,12.18657282,8.074550177,7.5429308,477,17,6,3,26,476,12,6,3,21,503,497,71,26,100,18
21,1000,30,5.13,10.3,18,37,48,952,30,7,11,48,8.117428742,113,84,8.78623161,11.64002864,8.370931214,7.893525428,445,12,5,7,24,507,18,2,4,24,469,531,64,20,99,14
19,1000,30,5.13,10.3,18,37,53,961,24,10,5,39,7.88801309,143,105,9.612207972,12.13527427,7.890033039,7.886103177,470,10,3,3,16,491,14,7,2,23,486,514,85,20,116,27
22,1000,30,5.13,10.3,18,37,46,957,26,7,10,43,7.979260127,106,113,8.762986752,11.29098876,8.3199196,7.658444895,462,17,3,3,23,495,9,4,7,20,485,515,82,31,82,24
18,1000,30,5.13,10.3,18,37,54,957,27,10,6,43,7.89955086,125,104,9.100333065,11.4243771,7.956530605,7.839046594,490,12,9,4,25,467,15,1,2,18,515,485,74,30,107,18
23,1000,30,5.13,10.3,18,37,44,957,23,9,11,43,8.1169222,124,81,8.464067233,10.47552958,8.513955351,7.729304855,467,18,4,5,27,490,5,5,6,16,494,506,59,22,96,28
20,1000,30,5.13,10.3,18,37,52,961,30,5,4,39,7.927813803,131,100,9.359792266,12.22820421,8.065506342,7.793386699,477,13,2,2,17,484,17,3,2,22,494,506,78,22,113,18
24,1000,30,5.13,10.3,18,37,17,967,21,7,5,33,7.092825849,97,89,7.840274963,9.280625782,6.762384875,7.407777402,476,7,3,2,12,491,14,4,3,21,488,512,54,35,68,29
17,1000,30,5.13,10.3,18,37,55,952,30,12,6,48,7.834588065,139,102,9.04287499,12.24460528,8.110885113,7.554955439,477,17,6,3,26,475,13,6,3,22,503,497,82,20,116,23
21,1000,30,5.13,10.3,18,37,49,951,31,7,11,49,8.14221408,124,85,8.83811831,11.7056161,8.389575963,7.923734376,444,13,5,7,25,507,18,2,4,24,469,531,59,26,107,17
19,1000,30,5.13,10.3,18,37,54,960,23,12,5,40,7.885037156,139,108,9.732553226,12.36916634,7.91195294,7.859587602,470,10,3,3,16,490,13,9,2,24,486,514,90,18,112,27
22,1000,30,5.13,10.3,18,37,47,957,27,7,9,43,7.991178661,126,86,8.826987553,11.36325451,8.319512811,7.681970773,462,17,3,3,23,495,10,4,6,20,485,515,57,29,101,25
18,1000,30,5.13,10.3,18,37,55,956,28,11,5,44,7.9073353,110,94,9.14348742,11.52290585,7.997376325,7.811724728,489,12,10,4,26,467,16,1,1,18,515,485,67,27,89,21
23,1000,30,5.13,10.3,18,37,45,958,23,8,11,42,8.106663007,103,87,8.512932539,10.5038663,8.484857495,7.737437558,469,17,3,5,25,489,6,5,6,17,494,506,60,27,80,23
20,1000,30,5.13,10.3,18,37,53,958,33,5,4,42,7.981063335,129,90,9.42852753,12.3043093,8.126670256,7.838909543,475,15,2,2,19,483,18,3,2,23,494,506,66,24,101,28
17,1000,30,5.13,10.3,18,37,56,952,30,12,6,48,7.840821441,123,72,9.111700597,12.34566934,8.124924086,7.553288986,477,17,6,3,26,475,13,6,3,22,503,497,57,15,91,32
21,1000,30,5.13,10.3,18,37,50,951,32,7,10,49,8.125681344,120,96,8.894550134,11.79344249,8.402532904,7.881155201,444,13,5,7,25,507,19,2,3,24,469,531,71,25,96,24
24,1000,30,5.13,10.3,18,37,18,967,21,6,6,33,7.127518653,80,75,7.860662148,9.322839909,6.823006728,7.417756582,475,8,2,3,13,492,13,4,3,20,488,512,46,29,44,36
19,1000,30,5.13,10.3,18,37,55,960,24,12,4,40,7.899507302,134,100,9.817895274,12.53418122,7.945518797,7.85600227,470,10,3,3,16,490,14,9,1,24,486,514,73,27,106,28
22,1000,30,5.13,10.3,18,37,48,959,26,6,9,41,7.973318085,121,101,8.863547272,11.44301491,8.340436376,7.627585326,462,17,3,3,23,497,9,3,6,18,485,515,75,26,98,23
18,1000,30,5.13,10.3,18,37,56,956,28,11,5,44,7.919823887,113,100,9.177521623,11.59453246,8.051072584,7.780456714,488,13,10,4,27,468,15,1,1,17,515,485,78,22,94,19
23,1000,30,5.13,10.3,18,37,46,959,22,8,11,41,8.136364271,98,91,8.559483225,10.55360839,8.506088255,7.775408445,470,16,3,5,24,489,6,5,6,17,494,506,68,23,76,22
20,1000,30,5.13,10.3,18,37,54,958,32,6,4,42,8.005148782,119,93,9.480949349,12.38152974,8.171457683,7.842783967,475,15,2,2,19,483,17,4,2,23,494,506,68,25,107,12
17,1000,30,5.13,10.3,18,37,57,952,30,12,6,48,7.852893068,117,101,9.160907175,12.44175723,8.168768743,7.533204005,477,17,6,3,26,475,13,6,3,22,503,497,68,33,96,21
21,1000,30,5.13,10.3,18,37,51,951,32,7,10,49,8.137026567,116,95,8.922835534,11.86560998,8.421788318,7.885513834,443,14,5,7,26,508,18,2,3,23,469,531,71,24,90,26
19,1000,30,5.13,10.3,18,37,56,960,24,12,4,40,7.898796813,127,96,9.928903917,12.67645964,7.961910476,7.839121248,470,10,3,3,16,490,14,9,1,24,486,514,70,26,108,19
22,1000,30,5.13,10.3,18,37,49,960,25,6,9,40,8.020183519,119,77,8.903681191,11.50734612,8.367469944,7.693127371,463,16,3,3,22,497,9,3,6,18,485,515,58,19,100,19
24,1000,30,5.13,10.3,18,37,19,967,21,6,6,33,7.149240394,98,91,7.873596311,9.339048406,6.880984239,7.404922042,474,9,2,3,14,493,12,4,3,19,488,512,60,31,76,22
18,1000,30,5.13,10.3,18,37,57,954,29,11,6,46,7.925932646,130,101,9.292759833,11.70320864,8.08070585,7.761585843,488,13,10,4,27,466,16,1,2,19,515,485,75,26,101,29
23,1000,30,5.13,10.3,18,37,47,959,22,8,11,41,8.15496118,107,73,8.563215404,10.57959254,8.56546467,7.754192952,470,16,3,5,24,489,6,5,6,17,494,506,56,17,87,20
20,1000,30,5.13,10.3,18,37,55,958,32,5,5,42,8.01985083,145,96,9.542327004,12.49484379,8.251465611,7.793728889,475,15,1,3,19,483,17,4,2,23,494,506,69,27,122,23
17,1000,30,5.13,10.3,18,37,58,954,29,11,6,46,7.855733092,130,110,9.194902645,12.52136961,8.2083328,7.498876647,477,16,7,3,26,477,13,4,3,20,503,497,73,37,110,20
21,1000,30,5.13,10.3,18,37,52,950,33,7,10,50,8.141606766,151,101,8.965237574,11.93352373,8.447605643,7.871336571,443,14,5,7,26,507,19,2,3,24,469,531,73,28,127,24
19,1000,30,5.13,10.3,18,37,57,962,23,11,4,38,7.913569866,132,85,10.02518104,12.83206902,8.011229009,7.821230676,470,10,3,3,16,492,13,8,1,22,486,514,60,25,112,20
22,1000,30,5.13,10.3,18,37,50,961,24,6,9,39,8.020783062,119,104,8.967487522,11.54787587,8.385787251,7.677041253,463,15,4,3,22,498,9,2,6,17,485,515,80,24,100,19
24,1000,30,5.13,10.3,18,37,20,968,20,6,6,32,7.158166564,87,99,7.889423767,9.367708177,6.907491187,7.397091533,474,9,2,3,14,494,11,4,3,18,488,512,65,34,67,20
18,1000,30,5.13,10.3,18,37,58,954,29,11,6,46,7.929220286,149,95,9.399174456,11.84939085,8.074041682,7.775440866,488,13,10,4,27,466,16,1,2,19,515,485,73,22,110,39
23,1000,30,5.13,10.3,18,37,48,960,21,8,11,40,8.195758151,100,75,8.627019896,10.63061992,8.613380899,7.788039501,470,16,3,5,24,490,5,5,6,16,494,506,52,23,80,20
20,1000,30,5.13,10.3,18,37,56,958,32,5,5,42,8.005395224,127,96,9.57259122,12.53945595,8.247508022,7.769024232,475,15,1,3,19,483,17,4,2,23,494,506,75,21,105,22
17,1000,30,5.13,10.3,18,37,59,954,28,12,6,46,7.858065954,129,100,9.240554587,12.57164885,8.236252922,7.475313349,476,16,8,3,27,478,12,4,3,19,503,497,76,24,107,22
19,1000,30,5.13,10.3,18,37,58,962,23,10,5,38,7.914808981,135,103,10.15923271,13.05423824,8.010336733,7.824485076,470,10,3,3,16,492,13,7,2,22,486,514,85,18,118,17
21,1000,30,5.13,10.3,18,37,53,948,35,7,10,52,8.173138043,130,103,8.993580016,12.01315604,8.467003899,7.913584208,441,16,5,7,28,507,19,2,3,24,469,531,67,36,105,25
22,1000,30,5.13,10.3,18,37,51,962,23,6,9,38,7.983254146,113,98,9.019042611,11.61586903,8.369335702,7.619662777,463,15,4,3,22,499,8,2,6,16,485,515,64,34,92,21
24,1000,30,5.13,10.3,18,37,21,968,19,7,6,32,7.169493395,96,80,7.922495423,9.401546617,6.922214329,7.405181255,474,9,2,3,14,494,10,5,3,18,488,512,41,39,68,28
18,1000,30,5.13,10.3,18,37,59,954,29,11,6,46,7.96538457,119,109,9.463376842,11.95040037,8.131145833,7.789370034,487,14,10,4,28,467,15,1,2,18,515,485,75,34,100,19
20,1000,30,5.13,10.3,18,37,57,958,32,6,4,42,7.98891835,123,104,9.617646081,12.61228052,8.244685088,7.739217227,475,16,1,2,19,483,16,5,2,23,494,506,77,27,100,23
23,1000,30,5.13,10.3,18,37,49,961,21,7,11,39,8.209097792,105,82,8.687130085,10.70248729,8.643163903,7.785325739,471,16,2,5,23,490,5,5,6,16,494,506,61,21,84,21
17,1000,30,5.13,10.3,18,37,60,955,28,11,6,45,7.864575507,141,90,9.305682452,12.66943713,8.279367263,7.444776204,477,16,7,3,26,478,12,4,3,19,503,497,60,30,116,25
19,1000,30,5.13,10.3,18,37,59,963,22,10,5,37,7.920859092,126,95,10.27327282,13.24471096,8.021777806,7.825437896,471,9,3,3,15,492,13,7,2,22,486,514,77,18,105,21
21,1000,30,5.13,10.3,18,37,54,950,33,7,10,50,8.168975522,126,97,9.03802283,12.08924933,8.483931369,7.890794181,441,16,5,7,28,509,17,2,3,22,469,531,76,21,102,24
22,1000,30,5.13,10.3,18,37,52,962,23,6,9,38,8.002252455,120,94,9.068483214,11.70347914,8.407109893,7.620978945,463,15,4,3,22,499,8,2,6,16,485,515,67,27,103,17
18,1000,30,5.13,10.3,18,37,60,955,28,11,6,45,7.948150394,108,80,9.528196493,12.0411788,8.148589177,7.735313336,487,14,10,4,28,468,14,1,2,17,515,485,61,19,87,21
20,1000,30,5.13,10.3,18,37,58,959,31,6,4,41,7.970392768,129,111,9.710484025,12.70185523,8.272771502,7.675185072,475,16,1,2,19,484,15,5,2,22,494,506,85,26,114,15
24,1000,30,5.13,10.3,18,37,22,968,19,7,6,32,7.214948599,96,94,7.935919892,9.434506723,6.989505502,7.42982405,474,8,3,3,14,494,11,4,3,18,488,512,61,33,64,32
23,1000,30,5.13,10.3,18,37,50,960,21,8,11,40,8.246293784,97,86,8.738718329,10.75959745,8.662562121,7.839897422,471,16,2,5,23,489,5,6,6,17,494,506,64,22,78,19
17,1000,30,5.13,10.3,18,37,61,954,29,11,6,46,7.894196283,123,90,9.360520619,12.76150598,8.313623845,7.46970521,477,16,7,3,26,477,13,4,3,20,503,497,67,23,100,23
19,1000,30,5.13,10.3,18,37,60,962,23,10,5,38,7.931546889,141,100,10.3855114,13.45033579,8.051601001,7.818032689,471,9,3,3,15,491,14,7,2,23,486,514,78,22,113,28
21,1000,30,5.13,10.3,18,37,55,949,33,8,10,51,8.188460929,141,91,9.08636592,12.13618326,8.543568218,7.87481626,441,16,5,7,28,508,17,3,3,23,469,531,60,31,116,25
22,1000,30,5.13,10.3,18,37,53,963,23,5,9,37,8.007801853,133,90,9.112980891,11.81101491,8.442967653,7.597985517,464,15,3,3,21,499,8,2,6,16,485,515,68,22,110,23
18,1000,30,5.13,10.3,18,37,61,955,28,11,6,45,7.992072462,128,97,9.541197156,12.09814033,8.256309915,7.711490424,487,14,10,4,28,468,14,1,2,17,515,485,72,25,104,24
20,1000,30,5.13,10.3,18,37,59,960,30,6,4,40,7.986368231,135,100,9.81206171,12.90983585,8.324754682,7.656006755,475,16,1,2,19,485,14,5,2,21,494,506,72,28,110,25
23,1000,30,5.13,10.3,18,37,51,961,21,7,11,39,8.271152038,124,82,8.79619548,10.83556954,8.716434104,7.836430021,471,16,2,5,23,490,5,5,6,16,494,506,58,24,100,24
17,1000,30,5.13,10.3,18,37,62,955,28,11,6,45,7.915935321,141,106,9.428316822,12.85598203,8.359681626,7.466831919,477,16,7,3,26,478,12,4,3,19,503,497,79,27,124,17
24,1000,30,5.13,10.3,18,37,23,965,22,7,6,35,7.238856863,90,76,7.954555958,9.445378342,7.02747687,7.440328419,473,9,3,3,15,492,13,4,3,20,488,512,52,24,64,26
19,1000,30,5.13,10.3,18,37,61,962,23,10,5,38,7.959835697,135,96,10.51471848,13.56397523,8.118182033,7.810115232,471,9,3,3,15,491,14,7,2,23,486,514,72,24,121,14
21,1000,30,5.13,10.3,18,37,56,950,32,7,11,50,8.216122724,125,95,9.14236099,12.22757869,8.587466593,7.888137273,441,16,4,8,28,509,16,3,3,22,469,531,77,18,98,27
22,1000,30,5.13,10.3,18,37,54,963,23,5,9,37,8.004771005,125,95,9.160094825,11.85597185,8.450914104,7.584616824,464,15,3,3,21,499,8,2,6,16,485,515,78,17,105,20
18,1000,30,5.13,10.3,18,37,62,954,28,11,7,46,8.026235126,123,102,9.632089109,12.1904328,8.3219529,7.712225531,486,14,10,5,29,468,14,1,2,17,515,485,76,26,105,18
20,1000,30,5.13,10.3,18,37,60,959,31,6,4,41,8.027075558,125,112,9.948718435,13.06905788,8.365815628,7.69636885,475,16,1,2,19,484,15,5,2,22,494,506,79,33,106,19
23,1000,30,5.13,10.3,18,37,52,962,21,6,11,38,8.26004334,120,102,8.86474311,10.91619683,8.716674941,7.814240947,473,15,1,5,21,489,6,5,6,17,494,506,74,28,90,30
17,1000,30,5.13,10.3,18,37,63,954,29,11,6,46,7.933393011,126,80,9.484812381,12.9533173,8.410810988,7.450211436,476,17,7,3,27,478,12,4,3,19,503,497,60,20,105,21
19,1000,30,5.13,10.3,18,37,62,962,23,10,5,38,7.950703527,152,103,10.60879122,13.70763747,8.120597418,7.790064555,471,9,3,3,15,491,14,7,2,23,486,514,89,14,134,18
24,1000,30,5.13,10.3,18,37,24,965,22,7,6,35,7.229040852,105,100,7.992356729,9.505822145,7.03960526,7.409596651,472,10,3,3,16,493,12,4,3,19,488,512,56,44,77,28
21,1000,30,5.13,10.3,18,37,57,950,32,7,11,50,8.234477938,144,79,9.186341697,12.30205691,8.64532879,7.871598372,441,16,4,8,28,509,16,3,3,22,469,531,65,14,124,20
22,1000,30,5.13,10.3,18,37,55,962,24,5,9,38,8.022440302,107,85,9.197084439,11.94130926,8.488417111,7.583607774,463,16,3,3,22,499,8,2,6,16,485,515,71,14,89,18
18,1000,30,5.13,10.3,18,37,63,955,26,12,7,45,8.081419917,129,124,9.711996201,12.29083006,8.3519001,7.794209,486,14,10,5,29,469,12,2,2,16,515,485,96,28,104,25
20,1000,30,5.13,10.3,18,37,61,959,30,7,4,41,8.022199341,132,109,10.11230027,13.25434732,8.430020979,7.624049361,475,15,2,2,19,484,15,5,2,22,494,506,83,26,99,33
17,1000,30,5.13,10.3,18,37,64,954,29,11,6,46,7.935769743,147,85,9.574818774,13.07476299,8.436567366,7.428926272,476,17,7,3,27,478,12,4,3,19,503,497,65,20,123,24
23,1000,30,5.13,10.3,18,37,53,962,21,6,11,38,8.276104939,118,85,8.918087998,11.0104595,8.756839042,7.806771646,473,15,1,5,21,489,6,5,6,17,494,506,62,23,99,19
19,1000,30,5.13,10.3,18,37,63,961,24,10,5,39,7.975284598,153,109,10.78987006,14.00022152,8.198577833,7.764155196,470,10,3,3,16,491,14,7,2,23,486,514,83,26,133,20
21,1000,30,5.13,10.3,18,37,58,950,31,8,11,50,8.255415124,118,100,9.241375483,12.39692249,8.688746402,7.872679965,441,15,5,8,28,509,16,3,3,22,469,531,81,19,101,17
24,1000,30,5.13,10.3,18,37,25,965,21,7,7,35,7.245022876,109,95,8.008328322,9.53922094,7.067473713,7.414249423,472,9,3,4,16,493,12,4,3,19,488,512,70,25,84,25
22,1000,30,5.13,10.3,18,37,56,963,24,5,8,37,8.05350072,124,87,9.249128613,12.03219969,8.536186964,7.598932121,463,16,3,3,22,500,8,2,5,15,485,515,61,26,100,24
18,1000,30,5.13,10.3,18,37,64,953,28,12,7,47,8.086240667,127,112,9.770212111,12.39974078,8.367770639,7.787296469,486,14,10,5,29,467,14,2,2,18,515,485,82,30,109,18
20,1000,30,5.13,10.3,18,37,62,959,29,8,4,41,8.052432755,134,117,10.31244188,13.50990034,8.494666504,7.620686763,475,14,3,2,19,484,15,5,2,22,494,506,94,23,113,21
17,1000,30,5.13,10.3,18,37,65,954,29,11,6,46,7.949130047,139,106,9.669098219,13.24564714,8.480927201,7.410912806,476,17,7,3,27,478,12,4,3,19,503,497,82,24,113,26
23,1000,30,5.13,10.3,18,37,54,962,21,6,11,38,8.285824789,133,102,8.949286841,11.06949421,8.833728878,7.750914472,472,16,1,5,22,490,5,5,6,16,494,506,82,20,105,28
19,1000,30,5.13,10.3,18,37,64,961,24,10,5,39,8.002657972,121,105,10.94781295,14.2212439,8.286937415,7.733864569,470,10,3,3,16,491,14,7,2,23,486,514,83,22,103,18
21,1000,30,5.13,10.3,18,37,59,950,31,8,11,50,8.277377709,124,82,9.314830298,12.50369242,8.767912965,7.844117756,441,15,5,8,28,509,16,3,3,22,469,531,64,18,104,20
22,1000,30,5.13,10.3,18,37,57,965,22,5,8,35,8.04916147,108,96,9.282634542,12.07952886,8.543916966,7.583226682,464,15,3,3,21,501,7,2,5,14,485,515,72,24,81,27
24,1000,30,5.13,10.3,18,37,26,965,21,7,7,35,7.254693896,91,81,8.050494137,9.586465384,7.08028259,7.420929671,472,9,3,4,16,493,12,4,3,19,488,512,55,26,69,22
18,1000,30,5.13,10.3,18,37,65,953,28,12,7,47,8.100611044,145,99,9.845580387,12.49769771,8.400689485,7.781971049,486,14,10,5,29,467,14,2,2,18,515,485,76,23,117,28
20,1000,30,5.13,10.3,18,37,63,959,29,8,4,41,8.064385425,119,110,10.51750797,13.79890116,8.510163116,7.629179536,475,14,3,2,19,484,15,5,2,22,494,506,84,26,98,21
17,1000,30,5.13,10.3,18,37,66,955,28,11,6,45,7.92078546,157,97,9.731417638,13.36064845,8.500336423,7.334237906,476,17,7,3,27,479,11,4,3,18,503,497,69,28,133,24
23,1000,30,5.13,10.3,18,37,55,962,21,6,11,38,8.276436841,107,84,8.99581047,11.1265514,8.849331345,7.717128768,471,17,1,5,23,491,4,5,6,15,494,506,64,20,88,19
19,1000,30,5.13,10.3,18,37,65,960,25,10,5,40,8.020697816,141,110,11.1350771,14.47681249,8.328056631,7.730082283,469,11,3,3,17,491,14,7,2,23,486,514,87,23,127,14
21,1000,30,5.13,10.3,18,37,60,950,30,8,12,50,8.319752837,127,91,9.393395878,12.63030881,8.797852649,7.897476356,441,15,5,8,28,509,15,3,4,22,469,531,70,21,105,22
22,1000,30,5.13,10.3,18,37,58,965,22,5,8,35,8.070730622,120,92,9.331375624,12.17792049,8.570872848,7.599722895,464,15,3,3,21,501,7,2,5,14,485,515,73,19,96,24
24,1000,30,5.13,10.3,18,37,27,967,20,6,7,33,7.279504131,97,89,8.092065077,9.631610139,7.101663427,7.449008551,474,8,2,4,14,493,12,4,3,19,488,512,64,25,70,27
18,1000,30,5.13,10.3,18,37,66,953,28,12,7,47,8.094264859,144,109,9.90254063,12.61078142,8.409859499,7.759148901,486,14,10,5,29,467,14,2,2,18,515,485,82,27,118,26
20,1000,30,5.13,10.3,18,37,64,959,30,7,4,41,7.999539893,147,103,10.65944495,13.96731201,8.485466915,7.525136832,474,15,3,2,20,485,15,4,2,21,494,506,81,22,125,22
17,1000,30,5.13,10.3,18,37,67,956,27,10,7,44,7.936950064,140,104,9.797266434,13.44743055,8.511614927,7.355347598,477,16,7,3,26,479,11,3,4,18,503,497,82,22,120,20
23,1000,30,5.13,10.3,18,37,56,962,21,6,11,38,8.286805753,120,95,9.03999999,11.18863309,8.867154791,7.720219934,471,17,1,5,23,491,4,5,6,15,494,506,64,31,93,27
19,1000,30,5.13,10.3,18,37,66,961,25,9,5,39,8.060750929,133,110,11.44107974,14.82749227,8.382363763,7.756657861,469,11,3,3,17,492,14,6,2,22,486,514,83,27,118,15
21,1000,30,5.13,10.3,18,37,61,951,29,8,12,49,8.358671851,119,108,9.500441008,12.78292576,8.865799387,7.910756946,441,15,5,8,28,510,14,3,4,21,469,531,84,24,103,16
22,1000,30,5.13,10.3,18,37,59,965,22,5,8,35,8.1002367,119,101,9.390070932,12.23615163,8.621675077,7.609173374,464,15,3,3,21,501,7,2,5,14,485,515,73,28,103,16
18,1000,30,5.13,10.3,18,37,67,954,28,11,7,46,8.085934483,151,104,10.01026926,12.74853569,8.441531147,7.708342148,486,14,10,5,29,468,14,1,2,17,515,485,79,25,131,20
20,1000,30,5.13,10.3,18,37,65,958,31,6,5,42,8.006200136,145,106,11.08070995,14.44739819,8.484711667,7.539036705,474,15,2,3,20,484,16,4,2,22,494,506,88,18,121,24
24,1000,30,5.13,10.3,18,37,28,967,20,6,7,33,7.312999318,104,81,8.133603509,9.684692082,7.141437751,7.476518937,474,8,2,4,14,493,12,4,3,19,488,512,63,18,80,24
17,1000,30,5.13,10.3,18,37,68,957,26,10,7,43,7.933021713,138,111,9.863129712,13.52372697,8.51720658,7.341784313,477,16,7,3,26,480,10,3,4,17,503,497,86,25,119,19
23,1000,30,5.13,10.3,18,37,57,964,21,5,10,36,8.264980306,113,97,9.081030466,11.2501565,8.863896325,7.680267829,472,17,1,4,22,492,4,4,6,14,494,506,67,30,94,19
19,1000,30,5.13,10.3,18,37,67,961,25,9,5,39,8.080716354,142,122,11.62954777,15.09607763,8.404933625,7.774160725,469,11,3,3,17,492,14,6,2,22,486,514,94,28,131,11
21,1000,30,5.13,10.3,18,37,62,952,28,8,12,48,8.37369141,130,106,9.603699182,12.92871575,8.902017698,7.907052938,441,15,5,8,28,511,13,3,4,20,469,531,87,19,105,25
22,1000,30,5.13,10.3,18,37,60,963,24,5,8,37,8.096320792,122,104,9.439304486,12.32773042,8.654673584,7.570493406,463,16,3,3,22,500,8,2,5,15,485,515,81,23,99,23
18,1000,30,5.13,10.3,18,37,68,953,28,11,8,47,8.133491496,134,105,10.08922504,12.8658209,8.482420721,7.76297902,486,14,10,5,29,467,14,1,3,18,515,485,85,20,113,21
20,1000,30,5.13,10.3,18,37,66,960,30,5,5,40,7.964106759,146,115,11.5219379,14.94322589,8.501051631,7.439895758,474,14,3,3,20,486,16,2,2,20,494,506,88,27,128,18
17,1000,30,5.13,10.3,18,37,69,955,28,9,8,45,7.964948729,136,89,9.956211128,13.66246046,8.580428636,7.342038482,476,17,6,4,27,479,11,3,4,18,503,497,67,22,122,14
24,1000,30,5.13,10.3,18,37,29,967,19,6,8,33,7.33117235,111,76,8.172326214,9.740810261,7.171215959,7.483630785,474,8,2,4,14,493,11,4,4,19,488,512,49,27,88,23
19,1000,30,5.13,10.3,18,37,68,963,23,9,5,37,8.0682188,151,130,11.7795531,15.28610073,8.457702928,7.699951707,469,11,3,3,17,494,12,6,2,20,486,514,96,34,127,24
23,1000,30,5.13,10.3,18,37,58,963,22,5,10,37,8.27319003,110,106,9.149688999,11.32276992,8.908177633,7.653261421,471,18,1,4,23,492,4,4,6,14,494,506,74,32,93,17
21,1000,30,5.13,10.3,18,37,63,953,28,8,11,47,8.322378143,148,98,9.704669114,13.0615747,8.913330133,7.800426198,441,15,5,8,28,512,13,3,3,19,469,531,77,21,123,25
22,1000,30,5.13,10.3,18,37,61,964,23,5,8,36,8.113937988,139,97,9.515826354,12.42075275,8.710121339,7.552483764,463,16,3,3,22,501,7,2,5,14,485,515,73,24,112,27
18,1000,30,5.13,10.3,18,37,69,953,29,11,7,47,8.154681601,142,103,10.1889564,13.02703475,8.550745389,7.734119022,485,15,10,5,30,468,14,1,2,17,515,485,75,28,118,24
20,1000,30,5.13,10.3,18,37,67,960,30,5,5,40,7.979371459,136,120,11.9287252,15.41948884,8.534191856,7.437708858,474,14,3,3,20,486,16,2,2,20,494,506,102,18,107,29
17,1000,30,5.13,10.3,18,37,70,955,26,11,8,45,7.978432872,142,105,10.01333876,13.75269792,8.630554365,7.318438684,476,16,7,4,27,479,10,4,4,18,503,497,82,23,118,24
19,1000,30,5.13,10.3,18,37,69,963,23,9,5,37,8.117831573,135,121,12.01054984,15.62411486,8.505253088,7.751514733,469,11,3,3,17,494,12,6,2,20,486,514,92,29,120,15
23,1000,30,5.13,10.3,18,37,59,961,24,5,10,39,8.27075598,146,95,9.200246093,11.41360243,8.958315344,7.599502371,469,20,1,4,25,492,4,4,6,14,494,506,68,27,118,28
24,1000,30,5.13,10.3,18,37,30,968,19,7,6,32,7.348608306,119,89,8.194156034,9.795131728,7.213657218,7.477233563,474,8,3,3,14,494,11,4,3,18,488,512,56,33,90,29
21,1000,30,5.13,10.3,18,37,64,953,28,8,11,47,8.331340353,138,89,9.763179069,13.17214911,8.949605155,7.785264663,442,14,5,8,27,511,14,3,3,20,469,531,66,23,116,22
22,1000,30,5.13,10.3,18,37,62,964,22,6,8,36,8.106514814,118,107,9.599563447,12.52164199,8.684127707,7.562549274,463,16,3,3,22,501,6,3,5,14,485,515,79,28,97,21
18,1000,30,5.13,10.3,18,37,70,953,29,11,7,47,8.166832388,147,102,10.30035963,13.1321061,8.619713887,7.6859376,485,15,10,5,30,468,14,1,2,17,515,485,79,23,131,16
20,1000,30,5.13,10.3,18,37,68,961,29,5,5,39,7.96919624,130,112,12.53382031,16.12172674,8.527431938,7.424199333,474,14,3,3,20,487,15,2,2,19,494,506,90,22,111,19
17,1000,30,5.13,10.3,18,37,71,955,26,11,8,45,7.978425998,146,102,10.11074344,13.8960477,8.673488247,7.274972656,476,16,7,4,27,479,10,4,4,18,503,497,86,16,125,21
19,1000,30,5.13,10.3,18,37,70,964,22,9,5,36,8.173725828,124,124,12.12411317,15.80201761,8.583089689,7.786661943,469,11,3,3,17,495,11,6,2,19,486,514,100,24,109,15
23,1000,30,5.13,10.3,18,37,60,960,26,4,10,40,8.293465446,112,101,9.277792212,11.520182,9.026061758,7.57824296,468,21,1,4,26,492,5,3,6,14,494,506,73,28,91,21
24,1000,30,5.13,10.3,18,37,31,967,19,8,6,33,7.367587489,103,78,8.198926884,9.814564321,7.253436092,7.476388038,473,9,3,3,15,494,10,5,3,18,488,512,61,17,77,26
21,1000,30,5.13,10.3,18,37,65,956,27,7,10,44,8.339807275,146,102,9.842833454,13.32010106,9.049814393,7.712701177,442,14,5,8,27,514,13,2,2,17,469,531,85,17,120,26
22,1000,30,5.13,10.3,18,37,63,964,22,6,8,36,8.14164177,137,103,9.664457354,12.6060236,8.732513328,7.585189914,463,16,3,3,22,501,6,3,5,14,485,515,78,25,113,24
18,1000,30,5.13,10.3,18,37,71,953,29,11,7,47,8.181564803,136,114,10.42684616,13.27150863,8.69084422,7.640783566,484,16,10,5,31,469,13,1,2,16,515,485,86,28,112,24
20,1000,30,5.13,10.3,18,37,69,961,28,6,5,39,7.946485257,123,115,13.09209427,16.81462054,8.553109416,7.354247442,474,13,4,3,20,487,15,2,2,19,494,506,89,26,103,20
17,1000,30,5.13,10.3,18,37,72,956,26,10,8,44,7.991124481,152,87,10.20907879,14.05595739,8.69799314,7.275722197,476,16,7,4,27,480,10,3,4,17,503,497,66,21,135,17
19,1000,30,5.13,10.3,18,37,71,965,21,8,6,35,8.168111429,155,106,12.34594509,16.15654119,8.622579191,7.738400666,469,11,2,4,17,496,10,6,2,18,486,514,84,22,131,24
23,1000,30,5.13,10.3,18,37,61,960,27,4,9,40,8.331570972,111,113,9.341316639,11.60949585,9.060598289,7.619832839,468,21,1,4,26,492,6,3,5,14,494,506,84,29,91,20
21,1000,30,5.13,10.3,18,37,66,956,27,7,10,44,8.359806467,139,116,9.943667665,13.4483354,9.070718466,7.731901142,442,14,5,8,27,514,13,2,2,17,469,531,97,19,121,18
22,1000,30,5.13,10.3,18,37,64,963,23,6,8,37,8.111738614,141,100,9.755887999,12.74371543,8.739022599,7.520995443,463,16,3,3,22,500,7,3,5,15,485,515,79,21,122,19
24,1000,30,5.13,10.3,18,37,32,968,19,8,5,32,7.359199826,102,87,8.233047623,9.844629469,7.225444162,7.486685692,473,10,3,2,15,495,9,5,3,17,488,512,60,27,79,23
18,1000,30,5.13,10.3,18,37,72,952,30,11,7,48,8.189220407,146,105,10.53968351,13.40887032,8.73132185,7.613586917,483,17,10,5,32,469,13,1,2,16,515,485,86,19,121,25
20,1000,30,5.13,10.3,18,37,70,962,27,6,5,38,7.945164332,133,127,13.1933334,16.97635619,8.546651046,7.357942126,475,12,4,3,19,487,15,2,2,19,494,506,96,31,118,15
17,1000,30,5.13,10.3,18,37,73,957,25,10,8,43,8.032316191,152,117,10.32666389,14.19476694,8.766687879,7.289078848,477,15,7,4,26,480,10,3,4,17,503,497,90,27,135,17
19,1000,30,5.13,10.3,18,37,72,963,23,8,6,37,8.183441292,144,123,12.56846412,16.50783416,8.643354479,7.748581741,468,12,2,4,18,495,11,6,2,19,486,514,96,27,128,16
23,1000,30,5.13,10.3,18,37,62,960,27,5,8,40,8.31762398,126,102,9.409471755,11.68379655,9.085903281,7.567564742,468,21,1,4,26,492,6,4,4,14,494,506,75,27,105,21
21,1000,30,5.13,10.3,18,37,67,956,27,7,10,44,8.333717573,140,108,10.04153994,13.57445381,9.063502131,7.689143265,442,14,5,8,27,514,13,2,2,17,469,531,91,17,117,23
22,1000,30,5.13,10.3,18,37,65,964,23,6,7,36,8.080672794,130,100,9.851018203,12.89727907,8.773103015,7.428578313,463,16,3,3,22,501,7,3,4,14,485,515,81,19,103,27
18,1000,30,5.13,10.3,18,37,73,952,30,11,7,48,8.206708997,135,125,10.61535996,13.49692631,8.758054906,7.621259217,483,17,10,5,32,469,13,1,2,16,515,485,100,25,116,19
24,1000,30,5.13,10.3,18,37,33,968,18,9,5,32,7.379876559,102,102,8.261197682,9.910874601,7.267537319,7.486949898,473,9,4,2,15,495,9,5,3,17,488,512,70,32,78,24
20,1000,30,5.13,10.3,18,37,71,962,26,7,5,38,7.961050574,153,113,13.50299953,17.32140333,8.620064219,7.317665712,475,12,4,3,19,487,14,3,2,19,494,506,94,19,138,15
17,1000,30,5.13,10.3,18,37,74,957,25,10,8,43,8.04441466,142,109,10.42146477,14.31885499,8.830792708,7.248543115,477,15,7,4,26,480,10,3,4,17,503,497,87,22,125,17
19,1000,30,5.13,10.3,18,37,73,962,24,8,6,38,8.18935376,149,127,12.80254037,16.80327174,8.692980212,7.713162212,468,12,2,4,18,494,12,6,2,20,486,514,100,27,133,16
23,1000,30,5.13,10.3,18,37,63,960,27,5,8,40,8.304832421,121,94,9.469846258,11.76482655,9.117578222,7.511361224,467,22,1,4,27,493,5,4,4,13,494,506,68,26,107,14
21,1000,30,5.13,10.3,18,37,68,956,27,7,10,44,8.308548634,133,99,10.11049594,13.70370013,9.035128793,7.666804577,442,14,5,8,27,514,13,2,2,17,469,531,76,23,111,22
22,1000,30,5.13,10.3,18,37,66,965,22,6,7,35,8.091183064,128,95,9.933542427,13.00896935,8.75906619,7.462205751,464,15,3,3,21,501,7,3,4,14,485,515,74,21,107,21
18,1000,30,5.13,10.3,18,37,74,953,29,11,7,47,8.224601772,140,126,10.73670949,13.67934974,8.800456332,7.613127342,483,17,10,5,32,470,12,1,2,15,515,485,97,29,115,25
20,1000,30,5.13,10.3,18,37,72,960,28,7,5,40,7.974118421,147,117,13.89441635,17.78188988,8.633303467,7.330566223,475,12,4,3,19,485,16,3,2,21,494,506,94,23,121,26
24,1000,30,5.13,10.3,18,37,34,968,18,9,5,32,7.424292148,103,88,8.293477891,9.944678697,7.319166195,7.524490323,473,9,4,2,15,495,9,5,3,17,488,512,55,33,79,24
17,1000,30,5.13,10.3,18,37,75,958,25,10,7,42,8.023153134,142,102,10.51976646,14.46008034,8.850131189,7.186191441,477,15,7,4,26,481,10,3,3,16,503,497,89,13,121,21
19,1000,30,5.13,10.3,18,37,74,958,28,8,6,42,8.271190687,148,115,13.07480656,17.16883931,8.779418398,7.790648531,465,15,2,4,21,493,13,6,2,21,486,514,97,18,130,18
23,1000,30,5.13,10.3,18,37,64,961,26,5,8,39,8.28055008,122,111,9.515507674,11.85187672,9.138177173,7.443261969,467,22,1,4,27,494,4,4,4,12,494,506,87,24,101,21
21,1000,30,5.13,10.3,18,37,69,954,29,7,10,46,8.331956211,135,97,10.18376029,13.79529284,9.111159595,7.643733259,440,16,5,8,29,514,13,2,2,17,469,531,78,19,114,21
22,1000,30,5.13,10.3,18,37,67,963,24,6,7,37,8.110767963,134,115,9.99502201,13.12997526,8.806458948,7.455602666,463,16,3,3,22,500,8,3,4,15,485,515,88,27,119,15
18,1000,30,5.13,10.3,18,37,75,952,30,11,7,48,8.271114357,131,104,10.82278981,13.82110849,8.848919831,7.657568338,482,18,10,5,33,470,12,1,2,15,515,485,80,24,110,21
20,1000,30,5.13,10.3,18,37,73,961,27,7,5,39,7.96702611,173,108,14.28451483,18.25225574,8.676078,7.27478968,475,12,4,3,19,486,15,3,2,20,494,506,88,20,150,23
17,1000,30,5.13,10.3,18,37,76,958,24,10,8,42,8.044048973,157,101,10.63067607,14.6064679,8.922948469,7.154539021,477,14,7,5,26,481,10,3,3,16,503,497,82,19,139,18
24,1000,30,5.13,10.3,18,37,35,969,17,9,5,31,7.429640569,93,98,8.326059873,10.00643678,7.35995592,7.496058751,474,8,4,2,14,495,9,5,3,17,488,512,70,28,72,21
19,1000,30,5.13,10.3,18,37,75,957,29,8,6,43,8.286381835,156,115,13.6128162,17.77599436,8.815231312,7.786341279,465,15,2,4,21,492,14,6,2,22,486,514,96,19,139,17
23,1000,30,5.13,10.3,18,37,65,961,26,5,8,39,8.327310998,134,102,9.584237353,11.93585901,9.183432741,7.491492538,467,22,1,4,27,494,4,4,4,12,494,506,74,28,109,25
21,1000,30,5.13,10.3,18,37,70,953,29,8,10,47,8.345575481,152,111,10.31616367,13.9901365,9.125407335,7.65679744,440,15,6,8,29,513,14,2,2,18,469,531,91,20,129,23
22,1000,30,5.13,10.3,18,37,68,963,25,6,6,37,8.102933176,137,94,10.08109356,13.27023935,8.833908394,7.414539039,463,17,3,2,22,500,8,3,4,15,485,515,80,14,116,21
18,1000,30,5.13,10.3,18,37,76,951,29,13,7,49,8.287076297,137,103,10.86843373,13.9030794,8.907716065,7.628046442,481,18,11,5,34,470,11,2,2,15,515,485,77,26,121,16
20,1000,30,5.13,10.3,18,37,74,961,27,7,5,39,7.973341865,144,108,14.47912923,18.50541833,8.700595178,7.263335665,475,12,4,3,19,486,15,3,2,20,494,506,84,24,115,29
17,1000,30,5.13,10.3,18,37,77,956,26,10,8,44,8.091927186,142,89,10.78237231,14.79972146,8.977600594,7.195561545,476,15,7,5,27,480,11,3,3,17,503,497,77,12,117,25
24,1000,30,5.13,10.3,18,37,36,971,15,9,5,29,7.477658426,96,91,8.345328421,10.05329969,7.404485386,7.547401481,475,7,4,2,13,496,8,5,3,16,488,512,65,26,76,20
19,1000,30,5.13,10.3,18,37,76,956,30,8,6,44,8.297154214,156,111,13.97826859,18.21284831,8.860176939,7.764801988,465,15,2,4,21,491,15,6,2,23,486,514,98,13,137,19
23,1000,30,5.13,10.3,18,37,66,962,25,5,8,38,8.345788342,123,93,9.651203033,12.01203182,9.210432055,7.501650012,467,22,1,4,27,495,3,4,4,11,494,506,74,19,96,27
21,1000,30,5.13,10.3,18,37,71,953,29,8,10,47,8.364517235,140,93,10.4199505,14.13662187,9.172392235,7.650970389,440,15,6,8,29,513,14,2,2,18,469,531,76,17,124,16
22,1000,30,5.13,10.3,18,37,69,961,26,7,6,39,8.13557711,164,118,10.15293558,13.40010337,8.830466481,7.481166732,462,18,3,2,23,499,8,4,4,16,485,515,94,24,142,22
18,1000,30,5.13,10.3,18,37,77,949,31,13,7,51,8.30512823,143,114,11.0015137,14.07320996,8.978601013,7.589997336,480,19,11,5,35,469,12,2,2,16,515,485,91,23,124,19
20,1000,30,5.13,10.3,18,37,75,961,27,7,5,39,7.976069162,138,104,14.89294311,19.01274934,8.700082803,7.269225806,475,12,4,3,19,486,15,3,2,20,494,506,82,22,124,14
17,1000,30,5.13,10.3,18,37,78,956,27,9,8,44,8.064953316,166,118,10.90807488,14.93169685,8.997781643,7.12086348,476,16,6,5,27,480,11,3,3,17,503,497,98,20,141,25
19,1000,30,5.13,10.3,18,37,77,957,29,8,6,43,8.310541529,149,127,14.37172925,18.69161827,8.910088255,7.743654936,465,15,2,4,21,492,14,6,2,22,486,514,104,23,134,15
23,1000,30,5.13,10.3,18,37,67,961,26,5,8,39,8.364299077,127,103,9.690532389,12.10782623,9.258150889,7.491645332,467,22,1,4,27,494,4,4,4,12,494,506,84,19,102,25
21,1000,30,5.13,10.3,18,37,72,953,29,8,10,47,8.386254323,139,111,10.51304267,14.29330264,9.192773776,7.67390475,440,15,6,8,29,513,14,2,2,18,469,531,94,17,123,16
24,1000,30,5.13,10.3,18,37,37,971,15,9,5,29,7.477149922,105,76,8.388268219,10.13987126,7.470086524,7.483882224,475,7,4,2,13,496,8,5,3,16,488,512,55,21,81,24
22,1000,30,5.13,10.3,18,37,70,961,27,6,6,39,8.108093001,147,126,10.25161345,13.58184556,8.825655788,7.432329988,461,19,3,2,24,500,8,3,4,15,485,515,95,31,118,29
18,1000,30,5.13,10.3,18,37,78,948,32,12,8,52,8.345572769,172,104,11.11392318,14.19853968,9.034967564,7.613534996,480,19,10,6,35,468,13,2,2,17,515,485,89,15,148,24
20,1000,30,5.13,10.3,18,37,76,961,27,7,5,39,7.988597964,153,122,15.06270807,19.28786038,8.719338677,7.27518707,475,12,4,3,19,486,15,3,2,20,494,506,95,27,136,17
17,1000,30,5.13,10.3,18,37,79,955,28,9,8,45,8.06598702,162,136,11.05593063,15.11962766,9.034995136,7.085280616,476,16,6,5,27,479,12,3,3,18,503,497,111,25,142,20
19,1000,30,5.13,10.3,18,37,78,955,31,8,6,45,8.341816187,143,115,14.93862172,19.26971124,9.005263426,7.714510042,464,16,2,4,22,491,15,6,2,23,486,514,100,15,130,13
23,1000,30,5.13,10.3,18,37,68,958,28,6,8,42,8.40152901,119,114,9.717860035,12.15063678,9.319221196,7.505600275,466,22,2,4,28,492,6,4,4,14,494,506,88,26,98,21
21,1000,30,5.13,10.3,18,37,73,952,30,8,10,48,8.416074821,145,122,10.61678558,14.44301116,9.206538979,7.717905914,440,15,6,8,29,512,15,2,2,19,469,531,105,17,123,22
24,1000,30,5.13,10.3,18,37,38,971,15,9,5,29,7.495121603,95,97,8.433282581,10.2028427,7.520709885,7.470732772,475,7,4,2,13,496,8,5,3,16,488,512,59,38,78,17
22,1000,30,5.13,10.3,18,37,71,961,27,6,6,39,8.110410166,150,120,10.37627758,13.74835878,8.82992779,7.43280619,461,19,3,2,24,500,8,3,4,15,485,515,90,30,120,30
18,1000,30,5.13,10.3,18,37,79,948,31,13,8,52,8.355666396,148,112,11.28038898,14.43084702,9.066359558,7.601012832,480,19,10,6,35,468,12,3,2,17,515,485,81,31,129,19
20,1000,30,5.13,10.3,18,37,77,962,26,7,5,38,7.993474248,162,115,15.55468705,19.89363089,8.768487178,7.236841072,475,12,4,3,19,487,14,3,2,19,494,506,99,16,147,15
17,1000,30,5.13,10.3,18,37,80,955,28,9,8,45,8.078088583,163,120,11.25712167,15.35630925,9.048712717,7.095746652,476,16,6,5,27,479,12,3,3,18,503,497,94,26,140,23
19,1000,30,5.13,10.3,18,37,79,955,31,8,6,45,8.373180098,160,123,15.25241019,19.61336697,9.069962709,7.714354517,463,17,2,4,23,492,14,6,2,22,486,514,103,20,144,16
21,1000,30,5.13,10.3,18,37,74,952,30,8,10,48,8.41780046,139,105,10.7204185,14.59621747,9.225953379,7.704008145,440,15,6,8,29,512,15,2,2,19,469,531,91,14,119,20
23,1000,30,5.13,10.3,18,37,69,956,30,6,8,44,8.427506275,113,95,9.800817142,12.258039,9.373807288,7.503647182,464,24,2,4,30,492,6,4,4,14,494,506,76,19,96,17
22,1000,30,5.13,10.3,18,37,72,961,28,5,6,39,8.145644376,148,109,10.50304788,13.93122875,8.887208689,7.447277985,460,20,3,2,25,501,8,2,4,14,485,515,80,29,128,20
24,1000,30,5.13,10.3,18,37,39,971,16,8,5,29,7.515922924,114,92,8.465250244,10.26720298,7.523348344,7.508845571,475,8,3,2,13,496,8,5,3,16,488,512,69,23,88,26
18,1000,30,5.13,10.3,18,37,80,947,31,13,9,53,8.383805165,156,128,11.42320361,14.62137611,9.118409994,7.603760862,479,19,10,7,36,468,12,3,2,17,515,485,100,28,134,22
20,1000,30,5.13,10.3,18,37,78,962,26,7,5,38,8.031553363,141,108,15.88297752,20.24474372,8.805270806,7.276184951,475,12,4,3,19,487,14,3,2,19,494,506,87,21,122,19
17,1000,30,5.13,10.3,18,37,81,954,29,9,8,46,8.088526835,169,113,11.52724513,15.69912947,9.086739316,7.0782635,476,16,6,5,27,478,13,3,3,19,503,497,82,31,146,23
19,1000,30,5.13,10.3,18,37,80,954,31,9,6,46,8.382106216,148,143,15.8612007,20.25783834,9.107696429,7.696042318,462,17,3,4,24,492,14,6,2,22,486,514,122,21,128,20
21,1000,30,5.13,10.3,18,37,75,954,30,7,9,46,8.398236467,173,130,10.80263587,14.70795773,9.191520477,7.697576954,442,15,5,7,27,512,15,2,2,19,469,531,110,20,153,20
23,1000,30,5.13,10.3,18,37,70,956,30,6,8,44,8.435513783,133,88,9.879052218,12.34272761,9.372462811,7.52078489,464,24,2,4,30,492,6,4,4,14,494,506,71,17,115,18
22,1000,30,5.13,10.3,18,37,73,963,26,5,6,37,8.176349171,149,120,10.60568363,14.07034811,8.916942701,7.478897011,460,20,3,2,25,503,6,2,4,12,485,515,99,21,131,18
18,1000,30,5.13,10.3,18,37,81,947,31,13,9,53,8.399358002,128,117,11.54971843,14.79353178,9.149970732,7.602315619,479,19,10,7,36,468,12,3,2,17,515,485,90,27,111,17
20,1000,30,5.13,10.3,18,37,79,961,27,7,5,39,8.060553737,142,125,16.1261186,20.52739763,8.846480891,7.293265171,474,13,4,3,20,487,14,3,2,19,494,506,98,27,129,13
24,1000,30,5.13,10.3,18,37,40,971,17,7,5,29,7.493498404,107,88,8.463644574,10.29509748,7.510356506,7.477430525,476,8,2,2,12,495,9,5,3,17,488,512,55,33,81,26
17,1000,30,5.13,10.3,18,37,82,953,31,9,7,47,8.074040075,167,108,11.81911205,16.00776185,9.131692083,7.003619632,474,18,6,5,29,479,13,3,2,18,503,497,93,15,144,23
19,1000,30,5.13,10.3,18,37,81,954,31,9,6,46,8.405814341,182,108,16.6832218,21.21028758,9.134307995,7.717005166,462,17,3,4,24,492,14,6,2,22,486,514,97,11,161,21
21,1000,30,5.13,10.3,18,37,76,954,30,7,9,46,8.397973452,139,98,10.93165043,14.93707422,9.191790633,7.696843023,442,15,5,7,27,512,15,2,2,19,469,531,86,12,122,17
23,1000,30,5.13,10.3,18,37,71,957,31,5,7,43,8.459960489,120,100,9.977471073,12.51115287,9.399979956,7.542233973,465,24,1,4,29,492,7,4,3,14,494,506,74,26,105,15
22,1000,30,5.13,10.3,18,37,74,963,26,5,6,37,8.168449984,151,113,10.69825399,14.2290585,8.93216669,7.449221629,460,20,3,2,25,503,6,2,4,12,485,515,95,18,128,23
18,1000,30,5.13,10.3,18,37,82,946,32,13,9,54,8.425919188,162,122,11.68687663,14.96407147,9.204587785,7.599085524,478,20,10,7,37,468,12,3,2,17,515,485,100,22,145,17
20,1000,30,5.13,10.3,18,37,80,961,26,8,5,39,8.09232102,163,138,16.58972531,21.09757894,8.880137,7.323188423,473,14,4,3,21,488,12,4,2,18,494,506,114,24,137,26
24,1000,30,5.13,10.3,18,37,41,970,18,7,5,30,7.530129934,115,88,8.498317785,10.32217357,7.548687924,7.51244185,476,8,2,2,12,494,10,5,3,18,488,512,58,30,91,24
17,1000,30,5.13,10.3,18,37,83,954,30,9,7,46,8.092769288,138,127,12.03658604,16.30007987,9.154490393,7.018230626,474,18,6,5,29,480,12,3,2,17,503,497,105,22,126,12
19,1000,30,5.13,10.3,18,37,82,954,31,8,7,46,8.469236901,146,141,17.24646391,21.91215444,9.213953302,7.765088709,462,17,2,5,24,492,14,6,2,22,486,514,120,21,132,14
23,1000,30,5.13,10.3,18,37,72,956,31,6,7,44,8.484295828,137,115,10.05751336,12.56871794,9.450041367,7.541453345,465,24,1,4,29,491,7,5,3,15,494,506,87,28,117,20
21,1000,30,5.13,10.3,18,37,77,954,30,7,9,46,8.410619096,147,127,11.01304025,15.08662408,9.244679221,7.673944522,442,15,5,7,27,512,15,2,2,19,469,531,104,23,131,16
22,1000,30,5.13,10.3,18,37,75,963,26,5,6,37,8.174577938,150,119,10.77574132,14.33440169,9.015689973,7.382462721,460,20,3,2,25,503,6,2,4,12,485,515,89,30,129,21
18,1000,30,5.13,10.3,18,37,83,947,31,13,9,53,8.428601584,155,136,11.78981194,15.09848824,9.238697929,7.568396188,478,20,10,7,37,469,11,3,2,16,515,485,113,23,136,19
20,1000,30,5.13,10.3,18,37,81,961,26,7,6,39,8.099637806,155,126,16.78316718,21.3272112,8.926323719,7.292557092,473,14,4,3,21,488,12,3,3,18,494,506,106,20,130,25
17,1000,30,5.13,10.3,18,37,84,954,29,10,7,46,8.114434451,157,123,12.27844502,16.61458889,9.207530873,7.008141694,474,17,7,5,29,480,12,3,2,17,503,497,100,23,140,17
24,1000,30,5.13,10.3,18,37,42,970,18,7,5,30,7.570969356,108,88,8.52826258,10.3747025,7.558860775,7.582510348,476,8,2,2,12,494,10,5,3,18,488,512,61,27,89,19
19,1000,30,5.13,10.3,18,37,83,954,31,8,7,46,8.486887741,164,131,17.99768211,22.94079742,9.210750256,7.802457424,462,17,2,5,24,492,14,6,2,22,486,514,107,24,149,15
23,1000,30,5.13,10.3,18,37,73,955,31,7,7,45,8.512221453,132,101,10.13706215,12.66634503,9.514992765,7.53323128,464,24,2,4,30,491,7,5,3,15,494,506,76,25,113,19
21,1000,30,5.13,10.3,18,37,78,954,30,6,10,46,8.412704445,161,117,11.096128,15.22945006,9.274963971,7.651123056,442,15,4,8,27,512,15,2,2,19,469,531,92,25,140,21
22,1000,30,5.13,10.3,18,37,76,963,28,4,5,37,8.179988247,132,117,10.89828451,14.4927694,9.09979122,7.31376603,458,22,3,2,27,505,6,1,3,10,485,515,100,17,112,20
18,1000,30,5.13,10.3,18,37,84,946,32,12,10,54,8.455218302,157,120,11.96524233,15.33239724,9.296356474,7.562050965,478,20,9,8,37,468,12,3,2,17,515,485,96,24,140,17
20,1000,30,5.13,10.3,18,37,82,960,26,8,6,40,8.113898561,164,136,16.90073426,21.52948092,8.94731416,7.300247759,472,14,5,3,22,488,12,3,3,18,494,506,106,30,141,23
17,1000,30,5.13,10.3,18,37,85,954,28,11,7,46,8.141899928,168,114,12.69212575,17.03692598,9.270716231,6.999456064,473,18,7,5,30,481,10,4,2,16,503,497,100,14,154,14
24,1000,30,5.13,10.3,18,37,43,970,18,7,5,30,7.606320691,93,94,8.579552167,10.40805853,7.628882541,7.584816428,476,8,2,2,12,494,10,5,3,18,488,512,61,33,77,16
19,1000,30,5.13,10.3,18,37,84,954,31,8,7,46,8.496987348,175,139,18.41069833,23.48628536,9.25100022,7.784049107,462,17,2,5,24,492,14,6,2,22,486,514,122,17,161,14
23,1000,30,5.13,10.3,18,37,74,954,32,7,7,46,8.518099987,134,124,10.27949703,12.86394336,9.543554036,7.516965006,463,25,2,4,31,491,7,5,3,15,494,506,101,23,108,26
21,1000,30,5.13,10.3,18,37,79,953,31,6,10,47,8.455755075,166,122,11.15569086,15.33949367,9.326303612,7.686852507,442,15,4,8,27,511,16,2,2,20,469,531,97,25,149,17
22,1000,30,5.13,10.3,18,37,77,961,28,6,5,39,8.196664512,161,120,10.99156305,14.6297075,9.145265888,7.303321469,459,19,5,2,26,502,9,1,3,13,485,515,102,18,145,16
18,1000,30,5.13,10.3,18,37,85,946,30,14,10,54,8.480995387,179,120,12.06582171,15.51494099,9.342086345,7.56664107,477,19,11,8,38,469,11,3,2,16,515,485,107,13,156,23
20,1000,30,5.13,10.3,18,37,83,960,26,8,6,40,8.145227382,148,140,17.15325102,21.89171478,9.011039727,7.299948137,472,14,5,3,22,488,12,3,3,18,494,506,105,35,133,15
17,1000,30,5.13,10.3,18,37,86,955,28,10,7,45,8.135088606,163,113,13.16820519,17.50115209,9.290066404,6.966167414,473,18,7,5,30,482,10,3,2,15,503,497,88,25,147,16
19,1000,30,5.13,10.3,18,37,85,954,31,8,7,46,8.495726951,158,142,19.18307793,24.43265532,9.257064571,7.775862976,462,17,2,5,24,492,14,6,2,22,486,514,116,26,143,15
24,1000,30,5.13,10.3,18,37,44,969,19,7,5,31,7.642434925,112,90,8.643563565,10.50837041,7.713582294,7.574622589,476,8,2,2,12,493,11,5,3,19,488,512,61,29,94,18
23,1000,30,5.13,10.3,18,37,75,954,32,7,7,46,8.495369728,125,96,10.37515507,13.04248735,9.601040923,7.415919983,463,25,2,4,31,491,7,5,3,15,494,506,76,20,101,24
21,1000,30,5.13,10.3,18,37,80,951,32,8,9,49,8.485267496,143,135,11.29441976,15.59727171,9.373093393,7.701104886,442,16,4,7,27,509,16,4,2,22,469,531,115,20,126,17
22,1000,30,5.13,10.3,18,37,78,961,28,6,5,39,8.206789003,151,128,11.12945977,14.82901338,9.18646089,7.284185381,460,18,5,2,25,501,10,1,3,14,485,515,103,25,127,24
18,1000,30,5.13,10.3,18,37,86,945,31,13,11,55,8.47951486,157,116,12.22230276,15.76876616,9.374158413,7.529532531,475,20,11,9,40,470,11,2,2,15,515,485,95,21,141,16
20,1000,30,5.13,10.3,18,37,84,959,27,8,6,41,8.171618428,157,134,18.24619623,23.16420184,9.119909021,7.245816939,470,16,5,3,24,489,11,3,3,17,494,506,109,25,135,22
17,1000,30,5.13,10.3,18,37,87,953,30,10,7,47,8.15367133,166,129,13.55649078,17.97559936,9.323271932,6.969950801,471,20,7,5,32,482,10,3,2,15,503,497,116,13,143,23
19,1000,30,5.13,10.3,18,37,86,955,31,7,7,45,8.488967573,168,140,19.63961324,24.86858091,9.272112406,7.748484327,462,17,2,5,24,493,14,5,2,21,486,514,121,19,153,15
23,1000,30,5.13,10.3,18,37,76,954,32,5,9,46,8.50773042,132,107,10.50234423,13.20229555,9.646095609,7.396362034,463,25,2,4,31,491,7,3,5,15,494,506,92,15,112,20
21,1000,30,5.13,10.3,18,37,81,951,32,8,9,49,8.446676637,159,122,11.45655488,15.7990622,9.364753938,7.635794803,442,16,4,7,27,509,16,4,2,22,469,531,101,21,142,17
22,1000,30,5.13,10.3,18,37,79,962,26,7,5,38,8.241595967,158,111,11.24949559,14.97094005,9.246452364,7.295274893,460,17,6,2,25,502,9,1,3,13,485,515,93,18,135,23
24,1000,30,5.13,10.3,18,37,45,968,20,7,5,32,7.658974725,123,93,8.695270092,10.59639755,7.736712316,7.584881084,476,8,2,2,12,492,12,5,3,20,488,512,64,29,104,19
18,1000,30,5.13,10.3,18,37,87,943,34,13,10,57,8.494471744,146,131,12.48029745,16.1407942,9.382150503,7.551885021,475,21,11,8,40,468,13,2,2,17,515,485,107,24,132,14
20,1000,30,5.13,10.3,18,37,85,960,27,7,6,40,8.158748088,178,141,19.06676501,24.12808896,9.168498631,7.172944197,470,16,5,3,24,490,11,2,3,16,494,506,118,23,158,20
17,1000,30,5.13,10.3,18,37,88,953,30,10,7,47,8.166876271,176,111,14.09090576,18.54660718,9.327045926,6.992700544,471,20,7,5,32,482,10,3,2,15,503,497,96,15,147,29
19,1000,30,5.13,10.3,18,37,87,954,32,7,7,46,8.50610557,170,151,20.18647802,25.82138307,9.359109064,7.699569192,461,18,2,5,25,493,14,5,2,21,486,514,118,33,158,12
23,1000,30,5.13,10.3,18,37,77,952,32,7,9,48,8.526797713,141,111,10.68969191,13.40170895,9.664144233,7.416423838,463,25,2,4,31,489,7,5,5,17,494,506,84,27,122,19
21,1000,30,5.13,10.3,18,37,82,951,32,8,9,49,8.468664816,171,115,11.53375475,15.91889025,9.397989142,7.647849169,442,16,4,7,27,509,16,4,2,22,469,531,92,23,155,16
22,1000,30,5.13,10.3,18,37,80,963,25,7,5,37,8.252684746,172,108,11.32300166,15.05375805,9.285348062,7.280176575,460,17,6,2,25,503,8,1,3,12,485,515,89,19,143,29
24,1000,30,5.13,10.3,18,37,46,968,20,7,5,32,7.680107837,108,81,8.724806945,10.64676698,7.790808474,7.574596292,476,8,2,2,12,492,12,5,3,20,488,512,64,17,92,16
20,1000,30,5.13,10.3,18,37,86,960,27,7,6,40,8.188189882,176,135,19.40903044,24.58811932,9.187574361,7.21250622,471,15,5,3,23,489,12,2,3,17,494,506,112,23,159,17
18,1000,30,5.13,10.3,18,37,88,945,32,13,10,55,8.442102874,179,135,12.66492371,16.3730954,9.361808652,7.465508079,475,21,11,8,40,470,11,2,2,15,515,485,112,23,158,21
17,1000,30,5.13,10.3,18,37,89,951,32,10,7,49,8.167019059,150,134,14.39721285,18.90180282,9.320859886,6.999248564,471,20,7,5,32,480,12,3,2,17,503,497,114,20,133,17
19,1000,30,5.13,10.3,18,37,88,954,32,7,7,46,8.552920435,158,145,21.0030444,26.87393125,9.41588182,7.73696862,461,18,2,5,25,493,14,5,2,21,486,514,123,22,148,10
23,1000,30,5.13,10.3,18,37,78,950,34,6,10,50,8.557208376,131,97,10.89503505,13.61558014,9.714676645,7.427189947,462,26,1,5,32,488,8,5,5,18,494,506,74,23,114,17
21,1000,30,5.13,10.3,18,37,83,951,31,8,10,49,8.515235898,157,119,11.62589763,16.10341987,9.42189414,7.714439823,442,16,4,7,27,509,15,4,3,22,469,531,97,22,135,22
22,1000,30,5.13,10.3,18,37,81,962,26,7,5,38,8.230126171,152,109,11.48065445,15.23035732,9.249378683,7.270247592,460,17,6,2,25,502,9,1,3,13,485,515,85,24,130,22
20,1000,30,5.13,10.3,18,37,87,961,27,7,5,39,8.165656111,174,122,20.23956786,25.5758438,9.219898856,7.13641517,471,15,5,3,23,490,12,2,2,16,494,506,104,18,158,16
18,1000,30,5.13,10.3,18,37,89,945,31,14,10,55,8.440397057,160,121,12.92026307,16.67874166,9.392184673,7.42973598,475,20,12,8,40,470,11,2,2,15,515,485,104,17,143,17
24,1000,30,5.13,10.3,18,37,47,969,19,7,5,31,7.68878362,92,93,8.79106675,10.73682753,7.800741559,7.58207371,476,8,2,2,12,493,11,5,3,19,488,512,65,28,72,20
17,1000,30,5.13,10.3,18,37,90,951,32,10,7,49,8.161080846,164,119,14.98582694,19.59040895,9.33281331,6.975202718,471,20,7,5,32,480,12,3,2,17,503,497,101,18,148,16
19,1000,30,5.13,10.3,18,37,89,953,32,8,7,47,8.546429163,170,147,22.0573529,28.07238042,9.475127998,7.668320925,460,18,3,5,26,493,14,5,2,21,486,514,126,21,153,17
23,1000,30,5.13,10.3,18,37,79,950,34,6,10,50,8.57016816,144,111,11.05020747,13.7956067,9.75478051,7.413649384,462,26,1,5,32,488,8,5,5,18,494,506,88,23,117,27
21,1000,30,5.13,10.3,18,37,84,951,31,8,10,49,8.523426485,159,127,11.75547008,16.277604,9.445182103,7.709295817,442,16,4,7,27,509,15,4,3,22,469,531,104,23,141,18
22,1000,30,5.13,10.3,18,37,82,963,26,7,4,37,8.201876092,155,118,11.56482291,15.35594332,9.25501042,7.210089395,460,17,6,2,25,503,9,1,2,12,485,515,98,20,143,12
20,1000,30,5.13,10.3,18,37,88,961,27,7,5,39,8.137507305,194,128,21.04098167,26.5162413,9.245383448,7.055904904,471,15,5,3,23,490,12,2,2,16,494,506,108,20,171,23
18,1000,30,5.13,10.3,18,37,90,945,31,14,10,55,8.449850646,165,131,13.17440618,17.02652124,9.412093744,7.428087356,475,20,12,8,40,470,11,2,2,15,515,485,107,24,143,22
17,1000,30,5.13,10.3,18,37,91,950,33,10,7,50,8.168066659,179,127,15.38883417,19.94752289,9.354708407,6.967099257,470,21,7,5,33,480,12,3,2,17,503,497,111,16,161,18
24,1000,30,5.13,10.3,18,37,48,969,19,7,5,31,7.7117282,105,79,8.872083106,10.83357466,7.830881608,7.598160107,476,8,2,2,12,493,11,5,3,19,488,512,54,25,79,26
19,1000,30,5.13,10.3,18,37,90,953,33,7,7,47,8.528837447,162,153,22.62596248,28.70023006,9.494744781,7.615547633,459,19,3,5,27,494,14,4,2,20,486,514,130,23,151,11
23,1000,30,5.13,10.3,18,37,80,950,33,7,10,50,8.580076654,129,122,11.2049198,13.98390956,9.789191507,7.399636462,462,25,2,5,32,488,8,5,5,18,494,506,98,24,116,13
21,1000,30,5.13,10.3,18,37,85,952,30,8,10,48,8.542778453,146,109,11.86105541,16.45727574,9.509207983,7.689190035,442,16,4,7,27,510,14,4,3,21,469,531,95,14,131,15
22,1000,30,5.13,10.3,18,37,83,961,27,8,4,39,8.235214065,157,111,11.70355436,15.50907725,9.337805266,7.196851478,459,17,7,2,26,502,10,1,2,13,485,515,91,20,146,11
20,1000,30,5.13,10.3,18,37,89,960,28,7,5,40,8.145997562,177,134,21.29902576,26.89375734,9.273737072,7.045002863,471,15,5,3,23,489,13,2,2,17,494,506,116,18,160,17
18,1000,30,5.13,10.3,18,37,91,944,32,14,10,56,8.455427017,153,139,13.40447738,17.30096686,9.444797146,7.404858735,475,20,12,8,40,469,12,2,2,16,515,485,118,21,141,12
17,1000,30,5.13,10.3,18,37,92,949,34,10,7,51,8.175174846,185,123,15.74794772,20.3032749,9.378109415,6.957717927,470,21,7,5,33,479,13,3,2,18,503,497,106,17,167,18
19,1000,30,5.13,10.3,18,37,91,954,33,6,7,46,8.522020204,169,157,23.29728658,29.4332682,9.549287563,7.550712934,459,19,3,5,27,495,14,3,2,19,486,514,134,23,160,9
24,1000,30,5.13,10.3,18,37,49,967,19,9,5,33,7.756987723,114,93,8.933947291,10.91018404,7.891059729,7.629200341,475,7,4,2,13,492,12,5,3,20,488,512,63,30,90,24
23,1000,30,5.13,10.3,18,37,81,949,34,7,10,51,8.62688153,152,107,11.36445022,14.16627621,9.853347422,7.429501786,461,26,2,5,33,488,8,5,5,18,494,506,91,16,138,14
21,1000,30,5.13,10.3,18,37,86,950,32,8,10,50,8.576262272,183,121,12.021598,16.69852017,9.552706627,7.713828368,441,17,4,7,28,509,15,4,3,22,469,531,99,22,165,18
22,1000,30,5.13,10.3,18,37,84,963,25,8,4,37,8.22326262,171,113,11.81684495,15.67162131,9.382129803,7.131902263,459,17,7,2,26,504,8,1,2,11,485,515,94,19,150,21
20,1000,30,5.13,10.3,18,37,90,958,30,7,5,42,8.194313932,177,145,21.58672191,27.27042988,9.355077863,7.061077999,468,18,5,3,26,490,12,2,2,16,494,506,119,26,161,16
18,1000,30,5.13,10.3,18,37,92,944,32,14,10,56,8.459871674,162,133,13.69606768,17.66097404,9.488966603,7.367121388,475,20,12,8,40,469,12,2,2,16,515,485,115,18,149,13
17,1000,30,5.13,10.3,18,37,93,949,33,11,7,51,8.199848709,145,139,16.15091345,20.93270417,9.416365408,6.968645691,470,20,8,5,33,479,13,3,2,18,503,497,115,24,132,13
19,1000,30,5.13,10.3,18,37,92,954,33,6,7,46,8.5299004,156,173,24.44238414,30.70314716,9.608611584,7.509951693,459,19,3,5,27,495,14,3,2,19,486,514,145,28,147,9
24,1000,30,5.13,10.3,18,37,50,969,17,9,5,31,7.777928604,130,93,8.979962486,10.98976196,7.952846639,7.611209851,475,7,4,2,13,494,10,5,3,18,488,512,66,27,110,20
23,1000,30,5.13,10.3,18,37,82,949,33,8,10,51,8.642985224,140,119,11.57134403,14.40379639,9.899441375,7.416326452,461,25,3,5,33,488,8,5,5,18,494,506,100,19,117,23
21,1000,30,5.13,10.3,18,37,87,950,32,8,10,50,8.601972929,157,124,12.14714498,16.86401104,9.591496738,7.727986741,441,17,4,7,28,509,15,4,3,22,469,531,102,22,142,15
22,1000,30,5.13,10.3,18,37,85,962,25,9,4,38,8.234067124,151,129,12.00260001,15.92531379,9.417149998,7.119901699,459,16,8,2,26,503,9,1,2,12,485,515,100,29,130,21
20,1000,30,5.13,10.3,18,37,91,958,30,7,5,42,8.182932642,173,127,21.96258195,27.76717135,9.374553096,7.019571963,468,18,5,3,26,490,12,2,2,16,494,506,103,24,160,13
18,1000,30,5.13,10.3,18,37,93,944,30,16,10,56,8.446167308,159,155,13.93710954,18.01359267,9.545045213,7.279317573,474,19,14,8,41,470,11,2,2,15,515,485,127,28,146,13
17,1000,30,5.13,10.3,18,37,94,948,32,13,7,52,8.236983599,178,140,16.36366222,21.27866386,9.533806148,6.924505244,469,19,10,5,34,479,13,3,2,18,503,497,123,17,156,22
19,1000,30,5.13,10.3,18,37,93,952,35,6,7,48,8.553315561,187,140,25.73718743,32.08120489,9.689726115,7.47881064,459,19,3,5,27,493,16,3,2,21,486,514,119,21,173,14
24,1000,30,5.13,10.3,18,37,51,969,17,9,5,31,7.814081696,107,101,9.042273713,11.07876876,7.969998085,7.665473887,475,7,4,2,13,494,10,5,3,18,488,512,75,26,84,23
23,1000,30,5.13,10.3,18,37,83,948,33,9,10,52,8.665819614,141,111,11.78996688,14.66086405,9.962189653,7.400193528,460,25,4,5,34,488,8,5,5,18,494,506,88,23,124,17
21,1000,30,5.13,10.3,18,37,88,949,33,8,10,51,8.60605886,191,126,12.27808692,17.03583871,9.614737624,7.715154263,442,16,4,7,27,507,17,4,3,24,469,531,109,17,165,26
22,1000,30,5.13,10.3,18,37,86,962,25,9,4,38,8.218306308,167,108,12.08220311,16.08367499,9.432372015,7.074962875,459,16,8,2,26,503,9,1,2,12,485,515,88,20,154,13
20,1000,30,5.13,10.3,18,37,92,958,30,7,5,42,8.191716674,166,150,22.27700881,28.184483,9.409266517,7.003041531,468,18,5,3,26,490,12,2,2,16,494,506,128,22,148,18
18,1000,30,5.13,10.3,18,37,94,945,29,16,10,55,8.43062659,175,141,14.14070053,18.28174341,9.58565694,7.204151063,474,19,14,8,41,471,10,2,2,14,515,485,120,21,159,16
17,1000,30,5.13,10.3,18,37,95,950,30,13,7,50,8.226502375,196,125,16.90803431,21.89741397,9.586447454,6.850139447,470,18,10,5,33,480,12,3,2,17,503,497,107,18,164,32
19,1000,30,5.13,10.3,18,37,94,951,36,6,7,49,8.545594381,187,135,26.16891897,32.60293474,9.707430321,7.447049116,459,19,3,5,27,492,17,3,2,22,486,514,117,18,166,21
21,1000,30,5.13,10.3,18,37,89,947,35,8,10,53,8.612379489,188,140,12.43687153,17.24757308,9.650571113,7.69540798,440,18,4,7,29,507,17,4,3,24,469,531,114,26,172,16
22,1000,30,5.13,10.3,18,37,87,962,24,10,4,38,8.236591644,155,106,12.20394608,16.30633508,9.473865261,7.071392218,459,15,9,2,26,503,9,1,2,12,485,515,86,20,134,21
23,1000,30,5.13,10.3,18,37,84,948,32,10,10,52,8.652231752,159,124,12.04340804,14.9433551,9.962552538,7.372985767,460,24,5,5,34,488,8,5,5,18,494,506,104,20,136,23
24,1000,30,5.13,10.3,18,37,52,964,22,8,6,36,7.861509434,135,93,9.119232853,11.19273128,8.018181031,7.712181819,475,7,3,3,13,489,15,5,3,23,488,512,65,28,104,31
20,1000,30,5.13,10.3,18,37,93,959,29,7,5,41,8.183027973,186,134,22.51483363,28.54495708,9.440837937,6.955047494,468,18,5,3,26,491,11,2,2,15,494,506,122,12,168,18
18,1000,30,5.13,10.3,18,37,95,946,29,15,10,54,8.423863231,188,143,14.33515517,18.57669258,9.609754316,7.164618057,474,19,14,8,41,472,10,1,2,13,515,485,130,13,167,21
17,1000,30,5.13,10.3,18,37,96,947,32,13,8,53,8.271331359,173,125,17.54025138,22.80276094,9.595263078,6.931416561,469,19,10,5,34,478,13,3,3,19,503,497,107,18,156,17
19,1000,30,5.13,10.3,18,37,95,950,35,8,7,50,8.570197645,188,163,27.25553247,34.26710149,9.735235644,7.468624752,459,18,4,5,27,491,17,4,2,23,486,514,149,14,168,20
22,1000,30,5.13,10.3,18,37,88,962,24,10,4,38,8.271217206,145,141,12.30882383,16.38890489,9.542836444,7.073672875,459,15,9,2,26,503,9,1,2,12,485,515,124,17,126,19
21,1000,30,5.13,10.3,18,37,90,945,38,7,10,55,8.616602049,152,132,12.65411907,17.52061619,9.744793869,7.620138841,437,20,4,8,32,508,18,3,2,23,469,531,112,20,138,14
23,1000,30,5.13,10.3,18,37,85,946,34,10,10,54,8.662867588,155,122,12.26545913,15.19438882,10.02286684,7.335121279,458,26,5,5,36,488,8,5,5,18,494,506,101,21,130,25
20,1000,30,5.13,10.3,18,37,94,959,29,7,5,41,8.208102691,179,146,22.74434875,28.87268616,9.465520607,6.980504963,468,18,5,3,26,491,11,2,2,15,494,506,128,18,161,18
18,1000,30,5.13,10.3,18,37,96,945,30,15,10,55,8.454772563,165,142,14.69990523,19.06300085,9.637838171,7.19852764,474,19,14,8,41,471,11,1,2,14,515,485,122,20,152,13
24,1000,30,5.13,10.3,18,37,53,964,23,8,5,36,7.834649623,110,102,9.171802712,11.28978045,7.983654666,7.692629192,475,7,3,3,13,489,16,5,2,23,488,512,72,30,92,18
17,1000,30,5.13,10.3,18,37,97,948,31,12,9,52,8.241682867,179,137,18.2162484,23.52403238,9.610267998,6.856575581,469,19,9,6,34,479,12,3,3,18,503,497,114,23,159,20
19,1000,30,5.13,10.3,18,37,96,951,32,10,7,49,8.562295005,191,140,28.39995777,35.7911402,9.764272642,7.425794748,459,18,4,5,27,492,14,6,2,22,486,514,127,13,181,10
22,1000,30,5.13,10.3,18,37,89,963,22,11,4,37,8.249825001,169,136,12.39898059,16.53118745,9.567641952,7.008774087,459,15,9,2,26,504,7,2,2,11,485,515,109,27,149,20
21,1000,30,5.13,10.3,18,37,91,945,38,7,10,55,8.602562605,167,139,12.79657831,17.75434512,9.820381161,7.526937553,436,21,4,8,33,509,17,3,2,22,469,531,112,27,149,18
23,1000,30,5.13,10.3,18,37,86,947,34,10,9,53,8.675732023,161,115,12.46335081,15.43293925,10.08494157,7.299942464,458,26,5,5,36,489,8,5,4,17,494,506,98,17,139,22
20,1000,30,5.13,10.3,18,37,95,959,29,7,5,41,8.213512399,179,164,23.06831424,29.38643492,9.494788451,6.96262234,468,18,5,3,26,491,11,2,2,15,494,506,145,19,156,23
18,1000,30,5.13,10.3,18,37,97,944,31,15,10,56,8.435804306,185,151,15.19775391,19.64331155,9.635189547,7.162230287,473,20,14,8,42,471,11,1,2,14,515,485,132,19,169,16
24,1000,30,5.13,10.3,18,37,54,965,22,8,5,35,7.832616142,126,105,9.226349445,11.33784813,8.01159557,7.662026375,475,7,3,3,13,490,15,5,2,22,488,512,74,31,105,21
17,1000,30,5.13,10.3,18,37,98,948,31,12,9,52,8.256381277,169,126,18.74090225,24.20046042,9.623972738,6.872279657,469,19,9,6,34,479,12,3,3,18,503,497,102,24,154,15
19,1000,30,5.13,10.3,18,37,97,949,34,10,7,51,8.591125868,171,157,28.94605427,36.5983011,9.809458885,7.439161188,457,20,4,5,29,492,14,6,2,22,486,514,140,17,161,10
22,1000,30,5.13,10.3,18,37,90,962,22,12,4,38,8.250392937,163,108,12.48088367,16.67345,9.616070372,6.964269528,457,15,11,2,28,505,7,1,2,10,485,515,88,20,141,22
21,1000,30,5.13,10.3,18,37,92,945,38,7,10,55,8.605533946,186,157,12.94567942,17.9936463,9.857526317,7.499725241,436,21,4,8,33,509,17,3,2,22,469,531,131,26,166,20
23,1000,30,5.13,10.3,18,37,87,950,32,10,8,50,8.676780554,154,123,12.71600994,15.80244228,10.05716859,7.329128996,460,25,5,4,34,490,7,5,4,16,494,506,105,18,131,23
20,1000,30,5.13,10.3,18,37,96,958,30,7,5,42,8.212347756,183,151,23.28010712,29.73829724,9.561408485,6.895280563,467,19,5,3,27,491,11,2,2,15,494,506,132,19,166,17
18,1000,30,5.13,10.3,18,37,98,943,30,17,10,57,8.424251886,177,136,15.67025628,20.20081681,9.650231415,7.122438572,472,20,15,8,43,471,10,2,2,14,515,485,114,22,159,18
17,1000,30,5.13,10.3,18,37,99,950,28,13,9,50,8.236660536,182,152,19.81447483,25.48945587,9.624112814,6.83245833,470,17,10,6,33,480,11,3,3,17,503,497,133,19,162,20
24,1000,30,5.13,10.3,18,37,55,965,22,8,5,35,7.869907067,120,86,9.298490847,11.40932696,8.040407391,7.707398945,476,6,3,3,12,489,16,5,2,23,488,512,64,22,99,21
19,1000,30,5.13,10.3,18,37,98,948,32,12,8,52,8.639658894,187,164,29.98244765,37.99927779,9.865255772,7.480826049,457,17,6,6,29,491,15,6,2,23,486,514,149,15,170,17
22,1000,30,5.13,10.3,18,37,91,961,24,11,4,39,8.250920846,174,135,12.614386,16.8282938,9.64486369,6.938178556,458,15,10,2,27,503,9,1,2,12,485,515,111,24,152,22
21,1000,30,5.13,10.3,18,37,93,943,40,7,10,57,8.617516866,170,147,13.12016831,18.23456611,9.870602232,7.510742786,435,22,4,8,34,508,18,3,2,23,469,531,128,19,152,18
20,1000,30,5.13,10.3,18,37,97,958,29,8,5,42,8.24527204,188,162,24.20763145,30.89529573,9.616557044,6.906507628,467,19,5,3,27,491,10,3,2,15,494,506,144,18,170,18
23,1000,30,5.13,10.3,18,37,88,951,30,11,8,49,8.698182554,153,133,12.9245186,16.04577616,10.1289937,7.30130369,460,24,6,4,34,491,6,5,4,15,494,506,111,22,141,12
18,1000,30,5.13,10.3,18,37,99,942,31,17,10,58,8.418998829,174,136,15.97837723,20.60836135,9.675195408,7.085099369,471,21,15,8,44,471,10,2,2,14,515,485,114,22,157,17
17,1000,30,5.13,10.3,18,37,100,949,29,14,8,51,8.232121961,172,139,20.78633089,26.18210557,9.629160685,6.818217579,470,17,11,5,33,479,12,3,3,18,503,497,121,18,162,10
19,1000,30,5.13,10.3,18,37,99,946,34,12,8,54,8.65147937,169,164,31.23169748,39.39655902,9.949197034,7.424454497,455,19,6,6,31,491,15,6,2,23,486,514,147,17,154,15
24,1000,30,5.13,10.3,18,37,56,965,23,7,5,35,7.865023944,113,118,9.359668572,11.51035373,8.049816779,7.688893274,476,6,3,3,12,489,17,4,2,23,488,512,91,27,95,18
22,1000,30,5.13,10.3,18,37,92,960,25,11,4,40,8.251373934,169,135,12.80038171,17.01551416,9.658651438,6.926073761,458,15,10,2,27,502,10,1,2,13,485,515,118,17,153,16
21,1000,30,5.13,10.3,18,37,94,942,40,8,10,58,8.623429435,185,118,13.32033849,18.53911149,9.907390696,7.489384554,435,22,4,8,34,507,18,4,2,24,469,531,102,16,167,18
20,1000,30,5.13,10.3,18,37,98,958,29,8,5,42,8.245509675,198,155,25.45631874,32.45113479,9.646461191,6.877782305,467,19,5,3,27,491,10,3,2,15,494,506,137,18,183,15
23,1000,30,5.13,10.3,18,37,89,951,29,13,7,49,8.702349406,163,117,13.16489095,16.3177492,10.15885322,7.280387183,459,25,6,4,35,492,4,7,3,14,494,506,95,22,137,26
18,1000,30,5.13,10.3,18,37,100,942,31,17,10,58,8.447690941,192,140,16.36794782,21.06049839,9.755813386,7.058653705,471,21,15,8,44,471,10,2,2,14,515,485,120,20,175,17
17,1000,30,5.13,10.3,18,37,101,948,30,14,8,52,8.233000688,183,137,20.98514289,26.53603876,9.690659684,6.757744199,469,18,11,5,34,479,12,3,3,18,503,497,126,11,173,10
19,1000,30,5.13,10.3,18,37,100,945,35,12,8,55,8.664234024,183,169,32.32201216,40.86021161,9.976924875,7.423051625,454,20,6,6,32,491,15,6,2,23,486,514,138,31,172,11
24,1000,30,5.13,10.3,18,37,57,965,23,8,4,35,7.876683844,108,108,9.426449271,11.5942685,8.076500937,7.686233177,476,5,4,3,12,489,18,4,1,23,488,512,84,24,90,18
22,1000,30,5.13,10.3,18,37,93,960,25,11,4,40,8.24328597,179,129,12.91127778,17.11769128,9.675227815,6.894758213,458,15,10,2,27,502,10,1,2,13,485,515,111,18,165,14
20,1000,30,5.13,10.3,18,37,99,958,28,9,5,42,8.232191563,177,154,26.01623724,33.15253984,9.653660348,6.8444335,467,18,6,3,27,491,10,3,2,15,494,506,136,18,160,17
21,1000,30,5.13,10.3,18,37,95,941,41,8,10,59,8.648530391,187,154,13.48520596,18.81065354,9.930867204,7.515920287,435,22,4,8,34,506,19,4,2,25,469,531,135,19,168,19
23,1000,30,5.13,10.3,18,37,90,951,28,14,7,49,8.71634341,174,138,13.33914109,16.52481371,10.20678616,7.261247129,459,25,6,4,35,492,3,8,3,14,494,506,114,24,153,21
18,1000,30,5.13,10.3,18,37,101,943,30,17,10,57,8.462967555,182,168,16.84367798,21.70513997,9.786026299,7.058070126,471,21,15,8,44,472,9,2,2,13,515,485,140,28,168,14
17,1000,30,5.13,10.3,18,37,102,947,31,14,8,53,8.233893162,195,140,21.18306017,26.85069236,9.703906988,6.74613269,468,19,11,5,35,479,12,3,3,18,503,497,123,17,180,15
19,1000,30,5.13,10.3,18,37,101,943,37,12,8,57,8.675192429,182,164,33.97811659,42.80502091,10.00296127,7.419753412,453,21,6,6,33,490,16,6,2,24,486,514,144,20,167,15
24,1000,30,5.13,10.3,18,37,58,964,23,9,4,36,7.901125582,133,75,9.500738236,11.72430179,8.159675024,7.654695644,474,6,5,3,14,490,17,4,1,22,488,512,61,14,116,17
22,1000,30,5.13,10.3,18,37,94,959,26,11,4,41,8.25623765,179,132,13.05234335,17.30716358,9.706973678,6.890010517,457,16,10,2,28,502,10,1,2,13,485,515,115,17,159,20
20,1000,30,5.13,10.3,18,37,100,957,29,9,5,43,8.245078041,181,142,26.80539543,34.19578887,9.690587038,6.833849889,467,18,6,3,27,490,11,3,2,16,494,506,121,21,163,18
21,1000,30,5.13,10.3,18,37,96,943,39,8,10,57,8.622659288,194,135,13.63905353,19.03885923,9.974425583,7.428726346,435,22,4,8,34,508,17,4,2,23,469,531,115,20,171,23
18,1000,30,5.13,10.3,18,37,102,942,30,17,11,58,8.47030848,173,152,17.43909749,22.62150753,9.799875684,7.058500006,470,21,16,8,45,472,9,1,3,13,515,485,132,20,167,6
23,1000,30,5.13,10.3,18,37,91,951,28,14,7,49,8.772491628,167,137,13.51376209,16.76224124,10.26570569,7.314689752,459,25,6,4,35,492,3,8,3,14,494,506,112,25,152,15
17,1000,30,5.13,10.3,18,37,103,947,31,14,8,53,8.222687933,185,149,22.53026548,28.37765124,9.684974855,6.742747649,468,19,11,5,35,479,12,3,3,18,503,497,129,20,169,16
19,1000,30,5.13,10.3,18,37,102,943,36,13,8,57,8.660542541,196,176,34.84147902,44.01136546,10.03982531,7.356395801,452,21,7,6,34,491,15,6,2,23,486,514,154,22,179,17
20,1000,30,5.13,10.3,18,37,101,960,28,7,5,40,8.249411457,180,188,28.0458986,35.86984755,9.739028896,6.795120914,468,18,5,3,26,492,10,2,2,14,494,506,162,26,164,16
22,1000,30,5.13,10.3,18,37,95,959,26,11,4,41,8.28456551,170,113,13.20819007,17.53937115,9.749870111,6.904618458,457,16,10,2,28,502,10,1,2,13,485,515,101,12,155,15
18,1000,30,5.13,10.3,18,37,103,941,31,17,11,59,8.452350905,198,157,18.44424273,24.02810335,9.804880356,7.016159839,470,21,16,8,45,471,10,1,3,14,515,485,135,22,180,18
21,1000,30,5.13,10.3,18,37,97,944,37,9,10,56,8.602252768,187,139,13.77114336,19.27771924,10.00122342,7.366627085,435,21,5,8,34,509,16,4,2,22,469,531,116,23,168,19
23,1000,30,5.13,10.3,18,37,92,950,29,14,7,50,8.76597919,179,145,13.80263081,17.09103363,10.2662167,7.301320438,458,26,6,4,36,492,3,8,3,14,494,506,124,21,147,32
24,1000,30,5.13,10.3,18,37,59,964,23,9,4,36,7.926218969,117,100,9.604075806,11.8883619,8.17826048,7.685991904,474,6,5,3,14,490,17,4,1,22,488,512,79,21,101,16
17,1000,30,5.13,10.3,18,37,104,947,31,14,8,53,8.227205832,170,133,23.09232395,29.22523554,9.687078918,6.749708524,468,19,11,5,35,479,12,3,3,18,503,497,111,22,150,20
25,1000,30,5.13,10.3,18,37,0,938,29,15,18,62,7.501,81,77,7.43897089,8.935348151,6.976878613,8.066528067,497,9,7,6,22,441,20,8,12,40,519,481,45,32,56,25
19,1000,30,5.13,10.3,18,37,103,943,36,13,8,57,8.6733123,197,165,36.41110878,45.67487767,10.08449799,7.339000536,451,22,7,6,35,492,14,6,2,22,486,514,143,22,177,20
20,1000,30,5.13,10.3,18,37,102,959,28,8,5,41,8.304493466,167,155,29.27185058,37.32182827,9.835699762,6.809600362,467,18,6,3,27,492,10,2,2,14,494,506,136,19,149,18
22,1000,30,5.13,10.3,18,37,96,959,26,11,4,41,8.274898699,174,150,13.44270171,17.83851921,9.774625164,6.86253494,456,17,10,2,29,503,9,1,2,12,485,515,127,23,155,19
18,1000,30,5.13,10.3,18,37,104,939,33,17,11,61,8.486522217,193,163,19.13912816,24.87874377,9.878165713,7.00879768,468,23,16,8,47,471,10,1,3,14,515,485,143,20,172,21
21,1000,30,5.13,10.3,18,37,98,943,37,10,10,57,8.636664076,187,142,14.03431155,19.64225102,10.07275658,7.368250923,435,21,5,8,34,508,16,5,2,23,469,531,122,20,174,13
23,1000,30,5.13,10.3,18,37,93,950,28,15,7,50,8.814034766,151,144,14.02897394,17.36495623,10.31880944,7.344946445,458,25,7,4,36,492,3,8,3,14,494,506,122,22,134,17
26,1000,30,5.13,10.3,18,37,0,938,24,18,20,62,7.178,97,75,7.486764355,8.869485215,6.377110694,8.092077088,511,13,4,5,22,427,11,14,15,40,533,467,41,34,62,35
24,1000,30,5.13,10.3,18,37,60,963,24,9,4,37,7.962208577,147,99,9.679686816,11.9823807,8.231887271,7.705171072,473,7,5,3,15,490,17,4,1,22,488,512,79,20,125,22
25,1000,30,5.13,10.3,18,37,1,937,30,15,18,63,7.536572595,85,89,7.441083451,8.967010465,7.025097525,8.08845526,496,10,7,6,23,441,20,8,12,40,519,481,48,41,56,29
19,1000,30,5.13,10.3,18,37,104,942,37,13,8,58,8.697848011,212,155,37.42426908,47.03365673,10.14185216,7.332505561,450,23,7,6,36,492,14,6,2,22,486,514,140,15,199,13
27,1000,30,5.13,10.3,18,37,0,946,25,17,12,54,7.067,94,67,7.545558761,8.888355041,6.721991701,7.388030888,459,8,12,3,23,487,17,5,9,31,482,518,42,25,65,29
20,1000,30,5.13,10.3,18,37,103,958,28,9,5,42,8.348890106,197,162,29.76259855,37.93936739,9.920171325,6.814872473,467,17,7,3,27,491,11,2,2,15,494,506,138,24,182,15
22,1000,30,5.13,10.3,18,37,97,958,27,11,4,42,8.279314156,158,106,13.56316693,18.00616165,9.816632745,6.831548106,455,18,10,2,30,503,9,1,2,12,485,515,88,18,143,15
21,1000,30,5.13,10.3,18,37,99,941,39,9,11,59,8.644653484,205,143,14.24272417,19.93177981,10.11730483,7.34395013,433,23,4,9,36,508,16,5,2,23,469,531,124,19,184,21
23,1000,30,5.13,10.3,18,37,94,950,28,15,7,50,8.788741074,192,142,14.52122919,17.96896982,10.33938504,7.274871274,459,24,7,4,35,491,4,8,3,15,494,506,114,28,178,14
26,1000,30,5.13,10.3,18,37,1,939,23,17,21,61,7.181621083,76,72,7.484571611,8.89385672,6.373432097,8.104029497,511,13,4,5,22,428,10,13,16,39,533,467,45,27,44,32
24,1000,30,5.13,10.3,18,37,61,963,24,9,4,37,7.98017643,118,102,9.738753059,12.02428148,8.24159838,7.731008634,473,7,5,3,15,490,17,4,1,22,488,512,78,24,102,16
25,1000,30,5.13,10.3,18,37,2,937,29,17,17,63,7.594258848,84,72,7.469163168,9.008328964,7.072013022,8.157763179,496,9,8,6,23,441,20,9,11,40,519,481,41,31,52,32
27,1000,30,5.13,10.3,18,37,1,946,25,17,12,54,7.081142609,111,87,7.553851468,8.921147799,6.752845051,7.38662412,459,8,12,3,23,487,17,5,9,31,482,518,54,33,77,34
20,1000,30,5.13,10.3,18,37,104,957,29,9,5,43,8.367930537,223,159,32.07666985,40.64610179,9.96004076,6.813577869,466,18,7,3,28,491,11,2,2,15,494,506,141,18,203,20
28,1000,30,5.13,10.3,18,37,0,928,30,19,23,72,7.858,89,70,7.425636841,9.042066743,6.917448405,8.931477516,506,13,8,6,27,422,17,11,17,45,533,467,32,38,53,36
22,1000,30,5.13,10.3,18,37,98,957,27,12,4,43,8.309752328,183,132,13.85039802,18.32288725,9.853049611,6.856355858,454,18,11,2,31,503,9,1,2,12,485,515,111,21,164,19
23,1000,30,5.13,10.3,18,37,95,949,29,15,7,51,8.772749006,169,145,15.01610804,18.50849843,10.372542,7.210895763,458,25,7,4,36,491,4,8,3,15,494,506,128,17,150,19
21,1000,30,5.13,10.3,18,37,100,940,40,9,11,60,8.619305164,189,150,14.45966532,20.21132885,10.1226347,7.291505627,433,23,4,9,36,507,17,5,2,24,469,531,129,21,174,15
26,1000,30,5.13,10.3,18,37,2,940,24,16,20,60,7.195594311,100,82,7.468963224,8.893472917,6.439171383,8.058920693,511,13,4,5,22,429,11,12,15,38,533,467,42,40,64,36
25,1000,30,5.13,10.3,18,37,3,937,29,17,17,63,7.654563247,87,102,7.461772332,9.001606078,7.122549848,8.228606811,496,9,8,6,23,441,20,9,11,40,519,481,57,45,62,25
27,1000,30,5.13,10.3,18,37,2,947,24,17,12,53,7.08939496,98,87,7.588122049,8.950006479,6.786241774,7.371479584,459,8,12,3,23,488,16,5,9,30,482,518,54,33,73,25
24,1000,30,5.13,10.3,18,37,62,962,25,10,3,38,7.995877944,143,96,9.800650569,12.10457695,8.294670419,7.711091366,472,7,6,3,16,490,18,4,0,22,488,512,79,17,123,20
28,1000,30,5.13,10.3,18,37,1,929,30,18,23,71,7.894385339,81,83,7.442669475,9.057562385,6.948615357,8.973818745,506,13,8,6,27,423,17,10,17,44,533,467,47,36,54,27
22,1000,30,5.13,10.3,18,37,99,954,29,12,5,46,8.326954368,160,148,14.05082365,18.59328888,9.898917078,6.846562301,452,19,12,2,33,502,10,0,3,13,485,515,132,16,143,17
23,1000,30,5.13,10.3,18,37,96,949,28,16,7,51,8.756729305,144,146,15.55616006,19.05828818,10.37337554,7.178422508,458,24,8,4,36,491,4,8,3,15,494,506,128,18,129,15
21,1000,30,5.13,10.3,18,37,101,942,39,9,10,58,8.610824835,197,126,14.65493261,20.46835152,10.19284758,7.213520373,433,23,4,9,36,509,16,5,1,22,469,531,116,10,180,17
26,1000,30,5.13,10.3,18,37,3,940,24,16,20,60,7.187633793,106,93,7.466814331,8.929360483,6.43766542,8.043593413,511,13,4,5,22,429,11,12,15,38,533,467,42,51,76,30
25,1000,30,5.13,10.3,18,37,4,938,28,16,18,62,7.698209379,91,81,7.481584886,9.035393712,7.193984712,8.242268842,496,9,7,7,23,442,19,9,11,39,519,481,44,37,64,27
27,1000,30,5.13,10.3,18,37,3,946,25,17,12,54,7.112397212,89,97,7.60945748,8.997550635,6.829726338,7.375423007,458,9,12,3,24,488,16,5,9,30,482,518,51,46,55,34
24,1000,30,5.13,10.3,18,37,63,962,25,10,3,38,8.035515046,134,92,9.839857788,12.19025206,8.305208851,7.778463138,472,7,6,3,16,490,18,4,0,22,488,512,72,20,109,25
28,1000,30,5.13,10.3,18,37,2,930,29,18,23,70,7.911018745,86,71,7.454150052,9.073857116,7.012274824,8.936780008,506,13,8,6,27,424,16,10,17,43,533,467,34,37,56,30
22,1000,30,5.13,10.3,18,37,100,953,29,13,5,47,8.339399941,189,140,14.34944642,19.00961452,9.930060744,6.841398991,451,19,13,2,34,502,10,0,3,13,485,515,124,16,166,23
23,1000,30,5.13,10.3,18,37,97,950,27,16,7,50,8.753608259,168,127,15.86106656,19.39059473,10.38019866,7.165593125,459,23,8,4,35,491,4,8,3,15,494,506,111,16,154,14
21,1000,30,5.13,10.3,18,37,102,941,40,9,10,59,8.596346981,214,161,14.95963467,20.89988425,10.20744609,7.173361141,432,24,4,9,37,509,16,5,1,22,469,531,144,17,191,23
26,1000,30,5.13,10.3,18,37,4,939,25,15,21,61,7.221763899,87,85,7.49013823,8.950004908,6.48496746,8.062690027,511,13,4,5,22,428,12,11,16,39,533,467,50,35,59,28
25,1000,30,5.13,10.3,18,37,5,937,29,16,18,63,7.750115804,82,93,7.464438522,9.044410843,7.231007903,8.310234308,495,10,7,7,24,442,19,9,11,39,519,481,49,44,60,22
27,1000,30,5.13,10.3,18,37,4,945,26,17,12,55,7.161196936,77,81,7.627730722,9.02578556,6.878477925,7.424267523,457,10,12,3,25,488,16,5,9,30,482,518,49,32,56,21
28,1000,30,5.13,10.3,18,37,3,930,29,18,23,70,7.9156753,81,100,7.470246378,9.100874843,7.036224587,8.919416691,506,13,8,6,27,424,16,10,17,43,533,467,54,46,61,20
22,1000,30,5.13,10.3,18,37,101,952,30,13,5,48,8.373005941,193,151,14.65253663,19.46440981,10.00049031,6.84032649,450,20,13,2,35,502,10,0,3,13,485,515,131,20,171,22
24,1000,30,5.13,10.3,18,37,64,963,23,11,3,37,8.039171257,132,111,9.951922574,12.33233889,8.301195351,7.789429542,473,6,6,3,15,490,17,5,0,22,488,512,79,32,105,27
23,1000,30,5.13,10.3,18,37,98,949,28,16,7,51,8.772118299,175,142,16.29408913,19.84889668,10.42640215,7.157066477,458,24,8,4,36,491,4,8,3,15,494,506,120,22,152,23
21,1000,30,5.13,10.3,18,37,103,941,40,9,10,59,8.549340483,215,143,15.17393331,21.23150037,10.20744609,7.084836664,432,24,4,9,37,509,16,5,1,22,469,531,127,16,205,10
26,1000,30,5.13,10.3,18,37,5,940,26,13,21,60,7.221725999,92,84,7.519526034,8.99637497,6.528602676,8.012806794,511,13,4,5,22,429,13,9,16,38,533,467,43,41,68,24
25,1000,30,5.13,10.3,18,37,6,938,28,16,18,62,7.75682029,93,88,7.480152048,9.043560574,7.202958936,8.354437842,496,9,7,7,23,442,19,9,11,39,519,481,50,38,60,33
27,1000,30,5.13,10.3,18,37,5,947,24,17,12,53,7.156349873,103,75,7.674611473,9.057463609,6.895587405,7.398989853,457,10,12,3,25,490,14,5,9,28,482,518,48,27,70,33
28,1000,30,5.13,10.3,18,37,4,931,29,18,22,69,7.939716197,89,78,7.486080504,9.141304117,7.045331737,8.960501887,507,13,8,5,26,424,16,10,17,43,533,467,38,40,65,24
22,1000,30,5.13,10.3,18,37,102,951,30,14,5,49,8.387942976,194,154,14.93938198,19.79837641,10.0541157,6.81882886,449,20,14,2,36,502,10,0,3,13,485,515,125,29,175,19
23,1000,30,5.13,10.3,18,37,99,948,28,17,7,52,8.7874053,177,138,16.97117543,20.62083053,10.47890395,7.136021243,457,24,9,4,37,491,4,8,3,15,494,506,112,26,160,17
21,1000,30,5.13,10.3,18,37,104,941,39,10,10,59,8.531116749,202,167,15.3735159,21.48199589,10.20482715,7.052830164,432,24,4,9,37,509,15,6,1,22,469,531,150,17,182,20
26,1000,30,5.13,10.3,18,37,6,942,25,13,20,58,7.22830935,108,73,7.534514055,9.018598589,6.574172921,7.974893325,511,13,4,5,22,431,12,9,15,36,533,467,38,35,78,30
29,1000,30,5.13,10.3,18,37,0,937,32,14,17,63,7.609,83,82,7.534460488,9.092752253,6.464788732,8.739562624,480,7,7,3,17,457,25,7,14,46,497,503,40,42,58,25
24,1000,30,5.13,10.3,18,37,65,963,23,10,4,37,8.051868402,128,105,10.07824093,12.49123422,8.311200892,7.804692122,473,6,6,3,15,490,17,4,1,22,488,512,81,24,107,21
25,1000,30,5.13,10.3,18,37,7,939,27,16,18,61,7.783258687,96,68,7.509278718,9.081848143,7.222178978,8.38866486,496,9,7,7,23,443,18,9,11,38,519,481,38,30,68,28
27,1000,30,5.13,10.3,18,37,6,948,23,17,12,52,7.137811066,94,78,7.670645537,9.074753757,6.909346742,7.35039756,457,10,12,3,25,491,13,5,9,27,482,518,37,41,65,29
28,1000,30,5.13,10.3,18,37,5,934,29,17,20,66,7.912266778,89,79,7.509948419,9.184107673,7.08924451,8.851604827,508,13,7,5,25,426,16,10,15,41,533,467,35,44,56,33
22,1000,30,5.13,10.3,18,37,103,949,30,16,5,51,8.433904932,174,150,15.19458921,20.12692646,10.15394014,6.814065952,448,20,15,2,37,501,10,1,3,14,485,515,136,14,164,10
23,1000,30,5.13,10.3,18,37,100,948,28,17,7,52,8.801494581,165,146,17.62815265,21.33192439,10.52460061,7.119252723,457,24,9,4,37,491,4,8,3,15,494,506,124,22,153,12
26,1000,30,5.13,10.3,18,37,7,943,24,13,20,57,7.25015988,87,78,7.534764842,9.040815751,6.596558611,7.996133062,511,13,4,5,22,432,11,9,15,35,533,467,39,39,52,35
29,1000,30,5.13,10.3,18,37,1,936,32,15,17,64,7.657668149,86,67,7.555637448,9.113525394,6.52431805,8.777499162,480,6,8,3,17,456,26,7,14,47,497,503,34,33,53,33
24,1000,30,5.13,10.3,18,37,66,962,24,10,4,38,8.059877677,143,83,10.18013267,12.59563978,8.334934385,7.797714252,473,6,6,3,15,489,18,4,1,23,488,512,63,20,119,24
25,1000,30,5.13,10.3,18,37,8,938,27,18,17,62,7.800291406,99,96,7.527828912,9.117461118,7.27488179,8.367209473,495,10,7,7,24,443,17,11,10,38,519,481,52,44,62,37
27,1000,30,5.13,10.3,18,37,7,948,24,17,11,52,7.155393184,89,83,7.708588562,9.118627641,6.952542751,7.344145903,457,10,12,3,25,491,14,5,8,27,482,518,48,35,69,20
28,1000,30,5.13,10.3,18,37,6,935,29,17,19,65,7.932903524,104,76,7.52078965,9.224130581,7.110194148,8.871884461,508,13,7,5,25,427,16,10,14,40,533,467,37,39,63,41
22,1000,30,5.13,10.3,18,37,104,947,32,16,5,53,8.445194119,200,155,15.63703403,20.6816145,10.16527542,6.82531173,446,22,15,2,39,501,10,1,3,14,485,515,133,22,184,16
30,1000,30,5.13,10.3,18,37,0,932,40,14,14,68,7.386,103,74,7.491726037,9.323297801,6.08531746,8.70766129,487,7,6,4,17,445,33,8,10,51,504,496,42,32,71,32
23,1000,30,5.13,10.3,18,37,101,948,27,18,7,52,8.80835875,187,148,18.56266132,22.37044825,10.55353338,7.104571663,458,22,10,4,36,490,5,8,3,16,494,506,135,13,170,17
26,1000,30,5.13,10.3,18,37,8,944,23,13,20,56,7.257296148,94,82,7.560013177,9.077830218,6.606347091,8.000242289,511,13,4,5,22,433,10,9,15,34,533,467,43,39,60,34
29,1000,30,5.13,10.3,18,37,2,937,31,15,17,63,7.649895429,100,87,7.571133503,9.142732077,6.531476422,8.754973454,480,6,8,3,17,457,25,7,14,46,497,503,54,33,69,31
24,1000,30,5.13,10.3,18,37,67,959,27,10,4,41,8.065418466,155,101,10.26292492,12.68373279,8.407100043,7.739753213,471,8,6,3,17,488,19,4,1,24,488,512,80,21,131,24
25,1000,30,5.13,10.3,18,37,9,938,28,17,17,62,7.830960804,107,91,7.538890342,9.167748704,7.326347174,8.37543996,494,11,6,8,25,444,17,11,9,37,519,481,58,33,73,34
27,1000,30,5.13,10.3,18,37,8,949,24,16,11,51,7.149498045,91,83,7.727580434,9.170892367,6.954413879,7.331024238,458,10,11,3,24,491,14,5,8,27,482,518,55,28,70,21
28,1000,30,5.13,10.3,18,37,7,937,28,16,19,63,7.917559086,91,89,7.528926612,9.259399013,7.084195382,8.868700102,510,12,6,5,23,427,16,10,14,40,533,467,46,43,56,35
23,1000,30,5.13,10.3,18,37,102,946,29,18,7,54,8.822892741,172,148,19.9730142,23.9043276,10.58198919,7.105513989,457,23,10,4,37,489,6,8,3,17,494,506,130,18,158,14
26,1000,30,5.13,10.3,18,37,9,945,22,13,20,55,7.274121283,90,81,7.589774366,9.101000529,6.641391214,7.996273589,511,13,4,5,22,434,9,9,15,33,533,467,41,40,60,30
30,1000,30,5.13,10.3,18,37,1,931,41,14,14,69,7.430113157,93,80,7.513627162,9.334971236,6.131372296,8.74980145,487,7,6,4,17,444,34,8,10,52,504,496,45,35,58,35
29,1000,30,5.13,10.3,18,37,3,941,29,13,17,59,7.648729456,94,75,7.595605098,9.200465154,6.569142711,8.715438427,480,6,8,3,17,461,23,5,14,42,497,503,35,40,74,20
25,1000,30,5.13,10.3,18,37,10,936,31,17,16,64,7.866196084,96,71,7.552234167,9.20927084,7.372550563,8.398840628,493,12,7,7,26,443,19,10,9,38,519,481,45,26,64,32
24,1000,30,5.13,10.3,18,37,68,959,26,10,5,41,8.093907481,141,121,10.36943706,12.82022875,8.476975417,7.728795854,471,7,6,4,17,488,19,4,1,24,488,512,94,27,120,21
27,1000,30,5.13,10.3,18,37,9,952,23,15,10,48,7.156177498,95,83,7.761245457,9.21697872,6.990489175,7.310350803,458,10,11,3,24,494,13,4,7,24,482,518,43,40,70,25
28,1000,30,5.13,10.3,18,37,8,937,28,16,19,63,7.92480825,105,74,7.534223611,9.271442654,7.11150488,8.853053853,510,12,6,5,23,427,16,10,14,40,533,467,42,32,70,35
26,1000,30,5.13,10.3,18,37,10,946,22,13,19,54,7.295615036,82,68,7.568466138,9.118269912,6.693519905,7.982802841,511,13,4,5,22,435,9,9,14,32,533,467,37,31,57,25
23,1000,30,5.13,10.3,18,37,103,946,28,19,7,54,8.852058644,186,148,21.05114042,25.06542142,10.63079903,7.115501826,457,22,11,4,37,489,6,8,3,17,494,506,132,16,173,13
30,1000,30,5.13,10.3,18,37,2,931,41,14,14,69,7.473557616,86,84,7.516117555,9.359728295,6.194996835,8.772740346,487,7,6,4,17,444,34,8,10,52,504,496,54,30,60,26
29,1000,30,5.13,10.3,18,37,4,941,30,13,16,59,7.665371481,87,87,7.594620528,9.217882425,6.598879611,8.719141777,480,6,8,3,17,461,24,5,13,42,497,503,46,41,59,28
25,1000,30,5.13,10.3,18,37,11,939,28,17,16,61,7.818164789,116,86,7.56708846,9.201465125,7.367304929,8.304643514,494,11,7,7,25,445,17,10,9,36,519,481,49,37,77,39
27,1000,30,5.13,10.3,18,37,10,956,19,15,10,44,7.165473394,112,71,7.755256963,9.246113965,7.02086251,7.300034101,459,9,11,3,23,497,10,4,7,21,482,518,43,28,84,28
24,1000,30,5.13,10.3,18,37,69,958,26,11,5,42,8.115997784,115,108,10.45399852,12.93390899,8.514858693,7.735833481,469,9,6,4,19,489,17,5,1,23,488,512,85,23,102,13
28,1000,30,5.13,10.3,18,37,9,936,28,18,18,64,7.933864738,94,98,7.567016942,9.318029364,7.178586932,8.795884161,509,12,7,5,24,427,16,11,13,40,533,467,54,44,67,27
26,1000,30,5.13,10.3,18,37,11,947,21,13,19,53,7.310687979,105,85,7.566030256,9.152096696,6.736615922,7.965892276,512,12,4,5,21,435,9,9,14,32,533,467,40,45,71,34
23,1000,30,5.13,10.3,18,37,104,945,29,19,7,55,8.856256512,204,147,21.40054502,25.49724203,10.64814626,7.10686217,457,22,11,4,37,488,7,8,3,18,494,506,126,21,178,26
31,1000,30,5.13,10.3,18,37,0,934,32,20,14,66,7.402,94,95,7.454729979,9.112779654,6.089463221,8.730382294,483,13,3,4,20,451,19,17,10,46,503,497,48,47,71,23
30,1000,30,5.13,10.3,18,37,3,931,41,14,14,69,7.500137557,112,82,7.531691922,9.422524422,6.205425218,8.815732353,487,7,6,4,17,444,34,8,10,52,504,496,39,43,76,36
29,1000,30,5.13,10.3,18,37,5,941,31,13,15,59,7.679190903,96,85,7.588162862,9.261289529,6.625955612,8.71986275,480,6,8,3,17,461,25,5,12,42,497,503,51,34,73,23
25,1000,30,5.13,10.3,18,37,12,939,27,17,17,61,7.860510796,97,88,7.581000101,9.246173157,7.428676655,8.326460733,494,10,7,8,25,445,17,10,9,36,519,481,50,38,69,28
27,1000,30,5.13,10.3,18,37,11,958,17,15,10,42,7.209108577,93,78,7.782777946,9.291125634,7.048364194,7.358681535,460,8,11,3,22,498,9,4,7,20,482,518,52,26,66,27
28,1000,30,5.13,10.3,18,37,10,936,29,18,17,64,7.976823848,107,69,7.592336502,9.338962443,7.250718669,8.805547746,509,12,7,5,24,427,17,11,12,40,533,467,38,31,71,36
24,1000,30,5.13,10.3,18,37,70,956,28,11,5,44,8.123074928,125,119,10.52157058,13.04963966,8.591902785,7.676223376,467,11,6,4,21,489,17,5,1,23,488,512,99,20,111,14
26,1000,30,5.13,10.3,18,37,12,947,23,13,17,53,7.30766093,104,81,7.58672403,9.189231734,6.762946689,7.929358339,512,12,4,5,21,435,11,9,12,32,533,467,41,40,64,40
30,1000,30,5.13,10.3,18,37,4,930,42,14,14,70,7.540212932,79,68,7.546283287,9.476237539,6.246178134,8.855119258,487,7,6,4,17,443,35,8,10,53,504,496,31,37,59,20
31,1000,30,5.13,10.3,18,37,1,935,32,19,14,65,7.408285509,84,85,7.473720113,9.142743284,6.109523142,8.7227271,483,13,3,4,20,452,19,16,10,45,503,497,41,44,57,27
29,1000,30,5.13,10.3,18,37,6,942,30,13,15,58,7.73344982,103,101,7.614611788,9.282437316,6.72007936,8.734732362,480,6,8,3,17,462,24,5,12,41,497,503,52,49,75,28
25,1000,30,5.13,10.3,18,37,13,940,26,16,18,60,7.881380978,87,91,7.572464846,9.276994694,7.468097279,8.327314949,494,10,7,8,25,446,16,9,10,35,519,481,58,33,64,23
27,1000,30,5.13,10.3,18,37,12,959,17,14,10,41,7.192465395,106,80,7.808447982,9.317934592,7.05771898,7.317847194,460,8,11,3,22,499,9,3,7,19,482,518,45,35,74,32
28,1000,30,5.13,10.3,18,37,11,936,29,18,17,64,7.98439964,89,81,7.61006793,9.382795089,7.279871161,8.788497453,509,12,7,5,24,427,17,11,12,40,533,467,50,31,60,29
26,1000,30,5.13,10.3,18,37,13,948,22,13,17,52,7.319874953,108,86,7.589244268,9.204870776,6.765401672,7.952710626,513,12,3,5,20,435,10,10,12,32,533,467,49,37,73,35
24,1000,30,5.13,10.3,18,37,71,954,30,10,6,46,8.154464263,139,104,10.5727943,13.15797005,8.641739665,7.690029896,466,12,6,4,22,488,18,4,2,24,488,512,78,26,119,20
30,1000,30,5.13,10.3,18,37,5,931,41,14,14,69,7.554417233,96,76,7.551734244,9.515640454,6.285585116,8.843714384,487,7,6,4,17,444,34,8,10,52,504,496,48,28,70,26
31,1000,30,5.13,10.3,18,37,2,938,32,17,13,62,7.414821228,85,95,7.488091231,9.165938889,6.135708118,8.709376348,483,13,3,4,20,455,19,14,9,42,503,497,56,39,65,20
29,1000,30,5.13,10.3,18,37,7,944,27,14,15,56,7.737678064,102,63,7.637078182,9.322059171,6.723430261,8.739827484,480,6,8,3,17,464,21,6,12,39,497,503,38,25,67,35
25,1000,30,5.13,10.3,18,37,14,944,24,13,19,56,7.866546204,103,84,7.579356331,9.310848883,7.463143736,8.301818304,494,11,6,8,25,450,13,7,11,31,519,481,54,30,75,28
27,1000,30,5.13,10.3,18,37,13,961,14,15,10,39,7.180754151,86,76,7.834190061,9.348987334,7.046889082,7.305315856,461,7,11,3,21,500,7,4,7,18,482,518,48,28,63,23
28,1000,30,5.13,10.3,18,37,12,938,27,18,17,62,8.002314076,93,79,7.618975523,9.435928741,7.326259458,8.773913885,509,12,7,5,24,429,15,11,12,38,533,467,44,35,67,26
26,1000,30,5.13,10.3,18,37,14,946,24,13,17,54,7.342969498,95,95,7.58361563,9.235259304,6.805837547,7.95601303,512,13,3,5,21,434,11,10,12,33,533,467,47,48,58,37
30,1000,30,5.13,10.3,18,37,6,934,40,13,13,66,7.519124208,113,94,7.581913272,9.577102402,6.286622863,8.771504607,489,6,5,4,15,445,34,8,9,51,504,496,47,47,76,37
24,1000,30,5.13,10.3,18,37,72,954,30,9,7,46,8.168025371,132,111,10.62234135,13.23141126,8.681303392,7.678807257,466,12,6,4,22,488,18,3,3,24,488,512,86,25,119,13
31,1000,30,5.13,10.3,18,37,3,937,33,18,12,63,7.417491075,84,84,7.519218722,9.205576928,6.144862685,8.705483188,483,13,3,4,20,454,20,15,8,43,503,497,49,35,54,30
29,1000,30,5.13,10.3,18,37,8,945,26,14,15,55,7.722645917,101,90,7.653010588,9.338448903,6.743202766,8.69040585,480,6,8,3,17,465,20,6,12,38,497,503,49,41,73,28
25,1000,30,5.13,10.3,18,37,15,942,26,13,19,58,7.921107718,93,71,7.618442111,9.366341499,7.545146065,8.326771122,492,13,6,8,27,450,13,7,11,31,519,481,44,27,63,30
27,1000,30,5.13,10.3,18,37,14,959,16,15,10,41,7.199802807,100,84,7.857812956,9.391836423,7.085610102,7.30605934,460,8,11,3,22,499,8,4,7,19,482,518,52,32,76,24
28,1000,30,5.13,10.3,18,37,13,939,27,17,17,61,8.036819691,93,88,7.616080682,9.446640658,7.385097345,8.780648407,509,12,7,5,24,430,15,10,12,37,533,467,45,43,65,28
26,1000,30,5.13,10.3,18,37,15,948,23,12,17,52,7.321279101,114,93,7.605722743,9.270679395,6.806454668,7.908862447,512,13,3,5,21,436,10,9,12,31,533,467,52,41,78,36
30,1000,30,5.13,10.3,18,37,7,936,39,12,13,64,7.552883053,112,82,7.602138568,9.59605543,6.3125527,8.813218734,490,5,5,4,14,446,34,7,9,50,504,496,47,35,79,33
24,1000,30,5.13,10.3,18,37,73,954,30,9,7,46,8.185154617,129,115,10.74502275,13.39774169,8.705499385,7.689201009,466,12,6,4,22,488,18,3,3,24,488,512,99,16,121,8
29,1000,30,5.13,10.3,18,37,9,947,25,13,15,53,7.713346406,107,83,7.665309457,9.367158006,6.792594173,8.62311551,480,6,8,3,17,467,19,5,12,36,497,503,51,32,73,34
25,1000,30,5.13,10.3,18,37,16,944,24,13,19,56,7.921666511,92,72,7.626228696,9.390453793,7.558816069,8.313182891,493,12,6,8,26,451,12,7,11,30,519,481,38,34,62,30
27,1000,30,5.13,10.3,18,37,15,959,16,15,10,41,7.224216388,95,77,7.881928838,9.425785667,7.167190982,7.277278639,459,8,12,3,23,500,8,3,7,18,482,518,46,31,69,26
31,1000,30,5.13,10.3,18,37,4,938,32,18,12,62,7.47837871,85,91,7.516074946,9.240690356,6.257541927,8.713953965,483,13,3,4,20,455,19,15,8,42,503,497,53,38,56,29
28,1000,30,5.13,10.3,18,37,14,939,28,17,16,61,8.064555944,110,70,7.619083955,9.465374339,7.432061889,8.78643888,509,12,7,5,24,430,16,10,11,37,533,467,45,25,64,46
26,1000,30,5.13,10.3,18,37,16,948,23,12,17,52,7.362846311,95,77,7.614060529,9.293832231,6.840406226,7.959121612,512,13,3,5,21,436,10,9,12,31,533,467,41,36,68,27
30,1000,30,5.13,10.3,18,37,8,941,35,11,13,59,7.514989703,104,80,7.614651319,9.607237889,6.369090339,8.679371314,490,5,5,4,14,451,30,6,9,45,504,496,48,32,76,28
29,1000,30,5.13,10.3,18,37,10,948,23,14,15,52,7.750181942,115,77,7.654129643,9.398505117,6.845770038,8.643805632,480,5,9,3,17,468,18,5,12,35,497,503,41,36,84,31
25,1000,30,5.13,10.3,18,37,17,944,24,13,19,56,7.941947094,105,81,7.641438225,9.425753794,7.588603385,8.32320569,493,12,6,8,26,451,12,7,11,30,519,481,54,27,71,34
27,1000,30,5.13,10.3,18,37,16,959,17,15,9,41,7.247090633,89,78,7.889642032,9.460437072,7.191493925,7.298823477,459,8,12,3,23,500,9,3,6,18,482,518,49,29,64,25
24,1000,30,5.13,10.3,18,37,74,955,29,9,7,45,8.191340812,123,104,10.82190839,13.51853312,8.738523963,7.66980687,465,13,6,4,23,490,16,3,3,22,488,512,84,20,104,19
31,1000,30,5.13,10.3,18,37,5,939,32,17,12,61,7.5088332,96,61,7.512438351,9.260244607,6.288242946,8.744158951,483,13,3,4,20,456,19,14,8,41,503,497,38,23,66,30
28,1000,30,5.13,10.3,18,37,15,941,26,17,16,59,8.052591621,91,84,7.639281137,9.486942375,7.438084475,8.753945602,510,11,7,5,23,431,15,10,11,36,533,467,50,34,61,30
26,1000,30,5.13,10.3,18,37,17,947,23,13,17,53,7.397167802,93,79,7.613181394,9.348685134,6.886554778,7.979944551,512,12,4,5,21,435,11,9,12,32,533,467,54,25,60,33
30,1000,30,5.13,10.3,18,37,9,942,34,11,13,58,7.53382248,84,84,7.623651202,9.6594483,6.400293515,8.685634171,490,5,5,4,14,452,29,6,9,44,504,496,50,34,64,20
25,1000,30,5.13,10.3,18,37,18,943,25,13,19,57,7.972731206,106,86,7.666743972,9.451505195,7.632938783,8.339367938,493,12,6,8,26,450,13,7,11,31,519,481,50,36,74,32
29,1000,30,5.13,10.3,18,37,11,950,22,13,15,50,7.761106175,117,80,7.67251332,9.456122296,6.84238899,8.668864507,482,4,8,3,15,468,18,5,12,35,497,503,50,30,86,31
27,1000,30,5.13,10.3,18,37,17,959,17,15,9,41,7.288667396,99,87,7.932820665,9.543496764,7.228274846,7.344862781,459,8,12,3,23,500,9,3,6,18,482,518,61,26,77,22
31,1000,30,5.13,10.3,18,37,6,940,32,16,12,60,7.53128093,101,77,7.528990857,9.312540179,6.336427828,8.740558819,483,13,3,4,20,457,19,13,8,40,503,497,42,35,68,33
24,1000,30,5.13,10.3,18,37,75,956,28,9,7,44,8.191868786,136,113,10.92703137,13.65722266,8.787418956,7.62423503,465,13,6,4,23,491,15,3,3,21,488,512,78,35,118,18
28,1000,30,5.13,10.3,18,37,16,941,26,17,16,59,8.053246188,107,71,7.645035248,9.515779432,7.485189815,8.701584617,510,11,7,5,23,431,15,10,11,36,533,467,46,25,73,34
26,1000,30,5.13,10.3,18,37,18,949,22,13,16,51,7.381712892,91,94,7.640467872,9.3577047,6.932379479,7.894549528,513,11,4,5,20,436,11,9,11,31,533,467,52,42,60,31
30,1000,30,5.13,10.3,18,37,10,943,33,11,13,57,7.558325501,118,81,7.663577243,9.725630931,6.451829133,8.682668585,490,5,5,4,14,453,28,6,9,43,504,496,45,36,80,38
27,1000,30,5.13,10.3,18,37,18,957,18,16,9,43,7.31246847,102,79,7.947590297,9.586043456,7.261437484,7.359952901,458,9,12,3,24,499,9,4,6,19,482,518,53,26,76,26
25,1000,30,5.13,10.3,18,37,19,943,25,12,20,57,7.979935454,103,89,7.662656287,9.474796181,7.648110754,8.337974996,493,12,5,9,26,450,13,7,11,31,519,481,52,37,74,29
29,1000,30,5.13,10.3,18,37,12,949,23,12,16,51,7.794321495,110,62,7.694079818,9.515575408,6.89276734,8.685121525,481,5,7,4,16,468,18,5,12,35,497,503,40,22,73,37
31,1000,30,5.13,10.3,18,37,7,942,30,16,12,58,7.515142377,101,88,7.542632424,9.333460414,6.344605476,8.699810509,484,12,3,4,19,458,18,13,8,39,503,497,49,39,68,33
28,1000,30,5.13,10.3,18,37,17,940,27,18,15,60,8.08436394,96,79,7.646996455,9.532984184,7.571007544,8.670271776,507,13,8,5,26,433,14,10,10,34,533,467,46,33,69,27
24,1000,30,5.13,10.3,18,37,76,957,27,9,7,43,8.16496466,146,84,10.98835485,13.77678287,8.826344636,7.534586869,465,13,6,4,23,492,14,3,3,20,488,512,72,12,128,18
26,1000,30,5.13,10.3,18,37,19,949,22,13,16,51,7.379665495,91,71,7.668209927,9.375864646,6.933843868,7.888494033,513,11,4,5,20,436,11,9,11,31,533,467,35,36,65,26
30,1000,30,5.13,10.3,18,37,11,946,30,12,12,54,7.55397435,101,80,7.677241516,9.760060782,6.490217667,8.634888399,490,5,5,4,14,456,25,7,8,40,504,496,45,35,75,26
27,1000,30,5.13,10.3,18,37,19,956,20,15,9,44,7.327932118,103,82,7.979699502,9.620151361,7.300057491,7.353869512,458,10,11,3,24,498,10,4,6,20,482,518,44,38,81,22
25,1000,30,5.13,10.3,18,37,20,943,25,12,20,57,8.005522122,112,74,7.695396108,9.537521748,7.706311426,8.328371085,493,12,5,9,26,450,13,7,11,31,519,481,49,25,79,33
29,1000,30,5.13,10.3,18,37,13,950,23,12,15,50,7.764977847,108,81,7.723096294,9.545307556,6.905526259,8.614177528,481,5,7,4,16,469,18,5,11,34,497,503,46,35,85,23
31,1000,30,5.13,10.3,18,37,8,943,30,15,12,57,7.518719695,94,83,7.544859766,9.386102302,6.38319388,8.667954071,483,13,3,4,20,460,17,12,8,37,503,497,46,37,68,26
28,1000,30,5.13,10.3,18,37,18,940,27,19,14,60,8.09284309,95,97,7.656159214,9.564031568,7.618141808,8.634632775,507,13,8,5,26,433,14,11,9,34,533,467,59,38,71,24
26,1000,30,5.13,10.3,18,37,20,951,21,12,16,49,7.382475471,89,70,7.69441487,9.414770754,6.946202832,7.880405485,514,10,4,5,19,437,11,8,11,30,533,467,37,33,59,30
24,1000,30,5.13,10.3,18,37,77,957,27,9,7,43,8.178444683,146,99,11.07039028,13.91527004,8.85383764,7.534710771,464,14,6,4,24,493,13,3,3,19,488,512,78,21,130,16
30,1000,30,5.13,10.3,18,37,12,947,30,12,11,53,7.542808416,94,79,7.682289189,9.802774718,6.493979729,8.608553696,491,5,4,4,13,456,25,8,7,40,504,496,45,34,69,25
27,1000,30,5.13,10.3,18,37,20,956,22,15,7,44,7.305505143,109,88,8.015662504,9.665009044,7.293163305,7.316989246,458,11,11,2,24,498,11,4,5,20,482,518,57,31,84,25
25,1000,30,5.13,10.3,18,37,21,944,25,12,19,56,8.028188349,95,81,7.712708039,9.571195361,7.750788321,8.327503555,493,12,5,9,26,451,13,7,10,30,519,481,53,28,66,29
29,1000,30,5.13,10.3,18,37,14,950,23,12,15,50,7.786995519,97,81,7.765729522,9.584874321,6.922748771,8.640933161,481,5,7,4,16,469,18,5,11,34,497,503,54,27,68,29
31,1000,30,5.13,10.3,18,37,9,945,29,14,12,55,7.51229421,97,82,7.573221023,9.424577056,6.394192731,8.643893897,483,13,3,4,20,462,16,11,8,35,503,497,48,34,74,23
28,1000,30,5.13,10.3,18,37,19,939,28,19,14,61,8.107368409,90,74,7.675607069,9.598931052,7.648130115,8.63150976,507,13,8,5,26,432,15,11,9,35,533,467,37,37,60,30
26,1000,30,5.13,10.3,18,37,21,951,22,11,16,49,7.392349092,86,83,7.72632539,9.432978417,6.98677201,7.855245419,513,11,4,5,20,438,11,7,11,29,533,467,46,37,61,25
30,1000,30,5.13,10.3,18,37,13,946,31,12,11,54,7.560425184,104,82,7.689239931,9.841330262,6.539490975,8.597826074,491,5,4,4,13,455,26,8,7,41,504,496,47,35,69,35
24,1000,30,5.13,10.3,18,37,78,956,28,9,7,44,8.205252566,147,107,11.21191164,14.09253993,8.927673278,7.516695325,464,14,6,4,24,492,14,3,3,20,488,512,91,16,125,22
27,1000,30,5.13,10.3,18,37,21,957,22,14,7,43,7.319681206,100,72,8.048706926,9.733534239,7.307389305,7.331118843,458,11,11,2,24,499,11,3,5,19,482,518,45,27,72,28
25,1000,30,5.13,10.3,18,37,22,942,27,12,19,58,8.045324023,103,80,7.748668436,9.638582964,7.768376959,8.344150481,492,13,5,9,27,450,14,7,10,31,519,481,42,38,73,30
29,1000,30,5.13,10.3,18,37,15,949,24,13,14,51,7.834348261,88,86,7.77576443,9.614072961,7.019975383,8.63900695,481,5,7,4,16,468,19,6,10,35,497,503,55,31,64,24
31,1000,30,5.13,10.3,18,37,10,946,29,13,12,54,7.511486693,104,92,7.605773979,9.478278669,6.409027951,8.627254795,483,13,3,4,20,463,16,10,8,34,503,497,59,33,66,38
28,1000,30,5.13,10.3,18,37,20,939,28,18,15,61,8.151462461,77,73,7.687804872,9.620496858,7.701208111,8.665350187,507,13,8,5,26,432,15,10,10,35,533,467,42,31,55,22
26,1000,30,5.13,10.3,18,37,22,953,21,10,16,47,7.390656262,97,86,7.752750007,9.474881441,7.008969739,7.826285634,513,11,4,5,20,440,10,6,11,27,533,467,57,29,67,30
30,1000,30,5.13,10.3,18,37,14,949,29,10,12,51,7.55048515,121,81,7.697093047,9.857860377,6.560297724,8.556643341,491,6,3,4,13,458,23,7,8,38,504,496,41,40,84,37
27,1000,30,5.13,10.3,18,37,22,958,21,14,7,42,7.323881451,109,82,8.076675829,9.794056876,7.329558088,7.31859933,458,11,11,2,24,500,10,3,5,18,482,518,60,22,88,21
25,1000,30,5.13,10.3,18,37,23,943,27,12,18,57,8.055253945,111,77,7.770329295,9.674358811,7.790411382,8.341019621,492,14,5,8,27,451,13,7,10,30,519,481,56,21,80,31
24,1000,30,5.13,10.3,18,37,79,956,28,9,7,44,8.205716379,153,127,11.28435829,14.20530622,8.965346684,7.481693745,464,14,6,4,24,492,14,3,3,20,488,512,105,22,142,11
29,1000,30,5.13,10.3,18,37,16,947,26,13,14,53,7.866662589,105,79,7.795811889,9.639521718,7.052163257,8.671446224,481,5,7,4,16,466,21,6,10,37,497,503,51,28,83,22
31,1000,30,5.13,10.3,18,37,11,947,28,14,11,53,7.523207489,98,63,7.62403885,9.501609275,6.429646333,8.62997059,484,12,3,4,19,463,16,11,7,34,503,497,39,24,67,31
28,1000,30,5.13,10.3,18,37,21,940,27,18,15,60,8.133573977,98,91,7.728182487,9.655367255,7.712150135,8.614556649,507,13,8,5,26,433,14,10,10,34,533,467,48,43,70,28
26,1000,30,5.13,10.3,18,37,23,954,22,10,14,46,7.349355972,118,87,7.763089995,9.500121852,7.038180991,7.704508574,513,11,4,5,20,441,11,6,9,26,533,467,56,31,80,38
30,1000,30,5.13,10.3,18,37,15,950,26,12,12,50,7.57863628,107,70,7.681352095,9.878942449,6.612317677,8.560540667,491,6,3,4,13,459,20,9,8,37,504,496,49,21,80,27
27,1000,30,5.13,10.3,18,37,23,956,23,14,7,44,7.368772481,127,78,8.089148795,9.846739823,7.374090748,7.363823824,457,12,11,2,25,499,11,3,5,19,482,518,47,31,89,38
25,1000,30,5.13,10.3,18,37,24,942,27,13,18,58,8.084552274,90,80,7.796403069,9.752027987,7.820549204,8.369412135,491,15,5,8,28,451,12,8,10,30,519,481,50,30,61,29
29,1000,30,5.13,10.3,18,37,17,946,27,13,14,54,7.893540066,96,70,7.825945646,9.701289817,7.103669269,8.673988944,480,6,7,4,17,466,21,6,10,37,497,503,44,26,73,23
24,1000,30,5.13,10.3,18,37,80,957,28,8,7,43,8.173932358,138,132,11.4355197,14.42631238,8.92148264,7.461423496,465,14,5,4,23,492,14,3,3,20,488,512,108,24,116,22
31,1000,30,5.13,10.3,18,37,12,949,27,13,11,51,7.520253189,111,77,7.652319288,9.543983389,6.444890188,8.608598439,484,12,3,4,19,465,15,10,7,32,503,497,49,28,78,33
28,1000,30,5.13,10.3,18,37,22,940,25,20,15,60,8.14084891,112,87,7.736265809,9.656605995,7.763795015,8.571190936,507,11,10,5,26,433,14,10,10,34,533,467,49,38,78,34
26,1000,30,5.13,10.3,18,37,24,953,23,10,14,47,7.350000448,101,86,7.774007074,9.505858425,7.047834627,7.694870647,512,12,4,5,21,441,11,6,9,26,533,467,48,38,76,25
30,1000,30,5.13,10.3,18,37,16,950,25,13,12,50,7.578947046,96,94,7.695271365,9.932329468,6.616225128,8.557196737,491,6,3,4,13,459,19,10,8,37,504,496,55,39,61,35
27,1000,30,5.13,10.3,18,37,24,956,23,14,7,44,7.397567546,89,77,8.12924067,9.861104667,7.43172123,7.365787478,457,12,11,2,25,499,11,3,5,19,482,518,56,21,70,19
25,1000,30,5.13,10.3,18,37,25,942,27,12,19,58,8.077523932,102,88,7.827858727,9.795153121,7.828634725,8.346075902,490,16,4,9,29,452,11,8,10,29,519,481,53,35,78,24
29,1000,30,5.13,10.3,18,37,18,946,28,12,14,54,7.891570348,102,93,7.837452536,9.727516482,7.096856257,8.676804747,481,6,6,4,16,465,22,6,10,38,497,503,56,37,72,30
31,1000,30,5.13,10.3,18,37,13,949,27,13,11,51,7.571267178,101,93,7.677074822,9.597480589,6.512741909,8.642571425,484,12,3,4,19,465,15,10,7,32,503,497,59,34,73,28
24,1000,30,5.13,10.3,18,37,81,959,27,8,6,41,8.166561485,147,116,11.6223451,14.70627397,8.986997275,7.384583623,465,13,6,4,23,494,14,2,2,18,488,512,100,16,131,16
28,1000,30,5.13,10.3,18,37,23,941,24,19,16,59,8.12524221,100,80,7.750521382,9.687356642,7.799457117,8.497069737,507,11,9,6,26,434,13,10,10,33,533,467,46,34,72,28
26,1000,30,5.13,10.3,18,37,25,953,22,11,14,47,7.400002263,95,100,7.781049425,9.535929829,7.108648935,7.732531865,512,11,5,5,21,441,11,6,9,26,533,467,60,40,66,29
30,1000,30,5.13,10.3,18,37,17,950,25,13,12,50,7.596297538,110,82,7.735831832,9.970736953,6.655330715,8.552441245,491,6,3,4,13,459,19,10,8,37,504,496,50,32,83,27
27,1000,30,5.13,10.3,18,37,25,956,23,14,7,44,7.410260442,108,86,8.158331989,9.920351626,7.454363206,7.369222734,457,12,11,2,25,499,11,3,5,19,482,518,55,31,85,23
25,1000,30,5.13,10.3,18,37,26,941,28,12,19,59,8.099257056,107,78,7.845241634,9.853630697,7.856588009,8.361097463,489,17,4,9,30,452,11,8,10,29,519,481,53,25,84,23
29,1000,30,5.13,10.3,18,37,19,947,28,11,14,53,7.868112395,106,85,7.846771745,9.767380418,7.109686973,8.617490994,481,6,6,4,16,466,22,5,10,37,497,503,51,34,84,22
31,1000,30,5.13,10.3,18,37,14,950,27,12,11,50,7.592107115,99,74,7.700190297,9.647831776,6.541324701,8.65557503,485,12,2,4,18,465,15,10,7,32,503,497,52,22,79,20
28,1000,30,5.13,10.3,18,37,24,941,24,19,16,59,8.204639208,93,81,7.775370306,9.719166482,7.874292919,8.581672554,507,11,9,6,26,434,13,10,10,33,533,467,51,30,66,27
26,1000,30,5.13,10.3,18,37,26,953,22,11,14,47,7.429974353,96,68,7.814106892,9.583996857,7.156489894,7.742109721,512,11,5,5,21,441,11,6,9,26,533,467,49,19,74,22
24,1000,30,5.13,10.3,18,37,82,959,26,9,6,41,8.196237807,153,127,11.8035031,14.94994941,9.011424444,7.419263043,465,13,6,4,23,494,13,3,2,18,488,512,97,30,141,12
30,1000,30,5.13,10.3,18,37,18,947,28,13,12,53,7.652184308,110,88,7.79010063,10.0082914,6.719175334,8.600241814,490,7,3,4,14,457,21,10,8,39,504,496,54,34,85,25
27,1000,30,5.13,10.3,18,37,26,957,23,13,7,43,7.395060199,107,77,8.18139811,9.932994363,7.447078422,7.346657142,458,12,10,2,24,499,11,3,5,19,482,518,47,30,79,28
25,1000,30,5.13,10.3,18,37,27,943,27,11,19,57,8.11322424,117,71,7.857372666,9.875084109,7.912868821,8.329408154,490,17,3,9,29,453,10,8,10,28,519,481,48,23,86,31
29,1000,30,5.13,10.3,18,37,20,948,28,10,14,52,7.871667371,98,84,7.859314159,9.800821935,7.169364767,8.565592608,480,7,6,4,17,468,21,4,10,35,497,503,55,29,76,22
31,1000,30,5.13,10.3,18,37,15,950,27,12,11,50,7.611123751,97,74,7.723679677,9.723252308,6.554109474,8.680898764,485,12,2,4,18,465,15,10,7,32,503,497,45,29,73,24
28,1000,30,5.13,10.3,18,37,25,941,25,18,16,59,8.246154589,96,89,7.796226502,9.765255425,7.913200475,8.626164316,507,11,9,6,26,434,14,9,10,33,533,467,58,31,65,31
26,1000,30,5.13,10.3,18,37,27,956,20,12,12,44,7.399117013,105,78,7.81712745,9.601053047,7.162917163,7.668698426,512,11,5,5,21,444,9,7,7,23,533,467,47,31,83,22
24,1000,30,5.13,10.3,18,37,83,959,26,9,6,41,8.195880717,151,112,11.93294272,15.13682522,9.040875382,7.390495178,464,14,6,4,24,495,12,3,2,17,488,512,100,12,133,18
30,1000,30,5.13,10.3,18,37,19,949,29,12,10,51,7.670911589,116,91,7.828083498,10.03429399,6.784138216,8.571987759,489,8,3,4,15,460,21,9,6,36,504,496,49,42,94,22
27,1000,30,5.13,10.3,18,37,27,957,24,12,7,43,7.41235621,106,88,8.209147434,9.979114324,7.48541557,7.344374334,458,13,9,2,24,499,11,3,5,19,482,518,59,29,80,26
25,1000,30,5.13,10.3,18,37,28,945,27,11,17,55,8.120652263,109,100,7.90123047,9.913326398,7.967539136,8.285861644,490,17,3,9,29,455,10,8,8,26,519,481,61,39,86,23
29,1000,30,5.13,10.3,18,37,21,947,29,10,14,53,7.88404361,109,81,7.880422123,9.845621217,7.199689214,8.560234733,480,7,6,4,17,467,22,4,10,36,497,503,51,30,80,29
31,1000,30,5.13,10.3,18,37,16,951,25,13,11,49,7.614274376,109,95,7.746980359,9.755442432,6.595629726,8.645216547,486,10,3,4,17,465,15,10,7,32,503,497,61,34,75,34
28,1000,30,5.13,10.3,18,37,26,941,25,17,17,59,8.292610072,105,87,7.815556494,9.800464304,8.006653197,8.618980554,507,11,8,7,26,434,14,9,10,33,533,467,57,30,78,27
26,1000,30,5.13,10.3,18,37,28,954,22,12,12,46,7.430165763,102,76,7.830036181,9.6259077,7.189964936,7.704313602,511,12,5,5,22,443,10,7,7,24,533,467,50,26,72,30
30,1000,30,5.13,10.3,18,37,20,954,24,13,9,46,7.674301781,112,79,7.84780127,10.08790245,6.840885256,8.521160508,489,7,4,4,15,465,17,9,5,31,504,496,41,38,78,34
24,1000,30,5.13,10.3,18,37,84,959,26,9,6,41,8.207324793,146,125,12.15043207,15.42230062,9.077349489,7.378082504,464,14,6,4,24,495,12,3,2,17,488,512,110,15,130,16
27,1000,30,5.13,10.3,18,37,28,958,22,13,7,42,7.435904891,109,97,8.233756556,10.0443192,7.507108826,7.369649493,459,12,9,2,23,499,10,4,5,19,482,518,65,32,79,30
25,1000,30,5.13,10.3,18,37,29,946,25,11,18,54,8.133036061,100,101,7.900529449,9.941423676,8.000434853,8.276113039,491,15,4,9,28,455,10,7,9,26,519,481,60,41,71,29
29,1000,30,5.13,10.3,18,37,22,948,28,10,14,52,7.883148886,109,92,7.919708182,9.908876703,7.213851956,8.544462155,481,5,7,4,16,467,23,3,10,36,497,503,50,42,85,24
31,1000,30,5.13,10.3,18,37,17,949,27,13,11,51,7.666749967,105,77,7.771605932,9.785457327,6.684248419,8.661112701,485,11,3,4,18,464,16,10,7,33,503,497,46,31,72,33
28,1000,30,5.13,10.3,18,37,27,940,26,17,17,60,8.324509759,105,76,7.826731205,9.851018426,8.050476622,8.637271349,506,12,8,7,27,434,14,9,10,33,533,467,46,30,75,30
26,1000,30,5.13,10.3,18,37,29,955,22,11,12,45,7.398723494,110,81,7.85349715,9.685962465,7.205005312,7.619819405,511,12,5,5,22,444,10,6,7,23,533,467,55,26,83,27
30,1000,30,5.13,10.3,18,37,21,952,25,14,9,48,7.707360048,125,80,7.862090646,10.12955037,6.89548606,8.532328779,488,7,5,4,16,464,18,9,5,32,504,496,52,28,91,34
27,1000,30,5.13,10.3,18,37,29,959,21,13,7,41,7.424930819,114,97,8.282454667,10.09533576,7.474462073,7.378841892,460,11,9,2,22,499,10,4,5,19,482,518,55,42,79,35
25,1000,30,5.13,10.3,18,37,30,949,24,10,17,51,8.12164215,108,93,7.926810649,9.988713085,8.030640294,8.219833342,491,15,4,9,28,458,9,6,8,23,519,481,58,35,79,29
24,1000,30,5.13,10.3,18,37,85,957,28,9,6,43,8.196781729,159,124,12.28868676,15.60896918,9.076144059,7.358639509,463,15,6,4,25,494,13,3,2,18,488,512,103,21,143,16
29,1000,30,5.13,10.3,18,37,23,950,28,10,12,50,7.891111277,114,79,7.949108969,9.938974188,7.219386705,8.55482323,481,5,7,4,16,469,23,3,8,34,497,503,58,21,88,26
31,1000,30,5.13,10.3,18,37,18,949,27,13,11,51,7.671577133,113,91,7.785759761,9.827879184,6.709984559,8.64477847,485,11,3,4,18,464,16,10,7,33,503,497,59,32,85,28
26,1000,30,5.13,10.3,18,37,30,955,22,11,12,45,7.41178224,101,81,7.855440838,9.710277181,7.225772484,7.624080313,511,12,5,5,22,444,10,6,7,23,533,467,57,24,77,24
28,1000,30,5.13,10.3,18,37,28,939,28,17,16,61,8.33719555,94,88,7.85507274,9.884789076,8.059071237,8.654626511,505,14,8,6,28,434,14,9,10,33,533,467,52,36,55,39
30,1000,30,5.13,10.3,18,37,22,953,25,13,9,47,7.703624609,91,71,7.890468101,10.19400844,6.922674588,8.497170599,488,7,5,4,16,465,18,8,5,31,504,496,51,20,67,24
27,1000,30,5.13,10.3,18,37,30,959,21,13,7,41,7.427667084,99,86,8.303964182,10.15042732,7.523243655,7.338732901,459,12,9,2,23,500,9,4,5,18,482,518,54,32,72,27
25,1000,30,5.13,10.3,18,37,31,950,23,10,17,50,8.143708902,107,72,7.965631854,10.01072186,8.080740531,8.211651905,491,15,4,9,28,459,8,6,8,22,519,481,46,26,85,22
29,1000,30,5.13,10.3,18,37,24,951,28,10,11,49,7.916115611,109,81,7.975109138,9.960212644,7.289368831,8.535386286,481,4,8,4,16,470,24,2,7,33,497,503,55,26,80,29
24,1000,30,5.13,10.3,18,37,86,957,29,9,5,43,8.20757614,152,132,12.38597582,15.77122353,9.108512683,7.348870996,462,16,6,4,26,495,13,3,1,17,488,512,110,22,139,13
31,1000,30,5.13,10.3,18,37,19,950,27,11,12,50,7.694489035,89,71,7.805666485,9.845068431,6.75852151,8.641755966,485,11,3,4,18,465,16,8,8,32,503,497,40,31,66,23
26,1000,30,5.13,10.3,18,37,31,954,23,11,12,46,7.457125335,107,78,7.852978587,9.762339152,7.276342531,7.663457741,510,13,5,5,23,444,10,6,7,23,533,467,39,39,75,32
28,1000,30,5.13,10.3,18,37,29,939,27,18,16,61,8.36944568,107,97,7.891725355,9.945299055,8.126761255,8.646428118,504,14,9,6,29,435,13,9,10,32,533,467,58,39,83,24
27,1000,30,5.13,10.3,18,37,31,958,22,13,7,42,7.488222573,103,91,8.358953076,10.20522536,7.593714715,7.39006193,458,13,9,2,24,500,9,4,5,18,482,518,70,21,77,26
30,1000,30,5.13,10.3,18,37,23,953,26,12,9,47,7.728087471,96,94,7.933405326,10.23712383,6.975098306,8.493221623,487,8,5,4,17,466,18,7,5,30,504,496,57,37,81,15
25,1000,30,5.13,10.3,18,37,32,948,24,11,17,52,8.164245714,93,83,7.985876439,10.04296616,8.12822072,8.203116759,491,14,5,9,28,457,10,6,8,24,519,481,51,32,67,26
29,1000,30,5.13,10.3,18,37,25,950,28,10,12,50,7.9722997,96,89,7.982175613,9.978896075,7.324315681,8.612554288,480,5,8,4,17,470,23,2,8,33,497,503,61,28,69,27
31,1000,30,5.13,10.3,18,37,20,951,26,11,12,49,7.712301061,89,76,7.815365891,9.891388239,6.808128285,8.627389404,485,11,3,4,18,466,15,8,8,31,503,497,45,31,65,24
26,1000,30,5.13,10.3,18,37,32,955,23,11,11,45,7.494093811,111,81,7.887705593,9.800542831,7.352111624,7.656142002,510,13,5,5,23,445,10,6,6,22,533,467,49,32,74,37
24,1000,30,5.13,10.3,18,37,87,958,29,8,5,42,8.191645214,153,134,12.54279533,15.97326183,9.142300404,7.285551986,462,16,6,4,26,496,13,2,1,16,488,512,116,18,132,21
28,1000,30,5.13,10.3,18,37,30,940,27,17,16,60,8.393671144,96,81,7.915683968,9.992004357,8.199766663,8.614979685,503,15,9,6,30,437,12,8,10,30,533,467,49,32,68,28
27,1000,30,5.13,10.3,18,37,32,958,23,10,9,42,7.518661578,107,93,8.396885274,10.2952533,7.645772334,7.400384774,459,13,6,4,23,499,10,4,5,19,482,518,58,35,78,29
30,1000,30,5.13,10.3,18,37,24,954,26,11,9,46,7.731837589,104,61,7.98012481,10.29612128,6.961291082,8.514812266,488,8,4,4,16,466,18,7,5,30,504,496,39,22,89,15
25,1000,30,5.13,10.3,18,37,33,948,25,11,16,52,8.182962466,111,82,8.01759165,10.10234457,8.124730889,8.245794458,491,15,5,8,28,457,10,6,8,24,519,481,59,23,88,23
29,1000,30,5.13,10.3,18,37,26,954,26,9,11,46,7.952799243,107,80,8.016688338,10.03249303,7.339246456,8.559033309,480,5,8,4,17,474,21,1,7,29,497,503,46,34,77,30
31,1000,30,5.13,10.3,18,37,21,951,26,11,12,49,7.694093368,92,90,7.837863414,9.937384502,6.827048807,8.571605268,485,11,3,4,18,466,15,8,8,31,503,497,56,34,70,22
26,1000,30,5.13,10.3,18,37,33,952,26,11,11,48,7.550229725,100,70,7.909645884,9.843867268,7.407696844,7.712906441,509,14,5,5,24,443,12,6,6,24,533,467,46,24,75,25
28,1000,30,5.13,10.3,18,37,31,943,27,15,15,57,8.342362537,121,90,7.919443218,10.01288097,8.130371262,8.584314036,505,14,9,5,28,438,13,6,10,29,533,467,56,34,94,27
24,1000,30,5.13,10.3,18,37,88,959,28,8,5,41,8.217959802,150,121,12.65889484,16.18295888,9.18755642,7.293813026,462,16,6,4,26,497,12,2,1,15,488,512,106,15,136,14
27,1000,30,5.13,10.3,18,37,33,961,19,11,9,39,7.504344164,106,81,8.439471789,10.3768716,7.638237319,7.379756324,461,11,6,4,21,500,8,5,5,18,482,518,56,25,86,20
30,1000,30,5.13,10.3,18,37,25,955,25,11,9,45,7.748153735,114,88,7.996975436,10.33995967,7.014991128,8.493141545,488,8,4,4,16,467,17,7,5,29,504,496,63,25,84,30
25,1000,30,5.13,10.3,18,37,34,948,26,10,16,52,8.204756045,108,67,8.046310969,10.17112145,8.167571768,8.244877958,491,15,4,9,28,457,11,6,7,24,519,481,36,31,77,31
29,1000,30,5.13,10.3,18,37,27,953,27,9,11,47,7.985522169,124,94,8.045466374,10.07348371,7.363955509,8.599674516,480,5,8,4,17,473,22,1,7,30,497,503,57,37,102,22
31,1000,30,5.13,10.3,18,37,22,951,26,11,12,49,7.720945704,107,83,7.865587401,9.991804547,6.879594312,8.572454256,485,11,3,4,18,466,15,8,8,31,503,497,53,30,81,26
26,1000,30,5.13,10.3,18,37,34,953,25,11,11,47,7.567213675,113,92,7.938224046,9.889334997,7.445311673,7.706343797,509,13,6,5,24,444,12,5,6,23,533,467,54,38,83,30
28,1000,30,5.13,10.3,18,37,32,944,27,15,14,56,8.360727994,102,74,7.955959818,10.06212681,8.189259196,8.556430069,505,14,9,5,28,439,13,6,9,28,533,467,45,29,73,29
24,1000,30,5.13,10.3,18,37,89,958,28,9,5,42,8.233723679,162,130,12.76133412,16.37232153,9.211973561,7.30132926,461,17,6,4,27,497,11,3,1,15,488,512,111,19,145,17
27,1000,30,5.13,10.3,18,37,34,961,19,11,9,39,7.528273006,95,84,8.494122364,10.44958361,7.693434584,7.374589838,460,12,6,4,22,501,7,5,5,17,482,518,60,24,73,22
30,1000,30,5.13,10.3,18,37,26,955,26,10,9,45,7.743447168,119,100,8.00512444,10.37501698,7.012118662,8.486571294,487,9,4,4,17,468,17,6,5,28,504,496,59,41,85,34
25,1000,30,5.13,10.3,18,37,35,950,26,8,16,50,8.233959925,105,104,8.050489684,10.20586085,8.232817314,8.235192805,491,15,3,10,28,459,11,5,6,22,519,481,60,44,82,23
29,1000,30,5.13,10.3,18,37,28,954,27,10,9,46,7.994944582,110,95,8.071553254,10.14085981,7.405976487,8.576887213,479,5,9,4,18,475,22,1,5,28,497,503,57,38,85,25
26,1000,30,5.13,10.3,18,37,35,952,25,11,12,48,7.572695378,92,75,7.965983976,9.912119481,7.453794096,7.708400696,507,14,6,6,26,445,11,5,6,22,533,467,53,22,73,19
31,1000,30,5.13,10.3,18,37,23,952,26,11,11,48,7.718002333,116,90,7.904059395,10.05842106,6.892063811,8.553911943,485,11,3,4,18,467,15,8,7,30,503,497,50,40,92,24
28,1000,30,5.13,10.3,18,37,33,944,27,15,14,56,8.387308562,106,77,7.959841246,10.10963258,8.22798243,8.569151877,505,14,9,5,28,439,13,6,9,28,533,467,44,33,77,29
27,1000,30,5.13,10.3,18,37,35,961,19,11,9,39,7.553111469,108,75,8.520284787,10.49077173,7.735713869,7.383199584,460,12,6,4,22,501,7,5,5,17,482,518,48,27,80,28
24,1000,30,5.13,10.3,18,37,90,958,28,9,5,42,8.229367518,152,147,12.88382081,16.51776854,9.257671386,7.249265393,461,17,6,4,27,497,11,3,1,15,488,512,128,19,133,19
30,1000,30,5.13,10.3,18,37,27,956,26,9,9,44,7.782104681,113,84,8.055279867,10.43361411,7.077156326,8.49842317,487,9,4,4,17,469,17,5,5,27,504,496,59,25,94,19
25,1000,30,5.13,10.3,18,37,36,950,25,9,16,50,8.279013974,111,91,8.047556465,10.24348395,8.269062069,8.289752101,491,15,3,10,28,459,10,6,6,22,519,481,61,30,79,32
29,1000,30,5.13,10.3,18,37,29,954,27,10,9,46,8.028759153,115,88,8.105405137,10.2116659,7.472709355,8.57817615,479,5,9,4,18,475,22,1,5,28,497,503,57,31,86,29
26,1000,30,5.13,10.3,18,37,36,951,25,13,11,49,7.570880258,113,92,8.000945799,9.96448461,7.456341771,7.701606198,507,14,6,6,26,444,11,7,5,23,533,467,55,37,90,23
28,1000,30,5.13,10.3,18,37,34,947,25,14,14,53,8.419260021,104,89,7.978235184,10.13885142,8.280542232,8.577582466,505,14,9,5,28,442,11,5,9,25,533,467,62,27,80,24
31,1000,30,5.13,10.3,18,37,24,954,26,9,11,46,7.71263033,113,71,7.972329876,10.13852557,6.919487799,8.515348021,485,11,3,4,18,469,15,6,7,28,503,497,43,28,87,26
27,1000,30,5.13,10.3,18,37,36,962,17,11,10,38,7.572347833,108,96,8.577657878,10.57160515,7.753375041,7.403901667,461,11,6,4,21,501,6,5,6,17,482,518,58,38,84,24
30,1000,30,5.13,10.3,18,37,28,956,26,9,9,44,7.76111888,108,85,8.104338651,10.49670013,7.076275896,8.457007718,487,9,4,4,17,469,17,5,5,27,504,496,58,27,87,21
25,1000,30,5.13,10.3,18,37,37,952,24,9,15,48,8.276258568,121,86,8.084321144,10.29799614,8.315762726,8.2336335,492,15,3,9,27,460,9,6,6,21,519,481,54,32,88,33
24,1000,30,5.13,10.3,18,37,91,957,29,9,5,43,8.268815286,174,117,12.97394507,16.68108542,9.347848058,7.240362176,460,18,6,4,28,497,11,3,1,15,488,512,109,8,154,20
29,1000,30,5.13,10.3,18,37,30,953,28,10,9,47,8.021418069,109,87,8.125477417,10.24734892,7.505057465,8.531619302,479,5,9,4,18,474,23,1,5,29,497,503,63,24,88,21
26,1000,30,5.13,10.3,18,37,37,949,27,13,11,51,7.590080739,117,103,8.03950847,10.00180093,7.498031135,7.695139494,506,15,6,6,27,443,12,7,5,24,533,467,63,40,95,22
31,1000,30,5.13,10.3,18,37,25,954,26,9,11,46,7.747218355,114,84,8.011606926,10.18684227,6.97215655,8.531637043,485,11,3,4,18,469,15,6,7,28,503,497,59,25,86,28
28,1000,30,5.13,10.3,18,37,35,947,25,14,14,53,8.427809282,109,94,7.993352476,10.19283158,8.285714422,8.589986071,505,14,9,5,28,442,11,5,9,25,533,467,66,28,78,31
27,1000,30,5.13,10.3,18,37,37,961,18,11,10,39,7.585646882,109,104,8.636602395,10.67015001,7.769377739,7.414684966,460,12,6,4,22,501,6,5,6,17,482,518,77,27,92,17
25,1000,30,5.13,10.3,18,37,38,951,24,10,15,49,8.28743998,105,80,8.115770274,10.32911197,8.340376655,8.230321198,492,14,4,9,27,459,10,6,6,22,519,481,52,28,79,26
30,1000,30,5.13,10.3,18,37,29,958,25,8,9,42,7.770731613,105,87,8.122563529,10.54534425,7.119628383,8.432336507,488,8,4,4,16,470,17,4,5,26,504,496,62,25,82,23
24,1000,30,5.13,10.3,18,37,92,957,29,9,5,43,8.296794403,172,128,13.09701103,16.87004757,9.422195906,7.224146096,460,18,6,4,28,497,11,3,1,15,488,512,107,21,156,16
26,1000,30,5.13,10.3,18,37,38,948,29,13,10,52,7.584715628,89,88,8.077149366,10.07795204,7.56537655,7.606787852,505,16,6,6,28,443,13,7,4,24,533,467,60,28,77,12
31,1000,30,5.13,10.3,18,37,26,954,26,9,11,46,7.760657614,110,83,8.027984519,10.25517904,6.977086346,8.553688495,485,11,3,4,18,469,15,6,7,28,503,497,53,30,84,26
29,1000,30,5.13,10.3,18,37,31,953,29,10,8,47,8.0575027,99,86,8.150753717,10.32659858,7.562980572,8.546125955,478,6,9,4,19,475,23,1,4,28,497,503,57,29,79,20
28,1000,30,5.13,10.3,18,37,36,946,27,12,15,54,8.418310276,113,82,8.013622046,10.22117561,8.264792667,8.593524163,506,14,8,5,27,440,13,4,10,27,533,467,46,36,86,27
27,1000,30,5.13,10.3,18,37,38,959,20,10,11,41,7.637431795,123,91,8.657928051,10.73353857,7.847648062,7.441825153,459,13,6,4,23,500,7,4,7,18,482,518,65,26,99,24
25,1000,30,5.13,10.3,18,37,39,950,25,10,15,50,8.308792772,117,86,8.133360573,10.34239862,8.378673525,8.233391296,491,15,4,9,28,459,10,6,6,22,519,481,56,30,91,26
30,1000,30,5.13,10.3,18,37,30,958,25,8,9,42,7.77681091,103,71,8.160252841,10.59937168,7.164308161,8.399192736,488,8,4,4,16,470,17,4,5,26,504,496,50,21,85,18
26,1000,30,5.13,10.3,18,37,39,948,29,13,10,52,7.589319314,107,72,8.088790259,10.10200869,7.581422648,7.598331997,505,16,6,6,28,443,13,7,4,24,533,467,52,20,81,26
31,1000,30,5.13,10.3,18,37,27,953,27,9,11,47,7.76651227,110,91,8.03724257,10.29497371,6.998578952,8.543716413,485,11,3,4,18,468,16,6,7,29,503,497,60,31,78,32
29,1000,30,5.13,10.3,18,37,32,954,28,10,8,46,8.077155342,118,90,8.178323055,10.37887967,7.603228235,8.545429243,478,6,9,4,19,476,22,1,4,27,497,503,67,23,98,20
24,1000,30,5.13,10.3,18,37,93,956,30,9,5,44,8.295212866,170,122,13.2394293,17.05093104,9.482320313,7.163751081,458,20,6,4,30,498,10,3,1,14,488,512,106,16,156,14
28,1000,30,5.13,10.3,18,37,37,945,28,12,15,55,8.424644708,107,89,8.006984842,10.25730111,8.310937799,8.554421545,505,15,8,5,28,440,13,4,10,27,533,467,54,35,81,26
27,1000,30,5.13,10.3,18,37,39,959,20,10,11,41,7.662661514,108,85,8.693976275,10.78839592,7.896765036,7.444827734,459,13,6,4,23,500,7,4,7,18,482,518,65,20,89,19
25,1000,30,5.13,10.3,18,37,40,948,27,10,15,52,8.336920783,106,81,8.154384404,10.39183246,8.441644478,8.223923697,489,17,4,9,30,459,10,6,6,22,519,481,57,24,79,27
30,1000,30,5.13,10.3,18,37,31,958,26,7,9,42,7.789737141,122,86,8.187700875,10.65225602,7.212956018,8.375821185,488,8,4,4,16,470,18,3,5,26,504,496,56,30,93,29
26,1000,30,5.13,10.3,18,37,40,948,30,12,10,52,7.590101455,103,80,8.106860733,10.16527203,7.632418379,7.54180398,504,17,6,6,29,444,13,6,4,23,533,467,51,29,82,21
31,1000,30,5.13,10.3,18,37,28,954,25,9,12,46,7.803546104,113,89,8.071327638,10.34442477,7.030226775,8.58620128,486,9,3,5,17,468,16,6,7,29,503,497,54,35,88,25
29,1000,30,5.13,10.3,18,37,33,951,31,10,8,49,8.093462409,94,86,8.218523056,10.44441519,7.641089856,8.540438869,476,8,9,4,21,475,23,1,4,28,497,503,58,28,79,15
28,1000,30,5.13,10.3,18,37,38,945,28,12,15,55,8.436060503,98,98,8.023578097,10.32265944,8.322270196,8.565932523,505,15,8,5,28,440,13,4,10,27,533,467,63,35,70,28
24,1000,30,5.13,10.3,18,37,94,954,30,11,5,46,8.306656649,161,135,13.35625405,17.23092204,9.517845273,7.152242491,456,21,7,4,32,498,9,4,1,14,488,512,110,25,152,9
27,1000,30,5.13,10.3,18,37,40,959,20,10,11,41,7.687181915,114,96,8.755913605,10.91483512,7.972744034,7.421465813,459,12,7,4,23,500,8,3,7,18,482,518,73,23,89,25
25,1000,30,5.13,10.3,18,37,41,948,28,9,15,52,8.326495184,111,77,8.19703377,10.47925012,8.439633269,8.204418954,489,17,4,9,30,459,11,5,6,22,519,481,52,25,78,33
30,1000,30,5.13,10.3,18,37,32,957,27,7,9,43,7.822688229,108,85,8.19223865,10.70036467,7.251395902,8.403194948,487,9,4,4,17,470,18,3,5,26,504,496,57,28,85,23
26,1000,30,5.13,10.3,18,37,41,947,30,13,10,53,7.618992894,95,83,8.123619249,10.21223468,7.656953891,7.575666959,503,18,6,6,30,444,12,7,4,23,533,467,60,23,75,20
31,1000,30,5.13,10.3,18,37,29,956,24,8,12,44,7.768750716,96,88,8.099848456,10.43274486,7.024510406,8.521975819,486,9,3,5,17,470,15,5,7,27,503,497,54,34,77,19
29,1000,30,5.13,10.3,18,37,34,950,33,10,7,50,8.123139779,110,75,8.280045541,10.49387672,7.68813626,8.55295439,476,9,9,3,21,474,24,1,4,29,497,503,57,18,83,27
28,1000,30,5.13,10.3,18,37,39,944,29,12,15,56,8.486809958,106,82,8.027705795,10.34171059,8.373314395,8.61634558,505,15,8,5,28,439,14,4,10,28,533,467,45,37,79,27
27,1000,30,5.13,10.3,18,37,41,959,21,9,11,41,7.668370903,117,93,8.798165974,10.97799366,7.944702382,7.411243928,459,12,7,4,23,500,9,2,7,18,482,518,67,26,90,27
24,1000,30,5.13,10.3,18,37,95,953,31,11,5,47,8.287736494,160,141,13.44459897,17.42726069,9.530051151,7.103655337,455,22,7,4,33,498,9,4,1,14,488,512,123,18,149,11
25,1000,30,5.13,10.3,18,37,42,946,31,9,14,54,8.340691917,110,98,8.226423127,10.54625294,8.464631614,8.206960727,489,17,4,9,30,457,14,5,5,24,519,481,71,27,83,27
30,1000,30,5.13,10.3,18,37,33,956,28,7,9,44,7.834763009,98,84,8.218897555,10.75704477,7.275434997,8.403112441,486,10,4,4,18,470,18,3,5,26,504,496,47,37,80,18
26,1000,30,5.13,10.3,18,37,42,946,32,13,9,54,7.658404024,92,84,8.142003618,10.2671441,7.706392192,7.603633802,502,19,6,6,31,444,13,7,3,23,533,467,55,29,66,26
31,1000,30,5.13,10.3,18,37,30,958,22,7,13,42,7.793658251,104,78,8.152008857,10.46520849,7.107495282,8.488104877,486,9,3,5,17,472,13,4,8,25,503,497,55,23,88,16
29,1000,30,5.13,10.3,18,37,35,949,34,10,7,51,8.104657367,95,81,8.273939812,10.51382658,7.707384232,8.497191657,475,10,9,3,22,474,24,1,4,29,497,503,50,31,71,24
28,1000,30,5.13,10.3,18,37,40,942,30,13,15,58,8.534884225,104,101,8.054014409,10.37616907,8.419327417,8.666772402,503,17,8,5,30,439,13,5,10,28,533,467,68,33,80,24
27,1000,30,5.13,10.3,18,37,42,959,21,9,11,41,7.693422147,125,97,8.874459746,11.07346655,7.978708242,7.427962884,459,12,7,4,23,500,9,2,7,18,482,518,71,26,101,24
25,1000,30,5.13,10.3,18,37,43,947,32,8,13,53,8.331721971,109,96,8.256101686,10.59384424,8.482913668,8.168585817,490,17,4,8,29,457,15,4,5,24,519,481,75,21,78,31
24,1000,30,5.13,10.3,18,37,96,951,31,13,5,49,8.294294824,174,121,13.58070474,17.60166826,9.573916011,7.074655879,453,23,8,4,35,498,8,5,1,14,488,512,105,16,160,14
30,1000,30,5.13,10.3,18,37,34,959,26,6,9,41,7.827665272,110,75,8.246577631,10.7932033,7.294384226,8.369547626,487,10,3,4,17,472,16,3,5,24,504,496,55,20,83,27
26,1000,30,5.13,10.3,18,37,43,948,29,14,9,52,7.66070639,108,93,8.202063412,10.34218436,7.73918262,7.5711393,502,18,7,6,31,446,11,7,3,21,533,467,51,42,86,22
31,1000,30,5.13,10.3,18,37,31,959,21,7,13,41,7.812047243,106,83,8.176966382,10.53280914,7.152361343,8.479697158,486,9,3,5,17,473,12,4,8,24,503,497,60,23,78,28
29,1000,30,5.13,10.3,18,37,36,950,33,10,7,50,8.110346637,109,77,8.30147845,10.58112019,7.749891365,8.466502245,475,10,9,3,22,475,23,1,4,28,497,503,51,26,91,18
28,1000,30,5.13,10.3,18,37,41,945,28,12,15,55,8.511747762,119,91,8.071752496,10.4074035,8.386163115,8.655080989,506,15,7,5,27,439,13,5,10,28,533,467,60,31,88,31
27,1000,30,5.13,10.3,18,37,43,959,21,9,11,41,7.709287752,115,104,8.903459712,11.13795275,8.010673164,7.428848045,459,12,7,4,23,500,9,2,7,18,482,518,74,30,97,18
25,1000,30,5.13,10.3,18,37,44,948,31,8,13,52,8.353273947,94,80,8.272833561,10.62428342,8.524383304,8.168646596,490,17,4,8,29,458,14,4,5,23,519,481,49,31,71,23
30,1000,30,5.13,10.3,18,37,35,961,25,6,8,39,7.80922821,110,73,8.272798405,10.81834557,7.310910237,8.315583571,488,9,3,4,16,473,16,3,4,23,504,496,53,20,85,25
26,1000,30,5.13,10.3,18,37,44,949,28,14,9,51,7.684935959,126,88,8.226437954,10.40269648,7.753940334,7.60617936,502,18,7,6,31,447,10,7,3,20,533,467,57,31,100,26
24,1000,30,5.13,10.3,18,37,97,951,31,13,5,49,8.297016406,183,136,13.72965129,17.80658711,9.594871643,7.059998133,453,23,8,4,35,498,8,5,1,14,488,512,111,25,166,17
31,1000,30,5.13,10.3,18,37,32,959,21,7,13,41,7.830879213,119,89,8.233511077,10.60607682,7.177993263,8.491647085,486,9,3,5,17,473,12,4,8,24,503,497,58,31,92,27
29,1000,30,5.13,10.3,18,37,37,949,34,10,7,51,8.129441989,110,101,8.369166965,10.69165704,7.745331506,8.508970636,474,11,9,3,23,475,23,1,4,28,497,503,66,35,88,22
28,1000,30,5.13,10.3,18,37,42,945,29,12,14,55,8.506086047,126,76,8.093611975,10.44081208,8.398425307,8.628962224,506,15,7,5,27,439,14,5,9,28,533,467,47,29,100,26
27,1000,30,5.13,10.3,18,37,44,958,22,9,11,42,7.733632276,114,97,8.948465674,11.22152518,8.039298601,7.44920917,459,12,7,4,23,499,10,2,7,19,482,518,72,25,91,23
25,1000,30,5.13,10.3,18,37,45,947,32,8,13,53,8.364789028,104,74,8.309342179,10.67073964,8.528543566,8.188097542,490,17,4,8,29,457,15,4,5,24,519,481,52,22,79,25
30,1000,30,5.13,10.3,18,37,36,963,23,7,7,37,7.823714246,115,92,8.302524088,10.89941618,7.322010321,8.33351017,488,9,4,3,16,475,14,3,4,21,504,496,62,30,89,26
26,1000,30,5.13,10.3,18,37,45,950,27,14,9,50,7.705737694,108,83,8.268835064,10.45976912,7.797985553,7.600452665,502,18,7,6,31,448,9,7,3,19,533,467,52,31,88,20
24,1000,30,5.13,10.3,18,37,98,951,31,13,5,49,8.302657307,168,141,13.85370554,17.97129959,9.652002811,7.016562374,453,23,8,4,35,498,8,5,1,14,488,512,121,20,151,17
31,1000,30,5.13,10.3,18,37,33,957,24,7,12,43,7.869644846,122,74,8.283588355,10.70126826,7.224848809,8.522225142,485,10,3,5,18,472,14,4,7,25,503,497,54,20,98,24
28,1000,30,5.13,10.3,18,37,43,946,29,11,14,54,8.501809915,97,94,8.11115699,10.47928411,8.417478664,8.598059502,506,15,7,5,27,440,14,4,9,27,533,467,62,32,76,21
29,1000,30,5.13,10.3,18,37,38,950,34,10,6,50,8.0997978,110,92,8.399334341,10.73212528,7.764060892,8.431529894,474,11,9,3,23,476,23,1,3,27,497,503,62,30,85,25
27,1000,30,5.13,10.3,18,37,45,959,21,9,11,41,7.734411475,121,94,8.97675904,11.28832298,8.036403527,7.453407288,460,11,7,4,22,499,10,2,7,19,482,518,69,25,96,25
25,1000,30,5.13,10.3,18,37,46,947,32,8,13,53,8.382841178,117,78,8.346482859,10.71155425,8.586133009,8.16348887,489,18,4,8,30,458,14,4,5,23,519,481,61,17,96,21
30,1000,30,5.13,10.3,18,37,37,963,23,7,7,37,7.843815049,98,81,8.326277036,10.91690387,7.361418999,8.333991681,488,9,4,3,16,475,14,3,4,21,504,496,54,27,78,20
26,1000,30,5.13,10.3,18,37,46,950,27,13,10,50,7.719725823,101,91,8.329058724,10.53004801,7.82295591,7.601906474,502,18,6,7,31,448,9,7,3,19,533,467,66,25,81,20
31,1000,30,5.13,10.3,18,37,34,958,23,7,12,42,7.926274753,101,101,8.311396816,10.76457133,7.268923429,8.591561908,485,10,3,5,18,473,13,4,7,24,503,497,70,31,83,18
24,1000,30,5.13,10.3,18,37,99,951,31,13,5,49,8.296750202,143,131,14.00484909,18.15909912,9.702694866,6.956709194,453,23,8,4,35,498,8,5,1,14,488,512,111,20,133,10
28,1000,30,5.13,10.3,18,37,44,945,30,11,14,55,8.499278042,115,82,8.131534327,10.5753131,8.447385887,8.558503991,505,16,7,5,28,440,14,4,9,27,533,467,48,34,81,34
27,1000,30,5.13,10.3,18,37,46,958,23,9,10,42,7.749529601,111,109,8.993404818,11.34732885,8.091760104,7.431083457,460,11,7,4,22,498,12,2,6,20,482,518,75,34,82,29
29,1000,30,5.13,10.3,18,37,39,949,35,10,6,51,8.126001668,105,90,8.451021617,10.80116125,7.806525947,8.441666546,474,11,9,3,23,475,24,1,3,28,497,503,57,33,79,26
25,1000,30,5.13,10.3,18,37,47,948,29,10,13,52,8.411007254,107,92,8.367531033,10.74785019,8.663006777,8.139099245,489,16,6,8,30,459,13,4,5,22,519,481,61,31,85,22
26,1000,30,5.13,10.3,18,37,47,950,27,13,10,50,7.741404351,107,86,8.360350454,10.58900494,7.888017323,7.574070916,502,17,7,7,31,448,10,6,3,19,533,467,61,25,88,19
30,1000,30,5.13,10.3,18,37,38,965,21,7,7,35,7.844291612,106,77,8.378955325,10.95639811,7.367037478,8.329243394,488,9,4,3,16,477,12,3,4,19,504,496,53,24,82,24
31,1000,30,5.13,10.3,18,37,35,958,23,6,13,42,7.916783595,132,91,8.350365405,10.82185028,7.2850265,8.556167537,485,10,2,6,18,473,13,4,7,24,503,497,64,27,101,31
28,1000,30,5.13,10.3,18,37,45,946,31,10,13,54,8.500462986,108,84,8.155020711,10.63366933,8.458151014,8.548754807,505,17,6,5,28,441,14,4,8,26,533,467,61,23,85,23
27,1000,30,5.13,10.3,18,37,47,958,23,9,10,42,7.762998409,133,100,9.074392758,11.44525174,8.146930732,7.405748641,459,12,7,4,23,499,11,2,6,19,482,518,76,24,108,25
24,1000,30,5.13,10.3,18,37,100,951,31,13,5,49,8.30196208,194,145,14.20536464,18.43877079,9.723084275,6.947454989,453,23,8,4,35,498,8,5,1,14,488,512,127,18,183,11
29,1000,30,5.13,10.3,18,37,40,949,34,11,6,51,8.216508856,104,86,8.475128016,10.84753531,7.928534419,8.501048211,473,12,9,3,24,476,22,2,3,27,497,503,68,18,81,23
25,1000,30,5.13,10.3,18,37,48,947,30,10,13,53,8.462736209,122,73,8.400536206,10.79452309,8.732354929,8.171817049,488,17,6,8,31,459,13,4,5,22,519,481,46,27,90,32
26,1000,30,5.13,10.3,18,37,48,952,25,13,10,48,7.723774626,124,66,8.392834015,10.6543249,7.934690851,7.483050113,502,17,7,7,31,450,8,6,3,17,533,467,42,24,98,26
30,1000,30,5.13,10.3,18,37,39,963,22,8,7,37,7.853468246,119,96,8.421054864,11.01686972,7.402871364,8.31133282,488,9,4,3,16,475,13,4,4,21,504,496,71,25,89,30
31,1000,30,5.13,10.3,18,37,36,957,24,6,13,43,7.927482629,117,92,8.410836594,10.93953907,7.332730162,8.529415207,485,10,2,6,18,472,14,4,7,25,503,497,64,28,94,23
28,1000,30,5.13,10.3,18,37,46,945,32,11,12,55,8.488813191,119,81,8.169688685,10.67027134,8.484646793,8.493568417,504,18,6,5,29,441,14,5,7,26,533,467,54,27,94,25
27,1000,30,5.13,10.3,18,37,48,956,25,9,10,44,7.804013988,116,86,9.130774273,11.52101221,8.203736506,7.432071413,458,13,7,4,24,498,12,2,6,20,482,518,66,20,94,22
29,1000,30,5.13,10.3,18,37,41,950,34,10,6,50,8.218774236,118,78,8.511521871,10.909186,7.927939268,8.506139999,474,12,8,3,23,476,22,2,3,27,497,503,55,23,93,25
25,1000,30,5.13,10.3,18,37,49,948,29,10,13,52,8.448080632,113,91,8.424607403,10.80740723,8.738935616,8.1342475,488,17,6,8,31,460,12,4,5,21,519,481,64,27,90,23
24,1000,30,5.13,10.3,18,37,101,951,31,13,5,49,8.341012995,161,138,14.40931879,18.76441136,9.823158872,6.928342705,453,23,8,4,35,498,8,5,1,14,488,512,126,12,153,8
26,1000,30,5.13,10.3,18,37,49,952,25,12,11,48,7.729737907,103,91,8.436436829,10.71259341,7.961566239,7.465145829,502,17,7,7,31,450,8,5,4,17,533,467,65,26,89,14
30,1000,30,5.13,10.3,18,37,40,963,22,8,7,37,7.857408639,120,88,8.456147312,11.09494328,7.431301911,8.290388056,488,9,4,3,16,475,13,4,4,21,504,496,61,27,97,23
31,1000,30,5.13,10.3,18,37,37,958,21,8,13,42,7.935383912,109,92,8.449144267,11.01652653,7.350613971,8.52721345,485,9,3,6,18,473,12,5,7,24,503,497,60,32,88,21
28,1000,30,5.13,10.3,18,37,47,947,31,10,12,53,8.498437069,109,102,8.200061565,10.7408086,8.49693712,8.500149002,506,17,5,5,27,441,14,5,7,26,533,467,76,26,87,22
27,1000,30,5.13,10.3,18,37,49,956,27,9,8,44,7.813169462,121,103,9.193267686,11.65222647,8.229082064,7.426161983,457,14,7,4,25,499,13,2,4,19,482,518,76,27,90,31
29,1000,30,5.13,10.3,18,37,42,950,34,10,6,50,8.203289975,112,86,8.53810067,10.97245986,7.940862973,8.462586635,474,12,8,3,23,476,22,2,3,27,497,503,60,26,81,31
25,1000,30,5.13,10.3,18,37,50,947,30,10,13,53,8.448311315,108,87,8.461691845,10.88270321,8.749580076,8.123241695,488,17,6,8,31,459,13,4,5,22,519,481,59,28,82,26
24,1000,30,5.13,10.3,18,37,102,949,33,12,6,51,8.350073944,176,145,14.5952502,18.99854244,9.874572532,6.897036226,451,25,7,5,37,498,8,5,1,14,488,512,130,15,163,13
26,1000,30,5.13,10.3,18,37,50,951,26,12,11,49,7.744555392,103,92,8.467412552,10.77125717,7.968627966,7.488815174,502,17,7,7,31,449,9,5,4,18,533,467,63,29,78,25
30,1000,30,5.13,10.3,18,37,41,962,23,8,7,38,7.902515674,116,100,8.52682515,11.20157103,7.490913265,8.320756831,488,9,4,3,16,474,14,4,4,22,504,496,72,28,88,28
31,1000,30,5.13,10.3,18,37,38,958,19,10,13,42,7.983787342,111,92,8.490739835,11.0755772,7.376244318,8.598664889,485,8,4,6,18,473,11,6,7,24,503,497,65,27,88,23
28,1000,30,5.13,10.3,18,37,48,946,30,11,13,54,8.529923461,101,96,8.217638644,10.78655696,8.563163762,8.491985387,505,17,5,6,28,441,13,6,7,26,533,467,57,39,83,18
27,1000,30,5.13,10.3,18,37,50,957,26,9,8,43,7.796803027,133,87,9.225143229,11.73413364,8.264550975,7.361562657,457,14,7,4,25,500,12,2,4,18,482,518,73,14,106,27
29,1000,30,5.13,10.3,18,37,43,951,33,10,6,49,8.219583119,103,81,8.572577575,11.02328891,7.964853294,8.471274416,475,12,7,3,22,476,21,3,3,27,497,503,55,26,81,22
25,1000,30,5.13,10.3,18,37,51,946,31,10,13,54,8.453172986,114,79,8.512203988,10.98434434,8.772045033,8.109109384,488,17,6,8,31,458,14,4,5,23,519,481,57,22,95,19
26,1000,30,5.13,10.3,18,37,51,951,26,12,11,49,7.768084065,113,100,8.508189719,10.82855,8.002317707,7.50074674,502,17,7,7,31,449,9,5,4,18,533,467,73,27,82,31
30,1000,30,5.13,10.3,18,37,42,960,25,8,7,40,7.950198899,96,96,8.559588946,11.26849105,7.534932522,8.372163121,487,10,4,3,17,473,15,4,4,23,504,496,70,26,76,20
24,1000,30,5.13,10.3,18,37,103,949,33,12,6,51,8.353051167,159,147,14.70371499,19.15482103,9.887383542,6.890640622,451,25,7,5,37,498,8,5,1,14,488,512,124,23,138,21
31,1000,30,5.13,10.3,18,37,39,959,19,9,13,41,7.987313669,115,87,8.544702224,11.13803742,7.398002783,8.583738973,485,8,4,6,18,474,11,5,7,23,503,497,59,28,88,27
28,1000,30,5.13,10.3,18,37,49,947,30,11,12,53,8.527876796,131,80,8.25848498,10.81435323,8.627216431,8.414497726,504,18,5,6,29,443,12,6,6,24,533,467,48,32,95,36
27,1000,30,5.13,10.3,18,37,51,958,25,9,8,42,7.797635853,106,92,9.290020448,11.85891814,8.280633371,7.348205729,457,14,7,4,25,501,11,2,4,17,482,518,68,24,88,18
29,1000,30,5.13,10.3,18,37,44,951,33,10,6,49,8.267420288,128,94,8.606524432,11.05478616,8.005664217,8.526054021,475,12,7,3,22,476,21,3,3,27,497,503,66,28,101,27
25,1000,30,5.13,10.3,18,37,52,945,31,11,13,55,8.482889492,108,105,8.587274298,11.09315527,8.827055839,8.111533287,488,16,7,8,31,457,15,4,5,24,519,481,84,21,84,24
26,1000,30,5.13,10.3,18,37,52,952,26,11,11,48,7.759959271,123,95,8.545371373,10.88316998,8.0180568,7.465385432,502,17,7,7,31,450,9,4,4,17,533,467,65,30,94,29
30,1000,30,5.13,10.3,18,37,43,961,26,6,7,39,7.953412415,109,81,8.606148125,11.32925072,7.579627037,8.333226589,487,10,4,3,17,474,16,2,4,22,504,496,58,23,88,21
31,1000,30,5.13,10.3,18,37,40,957,21,9,13,43,7.985161875,110,91,8.562603357,11.19837659,7.41752802,8.559648452,484,9,4,6,19,473,12,5,7,24,503,497,68,23,93,17
24,1000,30,5.13,10.3,18,37,104,947,34,13,6,53,8.374335618,180,151,14.91150914,19.46770844,9.959238196,6.863725349,450,26,7,5,38,497,8,6,1,15,488,512,134,17,163,17
32,1000,30,5.13,10.3,18,37,0,938,31,21,10,62,7.22,103,75,7.524336251,9.046567071,6.415169661,8.028056112,480,12,6,3,21,458,19,15,7,41,501,499,41,34,68,35
28,1000,30,5.13,10.3,18,37,50,946,32,10,12,54,8.548472064,114,91,8.325561422,10.87094069,8.71018832,8.363900834,501,21,5,6,32,445,11,5,6,22,533,467,55,36,96,18
27,1000,30,5.13,10.3,18,37,52,956,25,12,7,44,7.829451573,130,96,9.36356144,11.94099008,8.362173585,7.333752712,456,15,8,3,26,500,10,4,4,18,482,518,78,18,109,21
29,1000,30,5.13,10.3,18,37,45,951,31,12,6,49,8.280930976,125,97,8.662716401,11.08981313,8.018641342,8.540091906,475,12,7,3,22,476,19,5,3,27,497,503,62,35,95,30
25,1000,30,5.13,10.3,18,37,53,946,31,10,13,54,8.489334293,125,102,8.630935063,11.16602501,8.835272903,8.116065813,488,16,7,8,31,458,15,3,5,23,519,481,69,33,95,30
26,1000,30,5.13,10.3,18,37,53,951,27,11,11,49,7.804905582,129,81,8.584087433,10.91960737,8.104550807,7.46291221,501,18,7,7,32,450,9,4,4,17,533,467,61,20,100,29
30,1000,30,5.13,10.3,18,37,44,961,26,6,7,39,7.963920148,122,95,8.63679629,11.35769695,7.639605444,8.293465734,487,10,4,3,17,474,16,2,4,22,504,496,57,38,98,24
31,1000,30,5.13,10.3,18,37,41,957,21,9,13,43,7.98572885,122,99,8.59629279,11.22084932,7.468616077,8.509084433,484,9,4,6,19,473,12,5,7,24,503,497,69,30,96,26
28,1000,30,5.13,10.3,18,37,51,945,32,11,12,55,8.568240819,116,86,8.36775705,10.94875225,8.756229536,8.353684104,500,21,6,6,33,445,11,5,6,22,533,467,51,35,98,18
27,1000,30,5.13,10.3,18,37,53,958,25,11,6,42,7.844945698,126,114,9.460164377,12.09152988,8.430259496,7.300310079,456,15,8,3,26,502,10,3,3,16,482,518,88,26,102,24
32,1000,30,5.13,10.3,18,37,1,940,29,21,10,60,7.238763406,97,85,7.52320655,9.082237745,6.507895799,7.972560342,480,11,7,3,21,460,18,14,7,39,501,499,50,35,74,23
25,1000,30,5.13,10.3,18,37,54,946,31,10,13,54,8.513650309,106,84,8.680119785,11.26134909,8.8671481,8.132225459,488,16,7,8,31,458,15,3,5,23,519,481,63,21,90,16
29,1000,30,5.13,10.3,18,37,46,951,30,13,6,49,8.293441699,113,94,8.687489369,11.13985431,8.026163273,8.557531912,476,11,7,3,21,475,19,6,3,28,497,503,57,37,92,21
26,1000,30,5.13,10.3,18,37,54,952,26,11,11,48,7.815090192,104,92,8.645259734,10.98195857,8.185696913,7.392106505,501,18,7,7,32,451,8,4,4,16,533,467,57,35,81,23
30,1000,30,5.13,10.3,18,37,45,960,26,7,7,40,8.010137699,111,102,8.661678876,11.43086401,7.707158429,8.318003731,487,10,4,3,17,473,16,3,4,23,504,496,72,30,82,29
31,1000,30,5.13,10.3,18,37,42,955,23,9,13,45,8.035830751,101,96,8.65617736,11.31044709,7.526418839,8.551392505,484,9,4,6,19,471,14,5,7,26,503,497,71,25,85,16
28,1000,30,5.13,10.3,18,37,52,943,33,12,12,57,8.597548101,125,93,8.387523552,10.98463189,8.827759973,8.334800933,499,21,7,6,34,444,12,5,6,23,533,467,66,27,97,28
27,1000,30,5.13,10.3,18,37,54,957,25,12,6,43,7.904245154,134,99,9.534210261,12.16819877,8.489338691,7.359814488,455,15,9,3,27,502,10,3,3,16,482,518,78,21,113,21
32,1000,30,5.13,10.3,18,37,2,937,32,21,10,63,7.273422449,105,85,7.527273527,9.099158151,6.552057614,7.997678526,477,14,7,3,24,460,18,14,7,39,501,499,48,37,67,38
25,1000,30,5.13,10.3,18,37,55,944,31,12,13,56,8.536223794,103,77,8.706793482,11.32348629,8.943158198,8.097140726,486,16,9,8,33,458,15,3,5,23,519,481,55,22,91,12
29,1000,30,5.13,10.3,18,37,47,953,28,13,6,47,8.310716535,136,97,8.731631919,11.19490921,8.082504242,8.536206613,476,11,7,3,21,477,17,6,3,26,497,503,71,26,106,30
26,1000,30,5.13,10.3,18,37,55,951,27,11,11,49,7.862277939,113,87,8.692701812,11.05378523,8.260383742,7.407908789,500,19,7,7,33,451,8,4,4,16,533,467,56,31,99,14
30,1000,30,5.13,10.3,18,37,46,960,26,7,7,40,8.026890775,115,107,8.70082986,11.49444867,7.705690175,8.353272029,487,10,4,3,17,473,16,3,4,23,504,496,75,32,90,25
31,1000,30,5.13,10.3,18,37,43,956,23,8,13,44,8.034764667,134,108,8.697033064,11.39041438,7.553401654,8.521938903,484,9,4,6,19,472,14,4,7,25,503,497,81,27,111,23
28,1000,30,5.13,10.3,18,37,53,943,33,12,12,57,8.605079693,110,76,8.434389854,11.05056196,8.852195671,8.323039401,499,21,7,6,34,444,12,5,6,23,533,467,48,28,86,24
27,1000,30,5.13,10.3,18,37,55,956,27,12,5,44,7.898135011,124,96,9.636806345,12.33627018,8.489916269,7.347481409,453,17,9,3,29,503,10,3,2,15,482,518,76,20,102,22
25,1000,30,5.13,10.3,18,37,56,943,31,12,14,57,8.629637242,117,81,8.767544022,11.37854611,9.059885447,8.165398534,486,15,9,9,33,457,16,3,5,24,519,481,55,26,95,22
29,1000,30,5.13,10.3,18,37,48,955,26,13,6,45,8.306697445,110,97,8.78084472,11.2734768,8.097752224,8.513150277,476,11,7,3,21,479,15,6,3,24,497,503,69,28,82,28
32,1000,30,5.13,10.3,18,37,3,939,29,22,10,61,7.277762675,80,81,7.543026576,9.119252179,6.572676366,7.98567498,478,13,7,3,23,461,16,15,7,38,501,499,42,39,55,25
26,1000,30,5.13,10.3,18,37,56,951,27,11,11,49,7.861131364,119,100,8.777685612,11.15757858,8.276396424,7.387177881,500,19,7,7,33,451,8,4,4,16,533,467,71,29,95,24
30,1000,30,5.13,10.3,18,37,47,961,26,6,7,39,8.036557951,116,81,8.73368429,11.53401803,7.740827834,8.337057908,487,10,4,3,17,474,16,2,4,22,504,496,60,21,94,22
31,1000,30,5.13,10.3,18,37,44,957,23,7,13,43,8.068620272,104,109,8.746690071,11.46462645,7.591018584,8.551987774,484,9,4,6,19,473,14,3,7,24,503,497,83,26,85,19
28,1000,30,5.13,10.3,18,37,54,941,34,13,12,59,8.612473355,114,90,8.493376646,11.12656774,8.912659247,8.269862903,497,22,8,6,36,444,12,5,6,23,533,467,62,28,91,23
27,1000,30,5.13,10.3,18,37,56,955,28,12,5,45,7.92944849,130,102,9.729499218,12.45679009,8.517991438,7.381808142,453,17,9,3,29,502,11,3,2,16,482,518,74,28,104,26
25,1000,30,5.13,10.3,18,37,57,943,31,12,14,57,8.633094854,107,104,8.85065171,11.49145311,9.079920299,8.150969271,486,15,9,9,33,457,16,3,5,24,519,481,66,38,91,16
29,1000,30,5.13,10.3,18,37,49,953,28,13,6,47,8.317812841,123,88,8.809653416,11.33497059,8.14305347,8.490487607,475,12,7,3,22,478,16,6,3,25,497,503,64,24,89,34
26,1000,30,5.13,10.3,18,37,57,951,27,11,11,49,7.884760696,109,84,8.820318539,11.23956351,8.278053099,7.435885213,500,19,7,7,33,451,8,4,4,16,533,467,56,28,85,24
30,1000,30,5.13,10.3,18,37,48,962,25,6,7,38,8.050123959,118,86,8.79071666,11.59770897,7.782370991,8.322195524,487,10,4,3,17,475,15,2,4,21,504,496,69,17,93,25
32,1000,30,5.13,10.3,18,37,4,939,29,22,10,61,7.303002908,95,70,7.554692064,9.15021002,6.582179325,8.026715564,478,13,7,3,23,461,16,15,7,38,501,499,43,27,69,26
31,1000,30,5.13,10.3,18,37,45,958,21,8,13,42,8.071524002,123,87,8.805963308,11.55203805,7.618425702,8.5300923,484,9,4,6,19,474,12,4,7,23,503,497,60,27,98,25
28,1000,30,5.13,10.3,18,37,55,942,34,12,12,58,8.656136004,110,96,8.567697157,11.20599318,8.994747542,8.269669301,496,23,8,6,37,446,11,4,6,21,533,467,67,29,80,30
27,1000,30,5.13,10.3,18,37,57,951,31,13,5,49,7.939539373,136,115,9.840432538,12.6204623,8.567327931,7.355380907,451,18,10,3,31,500,13,3,2,18,482,518,85,30,121,15
25,1000,30,5.13,10.3,18,37,58,943,31,12,14,57,8.662515228,118,111,8.915017833,11.55568977,9.132977381,8.154885586,486,15,9,9,33,457,16,3,5,24,519,481,80,31,96,22
29,1000,30,5.13,10.3,18,37,50,953,28,12,7,47,8.337486795,130,102,8.886261349,11.42268931,8.190661022,8.482561168,475,12,6,4,22,478,16,6,3,25,497,503,78,24,99,31
26,1000,30,5.13,10.3,18,37,58,950,28,11,11,50,7.868601013,119,113,8.880294938,11.32652399,8.289560061,7.388148823,499,20,7,7,34,451,8,4,4,16,533,467,75,38,93,26
30,1000,30,5.13,10.3,18,37,49,962,25,6,7,38,8.093514364,112,86,8.858502599,11.67893667,7.81531013,8.376205762,488,9,4,3,16,474,16,2,4,22,504,496,66,20,91,21
31,1000,30,5.13,10.3,18,37,46,957,22,8,13,43,8.085128934,127,91,8.895244122,11.65932276,7.629213828,8.546548044,484,9,4,6,19,473,13,4,7,24,503,497,65,26,102,25
32,1000,30,5.13,10.3,18,37,5,940,29,22,9,60,7.284259397,105,72,7.572013317,9.169554164,6.566871657,8.004522439,478,13,7,3,23,462,16,15,6,37,501,499,31,41,70,35
28,1000,30,5.13,10.3,18,37,56,941,36,11,12,59,8.695462247,123,104,8.605584797,11.25374941,9.066609184,8.271861995,494,25,7,7,39,447,11,4,5,20,533,467,71,33,99,24
27,1000,30,5.13,10.3,18,37,58,951,31,13,5,49,7.939063974,127,108,9.95521184,12.75882608,8.603786912,7.320537998,451,18,10,3,31,500,13,3,2,18,482,518,86,22,105,22
25,1000,30,5.13,10.3,18,37,59,944,32,10,14,56,8.639741106,110,93,8.953672393,11.62392186,9.109617879,8.132743091,487,16,7,9,32,457,16,3,5,24,519,481,60,33,87,23
29,1000,30,5.13,10.3,18,37,51,955,26,12,7,45,8.328168789,113,83,8.933036032,11.45392132,8.202220146,8.452615062,475,12,6,4,22,480,14,6,3,23,497,503,64,19,94,19
26,1000,30,5.13,10.3,18,37,59,949,29,11,11,51,7.896855649,138,94,8.9213266,11.40864348,8.332989734,7.39908377,499,20,7,7,34,450,9,4,4,17,533,467,60,34,104,34
30,1000,30,5.13,10.3,18,37,50,961,26,6,7,39,8.120711412,125,109,8.920484576,11.74136748,7.823433179,8.422784456,488,9,4,3,16,473,17,2,4,23,504,496,80,29,104,21
31,1000,30,5.13,10.3,18,37,47,956,23,8,13,44,8.1035984,117,84,8.885682487,11.69217199,7.686796098,8.52543252,484,9,4,6,19,472,14,4,7,25,503,497,67,17,95,22
28,1000,30,5.13,10.3,18,37,57,941,35,12,12,59,8.72411885,117,88,8.632959373,11.33306621,9.122056499,8.269941619,494,24,8,7,39,447,11,4,5,20,533,467,62,26,88,29
27,1000,30,5.13,10.3,18,37,59,953,29,13,5,47,7.939386986,126,93,10.04095801,12.87878125,8.627763459,7.29885135,451,18,10,3,31,502,11,3,2,16,482,518,69,24,107,19
32,1000,30,5.13,10.3,18,37,6,944,29,18,9,56,7.226783154,106,87,7.592100054,9.189034199,6.562726859,7.893500997,478,14,5,4,23,466,15,13,5,33,501,499,54,33,68,38
25,1000,30,5.13,10.3,18,37,60,944,32,10,14,56,8.667778451,110,82,8.997528195,11.69767452,9.10185768,8.19940606,487,16,7,9,32,457,16,3,5,24,519,481,59,23,88,22
29,1000,30,5.13,10.3,18,37,52,955,27,10,8,45,8.350423449,123,106,8.960347474,11.50912239,8.227158711,8.472217832,476,12,5,4,21,479,15,5,4,24,497,503,71,35,93,30
26,1000,30,5.13,10.3,18,37,60,949,28,12,11,51,7.946447238,112,93,8.987037636,11.51019073,8.374232095,7.458204565,499,20,7,7,34,450,8,5,4,17,533,467,73,20,96,16
30,1000,30,5.13,10.3,18,37,51,962,25,7,6,38,8.121504059,125,85,8.93809473,11.78433729,7.840517344,8.407022818,488,8,5,3,16,474,17,2,3,22,504,496,62,23,106,19
28,1000,30,5.13,10.3,18,37,58,940,36,12,12,60,8.760177275,117,98,8.682352995,11.42930685,9.163075985,8.300337848,493,25,8,7,40,447,11,4,5,20,533,467,68,30,87,30
31,1000,30,5.13,10.3,18,37,48,956,22,9,13,44,8.113276856,111,90,8.949126399,11.75913475,7.697995489,8.533571681,484,8,5,6,19,472,14,4,7,25,503,497,64,26,80,31
27,1000,30,5.13,10.3,18,37,60,955,27,12,6,45,7.927061887,118,106,10.11651012,13.00325104,8.582573105,7.317107434,453,17,8,4,29,502,10,4,2,16,482,518,81,25,98,20
32,1000,30,5.13,10.3,18,37,7,944,28,19,9,56,7.238367894,86,80,7.623043298,9.228270279,6.591844724,7.887482339,477,14,6,4,24,467,14,13,5,32,501,499,44,36,48,38
25,1000,30,5.13,10.3,18,37,61,945,31,9,15,55,8.674592479,120,106,9.02377267,11.75600149,9.125833547,8.187702429,488,15,6,10,31,457,16,3,5,24,519,481,72,34,97,23
29,1000,30,5.13,10.3,18,37,53,956,26,10,8,44,8.343189353,107,102,9.005326035,11.55723147,8.206885426,8.477867389,476,12,5,4,21,480,14,5,4,23,497,503,72,30,86,21
26,1000,30,5.13,10.3,18,37,61,949,28,12,11,51,7.996332656,131,79,9.114574279,11.70139231,8.414903481,7.518606212,499,20,7,7,34,450,8,5,4,17,533,467,56,23,104,27
30,1000,30,5.13,10.3,18,37,52,962,25,6,7,38,8.146553501,113,105,8.967781252,11.84214345,7.93001047,8.366589161,487,9,4,4,17,475,16,2,3,21,504,496,76,29,97,16
28,1000,30,5.13,10.3,18,37,59,937,38,13,12,63,8.792402033,133,99,8.737374369,11.53905367,9.217115513,8.307664806,491,26,9,7,42,446,12,4,5,21,533,467,72,27,111,22
31,1000,30,5.13,10.3,18,37,49,955,24,9,12,45,8.116611312,110,84,9.012242731,11.87313643,7.760150863,8.477375106,483,8,6,6,20,472,16,3,6,25,503,497,55,29,90,20
27,1000,30,5.13,10.3,18,37,61,955,26,12,7,45,7.954085341,115,105,10.19656989,13.10981927,8.605243333,7.348181572,453,17,7,5,29,502,9,5,2,16,482,518,83,22,103,12
25,1000,30,5.13,10.3,18,37,62,947,30,8,15,53,8.667294401,116,96,9.107092664,11.85828836,9.12021046,8.178597032,488,15,6,10,31,459,15,2,5,22,519,481,80,16,88,28
32,1000,30,5.13,10.3,18,37,8,943,28,20,9,57,7.279693208,87,79,7.645271108,9.263963754,6.66146992,7.900394345,477,13,7,4,24,466,15,13,5,33,501,499,43,36,58,29
29,1000,30,5.13,10.3,18,37,54,956,26,10,8,44,8.36695516,128,105,9.049802331,11.63669756,8.252486548,8.480058341,476,12,5,4,21,480,14,5,4,23,497,503,77,28,97,31
26,1000,30,5.13,10.3,18,37,62,949,29,11,11,51,7.979092985,119,119,9.211160795,11.81813912,8.406631786,7.491131142,499,20,7,7,34,450,9,4,4,17,533,467,88,31,92,27
30,1000,30,5.13,10.3,18,37,53,961,25,6,8,39,8.197866362,125,95,8.998504423,11.90875562,8.011826206,8.386907166,487,8,4,5,17,474,17,2,3,22,504,496,72,23,104,21
28,1000,30,5.13,10.3,18,37,60,937,38,12,13,63,8.790855899,115,84,8.738418442,11.58277164,9.251172394,8.265483967,491,26,9,7,42,446,12,3,6,21,533,467,54,30,90,25
31,1000,30,5.13,10.3,18,37,50,954,25,9,12,46,8.151790844,120,102,9.042105133,11.94967405,7.803534322,8.50425167,483,8,6,6,20,471,17,3,6,26,503,497,73,29,101,19
27,1000,30,5.13,10.3,18,37,62,954,27,12,7,46,7.956491392,125,103,10.32752456,13.26348055,8.621993666,7.337240241,453,17,7,5,29,501,10,5,2,17,482,518,82,21,101,24
25,1000,30,5.13,10.3,18,37,63,948,29,8,15,52,8.671518329,135,106,9.16569557,11.95897959,9.156630688,8.148081085,488,15,6,10,31,460,14,2,5,21,519,481,72,34,111,24
29,1000,30,5.13,10.3,18,37,55,956,26,10,8,44,8.362487217,136,108,9.090361075,11.71499009,8.279576134,8.444409301,476,12,5,4,21,480,14,5,4,23,497,503,81,27,116,20
26,1000,30,5.13,10.3,18,37,63,950,28,11,11,50,7.979981535,117,92,9.280706999,11.92539307,8.453554328,7.439479824,499,20,7,7,34,451,8,4,4,16,533,467,68,24,103,14
32,1000,30,5.13,10.3,18,37,9,944,27,20,9,56,7.284095537,96,70,7.669576611,9.308177313,6.696954517,7.873589827,477,13,7,4,24,467,14,13,5,32,501,499,37,33,67,29
30,1000,30,5.13,10.3,18,37,54,962,24,6,8,38,8.187851069,130,89,9.015145168,11.97547164,8.02947403,8.348782577,487,8,4,5,17,475,16,2,3,21,504,496,65,24,110,20
28,1000,30,5.13,10.3,18,37,61,937,38,12,13,63,8.744075177,105,85,8.801748436,11.66506536,9.238838177,8.179388497,491,26,9,7,42,446,12,3,6,21,533,467,62,23,85,20
31,1000,30,5.13,10.3,18,37,51,955,25,8,12,45,8.148532856,120,108,9.086925591,12.02516779,7.811619079,8.489514003,483,8,6,6,20,472,17,2,6,25,503,497,72,36,90,30
27,1000,30,5.13,10.3,18,37,63,955,27,12,6,45,7.956591449,131,124,10.42481378,13.41983832,8.635488558,7.324876378,453,17,7,5,29,502,10,5,1,16,482,518,101,23,116,15
25,1000,30,5.13,10.3,18,37,64,949,29,8,14,51,8.688028477,128,87,9.213468752,12.04501759,9.233056786,8.099941799,488,15,6,10,31,461,14,2,4,20,519,481,55,32,104,24
29,1000,30,5.13,10.3,18,37,56,956,25,10,9,44,8.349060159,128,97,9.166653194,11.83950501,8.306622459,8.390991644,476,11,6,4,21,480,14,4,5,23,497,503,67,30,101,27
26,1000,30,5.13,10.3,18,37,64,950,27,12,11,50,8.012018669,110,95,9.344321344,12.00438104,8.496196181,7.459413501,499,20,7,7,34,451,7,5,4,16,533,467,69,26,94,16
30,1000,30,5.13,10.3,18,37,55,961,25,6,8,39,8.248470713,121,93,9.071987525,12.09710278,8.102662897,8.396630267,486,9,4,5,18,475,16,2,3,21,504,496,62,31,99,22
32,1000,30,5.13,10.3,18,37,10,945,26,20,9,55,7.290200929,109,80,7.658562266,9.32426372,6.739777316,7.842830648,477,13,7,4,24,468,13,13,5,31,501,499,44,36,76,33
28,1000,30,5.13,10.3,18,37,62,936,38,12,14,64,8.748143041,135,84,8.847702667,11.72872518,9.287127829,8.132984814,491,26,8,8,42,445,12,4,6,22,533,467,64,20,104,31
27,1000,30,5.13,10.3,18,37,64,955,27,12,6,45,7.982885763,125,108,10.52247582,13.55988927,8.687635337,7.327114924,453,17,7,5,29,502,10,5,1,16,482,518,76,32,104,21
31,1000,30,5.13,10.3,18,37,52,954,27,8,11,46,8.16244478,122,89,9.123826376,12.06804197,7.885096676,8.44314115,481,10,6,6,22,473,17,2,5,24,503,497,64,25,103,19
25,1000,30,5.13,10.3,18,37,65,949,29,8,14,51,8.717055767,141,95,9.26820706,12.13141851,9.27835041,8.11141768,488,15,6,10,31,461,14,2,4,20,519,481,66,29,118,23
29,1000,30,5.13,10.3,18,37,57,956,25,10,9,44,8.33899059,99,82,9.214434982,11.92228283,8.310059261,8.367576813,476,11,6,4,21,480,14,4,5,23,497,503,60,22,79,20
26,1000,30,5.13,10.3,18,37,65,951,27,10,12,49,8.021776525,128,104,9.436208207,12.16456647,8.535470546,7.435483348,499,20,6,8,34,452,7,4,4,15,533,467,75,29,110,18
30,1000,30,5.13,10.3,18,37,56,961,25,6,8,39,8.250497384,131,97,9.095359102,12.15534129,8.117445865,8.385694894,486,9,4,5,18,475,16,2,3,21,504,496,75,22,111,20
32,1000,30,5.13,10.3,18,37,11,946,26,19,9,54,7.280089892,100,96,7.65485139,9.335300688,6.720591926,7.841830336,478,13,6,4,23,468,13,13,5,31,501,499,53,43,70,30
28,1000,30,5.13,10.3,18,37,63,936,37,11,16,64,8.754602197,109,104,8.856527046,11.75708602,9.309275953,8.121537718,491,25,8,9,42,445,12,3,7,22,533,467,77,27,83,26
27,1000,30,5.13,10.3,18,37,65,952,29,13,6,48,8.003793357,125,133,10.65855085,13.79866485,8.702613769,7.353539616,452,18,7,5,30,500,11,6,1,18,482,518,101,32,110,15
31,1000,30,5.13,10.3,18,37,53,953,28,8,11,47,8.196095073,111,94,9.184575842,12.1821944,7.950690845,8.444461928,480,11,6,6,23,473,17,2,5,24,503,497,65,29,94,17
25,1000,30,5.13,10.3,18,37,66,951,27,8,14,49,8.732932619,131,99,9.326962492,12.23425136,9.294400065,8.127108077,488,15,6,10,31,463,12,2,4,18,519,481,71,28,113,18
29,1000,30,5.13,10.3,18,37,58,955,26,10,9,45,8.377179199,126,98,9.279369311,12.01393586,8.36033141,8.393826021,475,12,6,4,22,480,14,4,5,23,497,503,82,16,110,16
26,1000,30,5.13,10.3,18,37,66,952,28,10,10,48,7.975847602,131,89,9.513481758,12.30452709,8.535551073,7.337042569,500,20,6,7,33,452,8,4,3,15,533,467,71,18,113,18
30,1000,30,5.13,10.3,18,37,57,961,25,6,8,39,8.274193294,117,108,9.152994777,12.20628936,8.176733751,8.373224765,486,9,4,5,18,475,16,2,3,21,504,496,82,26,99,18
28,1000,30,5.13,10.3,18,37,64,936,37,12,15,64,8.751040435,137,84,8.907978401,11.84987549,9.326903661,8.093791828,491,25,8,9,42,445,12,4,6,22,533,467,59,25,102,35
27,1000,30,5.13,10.3,18,37,66,952,29,13,6,48,8.037524954,139,118,10.77575779,13.98428637,8.775716126,7.350636643,452,18,7,5,30,500,11,6,1,18,482,518,91,27,120,19
32,1000,30,5.13,10.3,18,37,12,945,28,18,9,55,7.30255147,86,80,7.672122887,9.37281581,6.750394478,7.856921515,476,15,6,4,25,469,13,12,5,30,501,499,43,37,59,27
31,1000,30,5.13,10.3,18,37,54,953,28,8,11,47,8.227776724,120,80,9.228294421,12.24341078,8.014461158,8.443667528,480,11,6,6,23,473,17,2,5,24,503,497,63,17,93,27
25,1000,30,5.13,10.3,18,37,67,951,27,8,14,49,8.731018121,131,103,9.421638929,12.36616772,9.330640409,8.084024427,488,15,6,10,31,463,12,2,4,18,519,481,76,27,102,29
26,1000,30,5.13,10.3,18,37,67,951,29,9,11,49,8.001440787,124,90,9.613853038,12.41718591,8.616180982,7.299820822,499,21,6,7,34,452,8,3,4,15,533,467,67,23,103,21
29,1000,30,5.13,10.3,18,37,59,955,26,10,9,45,8.407679809,131,117,9.349896444,12.10485775,8.436341,8.379360502,475,12,6,4,22,480,14,4,5,23,497,503,82,35,107,24
30,1000,30,5.13,10.3,18,37,58,961,24,7,8,39,8.316888377,148,103,9.180308732,12.2546435,8.216072559,8.419330255,486,8,5,5,18,475,16,2,3,21,504,496,81,22,120,28
28,1000,30,5.13,10.3,18,37,65,936,37,12,15,64,8.783568242,133,109,8.954022924,11.90431828,9.373041958,8.110785606,491,25,8,9,42,445,12,4,6,22,533,467,79,30,107,26
27,1000,30,5.13,10.3,18,37,67,951,30,13,6,49,8.085417076,140,98,10.8889651,14.17319121,8.822719739,7.399355525,451,19,7,5,31,500,11,6,1,18,482,518,75,23,119,21
31,1000,30,5.13,10.3,18,37,55,953,28,7,12,47,8.267099793,123,97,9.333219573,12.39323787,8.073459869,8.463077423,480,11,5,7,23,473,17,2,5,24,503,497,77,20,102,21
32,1000,30,5.13,10.3,18,37,13,943,30,18,9,57,7.323155009,90,80,7.686767738,9.384342818,6.772957776,7.875557441,475,16,6,4,26,468,14,12,5,31,501,499,45,35,70,20
25,1000,30,5.13,10.3,18,37,68,951,27,8,14,49,8.706098257,135,99,9.465891833,12.43879612,9.346121806,8.015511516,488,15,6,10,31,463,12,2,4,18,519,481,79,20,109,26
26,1000,30,5.13,10.3,18,37,68,952,29,9,10,48,8.020506267,114,107,9.711560756,12.55246933,8.612642531,7.344684793,500,21,6,6,33,452,8,3,4,15,533,467,84,23,94,20
29,1000,30,5.13,10.3,18,37,60,955,26,9,10,45,8.455438515,123,105,9.421479224,12.21945365,8.506539651,8.404946936,475,12,5,5,22,480,14,4,5,23,497,503,80,25,105,18
30,1000,30,5.13,10.3,18,37,59,962,23,7,8,38,8.313568533,133,105,9.233837143,12.34392957,8.234875795,8.393530509,486,8,5,5,18,476,15,2,3,20,504,496,71,34,110,23
28,1000,30,5.13,10.3,18,37,66,935,38,12,15,65,8.819258831,121,94,9.022194501,12.00859243,9.439753664,8.111070937,490,26,8,9,43,445,12,4,6,22,533,467,63,31,99,22
27,1000,30,5.13,10.3,18,37,68,953,29,12,6,47,8.077436433,139,112,10.96847764,14.30259974,8.820893387,7.385648301,452,18,7,5,30,501,11,5,1,17,482,518,94,18,114,25
31,1000,30,5.13,10.3,18,37,56,954,26,8,12,46,8.275936236,139,94,9.368929763,12.4386483,8.097516944,8.456509484,480,11,5,7,23,474,15,3,5,23,503,497,74,20,114,25
25,1000,30,5.13,10.3,18,37,69,950,28,8,14,50,8.783442014,139,100,9.517042547,12.55714134,9.408586433,8.108909886,487,16,6,10,32,463,12,2,4,18,519,481,78,22,114,25
32,1000,30,5.13,10.3,18,37,14,945,30,16,9,55,7.298529262,103,63,7.708205631,9.399135883,6.771273199,7.827898576,475,16,6,4,26,470,14,10,5,29,501,499,41,22,72,31
26,1000,30,5.13,10.3,18,37,69,952,29,9,10,48,8.032906797,143,103,9.882692926,12.77863269,8.647918336,7.330977139,500,21,6,6,33,452,8,3,4,15,533,467,86,17,117,26
29,1000,30,5.13,10.3,18,37,61,957,24,10,9,43,8.447170143,120,106,9.479966723,12.32842315,8.530830486,8.364507737,475,11,5,6,22,482,13,5,3,21,497,503,82,24,104,16
30,1000,30,5.13,10.3,18,37,60,962,22,8,8,38,8.332141315,135,100,9.260315189,12.40925742,8.262312363,8.40309654,486,8,5,5,18,476,14,3,3,20,504,496,75,25,114,21
28,1000,30,5.13,10.3,18,37,67,935,39,11,15,65,8.81386374,123,99,9.066825589,12.07595418,9.43346251,8.106698548,490,27,7,9,43,445,12,4,6,22,533,467,67,32,92,31
27,1000,30,5.13,10.3,18,37,69,954,29,11,6,46,8.11310648,129,108,11.10033949,14.51056232,8.853854402,7.423839109,452,18,7,5,30,502,11,4,1,16,482,518,90,18,112,17
31,1000,30,5.13,10.3,18,37,57,955,27,7,11,45,8.25117106,125,93,9.429621411,12.56417531,8.135519259,8.36821906,480,11,5,7,23,475,16,2,4,22,503,497,70,23,104,21
25,1000,30,5.13,10.3,18,37,70,950,28,7,15,50,8.800659236,138,96,9.582673354,12.68379116,9.439619883,8.111219369,488,15,5,11,31,462,13,2,4,19,519,481,73,23,112,26
26,1000,30,5.13,10.3,18,37,70,951,31,9,9,49,8.098984824,147,101,9.963133597,12.93488138,8.699924392,7.413115895,498,23,6,6,35,453,8,3,3,14,533,467,81,20,123,24
29,1000,30,5.13,10.3,18,37,62,958,24,9,9,42,8.418978088,129,100,9.526694494,12.43048314,8.539764619,8.29963235,475,11,5,6,22,483,13,4,3,20,497,503,70,30,104,25
32,1000,30,5.13,10.3,18,37,15,946,30,14,10,54,7.324752957,98,81,7.711893639,9.400434408,6.808754479,7.842819564,475,16,6,4,26,471,14,8,6,28,501,499,52,29,72,26
30,1000,30,5.13,10.3,18,37,61,962,23,7,8,38,8.333138793,141,85,9.284878022,12.45574937,8.255452082,8.412078515,486,9,5,4,18,476,14,2,4,20,504,496,61,24,115,26
28,1000,30,5.13,10.3,18,37,68,934,40,10,16,66,8.868093259,117,107,9.093780236,12.14782165,9.510102889,8.135349933,489,28,6,10,44,445,12,4,6,22,533,467,80,27,98,19
27,1000,30,5.13,10.3,18,37,70,956,27,11,6,44,8.138239128,166,105,11.27694455,14.86419066,8.879931032,7.44809338,452,18,7,5,30,504,9,4,1,14,482,518,89,16,143,23
31,1000,30,5.13,10.3,18,37,58,956,26,7,11,44,8.283570383,126,96,9.501819442,12.69084729,8.200365315,8.36777994,480,11,5,7,23,476,15,2,4,21,503,497,68,28,103,23
25,1000,30,5.13,10.3,18,37,71,950,28,7,15,50,8.78657705,136,102,9.647953088,12.8012669,9.456637777,8.063580133,488,15,5,11,31,462,13,2,4,19,519,481,79,23,114,22
26,1000,30,5.13,10.3,18,37,71,951,30,10,9,49,8.133638428,126,108,10.19641039,13.19389261,8.763301392,7.414986694,498,22,7,6,35,453,8,3,3,14,533,467,83,25,102,24
29,1000,30,5.13,10.3,18,37,63,959,23,9,9,41,8.429553454,151,93,9.597970012,12.57696259,8.592245331,8.268802236,475,11,5,6,22,484,12,4,3,19,497,503,68,25,126,25
30,1000,30,5.13,10.3,18,37,62,962,23,7,8,38,8.32291481,130,90,9.319212056,12.49558126,8.299833794,8.346368101,485,10,5,4,19,477,13,2,4,19,504,496,68,22,111,19
32,1000,30,5.13,10.3,18,37,16,948,28,14,10,52,7.318856382,108,64,7.73654899,9.444432537,6.850366545,7.789223934,475,16,6,4,26,473,12,8,6,26,501,499,41,23,73,35
28,1000,30,5.13,10.3,18,37,69,933,41,10,16,67,8.852537024,109,88,9.166098011,12.23238721,9.549425274,8.057159214,488,29,6,10,45,445,12,4,6,22,533,467,63,25,89,20
27,1000,30,5.13,10.3,18,37,71,956,27,11,6,44,8.142935226,122,106,11.43557057,15.04934379,8.892749595,7.445231509,451,19,7,5,31,505,8,4,1,13,482,518,82,24,104,18
31,1000,30,5.13,10.3,18,37,59,956,26,7,11,44,8.314574701,133,93,9.58798234,12.8125469,8.228908039,8.401275567,480,11,5,7,23,476,15,2,4,21,503,497,63,30,114,19
25,1000,30,5.13,10.3,18,37,72,950,28,7,15,50,8.768394174,148,107,9.741375138,12.90894495,9.470759728,8.010540282,488,15,5,11,31,462,13,2,4,19,519,481,82,25,127,21
26,1000,30,5.13,10.3,18,37,72,950,31,10,9,50,8.158222944,131,99,10.30654892,13.35389816,8.771860834,7.45786107,498,22,7,6,35,452,9,3,3,15,533,467,85,14,108,23
29,1000,30,5.13,10.3,18,37,64,960,23,8,9,40,8.451001955,115,97,9.663583196,12.68323517,8.642223901,8.262060986,476,11,4,6,21,484,12,4,3,19,497,503,74,23,99,16
30,1000,30,5.13,10.3,18,37,63,961,24,7,8,39,8.33449824,135,126,9.396103383,12.5939938,8.352189146,8.316521998,485,10,5,4,19,476,14,2,4,20,504,496,97,29,112,23
28,1000,30,5.13,10.3,18,37,70,932,42,9,17,68,8.884299723,121,89,9.219562594,12.31242296,9.599971864,8.06748334,487,30,5,11,46,445,12,4,6,22,533,467,63,26,105,16
27,1000,30,5.13,10.3,18,37,72,955,28,11,6,45,8.187650943,139,101,11.57746751,15.35888041,8.951875683,7.476538346,451,19,7,5,31,504,9,4,1,14,482,518,78,23,120,19
32,1000,30,5.13,10.3,18,37,17,948,28,14,10,52,7.358491208,106,90,7.754348373,9.488388484,6.954538963,7.7640625,475,16,6,4,26,473,12,8,6,26,501,499,53,37,81,25
31,1000,30,5.13,10.3,18,37,60,956,26,7,11,44,8.333955457,133,109,9.656775545,12.93035715,8.250260089,8.418661231,480,11,5,7,23,476,15,2,4,21,503,497,84,25,108,25
25,1000,30,5.13,10.3,18,37,73,949,28,8,15,51,8.792799858,127,96,9.799470491,13.01858046,9.522961619,8.0049538,487,15,6,11,32,462,13,2,4,19,519,481,73,23,107,20
26,1000,30,5.13,10.3,18,37,73,950,31,10,9,50,8.159236707,134,112,10.46791433,13.56549627,8.812773945,7.413336604,497,23,7,6,36,453,8,3,3,14,533,467,84,28,112,22
29,1000,30,5.13,10.3,18,37,65,960,22,9,9,40,8.498795117,117,98,9.72543103,12.75120821,8.695320542,8.304613933,476,10,5,6,21,484,12,4,3,19,497,503,75,23,98,19
30,1000,30,5.13,10.3,18,37,64,961,25,6,8,39,8.353015526,150,99,9.454954779,12.64665164,8.434765395,8.269947111,484,11,4,5,20,477,14,2,3,19,504,496,67,32,125,25
28,1000,30,5.13,10.3,18,37,71,930,43,10,17,70,8.895384232,125,97,9.278567222,12.39590927,9.608784356,8.081160963,485,31,6,11,48,445,12,4,6,22,533,467,70,27,108,17
27,1000,30,5.13,10.3,18,37,73,955,27,12,6,45,8.216262268,157,115,11.69879869,15.50046333,8.99428345,7.492312056,451,18,8,5,31,504,9,4,1,14,482,518,93,22,130,27
32,1000,30,5.13,10.3,18,37,18,951,27,12,10,49,7.347081446,89,85,7.785749137,9.532167407,6.947861953,7.747901018,476,16,5,4,25,475,11,7,6,24,501,499,48,37,66,23
31,1000,30,5.13,10.3,18,37,61,957,27,5,11,43,8.340374246,127,99,9.695238027,13.00964306,8.275022608,8.406514836,481,11,4,7,22,476,16,1,4,21,503,497,81,18,105,22
25,1000,30,5.13,10.3,18,37,74,948,29,8,15,52,8.821704244,132,120,9.867441015,13.12728807,9.569486092,8.014846075,486,16,6,11,33,462,13,2,4,19,519,481,97,23,102,30
26,1000,30,5.13,10.3,18,37,74,950,31,10,9,50,8.180531817,137,115,10.57335631,13.73932264,8.842926362,7.424522625,497,23,7,6,36,453,8,3,3,14,533,467,83,32,116,21
29,1000,30,5.13,10.3,18,37,66,961,20,10,9,39,8.475507785,138,116,9.796816614,12.85688428,8.7105958,8.243224001,476,10,5,6,21,485,10,5,3,18,497,503,88,28,116,22
30,1000,30,5.13,10.3,18,37,65,961,26,5,8,39,8.38211711,110,113,9.527647345,12.77885852,8.488748436,8.273765924,483,12,4,5,21,478,14,1,3,18,504,496,80,33,86,24
28,1000,30,5.13,10.3,18,37,72,929,44,10,17,71,8.897065522,149,111,9.356876188,12.50920438,9.619944114,8.072024217,484,32,6,11,49,445,12,4,6,22,533,467,85,26,119,30
27,1000,30,5.13,10.3,18,37,74,955,26,13,6,45,8.225381267,129,134,11.88841516,15.86268062,9.015103199,7.490543484,451,17,9,5,31,504,9,4,1,14,482,518,112,22,116,13
31,1000,30,5.13,10.3,18,37,62,956,27,6,11,44,8.370831453,133,90,9.742380444,13.1054544,8.309738488,8.432661959,481,11,4,7,22,475,16,2,4,22,503,497,68,22,113,20
32,1000,30,5.13,10.3,18,37,19,952,27,11,10,48,7.348096003,101,80,7.797496203,9.56451018,6.93121577,7.766647099,477,16,4,4,24,475,11,7,6,24,501,499,47,33,71,30
25,1000,30,5.13,10.3,18,37,75,947,30,7,16,53,8.843357453,145,111,9.956956054,13.25765004,9.603680213,8.022967613,485,17,5,12,34,462,13,2,4,19,519,481,86,25,118,27
26,1000,30,5.13,10.3,18,37,75,950,31,10,9,50,8.193643918,134,95,10.72017498,13.95103209,8.859781555,7.433362633,497,23,7,6,36,453,8,3,3,14,533,467,71,24,116,18
29,1000,30,5.13,10.3,18,37,67,961,21,9,9,39,8.479447744,153,96,9.870582037,12.98079749,8.739831765,8.222169696,476,10,5,6,21,485,11,4,3,18,497,503,72,24,132,21
30,1000,30,5.13,10.3,18,37,66,959,28,5,8,41,8.410104735,120,100,9.569029427,12.87839305,8.508879224,8.309737109,482,13,4,5,22,477,15,1,3,19,504,496,70,30,105,15
28,1000,30,5.13,10.3,18,37,73,929,43,11,17,71,8.880118473,130,106,9.410789633,12.56443679,9.622764742,8.032515772,484,31,7,11,49,445,12,4,6,22,533,467,75,31,105,25
27,1000,30,5.13,10.3,18,37,75,955,26,13,6,45,8.227082017,156,136,12.00999721,16.03644172,9.049045195,7.462243692,450,18,9,5,32,505,8,4,1,13,482,518,108,28,139,17
31,1000,30,5.13,10.3,18,37,63,955,28,6,11,45,8.374216919,133,95,9.832007487,13.23263407,8.353200026,8.395487537,481,11,4,7,22,474,17,2,4,23,503,497,74,21,112,21
25,1000,30,5.13,10.3,18,37,76,946,31,7,16,54,8.875014661,144,104,10.02989102,13.3522548,9.642700898,8.046679614,484,18,5,12,35,462,13,2,4,19,519,481,83,21,124,20
32,1000,30,5.13,10.3,18,37,20,952,26,11,11,48,7.346040191,87,80,7.819921668,9.583837234,6.969612178,7.723976934,477,15,4,5,24,475,11,7,6,24,501,499,55,25,57,30
26,1000,30,5.13,10.3,18,37,76,951,32,9,8,49,8.170242193,120,107,10.83974612,14.15834701,8.889248291,7.349620672,497,23,7,6,36,454,9,2,2,13,533,467,85,22,105,15
29,1000,30,5.13,10.3,18,37,68,961,21,9,9,39,8.464718716,130,108,9.943074161,13.09193196,8.755123238,8.177778264,476,10,5,6,21,485,11,4,3,18,497,503,86,22,107,23
30,1000,30,5.13,10.3,18,37,67,959,28,5,8,41,8.4146246,131,122,9.651276311,13.00122438,8.554882416,8.272104561,482,13,4,5,22,477,15,1,3,19,504,496,94,28,111,20
28,1000,30,5.13,10.3,18,37,74,929,43,11,17,71,8.879539086,134,96,9.49616303,12.67611826,9.661329833,7.987259711,484,31,7,11,49,445,12,4,6,22,533,467,76,20,115,19
27,1000,30,5.13,10.3,18,37,76,952,29,13,6,48,8.255551132,140,119,12.09713459,16.16256515,9.089933129,7.479157074,448,20,9,5,34,504,9,4,1,14,482,518,102,17,123,17
31,1000,30,5.13,10.3,18,37,64,954,29,6,11,46,8.393195959,145,101,9.885552064,13.3206439,8.413061201,8.373090895,480,12,4,7,23,474,17,2,4,23,503,497,74,27,120,25
25,1000,30,5.13,10.3,18,37,77,945,32,7,16,55,8.875853502,138,93,10.1374716,13.51230077,9.648123536,8.042572529,484,18,5,12,35,461,14,2,4,20,519,481,63,30,115,23
26,1000,30,5.13,10.3,18,37,77,951,32,9,8,49,8.184985659,135,95,10.9765814,14.33105963,8.911869887,7.35537261,497,23,7,6,36,454,9,2,2,13,533,467,82,13,112,23
32,1000,30,5.13,10.3,18,37,21,954,26,10,10,46,7.353234784,99,87,7.825122442,9.616009912,7.036469624,7.671269545,477,15,4,5,24,477,11,6,5,22,501,499,61,26,72,27
29,1000,30,5.13,10.3,18,37,69,958,24,8,10,42,8.469359262,141,105,9.995798561,13.16527688,8.751847857,8.190240312,475,11,5,6,22,483,13,3,4,20,497,503,86,19,122,19
30,1000,30,5.13,10.3,18,37,68,958,29,5,8,42,8.417319393,134,93,9.724400951,13.07917235,8.628338171,8.202897086,481,14,4,5,23,477,15,1,3,19,504,496,67,26,109,25
28,1000,30,5.13,10.3,18,37,75,928,43,11,18,72,8.900980785,131,106,9.600860626,12.8126662,9.708154292,7.979731364,483,31,7,12,50,445,12,4,6,22,533,467,77,29,110,21
27,1000,30,5.13,10.3,18,37,77,954,28,12,6,46,8.26637155,142,120,12.44763854,16.75129184,9.129896815,7.462859624,449,19,9,5,33,505,9,3,1,13,482,518,104,16,120,22
31,1000,30,5.13,10.3,18,37,65,954,28,6,12,46,8.387003566,135,96,9.962761727,13.40232828,8.44718832,8.326092236,480,12,3,8,23,474,16,3,4,23,503,497,77,19,113,22
25,1000,30,5.13,10.3,18,37,78,945,32,7,16,55,8.890656641,151,104,10.21709219,13.63146987,9.695085688,8.022676026,483,19,5,12,36,462,13,2,4,19,519,481,76,28,129,22
26,1000,30,5.13,10.3,18,37,78,952,32,8,8,48,8.208491415,148,110,11.15206845,14.64612564,8.950939427,7.361114991,497,23,7,6,36,455,9,1,2,12,533,467,89,21,126,22
29,1000,30,5.13,10.3,18,37,70,958,24,8,10,42,8.473786929,135,105,10.09413383,13.26766326,8.773986368,8.177168398,475,11,5,6,22,483,13,3,4,20,497,503,80,25,110,25
32,1000,30,5.13,10.3,18,37,22,953,27,10,10,47,7.378948091,102,91,7.841242056,9.660218006,7.070010351,7.689124058,477,15,4,5,24,476,12,6,5,23,501,499,61,30,74,28
30,1000,30,5.13,10.3,18,37,69,958,29,5,8,42,8.427516815,121,93,9.786632523,13.17095707,8.665506982,8.185688096,481,14,4,5,23,477,15,1,3,19,504,496,67,26,104,17
27,1000,30,5.13,10.3,18,37,78,953,29,12,6,47,8.289273512,152,126,12.91163181,17.48736549,9.17881831,7.46155036,449,19,9,5,33,504,10,3,1,14,482,518,105,21,135,17
28,1000,30,5.13,10.3,18,37,76,928,43,11,18,72,8.943683604,134,96,9.680840645,12.90622882,9.753658068,8.019237373,483,31,7,12,50,445,12,4,6,22,533,467,60,36,110,24
31,1000,30,5.13,10.3,18,37,66,953,29,6,12,47,8.398122066,153,107,10.01764069,13.48913235,8.4883607,8.306794033,480,12,3,8,23,473,17,3,4,24,503,497,79,28,133,20
25,1000,30,5.13,10.3,18,37,79,945,32,7,16,55,8.911619921,151,108,10.28307582,13.7678015,9.750925077,8.006007912,483,19,5,12,36,462,13,2,4,19,519,481,74,34,126,25
26,1000,30,5.13,10.3,18,37,79,952,32,8,8,48,8.21080222,157,127,11.30114409,14.89117547,8.95699885,7.359147394,497,23,7,6,36,455,9,1,2,12,533,467,108,19,135,22
29,1000,30,5.13,10.3,18,37,71,955,27,9,9,45,8.485436873,120,106,10.19235898,13.37612528,8.810477422,8.164273547,473,14,5,5,24,482,13,4,4,21,497,503,85,21,106,14
30,1000,30,5.13,10.3,18,37,70,959,29,5,7,41,8.412197628,143,106,9.834913798,13.22010048,8.689763812,8.13015457,481,14,4,5,23,478,15,1,2,18,504,496,76,30,121,22
27,1000,30,5.13,10.3,18,37,79,953,29,12,6,47,8.293452007,150,127,13.58225994,18.5192711,9.211484748,7.439220769,449,19,9,5,33,504,10,3,1,14,482,518,105,22,129,21
28,1000,30,5.13,10.3,18,37,77,927,44,11,18,73,8.953038381,138,88,9.788334997,13.08754231,9.807550612,7.977759966,482,32,7,12,51,445,12,4,6,22,533,467,70,18,113,25
32,1000,30,5.13,10.3,18,37,23,955,26,9,10,45,7.354833045,104,78,7.871940044,9.693002403,7.054405435,7.656464773,478,14,4,5,23,477,12,5,5,22,501,499,45,33,78,26
31,1000,30,5.13,10.3,18,37,67,953,30,5,12,47,8.373100682,150,103,10.10692874,13.62946513,8.481572673,8.26331917,480,12,3,8,23,473,18,2,4,24,503,497,83,20,131,19
25,1000,30,5.13,10.3,18,37,80,945,32,7,16,55,8.923970764,138,113,10.37685499,13.88473444,9.774507569,8.006239783,483,19,5,12,36,462,13,2,4,19,519,481,84,29,115,23
26,1000,30,5.13,10.3,18,37,80,952,32,8,8,48,8.203066015,136,113,11.46978926,15.11908261,8.991503659,7.303200352,497,23,7,6,36,455,9,1,2,12,533,467,87,26,119,17
29,1000,30,5.13,10.3,18,37,72,955,26,10,9,45,8.490504178,133,115,10.31671339,13.5793333,8.832729983,8.152360589,473,13,6,5,24,482,13,4,4,21,497,503,86,29,110,23
30,1000,30,5.13,10.3,18,37,71,960,27,6,7,40,8.466737928,139,89,9.8827434,13.30190247,8.741002211,8.188050029,482,12,5,5,22,478,15,1,2,18,504,496,66,23,116,23
27,1000,30,5.13,10.3,18,37,80,951,31,12,6,49,8.313352836,166,115,13.91053443,19.03303749,9.282791099,7.411288661,448,20,9,5,34,503,11,3,1,15,482,518,94,21,138,28
28,1000,30,5.13,10.3,18,37,78,925,46,12,17,75,8.963212052,126,109,9.865909921,13.18308688,9.874500473,7.923133405,481,32,8,12,52,444,14,4,5,23,533,467,81,28,113,13
32,1000,30,5.13,10.3,18,37,24,954,27,9,10,46,7.366053345,105,77,7.895797422,9.744139505,7.073478,7.659801336,477,15,4,5,24,477,12,5,5,22,501,499,48,29,75,30
31,1000,30,5.13,10.3,18,37,68,953,30,5,12,47,8.369114882,142,95,10.19668519,13.74568599,8.501336765,8.235296759,480,12,3,8,23,473,18,2,4,24,503,497,72,23,128,14
25,1000,30,5.13,10.3,18,37,81,943,34,7,16,57,8.940290086,139,90,10.45275285,14.02103481,9.822134629,7.98877799,482,20,5,12,37,461,14,2,4,20,519,481,75,15,113,26
26,1000,30,5.13,10.3,18,37,81,952,33,7,8,48,8.168751363,137,108,11.70106186,15.41054055,8.982475219,7.240025848,497,24,6,6,36,455,9,1,2,12,533,467,91,17,118,19
29,1000,30,5.13,10.3,18,37,73,955,25,11,9,45,8.505813328,141,119,10.402857,13.68297251,8.882523312,8.133596903,473,12,7,5,24,482,13,4,4,21,497,503,101,18,112,29
30,1000,30,5.13,10.3,18,37,72,961,25,7,7,39,8.478021084,138,112,9.960119669,13.42277655,8.759083185,8.192425724,482,12,5,5,22,479,13,2,2,17,504,496,86,26,118,20
27,1000,30,5.13,10.3,18,37,81,951,31,12,6,49,8.35890339,162,137,15.06321987,21.14163545,9.401128386,7.389111019,448,20,9,5,34,503,11,3,1,15,482,518,115,22,142,20
28,1000,30,5.13,10.3,18,37,79,925,46,12,17,75,8.954532465,133,125,9.926584061,13.24553964,9.876218079,7.902587214,481,32,8,12,52,444,14,4,5,23,533,467,91,34,108,25
31,1000,30,5.13,10.3,18,37,69,954,30,5,11,46,8.406910922,138,102,10.27133063,13.85512443,8.579556135,8.23218146,480,12,3,8,23,474,18,2,3,23,503,497,78,24,117,21
32,1000,30,5.13,10.3,18,37,25,955,26,9,10,45,7.40409476,106,80,7.910664211,9.783371987,7.14457267,7.664657019,477,15,4,5,24,478,11,5,5,21,501,499,51,29,73,33
25,1000,30,5.13,10.3,18,37,82,942,36,7,15,58,8.977754103,140,120,10.54008638,14.18452701,9.906922645,7.975179314,481,21,5,12,38,461,15,2,3,20,519,481,96,24,118,22
26,1000,30,5.13,10.3,18,37,82,952,32,8,8,48,8.188456356,158,122,11.80550403,15.54562251,9.018199045,7.241448105,497,23,7,6,36,455,9,1,2,12,533,467,99,23,135,23
29,1000,30,5.13,10.3,18,37,74,954,25,12,9,46,8.519373417,140,124,10.51605214,13.82754176,8.899012712,8.144262622,472,13,7,5,25,482,12,5,4,21,497,503,101,23,117,23
30,1000,30,5.13,10.3,18,37,73,961,25,7,7,39,8.500390375,152,113,10.03322593,13.53828492,8.815824119,8.17986899,482,12,5,5,22,479,13,2,2,17,504,496,88,25,124,28
27,1000,30,5.13,10.3,18,37,82,950,32,12,6,50,8.393059309,146,122,15.71156879,22.09874528,9.452139363,7.407583274,447,21,9,5,35,503,11,3,1,15,482,518,100,22,126,20
28,1000,30,5.13,10.3,18,37,80,926,46,11,17,74,8.931286111,133,105,10.03569307,13.35651267,9.854726427,7.877338171,481,32,8,12,52,445,14,3,5,22,533,467,83,22,109,24
31,1000,30,5.13,10.3,18,37,70,954,29,6,11,46,8.43473329,142,118,10.40153757,14.02124821,8.625853007,8.241306293,480,12,3,8,23,474,17,3,3,23,503,497,100,18,122,20
25,1000,30,5.13,10.3,18,37,83,941,37,7,15,59,9.015757747,146,112,10.61896732,14.28811677,9.972617667,7.983303903,480,22,5,12,39,461,15,2,3,20,519,481,91,21,126,20
32,1000,30,5.13,10.3,18,37,26,955,26,9,10,45,7.431757157,112,99,7.921549772,9.818802936,7.248696141,7.615551885,476,16,4,5,25,479,10,5,5,20,501,499,61,38,78,34
26,1000,30,5.13,10.3,18,37,83,951,32,9,8,49,8.207790249,151,111,11.99193334,15.83012863,9.065141458,7.229271631,495,24,8,6,38,456,8,1,2,11,533,467,91,20,125,26
29,1000,30,5.13,10.3,18,37,75,953,26,12,9,47,8.546672182,126,102,10.65020566,14.02013484,8.982240389,8.116299619,471,14,7,5,26,482,12,5,4,21,497,503,85,17,110,16
30,1000,30,5.13,10.3,18,37,74,962,24,7,7,38,8.49632053,138,117,10.09779225,13.69439885,8.822797308,8.164577998,482,12,5,5,22,480,12,2,2,16,504,496,99,18,122,16
27,1000,30,5.13,10.3,18,37,83,951,31,11,7,49,8.399377678,155,126,16.42428801,23.20580192,9.491709649,7.382960671,448,20,8,6,34,503,11,3,1,15,482,518,108,18,141,14
28,1000,30,5.13,10.3,18,37,81,924,49,10,17,76,8.961730994,150,110,10.12188353,13.43782679,9.894129377,7.897558963,480,34,7,12,53,444,15,3,5,23,533,467,82,28,130,20
31,1000,30,5.13,10.3,18,37,71,954,29,7,10,46,8.451067263,138,114,10.50093948,14.15752447,8.650195222,8.249535345,480,12,3,8,23,474,17,4,2,23,503,497,87,27,116,22
25,1000,30,5.13,10.3,18,37,84,941,36,8,15,59,9.043014528,130,110,10.66061772,14.39757951,10.00194021,8.008331728,480,21,6,12,39,461,15,2,3,20,519,481,88,22,115,15
26,1000,30,5.13,10.3,18,37,84,949,34,9,8,51,8.245523887,138,127,12.22563891,16.07600156,9.115374175,7.252739727,493,26,8,6,40,456,8,1,2,11,533,467,110,17,122,16
32,1000,30,5.13,10.3,18,37,27,955,26,9,10,45,7.43723996,92,93,7.934568033,9.855752163,7.281617764,7.593485892,476,16,4,5,25,479,10,5,5,20,501,499,54,39,68,24
29,1000,30,5.13,10.3,18,37,76,952,27,12,9,48,8.579216905,141,114,10.77883528,14.23069279,9.045614266,8.118382933,471,14,7,5,26,481,13,5,4,22,497,503,87,27,122,19
30,1000,30,5.13,10.3,18,37,75,959,26,7,8,41,8.529144941,148,114,10.18788572,13.82679492,8.901049173,8.151242253,482,12,4,6,22,477,14,3,2,19,504,496,95,19,122,26
27,1000,30,5.13,10.3,18,37,84,950,32,11,7,50,8.404489562,142,133,17.24258089,24.84118989,9.517611528,7.368727424,448,20,8,6,34,502,12,3,1,16,482,518,117,16,124,18
28,1000,30,5.13,10.3,18,37,82,926,47,11,16,74,8.952095524,137,103,10.24789091,13.61037828,9.924334849,7.842451925,480,34,7,12,53,446,13,4,4,21,533,467,85,18,111,26
31,1000,30,5.13,10.3,18,37,72,954,29,7,10,46,8.462648918,153,113,10.61666336,14.3126324,8.694468524,8.228030686,480,12,3,8,23,474,17,4,2,23,503,497,92,21,131,22
25,1000,30,5.13,10.3,18,37,85,942,35,8,15,58,8.989066914,150,129,10.73737506,14.58087091,9.992929221,7.905897397,480,21,6,12,39,462,14,2,3,19,519,481,99,30,131,19
26,1000,30,5.13,10.3,18,37,85,949,34,9,8,51,8.244361282,144,110,12.47173556,16.38290658,9.146448752,7.214783933,493,26,8,6,40,456,8,1,2,11,533,467,86,24,128,16
32,1000,30,5.13,10.3,18,37,28,956,25,9,10,44,7.460906002,96,70,7.980725082,9.958847164,7.327826787,7.5945186,476,16,4,5,25,480,9,5,5,19,501,499,48,22,77,19
29,1000,30,5.13,10.3,18,37,77,951,26,13,10,49,8.574234684,161,107,10.87197833,14.40220689,9.10129232,8.053464017,470,13,8,6,27,481,13,5,4,22,497,503,88,19,141,20
30,1000,30,5.13,10.3,18,37,76,960,24,8,8,40,8.567882623,143,118,10.26646723,13.94345106,8.970201584,8.159074646,482,12,4,6,22,478,12,4,2,18,504,496,92,26,129,14
27,1000,30,5.13,10.3,18,37,85,949,33,11,7,51,8.388650026,175,125,18.27785144,26.82133485,9.521757858,7.334291001,447,21,8,6,35,502,12,3,1,16,482,518,108,17,151,24
28,1000,30,5.13,10.3,18,37,83,925,48,11,16,75,8.958658344,153,111,10.3740807,13.77963579,9.938851606,7.839936699,480,34,7,12,53,445,14,4,4,22,533,467,94,17,129,24
31,1000,30,5.13,10.3,18,37,73,956,27,7,10,44,8.447712824,158,109,10.75765458,14.53890152,8.696963364,8.195453223,481,11,3,8,22,475,16,4,2,22,503,497,92,17,140,18
25,1000,30,5.13,10.3,18,37,86,943,35,8,14,57,8.991693869,140,122,10.7972058,14.68625332,9.994030403,7.910170665,482,20,6,11,37,461,15,2,3,20,519,481,95,27,122,18
26,1000,30,5.13,10.3,18,37,86,950,32,10,8,50,8.228575062,154,101,12.65703074,16.67021005,9.156974282,7.168967387,493,26,8,6,40,457,6,2,2,10,533,467,87,14,134,20
29,1000,30,5.13,10.3,18,37,78,951,26,13,10,49,8.589335107,160,116,10.9509536,14.55655743,9.157057922,8.028384334,470,13,8,6,27,481,13,5,4,22,497,503,90,26,141,19
30,1000,30,5.13,10.3,18,37,77,959,25,8,8,41,8.551481742,160,98,10.35026481,14.0801649,8.987991537,8.107931466,482,12,4,6,22,477,13,4,2,19,504,496,80,18,137,23
27,1000,30,5.13,10.3,18,37,86,948,31,14,7,52,8.378896939,167,132,19.47204069,29.21335207,9.601817061,7.240967405,445,21,10,6,37,503,10,4,1,15,482,518,115,17,148,19
32,1000,30,5.13,10.3,18,37,29,956,25,9,10,44,7.485607762,102,88,8.019107115,10.01360419,7.400841399,7.57071387,476,16,4,5,25,480,9,5,5,19,501,499,63,25,73,29
28,1000,30,5.13,10.3,18,37,84,928,45,10,17,72,8.934385953,142,108,10.47083299,13.88328204,9.964510054,7.758676862,482,32,6,13,51,446,13,4,4,21,533,467,85,23,118,24
31,1000,30,5.13,10.3,18,37,74,956,27,7,10,44,8.441775375,139,122,10.91082984,14.78797378,8.747968453,8.131885801,480,12,3,8,23,476,15,4,2,21,503,497,96,26,128,11
25,1000,30,5.13,10.3,18,37,87,944,34,8,14,56,9.010603323,133,113,10.86955934,14.81347165,10.01853376,7.923044281,482,20,6,11,37,462,14,2,3,19,519,481,93,20,112,21
26,1000,30,5.13,10.3,18,37,87,950,32,10,8,50,8.251335455,159,117,12.75386518,16.8416979,9.200775202,7.167713646,493,26,8,6,40,457,6,2,2,10,533,467,96,21,145,14
29,1000,30,5.13,10.3,18,37,79,953,24,14,9,47,8.595433801,146,114,11.02478437,14.69882308,9.15613771,8.04141821,472,11,8,6,25,481,13,6,3,22,497,503,94,20,123,23
30,1000,30,5.13,10.3,18,37,78,959,26,7,8,41,8.572316197,156,94,10.43963718,14.22810263,9.03015438,8.107093528,481,13,4,6,23,478,13,3,2,18,504,496,73,21,132,24
27,1000,30,5.13,10.3,18,37,87,946,34,13,7,54,8.387839063,187,126,20.31441732,30.75867964,9.604120745,7.256086609,443,24,9,6,39,503,10,4,1,15,482,518,105,21,165,22
28,1000,30,5.13,10.3,18,37,85,927,46,10,17,73,8.961147315,146,93,10.60358038,14.01348458,10.00576084,7.768901041,481,33,6,13,52,446,13,4,4,21,533,467,74,19,122,24
32,1000,30,5.13,10.3,18,37,30,954,27,9,10,46,7.518043076,97,84,8.048485843,10.07433358,7.478314869,7.557930515,474,18,4,5,27,480,9,5,5,19,501,499,54,30,72,25
25,1000,30,5.13,10.3,18,37,88,946,34,8,12,54,9.034869512,155,122,10.97973007,14.9475599,10.10503738,7.880156163,483,19,6,11,36,463,15,2,1,18,519,481,97,25,134,21
31,1000,30,5.13,10.3,18,37,75,955,29,7,9,45,8.470639932,146,115,11.0580486,14.99005975,8.775119698,8.162484353,480,12,3,8,23,475,17,4,1,22,503,497,91,24,129,17
26,1000,30,5.13,10.3,18,37,88,949,33,10,8,51,8.294308673,155,130,13.018125,17.19812168,9.254241105,7.198711272,492,27,8,6,41,457,6,2,2,10,533,467,101,29,137,18
29,1000,30,5.13,10.3,18,37,80,953,22,16,9,47,8.638020319,147,133,11.12025865,14.86034766,9.261452654,8.022024553,471,11,9,6,26,482,11,7,3,21,497,503,112,21,133,14
30,1000,30,5.13,10.3,18,37,79,958,26,7,9,42,8.606392459,166,117,10.58838352,14.43001069,9.062513253,8.142914877,481,13,4,6,23,477,13,3,3,19,504,496,87,30,143,23
27,1000,30,5.13,10.3,18,37,88,944,36,13,7,56,8.394102341,157,133,21.98455584,34.0085197,9.634582874,7.23983281,441,26,9,6,41,503,10,4,1,15,482,518,113,20,135,22
28,1000,30,5.13,10.3,18,37,86,927,47,9,17,73,8.93707729,150,119,10.70728577,14.17073892,10.02188628,7.698954826,480,34,6,13,53,447,13,3,4,20,533,467,97,22,129,21
32,1000,30,5.13,10.3,18,37,31,955,26,9,10,45,7.549968976,98,81,8.069304876,10.1112709,7.523464163,7.57658002,474,18,4,5,27,481,8,5,5,18,501,499,49,32,71,27
25,1000,30,5.13,10.3,18,37,89,946,34,8,12,54,9.001167357,171,121,11.07968183,15.12927052,10.11974656,7.794218077,483,19,6,11,36,463,15,2,1,18,519,481,96,25,146,25
31,1000,30,5.13,10.3,18,37,76,955,29,7,9,45,8.50522572,142,115,11.15024948,15.12439661,8.853109058,8.153142584,480,12,3,8,23,475,17,4,1,22,503,497,94,21,124,18
26,1000,30,5.13,10.3,18,37,89,949,33,10,8,51,8.267434903,173,107,13.44694404,17.78951836,9.26823051,7.125199232,492,27,8,6,41,457,6,2,2,10,533,467,93,14,144,29
29,1000,30,5.13,10.3,18,37,81,954,21,16,9,46,8.65415292,142,119,11.2356362,15.04339381,9.273082025,8.042606667,471,11,9,6,26,483,10,7,3,20,497,503,98,21,131,11
30,1000,30,5.13,10.3,18,37,80,957,27,7,9,43,8.618419197,146,122,10.64203732,14.52966704,9.11335205,8.115503556,480,14,4,6,24,477,13,3,3,19,504,496,97,25,129,17
27,1000,30,5.13,10.3,18,37,89,946,34,13,7,54,8.399755317,167,130,22.94925906,34.98382039,9.746071914,7.147005124,441,25,10,6,41,505,9,3,1,13,482,518,108,22,153,14
28,1000,30,5.13,10.3,18,37,87,927,46,10,17,73,8.963315551,138,109,10.85843555,14.36464641,10.07517547,7.694319114,480,33,7,13,53,447,13,3,4,20,533,467,91,18,121,17
25,1000,30,5.13,10.3,18,37,90,948,33,7,12,52,9.003261345,143,108,11.16305557,15.22757325,10.15575757,7.759715525,484,19,5,11,35,464,14,2,1,17,519,481,85,23,128,15
31,1000,30,5.13,10.3,18,37,77,956,28,7,9,44,8.525695848,150,129,11.27557634,15.2756305,8.91647412,8.13019993,480,12,3,8,23,476,16,4,1,21,503,497,109,20,136,14
26,1000,30,5.13,10.3,18,37,90,950,32,10,8,50,8.258480318,166,146,13.65557002,18.02376714,9.306911661,7.061876665,493,26,8,6,40,457,6,2,2,10,533,467,123,23,144,22
32,1000,30,5.13,10.3,18,37,32,956,25,9,10,44,7.586196017,105,88,8.086737004,10.13410267,7.549931897,7.622605483,474,18,4,5,27,482,7,5,5,17,501,499,64,24,81,24
30,1000,30,5.13,10.3,18,37,81,957,27,7,9,43,8.623133607,138,121,10.7515514,14.69475899,9.141442802,8.096464586,480,14,4,6,24,477,13,3,3,19,504,496,98,23,121,17
29,1000,30,5.13,10.3,18,37,82,953,21,17,9,47,8.659849174,161,112,11.42655083,15.31502207,9.293648907,8.033609676,470,12,9,6,27,483,9,8,3,20,497,503,89,23,142,19
27,1000,30,5.13,10.3,18,37,90,946,34,13,7,54,8.399987881,170,160,23.55359018,35.50673391,9.766448006,7.128494097,441,25,10,6,41,505,9,3,1,13,482,518,136,24,155,15
28,1000,30,5.13,10.3,18,37,88,927,45,11,17,73,8.991536663,152,100,10.99592824,14.52883025,10.11046165,7.714476671,480,32,8,13,53,447,13,3,4,20,533,467,69,31,130,22
25,1000,30,5.13,10.3,18,37,91,950,31,7,12,50,9.014720337,158,110,11.24369236,15.36417373,10.17617465,7.761508715,484,19,5,11,35,466,12,2,1,15,519,481,89,21,144,14
31,1000,30,5.13,10.3,18,37,78,955,29,7,9,45,8.556079774,152,109,11.43454177,15.47455926,8.934593052,8.172996919,480,12,3,8,23,475,17,4,1,22,503,497,92,17,133,19
26,1000,30,5.13,10.3,18,37,91,950,31,10,9,50,8.287651181,158,115,14.2545266,18.78478161,9.349362131,7.075891145,493,25,8,7,40,457,6,2,2,10,533,467,94,21,137,21
32,1000,30,5.13,10.3,18,37,33,956,26,8,10,44,7.594292502,96,79,8.103416218,10.17436148,7.552929149,7.63582164,474,18,4,5,27,482,8,4,5,17,501,499,57,22,76,20
30,1000,30,5.13,10.3,18,37,82,957,27,7,9,43,8.607396552,148,100,10.83081014,14.79472236,9.180328871,8.02522339,480,14,4,6,24,477,13,3,3,19,504,496,78,22,131,17
29,1000,30,5.13,10.3,18,37,83,953,22,17,8,47,8.670679492,159,115,11.53498284,15.52260426,9.298958993,8.04989438,470,13,9,5,27,483,9,8,3,20,497,503,88,27,140,19
27,1000,30,5.13,10.3,18,37,91,945,36,12,7,55,8.445399742,177,139,24.18862532,36.19007856,9.833624404,7.153654014,439,27,10,6,43,506,9,2,1,12,482,518,120,19,160,17
28,1000,30,5.13,10.3,18,37,89,927,44,11,18,73,9.015367106,136,104,11.16523667,14.7678148,10.17685949,7.689723767,480,31,8,14,53,447,13,3,4,20,533,467,84,20,117,19
25,1000,30,5.13,10.3,18,37,92,945,36,7,12,55,9.034094934,162,102,11.34169381,15.54059027,10.22730324,7.746620692,481,22,5,11,38,464,14,2,1,17,519,481,78,24,148,14
31,1000,30,5.13,10.3,18,37,79,955,29,7,9,45,8.579507179,163,109,11.52519367,15.59706402,9.021207392,8.132474569,480,12,3,8,23,475,17,4,1,22,503,497,90,19,145,18
26,1000,30,5.13,10.3,18,37,92,950,30,11,9,50,8.317532173,144,136,14.67820544,19.28914184,9.424535798,7.054078358,491,25,9,8,42,459,5,2,1,8,533,467,117,19,134,10
32,1000,30,5.13,10.3,18,37,34,957,26,7,10,43,7.601934626,106,94,8.142068262,10.2332419,7.60347856,7.600384504,474,18,3,6,27,483,8,4,4,16,501,499,66,28,79,27
30,1000,30,5.13,10.3,18,37,83,955,29,7,9,45,8.643481631,139,114,10.92604774,14.93383868,9.284830578,7.991788345,479,15,4,6,25,476,14,3,3,20,504,496,95,19,122,17
27,1000,30,5.13,10.3,18,37,92,945,35,13,7,55,8.457575072,168,137,24.49418034,36.60780781,9.848883758,7.162959654,439,26,11,6,43,506,9,2,1,12,482,518,123,14,155,13
29,1000,30,5.13,10.3,18,37,84,953,22,16,9,47,8.71385142,167,130,11.64727454,15.70936782,9.38563096,8.050085154,469,14,8,6,28,484,8,8,3,19,497,503,104,26,146,21
28,1000,30,5.13,10.3,18,37,90,926,44,12,18,74,9.071553247,155,109,11.2608674,14.93890308,10.2628159,7.711932274,479,31,9,14,54,447,13,3,4,20,533,467,87,22,140,15
25,1000,30,5.13,10.3,18,37,93,944,37,7,12,56,9.059140782,146,109,11.48861393,15.75204927,10.2623033,7.760925918,480,23,5,11,39,464,14,2,1,17,519,481,92,17,125,21
31,1000,30,5.13,10.3,18,37,80,952,31,8,9,48,8.623753945,148,119,11.6450316,15.79985183,9.104343642,8.137362359,478,13,4,8,25,474,18,4,1,23,503,497,95,24,133,15
26,1000,30,5.13,10.3,18,37,93,950,30,11,9,50,8.3118996,169,126,15.13679295,20.01644438,9.455293513,7.006912544,491,25,9,8,42,459,5,2,1,8,533,467,101,25,152,17
30,1000,30,5.13,10.3,18,37,84,955,29,7,9,45,8.637208504,140,115,11.05775638,15.10619284,9.317353498,7.946093429,478,16,4,6,26,477,13,3,3,19,504,496,95,20,128,12
27,1000,30,5.13,10.3,18,37,93,945,36,12,7,55,8.458218399,189,147,25.22145197,37.34093283,9.923208924,7.095041888,439,27,10,6,43,506,9,2,1,12,482,518,124,23,177,12
29,1000,30,5.13,10.3,18,37,85,953,23,16,8,47,8.726099778,162,122,11.82388654,15.96336722,9.439300688,8.021406234,468,15,8,6,29,485,8,8,2,18,497,503,100,22,148,14
32,1000,30,5.13,10.3,18,37,35,958,25,7,10,42,7.590275237,102,77,8.171984563,10.30355562,7.612870675,7.567589237,475,17,3,6,26,483,8,4,4,16,501,499,57,20,73,29
28,1000,30,5.13,10.3,18,37,91,924,46,12,18,76,9.096312164,133,113,11.38456165,15.06637493,10.31547401,7.704849071,477,33,9,14,56,447,13,3,4,20,533,467,88,25,122,11
25,1000,30,5.13,10.3,18,37,94,944,37,7,12,56,9.09978351,159,126,11.6354793,16.01193096,10.31143559,7.792408396,480,23,5,11,39,464,14,2,1,17,519,481,105,21,133,26
26,1000,30,5.13,10.3,18,37,94,950,29,12,9,50,8.304849763,166,127,15.50148345,20.46299324,9.47676367,6.967312049,491,25,9,8,42,459,4,3,1,8,533,467,109,18,144,22
31,1000,30,5.13,10.3,18,37,81,952,31,8,9,48,8.627363546,145,127,11.79649187,15.99534866,9.136450697,8.112130474,478,13,4,8,25,474,18,4,1,23,503,497,104,23,132,13
30,1000,30,5.13,10.3,18,37,85,955,28,8,9,45,8.643509801,164,116,11.13292439,15.25986177,9.348716415,7.926928886,477,16,5,6,27,478,12,3,3,18,504,496,92,24,148,16
27,1000,30,5.13,10.3,18,37,94,945,36,12,7,55,8.483896757,186,131,25.82763064,38.07996444,9.950521,7.119200068,439,27,10,6,43,506,9,2,1,12,482,518,116,15,169,17
29,1000,30,5.13,10.3,18,37,86,951,25,16,8,49,8.76413156,149,141,12.0240952,16.24019635,9.483172375,8.053667773,466,17,8,6,31,485,8,8,2,18,497,503,115,26,135,14
28,1000,30,5.13,10.3,18,37,92,923,45,14,18,77,9.110689175,152,107,11.48351128,15.21817147,10.38164224,7.660115333,475,33,11,14,58,448,12,3,4,19,533,467,84,23,132,20
32,1000,30,5.13,10.3,18,37,36,959,25,7,9,41,7.592275655,96,78,8.209273635,10.35065967,7.608404364,7.576082303,475,18,3,5,26,484,7,4,4,15,501,499,55,23,73,23
25,1000,30,5.13,10.3,18,37,95,943,37,8,12,57,9.126390728,154,116,11.72705883,16.15260817,10.3642488,7.790739289,479,23,6,11,40,464,14,2,1,17,519,481,91,25,139,15
26,1000,30,5.13,10.3,18,37,95,949,30,12,9,51,8.348136316,164,130,15.782386,20.86437157,9.557497403,6.967859102,490,26,9,8,43,459,4,3,1,8,533,467,108,22,144,20
31,1000,30,5.13,10.3,18,37,82,954,29,8,9,46,8.629988513,160,121,11.98016367,16.24029622,9.169819474,8.083640477,479,12,4,8,24,475,17,4,1,22,503,497,102,19,143,17
30,1000,30,5.13,10.3,18,37,86,955,28,8,9,45,8.643114683,162,115,11.30266419,15.50779255,9.395555918,7.878537299,477,16,5,6,27,478,12,3,3,18,504,496,95,20,149,13
27,1000,30,5.13,10.3,18,37,95,946,35,12,7,54,8.488724698,191,139,26.41786658,38.88201077,9.949814024,7.129178259,440,26,10,6,42,506,9,2,1,12,482,518,123,16,176,15
29,1000,30,5.13,10.3,18,37,87,950,25,16,9,50,8.796524163,142,123,12.2016055,16.53521394,9.556364933,8.0457471,465,17,8,7,32,485,8,8,2,18,497,503,109,14,127,15
28,1000,30,5.13,10.3,18,37,93,924,44,14,18,76,9.123742198,152,117,11.57875753,15.38694783,10.41552712,7.649392388,475,33,11,14,58,449,11,3,4,18,533,467,94,23,140,12
25,1000,30,5.13,10.3,18,37,96,943,37,8,12,57,9.158987014,150,126,11.8476062,16.32108727,10.4236973,7.794361985,479,23,6,11,40,464,14,2,1,17,519,481,101,25,136,14
31,1000,30,5.13,10.3,18,37,83,955,28,8,9,45,8.633448627,157,128,12.07835272,16.41788662,9.184941597,8.075297794,480,11,4,8,23,475,17,4,1,22,503,497,110,18,139,18
26,1000,30,5.13,10.3,18,37,96,949,30,12,9,51,8.362143648,164,134,16.17579518,21.43687335,9.626400681,6.919212174,489,27,9,8,44,460,3,3,1,7,533,467,110,24,146,18
32,1000,30,5.13,10.3,18,37,37,959,25,7,9,41,7.603316421,97,86,8.22344285,10.37707263,7.651150385,7.555290738,475,18,3,5,26,484,7,4,4,15,501,499,57,29,80,17
30,1000,30,5.13,10.3,18,37,87,954,29,8,9,46,8.664523884,145,104,11.37465591,15.63301891,9.414598206,7.902351589,477,16,5,6,27,477,13,3,3,19,504,496,88,16,133,12
27,1000,30,5.13,10.3,18,37,96,945,35,13,7,55,8.479600422,192,148,27.21859984,39.83950154,9.964499061,7.097899371,439,26,11,6,43,506,9,2,1,12,482,518,129,19,175,17
28,1000,30,5.13,10.3,18,37,94,924,44,14,18,76,9.141696916,161,113,11.69452714,15.57294443,10.43548234,7.665063876,475,33,11,14,58,449,11,3,4,18,533,467,93,20,139,22
29,1000,30,5.13,10.3,18,37,88,949,26,16,9,51,8.827921601,151,122,12.30355287,16.7351512,9.580991651,8.083834494,465,17,8,7,32,484,9,8,2,19,497,503,106,16,131,20
25,1000,30,5.13,10.3,18,37,97,944,35,9,12,56,9.138277019,156,124,11.9418344,16.46193692,10.44958484,7.723373148,479,23,6,11,40,465,12,3,1,16,519,481,105,19,142,14
31,1000,30,5.13,10.3,18,37,84,955,28,8,9,45,8.673228483,182,123,12.27697894,16.69395098,9.272742951,8.066476416,480,11,4,8,23,475,17,4,1,22,503,497,102,21,157,25
26,1000,30,5.13,10.3,18,37,97,948,31,12,9,52,8.38357936,158,124,16.53167223,21.87235088,9.66878771,6.91673557,489,27,9,8,44,459,4,3,1,8,533,467,107,17,145,13
32,1000,30,5.13,10.3,18,37,38,960,24,6,10,40,7.611704909,111,91,8.265213511,10.41773676,7.671080664,7.552091175,476,17,2,6,25,484,7,4,4,15,501,499,61,30,82,29
30,1000,30,5.13,10.3,18,37,88,954,29,8,9,46,8.702523536,151,132,11.54954891,15.85015715,9.490836172,7.90149618,477,16,5,6,27,477,13,3,3,19,504,496,104,28,138,13
27,1000,30,5.13,10.3,18,37,97,942,37,14,7,58,8.521574528,186,155,27.64671127,40.39853386,10.06708295,7.08347596,437,27,12,6,45,505,10,2,1,13,482,518,137,18,168,18
28,1000,30,5.13,10.3,18,37,95,924,44,14,18,76,9.123411856,151,127,11.86107128,15.83764598,10.43116263,7.630839772,475,33,11,14,58,449,11,3,4,18,533,467,103,24,128,23
29,1000,30,5.13,10.3,18,37,89,951,24,16,9,49,8.808679079,168,120,12.44488916,16.89867587,9.605589315,8.02127473,466,16,8,7,31,485,8,8,2,18,497,503,97,23,152,16
25,1000,30,5.13,10.3,18,37,98,942,36,10,12,58,9.15972394,178,122,12.08256924,16.70403491,10.47369539,7.74194601,477,24,7,11,42,465,12,3,1,16,519,481,106,16,161,17
31,1000,30,5.13,10.3,18,37,85,954,29,8,9,46,8.67230774,161,131,12.4733132,16.9157746,9.300838552,8.036189031,480,11,4,8,23,474,18,4,1,23,503,497,99,32,139,22
26,1000,30,5.13,10.3,18,37,98,947,32,12,9,53,8.398213434,174,127,17.0413174,22.42407,9.694585718,6.918627935,489,27,9,8,44,458,5,3,1,9,533,467,112,15,160,14
32,1000,30,5.13,10.3,18,37,39,959,24,6,11,41,7.604749153,113,98,8.278884729,10.48207895,7.715031642,7.494024649,475,17,3,6,26,484,7,3,5,15,501,499,73,25,87,26
30,1000,30,5.13,10.3,18,37,89,955,28,8,9,45,8.687389306,164,122,11.73642172,16.09216361,9.507570347,7.853979538,477,16,5,6,27,478,12,3,3,18,504,496,100,22,144,20
27,1000,30,5.13,10.3,18,37,98,943,36,14,7,57,8.520377175,193,158,28.00787312,40.82105115,10.08604037,7.063524546,437,27,12,6,45,506,9,2,1,12,482,518,141,17,174,19
28,1000,30,5.13,10.3,18,37,96,924,44,14,18,76,9.110976784,153,124,12.0041603,16.0346309,10.46978696,7.560129197,475,33,11,14,58,449,11,3,4,18,533,467,99,25,140,13
29,1000,30,5.13,10.3,18,37,90,953,23,15,9,47,8.753830119,172,119,12.61258335,17.08217711,9.607268923,7.910571501,466,16,8,7,31,487,7,7,2,16,497,503,107,12,155,17
25,1000,30,5.13,10.3,18,37,99,940,39,10,11,60,9.160445304,160,118,12.21106163,16.93029986,10.51470015,7.699201504,476,25,7,11,43,464,14,3,0,17,519,481,101,17,145,15
26,1000,30,5.13,10.3,18,37,99,946,33,12,9,54,8.439526887,174,141,17.55139957,23.01252456,9.719417844,6.978751984,488,28,9,8,45,458,5,3,1,9,533,467,125,16,152,22
31,1000,30,5.13,10.3,18,37,86,954,29,8,9,46,8.670971618,152,129,12.74136675,17.1830394,9.288298252,8.046192349,480,11,4,8,23,474,18,4,1,23,503,497,108,21,137,15
27,1000,30,5.13,10.3,18,37,99,944,35,14,7,56,8.519986837,196,167,28.65883307,41.48262327,10.08565199,7.063132389,438,26,12,6,44,506,9,2,1,12,482,518,142,25,177,19
30,1000,30,5.13,10.3,18,37,90,955,28,7,10,45,8.707499466,168,126,11.86402964,16.28907768,9.544681526,7.856814469,477,16,4,7,27,478,12,3,3,18,504,496,101,25,143,25
32,1000,30,5.13,10.3,18,37,40,959,24,6,11,41,7.641714274,103,84,8.307687429,10.53625314,7.726406993,7.556682105,475,17,3,6,26,484,7,3,5,15,501,499,50,34,80,23
28,1000,30,5.13,10.3,18,37,97,925,43,14,18,75,9.142512109,146,148,12.22638237,16.35863285,10.52953952,7.559459408,475,32,11,15,58,450,11,3,3,17,533,467,118,30,130,16
29,1000,30,5.13,10.3,18,37,91,954,23,14,9,46,8.763395754,164,121,12.76225282,17.28163434,9.623170198,7.913877068,466,16,8,7,31,488,7,6,2,15,497,503,102,19,142,22
25,1000,30,5.13,10.3,18,37,100,938,41,10,11,62,9.152665642,164,122,12.38940501,17.18392218,10.54612849,7.649116334,474,27,7,11,45,464,14,3,0,17,519,481,101,21,146,18
26,1000,30,5.13,10.3,18,37,100,946,32,13,9,54,8.486956429,175,144,18.20051221,23.675481,9.747583436,7.048168003,488,28,9,8,45,458,4,4,1,9,533,467,121,23,160,15
31,1000,30,5.13,10.3,18,37,87,954,29,8,9,46,8.686648737,148,109,12.97494633,17.46145224,9.350926918,8.014351101,479,12,4,8,24,475,17,4,1,22,503,497,91,18,131,17
27,1000,30,5.13,10.3,18,37,100,943,35,15,7,57,8.524647772,175,168,29.7167768,42.588681,10.12870413,7.032070235,438,26,12,6,44,505,9,3,1,13,482,518,145,23,164,11
30,1000,30,5.13,10.3,18,37,91,956,27,7,10,44,8.675453324,151,135,12.01856741,16.53036671,9.564212069,7.772359761,477,16,4,7,27,479,11,3,3,17,504,496,112,23,133,18
28,1000,30,5.13,10.3,18,37,98,923,45,13,19,77,9.158235052,160,118,12.39792037,16.57078745,10.58270483,7.53244835,473,34,10,16,60,450,11,3,3,17,533,467,97,21,139,21
29,1000,30,5.13,10.3,18,37,92,952,25,15,8,48,8.731796356,171,133,12.93855039,17.5709344,9.627933075,7.846349142,464,18,9,6,33,488,7,6,2,15,497,503,115,18,155,16
32,1000,30,5.13,10.3,18,37,41,958,25,6,11,42,7.670192909,120,77,8.343274081,10.58559576,7.765636047,7.574367233,475,17,3,6,26,483,8,3,5,16,501,499,55,22,93,27
25,1000,30,5.13,10.3,18,37,101,936,43,10,11,64,9.248191032,169,116,12.53448211,17.40988188,10.64905317,7.736657873,473,28,7,11,46,463,15,3,0,18,519,481,96,20,149,20
26,1000,30,5.13,10.3,18,37,101,945,32,14,9,55,8.533560945,173,148,18.9035259,24.42102441,9.830947758,7.052817537,487,29,9,8,46,458,3,5,1,9,533,467,120,28,155,18
31,1000,30,5.13,10.3,18,37,88,955,27,9,9,45,8.712941637,180,117,13.13725631,17.76481727,9.414083301,8.003335486,479,11,5,8,24,476,16,4,1,21,503,497,104,13,156,24
27,1000,30,5.13,10.3,18,37,101,944,34,15,7,56,8.498447077,189,163,31.12880267,45.0943961,10.13762846,6.973185633,439,25,12,6,43,505,9,3,1,13,482,518,147,16,173,16
30,1000,30,5.13,10.3,18,37,92,959,24,7,10,41,8.663859759,170,122,12.09924841,16.66161467,9.586654392,7.726181341,477,16,4,7,27,482,8,3,3,14,504,496,97,25,154,16
28,1000,30,5.13,10.3,18,37,99,924,44,13,19,76,9.147444528,170,127,12.66926878,16.9600325,10.62076456,7.465903674,474,33,10,16,59,450,11,3,3,17,533,467,103,24,152,18
29,1000,30,5.13,10.3,18,37,93,952,25,15,8,48,8.765639776,172,132,13.10949731,17.83584262,9.646242355,7.895541404,464,18,9,6,33,488,7,6,2,15,497,503,109,23,161,11
32,1000,30,5.13,10.3,18,37,42,957,25,7,11,43,7.688904565,91,87,8.368727776,10.64042775,7.824053986,7.553213463,474,17,4,6,27,483,8,3,5,16,501,499,68,19,79,12
25,1000,30,5.13,10.3,18,37,102,933,44,12,11,67,9.229337587,174,115,12.6347952,17.61091197,10.64999324,7.696447184,471,28,9,11,48,462,16,3,0,19,519,481,105,10,144,30
26,1000,30,5.13,10.3,18,37,102,944,33,14,9,56,8.517836262,169,146,19.23372386,24.80820067,9.84698923,7.000837264,487,29,9,8,46,457,4,5,1,10,533,467,132,14,158,11
31,1000,30,5.13,10.3,18,37,89,953,27,9,11,47,8.7662574,157,127,13.40013404,18.13434369,9.50130632,8.02233465,477,12,4,10,26,476,15,5,1,21,503,497,109,18,142,15
27,1000,30,5.13,10.3,18,37,102,941,36,16,7,59,8.5063198,189,167,33.04373587,48.19245574,10.16074292,6.966875893,437,26,13,6,45,504,10,3,1,14,482,518,144,23,176,13
30,1000,30,5.13,10.3,18,37,93,960,22,8,10,40,8.646518996,178,133,12.19450997,16.7929214,9.589119019,7.688715746,478,14,5,7,26,482,8,3,3,14,504,496,114,19,155,23
28,1000,30,5.13,10.3,18,37,100,923,44,14,19,77,9.144378403,168,122,12.89874701,17.30073156,10.65767527,7.417210882,473,34,10,16,60,450,10,4,3,17,533,467,102,20,146,22
29,1000,30,5.13,10.3,18,37,94,952,25,15,8,48,8.794920808,181,136,13.29070156,18.14923707,9.686703239,7.913775941,464,18,9,6,33,488,7,6,2,15,497,503,109,27,166,15
25,1000,30,5.13,10.3,18,37,103,936,42,11,11,64,9.236622507,169,141,12.8115286,17.88637277,10.68859495,7.669941224,473,27,8,11,46,463,15,3,0,18,519,481,123,18,150,19
26,1000,30,5.13,10.3,18,37,103,941,36,14,9,59,8.531520364,173,146,20.00565767,25.71453282,9.923362513,6.942972473,484,32,9,8,49,457,4,5,1,10,533,467,123,23,157,16
32,1000,30,5.13,10.3,18,37,43,957,25,7,11,43,7.693361514,118,79,8.430555996,10.73768414,7.907889987,7.477973208,473,18,4,6,28,484,7,3,5,15,501,499,61,18,102,16
31,1000,30,5.13,10.3,18,37,90,952,28,9,11,48,8.773323058,179,119,13.65061547,18.44140294,9.531061473,8.006436895,476,13,4,10,27,476,15,5,1,21,503,497,104,15,159,20
27,1000,30,5.13,10.3,18,37,103,942,35,16,7,58,8.509099263,182,145,34.17186665,49.39725405,10.17873317,6.955501686,437,26,13,6,45,505,9,3,1,13,482,518,133,12,169,13
30,1000,30,5.13,10.3,18,37,94,960,22,8,10,40,8.645700084,156,124,12.31706283,16.96642545,9.647251664,7.627994447,478,14,5,7,26,482,8,3,3,14,504,496,101,23,139,17
28,1000,30,5.13,10.3,18,37,101,924,43,14,19,76,9.123328746,161,134,13.09812538,17.54725278,10.64732705,7.383947388,473,34,10,16,60,451,9,4,3,16,533,467,115,19,140,21
29,1000,30,5.13,10.3,18,37,95,951,25,16,8,49,8.84218312,165,146,13.41015731,18.2835637,9.773329714,7.922143642,464,18,9,6,33,487,7,7,2,16,497,503,117,29,146,19
25,1000,30,5.13,10.3,18,37,104,936,42,11,11,64,9.247570687,167,118,12.94072117,18.04036039,10.73238967,7.645447913,473,27,8,11,46,463,15,3,0,18,519,481,98,20,150,17
33,1000,30,5.13,10.3,18,37,0,953,27,13,7,47,7.084,96,85,7.543959792,8.764654484,5.965235174,8.154598826,473,12,4,0,16,480,15,9,7,31,489,511,47,38,68,28
26,1000,30,5.13,10.3,18,37,104,942,34,15,9,58,8.528291282,182,145,20.91129264,26.91215237,9.934158268,6.923736457,485,30,10,8,48,457,4,5,1,10,533,467,120,25,164,18
34,1000,30,5.13,10.3,18,37,0,945,25,17,13,55,7.242,108,83,7.518310657,8.986337665,6.367768595,8.062015504,470,7,4,3,14,475,18,13,10,41,484,516,48,35,83,25
31,1000,30,5.13,10.3,18,37,91,953,28,9,10,47,8.767849826,180,122,13.87532655,18.81378162,9.564347901,7.961736079,476,13,4,10,27,477,15,5,0,20,503,497,106,16,164,16
32,1000,30,5.13,10.3,18,37,44,957,23,9,11,43,7.719769899,120,107,8.467729075,10.7865929,7.923832051,7.514889863,473,17,5,6,28,484,6,4,5,15,501,499,71,36,96,24
27,1000,30,5.13,10.3,18,37,104,942,36,15,7,58,8.510858557,213,159,35.71343671,52.35186012,10.19907484,6.939970044,437,27,13,5,45,505,9,2,2,13,482,518,138,21,196,17
35,1000,30,5.13,10.3,18,37,0,934,26,18,22,66,7.442,90,91,7.493306081,9.011812094,6.873046875,8.038934426,487,12,6,7,25,447,14,12,15,41,512,488,55,36,61,29
30,1000,30,5.13,10.3,18,37,95,960,22,8,10,40,8.656846453,166,121,12.46847188,17.15859851,9.688035601,7.609025221,478,14,5,7,26,482,8,3,3,14,504,496,105,16,152,14
28,1000,30,5.13,10.3,18,37,102,924,41,15,20,76,9.138474541,157,129,13.54806309,18.0762652,10.70030443,7.355914948,473,32,11,17,60,451,9,4,3,16,533,467,105,24,142,15
29,1000,30,5.13,10.3,18,37,96,951,25,15,9,49,8.897579591,181,132,13.57088261,18.53216685,9.89188591,7.915133784,464,18,8,7,33,487,7,7,2,16,497,503,116,16,168,13
33,1000,30,5.13,10.3,18,37,1,954,26,13,7,46,7.107964605,103,93,7.540338605,8.77902833,6.012354822,8.156405277,474,11,4,0,15,480,15,9,7,31,489,511,52,41,68,35
31,1000,30,5.13,10.3,18,37,92,952,29,9,10,48,8.789243497,174,140,14.20121522,19.23871166,9.59730026,7.971431521,476,13,4,10,27,476,16,5,0,21,503,497,129,11,160,14
34,1000,30,5.13,10.3,18,37,1,945,26,16,13,55,7.287844643,97,85,7.549008527,9.018722123,6.453614861,8.070339245,469,8,4,3,15,476,18,12,10,40,484,516,52,33,68,29
32,1000,30,5.13,10.3,18,37,45,958,21,10,11,42,7.710898045,120,109,8.498347181,10.82222279,7.949546433,7.47129315,473,17,5,6,28,485,4,5,5,14,501,499,80,29,102,18
28,1000,30,5.13,10.3,18,37,103,925,39,16,20,75,9.145989244,179,153,13.87844425,18.49372252,10.73304719,7.334636168,474,30,12,17,59,451,9,4,3,16,533,467,124,29,161,18
30,1000,30,5.13,10.3,18,37,96,960,21,9,10,40,8.617252966,174,143,12.63236089,17.37079331,9.684610839,7.532679645,478,14,5,7,26,482,7,4,3,14,504,496,112,31,155,19
35,1000,30,5.13,10.3,18,37,1,937,25,16,22,63,7.430826404,98,99,7.495015613,9.016495159,6.854363256,8.035640199,488,12,5,7,24,449,13,11,15,39,512,488,64,35,62,36
29,1000,30,5.13,10.3,18,37,97,950,24,17,9,50,8.929444149,165,138,13.76212715,18.77772475,9.908123081,7.962439319,464,17,9,7,33,486,7,8,2,17,497,503,122,16,152,13
31,1000,30,5.13,10.3,18,37,93,952,29,9,10,48,8.801363331,186,130,14.5623014,19.68702242,9.604128926,7.988906401,476,13,4,10,27,476,16,5,0,21,503,497,117,13,164,22
33,1000,30,5.13,10.3,18,37,2,955,27,11,7,45,7.08377642,83,83,7.560305015,8.801096028,6.048284249,8.074687714,474,11,4,0,15,481,16,7,7,30,489,511,46,37,62,21
34,1000,30,5.13,10.3,18,37,2,945,26,16,13,55,7.332862174,85,78,7.567111909,9.055168012,6.576827048,8.042011402,469,8,4,3,15,476,18,12,10,40,484,516,43,35,65,20
28,1000,30,5.13,10.3,18,37,104,924,41,16,19,76,9.153487558,185,151,14.22209519,18.96216952,10.76329978,7.316164398,473,32,12,16,60,451,9,4,3,16,533,467,126,25,165,20
30,1000,30,5.13,10.3,18,37,97,960,21,10,9,40,8.602870291,174,133,12.81581453,17.57730423,9.706618242,7.481319953,478,14,6,6,26,482,7,4,3,14,504,496,105,28,153,21
36,1000,30,5.13,10.3,18,37,0,929,41,18,12,71,7.139,81,89,7.472349549,9.239354344,6.353174603,7.9375,482,16,5,1,22,447,25,13,11,49,504,496,42,47,55,26
32,1000,30,5.13,10.3,18,37,46,958,21,10,11,42,7.69457483,135,95,8.535405657,10.89587921,7.939197569,7.44897164,473,17,5,6,28,485,4,5,5,14,501,499,63,32,102,33
35,1000,30,5.13,10.3,18,37,2,936,27,13,24,64,7.458936279,107,92,7.493145044,9.041477058,6.906839944,8.038184893,488,12,5,7,24,448,15,8,17,40,512,488,45,47,79,28
29,1000,30,5.13,10.3,18,37,98,951,24,16,9,49,8.912453316,175,162,13.98189766,19.16727529,9.937284844,7.899846419,463,18,9,7,34,488,6,7,2,15,497,503,140,22,169,6
31,1000,30,5.13,10.3,18,37,94,952,29,10,9,48,8.850990088,174,155,14.92723904,20.24770335,9.64807758,8.04427981,477,13,4,9,26,475,16,6,0,22,503,497,134,21,157,17
34,1000,30,5.13,10.3,18,37,3,947,24,16,13,53,7.31758835,92,83,7.570979208,9.078845586,6.577920177,8.011385628,469,8,4,3,15,478,16,12,10,38,484,516,40,43,66,26
33,1000,30,5.13,10.3,18,37,3,955,27,11,7,45,7.111741208,101,77,7.585500924,8.843488869,6.101689452,8.078307369,474,11,4,0,15,481,16,7,7,30,489,511,43,34,72,29
30,1000,30,5.13,10.3,18,37,98,960,21,10,9,40,8.623683777,164,133,12.95178647,17.75097523,9.724314097,7.505301354,478,14,6,6,26,482,7,4,3,14,504,496,105,28,145,19
35,1000,30,5.13,10.3,18,37,3,935,28,13,24,65,7.496227085,87,104,7.525379641,9.072364952,6.961781315,8.056957074,487,13,5,7,25,448,15,8,17,40,512,488,55,49,59,28
36,1000,30,5.13,10.3,18,37,1,928,42,18,12,72,7.196488709,97,76,7.473728038,9.241548376,6.440932442,7.964231367,482,16,5,1,22,446,26,13,11,50,504,496,42,34,70,27
32,1000,30,5.13,10.3,18,37,47,957,22,10,11,43,7.702579888,104,103,8.586392827,11.02734254,8.019481228,7.384408404,472,18,5,6,29,485,4,5,5,14,501,499,75,28,85,19
29,1000,30,5.13,10.3,18,37,99,949,26,16,9,51,8.927303821,175,144,14.19207786,19.48748411,9.978008534,7.889132364,462,19,9,7,35,487,7,7,2,16,497,503,117,27,158,17
31,1000,30,5.13,10.3,18,37,95,952,29,10,9,48,8.881824733,194,148,15.41782865,20.74530346,9.697089087,8.056718153,477,13,4,9,26,475,16,6,0,22,503,497,134,14,183,11
33,1000,30,5.13,10.3,18,37,4,955,27,11,7,45,7.144010152,113,73,7.608009341,8.859247544,6.132944042,8.111546997,474,11,4,0,15,481,16,7,7,30,489,511,43,30,77,36
34,1000,30,5.13,10.3,18,37,4,947,22,18,13,53,7.345183348,121,82,7.609571041,9.121196478,6.604069113,8.040337011,468,8,5,3,16,479,14,13,10,37,484,516,44,38,90,31
30,1000,30,5.13,10.3,18,37,99,960,21,10,9,40,8.645263137,178,137,13.05587224,17.90961657,9.758128652,7.514448177,478,14,6,6,26,482,7,4,3,14,504,496,121,16,165,13
36,1000,30,5.13,10.3,18,37,2,929,41,17,13,71,7.224007684,102,92,7.498925507,9.266770941,6.484267834,7.975678821,482,16,5,1,22,447,25,12,12,49,504,496,54,38,70,32
35,1000,30,5.13,10.3,18,37,4,936,28,12,24,64,7.534636686,96,86,7.51688223,9.095989796,6.989361808,8.106728362,488,12,5,7,24,448,16,7,17,40,512,488,47,39,65,31
32,1000,30,5.13,10.3,18,37,48,954,25,10,11,46,7.720826838,102,88,8.661557432,11.11510815,8.060345251,7.37994763,469,21,5,6,32,485,4,5,5,14,501,499,60,28,80,22
29,1000,30,5.13,10.3,18,37,100,948,27,16,9,52,8.932113806,190,133,14.35367633,19.75931332,9.987478711,7.889337747,461,20,9,7,36,487,7,7,2,16,497,503,115,18,176,14
31,1000,30,5.13,10.3,18,37,96,953,28,10,9,47,8.903435915,185,133,16.12795426,21.49986215,9.75060074,8.046043748,477,13,4,9,26,476,15,6,0,21,503,497,114,19,169,16
34,1000,30,5.13,10.3,18,37,5,945,24,18,13,55,7.41088786,106,93,7.616954575,9.131945684,6.661303255,8.113986597,467,9,5,3,17,478,15,13,10,38,484,516,50,43,69,37
33,1000,30,5.13,10.3,18,37,5,954,28,11,7,46,7.184964261,83,85,7.631144372,8.905428377,6.174831591,8.151607853,474,11,4,0,15,480,17,7,7,31,489,511,52,33,63,20
30,1000,30,5.13,10.3,18,37,100,959,21,11,9,41,8.661696172,182,136,13.21621061,18.09148078,9.818376117,7.486360098,478,13,7,6,26,481,8,4,3,15,504,496,112,24,164,18
35,1000,30,5.13,10.3,18,37,5,939,28,12,21,61,7.534719599,76,84,7.531184528,9.141609363,7.06231057,8.030361859,488,12,5,7,24,451,16,7,14,37,512,488,47,37,54,22
36,1000,30,5.13,10.3,18,37,3,929,42,16,13,71,7.236653841,108,92,7.51700338,9.267241962,6.504411189,7.980706858,482,16,5,1,22,447,26,11,12,49,504,496,48,44,73,35
29,1000,30,5.13,10.3,18,37,101,946,29,15,10,54,8.929913311,188,154,14.48321348,19.98852767,10.04925102,7.823927541,460,21,8,8,37,486,8,7,2,17,497,503,130,24,171,17
32,1000,30,5.13,10.3,18,37,49,952,27,10,11,48,7.74021156,117,94,8.697536523,11.1808561,8.114027861,7.364896997,468,22,5,6,33,484,5,5,5,15,501,499,65,29,94,23
31,1000,30,5.13,10.3,18,37,97,952,27,12,9,48,8.94670632,193,160,16.90785368,22.28066476,9.865390963,8.016930918,475,14,5,9,28,477,13,7,0,20,503,497,137,23,174,19
34,1000,30,5.13,10.3,18,37,6,944,25,19,12,56,7.425886198,96,71,7.630189471,9.155539332,6.704730439,8.10231912,467,9,5,3,17,477,16,14,9,39,484,516,41,30,74,22
33,1000,30,5.13,10.3,18,37,6,953,29,11,7,47,7.190002002,98,80,7.651638202,8.926696646,6.186043944,8.150736816,474,11,4,0,15,479,18,7,7,32,489,511,41,39,73,25
30,1000,30,5.13,10.3,18,37,101,958,22,11,9,42,8.664719253,185,137,13.39451799,18.34823499,9.822946081,7.487811348,477,14,7,6,27,481,8,4,3,15,504,496,115,22,171,14
35,1000,30,5.13,10.3,18,37,6,937,30,12,21,63,7.568349331,76,80,7.508082514,9.13686972,7.101341108,8.058325171,487,13,5,7,25,450,17,7,14,38,512,488,45,35,61,15
36,1000,30,5.13,10.3,18,37,4,929,41,16,14,71,7.268198002,110,71,7.549232883,9.284759257,6.535566271,8.012646373,482,15,6,1,22,447,26,10,13,49,504,496,39,32,75,35
29,1000,30,5.13,10.3,18,37,102,944,31,15,10,56,8.935306259,174,140,14.73323592,20.30957882,10.07084135,7.813316319,458,23,8,8,39,486,8,7,2,17,497,503,119,21,160,14
32,1000,30,5.13,10.3,18,37,50,953,27,10,10,47,7.730234327,97,103,8.748556425,11.23684392,8.152499529,7.30627668,468,22,5,6,33,485,5,5,4,14,501,499,79,24,79,18
31,1000,30,5.13,10.3,18,37,98,953,28,10,9,47,8.918709255,188,149,17.26928558,22.70789184,9.86394838,7.962058793,475,15,4,9,28,478,13,6,0,19,503,497,127,22,167,21
34,1000,30,5.13,10.3,18,37,7,944,25,19,12,56,7.416041313,96,92,7.654649839,9.173956867,6.735812199,8.054085676,467,9,5,3,17,477,16,14,9,39,484,516,62,30,68,28
33,1000,30,5.13,10.3,18,37,7,954,28,11,7,46,7.176357259,112,82,7.660058753,8.970484191,6.202161381,8.108611239,474,11,4,0,15,480,17,7,7,31,489,511,48,34,82,30
30,1000,30,5.13,10.3,18,37,102,956,24,11,9,44,8.65833737,188,135,13.52649274,18.51992826,9.887265573,7.409587744,475,16,7,6,29,481,8,4,3,15,504,496,114,21,171,17
35,1000,30,5.13,10.3,18,37,7,936,33,12,19,64,7.596976328,95,81,7.525899155,9.15782556,7.133048185,8.08372061,487,14,5,6,25,449,19,7,13,39,512,488,46,35,65,30
29,1000,30,5.13,10.3,18,37,103,941,34,15,10,59,8.979785826,206,140,15.00047792,20.68901665,10.11004651,7.86300738,457,24,8,8,40,484,10,7,2,19,497,503,123,17,187,19
36,1000,30,5.13,10.3,18,37,5,931,41,14,14,69,7.287677705,104,72,7.561416062,9.314561093,6.552286872,8.034929681,483,15,5,1,21,448,26,9,13,48,504,496,45,27,71,33
31,1000,30,5.13,10.3,18,37,99,954,27,10,9,46,8.927981206,193,167,18.03197284,23.5017192,9.877012922,7.967492367,475,15,4,9,28,479,12,6,0,18,503,497,152,15,178,15
33,1000,30,5.13,10.3,18,37,8,955,28,10,7,45,7.183802421,111,82,7.662771266,8.98309379,6.238106392,8.088783553,474,11,4,0,15,481,17,6,7,30,489,511,50,32,69,42
34,1000,30,5.13,10.3,18,37,8,945,24,19,12,55,7.430373099,97,84,7.663544532,9.188660786,6.768735066,8.050979316,467,9,5,3,17,478,15,14,9,38,484,516,56,28,69,28
30,1000,30,5.13,10.3,18,37,103,956,24,11,9,44,8.643691238,176,154,13.68734905,18.76389082,9.910855175,7.356089173,474,17,7,6,30,482,7,4,3,14,504,496,134,20,159,17
32,1000,30,5.13,10.3,18,37,51,954,27,10,9,46,7.744615599,129,111,8.817035225,11.31481129,8.177490707,7.310005521,468,22,5,6,33,486,5,5,3,13,501,499,82,29,100,29
35,1000,30,5.13,10.3,18,37,8,936,34,12,18,64,7.60481226,101,88,7.529817308,9.181063747,7.14917053,8.082862601,487,14,5,6,25,449,20,7,12,39,512,488,41,47,62,39
29,1000,30,5.13,10.3,18,37,104,941,33,15,11,59,8.980349432,196,149,15.35777912,21.0982451,10.15657474,7.818154647,457,24,7,9,40,484,9,8,2,19,497,503,130,19,184,12
37,1000,30,5.13,10.3,18,37,0,937,35,14,14,63,7.258,105,77,7.529984658,9.330603271,6.077568134,8.334608031,464,8,0,5,13,473,27,14,9,50,477,523,43,34,80,25
36,1000,30,5.13,10.3,18,37,6,932,40,14,14,68,7.327328047,85,85,7.593160798,9.361846585,6.605262559,8.061039752,484,14,5,1,20,448,26,9,13,48,504,496,49,36,61,24
31,1000,30,5.13,10.3,18,37,100,955,26,10,9,45,8.919539994,183,161,18.67273522,24.20676917,9.899293432,7.927958546,475,15,4,9,28,480,11,6,0,17,503,497,141,20,164,19
34,1000,30,5.13,10.3,18,37,9,946,23,19,12,54,7.452876764,98,86,7.689466534,9.202944568,6.795238584,8.069731181,467,9,5,3,17,479,14,14,9,37,484,516,52,34,66,32
33,1000,30,5.13,10.3,18,37,9,955,28,10,7,45,7.219676722,78,71,7.679086418,9.027918767,6.284587107,8.114508076,474,11,4,0,15,481,17,6,7,30,489,511,37,34,45,33
30,1000,30,5.13,10.3,18,37,104,957,24,10,9,43,8.640942736,187,122,13.86568709,18.99453923,9.931907391,7.329156069,474,17,7,6,30,483,7,3,3,13,504,496,111,11,174,13
38,1000,30,5.13,10.3,18,37,0,948,34,10,8,52,6.866,96,73,7.345366561,8.709256305,6.221153846,7.564583333,504,11,2,3,16,444,23,8,5,36,520,480,40,33,60,36
32,1000,30,5.13,10.3,18,37,52,955,27,9,9,45,7.769917991,127,81,8.866977284,11.39457024,8.235195522,7.30277562,468,22,5,6,33,487,5,4,3,12,501,499,63,18,107,20
35,1000,30,5.13,10.3,18,37,9,937,33,12,18,63,7.647209696,83,83,7.570022278,9.223574519,7.212796052,8.102987946,487,14,5,6,25,450,19,7,12,38,512,488,34,49,63,20
37,1000,30,5.13,10.3,18,37,1,942,32,13,13,58,7.271439136,94,79,7.524706579,9.352302356,6.134605872,8.308283242,465,7,1,4,12,477,25,12,9,46,477,523,41,38,64,30
36,1000,30,5.13,10.3,18,37,7,933,38,14,15,67,7.369052039,106,76,7.591027411,9.389233342,6.656806131,8.092785784,484,14,5,1,20,449,24,9,14,47,504,496,43,33,78,28
31,1000,30,5.13,10.3,18,37,101,954,27,9,10,46,8.880457149,207,152,19.28041463,24.83147975,9.906524031,7.842003141,474,16,4,9,29,480,11,5,1,17,503,497,136,16,193,14
33,1000,30,5.13,10.3,18,37,10,956,27,10,7,44,7.250387367,82,63,7.689418936,9.092230684,6.340132157,8.121453508,474,11,4,0,15,482,16,6,7,29,489,511,34,29,61,21
34,1000,30,5.13,10.3,18,37,10,946,23,19,12,54,7.46162687,94,75,7.690753897,9.24290606,6.829372819,8.054671368,467,9,5,3,17,479,14,14,9,37,484,516,43,32,65,29
38,1000,30,5.13,10.3,18,37,1,950,32,10,8,50,6.882257555,86,62,7.363687314,8.730334154,6.270704307,7.544773574,504,11,2,3,16,446,21,8,5,34,520,480,32,30,55,31
35,1000,30,5.13,10.3,18,37,10,937,34,10,19,63,7.680786372,105,82,7.55931961,9.235864725,7.278663495,8.102685784,486,15,5,6,26,451,19,5,13,37,512,488,47,35,77,28
32,1000,30,5.13,10.3,18,37,53,955,27,9,9,45,7.812161125,121,97,8.894132713,11.43892671,8.306634867,7.315705524,468,22,5,6,33,487,5,4,3,12,501,499,67,30,101,20
36,1000,30,5.13,10.3,18,37,8,933,38,14,15,67,7.405555867,87,80,7.564434096,9.419053925,6.710387418,8.111936711,485,13,5,1,19,448,25,9,14,48,504,496,51,29,61,26
31,1000,30,5.13,10.3,18,37,102,954,26,10,10,46,8.888244669,195,174,19.84934213,25.61268247,9.927530179,7.836412454,474,15,5,9,29,480,11,5,1,17,503,497,152,22,181,14
37,1000,30,5.13,10.3,18,37,2,945,30,12,13,55,7.268566226,117,70,7.510758342,9.367316124,6.188786671,8.25337473,465,7,1,4,12,480,23,11,9,43,477,523,39,31,90,27
33,1000,30,5.13,10.3,18,37,11,956,28,11,5,44,7.23896196,87,81,7.712391178,9.134420918,6.394209436,8.047345489,474,11,4,0,15,482,17,7,5,29,489,511,52,29,61,26
34,1000,30,5.13,10.3,18,37,11,946,24,19,11,54,7.485837489,94,81,7.696711738,9.278105862,6.860248091,8.072630645,467,10,4,3,17,479,14,15,8,37,484,516,48,33,72,22
38,1000,30,5.13,10.3,18,37,2,952,29,11,8,48,6.89461711,79,67,7.385995818,8.776229012,6.301541686,7.537115485,504,10,3,3,16,448,19,8,5,32,520,480,36,31,53,26
35,1000,30,5.13,10.3,18,37,11,939,32,10,19,61,7.667750956,103,101,7.588461219,9.287951495,7.270319452,8.084728272,486,15,5,6,26,453,17,5,13,35,512,488,57,44,67,36
32,1000,30,5.13,10.3,18,37,54,956,24,11,9,44,7.811939422,116,96,8.919697248,11.51158214,8.326333989,7.295483154,468,21,6,6,33,488,3,5,3,11,501,499,72,24,94,22
36,1000,30,5.13,10.3,18,37,9,932,39,14,15,68,7.418474013,98,76,7.598695953,9.448999261,6.740196817,8.107691164,485,13,5,1,19,447,26,9,14,49,504,496,50,26,74,24
31,1000,30,5.13,10.3,18,37,103,954,25,11,10,46,8.896040329,211,154,20.65933854,26.60204004,9.993209069,7.785626091,474,14,6,9,29,480,11,5,1,17,503,497,140,14,199,12
33,1000,30,5.13,10.3,18,37,12,959,25,11,5,41,7.234612863,109,79,7.714360308,9.188641236,6.412917786,8.020931635,475,11,3,0,14,484,14,8,5,27,489,511,48,31,68,41
34,1000,30,5.13,10.3,18,37,12,948,23,19,10,52,7.470025878,109,71,7.703918655,9.324131041,6.872364143,8.03062332,467,10,4,3,17,481,13,15,7,35,484,516,47,24,77,32
37,1000,30,5.13,10.3,18,37,3,944,31,12,13,56,7.289744955,95,72,7.505330445,9.38441111,6.231972988,8.254481529,464,8,1,4,13,480,23,11,9,43,477,523,44,28,65,30
38,1000,30,5.13,10.3,18,37,3,952,31,10,7,48,6.914825152,115,68,7.401536819,8.81106657,6.355160949,7.521128037,504,10,3,3,16,448,21,7,4,32,520,480,45,23,78,37
35,1000,30,5.13,10.3,18,37,12,940,31,10,19,60,7.683335931,107,82,7.606665535,9.329362627,7.279419708,8.107116886,486,15,5,6,26,454,16,5,13,34,512,488,49,33,72,35
32,1000,30,5.13,10.3,18,37,55,957,23,11,9,43,7.835509858,122,97,8.992064272,11.60271921,8.332249717,7.336779058,469,20,6,6,32,488,3,5,3,11,501,499,62,35,102,20
36,1000,30,5.13,10.3,18,37,10,933,38,14,15,67,7.431311181,90,91,7.621890936,9.497075135,6.811742718,8.060872685,485,13,5,1,19,448,25,9,14,48,504,496,61,30,60,30
31,1000,30,5.13,10.3,18,37,104,954,25,11,10,46,8.895245911,190,173,21.49544531,27.6173066,10.03722941,7.739475892,474,14,6,9,29,480,11,5,1,17,503,497,155,18,172,18
39,1000,30,5.13,10.3,18,37,0,940,35,13,12,60,7.33,81,68,7.509486218,9.052634541,6.455301455,8.140655106,459,14,4,4,22,481,21,9,8,38,481,519,41,27,62,19
33,1000,30,5.13,10.3,18,37,13,958,25,12,5,42,7.250138108,96,90,7.726833696,9.22414277,6.420821775,8.04375002,475,11,3,0,14,483,14,9,5,28,489,511,58,32,69,27
34,1000,30,5.13,10.3,18,37,13,946,26,19,9,54,7.480791215,92,69,7.743760524,9.348939822,6.908798117,8.017311872,466,11,4,3,18,480,15,15,6,36,484,516,40,29,72,20
37,1000,30,5.13,10.3,18,37,4,944,32,12,12,56,7.307903257,96,78,7.531278051,9.427188289,6.268488523,8.255897192,464,8,1,4,13,480,24,11,8,43,477,523,44,34,61,35
35,1000,30,5.13,10.3,18,37,13,940,30,11,19,60,7.734418309,94,70,7.615818407,9.377578798,7.343918425,8.144123106,486,15,5,6,26,454,15,6,13,34,512,488,45,25,69,25
38,1000,30,5.13,10.3,18,37,4,952,31,10,7,48,6.916029526,88,65,7.426634628,8.849769779,6.39129976,7.484486772,504,10,3,3,16,448,21,7,4,32,520,480,38,27,61,27
36,1000,30,5.13,10.3,18,37,11,935,38,14,13,65,7.40174697,101,86,7.635001077,9.519044735,6.821905284,7.990940941,486,12,5,1,18,449,26,9,12,47,504,496,45,41,72,29
39,1000,30,5.13,10.3,18,37,1,941,34,13,12,59,7.347445525,87,79,7.539030928,9.104629024,6.473183505,8.157696067,460,13,4,4,21,481,21,9,8,38,481,519,47,32,54,33
32,1000,30,5.13,10.3,18,37,56,958,23,11,8,42,7.854305323,120,106,9.031406738,11.66055433,8.357126531,7.349468799,469,20,6,6,32,489,3,5,2,10,501,499,79,27,101,19
33,1000,30,5.13,10.3,18,37,14,957,25,13,5,43,7.305852429,101,99,7.72252262,9.263373545,6.506573535,8.070720099,475,10,4,0,14,482,15,9,5,29,489,511,66,33,72,29
34,1000,30,5.13,10.3,18,37,14,949,25,18,8,51,7.497000093,95,87,7.764218977,9.393603095,6.948092274,8.011867117,466,11,4,3,18,483,14,14,5,33,484,516,55,32,65,30
37,1000,30,5.13,10.3,18,37,5,948,28,12,12,52,7.322053312,87,86,7.561536917,9.453686675,6.304251246,8.250335503,464,8,1,4,13,484,20,11,8,39,477,523,54,32,55,32
35,1000,30,5.13,10.3,18,37,14,939,31,11,19,61,7.757714362,108,82,7.642275536,9.444757089,7.392412032,8.14098238,486,15,5,6,26,453,16,6,13,35,512,488,50,32,77,31
38,1000,30,5.13,10.3,18,37,5,952,30,11,7,48,6.945834277,116,84,7.453157788,8.855067135,6.427252924,7.507630743,504,10,3,3,16,448,20,8,4,32,520,480,51,33,81,35
36,1000,30,5.13,10.3,18,37,12,935,38,14,13,65,7.435145973,91,68,7.645876546,9.54581017,6.864307083,8.015191942,486,12,5,1,18,449,26,9,12,47,504,496,41,27,67,24
39,1000,30,5.13,10.3,18,37,2,941,34,13,12,59,7.373098906,90,84,7.554172602,9.1208714,6.489849963,8.19167837,459,14,4,4,22,482,20,9,8,37,481,519,50,34,64,26
33,1000,30,5.13,10.3,18,37,15,959,26,10,5,41,7.297095129,102,80,7.745447962,9.2909676,6.551269129,8.010811204,474,11,4,0,15,485,15,6,5,26,489,511,50,30,70,32
34,1000,30,5.13,10.3,18,37,15,950,24,18,8,50,7.495302949,110,87,7.798456121,9.426313325,6.945996582,8.010543804,466,11,4,3,18,484,13,14,5,32,484,516,50,37,82,28
32,1000,30,5.13,10.3,18,37,57,958,23,11,8,42,7.883827057,120,97,9.087536021,11.76457038,8.4181347,7.347377901,469,20,6,6,32,489,3,5,2,10,501,499,73,24,101,19
37,1000,30,5.13,10.3,18,37,6,950,26,12,12,50,7.328190408,91,87,7.569551317,9.511215822,6.349205872,8.221069229,464,7,2,4,13,486,19,10,8,37,477,523,48,39,68,23
35,1000,30,5.13,10.3,18,37,15,940,31,10,19,60,7.777796771,108,80,7.635660298,9.452918886,7.408988713,8.164742931,486,15,5,6,26,454,16,5,13,34,512,488,47,33,73,35
38,1000,30,5.13,10.3,18,37,6,953,30,10,7,47,6.960329508,96,65,7.469028741,8.857307878,6.452561963,7.510411016,504,10,3,3,16,449,20,7,4,31,520,480,34,31,60,36
36,1000,30,5.13,10.3,18,37,13,934,40,13,13,66,7.423734091,87,74,7.676428775,9.570316664,6.83322597,8.023766536,487,12,4,1,17,447,28,9,12,49,504,496,41,33,58,29
39,1000,30,5.13,10.3,18,37,3,942,34,12,12,58,7.417521709,81,73,7.57992039,9.141685864,6.580181027,8.193554211,459,14,4,4,22,483,20,8,8,36,481,519,42,31,61,20
33,1000,30,5.13,10.3,18,37,16,961,24,10,5,39,7.314433383,113,83,7.75434934,9.289632117,6.64100602,7.958867786,474,10,5,0,15,487,14,5,5,24,489,511,44,39,79,34
34,1000,30,5.13,10.3,18,37,16,950,25,17,8,50,7.501573781,83,101,7.812367658,9.477139016,6.963465612,8.006310901,465,12,4,3,19,485,13,13,5,31,484,516,64,37,62,21
37,1000,30,5.13,10.3,18,37,7,951,25,12,12,49,7.334646925,100,79,7.577521081,9.528421114,6.379363896,8.205908885,464,7,2,4,13,487,18,10,8,36,477,523,53,26,78,22
32,1000,30,5.13,10.3,18,37,58,958,23,10,9,42,7.900042621,115,110,9.140358702,11.88119604,8.466514749,7.331300063,469,20,5,7,32,489,3,5,2,10,501,499,83,27,92,23
35,1000,30,5.13,10.3,18,37,16,940,30,11,19,60,7.814524902,98,73,7.64746264,9.467215441,7.463845397,8.182450941,486,15,5,6,26,454,15,6,13,34,512,488,50,23,68,30
38,1000,30,5.13,10.3,18,37,7,954,29,10,7,46,6.976668024,89,72,7.496667158,8.895355713,6.469781875,7.525794684,504,10,3,3,16,450,19,7,4,30,520,480,42,30,66,23
36,1000,30,5.13,10.3,18,37,14,933,41,13,13,67,7.464081038,104,87,7.681373199,9.59695459,6.916954554,8.020032141,486,13,4,1,18,447,28,9,12,49,504,496,48,39,69,35
39,1000,30,5.13,10.3,18,37,4,940,36,12,12,60,7.468032989,112,81,7.610352451,9.170625649,6.629137928,8.245506062,459,14,4,4,22,481,22,8,8,38,481,519,46,35,73,39
33,1000,30,5.13,10.3,18,37,17,962,23,10,5,38,7.376350668,89,91,7.772457997,9.330035243,6.715852667,8.008412357,474,10,5,0,15,488,13,5,5,23,489,511,65,26,67,22
34,1000,30,5.13,10.3,18,37,17,951,25,15,9,49,7.52157444,92,92,7.825272158,9.504547437,6.99651386,8.014073123,465,12,3,4,19,486,13,12,5,30,484,516,57,35,64,28
37,1000,30,5.13,10.3,18,37,8,951,25,12,12,49,7.36595344,99,77,7.606518255,9.587099477,6.449984897,8.201358784,464,7,2,4,13,487,18,10,8,36,477,523,50,27,70,29
35,1000,30,5.13,10.3,18,37,17,939,32,11,18,61,7.788746752,128,91,7.646371673,9.50629483,7.436998514,8.157794083,486,16,5,5,26,453,16,6,13,35,512,488,48,43,80,48
32,1000,30,5.13,10.3,18,37,59,957,24,10,9,43,7.927154012,131,90,9.203580338,11.98633986,8.50716379,7.344819546,469,20,5,7,32,488,4,5,2,11,501,499,67,23,102,29
38,1000,30,5.13,10.3,18,37,8,954,29,10,7,46,6.978314905,88,82,7.485727358,8.914528914,6.498021599,7.498632653,504,10,3,3,16,450,19,7,4,30,520,480,46,36,62,26
36,1000,30,5.13,10.3,18,37,15,935,39,13,13,65,7.482841201,97,84,7.730338451,9.639285462,6.970275719,8.003673869,486,13,4,1,18,449,26,9,12,47,504,496,55,29,75,22
33,1000,30,5.13,10.3,18,37,18,964,21,10,5,36,7.388911285,85,91,7.770185896,9.364873704,6.713053531,8.035671445,474,11,4,0,15,490,10,6,5,21,489,511,59,32,56,29
39,1000,30,5.13,10.3,18,37,5,939,37,13,11,61,7.490356157,105,72,7.61564461,9.188042891,6.65295471,8.266444974,459,14,4,4,22,480,23,9,7,39,481,519,36,36,76,29
34,1000,30,5.13,10.3,18,37,18,952,22,17,9,48,7.547490546,88,80,7.832113255,9.533572479,7.057118969,8.007451483,465,12,3,4,19,487,10,14,5,29,484,516,52,28,68,20
37,1000,30,5.13,10.3,18,37,9,949,27,12,12,51,7.389706453,90,85,7.618302537,9.609068289,6.519451926,8.183418516,462,9,2,4,15,487,18,10,8,36,477,523,54,31,62,28
35,1000,30,5.13,10.3,18,37,18,938,33,12,17,62,7.809433826,97,67,7.681033274,9.537271359,7.492719612,8.141724149,485,17,5,5,27,453,16,7,12,35,512,488,45,22,72,25
38,1000,30,5.13,10.3,18,37,9,956,28,9,7,44,6.970489824,88,72,7.495670307,8.94660156,6.504300098,7.475528694,505,10,2,3,15,451,18,7,4,29,520,480,47,25,68,20
32,1000,30,5.13,10.3,18,37,60,956,25,11,8,44,7.963393337,131,97,9.25777249,12.07748215,8.59048791,7.333785359,469,20,6,6,32,487,5,5,2,12,501,499,69,28,113,18
36,1000,30,5.13,10.3,18,37,16,934,40,13,13,66,7.531728191,106,86,7.741728791,9.702106074,7.05290285,8.018276521,485,14,4,1,19,449,26,9,12,47,504,496,57,29,77,29
33,1000,30,5.13,10.3,18,37,19,964,21,10,5,36,7.415427317,110,66,7.793430983,9.419341501,6.770061359,8.033008439,474,11,4,0,15,490,10,6,5,21,489,511,44,22,87,23
39,1000,30,5.13,10.3,18,37,6,940,36,14,10,60,7.493403836,97,82,7.636187513,9.243340164,6.683936241,8.243604053,459,14,4,4,22,481,22,10,6,38,481,519,54,28,70,27
34,1000,30,5.13,10.3,18,37,19,953,22,18,7,47,7.521614131,103,91,7.840242265,9.562210583,7.070917786,7.944360315,466,11,3,4,18,487,11,15,3,29,484,516,59,32,71,32
37,1000,30,5.13,10.3,18,37,10,948,28,12,12,52,7.436298734,91,73,7.636294028,9.658920373,6.553109051,8.241808253,461,10,2,4,16,487,18,10,8,36,477,523,42,31,63,28
35,1000,30,5.13,10.3,18,37,19,938,33,12,17,62,7.798403553,109,76,7.692365428,9.564004008,7.496308827,8.115355396,485,17,5,5,27,453,16,7,12,35,512,488,46,30,84,25
38,1000,30,5.13,10.3,18,37,10,955,29,9,7,45,7.014632805,84,86,7.519214382,8.970495792,6.546012022,7.52230532,505,10,2,3,15,450,19,7,4,30,520,480,47,39,57,27
36,1000,30,5.13,10.3,18,37,17,935,40,12,13,65,7.530330037,104,81,7.787429458,9.729998315,7.073393989,7.994636021,485,14,4,1,19,450,26,8,12,46,504,496,47,34,77,27
32,1000,30,5.13,10.3,18,37,61,957,24,11,8,43,7.9683296,133,101,9.324405542,12.16559539,8.59155296,7.342608351,469,20,6,6,32,488,4,5,2,11,501,499,80,21,108,25
33,1000,30,5.13,10.3,18,37,20,965,21,10,4,35,7.413563937,103,71,7.812917714,9.47277522,6.798883087,8.001781032,474,11,4,0,15,491,10,6,4,20,489,511,43,28,70,33
39,1000,30,5.13,10.3,18,37,7,941,35,13,11,59,7.506729314,94,85,7.64692953,9.263664921,6.715909016,8.239647548,459,14,3,5,22,482,21,10,6,37,481,519,54,31,70,24
34,1000,30,5.13,10.3,18,37,20,951,24,18,7,49,7.579110692,102,80,7.886431532,9.649651139,7.099539117,8.028941393,465,12,3,4,19,486,12,15,3,30,484,516,55,25,77,25
37,1000,30,5.13,10.3,18,37,11,948,28,12,12,52,7.445216134,92,97,7.646782006,9.719984807,6.581791669,8.232698867,461,10,2,4,16,487,18,10,8,36,477,523,61,36,65,27
35,1000,30,5.13,10.3,18,37,20,940,31,12,17,60,7.821259611,90,84,7.701502193,9.620580378,7.498282343,8.160121006,486,16,5,5,26,454,15,7,12,34,512,488,42,42,63,27
38,1000,30,5.13,10.3,18,37,11,955,29,9,7,45,7.028703936,105,66,7.511698761,8.9845577,6.550056988,7.54723813,505,10,2,3,15,450,19,7,4,30,520,480,30,36,65,40
36,1000,30,5.13,10.3,18,37,18,933,42,12,13,67,7.565318721,110,87,7.822683562,9.790591587,7.110684318,8.027285938,483,16,4,1,21,450,26,8,12,46,504,496,52,35,73,37
33,1000,30,5.13,10.3,18,37,21,965,21,10,4,35,7.4239489,121,90,7.843109733,9.510418581,6.807734673,8.013633356,474,11,4,0,15,491,10,6,4,20,489,511,61,29,90,31
34,1000,30,5.13,10.3,18,37,21,954,24,15,7,46,7.546035784,117,84,7.921410366,9.686552861,7.122952407,7.942881432,465,12,3,4,19,489,12,12,3,27,484,516,53,31,89,28
32,1000,30,5.13,10.3,18,37,62,957,25,11,7,43,7.952403557,132,99,9.422734318,12.27730057,8.611688916,7.290475772,469,20,6,6,32,488,5,5,1,11,501,499,77,22,114,18
39,1000,30,5.13,10.3,18,37,8,941,34,14,11,59,7.55181907,97,93,7.667372877,9.282158428,6.777387069,8.269548921,459,13,4,5,22,482,21,10,6,37,481,519,62,31,69,28
37,1000,30,5.13,10.3,18,37,12,950,26,12,12,50,7.445579544,103,82,7.664047296,9.758724828,6.59514198,8.221217628,461,10,2,4,16,489,16,10,8,34,477,523,60,22,80,23
35,1000,30,5.13,10.3,18,37,21,943,30,11,16,57,7.844017982,113,72,7.732991148,9.643011448,7.557820416,8.144290838,487,16,4,5,25,456,14,7,11,32,512,488,39,33,85,28
38,1000,30,5.13,10.3,18,37,12,955,30,8,7,45,7.059320072,101,82,7.510679866,9.006411063,6.550507348,7.610533856,506,10,1,3,14,449,20,7,4,31,520,480,44,38,68,33
36,1000,30,5.13,10.3,18,37,19,934,42,11,13,66,7.580759523,112,80,7.854735993,9.830254873,7.146660404,8.021860241,482,17,4,1,22,452,25,7,12,44,504,496,46,34,76,36
33,1000,30,5.13,10.3,18,37,22,965,20,11,4,35,7.463841304,90,89,7.869822809,9.571339147,6.868513163,8.033538879,474,10,5,0,15,491,10,6,4,20,489,511,60,29,67,23
34,1000,30,5.13,10.3,18,37,22,955,23,15,7,45,7.553255219,117,84,7.947750209,9.746545109,7.129056536,7.951147008,465,12,3,4,19,490,11,12,3,26,484,516,56,28,96,21
39,1000,30,5.13,10.3,18,37,9,941,34,14,11,59,7.552699942,104,86,7.671767098,9.314932648,6.784897949,8.264285219,459,13,4,5,22,482,21,10,6,37,481,519,61,25,77,27
32,1000,30,5.13,10.3,18,37,63,957,24,12,7,43,7.972966214,126,102,9.465918532,12.33221565,8.688533056,7.25453137,469,19,7,6,32,488,5,5,1,11,501,499,77,25,98,28
37,1000,30,5.13,10.3,18,37,13,951,24,14,11,49,7.449512546,100,72,7.674734694,9.77829718,6.655633613,8.173566562,461,9,3,4,16,490,15,11,7,33,477,523,46,26,73,27
35,1000,30,5.13,10.3,18,37,22,943,30,11,16,57,7.852978545,102,74,7.750144378,9.687599779,7.570636277,8.149206498,487,16,4,5,25,456,14,7,11,32,512,488,40,34,71,31
38,1000,30,5.13,10.3,18,37,13,956,29,8,7,44,7.092808647,105,81,7.527083423,9.044232066,6.595711999,7.631330016,506,10,1,3,14,450,19,7,4,30,520,480,48,33,76,29
36,1000,30,5.13,10.3,18,37,20,935,41,9,15,65,7.621848043,99,85,7.866550235,9.861198539,7.191547979,8.059088431,484,15,2,3,20,451,26,7,12,45,504,496,47,38,66,33
33,1000,30,5.13,10.3,18,37,23,966,20,10,4,34,7.476748422,97,72,7.919486079,9.63060067,6.912259635,8.016934366,474,10,5,0,15,492,10,5,4,19,489,511,51,21,77,20
34,1000,30,5.13,10.3,18,37,23,954,24,15,7,46,7.572117644,97,100,7.988944064,9.798067247,7.153431326,7.964838918,465,12,3,4,19,489,12,12,3,27,484,516,66,34,73,24
39,1000,30,5.13,10.3,18,37,10,942,32,14,12,58,7.560039843,96,78,7.687190224,9.364689676,6.798448408,8.265869285,460,11,4,6,21,482,21,10,6,37,481,519,47,31,70,26
37,1000,30,5.13,10.3,18,37,14,951,24,13,12,49,7.478587924,104,84,7.676433254,9.802116693,6.672447739,8.213824766,461,9,3,4,16,490,15,10,8,33,477,523,52,32,77,27
32,1000,30,5.13,10.3,18,37,64,957,23,13,7,43,8.003983961,132,96,9.493898347,12.42650296,8.782692813,7.22215403,469,18,8,6,32,488,5,5,1,11,501,499,73,23,116,16
35,1000,30,5.13,10.3,18,37,23,944,30,10,16,56,7.852116971,100,100,7.788700955,9.763900523,7.579676089,8.137956586,488,16,4,4,24,456,14,6,12,32,512,488,58,42,68,32
38,1000,30,5.13,10.3,18,37,14,957,28,8,7,43,7.117145292,95,79,7.538307145,9.09089706,6.650873645,7.622272908,506,10,1,3,14,451,18,7,4,29,520,480,43,36,65,30
36,1000,30,5.13,10.3,18,37,21,934,43,9,14,66,7.644935918,96,98,7.869750566,9.882246535,7.245207131,8.051111944,484,15,2,3,20,450,28,7,11,46,504,496,63,35,71,25
33,1000,30,5.13,10.3,18,37,24,965,21,10,4,35,7.50674175,100,88,7.928909823,9.672637275,6.954743487,8.034974921,474,10,5,0,15,491,11,5,4,20,489,511,58,30,68,32
34,1000,30,5.13,10.3,18,37,24,957,23,13,7,43,7.562288338,88,99,8.028179621,9.843968855,7.183630476,7.917463542,465,12,3,4,19,492,11,10,3,24,484,516,69,30,73,15
39,1000,30,5.13,10.3,18,37,11,943,31,14,12,57,7.546868354,94,89,7.684621155,9.411813865,6.793189711,8.245364359,461,10,4,6,20,482,21,10,6,37,481,519,55,34,69,25
37,1000,30,5.13,10.3,18,37,15,952,21,14,13,48,7.487613804,109,77,7.694299076,9.82079615,6.739504708,8.16992363,461,8,3,5,16,491,13,11,8,32,477,523,57,20,84,25
32,1000,30,5.13,10.3,18,37,65,957,23,13,7,43,8.019977217,119,107,9.597718152,12.54691137,8.780776192,7.256128949,469,18,8,6,32,488,5,5,1,11,501,499,84,23,103,16
35,1000,30,5.13,10.3,18,37,24,944,29,12,15,56,7.844482706,96,76,7.816339521,9.821202693,7.622988291,8.076870288,488,15,5,4,24,456,14,7,11,32,512,488,45,31,73,23
38,1000,30,5.13,10.3,18,37,15,957,28,8,7,43,7.151067801,85,76,7.554381368,9.119398206,6.694915494,7.645232801,506,10,1,3,14,451,18,7,4,29,520,480,46,30,68,17
36,1000,30,5.13,10.3,18,37,22,933,43,10,14,67,7.697930905,100,79,7.906925621,9.942426143,7.352647137,8.048783766,483,15,3,3,21,450,28,7,11,46,504,496,49,30,71,29
34,1000,30,5.13,10.3,18,37,25,957,23,13,7,43,7.568715905,122,81,8.050879169,9.894435156,7.206858494,7.908132546,465,12,3,4,19,492,11,10,3,24,484,516,51,30,97,25
33,1000,30,5.13,10.3,18,37,25,965,21,10,4,35,7.515174164,87,81,7.9865837,9.704482252,6.961319748,8.045183575,474,10,5,0,15,491,11,5,4,20,489,511,54,27,66,21
39,1000,30,5.13,10.3,18,37,12,945,28,15,12,55,7.548941069,106,92,7.726806293,9.464346794,6.800795149,8.242309445,462,8,5,6,19,483,20,10,6,36,481,519,62,30,75,31
37,1000,30,5.13,10.3,18,37,16,952,21,14,13,48,7.503004525,97,71,7.732561209,9.881534513,6.757164533,8.183244823,461,8,3,5,16,491,13,11,8,32,477,523,48,23,73,24
35,1000,30,5.13,10.3,18,37,25,945,30,12,13,55,7.817255202,92,84,7.839344505,9.865247447,7.633762578,8.009772054,488,15,5,4,24,457,15,7,9,31,512,488,57,27,61,31
32,1000,30,5.13,10.3,18,37,66,957,22,14,7,43,8.050254106,134,80,9.655929664,12.64541426,8.839900867,7.257442428,469,18,8,6,32,488,4,6,1,11,501,499,62,18,117,17
38,1000,30,5.13,10.3,18,37,16,955,29,9,7,45,7.202736803,95,73,7.549358054,9.140687584,6.741095053,7.702848699,506,10,1,3,14,449,19,8,4,31,520,480,43,30,69,26
36,1000,30,5.13,10.3,18,37,23,934,42,8,16,66,7.735990794,110,83,7.942511245,9.98369766,7.431367912,8.045526948,483,14,3,4,21,451,28,5,12,45,504,496,49,34,86,24
34,1000,30,5.13,10.3,18,37,26,956,24,13,7,44,7.581595687,104,83,8.06979512,9.956347934,7.217891478,7.922744596,465,12,3,4,19,491,12,10,3,25,484,516,56,27,80,24
33,1000,30,5.13,10.3,18,37,26,967,19,11,3,33,7.511577257,112,79,8.035034599,9.762261541,7.00528024,7.996076751,473,11,5,0,16,494,8,6,3,17,489,511,47,32,86,26
39,1000,30,5.13,10.3,18,37,13,945,28,14,13,55,7.578551213,105,94,7.750923693,9.507820396,6.841559409,8.261582152,462,8,4,7,19,483,20,10,6,36,481,519,62,32,78,27
37,1000,30,5.13,10.3,18,37,17,952,22,13,13,48,7.529528325,98,81,7.738517658,9.93301691,6.785632545,8.207995412,461,8,3,5,16,491,14,10,8,32,477,523,47,34,69,29
35,1000,30,5.13,10.3,18,37,26,947,29,12,12,53,7.802685721,103,64,7.840982476,9.878657086,7.634339358,7.979311413,489,14,5,4,23,458,15,7,8,30,512,488,40,24,72,31
36,1000,30,5.13,10.3,18,37,24,937,40,8,15,63,7.705423026,121,85,7.973728908,10.02620416,7.426250948,7.98909788,485,12,3,4,19,452,28,5,11,44,504,496,52,33,91,30
38,1000,30,5.13,10.3,18,37,17,956,28,9,7,44,7.202789807,100,81,7.56236192,9.176504378,6.746817529,7.696759774,506,10,1,3,14,450,18,8,4,30,520,480,46,35,70,30
32,1000,30,5.13,10.3,18,37,67,958,22,13,7,42,8.073074959,129,99,9.700696296,12.73133342,8.908720016,7.234080623,469,18,8,6,32,489,4,5,1,10,501,499,74,25,111,18
34,1000,30,5.13,10.3,18,37,27,955,25,13,7,45,7.618402615,115,74,8.112392867,10.05686596,7.250067203,7.963895521,465,12,3,4,19,490,13,10,3,26,484,516,49,25,83,32
33,1000,30,5.13,10.3,18,37,27,967,19,11,3,33,7.569745807,103,89,8.050347718,9.815610521,7.070539177,8.047460175,473,11,5,0,16,494,8,6,3,17,489,511,55,34,77,26
39,1000,30,5.13,10.3,18,37,14,946,28,13,13,54,7.587075149,94,73,7.773512558,9.547090047,6.877224922,8.244951756,462,8,4,7,19,484,20,9,6,35,481,519,42,31,71,23
37,1000,30,5.13,10.3,18,37,18,953,21,13,13,47,7.533391396,112,95,7.770335356,9.971146628,6.772156091,8.227672926,462,7,3,5,15,491,14,10,8,32,477,523,61,34,75,37
35,1000,30,5.13,10.3,18,37,27,947,30,11,12,53,7.815136558,120,87,7.86915851,9.887560179,7.687369429,7.949187316,488,15,5,4,24,459,15,6,8,29,512,488,55,32,86,34
36,1000,30,5.13,10.3,18,37,25,937,40,8,15,63,7.724940943,109,89,7.991778009,10.06554698,7.462294178,7.991823946,485,12,3,4,19,452,28,5,11,44,504,496,63,26,81,28
38,1000,30,5.13,10.3,18,37,18,955,29,9,7,45,7.232945217,113,64,7.586012812,9.235201911,6.757287948,7.748240592,506,10,1,3,14,449,19,8,4,31,520,480,38,26,75,38
34,1000,30,5.13,10.3,18,37,28,952,27,14,7,48,7.683782742,114,100,8.156824703,10.10228768,7.302403045,8.041510984,464,13,3,4,20,488,14,11,3,28,484,516,69,31,92,22
33,1000,30,5.13,10.3,18,37,28,966,20,11,3,34,7.622547702,96,86,8.077036476,9.862119732,7.153695933,8.071214072,472,12,5,0,17,494,8,6,3,17,489,511,61,25,74,22
32,1000,30,5.13,10.3,18,37,68,956,22,14,8,44,8.146388236,110,106,9.75173585,12.82056156,9.012350635,7.276955045,468,18,9,6,33,488,4,5,2,11,501,499,78,28,92,18
39,1000,30,5.13,10.3,18,37,15,946,29,12,13,54,7.609870047,111,83,7.77943683,9.574585556,6.891674348,8.275481089,461,9,4,7,20,485,20,8,6,34,481,519,48,35,74,37
37,1000,30,5.13,10.3,18,37,19,954,20,13,13,46,7.548712632,121,82,7.783150876,10.00054539,6.807896226,8.22437119,462,7,3,5,15,492,13,10,8,31,477,523,51,31,91,30
35,1000,30,5.13,10.3,18,37,28,948,30,9,13,52,7.827289791,106,86,7.907242945,9.940079808,7.690249727,7.971069531,488,15,4,5,24,460,15,5,8,28,512,488,49,37,71,35
36,1000,30,5.13,10.3,18,37,26,937,39,9,15,63,7.757759528,99,75,8.00360586,10.10567946,7.497006482,8.022718267,485,12,3,4,19,452,27,6,11,44,504,496,52,23,74,25
38,1000,30,5.13,10.3,18,37,19,955,29,9,7,45,7.276805328,98,71,7.601857454,9.265456038,6.845199681,7.744378111,506,10,1,3,14,449,19,8,4,31,520,480,40,31,68,30
34,1000,30,5.13,10.3,18,37,29,954,27,11,8,46,7.690827915,123,77,8.192338837,10.16147482,7.361786963,7.999463227,463,14,3,4,21,491,13,8,4,25,484,516,52,25,97,26
33,1000,30,5.13,10.3,18,37,29,967,21,8,4,33,7.61101274,93,80,8.116633476,9.90787424,7.137406331,8.064229049,473,12,3,1,16,494,9,5,3,17,489,511,51,29,65,28
32,1000,30,5.13,10.3,18,37,69,956,22,14,8,44,8.163300754,124,101,9.807439019,12.90069351,9.028701963,7.294431003,468,18,9,6,33,488,4,5,2,11,501,499,74,27,109,15
39,1000,30,5.13,10.3,18,37,16,947,28,12,13,53,7.631304297,104,87,7.804836785,9.627037232,6.913729444,8.296339951,461,9,4,7,20,486,19,8,6,33,481,519,51,36,73,31
37,1000,30,5.13,10.3,18,37,20,952,22,13,13,48,7.565308549,104,89,7.792250833,10.0241568,6.841875799,8.225112415,461,8,3,5,16,491,14,10,8,32,477,523,67,22,76,28
35,1000,30,5.13,10.3,18,37,29,948,33,8,11,52,7.855890263,107,90,7.92118942,9.994945159,7.734545895,7.983202386,487,16,4,5,25,461,17,4,6,27,512,488,51,39,79,28
36,1000,30,5.13,10.3,18,37,27,937,39,9,15,63,7.807581185,118,88,8.002816377,10.1461979,7.538078301,8.08143089,485,12,3,4,19,452,27,6,11,44,504,496,55,33,83,35
38,1000,30,5.13,10.3,18,37,20,955,29,9,7,45,7.268964765,97,103,7.623459796,9.306678167,6.885175504,7.684736465,505,11,1,3,15,450,18,8,4,30,520,480,66,37,82,15
34,1000,30,5.13,10.3,18,37,30,954,26,12,8,46,7.724658169,115,84,8.263655821,10.28116545,7.411189595,8.018686831,462,14,4,4,22,492,12,8,4,24,484,516,49,35,88,27
33,1000,30,5.13,10.3,18,37,30,968,20,7,5,32,7.628307113,107,95,8.174481899,9.982600575,7.169352099,8.067502811,474,11,2,2,15,494,9,5,3,17,489,511,65,30,85,22
39,1000,30,5.13,10.3,18,37,17,948,27,11,14,52,7.665398915,111,94,7.828299118,9.66823525,6.935992453,8.341399894,461,9,4,7,20,487,18,7,7,32,481,519,60,34,83,28
32,1000,30,5.13,10.3,18,37,70,955,23,14,8,45,8.174910819,138,102,9.901633037,13.02117587,9.065191032,7.281062347,468,18,9,6,33,487,5,5,2,12,501,499,76,26,119,19
37,1000,30,5.13,10.3,18,37,21,952,22,13,13,48,7.554433268,101,87,7.797131767,10.05383497,6.827913535,8.217052605,461,8,3,5,16,491,14,10,8,32,477,523,60,27,71,30
35,1000,30,5.13,10.3,18,37,30,948,33,8,11,52,7.907560429,92,89,7.937655248,10.03946723,7.782151327,8.039137192,487,16,4,5,25,461,17,4,6,27,512,488,62,27,67,25
36,1000,30,5.13,10.3,18,37,28,935,40,10,15,65,7.822215862,105,81,8.049089992,10.20222271,7.544565591,8.104344364,484,13,3,4,20,451,27,7,11,45,504,496,53,28,85,20
38,1000,30,5.13,10.3,18,37,21,953,31,9,7,47,7.31184165,106,71,7.635691263,9.355148474,6.936383371,7.718588118,505,11,1,3,15,448,20,8,4,32,520,480,45,26,74,32
34,1000,30,5.13,10.3,18,37,31,955,26,11,8,45,7.766501816,110,72,8.280237352,10.32972489,7.478461602,8.036679072,462,14,4,4,22,493,12,7,4,23,484,516,46,26,90,20
33,1000,30,5.13,10.3,18,37,31,969,19,7,5,31,7.666182742,119,90,8.165950821,10.00359748,7.212965068,8.099888109,474,11,2,2,15,495,8,5,3,16,489,511,58,32,86,33
39,1000,30,5.13,10.3,18,37,18,949,27,11,13,51,7.673045121,114,79,7.855343183,9.703319174,6.96679453,8.327585649,461,9,4,7,20,488,18,7,6,31,481,519,45,34,86,28
37,1000,30,5.13,10.3,18,37,22,951,23,13,13,49,7.593416679,107,93,7.802175091,10.09661581,6.859403102,8.262870745,461,8,3,5,16,490,15,10,8,33,477,523,57,36,88,19
32,1000,30,5.13,10.3,18,37,71,955,24,14,7,45,8.154232205,124,85,9.931052146,13.07508742,9.085903614,7.218826641,467,19,9,6,34,488,5,5,1,11,501,499,66,19,112,12
35,1000,30,5.13,10.3,18,37,31,949,32,8,11,51,7.935759516,114,107,7.952776198,10.09891769,7.843070604,8.033006899,487,16,4,5,25,462,16,4,6,26,512,488,68,39,84,30
36,1000,30,5.13,10.3,18,37,29,937,38,10,15,63,7.837485431,96,107,8.092238707,10.25667149,7.591027201,8.087918793,485,12,3,4,19,452,26,7,11,44,504,496,76,31,76,20
38,1000,30,5.13,10.3,18,37,22,955,30,8,7,45,7.311190608,104,72,7.665263061,9.371138809,6.961438557,7.690088663,505,11,1,3,15,450,19,7,4,30,520,480,45,27,67,37
33,1000,30,5.13,10.3,18,37,32,965,23,7,5,35,7.713166964,86,91,8.199098131,10.06224307,7.264149538,8.142852915,473,12,2,2,16,492,11,5,3,19,489,511,59,32,67,19
34,1000,30,5.13,10.3,18,37,32,955,26,12,7,45,7.779613512,113,96,8.345227851,10.39176723,7.482388581,8.058405889,462,14,4,4,22,493,12,8,3,23,484,516,67,29,82,31
39,1000,30,5.13,10.3,18,37,19,950,26,11,13,50,7.721175553,110,65,7.891230938,9.732136327,7.005328555,8.384609862,462,8,4,7,19,488,18,7,6,31,481,519,44,21,83,27
37,1000,30,5.13,10.3,18,37,23,949,26,11,14,51,7.612821217,105,87,7.834599398,10.12865489,6.861351077,8.29819647,460,9,3,5,17,489,17,8,9,34,477,523,56,31,84,21
35,1000,30,5.13,10.3,18,37,32,952,31,7,10,48,7.93451864,113,91,7.985440896,10.09990095,7.899586839,7.971168399,487,16,4,5,25,465,15,3,5,23,512,488,56,35,82,31
36,1000,30,5.13,10.3,18,37,30,939,40,9,12,61,7.810862063,119,77,8.124214002,10.31207419,7.58937134,8.035925216,485,13,2,4,19,454,27,7,8,42,504,496,50,27,96,23
32,1000,30,5.13,10.3,18,37,72,954,25,14,7,46,8.14673335,127,111,9.984269951,13.1628442,9.123821815,7.165728699,466,20,9,6,35,488,5,5,1,11,501,499,89,22,114,13
38,1000,30,5.13,10.3,18,37,23,954,30,9,7,46,7.31172471,105,87,7.694439185,9.417290503,6.968392621,7.683667806,503,12,2,3,17,451,18,7,4,29,520,480,55,32,75,30
33,1000,30,5.13,10.3,18,37,33,965,21,9,5,35,7.750898024,112,85,8.221869661,10.09889593,7.301654185,8.180800641,473,11,3,2,16,492,10,6,3,19,489,511,61,24,76,36
34,1000,30,5.13,10.3,18,37,33,954,27,12,7,46,7.808180745,122,90,8.393713781,10.46095809,7.524482268,8.074285517,462,14,4,4,22,492,13,8,3,24,484,516,60,30,97,25
39,1000,30,5.13,10.3,18,37,20,950,26,11,13,50,7.746137623,111,86,7.922991168,9.787453553,7.033758529,8.40635794,462,8,4,7,19,488,18,7,6,31,481,519,54,32,86,25
37,1000,30,5.13,10.3,18,37,24,949,27,10,14,51,7.627777505,91,87,7.891491215,10.19177873,6.889121893,8.301465319,460,9,3,5,17,489,18,7,9,34,477,523,60,27,71,20
35,1000,30,5.13,10.3,18,37,33,952,31,7,10,48,7.932327062,98,102,7.991099029,10.12924267,7.919440541,7.945847346,487,16,4,5,25,465,15,3,5,23,512,488,65,37,72,26
36,1000,30,5.13,10.3,18,37,31,942,37,9,12,58,7.819323014,111,79,8.140610395,10.35412264,7.642297953,7.999203317,485,13,2,4,19,457,24,7,8,39,504,496,47,32,77,34
38,1000,30,5.13,10.3,18,37,24,953,32,9,6,47,7.31568431,103,79,7.705066361,9.432540969,6.98997805,7.668532758,501,14,2,3,19,452,18,7,3,28,520,480,52,27,74,29
32,1000,30,5.13,10.3,18,37,73,955,24,14,7,45,8.1461359,134,107,10.05357405,13.26346813,9.144545474,7.143724684,467,19,9,6,34,488,5,5,1,11,501,499,84,23,112,22
33,1000,30,5.13,10.3,18,37,34,965,21,8,6,35,7.759832823,102,79,8.283527422,10.16570521,7.357740498,8.144613933,473,11,2,3,16,492,10,6,3,19,489,511,46,33,77,25
34,1000,30,5.13,10.3,18,37,34,955,25,13,7,45,7.810925022,118,83,8.456836265,10.51047795,7.559067635,8.047163347,462,13,5,4,22,493,12,8,3,23,484,516,60,23,90,28
39,1000,30,5.13,10.3,18,37,21,952,24,11,13,48,7.736962439,108,78,7.963217028,9.856970676,7.026559581,8.395351215,463,7,4,7,18,489,17,7,6,30,481,519,46,32,77,31
37,1000,30,5.13,10.3,18,37,25,948,28,10,14,52,7.661470958,95,83,7.921075069,10.24598049,6.962835629,8.298658439,459,10,3,5,18,489,18,7,9,34,477,523,59,24,80,15
35,1000,30,5.13,10.3,18,37,34,955,30,6,9,45,7.93129405,110,86,8.006154465,10.14847626,7.949123172,7.912588086,488,16,3,5,24,467,14,3,4,21,512,488,51,35,85,25
36,1000,30,5.13,10.3,18,37,32,942,38,8,12,58,7.841067573,119,82,8.163932784,10.41322252,7.656417017,8.028696363,485,13,2,4,19,457,25,6,8,39,504,496,53,29,94,25
38,1000,30,5.13,10.3,18,37,25,952,33,9,6,48,7.325702057,107,91,7.729362067,9.484972276,7.027901964,7.648318826,500,15,2,3,20,452,18,7,3,28,520,480,61,30,76,31
32,1000,30,5.13,10.3,18,37,74,954,24,14,8,46,8.177990147,137,112,10.1023719,13.33861198,9.209055045,7.142792725,466,19,9,7,35,488,5,5,1,11,501,499,80,32,120,17
34,1000,30,5.13,10.3,18,37,35,954,25,14,7,46,7.820827925,113,86,8.504322881,10.57497656,7.582919168,8.04398265,462,13,5,4,22,492,12,9,3,24,484,516,56,30,86,27
33,1000,30,5.13,10.3,18,37,35,968,19,8,5,32,7.725767405,124,94,8.319322172,10.19769984,7.363059193,8.072859999,474,10,2,3,15,494,9,6,2,17,489,511,58,36,93,31
39,1000,30,5.13,10.3,18,37,22,952,24,11,13,48,7.776739217,89,79,8.011379981,9.888196716,7.075944234,8.426223586,463,7,4,7,18,489,17,7,6,30,481,519,50,29,68,21
37,1000,30,5.13,10.3,18,37,26,948,28,10,14,52,7.702771928,105,78,7.948304651,10.27785662,7.029683312,8.316659634,459,10,3,5,18,489,18,7,9,34,477,523,48,30,83,22
35,1000,30,5.13,10.3,18,37,35,953,32,6,9,47,7.971106745,92,94,8.026835705,10.20129437,8.02034472,7.919447231,487,17,3,5,25,466,15,3,4,22,512,488,53,41,69,23
36,1000,30,5.13,10.3,18,37,33,942,39,8,11,58,7.871972579,109,89,8.199574813,10.45978744,7.68582269,8.061124886,483,15,2,4,21,459,24,6,7,37,504,496,58,31,83,26
38,1000,30,5.13,10.3,18,37,26,951,34,9,6,49,7.35652628,115,73,7.770545765,9.546600213,7.050784339,7.687746716,500,15,2,3,20,451,19,7,3,29,520,480,51,22,83,32
34,1000,30,5.13,10.3,18,37,36,954,25,14,7,46,7.814557665,115,107,8.549242263,10.64942426,7.591983363,8.02332891,462,13,5,4,22,492,12,9,3,24,484,516,69,38,93,22
33,1000,30,5.13,10.3,18,37,36,966,21,8,5,34,7.758050666,114,96,8.340343628,10.25807148,7.394562892,8.10588926,474,10,2,3,15,492,11,6,2,19,489,511,66,30,88,26
32,1000,30,5.13,10.3,18,37,75,952,25,14,9,48,8.190945048,159,107,10.13715961,13.45141775,9.22555911,7.152184236,465,19,9,8,36,487,6,5,1,12,501,499,92,15,130,29
39,1000,30,5.13,10.3,18,37,23,952,24,11,13,48,7.796054865,96,86,8.064896595,9.973406964,7.097064832,8.443866436,463,7,4,7,18,489,17,7,6,30,481,519,59,27,73,23
37,1000,30,5.13,10.3,18,37,27,949,25,11,15,51,7.712901668,110,82,7.97158591,10.31458938,7.061749997,8.306781874,459,9,4,5,18,490,16,7,10,33,477,523,51,31,90,20
35,1000,30,5.13,10.3,18,37,36,954,31,6,9,46,7.977567568,104,92,8.04833472,10.27140715,8.032952846,7.919458425,488,16,3,5,24,466,15,3,4,22,512,488,56,36,77,27
36,1000,30,5.13,10.3,18,37,34,941,40,8,11,59,7.886760158,111,87,8.238106358,10.54133118,7.756253005,8.019372266,482,16,2,4,22,459,24,6,7,37,504,496,63,24,84,27
38,1000,30,5.13,10.3,18,37,27,953,33,8,6,47,7.352410816,105,71,7.802640136,9.589357518,7.076016487,7.651838006,500,15,2,3,20,453,18,6,3,27,520,480,51,20,76,29
34,1000,30,5.13,10.3,18,37,37,954,24,15,7,46,7.835393512,116,100,8.57667027,10.70654275,7.617713101,8.039574363,462,12,6,4,22,492,12,9,3,24,484,516,75,25,94,22
33,1000,30,5.13,10.3,18,37,37,966,21,9,4,34,7.719071204,121,110,8.386319725,10.33523962,7.382274286,8.04136806,473,11,3,2,16,493,10,6,2,18,489,511,75,35,91,30
39,1000,30,5.13,10.3,18,37,24,953,24,10,13,47,7.77861596,120,72,8.143882119,10.07770806,7.064604647,8.440348988,464,7,3,7,17,489,17,7,6,30,481,519,44,28,89,31
32,1000,30,5.13,10.3,18,37,76,952,26,13,9,48,8.215563215,147,98,10.23147585,13.58107373,9.30033833,7.126440304,465,20,8,8,36,487,6,5,1,12,501,499,70,28,131,16
35,1000,30,5.13,10.3,18,37,37,955,29,7,9,45,8.003214483,98,85,8.07207255,10.3193725,8.079393096,7.92328938,488,16,3,5,24,467,13,4,4,21,512,488,48,37,78,20
37,1000,30,5.13,10.3,18,37,28,949,25,11,15,51,7.701075803,106,88,7.975161387,10.3450203,7.106914424,8.242978246,458,10,4,5,19,491,15,7,10,32,477,523,58,30,86,20
36,1000,30,5.13,10.3,18,37,35,940,41,9,10,60,7.930026505,120,87,8.27563272,10.62543587,7.826586043,8.03513536,481,17,2,4,23,459,24,7,6,37,504,496,57,30,95,25
38,1000,30,5.13,10.3,18,37,28,955,30,8,7,45,7.398787858,104,79,7.821866974,9.621899886,7.099741292,7.722754972,501,14,2,3,19,454,16,6,4,26,520,480,55,24,73,31
34,1000,30,5.13,10.3,18,37,38,956,23,14,7,44,7.829647109,136,89,8.603066819,10.77744649,7.680512686,7.969532886,462,12,6,4,22,494,11,8,3,22,484,516,66,23,104,32
33,1000,30,5.13,10.3,18,37,38,966,21,9,4,34,7.752384054,109,84,8.423065442,10.40361277,7.446224948,8.045362141,473,11,3,2,16,493,10,6,2,18,489,511,63,21,90,19
39,1000,30,5.13,10.3,18,37,25,953,24,10,13,47,7.779870831,101,62,8.166320141,10.12647716,7.080434819,8.42809573,464,7,3,7,17,489,17,7,6,30,481,519,39,23,77,24
35,1000,30,5.13,10.3,18,37,38,956,29,6,9,44,8.042626939,98,84,8.119460355,10.3813291,8.092779102,7.990008277,489,15,3,5,23,467,14,3,4,21,512,488,62,22,73,25
37,1000,30,5.13,10.3,18,37,29,950,25,10,15,50,7.669912324,102,116,8.011519205,10.37796933,7.073215016,8.214127651,458,10,4,5,19,492,15,6,10,31,477,523,74,42,79,23
32,1000,30,5.13,10.3,18,37,77,951,26,14,9,49,8.238943859,143,99,10.30156648,13.66089946,9.342479049,7.130985682,464,20,9,8,37,487,6,5,1,12,501,499,79,20,121,22
36,1000,30,5.13,10.3,18,37,36,940,41,9,10,60,7.941005289,119,94,8.294551511,10.66046734,7.847308207,8.036213614,482,16,2,4,22,458,25,7,6,38,504,496,65,29,90,29
38,1000,30,5.13,10.3,18,37,29,956,28,8,8,44,7.412054235,106,100,7.827559773,9.658726041,7.146669942,7.699553885,501,13,2,4,19,455,15,6,4,25,520,480,62,38,83,23
34,1000,30,5.13,10.3,18,37,39,954,25,14,7,46,7.872906629,117,91,8.645970011,10.85672028,7.779018859,7.960971902,460,14,6,4,24,494,11,8,3,22,484,516,69,22,97,20
33,1000,30,5.13,10.3,18,37,39,967,21,8,4,33,7.755289699,95,79,8.471349697,10.497392,7.466306405,8.031831443,473,11,3,2,16,494,10,5,2,17,489,511,57,22,72,23
39,1000,30,5.13,10.3,18,37,26,953,24,10,13,47,7.766318444,119,80,8.194400015,10.19250436,7.060651502,8.420318056,464,7,3,7,17,489,17,7,6,30,481,519,51,29,95,24
35,1000,30,5.13,10.3,18,37,39,954,31,6,9,46,8.018184834,107,80,8.164415992,10.40837577,8.103627007,7.928540586,487,17,3,5,25,467,14,3,4,21,512,488,52,28,88,19
37,1000,30,5.13,10.3,18,37,30,949,27,9,15,51,7.683153265,106,95,8.039781775,10.44792864,7.122585324,8.194416951,457,11,4,5,20,492,16,5,10,31,477,523,57,38,89,17
36,1000,30,5.13,10.3,18,37,37,940,41,9,10,60,7.94756537,114,84,8.297130197,10.69115558,7.872695448,8.02364287,482,16,2,4,22,458,25,7,6,38,504,496,56,28,84,30
32,1000,30,5.13,10.3,18,37,78,950,27,14,9,50,8.263727614,119,113,10.3538999,13.76301443,9.410354462,7.112505068,463,21,9,8,38,487,6,5,1,12,501,499,94,19,108,11
38,1000,30,5.13,10.3,18,37,30,957,27,8,8,43,7.420339942,95,87,7.852645055,9.702234251,7.177313271,7.683618835,501,13,2,4,19,456,14,6,4,24,520,480,54,33,70,25
34,1000,30,5.13,10.3,18,37,40,953,26,14,7,47,7.895029199,111,78,8.712812104,10.93486943,7.852752122,7.934684442,460,14,6,4,24,493,12,8,3,23,484,516,55,23,88,23
33,1000,30,5.13,10.3,18,37,40,969,19,8,4,31,7.757866584,119,88,8.500364714,10.56983919,7.474314815,8.029210645,473,11,3,2,16,496,8,5,2,15,489,511,58,30,97,22
39,1000,30,5.13,10.3,18,37,27,953,24,10,13,47,7.81743896,100,94,8.223417262,10.25594352,7.114049033,8.469328276,464,7,3,7,17,489,17,7,6,30,481,519,63,31,76,24
35,1000,30,5.13,10.3,18,37,40,955,31,6,8,45,8.011855898,110,83,8.17533352,10.43673591,8.144205578,7.872997217,486,18,3,5,26,469,13,3,3,19,512,488,50,33,84,26
37,1000,30,5.13,10.3,18,37,31,950,26,9,15,50,7.691630613,111,84,8.03623207,10.49352694,7.162714337,8.174026529,457,11,4,5,20,493,15,5,10,30,477,523,59,25,86,25
36,1000,30,5.13,10.3,18,37,38,942,39,9,10,58,7.936114164,112,94,8.33718571,10.75854073,7.896802582,7.976059804,482,16,2,4,22,460,23,7,6,36,504,496,63,31,90,22
38,1000,30,5.13,10.3,18,37,31,955,28,9,8,45,7.432414497,91,84,7.877830674,9.726755026,7.229059914,7.652715295,498,16,2,4,22,457,12,7,4,23,520,480,55,29,68,23
32,1000,30,5.13,10.3,18,37,79,948,28,15,9,52,8.268154634,138,96,10.44001942,13.87422492,9.425910244,7.105758721,462,21,10,8,39,486,7,5,1,13,501,499,82,14,123,15
34,1000,30,5.13,10.3,18,37,41,953,25,15,7,47,7.941267228,110,84,8.749912874,10.99702186,7.946152694,7.936684736,460,13,7,4,24,493,12,8,3,23,484,516,56,28,86,24
33,1000,30,5.13,10.3,18,37,41,969,19,8,4,31,7.810399313,94,80,8.536348807,10.66293034,7.554617748,8.055168757,473,11,3,2,16,496,8,5,2,15,489,511,62,18,73,21
39,1000,30,5.13,10.3,18,37,28,955,23,9,13,45,7.81236235,99,83,8.257082625,10.33138889,7.136613341,8.438634553,464,7,3,7,17,491,16,6,6,28,481,519,59,24,80,19
35,1000,30,5.13,10.3,18,37,41,955,30,7,8,45,8.028244004,108,90,8.218433536,10.4767203,8.17616812,7.873044931,487,17,3,5,25,468,13,4,3,20,512,488,57,33,77,31
37,1000,30,5.13,10.3,18,37,32,950,27,9,14,50,7.679631842,101,98,8.089546894,10.55306091,7.17617972,8.138803281,457,11,4,5,20,493,16,5,9,30,477,523,77,21,80,21
36,1000,30,5.13,10.3,18,37,39,942,38,10,10,58,7.976872902,95,73,8.367913863,10.81774582,7.916536584,8.038182385,482,16,2,4,22,460,22,8,6,36,504,496,52,21,71,24
38,1000,30,5.13,10.3,18,37,32,954,28,9,9,46,7.496989347,112,80,7.937319793,9.777049963,7.29854963,7.711965707,498,16,2,4,22,456,12,7,5,24,520,480,53,27,78,34
32,1000,30,5.13,10.3,18,37,80,948,27,16,9,52,8.310854439,152,104,10.51769814,13.97410899,9.4448307,7.172333183,462,21,10,8,39,486,6,6,1,13,501,499,92,12,127,25
34,1000,30,5.13,10.3,18,37,42,953,25,15,7,47,7.967568621,111,109,8.798797803,11.09198561,7.961178318,7.973562627,460,13,7,4,24,493,12,8,3,23,484,516,76,33,85,26
33,1000,30,5.13,10.3,18,37,42,968,20,8,4,32,7.824210169,115,82,8.591793608,10.75082022,7.548913699,8.087654345,472,12,3,2,17,496,8,5,2,15,489,511,52,30,87,28
39,1000,30,5.13,10.3,18,37,29,953,25,9,13,47,7.830139328,115,92,8.28688619,10.38768012,7.163229079,8.448219925,464,7,3,7,17,489,18,6,6,30,481,519,61,31,86,29
35,1000,30,5.13,10.3,18,37,42,955,30,7,8,45,8.05424031,121,97,8.223025545,10.49144188,8.242817091,7.856389261,487,17,3,5,25,468,13,4,3,20,512,488,62,35,93,28
37,1000,30,5.13,10.3,18,37,33,950,27,9,14,50,7.66140917,110,69,8.111380389,10.61944908,7.189067222,8.092206703,457,11,4,5,20,493,16,5,9,30,477,523,48,21,89,21
36,1000,30,5.13,10.3,18,37,40,943,39,10,8,57,7.974311153,117,87,8.396092438,10.84972667,7.911145009,8.038496104,482,16,2,4,22,461,23,8,4,35,504,496,66,21,84,33
38,1000,30,5.13,10.3,18,37,33,954,28,9,9,46,7.531169033,98,79,7.990540924,9.840362537,7.339263003,7.739067232,498,16,2,4,22,456,12,7,5,24,520,480,49,30,77,21
34,1000,30,5.13,10.3,18,37,43,954,23,16,7,46,7.961632279,123,79,8.846542399,11.18594652,7.982579756,7.941983871,461,12,7,4,23,493,11,9,3,23,484,516,60,19,98,25
33,1000,30,5.13,10.3,18,37,43,969,19,8,4,31,7.797239617,121,83,8.649719008,10.83265371,7.543736104,8.039829085,473,11,3,2,16,496,8,5,2,15,489,511,51,32,90,31
32,1000,30,5.13,10.3,18,37,81,948,28,15,9,52,8.295190808,138,102,10.6343254,14.1632562,9.482357253,7.103266181,461,22,10,8,40,487,6,5,1,12,501,499,82,20,119,19
39,1000,30,5.13,10.3,18,37,30,954,24,10,12,46,7.843568221,109,90,8.305517988,10.44726216,7.196131581,8.443601023,464,8,3,6,17,490,16,7,6,29,481,519,64,26,79,30
35,1000,30,5.13,10.3,18,37,43,955,30,7,8,45,8.085064049,137,97,8.224621039,10.529574,8.251722247,7.910209547,487,17,3,5,25,468,13,4,3,20,512,488,62,35,104,33
37,1000,30,5.13,10.3,18,37,34,949,27,10,14,51,7.707381401,108,80,8.151335756,10.66803284,7.219880471,8.15200462,457,11,4,5,20,492,16,6,9,31,477,523,55,25,87,21
36,1000,30,5.13,10.3,18,37,41,945,38,9,8,55,7.992278305,126,95,8.41695962,10.89565476,7.951749135,8.033461171,482,16,2,4,22,463,22,7,4,33,504,496,62,33,97,29
38,1000,30,5.13,10.3,18,37,34,956,26,9,9,44,7.525772306,98,72,7.999429393,9.882625696,7.392551227,7.670095142,499,15,2,4,21,457,11,7,5,23,520,480,50,22,77,21
34,1000,30,5.13,10.3,18,37,44,953,23,16,8,47,8.007310857,130,87,8.894747913,11.24840869,8.034022364,7.982255877,460,12,8,4,24,493,11,8,4,23,484,516,65,22,110,20
33,1000,30,5.13,10.3,18,37,44,970,19,7,4,30,7.803722963,114,91,8.663729995,10.87774757,7.591284039,8.007015789,472,12,3,2,17,498,7,4,2,13,489,511,69,22,88,26
39,1000,30,5.13,10.3,18,37,31,955,24,10,11,45,7.855565524,103,102,8.318267322,10.45701226,7.273628423,8.394894515,464,8,3,6,17,491,16,7,5,28,481,519,67,35,79,24
32,1000,30,5.13,10.3,18,37,82,949,28,14,9,51,8.312257822,127,115,10.68111352,14.24343636,9.54416801,7.075410118,461,22,10,8,40,488,6,4,1,11,501,499,99,16,111,16
35,1000,30,5.13,10.3,18,37,44,953,32,7,8,47,8.087478061,99,84,8.259477588,10.58870548,8.278798301,7.886748628,487,17,3,5,25,466,15,4,3,22,512,488,53,31,79,20
37,1000,30,5.13,10.3,18,37,35,949,28,10,13,51,7.712148004,137,83,8.188731796,10.78881386,7.230576186,8.1513636,457,12,4,4,20,492,16,6,9,31,477,523,58,25,110,27
36,1000,30,5.13,10.3,18,37,42,947,38,7,8,53,7.974397225,115,98,8.448705759,10.96498072,7.983597819,7.965048234,482,16,2,4,22,465,22,5,4,31,504,496,64,34,88,27
38,1000,30,5.13,10.3,18,37,35,954,28,9,9,46,7.560242225,128,79,8.014839865,9.92628513,7.411506709,7.721372366,497,17,2,4,23,457,11,7,5,23,520,480,48,31,96,32
34,1000,30,5.13,10.3,18,37,45,953,24,16,7,47,8.012723758,121,95,8.926332913,11.32901509,8.061633514,7.966847166,460,12,8,4,24,493,12,8,3,23,484,516,67,28,96,25
33,1000,30,5.13,10.3,18,37,45,970,19,7,4,30,7.812881064,120,98,8.708763246,10.92731682,7.620430545,7.997046042,472,12,3,2,17,498,7,4,2,13,489,511,74,24,102,18
39,1000,30,5.13,10.3,18,37,32,955,24,10,11,45,7.846278193,109,92,8.35226784,10.52886319,7.317687546,8.336166635,464,8,3,6,17,491,16,7,5,28,481,519,59,33,84,25
35,1000,30,5.13,10.3,18,37,45,953,32,7,8,47,8.103274086,113,98,8.293307703,10.63711509,8.303949708,7.892729171,487,17,3,5,25,466,15,4,3,22,512,488,73,25,83,30
32,1000,30,5.13,10.3,18,37,83,949,28,13,10,51,8.350497511,139,108,10.74595432,14.34047691,9.606129058,7.089833372,461,22,9,9,40,488,6,4,1,11,501,499,94,14,123,16
37,1000,30,5.13,10.3,18,37,36,950,27,10,13,50,7.702371943,118,87,8.25009387,10.85646989,7.240770647,8.123373507,457,12,4,4,20,493,15,6,9,30,477,523,60,27,95,23
36,1000,30,5.13,10.3,18,37,43,949,36,7,8,51,7.980764755,127,82,8.467540026,11.01740092,8.029930257,7.930806262,482,16,2,4,22,467,20,5,4,29,504,496,58,24,99,28
38,1000,30,5.13,10.3,18,37,36,956,26,9,9,44,7.558923843,112,110,8.048667625,9.977245797,7.426809786,7.702047404,497,16,3,4,23,459,10,6,5,21,520,480,78,32,80,32
34,1000,30,5.13,10.3,18,37,46,954,23,16,7,46,8.025892018,128,101,8.970418874,11.41795073,8.097644724,7.958589091,460,12,8,4,24,494,11,8,3,22,484,516,69,32,105,23
33,1000,30,5.13,10.3,18,37,46,968,20,8,4,32,7.823223706,121,111,8.765663851,11.01550976,7.646027137,7.992791459,472,12,3,2,17,496,8,5,2,15,489,511,79,32,97,24
35,1000,30,5.13,10.3,18,37,46,953,32,7,8,47,8.131932661,114,62,8.329657908,10.70945478,8.317532612,7.937204844,487,17,3,5,25,466,15,4,3,22,512,488,43,19,91,23
39,1000,30,5.13,10.3,18,37,33,955,24,10,11,45,7.905312544,110,88,8.375866881,10.5824931,7.434885102,8.341296358,463,9,3,6,18,492,15,7,5,27,481,519,60,28,86,24
37,1000,30,5.13,10.3,18,37,37,949,28,10,13,51,7.739578495,116,95,8.283822423,10.91136355,7.280133852,8.158613093,457,12,4,4,20,492,16,6,9,31,477,523,72,23,90,26
36,1000,30,5.13,10.3,18,37,44,951,35,6,8,49,7.964326555,116,87,8.502839326,11.10347335,8.056419168,7.870748577,482,16,2,4,22,469,19,4,4,27,504,496,67,20,91,25
32,1000,30,5.13,10.3,18,37,84,948,29,13,10,52,8.383147628,134,115,10.8297383,14.46739987,9.622060532,7.139269141,461,22,9,9,40,487,7,4,1,12,501,499,98,17,119,15
38,1000,30,5.13,10.3,18,37,37,955,27,9,9,45,7.583726931,102,76,8.077813631,10.03203961,7.492550198,7.682501725,496,17,3,4,24,459,10,6,5,21,520,480,46,30,74,28
34,1000,30,5.13,10.3,18,37,47,954,23,16,7,46,8.063290339,110,88,8.96833292,11.46728448,8.15903301,7.973485199,460,12,8,4,24,494,11,8,3,22,484,516,64,24,89,21
33,1000,30,5.13,10.3,18,37,47,969,20,7,4,31,7.811108017,128,107,8.804282675,11.05403281,7.695333064,7.92189853,471,13,3,2,18,498,7,4,2,13,489,511,75,32,106,22
35,1000,30,5.13,10.3,18,37,47,953,32,7,8,47,8.179398437,113,90,8.359229424,10.768856,8.399362262,7.948616719,487,17,3,5,25,466,15,4,3,22,512,488,66,24,95,18
39,1000,30,5.13,10.3,18,37,34,953,25,11,11,47,7.918741012,131,86,8.415625175,10.63366577,7.456702157,8.346950432,462,9,4,6,19,491,16,7,5,28,481,519,59,27,92,39
36,1000,30,5.13,10.3,18,37,45,952,34,6,8,48,7.973021424,114,87,8.554339372,11.16208222,8.102411231,7.841544685,482,16,2,4,22,470,18,4,4,26,504,496,54,33,92,22
37,1000,30,5.13,10.3,18,37,38,949,28,10,13,51,7.728013849,126,91,8.346471255,11.0046729,7.311579129,8.107821423,457,12,4,4,20,492,16,6,9,31,477,523,68,23,107,19
32,1000,30,5.13,10.3,18,37,85,947,30,13,10,53,8.414408455,134,140,10.92341286,14.56959821,9.682025329,7.141710952,460,23,9,9,41,487,7,4,1,12,501,499,118,22,120,14
38,1000,30,5.13,10.3,18,37,38,954,28,9,9,46,7.597052268,102,71,8.110020165,10.0897986,7.527045725,7.672892689,495,18,3,4,25,459,10,6,5,21,520,480,43,28,76,26
34,1000,30,5.13,10.3,18,37,48,952,26,16,6,48,8.095575482,118,84,9.000136956,11.5285905,8.234411594,7.965349361,458,14,8,4,26,494,12,8,2,22,484,516,56,28,101,17
33,1000,30,5.13,10.3,18,37,48,968,21,7,4,32,7.792619715,114,101,8.864218448,11.15952341,7.711498361,7.870248564,471,13,3,2,18,497,8,4,2,14,489,511,75,26,90,24
35,1000,30,5.13,10.3,18,37,48,954,32,6,8,46,8.192341793,121,87,8.378594049,10.81346626,8.447252886,7.924894088,487,17,3,5,25,467,15,3,3,21,512,488,66,21,94,27
39,1000,30,5.13,10.3,18,37,35,953,26,11,10,47,7.909976898,122,76,8.49293292,10.7298156,7.484474283,8.30432518,462,9,4,6,19,491,17,7,4,28,481,519,53,23,100,22
36,1000,30,5.13,10.3,18,37,46,953,33,6,8,47,7.990390797,119,75,8.573812864,11.24493369,8.165006613,7.812958598,481,17,2,4,23,472,16,4,4,24,504,496,55,20,99,20
37,1000,30,5.13,10.3,18,37,39,951,28,8,13,49,7.721613497,120,77,8.38425638,11.09324329,7.322604865,8.085527679,457,12,4,4,20,494,16,4,9,29,477,523,52,25,100,20
34,1000,30,5.13,10.3,18,37,49,951,28,15,6,49,8.110174446,124,93,9.032783969,11.57505998,8.291531411,7.940064425,457,15,8,4,27,494,13,7,2,22,484,516,65,28,101,23
38,1000,30,5.13,10.3,18,37,39,955,28,8,9,45,7.614873978,119,105,8.130374575,10.12370426,7.56282563,7.671259688,495,18,3,4,25,460,10,5,5,20,520,480,72,33,98,21
32,1000,30,5.13,10.3,18,37,86,946,31,13,10,54,8.444751049,144,110,11.06266089,14.75285556,9.728898793,7.15545642,459,24,9,9,42,487,7,4,1,12,501,499,89,21,131,13
33,1000,30,5.13,10.3,18,37,49,967,23,6,4,33,7.793249102,102,94,8.909294061,11.20690082,7.697254165,7.885111185,472,13,2,2,17,495,10,4,2,16,489,511,60,34,79,23
35,1000,30,5.13,10.3,18,37,49,955,31,7,7,45,8.200661709,124,95,8.414494425,10.87124401,8.476031766,7.911748861,487,16,4,5,25,468,15,3,2,20,512,488,64,31,93,31
39,1000,30,5.13,10.3,18,37,36,954,25,11,10,46,7.901356724,112,88,8.548029671,10.77990731,7.55578736,8.221624285,462,9,4,6,19,492,16,7,4,27,481,519,60,28,84,28
36,1000,30,5.13,10.3,18,37,47,953,33,6,8,47,8.012398586,118,97,8.64220178,11.33657225,8.240118434,7.781005838,481,17,2,4,23,472,16,4,4,24,504,496,65,32,97,21
37,1000,30,5.13,10.3,18,37,40,951,27,9,13,49,7.747378824,105,92,8.403201658,11.1260179,7.365103353,8.096031597,456,12,5,4,21,495,15,4,9,28,477,523,70,22,87,18
34,1000,30,5.13,10.3,18,37,50,952,26,15,7,48,8.128859441,120,107,9.103962692,11.64495672,8.365688382,7.906717566,457,14,8,5,27,495,12,7,2,21,484,516,74,33,95,25
38,1000,30,5.13,10.3,18,37,40,955,28,8,9,45,7.625701355,108,77,8.140623058,10.16951314,7.604113632,7.649088055,495,17,4,4,25,460,11,4,5,20,520,480,51,26,80,28
33,1000,30,5.13,10.3,18,37,50,966,24,6,4,34,7.81838968,126,86,8.968402221,11.35268217,7.752783665,7.881171169,472,13,2,2,17,494,11,4,2,17,489,511,55,31,100,26
32,1000,30,5.13,10.3,18,37,87,946,31,13,10,54,8.473072431,155,119,11.11988678,14.83712356,9.777350943,7.16356635,459,24,9,9,42,487,7,4,1,12,501,499,94,25,133,22
35,1000,30,5.13,10.3,18,37,50,955,31,7,7,45,8.192379937,129,87,8.450575159,10.9027513,8.469597113,7.901529129,487,16,4,5,25,468,15,3,2,20,512,488,66,21,101,28
39,1000,30,5.13,10.3,18,37,37,952,26,12,10,48,7.952145972,121,110,8.611158893,10.85192753,7.619534978,8.260403946,461,10,4,6,20,491,16,8,4,28,481,519,70,40,89,32
36,1000,30,5.13,10.3,18,37,48,953,33,6,8,47,8.055249784,132,98,8.672243264,11.44077009,8.32354517,7.782627053,481,17,2,4,23,472,16,4,4,24,504,496,70,28,108,24
37,1000,30,5.13,10.3,18,37,41,949,30,8,13,51,7.762381082,124,71,8.455295679,11.17838381,7.421523851,8.073258519,455,13,5,4,22,494,17,3,9,29,477,523,52,19,94,30
34,1000,30,5.13,10.3,18,37,51,951,26,16,7,49,8.138359137,122,93,9.151473691,11.68940135,8.381391004,7.910399013,457,14,8,5,27,494,12,8,2,22,484,516,71,22,97,25
38,1000,30,5.13,10.3,18,37,41,957,27,7,9,43,7.655855819,132,69,8.185751973,10.22702633,7.65483428,7.656962486,495,17,4,4,25,462,10,3,5,18,520,480,42,27,98,34
33,1000,30,5.13,10.3,18,37,51,966,24,6,4,34,7.834857174,112,114,9.018247347,11.42332697,7.764654719,7.902037214,472,13,2,2,17,494,11,4,2,17,489,511,83,31,100,12
35,1000,30,5.13,10.3,18,37,51,954,31,8,7,46,8.215407727,112,87,8.483738528,10.96055225,8.510020868,7.906305415,486,17,4,5,26,468,14,4,2,20,512,488,58,29,95,17
32,1000,30,5.13,10.3,18,37,88,945,31,14,10,55,8.506470832,165,132,11.18360078,14.96236138,9.854979698,7.152557122,459,23,10,9,42,486,8,4,1,13,501,499,109,23,152,13
39,1000,30,5.13,10.3,18,37,38,954,24,11,11,46,8.020226816,106,92,8.643778536,10.90089335,7.701299242,8.315803237,461,10,4,6,20,493,14,7,5,26,481,519,68,24,92,14
36,1000,30,5.13,10.3,18,37,49,953,31,7,9,47,8.060025858,121,86,8.739049971,11.55498192,8.350631494,7.764733033,481,15,3,5,23,472,16,4,4,24,504,496,64,22,99,22
37,1000,30,5.13,10.3,18,37,42,949,30,8,13,51,7.759852976,121,90,8.495826264,11.22504607,7.428115344,8.062412919,455,13,5,4,22,494,17,3,9,29,477,523,60,30,93,28
34,1000,30,5.13,10.3,18,37,52,949,29,15,7,51,8.150956249,120,74,9.251824639,11.79464664,8.420230682,7.898381005,456,15,8,5,28,493,14,7,2,23,484,516,52,22,104,16
38,1000,30,5.13,10.3,18,37,42,956,28,7,9,44,7.685674962,96,78,8.23571677,10.3150011,7.709994707,7.659328572,494,18,4,4,26,462,10,3,5,18,520,480,56,22,75,21
33,1000,30,5.13,10.3,18,37,52,966,24,6,4,34,7.868991547,130,93,9.080633672,11.54654621,7.813852444,7.921756755,472,13,2,2,17,494,11,4,2,17,489,511,71,22,113,17
35,1000,30,5.13,10.3,18,37,52,954,32,7,7,46,8.242721386,126,99,8.536075705,11.00605435,8.553529459,7.916627671,487,17,3,5,25,467,15,4,2,21,512,488,71,28,99,27
39,1000,30,5.13,10.3,18,37,39,955,24,11,10,45,8.032378761,120,92,8.672851107,10.98921918,7.759290314,8.285472293,461,10,4,6,20,494,14,7,4,25,481,519,71,21,95,25
32,1000,30,5.13,10.3,18,37,89,945,31,13,11,55,8.541716308,152,117,11.28479088,15.09858389,9.921922501,7.155978226,459,23,10,9,42,486,8,3,2,13,501,499,98,19,134,18
36,1000,30,5.13,10.3,18,37,50,953,30,7,10,47,8.105626488,130,93,8.787374929,11.63242069,8.410336042,7.796002264,481,14,3,6,23,472,16,4,4,24,504,496,63,30,106,24
37,1000,30,5.13,10.3,18,37,43,948,30,9,13,52,7.779393197,116,91,8.540518341,11.2836764,7.469525859,8.062006428,454,14,5,4,23,494,16,4,9,29,477,523,62,29,90,26
34,1000,30,5.13,10.3,18,37,53,949,28,16,7,51,8.185950821,121,105,9.306912456,11.91718098,8.458248449,7.930539867,455,16,8,5,29,494,12,8,2,22,484,516,77,28,93,28
33,1000,30,5.13,10.3,18,37,53,964,26,6,4,36,7.894339918,118,96,9.175677054,11.66338659,7.863836913,7.923529682,470,15,2,2,19,494,11,4,2,17,489,511,68,28,95,23
38,1000,30,5.13,10.3,18,37,43,956,28,7,9,44,7.690441123,124,78,8.307773122,10.41290171,7.739888714,7.636872899,494,18,4,4,26,462,10,3,5,18,520,480,53,25,96,28
35,1000,30,5.13,10.3,18,37,53,955,32,7,6,45,8.268898558,99,106,8.643939952,11.13684385,8.617440881,7.90321481,487,17,3,5,25,468,15,4,1,20,512,488,77,29,81,18
39,1000,30,5.13,10.3,18,37,40,954,24,12,10,46,8.057567739,111,92,8.723198787,11.01939173,7.776669098,8.31789962,461,10,4,6,20,493,14,8,4,26,481,519,65,27,91,20
36,1000,30,5.13,10.3,18,37,51,954,29,8,9,46,8.117030912,114,98,8.831518884,11.69973625,8.469207345,7.759174214,481,13,4,6,23,473,16,4,3,23,504,496,72,26,88,26
32,1000,30,5.13,10.3,18,37,90,943,33,13,11,57,8.582410461,153,123,11.38255119,15.2364541,9.992291011,7.166879087,457,25,10,9,44,486,8,3,2,13,501,499,104,19,138,15
37,1000,30,5.13,10.3,18,37,44,948,31,8,13,52,7.813024949,115,79,8.56856188,11.32885804,7.513388145,8.086307464,453,15,5,4,24,495,16,3,9,28,477,523,58,21,93,22
34,1000,30,5.13,10.3,18,37,54,949,28,16,7,51,8.201543728,127,92,9.356718365,11.99846256,8.503185931,7.918608018,455,16,8,5,29,494,12,8,2,22,484,516,69,23,110,17
33,1000,30,5.13,10.3,18,37,54,965,25,7,3,35,7.908640853,122,95,9.233468446,11.7306656,7.907970539,7.909282309,469,15,3,2,20,496,10,4,1,15,489,511,75,20,99,23
38,1000,30,5.13,10.3,18,37,44,956,28,7,9,44,7.725558079,112,80,8.328102382,10.42848772,7.789094394,7.656727072,494,18,4,4,26,462,10,3,5,18,520,480,52,28,91,21
35,1000,30,5.13,10.3,18,37,54,953,34,7,6,47,8.292917544,113,80,8.769453717,11.280485,8.710753565,7.85453221,485,19,3,5,27,468,15,4,1,20,512,488,55,25,95,18
39,1000,30,5.13,10.3,18,37,41,954,24,12,10,46,8.085774502,130,82,8.771044638,11.08883602,7.80131637,8.349405257,461,10,4,6,20,493,14,8,4,26,481,519,53,29,104,26
36,1000,30,5.13,10.3,18,37,52,954,29,8,9,46,8.147987841,118,90,8.89004506,11.76358802,8.507697018,7.782476903,481,13,4,6,23,473,16,4,3,23,504,496,68,22,99,19
37,1000,30,5.13,10.3,18,37,45,949,31,8,12,51,7.835492057,112,83,8.613477124,11.40055075,7.545217282,8.100235972,453,15,5,4,24,496,16,3,8,27,477,523,58,25,86,26
32,1000,30,5.13,10.3,18,37,91,942,35,14,9,58,8.588420435,170,96,11.51644588,15.42436395,10.02866309,7.142405265,456,27,10,8,45,486,8,4,1,13,501,499,82,14,150,20
34,1000,30,5.13,10.3,18,37,55,949,28,16,7,51,8.208418417,115,104,9.406348517,12.09877893,8.539439972,7.89792533,455,16,8,5,29,494,12,8,2,22,484,516,85,19,97,18
33,1000,30,5.13,10.3,18,37,55,965,24,8,3,35,7.917704632,126,97,9.316250223,11.86443035,7.922412721,7.91319924,469,15,3,2,20,496,9,5,1,15,489,511,73,24,109,17
38,1000,30,5.13,10.3,18,37,45,957,28,6,9,43,7.708420882,94,84,8.356401299,10.48761183,7.801316573,7.607783884,494,18,4,4,26,463,10,2,5,17,520,480,62,22,80,14
35,1000,30,5.13,10.3,18,37,55,953,34,7,6,47,8.304702944,109,118,8.858064488,11.38703633,8.710344454,7.879111852,485,19,3,5,27,468,15,4,1,20,512,488,85,33,89,20
39,1000,30,5.13,10.3,18,37,42,954,24,12,10,46,8.099283953,108,89,8.80395099,11.13858811,7.859925235,8.32111737,461,10,4,6,20,493,14,8,4,26,481,519,55,34,88,20
36,1000,30,5.13,10.3,18,37,53,954,28,9,9,46,8.161675585,117,92,8.939460907,11.84908105,8.567468473,7.74933765,481,13,4,6,23,473,15,5,3,23,504,496,64,28,89,28
37,1000,30,5.13,10.3,18,37,46,950,29,9,12,50,7.834993473,129,87,8.657790893,11.47621547,7.573462864,8.073521389,453,15,5,4,24,497,14,4,8,26,477,523,65,22,107,22
32,1000,30,5.13,10.3,18,37,92,942,35,14,9,58,8.619329207,152,107,11.68290204,15.67412813,10.05505623,7.177847772,456,27,10,8,45,486,8,4,1,13,501,499,88,19,140,12
34,1000,30,5.13,10.3,18,37,56,948,27,18,7,52,8.236497335,122,104,9.494872453,12.18949996,8.597300253,7.898069791,454,16,9,5,30,494,11,9,2,22,484,516,76,28,108,14
33,1000,30,5.13,10.3,18,37,56,964,24,9,3,36,7.917530882,125,95,9.354157668,11.92691408,7.960854439,7.876072528,468,15,4,2,21,496,9,5,1,15,489,511,78,17,97,28
38,1000,30,5.13,10.3,18,37,46,959,26,7,8,41,7.733478884,113,93,8.397015314,10.51691121,7.86549047,7.590466333,494,17,5,4,26,465,9,2,4,15,520,480,70,23,84,29
35,1000,30,5.13,10.3,18,37,56,954,33,7,6,46,8.323926009,120,107,8.932203236,11.50277055,8.73768097,7.889822443,485,19,3,5,27,469,14,4,1,19,512,488,74,33,98,22
39,1000,30,5.13,10.3,18,37,43,954,25,12,9,46,8.090278492,104,83,8.827710065,11.16911107,7.822635115,8.338325628,461,11,4,5,20,493,14,8,4,26,481,519,57,26,83,21
36,1000,30,5.13,10.3,18,37,54,955,27,9,9,45,8.168258551,133,97,9.034646471,11.99815853,8.605993135,7.723463732,482,12,4,6,22,473,15,5,3,23,504,496,64,33,106,27
37,1000,30,5.13,10.3,18,37,47,951,27,11,11,49,7.905570508,143,91,8.70008002,11.56575808,7.635265523,8.152101058,453,15,5,4,24,498,12,6,7,25,477,523,70,21,127,16
34,1000,30,5.13,10.3,18,37,57,949,27,18,6,51,8.233741653,127,105,9.582507643,12.28736241,8.635870762,7.856550783,454,16,9,5,30,495,11,9,1,21,484,516,82,23,111,16
33,1000,30,5.13,10.3,18,37,57,965,22,10,3,35,7.912844066,152,99,9.403937257,11.99178057,7.99829206,7.831074851,468,14,5,2,21,497,8,5,1,14,489,511,80,19,120,32
38,1000,30,5.13,10.3,18,37,47,958,27,6,9,42,7.778702192,104,80,8.433566943,10.57660847,7.895132467,7.652569395,494,17,4,5,26,464,10,2,4,16,520,480,60,20,87,17
32,1000,30,5.13,10.3,18,37,93,941,36,14,9,59,8.641542113,168,137,11.78870909,15.84765906,10.08630043,7.190993177,456,27,10,8,45,485,9,4,1,14,501,499,119,18,143,25
35,1000,30,5.13,10.3,18,37,57,955,31,8,6,45,8.350018442,121,85,9.019460486,11.62597342,8.73876621,7.94215193,485,19,3,5,27,470,12,5,1,18,512,488,60,25,98,23
39,1000,30,5.13,10.3,18,37,44,956,23,12,9,44,8.115394033,122,92,8.876934469,11.23227281,7.894110862,8.320475353,461,11,4,5,20,495,12,8,4,24,481,519,68,24,92,30
36,1000,30,5.13,10.3,18,37,55,955,28,9,8,45,8.19934371,117,97,9.086389671,12.06836595,8.646494702,7.744980605,482,12,4,6,22,473,16,5,2,23,504,496,66,31,96,21
37,1000,30,5.13,10.3,18,37,48,951,27,11,11,49,7.896302132,137,106,8.741302225,11.6542521,7.675375998,8.097796904,453,15,5,4,24,498,12,6,7,25,477,523,84,22,117,20
34,1000,30,5.13,10.3,18,37,58,951,27,16,6,49,8.229818442,137,93,9.63826143,12.38235679,8.656691471,7.82941816,454,16,9,5,30,497,11,7,1,19,484,516,74,19,123,14
33,1000,30,5.13,10.3,18,37,58,965,23,9,3,35,7.899094976,128,92,9.498613869,12.091893,8.046932642,7.75762214,468,14,5,2,21,497,9,4,1,14,489,511,63,29,106,22
38,1000,30,5.13,10.3,18,37,48,958,27,6,9,42,7.78729183,131,111,8.487527246,10.64069972,7.889666467,7.676385972,494,17,4,5,26,464,10,2,4,16,520,480,73,38,101,30
35,1000,30,5.13,10.3,18,37,58,956,30,8,6,44,8.349447749,121,100,9.103299404,11.7608914,8.734386419,7.945577669,485,18,4,5,27,471,12,4,1,17,512,488,78,22,99,22
32,1000,30,5.13,10.3,18,37,94,941,35,15,9,59,8.694409779,156,121,11.94167944,16.05523819,10.1804764,7.202386976,456,26,11,8,45,485,9,4,1,14,501,499,106,15,140,16
39,1000,30,5.13,10.3,18,37,45,956,24,12,8,44,8.095113534,116,106,8.924290084,11.31606139,7.871614157,8.302248794,461,12,4,4,20,495,12,8,4,24,481,519,75,31,86,30
36,1000,30,5.13,10.3,18,37,56,957,27,8,8,43,8.213437668,135,96,9.164649322,12.15505885,8.696288247,7.722799176,482,12,4,6,22,475,15,4,2,21,504,496,80,16,110,25
37,1000,30,5.13,10.3,18,37,49,950,29,11,10,50,7.892778595,125,83,8.797243315,11.7250565,7.664487703,8.100990364,454,14,5,4,23,496,15,6,6,27,477,523,65,18,106,19
34,1000,30,5.13,10.3,18,37,59,953,27,15,5,47,8.184843735,117,101,9.688470312,12.45875525,8.670440922,7.729361103,454,16,9,5,30,499,11,6,0,17,484,516,76,25,98,19
33,1000,30,5.13,10.3,18,37,59,963,25,9,3,37,7.911187059,119,100,9.578578487,12.20627188,8.069746664,7.759453894,468,14,5,2,21,495,11,4,1,16,489,511,81,19,96,23
38,1000,30,5.13,10.3,18,37,49,959,26,7,8,41,7.805849083,110,95,8.514841053,10.6908487,7.947095447,7.652832187,494,16,5,5,26,465,10,2,3,15,520,480,65,30,85,25
35,1000,30,5.13,10.3,18,37,59,957,30,7,6,43,8.340324825,130,86,9.183534865,11.89327738,8.790352578,7.868164559,485,18,4,5,27,472,12,3,1,16,512,488,56,30,107,23
39,1000,30,5.13,10.3,18,37,46,954,24,14,8,46,8.115031202,125,90,8.948928129,11.36900319,7.889762058,8.323806651,461,11,5,4,20,493,13,9,4,26,481,519,72,18,105,20
36,1000,30,5.13,10.3,18,37,57,959,25,9,7,41,8.193720638,123,88,9.200636393,12.23029273,8.732871243,7.645874055,482,12,4,6,22,477,13,5,1,19,504,496,68,20,104,19
32,1000,30,5.13,10.3,18,37,95,943,33,15,9,57,8.66624042,158,139,12.16801833,16.36127312,10.19056083,7.135810512,457,24,12,8,44,486,9,3,1,13,501,499,114,25,143,15
37,1000,30,5.13,10.3,18,37,50,948,31,11,10,52,7.906793271,119,96,8.807117669,11.77729341,7.70580789,8.090101162,453,15,5,4,24,495,16,6,6,28,477,523,76,20,100,19
34,1000,30,5.13,10.3,18,37,60,954,27,14,5,46,8.187329514,129,115,9.748089628,12.55391614,8.697922252,7.708401442,454,16,9,5,30,500,11,5,0,16,484,516,90,25,100,29
33,1000,30,5.13,10.3,18,37,60,960,28,9,3,40,7.935754196,119,99,9.639460429,12.29336598,8.135695281,7.744421141,466,16,5,2,23,494,12,4,1,17,489,511,79,20,100,19
38,1000,30,5.13,10.3,18,37,50,957,27,8,8,43,7.82847517,102,100,8.571390297,10.75521846,7.990432025,7.653021911,494,16,5,5,26,463,11,3,3,17,520,480,73,27,78,24
35,1000,30,5.13,10.3,18,37,60,956,31,7,6,44,8.379007262,108,89,9.29916326,12.05852026,8.861068302,7.873238301,484,20,3,5,28,472,11,4,1,16,512,488,66,23,89,19
39,1000,30,5.13,10.3,18,37,47,954,25,13,8,46,8.119917894,110,88,9.008285374,11.44606065,7.916685923,8.308269683,461,11,5,4,20,493,14,8,4,26,481,519,66,22,91,19
36,1000,30,5.13,10.3,18,37,58,958,26,8,8,42,8.225479442,134,98,9.250847242,12.34759128,8.77852921,7.663509516,481,13,3,7,23,477,13,5,1,19,504,496,76,22,119,15
32,1000,30,5.13,10.3,18,37,96,943,33,15,9,57,8.660831336,170,136,12.38927603,16.70555665,10.21935261,7.096063482,457,24,12,8,44,486,9,3,1,13,501,499,117,19,151,19
34,1000,30,5.13,10.3,18,37,61,952,28,15,5,48,8.245221893,131,84,9.86043409,12.6992048,8.799157067,7.725639288,452,17,10,5,32,500,11,5,0,16,484,516,64,20,109,22
37,1000,30,5.13,10.3,18,37,51,948,31,11,10,52,7.914320236,114,93,8.880650405,11.87669667,7.695859902,8.113566086,454,14,5,4,23,494,17,6,6,29,477,523,71,22,98,16
33,1000,30,5.13,10.3,18,37,61,960,28,9,3,40,7.971082554,134,97,9.724606468,12.41126998,8.179284938,7.771843874,466,16,5,2,23,494,12,4,1,17,489,511,79,18,111,23
38,1000,30,5.13,10.3,18,37,51,958,26,8,8,42,7.841518963,116,73,8.623253642,10.82393727,8.038082552,7.628575075,494,16,5,5,26,464,10,3,3,16,520,480,47,26,93,23
35,1000,30,5.13,10.3,18,37,61,956,31,7,6,44,8.405361157,123,104,9.431438252,12.2386645,8.917840054,7.86767838,484,20,3,5,28,472,11,4,1,16,512,488,84,20,100,23
39,1000,30,5.13,10.3,18,37,48,953,26,13,8,47,8.132345083,126,99,9.055697477,11.51507158,7.936237813,8.314093825,461,11,5,4,20,492,15,8,4,27,481,519,71,28,102,24
36,1000,30,5.13,10.3,18,37,59,957,27,8,8,43,8.228228221,113,79,9.311952885,12.41962195,8.803791659,7.643381501,481,13,3,7,23,476,14,5,1,20,504,496,60,19,97,16
32,1000,30,5.13,10.3,18,37,97,942,34,15,9,58,8.689044573,176,130,12.58181434,16.98961368,10.28180732,7.089898011,456,25,12,8,45,486,9,3,1,13,501,499,110,20,159,17
34,1000,30,5.13,10.3,18,37,62,952,28,15,5,48,8.273076594,135,96,9.952791861,12.82123191,8.823029359,7.757229427,452,17,10,5,32,500,11,5,0,16,484,516,76,20,108,27
33,1000,30,5.13,10.3,18,37,62,960,28,9,3,40,7.995474615,144,120,9.819232872,12.51187652,8.261794401,7.740620652,466,16,5,2,23,494,12,4,1,17,489,511,94,26,123,21
37,1000,30,5.13,10.3,18,37,52,948,31,11,10,52,7.926718463,127,96,8.956735335,12.00711909,7.72737603,8.108527911,453,15,5,4,24,495,16,6,6,28,477,523,76,20,97,30
38,1000,30,5.13,10.3,18,37,52,957,27,8,8,43,7.870300266,117,91,8.638531786,10.88913349,8.08357798,7.639249408,493,17,5,5,27,464,10,3,3,16,520,480,59,32,97,20
35,1000,30,5.13,10.3,18,37,62,957,31,7,5,43,8.384278487,128,88,9.499317716,12.38183005,8.920148724,7.822053975,484,20,3,5,28,473,11,4,0,15,512,488,69,19,106,22
39,1000,30,5.13,10.3,18,37,49,953,26,14,7,47,8.137147378,118,105,9.115386898,11.57023981,7.997226363,8.266823695,461,11,5,4,20,492,15,9,3,27,481,519,76,29,101,17
36,1000,30,5.13,10.3,18,37,60,957,28,7,8,43,8.202549636,139,101,9.383433667,12.52493749,8.815324023,7.579891793,481,13,3,7,23,476,15,4,1,20,504,496,75,26,117,22
34,1000,30,5.13,10.3,18,37,63,952,25,18,5,48,8.266173766,118,104,10.04337594,12.97520903,8.833932097,7.733625254,452,16,11,5,32,500,9,7,0,16,484,516,81,23,96,22
32,1000,30,5.13,10.3,18,37,98,943,32,15,10,57,8.701730972,158,128,12.73438827,17.23461293,10.31569282,7.081300338,457,23,13,8,44,486,9,2,2,13,501,499,110,18,137,21
33,1000,30,5.13,10.3,18,37,63,958,30,8,4,42,7.993739296,136,102,9.913111185,12.63788876,8.295743923,7.704736826,464,18,5,2,25,494,12,3,2,17,489,511,86,16,107,29
38,1000,30,5.13,10.3,18,37,53,957,27,8,8,43,7.888649191,104,78,8.691106609,10.93142306,8.102513203,7.656963179,493,17,5,5,27,464,10,3,3,16,520,480,57,21,84,20
37,1000,30,5.13,10.3,18,37,53,948,30,12,10,52,7.940709102,122,90,8.994495653,12.10124183,7.784138666,8.083508523,453,15,5,4,24,495,15,7,6,28,477,523,73,17,104,18
35,1000,30,5.13,10.3,18,37,63,955,33,7,5,45,8.449795717,114,92,9.58802629,12.51726333,8.96363003,7.910690864,484,20,3,5,28,471,13,4,0,17,512,488,65,27,95,19
36,1000,30,5.13,10.3,18,37,61,956,27,9,8,44,8.190857156,134,108,9.399689316,12.59369517,8.840981587,7.530246848,480,13,4,7,24,476,14,5,1,20,504,496,82,26,104,30
39,1000,30,5.13,10.3,18,37,50,951,28,15,6,49,8.154446171,127,101,9.193263008,11.67065283,8.026504351,8.273020382,460,11,6,4,21,491,17,9,2,28,481,519,73,28,107,20
34,1000,30,5.13,10.3,18,37,64,954,22,19,5,46,8.278459825,133,105,10.13261046,13.11946895,8.870614067,7.723028328,453,15,11,5,31,501,7,8,0,15,484,516,85,20,111,22
33,1000,30,5.13,10.3,18,37,64,958,30,8,4,42,8.056138367,136,115,9.974406826,12.70066908,8.387017643,7.739504382,464,18,5,2,25,494,12,3,2,17,489,511,87,28,119,17
35,1000,30,5.13,10.3,18,37,64,955,33,7,5,45,8.444767838,149,98,9.645377999,12.63223598,8.995587242,7.866858954,484,20,3,5,28,471,13,4,0,17,512,488,67,31,117,32
37,1000,30,5.13,10.3,18,37,54,948,29,13,10,52,7.96049592,125,89,9.054074596,12.20788183,7.827262721,8.08201071,453,15,5,4,24,495,14,8,6,28,477,523,63,26,106,19
38,1000,30,5.13,10.3,18,37,54,958,26,8,8,42,7.885578886,119,89,8.729790184,11.00229179,8.11665857,7.635242562,493,17,5,5,27,465,9,3,3,15,520,480,60,29,97,22
32,1000,30,5.13,10.3,18,37,99,942,33,15,10,58,8.694385618,174,132,12.97477372,17.55652821,10.32401401,7.058225645,456,24,13,8,45,486,9,2,2,13,501,499,113,19,158,16
36,1000,30,5.13,10.3,18,37,62,956,26,10,8,44,8.179664836,145,105,9.437924883,12.66651953,8.869037448,7.479173311,480,13,4,7,24,476,13,6,1,20,504,496,77,28,118,27
39,1000,30,5.13,10.3,18,37,51,952,27,14,7,48,8.154656084,120,98,9.266468645,11.76850449,8.0562898,8.245820212,460,11,6,4,21,492,16,8,3,27,481,519,73,25,92,28
34,1000,30,5.13,10.3,18,37,65,954,23,18,5,46,8.333543664,132,117,10.28171519,13.34530664,8.982071766,7.72523436,453,15,11,5,31,501,8,7,0,15,484,516,98,19,113,19
33,1000,30,5.13,10.3,18,37,65,958,30,8,4,42,8.088704491,126,105,10.09986137,12.85877202,8.438279518,7.754179661,464,18,5,2,25,494,12,3,2,17,489,511,88,17,105,21
35,1000,30,5.13,10.3,18,37,65,956,32,7,5,44,8.439288835,141,107,9.740052967,12.79116213,9.015869773,7.834351458,484,20,3,5,28,472,12,4,0,16,512,488,86,21,116,25
38,1000,30,5.13,10.3,18,37,55,960,24,8,8,40,7.866678069,127,97,8.750495908,11.0478867,8.121213397,7.590931464,495,15,5,5,25,465,9,3,3,15,520,480,77,20,105,22
37,1000,30,5.13,10.3,18,37,55,948,29,13,10,52,7.991428789,107,81,9.093395137,12.29169339,7.896322813,8.078169803,452,16,5,4,25,496,13,8,6,27,477,523,64,17,88,19
32,1000,30,5.13,10.3,18,37,100,939,35,16,10,61,8.693681122,179,130,13.14262674,17.79278079,10.35185007,7.028866201,453,26,14,8,48,486,9,2,2,13,501,499,110,20,161,18
36,1000,30,5.13,10.3,18,37,63,956,26,10,8,44,8.179803257,134,93,9.487347696,12.69895025,8.901331479,7.446637484,480,13,4,7,24,476,13,6,1,20,504,496,72,21,122,12
39,1000,30,5.13,10.3,18,37,52,953,27,12,8,47,8.143278547,123,91,9.315991876,11.85732081,8.080996582,8.201000369,460,11,5,5,21,493,16,7,3,26,481,519,70,21,101,22
34,1000,30,5.13,10.3,18,37,66,953,24,18,5,47,8.360509432,130,106,10.34208381,13.4492821,9.043265095,7.720095206,452,16,11,5,32,501,8,7,0,15,484,516,87,19,117,13
33,1000,30,5.13,10.3,18,37,66,959,30,7,4,41,8.113770178,139,104,10.16647479,12.94543045,8.47019854,7.772687067,464,18,5,2,25,495,12,2,2,16,489,511,78,26,124,15
35,1000,30,5.13,10.3,18,37,66,956,32,7,5,44,8.437692328,125,115,9.827407166,12.97477811,9.021642644,7.825023144,484,20,3,5,28,472,12,4,0,16,512,488,83,32,102,23
38,1000,30,5.13,10.3,18,37,56,960,24,7,9,40,7.877361969,129,99,8.817693237,11.15209504,8.173778672,7.556243874,495,15,4,6,25,465,9,3,3,15,520,480,68,31,102,27
37,1000,30,5.13,10.3,18,37,56,947,29,14,10,53,8.030117323,125,86,9.130946162,12.36252409,7.976474378,8.07904215,451,16,6,4,26,496,13,8,6,27,477,523,64,22,109,16
36,1000,30,5.13,10.3,18,37,64,958,24,10,8,42,8.176710917,133,94,9.553156623,12.81193589,8.937659158,7.403489318,480,13,4,7,24,478,11,6,1,18,504,496,71,23,115,18
39,1000,30,5.13,10.3,18,37,53,952,28,12,8,48,8.168606687,130,114,9.373392952,11.97930983,8.145658916,8.189874274,459,12,5,5,22,493,16,7,3,26,481,519,89,25,105,25
32,1000,30,5.13,10.3,18,37,101,936,37,17,10,64,8.707070714,188,139,13.36008349,18.0562988,10.43177568,6.975453098,451,27,15,8,50,485,10,2,2,14,501,499,123,16,170,18
34,1000,30,5.13,10.3,18,37,67,954,24,17,5,46,8.373304984,127,105,10.46711253,13.66460261,9.080637616,7.709837942,453,16,10,5,31,501,8,7,0,15,484,516,78,27,112,15
33,1000,30,5.13,10.3,18,37,67,958,30,8,4,42,8.149405618,132,102,10.26601822,13.05793421,8.534271577,7.78110923,463,18,6,2,26,495,12,2,2,16,489,511,80,22,116,16
35,1000,30,5.13,10.3,18,37,67,956,32,7,5,44,8.47540927,125,121,9.948974531,13.1494653,9.090577707,7.829986648,484,20,3,5,28,472,12,4,0,16,512,488,92,29,104,21
38,1000,30,5.13,10.3,18,37,57,960,24,8,8,40,7.886451985,113,100,8.835716223,11.2422633,8.160776001,7.589267633,495,15,5,5,25,465,9,3,3,15,520,480,72,28,95,18
37,1000,30,5.13,10.3,18,37,57,947,29,14,10,53,8.040909806,133,96,9.188778712,12.42245818,8.074069736,8.010666428,450,17,6,4,27,497,12,8,6,26,477,523,74,22,120,13
36,1000,30,5.13,10.3,18,37,65,959,23,10,8,41,8.140947165,142,97,9.625246475,12.92098333,8.95235877,7.316448276,480,13,4,7,24,479,10,6,1,17,504,496,79,18,120,22
39,1000,30,5.13,10.3,18,37,54,953,28,11,8,47,8.183967376,138,107,9.416879001,12.05621218,8.140905664,8.223876207,458,13,5,5,23,495,15,6,3,24,481,519,81,26,112,26
32,1000,30,5.13,10.3,18,37,102,934,39,17,10,66,8.702166371,166,139,13.56793175,18.3235481,10.45242685,6.944890819,449,29,15,8,52,485,10,2,2,14,501,499,118,21,152,14
34,1000,30,5.13,10.3,18,37,68,952,26,17,5,48,8.364627009,140,112,10.58099283,13.82502224,9.065429516,7.707285123,452,17,10,5,32,500,9,7,0,16,484,516,82,30,112,28
33,1000,30,5.13,10.3,18,37,68,955,31,10,4,45,8.171685734,131,114,10.36977962,13.18352246,8.583292804,7.777799516,462,17,8,2,27,493,14,2,2,18,489,511,88,26,110,21
35,1000,30,5.13,10.3,18,37,68,955,33,7,5,45,8.463440309,139,72,10.03130771,13.29532861,9.140697317,7.752875579,484,20,3,5,28,471,13,4,0,17,512,488,58,14,118,21
38,1000,30,5.13,10.3,18,37,58,960,24,8,8,40,7.913954492,95,96,8.894899351,11.33842137,8.217024538,7.585628608,495,15,5,5,25,465,9,3,3,15,520,480,74,22,79,16
37,1000,30,5.13,10.3,18,37,58,947,29,14,10,53,8.065857762,129,106,9.27650557,12.53982395,8.127094976,8.010006612,450,17,6,4,27,497,12,8,6,26,477,523,83,23,116,13
36,1000,30,5.13,10.3,18,37,66,960,23,9,8,40,8.150124732,145,98,9.653109375,12.99341119,8.997113596,7.289474757,480,13,4,7,24,480,10,5,1,16,504,496,75,23,120,25
39,1000,30,5.13,10.3,18,37,55,952,29,11,8,48,8.206388237,125,100,9.50806187,12.13592515,8.158853222,8.250442845,458,13,5,5,23,494,16,6,3,25,481,519,77,23,99,26
32,1000,30,5.13,10.3,18,37,103,933,39,18,10,67,8.712220917,166,143,13.83944333,18.67958436,10.48488179,6.932455193,449,28,16,8,52,484,11,2,2,15,501,499,126,17,157,9
34,1000,30,5.13,10.3,18,37,69,953,26,16,5,47,8.39184466,136,107,10.79856807,14.15846563,9.125741867,7.703460458,452,17,10,5,32,501,9,6,0,15,484,516,85,22,114,22
33,1000,30,5.13,10.3,18,37,69,955,31,10,4,45,8.156670636,139,122,10.44216312,13.29505538,8.620908527,7.712419505,461,18,8,2,28,494,13,2,2,17,489,511,92,30,114,25
35,1000,30,5.13,10.3,18,37,69,956,30,9,5,44,8.493035771,123,106,10.19303724,13.56245236,9.208416377,7.742472513,484,18,5,5,28,472,12,4,0,16,512,488,74,32,103,20
38,1000,30,5.13,10.3,18,37,59,961,24,7,8,39,7.897636423,126,109,8.951064348,11.39776323,8.231605568,7.535836516,495,15,5,5,25,466,9,2,3,14,520,480,78,31,106,20
37,1000,30,5.13,10.3,18,37,59,946,30,14,10,54,8.073906446,128,89,9.323320802,12.59824956,8.146188816,8.007981607,450,17,6,4,27,496,13,8,6,27,477,523,66,23,108,20
36,1000,30,5.13,10.3,18,37,67,960,23,9,8,40,8.154768107,140,116,9.721605315,13.12387406,9.034903144,7.260437344,480,13,4,7,24,480,10,5,1,16,504,496,89,27,122,18
39,1000,30,5.13,10.3,18,37,56,953,28,11,8,47,8.251461992,137,111,9.584519138,12.25994809,8.217816059,8.282644446,458,13,5,5,23,495,15,6,3,24,481,519,90,21,118,19
34,1000,30,5.13,10.3,18,37,70,953,25,16,6,47,8.41455575,144,124,10.97988197,14.43109493,9.175863976,7.700460437,452,16,10,6,32,501,9,6,0,15,484,516,96,28,120,24
33,1000,30,5.13,10.3,18,37,70,957,29,10,4,43,8.191964822,137,116,10.5496027,13.39407525,8.725082405,7.681799463,461,18,8,2,28,496,11,2,2,15,489,511,90,26,123,14
32,1000,30,5.13,10.3,18,37,104,934,38,18,10,66,8.746002607,181,138,14.24401737,19.20066828,10.52077168,6.964120229,450,27,16,8,51,484,11,2,2,15,501,499,116,22,165,16
35,1000,30,5.13,10.3,18,37,70,957,29,9,5,43,8.474280316,123,126,10.42046865,13.99691826,9.212427064,7.699831269,484,18,5,5,28,473,11,4,0,15,512,488,103,23,95,28
40,1000,30,5.13,10.3,18,37,0,929,35,24,12,71,7.208,92,86,7.463242343,9.37237128,6.049079755,8.31702544,470,11,7,1,19,459,24,17,11,52,489,511,41,45,64,28
38,1000,30,5.13,10.3,18,37,60,960,24,8,8,40,7.942238399,113,97,8.999704337,11.43447693,8.314555979,7.538894353,495,15,5,5,25,465,9,3,3,15,520,480,73,24,91,22
37,1000,30,5.13,10.3,18,37,60,946,29,15,10,54,8.10853715,129,88,9.386553219,12.67158387,8.195597178,8.029134409,450,17,6,4,27,496,12,9,6,27,477,523,67,21,116,13
36,1000,30,5.13,10.3,18,37,68,961,23,8,8,39,8.146908287,139,116,9.77605336,13.17956861,9.037313684,7.242141512,481,13,3,7,23,480,10,5,1,16,504,496,85,31,112,27
39,1000,30,5.13,10.3,18,37,57,953,28,11,8,47,8.273283637,139,104,9.623866944,12.35961609,8.256439454,8.288894527,458,13,5,5,23,495,15,6,3,24,481,519,74,30,117,22
34,1000,30,5.13,10.3,18,37,71,953,25,16,6,47,8.410242151,152,100,11.12599337,14.71311879,9.204398842,7.665335488,452,16,10,6,32,501,9,6,0,15,484,516,82,18,130,22
33,1000,30,5.13,10.3,18,37,71,957,30,9,4,43,8.182148841,137,99,10.64431864,13.53845969,8.730139526,7.65775071,461,18,8,2,28,496,12,1,2,15,489,511,74,25,119,18
35,1000,30,5.13,10.3,18,37,71,956,30,9,5,44,8.505111982,120,100,10.50625994,14.10382875,9.279341261,7.692805854,484,18,5,5,28,472,12,4,0,16,512,488,80,20,107,13
38,1000,30,5.13,10.3,18,37,61,960,24,8,8,40,7.94975671,123,97,9.048433426,11.54044332,8.342679103,7.524090785,495,15,5,5,25,465,9,3,3,15,520,480,72,25,104,19
37,1000,30,5.13,10.3,18,37,61,946,29,15,10,54,8.111555574,155,100,9.474237076,12.74615571,8.244525837,7.990280593,450,17,6,4,27,496,12,9,6,27,477,523,77,23,130,25
40,1000,30,5.13,10.3,18,37,1,928,36,24,12,72,7.250908229,113,86,7.48544732,9.411859858,6.093978065,8.358029266,469,12,7,1,20,459,24,17,11,52,489,511,50,36,78,35
36,1000,30,5.13,10.3,18,37,69,959,25,8,8,41,8.168749822,147,87,9.815054863,13.27469475,9.073030972,7.249883492,479,15,3,7,25,480,10,5,1,16,504,496,76,11,125,22
39,1000,30,5.13,10.3,18,37,58,956,26,10,8,44,8.243946056,133,107,9.683659431,12.42934153,8.250483705,8.23788708,460,11,5,5,21,496,15,5,3,23,481,519,80,27,109,24
34,1000,30,5.13,10.3,18,37,72,952,26,16,6,48,8.412519771,159,113,11.25718954,14.95202502,9.289899184,7.589551485,451,17,10,6,33,501,9,6,0,15,484,516,84,29,138,21
33,1000,30,5.13,10.3,18,37,72,956,31,9,4,44,8.172110093,129,102,10.6756124,13.59706683,8.746540689,7.622410364,461,18,8,2,28,495,13,1,2,16,489,511,82,20,110,19
35,1000,30,5.13,10.3,18,37,72,956,30,9,5,44,8.485793552,129,112,10.56686668,14.19468734,9.259359896,7.674182962,484,18,5,5,28,472,12,4,0,16,512,488,84,28,101,28
38,1000,30,5.13,10.3,18,37,62,960,24,7,9,40,7.944414145,97,99,9.107090613,11.63132308,8.381154175,7.471279114,495,15,4,6,25,465,9,3,3,15,520,480,79,20,81,16
37,1000,30,5.13,10.3,18,37,62,947,28,16,9,53,8.097367911,146,105,9.55946833,12.86429861,8.290010949,7.921668621,450,17,6,4,27,497,11,10,5,26,477,523,89,16,127,19
36,1000,30,5.13,10.3,18,37,70,959,26,7,8,41,8.227723614,124,84,9.892525327,13.40207659,9.177911426,7.262210192,479,15,3,7,25,480,11,4,1,16,504,496,69,15,108,16
40,1000,30,5.13,10.3,18,37,2,930,33,25,12,70,7.262175235,122,80,7.5121187,9.455238205,6.111273064,8.363527801,470,11,7,1,19,460,22,18,11,51,489,511,39,41,86,36
39,1000,30,5.13,10.3,18,37,59,956,27,10,7,44,8.237245029,142,87,9.743543132,12.52340248,8.301865232,8.177356171,459,12,5,5,22,497,15,5,2,22,481,519,68,19,120,22
34,1000,30,5.13,10.3,18,37,73,952,27,15,6,48,8.430474138,162,95,11.37801662,15.16324053,9.351302058,7.566751825,450,18,10,6,34,502,9,5,0,14,484,516,78,17,134,28
33,1000,30,5.13,10.3,18,37,73,956,31,9,4,44,8.184256945,131,121,10.80761457,13.74191104,8.782547196,7.611724788,462,17,8,2,27,494,14,1,2,17,489,511,83,38,112,19
35,1000,30,5.13,10.3,18,37,73,957,29,9,5,43,8.493623158,127,102,10.66337125,14.33749372,9.294434667,7.653427477,484,18,5,5,28,473,11,4,0,15,512,488,72,30,105,22
38,1000,30,5.13,10.3,18,37,63,960,24,7,9,40,7.99749957,115,69,9.145930935,11.6907456,8.430089946,7.528859995,496,15,3,6,24,464,9,4,3,16,520,480,53,16,90,25
37,1000,30,5.13,10.3,18,37,63,949,26,16,9,51,8.113435761,137,98,9.609880649,12.92883633,8.325771078,7.919776208,450,17,6,4,27,499,9,10,5,24,477,523,67,31,118,19
36,1000,30,5.13,10.3,18,37,71,960,24,7,9,40,8.242964967,136,127,9.944528965,13.51073825,9.214374206,7.255887837,479,15,3,7,25,481,9,4,2,15,504,496,109,18,111,25
39,1000,30,5.13,10.3,18,37,60,956,26,11,7,44,8.224460168,126,101,9.83306387,12.68369139,8.309109296,8.146008857,459,12,5,5,22,497,14,6,2,22,481,519,76,25,108,18
40,1000,30,5.13,10.3,18,37,3,930,33,25,12,70,7.315907856,93,87,7.508018084,9.478891475,6.18632929,8.39685486,470,11,7,1,19,460,22,18,11,51,489,511,57,30,62,31
33,1000,30,5.13,10.3,18,37,74,958,29,9,4,42,8.178705477,138,123,10.90527132,13.83739604,8.829220785,7.556196698,462,17,8,2,27,496,12,1,2,15,489,511,96,27,117,21
35,1000,30,5.13,10.3,18,37,74,956,30,8,6,44,8.518659444,128,123,10.77309152,14.55938528,9.349922642,7.64651445,483,19,5,5,29,473,11,3,1,15,512,488,95,28,110,18
34,1000,30,5.13,10.3,18,37,74,951,28,14,7,49,8.471620359,152,115,11.57903401,15.5241412,9.38858058,7.611525888,449,19,10,6,35,502,9,4,1,14,484,516,94,21,132,20
38,1000,30,5.13,10.3,18,37,64,959,24,7,10,41,8.002212785,124,92,9.156341963,11.75017604,8.448002774,7.51927363,495,15,4,6,25,464,9,3,4,16,520,480,67,25,108,16
37,1000,30,5.13,10.3,18,37,64,953,24,15,8,47,8.098194477,140,108,9.699593458,13.00710979,8.39744094,7.825267971,450,17,6,4,27,503,7,9,4,20,477,523,84,24,121,19
36,1000,30,5.13,10.3,18,37,72,960,23,8,9,40,8.244943677,138,101,9.97112813,13.60830297,9.244349365,7.229418543,479,15,3,7,25,481,8,5,2,15,504,496,83,18,115,23
39,1000,30,5.13,10.3,18,37,61,956,26,11,7,44,8.245566921,133,108,9.913430002,12.78122163,8.350045558,8.148737971,459,12,5,5,22,497,14,6,2,22,481,519,84,24,111,22
40,1000,30,5.13,10.3,18,37,4,929,34,25,12,71,7.356671739,87,76,7.51973844,9.518863843,6.235715052,8.429368061,469,12,7,1,20,460,22,18,11,51,489,511,51,25,59,28
33,1000,30,5.13,10.3,18,37,75,958,29,9,4,42,8.186547541,152,109,11.00068249,13.96138762,8.862479669,7.539716209,462,17,8,2,27,496,12,1,2,15,489,511,89,20,126,26
35,1000,30,5.13,10.3,18,37,75,955,31,8,6,45,8.544669966,120,113,10.85519569,14.69982426,9.402836063,7.644298977,482,20,5,5,30,473,11,3,1,15,512,488,84,29,101,19
34,1000,30,5.13,10.3,18,37,75,951,28,14,7,49,8.500717857,151,127,11.75290621,15.76846359,9.50023057,7.563190429,448,20,10,6,36,503,8,4,1,13,484,516,104,23,135,16
38,1000,30,5.13,10.3,18,37,65,958,25,6,11,42,8.045593165,117,95,9.183155659,11.78740512,8.472501899,7.583108703,494,16,3,7,26,464,9,3,4,16,520,480,73,22,88,29
37,1000,30,5.13,10.3,18,37,65,952,25,15,8,48,8.121456918,157,121,9.762559455,13.06532125,8.425077177,7.844541309,449,18,6,4,28,503,7,9,4,20,477,523,96,25,132,25
36,1000,30,5.13,10.3,18,37,73,960,23,8,9,40,8.260509415,135,113,10.04071229,13.72432533,9.288952142,7.215478902,479,15,3,7,25,481,8,5,2,15,504,496,88,25,119,16
39,1000,30,5.13,10.3,18,37,62,957,27,10,6,43,8.258346637,133,103,9.990981845,12.902997,8.410687304,8.117160008,459,13,4,5,22,498,14,6,1,21,481,519,84,19,114,19
33,1000,30,5.13,10.3,18,37,76,959,28,9,4,41,8.185515024,141,119,11.11975705,14.10324517,8.852662853,7.547089802,463,16,8,2,26,496,12,1,2,15,489,511,97,22,121,20
35,1000,30,5.13,10.3,18,37,76,954,32,8,6,46,8.570336344,143,109,11.06208172,14.96758477,9.447723389,7.649799115,481,21,5,5,31,473,11,3,1,15,512,488,85,24,119,24
40,1000,30,5.13,10.3,18,37,5,934,33,21,12,66,7.328894506,101,93,7.529677412,9.556789056,6.192941552,8.415941462,472,11,5,1,17,462,22,16,11,49,489,511,61,32,53,48
34,1000,30,5.13,10.3,18,37,76,950,28,15,7,50,8.509556354,148,126,11.93056233,16.16236447,9.528833399,7.553490288,448,20,10,6,36,502,8,5,1,14,484,516,109,17,132,16
38,1000,30,5.13,10.3,18,37,66,957,26,6,11,43,8.054194472,126,107,9.235930515,11.8521513,8.491791883,7.58013061,494,16,3,7,26,463,10,3,4,17,520,480,85,22,99,27
37,1000,30,5.13,10.3,18,37,66,952,25,15,8,48,8.128979307,147,105,9.833315973,13.1397989,8.477522006,7.811092371,449,18,6,4,28,503,7,9,4,20,477,523,82,23,124,23
36,1000,30,5.13,10.3,18,37,74,960,23,9,8,40,8.255381284,144,96,10.12953742,13.8781599,9.311627759,7.182098576,478,16,4,6,26,482,7,5,2,14,504,496,78,18,126,18
39,1000,30,5.13,10.3,18,37,63,957,27,10,6,43,8.272260013,143,105,10.0732467,13.0158562,8.482629531,8.077293272,458,14,4,5,23,499,13,6,1,20,481,519,83,22,122,21
33,1000,30,5.13,10.3,18,37,77,960,27,9,4,40,8.171705773,146,107,11.21642452,14.18399049,8.865487581,7.50779324,463,16,8,2,26,497,11,1,2,14,489,511,86,21,126,20
35,1000,30,5.13,10.3,18,37,77,951,34,9,6,49,8.576606996,145,124,11.25172727,15.14930462,9.482611347,7.626045054,480,22,5,5,32,471,12,4,1,17,512,488,90,34,125,20
34,1000,30,5.13,10.3,18,37,77,948,30,15,7,52,8.534421521,145,111,12.01211898,16.28572931,9.58189631,7.551906409,448,20,10,6,36,500,10,5,1,16,484,516,92,19,119,26
38,1000,30,5.13,10.3,18,37,67,957,26,6,11,43,8.049376906,105,102,9.277028027,11.91739298,8.516227856,7.54362171,494,16,3,7,26,463,10,3,4,17,520,480,78,24,91,14
40,1000,30,5.13,10.3,18,37,6,934,34,20,12,66,7.36779104,95,75,7.542704121,9.627540298,6.211050313,8.474730797,473,11,4,1,16,461,23,16,11,50,489,511,46,29,65,30
37,1000,30,5.13,10.3,18,37,67,951,26,15,8,49,8.143628312,131,98,9.920669939,13.23318078,8.544153687,7.77833079,448,19,6,4,29,503,7,9,4,20,477,523,81,17,114,17
36,1000,30,5.13,10.3,18,37,75,959,24,9,8,41,8.286314343,131,108,10.19552454,13.95850925,9.344862413,7.210692916,477,17,4,6,27,482,7,5,2,14,504,496,87,21,114,17
39,1000,30,5.13,10.3,18,37,64,958,27,9,6,42,8.289621715,132,109,10.15605959,13.09953693,8.516191851,8.079640528,458,14,4,5,23,500,13,5,1,19,481,519,90,19,112,20
35,1000,30,5.13,10.3,18,37,78,952,34,8,6,48,8.592307862,120,111,11.4005579,15.29659794,9.521130975,7.617804923,480,22,5,5,32,472,12,3,1,16,512,488,92,19,108,12
33,1000,30,5.13,10.3,18,37,78,959,28,9,4,41,8.219398902,148,127,11.28406179,14.29555671,8.928928932,7.540416153,462,17,8,2,27,497,11,1,2,14,489,511,109,18,132,16
34,1000,30,5.13,10.3,18,37,78,948,30,15,7,52,8.514389512,164,132,12.32708225,16.83693785,9.580379894,7.514507061,448,20,10,6,36,500,10,5,1,16,484,516,103,29,145,19
38,1000,30,5.13,10.3,18,37,68,956,27,6,11,44,8.058161211,114,107,9.342443933,12.01011403,8.532204636,7.544614167,494,16,3,7,26,462,11,3,4,18,520,480,74,33,99,15
36,1000,30,5.13,10.3,18,37,76,959,23,10,8,41,8.322965954,136,104,10.2994589,14.12471279,9.396622905,7.231991954,477,16,5,6,27,482,7,5,2,14,504,496,81,23,121,15
37,1000,30,5.13,10.3,18,37,68,952,25,15,8,48,8.183965831,133,98,10.00382747,13.37051193,8.617775704,7.788311319,449,18,6,4,28,503,7,9,4,20,477,523,75,23,115,18
40,1000,30,5.13,10.3,18,37,7,935,33,20,12,65,7.412348974,103,84,7.56600653,9.651071836,6.251558779,8.523163856,474,10,4,1,15,461,23,16,11,50,489,511,49,35,76,27
39,1000,30,5.13,10.3,18,37,65,958,26,10,6,42,8.314952509,147,90,10.26334565,13.22740122,8.551342149,8.095870781,458,13,5,5,23,500,13,5,1,19,481,519,77,13,122,25
35,1000,30,5.13,10.3,18,37,79,951,34,9,6,49,8.593963863,137,131,11.63328856,15.53291265,9.553573551,7.587160257,479,22,6,5,33,472,12,3,1,16,512,488,107,24,115,22
33,1000,30,5.13,10.3,18,37,79,958,28,10,4,42,8.239250394,149,108,11.3494089,14.41825758,8.978006331,7.532299997,461,17,9,2,28,497,11,1,2,14,489,511,87,21,132,17
34,1000,30,5.13,10.3,18,37,79,949,29,15,7,51,8.532636795,158,130,12.56078196,17.18607402,9.607358421,7.524564571,448,20,10,6,36,501,9,5,1,15,484,516,109,21,141,17
38,1000,30,5.13,10.3,18,37,69,956,27,6,11,44,8.096100625,127,113,9.403896968,12.08234038,8.587410246,7.563848537,494,16,3,7,26,462,11,3,4,18,520,480,86,27,101,26
36,1000,30,5.13,10.3,18,37,77,958,23,10,9,42,8.338686832,143,110,10.37881492,14.22489645,9.436018489,7.223656277,476,16,6,6,28,482,7,4,3,14,504,496,89,21,116,27
37,1000,30,5.13,10.3,18,37,69,954,27,15,4,46,8.15803876,126,107,10.08642209,13.49696316,8.64545044,7.713496941,448,20,6,3,29,506,7,9,1,17,477,523,83,24,109,17
39,1000,30,5.13,10.3,18,37,66,956,27,11,6,44,8.373249461,142,100,10.35264755,13.34614581,8.651432412,8.115434434,456,14,6,5,25,500,13,5,1,19,481,519,79,21,120,22
40,1000,30,5.13,10.3,18,37,8,937,32,20,11,63,7.431152003,97,66,7.573587569,9.663921053,6.304606032,8.509196974,474,10,4,1,15,463,22,16,10,48,489,511,38,28,66,31
35,1000,30,5.13,10.3,18,37,80,951,33,10,6,49,8.62280401,148,129,11.91689528,15.82353371,9.620342459,7.576206292,478,22,7,5,34,473,11,3,1,15,512,488,104,25,130,18
33,1000,30,5.13,10.3,18,37,80,958,28,10,4,42,8.287302423,154,131,11.4595425,14.56587982,9.046244798,7.561034671,461,17,9,2,28,497,11,1,2,14,489,511,107,24,131,23
34,1000,30,5.13,10.3,18,37,80,948,30,15,7,52,8.56533608,152,129,12.71896105,17.40401129,9.713941264,7.487962225,447,21,10,6,37,501,9,5,1,15,484,516,109,20,135,17
38,1000,30,5.13,10.3,18,37,70,954,29,6,11,46,8.123164067,126,103,9.434428932,12.10499433,8.606669653,7.599366349,493,17,3,7,27,461,12,3,4,19,520,480,77,26,102,24
36,1000,30,5.13,10.3,18,37,78,957,23,11,9,43,8.336791795,141,114,10.44012363,14.36551037,9.477030407,7.178162238,475,16,7,6,29,482,7,4,3,14,504,496,93,21,132,9
37,1000,30,5.13,10.3,18,37,70,954,28,14,4,46,8.187002216,146,109,10.14834868,13.58991029,8.736278732,7.686036827,447,21,6,3,30,507,7,8,1,16,477,523,84,25,121,25
39,1000,30,5.13,10.3,18,37,67,955,28,11,6,45,8.346334248,151,97,10.49384217,13.50533819,8.623673163,8.089301458,456,14,6,5,25,499,14,5,1,20,481,519,83,14,134,17
40,1000,30,5.13,10.3,18,37,9,939,31,19,11,61,7.431277183,103,65,7.585458474,9.683898598,6.322106532,8.49269489,474,10,4,1,15,465,21,15,10,46,489,511,35,30,78,25
35,1000,30,5.13,10.3,18,37,81,951,33,10,6,49,8.659078542,140,108,12.08401405,16.02296797,9.666540177,7.602069613,478,22,7,5,34,473,11,3,1,15,512,488,85,23,119,21
33,1000,30,5.13,10.3,18,37,81,958,28,10,4,42,8.277724557,152,107,11.56201756,14.7567841,9.073166169,7.516528963,460,18,9,2,29,498,10,1,2,13,489,511,91,16,127,25
34,1000,30,5.13,10.3,18,37,81,946,31,16,7,54,8.576591045,152,115,12.94154846,17.87656651,9.750178602,7.475784113,447,21,10,6,37,499,10,6,1,17,484,516,94,21,136,16
36,1000,30,5.13,10.3,18,37,79,956,24,11,9,44,8.330147426,139,119,10.56749413,14.5705255,9.50609855,7.135229348,474,17,7,6,30,482,7,4,3,14,504,496,100,19,121,18
38,1000,30,5.13,10.3,18,37,71,953,30,6,11,47,8.137158381,138,104,9.507581429,12.19413229,8.638749414,7.593768096,492,18,3,7,28,461,12,3,4,19,520,480,77,27,119,19
37,1000,30,5.13,10.3,18,37,71,952,30,14,4,48,8.192732972,153,107,10.22907333,13.69357636,8.75376061,7.681050021,446,22,6,3,31,506,8,8,1,17,477,523,80,27,127,26
39,1000,30,5.13,10.3,18,37,68,956,28,10,6,44,8.350282958,126,104,10.6214305,13.69614435,8.640062148,8.081720742,457,14,5,5,24,499,14,5,1,20,481,519,81,23,105,21
35,1000,30,5.13,10.3,18,37,82,952,32,10,6,48,8.653314779,139,124,12.21231862,16.21413576,9.707245779,7.547551106,478,22,7,5,34,474,10,3,1,14,512,488,103,21,123,16
33,1000,30,5.13,10.3,18,37,82,958,28,10,4,42,8.288980089,158,129,11.63750333,14.86850247,9.106633961,7.506528537,460,18,9,2,29,498,10,1,2,13,489,511,96,33,140,18
40,1000,30,5.13,10.3,18,37,10,939,32,19,10,61,7.461498703,107,82,7.598964403,9.717434646,6.38402134,8.492587607,473,10,5,1,16,466,22,14,9,45,489,511,55,27,75,32
34,1000,30,5.13,10.3,18,37,82,947,30,16,7,53,8.545924072,187,137,13.29679733,18.55426295,9.738922132,7.426910388,447,21,10,6,37,500,9,6,1,16,484,516,108,29,160,27
36,1000,30,5.13,10.3,18,37,80,956,25,10,9,44,8.340325088,156,118,10.67046092,14.73384362,9.537351461,7.123991837,474,17,7,6,30,482,8,3,3,14,504,496,94,24,138,18
38,1000,30,5.13,10.3,18,37,72,952,31,6,11,48,8.154057654,113,99,9.54701058,12.25715254,8.693905613,7.569222364,491,19,3,7,29,461,12,3,4,19,520,480,71,28,97,16
37,1000,30,5.13,10.3,18,37,72,953,28,15,4,47,8.182682356,134,100,10.31995521,13.82962523,8.780195032,7.637723376,446,21,7,3,31,507,7,8,1,16,477,523,81,19,121,13
39,1000,30,5.13,10.3,18,37,69,957,29,9,5,43,8.351742178,143,101,10.78518719,13.97697616,8.710368548,8.019373615,456,15,5,5,25,501,14,4,0,18,481,519,82,19,128,15
35,1000,30,5.13,10.3,18,37,83,951,34,9,6,49,8.649846583,151,124,12.40353754,16.55619327,9.748712688,7.496937884,477,24,6,5,35,474,10,3,1,14,512,488,100,24,122,29
33,1000,30,5.13,10.3,18,37,83,958,27,11,4,42,8.345028044,158,113,11.734807,15.03057569,9.198028556,7.528751624,460,17,10,2,29,498,10,1,2,13,489,511,97,16,137,21
34,1000,30,5.13,10.3,18,37,83,947,30,16,7,53,8.558332899,159,133,13.59794654,19.22085873,9.785047,7.407694091,447,20,11,6,37,500,10,5,1,16,484,516,117,16,140,19
36,1000,30,5.13,10.3,18,37,81,956,24,11,9,44,8.364904001,137,108,10.80968302,14.95041324,9.594310038,7.115668835,474,17,7,6,30,482,7,4,3,14,504,496,85,23,123,14
40,1000,30,5.13,10.3,18,37,11,939,32,19,10,61,7.485116844,88,92,7.606396733,9.746598513,6.432290871,8.492615671,473,10,5,1,16,466,22,14,9,45,489,511,53,39,61,27
38,1000,30,5.13,10.3,18,37,73,952,30,7,11,48,8.237002585,115,90,9.644450334,12.35089275,8.787808217,7.640296484,491,18,4,7,29,461,12,3,4,19,520,480,69,21,95,20
37,1000,30,5.13,10.3,18,37,73,953,28,14,5,47,8.177683341,154,112,10.44367518,13.9872984,8.833401206,7.579638557,447,20,6,4,30,506,8,8,1,17,477,523,97,15,133,21
39,1000,30,5.13,10.3,18,37,70,958,29,8,5,42,8.357116032,135,124,10.89649958,14.13008469,8.754431652,7.988890959,456,15,5,5,25,502,14,3,0,17,481,519,101,23,120,15
35,1000,30,5.13,10.3,18,37,84,952,33,8,7,48,8.645007271,159,121,12.54783224,16.8321664,9.771077704,7.463556324,477,24,6,5,35,475,9,2,2,13,512,488,97,24,135,24
33,1000,30,5.13,10.3,18,37,84,957,28,11,4,43,8.335355832,150,126,11.81428856,15.11709839,9.239669674,7.469975267,459,18,10,2,30,498,10,1,2,13,489,511,103,23,132,18
34,1000,30,5.13,10.3,18,37,84,947,31,16,6,53,8.54432665,160,140,14.06426563,20.13283531,9.786179491,7.379487939,447,21,11,5,37,500,10,5,1,16,484,516,121,19,144,16
36,1000,30,5.13,10.3,18,37,82,955,25,11,9,45,8.39549731,145,98,10.92574924,15.1204946,9.647378083,7.123424911,474,17,7,6,30,481,8,4,3,15,504,496,76,22,127,18
38,1000,30,5.13,10.3,18,37,74,951,31,7,11,49,8.25980134,134,113,9.712783624,12.47413431,8.846701454,7.623992883,490,19,4,7,30,461,12,3,4,19,520,480,95,18,113,21
40,1000,30,5.13,10.3,18,37,12,940,31,19,10,60,7.492763592,101,94,7.635782999,9.78368183,6.467137882,8.474233206,473,10,5,1,16,467,21,14,9,44,489,511,61,33,76,25
37,1000,30,5.13,10.3,18,37,74,952,29,14,5,48,8.158557484,133,112,10.62415182,14.1831787,8.881597598,7.49911172,445,22,6,4,32,507,7,8,1,16,477,523,84,28,117,16
39,1000,30,5.13,10.3,18,37,71,958,30,8,4,42,8.347960341,146,105,11.02459678,14.30637914,8.764102444,7.962287217,458,14,5,4,23,500,16,3,0,19,481,519,94,11,125,21
35,1000,30,5.13,10.3,18,37,85,949,36,8,7,51,8.655810459,138,113,12.69049592,17.14604048,9.825046385,7.429071128,473,28,6,5,39,476,8,2,2,12,512,488,88,25,111,27
33,1000,30,5.13,10.3,18,37,85,956,29,11,4,44,8.346846409,140,113,11.90455914,15.2448044,9.271874647,7.461643261,459,18,10,2,30,497,11,1,2,14,489,511,91,22,129,11
34,1000,30,5.13,10.3,18,37,85,947,30,17,6,53,8.547582118,162,122,14.54977513,20.83745712,9.79109382,7.381187422,447,21,11,5,37,500,9,6,1,16,484,516,102,20,146,16
36,1000,30,5.13,10.3,18,37,83,955,25,11,9,45,8.379533244,154,129,11.02972073,15.29004612,9.672081394,7.066137544,474,17,7,6,30,481,8,4,3,15,504,496,108,21,135,19
38,1000,30,5.13,10.3,18,37,75,950,32,7,11,50,8.247780684,126,109,9.765065351,12.55402644,8.852043718,7.593162397,489,20,4,7,31,461,12,3,4,19,520,480,89,20,103,23
40,1000,30,5.13,10.3,18,37,13,941,29,20,10,59,7.52275522,101,89,7.642334863,9.783306103,6.536615728,8.466438609,473,9,6,1,16,468,20,14,9,43,489,511,50,39,71,30
39,1000,30,5.13,10.3,18,37,72,960,28,8,4,40,8.402699429,146,103,11.13654582,14.44892873,8.828794008,8.007802527,458,14,5,4,23,502,14,3,0,17,481,519,87,16,128,18
37,1000,30,5.13,10.3,18,37,75,951,29,15,5,49,8.159804977,144,103,10.78581173,14.38438785,8.92474406,7.462145432,445,21,7,4,32,506,8,8,1,17,477,523,84,19,123,21
35,1000,30,5.13,10.3,18,37,86,950,36,7,7,50,8.607490145,164,100,12.92133113,17.53114407,9.812223725,7.343507372,473,29,5,5,39,477,7,2,2,11,512,488,83,17,147,17
33,1000,30,5.13,10.3,18,37,86,957,28,11,4,43,8.352843964,152,120,12.03722839,15.44750559,9.316092595,7.431065919,459,18,10,2,30,498,10,1,2,13,489,511,104,16,134,18
36,1000,30,5.13,10.3,18,37,84,955,26,10,9,45,8.37975287,166,120,11.1595426,15.49337013,9.693803866,7.044507504,474,17,7,6,30,481,9,3,3,15,504,496,105,15,149,17
34,1000,30,5.13,10.3,18,37,86,945,32,17,6,55,8.581935757,163,137,14.94749169,21.38005112,9.84827273,7.39413131,446,22,11,5,38,499,10,6,1,17,484,516,116,21,148,15
38,1000,30,5.13,10.3,18,37,76,950,32,7,11,50,8.291541134,134,108,9.845686729,12.64744984,8.942603296,7.586223791,489,20,4,7,31,461,12,3,4,19,520,480,83,25,116,18
39,1000,30,5.13,10.3,18,37,73,960,28,8,4,40,8.398554589,145,113,11.23015257,14.62206897,8.825492163,8.002876413,458,14,5,4,23,502,14,3,0,17,481,519,90,23,117,28
37,1000,30,5.13,10.3,18,37,76,949,31,15,5,51,8.164786997,147,99,10.90978435,14.55703996,8.953039823,7.445864246,444,22,7,4,33,505,9,8,1,18,477,523,81,18,130,17
40,1000,30,5.13,10.3,18,37,14,940,31,19,10,60,7.531287013,99,59,7.668092419,9.792083132,6.579248606,8.442337466,471,11,6,1,18,469,20,13,9,42,489,511,32,27,62,37
35,1000,30,5.13,10.3,18,37,87,950,36,7,7,50,8.619542151,158,126,13.10667099,17.83614313,9.867686988,7.310013141,473,29,5,5,39,477,7,2,2,11,512,488,93,33,138,20
33,1000,30,5.13,10.3,18,37,87,956,28,12,4,44,8.365481656,160,126,12.15525196,15.61122881,9.384877735,7.389973471,458,19,10,2,31,498,9,2,2,13,489,511,100,26,143,17
36,1000,30,5.13,10.3,18,37,85,954,26,10,10,46,8.41154731,147,121,11.26590456,15.66186637,9.762331981,7.03897579,473,17,7,7,31,481,9,3,3,15,504,496,90,31,131,16
34,1000,30,5.13,10.3,18,37,87,945,32,17,6,55,8.613443535,165,140,15.70236384,22.58822337,9.885369011,7.420397157,446,22,11,5,38,499,10,6,1,17,484,516,120,20,142,23
38,1000,30,5.13,10.3,18,37,77,949,33,7,11,51,8.303307592,124,114,9.922915296,12.76776666,8.984792025,7.56503279,488,21,4,7,32,461,12,3,4,19,520,480,83,31,98,26
39,1000,30,5.13,10.3,18,37,74,959,29,8,4,41,8.423431602,121,125,11.4530263,14.88331219,8.904012319,7.978037913,457,15,5,4,24,502,14,3,0,17,481,519,100,25,105,16
37,1000,30,5.13,10.3,18,37,77,951,31,14,4,49,8.148840973,177,127,11.05515677,14.78740802,8.984198471,7.386956602,444,22,7,4,33,507,9,7,0,16,477,523,102,25,159,18
35,1000,30,5.13,10.3,18,37,88,949,37,8,6,51,8.604755212,153,120,13.274718,18.0877293,9.855436781,7.292564714,472,30,6,4,40,477,7,2,2,11,512,488,98,22,130,23
40,1000,30,5.13,10.3,18,37,15,940,32,19,9,60,7.539481747,100,84,7.683812543,9.822529856,6.570449603,8.466794308,471,11,6,1,18,469,21,13,8,42,489,511,49,35,73,27
33,1000,30,5.13,10.3,18,37,88,958,26,12,4,42,8.352553138,168,137,12.25971735,15.79562142,9.410606461,7.340052013,459,18,10,2,30,499,8,2,2,12,489,511,109,28,141,27
36,1000,30,5.13,10.3,18,37,86,954,25,11,10,46,8.40644146,143,145,11.39212662,15.83653341,9.783502121,7.007170144,473,17,7,7,31,481,8,4,3,15,504,496,116,29,128,15
34,1000,30,5.13,10.3,18,37,88,945,33,15,7,55,8.612018421,183,153,16.0121343,23.1755855,9.929875508,7.375888906,447,22,9,6,37,498,11,6,1,18,484,516,127,26,170,13
38,1000,30,5.13,10.3,18,37,78,948,34,7,11,52,8.316642329,125,101,10.02390756,12.8763332,9.012521757,7.562772949,489,20,4,7,31,459,14,3,4,21,520,480,79,22,105,20
39,1000,30,5.13,10.3,18,37,75,960,28,8,4,40,8.489259428,157,127,11.65772691,15.0862577,9.021278318,7.996193752,457,15,5,4,24,503,13,3,0,16,481,519,106,21,140,17
37,1000,30,5.13,10.3,18,37,78,951,31,14,4,49,8.185937661,153,108,11.16014337,14.93259081,9.007354947,7.436767403,444,22,7,4,33,507,9,7,0,16,477,523,92,16,138,15
35,1000,30,5.13,10.3,18,37,89,948,38,8,6,52,8.636618284,139,101,13.45092177,18.35542361,9.901086336,7.30996328,471,31,6,4,41,477,7,2,2,11,512,488,80,21,122,17
33,1000,30,5.13,10.3,18,37,89,957,27,12,4,43,8.358636282,168,122,12.40931868,16.0103709,9.459781453,7.304898536,458,19,10,2,31,499,8,2,2,12,489,511,105,17,153,15
36,1000,30,5.13,10.3,18,37,87,954,24,12,10,46,8.422478371,147,111,11.49916332,16.04593945,9.809687852,7.012894542,473,16,8,7,31,481,8,4,3,15,504,496,100,11,128,19
40,1000,30,5.13,10.3,18,37,16,940,31,20,9,60,7.564540739,121,79,7.706735277,9.863136301,6.600706035,8.486879624,471,11,6,1,18,469,20,14,8,42,489,511,47,32,84,37
34,1000,30,5.13,10.3,18,37,89,944,34,15,7,56,8.618016197,179,142,16.54234721,24.05146496,9.964264804,7.355255876,446,23,9,6,38,498,11,6,1,18,484,516,123,19,158,21
38,1000,30,5.13,10.3,18,37,79,948,34,7,11,52,8.322760191,148,107,10.07593955,12.96065463,9.043302131,7.542173089,489,20,4,7,31,459,14,3,4,21,520,480,79,28,127,21
39,1000,30,5.13,10.3,18,37,76,960,27,9,4,40,8.526978149,151,127,12.0342652,15.54280149,9.106496678,7.98989065,457,14,6,4,24,503,13,3,0,16,481,519,100,27,133,18
35,1000,30,5.13,10.3,18,37,90,948,38,8,6,52,8.652335897,159,102,13.66467506,18.76534974,9.891194287,7.352550045,471,31,6,4,41,477,7,2,2,11,512,488,86,16,141,18
37,1000,30,5.13,10.3,18,37,79,951,31,14,4,49,8.202002241,148,122,11.28963143,15.08601594,9.010394708,7.464711214,444,22,7,4,33,507,9,7,0,16,477,523,97,25,133,15
33,1000,30,5.13,10.3,18,37,90,955,29,12,4,45,8.389173366,161,120,12.5644741,16.19624627,9.505548853,7.320861013,457,20,10,2,32,498,9,2,2,13,489,511,100,20,144,17
36,1000,30,5.13,10.3,18,37,88,954,24,12,10,46,8.417924924,149,125,11.59179654,16.19937907,9.80748713,7.005950425,473,16,8,7,31,481,8,4,3,15,504,496,101,24,135,14
34,1000,30,5.13,10.3,18,37,90,942,34,17,7,58,8.66840187,172,147,17.02003375,24.7487581,10.03248822,7.388910021,446,22,10,6,38,496,12,7,1,20,484,516,124,23,153,19
40,1000,30,5.13,10.3,18,37,17,940,31,20,9,60,7.561205929,102,84,7.727152469,9.915393918,6.622173197,8.459810636,470,12,6,1,19,470,19,14,8,41,489,511,52,32,74,28
38,1000,30,5.13,10.3,18,37,80,948,34,6,12,52,8.327615142,139,116,10.15619603,13.07863258,9.037757748,7.558293986,489,20,3,8,31,459,14,3,4,21,520,480,94,22,116,23
39,1000,30,5.13,10.3,18,37,77,960,26,10,4,40,8.5517834,166,132,12.37881323,16.02551847,9.149824446,7.99752956,457,14,6,4,24,503,12,4,0,16,481,519,107,25,145,21
35,1000,30,5.13,10.3,18,37,91,949,37,8,6,51,8.636650257,159,138,13.80822943,19.00405587,9.863702481,7.349251202,472,30,6,4,40,477,7,2,2,11,512,488,111,27,136,23
37,1000,30,5.13,10.3,18,37,80,951,31,14,4,49,8.219624424,169,128,11.34519993,15.17582732,9.074685366,7.439769606,444,22,7,4,33,507,9,7,0,16,477,523,108,20,148,21
33,1000,30,5.13,10.3,18,37,91,956,28,12,4,44,8.381759186,170,123,12.77964908,16.52372018,9.523857234,7.2888317,457,20,10,2,32,499,8,2,2,12,489,511,102,21,153,17
36,1000,30,5.13,10.3,18,37,89,953,26,11,10,47,8.418023792,170,117,11.68957605,16.3663508,9.823285637,6.990096433,474,16,7,7,30,479,10,4,3,17,504,496,104,13,146,24
34,1000,30,5.13,10.3,18,37,91,940,36,17,7,60,8.691821488,181,146,17.64605273,26.46558629,10.09673197,7.374037236,444,24,10,6,40,496,12,7,1,20,484,516,125,21,164,17
38,1000,30,5.13,10.3,18,37,81,948,34,6,12,52,8.369001641,133,105,10.23490136,13.23108328,9.073411761,7.605890678,489,20,3,8,31,459,14,3,4,21,520,480,91,14,119,14
40,1000,30,5.13,10.3,18,37,18,939,32,19,10,61,7.581978123,99,90,7.74313926,9.977218587,6.655879059,8.468205995,470,12,6,1,19,469,20,13,9,42,489,511,52,38,71,28
39,1000,30,5.13,10.3,18,37,78,960,25,10,5,40,8.570266624,149,141,12.67906456,16.42657776,9.180103201,8.005080895,457,13,6,5,24,503,12,4,0,16,481,519,117,24,125,24
35,1000,30,5.13,10.3,18,37,92,949,37,8,6,51,8.644403333,185,129,14.0802813,19.36993614,9.87971256,7.348341194,472,30,6,4,40,477,7,2,2,11,512,488,112,17,156,29
37,1000,30,5.13,10.3,18,37,81,952,32,12,4,48,8.212331907,147,129,11.47347497,15.32398781,9.110394516,7.393257595,443,23,7,4,34,509,9,5,0,14,477,523,109,20,135,12
33,1000,30,5.13,10.3,18,37,92,955,29,12,4,45,8.375867661,150,132,12.96212354,16.73862569,9.530344778,7.271094059,457,20,10,2,32,498,9,2,2,13,489,511,107,25,132,18
36,1000,30,5.13,10.3,18,37,90,951,28,11,10,49,8.447217605,150,119,11.81019025,16.62964131,9.879023047,6.992318526,474,16,7,7,30,477,12,4,3,19,504,496,104,15,137,13
34,1000,30,5.13,10.3,18,37,92,941,36,16,7,59,8.689195796,186,142,18.3749251,28.4867003,10.11793282,7.349062619,444,24,10,6,40,497,12,6,1,19,484,516,124,18,171,15
38,1000,30,5.13,10.3,18,37,82,948,34,6,12,52,8.386815275,142,96,10.30796248,13.3407534,9.122999346,7.58928253,489,20,3,8,31,459,14,3,4,21,520,480,77,19,123,19
39,1000,30,5.13,10.3,18,37,79,957,28,10,5,43,8.6092232,127,134,12.87436867,16.68070977,9.220482884,8.042718561,456,14,6,5,25,501,14,4,0,18,481,519,111,23,115,12
35,1000,30,5.13,10.3,18,37,93,949,36,9,6,51,8.636451624,168,133,14.3491926,19.76148917,9.918528084,7.291322223,472,28,8,4,40,477,8,1,2,11,512,488,104,29,146,22
40,1000,30,5.13,10.3,18,37,19,939,33,17,11,61,7.623851454,106,82,7.764341436,10.03478187,6.741231748,8.468471877,470,12,6,1,19,469,21,11,10,42,489,511,51,31,90,16
37,1000,30,5.13,10.3,18,37,82,951,33,12,4,49,8.265424756,153,115,11.63449991,15.54215309,9.152258404,7.456591773,442,24,7,4,35,509,9,5,0,14,477,523,89,26,137,16
36,1000,30,5.13,10.3,18,37,91,949,29,11,11,51,8.481731032,168,114,11.95773619,16.8182803,9.936830613,7.003162103,474,16,6,8,30,475,13,5,3,21,504,496,97,17,154,14
33,1000,30,5.13,10.3,18,37,93,955,29,12,4,45,8.336358251,175,116,13.11751502,16.9555144,9.541239623,7.183350441,457,20,10,2,32,498,9,2,2,13,489,511,96,20,150,25
34,1000,30,5.13,10.3,18,37,93,942,36,15,7,58,8.709013407,192,160,19.07926831,30.49098471,10.16085935,7.34720442,445,24,9,6,39,497,12,6,1,19,484,516,143,17,179,13
38,1000,30,5.13,10.3,18,37,83,950,32,6,12,50,8.381132631,139,110,10.42244851,13.5474189,9.14169334,7.557191863,490,19,3,8,30,460,13,3,4,20,520,480,83,27,123,16
39,1000,30,5.13,10.3,18,37,80,955,30,10,5,45,8.62988356,153,134,13.15008134,17.08128019,9.258349851,8.047432141,455,15,6,5,26,500,15,4,0,19,481,519,110,24,139,14
35,1000,30,5.13,10.3,18,37,94,950,35,9,6,50,8.628449131,184,119,14.69577248,20.19128772,9.947288039,7.244749292,473,27,8,4,39,477,8,1,2,11,512,488,105,14,161,23
36,1000,30,5.13,10.3,18,37,92,949,29,12,10,51,8.487756132,170,111,12.07196173,17.04540209,9.934843589,7.017328554,474,16,7,7,30,475,13,5,3,21,504,496,95,16,148,22
33,1000,30,5.13,10.3,18,37,94,955,29,12,4,45,8.337072707,161,121,13.25627951,17.0969234,9.56791238,7.159224175,457,20,10,2,32,498,9,2,2,13,489,511,109,12,141,20
37,1000,30,5.13,10.3,18,37,83,950,34,12,4,50,8.256334312,167,120,11.82226944,15.77168459,9.166105114,7.426581592,442,24,7,4,35,508,10,5,0,15,477,523,100,20,149,18
40,1000,30,5.13,10.3,18,37,20,942,32,15,11,58,7.612021281,113,88,7.78081402,10.09670478,6.790755501,8.397929239,470,12,6,1,19,472,20,9,10,39,489,511,60,28,81,32
34,1000,30,5.13,10.3,18,37,94,940,38,15,7,60,8.752114509,183,168,19.72351593,32.08369963,10.2363947,7.359882697,443,26,9,6,41,497,12,6,1,19,484,516,150,18,166,17
38,1000,30,5.13,10.3,18,37,84,950,32,6,12,50,8.395698588,148,102,10.50257534,13.66193529,9.155699096,7.572364705,490,19,3,8,30,460,13,3,4,20,520,480,79,23,126,22
39,1000,30,5.13,10.3,18,37,81,954,31,10,5,46,8.636867221,167,114,13.52515883,17.56303703,9.256277478,8.062808775,454,16,6,5,27,500,15,4,0,19,481,519,92,22,148,19
35,1000,30,5.13,10.3,18,37,95,950,34,10,6,50,8.642935405,170,141,15.05931152,20.63820474,9.967624244,7.253097935,473,27,8,4,39,477,7,2,2,11,512,488,123,18,150,20
36,1000,30,5.13,10.3,18,37,93,950,30,12,8,50,8.480720416,169,129,12.22386768,17.26060238,9.956291476,6.981349822,474,17,7,6,30,476,13,5,2,20,504,496,114,15,154,15
33,1000,30,5.13,10.3,18,37,95,954,30,12,4,46,8.347769555,146,133,13.38382228,17.26485588,9.624869435,7.125652449,456,21,10,2,33,498,9,2,2,13,489,511,115,18,131,15
37,1000,30,5.13,10.3,18,37,84,951,33,12,4,49,8.237224429,160,105,11.96159268,15.94871007,9.169552203,7.386898715,443,23,7,4,34,508,10,5,0,15,477,523,87,18,146,14
34,1000,30,5.13,10.3,18,37,95,940,38,15,7,60,8.770624717,191,160,20.12080927,32.66693929,10.29374941,7.34195737,443,26,9,6,41,497,12,6,1,19,484,516,140,20,176,15
40,1000,30,5.13,10.3,18,37,21,942,32,14,12,58,7.637870575,111,79,7.752958661,10.11419258,6.815083599,8.425234237,470,12,6,1,19,472,20,8,11,39,489,511,48,31,82,29
38,1000,30,5.13,10.3,18,37,85,950,32,6,12,50,8.366980963,140,136,10.56638312,13.77144178,9.156823128,7.511318618,490,19,3,8,30,460,13,3,4,20,520,480,108,28,122,18
35,1000,30,5.13,10.3,18,37,96,951,33,10,6,49,8.625461471,178,140,15.3810476,21.08808889,10.01155529,7.171199105,474,26,8,4,38,477,7,2,2,11,512,488,119,21,161,17
39,1000,30,5.13,10.3,18,37,82,952,32,11,5,48,8.636510307,153,137,14.01796973,18.19541467,9.314186229,8.008452276,453,17,6,5,28,499,15,5,0,20,481,519,112,25,136,17
36,1000,30,5.13,10.3,18,37,94,951,30,11,8,49,8.468806041,160,121,12.37230284,17.47703531,9.953452974,6.960213191,473,18,7,6,31,478,12,4,2,18,504,496,91,30,145,15
33,1000,30,5.13,10.3,18,37,96,952,31,13,4,48,8.380087632,181,142,13.56864926,17.47251271,9.692878969,7.123815687,454,23,10,2,35,498,8,3,2,13,489,511,127,15,163,18
37,1000,30,5.13,10.3,18,37,85,953,33,10,4,47,8.23607719,166,127,12.11381363,16.15953507,9.170548063,7.383796872,444,23,6,4,33,509,10,4,0,14,477,523,107,20,145,21
34,1000,30,5.13,10.3,18,37,96,940,38,15,7,60,8.805104069,164,178,20.60190518,33.21655968,10.3540937,7.352175808,443,26,9,6,41,497,12,6,1,19,484,516,155,23,148,16
40,1000,30,5.13,10.3,18,37,22,944,30,13,13,56,7.618674987,115,80,7.766088834,10.16047548,6.825851421,8.377365249,470,12,5,2,19,474,18,8,11,37,489,511,50,30,83,32
38,1000,30,5.13,10.3,18,37,86,949,32,6,13,51,8.407855083,152,115,10.66542543,13.88321111,9.19979385,7.549921419,489,19,3,9,31,460,13,3,4,20,520,480,90,25,130,22
35,1000,30,5.13,10.3,18,37,97,951,34,9,6,49,8.633276974,173,131,15.78838557,21.57047961,10.03672638,7.160805462,474,27,7,4,38,477,7,2,2,11,512,488,111,20,151,22
39,1000,30,5.13,10.3,18,37,83,952,32,11,5,48,8.663163079,168,129,14.63018167,19.13044492,9.376091194,8.00243394,453,17,6,5,28,499,15,5,0,20,481,519,105,24,148,20
36,1000,30,5.13,10.3,18,37,95,952,30,11,7,48,8.439665929,151,143,12.50295206,17.73329294,9.958553793,6.896279873,473,18,7,6,31,479,12,4,1,17,504,496,124,19,130,21
33,1000,30,5.13,10.3,18,37,97,952,31,13,4,48,8.386052244,172,135,13.75637897,17.74928021,9.712057628,7.117135155,454,23,10,2,35,498,8,3,2,13,489,511,117,18,154,18
37,1000,30,5.13,10.3,18,37,86,954,32,10,4,46,8.26937748,167,119,12.38398504,16.48670712,9.235056925,7.388633511,444,23,6,4,33,510,9,4,0,13,477,523,103,16,149,18
34,1000,30,5.13,10.3,18,37,97,939,39,15,7,61,8.809847821,197,183,21.28649126,34.21895091,10.40549205,7.31315827,443,26,9,6,41,496,13,6,1,20,484,516,162,21,180,17
38,1000,30,5.13,10.3,18,37,87,948,33,6,13,52,8.470319831,149,119,10.78437373,14.04728034,9.288108515,7.584382091,489,19,3,9,31,459,14,3,4,21,520,480,107,12,134,15
40,1000,30,5.13,10.3,18,37,23,947,27,13,13,53,7.587365308,91,84,7.781755031,10.15816516,6.840025932,8.302529604,470,12,5,2,19,477,15,8,11,34,489,511,55,29,75,16
35,1000,30,5.13,10.3,18,37,98,952,33,9,6,48,8.6424557,172,145,16.27879816,22.36842462,10.05109029,7.164544001,475,26,7,4,37,477,7,2,2,11,512,488,127,18,153,19
39,1000,30,5.13,10.3,18,37,84,952,32,11,5,48,8.696331348,157,134,15.20822512,20.00265711,9.4269522,8.019204894,453,17,6,5,28,499,15,5,0,20,481,519,110,24,139,18
36,1000,30,5.13,10.3,18,37,96,950,30,13,7,50,8.463903142,174,125,12.63038364,17.98479865,10.03768859,6.864734054,471,18,9,6,33,479,12,4,1,17,504,496,109,16,157,17
33,1000,30,5.13,10.3,18,37,98,952,31,13,4,48,8.408113974,176,125,13.95489063,18.01617131,9.763207264,7.111361295,454,23,10,2,35,498,8,3,2,13,489,511,107,18,153,23
37,1000,30,5.13,10.3,18,37,87,955,31,10,4,45,8.261906355,158,141,12.53090541,16.68763076,9.261707364,7.350041954,444,23,6,4,33,511,8,4,0,12,477,523,121,20,137,21
34,1000,30,5.13,10.3,18,37,98,938,39,16,7,62,8.833288293,216,152,22.02586895,35.68098347,10.47225113,7.29596656,443,26,9,6,41,495,13,7,1,21,484,516,132,20,190,26
38,1000,30,5.13,10.3,18,37,88,948,32,7,13,52,8.481092945,165,104,10.91517101,14.2193589,9.335487837,7.555498477,488,19,4,9,32,460,13,3,4,20,520,480,88,16,148,17
35,1000,30,5.13,10.3,18,37,99,953,31,10,6,47,8.645676566,187,136,16.54255129,22.76889048,10.09545862,7.124593751,475,25,8,4,37,478,6,2,2,10,512,488,115,21,165,22
39,1000,30,5.13,10.3,18,37,85,952,31,11,6,48,8.709893979,149,125,15.77377454,20.87542186,9.45816855,8.016406372,453,16,6,6,28,499,15,5,0,20,481,519,111,14,128,21
40,1000,30,5.13,10.3,18,37,24,948,26,14,12,52,7.606982633,103,70,7.812599926,10.17751964,6.923096636,8.261425398,470,11,6,2,19,478,15,8,10,33,489,511,44,26,75,28
36,1000,30,5.13,10.3,18,37,97,949,31,13,7,51,8.466197288,179,117,12.78994338,18.20499988,10.0482421,6.858635627,470,19,9,6,34,479,12,4,1,17,504,496,101,16,163,16
33,1000,30,5.13,10.3,18,37,99,950,33,12,5,50,8.428635948,181,151,14.12836756,18.2301485,9.799659233,7.116639105,452,25,10,2,37,498,8,2,3,13,489,511,128,23,165,16
37,1000,30,5.13,10.3,18,37,88,955,31,10,4,45,8.272667423,155,128,12.67069151,16.89383482,9.339477714,7.299687483,444,23,6,4,33,511,8,4,0,12,477,523,113,15,143,12
34,1000,30,5.13,10.3,18,37,99,938,38,16,8,62,8.812457552,198,165,22.53654019,36.85345149,10.50036445,7.229227048,443,25,9,7,41,495,13,7,1,21,484,516,144,21,176,22
38,1000,30,5.13,10.3,18,37,89,948,30,9,13,52,8.505959427,148,119,11.07181899,14.37471521,9.356123922,7.584947891,488,18,5,9,32,460,12,4,4,20,520,480,97,22,124,24
35,1000,30,5.13,10.3,18,37,100,954,29,11,6,46,8.671913227,167,140,17.0363236,23.46086648,10.14663066,7.124668705,476,23,9,4,36,478,6,2,2,10,512,488,128,12,152,15
39,1000,30,5.13,10.3,18,37,86,951,32,10,7,49,8.732229368,162,137,16.13095959,21.29526072,9.521249608,8.000979396,452,17,6,6,29,499,15,4,1,20,481,519,110,27,147,15
36,1000,30,5.13,10.3,18,37,98,951,30,12,7,49,8.457067426,170,126,12.95320635,18.44923116,10.04492616,6.843598063,470,19,9,6,34,481,11,3,1,15,504,496,96,30,152,18
33,1000,30,5.13,10.3,18,37,100,950,33,12,5,50,8.445803528,176,145,14.39953163,18.53872707,9.859595891,7.092878938,452,25,10,2,37,498,8,2,3,13,489,511,124,21,156,20
40,1000,30,5.13,10.3,18,37,25,950,25,13,12,50,7.599923879,119,78,7.847202421,10.25210529,6.962721102,8.209693267,470,11,6,2,19,480,14,7,10,31,489,511,47,31,100,19
37,1000,30,5.13,10.3,18,37,89,955,32,9,4,45,8.249013943,181,134,12.83310464,17.14762729,9.318427423,7.273659774,444,24,5,4,33,511,8,4,0,12,477,523,117,17,151,30
34,1000,30,5.13,10.3,18,37,100,938,38,16,8,62,8.844516261,208,163,23.31161037,38.35685984,10.56836029,7.227577286,443,25,9,7,41,495,13,7,1,21,484,516,141,22,186,22
38,1000,30,5.13,10.3,18,37,90,946,31,10,13,54,8.524127034,134,125,11.21482514,14.53846332,9.385612448,7.590851169,488,18,5,9,32,458,13,5,4,22,520,480,108,17,112,22
35,1000,30,5.13,10.3,18,37,101,954,29,11,6,46,8.70483439,194,135,17.67166757,24.59603284,10.21526595,7.120119314,476,23,9,4,36,478,6,2,2,10,512,488,118,17,172,22
39,1000,30,5.13,10.3,18,37,87,951,31,11,7,49,8.747064158,157,135,16.79374693,22.34970173,9.581911386,7.973342547,452,16,7,6,29,499,15,4,1,20,481,519,121,14,135,22
36,1000,30,5.13,10.3,18,37,99,952,30,11,7,48,8.481897164,163,134,13.11665714,18.80047316,10.07316348,6.864965262,471,19,8,6,33,481,11,3,1,15,504,496,111,23,150,13
33,1000,30,5.13,10.3,18,37,101,948,35,12,5,52,8.467149446,162,149,14.61237469,18.79215206,9.899391583,7.096569398,451,26,10,2,38,497,9,2,3,14,489,511,125,24,146,16
40,1000,30,5.13,10.3,18,37,26,951,24,12,13,49,7.596140264,104,80,7.847102014,10.29718638,6.96536425,8.199759581,471,10,5,3,18,480,14,7,10,31,489,511,49,31,78,26
37,1000,30,5.13,10.3,18,37,90,957,31,8,4,43,8.263485744,173,135,12.98789031,17.36753772,9.40197192,7.225134106,444,24,5,4,33,513,7,3,0,10,477,523,113,22,157,16
34,1000,30,5.13,10.3,18,37,101,937,39,16,8,63,8.876174728,202,158,23.97487362,39.21104214,10.59920102,7.260002785,442,26,9,7,42,495,13,7,1,21,484,516,145,13,184,18
38,1000,30,5.13,10.3,18,37,91,946,31,10,13,54,8.53918774,145,135,11.32688483,14.70447976,9.415464511,7.589887906,488,18,5,9,32,458,13,5,4,22,520,480,103,32,130,15
35,1000,30,5.13,10.3,18,37,102,951,31,11,7,49,8.718144867,177,154,18.51767399,25.87904729,10.29460006,7.064159088,473,25,9,5,39,478,6,2,2,10,512,488,138,16,167,10
39,1000,30,5.13,10.3,18,37,88,951,31,11,7,49,8.739361975,169,144,17.84298752,23.7815063,9.615790691,7.927103377,451,17,7,6,30,500,14,4,1,19,481,519,123,21,150,19
36,1000,30,5.13,10.3,18,37,100,953,29,11,7,47,8.488592106,186,129,13.32045862,19.07860889,10.07396379,6.87764991,472,18,8,6,32,481,11,3,1,15,504,496,112,17,167,19
33,1000,30,5.13,10.3,18,37,102,949,35,11,5,51,8.475707272,173,160,14.83802256,19.08859022,9.922006557,7.091675276,451,26,9,3,38,498,9,2,2,13,489,511,140,20,159,14
37,1000,30,5.13,10.3,18,37,91,957,31,8,4,43,8.254145729,180,151,13.21339527,17.64557265,9.424853706,7.186406331,444,24,5,4,33,513,7,3,0,10,477,523,130,21,164,16
34,1000,30,5.13,10.3,18,37,102,937,38,17,8,63,8.914348417,193,175,24.53515119,39.99158069,10.66827944,7.269188313,441,27,9,7,43,496,11,8,1,20,484,516,155,20,175,18
40,1000,30,5.13,10.3,18,37,27,954,23,10,13,46,7.598630322,102,73,7.879561806,10.36781574,7.022411227,8.150041549,471,10,5,3,18,483,13,5,10,28,489,511,48,25,75,27
38,1000,30,5.13,10.3,18,37,92,944,34,10,12,56,8.543017463,126,114,11.38332432,14.80639961,9.439748133,7.571559237,487,19,5,9,33,457,15,5,3,23,520,480,96,18,115,11
35,1000,30,5.13,10.3,18,37,103,951,31,11,7,49,8.736547696,187,148,19.33587027,27.08138778,10.33201499,7.062614799,473,25,9,5,39,478,6,2,2,10,512,488,131,17,171,16
39,1000,30,5.13,10.3,18,37,89,950,31,12,7,50,8.751351268,174,139,18.81034433,25.09293611,9.65889112,7.91025942,450,17,8,6,31,500,14,4,1,19,481,519,122,17,152,22
36,1000,30,5.13,10.3,18,37,101,952,30,11,7,48,8.499156357,176,130,13.49275042,19.3541709,10.12262643,6.84950128,471,19,8,6,33,481,11,3,1,15,504,496,107,23,159,17
33,1000,30,5.13,10.3,18,37,103,946,38,11,5,54,8.483318315,202,153,15.22933794,19.52556595,9.96473335,7.065682401,450,27,9,3,39,496,11,2,2,15,489,511,130,23,172,30
37,1000,30,5.13,10.3,18,37,92,956,30,10,4,44,8.30116596,184,147,13.39160041,17.87417307,9.482999541,7.2232795,443,23,7,4,34,513,7,3,0,10,477,523,130,17,163,21
34,1000,30,5.13,10.3,18,37,103,937,36,18,9,63,8.916425482,211,169,25.54236084,41.97539101,10.70703264,7.236863726,441,26,9,8,43,496,10,9,1,20,484,516,153,16,193,18
38,1000,30,5.13,10.3,18,37,93,943,35,10,12,57,8.550583185,134,127,11.47100907,14.93670107,9.429867067,7.598025645,487,19,5,9,33,456,16,5,3,24,520,480,109,18,118,16
35,1000,30,5.13,10.3,18,37,104,951,31,11,7,49,8.713427146,206,160,20.00858178,27.97267894,10.36473311,6.980909416,473,25,9,5,39,478,6,2,2,10,512,488,142,18,186,20
41,1000,30,5.13,10.3,18,37,0,946,25,13,16,54,7.181,99,86,7.528584845,8.856947098,6.351888668,8.020120724,487,8,2,6,16,459,17,11,10,38,503,497,54,32,57,42
40,1000,30,5.13,10.3,18,37,28,955,23,9,13,45,7.619371997,116,70,7.930580048,10.43204713,7.039119175,8.174643288,470,11,5,3,19,485,12,4,10,26,489,511,45,25,91,25
39,1000,30,5.13,10.3,18,37,90,948,33,12,7,52,8.756124447,190,166,19.56615579,26.0665895,9.698088307,7.883129039,449,18,8,6,32,499,15,4,1,20,481,519,143,23,175,15
36,1000,30,5.13,10.3,18,37,102,953,30,10,7,47,8.495901849,187,143,13.67656889,19.6707303,10.15174343,6.813353149,471,19,8,6,33,482,11,2,1,14,504,496,126,17,162,25
33,1000,30,5.13,10.3,18,37,104,945,39,11,5,55,8.505403402,180,136,15.60268424,19.96197354,10.0087768,7.066754492,450,27,9,3,39,495,12,2,2,16,489,511,117,19,163,17
42,1000,30,5.13,10.3,18,37,0,943,33,11,13,57,7.201,118,92,7.516970163,9.075127958,6.266393443,8.091796875,473,13,1,1,15,470,20,10,12,42,488,512,52,40,81,37
34,1000,30,5.13,10.3,18,37,104,938,36,17,9,62,8.93022373,205,176,25.94674573,42.68306517,10.81853981,7.159012521,441,26,9,8,43,497,10,8,1,19,484,516,153,23,190,15
43,1000,30,5.13,10.3,18,37,0,943,26,17,14,57,7.144,90,108,7.436068446,8.779466301,6.356031128,7.977366255,493,10,6,5,21,450,16,11,9,36,514,486,69,39,61,29
37,1000,30,5.13,10.3,18,37,93,955,31,10,4,45,8.303284426,162,129,13.53637723,18.09726133,9.49289506,7.218304938,443,23,7,4,34,512,8,3,0,11,477,523,107,22,145,17
38,1000,30,5.13,10.3,18,37,94,940,37,9,14,60,8.601615802,144,122,11.58398299,15.10393928,9.48263757,7.647175554,486,19,5,10,34,454,18,4,4,26,520,480,104,18,125,19
41,1000,30,5.13,10.3,18,37,1,946,25,12,17,54,7.238946105,102,79,7.563261602,8.893634405,6.402844043,8.085141954,488,7,2,6,15,458,18,10,11,39,503,497,42,37,66,36
36,1000,30,5.13,10.3,18,37,103,953,30,10,7,47,8.514134342,185,138,13.83807708,19.91389135,10.19087996,6.81034444,471,19,8,6,33,482,11,2,1,14,504,496,120,18,167,18
40,1000,30,5.13,10.3,18,37,29,955,23,9,13,45,7.628472301,109,112,7.935418947,10.46363117,7.027740551,8.203340845,470,11,5,3,19,485,12,4,10,26,489,511,76,36,85,24
39,1000,30,5.13,10.3,18,37,91,948,33,12,7,52,8.757524552,178,122,20.16368779,26.74869554,9.732442248,7.853988113,449,18,8,6,32,499,15,4,1,20,481,519,110,12,169,9
42,1000,30,5.13,10.3,18,37,1,944,32,11,13,56,7.233187641,97,98,7.544264533,9.118852213,6.342281451,8.082332602,473,13,1,1,15,471,19,10,12,41,488,512,48,50,63,34
37,1000,30,5.13,10.3,18,37,94,952,34,10,4,48,8.306348693,163,140,13.75579346,18.43428641,9.534184157,7.186506405,441,25,7,4,36,511,9,3,0,12,477,523,123,17,142,21
38,1000,30,5.13,10.3,18,37,95,940,37,9,14,60,8.613970781,151,123,11.72331154,15.34446147,9.53571221,7.615417565,485,20,5,10,35,455,17,4,4,25,520,480,100,23,128,23
43,1000,30,5.13,10.3,18,37,1,943,26,17,14,57,7.152010984,77,83,7.445604292,8.807163845,6.362675923,7.986822139,493,10,6,5,21,450,16,11,9,36,514,486,44,39,47,30
36,1000,30,5.13,10.3,18,37,104,953,30,10,7,47,8.533400686,173,141,14.10070002,20.22879668,10.22472328,6.814798693,471,19,8,6,33,482,11,2,1,14,504,496,119,22,155,18
44,1000,30,5.13,10.3,18,37,0,955,16,21,8,45,6.871,97,72,7.447762073,8.509587081,6.165103189,7.676659529,517,4,8,4,16,438,12,13,4,29,533,467,37,35,64,33
39,1000,30,5.13,10.3,18,37,92,945,34,14,7,55,8.792129544,168,129,21.06457542,28.10127319,9.800317009,7.857759272,447,19,9,6,34,498,15,5,1,21,481,519,115,14,158,10
41,1000,30,5.13,10.3,18,37,2,947,25,11,17,53,7.276283345,104,91,7.571781169,8.922204271,6.45922691,8.103203641,488,7,2,6,15,459,18,9,11,38,503,497,52,39,74,30
40,1000,30,5.13,10.3,18,37,30,954,24,9,13,46,7.637711686,131,78,7.976831724,10.538931,7.04028895,8.209413677,469,12,5,3,20,485,12,4,10,26,489,511,51,27,108,23
42,1000,30,5.13,10.3,18,37,2,944,32,11,13,56,7.236565761,96,88,7.538992746,9.1556551,6.356136505,8.075724895,473,13,1,1,15,471,19,10,12,41,488,512,46,42,69,27
38,1000,30,5.13,10.3,18,37,96,939,38,9,14,61,8.654113966,140,128,11.83764793,15.52817447,9.602650404,7.626532824,483,22,5,10,37,456,16,4,4,24,520,480,110,18,129,11
37,1000,30,5.13,10.3,18,37,95,953,33,10,4,47,8.293200434,198,140,13.98023066,18.7280022,9.541989562,7.154247444,441,25,7,4,36,512,8,3,0,11,477,523,118,22,177,21
43,1000,30,5.13,10.3,18,37,2,945,25,16,14,55,7.158465133,93,73,7.473160949,8.847204734,6.400743981,7.959841,493,10,6,5,21,452,15,10,9,34,514,486,39,34,62,31
39,1000,30,5.13,10.3,18,37,93,946,33,14,7,54,8.803556696,166,149,22.3743976,30.30894707,9.846435595,7.83703502,447,19,9,6,34,499,14,5,1,20,481,519,134,15,153,13
44,1000,30,5.13,10.3,18,37,1,956,15,20,9,44,6.885253604,119,79,7.442717244,8.534547002,6.185512193,7.683887805,517,4,8,4,16,439,11,12,5,28,533,467,46,33,68,51
41,1000,30,5.13,10.3,18,37,3,948,24,11,17,52,7.295112058,100,80,7.584927558,8.927085769,6.510135495,8.0895652,488,7,2,6,15,460,17,9,11,37,503,497,51,29,71,29
40,1000,30,5.13,10.3,18,37,31,955,23,9,13,45,7.65037304,113,88,7.996585689,10.61223146,7.078528171,8.197598364,469,12,5,3,20,486,11,4,10,25,489,511,61,27,86,27
42,1000,30,5.13,10.3,18,37,3,945,32,10,13,55,7.286761851,90,77,7.559141531,9.181239092,6.431118763,8.10229667,473,13,1,1,15,472,19,9,12,40,488,512,33,44,67,23
38,1000,30,5.13,10.3,18,37,97,937,39,10,14,63,8.66984391,146,123,11.93332106,15.66545437,9.643331926,7.615231893,483,22,5,10,37,454,17,5,4,26,520,480,103,20,130,16
37,1000,30,5.13,10.3,18,37,96,951,34,11,4,49,8.324566438,181,149,14.28209232,19.13997611,9.6466859,7.118732818,439,26,8,4,38,512,8,3,0,11,477,523,135,14,171,10
43,1000,30,5.13,10.3,18,37,3,947,23,16,14,53,7.178615935,107,76,7.469648846,8.882289671,6.407255535,7.994416851,493,9,7,5,21,454,14,9,9,32,514,486,43,33,68,39
44,1000,30,5.13,10.3,18,37,2,956,17,18,9,44,6.893165523,83,86,7.441041065,8.5555802,6.242342249,7.635968103,516,5,8,4,17,440,12,10,5,27,533,467,43,43,56,27
39,1000,30,5.13,10.3,18,37,94,945,34,14,7,55,8.812717552,167,154,23.43643249,31.58205752,9.88730037,7.816813244,446,20,9,6,35,499,14,5,1,20,481,519,138,16,157,10
41,1000,30,5.13,10.3,18,37,4,949,23,11,17,51,7.347391599,94,83,7.601282064,8.945068759,6.548027274,8.156406197,489,6,2,6,14,460,17,9,11,37,503,497,38,45,56,38
42,1000,30,5.13,10.3,18,37,4,947,30,10,13,53,7.318498586,99,88,7.587429097,9.231236176,6.532838577,8.067330781,473,13,1,1,15,474,17,9,12,38,488,512,50,38,66,33
40,1000,30,5.13,10.3,18,37,32,955,25,9,11,45,7.627048441,110,83,8.019155796,10.64738189,7.077886528,8.152567376,469,12,5,3,20,486,13,4,8,25,489,511,55,28,85,25
38,1000,30,5.13,10.3,18,37,98,938,38,10,14,62,8.689963929,150,123,12.13724518,15.97372557,9.733570645,7.559389987,483,21,6,10,37,455,17,4,4,25,520,480,100,23,131,19
37,1000,30,5.13,10.3,18,37,97,950,34,12,4,50,8.336460253,186,150,14.63663328,19.55938422,9.716783322,7.077542272,437,27,9,4,40,513,7,3,0,10,477,523,126,24,164,22
43,1000,30,5.13,10.3,18,37,4,946,24,16,14,54,7.19643126,102,77,7.506955798,8.916080263,6.441226668,7.995145581,493,9,7,5,21,453,15,9,9,33,514,486,37,40,72,30
44,1000,30,5.13,10.3,18,37,3,955,18,18,9,45,6.939766624,79,75,7.443284935,8.605322963,6.250329036,7.726640787,516,5,8,4,17,439,13,10,5,28,533,467,42,33,49,30
39,1000,30,5.13,10.3,18,37,95,946,32,15,7,54,8.801757565,193,142,24.68532313,33.75240616,9.905816472,7.778535341,446,19,10,6,35,500,13,5,1,19,481,519,129,13,184,9
41,1000,30,5.13,10.3,18,37,5,947,25,11,17,53,7.375534432,89,96,7.62783022,8.95226817,6.574294579,8.1864472,487,8,2,6,16,460,17,9,11,37,503,497,67,29,58,31
42,1000,30,5.13,10.3,18,37,5,949,29,9,13,51,7.346905437,109,83,7.615522396,9.282549478,6.584551485,8.073524048,473,13,1,1,15,476,16,8,12,36,488,512,48,35,74,35
38,1000,30,5.13,10.3,18,37,99,939,37,10,14,61,8.699179801,175,127,12.2670478,16.1318036,9.76746107,7.541875093,483,21,6,10,37,456,16,4,4,24,520,480,105,22,165,10
40,1000,30,5.13,10.3,18,37,33,955,25,9,11,45,7.659261759,104,82,8.051529135,10.6971078,7.112302402,8.182672963,469,12,5,3,20,486,13,4,8,25,489,511,50,32,83,21
43,1000,30,5.13,10.3,18,37,5,947,24,17,12,53,7.20110651,88,86,7.52300401,8.925001025,6.477134598,7.966788738,493,9,7,5,21,454,15,10,7,32,514,486,45,41,60,28
37,1000,30,5.13,10.3,18,37,98,949,35,12,4,51,8.324413094,195,147,14.93625649,19.98902086,9.735259013,7.037656872,436,28,9,4,41,513,7,3,0,10,477,523,127,20,177,18
44,1000,30,5.13,10.3,18,37,4,954,19,18,9,46,6.973948768,81,76,7.477323955,8.613478384,6.285336886,7.75988053,515,6,8,4,18,439,13,10,5,28,533,467,48,28,58,23
39,1000,30,5.13,10.3,18,37,96,945,33,14,8,55,8.797705274,196,162,25.41718237,34.9071749,9.938479323,7.740456108,445,20,9,7,36,500,13,5,1,19,481,519,142,20,177,19
41,1000,30,5.13,10.3,18,37,6,945,27,11,17,55,7.389649833,90,77,7.621650249,8.949295563,6.591341757,8.197595432,486,9,2,6,17,459,18,9,11,38,503,497,41,36,54,36
42,1000,30,5.13,10.3,18,37,6,950,29,8,13,50,7.391637818,83,93,7.618751953,9.333945862,6.680429389,8.069508352,473,13,1,1,15,477,16,7,12,35,488,512,61,32,57,26
38,1000,30,5.13,10.3,18,37,100,939,37,10,14,61,8.688655339,156,122,12.34372575,16.28616835,9.797012227,7.487935377,483,21,6,10,37,456,16,4,4,24,520,480,102,20,142,14
43,1000,30,5.13,10.3,18,37,6,947,24,17,12,53,7.224458753,95,87,7.538778518,8.954856559,6.540035328,7.948313981,493,9,7,5,21,454,15,10,7,32,514,486,48,39,58,37
37,1000,30,5.13,10.3,18,37,99,949,36,11,4,51,8.322085038,177,161,15.11575236,20.24394709,9.750332079,7.019458195,436,29,8,4,41,513,7,3,0,10,477,523,134,27,158,19
40,1000,30,5.13,10.3,18,37,34,956,24,10,10,44,7.65708219,107,78,8.070257063,10.75858312,7.144370161,8.147720511,469,12,5,3,20,487,12,5,7,24,489,511,53,25,84,23
44,1000,30,5.13,10.3,18,37,5,954,19,18,9,46,7.000952556,77,92,7.508995593,8.642793937,6.329177098,7.767668443,515,6,8,4,18,439,13,10,5,28,533,467,54,38,47,30
41,1000,30,5.13,10.3,18,37,7,945,28,10,17,55,7.434149622,100,77,7.633755156,8.997186421,6.627903805,8.250128788,487,8,2,6,16,458,20,8,11,39,503,497,48,29,71,29
39,1000,30,5.13,10.3,18,37,97,945,33,14,8,55,8.840998549,183,160,26.9167663,36.7308067,10.03713555,7.732439979,445,20,9,7,36,500,13,5,1,19,481,519,145,15,165,18
42,1000,30,5.13,10.3,18,37,7,952,27,8,13,48,7.404460848,92,72,7.620458524,9.34764514,6.709206643,8.067125012,474,12,1,1,14,478,15,7,12,34,488,512,38,34,68,24
38,1000,30,5.13,10.3,18,37,101,937,37,12,14,63,8.725671362,152,130,12.4769437,16.49747235,9.877154502,7.478231294,481,22,7,10,39,456,15,5,4,24,520,480,109,21,137,15
43,1000,30,5.13,10.3,18,37,7,947,24,16,13,53,7.276986916,102,65,7.535127041,8.973329509,6.581755226,8.012273106,493,9,6,6,21,454,15,10,7,32,514,486,33,32,65,37
37,1000,30,5.13,10.3,18,37,100,949,36,11,4,51,8.324160766,188,124,15.41660172,20.56758685,9.809497111,6.969465859,435,30,8,4,42,514,6,3,0,9,477,523,110,14,171,17
44,1000,30,5.13,10.3,18,37,6,955,18,18,9,45,7.048724655,94,75,7.53520923,8.667808153,6.416785343,7.769974449,515,6,8,4,18,440,12,10,5,27,533,467,46,29,71,23
40,1000,30,5.13,10.3,18,37,35,957,23,10,10,43,7.636612712,128,83,8.098758809,10.81547906,7.165981403,8.086982008,470,11,5,3,19,487,12,5,7,24,489,511,58,25,103,25
41,1000,30,5.13,10.3,18,37,8,945,28,10,17,55,7.44356233,85,80,7.648837706,9.025858369,6.627922515,8.269048903,487,8,2,6,16,458,20,8,11,39,503,497,37,43,61,24
39,1000,30,5.13,10.3,18,37,98,943,34,15,8,57,8.849200922,202,169,27.16766981,37.06326808,10.06809401,7.719552419,444,21,9,7,37,499,13,6,1,20,481,519,152,17,180,22
42,1000,30,5.13,10.3,18,37,8,953,27,8,12,47,7.431782098,82,73,7.647591195,9.368744216,6.754180539,8.077621084,474,12,1,1,14,479,15,7,11,33,488,512,49,24,58,24
38,1000,30,5.13,10.3,18,37,102,939,36,11,14,61,8.702710321,182,134,12.66189127,16.75013428,9.878546525,7.428887765,482,22,6,10,38,457,14,5,4,23,520,480,122,12,158,24
43,1000,30,5.13,10.3,18,37,8,946,25,16,13,54,7.304833854,82,80,7.554850907,8.996302328,6.638643361,8.009405693,492,9,7,6,22,454,16,9,7,32,514,486,49,31,61,21
37,1000,30,5.13,10.3,18,37,101,949,36,11,4,51,8.342409284,184,150,15.66710416,20.93097465,9.828806609,6.986746714,435,30,8,4,42,514,6,3,0,9,477,523,131,19,171,13
44,1000,30,5.13,10.3,18,37,7,956,17,18,9,44,7.078179642,80,72,7.559278818,8.698023226,6.465017452,7.777998587,515,6,8,4,18,441,11,10,5,26,533,467,40,32,61,19
41,1000,30,5.13,10.3,18,37,9,945,28,9,18,55,7.463770335,102,89,7.683681415,9.030859312,6.64753034,8.289864334,487,8,2,6,16,458,20,7,12,39,503,497,59,30,69,33
39,1000,30,5.13,10.3,18,37,99,943,33,16,8,57,8.898532894,176,159,28.33532599,38.76551817,10.13671297,7.751009549,444,21,9,7,37,499,12,7,1,20,481,519,148,11,166,10
40,1000,30,5.13,10.3,18,37,36,958,22,10,10,42,7.64343293,107,82,8.139875446,10.87929237,7.191549395,8.075861597,470,11,5,3,19,488,11,5,7,23,489,511,46,36,91,16
42,1000,30,5.13,10.3,18,37,9,955,26,7,12,45,7.457856472,93,72,7.641308739,9.37523452,6.843649399,8.043272588,474,12,1,1,14,481,14,6,11,31,488,512,43,29,66,27
38,1000,30,5.13,10.3,18,37,103,939,36,11,14,61,8.682646202,188,118,12.92128782,17.15607793,9.894596156,7.369700419,482,22,6,10,38,457,14,5,4,23,520,480,94,24,164,24
43,1000,30,5.13,10.3,18,37,9,947,25,16,12,53,7.284674502,97,93,7.561748291,9.005778512,6.644804234,7.961409724,493,8,7,6,21,454,17,9,6,32,514,486,53,40,63,34
44,1000,30,5.13,10.3,18,37,8,958,17,16,9,42,7.066379831,85,73,7.600143541,8.707000559,6.484496758,7.730499056,515,6,8,4,18,443,11,8,5,24,533,467,44,29,56,29
37,1000,30,5.13,10.3,18,37,102,948,37,11,4,52,8.337000064,214,160,15.96054791,21.3319589,9.843584798,6.96292565,435,30,8,4,42,513,7,3,0,10,477,523,147,13,193,21
41,1000,30,5.13,10.3,18,37,10,944,29,10,17,56,7.476553879,98,83,7.679776429,9.071386846,6.676276057,8.286493003,487,8,3,5,16,457,21,7,12,40,503,497,50,33,71,27
39,1000,30,5.13,10.3,18,37,100,944,33,15,8,56,8.90257662,202,165,29.69153951,40.17266822,10.17182176,7.726262723,444,21,9,7,37,500,12,6,1,19,481,519,149,16,187,15
40,1000,30,5.13,10.3,18,37,37,959,22,9,10,41,7.638023564,113,87,8.166162518,10.94038013,7.234965816,8.023728533,470,11,5,3,19,489,11,4,7,22,489,511,60,27,90,23
42,1000,30,5.13,10.3,18,37,10,955,25,9,11,45,7.497898777,101,75,7.672737174,9.415638205,6.909453308,8.058760864,474,10,3,1,14,481,15,6,10,31,488,512,44,31,66,35
38,1000,30,5.13,10.3,18,37,104,939,36,11,14,61,8.678316226,175,149,13.15718887,17.55642827,9.912590025,7.341186277,482,22,6,10,38,457,14,5,4,23,520,480,131,18,153,22
45,1000,30,5.13,10.3,18,37,0,934,30,13,23,66,7.341,102,81,7.54620231,9.179386,6.429141717,8.256513026,478,11,6,6,23,456,19,7,17,43,501,499,45,36,59,43
43,1000,30,5.13,10.3,18,37,10,946,26,16,12,54,7.338744974,84,80,7.587092085,9.033698752,6.723511349,7.989424157,493,8,7,6,21,453,18,9,6,33,514,486,52,28,57,27
44,1000,30,5.13,10.3,18,37,9,959,17,15,9,41,7.080896452,81,76,7.592980909,8.730281146,6.520410064,7.720595049,516,6,6,5,17,443,11,9,4,24,533,467,41,35,59,22
37,1000,30,5.13,10.3,18,37,103,946,39,11,4,54,8.361338309,186,161,16.16678413,21.64585553,9.920666166,6.939159748,434,31,8,4,43,512,8,3,0,11,477,523,147,14,174,12
41,1000,30,5.13,10.3,18,37,11,946,27,10,17,54,7.456712355,92,79,7.700636896,9.103089025,6.678786293,8.244029879,487,8,3,5,16,459,19,7,12,38,503,497,45,34,72,20
39,1000,30,5.13,10.3,18,37,101,943,34,15,8,57,8.892252438,202,167,30.16116955,40.7622169,10.23023026,7.652238305,443,22,9,7,38,500,12,6,1,19,481,519,147,20,192,10
40,1000,30,5.13,10.3,18,37,38,958,23,9,10,42,7.667935661,108,69,8.194002797,10.95427988,7.305911536,8.01437362,469,12,5,3,20,489,11,4,7,22,489,511,52,17,90,18
42,1000,30,5.13,10.3,18,37,11,954,26,7,13,46,7.54205772,84,98,7.695060529,9.459067286,6.989592254,8.068626367,473,11,1,3,15,481,15,6,10,31,488,512,58,40,57,27
45,1000,30,5.13,10.3,18,37,1,937,29,12,22,63,7.321216249,111,77,7.56179424,9.205106703,6.408235093,8.237856648,479,11,6,5,22,458,18,6,17,41,501,499,44,33,73,38
43,1000,30,5.13,10.3,18,37,11,949,24,15,12,51,7.332069946,97,90,7.607916037,9.053711813,6.752465789,7.945066935,494,7,7,6,20,455,17,8,6,31,514,486,52,38,72,25
44,1000,30,5.13,10.3,18,37,10,960,16,15,9,40,7.124452788,76,84,7.600386436,8.732491915,6.542531442,7.788615695,517,5,6,5,16,443,11,9,4,24,533,467,44,40,51,25
37,1000,30,5.13,10.3,18,37,104,945,40,11,4,55,8.331859656,200,162,16.56823303,22.23418367,9.909678128,6.892816804,433,32,8,4,44,512,8,3,0,11,477,523,149,13,181,19
46,1000,30,5.13,10.3,18,37,0,938,33,14,15,62,7.047,105,80,7.460790177,9.013717223,6.587044534,7.496047431,469,13,5,7,25,469,20,9,8,37,494,506,44,36,65,40
41,1000,30,5.13,10.3,18,37,12,947,25,11,17,53,7.463514212,81,88,7.707752342,9.127559121,6.667683808,8.268952226,488,7,3,5,15,459,18,8,12,38,503,497,52,36,52,29
39,1000,30,5.13,10.3,18,37,102,943,33,16,8,57,8.918747324,203,166,30.62971774,41.43521209,10.27925434,7.657853536,443,22,9,7,38,500,11,7,1,19,481,519,155,11,186,17
42,1000,30,5.13,10.3,18,37,12,956,25,6,13,44,7.558446688,118,94,7.713135246,9.479158943,7.038014718,8.054483409,472,12,1,3,16,484,13,5,10,28,488,512,61,33,100,18
40,1000,30,5.13,10.3,18,37,39,959,23,8,10,41,7.643458259,127,83,8.236167649,11.04267569,7.314540914,7.958214779,468,13,5,3,21,491,10,3,7,20,489,511,62,21,102,25
45,1000,30,5.13,10.3,18,37,2,939,27,12,22,61,7.339896766,103,81,7.555632486,9.238400113,6.462011878,8.22130023,479,11,6,5,22,460,16,6,17,39,501,499,47,34,72,31
43,1000,30,5.13,10.3,18,37,12,951,25,12,12,49,7.328112698,80,92,7.648221612,9.092225446,6.772432152,7.915807761,495,7,6,6,19,456,18,6,6,30,514,486,44,48,55,25
44,1000,30,5.13,10.3,18,37,11,960,16,15,9,40,7.175709241,105,74,7.637096319,8.777962077,6.628274656,7.800511455,517,5,6,5,16,443,11,9,4,24,533,467,45,29,72,33
41,1000,30,5.13,10.3,18,37,13,947,25,11,17,53,7.480116076,97,88,7.721666275,9.167312965,6.694488784,8.275227802,488,7,3,5,15,459,18,8,12,38,503,497,60,28,76,21
46,1000,30,5.13,10.3,18,37,1,938,34,14,14,62,7.037409866,112,104,7.480003569,9.047306387,6.584183308,7.479887969,469,14,5,6,25,469,20,9,8,37,494,506,55,49,78,34
39,1000,30,5.13,10.3,18,37,103,945,32,16,7,55,8.883808536,202,165,31.03889551,41.90457325,10.28680945,7.583532156,444,21,10,6,37,501,11,6,1,18,481,519,144,21,189,13
42,1000,30,5.13,10.3,18,37,13,957,24,6,13,43,7.598517615,80,87,7.717954486,9.49608015,7.114526037,8.059822087,472,12,1,3,16,485,12,5,10,27,488,512,56,31,60,20
40,1000,30,5.13,10.3,18,37,40,959,23,8,10,41,7.647422806,116,86,8.276171309,11.08028733,7.333508451,7.947822258,468,13,5,3,21,491,10,3,7,20,489,511,59,27,96,20
44,1000,30,5.13,10.3,18,37,12,959,16,16,9,41,7.180645097,85,78,7.654664907,8.787657256,6.650711048,7.785473465,516,6,6,5,17,443,10,10,4,24,533,467,52,26,59,26
43,1000,30,5.13,10.3,18,37,13,952,24,12,12,48,7.335695122,112,79,7.645736007,9.112194365,6.821410275,7.879609548,495,7,6,6,19,457,17,6,6,29,514,486,42,37,88,24
45,1000,30,5.13,10.3,18,37,3,939,27,13,21,61,7.360742117,107,74,7.557882029,9.245857196,6.483026164,8.24197597,479,11,6,5,22,460,16,7,16,39,501,499,44,30,71,36
41,1000,30,5.13,10.3,18,37,14,949,24,11,16,51,7.453417757,94,74,7.753355503,9.212392454,6.730610843,8.18495071,488,7,3,5,15,461,17,8,11,36,503,497,45,29,71,23
39,1000,30,5.13,10.3,18,37,104,944,33,16,7,56,8.873222108,205,169,32.39503312,43.38101005,10.28898955,7.56111394,444,21,10,6,37,500,12,6,1,19,481,519,152,17,186,19
47,1000,30,5.13,10.3,18,37,0,942,30,13,15,58,6.944,95,82,7.434540869,8.807586162,6.547058824,7.357142857,483,18,4,5,27,459,12,9,10,31,510,490,52,30,59,36
46,1000,30,5.13,10.3,18,37,2,939,34,12,15,61,7.067165496,90,70,7.4876566,9.069724027,6.597692312,7.525504928,470,14,4,6,24,469,20,8,9,37,494,506,43,27,56,34
42,1000,30,5.13,10.3,18,37,14,956,25,6,13,44,7.624382966,105,69,7.748552712,9.537314694,7.127087983,8.098367246,472,12,1,3,16,484,13,5,10,28,488,512,44,25,80,25
44,1000,30,5.13,10.3,18,37,13,961,15,15,9,39,7.199593448,101,93,7.644195888,8.797292626,6.692767727,7.778047644,516,6,6,5,17,445,9,9,4,22,533,467,61,32,66,35
43,1000,30,5.13,10.3,18,37,14,953,24,12,11,47,7.357493291,102,78,7.6648262,9.127743496,6.825140329,7.920516795,495,7,6,6,19,458,17,6,5,28,514,486,48,30,73,29
45,1000,30,5.13,10.3,18,37,4,939,27,13,21,61,7.389109825,105,84,7.570736403,9.285008189,6.562738236,8.218793525,479,11,6,5,22,460,16,7,16,39,501,499,47,37,72,33
40,1000,30,5.13,10.3,18,37,41,960,23,8,9,40,7.675659224,121,82,8.334136048,11.17851847,7.394080618,7.945115072,468,13,5,3,21,492,10,3,6,19,489,511,55,27,104,17
41,1000,30,5.13,10.3,18,37,15,949,23,13,15,51,7.492347269,96,88,7.770963261,9.229212919,6.818944191,8.173879961,488,6,4,5,15,461,17,9,10,36,503,497,53,35,68,28
47,1000,30,5.13,10.3,18,37,1,944,28,13,15,56,6.909079789,99,93,7.444882773,8.835403661,6.521179544,7.312812697,484,17,4,5,26,460,11,9,10,30,510,490,53,40,67,32
46,1000,30,5.13,10.3,18,37,3,941,32,12,15,59,7.064537434,98,83,7.505407563,9.104982742,6.602531843,7.515586371,471,13,4,6,23,470,19,8,9,36,494,506,46,37,67,31
42,1000,30,5.13,10.3,18,37,15,956,25,6,13,44,7.644370921,109,99,7.773313444,9.562402754,7.162291645,8.103852731,472,12,1,3,16,484,13,5,10,28,488,512,55,44,71,38
44,1000,30,5.13,10.3,18,37,14,964,15,12,9,36,7.204970497,94,89,7.699375665,8.805790018,6.705174597,7.775401363,517,6,5,5,16,447,9,7,4,20,533,467,56,33,66,28
43,1000,30,5.13,10.3,18,37,15,953,24,12,11,47,7.411969732,93,77,7.677482162,9.167208395,6.912937579,7.939752708,495,7,6,6,19,458,17,6,5,28,514,486,52,25,64,29
45,1000,30,5.13,10.3,18,37,5,939,27,13,21,61,7.387296692,106,82,7.606508254,9.322945051,6.574104902,8.203747767,479,11,6,5,22,460,16,7,16,39,501,499,42,40,68,38
41,1000,30,5.13,10.3,18,37,16,951,23,11,15,49,7.52909238,97,78,7.799428922,9.276501777,6.849171648,8.21722141,488,6,4,5,15,463,17,7,10,34,503,497,51,27,69,28
40,1000,30,5.13,10.3,18,37,42,960,23,8,9,40,7.702833967,127,75,8.368708105,11.23541728,7.468481364,7.927097026,468,13,5,3,21,492,10,3,6,19,489,511,48,27,108,19
47,1000,30,5.13,10.3,18,37,2,943,29,12,16,57,6.945624362,74,88,7.436001161,8.863254345,6.580556688,7.325592757,484,17,3,6,26,459,12,9,10,31,510,490,46,42,45,29
46,1000,30,5.13,10.3,18,37,4,939,34,12,15,61,7.115333996,88,70,7.512390167,9.120024228,6.675636202,7.544604175,470,14,4,6,24,469,20,8,9,37,494,506,46,24,70,18
42,1000,30,5.13,10.3,18,37,16,958,24,5,13,42,7.619438042,105,80,7.807474988,9.597590297,7.180430957,8.03786667,472,12,1,3,16,486,12,4,10,26,488,512,48,32,81,24
44,1000,30,5.13,10.3,18,37,15,964,13,14,9,36,7.221743707,98,78,7.7041635,8.826468334,6.703096764,7.81368979,518,5,5,5,15,446,8,9,4,21,533,467,41,37,59,39
43,1000,30,5.13,10.3,18,37,16,952,25,12,11,48,7.41700541,97,83,7.68666835,9.199341295,6.924325594,7.938070071,495,7,6,6,19,457,18,6,5,29,514,486,52,31,68,29
45,1000,30,5.13,10.3,18,37,6,937,29,12,22,63,7.418859178,115,83,7.614343744,9.388947804,6.598929637,8.24207501,478,12,6,5,23,459,17,6,17,40,501,499,48,35,78,37
41,1000,30,5.13,10.3,18,37,17,951,23,11,15,49,7.544686313,96,71,7.796585948,9.296798019,6.889005125,8.20828317,488,6,4,5,15,463,17,7,10,34,503,497,40,31,65,31
47,1000,30,5.13,10.3,18,37,3,943,31,11,15,57,6.98951666,91,77,7.439877022,8.895541673,6.6702113,7.321854893,482,19,3,6,28,461,12,8,9,29,510,490,45,32,62,29
46,1000,30,5.13,10.3,18,37,5,941,33,12,14,59,7.140993242,92,83,7.544587113,9.169342336,6.729251813,7.542970051,470,13,5,6,24,471,20,7,8,35,494,506,50,33,65,27
40,1000,30,5.13,10.3,18,37,43,960,23,8,9,40,7.739892816,108,80,8.426300195,11.32704204,7.551632288,7.920048194,467,14,5,3,22,493,9,3,6,18,489,511,58,22,90,18
42,1000,30,5.13,10.3,18,37,17,959,24,5,12,41,7.640751681,100,89,7.829684468,9.643292629,7.258807217,8.004792498,471,13,1,3,17,488,11,4,9,24,488,512,52,37,71,29
44,1000,30,5.13,10.3,18,37,16,965,13,13,9,35,7.23324336,80,79,7.736884237,8.898927323,6.713738786,7.82616828,518,5,5,5,15,447,8,8,4,20,533,467,46,33,55,25
43,1000,30,5.13,10.3,18,37,17,952,25,12,11,48,7.464745213,76,76,7.711561202,9.243061638,6.935578831,8.024398547,496,6,6,6,18,456,19,6,5,30,514,486,47,29,57,19
41,1000,30,5.13,10.3,18,37,18,951,23,11,15,49,7.579922006,82,89,7.804856861,9.303960245,6.911115712,8.256802421,488,6,4,5,15,463,17,7,10,34,503,497,57,32,57,25
45,1000,30,5.13,10.3,18,37,7,936,30,12,22,64,7.461937549,88,84,7.620336134,9.417284562,6.650214673,8.276913824,476,14,6,5,25,460,16,6,17,39,501,499,47,37,62,26
47,1000,30,5.13,10.3,18,37,4,943,31,11,15,57,7.006153748,89,84,7.470428952,8.922130947,6.696517963,7.328427728,482,19,3,6,28,461,12,8,9,29,510,490,43,41,65,24
46,1000,30,5.13,10.3,18,37,6,941,32,13,14,59,7.160064081,91,72,7.543600659,9.195139695,6.743201316,7.567040773,470,13,5,6,24,471,19,8,8,35,494,506,50,22,57,34
40,1000,30,5.13,10.3,18,37,44,960,24,7,9,40,7.774134194,125,91,8.478938821,11.41985311,7.546238218,7.992218602,467,15,4,3,22,493,9,3,6,18,489,511,60,31,96,29
42,1000,30,5.13,10.3,18,37,18,958,26,5,11,42,7.648745293,90,75,7.854732086,9.655376803,7.272973617,8.006902672,471,13,1,3,17,487,13,4,8,25,488,512,40,35,71,19
44,1000,30,5.13,10.3,18,37,17,966,13,12,9,34,7.238609717,76,81,7.746490733,8.939059731,6.709585006,7.842400233,519,5,4,5,14,447,8,8,4,20,533,467,53,28,50,26
43,1000,30,5.13,10.3,18,37,18,951,26,12,11,49,7.513489074,105,66,7.739371834,9.282352459,6.970952544,8.087282853,495,7,6,6,19,456,19,6,5,30,514,486,46,20,68,37
41,1000,30,5.13,10.3,18,37,19,952,22,11,15,48,7.602155855,102,87,7.834382375,9.361451168,7.005033852,8.206486574,488,6,4,5,15,464,16,7,10,33,503,497,60,27,75,27
45,1000,30,5.13,10.3,18,37,8,938,28,11,23,62,7.475732363,89,81,7.645556269,9.46973331,6.704823692,8.249730848,476,14,6,5,25,462,14,5,18,37,501,499,51,30,66,23
47,1000,30,5.13,10.3,18,37,5,942,31,11,16,58,7.021711159,91,74,7.481196665,8.949833866,6.730813826,7.324481852,481,19,3,7,29,461,12,8,9,29,510,490,36,38,61,30
46,1000,30,5.13,10.3,18,37,7,941,30,15,14,59,7.192291607,97,71,7.534130953,9.236222081,6.815434538,7.560211354,469,13,6,6,25,472,17,9,8,34,494,506,45,26,66,31
42,1000,30,5.13,10.3,18,37,19,960,25,4,11,40,7.662389745,100,77,7.879775577,9.695048622,7.329151295,7.980007643,471,13,1,3,17,489,12,3,8,23,488,512,43,34,74,26
40,1000,30,5.13,10.3,18,37,45,959,25,7,9,41,7.797463645,121,81,8.514988071,11.50312792,7.597789234,7.988541507,467,15,4,3,22,492,10,3,6,19,489,511,62,19,94,27
44,1000,30,5.13,10.3,18,37,18,966,12,13,9,34,7.251050356,109,80,7.745751595,8.980236071,6.731183268,7.844389024,519,4,5,5,14,447,8,8,4,20,533,467,48,32,74,35
43,1000,30,5.13,10.3,18,37,19,952,25,12,11,48,7.536792002,112,72,7.776735119,9.306643854,6.985805049,8.11952306,496,6,6,6,18,456,19,6,5,30,514,486,46,26,78,34
45,1000,30,5.13,10.3,18,37,9,938,29,11,22,62,7.514200243,104,85,7.679632415,9.522114865,6.776736557,8.254619696,476,13,7,5,25,462,16,4,17,37,501,499,45,40,79,25
41,1000,30,5.13,10.3,18,37,20,952,21,12,15,48,7.623224645,90,81,7.865644718,9.42398346,7.035450272,8.218094885,487,7,4,5,16,465,14,8,10,32,503,497,46,35,70,20
47,1000,30,5.13,10.3,18,37,6,943,31,11,15,57,7.042709726,114,96,7.489139843,8.962414866,6.789173159,7.306594724,481,19,3,7,29,462,12,8,8,28,510,490,61,35,75,39
46,1000,30,5.13,10.3,18,37,8,939,32,15,14,61,7.203052205,100,83,7.546493947,9.270582248,6.825610781,7.571542448,468,14,6,6,26,471,18,9,8,35,494,506,53,30,71,29
42,1000,30,5.13,10.3,18,37,20,960,26,4,10,40,7.670780736,127,91,7.894781085,9.74316549,7.377775927,7.950050945,471,13,1,3,17,489,13,3,7,23,488,512,47,44,86,41
44,1000,30,5.13,10.3,18,37,19,968,11,12,9,32,7.235464675,90,70,7.781918715,9.014516379,6.762067122,7.775766379,519,4,5,5,14,449,7,7,4,18,533,467,44,26,67,23
40,1000,30,5.13,10.3,18,37,46,959,25,7,9,41,7.779176632,112,81,8.556879906,11.56386196,7.581030082,7.968792411,467,15,4,3,22,492,10,3,6,19,489,511,55,26,92,20
43,1000,30,5.13,10.3,18,37,20,953,25,11,11,47,7.530914927,97,72,7.785992722,9.361993324,7.034293381,8.056148414,496,6,6,6,18,457,19,5,5,29,514,486,46,26,70,27
41,1000,30,5.13,10.3,18,37,21,953,20,12,15,47,7.644880405,86,92,7.934795126,9.483718659,7.105424611,8.190848744,487,7,4,5,16,466,13,8,10,31,503,497,61,31,58,28
45,1000,30,5.13,10.3,18,37,10,937,31,11,21,63,7.538242463,108,79,7.710182541,9.557079158,6.823629358,8.255719749,475,14,7,5,26,462,17,4,16,37,501,499,45,34,75,33
47,1000,30,5.13,10.3,18,37,7,945,29,11,15,55,7.051976614,76,75,7.492880576,8.990648436,6.857678081,7.2542057,481,19,3,7,29,464,10,8,8,26,510,490,43,32,50,26
46,1000,30,5.13,10.3,18,37,9,943,30,14,13,57,7.227406029,92,83,7.550709841,9.330287883,6.89351013,7.553383448,469,13,6,6,25,474,17,8,7,32,494,506,46,37,70,22
42,1000,30,5.13,10.3,18,37,21,962,24,4,10,38,7.676146572,104,89,7.922630653,9.783928044,7.410419501,7.929417688,472,12,1,3,16,490,12,3,7,22,488,512,52,37,78,26
44,1000,30,5.13,10.3,18,37,20,968,12,11,9,32,7.261954076,103,72,7.783535473,9.070796611,6.795008739,7.794891687,519,4,5,5,14,449,8,6,4,18,533,467,51,21,66,37
43,1000,30,5.13,10.3,18,37,21,954,24,10,12,46,7.56978639,99,80,7.818257192,9.395264402,7.06774787,8.10074894,497,5,5,7,17,457,19,5,5,29,514,486,54,26,71,28
40,1000,30,5.13,10.3,18,37,47,957,27,7,9,43,7.831004676,128,85,8.609280132,11.62078383,7.6621319,7.992607,464,18,4,3,25,493,9,3,6,18,489,511,61,24,109,19
41,1000,30,5.13,10.3,18,37,22,953,19,13,15,47,7.663853899,103,82,7.964845492,9.528775723,7.150889743,8.183010781,487,7,4,5,16,466,12,9,10,31,503,497,52,30,74,29
45,1000,30,5.13,10.3,18,37,11,938,31,11,20,62,7.522394711,124,75,7.730294983,9.607909073,6.856931584,8.190525025,476,13,7,5,25,462,18,4,15,37,501,499,44,31,89,35
47,1000,30,5.13,10.3,18,37,8,946,28,12,14,54,7.061697592,93,83,7.510707864,9.04037789,6.851987994,7.279966765,482,17,4,7,28,464,11,8,7,26,510,490,53,30,65,28
46,1000,30,5.13,10.3,18,37,10,943,31,13,13,57,7.245602756,84,74,7.562091407,9.356026094,6.894649209,7.588233294,469,14,5,6,25,474,17,8,7,32,494,506,41,33,58,26
42,1000,30,5.13,10.3,18,37,22,962,24,4,10,38,7.707456557,90,87,7.962898937,9.84447457,7.456917467,7.946251628,472,12,1,3,16,490,12,3,7,22,488,512,57,30,65,25
44,1000,30,5.13,10.3,18,37,21,970,11,10,9,30,7.281076298,78,83,7.787295537,9.087057463,6.824183096,7.802541129,519,4,5,5,14,451,7,5,4,16,533,467,47,36,46,32
43,1000,30,5.13,10.3,18,37,22,955,23,10,12,45,7.573383878,81,92,7.838258579,9.417275747,7.084125687,8.090829783,497,5,5,7,17,458,18,5,5,28,514,486,64,28,65,16
40,1000,30,5.13,10.3,18,37,48,955,28,8,9,45,7.851581719,111,100,8.648067685,11.68955119,7.704090746,7.992722787,463,18,5,3,26,492,10,3,6,19,489,511,78,22,93,18
41,1000,30,5.13,10.3,18,37,23,952,20,13,15,48,7.690918749,100,84,8.012813574,9.589648435,7.208383798,8.179279072,487,7,4,5,16,465,13,9,10,32,503,497,53,31,71,29
45,1000,30,5.13,10.3,18,37,12,940,29,11,20,60,7.510997855,115,79,7.745350853,9.633071515,6.874691825,8.14985421,476,13,7,5,25,464,16,4,15,35,501,499,45,34,76,39
47,1000,30,5.13,10.3,18,37,9,948,27,11,14,52,7.052484326,99,70,7.511538485,9.081214052,6.865423157,7.247180644,483,16,4,7,27,465,11,7,7,25,510,490,44,26,70,29
46,1000,30,5.13,10.3,18,37,11,944,29,14,13,56,7.264481269,93,97,7.602752614,9.413685766,6.939437132,7.581816848,469,13,6,6,25,475,16,8,7,31,494,506,55,42,70,23
42,1000,30,5.13,10.3,18,37,23,962,24,4,10,38,7.685607682,102,77,7.978387023,9.897515824,7.45489369,7.905506956,472,12,1,3,16,490,12,3,7,22,488,512,48,29,80,22
44,1000,30,5.13,10.3,18,37,22,970,11,10,9,30,7.271246346,81,69,7.806557386,9.133953855,6.854228766,7.747200029,519,4,5,5,14,451,7,5,4,16,533,467,38,31,63,18
43,1000,30,5.13,10.3,18,37,23,955,23,10,12,45,7.593636711,97,85,7.856746782,9.455257416,7.116451447,8.098314131,497,5,5,7,17,458,18,5,5,28,514,486,59,26,68,29
41,1000,30,5.13,10.3,18,37,24,953,20,12,15,47,7.720927988,110,85,8.033550466,9.627120172,7.250469604,8.19706595,487,8,3,5,16,466,12,9,10,31,503,497,51,34,81,29
40,1000,30,5.13,10.3,18,37,49,955,28,8,9,45,7.858059744,130,90,8.715320291,11.7570968,7.742537556,7.968608374,463,18,5,3,26,492,10,3,6,19,489,511,67,23,112,18
45,1000,30,5.13,10.3,18,37,13,940,29,11,20,60,7.519887203,110,72,7.76902236,9.677092251,6.910895737,8.131319518,476,13,7,5,25,464,16,4,15,35,501,499,36,36,78,32
47,1000,30,5.13,10.3,18,37,10,949,29,10,12,51,7.022836675,96,64,7.532779036,9.128972277,6.897312267,7.153484529,483,16,4,7,27,466,13,6,5,24,510,490,34,30,68,28
46,1000,30,5.13,10.3,18,37,12,942,31,15,12,58,7.265941184,92,93,7.62617933,9.465992752,6.928658895,7.595224683,469,13,7,5,25,473,18,8,7,33,494,506,61,32,62,30
42,1000,30,5.13,10.3,18,37,24,962,24,4,10,38,7.697669299,94,98,7.996067352,9.969991094,7.506012844,7.880341857,471,13,1,3,17,491,11,3,7,21,488,512,65,33,67,27
44,1000,30,5.13,10.3,18,37,23,970,11,10,9,30,7.282422487,95,86,7.82784891,9.182836082,6.891035063,7.729123766,519,4,5,5,14,451,7,5,4,16,533,467,49,37,65,30
43,1000,30,5.13,10.3,18,37,24,955,22,10,13,45,7.645997058,90,82,7.872813649,9.485486474,7.176567364,8.142472084,497,5,5,7,17,458,17,5,6,28,514,486,51,31,60,30
41,1000,30,5.13,10.3,18,37,25,954,20,11,15,46,7.751108308,100,85,8.09303057,9.68861698,7.283566964,8.224294015,487,8,3,5,16,467,12,8,10,30,503,497,62,23,76,24
45,1000,30,5.13,10.3,18,37,14,942,28,9,21,58,7.472446242,109,89,7.78703505,9.733980411,6.902523868,8.044652875,477,12,6,6,24,465,16,3,15,34,501,499,51,38,82,27
40,1000,30,5.13,10.3,18,37,50,956,26,9,9,44,7.836032903,130,96,8.769150665,11.85520949,7.73334594,7.934298901,464,16,6,3,25,492,10,3,6,19,489,511,60,36,103,27
47,1000,30,5.13,10.3,18,37,11,948,31,8,13,52,7.050430335,76,89,7.550988617,9.179498393,6.963149606,7.141273542,482,17,3,8,28,466,14,5,5,24,510,490,51,38,55,21
46,1000,30,5.13,10.3,18,37,13,945,30,13,12,55,7.242934125,106,82,7.637235445,9.504947562,6.972710476,7.506749308,469,13,7,5,25,476,17,6,7,30,494,506,49,33,81,25
42,1000,30,5.13,10.3,18,37,25,962,24,4,10,38,7.70623293,112,89,8.018332105,9.989306896,7.543710468,7.861137152,470,14,1,3,18,492,10,3,7,20,488,512,53,36,92,20
44,1000,30,5.13,10.3,18,37,24,971,11,9,9,29,7.275602878,102,73,7.864402418,9.222909596,6.897180282,7.70750704,519,4,5,5,14,452,7,4,4,15,533,467,48,25,76,26
43,1000,30,5.13,10.3,18,37,25,956,22,10,12,44,7.666837648,89,82,7.868595082,9.512965881,7.213654666,8.146129938,497,5,5,7,17,459,17,5,5,27,514,486,62,20,64,25
41,1000,30,5.13,10.3,18,37,26,955,21,11,13,45,7.735814575,97,71,8.118212143,9.724226011,7.306618051,8.170192545,488,8,3,4,15,467,13,8,9,30,503,497,47,24,66,31
45,1000,30,5.13,10.3,18,37,15,942,28,9,21,58,7.489358486,89,96,7.804903354,9.752709384,6.930483844,8.050473108,477,12,6,6,24,465,16,3,15,34,501,499,59,37,66,23
47,1000,30,5.13,10.3,18,37,12,947,32,8,13,53,7.073382137,96,73,7.560425235,9.199761208,7.014621199,7.134541482,482,17,3,8,28,465,15,5,5,25,510,490,37,36,60,36
46,1000,30,5.13,10.3,18,37,14,946,30,12,12,54,7.274743297,102,80,7.635821935,9.550995607,7.016346057,7.52701254,469,13,7,5,25,477,17,5,7,29,494,506,50,30,67,35
40,1000,30,5.13,10.3,18,37,51,956,26,9,9,44,7.849475189,145,105,8.835204893,11.95046502,7.762139952,7.933050396,464,16,6,3,25,492,10,3,6,19,489,511,72,33,117,28
42,1000,30,5.13,10.3,18,37,26,962,24,4,10,38,7.729664771,97,100,8.061898874,10.06877632,7.608739527,7.844921644,469,15,1,3,19,493,9,3,7,19,488,512,58,42,75,22
44,1000,30,5.13,10.3,18,37,25,970,12,9,9,30,7.299805996,82,88,7.866426164,9.262141149,6.926028284,7.726408823,518,5,5,5,15,452,7,4,4,15,533,467,51,37,64,18
43,1000,30,5.13,10.3,18,37,26,956,22,10,12,44,7.687414784,99,64,7.895354184,9.554130165,7.251453613,8.14849306,497,5,5,7,17,459,17,5,5,27,514,486,35,29,67,32
41,1000,30,5.13,10.3,18,37,27,957,20,10,13,43,7.719729207,107,90,8.147399486,9.811982354,7.30731828,8.137118937,488,8,3,4,15,469,12,7,9,28,503,497,57,33,74,33
45,1000,30,5.13,10.3,18,37,16,943,28,8,21,57,7.50925781,106,92,7.833041721,9.788106421,6.94059175,8.080203093,478,12,5,6,23,465,16,3,15,34,501,499,52,40,76,30
47,1000,30,5.13,10.3,18,37,13,947,33,7,13,53,7.082972635,72,80,7.571224734,9.211126045,7.030255824,7.137841152,482,18,3,7,28,465,15,4,6,25,510,490,44,36,53,19
46,1000,30,5.13,10.3,18,37,15,947,30,11,12,53,7.305120945,113,84,7.656491005,9.607700837,7.074339239,7.530429567,469,13,7,5,25,478,17,4,7,28,494,506,54,30,78,35
42,1000,30,5.13,10.3,18,37,27,960,26,4,10,40,7.775398954,99,91,8.106061454,10.13669668,7.658978202,7.886362484,468,16,1,3,20,492,10,3,7,20,488,512,52,39,79,20
44,1000,30,5.13,10.3,18,37,26,970,11,10,9,30,7.311414333,94,88,7.880724564,9.309180091,6.984597026,7.684419954,518,5,5,5,15,452,6,5,4,15,533,467,58,30,68,26
40,1000,30,5.13,10.3,18,37,52,956,26,9,9,44,7.858672875,116,107,8.89569398,12.03378416,7.810634819,7.904642756,464,16,6,3,25,492,10,3,6,19,489,511,84,23,101,15
43,1000,30,5.13,10.3,18,37,27,956,22,10,12,44,7.746293421,100,90,7.94554443,9.656925306,7.290347623,8.228507701,497,5,5,7,17,459,17,5,5,27,514,486,57,33,76,24
41,1000,30,5.13,10.3,18,37,28,956,21,10,13,44,7.766517847,121,90,8.176745509,9.87766754,7.386596213,8.151026059,487,9,3,4,16,469,12,7,9,28,503,497,61,29,84,37
45,1000,30,5.13,10.3,18,37,17,941,31,7,21,59,7.536998393,80,92,7.853712323,9.825618228,6.954437128,8.121894573,477,13,5,6,24,464,18,2,15,35,501,499,56,36,52,28
47,1000,30,5.13,10.3,18,37,14,947,33,7,13,53,7.075442797,106,74,7.616044277,9.245758656,7.022361773,7.130690394,482,18,3,7,28,465,15,4,6,25,510,490,49,25,69,37
46,1000,30,5.13,10.3,18,37,16,947,30,11,12,53,7.32727195,112,79,7.673510596,9.644118476,7.077507931,7.57111271,469,13,7,5,25,478,17,4,7,28,494,506,54,25,75,37
42,1000,30,5.13,10.3,18,37,28,960,27,4,9,40,7.771994215,97,88,8.147408724,10.19007697,7.69014638,7.850005433,468,16,1,3,20,492,11,3,6,20,488,512,67,21,70,27
44,1000,30,5.13,10.3,18,37,27,971,11,9,9,29,7.345210334,96,87,7.914298105,9.348950711,7.043743965,7.689282229,518,5,5,5,15,453,6,4,4,14,533,467,57,30,69,27
40,1000,30,5.13,10.3,18,37,53,955,26,10,9,45,7.882736904,143,107,8.932316627,12.0836724,7.85433461,7.909916398,464,16,6,3,25,491,10,4,6,20,489,511,83,24,120,23
43,1000,30,5.13,10.3,18,37,28,956,22,10,12,44,7.768622666,98,98,7.980752623,9.723228626,7.328623618,8.233971453,497,5,5,7,17,459,17,5,5,27,514,486,71,27,78,20
41,1000,30,5.13,10.3,18,37,29,956,21,10,13,44,7.784900247,103,81,8.211038139,9.926856123,7.396743099,8.177743396,487,9,3,4,16,469,12,7,9,28,503,497,51,30,81,22
45,1000,30,5.13,10.3,18,37,18,941,30,8,21,59,7.564186395,95,90,7.872373696,9.858687415,6.968732651,8.162026728,477,12,6,6,24,464,18,2,15,35,501,499,51,39,75,20
47,1000,30,5.13,10.3,18,37,15,947,34,8,11,53,7.106508001,91,68,7.654968384,9.300885853,7.070621137,7.143859635,482,18,3,7,28,465,16,5,4,25,510,490,37,31,71,20
42,1000,30,5.13,10.3,18,37,29,960,26,5,9,40,7.798892885,100,100,8.184662762,10.24880519,7.739399668,7.855597358,468,15,2,3,20,492,11,3,6,20,488,512,58,42,81,19
46,1000,30,5.13,10.3,18,37,17,947,30,11,12,53,7.332690461,107,84,7.693718745,9.697341838,7.108601053,7.551465496,469,13,7,5,25,478,17,4,7,28,494,506,47,37,82,25
44,1000,30,5.13,10.3,18,37,28,970,12,9,9,30,7.376001397,97,81,7.936418209,9.371387026,7.094070351,7.697777087,517,6,5,5,16,453,6,4,4,14,533,467,50,31,67,30
43,1000,30,5.13,10.3,18,37,29,956,22,10,12,44,7.78248881,108,98,8.000887423,9.739430007,7.356711354,8.232796654,497,5,5,7,17,459,17,5,5,27,514,486,64,34,77,31
40,1000,30,5.13,10.3,18,37,54,954,27,10,9,46,7.926299093,151,97,8.992533873,12.19416522,7.881774036,7.968907219,464,16,6,3,25,490,11,4,6,21,489,511,69,28,108,43
41,1000,30,5.13,10.3,18,37,30,958,19,10,13,42,7.809216857,105,81,8.228167609,9.969196484,7.453816284,8.16890798,487,9,3,4,16,471,10,7,9,26,503,497,54,27,85,20
45,1000,30,5.13,10.3,18,37,19,943,29,7,21,57,7.562564627,90,81,7.930566462,9.924116042,6.951482443,8.176096038,479,12,4,6,22,464,17,3,15,35,501,499,48,33,66,24
47,1000,30,5.13,10.3,18,37,16,948,33,7,12,52,7.127020125,99,88,7.65795993,9.339574032,7.075945701,7.180179219,483,17,3,7,27,465,16,4,5,25,510,490,48,40,72,27
42,1000,30,5.13,10.3,18,37,30,959,27,5,9,41,7.830234428,99,88,8.239761113,10.29083153,7.784709089,7.873625766,467,16,2,3,21,492,11,3,6,20,488,512,55,33,75,24
46,1000,30,5.13,10.3,18,37,18,948,29,12,11,52,7.319542875,103,86,7.728606891,9.744090583,7.124450062,7.51000898,469,12,8,5,25,479,17,4,6,27,494,506,52,34,78,25
44,1000,30,5.13,10.3,18,37,29,969,13,9,9,31,7.414094057,89,98,7.956473026,9.405324521,7.138660664,7.728453796,517,6,5,5,16,452,7,4,4,15,533,467,70,28,64,25
43,1000,30,5.13,10.3,18,37,30,958,20,10,12,42,7.808943963,107,88,8.028912169,9.771073829,7.360622245,8.283094916,497,5,5,7,17,461,15,5,5,25,514,486,58,30,83,24
41,1000,30,5.13,10.3,18,37,31,958,19,10,13,42,7.848803647,120,99,8.238741717,10.00698963,7.484758882,8.217243319,487,9,3,4,16,471,10,7,9,26,503,497,66,33,85,35
40,1000,30,5.13,10.3,18,37,55,956,25,9,10,44,7.932738311,153,105,9.081495783,12.33459359,7.948483415,7.917671078,463,16,7,3,26,493,9,2,7,18,489,511,75,30,130,23
45,1000,30,5.13,10.3,18,37,20,944,28,7,21,56,7.562646157,104,81,7.967938834,9.958746877,6.97267171,8.15498523,479,12,4,6,22,465,16,3,15,34,501,499,51,30,73,31
47,1000,30,5.13,10.3,18,37,17,950,31,7,12,50,7.073411168,92,86,7.685441217,9.37348676,7.009200603,7.140242574,485,15,3,7,25,465,16,4,5,25,510,490,54,32,61,31
42,1000,30,5.13,10.3,18,37,31,958,28,5,9,42,7.861131031,118,86,8.279855801,10.33064714,7.822404537,7.898042221,466,17,2,3,22,492,11,3,6,20,488,512,64,22,81,37
44,1000,30,5.13,10.3,18,37,30,971,13,8,8,29,7.413170039,108,88,7.981660953,9.435500572,7.200221662,7.656213904,517,6,5,5,16,454,7,3,3,13,533,467,56,32,85,23
46,1000,30,5.13,10.3,18,37,19,948,29,12,11,52,7.354248709,99,93,7.726907855,9.756484441,7.160113203,7.54378021,469,12,8,5,25,479,17,4,6,27,494,506,60,33,68,31
43,1000,30,5.13,10.3,18,37,31,956,22,10,12,44,7.817123452,114,79,8.042535267,9.788008736,7.40885942,8.24890887,496,6,5,7,18,460,16,5,5,26,514,486,50,29,89,25
41,1000,30,5.13,10.3,18,37,32,961,18,9,12,39,7.820826482,119,78,8.264120386,10.04908043,7.478353386,8.167434062,488,9,2,4,15,473,9,7,8,24,503,497,51,27,89,30
40,1000,30,5.13,10.3,18,37,56,957,24,9,10,43,7.931263485,140,83,9.155232378,12.43713824,7.947386296,7.915834807,464,15,7,3,25,493,9,2,7,18,489,511,69,14,111,29
47,1000,30,5.13,10.3,18,37,18,949,32,7,12,51,7.109167754,94,64,7.712991443,9.456213825,7.082243878,7.137190564,484,16,3,7,26,465,16,4,5,25,510,490,42,22,68,26
45,1000,30,5.13,10.3,18,37,21,945,27,7,21,55,7.577154342,91,95,7.983602537,9.990051931,6.995804117,8.160834627,479,12,4,6,22,466,15,3,15,33,501,499,57,38,71,20
42,1000,30,5.13,10.3,18,37,32,957,28,7,8,43,7.882010749,95,72,8.315400765,10.39148258,7.899540152,7.865303037,465,18,2,3,23,492,10,5,5,20,488,512,47,25,74,21
44,1000,30,5.13,10.3,18,37,31,971,13,8,8,29,7.447720629,99,92,8.011126461,9.485071438,7.268232444,7.652575453,517,6,5,5,16,454,7,3,3,13,533,467,60,32,70,29
46,1000,30,5.13,10.3,18,37,20,946,31,11,12,54,7.38706458,108,96,7.745457098,9.798239797,7.22982206,7.540578029,468,13,7,6,26,478,18,4,6,28,494,506,70,26,84,24
43,1000,30,5.13,10.3,18,37,32,956,22,10,12,44,7.803336278,119,88,8.069559014,9.823666154,7.433447971,8.194535023,496,6,5,7,18,460,16,5,5,26,514,486,51,37,98,21
41,1000,30,5.13,10.3,18,37,33,959,20,9,12,41,7.856070361,107,80,8.288855371,10.10168093,7.572281541,8.143285203,486,11,2,4,17,473,9,7,8,24,503,497,57,23,79,28
40,1000,30,5.13,10.3,18,37,57,956,25,9,10,44,7.9439025,131,102,9.215360895,12.52849813,7.943280747,7.944497484,463,16,7,3,26,493,9,2,7,18,489,511,77,25,108,23
47,1000,30,5.13,10.3,18,37,19,950,31,7,12,50,7.165869528,97,82,7.745491153,9.490594439,7.18487082,7.146092673,484,16,3,7,26,466,15,4,5,24,510,490,52,30,72,25
42,1000,30,5.13,10.3,18,37,33,958,25,9,8,42,7.885323255,115,100,8.342528447,10.4228056,7.931662261,7.841156391,465,16,4,3,23,493,9,5,5,19,488,512,61,39,82,33
45,1000,30,5.13,10.3,18,37,22,945,27,7,21,55,7.602760752,119,73,8.030588947,10.06347467,7.024861034,8.182976701,479,12,4,6,22,466,15,3,15,33,501,499,50,23,87,32
44,1000,30,5.13,10.3,18,37,32,971,13,8,8,29,7.438722713,82,85,8.027707536,9.528040102,7.279771631,7.620137973,517,6,5,5,16,454,7,3,3,13,533,467,51,34,62,20
46,1000,30,5.13,10.3,18,37,21,946,29,13,12,54,7.408552615,103,82,7.750505392,9.821915609,7.271729228,7.542131179,468,12,8,6,26,478,17,5,6,28,494,506,64,18,76,27
43,1000,30,5.13,10.3,18,37,33,957,22,9,12,43,7.80805224,108,91,8.125245353,9.890098533,7.470450132,8.165104674,496,6,5,7,18,461,16,4,5,25,514,486,64,27,78,30
41,1000,30,5.13,10.3,18,37,34,959,21,8,12,41,7.870114528,112,95,8.287190038,10.12425138,7.605499928,8.137923671,487,11,1,4,16,472,10,7,8,25,503,497,62,33,81,31
42,1000,30,5.13,10.3,18,37,34,959,23,9,9,41,7.913811731,99,93,8.37615522,10.46582685,7.973686444,7.856743645,466,15,4,3,22,493,8,5,6,19,488,512,70,23,78,21
47,1000,30,5.13,10.3,18,37,20,951,31,7,11,49,7.15449949,105,84,7.759185806,9.53589025,7.215507376,7.091001487,484,16,3,7,26,467,15,4,4,23,510,490,51,33,72,33
45,1000,30,5.13,10.3,18,37,23,946,25,8,21,54,7.617228148,107,72,8.068252605,10.13104102,7.064528144,8.172143383,479,12,4,6,22,467,13,4,15,32,501,499,39,33,81,26
44,1000,30,5.13,10.3,18,37,33,971,13,8,8,29,7.482422053,110,85,8.061504353,9.547631699,7.350753642,7.632698847,517,6,5,5,16,454,7,3,3,13,533,467,50,35,87,23
40,1000,30,5.13,10.3,18,37,58,956,25,9,10,44,7.948094713,137,88,9.274721591,12.63844392,7.961637257,7.935135215,463,16,7,3,26,493,9,2,7,18,489,511,65,23,124,13
46,1000,30,5.13,10.3,18,37,22,945,30,14,11,55,7.414064423,101,77,7.760620242,9.856284343,7.315301277,7.510485361,467,13,8,6,27,478,17,6,5,28,494,506,41,36,74,27
43,1000,30,5.13,10.3,18,37,34,957,23,8,12,43,7.817177478,90,68,8.149817375,9.932658011,7.540972911,8.109295065,494,8,5,7,20,463,15,3,5,23,514,486,40,28,71,19
41,1000,30,5.13,10.3,18,37,35,958,21,9,12,42,7.896906918,106,69,8.322979377,10.17379153,7.648749782,8.148059915,487,11,1,4,16,471,10,8,8,26,503,497,42,27,81,25
42,1000,30,5.13,10.3,18,37,35,959,23,9,9,41,7.928594613,108,80,8.398610015,10.50542251,8.018798449,7.842619082,465,16,4,3,23,494,7,5,6,18,488,512,58,22,83,25
47,1000,30,5.13,10.3,18,37,21,951,31,7,11,49,7.174437227,100,93,7.791605945,9.574102985,7.254188208,7.091431103,484,16,3,7,26,467,15,4,4,23,510,490,60,33,72,28
45,1000,30,5.13,10.3,18,37,24,948,25,8,19,52,7.589936925,116,81,8.116513401,10.20668287,7.077471301,8.10445652,480,11,4,6,21,468,14,4,13,31,501,499,44,37,96,20
44,1000,30,5.13,10.3,18,37,34,971,13,8,8,29,7.535680496,90,93,8.089868118,9.590847439,7.40838618,7.680965016,517,6,5,5,16,454,7,3,3,13,533,467,52,41,72,18
46,1000,30,5.13,10.3,18,37,23,946,29,14,11,54,7.411565615,107,66,7.79751338,9.877828215,7.277724556,7.542232578,468,12,8,6,26,478,17,6,5,28,494,506,40,26,84,23
40,1000,30,5.13,10.3,18,37,59,958,24,9,9,42,7.978087682,134,96,9.316865995,12.7521418,8.004557684,7.952757289,463,16,7,3,26,495,8,2,6,16,489,511,67,29,116,18
43,1000,30,5.13,10.3,18,37,35,955,25,8,12,45,7.837639713,119,75,8.159633647,9.973604522,7.55637387,8.135110174,493,9,5,7,21,462,16,3,5,24,514,486,49,26,88,31
41,1000,30,5.13,10.3,18,37,36,957,22,9,12,43,7.910373863,98,89,8.366687551,10.21380948,7.753818702,8.068819026,485,13,1,4,18,472,9,8,8,25,503,497,62,27,76,22
42,1000,30,5.13,10.3,18,37,36,957,24,10,9,43,7.924310941,103,86,8.467571977,10.58011597,8.054779351,7.799958237,465,16,4,3,23,492,8,6,6,20,488,512,58,28,78,25
47,1000,30,5.13,10.3,18,37,22,952,31,6,11,48,7.179963678,100,88,7.811200854,9.592463203,7.243107525,7.114242531,485,16,2,7,25,467,15,4,4,23,510,490,47,41,67,33
44,1000,30,5.13,10.3,18,37,35,971,14,8,7,29,7.540623737,97,86,8.119732671,9.649949007,7.437755616,7.658029966,517,6,5,5,16,454,8,3,2,13,533,467,59,27,74,23
45,1000,30,5.13,10.3,18,37,25,950,23,7,20,50,7.61169532,96,90,8.142912139,10.24580788,7.127125999,8.098206801,480,10,5,6,21,470,13,2,14,29,501,499,58,32,73,23
46,1000,30,5.13,10.3,18,37,24,948,28,13,11,52,7.39864978,96,85,7.812945769,9.908118938,7.31477345,7.480536949,468,12,8,6,26,480,16,5,5,26,494,506,51,34,74,22
43,1000,30,5.13,10.3,18,37,36,956,24,8,12,44,7.853358929,113,95,8.182347003,10.05016795,7.580972885,8.141437995,493,9,5,7,21,463,15,3,5,23,514,486,60,35,89,24
40,1000,30,5.13,10.3,18,37,60,960,24,8,8,40,7.930211841,132,99,9.403422428,12.84963177,7.958402265,7.903235096,465,16,6,2,24,495,8,2,6,16,489,511,74,25,113,19
41,1000,30,5.13,10.3,18,37,37,958,21,9,12,42,7.906174763,124,75,8.391325547,10.26945919,7.754303722,8.059879256,486,12,1,4,17,472,9,8,8,25,503,497,54,21,100,24
42,1000,30,5.13,10.3,18,37,37,958,24,9,9,42,7.946111174,115,85,8.529693013,10.64678328,8.082969302,7.815668272,465,16,4,3,23,493,8,5,6,19,488,512,62,23,94,21
44,1000,30,5.13,10.3,18,37,36,970,15,8,7,30,7.566179472,95,78,8.16095026,9.690960625,7.486643129,7.656956497,516,7,5,5,17,454,8,3,2,13,533,467,56,22,73,22
47,1000,30,5.13,10.3,18,37,23,953,30,6,11,47,7.150086472,105,99,7.827156956,9.646116621,7.204026901,7.093944393,486,15,2,7,24,467,15,4,4,23,510,490,68,31,79,26
45,1000,30,5.13,10.3,18,37,26,951,22,7,20,49,7.631551556,99,92,8.159528838,10.2893824,7.175134485,8.089797955,480,10,5,6,21,471,12,2,14,28,501,499,55,37,75,24
46,1000,30,5.13,10.3,18,37,25,948,30,11,11,52,7.414271154,114,110,7.846123957,9.962317882,7.338383436,7.488359164,468,13,7,6,26,480,17,4,5,26,494,506,72,38,81,33
43,1000,30,5.13,10.3,18,37,37,956,24,8,12,44,7.826038202,101,90,8.223011168,10.08496248,7.598869868,8.066294424,493,9,5,7,21,463,15,3,5,23,514,486,56,34,78,23
41,1000,30,5.13,10.3,18,37,38,958,21,9,12,42,7.922945327,113,79,8.410774561,10.3035501,7.78843748,8.05907701,486,12,1,4,17,472,9,8,8,25,503,497,50,29,82,31
40,1000,30,5.13,10.3,18,37,61,959,24,8,9,41,7.946385361,131,99,9.439468649,12.92536838,8.053914237,7.843485908,464,15,6,4,25,495,9,2,5,16,489,511,74,25,111,20
42,1000,30,5.13,10.3,18,37,38,956,27,9,8,44,7.980321452,103,88,8.549060126,10.69399926,8.116970543,7.850077788,464,17,4,3,24,492,10,5,5,20,488,512,67,21,77,26
44,1000,30,5.13,10.3,18,37,37,969,17,7,7,31,7.564246186,106,98,8.179665823,9.712591073,7.514377728,7.621162435,515,8,5,5,18,454,9,2,2,13,533,467,67,31,88,18
47,1000,30,5.13,10.3,18,37,24,952,31,6,11,48,7.186679681,105,77,7.847389154,9.700417172,7.27192313,7.097956908,485,16,2,7,25,467,15,4,4,23,510,490,48,29,72,33
45,1000,30,5.13,10.3,18,37,27,949,24,7,20,51,7.693977927,127,85,8.197646396,10.31880089,7.231344557,8.158465539,480,10,5,6,21,469,14,2,14,30,501,499,52,33,98,29
46,1000,30,5.13,10.3,18,37,26,949,29,11,11,51,7.431642904,97,80,7.902231227,10.01295509,7.356050855,7.505442256,468,13,7,6,26,481,16,4,5,25,494,506,51,29,70,27
43,1000,30,5.13,10.3,18,37,38,956,25,8,11,44,7.850309249,99,94,8.263476953,10.13912227,7.614177602,8.100045188,493,10,5,6,21,463,15,3,5,23,514,486,62,32,78,21
41,1000,30,5.13,10.3,18,37,39,958,21,9,12,42,7.961377962,110,86,8.432270674,10.33754423,7.856368154,8.067655493,486,12,1,4,17,472,9,8,8,25,503,497,46,40,87,23
40,1000,30,5.13,10.3,18,37,62,959,23,9,9,41,7.946523013,132,121,9.579075207,13.08308139,8.063743572,7.834349132,464,14,7,4,25,495,9,2,5,16,489,511,99,22,107,25
42,1000,30,5.13,10.3,18,37,39,956,27,9,8,44,7.972072457,110,81,8.585301922,10.74178615,8.116172692,7.83472692,464,17,4,3,24,492,10,5,5,20,488,512,55,26,84,26
44,1000,30,5.13,10.3,18,37,38,968,18,6,8,32,7.616394385,96,77,8.201395751,9.751476616,7.552865481,7.688901678,515,8,5,5,18,453,10,1,3,14,533,467,49,28,80,16
47,1000,30,5.13,10.3,18,37,25,953,29,7,11,47,7.187323344,96,73,7.882698962,9.745381822,7.297496869,7.07265294,485,15,3,7,25,468,14,4,4,22,510,490,46,27,69,27
45,1000,30,5.13,10.3,18,37,28,946,26,9,19,54,7.677380748,114,84,8.214400384,10.36721198,7.268398172,8.088002533,479,11,5,6,22,467,15,4,13,32,501,499,49,35,87,27
46,1000,30,5.13,10.3,18,37,27,948,29,12,11,52,7.451013972,122,99,7.927162492,10.04836733,7.422079309,7.479262438,467,14,7,6,27,481,15,5,5,25,494,506,59,40,90,32
43,1000,30,5.13,10.3,18,37,39,957,25,7,11,43,7.846951261,114,95,8.3133473,10.18984642,7.631114252,8.075223323,493,10,5,6,21,464,15,2,5,22,514,486,64,31,82,32
41,1000,30,5.13,10.3,18,37,40,956,23,9,12,44,7.962669713,106,75,8.45487403,10.36244769,7.887169406,8.039081492,485,13,1,4,18,471,10,8,8,26,503,497,46,29,86,20
40,1000,30,5.13,10.3,18,37,63,958,24,9,9,42,7.973243406,138,92,9.69860094,13.23797659,8.112833634,7.839662934,463,15,7,4,26,495,9,2,5,16,489,511,69,23,115,23
42,1000,30,5.13,10.3,18,37,40,957,27,8,8,43,7.976015877,103,94,8.62950547,10.80548307,8.164583427,7.79628743,464,17,4,3,24,493,10,4,5,19,488,512,62,32,79,24
44,1000,30,5.13,10.3,18,37,39,965,20,6,9,35,7.661290849,103,84,8.222549404,9.812410085,7.592644307,7.739639043,515,8,5,5,18,450,12,1,4,17,533,467,58,26,78,25
47,1000,30,5.13,10.3,18,37,26,955,28,6,11,45,7.186909204,115,87,7.914733024,9.787112226,7.318191997,7.05026793,485,15,3,7,25,470,13,3,4,20,510,490,62,25,76,39
45,1000,30,5.13,10.3,18,37,29,947,27,9,17,53,7.682946281,112,85,8.259645351,10.3963792,7.277579707,8.08993757,479,11,5,6,22,468,16,4,11,31,501,499,66,19,86,26
46,1000,30,5.13,10.3,18,37,28,948,29,12,11,52,7.460109201,84,82,7.968029199,10.0865115,7.441805456,7.477978864,467,14,7,6,27,481,15,5,5,25,494,506,54,28,64,20
43,1000,30,5.13,10.3,18,37,40,957,26,7,10,43,7.853070817,99,98,8.376066393,10.25361625,7.67418251,8.042265447,493,10,5,6,21,464,16,2,4,22,514,486,74,24,80,19
41,1000,30,5.13,10.3,18,37,41,958,21,9,12,42,7.978273773,104,98,8.465382193,10.42758996,7.908568239,8.048820822,486,12,1,4,17,472,9,8,8,25,503,497,76,22,82,22
42,1000,30,5.13,10.3,18,37,41,958,26,8,8,42,7.988221453,122,94,8.644718053,10.87923217,8.207667057,7.779062363,465,16,4,3,23,493,10,4,5,19,488,512,61,33,103,19
44,1000,30,5.13,10.3,18,37,40,965,20,6,9,35,7.625613376,107,85,8.2461784,9.856925576,7.626045066,7.625120676,515,8,5,5,18,450,12,1,4,17,533,467,65,20,87,20
47,1000,30,5.13,10.3,18,37,27,954,28,7,11,46,7.239537644,107,99,7.962527688,9.842059656,7.325237996,7.150339318,485,15,3,7,25,469,13,4,4,21,510,490,58,41,78,29
40,1000,30,5.13,10.3,18,37,64,958,24,9,9,42,7.994225926,143,126,9.778101363,13.33478896,8.160869117,7.834757196,463,15,7,4,26,495,9,2,5,16,489,511,87,39,126,17
45,1000,30,5.13,10.3,18,37,30,948,27,9,16,52,7.660122449,130,104,8.28935989,10.43899637,7.262831362,8.059005885,479,11,5,6,22,469,16,4,10,30,501,499,67,37,93,37
46,1000,30,5.13,10.3,18,37,29,947,28,14,11,53,7.467550604,98,95,8.015235101,10.12851696,7.453364192,7.481400581,466,15,7,6,28,481,13,7,5,25,494,506,56,39,78,20
43,1000,30,5.13,10.3,18,37,41,955,27,8,10,45,7.860781739,107,100,8.448141948,10.30790907,7.709076086,8.021227635,492,10,6,6,22,463,17,2,4,23,514,486,63,37,91,16
41,1000,30,5.13,10.3,18,37,42,959,21,8,12,41,7.989553224,118,93,8.482022835,10.47693869,7.953620512,8.025919731,486,12,1,4,17,473,9,7,8,24,503,497,66,27,91,27
42,1000,30,5.13,10.3,18,37,42,960,24,8,8,40,8.018994204,103,97,8.692865473,10.92235342,8.268497924,7.78118597,465,16,4,3,23,495,8,4,5,17,488,512,69,28,82,21
44,1000,30,5.13,10.3,18,37,41,964,20,7,9,36,7.696036104,103,81,8.25600109,9.89224115,7.717630747,7.671389542,515,8,5,5,18,449,12,2,4,18,533,467,51,30,81,22
47,1000,30,5.13,10.3,18,37,28,955,26,8,11,45,7.269415367,99,94,7.997743889,9.905177389,7.356026967,7.179268599,486,14,3,7,24,469,12,5,4,21,510,490,62,32,70,29
45,1000,30,5.13,10.3,18,37,31,948,27,9,16,52,7.68026423,113,73,8.345190019,10.46554418,7.284495167,8.077619542,479,11,5,6,22,469,16,4,10,30,501,499,45,28,82,31
40,1000,30,5.13,10.3,18,37,65,957,25,9,9,43,8.018725359,146,79,9.815747866,13.42692527,8.208967083,7.83667408,463,15,7,4,26,494,10,2,5,17,489,511,60,19,131,15
46,1000,30,5.13,10.3,18,37,30,948,28,13,11,52,7.473069049,114,88,8.076583725,10.20329478,7.491922959,7.454662266,466,16,6,6,28,482,12,7,5,24,494,506,67,21,82,32
43,1000,30,5.13,10.3,18,37,42,953,29,8,10,47,7.90498041,98,94,8.491556972,10.36650664,7.751394191,8.067415218,490,12,6,6,24,463,17,2,4,23,514,486,63,31,70,28
41,1000,30,5.13,10.3,18,37,43,960,20,8,12,40,8.006097979,117,83,8.556852729,10.52468551,7.946107693,8.066812493,487,11,1,4,16,473,9,7,8,24,503,497,59,24,90,27
42,1000,30,5.13,10.3,18,37,43,961,24,7,8,39,8.055102061,105,98,8.73848236,10.98213387,8.30967288,7.812464249,465,16,4,3,23,496,8,3,5,16,488,512,75,23,92,13
44,1000,30,5.13,10.3,18,37,42,965,19,7,9,35,7.688992621,100,101,8.278156827,9.939428856,7.727821469,7.644676184,515,8,5,5,18,450,11,2,4,17,533,467,70,31,77,23
47,1000,30,5.13,10.3,18,37,29,955,26,8,11,45,7.270228701,118,99,8.007162501,9.929041343,7.350077211,7.187121069,486,14,3,7,24,469,12,5,4,21,510,490,70,29,81,37
45,1000,30,5.13,10.3,18,37,32,947,28,9,16,53,7.661245141,128,100,8.350489267,10.4976586,7.270238527,8.053818916,479,11,5,6,22,468,17,4,10,31,501,499,62,38,97,31
46,1000,30,5.13,10.3,18,37,31,949,27,13,11,51,7.49960871,121,87,8.100494604,10.26485973,7.573394527,7.427572754,465,17,6,6,29,484,10,7,5,22,494,506,59,28,93,28
43,1000,30,5.13,10.3,18,37,43,955,28,7,10,45,7.931437594,90,86,8.531423185,10.40859852,7.781190678,8.090340712,491,12,5,6,23,464,16,2,4,22,514,486,60,26,70,20
40,1000,30,5.13,10.3,18,37,66,956,26,9,9,44,7.998233169,138,104,9.953990583,13.60039832,8.26128929,7.74650236,461,17,7,4,28,495,9,2,5,16,489,511,85,19,117,21
41,1000,30,5.13,10.3,18,37,44,961,21,9,9,39,7.990765465,110,110,8.597697029,10.53579298,7.956489998,8.025454722,487,11,2,3,16,474,10,7,6,23,503,497,72,38,91,19
44,1000,30,5.13,10.3,18,37,43,962,21,7,10,38,7.736504638,110,88,8.315631149,9.991512684,7.798638869,7.665589124,513,9,6,5,20,449,12,1,5,18,533,467,58,30,86,24
42,1000,30,5.13,10.3,18,37,44,962,22,8,8,38,8.068749422,127,92,8.806065682,11.09893089,8.35135004,7.799395708,465,16,4,3,23,497,6,4,5,15,488,512,66,26,93,34
47,1000,30,5.13,10.3,18,37,30,954,27,8,11,46,7.259411344,102,84,8.030316657,9.971092774,7.375073431,7.139028355,485,15,3,7,25,469,12,5,4,21,510,490,57,27,79,23
45,1000,30,5.13,10.3,18,37,33,947,28,9,16,53,7.681223045,102,90,8.38165939,10.55787759,7.307049481,8.056896303,479,11,5,6,22,468,17,4,10,31,501,499,65,25,76,26
43,1000,30,5.13,10.3,18,37,44,955,28,7,10,45,7.950027133,123,67,8.591050317,10.46358971,7.816657049,8.09108109,491,12,5,6,23,464,16,2,4,22,514,486,45,22,86,37
46,1000,30,5.13,10.3,18,37,32,950,26,13,11,50,7.512507241,96,81,8.118400494,10.31998204,7.573377861,7.453080193,465,17,6,6,29,485,9,7,5,21,494,506,52,29,72,24
41,1000,30,5.13,10.3,18,37,45,961,21,9,9,39,8.01612913,120,88,8.621892129,10.57926651,7.977699618,8.05502258,487,11,2,3,16,474,10,7,6,23,503,497,69,19,98,22
40,1000,30,5.13,10.3,18,37,67,955,26,10,9,45,8.039818239,137,119,10.09024219,13.77042832,8.349222823,7.7437344,460,17,8,4,29,495,9,2,5,16,489,511,93,26,117,20
44,1000,30,5.13,10.3,18,37,44,961,22,7,10,39,7.804350457,97,81,8.37866782,10.03990068,7.876079042,7.722484642,512,10,6,5,21,449,12,1,5,18,533,467,52,29,73,24
42,1000,30,5.13,10.3,18,37,45,961,21,8,10,39,8.102064823,120,88,8.857452866,11.17926679,8.411749059,7.806897036,464,15,4,5,24,497,6,4,5,15,488,512,66,22,94,26
47,1000,30,5.13,10.3,18,37,31,954,27,8,11,46,7.267097732,100,66,8.05510695,9.986989852,7.416383346,7.111718828,484,16,3,7,26,470,11,5,4,20,510,490,47,19,81,19
45,1000,30,5.13,10.3,18,37,34,947,28,9,16,53,7.69333143,99,88,8.399785675,10.61984966,7.328783992,8.059339979,479,11,5,6,22,468,17,4,10,31,501,499,57,31,77,22
43,1000,30,5.13,10.3,18,37,45,955,28,7,10,45,7.984916031,126,68,8.615621831,10.54428008,7.822069497,8.157144669,491,12,5,6,23,464,16,2,4,22,514,486,43,25,92,34
46,1000,30,5.13,10.3,18,37,33,950,26,13,11,50,7.532279931,104,78,8.143256736,10.37117916,7.606455273,7.459863689,465,17,6,6,29,485,9,7,5,21,494,506,54,24,84,20
41,1000,30,5.13,10.3,18,37,46,960,21,10,9,40,7.988694575,125,109,8.652744197,10.64361557,7.986101508,7.991318946,485,11,4,3,18,475,10,6,6,22,503,497,81,28,91,34
40,1000,30,5.13,10.3,18,37,68,957,26,9,8,43,8.017659785,141,105,10.16783764,13.87355041,8.38545457,7.66569961,460,17,8,4,29,497,9,1,4,14,489,511,84,21,118,23
44,1000,30,5.13,10.3,18,37,45,962,21,7,10,38,7.805356562,104,95,8.41870566,10.09297633,7.903376375,7.693483841,512,10,6,5,21,450,11,1,5,17,533,467,60,35,85,19
42,1000,30,5.13,10.3,18,37,46,960,22,8,10,40,8.121504485,130,97,8.894102227,11.23388975,8.454206464,7.804397911,463,16,4,5,25,497,6,4,5,15,488,512,54,43,103,27
47,1000,30,5.13,10.3,18,37,32,954,27,8,11,46,7.313880725,115,81,8.09225148,10.05926696,7.47755968,7.143520996,484,16,3,7,26,470,11,5,4,20,510,490,53,28,81,34
45,1000,30,5.13,10.3,18,37,35,946,29,9,16,54,7.722759435,103,82,8.44388748,10.660419,7.363811384,8.083146156,478,12,5,6,23,468,17,4,10,31,501,499,49,33,82,21
43,1000,30,5.13,10.3,18,37,46,955,28,7,10,45,8.001032031,86,100,8.668510142,10.6174712,7.856663089,8.153718525,491,12,5,6,23,464,16,2,4,22,514,486,68,32,69,17
46,1000,30,5.13,10.3,18,37,34,952,24,13,11,48,7.54371981,103,83,8.151781049,10.42901085,7.645776721,7.44408322,466,15,7,6,28,486,9,6,5,20,494,506,57,26,81,22
41,1000,30,5.13,10.3,18,37,47,960,21,10,9,40,8.01831114,98,81,8.663620536,10.69036623,8.005041432,8.031741045,485,11,4,3,18,475,10,6,6,22,503,497,56,25,85,13
44,1000,30,5.13,10.3,18,37,46,963,20,7,10,37,7.822278381,98,89,8.434202881,10.13732344,7.935198843,7.693399139,512,10,6,5,21,451,10,1,5,16,533,467,66,23,79,19
42,1000,30,5.13,10.3,18,37,47,959,23,7,11,41,8.161484707,126,98,8.913523627,11.28563563,8.523988665,7.815973121,462,17,3,6,26,497,6,4,5,15,488,512,70,28,101,25
40,1000,30,5.13,10.3,18,37,69,955,27,9,9,45,8.044069632,143,114,10.27140499,13.99475217,8.408050982,7.695758711,458,18,9,4,31,497,9,0,5,14,489,511,84,30,117,26
47,1000,30,5.13,10.3,18,37,33,954,27,8,11,46,7.303077337,125,83,8.132042461,10.11095557,7.482218352,7.116624444,484,16,3,7,26,470,11,5,4,20,510,490,59,24,95,30
45,1000,30,5.13,10.3,18,37,36,947,30,8,15,53,7.731293931,104,94,8.458848102,10.68863463,7.433448884,8.030332746,478,12,5,6,23,469,18,3,9,30,501,499,66,28,85,19
43,1000,30,5.13,10.3,18,37,47,952,31,6,11,48,8.066382234,109,79,8.684066767,10.67806407,7.951432767,8.187954303,489,14,4,7,25,463,17,2,4,23,514,486,62,17,82,27
46,1000,30,5.13,10.3,18,37,35,953,23,13,11,47,7.558375906,109,94,8.171660667,10.47667405,7.708932891,7.411389442,466,15,7,6,28,487,8,6,5,19,494,506,61,33,76,33
41,1000,30,5.13,10.3,18,37,48,961,20,11,8,39,8.022673748,125,84,8.682735322,10.75501155,8.014661449,8.030782775,485,10,5,3,18,476,10,6,5,21,503,497,53,31,106,19
44,1000,30,5.13,10.3,18,37,47,963,19,8,10,37,7.829313461,112,99,8.466257091,10.1868471,7.969796498,7.668976291,511,11,6,5,22,452,8,2,5,15,533,467,72,27,82,30
42,1000,30,5.13,10.3,18,37,48,959,23,7,11,41,8.165173551,120,100,8.963710427,11.36035722,8.579800022,7.769982695,462,17,3,6,26,497,6,4,5,15,488,512,72,28,96,24
47,1000,30,5.13,10.3,18,37,34,955,26,8,11,45,7.333771736,129,90,8.1524522,10.16037649,7.557552861,7.100856688,485,15,3,7,25,470,11,5,4,20,510,490,60,30,95,34
40,1000,30,5.13,10.3,18,37,70,956,26,8,10,44,8.057655475,152,121,10.40800808,14.19277721,8.447901289,7.684210852,458,18,8,5,31,498,8,0,5,13,489,511,90,31,130,22
45,1000,30,5.13,10.3,18,37,37,948,30,8,14,52,7.712791543,101,90,8.493425763,10.72724673,7.448138791,7.978505028,478,12,5,6,23,470,18,3,8,29,501,499,55,35,77,24
43,1000,30,5.13,10.3,18,37,48,952,31,6,11,48,8.073131715,100,89,8.720279121,10.71524125,7.95588213,8.197136419,489,14,4,7,25,463,17,2,4,23,514,486,66,23,80,20
46,1000,30,5.13,10.3,18,37,36,952,23,14,11,48,7.59828518,119,88,8.213477655,10.53803168,7.752386543,7.447838394,466,14,8,6,28,486,9,6,5,20,494,506,65,23,92,27
41,1000,30,5.13,10.3,18,37,49,959,23,11,7,41,8.05565018,118,88,8.71307039,10.7810846,8.043433571,8.068014274,484,12,5,2,19,475,11,6,5,22,503,497,63,25,99,19
44,1000,30,5.13,10.3,18,37,48,962,20,8,10,38,7.855416466,91,97,8.495925006,10.21783692,8.009378817,7.679694983,510,12,6,5,23,452,8,2,5,15,533,467,76,21,72,19
42,1000,30,5.13,10.3,18,37,49,958,24,7,11,42,8.203033322,110,95,9.001391229,11.40851066,8.583542521,7.840360491,461,18,3,6,27,497,6,4,5,15,488,512,74,21,82,28
47,1000,30,5.13,10.3,18,37,35,954,27,8,11,46,7.371169528,98,91,8.230942303,10.26432966,7.618044003,7.114218544,485,15,3,7,25,469,12,5,4,21,510,490,51,40,78,20
40,1000,30,5.13,10.3,18,37,71,955,27,8,10,45,8.091958468,148,104,10.46566992,14.28841841,8.520272406,7.68208466,457,19,8,5,32,498,8,0,5,13,489,511,87,17,129,19
43,1000,30,5.13,10.3,18,37,49,952,29,8,11,48,8.09031837,99,105,8.737479045,10.75876719,8.034148659,8.149724196,489,13,5,7,25,463,16,3,4,23,514,486,71,34,87,12
45,1000,30,5.13,10.3,18,37,38,947,31,8,14,53,7.729938407,108,92,8.539270134,10.78513123,7.458991225,8.00197155,478,12,5,6,23,469,19,3,8,30,501,499,60,32,83,25
41,1000,30,5.13,10.3,18,37,50,960,22,11,7,40,8.079500977,120,100,8.771018093,10.87335089,8.062705838,8.096498875,485,11,5,2,18,475,11,6,5,22,503,497,75,25,97,23
46,1000,30,5.13,10.3,18,37,37,953,22,14,11,47,7.597593485,118,73,8.24636288,10.58132118,7.786006209,7.413649046,466,14,8,6,28,487,8,6,5,19,494,506,54,19,89,29
44,1000,30,5.13,10.3,18,37,49,960,22,8,10,40,7.909859933,115,95,8.549039503,10.26566027,8.086661878,7.70807099,509,13,6,5,24,451,9,2,5,16,533,467,68,27,95,20
42,1000,30,5.13,10.3,18,37,50,959,24,6,11,41,8.196319324,118,104,9.050125763,11.48698205,8.617663483,7.794725672,461,18,3,6,27,498,6,3,5,14,488,512,73,31,92,26
47,1000,30,5.13,10.3,18,37,36,954,27,8,11,46,7.371330568,105,96,8.285177961,10.35045793,7.62535968,7.10693292,485,15,3,7,25,469,12,5,4,21,510,490,60,36,81,24
43,1000,30,5.13,10.3,18,37,50,954,28,7,11,46,8.073837784,114,82,8.775423307,10.87470348,8.042665379,8.10680613,490,13,4,7,24,464,15,3,4,22,514,486,59,23,85,29
45,1000,30,5.13,10.3,18,37,39,945,32,10,13,55,7.70537805,125,99,8.57273816,10.83009813,7.422662045,7.989227185,478,12,6,5,23,467,20,4,8,32,501,499,70,29,97,28
40,1000,30,5.13,10.3,18,37,72,954,27,8,11,46,8.103763101,157,102,10.56389251,14.42984727,8.598172565,7.630639368,456,19,8,6,33,498,8,0,5,13,489,511,80,22,137,20
41,1000,30,5.13,10.3,18,37,51,959,23,11,7,41,8.087706674,116,91,8.841761873,10.97363135,8.117837606,8.057211988,484,12,5,2,19,475,11,6,5,22,503,497,64,27,89,27
46,1000,30,5.13,10.3,18,37,38,954,21,14,11,46,7.600022384,112,88,8.299774961,10.65436172,7.817789363,7.387419839,466,14,8,6,28,488,7,6,5,18,494,506,59,29,89,23
42,1000,30,5.13,10.3,18,37,51,960,24,6,10,40,8.173837929,126,105,9.094043569,11.55822734,8.603846345,7.763986156,461,18,3,6,27,499,6,3,4,13,488,512,78,27,104,22
44,1000,30,5.13,10.3,18,37,50,960,22,8,10,40,7.946861588,98,84,8.620511411,10.35557077,8.138882024,7.72770336,509,13,6,5,24,451,9,2,5,16,533,467,57,27,77,21
47,1000,30,5.13,10.3,18,37,37,955,26,8,11,45,7.38990646,104,70,8.323353482,10.4256259,7.643521829,7.125939443,485,15,3,7,25,470,11,5,4,20,510,490,45,25,82,22
43,1000,30,5.13,10.3,18,37,51,955,27,8,10,45,8.043781207,121,69,8.831042731,10.91230734,8.063070851,8.023380225,490,13,4,7,24,465,14,4,3,21,514,486,49,20,101,20
45,1000,30,5.13,10.3,18,37,40,946,32,10,12,54,7.70501411,115,87,8.611025105,10.92444563,7.445778029,7.965289213,478,12,6,5,23,468,20,4,7,31,501,499,60,27,88,27
46,1000,30,5.13,10.3,18,37,39,955,21,13,11,45,7.607591735,128,92,8.331591974,10.68597799,7.84597625,7.374860606,467,14,7,6,27,488,7,6,5,18,494,506,60,32,96,32
41,1000,30,5.13,10.3,18,37,52,958,26,11,5,42,8.107978669,107,110,8.889761677,11.03070207,8.168710776,8.046513377,482,14,5,2,21,476,12,6,3,21,503,497,79,31,89,18
40,1000,30,5.13,10.3,18,37,73,955,27,8,10,45,8.106736045,149,99,10.67982737,14.57622067,8.674391899,7.563519387,456,19,8,6,33,499,8,0,4,12,489,511,81,18,119,30
42,1000,30,5.13,10.3,18,37,52,960,24,6,10,40,8.229728807,117,102,9.153823487,11.61920714,8.63457951,7.843855481,461,18,3,6,27,499,6,3,4,13,488,512,76,26,92,25
44,1000,30,5.13,10.3,18,37,51,960,22,8,10,40,7.965313472,92,97,8.646218093,10.42754183,8.156070534,7.747597167,509,13,6,5,24,451,9,2,5,16,533,467,65,32,76,16
47,1000,30,5.13,10.3,18,37,38,956,27,8,9,44,7.392093873,122,80,8.40436862,10.50005261,7.670729712,7.102085142,484,16,3,7,26,472,11,5,2,18,510,490,61,19,94,28
43,1000,30,5.13,10.3,18,37,52,956,26,8,10,44,8.086067767,116,79,8.904881133,11.01941786,8.096852037,8.07466218,490,13,4,7,24,466,13,4,3,20,514,486,56,23,92,24
45,1000,30,5.13,10.3,18,37,41,946,32,10,12,54,7.745556666,113,85,8.619543396,10.98459252,7.511065631,7.980987545,477,13,6,5,24,469,19,4,7,30,501,499,60,25,78,35
46,1000,30,5.13,10.3,18,37,40,955,21,13,11,45,7.636156093,107,87,8.367997185,10.75300877,7.886834672,7.39142246,467,14,7,6,27,488,7,6,5,18,494,506,60,27,85,22
41,1000,30,5.13,10.3,18,37,53,957,27,11,5,43,8.130373934,107,79,8.90433303,11.06693191,8.227569763,8.032004716,481,15,5,2,22,476,12,6,3,21,503,497,53,26,86,21
40,1000,30,5.13,10.3,18,37,74,954,28,8,10,46,8.11351122,144,108,10.82807409,14.71896298,8.706087197,7.54644732,455,20,8,6,34,499,8,0,4,12,489,511,89,19,125,19
42,1000,30,5.13,10.3,18,37,53,959,25,6,10,41,8.221861925,117,102,9.17973603,11.71026022,8.670759586,7.794006341,460,19,3,6,28,499,6,3,4,13,488,512,78,24,99,18
44,1000,30,5.13,10.3,18,37,52,960,21,9,10,40,7.98893065,117,92,8.657280396,10.47840623,8.215996957,7.729773603,509,12,7,5,24,451,9,2,5,16,533,467,65,27,91,26
47,1000,30,5.13,10.3,18,37,39,959,24,8,9,41,7.382008902,122,90,8.457272592,10.55632906,7.667737182,7.084618243,485,15,3,7,25,474,9,5,2,16,510,490,64,26,92,30
43,1000,30,5.13,10.3,18,37,53,957,25,8,10,43,8.079597795,112,94,8.95987182,11.08622094,8.132098427,8.024072436,490,13,4,7,24,467,12,4,3,19,514,486,70,24,92,20
45,1000,30,5.13,10.3,18,37,42,946,32,10,12,54,7.78204226,119,81,8.648468948,11.03713346,7.550180965,8.014832858,477,13,6,5,24,469,19,4,7,30,501,499,57,24,95,24
46,1000,30,5.13,10.3,18,37,41,955,21,14,10,45,7.642985757,110,87,8.413806178,10.81288822,7.934769556,7.358121732,466,15,7,6,28,489,6,7,4,17,494,506,61,26,84,26
41,1000,30,5.13,10.3,18,37,54,957,28,10,5,43,8.179239386,98,101,8.941156337,11.11963186,8.29833885,8.058702101,480,16,5,2,23,477,12,5,3,20,503,497,72,29,76,22
42,1000,30,5.13,10.3,18,37,54,960,24,5,11,40,8.268197765,135,92,9.265314249,11.79740165,8.72896346,7.829030461,461,18,3,6,27,499,6,2,5,13,488,512,66,26,104,31
44,1000,30,5.13,10.3,18,37,53,960,21,9,10,40,8.002734149,106,83,8.694028772,10.51881491,8.261757947,7.707103132,509,12,7,5,24,451,9,2,5,16,533,467,56,27,83,23
40,1000,30,5.13,10.3,18,37,75,956,27,7,10,44,8.093039931,140,122,10.99913323,14.91148082,8.695096447,7.516903655,457,19,7,6,32,499,8,0,4,12,489,511,102,20,116,24
47,1000,30,5.13,10.3,18,37,40,960,24,7,9,40,7.39768053,122,89,8.490628461,10.62406748,7.731103452,7.05064851,485,15,3,7,25,475,9,4,2,15,510,490,62,27,88,34
43,1000,30,5.13,10.3,18,37,54,958,25,7,10,42,8.107167981,111,101,9.043098407,11.20836297,8.175232004,8.035182573,490,13,4,7,24,468,12,3,3,18,514,486,72,29,93,18
45,1000,30,5.13,10.3,18,37,43,947,29,10,14,53,7.785619544,115,95,8.669111024,11.08375051,7.573272198,7.998817981,477,13,6,5,24,470,16,4,9,29,501,499,64,31,89,26
41,1000,30,5.13,10.3,18,37,55,958,27,10,5,42,8.212093861,116,99,8.943068868,11.16250681,8.35660846,8.06583462,480,16,5,2,23,478,11,5,3,19,503,497,73,26,92,24
46,1000,30,5.13,10.3,18,37,42,954,19,17,10,46,7.730280209,102,90,8.447851861,10.87545525,8.029131464,7.438516337,465,13,10,6,29,489,6,7,4,17,494,506,62,28,76,26
42,1000,30,5.13,10.3,18,37,55,960,24,5,11,40,8.289292168,121,94,9.309516507,11.87507644,8.813369471,7.78978099,460,19,3,6,28,500,5,2,5,12,488,512,66,28,105,16
44,1000,30,5.13,10.3,18,37,54,960,21,9,10,40,8.044357984,97,82,8.727111145,10.58479592,8.324157725,7.725014811,509,12,7,5,24,451,9,2,5,16,533,467,59,23,76,21
47,1000,30,5.13,10.3,18,37,41,960,23,8,9,40,7.405520141,131,91,8.539383914,10.68822183,7.780169794,7.015578665,485,14,4,7,25,475,9,4,2,15,510,490,65,26,101,30
40,1000,30,5.13,10.3,18,37,76,956,28,7,9,44,8.097063187,161,123,11.19648722,15.12023445,8.737682961,7.484023913,457,19,7,6,32,499,9,0,3,12,489,511,96,27,140,21
43,1000,30,5.13,10.3,18,37,55,957,24,9,10,43,8.132101931,137,103,9.087836082,11.30761115,8.222716361,8.036266916,489,13,5,7,25,468,11,4,3,18,514,486,77,26,109,28
45,1000,30,5.13,10.3,18,37,44,947,29,10,14,53,7.798306706,124,105,8.691070908,11.12829256,7.602844537,7.994552291,477,13,6,5,24,470,16,4,9,29,501,499,74,31,98,26
41,1000,30,5.13,10.3,18,37,56,959,26,10,5,41,8.247159044,107,78,8.975991799,11.20388353,8.394568911,8.097969581,480,16,5,2,23,479,10,5,3,18,503,497,55,23,83,24
46,1000,30,5.13,10.3,18,37,43,954,19,17,10,46,7.730069428,106,69,8.484900456,10.93928855,8.039612923,7.427866884,465,13,10,6,29,489,6,7,4,17,494,506,49,20,81,25
42,1000,30,5.13,10.3,18,37,56,960,24,5,11,40,8.292004947,147,83,9.374743972,11.94129109,8.798752285,7.809011391,460,19,3,6,28,500,5,2,5,12,488,512,66,17,119,28
44,1000,30,5.13,10.3,18,37,55,960,21,9,10,40,8.069727681,133,90,8.788090703,10.64400114,8.381259968,7.714167276,509,12,7,5,24,451,9,2,5,16,533,467,66,24,100,33
47,1000,30,5.13,10.3,18,37,42,960,23,8,9,40,7.425211359,109,100,8.579676051,10.7384737,7.820976376,7.013292668,486,13,4,7,24,474,10,4,2,16,510,490,71,29,78,31
43,1000,30,5.13,10.3,18,37,56,957,25,9,9,43,8.158594486,128,103,9.122044715,11.36478161,8.306792968,8.001857819,489,14,5,6,25,468,11,4,3,18,514,486,73,30,96,32
40,1000,30,5.13,10.3,18,37,77,956,29,6,9,44,8.078780459,141,120,11.40017327,15.40782214,8.775899135,7.411674721,457,19,6,7,32,499,10,0,2,12,489,511,99,21,129,12
45,1000,30,5.13,10.3,18,37,45,948,31,9,12,52,7.785931603,117,88,8.736821265,11.19763567,7.626843701,7.945657131,478,13,5,5,23,470,18,4,7,29,501,499,57,31,97,20
41,1000,30,5.13,10.3,18,37,57,958,27,10,5,42,8.262651234,128,103,9.013493614,11.27425046,8.422263529,8.101112031,480,16,5,2,23,478,11,5,3,19,503,497,80,23,98,30
46,1000,30,5.13,10.3,18,37,44,953,20,17,10,47,7.748886429,113,92,8.555338228,11.01838049,8.090032143,7.415831127,464,14,10,6,30,489,6,7,4,17,494,506,64,28,92,21
42,1000,30,5.13,10.3,18,37,57,959,25,5,11,41,8.303863795,130,88,9.427261118,12.01270268,8.818816593,7.813049409,459,20,3,6,29,500,5,2,5,12,488,512,71,17,108,22
44,1000,30,5.13,10.3,18,37,56,958,23,9,10,42,8.097764617,110,91,8.841366729,10.71746146,8.412344355,7.738726073,508,13,7,5,25,450,10,2,5,17,533,467,73,18,90,20
47,1000,30,5.13,10.3,18,37,43,960,22,9,9,40,7.457477686,115,91,8.626897002,10.83138303,7.853029797,7.045780591,486,13,4,7,24,474,9,5,2,16,510,490,59,32,91,24
43,1000,30,5.13,10.3,18,37,57,957,25,9,9,43,8.166214483,109,94,9.169421082,11.39760186,8.334705954,7.988015686,488,15,5,6,26,469,10,4,3,17,514,486,64,30,85,24
41,1000,30,5.13,10.3,18,37,58,957,27,11,5,43,8.319572156,112,96,9.081777871,11.32771479,8.521315664,8.115393112,480,15,6,2,23,477,12,5,3,20,503,497,63,33,84,28
45,1000,30,5.13,10.3,18,37,46,948,31,9,12,52,7.810132978,105,83,8.774691294,11.25472008,7.678719294,7.942073369,478,13,5,5,23,470,18,4,7,29,501,499,62,21,89,16
40,1000,30,5.13,10.3,18,37,78,956,28,7,9,44,8.086005938,146,131,11.58906882,15.65473869,8.794437944,7.40807394,457,19,6,7,32,499,9,1,2,12,489,511,109,22,128,18
46,1000,30,5.13,10.3,18,37,45,953,20,17,10,47,7.776169116,121,98,8.590761764,11.04543031,8.108086743,7.452123054,464,14,10,6,30,489,6,7,4,17,494,506,69,29,89,32
42,1000,30,5.13,10.3,18,37,58,958,27,4,11,42,8.303618288,139,97,9.475901733,12.08063236,8.879395156,7.754830961,457,22,3,6,31,501,5,1,5,11,488,512,72,25,117,22
44,1000,30,5.13,10.3,18,37,57,955,26,9,10,45,8.131750212,125,95,8.878259919,10.78794669,8.453309754,7.764745426,506,15,7,5,27,449,11,2,5,18,533,467,67,28,99,26
47,1000,30,5.13,10.3,18,37,44,958,23,10,9,42,7.470823156,117,91,8.67059944,10.89930335,7.883396119,7.04141048,486,13,4,7,24,472,10,6,2,18,510,490,61,30,89,28
43,1000,30,5.13,10.3,18,37,58,959,25,7,9,41,8.162331637,133,109,9.206413571,11.46970703,8.329995729,7.985007885,488,15,5,6,26,471,10,2,3,15,514,486,78,31,95,38
41,1000,30,5.13,10.3,18,37,59,956,28,11,5,44,8.329892599,119,86,9.142904558,11.40730041,8.559651175,8.097360277,479,16,6,2,24,477,12,5,3,20,503,497,69,17,95,24
45,1000,30,5.13,10.3,18,37,47,948,31,9,12,52,7.827380173,107,93,8.809551236,11.29557285,7.706177187,7.949068942,478,13,5,5,23,470,18,4,7,29,501,499,65,28,87,20
46,1000,30,5.13,10.3,18,37,46,955,20,16,9,45,7.758831909,121,77,8.616597294,11.09309746,8.102419811,7.423392336,464,15,10,5,30,491,5,6,4,15,494,506,51,26,98,23
40,1000,30,5.13,10.3,18,37,79,956,26,8,10,44,8.092131996,158,124,11.94028002,16.11856815,8.820447572,7.395172471,457,18,7,7,32,499,8,1,3,12,489,511,96,28,138,20
42,1000,30,5.13,10.3,18,37,59,957,27,5,11,43,8.314355448,123,97,9.5599885,12.25204986,8.890179115,7.765523516,456,23,3,6,32,501,4,2,5,11,488,512,65,32,98,25
44,1000,30,5.13,10.3,18,37,58,954,27,9,10,46,8.159978546,104,104,8.91552618,10.8120202,8.468989294,7.807296044,505,16,7,5,28,449,11,2,5,18,533,467,74,30,83,21
47,1000,30,5.13,10.3,18,37,45,958,23,10,9,42,7.491473739,128,87,8.74858998,10.99204832,7.918363631,7.047159769,486,13,4,7,24,472,10,6,2,18,510,490,64,23,100,28
43,1000,30,5.13,10.3,18,37,59,960,24,7,9,40,8.153221788,128,94,9.262292168,11.58058151,8.337545013,7.958279119,488,15,5,6,26,472,9,2,3,14,514,486,74,20,101,27
41,1000,30,5.13,10.3,18,37,60,956,27,11,6,44,8.335916111,99,108,9.200449764,11.48806405,8.589041547,8.079734835,479,15,6,3,24,477,12,5,3,20,503,497,83,25,89,10
45,1000,30,5.13,10.3,18,37,48,949,30,10,11,51,7.837181042,123,114,8.852184012,11.3729716,7.76288305,7.911776821,478,12,6,5,23,471,18,4,6,28,501,499,81,33,96,27
46,1000,30,5.13,10.3,18,37,47,954,21,16,9,46,7.78842227,130,109,8.656028944,11.14837138,8.12485472,7.459968457,464,15,10,5,30,490,6,6,4,16,494,506,80,29,108,22
42,1000,30,5.13,10.3,18,37,60,956,27,6,11,44,8.346321875,118,98,9.677193828,12.37919096,8.94501125,7.775696064,455,24,3,6,33,501,3,3,5,11,488,512,80,18,100,18
44,1000,30,5.13,10.3,18,37,59,954,27,9,10,46,8.180696451,118,99,8.980730071,10.92155192,8.534826414,7.776518141,505,16,7,5,28,449,11,2,5,18,533,467,73,26,94,24
40,1000,30,5.13,10.3,18,37,80,955,25,9,11,45,8.107673962,170,124,12.22050894,16.44661751,8.867698925,7.380370231,456,17,8,8,33,499,8,1,3,12,489,511,105,19,143,27
47,1000,30,5.13,10.3,18,37,46,958,23,10,9,42,7.514348641,97,78,8.788477104,11.07586194,7.950420844,7.060477573,485,14,4,7,25,473,9,6,2,17,510,490,56,22,76,21
43,1000,30,5.13,10.3,18,37,60,959,25,7,9,41,8.189442753,126,94,9.294729344,11.63755003,8.371842165,7.996534733,488,15,5,6,26,471,10,2,3,15,514,486,72,22,112,14
41,1000,30,5.13,10.3,18,37,61,954,29,11,6,46,8.362461307,114,105,9.236465076,11.5547904,8.613738653,8.108150432,478,16,6,3,25,476,13,5,3,21,503,497,79,26,92,22
45,1000,30,5.13,10.3,18,37,49,949,31,9,11,51,7.822489005,111,99,8.886984469,11.43655302,7.797356781,7.847721959,478,12,6,5,23,471,19,3,6,28,501,499,68,31,89,22
46,1000,30,5.13,10.3,18,37,48,954,21,16,9,46,7.835491842,108,90,8.696446738,11.23403944,8.210044619,7.469821738,464,15,10,5,30,490,6,6,4,16,494,506,66,24,85,23
42,1000,30,5.13,10.3,18,37,61,956,28,6,10,44,8.3422854,135,134,9.73510996,12.49188566,8.941632968,7.771032249,456,24,3,5,32,500,4,3,5,12,488,512,107,27,117,18
44,1000,30,5.13,10.3,18,37,60,953,28,9,10,47,8.228420529,105,96,9.03502362,10.99972731,8.594490427,7.810614842,505,16,7,5,28,448,12,2,5,19,533,467,72,24,86,19
47,1000,30,5.13,10.3,18,37,47,961,20,10,9,39,7.504391248,125,104,8.863131272,11.1457975,7.931544979,7.059802671,487,12,4,7,23,474,8,6,2,16,510,490,73,31,96,29
40,1000,30,5.13,10.3,18,37,81,954,25,10,11,46,8.127377356,154,119,12.59454507,16.84962284,8.933253418,7.356196545,454,18,9,8,35,500,7,1,3,11,489,511,98,21,138,16
43,1000,30,5.13,10.3,18,37,61,960,24,6,10,40,8.171629801,126,97,9.356892955,11.70691266,8.420357164,7.908572466,488,15,4,7,26,472,9,2,3,14,514,486,79,18,107,19
41,1000,30,5.13,10.3,18,37,62,956,28,10,6,44,8.359766886,111,103,9.249182975,11.57723651,8.643891039,8.072212663,478,16,6,3,25,478,12,4,3,19,503,497,82,21,95,16
45,1000,30,5.13,10.3,18,37,50,950,29,10,11,50,7.845918092,128,93,8.939214267,11.52099408,7.833111454,7.85877606,479,10,7,5,22,471,19,3,6,28,501,499,66,27,104,24
46,1000,30,5.13,10.3,18,37,49,954,21,16,9,46,7.878903282,111,92,8.771003617,11.31124268,8.279731729,7.487580648,464,15,10,5,30,490,6,6,4,16,494,506,63,29,88,23
42,1000,30,5.13,10.3,18,37,62,956,28,6,10,44,8.364037918,136,96,9.785444501,12.5534161,8.972315327,7.784273513,456,24,3,5,32,500,4,3,5,12,488,512,77,19,116,20
44,1000,30,5.13,10.3,18,37,61,951,30,9,10,49,8.250513458,111,79,9.126911117,11.09244373,8.638427229,7.807776755,504,17,7,5,29,447,13,2,5,20,533,467,59,20,92,19
47,1000,30,5.13,10.3,18,37,48,963,19,9,9,37,7.479462983,123,98,8.946090133,11.26678799,7.921537569,7.019344537,488,11,4,7,22,475,8,5,2,15,510,490,68,30,95,28
40,1000,30,5.13,10.3,18,37,82,953,26,10,11,47,8.15479508,151,117,12.89405412,17.19592024,8.994676507,7.351072932,453,19,9,8,36,500,7,1,3,11,489,511,98,19,135,16
43,1000,30,5.13,10.3,18,37,62,957,27,6,10,43,8.187553739,115,103,9.414412807,11.78932255,8.441790184,7.918669928,488,15,4,7,26,469,12,2,3,17,514,486,80,23,100,15
41,1000,30,5.13,10.3,18,37,63,956,28,10,6,44,8.389910252,115,104,9.277496685,11.61826767,8.663760502,8.112753963,478,16,6,3,25,478,12,4,3,19,503,497,75,29,94,21
45,1000,30,5.13,10.3,18,37,51,951,29,9,11,49,7.86190064,120,94,9.009390307,11.62355211,7.85394763,7.869885526,480,10,6,5,21,471,19,3,6,28,501,499,69,25,100,20
46,1000,30,5.13,10.3,18,37,50,953,21,17,9,47,7.897703442,113,95,8.822707251,11.36848222,8.286343214,7.518280425,464,15,10,5,30,489,6,7,4,17,494,506,73,22,93,20
42,1000,30,5.13,10.3,18,37,63,957,28,5,10,43,8.387559715,152,111,9.86136089,12.66267476,8.954619455,7.847080899,457,24,2,5,31,500,4,3,5,12,488,512,83,28,125,27
44,1000,30,5.13,10.3,18,37,62,952,30,8,10,48,8.25552364,105,78,9.17958674,11.15436891,8.663769822,7.789580997,505,16,7,5,28,447,14,1,5,20,533,467,59,19,83,22
47,1000,30,5.13,10.3,18,37,49,962,20,9,9,38,7.503644258,120,85,8.997665636,11.36560725,7.966648773,7.021741599,487,12,4,7,23,475,8,5,2,15,510,490,62,23,87,33
43,1000,30,5.13,10.3,18,37,63,956,28,6,10,44,8.231098154,105,100,9.506904876,11.89774146,8.505961188,7.94039939,487,16,4,7,27,469,12,2,3,17,514,486,79,21,86,19
40,1000,30,5.13,10.3,18,37,83,951,28,10,11,49,8.152747712,176,129,13.15124843,17.54625962,9.017808972,7.324929795,453,19,9,8,36,498,9,1,3,13,489,511,108,21,160,16
41,1000,30,5.13,10.3,18,37,64,957,27,10,6,43,8.380861926,116,116,9.333894944,11.65363239,8.665878155,8.092404858,479,15,6,3,24,478,12,4,3,19,503,497,87,29,96,20
45,1000,30,5.13,10.3,18,37,52,951,28,10,11,49,7.876982387,121,88,9.072680687,11.69777503,7.903938645,7.849918089,480,10,6,5,21,471,18,4,6,28,501,499,63,25,103,18
46,1000,30,5.13,10.3,18,37,51,955,21,16,8,45,7.904288858,126,81,8.873399392,11.41667375,8.330677148,7.488012543,464,15,10,5,30,491,6,6,3,15,494,506,55,26,101,25
42,1000,30,5.13,10.3,18,37,64,957,29,4,10,43,8.388737708,136,96,9.947338031,12.77529213,8.991349502,7.814373341,456,25,2,5,32,501,4,2,5,11,488,512,79,17,119,17
44,1000,30,5.13,10.3,18,37,63,951,31,7,11,49,8.27043027,102,99,9.219821052,11.22828741,8.703166139,7.776536869,504,17,7,5,29,447,14,0,6,20,533,467,65,34,80,22
47,1000,30,5.13,10.3,18,37,50,962,20,9,9,38,7.486120132,117,100,9.064925891,11.44110479,7.964976423,6.987718687,487,12,4,7,23,475,8,5,2,15,510,490,72,28,90,27
43,1000,30,5.13,10.3,18,37,64,956,28,6,10,44,8.254912998,135,93,9.561040619,11.96619209,8.540376984,7.953002528,487,16,4,7,27,469,12,2,3,17,514,486,70,23,105,30
41,1000,30,5.13,10.3,18,37,65,956,28,10,6,44,8.397988368,110,106,9.396531428,11.75735149,8.706479715,8.085772779,479,15,6,3,24,477,13,4,3,20,503,497,78,28,91,19
40,1000,30,5.13,10.3,18,37,84,951,28,10,11,49,8.171793806,163,121,13.41901911,17.84699528,9.084308203,7.298565743,453,19,9,8,36,498,9,1,3,13,489,511,102,19,153,10
45,1000,30,5.13,10.3,18,37,53,954,28,8,10,46,7.855201116,137,83,9.126407478,11.78930363,7.896439129,7.813797821,481,10,5,5,20,473,18,3,5,26,501,499,62,21,107,30
42,1000,30,5.13,10.3,18,37,65,955,32,4,9,45,8.405492208,129,100,10.01642868,12.87804288,9.049806067,7.791380561,455,26,2,5,33,500,6,2,4,12,488,512,81,19,109,20
44,1000,30,5.13,10.3,18,37,64,948,32,10,10,52,8.295824791,112,93,9.251013147,11.26296337,8.743829302,7.784504867,502,18,9,4,31,446,14,1,6,21,533,467,68,25,88,24
46,1000,30,5.13,10.3,18,37,52,954,22,16,8,46,7.912805899,114,104,8.932439187,11.52864126,8.321989866,7.5133259,464,15,10,5,30,490,7,6,3,16,494,506,74,30,93,21
47,1000,30,5.13,10.3,18,37,51,963,19,9,9,37,7.500549312,113,111,9.096892675,11.49651486,7.989497521,6.991644033,487,12,4,7,23,476,7,5,2,14,510,490,74,37,93,20
43,1000,30,5.13,10.3,18,37,65,957,27,5,11,43,8.25978739,129,103,9.612846374,12.02572138,8.551293455,7.951486736,487,16,4,7,27,470,11,1,4,16,514,486,77,26,107,22
41,1000,30,5.13,10.3,18,37,66,956,27,10,7,44,8.441405193,133,89,9.459114506,11.85693534,8.778060068,8.100686073,479,14,6,4,24,477,13,4,3,20,503,497,66,23,111,22
45,1000,30,5.13,10.3,18,37,54,953,29,8,10,47,7.887774987,122,105,9.166426763,11.82340149,7.977896393,7.797292374,480,11,5,5,21,473,18,3,5,26,501,499,76,29,97,25
42,1000,30,5.13,10.3,18,37,66,955,32,4,9,45,8.398133819,142,112,10.10894187,13.01009903,9.088098034,7.740511677,455,26,2,5,33,500,6,2,4,12,488,512,87,25,125,17
44,1000,30,5.13,10.3,18,37,65,946,33,11,10,54,8.354788943,123,107,9.297193166,11.31700165,8.811785077,7.833206632,501,19,9,4,32,445,14,2,6,22,533,467,71,36,101,22
40,1000,30,5.13,10.3,18,37,85,952,27,10,11,48,8.180756187,155,129,13.66368366,18.18392694,9.108939736,7.292533574,454,18,9,8,35,498,9,1,3,13,489,511,106,23,142,13
46,1000,30,5.13,10.3,18,37,53,954,22,16,8,46,7.920843175,120,98,8.989459764,11.61735479,8.325139661,7.526134748,464,15,10,5,30,490,7,6,3,16,494,506,77,21,86,34
47,1000,30,5.13,10.3,18,37,52,963,19,9,9,37,7.506401862,114,110,9.129348203,11.55420805,8.008999361,6.98329018,487,12,4,7,23,476,7,5,2,14,510,490,81,29,88,26
43,1000,30,5.13,10.3,18,37,66,956,28,5,11,44,8.279944237,113,101,9.675397458,12.08185406,8.606614315,7.934453661,486,17,4,7,28,470,11,1,4,16,514,486,82,19,95,18
41,1000,30,5.13,10.3,18,37,67,955,27,10,8,45,8.46383585,121,96,9.494727381,11.88862355,8.832713977,8.090504466,478,14,6,5,25,477,13,4,3,20,503,497,77,19,97,24
45,1000,30,5.13,10.3,18,37,55,954,29,7,10,46,7.922203629,137,98,9.197851912,11.88073387,8.016668189,7.827360453,480,11,5,5,21,474,18,2,5,25,501,499,68,30,113,24
42,1000,30,5.13,10.3,18,37,67,955,31,5,9,45,8.427487396,132,91,10.18771242,13.13809459,9.156826456,7.732336104,455,25,3,5,33,500,6,2,4,12,488,512,65,26,106,26
44,1000,30,5.13,10.3,18,37,66,946,33,10,11,54,8.363895413,123,91,9.324942068,11.36833916,8.885471626,7.768606073,501,19,8,5,32,445,14,2,6,22,533,467,74,17,103,20
46,1000,30,5.13,10.3,18,37,54,952,24,16,8,48,7.945200729,128,101,9.039741826,11.68253018,8.35771709,7.542467365,463,16,10,5,31,489,8,6,3,17,494,506,78,23,104,24
40,1000,30,5.13,10.3,18,37,86,951,29,10,10,49,8.186030712,164,136,13.85750041,18.40211106,9.127982496,7.284632624,453,19,9,8,36,498,10,1,2,13,489,511,111,25,148,16
47,1000,30,5.13,10.3,18,37,53,964,18,10,8,36,7.537375423,124,104,9.191441704,11.62671397,8.069208266,6.983835118,488,12,4,6,22,476,6,6,2,14,510,490,79,25,97,27
43,1000,30,5.13,10.3,18,37,67,956,28,5,11,44,8.29270446,122,101,9.723430663,12.18834447,8.654930863,7.909609047,486,17,4,7,28,470,11,1,4,16,514,486,76,25,99,23
41,1000,30,5.13,10.3,18,37,68,957,27,8,8,43,8.475087621,144,99,9.558464137,11.95208372,8.888102174,8.057086976,479,14,5,5,24,478,13,3,3,19,503,497,78,21,114,30
45,1000,30,5.13,10.3,18,37,56,953,30,7,10,47,7.922342848,129,94,9.230029462,11.93322509,8.004683748,7.839671923,479,12,5,5,22,474,18,2,5,25,501,499,70,24,106,23
42,1000,30,5.13,10.3,18,37,68,953,34,5,8,47,8.449630301,144,115,10.24360104,13.23880058,9.206570494,7.72817168,455,25,3,5,33,498,9,2,3,14,488,512,94,21,126,18
44,1000,30,5.13,10.3,18,37,67,945,33,11,11,55,8.382271376,124,86,9.356066414,11.44136364,8.921732869,7.766569072,500,20,8,5,33,445,13,3,6,22,533,467,66,20,100,24
46,1000,30,5.13,10.3,18,37,55,953,23,16,8,47,7.960941769,143,93,9.114075039,11.78167459,8.378785265,7.553007606,463,16,10,5,31,490,7,6,3,16,494,506,66,27,119,24
47,1000,30,5.13,10.3,18,37,54,964,18,10,8,36,7.5585063,119,102,9.348424602,11.78580802,8.120431767,6.973645099,488,12,4,6,22,476,6,6,2,14,510,490,74,28,96,23
40,1000,30,5.13,10.3,18,37,87,953,27,10,10,47,8.156506015,178,122,14.24300856,18.86919094,9.099506186,7.254104678,453,19,9,8,36,500,8,1,2,11,489,511,112,10,161,17
43,1000,30,5.13,10.3,18,37,68,956,27,6,11,44,8.29101589,123,101,9.772840976,12.25425179,8.66610575,7.894315914,486,17,4,7,28,470,10,2,4,16,514,486,75,26,107,16
41,1000,30,5.13,10.3,18,37,69,958,25,10,7,42,8.511729363,117,96,9.59345826,12.02677747,8.918989371,8.099552735,479,12,7,5,24,479,13,3,2,18,503,497,76,20,100,17
42,1000,30,5.13,10.3,18,37,69,953,34,6,7,47,8.493248103,144,105,10.35244081,13.39153595,9.234836188,7.786421959,455,25,4,4,33,498,9,2,3,14,488,512,89,16,124,20
45,1000,30,5.13,10.3,18,37,57,954,30,7,9,46,7.927638373,106,107,9.304956061,12.00737031,8.04020678,7.81461879,479,12,5,5,22,475,18,2,4,24,501,499,74,33,79,27
44,1000,30,5.13,10.3,18,37,68,947,33,11,9,53,8.396238937,112,103,9.40483309,11.51079214,8.971498188,7.739679663,501,20,8,4,32,446,13,3,5,21,533,467,76,27,99,13
46,1000,30,5.13,10.3,18,37,56,951,25,16,8,49,8.000531533,135,80,9.195664,11.87050098,8.420694114,7.590333282,462,17,10,5,32,489,8,6,3,17,494,506,61,19,107,28
47,1000,30,5.13,10.3,18,37,55,965,18,9,8,35,7.570414227,118,96,9.453019511,11.91037043,8.193447377,6.921951153,488,12,4,6,22,477,6,5,2,13,510,490,75,21,95,23
43,1000,30,5.13,10.3,18,37,69,956,27,6,11,44,8.311346722,128,101,9.83679333,12.33023375,8.701046159,7.899195467,486,17,4,7,28,470,10,2,4,16,514,486,75,26,109,19
40,1000,30,5.13,10.3,18,37,88,953,26,11,10,47,8.170108769,165,119,14.59850175,19.32308025,9.134687308,7.247058073,453,19,9,8,36,500,7,2,2,11,489,511,100,19,148,17
41,1000,30,5.13,10.3,18,37,70,958,25,11,6,42,8.529012142,127,100,9.666286816,12.11976,8.967484231,8.085246628,479,12,7,5,24,479,13,4,1,18,503,497,83,17,106,21
42,1000,30,5.13,10.3,18,37,70,952,35,6,7,48,8.499985382,143,125,10.44628507,13.49903244,9.278596277,7.757871872,455,25,4,4,33,497,10,2,3,15,488,512,92,33,121,22
44,1000,30,5.13,10.3,18,37,69,947,31,13,9,53,8.395094226,117,90,9.458978754,11.59100312,9.010973304,7.692174421,501,18,10,4,32,446,13,3,5,21,533,467,61,29,99,18
45,1000,30,5.13,10.3,18,37,58,954,30,7,9,46,7.96917767,127,84,9.367088816,12.10863382,8.115451157,7.822317916,479,12,5,5,22,475,18,2,4,24,501,499,61,23,105,22
46,1000,30,5.13,10.3,18,37,57,950,25,17,8,50,8.016195009,118,99,9.23794847,11.93676717,8.483011907,7.560448868,460,18,11,5,34,490,7,6,3,16,494,506,74,25,96,22
47,1000,30,5.13,10.3,18,37,56,965,19,9,7,35,7.560931568,127,94,9.526496433,12.02211513,8.214964081,6.880203851,489,12,4,5,21,476,7,5,2,14,510,490,74,20,105,22
43,1000,30,5.13,10.3,18,37,70,956,26,7,11,44,8.349217321,126,106,9.904605537,12.40556836,8.738797726,7.937191954,486,17,4,7,28,470,9,3,4,16,514,486,83,23,104,22
40,1000,30,5.13,10.3,18,37,89,954,24,12,10,46,8.178171671,165,133,15.01307144,19.75119559,9.179814893,7.219652031,454,17,10,8,35,500,7,2,2,11,489,511,111,22,146,19
41,1000,30,5.13,10.3,18,37,71,957,26,11,6,43,8.56871279,125,87,9.725300954,12.201866,9.025968261,8.105937133,478,13,7,5,25,479,13,4,1,18,503,497,62,25,106,19
42,1000,30,5.13,10.3,18,37,71,953,33,7,7,47,8.480722393,132,112,10.52974528,13.65628516,9.292045014,7.70743052,455,24,5,4,33,498,9,2,3,14,488,512,95,17,116,16
44,1000,30,5.13,10.3,18,37,70,945,33,13,9,55,8.398914357,116,126,9.49655437,11.64510367,9.075962256,7.626180888,499,20,10,4,34,446,13,3,5,21,533,467,95,31,95,21
45,1000,30,5.13,10.3,18,37,59,954,29,8,9,46,8.005882034,124,103,9.425466045,12.17125325,8.178907551,7.832163028,478,12,6,5,23,476,17,2,4,23,501,499,78,25,103,21
46,1000,30,5.13,10.3,18,37,58,951,25,16,8,49,8.012305973,113,112,9.319481647,12.06051534,8.519015151,7.517613614,459,19,11,5,35,492,6,5,3,14,494,506,88,24,96,17
47,1000,30,5.13,10.3,18,37,57,964,20,9,7,36,7.57169123,127,92,9.61983435,12.10905864,8.249014862,6.866721735,489,12,4,5,21,475,8,5,2,15,510,490,69,23,101,26
43,1000,30,5.13,10.3,18,37,71,953,28,8,11,47,8.365244955,132,99,9.980226202,12.50742013,8.779161777,7.927481074,484,18,5,7,30,469,10,3,4,17,514,486,81,18,111,21
41,1000,30,5.13,10.3,18,37,72,958,25,11,6,42,8.559280346,137,103,9.78935383,12.28475526,9.061890926,8.050602033,478,13,7,5,25,480,12,4,1,17,503,497,78,25,116,21
40,1000,30,5.13,10.3,18,37,90,954,24,11,11,46,8.173264359,182,131,15.50516872,20.26943213,9.205614698,7.185359631,454,17,9,9,35,500,7,2,2,11,489,511,109,22,167,15
44,1000,30,5.13,10.3,18,37,71,945,33,13,9,55,8.41684878,126,80,9.569696448,11.75720989,9.123896381,7.609875821,498,21,10,4,35,447,12,3,5,20,533,467,57,23,102,24
45,1000,30,5.13,10.3,18,37,60,955,28,8,9,45,7.999818115,130,100,9.475017652,12.26300152,8.231521323,7.767186238,478,12,6,5,23,477,16,2,4,22,501,499,72,28,107,23
42,1000,30,5.13,10.3,18,37,72,953,32,8,7,47,8.46183513,151,109,10.6035441,13.75106618,9.299973771,7.662984239,456,23,5,4,32,497,9,3,3,15,488,512,92,17,130,21
46,1000,30,5.13,10.3,18,37,59,951,25,16,8,49,8.041105521,118,105,9.394758658,12.15617976,8.561883734,7.532677779,459,19,11,5,35,492,6,5,3,14,494,506,77,28,97,21
47,1000,30,5.13,10.3,18,37,58,963,21,9,7,37,7.593830236,135,110,9.715265339,12.21727162,8.294620054,6.864436751,488,13,4,5,22,475,8,5,2,15,510,490,82,28,95,40
43,1000,30,5.13,10.3,18,37,72,952,29,8,11,48,8.376665422,119,104,10.0741201,12.6042037,8.817428976,7.910508083,483,19,5,7,31,469,10,3,4,17,514,486,85,19,99,20
41,1000,30,5.13,10.3,18,37,73,957,26,11,6,43,8.583042899,128,110,9.874651631,12.39135453,9.0686535,8.091569795,478,13,7,5,25,479,13,4,1,18,503,497,86,24,113,15
44,1000,30,5.13,10.3,18,37,72,943,33,14,10,57,8.437494139,122,110,9.610889778,11.85862055,9.152255802,7.621716908,497,20,11,5,36,446,13,3,5,21,533,467,82,28,99,23
45,1000,30,5.13,10.3,18,37,61,955,27,9,9,45,8.042439843,110,112,9.539123997,12.35213472,8.265721648,7.818263121,478,12,6,5,23,477,15,3,4,22,501,499,83,29,92,18
40,1000,30,5.13,10.3,18,37,91,954,24,11,11,46,8.24121464,167,115,16.06517195,21.06319954,9.279660915,7.247476424,454,17,9,9,35,500,7,2,2,11,489,511,99,16,148,19
42,1000,30,5.13,10.3,18,37,73,952,32,9,7,48,8.466255395,141,111,10.69259247,13.87348574,9.316010061,7.65633298,455,23,6,4,33,497,9,3,3,15,488,512,93,18,121,20
46,1000,30,5.13,10.3,18,37,60,950,26,16,8,50,8.072960966,141,97,9.432051784,12.23106202,8.618486503,7.540372793,459,19,11,5,35,491,7,5,3,15,494,506,72,25,119,22
47,1000,30,5.13,10.3,18,37,59,962,22,9,7,38,7.635732772,136,91,9.815218201,12.36726796,8.36096384,6.880900436,487,14,4,5,23,475,8,5,2,15,510,490,63,28,108,28
43,1000,30,5.13,10.3,18,37,73,952,29,9,10,48,8.389743897,131,106,10.12469149,12.71747064,8.834559187,7.919301389,483,19,6,6,31,469,10,3,4,17,514,486,80,26,109,22
41,1000,30,5.13,10.3,18,37,74,958,26,10,6,42,8.582060315,130,102,9.934128888,12.47426873,9.122177316,8.035422787,478,13,7,5,25,480,13,3,1,17,503,497,79,23,118,12
44,1000,30,5.13,10.3,18,37,73,943,33,14,10,57,8.426298446,115,100,9.677577746,11.95683999,9.167101822,7.58079909,497,20,11,5,36,446,13,3,5,21,533,467,78,22,97,18
45,1000,30,5.13,10.3,18,37,62,955,27,9,9,45,8.066397767,123,91,9.604478208,12.46282211,8.29660768,7.835265169,478,12,6,5,23,477,15,3,4,22,501,499,72,19,106,17
42,1000,30,5.13,10.3,18,37,74,952,32,9,7,48,8.463000064,133,115,10.79350946,14.02300429,9.308115861,7.657499071,455,23,6,4,33,497,9,3,3,15,488,512,96,19,116,17
40,1000,30,5.13,10.3,18,37,92,953,24,12,11,47,8.262030457,184,129,16.46851304,21.78731978,9.301394968,7.267413537,453,17,10,9,36,500,7,2,2,11,489,511,110,19,163,21
47,1000,30,5.13,10.3,18,37,60,963,21,9,7,37,7.638779624,125,84,9.90204594,12.44386474,8.397398514,6.849196698,487,14,4,5,23,476,7,5,2,14,510,490,62,22,101,24
46,1000,30,5.13,10.3,18,37,61,950,26,16,8,50,8.078881415,109,112,9.482053738,12.31029156,8.662286997,7.509311538,459,19,11,5,35,491,7,5,3,15,494,506,90,22,89,20
43,1000,30,5.13,10.3,18,37,74,952,29,9,10,48,8.441572609,131,102,10.20943601,12.84780788,8.890211157,7.967086572,483,19,6,6,31,469,10,3,4,17,514,486,80,22,112,19
41,1000,30,5.13,10.3,18,37,75,958,25,11,6,42,8.601225236,140,102,9.984744522,12.56839326,9.143443564,8.052461013,478,13,7,5,25,480,12,4,1,17,503,497,80,22,120,20
44,1000,30,5.13,10.3,18,37,74,943,32,15,10,57,8.488490261,131,99,9.797793752,12.09388806,9.255552216,7.613021263,496,21,11,5,37,447,11,4,5,20,533,467,79,20,106,25
42,1000,30,5.13,10.3,18,37,75,951,33,9,7,49,8.470867147,138,124,10.90945694,14.15271672,9.331022468,7.651031606,454,24,6,4,34,497,9,3,3,15,488,512,102,22,124,14
45,1000,30,5.13,10.3,18,37,63,955,28,9,8,45,8.070744429,127,111,9.647301377,12.52967479,8.321995625,7.818486215,479,12,6,4,22,476,16,3,4,23,501,499,89,22,103,24
47,1000,30,5.13,10.3,18,37,61,963,21,9,7,37,7.663651701,135,100,9.991108031,12.5512165,8.426483752,6.869683647,487,14,4,5,23,476,7,5,2,14,510,490,75,25,114,21
40,1000,30,5.13,10.3,18,37,93,955,23,11,11,45,8.263365328,176,144,16.86652271,22.29116962,9.346357949,7.226998612,453,16,11,9,36,502,7,0,2,9,489,511,125,19,161,15
46,1000,30,5.13,10.3,18,37,62,949,26,17,8,51,8.119028683,104,108,9.56553127,12.44650889,8.720894242,7.531436616,459,18,12,5,35,490,8,5,3,16,494,506,85,23,88,16
43,1000,30,5.13,10.3,18,37,75,951,30,9,10,49,8.470075081,119,104,10.2749844,12.94709636,8.954983903,7.957229125,482,20,6,6,32,469,10,3,4,17,514,486,84,20,99,20
41,1000,30,5.13,10.3,18,37,76,957,24,13,6,43,8.627917856,124,115,10.03127423,12.63999009,9.17007574,8.079214805,477,13,8,5,26,480,11,5,1,17,503,497,95,20,102,22
44,1000,30,5.13,10.3,18,37,75,942,33,15,10,58,8.505900569,134,93,9.867010067,12.17296427,9.263194225,7.641580399,496,21,11,5,37,446,12,4,5,21,533,467,74,19,111,23
42,1000,30,5.13,10.3,18,37,76,950,33,10,7,50,8.476213827,131,110,10.99081916,14.26687061,9.342031081,7.650981758,453,25,6,4,35,497,8,4,3,15,488,512,79,31,112,19
45,1000,30,5.13,10.3,18,37,64,955,28,8,9,45,8.119855842,138,99,9.70660597,12.60587573,8.390274513,7.848353329,478,12,6,5,23,477,16,2,4,22,501,499,70,29,113,25
47,1000,30,5.13,10.3,18,37,62,964,21,8,7,36,7.680016739,147,108,10.07512561,12.6580919,8.439523829,6.889509359,488,14,3,5,22,476,7,5,2,14,510,490,83,25,119,28
46,1000,30,5.13,10.3,18,37,63,948,27,17,8,52,8.118835287,124,100,9.66351821,12.54661038,8.743972219,7.508523737,458,19,12,5,36,490,8,5,3,16,494,506,75,25,101,23
43,1000,30,5.13,10.3,18,37,76,952,29,9,10,48,8.463021859,128,88,10.36077872,13.08110096,8.987620207,7.908199737,482,20,6,6,32,470,9,3,4,16,514,486,74,14,112,16
40,1000,30,5.13,10.3,18,37,94,955,23,11,11,45,8.282328423,168,140,17.33963236,22.9942876,9.363710917,7.247502514,453,16,11,9,36,502,7,0,2,9,489,511,128,12,151,17
41,1000,30,5.13,10.3,18,37,77,957,24,14,5,43,8.628795392,123,107,10.14131492,12.80666551,9.225236023,8.02515427,476,13,9,5,27,481,11,5,0,16,503,497,81,26,100,23
44,1000,30,5.13,10.3,18,37,76,943,34,14,9,57,8.517626918,117,105,9.956502474,12.27934546,9.297318717,7.627743131,496,22,10,5,37,447,12,4,4,20,533,467,82,23,104,13
42,1000,30,5.13,10.3,18,37,77,949,33,11,7,51,8.483613895,135,116,11.13674145,14.43714818,9.329515669,7.677363766,453,24,7,4,35,496,9,4,3,16,488,512,99,17,123,12
45,1000,30,5.13,10.3,18,37,65,955,28,8,9,45,8.135258161,142,92,9.814310821,12.73080873,8.413497831,7.855903303,478,12,6,5,23,477,16,2,4,22,501,499,75,17,117,25
47,1000,30,5.13,10.3,18,37,63,964,20,9,7,36,7.666142799,131,109,10.18007079,12.78805402,8.463168812,6.836585112,488,13,4,5,22,476,7,5,2,14,510,490,85,24,105,26
43,1000,30,5.13,10.3,18,37,77,952,29,9,10,48,8.46765817,135,111,10.44907873,13.20740418,9.001157458,7.903422297,482,20,6,6,32,470,9,3,4,16,514,486,85,26,119,16
46,1000,30,5.13,10.3,18,37,64,949,26,17,8,51,8.122004585,112,101,9.712440369,12.63384566,8.772910821,7.486534861,458,19,12,5,36,491,7,5,3,15,494,506,73,28,97,15
40,1000,30,5.13,10.3,18,37,95,955,22,11,12,45,8.28971482,173,138,18.03380865,24.13960568,9.456694105,7.172977305,452,16,11,10,37,503,6,0,2,8,489,511,122,16,159,14
41,1000,30,5.13,10.3,18,37,78,956,25,14,5,44,8.653882403,132,100,10.23122897,12.8938346,9.270326105,8.029996725,476,13,9,5,27,480,12,5,0,17,503,497,81,19,115,17
44,1000,30,5.13,10.3,18,37,77,943,34,15,8,57,8.569704648,116,98,10.04764983,12.41335035,9.395838788,7.626814933,495,22,11,5,38,448,12,4,3,19,533,467,74,24,99,17
42,1000,30,5.13,10.3,18,37,78,947,35,11,7,53,8.510084856,143,111,11.24969503,14.56829787,9.399636021,7.662231401,451,26,7,4,37,496,9,4,3,16,488,512,90,21,122,21
45,1000,30,5.13,10.3,18,37,66,954,29,8,9,46,8.125670716,135,83,9.900193156,12.83665192,8.438220653,7.811868073,478,12,6,5,23,476,17,2,4,23,501,499,68,15,110,25
47,1000,30,5.13,10.3,18,37,64,963,21,9,7,37,7.692138679,134,117,10.24278127,12.87854426,8.56755196,6.780994244,487,14,4,5,23,476,7,5,2,14,510,490,91,26,111,23
43,1000,30,5.13,10.3,18,37,78,952,29,9,10,48,8.505849604,133,108,10.52415065,13.32101603,9.03547115,7.945714882,482,20,6,6,32,470,9,3,4,16,514,486,87,21,112,21
46,1000,30,5.13,10.3,18,37,65,948,27,17,8,52,8.138464241,142,109,9.774124053,12.74275722,8.810006475,7.48284791,456,21,12,5,38,492,6,5,3,14,494,506,79,30,110,32
41,1000,30,5.13,10.3,18,37,79,955,26,14,5,45,8.673515243,142,106,10.28107297,12.97140315,9.301840699,8.037604369,475,14,9,5,28,480,12,5,0,17,503,497,84,22,117,25
40,1000,30,5.13,10.3,18,37,96,955,22,11,12,45,8.287697776,184,141,18.80212077,25.40085744,9.494001587,7.133328766,453,15,11,10,36,502,7,0,2,9,489,511,123,18,172,12
44,1000,30,5.13,10.3,18,37,78,942,35,15,8,58,8.594898769,121,111,10.10697262,12.49058785,9.419764928,7.653456238,494,23,11,5,39,448,12,4,3,19,533,467,91,20,110,11
42,1000,30,5.13,10.3,18,37,79,948,34,12,6,52,8.546799169,141,134,11.39120014,14.72041443,9.463035926,7.67351101,451,25,8,4,37,497,9,4,2,15,488,512,102,32,127,14
45,1000,30,5.13,10.3,18,37,67,955,29,8,8,45,8.120535752,144,109,9.981456002,12.93353873,8.468239167,7.771438736,477,13,6,5,24,478,16,2,3,21,501,499,80,29,126,18
47,1000,30,5.13,10.3,18,37,65,963,21,9,7,37,7.741069521,132,102,10.27527337,12.92892867,8.609282737,6.837419031,487,14,4,5,23,476,7,5,2,14,510,490,80,22,109,23
43,1000,30,5.13,10.3,18,37,79,950,31,9,10,50,8.529724072,125,116,10.59758242,13.41115377,9.086758687,7.940596928,481,21,6,6,33,469,10,3,4,17,514,486,99,17,109,16
46,1000,30,5.13,10.3,18,37,66,948,28,16,8,52,8.154508147,136,93,9.835411182,12.85230169,8.859974568,7.465772156,456,21,12,5,38,492,7,4,3,14,494,506,73,20,120,16
41,1000,30,5.13,10.3,18,37,80,954,27,14,5,46,8.720546134,126,125,10.39654091,13.10847486,9.369872907,8.063380407,474,15,9,5,29,480,12,5,0,17,503,497,98,27,109,17
44,1000,30,5.13,10.3,18,37,79,941,35,16,8,59,8.600756219,131,117,10.19575976,12.58074377,9.479025943,7.598362724,494,23,11,5,39,447,12,5,3,20,533,467,80,37,104,27
42,1000,30,5.13,10.3,18,37,80,948,34,12,6,52,8.546674355,167,122,11.52107743,14.8679521,9.485127126,7.652211558,451,25,8,4,37,497,9,4,2,15,488,512,103,19,145,22
40,1000,30,5.13,10.3,18,37,97,955,22,11,12,45,8.275756057,181,158,19.66196926,26.89258176,9.522157678,7.083015562,453,15,11,10,36,502,7,0,2,9,489,511,139,19,163,18
45,1000,30,5.13,10.3,18,37,68,954,31,7,8,46,8.100719228,159,99,10.058302,13.05332907,8.51172929,7.688061832,475,15,6,5,26,479,16,1,3,20,501,499,71,28,134,25
47,1000,30,5.13,10.3,18,37,66,964,21,9,6,36,7.754185045,138,118,10.31562809,12.99869663,8.652710709,6.818984864,488,14,4,4,22,476,7,5,2,14,510,490,89,29,104,34
43,1000,30,5.13,10.3,18,37,80,951,30,9,10,49,8.523080655,128,104,10.7113974,13.58445534,9.089716909,7.923798691,482,20,6,6,32,469,10,3,4,17,514,486,86,18,117,11
41,1000,30,5.13,10.3,18,37,81,951,30,13,6,49,8.779109401,131,122,10.51745286,13.26192269,9.441877183,8.108340398,472,17,9,5,31,479,13,4,1,18,503,497,98,24,112,19
46,1000,30,5.13,10.3,18,37,67,946,29,17,8,54,8.191015584,135,110,9.929706184,12.98509995,8.893140148,7.505542195,456,21,12,5,38,490,8,5,3,16,494,506,85,25,106,29
44,1000,30,5.13,10.3,18,37,80,940,36,16,8,60,8.615403361,102,125,10.25913484,12.67880291,9.530679848,7.570773025,493,24,11,5,40,447,12,5,3,20,533,467,92,33,89,13
42,1000,30,5.13,10.3,18,37,81,948,33,14,5,52,8.533865855,151,133,11.59726611,15.00483529,9.504933113,7.608317376,449,25,11,3,39,499,8,3,2,13,488,512,114,19,135,16
45,1000,30,5.13,10.3,18,37,69,953,32,7,8,47,8.105181353,129,101,10.1033829,13.15307554,8.539207686,7.669415436,475,15,6,5,26,478,17,1,3,21,501,499,78,23,109,20
40,1000,30,5.13,10.3,18,37,98,953,24,11,12,47,8.301720705,183,149,20.12554927,27.38460813,9.553231655,7.104090853,453,15,11,10,36,500,9,0,2,11,489,511,130,19,176,7
47,1000,30,5.13,10.3,18,37,67,964,21,10,5,36,7.754126549,129,103,10.39315936,13.12294736,8.660094345,6.811180474,488,14,5,3,22,476,7,5,2,14,510,490,82,21,106,23
43,1000,30,5.13,10.3,18,37,81,951,30,10,9,49,8.530059733,146,94,10.82421769,13.72722953,9.141883702,7.882986646,481,20,7,6,33,470,10,3,3,16,514,486,73,21,129,17
41,1000,30,5.13,10.3,18,37,82,949,31,14,6,51,8.849362179,140,104,10.59511321,13.39253369,9.562841752,8.127269171,471,17,10,5,32,478,14,4,1,19,503,497,85,19,119,21
46,1000,30,5.13,10.3,18,37,68,946,29,17,8,54,8.19990649,123,116,10.0024075,13.05333908,8.910910822,7.505763921,456,21,12,5,38,490,8,5,3,16,494,506,88,28,101,22
44,1000,30,5.13,10.3,18,37,81,940,35,17,8,60,8.615318501,130,123,10.34382623,12.79312546,9.561544395,7.53536475,493,23,12,5,40,447,12,5,3,20,533,467,97,26,108,22
42,1000,30,5.13,10.3,18,37,82,948,33,14,5,52,8.546053841,144,111,11.73674622,15.17057949,9.523068861,7.614836399,449,25,11,3,39,499,8,3,2,13,488,512,84,27,129,15
45,1000,30,5.13,10.3,18,37,70,952,33,7,8,48,8.114126703,145,106,10.22118968,13.27036783,8.564199462,7.662250044,475,15,6,5,26,477,18,1,3,22,501,499,85,21,125,20
47,1000,30,5.13,10.3,18,37,68,963,22,10,5,37,7.776095208,127,89,10.40653043,13.18777811,8.693641249,6.821098309,487,15,5,3,23,476,7,5,2,14,510,490,67,22,105,22
40,1000,30,5.13,10.3,18,37,99,954,23,11,12,46,8.330964954,189,156,21.20762685,29.18631519,9.640408124,7.077897027,453,15,11,10,36,501,8,0,2,10,489,511,134,22,176,13
43,1000,30,5.13,10.3,18,37,82,950,31,10,9,50,8.57873084,141,134,10.94768142,13.90343214,9.246106374,7.872905688,480,21,7,6,34,470,10,3,3,16,514,486,104,30,125,16
41,1000,30,5.13,10.3,18,37,83,950,30,14,6,50,8.867009997,123,107,10.67603679,13.5080373,9.592305749,8.132958159,471,17,10,5,32,479,13,4,1,18,503,497,84,23,107,16
44,1000,30,5.13,10.3,18,37,82,941,34,17,8,59,8.647862041,130,112,10.42743606,12.91280018,9.617352593,7.541355693,493,23,12,5,40,448,11,5,3,19,533,467,80,32,114,16
46,1000,30,5.13,10.3,18,37,69,946,29,17,8,54,8.239958783,138,95,10.07380436,13.22095613,8.961557159,7.535473411,456,21,12,5,38,490,8,5,3,16,494,506,77,18,124,14
42,1000,30,5.13,10.3,18,37,83,949,32,14,5,51,8.562193547,140,136,11.86715178,15.36703531,9.558122988,7.612948299,449,25,11,3,39,500,7,3,2,12,488,512,112,24,128,12
45,1000,30,5.13,10.3,18,37,71,952,33,6,9,48,8.154586166,135,119,10.29128193,13.36906384,8.628030632,7.679244127,475,15,5,6,26,477,18,1,3,22,501,499,95,24,119,16
47,1000,30,5.13,10.3,18,37,69,963,22,10,5,37,7.775093828,134,101,10.432058,13.24995876,8.704360075,6.807898347,487,15,5,3,23,476,7,5,2,14,510,490,82,19,103,31
40,1000,30,5.13,10.3,18,37,100,955,22,11,12,45,8.309971017,206,150,21.99611493,30.31476274,9.663717884,7.014506794,453,15,11,10,36,502,7,0,2,9,489,511,130,20,187,19
43,1000,30,5.13,10.3,18,37,83,950,32,9,9,50,8.570522232,137,117,11.06611585,14.08642145,9.24620901,7.855906998,480,21,7,6,34,470,11,2,3,16,514,486,91,26,118,19
41,1000,30,5.13,10.3,18,37,84,948,32,13,7,52,8.895150786,150,125,10.7806392,13.67171117,9.616221544,8.165374948,471,17,10,5,32,477,15,3,2,20,503,497,102,23,131,19
44,1000,30,5.13,10.3,18,37,83,942,33,17,8,58,8.655504868,133,126,10.5182473,13.0340179,9.653150494,7.516864358,493,22,13,5,40,449,11,4,3,18,533,467,100,26,104,29
46,1000,30,5.13,10.3,18,37,70,945,30,17,8,55,8.271563405,142,114,10.14321845,13.30709447,9.010682462,7.549972863,455,22,12,5,39,490,8,5,3,16,494,506,92,22,125,17
42,1000,30,5.13,10.3,18,37,84,948,33,15,4,52,8.567638149,151,149,12.02331048,15.57420013,9.62275465,7.561980233,449,25,11,3,39,499,8,4,1,13,488,512,116,33,135,16
45,1000,30,5.13,10.3,18,37,72,954,31,6,9,46,8.151876538,126,102,10.36876352,13.49613297,8.657470484,7.644256164,475,15,5,6,26,479,16,1,3,20,501,499,85,17,106,20
47,1000,30,5.13,10.3,18,37,70,963,22,10,5,37,7.776637218,145,108,10.48506458,13.3174219,8.737540192,6.776513713,487,15,5,3,23,476,7,5,2,14,510,490,84,24,130,15
43,1000,30,5.13,10.3,18,37,84,949,33,9,9,51,8.565680925,135,105,11.17608036,14.28866636,9.292199846,7.797304946,479,22,7,6,35,470,11,2,3,16,514,486,85,20,113,22
40,1000,30,5.13,10.3,18,37,101,955,21,12,12,45,8.295482222,224,162,22.68608349,31.04838834,9.707798384,6.943970279,453,14,12,10,36,502,7,0,2,9,489,511,142,20,206,18
41,1000,30,5.13,10.3,18,37,85,947,33,13,7,53,8.901772309,137,128,10.89743297,13.86454807,9.63646456,8.158210534,470,18,10,5,33,477,15,3,2,20,503,497,109,19,122,15
44,1000,30,5.13,10.3,18,37,84,941,33,17,9,59,8.653368961,120,140,10.61422387,13.14418941,9.664744742,7.499057846,493,22,13,5,40,448,11,4,4,19,533,467,112,28,103,17
46,1000,30,5.13,10.3,18,37,71,948,29,16,7,52,8.251281568,122,107,10.2316885,13.40367351,9.044330017,7.477040593,456,22,11,5,38,492,7,5,2,14,494,506,87,20,99,23
42,1000,30,5.13,10.3,18,37,85,946,35,15,4,54,8.560931539,160,136,12.22716993,15.85024896,9.637295676,7.53502197,449,25,11,3,39,497,10,4,1,15,488,512,106,30,131,29
45,1000,30,5.13,10.3,18,37,73,953,32,6,9,47,8.165939928,128,111,10.46137692,13.61539486,8.745766718,7.583789182,474,16,5,6,27,479,16,1,3,20,501,499,89,22,115,13
47,1000,30,5.13,10.3,18,37,71,964,21,10,5,36,7.81207883,136,120,10.54302509,13.37274844,8.771222359,6.813786586,487,15,5,3,23,477,6,5,2,13,510,490,89,31,109,27
43,1000,30,5.13,10.3,18,37,85,949,34,9,8,51,8.570385045,146,125,11.34354505,14.51903836,9.287450494,7.812007183,479,23,7,5,35,470,11,2,3,16,514,486,97,28,122,24
41,1000,30,5.13,10.3,18,37,86,948,32,13,7,52,8.918587443,135,110,10.98454393,14.02150029,9.695767789,8.132024639,470,18,10,5,33,478,14,3,2,19,503,497,94,16,122,13
40,1000,30,5.13,10.3,18,37,102,955,20,13,12,45,8.302090308,204,162,24.07055685,32.92724413,9.734399842,6.931445764,453,13,13,10,36,502,7,0,2,9,489,511,146,16,187,17
44,1000,30,5.13,10.3,18,37,85,940,35,16,9,60,8.647304409,130,103,10.67898557,13.22993217,9.718900101,7.424262644,491,24,13,5,42,449,11,3,4,18,533,467,83,20,114,16
42,1000,30,5.13,10.3,18,37,86,945,33,18,4,55,8.593225739,163,116,12.48308571,16.19612995,9.711788213,7.52709588,448,23,14,3,40,497,10,4,1,15,488,512,98,18,150,13
46,1000,30,5.13,10.3,18,37,72,948,30,16,6,52,8.252555623,141,98,10.30047047,13.51779228,9.082097507,7.442686669,456,22,11,5,38,492,8,5,1,14,494,506,80,18,120,21
45,1000,30,5.13,10.3,18,37,74,950,35,6,9,50,8.166135373,146,111,10.535407,13.71341302,8.751368742,7.57855638,472,18,5,6,29,478,17,1,3,21,501,499,89,22,119,27
47,1000,30,5.13,10.3,18,37,72,963,22,10,5,37,7.824593509,137,103,10.65849058,13.52279925,8.831789222,6.776287768,486,16,5,3,24,477,6,5,2,13,510,490,83,20,117,20
43,1000,30,5.13,10.3,18,37,86,948,33,11,8,52,8.633006334,158,116,11.48359978,14.71987932,9.339397142,7.885918114,478,22,9,5,36,470,11,2,3,16,514,486,98,18,141,17
41,1000,30,5.13,10.3,18,37,87,949,32,12,7,51,8.924456744,138,125,11.10132145,14.14227944,9.747315982,8.091663591,470,18,10,5,33,479,14,2,2,18,503,497,110,15,123,15
44,1000,30,5.13,10.3,18,37,86,941,34,15,10,59,8.665487329,124,120,10.74943263,13.35014803,9.749759409,7.427977654,492,23,12,6,41,449,11,3,4,18,533,467,102,18,113,11
42,1000,30,5.13,10.3,18,37,87,944,34,18,4,56,8.61841343,153,120,12.78462961,16.58261425,9.773383522,7.517582561,446,25,14,3,42,498,9,4,1,14,488,512,105,15,140,13
40,1000,30,5.13,10.3,18,37,103,956,19,13,12,44,8.299967903,214,163,25.30904812,34.144825,9.75145861,6.91096799,453,13,13,10,36,503,6,0,2,8,489,511,144,19,201,13
46,1000,30,5.13,10.3,18,37,73,948,30,16,6,52,8.295856516,140,101,10.39206738,13.61524641,9.128819272,7.482647817,456,22,11,5,38,492,8,5,1,14,494,506,74,27,121,19
45,1000,30,5.13,10.3,18,37,75,949,36,6,9,51,8.198046776,145,113,10.62538838,13.79934908,8.821918078,7.571674986,471,19,5,6,30,478,17,1,3,21,501,499,93,20,117,28
47,1000,30,5.13,10.3,18,37,73,961,23,11,5,39,7.872621126,138,103,10.82142227,13.68281917,8.87912356,6.82503696,484,18,5,3,26,477,5,6,2,13,510,490,82,21,116,22
43,1000,30,5.13,10.3,18,37,87,948,33,11,8,52,8.643322913,148,130,11.71470341,14.99901629,9.404266228,7.838539242,478,22,9,5,36,470,11,2,3,16,514,486,104,26,130,18
41,1000,30,5.13,10.3,18,37,88,948,33,12,7,52,8.954038356,139,104,11.21675765,14.31394813,9.822136775,8.075459876,470,18,10,5,33,478,15,2,2,19,503,497,88,16,116,23
44,1000,30,5.13,10.3,18,37,87,937,38,15,10,63,8.687895547,129,107,10.82372123,13.44183672,9.805183732,7.412703677,489,26,12,6,44,448,12,3,4,19,533,467,88,19,102,27
42,1000,30,5.13,10.3,18,37,88,944,33,19,4,56,8.646628043,187,149,13.17897373,17.0625026,9.859690351,7.49042803,446,24,15,3,42,498,9,4,1,14,488,512,128,21,166,21
46,1000,30,5.13,10.3,18,37,74,947,31,16,6,53,8.302908606,144,117,10.43637478,13.70144452,9.203064057,7.424100716,455,23,11,5,39,492,8,5,1,14,494,506,99,18,119,25
40,1000,30,5.13,10.3,18,37,104,956,19,13,12,44,8.312506718,214,164,26.55413934,35.26212351,9.792410365,6.896317123,453,13,13,10,36,503,6,0,2,8,489,511,140,24,190,24
45,1000,30,5.13,10.3,18,37,76,950,34,7,9,50,8.235035228,151,120,10.74538476,13.92802853,8.869624836,7.597902175,472,17,6,6,29,478,17,1,3,21,501,499,100,20,125,26
48,1000,30,5.13,10.3,18,37,0,952,31,6,11,48,6.788,73,75,7.516041223,8.689761405,6.22972973,7.387966805,499,13,1,5,19,453,18,5,6,29,518,482,34,41,44,29
47,1000,30,5.13,10.3,18,37,74,961,22,12,5,39,7.884435905,139,107,10.93758008,13.84154564,8.943272085,6.782381921,483,18,6,3,27,478,4,6,2,12,510,490,81,26,124,15
43,1000,30,5.13,10.3,18,37,88,948,34,11,7,52,8.622069245,161,114,11.9452449,15.26482636,9.459755263,7.73612148,478,22,9,5,36,470,12,2,2,16,514,486,86,28,143,18
41,1000,30,5.13,10.3,18,37,89,947,34,12,7,53,8.974935974,142,113,11.37766794,14.48118203,9.87230926,8.066729208,470,18,10,5,33,477,16,2,2,20,503,497,87,26,119,23
44,1000,30,5.13,10.3,18,37,88,937,39,13,11,63,8.708139967,144,112,10.94883077,13.5805346,9.803303549,7.458199518,490,26,11,6,43,447,13,2,5,20,533,467,78,34,125,19
42,1000,30,5.13,10.3,18,37,89,943,33,19,5,57,8.652648419,165,142,13.60059574,17.59095585,9.919482062,7.445197603,445,25,15,3,43,498,8,4,2,14,488,512,121,21,152,13
46,1000,30,5.13,10.3,18,37,75,946,32,16,6,54,8.346040356,138,112,10.54901565,13.87824824,9.222929156,7.489947338,455,23,11,5,39,491,9,5,1,15,494,506,90,22,123,15
45,1000,30,5.13,10.3,18,37,77,949,35,7,9,51,8.262836287,145,108,10.81561168,14.04158913,8.897223791,7.625906148,472,17,6,6,29,477,18,1,3,22,501,499,80,28,127,18
47,1000,30,5.13,10.3,18,37,75,961,23,11,5,39,7.921500658,125,112,11.06079462,13.97910569,9.005844045,6.792898357,482,19,6,3,28,479,4,5,2,11,510,490,88,24,110,15
48,1000,30,5.13,10.3,18,37,1,952,30,7,11,48,6.835998154,96,74,7.523326871,8.712364906,6.263863167,7.450865215,499,13,1,5,19,453,17,6,6,29,518,482,47,27,60,36
43,1000,30,5.13,10.3,18,37,89,948,35,10,7,52,8.64966012,149,117,12.1848812,15.56465978,9.494322666,7.756333889,479,22,8,5,35,469,13,2,2,17,514,486,96,21,132,17
41,1000,30,5.13,10.3,18,37,90,945,36,12,7,55,8.983416517,150,141,11.45413775,14.62659468,9.903856713,8.051864366,469,19,10,5,34,476,17,2,2,21,503,497,104,37,131,19
44,1000,30,5.13,10.3,18,37,89,936,40,13,11,64,8.742384578,134,108,11.05078729,13.72510855,9.856800437,7.470470974,489,27,11,6,44,447,13,2,5,20,533,467,86,22,112,22
42,1000,30,5.13,10.3,18,37,90,942,34,19,5,58,8.667897286,177,127,14.08600031,18.20669328,9.970687431,7.426175429,444,26,15,3,44,498,8,4,2,14,488,512,109,18,161,16
45,1000,30,5.13,10.3,18,37,78,950,34,7,9,50,8.299724447,139,108,10.93607279,14.17480832,8.972253891,7.624499494,472,17,6,6,29,478,17,1,3,21,501,499,85,23,118,21
46,1000,30,5.13,10.3,18,37,76,945,32,17,6,55,8.359027725,150,108,10.63826943,13.99350323,9.247534017,7.491592728,455,22,12,5,39,490,10,5,1,16,494,506,90,18,128,22
47,1000,30,5.13,10.3,18,37,76,962,22,10,6,38,7.942867037,146,124,11.12577909,14.05606547,9.037539801,6.803513752,483,18,6,3,27,479,4,4,3,11,510,490,100,24,124,22
43,1000,30,5.13,10.3,18,37,90,948,34,11,7,52,8.663088284,156,121,12.3768477,15.80434899,9.532484015,7.743603909,479,22,8,5,35,469,12,3,2,17,514,486,106,15,146,10
41,1000,30,5.13,10.3,18,37,91,944,37,12,7,56,8.978369174,144,120,11.59506536,14.85487226,9.901372849,8.044222597,468,20,10,5,35,476,17,2,2,21,503,497,104,16,126,18
48,1000,30,5.13,10.3,18,37,2,951,32,7,10,49,6.886810119,94,93,7.532832905,8.728730447,6.328091014,7.487259281,499,13,1,5,19,452,19,6,5,30,518,482,52,41,55,39
44,1000,30,5.13,10.3,18,37,90,937,38,14,11,63,8.766172776,146,120,11.13678792,13.84377327,9.920443843,7.448771323,489,26,12,6,44,448,12,2,5,19,533,467,98,22,126,20
42,1000,30,5.13,10.3,18,37,91,945,32,18,5,55,8.651458197,171,136,14.47318653,18.65082165,10.04839156,7.320006084,444,26,15,3,44,501,6,3,2,11,488,512,115,21,158,13
45,1000,30,5.13,10.3,18,37,79,951,34,7,8,49,8.303184313,129,117,11.01862903,14.2635682,9.016952884,7.586554946,472,17,6,6,29,479,17,1,2,20,501,499,100,17,112,17
46,1000,30,5.13,10.3,18,37,77,945,31,18,6,55,8.353579128,140,112,10.7169839,14.15778084,9.268402227,7.460451439,455,21,13,5,39,490,10,5,1,16,494,506,85,27,123,17
47,1000,30,5.13,10.3,18,37,77,962,22,10,6,38,7.966998732,141,114,11.21604977,14.19341099,9.078518872,6.810110424,483,18,6,3,27,479,4,4,3,11,510,490,93,21,119,22
43,1000,30,5.13,10.3,18,37,91,948,34,11,7,52,8.700123078,161,130,12.52732559,16.00487819,9.623660753,7.723377471,479,22,8,5,35,469,12,3,2,17,514,486,112,18,137,24
41,1000,30,5.13,10.3,18,37,92,943,38,12,7,57,8.963526567,147,115,11.69690058,15.00107514,9.916971266,7.998571469,468,20,10,5,35,475,18,2,2,22,503,497,95,20,128,19
44,1000,30,5.13,10.3,18,37,91,936,38,15,11,64,8.796276665,154,111,11.26961284,14.04115199,9.973944131,7.452172256,488,27,12,6,45,448,11,3,5,19,533,467,95,16,132,22
48,1000,30,5.13,10.3,18,37,3,949,34,7,10,51,6.910125326,90,83,7.542337295,8.761474025,6.364662504,7.496328109,497,15,1,5,21,452,19,6,5,30,518,482,46,37,65,25
42,1000,30,5.13,10.3,18,37,92,946,31,18,5,54,8.634456654,186,138,14.91195053,19.18304711,10.08439159,7.252487415,444,25,16,3,44,502,6,2,2,10,488,512,120,18,169,17
45,1000,30,5.13,10.3,18,37,80,952,33,7,8,48,8.292880966,150,128,11.10831763,14.40152262,9.030537135,7.55226826,472,17,6,6,29,480,16,1,2,19,501,499,97,31,128,22
46,1000,30,5.13,10.3,18,37,78,945,31,18,6,55,8.370963413,140,129,10.80851159,14.32303825,9.309008071,7.455164873,455,21,13,5,39,490,10,5,1,16,494,506,100,29,131,9
47,1000,30,5.13,10.3,18,37,78,963,21,10,6,37,7.998607314,136,118,11.36501765,14.39986501,9.117189826,6.834368372,483,18,6,3,27,480,3,4,3,10,510,490,95,23,115,21
43,1000,30,5.13,10.3,18,37,92,948,34,11,7,52,8.696836833,157,127,12.72972019,16.26264989,9.654395929,7.684109722,479,22,8,5,35,469,12,3,2,17,514,486,107,20,136,21
41,1000,30,5.13,10.3,18,37,93,942,39,12,7,58,9.006176145,165,128,11.82628866,15.16110261,9.98787101,8.012629833,467,21,10,5,36,475,18,2,2,22,503,497,110,18,152,13
44,1000,30,5.13,10.3,18,37,92,936,37,16,11,64,8.82046019,155,112,11.35911847,14.1963488,10.02719683,7.443178325,488,26,13,6,45,448,11,3,5,19,533,467,94,18,134,21
48,1000,30,5.13,10.3,18,37,4,950,32,8,10,50,6.928205461,69,82,7.581581896,8.806009465,6.367551978,7.530733478,498,14,1,5,20,452,18,7,5,30,518,482,47,35,49,20
42,1000,30,5.13,10.3,18,37,93,948,31,17,4,52,8.583329381,174,140,15.25162616,19.55495556,10.10326017,7.134645347,445,25,15,3,43,503,6,2,1,9,488,512,122,18,161,13
45,1000,30,5.13,10.3,18,37,81,951,35,7,7,49,8.322953609,153,110,11.23060511,14.55424993,9.085639929,7.55721043,472,17,6,6,29,479,18,1,1,20,501,499,90,20,130,23
46,1000,30,5.13,10.3,18,37,79,943,33,18,6,57,8.39287096,138,110,10.94758721,14.48031724,9.330447625,7.477529316,455,21,13,5,39,488,12,5,1,18,494,506,96,14,118,20
47,1000,30,5.13,10.3,18,37,79,965,21,10,4,35,7.986367002,151,114,11.42433407,14.50327085,9.151884876,6.77327697,483,18,6,3,27,482,3,4,1,8,510,490,89,25,132,19
43,1000,30,5.13,10.3,18,37,93,947,36,10,7,53,8.725428098,165,125,12.81847228,16.37400924,9.748637133,7.643268749,478,24,7,5,36,469,12,3,2,17,514,486,102,23,140,25
41,1000,30,5.13,10.3,18,37,94,941,40,12,7,59,9.033643973,174,121,11.97859535,15.39927424,10.06338835,7.99146808,466,22,10,5,37,475,18,2,2,22,503,497,105,16,155,19
44,1000,30,5.13,10.3,18,37,93,934,39,16,11,66,8.845886568,149,113,11.41964496,14.27485171,10.06339677,7.456308545,488,26,13,6,45,446,13,3,5,21,533,467,90,23,133,16
42,1000,30,5.13,10.3,18,37,94,948,32,16,4,52,8.581517584,193,151,15.80694011,20.21766015,10.13465838,7.101180262,445,26,14,3,43,503,6,2,1,9,488,512,130,21,174,19
48,1000,30,5.13,10.3,18,37,5,950,32,8,10,50,6.95461813,87,87,7.59691819,8.812004959,6.418445375,7.530836984,498,14,1,5,20,452,18,7,5,30,518,482,49,38,60,27
45,1000,30,5.13,10.3,18,37,82,953,33,7,7,47,8.314743828,139,115,11.35188548,14.73828754,9.139882058,7.486298431,472,17,6,6,29,481,16,1,1,18,501,499,99,16,129,10
47,1000,30,5.13,10.3,18,37,80,965,22,9,4,35,7.995783874,142,125,11.5745271,14.64711103,9.185223711,6.757795472,483,18,6,3,27,482,4,3,1,8,510,490,97,28,123,19
46,1000,30,5.13,10.3,18,37,80,943,33,17,7,57,8.393687307,147,134,11.06466458,14.63398924,9.368040861,7.442440951,455,21,13,5,39,488,12,4,2,18,494,506,110,24,131,16
43,1000,30,5.13,10.3,18,37,94,947,36,10,7,53,8.728317455,155,137,13.04048777,16.64416729,9.787959165,7.607626428,478,24,7,5,36,469,12,3,2,17,514,486,114,23,139,16
41,1000,30,5.13,10.3,18,37,95,941,39,13,7,59,9.049370905,174,121,12.05074117,15.58339184,10.07975498,8.006547581,466,22,10,5,37,475,17,3,2,22,503,497,105,16,156,18
44,1000,30,5.13,10.3,18,37,94,934,37,17,12,66,8.886359509,151,121,11.51595307,14.39601433,10.13032549,7.46658677,487,26,13,7,46,447,11,4,5,20,533,467,98,23,139,12
42,1000,30,5.13,10.3,18,37,95,946,33,16,5,54,8.594341107,190,156,16.2050034,20.72519894,10.20251596,7.061549454,443,27,14,4,45,503,6,2,1,9,488,512,139,17,176,14
45,1000,30,5.13,10.3,18,37,83,952,34,7,7,48,8.349669017,140,115,11.48858981,14.89655159,9.179840902,7.516169789,471,18,6,6,30,481,16,1,1,18,501,499,98,17,117,23
47,1000,30,5.13,10.3,18,37,81,965,22,9,4,35,8.001907814,148,113,11.66380595,14.77185187,9.22109152,6.732961509,483,18,6,3,27,482,4,3,1,8,510,490,87,26,135,13
48,1000,30,5.13,10.3,18,37,6,951,31,8,10,49,6.967776302,98,69,7.601560813,8.844140358,6.447444597,7.526970956,498,14,1,5,20,453,17,7,5,29,518,482,38,31,68,30
46,1000,30,5.13,10.3,18,37,81,943,33,18,6,57,8.36320074,161,107,11.15184911,14.75993858,9.336701884,7.412786579,455,21,14,4,39,488,12,4,2,18,494,506,88,19,138,23
43,1000,30,5.13,10.3,18,37,95,945,37,11,7,55,8.736427588,184,127,13.29338607,17.01631868,9.834487651,7.575104805,477,25,7,5,37,468,12,4,2,18,514,486,105,22,167,17
41,1000,30,5.13,10.3,18,37,96,941,39,13,7,59,9.070240398,148,130,12.17373244,15.77277078,10.13483089,7.992797703,466,22,10,5,37,475,17,3,2,22,503,497,107,23,128,20
44,1000,30,5.13,10.3,18,37,95,934,37,17,12,66,8.894040322,142,109,11.65164873,14.53623918,10.17143886,7.43611008,487,26,13,7,46,447,11,4,5,20,533,467,99,10,117,25
42,1000,30,5.13,10.3,18,37,96,946,33,16,5,54,8.616794886,182,141,16.79967845,21.47692252,10.25871601,7.051838819,443,27,14,4,45,503,6,2,1,9,488,512,118,23,162,20
45,1000,30,5.13,10.3,18,37,84,952,34,7,7,48,8.360767846,146,122,11.5773639,15.04787961,9.22055639,7.497533255,471,18,6,6,30,481,16,1,1,18,501,499,100,22,125,21
47,1000,30,5.13,10.3,18,37,82,966,20,10,4,34,8.00645079,151,112,11.75836112,14.8617212,9.26308992,6.698520266,483,17,7,3,27,483,3,3,1,7,510,490,88,24,134,17
46,1000,30,5.13,10.3,18,37,82,944,31,19,6,56,8.355407827,157,144,11.25777132,14.92147869,9.34509845,7.389188129,455,21,14,4,39,489,10,5,2,17,494,506,120,24,129,28
48,1000,30,5.13,10.3,18,37,7,953,30,7,10,47,6.947183924,95,90,7.621392538,8.877601544,6.439028362,7.493293014,500,13,0,5,18,453,17,7,5,29,518,482,52,38,64,31
43,1000,30,5.13,10.3,18,37,96,945,36,12,7,55,8.752421005,155,123,13.56420551,17.38975313,9.891795764,7.547403257,476,25,8,5,38,469,11,4,2,17,514,486,110,13,138,17
41,1000,30,5.13,10.3,18,37,97,940,39,14,7,60,9.127193732,153,126,12.26483488,15.88196037,10.22236629,8.018799776,465,22,11,5,38,475,17,3,2,22,503,497,106,20,137,16
44,1000,30,5.13,10.3,18,37,96,933,38,17,12,67,8.897591723,163,124,11.74310781,14.67120734,10.19429303,7.417630709,486,27,13,7,47,447,11,4,5,20,533,467,106,18,140,23
42,1000,30,5.13,10.3,18,37,97,945,34,15,6,55,8.635769028,193,161,17.59174388,22.48658807,10.30193864,7.047701115,442,28,13,5,46,503,6,2,1,9,488,512,140,21,179,14
45,1000,30,5.13,10.3,18,37,85,950,36,7,7,50,8.398708212,145,133,11.71680545,15.25589216,9.252483065,7.541511415,471,18,6,6,30,479,18,1,1,20,501,499,115,18,125,20
47,1000,30,5.13,10.3,18,37,83,964,21,11,4,36,8.031685466,140,109,11.87991422,15.04851094,9.304120028,6.707314799,481,18,8,3,29,483,3,3,1,7,510,490,89,20,125,15
43,1000,30,5.13,10.3,18,37,97,946,36,10,8,54,8.755215727,175,136,13.79381722,17.76621471,9.935068677,7.507387709,476,25,8,5,38,470,11,2,3,16,514,486,117,19,153,22
46,1000,30,5.13,10.3,18,37,83,942,33,19,6,58,8.404358333,150,129,11.36089381,15.05994503,9.388041463,7.444003657,454,22,14,4,40,488,11,5,2,18,494,506,104,25,128,22
41,1000,30,5.13,10.3,18,37,98,938,41,14,7,62,9.126726533,168,130,12.34089612,16.00873725,10.24077929,7.999224449,465,22,11,5,38,473,19,3,2,24,503,497,110,20,157,11
44,1000,30,5.13,10.3,18,37,97,933,39,17,11,67,8.910390388,151,117,11.90086586,14.85343555,10.24564595,7.386426337,484,29,13,7,49,449,10,4,4,18,533,467,99,18,134,17
48,1000,30,5.13,10.3,18,37,8,955,29,6,10,45,6.935199582,110,83,7.617842763,8.912801471,6.453221063,7.453176497,500,13,0,5,18,455,16,6,5,27,518,482,50,33,69,41
42,1000,30,5.13,10.3,18,37,98,945,33,16,6,55,8.613751543,191,165,18.55829396,23.66686523,10.30552544,7.001279543,442,28,13,5,46,503,5,3,1,9,488,512,146,19,169,22
45,1000,30,5.13,10.3,18,37,86,952,34,7,7,48,8.418885817,155,120,11.85856097,15.4530891,9.310082217,7.524117488,471,18,6,6,30,481,16,1,1,18,501,499,107,13,135,20
47,1000,30,5.13,10.3,18,37,84,964,21,11,4,36,8.058377841,135,106,11.98165615,15.18092207,9.333225902,6.731495165,481,18,8,3,29,483,3,3,1,7,510,490,86,20,120,15
43,1000,30,5.13,10.3,18,37,98,947,36,10,7,53,8.790706261,168,151,14.10951604,18.27965585,9.943057287,7.571964639,476,25,8,5,38,471,11,2,2,15,514,486,136,15,153,15
46,1000,30,5.13,10.3,18,37,84,942,32,19,7,58,8.436964654,160,128,11.46963021,15.19885713,9.438998556,7.458694402,454,21,14,5,40,488,11,5,2,18,494,506,103,25,141,19
41,1000,30,5.13,10.3,18,37,99,940,38,15,7,60,9.148021953,151,130,12.52378018,16.24252263,10.30193015,7.980183273,465,21,12,5,38,475,17,3,2,22,503,497,110,20,139,12
44,1000,30,5.13,10.3,18,37,98,933,39,17,11,67,8.916689266,161,110,12.0597375,15.015441,10.28856096,7.350934207,484,29,13,7,49,449,10,4,4,18,533,467,88,22,149,12
48,1000,30,5.13,10.3,18,37,9,954,29,7,10,46,6.965029652,88,82,7.623134073,8.93598218,6.504205936,7.460271736,498,14,1,5,20,456,15,6,5,26,518,482,43,39,61,27
42,1000,30,5.13,10.3,18,37,99,945,32,16,7,55,8.615097414,184,149,20.20033539,25.60689178,10.3168942,6.993072358,442,28,13,5,46,503,4,3,2,9,488,512,134,15,175,9
45,1000,30,5.13,10.3,18,37,87,955,31,7,7,45,8.394189108,167,116,12.00226334,15.57184945,9.30808779,7.476627505,473,16,6,6,28,482,15,1,1,17,501,499,90,26,145,22
47,1000,30,5.13,10.3,18,37,85,961,23,12,4,39,8.08370608,133,115,12.12282771,15.36301983,9.362390419,6.752830544,480,19,8,3,30,481,4,4,1,9,510,490,93,22,119,14
43,1000,30,5.13,10.3,18,37,99,947,36,10,7,53,8.792316587,168,156,14.43803658,18.78905851,9.953939222,7.563769192,476,25,8,5,38,471,11,2,2,15,514,486,136,20,151,17
41,1000,30,5.13,10.3,18,37,100,940,38,15,7,60,9.153492667,166,130,12.72243124,16.52957319,10.31121362,7.981795208,465,21,12,5,38,475,17,3,2,22,503,497,113,17,142,24
46,1000,30,5.13,10.3,18,37,85,943,31,19,7,57,8.453994093,163,124,11.60618752,15.38969185,9.511041966,7.422014549,454,21,14,5,40,489,10,5,2,17,494,506,101,23,139,24
44,1000,30,5.13,10.3,18,37,99,932,38,19,11,68,8.968730214,158,119,12.26774733,15.24323233,10.36006047,7.380766565,484,27,15,7,49,448,11,4,4,19,533,467,103,16,143,15
42,1000,30,5.13,10.3,18,37,100,943,34,16,7,57,8.620218233,204,164,22.2487087,27.97834729,10.32292931,6.997321739,441,29,13,5,47,502,5,3,2,10,488,512,148,16,184,20
48,1000,30,5.13,10.3,18,37,10,954,29,7,10,46,6.993281515,107,73,7.604941368,8.950347829,6.517319159,7.504792926,498,14,1,5,20,456,15,6,5,26,518,482,36,37,75,32
45,1000,30,5.13,10.3,18,37,88,955,31,7,7,45,8.414765534,147,131,12.15339868,15.75164685,9.311059504,7.514879203,473,16,6,6,28,482,15,1,1,17,501,499,111,20,130,17
47,1000,30,5.13,10.3,18,37,86,961,24,11,4,39,8.077429866,155,115,12.25129278,15.58647763,9.425214815,6.674633286,479,20,8,3,31,482,4,3,1,8,510,490,103,12,127,28
43,1000,30,5.13,10.3,18,37,100,949,34,10,7,51,8.772955014,178,157,14.82286121,19.52306537,9.960244878,7.517261618,476,25,8,5,38,473,9,2,2,13,514,486,132,25,155,23
41,1000,30,5.13,10.3,18,37,101,940,38,15,7,60,9.161693836,173,149,12.85257956,16.70619744,10.35872081,7.950215835,464,22,12,5,39,476,16,3,2,21,503,497,123,26,152,21
46,1000,30,5.13,10.3,18,37,86,943,31,19,7,57,8.429992346,155,121,11.66248921,15.4838094,9.489027982,7.39607218,455,20,14,5,39,488,11,5,2,18,494,506,90,31,133,22
44,1000,30,5.13,10.3,18,37,100,932,37,20,11,68,9.004465578,147,127,12.43488804,15.45993376,10.40155851,7.409924826,484,26,16,7,49,448,11,4,4,19,533,467,107,20,127,20
42,1000,30,5.13,10.3,18,37,101,942,34,16,8,58,8.638008439,200,170,23.87338036,29.84647383,10.36090632,6.995871397,441,28,13,6,47,501,6,3,2,11,488,512,148,22,177,23
45,1000,30,5.13,10.3,18,37,89,955,31,7,7,45,8.43786756,160,127,12.34941004,16.02081997,9.346197972,7.525896545,473,16,6,6,28,482,15,1,1,17,501,499,105,22,145,15
48,1000,30,5.13,10.3,18,37,11,955,29,6,10,45,6.962859977,103,84,7.604314556,8.982245101,6.497740422,7.462718752,498,14,1,5,20,457,15,5,5,25,518,482,52,32,70,33
47,1000,30,5.13,10.3,18,37,87,960,25,11,4,40,8.135336821,155,113,12.43585718,15.80771091,9.47725906,6.738642246,479,20,8,3,31,481,5,3,1,9,510,490,98,15,132,23
43,1000,30,5.13,10.3,18,37,101,950,33,10,7,50,8.768556738,176,145,15.18084188,20.0556919,9.969410362,7.498518132,476,25,8,5,38,474,8,2,2,12,514,486,130,15,158,18
41,1000,30,5.13,10.3,18,37,102,940,37,16,7,60,9.190014203,184,119,12.99353967,16.98145891,10.43530184,7.929692911,464,21,13,5,39,476,16,3,2,21,503,497,103,16,167,17
44,1000,30,5.13,10.3,18,37,101,932,36,20,12,68,9.035000253,176,140,12.67521964,15.75297462,10.47865086,7.387321939,484,25,16,8,49,448,11,4,4,19,533,467,108,32,151,25
46,1000,30,5.13,10.3,18,37,87,942,30,21,7,58,8.469389292,157,111,11.74212336,15.59594698,9.573826377,7.391144391,454,19,16,5,40,488,11,5,2,18,494,506,93,18,142,15
42,1000,30,5.13,10.3,18,37,102,942,34,16,8,58,8.646834548,190,151,25.50118043,31.67233578,10.4136822,6.962807883,441,28,13,6,47,501,6,3,2,11,488,512,131,20,178,12
45,1000,30,5.13,10.3,18,37,90,952,34,7,7,48,8.446390131,156,132,12.46967911,16.17907667,9.37181666,7.517254478,472,17,6,6,29,480,17,1,1,19,501,499,111,21,137,19
47,1000,30,5.13,10.3,18,37,88,959,27,11,3,41,8.157235563,161,137,12.59109765,16.00296491,9.521271899,6.737524275,478,21,8,3,32,481,6,3,0,9,510,490,116,21,148,13
48,1000,30,5.13,10.3,18,37,12,956,30,5,9,44,6.99438249,92,76,7.622129,9.016893593,6.581275615,7.438343821,498,14,1,5,20,458,16,4,4,24,518,482,43,33,67,25
43,1000,30,5.13,10.3,18,37,102,951,31,10,8,49,8.771705341,182,132,15.52890856,20.47028901,10.02996463,7.440953748,476,24,8,6,38,475,7,2,2,11,514,486,119,13,161,21
41,1000,30,5.13,10.3,18,37,103,939,38,17,6,61,9.196391301,185,136,13.21780856,17.27287651,10.48736781,7.889829559,464,20,14,5,39,475,18,3,1,22,503,497,121,15,168,17
44,1000,30,5.13,10.3,18,37,102,931,36,20,13,69,9.037301849,149,114,12.90306734,16.04100952,10.51040163,7.356012373,484,24,16,9,49,447,12,4,4,20,533,467,95,19,135,14
46,1000,30,5.13,10.3,18,37,88,941,31,21,7,59,8.457188766,162,107,11.84245841,15.76649907,9.596572737,7.344825759,452,21,16,5,42,489,10,5,2,17,494,506,95,12,148,14
42,1000,30,5.13,10.3,18,37,103,942,33,17,8,58,8.689017561,207,156,27.68244094,34.13050177,10.46724484,6.994144682,440,28,14,6,48,502,5,3,2,10,488,512,147,9,188,19
45,1000,30,5.13,10.3,18,37,91,952,34,7,7,48,8.458029811,179,138,12.64666155,16.43995739,9.42307737,7.489114326,472,17,6,6,29,480,17,1,1,19,501,499,113,25,156,23
47,1000,30,5.13,10.3,18,37,89,959,27,11,3,41,8.150064541,157,139,12.80311354,16.23405136,9.53029097,6.71350234,478,21,8,3,32,481,6,3,0,9,510,490,113,26,136,21
43,1000,30,5.13,10.3,18,37,103,950,31,11,8,50,8.771052178,177,151,15.86781333,20.95336474,10.06891774,7.398412468,475,24,9,6,39,475,7,2,2,11,514,486,133,18,159,18
41,1000,30,5.13,10.3,18,37,104,940,37,17,6,60,9.201176372,174,126,13.38031272,17.4438089,10.51264688,7.873873218,463,21,14,5,40,477,16,3,1,20,503,497,113,13,152,22
49,1000,30,5.13,10.3,18,37,0,949,24,16,11,51,6.891,103,75,7.549292208,8.996165449,6.060165975,7.664092664,463,8,6,5,19,486,16,10,6,32,482,518,43,32,63,40
48,1000,30,5.13,10.3,18,37,13,955,29,7,9,45,7.023025526,94,87,7.636411968,9.061051552,6.601454659,7.476083015,497,15,1,5,21,458,14,6,4,24,518,482,51,36,60,34
44,1000,30,5.13,10.3,18,37,103,931,36,20,13,69,9.043460929,160,145,13.10742907,16.31516773,10.54064441,7.334684062,484,24,16,9,49,447,12,4,4,20,533,467,118,27,138,22
46,1000,30,5.13,10.3,18,37,89,941,31,20,8,59,8.465731822,165,130,11.96373806,15.98195766,9.609311461,7.349272649,452,21,15,6,42,489,10,5,2,17,494,506,101,29,141,24
42,1000,30,5.13,10.3,18,37,104,942,34,17,7,58,8.65903227,222,155,29.73160721,36.6406079,10.45613691,6.946166909,440,29,14,5,48,502,5,3,2,10,488,512,138,17,201,21
50,1000,30,5.13,10.3,18,37,0,946,30,17,7,54,7.098,107,72,7.599531169,8.975135789,6.22334004,7.96222664,480,11,6,0,17,466,19,11,7,37,497,503,45,27,76,31
45,1000,30,5.13,10.3,18,37,92,951,35,7,7,49,8.44054368,184,125,12.82258151,16.6596171,9.446107182,7.430949862,471,18,6,6,30,480,17,1,1,19,501,499,111,14,157,27
47,1000,30,5.13,10.3,18,37,90,959,27,11,3,41,8.125736965,156,126,13.01642488,16.49720116,9.563736764,6.629043297,477,22,8,3,33,482,5,3,0,8,510,490,100,26,136,20
43,1000,30,5.13,10.3,18,37,104,950,31,11,8,50,8.78575961,167,153,16.33099664,21.60236357,10.12688951,7.36736297,475,24,9,6,39,475,7,2,2,11,514,486,131,22,157,10
49,1000,30,5.13,10.3,18,37,1,950,23,16,11,50,6.928669998,87,76,7.548820561,9.018108542,6.11310789,7.687552113,463,8,6,5,19,487,15,10,6,31,482,518,51,25,60,27
44,1000,30,5.13,10.3,18,37,104,930,37,20,13,70,9.053219522,160,139,13.32194316,16.6004655,10.5901871,7.299035973,483,25,16,9,50,447,12,4,4,20,533,467,118,21,135,25
48,1000,30,5.13,10.3,18,37,14,955,29,7,9,45,7.004842554,89,87,7.664237116,9.084310016,6.605630105,7.433871699,497,15,1,5,21,458,14,6,4,24,518,482,51,36,63,26
46,1000,30,5.13,10.3,18,37,90,941,30,20,9,59,8.477259683,161,126,12.08098841,16.14874334,9.667241138,7.315499132,452,20,15,7,42,489,10,5,2,17,494,506,105,21,140,21
50,1000,30,5.13,10.3,18,37,1,948,29,16,7,52,7.109109142,99,86,7.604092624,8.989493092,6.239563475,7.968282495,481,10,6,0,16,467,19,10,7,36,497,503,48,38,64,35
45,1000,30,5.13,10.3,18,37,93,953,33,7,7,47,8.426881167,166,140,13.09252225,16.96876631,9.49938303,7.350080698,471,18,6,6,30,482,15,1,1,17,501,499,117,23,152,14
47,1000,30,5.13,10.3,18,37,91,958,28,11,3,42,8.107497567,164,136,13.25018105,16.81788915,9.567390065,6.588017621,477,22,8,3,33,481,6,3,0,9,510,490,114,22,139,25
49,1000,30,5.13,10.3,18,37,2,952,22,15,11,48,6.941966089,95,78,7.572040148,9.048719366,6.133393018,7.694344892,463,8,6,5,19,489,14,9,6,29,482,518,53,25,66,29
46,1000,30,5.13,10.3,18,37,91,941,30,20,9,59,8.516954437,173,138,12.15724115,16.27238442,9.711531858,7.350706915,452,20,15,7,42,489,10,5,2,17,494,506,123,15,159,14
48,1000,30,5.13,10.3,18,37,15,954,29,8,9,46,7.045461915,102,70,7.712086774,9.133790919,6.631255437,7.490604978,497,15,1,5,21,457,14,7,4,25,518,482,44,26,63,39
50,1000,30,5.13,10.3,18,37,2,948,29,16,7,52,7.138597591,84,80,7.594892163,9.013219648,6.265959914,8.000826071,481,10,6,0,16,467,19,10,7,36,497,503,47,33,52,32
45,1000,30,5.13,10.3,18,37,94,953,32,8,7,47,8.457812382,174,142,13.35714955,17.3440092,9.53224904,7.379069364,472,16,7,6,29,481,16,1,1,18,501,499,123,19,151,23
47,1000,30,5.13,10.3,18,37,92,959,27,11,3,41,8.132411769,165,136,13.41904214,17.04882841,9.604601742,6.600132408,477,22,8,3,33,482,5,3,0,8,510,490,115,21,141,24
49,1000,30,5.13,10.3,18,37,3,953,20,16,11,47,6.949094284,104,79,7.586810364,9.069529057,6.162932081,7.680619732,462,9,6,5,20,491,11,10,6,27,482,518,49,30,64,40
46,1000,30,5.13,10.3,18,37,92,941,30,20,9,59,8.528910556,150,123,12.33667889,16.44750102,9.723657881,7.36249716,452,20,15,7,42,489,10,5,2,17,494,506,106,17,133,17
50,1000,30,5.13,10.3,18,37,3,950,27,16,7,50,7.134967859,102,90,7.595001293,9.029198469,6.266479147,7.993096865,480,11,6,0,17,470,16,10,7,33,497,503,45,45,67,35
48,1000,30,5.13,10.3,18,37,16,955,28,8,9,45,7.060868575,105,73,7.734331741,9.172844411,6.659465608,7.492251846,498,14,1,5,20,457,14,7,4,25,518,482,47,26,65,40
45,1000,30,5.13,10.3,18,37,95,953,32,8,7,47,8.444273079,172,139,13.64228764,17.69813937,9.580123479,7.303870171,472,16,7,6,29,481,16,1,1,18,501,499,119,20,155,17
47,1000,30,5.13,10.3,18,37,93,959,27,11,3,41,8.137958333,153,133,13.55501936,17.25864174,9.624272457,6.590978326,477,22,8,3,33,482,5,3,0,8,510,490,111,22,135,18
49,1000,30,5.13,10.3,18,37,4,957,20,13,10,43,6.91664754,91,90,7.605854689,9.093435235,6.157988835,7.622580929,463,9,5,5,19,494,11,8,5,24,482,518,48,42,65,26
50,1000,30,5.13,10.3,18,37,4,951,26,16,7,49,7.149485159,82,78,7.602903468,9.058211743,6.288219894,8.000476882,480,11,6,0,17,471,15,10,7,32,497,503,46,32,59,23
46,1000,30,5.13,10.3,18,37,93,941,30,20,9,59,8.551348148,158,132,12.46926133,16.60504074,9.749855765,7.381263636,452,20,15,7,42,489,10,5,2,17,494,506,112,20,144,14
45,1000,30,5.13,10.3,18,37,96,954,31,8,7,46,8.439476786,163,142,13.91003666,18.06318175,9.607380944,7.26689165,472,16,7,6,29,482,15,1,1,17,501,499,118,24,148,15
48,1000,30,5.13,10.3,18,37,17,956,27,8,9,44,7.074142376,96,71,7.739504942,9.194492387,6.685552683,7.491755365,498,14,1,5,20,458,13,7,4,24,518,482,52,19,69,27
47,1000,30,5.13,10.3,18,37,94,959,27,11,3,41,8.145787288,165,127,13.72575705,17.45720933,9.686207611,6.542492666,477,22,8,3,33,482,5,3,0,8,510,490,103,24,143,22
49,1000,30,5.13,10.3,18,37,5,958,19,13,10,42,6.888811002,107,78,7.630251879,9.138535312,6.179505013,7.548821595,463,8,6,5,19,495,11,7,5,23,482,518,46,32,72,35
50,1000,30,5.13,10.3,18,37,5,954,25,15,6,46,7.14725905,94,79,7.599499143,9.078329469,6.340265174,7.944626758,480,11,6,0,17,474,14,9,6,29,497,503,46,33,64,30
46,1000,30,5.13,10.3,18,37,94,939,32,20,9,61,8.522946226,171,138,12.69882351,16.87565811,9.79760178,7.278519657,452,20,15,7,42,487,12,5,2,19,494,506,112,26,154,17
45,1000,30,5.13,10.3,18,37,97,953,32,8,7,47,8.440577751,163,151,14.29422853,18.53373945,9.648205488,7.228109822,470,18,7,6,31,483,14,1,1,16,501,499,128,23,148,15
47,1000,30,5.13,10.3,18,37,95,959,27,11,3,41,8.145994878,163,125,13.98652236,17.73154253,9.70113238,6.527382376,476,23,8,3,34,483,4,3,0,7,510,490,106,19,147,16
48,1000,30,5.13,10.3,18,37,18,956,27,8,9,44,7.09700886,95,75,7.753334836,9.21870162,6.725788754,7.495954949,498,14,1,5,20,458,13,7,4,24,518,482,45,30,59,36
49,1000,30,5.13,10.3,18,37,6,959,19,13,9,41,6.905735729,111,78,7.652002468,9.174114459,6.230982099,7.533595284,463,8,6,5,19,496,11,7,4,22,482,518,45,33,77,34
50,1000,30,5.13,10.3,18,37,6,954,25,15,6,46,7.168705427,100,80,7.616384484,9.099559514,6.360062265,7.967702746,480,11,6,0,17,474,14,9,6,29,497,503,48,32,67,33
46,1000,30,5.13,10.3,18,37,95,939,32,18,11,61,8.560887474,186,135,12.990093,17.30676329,9.851009379,7.301361346,452,20,14,8,42,487,12,4,3,19,494,506,114,21,169,17
45,1000,30,5.13,10.3,18,37,98,952,33,8,7,48,8.461699878,159,149,14.65983526,18.96925961,9.696145036,7.222307043,469,19,7,6,32,483,14,1,1,16,501,499,132,17,144,15
47,1000,30,5.13,10.3,18,37,96,957,28,12,3,43,8.174654451,169,137,14.18293902,18.02676957,9.760183161,6.524410283,475,23,9,3,35,482,5,3,0,8,510,490,123,14,150,19
48,1000,30,5.13,10.3,18,37,19,956,26,9,9,44,7.127968289,98,78,7.743390784,9.254886765,6.751346051,7.532719988,498,13,2,5,20,458,13,7,4,24,518,482,45,33,77,21
49,1000,30,5.13,10.3,18,37,7,960,18,13,9,40,6.895662796,104,90,7.692552893,9.195703144,6.222716076,7.521841017,464,7,6,5,18,496,11,7,4,22,482,518,53,37,73,31
50,1000,30,5.13,10.3,18,37,7,955,24,15,6,45,7.191186892,84,78,7.643001053,9.136490187,6.376109058,7.996542128,481,10,6,0,16,474,14,9,6,29,497,503,45,33,54,30
45,1000,30,5.13,10.3,18,37,99,949,34,9,8,51,8.49366676,182,155,15.11749323,19.51343809,9.800681046,7.181413941,467,20,7,7,34,482,14,2,1,17,501,499,123,32,160,22
46,1000,30,5.13,10.3,18,37,96,937,33,19,11,63,8.595295156,164,144,13.25747993,17.68505306,9.921246585,7.300789215,452,19,15,8,42,485,14,4,3,21,494,506,122,22,148,16
47,1000,30,5.13,10.3,18,37,97,957,28,11,4,43,8.168682148,165,128,14.40740383,18.34349068,9.76419523,6.508046084,475,23,9,3,35,482,5,2,1,8,510,490,112,16,148,17
49,1000,30,5.13,10.3,18,37,8,961,18,12,9,39,6.941470262,99,88,7.710236283,9.232406769,6.250408271,7.584504779,463,8,6,5,19,498,10,6,4,20,482,518,57,31,69,30
48,1000,30,5.13,10.3,18,37,20,955,27,9,9,45,7.166092319,95,75,7.76625764,9.330694125,6.837426317,7.51930599,497,14,2,5,21,458,13,7,4,24,518,482,45,30,71,24
50,1000,30,5.13,10.3,18,37,8,954,26,15,5,46,7.223039295,85,104,7.635419197,9.149195863,6.392067894,8.044098512,481,10,6,0,16,473,16,9,5,30,497,503,60,44,52,33
47,1000,30,5.13,10.3,18,37,98,953,31,11,5,47,8.179098187,177,117,14.66774822,18.66960486,9.815212575,6.47620362,472,25,9,4,38,481,6,2,1,9,510,490,105,12,160,17
46,1000,30,5.13,10.3,18,37,97,936,34,19,11,64,8.597881164,183,139,13.49555102,18.09209114,9.946161047,7.281576298,452,19,15,8,42,484,15,4,3,22,494,506,120,19,166,17
45,1000,30,5.13,10.3,18,37,100,948,34,10,8,52,8.507750784,187,160,15.46602389,19.84829852,9.847817453,7.162313105,466,21,7,7,35,482,13,3,1,17,501,499,135,25,172,15
49,1000,30,5.13,10.3,18,37,9,961,17,12,10,39,6.973463621,108,73,7.70717275,9.242753647,6.312230751,7.588742082,463,7,6,6,19,498,10,6,4,20,482,518,40,33,81,27
48,1000,30,5.13,10.3,18,37,21,956,26,9,9,44,7.164826685,108,80,7.774811104,9.373869303,6.86139963,7.490916342,497,13,3,5,21,459,13,6,4,23,518,482,43,37,78,30
47,1000,30,5.13,10.3,18,37,99,954,31,10,5,46,8.170133756,172,140,14.98587859,19.11638233,9.84343941,6.428529913,472,26,8,4,38,482,5,2,1,8,510,490,119,21,162,10
46,1000,30,5.13,10.3,18,37,98,935,35,19,11,65,8.604761857,190,153,13.68492917,18.36670427,9.99209741,7.250327542,451,20,15,8,43,484,15,4,3,22,494,506,128,25,171,19
50,1000,30,5.13,10.3,18,37,9,955,26,15,4,45,7.240917278,96,85,7.66211494,9.182956214,6.431640473,8.040540681,481,11,5,0,16,474,15,10,4,29,497,503,55,30,70,26
45,1000,30,5.13,10.3,18,37,101,948,33,10,9,52,8.573791688,169,142,15.7523064,20.27250967,9.911827964,7.230392541,466,20,7,8,35,482,13,3,1,17,501,499,126,16,151,18
49,1000,30,5.13,10.3,18,37,10,962,17,11,10,38,6.96320141,96,81,7.734333319,9.262850212,6.339952341,7.543135872,464,7,5,6,18,498,10,6,4,20,482,518,53,28,68,28
47,1000,30,5.13,10.3,18,37,100,955,29,11,5,45,8.157340485,174,140,15.24647379,19.48594839,9.866811334,6.378095315,473,24,9,4,37,482,5,2,1,8,510,490,119,21,156,18
48,1000,30,5.13,10.3,18,37,22,958,24,9,9,42,7.16664636,100,83,7.799736594,9.415921899,6.877968274,7.476885466,497,13,3,5,21,461,11,6,4,21,518,482,43,40,76,24
46,1000,30,5.13,10.3,18,37,99,937,33,20,10,63,8.596822775,203,138,13.90809396,18.70509749,10.02276249,7.204699812,451,20,15,8,43,486,13,5,2,20,494,506,116,22,183,20
50,1000,30,5.13,10.3,18,37,10,955,25,16,4,45,7.251602733,120,76,7.686861997,9.236083732,6.445144218,8.048441464,481,10,6,0,16,474,15,10,4,29,497,503,53,23,77,43
45,1000,30,5.13,10.3,18,37,102,947,33,11,9,53,8.606179825,180,151,16.21856124,20.74642423,9.960851486,7.246078619,465,21,7,8,36,482,12,4,1,17,501,499,134,17,170,10
49,1000,30,5.13,10.3,18,37,11,961,17,12,10,39,6.984866908,98,61,7.759024631,9.296983264,6.348116437,7.577364451,463,7,6,6,19,498,10,6,4,20,482,518,32,29,67,31
47,1000,30,5.13,10.3,18,37,101,955,29,11,5,45,8.162479311,185,149,15.59986988,19.84341806,9.897248915,6.356902785,473,24,9,4,37,482,5,2,1,8,510,490,130,19,166,19
50,1000,30,5.13,10.3,18,37,11,956,24,16,4,44,7.270796679,101,84,7.706573735,9.280934525,6.501995761,8.03042701,482,10,5,0,15,474,14,11,4,29,497,503,52,32,69,32
48,1000,30,5.13,10.3,18,37,23,960,22,9,9,40,7.177832015,91,73,7.83606715,9.457137053,6.93606391,7.43765749,497,13,3,5,21,463,9,6,4,19,518,482,48,25,67,24
46,1000,30,5.13,10.3,18,37,100,936,33,21,10,64,8.576139427,172,154,14.18169143,19.13635968,10.03084173,7.155935996,451,20,15,8,43,485,13,6,2,21,494,506,129,25,156,16
45,1000,30,5.13,10.3,18,37,103,948,32,11,9,52,8.621556109,200,162,16.53332898,21.14186741,10.02046518,7.217040184,464,22,7,8,37,484,10,4,1,15,501,499,140,22,179,21
49,1000,30,5.13,10.3,18,37,12,962,17,11,10,38,6.991376774,92,69,7.778837614,9.311524061,6.357422152,7.581272774,463,7,6,6,19,499,10,5,4,19,482,518,39,30,74,18
47,1000,30,5.13,10.3,18,37,102,955,29,11,5,45,8.184168449,172,153,15.96134041,20.31194633,9.8925338,6.4060739,473,24,9,4,37,482,5,2,1,8,510,490,135,18,151,21
50,1000,30,5.13,10.3,18,37,12,956,25,16,3,44,7.260802485,104,86,7.741017266,9.340935339,6.562626379,7.950650447,480,12,5,0,17,476,13,11,3,27,497,503,56,30,79,25
48,1000,30,5.13,10.3,18,37,24,961,22,8,9,39,7.181412218,89,88,7.865632867,9.48257484,6.958138651,7.42136182,498,13,2,5,20,463,9,6,4,19,518,482,51,37,67,22
46,1000,30,5.13,10.3,18,37,101,936,33,21,10,64,8.568645707,178,135,14.42280411,19.44672335,10.07749838,7.095576101,450,21,15,8,44,486,12,6,2,20,494,506,119,16,163,15
49,1000,30,5.13,10.3,18,37,13,962,19,10,9,38,6.999859299,104,77,7.818133912,9.364685811,6.393157959,7.564396067,463,7,6,6,19,499,12,4,3,19,482,518,45,32,66,38
45,1000,30,5.13,10.3,18,37,104,948,32,11,9,52,8.62582603,197,156,16.85496298,21.56562683,10.00916845,7.236939153,464,22,7,8,37,484,10,4,1,15,501,499,144,12,178,19
50,1000,30,5.13,10.3,18,37,13,957,24,15,4,43,7.261601937,87,72,7.758987028,9.36506416,6.594583972,7.920663426,480,12,4,1,17,477,12,11,3,26,497,503,42,30,62,25
48,1000,30,5.13,10.3,18,37,25,960,22,9,9,40,7.194206582,103,78,7.883248259,9.52362547,6.974285546,7.430553257,498,12,3,5,20,462,10,6,4,20,518,482,53,25,73,30
47,1000,30,5.13,10.3,18,37,103,955,29,11,5,45,8.167869416,187,154,16.36157515,20.86010549,9.912223287,6.352317427,473,24,9,4,37,482,5,2,1,8,510,490,136,18,169,18
49,1000,30,5.13,10.3,18,37,14,962,19,10,9,38,7.053285928,111,90,7.8233813,9.387074744,6.472430385,7.593773132,463,7,6,6,19,499,12,4,3,19,482,518,51,39,72,39
46,1000,30,5.13,10.3,18,37,102,935,32,23,10,65,8.600858082,172,151,14.70877141,19.85440114,10.15033387,7.088128756,449,21,16,8,45,486,11,7,2,20,494,506,131,20,157,15
50,1000,30,5.13,10.3,18,37,14,954,27,15,4,46,7.274054154,104,80,7.791169855,9.408326064,6.586903392,7.953008287,479,13,4,1,18,475,14,11,3,28,497,503,50,30,71,33
47,1000,30,5.13,10.3,18,37,104,954,31,10,5,46,8.160533111,185,150,16.64145101,21.12963533,9.947063597,6.301083013,471,26,9,4,39,483,5,1,1,7,510,490,127,23,167,18
48,1000,30,5.13,10.3,18,37,26,960,22,9,9,40,7.259880204,104,81,7.898994186,9.555631268,7.026067547,7.511156048,498,12,3,5,20,462,10,6,4,20,518,482,59,22,72,32
46,1000,30,5.13,10.3,18,37,103,933,33,24,10,67,8.635878335,196,153,15.00206386,20.28654483,10.23268638,7.076939254,448,21,17,8,46,485,12,7,2,21,494,506,138,15,180,16
49,1000,30,5.13,10.3,18,37,15,963,19,9,9,37,7.017463179,96,73,7.850699452,9.438304993,6.447288873,7.548011472,463,7,6,6,19,500,12,3,3,18,482,518,47,26,65,31
50,1000,30,5.13,10.3,18,37,15,955,26,15,4,45,7.305399782,71,73,7.798069922,9.427651651,6.597459128,8.004895815,479,13,4,1,18,476,13,11,3,27,497,503,45,28,44,27
48,1000,30,5.13,10.3,18,37,27,960,22,9,9,40,7.272095976,105,91,7.935034931,9.607039065,7.028686097,7.533685846,498,12,3,5,20,462,10,6,4,20,518,482,53,38,73,32
46,1000,30,5.13,10.3,18,37,104,932,33,24,11,68,8.688802053,199,146,15.25903311,20.69559107,10.33179528,7.084773093,448,20,17,9,46,484,13,7,2,22,494,506,126,20,186,13
49,1000,30,5.13,10.3,18,37,16,962,20,9,9,38,7.056029994,103,103,7.872532501,9.478417015,6.523177334,7.551850422,462,8,6,6,20,500,12,3,3,18,482,518,73,30,79,24
50,1000,30,5.13,10.3,18,37,16,956,25,15,4,44,7.325325746,91,69,7.791462593,9.450089918,6.640732421,8.001752948,479,13,4,1,18,477,12,11,3,26,497,503,43,26,66,25
48,1000,30,5.13,10.3,18,37,28,960,22,8,10,40,7.326432277,99,90,7.950070807,9.646731352,7.073994918,7.597723879,498,12,3,5,20,462,10,5,5,20,518,482,49,41,77,22
49,1000,30,5.13,10.3,18,37,17,962,20,9,9,38,7.046967446,102,67,7.909985784,9.519810475,6.51989897,7.53740568,462,8,6,6,20,500,12,3,3,18,482,518,42,25,74,28
50,1000,30,5.13,10.3,18,37,17,957,24,15,4,43,7.332631229,101,84,7.806183626,9.483357644,6.640172819,8.016829698,479,13,4,1,18,478,11,11,3,25,497,503,43,41,79,22
48,1000,30,5.13,10.3,18,37,29,962,20,8,10,38,7.340723006,97,86,7.947283319,9.677108451,7.10236903,7.596879353,498,12,3,5,20,464,8,5,5,18,518,482,44,42,68,29
49,1000,30,5.13,10.3,18,37,18,962,18,11,9,38,7.084384869,110,77,7.937242689,9.554272952,6.593332716,7.541309846,462,7,7,6,20,500,11,4,3,18,482,518,54,23,81,29
50,1000,30,5.13,10.3,18,37,18,958,22,16,4,42,7.37719983,110,70,7.84242956,9.513521456,6.741116601,8.005695585,479,12,5,1,18,479,10,11,3,24,497,503,45,25,80,30
48,1000,30,5.13,10.3,18,37,30,963,19,8,10,37,7.377228929,103,79,7.995206081,9.726120976,7.138498404,7.63378995,498,12,3,5,20,465,7,5,5,17,518,482,56,23,77,26
49,1000,30,5.13,10.3,18,37,19,962,18,11,9,38,7.091664902,93,95,7.945713467,9.601583252,6.636562677,7.515138401,462,7,7,6,20,500,11,4,3,18,482,518,65,30,70,23
50,1000,30,5.13,10.3,18,37,19,959,22,15,4,41,7.39364946,122,71,7.845430101,9.547453272,6.75147068,8.028168056,480,12,4,1,17,479,10,11,3,24,497,503,44,27,94,28
49,1000,30,5.13,10.3,18,37,20,963,17,11,9,37,7.137036857,109,99,7.964263009,9.667721779,6.734491921,7.511605697,462,7,7,6,20,501,10,4,3,17,482,518,67,32,82,27
48,1000,30,5.13,10.3,18,37,31,963,19,8,10,37,7.38320805,109,85,8.031512278,9.781471327,7.142607869,7.641778369,498,12,3,5,20,465,7,5,5,17,518,482,46,39,78,31
50,1000,30,5.13,10.3,18,37,20,962,21,13,4,38,7.411447867,107,78,7.862470378,9.596537077,6.801318343,8.014299504,480,12,4,1,17,482,9,9,3,21,497,503,51,27,79,28
49,1000,30,5.13,10.3,18,37,21,964,16,11,9,36,7.158285902,102,88,7.96125968,9.712749676,6.787824233,7.5030012,462,7,7,6,20,502,9,4,3,16,482,518,55,33,81,21
48,1000,30,5.13,10.3,18,37,32,963,19,8,10,37,7.413343918,106,86,8.038649395,9.827113352,7.168618921,7.676347131,498,12,3,5,20,465,7,5,5,17,518,482,52,34,76,30
50,1000,30,5.13,10.3,18,37,21,962,22,13,3,38,7.394696368,109,73,7.887331025,9.617989052,6.804952497,7.97740552,480,12,4,1,17,482,10,9,2,21,497,503,50,23,76,33
49,1000,30,5.13,10.3,18,37,22,966,15,11,8,34,7.161436193,94,65,7.978839097,9.721565292,6.837600139,7.462766267,462,7,7,6,20,504,8,4,2,14,482,518,43,22,66,28
48,1000,30,5.13,10.3,18,37,33,964,19,7,10,36,7.415244366,83,81,8.07817636,9.872649445,7.16019896,7.689338806,499,12,2,5,19,465,7,5,5,17,518,482,56,25,62,21
50,1000,30,5.13,10.3,18,37,22,961,23,13,3,39,7.391425836,105,76,7.905001132,9.646100852,6.828331748,7.947803097,479,13,4,1,18,482,10,9,2,21,497,503,56,20,77,28
49,1000,30,5.13,10.3,18,37,23,965,15,12,8,35,7.210407403,89,71,8.012544496,9.752134632,6.897342113,7.50171526,462,7,7,6,20,503,8,5,2,15,482,518,50,21,69,20
48,1000,30,5.13,10.3,18,37,34,964,18,8,10,36,7.446062576,98,89,8.117926248,9.944179832,7.214553023,7.694863299,499,11,3,5,19,465,7,5,5,17,518,482,61,28,75,23
50,1000,30,5.13,10.3,18,37,23,962,23,11,4,38,7.393579292,124,88,7.899204759,9.677088326,6.860235691,7.920560941,479,13,4,1,18,483,10,7,3,20,497,503,61,27,91,33
49,1000,30,5.13,10.3,18,37,24,965,15,12,8,35,7.244268669,104,91,8.04101311,9.803327478,6.927571914,7.538955611,462,7,7,6,20,503,8,5,2,15,482,518,63,28,72,32
50,1000,30,5.13,10.3,18,37,24,961,24,11,4,39,7.419683835,96,84,7.930552764,9.726048606,6.883801335,7.949174099,479,13,4,1,18,482,11,7,3,21,497,503,54,30,77,19
48,1000,30,5.13,10.3,18,37,35,962,20,8,10,38,7.473246564,104,87,8.151382467,9.999646785,7.256056102,7.706658721,497,13,3,5,21,465,7,5,5,17,518,482,54,33,72,32
49,1000,30,5.13,10.3,18,37,25,964,16,12,8,36,7.274519848,104,83,8.0674506,9.885203691,6.954393997,7.572397571,462,7,7,6,20,502,9,5,2,16,482,518,62,21,79,25
50,1000,30,5.13,10.3,18,37,25,962,23,11,4,38,7.433871373,81,82,7.966439127,9.777067626,6.921997271,7.939639621,479,13,4,1,18,483,10,7,3,20,497,503,50,32,63,18
48,1000,30,5.13,10.3,18,37,36,963,19,8,10,37,7.487363865,106,88,8.191244325,10.05897323,7.306129429,7.682134482,497,13,3,5,21,466,6,5,5,16,518,482,59,29,85,21
49,1000,30,5.13,10.3,18,37,26,963,17,12,8,37,7.31145009,106,91,8.105254455,9.921213743,7.023976864,7.578944481,461,8,7,6,21,502,9,5,2,16,482,518,69,22,79,27
50,1000,30,5.13,10.3,18,37,26,962,23,11,4,38,7.441697387,94,98,7.973149471,9.805341272,6.956906285,7.920705692,479,13,4,1,18,483,10,7,3,20,497,503,70,28,74,20
48,1000,30,5.13,10.3,18,37,37,963,19,8,10,37,7.502764933,94,94,8.200416032,10.12922163,7.33233512,7.685923943,497,13,3,5,21,466,6,5,5,16,518,482,58,36,68,26
49,1000,30,5.13,10.3,18,37,27,963,17,12,8,37,7.331948049,93,84,8.110257611,9.928527081,7.069400763,7.576248806,462,8,6,6,20,501,9,6,2,17,482,518,62,22,71,22
50,1000,30,5.13,10.3,18,37,27,963,23,10,4,37,7.428679525,104,78,7.972256101,9.849898371,7.004495291,7.847803907,479,13,4,1,18,484,10,6,3,19,497,503,53,25,79,25
49,1000,30,5.13,10.3,18,37,28,964,16,12,8,36,7.347706265,108,79,8.159860941,9.983140378,7.061368611,7.614144004,463,7,6,6,19,501,9,6,2,17,482,518,49,30,80,28
48,1000,30,5.13,10.3,18,37,38,963,18,9,10,37,7.518687817,105,76,8.222050058,10.14743166,7.352837666,7.696925116,497,12,4,5,21,466,6,5,5,16,518,482,44,32,72,33
50,1000,30,5.13,10.3,18,37,28,964,24,9,3,36,7.420516289,117,94,8.002352929,9.898675918,7.029564464,7.806804673,479,13,4,1,18,485,11,5,2,18,497,503,60,34,88,29
49,1000,30,5.13,10.3,18,37,29,964,16,12,8,36,7.352901053,109,101,8.177538363,10.00232744,7.063879157,7.621836485,462,8,6,6,20,502,8,6,2,16,482,518,65,36,73,36
48,1000,30,5.13,10.3,18,37,39,964,18,9,9,36,7.530047147,103,98,8.237350619,10.18342894,7.363128572,7.70943267,497,12,4,5,21,467,6,5,4,15,518,482,68,30,72,31
50,1000,30,5.13,10.3,18,37,29,963,25,9,3,37,7.441786431,113,91,8.036017108,9.932737357,7.081656028,7.797621044,478,14,4,1,19,485,11,5,2,18,497,503,62,29,86,27
49,1000,30,5.13,10.3,18,37,30,966,15,11,8,34,7.350525244,98,96,8.211539851,10.06828232,7.106453137,7.577634811,462,8,6,6,20,504,7,5,2,14,482,518,74,22,78,20
48,1000,30,5.13,10.3,18,37,40,965,17,9,9,35,7.548309317,100,85,8.255160955,10.25763937,7.421013745,7.685112443,497,12,4,5,21,468,5,5,4,14,518,482,64,21,71,29
50,1000,30,5.13,10.3,18,37,30,963,25,9,3,37,7.503472248,115,86,8.077580624,9.982937934,7.121117443,7.881266161,478,14,4,1,19,485,11,5,2,18,497,503,51,35,90,25
49,1000,30,5.13,10.3,18,37,31,964,17,11,8,36,7.380062933,96,85,8.234186169,10.1608594,7.173371992,7.572389252,461,9,6,6,21,503,8,5,2,15,482,518,55,30,77,19
48,1000,30,5.13,10.3,18,37,41,965,17,9,9,35,7.585618271,115,92,8.315104168,10.31239324,7.513498761,7.663124301,496,12,5,5,22,469,5,4,4,13,518,482,55,37,82,33
50,1000,30,5.13,10.3,18,37,31,963,25,9,3,37,7.545416893,98,71,8.1215758,10.05184382,7.154921841,7.931253952,478,14,4,1,19,485,11,5,2,18,497,503,49,22,68,30
49,1000,30,5.13,10.3,18,37,32,962,19,11,8,38,7.396896536,91,91,8.27375402,10.24707893,7.191850848,7.587691944,461,9,6,6,21,501,10,5,2,17,482,518,64,27,75,16
48,1000,30,5.13,10.3,18,37,42,964,18,9,9,36,7.595214742,105,99,8.365272578,10.36556495,7.533572996,7.661460436,496,12,5,5,22,468,6,4,4,14,518,482,70,29,79,26
50,1000,30,5.13,10.3,18,37,32,962,26,9,3,38,7.564849142,119,91,8.136952092,10.08217841,7.19712263,7.928189255,477,15,4,1,20,485,11,5,2,18,497,503,63,28,93,26
49,1000,30,5.13,10.3,18,37,33,961,20,11,8,39,7.438519024,100,83,8.331315802,10.29295901,7.241510396,7.621835933,460,10,6,6,22,501,10,5,2,17,482,518,52,31,78,22
48,1000,30,5.13,10.3,18,37,43,966,17,8,9,34,7.593596392,108,67,8.390089736,10.41778655,7.563633765,7.625796892,496,12,5,5,22,470,5,3,4,12,518,482,46,21,80,28
50,1000,30,5.13,10.3,18,37,33,962,26,9,3,38,7.618995104,102,91,8.162309338,10.1221761,7.235166211,7.998245521,477,15,4,1,20,485,11,5,2,18,497,503,66,25,84,18
49,1000,30,5.13,10.3,18,37,34,961,20,10,9,39,7.514474794,114,84,8.362213432,10.3296451,7.304538271,7.709821134,460,10,6,6,22,501,10,4,3,17,482,518,53,31,84,30
50,1000,30,5.13,10.3,18,37,34,962,26,9,3,38,7.646535417,88,89,8.180168524,10.19562486,7.287604048,8.001185298,477,15,4,1,20,485,11,5,2,18,497,503,59,30,61,27
48,1000,30,5.13,10.3,18,37,44,966,17,8,9,34,7.633964116,116,92,8.387635617,10.44450232,7.598829618,7.671722767,496,12,5,5,22,470,5,3,4,12,518,482,60,32,90,26
49,1000,30,5.13,10.3,18,37,35,960,21,8,11,40,7.582675727,103,78,8.39963381,10.38376009,7.359507338,7.790334343,460,10,4,8,22,500,11,4,3,18,482,518,49,29,76,27
50,1000,30,5.13,10.3,18,37,35,964,25,7,4,36,7.628767112,103,86,8.224447066,10.2455455,7.290781089,7.962721493,479,14,2,2,18,485,11,5,2,18,497,503,51,35,81,22
49,1000,30,5.13,10.3,18,37,36,960,20,9,11,40,7.621319042,96,88,8.451869208,10.45751853,7.38246739,7.843570965,460,10,4,8,22,500,10,5,3,18,482,518,61,27,72,24
48,1000,30,5.13,10.3,18,37,45,966,17,8,9,34,7.630101713,94,100,8.398120857,10.45825484,7.626037579,7.634469392,496,12,5,5,22,470,5,3,4,12,518,482,56,44,75,19
50,1000,30,5.13,10.3,18,37,36,965,24,7,4,35,7.639177301,105,95,8.272942925,10.29991321,7.352246489,7.922685479,479,14,2,2,18,486,10,5,2,17,497,503,53,42,81,24
49,1000,30,5.13,10.3,18,37,37,960,20,9,11,40,7.621046084,109,85,8.516029233,10.51294937,7.437716729,7.791634402,460,10,4,8,22,500,10,5,3,18,482,518,59,26,90,19
48,1000,30,5.13,10.3,18,37,46,966,17,8,9,34,7.694364464,112,82,8.45571979,10.51954647,7.69255343,7.696310761,496,12,5,5,22,470,5,3,4,12,518,482,56,26,94,18
50,1000,30,5.13,10.3,18,37,37,965,24,7,4,35,7.678023997,100,92,8.312530143,10.37265649,7.396169571,7.956516343,479,14,2,2,18,486,10,5,2,17,497,503,67,25,75,25
49,1000,30,5.13,10.3,18,37,38,960,20,9,11,40,7.626363141,113,100,8.569373914,10.56367469,7.462062485,7.779245219,460,10,4,8,22,500,10,5,3,18,482,518,71,29,90,23
48,1000,30,5.13,10.3,18,37,47,965,18,8,9,35,7.713883713,115,97,8.50236017,10.58986242,7.749235956,7.675891053,495,13,5,5,23,470,5,3,4,12,518,482,74,23,86,29
50,1000,30,5.13,10.3,18,37,38,965,24,7,4,35,7.668645704,134,99,8.358770414,10.4147427,7.419723236,7.914598919,479,14,2,2,18,486,10,5,2,17,497,503,67,32,101,33
49,1000,30,5.13,10.3,18,37,39,960,20,9,11,40,7.631308877,107,92,8.628066168,10.63472276,7.486113973,7.766413015,460,10,4,8,22,500,10,5,3,18,482,518,58,34,78,29
48,1000,30,5.13,10.3,18,37,48,963,21,6,10,37,7.770124059,99,97,8.55741841,10.69970382,7.814263099,7.722688326,494,14,4,6,24,469,7,2,4,13,518,482,72,25,78,21
50,1000,30,5.13,10.3,18,37,39,966,23,7,4,34,7.676930156,97,84,8.420656453,10.47871132,7.453082002,7.898108153,479,14,2,2,18,487,9,5,2,16,497,503,65,19,74,23
49,1000,30,5.13,10.3,18,37,40,958,23,8,11,42,7.652505964,118,97,8.688672071,10.71623806,7.492527562,7.801366175,460,10,4,8,22,498,13,4,3,20,482,518,62,35,102,16
48,1000,30,5.13,10.3,18,37,49,963,21,6,10,37,7.759337234,118,87,8.582233848,10.76852111,7.797365424,7.718468764,494,14,4,6,24,469,7,2,4,13,518,482,63,24,91,27
50,1000,30,5.13,10.3,18,37,40,965,23,8,4,35,7.694768841,96,86,8.449433912,10.5397869,7.503688127,7.883570263,478,14,3,2,19,487,9,5,2,16,497,503,60,26,66,30
49,1000,30,5.13,10.3,18,37,41,957,24,8,11,43,7.699717234,109,115,8.753386671,10.79459659,7.562223324,7.827655582,460,10,4,8,22,497,14,4,3,21,482,518,73,42,93,16
50,1000,30,5.13,10.3,18,37,41,965,23,8,4,35,7.72883077,114,85,8.493435094,10.58880319,7.550133637,7.905396328,478,14,3,2,19,487,9,5,2,16,497,503,59,26,94,20
48,1000,30,5.13,10.3,18,37,50,965,20,6,9,35,7.777933704,113,94,8.626618546,10.82288248,7.854164337,7.696009496,494,14,4,6,24,471,6,2,3,11,518,482,66,28,92,21
49,1000,30,5.13,10.3,18,37,42,958,22,9,11,42,7.711987866,105,95,8.814787575,10.86151125,7.573666862,7.840695828,460,10,4,8,22,498,12,5,3,20,482,518,65,30,86,19
50,1000,30,5.13,10.3,18,37,42,965,22,9,4,35,7.73744424,103,92,8.55792026,10.67079036,7.565357569,7.907478187,478,13,4,2,19,487,9,5,2,16,497,503,63,29,83,20
48,1000,30,5.13,10.3,18,37,51,963,20,8,9,37,7.803094244,114,90,8.685100562,10.89798711,7.877418995,7.723218267,494,14,4,6,24,469,6,4,3,13,518,482,64,26,86,28
49,1000,30,5.13,10.3,18,37,43,958,22,9,11,42,7.734519988,104,91,8.852251414,10.93665992,7.610374487,7.850037616,460,10,4,8,22,498,12,5,3,20,482,518,67,24,90,14
50,1000,30,5.13,10.3,18,37,43,966,20,10,4,34,7.77406945,106,100,8.612405729,10.7248358,7.608141687,7.938017956,478,13,4,2,19,488,7,6,2,15,497,503,62,38,84,22
48,1000,30,5.13,10.3,18,37,52,960,24,8,8,40,7.796785815,126,94,8.745479914,10.99859145,7.897223576,7.688846479,493,15,4,6,25,467,9,4,2,15,518,482,59,35,103,23
49,1000,30,5.13,10.3,18,37,44,957,23,9,11,43,7.722848396,98,87,8.913577161,11.00954456,7.65968026,7.78162647,459,11,4,8,23,498,12,5,3,20,482,518,60,27,86,12
50,1000,30,5.13,10.3,18,37,44,966,20,10,4,34,7.807015849,90,91,8.649785932,10.80140756,7.644352854,7.967738529,478,12,4,3,19,488,8,6,1,15,497,503,51,40,74,16
49,1000,30,5.13,10.3,18,37,45,957,23,9,11,43,7.765615673,108,90,8.966744744,11.11632144,7.709199296,7.818111221,459,11,4,8,23,498,12,5,3,20,482,518,65,25,89,19
48,1000,30,5.13,10.3,18,37,53,960,24,8,8,40,7.819717712,121,104,8.780348554,11.06650344,7.963985959,7.664674244,493,15,4,6,25,467,9,4,2,15,518,482,80,24,103,18
50,1000,30,5.13,10.3,18,37,45,964,22,10,4,36,7.840975529,96,86,8.705200795,10.87104226,7.717728924,7.962751996,478,12,4,3,19,486,10,6,1,17,497,503,62,24,74,22
49,1000,30,5.13,10.3,18,37,46,956,24,9,11,44,7.776014042,127,108,8.990821764,11.15997935,7.736669496,7.812624219,459,11,4,8,23,497,13,5,3,21,482,518,75,33,99,28
48,1000,30,5.13,10.3,18,37,54,959,24,8,9,41,7.831320302,117,97,8.826415027,11.1417159,7.990311064,7.66045471,493,14,4,7,25,466,10,4,2,16,518,482,56,41,91,26
50,1000,30,5.13,10.3,18,37,46,963,23,10,4,37,7.874646116,114,87,8.742161969,10.95173951,7.770904329,7.977150426,477,13,4,3,20,486,10,6,1,17,497,503,62,25,90,24
49,1000,30,5.13,10.3,18,37,47,956,24,8,12,44,7.768825634,108,84,9.017976338,11.21468285,7.721495154,7.812866738,460,11,3,8,22,496,13,5,4,22,482,518,59,25,85,23
48,1000,30,5.13,10.3,18,37,55,958,25,8,9,42,7.86642514,108,80,8.852643701,11.18552243,8.070385019,7.647231744,492,15,4,7,26,466,10,4,2,16,518,482,58,22,86,22
50,1000,30,5.13,10.3,18,37,47,965,22,9,4,35,7.883916882,119,103,8.789668732,11.02957555,7.835839094,7.931421178,477,13,4,3,20,488,9,5,1,15,497,503,66,37,99,20
49,1000,30,5.13,10.3,18,37,48,955,24,9,12,45,7.765749202,118,101,9.066659181,11.25532727,7.74757728,7.78265821,460,11,3,8,22,495,13,6,4,23,482,518,72,29,92,26
48,1000,30,5.13,10.3,18,37,56,957,26,8,9,43,7.905299289,114,102,8.901989011,11.26231248,8.107859131,7.687610497,492,15,4,7,26,465,11,4,2,17,518,482,76,26,93,21
50,1000,30,5.13,10.3,18,37,48,965,22,9,4,35,7.919594466,114,106,8.819101341,11.0922095,7.895694564,7.94320928,477,13,4,3,20,488,9,5,1,15,497,503,73,33,92,22
49,1000,30,5.13,10.3,18,37,49,955,24,9,12,45,7.769768086,137,92,9.116657491,11.35695222,7.757586348,7.781103216,460,11,3,8,22,495,13,6,4,23,482,518,71,21,110,27
50,1000,30,5.13,10.3,18,37,49,966,22,8,4,34,7.937770533,112,89,8.861529048,11.16338216,7.933593975,7.941897271,477,13,4,3,20,489,9,4,1,14,497,503,57,32,88,24
48,1000,30,5.13,10.3,18,37,57,957,26,8,9,43,7.939039797,131,101,8.955186489,11.3454746,8.154268933,7.707735457,492,15,4,7,26,465,11,4,2,17,518,482,75,26,100,31
49,1000,30,5.13,10.3,18,37,50,955,23,10,12,45,7.783403787,114,76,9.161775793,11.42808589,7.806409675,7.761996764,460,11,3,8,22,495,12,7,4,23,482,518,51,25,99,15
50,1000,30,5.13,10.3,18,37,50,964,24,8,4,36,7.963021555,119,102,8.899420495,11.26490434,7.971191149,7.954949412,476,14,4,3,21,488,10,4,1,15,497,503,72,30,94,25
48,1000,30,5.13,10.3,18,37,58,959,24,9,8,41,7.950751743,119,86,9.01778625,11.42277691,8.175453754,7.709267009,492,15,5,6,26,467,9,4,2,15,518,482,63,23,99,20
49,1000,30,5.13,10.3,18,37,51,956,22,11,11,44,7.797699252,96,111,9.20661065,11.50096149,7.808297519,7.787837543,460,11,3,8,22,496,11,8,3,22,482,518,85,26,72,24
50,1000,30,5.13,10.3,18,37,51,965,23,8,4,35,7.963259765,120,97,8.944249315,11.28036442,8.006782056,7.920256626,476,14,4,3,21,489,9,4,1,14,497,503,71,26,96,24
48,1000,30,5.13,10.3,18,37,59,959,24,9,8,41,7.963907039,105,97,9.087356961,11.56755918,8.212633269,7.696603745,492,15,5,6,26,467,9,4,2,15,518,482,64,33,91,14
49,1000,30,5.13,10.3,18,37,52,957,22,10,11,43,7.788973135,113,104,9.262785871,11.55444205,7.832914543,7.74808557,460,11,3,8,22,497,11,7,3,21,482,518,76,28,91,22
50,1000,30,5.13,10.3,18,37,52,964,24,8,4,36,7.98403388,120,99,9.02084393,11.36045562,8.065190928,7.903844907,475,15,4,3,22,489,9,4,1,14,497,503,70,29,99,21
49,1000,30,5.13,10.3,18,37,53,955,24,10,11,45,7.836346791,124,109,9.317413288,11.6084953,7.880731183,7.795047028,459,12,3,8,23,496,12,7,3,22,482,518,79,30,105,19
48,1000,30,5.13,10.3,18,37,60,959,24,9,8,41,7.995448304,118,107,9.166876511,11.68084358,8.281774032,7.687737251,491,16,5,6,27,468,8,4,2,14,518,482,70,37,93,25
50,1000,30,5.13,10.3,18,37,53,964,24,8,4,36,7.995835512,115,84,9.07228946,11.40938964,8.068737961,7.923802674,475,15,4,3,22,489,9,4,1,14,497,503,63,21,90,25
49,1000,30,5.13,10.3,18,37,54,955,25,9,11,45,7.838102277,123,106,9.364773469,11.67803604,7.909407929,7.77175223,458,13,3,8,24,497,12,6,3,21,482,518,84,22,100,23
48,1000,30,5.13,10.3,18,37,61,959,24,9,8,41,8.010285721,122,97,9.215525588,11.72943519,8.308308229,7.690004271,491,16,5,6,27,468,8,4,2,14,518,482,70,27,111,11
50,1000,30,5.13,10.3,18,37,54,962,25,9,4,38,8.034583049,128,86,9.119047169,11.46766015,8.125219664,7.945027587,473,16,5,3,24,489,9,4,1,14,497,503,67,19,107,21
49,1000,30,5.13,10.3,18,37,55,954,26,9,11,46,7.84190267,101,102,9.41770042,11.77060231,7.927235968,7.762499872,458,13,3,8,24,496,13,6,3,22,482,518,75,27,86,15
48,1000,30,5.13,10.3,18,37,62,959,24,8,9,41,8.009428017,128,95,9.289089476,11.83891997,8.31860929,7.677154368,491,16,4,7,27,468,8,4,2,14,518,482,64,31,112,16
50,1000,30,5.13,10.3,18,37,55,962,25,9,4,38,8.093902585,127,83,9.160162657,11.54674769,8.194171937,7.994829289,473,16,5,3,24,489,9,4,1,14,497,503,64,19,98,29
49,1000,30,5.13,10.3,18,37,56,954,26,9,11,46,7.883026462,109,98,9.437914157,11.79825347,7.976920217,7.795658141,458,13,3,8,24,496,13,6,3,22,482,518,78,20,88,21
50,1000,30,5.13,10.3,18,37,56,962,25,9,4,38,8.090209682,133,98,9.214090017,11.63214193,8.214425158,7.967475902,473,16,5,3,24,489,9,4,1,14,497,503,72,26,104,29
48,1000,30,5.13,10.3,18,37,63,959,24,8,9,41,7.986969178,109,84,9.361931647,11.92467028,8.354575638,7.591906634,491,16,4,7,27,468,8,4,2,14,518,482,66,18,93,16
49,1000,30,5.13,10.3,18,37,57,955,28,7,10,45,7.852642866,130,96,9.471038906,11.86110923,8.008364353,7.707743722,458,14,2,8,24,497,14,5,2,21,482,518,71,25,106,24
50,1000,30,5.13,10.3,18,37,57,961,25,10,4,39,8.138067919,132,105,9.299323865,11.72100481,8.269118758,8.008580312,472,16,6,3,25,489,9,4,1,14,497,503,82,23,103,29
48,1000,30,5.13,10.3,18,37,64,957,25,9,9,43,8.00322899,129,87,9.418940158,12.05175446,8.332457632,7.649410657,490,16,5,7,28,467,9,4,2,15,518,482,69,18,107,22
49,1000,30,5.13,10.3,18,37,58,955,29,7,9,45,7.829053325,138,112,9.522040072,11.95196804,8.009959388,7.660719884,458,15,2,7,24,497,14,5,2,21,482,518,89,23,122,16
50,1000,30,5.13,10.3,18,37,58,962,24,10,4,38,8.166767277,99,111,9.339759199,11.7897996,8.303251919,8.031910683,472,16,6,3,25,490,8,4,1,13,497,503,86,25,85,14
48,1000,30,5.13,10.3,18,37,65,956,26,9,9,44,8.026664446,119,112,9.524838284,12.16479782,8.362278977,7.665983269,490,16,5,7,28,466,10,4,2,16,518,482,85,27,94,25
49,1000,30,5.13,10.3,18,37,59,954,30,7,9,46,7.86263898,123,93,9.566857932,12.03008052,8.051101002,7.687274705,458,15,2,7,24,496,15,5,2,22,482,518,72,21,101,22
50,1000,30,5.13,10.3,18,37,59,964,23,8,5,36,8.185921604,128,84,9.387176163,11.86215426,8.344299988,8.029432426,473,16,5,3,24,491,7,3,2,12,497,503,68,16,105,23
48,1000,30,5.13,10.3,18,37,66,956,26,8,10,44,8.01462181,136,106,9.624217631,12.33756541,8.35884135,7.644692926,489,17,4,8,29,467,9,4,2,15,518,482,76,30,114,22
49,1000,30,5.13,10.3,18,37,60,954,31,6,9,46,7.850921937,132,101,9.668708462,12.17234205,8.062935929,7.653642508,458,16,2,6,24,496,15,4,3,22,482,518,77,24,111,21
50,1000,30,5.13,10.3,18,37,60,964,23,8,5,36,8.176265927,124,93,9.438727577,11.95132223,8.353856935,8.000793302,473,16,5,3,24,491,7,3,2,12,497,503,66,27,107,17
48,1000,30,5.13,10.3,18,37,67,955,27,8,10,45,8.016180986,126,108,9.758665367,12.55642795,8.395988039,7.608006602,488,18,4,8,30,467,9,4,2,15,518,482,82,26,101,25
49,1000,30,5.13,10.3,18,37,61,954,31,6,9,46,7.852435697,132,109,9.743542804,12.28200914,8.073479466,7.646754043,458,16,2,6,24,496,15,4,3,22,482,518,82,27,108,24
50,1000,30,5.13,10.3,18,37,61,964,23,8,5,36,8.156054215,128,100,9.481588152,12.04185558,8.371179884,7.943494658,473,16,5,3,24,491,7,3,2,12,497,503,78,22,111,17
49,1000,30,5.13,10.3,18,37,62,954,31,6,9,46,7.875020113,121,86,9.79316106,12.36966819,8.096953154,7.66851099,458,16,2,6,24,496,15,4,3,22,482,518,66,20,100,21
48,1000,30,5.13,10.3,18,37,68,957,24,9,10,43,8.011765283,152,104,9.817082189,12.60919354,8.412735349,7.580847246,488,18,4,8,30,469,6,5,2,13,518,482,83,21,126,26
50,1000,30,5.13,10.3,18,37,62,964,22,8,6,36,8.124121501,124,94,9.526933925,12.10838819,8.344981146,7.905896366,474,15,5,3,23,490,7,3,3,13,497,503,63,31,101,23
49,1000,30,5.13,10.3,18,37,63,954,31,6,9,46,7.933702839,134,101,9.86037412,12.46802183,8.197004486,7.688700148,458,16,2,6,24,496,15,4,3,22,482,518,81,20,104,30
48,1000,30,5.13,10.3,18,37,69,957,24,9,10,43,8.017027703,118,82,9.935147108,12.81583943,8.432448748,7.57057936,488,18,4,8,30,469,6,5,2,13,518,482,64,18,102,16
50,1000,30,5.13,10.3,18,37,63,964,22,8,6,36,8.11384859,140,103,9.575847344,12.17506287,8.35760608,7.872998745,474,15,5,3,23,490,7,3,3,13,497,503,78,25,119,21
49,1000,30,5.13,10.3,18,37,64,953,32,6,9,47,7.948811294,118,111,9.902681835,12.58249397,8.246332026,7.671967679,457,17,2,6,25,496,15,4,3,22,482,518,84,27,92,26
48,1000,30,5.13,10.3,18,37,70,956,25,9,10,44,8.021213201,134,91,9.989092994,12.95889083,8.444932854,7.565846437,487,19,4,8,31,469,6,5,2,13,518,482,62,29,106,28
50,1000,30,5.13,10.3,18,37,64,965,21,8,6,35,8.084705989,115,103,9.604209652,12.23525636,8.356221375,7.816429354,474,14,6,3,23,491,7,2,3,12,497,503,78,25,102,13
49,1000,30,5.13,10.3,18,37,65,953,33,7,7,47,7.935134818,126,90,9.97838896,12.67710845,8.27284889,7.620891221,456,18,3,5,26,497,15,4,2,21,482,518,75,15,110,16
48,1000,30,5.13,10.3,18,37,71,956,25,9,10,44,8.033842484,122,107,10.05424192,13.06572134,8.457073602,7.579000742,487,19,4,8,31,469,6,5,2,13,518,482,84,23,102,20
50,1000,30,5.13,10.3,18,37,65,965,21,8,6,35,8.116987519,122,104,9.664683884,12.33025113,8.407985445,7.829460741,474,14,6,3,23,491,7,2,3,12,497,503,79,25,104,18
49,1000,30,5.13,10.3,18,37,66,952,33,8,7,48,7.923503149,123,103,10.05810316,12.74781548,8.28354713,7.58848153,457,16,4,5,25,495,17,4,2,23,482,518,84,19,101,22
50,1000,30,5.13,10.3,18,37,66,963,23,8,6,37,8.171123354,127,127,9.707771235,12.35465953,8.468738419,7.877058371,474,14,6,3,23,489,9,2,3,14,497,503,91,36,106,21
48,1000,30,5.13,10.3,18,37,72,956,25,9,10,44,8.04393708,129,117,10.13497655,13.19745604,8.494303131,7.55993373,487,19,4,8,31,469,6,5,2,13,518,482,89,28,109,20
49,1000,30,5.13,10.3,18,37,67,952,33,8,7,48,7.909462766,120,97,10.14093919,12.87000661,8.312270738,7.53464917,457,16,4,5,25,495,17,4,2,23,482,518,81,16,107,13
50,1000,30,5.13,10.3,18,37,67,964,23,8,5,36,8.165359465,129,113,9.791639399,12.49173468,8.499790969,7.834917204,474,14,6,3,23,490,9,2,2,13,497,503,84,29,113,16
48,1000,30,5.13,10.3,18,37,73,956,25,9,10,44,8.087190962,126,104,10.20688921,13.32606964,8.550878113,7.588871576,486,20,4,8,32,470,5,5,2,12,518,482,83,21,100,26
49,1000,30,5.13,10.3,18,37,68,952,33,8,7,48,7.903654218,131,101,10.21438299,12.95551636,8.32186067,7.514512307,457,16,4,5,25,495,17,4,2,23,482,518,82,19,114,17
50,1000,30,5.13,10.3,18,37,68,964,22,8,6,36,8.197074901,154,102,9.850633896,12.54776191,8.562004977,7.836497869,474,13,6,4,23,490,9,2,2,13,497,503,82,20,136,18
48,1000,30,5.13,10.3,18,37,74,954,27,9,10,46,8.127867967,131,106,10.37893543,13.62534229,8.642055841,7.575276019,484,22,4,8,34,470,5,5,2,12,518,482,86,20,108,23
49,1000,30,5.13,10.3,18,37,69,952,33,8,7,48,7.933888309,143,128,10.27823996,13.04829116,8.375475541,7.522990538,456,17,4,5,26,496,16,4,2,22,482,518,110,18,124,19
50,1000,30,5.13,10.3,18,37,69,964,23,8,5,36,8.194518531,128,98,9.958800543,12.66485328,8.565710344,7.827754454,474,14,6,3,23,490,9,2,2,13,497,503,85,13,107,21
48,1000,30,5.13,10.3,18,37,75,955,26,9,10,45,8.145564779,131,106,10.49680409,13.85354625,8.680334176,7.5708541,485,21,4,8,33,470,5,5,2,12,518,482,76,30,107,24
49,1000,30,5.13,10.3,18,37,70,953,32,8,7,47,7.979514502,130,107,10.33598537,13.16512958,8.429993022,7.56034337,456,17,4,5,26,497,15,4,2,21,482,518,86,21,107,23
50,1000,30,5.13,10.3,18,37,70,964,22,9,5,36,8.2262369,137,115,10.01609045,12.74893552,8.646053925,7.811427633,474,14,6,3,23,490,8,3,2,13,497,503,89,26,116,21
48,1000,30,5.13,10.3,18,37,76,954,27,9,10,46,8.124403144,144,100,10.60113655,14.08663989,8.688323545,7.518364208,485,21,4,8,33,469,6,5,2,13,518,482,77,23,122,22
49,1000,30,5.13,10.3,18,37,71,953,32,8,7,47,8.049198613,146,125,10.43999862,13.28341242,8.502968208,7.626965129,456,17,4,5,26,497,15,4,2,21,482,518,96,29,126,20
50,1000,30,5.13,10.3,18,37,71,962,24,9,5,38,8.259288842,125,95,10.08198366,12.85928092,8.685360256,7.838299791,473,15,6,3,24,489,9,3,2,14,497,503,73,22,106,19
48,1000,30,5.13,10.3,18,37,77,954,27,9,10,46,8.134872675,156,104,10.68645157,14.21569323,8.706967187,7.520049114,485,21,4,8,33,469,6,5,2,13,518,482,82,22,131,25
49,1000,30,5.13,10.3,18,37,72,953,32,8,7,47,8.067595157,136,102,10.5660083,13.44560243,8.520116952,7.646522753,456,17,4,5,26,497,15,4,2,21,482,518,84,18,118,18
50,1000,30,5.13,10.3,18,37,72,962,23,10,5,38,8.279397834,142,106,10.15119179,12.94708047,8.74217395,7.82214191,473,15,6,3,24,489,8,4,2,14,497,503,83,23,116,26
48,1000,30,5.13,10.3,18,37,78,956,25,9,10,44,8.113934957,138,130,10.78188059,14.33883831,8.722530621,7.459884015,485,20,5,8,33,471,5,4,2,11,518,482,108,22,111,27
49,1000,30,5.13,10.3,18,37,73,954,32,7,7,46,8.055289542,139,105,10.71033111,13.63270869,8.555181839,7.590138796,456,17,4,5,26,498,15,3,2,20,482,518,87,18,124,15
50,1000,30,5.13,10.3,18,37,73,964,22,9,5,36,8.265061434,138,109,10.24249852,13.06767133,8.748605711,7.787285082,475,14,5,3,22,489,8,4,2,14,497,503,79,30,120,18
48,1000,30,5.13,10.3,18,37,79,956,25,8,11,44,8.129089061,130,100,10.89830842,14.50754361,8.731827661,7.48133264,485,20,5,8,33,471,5,3,3,11,518,482,74,26,102,28
49,1000,30,5.13,10.3,18,37,74,954,31,8,7,46,8.055429086,131,115,10.79215227,13.76847658,8.569970424,7.576647377,455,18,4,5,27,499,13,4,2,19,482,518,97,18,112,19
50,1000,30,5.13,10.3,18,37,74,963,23,9,5,37,8.289993067,133,113,10.31900219,13.18940031,8.774415447,7.811349085,475,14,5,3,22,488,9,4,2,15,497,503,88,25,119,14
48,1000,30,5.13,10.3,18,37,80,956,25,8,11,44,8.107969303,154,106,10.98923566,14.67406941,8.740574264,7.428115839,485,20,5,8,33,471,5,3,3,11,518,482,91,15,135,19
49,1000,30,5.13,10.3,18,37,75,952,33,8,7,48,8.056302313,134,117,10.88735685,13.95846677,8.600767894,7.54967604,453,20,4,5,29,499,13,4,2,19,482,518,88,29,124,10
50,1000,30,5.13,10.3,18,37,75,963,24,8,5,37,8.282767391,138,111,10.40913481,13.32767784,8.793042308,7.778579253,474,16,4,3,23,489,8,4,2,14,497,503,90,21,118,20
48,1000,30,5.13,10.3,18,37,81,956,25,8,11,44,8.109412404,144,107,11.15778729,14.98295394,8.757698775,7.412706303,485,20,5,8,33,471,5,3,3,11,518,482,82,25,126,18
49,1000,30,5.13,10.3,18,37,76,950,33,10,7,50,8.090550377,130,119,11.01204625,14.14141271,8.663505166,7.557414839,451,21,5,5,31,499,12,5,2,19,482,518,98,21,112,18
50,1000,30,5.13,10.3,18,37,76,962,25,9,4,38,8.300204852,145,107,10.4824461,13.42008303,8.820617641,7.785999771,474,17,4,2,23,488,8,5,2,15,497,503,86,21,130,15
48,1000,30,5.13,10.3,18,37,82,955,26,8,11,45,8.154130564,146,127,11.26401091,15.19026495,8.788155905,7.472750633,485,20,5,8,33,470,6,3,3,12,518,482,102,25,124,22
49,1000,30,5.13,10.3,18,37,77,947,35,10,8,53,8.145343648,145,128,11.18532669,14.36769805,8.733230956,7.598313372,450,22,4,6,32,497,13,6,2,21,482,518,110,18,128,17
50,1000,30,5.13,10.3,18,37,77,961,26,9,4,39,8.290110519,133,122,10.59429311,13.55450057,8.848049914,7.738826464,473,18,4,2,24,488,8,5,2,15,497,503,98,24,112,21
50,1000,30,5.13,10.3,18,37,78,960,28,8,4,40,8.300780466,143,97,10.65820391,13.6490655,8.804037765,7.803526236,473,19,4,1,24,487,9,4,3,16,497,503,78,19,117,26
48,1000,30,5.13,10.3,18,37,83,955,26,8,11,45,8.170833392,128,104,11.36466688,15.30672386,8.828486469,7.464060998,485,20,5,8,33,470,6,3,3,12,518,482,90,14,113,15
49,1000,30,5.13,10.3,18,37,78,947,35,10,8,53,8.164213425,165,120,11.33237194,14.55227213,8.801884785,7.570858994,450,22,4,6,32,497,13,6,2,21,482,518,102,18,139,26
50,1000,30,5.13,10.3,18,37,79,959,29,8,4,41,8.344163197,156,121,10.73413885,13.76973727,8.895153348,7.799745493,471,21,4,1,26,488,8,4,3,15,497,503,90,31,129,27
48,1000,30,5.13,10.3,18,37,84,954,27,8,11,46,8.2083031,149,107,11.45988516,15.43678681,8.893053101,7.472409945,484,21,5,8,34,470,6,3,3,12,518,482,89,18,130,19
49,1000,30,5.13,10.3,18,37,79,948,34,10,8,52,8.156252316,139,128,11.46714231,14.75096817,8.854034652,7.506964504,449,22,5,6,33,499,12,5,2,19,482,518,107,21,126,13
50,1000,30,5.13,10.3,18,37,80,959,28,9,4,41,8.37714774,141,120,10.80964599,13.90028609,8.986182778,7.775377534,471,20,5,1,26,488,8,4,3,15,497,503,92,28,125,16
49,1000,30,5.13,10.3,18,37,80,949,33,9,9,51,8.171769852,171,119,11.64084125,15.02936447,8.878220847,7.514415837,450,21,5,6,32,499,12,4,3,19,482,518,98,21,151,20
48,1000,30,5.13,10.3,18,37,85,954,27,7,12,46,8.219541206,142,120,11.55850163,15.66034582,8.939347207,7.44597376,484,21,4,9,34,470,6,3,3,12,518,482,101,19,124,18
50,1000,30,5.13,10.3,18,37,81,959,28,7,6,41,8.376841126,144,102,10.90070351,14.05317595,8.987363374,7.77360145,471,20,5,1,26,488,8,2,5,15,497,503,89,13,120,24
49,1000,30,5.13,10.3,18,37,81,948,32,11,9,52,8.229728917,165,118,11.78634796,15.21215608,8.993267775,7.519254537,448,22,6,6,34,500,10,5,3,18,482,518,102,16,151,14
48,1000,30,5.13,10.3,18,37,86,955,26,7,12,45,8.169922992,149,116,11.67712067,15.8676117,8.929979834,7.353098419,484,21,4,9,34,471,5,3,3,11,518,482,96,20,137,12
50,1000,30,5.13,10.3,18,37,82,959,28,7,6,41,8.409404339,132,104,11.01494132,14.22780041,9.0036251,7.8222717,471,20,5,1,26,488,8,2,5,15,497,503,88,16,113,19
49,1000,30,5.13,10.3,18,37,82,949,31,11,9,51,8.237381383,150,139,11.97639491,15.49354148,9.030818042,7.499087039,449,21,6,6,33,500,10,5,3,18,482,518,114,25,133,17
48,1000,30,5.13,10.3,18,37,87,954,27,6,13,46,8.192345715,149,120,11.83501963,16.14434494,8.969721644,7.356908514,484,21,3,10,34,470,6,3,3,12,518,482,100,20,131,18
50,1000,30,5.13,10.3,18,37,83,958,26,9,7,42,8.435293362,132,109,11.15588862,14.42998304,9.036738181,7.841022835,470,18,7,2,27,488,8,2,5,15,497,503,89,20,119,13
49,1000,30,5.13,10.3,18,37,83,949,30,11,10,51,8.251218511,150,127,12.1648218,15.79114237,9.070577964,7.488802959,449,20,6,7,33,500,10,5,3,18,482,518,108,19,127,23
48,1000,30,5.13,10.3,18,37,88,955,27,6,12,45,8.176604413,144,127,12.01788458,16.42577397,8.937913126,7.358434468,485,21,3,9,33,470,6,3,3,12,518,482,102,25,121,23
50,1000,30,5.13,10.3,18,37,84,959,24,10,7,41,8.473796978,129,123,11.3160955,14.67601355,9.085797964,7.869096203,470,17,8,2,27,489,7,2,5,14,497,503,99,24,113,16
49,1000,30,5.13,10.3,18,37,84,949,30,10,11,51,8.272426415,164,137,12.36992514,16.05670555,9.117028063,7.486522952,449,20,5,8,33,500,10,5,3,18,482,518,107,30,147,17
48,1000,30,5.13,10.3,18,37,89,955,27,6,12,45,8.213684432,163,129,12.28235948,16.90449809,9.008932002,7.359040777,485,21,3,9,33,470,6,3,3,12,518,482,105,24,148,15
50,1000,30,5.13,10.3,18,37,85,959,23,11,7,41,8.475926475,143,125,11.40596219,14.75401237,9.117432197,7.842072909,470,17,8,2,27,489,6,3,5,14,497,503,100,25,123,20
49,1000,30,5.13,10.3,18,37,85,948,31,10,11,52,8.291481378,145,132,12.5690259,16.27630514,9.139798977,7.502120215,449,20,5,8,33,499,11,5,3,19,482,518,106,26,131,14
48,1000,30,5.13,10.3,18,37,90,955,29,5,11,45,8.201315672,171,127,12.49974458,17.29999262,9.04794961,7.291447665,483,23,3,9,35,472,6,2,2,10,518,482,104,23,154,17
50,1000,30,5.13,10.3,18,37,86,958,24,11,7,42,8.473259509,151,129,11.51893616,14.90573342,9.159241662,7.795460046,469,18,8,2,28,489,6,3,5,14,497,503,112,17,138,13
49,1000,30,5.13,10.3,18,37,86,947,32,10,11,53,8.317057942,168,116,12.80643765,16.59244673,9.236432342,7.461578288,448,21,5,8,34,499,11,5,3,19,482,518,93,23,153,15
48,1000,30,5.13,10.3,18,37,91,956,28,5,11,44,8.214122029,148,109,12.80332904,17.8243284,9.087093302,7.275949581,483,23,3,9,35,473,5,2,2,9,518,482,91,18,131,17
50,1000,30,5.13,10.3,18,37,87,958,24,11,7,42,8.489369986,145,119,11.63643714,15.07282445,9.195249519,7.791910487,469,18,8,2,28,489,6,3,5,14,497,503,103,16,125,20
49,1000,30,5.13,10.3,18,37,87,947,33,10,10,53,8.30474354,171,154,13.15124155,17.06361524,9.241017837,7.433538499,448,22,5,7,34,499,11,5,3,19,482,518,129,25,155,16
50,1000,30,5.13,10.3,18,37,88,957,25,11,7,43,8.530339276,148,115,11.74630729,15.26654379,9.287154997,7.782551179,469,18,8,2,28,488,7,3,5,15,497,503,94,21,136,12
48,1000,30,5.13,10.3,18,37,92,956,28,5,11,44,8.2213453,161,108,13.19828531,18.59588918,9.061601851,7.318330998,483,23,3,9,35,473,5,2,2,9,518,482,91,17,139,22
49,1000,30,5.13,10.3,18,37,88,947,33,10,10,53,8.299060143,170,136,13.31273633,17.32365584,9.292018479,7.375110494,448,22,5,7,34,499,11,5,3,19,482,518,113,23,145,25
50,1000,30,5.13,10.3,18,37,89,957,26,10,7,43,8.514591729,148,111,11.90160821,15.50373864,9.300813964,7.737747891,468,19,8,2,29,489,7,2,5,14,497,503,95,16,131,17
48,1000,30,5.13,10.3,18,37,93,958,26,5,11,42,8.211587285,162,139,13.65735592,19.38045883,9.12330558,7.231773847,484,22,3,9,34,474,4,2,2,8,518,482,113,26,145,17
49,1000,30,5.13,10.3,18,37,89,942,37,11,10,58,8.36861973,179,146,13.4947642,17.5952426,9.393634783,7.414841246,444,25,6,7,38,498,12,5,3,20,482,518,124,22,164,15
50,1000,30,5.13,10.3,18,37,90,957,27,10,6,43,8.516176264,142,115,12.08745038,15.7649884,9.322207359,7.719759854,468,19,8,2,29,489,8,2,4,14,497,503,98,17,130,12
48,1000,30,5.13,10.3,18,37,94,956,28,6,10,44,8.237502751,159,117,13.98082385,20.01123207,9.159678347,7.24645097,483,23,3,9,35,473,5,3,1,9,518,482,99,18,140,19
49,1000,30,5.13,10.3,18,37,90,943,37,10,10,57,8.365228939,192,132,13.7146986,17.86796747,9.417101452,7.386459535,445,25,5,7,37,498,12,5,3,20,482,518,118,14,178,14
50,1000,30,5.13,10.3,18,37,91,957,27,10,6,43,8.513700362,181,124,12.33274306,16.15594936,9.344163432,7.693143411,468,19,8,2,29,489,8,2,4,14,497,503,107,17,160,21
48,1000,30,5.13,10.3,18,37,95,955,29,6,10,45,8.255588689,161,126,14.29848981,20.66173965,9.181962113,7.260025549,482,24,3,9,36,473,5,3,1,9,518,482,106,20,148,13
49,1000,30,5.13,10.3,18,37,91,943,37,9,11,57,8.419369059,150,137,13.97678734,18.19710626,9.487021188,7.425916693,445,25,4,8,37,498,12,5,3,20,482,518,112,25,127,23
50,1000,30,5.13,10.3,18,37,92,955,29,10,6,45,8.536223717,167,134,12.47080042,16.36252209,9.410421455,7.672453786,467,20,8,2,30,488,9,2,4,15,497,503,113,21,146,21
48,1000,30,5.13,10.3,18,37,96,952,33,6,9,48,8.260314931,165,132,14.58637307,21.07823643,9.221195482,7.227667368,480,26,3,9,38,472,7,3,0,10,518,482,116,16,143,22
50,1000,30,5.13,10.3,18,37,93,954,30,10,6,46,8.550068022,169,125,12.64649549,16.67000326,9.427019904,7.683576799,466,21,8,2,31,488,9,2,4,15,497,503,106,19,151,18
49,1000,30,5.13,10.3,18,37,92,944,37,9,10,56,8.440753539,162,143,14.28457118,18.63707925,9.557080167,7.402009456,445,25,4,8,37,499,12,5,2,19,482,518,125,18,149,13
48,1000,30,5.13,10.3,18,37,97,953,32,6,9,47,8.238997067,184,130,14.94061014,21.75143005,9.238448336,7.164897985,480,26,3,9,38,473,6,3,0,9,518,482,115,15,161,23
50,1000,30,5.13,10.3,18,37,94,954,30,10,6,46,8.560298341,164,127,12.9019588,16.99771657,9.463942153,7.66743358,466,21,8,2,31,488,9,2,4,15,497,503,108,19,150,14
49,1000,30,5.13,10.3,18,37,93,944,36,9,11,56,8.485762805,181,144,14.58070802,19.06923392,9.634474226,7.41688461,444,26,4,8,38,500,10,5,3,18,482,518,122,22,169,12
48,1000,30,5.13,10.3,18,37,98,954,31,6,9,46,8.232461082,168,139,15.30291915,22.38859968,9.286003191,7.10023118,480,26,3,9,38,474,5,3,0,8,518,482,116,23,143,25
50,1000,30,5.13,10.3,18,37,95,955,30,9,6,45,8.56433071,164,129,13.06893291,17.24353531,9.515131123,7.624871853,466,21,8,2,31,489,9,1,4,14,497,503,108,21,143,21
49,1000,30,5.13,10.3,18,37,94,944,36,9,11,56,8.50325609,175,149,14.86633732,19.44659309,9.683628882,7.404916928,444,26,4,8,38,500,10,5,3,18,482,518,128,21,162,13
48,1000,30,5.13,10.3,18,37,99,954,31,6,9,46,8.239352325,164,151,15.80609389,23.23502844,9.324514578,7.073140608,480,26,3,9,38,474,5,3,0,8,518,482,136,15,145,19
50,1000,30,5.13,10.3,18,37,96,954,30,10,6,46,8.60109463,186,126,13.28953798,17.48559065,9.555460412,7.658112932,466,20,9,2,31,488,10,1,4,15,497,503,113,13,166,20
49,1000,30,5.13,10.3,18,37,95,943,36,10,11,57,8.516747052,181,159,15.12460714,19.76108787,9.74078788,7.377774699,443,26,5,8,39,500,10,5,3,18,482,518,132,27,154,27
48,1000,30,5.13,10.3,18,37,100,953,31,7,9,47,8.220274602,161,133,16.18226125,23.96427891,9.317785948,7.040791453,480,26,3,9,38,473,5,4,0,9,518,482,117,16,146,15
50,1000,30,5.13,10.3,18,37,97,953,30,11,6,47,8.622794472,163,134,13.48185163,17.73429425,9.596215232,7.660985094,465,21,9,2,32,488,9,2,4,15,497,503,112,22,145,18
49,1000,30,5.13,10.3,18,37,96,944,36,9,11,56,8.527746388,188,173,15.47194865,20.19581807,9.779265568,7.363205375,443,26,5,8,39,501,10,4,3,17,482,518,151,22,175,13
48,1000,30,5.13,10.3,18,37,101,952,32,7,9,48,8.216756842,174,147,16.4619877,24.32670366,9.341969559,7.007503341,479,27,3,9,39,473,5,4,0,9,518,482,122,25,153,21
50,1000,30,5.13,10.3,18,37,98,953,30,11,6,47,8.626896383,170,141,13.71961929,18.06795927,9.618921149,7.646704914,465,21,9,2,32,488,9,2,4,15,497,503,117,24,148,22
49,1000,30,5.13,10.3,18,37,97,943,38,9,10,57,8.548324963,183,139,15.72726516,20.52399728,9.865185234,7.322983939,442,27,5,8,40,501,11,4,2,17,482,518,119,20,163,20
50,1000,30,5.13,10.3,18,37,99,953,30,11,6,47,8.657338099,190,147,14.06066387,18.53245352,9.667584079,7.659142767,465,21,9,2,32,488,9,2,4,15,497,503,130,17,176,14
48,1000,30,5.13,10.3,18,37,102,952,32,7,9,48,8.230060461,167,135,16.69877701,24.68506493,9.401627772,6.970990196,479,27,3,9,39,473,5,4,0,9,518,482,117,18,154,13
49,1000,30,5.13,10.3,18,37,98,942,39,8,11,58,8.540618694,187,153,16.06118927,20.92233919,9.863815618,7.309381402,442,27,5,8,40,500,12,3,3,18,482,518,138,15,170,17
50,1000,30,5.13,10.3,18,37,100,952,31,10,7,48,8.660893162,165,143,14.3524768,18.98150073,9.683934251,7.650055347,464,22,8,3,33,488,9,2,4,15,497,503,124,19,144,21
48,1000,30,5.13,10.3,18,37,103,951,34,6,9,49,8.236492618,186,141,17.46329709,26.15987569,9.442300152,6.940624771,477,29,3,9,41,474,5,3,0,8,518,482,122,19,170,16
49,1000,30,5.13,10.3,18,37,99,942,39,8,11,58,8.574654207,194,181,16.39670094,21.41697729,9.900189726,7.341240848,442,27,5,8,40,500,12,3,3,18,482,518,151,30,180,14
50,1000,30,5.13,10.3,18,37,101,952,31,10,7,48,8.652925184,176,145,14.64004646,19.37344219,9.692191691,7.626055495,464,22,8,3,33,488,9,2,4,15,497,503,126,19,155,21
48,1000,30,5.13,10.3,18,37,104,951,34,6,9,49,8.222602365,191,159,17.89855343,26.98605933,9.458264099,6.894650544,477,29,3,9,41,474,5,3,0,8,518,482,138,21,167,24
49,1000,30,5.13,10.3,18,37,100,940,39,10,11,60,8.622538773,202,159,16.9481681,22.16440446,9.966747454,7.37175,441,27,6,8,41,499,12,4,3,19,482,518,146,13,184,18
50,1000,30,5.13,10.3,18,37,102,952,31,10,7,48,8.638756233,188,144,14.90106193,19.69650441,9.702265671,7.587932793,464,22,8,3,33,488,9,2,4,15,497,503,127,17,172,16
49,1000,30,5.13,10.3,18,37,101,940,39,10,11,60,8.652952861,199,164,17.32701132,22.78126057,10.00752538,7.392520518,441,27,6,8,41,499,12,4,3,19,482,518,151,13,189,10
50,1000,30,5.13,10.3,18,37,103,952,31,9,8,48,8.642148364,178,143,15.08112485,19.93411469,9.782693732,7.51520791,464,22,7,4,33,488,9,2,4,15,497,503,125,18,164,14
49,1000,30,5.13,10.3,18,37,102,939,40,10,11,61,8.689097998,204,151,17.74163624,23.34674837,10.09911136,7.37707784,440,28,6,8,42,499,12,4,3,19,482,518,132,19,185,19
50,1000,30,5.13,10.3,18,37,104,954,30,9,7,46,8.660464142,175,154,15.45040023,20.37216961,9.814506307,7.520187888,464,22,7,4,33,490,8,2,3,13,497,503,136,18,158,17
49,1000,30,5.13,10.3,18,37,103,937,42,11,10,63,8.685840276,196,174,18.2726692,24.00626222,10.11945857,7.35185569,438,30,7,7,44,499,12,4,3,19,482,518,155,19,179,17
49,1000,30,5.13,10.3,18,37,104,938,41,11,10,62,8.695071866,203,168,19.00438412,24.95607937,10.20146438,7.293370721,438,29,8,7,44,500,12,3,3,18,482,518,153,15,189,14
