[run number],initial-people,environment,healthy-treatment-chance-men,healthy-treatment-chance-women,dep-treatment-chance-men,dep-treatment-chance-women,[step],"count turtles with [ severity = ""No Depression"" ]","count turtles with [ severity = ""Mild Depression"" ]","count turtles with [ severity = ""Moderate Depression"" ]","count turtles with [ severity = ""Severe Depression"" ]","count turtles with [ severity != ""No Depression"" ]",mean [ dep-score ] of turtles,count turtles with [ treatment? ],count turtles with [ talks? ],mean [ prob-of-talking ] of turtles,mean [ prob-of-treatment ] of turtles,"mean [ dep-score ] of turtles with [ gender? = ""male"" ]","mean [ dep-score ] of turtles with [ gender? = ""female"" ]","count turtles with [ severity = ""No Depression"" and gender? = ""male"" ]","count turtles with [ severity = ""Mild Depression"" and gender? = ""male"" ]","count turtles with [ severity = ""Moderate Depression"" and gender? = ""male"" ]","count turtles with [ severity = ""Severe Depression"" and gender? = ""male"" ]","count turtles with [ severity != ""No Depression"" and gender? = ""male"" ]","count turtles with [ severity = ""No Depression"" and gender? = ""female"" ]","count turtles with [ severity = ""Mild Depression"" and gender? = ""female"" ]","count turtles with [ severity = ""Moderate Depression"" and gender? = ""female"" ]","count turtles with [ severity = ""Severe Depression"" and gender? = ""female"" ]","count turtles with [ severity != ""No Depression"" and gender? = ""female"" ]","count turtles with [ gender? = ""male"" ]","count turtles with [ gender? = ""female"" ]","count turtles with [ talks? = TRUE and gender? = ""female"" ]","count turtles with [ talks? = TRUE and gender? = ""male"" ]","count turtles with [ treatment? = TRUE and gender? = ""female"" ]","count turtles with [ treatment? = TRUE and gender? = ""male"" ]"
3,1000,40,5.13,10.3,18,37,0,939,30,13,18,61,7.422,92,98,9.955281035,8.925179362,6.454724409,8.420731707,484,15,6,3,24,455,15,7,15,37,508,492,59,39,60,32
2,1000,40,5.13,10.3,18,37,0,947,25,11,17,53,7.164,86,114,9.95786917,8.688239354,6.277673546,8.175588865,513,12,4,4,20,434,13,7,13,33,533,467,62,52,63,23
6,1000,40,5.13,10.3,18,37,0,935,33,11,21,65,7.31,107,108,9.939308997,8.975417655,6.645472062,8.027027027,497,11,5,6,22,438,22,6,15,43,519,481,58,50,72,35
5,1000,40,5.13,10.3,18,37,0,916,46,14,24,84,7.562,106,100,9.976742355,9.571504802,6.548707753,8.587525151,471,20,7,5,32,445,26,7,19,52,503,497,51,49,72,34
8,1000,40,5.13,10.3,18,37,0,942,23,13,22,58,7.349,97,127,10.08258024,9.250219737,6.20625,8.403846154,466,5,4,5,14,476,18,9,17,44,480,520,73,54,71,26
4,1000,40,5.13,10.3,18,37,0,943,30,9,18,57,7.163,107,109,9.939606471,8.911342253,6.464980545,7.901234568,491,17,1,5,23,452,13,8,13,34,514,486,55,54,72,35
7,1000,40,5.13,10.3,18,37,0,944,28,14,14,56,7.326,94,108,9.96977522,8.897294131,6.651663405,8.030674847,493,11,4,3,18,451,17,10,11,38,511,489,63,45,60,34
1,1000,40,5.13,10.3,18,37,0,951,15,18,16,49,7.116,92,98,10.06549463,8.641962093,6.284,7.948,482,7,5,6,18,469,8,13,10,31,500,500,54,44,58,34
3,1000,40,5.13,10.3,18,37,1,939,30,13,18,61,7.418406262,106,104,9.981814981,8.975870154,6.438275477,8.430411219,485,14,6,3,23,454,16,7,15,38,508,492,56,48,75,31
2,1000,40,5.13,10.3,18,37,1,951,23,10,16,49,7.151355722,99,75,9.950062863,8.707160613,6.315480735,8.105362935,513,13,4,3,20,438,10,6,13,29,533,467,44,31,68,31
7,1000,40,5.13,10.3,18,37,1,946,28,12,14,54,7.324697842,96,97,9.978419861,8.927434993,6.666221055,8.012799351,493,11,4,3,18,453,17,8,11,36,511,489,51,46,60,36
5,1000,40,5.13,10.3,18,37,1,919,44,14,23,81,7.55099846,102,97,10.00308366,9.604224241,6.534631652,8.579635289,473,20,6,4,30,446,24,8,19,51,503,497,51,46,64,38
4,1000,40,5.13,10.3,18,37,1,946,28,8,18,54,7.127789913,101,94,9.977189273,8.953287939,6.463856243,7.829974905,491,17,1,5,23,455,11,7,13,31,514,486,50,44,66,35
6,1000,40,5.13,10.3,18,37,1,936,33,10,21,64,7.325510381,103,96,9.940255685,8.99540181,6.674968644,8.027446268,497,11,5,6,22,439,22,5,15,42,519,481,54,42,73,30
8,1000,40,5.13,10.3,18,37,1,944,23,12,21,56,7.349831418,105,107,10.10018623,9.296904534,6.245403986,8.369302893,466,5,4,5,14,478,18,8,16,42,480,520,66,41,69,36
1,1000,40,5.13,10.3,18,37,1,949,17,18,16,51,7.142454661,90,103,10.08511208,8.683892566,6.361405688,7.923503634,481,8,5,6,19,468,9,13,10,32,500,500,65,38,60,30
3,1000,40,5.13,10.3,18,37,2,939,30,13,18,61,7.424496647,95,102,9.997841495,9.016021379,6.463427951,8.41681961,485,14,6,3,23,454,16,7,15,38,508,492,64,38,63,32
4,1000,40,5.13,10.3,18,37,2,947,28,8,17,53,7.168749529,98,110,10.00316128,9.00670286,6.524627512,7.849981456,491,17,1,5,23,456,11,7,12,30,514,486,57,53,71,27
7,1000,40,5.13,10.3,18,37,2,947,28,11,14,53,7.322741698,92,95,10.00221144,8.972508425,6.713832488,7.959045597,493,11,4,3,18,454,17,7,11,35,511,489,52,43,69,23
2,1000,40,5.13,10.3,18,37,2,950,24,10,16,50,7.174652736,97,112,9.971556279,8.751752112,6.334936377,8.133044212,512,14,4,3,21,438,10,6,13,29,533,467,60,52,66,31
5,1000,40,5.13,10.3,18,37,2,920,45,13,22,80,7.519249438,107,106,10.01440724,9.636309207,6.593619681,8.4560538,471,22,6,4,32,449,23,7,18,48,503,497,63,43,76,31
6,1000,40,5.13,10.3,18,37,2,935,34,10,21,65,7.356627461,75,107,9.953548862,9.021847622,6.70722988,8.0573288,497,11,5,6,22,438,23,5,15,43,519,481,58,49,48,27
8,1000,40,5.13,10.3,18,37,2,945,23,11,21,55,7.353238198,87,96,10.12370314,9.340365366,6.250911938,8.370770129,466,5,4,5,14,479,18,7,16,41,480,520,63,33,55,32
1,1000,40,5.13,10.3,18,37,2,950,17,17,16,50,7.15318916,96,118,10.13103379,8.737169664,6.373296814,7.933081506,481,8,5,6,19,469,9,12,10,31,500,500,72,46,63,33
3,1000,40,5.13,10.3,18,37,3,939,31,12,18,61,7.429641645,102,121,9.994253506,9.038414245,6.480592441,8.409554239,484,15,6,3,24,455,16,6,15,37,508,492,62,59,73,29
4,1000,40,5.13,10.3,18,37,3,948,28,8,16,52,7.203822237,105,125,10.03651504,9.053635576,6.585681364,7.857576164,491,17,1,5,23,457,11,7,11,29,514,486,66,59,77,28
7,1000,40,5.13,10.3,18,37,3,947,28,11,14,53,7.346485747,99,112,9.990727992,8.985737788,6.748532844,7.971340416,493,11,4,3,18,454,17,7,11,35,511,489,70,42,65,34
2,1000,40,5.13,10.3,18,37,3,951,23,10,16,49,7.197303353,86,92,9.972185763,8.811029111,6.361579279,8.151138325,512,14,4,3,21,439,9,6,13,28,533,467,50,42,46,40
6,1000,40,5.13,10.3,18,37,3,933,36,10,21,67,7.430759004,99,108,9.969794914,9.059579478,6.766378258,8.147627209,496,12,5,6,23,437,24,5,15,44,519,481,62,46,64,35
5,1000,40,5.13,10.3,18,37,3,924,41,13,22,76,7.501615938,93,111,10.07903168,9.709356541,6.601069122,8.413034547,471,22,6,4,32,453,19,7,18,44,503,497,62,49,67,26
8,1000,40,5.13,10.3,18,37,3,946,22,11,21,54,7.347826946,111,96,10.15055463,9.389240057,6.28357121,8.330216855,466,5,4,5,14,480,17,7,16,40,480,520,63,33,82,29
3,1000,40,5.13,10.3,18,37,4,939,31,13,17,61,7.433130221,99,115,10.02594567,9.085977397,6.514263639,8.381878642,484,15,6,3,24,455,16,7,14,37,508,492,72,43,64,35
1,1000,40,5.13,10.3,18,37,3,949,18,17,16,51,7.208578825,88,117,10.1501862,8.77949963,6.412667492,8.004490158,481,8,5,6,19,468,10,12,10,32,500,500,65,52,60,28
4,1000,40,5.13,10.3,18,37,4,950,27,7,16,50,7.197164808,82,116,10.06101459,9.095723776,6.617407345,7.810323936,491,17,1,5,23,459,10,6,11,27,514,486,81,35,61,21
7,1000,40,5.13,10.3,18,37,4,949,27,11,13,51,7.313412601,103,93,10.03972365,9.026856483,6.728832524,7.924292804,493,11,4,3,18,456,16,7,10,33,511,489,52,41,69,34
2,1000,40,5.13,10.3,18,37,4,954,20,10,16,46,7.220846196,118,94,9.994968552,8.853540017,6.382328102,8.177870059,513,13,4,3,20,441,7,6,13,26,533,467,53,41,84,34
6,1000,40,5.13,10.3,18,37,4,933,36,10,21,67,7.479863914,95,126,9.979255628,9.100222658,6.791729623,8.222362244,496,12,5,6,23,437,24,5,15,44,519,481,64,62,62,33
5,1000,40,5.13,10.3,18,37,4,925,42,12,21,75,7.481423495,114,108,10.08863188,9.750640567,6.584936088,8.388733687,472,22,5,4,31,453,20,7,17,44,503,497,66,42,78,36
8,1000,40,5.13,10.3,18,37,4,948,20,12,20,52,7.339588983,94,101,10.18107728,9.441899065,6.284309371,8.313693241,468,3,4,5,12,480,17,8,15,40,480,520,53,48,67,27
3,1000,40,5.13,10.3,18,37,5,940,31,12,17,60,7.439971594,122,104,10.04932589,9.127611488,6.54056705,8.368625067,484,15,6,3,24,456,16,6,14,36,508,492,69,35,86,36
1,1000,40,5.13,10.3,18,37,4,952,18,15,15,48,7.20737789,96,111,10.17105125,8.808823454,6.495053586,7.919702194,481,8,5,6,19,471,10,10,9,29,500,500,70,41,61,35
4,1000,40,5.13,10.3,18,37,5,949,28,7,16,51,7.24315851,96,102,10.11064815,9.14521905,6.704857081,7.81247319,490,18,1,5,24,459,10,6,11,27,514,486,52,50,63,33
7,1000,40,5.13,10.3,18,37,5,950,27,11,12,50,7.314029108,97,101,10.06639101,9.044258159,6.721659212,7.933049592,493,11,4,3,18,457,16,7,9,32,511,489,57,44,67,30
5,1000,40,5.13,10.3,18,37,5,929,40,10,21,71,7.464436924,105,110,10.12435664,9.78592907,6.604466621,8.334789161,473,21,5,4,30,456,19,5,17,41,503,497,68,42,75,30
6,1000,40,5.13,10.3,18,37,5,933,36,10,21,67,7.541077523,92,103,9.982331311,9.128144018,6.872769495,8.262183275,495,13,5,6,24,438,23,5,15,43,519,481,68,35,60,32
2,1000,40,5.13,10.3,18,37,5,953,21,11,15,47,7.201024776,112,100,10.01913578,8.866766209,6.410491175,8.103282612,513,13,4,3,20,440,8,7,12,27,533,467,48,52,75,37
8,1000,40,5.13,10.3,18,37,5,948,20,12,20,52,7.398597839,101,108,10.22178971,9.52161211,6.352368379,8.364348111,468,3,4,5,12,480,17,8,15,40,480,520,64,44,77,24
3,1000,40,5.13,10.3,18,37,6,940,31,14,15,60,7.428450911,103,102,10.08236432,9.178962532,6.547417784,8.338135522,484,15,7,2,24,456,16,7,13,36,508,492,58,44,70,33
1,1000,40,5.13,10.3,18,37,5,950,20,15,15,50,7.249779971,96,114,10.19703976,8.83594553,6.559069987,7.940489955,479,10,5,6,21,471,10,10,9,29,500,500,67,47,62,34
4,1000,40,5.13,10.3,18,37,6,949,28,7,16,51,7.261025884,102,109,10.15197976,9.201419594,6.727992466,7.824769046,490,18,1,5,24,459,10,6,11,27,514,486,60,49,71,31
7,1000,40,5.13,10.3,18,37,6,951,26,11,12,49,7.31799279,100,91,10.08109322,9.101572477,6.743563559,7.918265463,493,11,4,3,18,458,15,7,9,31,511,489,42,49,53,47
6,1000,40,5.13,10.3,18,37,6,934,35,10,21,66,7.558900959,90,120,10.01911672,9.171805298,6.907527434,8.261734346,496,12,5,6,23,438,23,5,15,43,519,481,73,47,61,29
2,1000,40,5.13,10.3,18,37,6,953,21,11,15,47,7.224664742,94,123,10.04277553,8.873044562,6.447614984,8.111533096,513,13,4,3,20,440,8,7,12,27,533,467,60,63,63,31
5,1000,40,5.13,10.3,18,37,6,929,40,10,21,71,7.498407014,86,115,10.1698973,9.871475547,6.611439516,8.396082369,473,21,5,4,30,456,19,5,17,41,503,497,58,57,54,32
8,1000,40,5.13,10.3,18,37,6,949,18,13,20,51,7.365715068,98,117,10.27838968,9.567186387,6.349613045,8.303655396,467,4,4,5,13,482,14,9,15,38,480,520,65,52,76,22
3,1000,40,5.13,10.3,18,37,7,941,32,14,13,59,7.407518376,86,108,10.11597602,9.22407894,6.56612522,8.276273911,484,15,7,2,24,457,17,7,11,35,508,492,62,46,64,22
4,1000,40,5.13,10.3,18,37,7,950,29,6,15,50,7.260065376,106,110,10.17260353,9.238397781,6.730225837,7.820430649,490,18,1,5,24,460,11,5,10,26,514,486,70,40,77,29
7,1000,40,5.13,10.3,18,37,7,952,26,11,11,48,7.327277059,100,106,10.08807144,9.122220632,6.786452537,7.892433155,493,11,4,3,18,459,15,7,8,30,511,489,62,44,64,36
6,1000,40,5.13,10.3,18,37,7,934,35,13,18,66,7.547034586,89,94,10.03305737,9.210797967,6.932468541,8.210152627,496,11,7,5,23,438,24,6,13,43,519,481,54,40,61,28
1,1000,40,5.13,10.3,18,37,6,950,20,15,15,50,7.250870971,110,104,10.21796601,8.851376223,6.594901345,7.906840596,478,11,5,6,22,472,9,10,9,28,500,500,62,42,75,35
2,1000,40,5.13,10.3,18,37,7,953,22,11,14,47,7.248486276,89,127,10.06959466,8.931896791,6.480423842,8.125097149,513,13,4,3,20,440,9,7,11,27,533,467,64,63,62,27
5,1000,40,5.13,10.3,18,37,7,929,40,10,21,71,7.531850775,97,118,10.21048706,9.93079051,6.654021306,8.420277782,473,21,5,4,30,456,19,5,17,41,503,497,60,58,67,30
8,1000,40,5.13,10.3,18,37,7,949,18,13,20,51,7.390343321,99,99,10.3314019,9.625503741,6.379730968,8.323216262,467,4,4,5,13,482,14,9,15,38,480,520,56,43,71,28
3,1000,40,5.13,10.3,18,37,8,943,30,14,13,57,7.446429011,97,99,10.15584827,9.266371059,6.625117308,8.294450038,484,15,7,2,24,459,15,7,11,33,508,492,66,33,71,26
4,1000,40,5.13,10.3,18,37,8,949,30,5,16,51,7.296899707,106,108,10.18147638,9.262120745,6.731410361,7.894968685,490,18,0,6,24,459,12,5,10,27,514,486,66,42,72,34
6,1000,40,5.13,10.3,18,37,8,932,37,13,18,68,7.602880888,101,107,10.03684185,9.228018823,6.983610601,8.271074816,495,12,7,5,24,437,25,6,13,44,519,481,58,49,72,29
7,1000,40,5.13,10.3,18,37,8,951,27,11,11,49,7.334439424,98,112,10.12556836,9.151183642,6.782998844,7.910689191,493,11,4,3,18,458,16,7,8,31,511,489,73,39,68,30
2,1000,40,5.13,10.3,18,37,8,953,22,11,14,47,7.274758477,85,110,10.11053436,8.963526717,6.522189245,8.133686531,513,13,4,3,20,440,9,7,11,27,533,467,53,57,57,28
5,1000,40,5.13,10.3,18,37,8,929,40,11,20,71,7.580462554,106,125,10.25237148,9.990996421,6.738584214,8.432504415,473,20,6,4,30,456,20,5,16,41,503,497,77,48,75,31
1,1000,40,5.13,10.3,18,37,7,949,21,15,15,51,7.283396937,82,116,10.23865816,8.884339797,6.615969684,7.950824189,478,11,5,6,22,471,10,10,9,29,500,500,69,47,58,24
8,1000,40,5.13,10.3,18,37,8,948,20,13,19,52,7.407643713,108,115,10.36359289,9.674359797,6.40655928,8.331721651,467,4,4,5,13,481,16,9,14,39,480,520,72,43,77,31
3,1000,40,5.13,10.3,18,37,9,945,28,14,13,55,7.459563262,93,98,10.19712704,9.319390483,6.616261461,8.330289511,486,13,7,2,22,459,15,7,11,33,508,492,58,40,66,27
6,1000,40,5.13,10.3,18,37,9,934,37,11,18,66,7.620848232,114,79,10.04598521,9.264129252,7.027756642,8.26079529,496,12,6,5,23,438,25,5,13,43,519,481,43,36,84,30
4,1000,40,5.13,10.3,18,37,9,952,28,5,15,48,7.307484019,104,100,10.21998136,9.302346135,6.740419563,7.907218856,491,17,1,5,23,461,11,4,10,25,514,486,61,39,69,35
7,1000,40,5.13,10.3,18,37,9,953,25,10,12,47,7.337107116,85,119,10.11993726,9.173302223,6.792305786,7.906418936,495,9,4,3,16,458,16,6,9,31,511,489,73,46,58,27
2,1000,40,5.13,10.3,18,37,9,956,21,10,13,44,7.232193795,93,101,10.1667898,9.040648805,6.516413002,8.049134187,514,12,4,3,19,442,9,6,10,25,533,467,61,40,65,28
5,1000,40,5.13,10.3,18,37,9,929,40,11,20,71,7.595444896,99,102,10.28839299,10.04330827,6.777937846,8.422821245,473,20,6,4,30,456,20,5,16,41,503,497,68,34,71,28
1,1000,40,5.13,10.3,18,37,8,948,22,15,15,52,7.300937475,105,98,10.28130494,8.912913192,6.648575912,7.953299038,476,13,5,6,24,472,9,10,9,28,500,500,59,39,76,29
8,1000,40,5.13,10.3,18,37,9,949,18,15,18,51,7.400075854,88,112,10.40055575,9.688559189,6.45837558,8.269337644,467,4,4,5,13,482,14,11,13,38,480,520,73,39,66,22
3,1000,40,5.13,10.3,18,37,10,945,28,14,13,55,7.488696494,95,107,10.20717338,9.360605046,6.678068128,8.325686758,486,13,7,2,22,459,15,7,11,33,508,492,67,40,75,20
6,1000,40,5.13,10.3,18,37,10,934,37,11,18,66,7.625814102,98,119,10.07840261,9.314126819,7.005763148,8.294850371,496,12,6,5,23,438,25,5,13,43,519,481,75,44,71,27
4,1000,40,5.13,10.3,18,37,10,950,29,6,15,50,7.33363274,83,116,10.23962047,9.333561053,6.777661651,7.921635086,489,18,2,5,25,461,11,4,10,25,514,486,60,56,61,22
7,1000,40,5.13,10.3,18,37,10,954,25,9,12,46,7.321037806,93,102,10.14460599,9.221641528,6.796740858,7.868922756,495,9,4,3,16,459,16,5,9,30,511,489,60,42,60,33
2,1000,40,5.13,10.3,18,37,10,955,22,10,13,45,7.218883224,100,118,10.21834539,9.114186482,6.527521606,8.007953336,513,13,4,3,20,442,9,6,10,25,533,467,61,57,72,28
5,1000,40,5.13,10.3,18,37,10,929,41,10,20,71,7.634251992,101,116,10.34198431,10.12243918,6.789800741,8.488897825,473,21,5,4,30,456,20,5,16,41,503,497,68,48,70,31
8,1000,40,5.13,10.3,18,37,10,948,19,15,18,52,7.465994734,103,101,10.43597998,9.726974084,6.4925957,8.364516919,467,4,4,5,13,481,15,11,13,39,480,520,63,38,74,29
1,1000,40,5.13,10.3,18,37,9,948,23,15,14,52,7.290827208,90,128,10.32776446,8.949765872,6.646232209,7.935422206,476,14,5,5,24,472,9,10,9,28,500,500,86,42,62,28
3,1000,40,5.13,10.3,18,37,11,946,27,14,13,54,7.527529132,85,100,10.25018064,9.429189082,6.733111962,8.347781006,487,12,7,2,21,459,15,7,11,33,508,492,62,38,64,21
6,1000,40,5.13,10.3,18,37,11,936,35,12,17,64,7.606876251,92,114,10.13125866,9.384241618,6.991823057,8.270519927,496,13,6,4,23,440,22,6,13,41,519,481,62,52,70,22
4,1000,40,5.13,10.3,18,37,11,952,28,5,15,48,7.336902236,76,118,10.27241267,9.378201945,6.794540628,7.910511016,490,18,1,5,24,462,10,4,10,24,514,486,65,53,53,23
7,1000,40,5.13,10.3,18,37,11,955,25,8,12,45,7.345472461,103,85,10.18187301,9.25752958,6.867138145,7.845326931,495,9,4,3,16,460,16,4,9,29,511,489,54,31,64,39
2,1000,40,5.13,10.3,18,37,11,955,23,10,12,45,7.262357034,96,99,10.24773574,9.160991532,6.591708055,8.027787238,513,13,4,3,20,442,10,6,9,25,533,467,57,42,65,31
5,1000,40,5.13,10.3,18,37,11,929,41,9,21,71,7.645207155,100,107,10.39205639,10.17453157,6.829668153,8.470591698,473,21,5,4,30,456,20,4,17,41,503,497,58,49,69,31
8,1000,40,5.13,10.3,18,37,11,950,17,15,18,50,7.444190091,90,112,10.49306398,9.799704979,6.530299554,8.287781355,467,4,4,5,13,483,13,11,13,37,480,520,63,49,63,27
1,1000,40,5.13,10.3,18,37,10,947,24,15,14,53,7.294797871,99,119,10.39073146,9.023550842,6.674265551,7.915330191,476,14,5,5,24,471,10,10,9,29,500,500,76,43,73,26
3,1000,40,5.13,10.3,18,37,12,947,27,13,13,53,7.544775526,108,103,10.2876066,9.474568127,6.771582694,8.34311284,487,12,7,2,21,460,15,6,11,32,508,492,69,34,78,30
6,1000,40,5.13,10.3,18,37,12,936,35,12,17,64,7.6166124,111,101,10.15947002,9.423167151,6.972373436,8.311747581,496,13,6,4,23,440,22,6,13,41,519,481,56,45,76,35
4,1000,40,5.13,10.3,18,37,12,953,27,5,15,47,7.367735406,106,100,10.28457517,9.396794705,6.862022289,7.902584259,490,18,1,5,24,463,9,4,10,23,514,486,61,39,76,30
7,1000,40,5.13,10.3,18,37,12,955,26,8,11,45,7.346954226,110,102,10.20247167,9.299704594,6.899957826,7.814060895,494,10,4,3,17,461,16,4,8,28,511,489,65,37,72,38
2,1000,40,5.13,10.3,18,37,12,958,21,10,11,42,7.302898053,90,123,10.29494946,9.217216327,6.668878387,8.026522212,514,13,4,2,19,444,8,6,9,23,533,467,66,57,62,28
5,1000,40,5.13,10.3,18,37,12,931,38,10,21,69,7.672687301,116,117,10.39284134,10.22638323,6.887204172,8.467653124,473,21,5,4,30,458,17,5,17,39,503,497,74,43,83,33
8,1000,40,5.13,10.3,18,37,12,953,16,13,18,47,7.39945259,115,100,10.50879831,9.842721041,6.54570358,8.187528599,467,4,4,5,13,486,12,9,13,34,480,520,61,39,84,31
1,1000,40,5.13,10.3,18,37,11,945,26,15,14,55,7.335143013,89,106,10.41899082,9.091954186,6.697553857,7.972732169,476,14,5,5,24,469,12,10,9,31,500,500,60,46,58,31
3,1000,40,5.13,10.3,18,37,13,946,28,13,13,54,7.593320939,102,101,10.32284964,9.515823173,6.829376011,8.382109605,487,12,7,2,21,459,16,6,11,33,508,492,59,42,73,29
6,1000,40,5.13,10.3,18,37,13,937,34,13,16,63,7.604806556,105,93,10.17279452,9.443778191,6.994272818,8.263573728,496,12,7,4,23,441,22,6,12,40,519,481,59,34,82,23
4,1000,40,5.13,10.3,18,37,13,952,28,5,15,48,7.413127727,103,114,10.32561265,9.455543083,6.878797815,7.978242078,489,19,1,5,25,463,9,4,10,23,514,486,67,47,67,36
7,1000,40,5.13,10.3,18,37,13,954,27,8,11,46,7.38831203,99,96,10.22768392,9.329680497,6.965241641,7.830416259,493,11,4,3,18,461,16,4,8,28,511,489,51,45,67,32
2,1000,40,5.13,10.3,18,37,13,959,21,10,10,41,7.315712561,106,110,10.31929468,9.296262913,6.679253785,8.042120544,514,13,4,2,19,445,8,6,8,22,533,467,65,45,73,33
8,1000,40,5.13,10.3,18,37,13,953,16,14,17,47,7.379429976,109,112,10.54898094,9.899297357,6.568675622,8.127818611,467,4,4,5,13,486,12,10,12,34,480,520,68,44,82,27
5,1000,40,5.13,10.3,18,37,13,933,36,10,21,67,7.691949911,105,104,10.45070362,10.26865288,6.922727713,8.470458493,474,20,5,4,29,459,16,5,17,38,503,497,60,44,76,29
3,1000,40,5.13,10.3,18,37,14,946,28,13,13,54,7.62654056,108,132,10.37336903,9.564773352,6.831630558,8.447301294,487,12,7,2,21,459,16,6,11,33,508,492,76,56,71,37
6,1000,40,5.13,10.3,18,37,14,939,32,13,16,61,7.633202615,93,93,10.20294146,9.464914383,7.051878455,8.260452593,496,12,7,4,23,443,20,6,12,38,519,481,51,42,68,25
1,1000,40,5.13,10.3,18,37,12,945,26,15,14,55,7.366223348,100,107,10.42902339,9.124676361,6.754333876,7.97811282,476,14,5,5,24,469,12,10,9,31,500,500,74,33,78,22
4,1000,40,5.13,10.3,18,37,14,952,27,7,14,48,7.427456658,108,98,10.36097593,9.510663735,6.897688447,7.987746495,489,18,2,5,25,463,9,5,9,23,514,486,63,35,76,32
7,1000,40,5.13,10.3,18,37,14,953,28,8,11,47,7.42347221,89,93,10.26468946,9.371773514,7.00074738,7.865215334,493,11,4,3,18,460,17,4,8,29,511,489,60,33,65,24
8,1000,40,5.13,10.3,18,37,14,953,16,14,17,47,7.389676649,117,94,10.6112579,9.984218763,6.618628855,8.101413074,466,5,4,5,14,487,11,10,12,33,480,520,57,37,91,26
2,1000,40,5.13,10.3,18,37,14,960,21,10,9,40,7.349477434,96,111,10.36348817,9.350710461,6.757623289,8.024976918,514,13,4,2,19,446,8,6,7,21,533,467,67,44,65,31
5,1000,40,5.13,10.3,18,37,14,932,37,9,22,68,7.728875238,121,118,10.50350721,10.33110265,6.971080211,8.495818695,474,20,4,5,29,458,17,5,17,39,503,497,79,39,84,37
3,1000,40,5.13,10.3,18,37,15,948,27,13,12,52,7.632956882,104,105,10.41318961,9.636122327,6.865907834,8.424950614,487,12,7,2,21,461,15,6,10,31,508,492,68,37,76,28
6,1000,40,5.13,10.3,18,37,15,940,30,15,15,60,7.627583315,91,117,10.24153753,9.522589013,7.110820348,8.185171632,496,11,8,4,23,444,19,7,11,37,519,481,64,53,63,28
4,1000,40,5.13,10.3,18,37,15,952,27,8,13,48,7.48019342,95,114,10.3738192,9.550703111,6.995945965,7.992339904,489,18,2,5,25,463,9,6,8,23,514,486,78,36,71,24
7,1000,40,5.13,10.3,18,37,15,952,29,8,11,48,7.44863156,79,104,10.3113495,9.410759843,7.030043522,7.88605178,492,12,4,3,19,460,17,4,8,29,511,489,68,36,61,18
1,1000,40,5.13,10.3,18,37,13,946,25,15,14,54,7.38810358,117,122,10.45564383,9.171131753,6.787136644,7.989070517,477,13,5,5,23,469,12,10,9,31,500,500,66,56,83,34
8,1000,40,5.13,10.3,18,37,15,953,16,14,17,47,7.419030404,107,125,10.67269541,10.09386871,6.649350639,8.129504033,466,5,4,5,14,487,11,10,12,33,480,520,81,44,81,26
5,1000,40,5.13,10.3,18,37,15,933,36,8,23,67,7.733340619,116,122,10.53545489,10.35571015,6.975664922,8.500163306,474,20,4,5,29,459,16,4,18,38,503,497,84,38,88,28
2,1000,40,5.13,10.3,18,37,15,960,21,10,9,40,7.407363255,86,104,10.3852712,9.400714244,6.840745697,8.054059527,514,13,4,2,19,446,8,6,7,21,533,467,64,40,61,25
3,1000,40,5.13,10.3,18,37,16,949,26,13,12,51,7.645804262,97,126,10.44242779,9.679055056,6.891732356,8.424398831,487,12,7,2,21,462,14,6,10,30,508,492,73,53,74,23
6,1000,40,5.13,10.3,18,37,16,942,31,14,13,58,7.665986789,103,113,10.27569231,9.569156972,7.129987395,8.24433125,496,12,8,3,23,446,19,6,10,35,519,481,65,48,73,30
4,1000,40,5.13,10.3,18,37,16,951,29,7,13,49,7.517573906,80,102,10.41753035,9.633733577,7.065079706,7.996137731,488,19,2,5,26,463,10,5,8,23,514,486,69,33,59,21
7,1000,40,5.13,10.3,18,37,16,954,27,8,11,46,7.443655649,111,89,10.32148059,9.449687513,7.060028,7.84454262,492,12,4,3,19,462,15,4,8,27,511,489,56,33,79,32
1,1000,40,5.13,10.3,18,37,14,947,24,15,14,53,7.407826796,89,86,10.48023773,9.21934841,6.780072047,8.035581544,478,12,5,5,22,469,12,10,9,31,500,500,55,31,62,27
8,1000,40,5.13,10.3,18,37,16,954,15,14,17,46,7.427231383,102,107,10.75728969,10.19997893,6.663356597,8.13234657,466,5,4,5,14,488,10,10,12,32,480,520,69,38,78,24
5,1000,40,5.13,10.3,18,37,16,935,36,7,22,65,7.736284486,133,112,10.59595749,10.45033539,7.001358338,8.480082982,474,20,4,5,29,461,16,3,17,36,503,497,79,33,98,35
2,1000,40,5.13,10.3,18,37,16,963,20,8,9,37,7.434997108,83,108,10.41451137,9.4515983,6.909038682,8.035287989,515,12,4,2,18,448,8,4,7,19,533,467,64,44,65,18
3,1000,40,5.13,10.3,18,37,17,949,26,13,12,51,7.668278694,110,116,10.47814941,9.745142116,6.947908199,8.412075873,487,12,7,2,21,462,14,6,10,30,508,492,77,39,84,26
6,1000,40,5.13,10.3,18,37,17,943,30,14,13,57,7.704910002,104,129,10.29948173,9.615981791,7.14850097,8.305276505,496,12,8,3,23,447,18,6,10,34,519,481,85,44,69,35
4,1000,40,5.13,10.3,18,37,17,950,31,7,12,50,7.497074966,122,111,10.47139177,9.693898707,7.088668555,7.929010964,487,21,2,4,27,463,10,5,8,23,514,486,73,38,91,31
7,1000,40,5.13,10.3,18,37,17,953,28,8,11,47,7.447800635,96,120,10.37054788,9.490526477,7.08108574,7.831013951,492,12,4,3,19,461,16,4,8,28,511,489,74,46,71,25
1,1000,40,5.13,10.3,18,37,15,946,25,15,14,54,7.491959731,83,101,10.51368812,9.268143339,6.882585461,8.101334,478,12,5,5,22,468,13,10,9,32,500,500,59,42,57,26
8,1000,40,5.13,10.3,18,37,17,954,16,13,17,46,7.444502544,101,129,10.79651918,10.28975471,6.720841639,8.112497225,465,6,4,5,15,489,10,9,12,31,480,520,88,41,78,23
5,1000,40,5.13,10.3,18,37,17,936,38,7,19,64,7.727354473,125,103,10.62543209,10.48934402,7.027135678,8.436026613,474,20,4,5,29,462,18,3,14,35,503,497,72,31,94,31
2,1000,40,5.13,10.3,18,37,17,963,21,7,9,37,7.459382902,110,101,10.48207824,9.546275477,6.962317322,8.026697578,515,13,3,2,18,448,8,4,7,19,533,467,64,37,77,33
3,1000,40,5.13,10.3,18,37,18,950,26,12,12,50,7.695711004,93,120,10.48557833,9.780992075,6.937327072,8.478757828,488,12,6,2,20,462,14,6,10,30,508,492,85,35,64,29
6,1000,40,5.13,10.3,18,37,18,944,29,15,12,56,7.713841057,97,103,10.31072734,9.676560156,7.158488483,8.313067638,497,11,8,3,22,447,18,7,9,34,519,481,66,37,68,29
4,1000,40,5.13,10.3,18,37,18,949,31,8,12,51,7.53529434,90,114,10.47391458,9.744636581,7.125554588,7.968640497,487,21,2,4,27,462,10,6,8,24,514,486,67,47,63,27
7,1000,40,5.13,10.3,18,37,18,953,28,8,11,47,7.49183316,84,115,10.39250141,9.527527662,7.140585045,7.858883848,492,12,4,3,19,461,16,4,8,28,511,489,71,44,69,15
1,1000,40,5.13,10.3,18,37,16,945,26,15,14,55,7.542136291,83,117,10.55224881,9.314337951,6.909486923,8.174785659,478,12,5,5,22,467,14,10,9,33,500,500,81,36,55,28
8,1000,40,5.13,10.3,18,37,18,954,16,13,17,46,7.484400944,100,101,10.82737632,10.34768125,6.755291821,8.15742475,465,6,4,5,15,489,10,9,12,31,480,520,58,43,79,21
5,1000,40,5.13,10.3,18,37,18,937,37,7,19,63,7.723729451,115,126,10.65115644,10.55697993,7.080814006,8.37440645,474,20,4,5,29,463,17,3,14,34,503,497,91,35,82,33
2,1000,40,5.13,10.3,18,37,18,964,21,5,10,36,7.476919361,91,122,10.55161378,9.597499515,6.999203359,8.022149831,515,13,3,2,18,449,8,2,8,18,533,467,82,40,71,20
3,1000,40,5.13,10.3,18,37,19,950,25,13,12,50,7.723716756,117,117,10.52263362,9.814459719,6.974709064,8.497082421,487,13,6,2,21,463,12,7,10,29,508,492,80,37,84,33
6,1000,40,5.13,10.3,18,37,19,944,30,15,11,56,7.699874137,113,124,10.35458771,9.727501043,7.172337924,8.269086807,497,11,8,3,22,447,19,7,8,34,519,481,88,36,85,28
4,1000,40,5.13,10.3,18,37,19,948,32,8,12,52,7.538814316,97,118,10.52006269,9.812196728,7.153769397,7.946042893,486,22,2,4,28,462,10,6,8,24,514,486,75,43,76,21
7,1000,40,5.13,10.3,18,37,19,954,27,7,12,46,7.544464885,84,108,10.40949193,9.554507224,7.24674624,7.855577824,492,12,3,4,19,462,15,4,8,27,511,489,66,42,66,18
8,1000,40,5.13,10.3,18,37,19,953,18,12,17,47,7.509088925,111,114,10.83679593,10.40258342,6.76301509,8.197772465,465,6,4,5,15,488,12,8,12,32,480,520,80,34,83,28
1,1000,40,5.13,10.3,18,37,17,945,28,14,13,55,7.550440807,96,117,10.57744386,9.353892076,6.965082841,8.135798773,478,12,5,5,22,467,16,9,8,33,500,500,74,43,68,28
5,1000,40,5.13,10.3,18,37,19,935,39,7,19,65,7.754853852,124,108,10.68424108,10.60486298,7.126462269,8.39083165,473,21,4,5,30,462,18,3,14,35,503,497,83,25,98,26
2,1000,40,5.13,10.3,18,37,19,963,22,5,10,37,7.497794629,99,103,10.57165616,9.666504639,7.041024544,8.019118944,514,14,3,2,19,449,8,2,8,18,533,467,66,37,77,22
3,1000,40,5.13,10.3,18,37,20,952,24,12,12,48,7.716658704,118,98,10.56076167,9.881081339,7.020613778,8.435339236,486,14,6,2,22,466,10,6,10,26,508,492,58,40,86,32
6,1000,40,5.13,10.3,18,37,20,945,30,14,11,55,7.696386808,97,99,10.37435033,9.754536797,7.17029142,8.264044824,498,11,7,3,21,447,19,7,8,34,519,481,67,32,66,31
4,1000,40,5.13,10.3,18,37,20,950,31,7,12,50,7.538378142,103,103,10.57957565,9.86443089,7.168364646,7.929709289,487,21,2,4,27,463,10,5,8,23,514,486,68,35,72,31
7,1000,40,5.13,10.3,18,37,20,954,27,7,12,46,7.573908268,98,120,10.45780672,9.60832184,7.279672608,7.881381524,492,12,3,4,19,462,15,4,8,27,511,489,71,49,71,27
8,1000,40,5.13,10.3,18,37,20,953,18,12,17,47,7.533271011,100,111,10.89172873,10.4673128,6.814157001,8.197068559,465,6,4,5,15,488,12,8,12,32,480,520,70,41,82,18
5,1000,40,5.13,10.3,18,37,20,934,40,7,19,66,7.763586678,115,123,10.73160649,10.7065722,7.154456623,8.380070416,472,22,4,5,31,462,18,3,14,35,503,497,77,46,88,27
1,1000,40,5.13,10.3,18,37,18,945,29,13,13,55,7.550781845,98,111,10.64228954,9.402184225,6.995584892,8.105978798,477,13,5,5,23,468,16,8,8,32,500,500,80,31,69,29
3,1000,40,5.13,10.3,18,37,21,954,24,11,11,46,7.71247756,93,121,10.61440136,9.914938918,7.071538516,8.374260151,486,14,6,2,22,468,10,5,9,24,508,492,78,43,68,25
2,1000,40,5.13,10.3,18,37,20,964,20,6,10,36,7.515245112,96,108,10.63084698,9.696276934,7.103707685,7.984944146,514,14,3,2,19,450,6,3,8,17,533,467,69,39,69,27
6,1000,40,5.13,10.3,18,37,21,946,29,14,11,54,7.693642883,110,116,10.41944188,9.845305759,7.156377367,8.273353492,499,11,6,3,20,447,18,8,8,34,519,481,73,43,79,31
4,1000,40,5.13,10.3,18,37,21,946,35,6,13,54,7.555731564,98,114,10.60999848,9.926976086,7.228265335,7.902064161,484,24,2,4,30,462,11,4,9,24,514,486,75,39,76,22
7,1000,40,5.13,10.3,18,37,21,953,28,7,12,47,7.583683162,102,116,10.52267516,9.686359469,7.311342007,7.868276885,491,13,3,4,20,462,15,4,8,27,511,489,75,41,76,26
8,1000,40,5.13,10.3,18,37,21,954,17,12,17,46,7.542074235,114,108,10.9290123,10.52991608,6.840689533,8.189506267,465,6,4,5,15,489,11,8,12,31,480,520,69,39,86,28
5,1000,40,5.13,10.3,18,37,21,936,40,6,18,64,7.736540739,114,109,10.79237307,10.78602682,7.132077601,8.34830122,473,22,3,5,30,463,18,3,13,34,503,497,73,36,88,26
3,1000,40,5.13,10.3,18,37,22,955,24,10,11,45,7.702733653,109,106,10.7027192,9.983390032,7.115643633,8.308916032,486,14,6,2,22,469,10,4,9,23,508,492,65,41,89,20
6,1000,40,5.13,10.3,18,37,22,945,30,14,11,55,7.710631559,91,105,10.49477983,9.906628271,7.204480365,8.256769749,498,12,6,3,21,447,18,8,8,34,519,481,67,38,69,22
2,1000,40,5.13,10.3,18,37,21,962,23,6,9,38,7.511988647,137,111,10.64518956,9.720533278,7.092182212,7.991125329,513,16,3,1,20,449,7,3,8,18,533,467,69,42,97,40
1,1000,40,5.13,10.3,18,37,19,946,28,12,14,54,7.582143975,85,114,10.70980097,9.449350229,7.080495896,8.083792054,477,12,5,6,23,469,16,7,8,31,500,500,71,43,63,22
4,1000,40,5.13,10.3,18,37,22,947,35,5,13,53,7.607058333,104,117,10.68885436,10.01573108,7.324186194,7.906227632,484,24,2,4,30,463,11,3,9,23,514,486,72,45,79,25
7,1000,40,5.13,10.3,18,37,22,953,28,6,13,47,7.58537131,108,123,10.53651569,9.726996784,7.336732175,7.845196664,490,14,3,4,21,463,14,3,9,26,511,489,85,38,84,24
8,1000,40,5.13,10.3,18,37,22,954,17,13,16,46,7.565634252,115,124,10.98866399,10.62546826,6.883087642,8.195677276,465,6,4,5,15,489,11,9,11,31,480,520,85,39,77,38
6,1000,40,5.13,10.3,18,37,23,945,30,14,11,55,7.71059883,112,107,10.53078909,9.967219588,7.227517528,8.231844559,498,12,6,3,21,447,18,8,8,34,519,481,69,38,76,36
3,1000,40,5.13,10.3,18,37,23,955,24,11,10,45,7.705813854,100,111,10.7881258,10.08871264,7.168312424,8.260795005,486,14,6,2,22,469,10,5,8,23,508,492,74,37,69,31
5,1000,40,5.13,10.3,18,37,22,941,36,6,17,59,7.690759637,106,114,10.83759788,10.81337463,7.12703833,8.261286433,474,21,3,5,29,467,15,3,12,30,503,497,75,39,77,29
2,1000,40,5.13,10.3,18,37,22,962,23,6,9,38,7.49878047,125,138,10.71734155,9.799339871,7.089965463,7.965372331,513,16,3,1,20,449,7,3,8,18,533,467,86,52,85,40
4,1000,40,5.13,10.3,18,37,23,947,35,5,13,53,7.622960255,113,102,10.73224865,10.07575093,7.328158118,7.934746878,484,24,2,4,30,463,11,3,9,23,514,486,58,44,76,37
1,1000,40,5.13,10.3,18,37,20,944,29,13,14,56,7.637448628,88,107,10.76390834,9.525411368,7.155861155,8.119036101,475,14,5,6,25,469,15,8,8,31,500,500,79,28,64,24
7,1000,40,5.13,10.3,18,37,23,952,29,6,13,48,7.606371606,102,109,10.60515941,9.781021027,7.377435328,7.845607676,489,15,3,4,22,463,14,3,9,26,511,489,64,45,73,29
8,1000,40,5.13,10.3,18,37,23,956,17,11,16,44,7.570655965,110,135,11.0211069,10.68833816,6.893152984,8.196043332,465,6,4,5,15,491,11,7,11,29,480,520,104,31,84,26
6,1000,40,5.13,10.3,18,37,24,946,32,13,9,54,7.714792912,102,103,10.58620952,10.02986423,7.281504906,8.182311571,496,14,6,3,23,450,18,7,6,31,519,481,59,44,76,26
3,1000,40,5.13,10.3,18,37,24,957,23,10,10,43,7.724249629,100,108,10.85005022,10.13312695,7.216120502,8.24890328,486,14,6,2,22,471,9,4,8,21,508,492,66,42,74,26
5,1000,40,5.13,10.3,18,37,23,941,36,6,17,59,7.706900639,123,107,10.88259246,10.87245381,7.180685017,8.239468965,474,21,3,5,29,467,15,3,12,30,503,497,76,31,88,35
4,1000,40,5.13,10.3,18,37,24,947,35,5,13,53,7.657365417,110,106,10.77899304,10.14437846,7.367716103,7.963702346,484,24,2,4,30,463,11,3,9,23,514,486,68,38,84,26
2,1000,40,5.13,10.3,18,37,23,965,22,5,8,35,7.499019867,91,128,10.76503274,9.877905134,7.123959026,7.927087164,514,15,3,1,19,451,7,2,7,16,533,467,96,32,64,27
7,1000,40,5.13,10.3,18,37,24,952,30,5,13,48,7.616710133,103,115,10.63973553,9.831350464,7.415649436,7.826816505,488,16,3,4,23,464,14,2,9,25,511,489,82,33,78,25
1,1000,40,5.13,10.3,18,37,21,945,30,12,13,55,7.641456994,106,115,10.80948145,9.601824657,7.16314281,8.119771178,475,15,5,5,25,470,15,7,8,30,500,500,74,41,82,24
8,1000,40,5.13,10.3,18,37,24,958,17,9,16,42,7.573543686,118,104,11.04686863,10.73472016,6.89975707,8.195500561,466,6,3,5,14,492,11,6,11,28,480,520,63,41,93,25
3,1000,40,5.13,10.3,18,37,25,957,22,11,10,43,7.743883792,107,116,10.93019726,10.2121625,7.293275708,8.209145797,486,13,7,2,22,471,9,4,8,21,508,492,75,41,88,19
6,1000,40,5.13,10.3,18,37,25,947,32,13,8,53,7.699936524,101,109,10.62761754,10.06523809,7.29993731,8.131536508,496,14,6,3,23,451,18,7,5,30,519,481,75,34,71,30
5,1000,40,5.13,10.3,18,37,24,939,37,7,17,61,7.760845897,106,112,10.95014415,10.98211303,7.267114949,8.260537379,473,22,3,5,30,466,15,4,12,31,503,497,73,39,75,31
4,1000,40,5.13,10.3,18,37,25,947,34,6,13,53,7.669758773,112,120,10.81133936,10.18316385,7.391830092,7.963699805,484,23,3,4,30,463,11,3,9,23,514,486,77,43,84,28
2,1000,40,5.13,10.3,18,37,24,965,22,5,8,35,7.526111827,84,118,10.83943917,9.968470386,7.170055024,7.932489291,514,15,3,1,19,451,7,2,7,16,533,467,77,41,62,22
7,1000,40,5.13,10.3,18,37,25,954,27,6,13,46,7.594246334,105,95,10.6832168,9.856634205,7.407818631,7.789061377,488,15,4,4,23,466,12,2,9,23,511,489,62,33,80,25
1,1000,40,5.13,10.3,18,37,22,945,30,12,13,55,7.626016039,113,107,10.84872261,9.658476899,7.179417948,8.07261413,475,15,5,5,25,470,15,7,8,30,500,500,73,34,91,22
8,1000,40,5.13,10.3,18,37,25,960,16,10,14,40,7.580054504,121,133,11.09569241,10.81502891,6.955410381,8.15664908,466,6,3,5,14,494,10,7,9,26,480,520,99,34,96,25
6,1000,40,5.13,10.3,18,37,26,947,33,12,8,53,7.713428,106,125,10.67858151,10.11593801,7.32883888,8.128400459,495,15,6,3,24,452,18,6,5,29,519,481,84,41,82,24
3,1000,40,5.13,10.3,18,37,26,959,20,11,10,41,7.714071766,122,109,10.99790255,10.3035546,7.2972964,8.144400803,486,13,7,2,22,473,7,4,8,19,508,492,82,27,89,33
4,1000,40,5.13,10.3,18,37,26,949,34,5,12,51,7.677859138,109,125,10.86107716,10.27034608,7.397010758,7.974888083,484,24,3,3,30,465,10,2,9,21,514,486,78,47,85,24
5,1000,40,5.13,10.3,18,37,25,940,36,7,17,60,7.777626102,111,97,10.97457343,11.05586371,7.320871998,8.23989434,474,21,3,5,29,466,15,4,12,31,503,497,69,28,81,30
2,1000,40,5.13,10.3,18,37,25,966,20,6,8,34,7.550357455,109,124,10.88462075,10.0310137,7.230922617,7.914937259,514,14,4,1,19,452,6,2,7,15,533,467,81,43,80,29
7,1000,40,5.13,10.3,18,37,26,956,25,6,13,44,7.594024956,95,116,10.73545084,9.908588217,7.433468802,7.761804496,489,14,4,4,22,467,11,2,9,22,511,489,75,41,73,22
1,1000,40,5.13,10.3,18,37,23,945,30,12,13,55,7.631471418,117,109,10.91332545,9.727612542,7.198200783,8.064742053,475,15,5,5,25,470,15,7,8,30,500,500,75,34,87,30
8,1000,40,5.13,10.3,18,37,26,959,17,11,13,41,7.603828474,130,106,11.17027438,10.89055135,6.998454732,8.162635005,465,7,4,4,15,494,10,7,9,26,480,520,74,32,96,34
3,1000,40,5.13,10.3,18,37,27,959,20,11,10,41,7.729169352,119,126,11.03449969,10.33875486,7.307971829,8.164064355,486,14,6,2,22,473,6,5,8,19,508,492,84,42,86,33
6,1000,40,5.13,10.3,18,37,27,949,31,13,7,51,7.715892983,101,116,10.6791927,10.16462272,7.361624331,8.098149595,495,15,6,3,24,454,16,7,4,27,519,481,76,40,83,18
4,1000,40,5.13,10.3,18,37,27,947,35,7,11,53,7.697295768,112,119,10.89794681,10.31425663,7.461535097,7.946639359,483,23,5,3,31,464,12,2,8,22,514,486,73,46,85,27
5,1000,40,5.13,10.3,18,37,26,941,34,8,17,59,7.761132762,122,110,11.0345443,11.14326677,7.323378232,8.204172054,476,18,4,5,27,465,16,4,12,32,503,497,83,27,88,34
2,1000,40,5.13,10.3,18,37,26,966,20,6,8,34,7.581968357,119,114,10.94535115,10.10555171,7.310199819,7.892145297,514,14,4,1,19,452,6,2,7,15,533,467,76,38,91,28
7,1000,40,5.13,10.3,18,37,27,956,26,5,13,44,7.628618458,109,116,10.78868858,9.960203014,7.478833704,7.785141993,488,15,4,4,23,468,11,1,9,21,511,489,73,43,85,24
1,1000,40,5.13,10.3,18,37,24,946,29,12,13,54,7.647686213,99,118,10.98996986,9.814063882,7.259048949,8.036323476,476,14,5,5,24,470,15,7,8,30,500,500,76,42,63,36
8,1000,40,5.13,10.3,18,37,27,962,16,9,13,38,7.592989442,116,102,11.22140324,10.9625513,7.021257267,8.120742218,466,6,4,4,14,496,10,5,9,24,480,520,74,28,95,21
3,1000,40,5.13,10.3,18,37,28,959,20,11,10,41,7.720916233,125,104,11.14255137,10.42625806,7.335798604,8.118558014,486,14,6,2,22,473,6,5,8,19,508,492,69,35,93,32
6,1000,40,5.13,10.3,18,37,28,948,31,14,7,52,7.76483679,113,111,10.73401485,10.21816467,7.4176813,8.139418285,495,14,7,3,24,453,17,7,4,28,519,481,62,49,83,30
4,1000,40,5.13,10.3,18,37,28,947,35,7,11,53,7.700259865,113,114,10.92709277,10.38473949,7.469682616,7.9441214,483,23,5,3,31,464,12,2,8,22,514,486,74,40,83,30
5,1000,40,5.13,10.3,18,37,27,940,36,7,17,60,7.775230182,123,115,11.10798382,11.23520361,7.380778616,8.174443739,474,20,4,5,29,466,16,3,12,31,503,497,75,40,101,22
2,1000,40,5.13,10.3,18,37,27,965,21,6,8,35,7.58516975,116,105,11.02929765,10.17672689,7.372417116,7.827990208,513,15,4,1,20,452,6,2,7,15,533,467,67,38,88,28
7,1000,40,5.13,10.3,18,37,28,955,27,5,13,45,7.63660598,100,106,10.83281876,10.01431009,7.481545055,7.798643061,488,15,4,4,23,467,12,1,9,22,511,489,70,36,77,23
8,1000,40,5.13,10.3,18,37,28,960,18,9,13,40,7.619136334,105,120,11.33110521,11.08280113,7.02178085,8.170541396,466,6,4,4,14,494,12,5,9,26,480,520,87,33,82,23
1,1000,40,5.13,10.3,18,37,25,947,30,12,11,53,7.663006068,111,98,11.05654096,9.877362138,7.306022281,8.019989854,477,13,5,5,23,470,17,7,6,30,500,500,64,34,89,22
3,1000,40,5.13,10.3,18,37,29,957,21,12,10,43,7.705570391,121,115,11.17287169,10.49115255,7.338853018,8.084213532,486,14,6,2,22,471,7,6,8,21,508,492,74,41,89,32
6,1000,40,5.13,10.3,18,37,29,950,30,13,7,50,7.767249566,97,111,10.77025767,10.28536147,7.461821841,8.096806716,495,14,7,3,24,455,16,6,4,26,519,481,74,37,74,23
4,1000,40,5.13,10.3,18,37,29,947,34,8,11,53,7.738637815,106,118,10.95952043,10.44608057,7.515945394,7.974160251,483,23,5,3,31,464,11,3,8,22,514,486,77,41,86,20
5,1000,40,5.13,10.3,18,37,28,941,34,8,17,59,7.770138106,110,117,11.19635541,11.34321505,7.457358786,8.086693433,474,19,5,5,29,467,15,3,12,30,503,497,78,39,85,25
2,1000,40,5.13,10.3,18,37,28,965,21,6,8,35,7.585302223,102,123,11.09905968,10.23804728,7.414210252,7.780574216,513,15,4,1,20,452,6,2,7,15,533,467,80,43,76,26
7,1000,40,5.13,10.3,18,37,29,956,25,6,13,44,7.644062059,96,98,10.88566347,10.08411857,7.501478103,7.793060835,488,14,5,4,23,468,11,1,9,21,511,489,69,29,77,19
8,1000,40,5.13,10.3,18,37,29,960,18,9,13,40,7.658774712,118,122,11.45134779,11.19040379,7.075049951,8.197597568,466,6,4,4,14,494,12,5,9,26,480,520,90,32,92,26
3,1000,40,5.13,10.3,18,37,30,956,22,11,11,44,7.775633544,117,122,11.23151282,10.58423182,7.426587019,8.136031175,485,15,6,2,23,471,7,5,9,21,508,492,88,34,87,30
6,1000,40,5.13,10.3,18,37,30,950,30,12,8,50,7.758542394,115,111,10.83030527,10.343614,7.462944834,8.077492776,495,14,6,4,24,455,16,6,4,26,519,481,81,30,80,35
1,1000,40,5.13,10.3,18,37,26,947,31,11,11,53,7.735363222,112,138,11.10149012,9.909253021,7.395840531,8.074885913,476,14,5,5,24,471,17,6,6,29,500,500,98,40,82,30
4,1000,40,5.13,10.3,18,37,30,948,34,8,10,52,7.742602097,95,115,11.01669118,10.51758594,7.612013519,7.880714297,481,25,5,3,33,467,9,3,7,19,514,486,82,33,79,16
5,1000,40,5.13,10.3,18,37,29,941,34,8,17,59,7.755666189,121,131,11.2854321,11.45038777,7.453944623,8.061030269,474,19,5,5,29,467,15,3,12,30,503,497,82,49,89,32
2,1000,40,5.13,10.3,18,37,29,964,22,6,8,36,7.601093097,122,106,11.19067244,10.33501435,7.432118372,7.793948618,513,15,4,1,20,451,7,2,7,16,533,467,73,33,101,21
7,1000,40,5.13,10.3,18,37,30,958,24,6,12,42,7.636627157,102,107,10.93636619,10.15212045,7.531804309,7.746165961,489,13,5,4,22,469,11,1,8,20,511,489,53,54,72,30
8,1000,40,5.13,10.3,18,37,30,962,17,9,12,38,7.716673003,139,135,11.56205154,11.30947664,7.166426604,8.224592756,466,6,4,4,14,496,11,5,8,24,480,520,103,32,110,29
3,1000,40,5.13,10.3,18,37,31,955,23,11,11,45,7.78218869,117,122,11.28897342,10.65253535,7.450432231,8.124733977,485,15,6,2,23,470,8,5,9,22,508,492,97,25,92,25
6,1000,40,5.13,10.3,18,37,31,949,31,12,8,51,7.770205727,109,104,10.89331539,10.43207957,7.489602006,8.072977725,494,15,6,4,25,455,16,6,4,26,519,481,70,34,80,29
4,1000,40,5.13,10.3,18,37,31,949,35,8,8,51,7.757129442,110,110,11.06372173,10.5646413,7.647379214,7.873202727,482,24,5,3,32,467,11,3,5,19,514,486,77,33,86,24
1,1000,40,5.13,10.3,18,37,27,948,30,12,10,52,7.723755791,108,127,11.16821342,9.975545701,7.436011733,8.011499849,476,14,5,5,24,472,16,7,5,28,500,500,90,37,84,24
5,1000,40,5.13,10.3,18,37,30,942,33,8,17,58,7.754770925,104,109,11.37108521,11.54745653,7.504196228,8.008370668,474,19,5,5,29,468,14,3,12,29,503,497,71,38,88,16
7,1000,40,5.13,10.3,18,37,31,957,24,8,11,43,7.691302189,107,124,10.96132259,10.2131129,7.641257118,7.743598777,489,12,6,4,22,468,12,2,7,21,511,489,88,36,86,21
2,1000,40,5.13,10.3,18,37,30,964,22,5,9,36,7.644054216,101,103,11.25119752,10.41783397,7.509252527,7.797907109,513,15,3,2,20,451,7,2,7,16,533,467,64,39,80,21
8,1000,40,5.13,10.3,18,37,31,960,19,9,12,40,7.702241153,115,134,11.65273695,11.43093193,7.18164983,8.182786989,464,8,4,4,16,496,11,5,8,24,480,520,95,39,93,22
3,1000,40,5.13,10.3,18,37,32,956,23,11,10,44,7.775490777,114,108,11.37428239,10.74056909,7.460961918,8.100248216,485,15,6,2,23,471,8,5,8,21,508,492,70,38,85,29
6,1000,40,5.13,10.3,18,37,32,948,32,12,8,52,7.782492205,123,122,10.92507422,10.47253087,7.525938476,8.059314212,494,15,6,4,25,454,17,6,4,27,519,481,81,41,100,23
4,1000,40,5.13,10.3,18,37,32,950,36,7,7,50,7.748289506,132,113,11.11743814,10.62452415,7.690774591,7.809118038,482,24,5,3,32,468,12,2,4,18,514,486,87,26,106,26
5,1000,40,5.13,10.3,18,37,31,942,33,8,17,58,7.788781601,118,107,11.40682192,11.59844522,7.521497552,8.059292418,474,19,5,5,29,468,14,3,12,29,503,497,76,31,102,16
1,1000,40,5.13,10.3,18,37,28,948,30,11,11,52,7.728697355,99,126,11.20701249,10.01877098,7.474277131,7.983117579,476,14,5,5,24,472,16,6,6,28,500,500,92,34,87,12
7,1000,40,5.13,10.3,18,37,32,957,24,8,11,43,7.697866584,113,133,11.00287137,10.27158142,7.676053078,7.720661476,488,13,6,4,23,469,11,2,7,20,511,489,96,37,96,17
2,1000,40,5.13,10.3,18,37,31,964,22,5,9,36,7.689414456,111,128,11.30267442,10.47654212,7.568087174,7.827888635,513,15,3,2,20,451,7,2,7,16,533,467,80,48,85,26
8,1000,40,5.13,10.3,18,37,32,961,18,9,12,39,7.726190446,112,113,11.76347702,11.54735227,7.243019651,8.172194256,464,8,4,4,16,497,10,5,8,23,480,520,81,32,97,15
3,1000,40,5.13,10.3,18,37,33,956,23,11,10,44,7.79027855,119,126,11.44207013,10.80061501,7.489833437,8.100494237,486,14,6,2,22,470,9,5,8,22,508,492,87,39,89,30
6,1000,40,5.13,10.3,18,37,33,950,32,10,8,50,7.801992299,103,115,10.97436869,10.54973158,7.594588017,8.02578195,494,15,6,4,25,456,17,4,4,25,519,481,78,37,80,23
4,1000,40,5.13,10.3,18,37,33,949,38,7,6,51,7.740642908,114,111,11.16646585,10.71044874,7.720121842,7.762346258,481,25,5,3,33,468,13,2,3,18,514,486,84,27,79,35
5,1000,40,5.13,10.3,18,37,32,943,33,8,16,57,7.797687877,122,125,11.4738018,11.66408367,7.555616183,8.042681965,474,19,5,5,29,469,14,3,11,28,503,497,82,43,97,25
1,1000,40,5.13,10.3,18,37,29,948,30,11,11,52,7.72899138,95,119,11.2590418,10.07508053,7.521301061,7.936681698,476,14,5,5,24,472,16,6,6,28,500,500,82,37,80,15
7,1000,40,5.13,10.3,18,37,33,957,25,7,11,43,7.719998586,122,113,11.0636328,10.35468611,7.682804635,7.758865884,489,13,5,4,22,468,12,2,7,21,511,489,80,33,94,28
2,1000,40,5.13,10.3,18,37,32,963,23,5,9,37,7.701318621,99,127,11.39470667,10.58920946,7.606317185,7.809746384,512,16,3,2,21,451,7,2,7,16,533,467,85,42,80,19
3,1000,40,5.13,10.3,18,37,34,955,24,12,9,45,7.816257375,115,104,11.54486842,10.90631008,7.539727251,8.101780349,486,14,6,2,22,469,10,6,7,23,508,492,79,25,97,18
8,1000,40,5.13,10.3,18,37,33,962,18,8,12,38,7.720082034,144,121,11.83180846,11.65407298,7.298999025,8.108774043,464,8,4,4,16,498,10,4,8,22,480,520,86,35,113,31
6,1000,40,5.13,10.3,18,37,34,950,32,10,8,50,7.839197111,93,120,11.06128455,10.66309816,7.642531294,8.051399936,494,15,6,4,25,456,17,4,4,25,519,481,84,36,69,24
4,1000,40,5.13,10.3,18,37,34,948,39,7,6,52,7.7806383,110,110,11.17460751,10.73003695,7.753033572,7.809833423,480,26,5,3,34,468,13,2,3,18,514,486,72,38,79,31
5,1000,40,5.13,10.3,18,37,33,943,31,10,16,57,7.821465808,125,125,11.52420988,11.76195161,7.591726601,8.053978526,474,18,6,5,29,469,13,4,11,28,503,497,85,40,104,21
7,1000,40,5.13,10.3,18,37,34,958,24,7,11,42,7.716914858,113,110,11.12465851,10.43402122,7.68620147,7.749010035,489,12,5,5,22,469,12,2,6,20,511,489,78,32,81,32
1,1000,40,5.13,10.3,18,37,30,947,30,13,10,53,7.730415517,101,130,11.35263756,10.18235705,7.562332039,7.898498996,476,13,6,5,24,471,17,7,5,29,500,500,97,33,75,26
2,1000,40,5.13,10.3,18,37,33,963,23,5,9,37,7.712074577,115,115,11.43823749,10.60514751,7.659988053,7.771522365,511,17,3,2,22,452,6,2,7,15,533,467,81,34,84,31
3,1000,40,5.13,10.3,18,37,35,954,25,12,9,46,7.862961641,126,121,11.68300989,11.01267091,7.627620557,8.105956094,485,15,6,2,23,469,10,6,7,23,508,492,93,28,95,31
8,1000,40,5.13,10.3,18,37,34,963,17,8,12,37,7.728286811,116,117,11.96697736,11.81170462,7.339057839,8.087575092,464,8,3,5,16,499,9,5,7,21,480,520,78,39,88,28
6,1000,40,5.13,10.3,18,37,35,951,33,9,7,49,7.831545651,112,116,11.12210483,10.73437581,7.6899267,7.984352795,493,16,6,4,26,458,17,3,3,23,519,481,73,43,89,23
4,1000,40,5.13,10.3,18,37,35,948,39,7,6,52,7.783000184,117,113,11.22611074,10.77169243,7.788662879,7.777011242,480,26,5,3,34,468,13,2,3,18,514,486,78,35,93,24
5,1000,40,5.13,10.3,18,37,34,941,33,10,16,59,7.853861862,116,114,11.59153725,11.85240011,7.653966583,8.056170364,472,20,6,5,31,469,13,4,11,28,503,497,80,34,103,13
7,1000,40,5.13,10.3,18,37,35,958,24,7,11,42,7.736067161,99,121,11.18609871,10.51678815,7.698884164,7.774923014,489,12,5,5,22,469,12,2,6,20,511,489,87,34,75,24
2,1000,40,5.13,10.3,18,37,34,963,23,5,9,37,7.731435611,128,148,11.50624384,10.69044883,7.686015073,7.783275326,512,16,3,2,21,451,7,2,7,16,533,467,99,49,101,27
1,1000,40,5.13,10.3,18,37,31,950,28,12,10,50,7.74289259,124,122,11.44530426,10.23965649,7.581379186,7.904405994,477,12,6,5,23,473,16,6,5,27,500,500,77,45,96,28
3,1000,40,5.13,10.3,18,37,36,954,25,12,9,46,7.857393257,118,113,11.85955479,11.19297604,7.634790052,8.087235591,485,15,6,2,23,469,10,6,7,23,508,492,70,43,89,29
6,1000,40,5.13,10.3,18,37,36,951,33,9,7,49,7.855461792,108,100,11.20279296,10.85868973,7.725582396,7.99560193,493,16,6,4,26,458,17,3,3,23,519,481,71,29,85,23
4,1000,40,5.13,10.3,18,37,36,948,39,7,6,52,7.832781011,110,105,11.27657638,10.86075246,7.879055121,7.783840904,479,27,5,3,35,469,12,2,3,17,514,486,74,31,82,28
8,1000,40,5.13,10.3,18,37,35,962,19,8,11,38,7.754382578,117,132,12.02627075,11.90280197,7.40014091,8.081374887,464,8,3,5,16,498,11,5,6,22,480,520,102,30,96,21
7,1000,40,5.13,10.3,18,37,36,957,26,7,10,43,7.755952721,99,138,11.22347518,10.57501444,7.744420269,7.768004015,489,13,5,4,22,468,13,2,6,21,511,489,99,39,81,18
5,1000,40,5.13,10.3,18,37,35,942,32,10,16,58,7.854827397,122,125,11.702451,11.98874708,7.68469681,8.027011875,472,20,6,5,31,470,12,4,11,27,503,497,89,36,106,16
3,1000,40,5.13,10.3,18,37,37,955,24,12,9,45,7.840036948,110,136,12.02165991,11.35068309,7.640287473,8.046282342,485,15,6,2,23,470,9,6,7,22,508,492,93,43,87,23
6,1000,40,5.13,10.3,18,37,37,955,30,8,7,45,7.82624001,115,107,11.26615339,10.94775201,7.707707979,7.954136317,495,14,6,4,24,460,16,2,3,21,519,481,75,32,84,31
1,1000,40,5.13,10.3,18,37,32,950,30,11,9,50,7.754907575,110,125,11.50868359,10.3208295,7.591405095,7.918410054,478,12,5,5,22,472,18,6,4,28,500,500,92,33,85,25
2,1000,40,5.13,10.3,18,37,35,964,24,3,9,36,7.746880996,108,122,11.54802536,10.74595137,7.758226747,7.733931776,511,17,3,2,22,453,7,0,7,14,533,467,87,35,83,25
4,1000,40,5.13,10.3,18,37,37,948,39,7,6,52,7.828176349,104,114,11.34169553,10.9052553,7.928309886,7.722273801,479,27,5,3,35,469,12,2,3,17,514,486,79,35,90,14
8,1000,40,5.13,10.3,18,37,36,961,20,8,11,39,7.770653323,131,137,12.05758091,11.9985332,7.42558338,8.089179424,463,9,3,5,17,498,11,5,6,22,480,520,90,47,106,25
7,1000,40,5.13,10.3,18,37,37,959,25,6,10,41,7.781200929,111,112,11.29976086,10.66725389,7.780236961,7.782208265,489,13,5,4,22,470,12,1,6,19,511,489,78,34,82,29
5,1000,40,5.13,10.3,18,37,36,942,33,10,15,58,7.878177406,122,131,11.81427579,12.1443158,7.733851329,8.024245849,472,20,6,5,31,470,13,4,10,27,503,497,97,34,98,24
3,1000,40,5.13,10.3,18,37,38,953,26,13,8,47,7.855898097,111,125,12.11647505,11.46750326,7.692008526,8.02511741,483,16,7,2,25,470,10,6,6,22,508,492,95,30,90,21
6,1000,40,5.13,10.3,18,37,38,956,29,8,7,44,7.825809659,118,129,11.35394935,11.02930835,7.72169306,7.938151686,495,14,6,4,24,461,15,2,3,20,519,481,96,33,96,22
4,1000,40,5.13,10.3,18,37,38,949,38,7,6,51,7.826725357,101,125,11.40457471,10.99689916,7.922192402,7.725758154,480,26,5,3,34,469,12,2,3,17,514,486,80,45,84,17
2,1000,40,5.13,10.3,18,37,36,963,25,3,9,37,7.759976729,118,117,11.59591155,10.83470394,7.805254794,7.708299623,510,18,3,2,23,453,7,0,7,14,533,467,80,37,99,19
8,1000,40,5.13,10.3,18,37,37,961,20,8,11,39,7.820307832,136,133,12.13817111,12.12396225,7.498899156,8.116992763,463,9,3,5,17,498,11,5,6,22,480,520,106,27,105,31
1,1000,40,5.13,10.3,18,37,33,950,30,11,9,50,7.779507093,111,131,11.57611495,10.41193508,7.619187737,7.939826449,478,12,5,5,22,472,18,6,4,28,500,500,95,36,87,24
7,1000,40,5.13,10.3,18,37,38,959,25,6,10,41,7.803690112,103,148,11.35792826,10.75233357,7.821188748,7.785404215,489,13,5,4,22,470,12,1,6,19,511,489,99,49,82,21
5,1000,40,5.13,10.3,18,37,37,942,33,10,15,58,7.906258236,113,138,11.89402323,12.2613105,7.756435337,8.057889864,472,20,6,5,31,470,13,4,10,27,503,497,101,37,88,25
3,1000,40,5.13,10.3,18,37,39,953,25,14,8,47,7.89951288,110,139,12.19808634,11.58897423,7.686693092,8.119253637,484,15,7,2,24,469,10,7,6,23,508,492,95,44,91,19
6,1000,40,5.13,10.3,18,37,39,957,28,9,6,43,7.863267464,113,120,11.44533041,11.12648917,7.771776124,7.96198681,495,14,6,4,24,462,14,3,2,19,519,481,87,33,94,19
4,1000,40,5.13,10.3,18,37,39,948,39,7,6,52,7.831912018,118,116,11.47641698,11.06843534,7.955573446,7.701126064,479,27,5,3,35,469,12,2,3,17,514,486,77,39,96,22
8,1000,40,5.13,10.3,18,37,38,960,21,8,11,40,7.857374654,114,128,12.23760747,12.24124451,7.551023534,8.140160303,462,10,3,5,18,498,11,5,6,22,480,520,90,38,93,21
2,1000,40,5.13,10.3,18,37,37,963,26,3,8,37,7.798410288,122,133,11.68270644,10.91330011,7.870483063,7.71615164,510,18,2,3,23,453,8,1,5,14,533,467,94,39,96,26
1,1000,40,5.13,10.3,18,37,34,951,29,11,9,49,7.803601963,110,119,11.65812419,10.50841429,7.681750517,7.925453409,478,12,5,5,22,473,17,6,4,27,500,500,83,36,86,24
7,1000,40,5.13,10.3,18,37,39,958,27,6,9,42,7.813798263,99,114,11.43953163,10.85140008,7.851081608,7.774837549,488,14,5,4,23,470,13,1,5,19,511,489,78,36,81,18
5,1000,40,5.13,10.3,18,37,38,943,32,10,15,57,7.951327029,120,115,11.96157323,12.35876027,7.810889734,8.093459743,472,20,6,5,31,471,12,4,10,26,503,497,88,27,100,20
3,1000,40,5.13,10.3,18,37,40,953,25,14,8,47,7.883038412,129,119,12.33215689,11.69545371,7.702020157,8.06994344,484,15,7,2,24,469,10,7,6,23,508,492,85,34,103,26
6,1000,40,5.13,10.3,18,37,40,957,28,8,7,43,7.867296506,124,120,11.51822246,11.24509345,7.789946029,7.950757831,495,14,5,5,24,462,14,3,2,19,519,481,86,34,93,31
4,1000,40,5.13,10.3,18,37,40,947,40,7,6,53,7.856699271,117,113,11.51356134,11.14769139,7.980380807,7.725892049,479,27,5,3,35,468,13,2,3,18,514,486,83,30,89,28
8,1000,40,5.13,10.3,18,37,39,960,21,8,11,40,7.84688595,137,120,12.33652556,12.32365752,7.586812133,8.086954089,462,10,3,5,18,498,11,5,6,22,480,520,83,37,111,26
2,1000,40,5.13,10.3,18,37,38,964,27,2,7,36,7.826488891,94,124,11.76681989,11.01946083,7.905243835,7.736603699,511,18,1,3,22,453,9,1,4,14,533,467,93,31,78,16
1,1000,40,5.13,10.3,18,37,35,952,28,11,9,48,7.804697769,119,129,11.76584175,10.60402051,7.730890007,7.87850553,477,13,5,5,23,475,15,6,4,25,500,500,95,34,98,21
7,1000,40,5.13,10.3,18,37,40,959,27,4,10,41,7.838665398,107,128,11.51617311,10.92681122,7.910697609,7.763392474,489,14,4,4,22,470,13,0,6,19,511,489,89,39,81,26
5,1000,40,5.13,10.3,18,37,39,945,30,10,15,55,7.984017308,122,128,12.00102923,12.41783773,7.856570353,8.113002859,472,19,7,5,31,473,11,3,10,24,503,497,95,33,93,29
3,1000,40,5.13,10.3,18,37,41,954,25,14,7,46,7.889962771,133,150,12.4502372,11.7630924,7.739082262,8.045749963,484,15,7,2,24,470,10,7,5,22,508,492,109,41,108,25
6,1000,40,5.13,10.3,18,37,41,956,28,9,7,44,7.908849214,118,127,11.5951426,11.33959743,7.865519388,7.955602186,494,14,6,5,25,462,14,3,2,19,519,481,88,39,100,18
4,1000,40,5.13,10.3,18,37,41,946,40,8,6,54,7.890133565,140,128,11.58685395,11.22682781,8.032964274,7.739073927,479,27,5,3,35,467,13,3,3,19,514,486,92,36,114,26
8,1000,40,5.13,10.3,18,37,40,961,21,8,10,39,7.82028426,122,113,12.41517139,12.39548041,7.581608979,8.040599904,462,10,3,5,18,499,11,5,5,21,480,520,85,28,105,17
2,1000,40,5.13,10.3,18,37,39,965,26,2,7,35,7.827797539,116,111,11.83508303,11.0796404,7.907046972,7.737347972,511,18,1,3,22,454,8,1,4,13,533,467,79,32,86,30
7,1000,40,5.13,10.3,18,37,41,959,27,4,10,41,7.870265756,116,132,11.61504755,11.03938072,7.95972788,7.776778751,489,14,4,4,22,470,13,0,6,19,511,489,82,50,96,20
1,1000,40,5.13,10.3,18,37,36,953,27,11,9,47,7.787342347,113,121,11.81994714,10.67085981,7.762226781,7.812457913,477,13,5,5,23,476,14,6,4,24,500,500,91,30,89,24
3,1000,40,5.13,10.3,18,37,42,953,26,14,7,47,7.894193713,115,132,12.62416126,11.91781914,7.752414191,8.04058395,483,16,7,2,25,470,10,7,5,22,508,492,92,40,95,20
5,1000,40,5.13,10.3,18,37,40,946,29,10,15,54,7.994494111,121,134,12.03228582,12.50088638,7.862629684,8.127950462,472,19,7,5,31,474,10,3,10,23,503,497,106,28,95,26
6,1000,40,5.13,10.3,18,37,42,955,29,9,7,45,7.947421657,109,124,11.63851943,11.43306335,7.916130196,7.981185209,492,16,6,5,27,463,13,3,2,18,519,481,98,26,80,29
4,1000,40,5.13,10.3,18,37,42,947,40,7,6,53,7.876642552,114,102,11.67583096,11.32018558,8.023743513,7.721066639,479,27,5,3,35,468,13,2,3,18,514,486,82,20,85,29
8,1000,40,5.13,10.3,18,37,41,962,20,8,10,38,7.846510069,133,137,12.45545078,12.48136436,7.649098875,8.028735787,462,10,3,5,18,500,10,5,5,20,480,520,108,29,114,19
2,1000,40,5.13,10.3,18,37,40,964,27,3,6,36,7.837151342,110,125,11.91909411,11.1502876,7.942694125,7.716692449,511,18,1,3,22,453,9,2,3,14,533,467,93,32,85,25
7,1000,40,5.13,10.3,18,37,42,957,29,4,10,43,7.898659708,110,125,11.68586392,11.08420757,8.034507518,7.756700136,487,16,4,4,24,470,13,0,6,19,511,489,83,42,90,20
1,1000,40,5.13,10.3,18,37,37,954,25,12,9,46,7.829113847,110,138,11.89312976,10.76623498,7.819268134,7.838959559,478,12,5,5,22,476,13,7,4,24,500,500,96,42,92,18
3,1000,40,5.13,10.3,18,37,43,953,26,14,7,47,7.865753143,121,136,12.78016333,12.07523858,7.751562747,7.983657047,483,16,7,2,25,470,10,7,5,22,508,492,97,39,95,26
5,1000,40,5.13,10.3,18,37,41,945,30,10,15,55,7.993944445,134,125,12.1694734,12.66961167,7.864157293,8.125298445,471,20,7,5,32,474,10,3,10,23,503,497,85,40,110,24
6,1000,40,5.13,10.3,18,37,43,955,29,9,7,45,7.977042484,113,116,11.76322732,11.57942096,7.988511276,7.964667635,492,16,6,5,27,463,13,3,2,18,519,481,79,37,98,15
4,1000,40,5.13,10.3,18,37,43,947,40,6,7,53,7.903817136,118,123,11.75715635,11.39767193,8.040094407,7.759688499,479,27,5,3,35,468,13,1,4,18,514,486,89,34,101,17
8,1000,40,5.13,10.3,18,37,42,962,20,8,10,38,7.82800762,125,117,12.55008464,12.59254589,7.668276957,7.975451309,462,10,3,5,18,500,10,5,5,20,480,520,93,24,109,16
2,1000,40,5.13,10.3,18,37,41,965,24,5,6,35,7.890539295,115,123,11.97782208,11.19709616,8.06941064,7.686388488,511,16,3,3,22,454,8,2,3,13,533,467,91,32,92,23
7,1000,40,5.13,10.3,18,37,43,956,30,4,10,44,7.911507093,122,146,11.75946569,11.15858768,8.081542463,7.73382187,487,16,4,4,24,469,14,0,6,20,511,489,107,39,99,23
3,1000,40,5.13,10.3,18,37,44,953,24,16,7,47,7.889285775,126,130,12.90184586,12.2401524,7.820899775,7.959895711,483,14,9,2,25,470,10,7,5,22,508,492,101,29,104,22
6,1000,40,5.13,10.3,18,37,44,955,29,9,7,45,7.964443583,131,123,11.8762036,11.70661311,7.996254276,7.930119778,493,15,6,5,26,462,14,3,2,19,519,481,86,37,108,23
1,1000,40,5.13,10.3,18,37,38,951,28,12,9,49,7.837866928,115,132,11.97786823,10.84645023,7.834004802,7.841729054,476,14,5,5,24,475,14,7,4,25,500,500,92,40,91,24
5,1000,40,5.13,10.3,18,37,42,944,32,10,14,56,7.983741899,140,137,12.25656886,12.82836122,7.882240249,8.086468922,470,21,7,5,33,474,11,3,9,23,503,497,102,35,109,31
4,1000,40,5.13,10.3,18,37,44,947,40,6,7,53,7.954754318,112,116,11.80193956,11.48412908,8.120575039,7.779380139,479,27,5,3,35,468,13,1,4,18,514,486,82,34,93,19
8,1000,40,5.13,10.3,18,37,43,963,20,7,10,37,7.802932571,143,131,12.69261632,12.75780613,7.678680511,7.91762678,462,10,3,5,18,501,10,4,5,19,480,520,100,31,109,34
2,1000,40,5.13,10.3,18,37,42,963,26,5,6,37,7.919539683,109,122,12.0966555,11.35668591,8.09653623,7.717528634,511,16,3,3,22,452,10,2,3,15,533,467,95,27,80,29
7,1000,40,5.13,10.3,18,37,44,957,28,5,10,43,7.92573978,130,128,11.852318,11.29946404,8.100449529,7.743169879,487,15,5,4,24,470,13,0,6,19,511,489,92,36,101,29
3,1000,40,5.13,10.3,18,37,45,953,25,15,7,47,7.890773322,141,144,13.0592019,12.38730576,7.837362818,7.945920753,482,15,9,2,26,471,10,6,5,21,508,492,109,35,118,23
6,1000,40,5.13,10.3,18,37,45,956,29,9,6,44,7.986451913,120,127,12.02016915,11.85439144,8.056219852,7.911172162,492,16,6,5,27,464,13,3,1,17,519,481,94,33,102,18
5,1000,40,5.13,10.3,18,37,43,946,30,10,14,54,7.957934633,137,115,12.327635,12.93672598,7.912988421,8.003423454,470,21,7,5,33,476,9,3,9,21,503,497,89,26,111,26
4,1000,40,5.13,10.3,18,37,45,946,41,6,7,54,7.969158216,136,120,11.8765515,11.60195402,8.13690421,7.791747844,479,27,5,3,35,467,14,1,4,19,514,486,89,31,104,32
1,1000,40,5.13,10.3,18,37,39,952,27,12,9,48,7.836712698,120,142,12.02470022,10.9023511,7.836995641,7.836429756,476,14,5,5,24,476,13,7,4,24,500,500,105,37,99,21
8,1000,40,5.13,10.3,18,37,44,962,21,8,9,38,7.837257092,144,125,12.83361401,12.93937051,7.745309708,7.9221316,462,10,3,5,18,500,11,5,4,20,480,520,95,30,116,28
2,1000,40,5.13,10.3,18,37,43,962,27,5,6,38,7.957153837,121,124,12.18588503,11.46936617,8.159230445,7.726518221,511,16,3,3,22,451,11,2,3,16,533,467,93,31,98,23
7,1000,40,5.13,10.3,18,37,45,957,28,5,10,43,7.929389758,123,119,11.96751053,11.4017097,8.132797737,7.716830501,487,15,5,4,24,470,13,0,6,19,511,489,93,26,103,20
3,1000,40,5.13,10.3,18,37,46,953,25,15,7,47,7.912043604,116,140,13.17859884,12.52264328,7.856547981,7.969343963,482,15,9,2,26,471,10,6,5,21,508,492,106,34,95,21
6,1000,40,5.13,10.3,18,37,46,955,30,8,7,45,7.953782615,129,126,12.13383441,12.00587241,8.083269656,7.814065829,492,16,6,5,27,463,14,2,2,18,519,481,96,30,112,17
4,1000,40,5.13,10.3,18,37,46,946,41,6,7,54,8.027178182,121,131,11.96230113,11.7063114,8.210523709,7.833269539,479,27,5,3,35,467,14,1,4,19,514,486,91,40,103,18
5,1000,40,5.13,10.3,18,37,44,947,30,10,13,53,7.948634134,144,117,12.462369,13.13647572,7.98787641,7.908918109,470,21,7,5,33,477,9,3,8,20,503,497,87,30,114,30
8,1000,40,5.13,10.3,18,37,45,962,20,9,9,38,7.882177466,120,121,12.95704189,13.07932151,7.833978595,7.926668731,462,9,4,5,18,500,11,5,4,20,480,520,86,35,101,19
1,1000,40,5.13,10.3,18,37,40,951,27,12,10,49,7.883080867,116,128,12.13242038,11.00496186,7.899458452,7.866703282,476,14,4,6,24,475,13,8,4,25,500,500,94,34,92,24
2,1000,40,5.13,10.3,18,37,44,960,29,5,6,40,7.960662571,124,128,12.28660517,11.58457948,8.217025989,7.668067921,510,17,3,3,23,450,12,2,3,17,533,467,99,29,97,27
7,1000,40,5.13,10.3,18,37,46,957,27,6,10,43,7.95207389,117,130,12.04022967,11.50627124,8.173676425,7.720501507,487,14,6,4,24,470,13,0,6,19,511,489,92,38,95,22
3,1000,40,5.13,10.3,18,37,47,953,26,14,7,47,7.903937353,132,124,13.38920377,12.74972955,7.876034608,7.932747504,482,15,9,2,26,471,11,5,5,21,508,492,96,28,107,25
6,1000,40,5.13,10.3,18,37,47,953,31,9,7,47,7.97701476,117,132,12.20314781,12.11320239,8.156145221,7.78373262,490,17,7,5,29,463,14,2,2,18,519,481,93,39,98,19
4,1000,40,5.13,10.3,18,37,47,947,40,6,7,53,8.030099466,106,118,12.01170781,11.77311878,8.258279454,7.788773306,480,26,5,3,34,467,14,1,4,19,514,486,83,35,86,20
5,1000,40,5.13,10.3,18,37,45,946,30,11,13,54,7.951188396,133,128,12.62459756,13.31781567,8.019370572,7.882183096,469,22,7,5,34,477,8,4,8,20,503,497,102,26,113,20
8,1000,40,5.13,10.3,18,37,46,962,20,9,9,38,7.883937487,128,138,13.0633346,13.17579623,7.863984758,7.902355391,462,9,4,5,18,500,11,5,4,20,480,520,100,38,114,14
1,1000,40,5.13,10.3,18,37,41,951,28,11,10,49,7.906365218,128,127,12.25334347,11.16564061,7.972117424,7.840613011,475,15,4,6,25,476,13,7,4,24,500,500,95,32,102,26
2,1000,40,5.13,10.3,18,37,45,959,30,5,6,41,7.968569391,127,124,12.40123381,11.70018693,8.230788687,7.669291264,509,18,3,3,24,450,12,2,3,17,533,467,92,32,96,31
7,1000,40,5.13,10.3,18,37,47,957,28,6,9,43,7.978116046,130,125,12.13010729,11.65238216,8.213374828,7.732273025,487,15,6,3,24,470,13,0,6,19,511,489,93,32,105,25
3,1000,40,5.13,10.3,18,37,48,953,26,14,7,47,7.878136976,123,143,13.57287701,12.90290821,7.878351767,7.8779152,482,15,9,2,26,471,11,5,5,21,508,492,106,37,98,25
6,1000,40,5.13,10.3,18,37,48,951,33,9,7,49,7.986038244,122,121,12.28045748,12.24511036,8.168644032,7.789006219,490,17,7,5,29,461,16,2,2,20,519,481,91,30,97,25
4,1000,40,5.13,10.3,18,37,48,950,37,6,7,50,8.014988904,142,126,12.09379532,11.84551802,8.253449996,7.762789313,481,25,5,3,33,469,12,1,4,17,514,486,92,34,118,24
8,1000,40,5.13,10.3,18,37,47,963,21,8,8,37,7.885558387,146,138,13.20422525,13.37033261,7.938511349,7.83667873,462,9,4,5,18,501,12,4,3,19,480,520,101,37,127,19
5,1000,40,5.13,10.3,18,37,46,947,29,12,12,53,7.960370616,145,126,12.75868528,13.47305731,8.050786951,7.868862736,469,21,8,5,34,478,8,4,7,19,503,497,93,33,118,27
1,1000,40,5.13,10.3,18,37,42,950,28,12,10,50,7.96939644,109,132,12.35718536,11.26939233,8.083965856,7.854827024,474,15,5,6,26,476,13,7,4,24,500,500,103,29,88,21
2,1000,40,5.13,10.3,18,37,46,959,30,5,6,41,7.972454691,122,129,12.52789054,11.83831383,8.252584382,7.652734937,509,18,3,3,24,450,12,2,3,17,533,467,97,32,95,27
7,1000,40,5.13,10.3,18,37,48,958,27,7,8,42,8.006059018,138,121,12.23209783,11.76746253,8.270776072,7.729432403,486,15,7,3,25,472,12,0,5,17,511,489,92,29,115,23
3,1000,40,5.13,10.3,18,37,49,953,26,14,7,47,7.898823466,135,117,13.79493427,13.14126764,7.902655814,7.894866488,482,15,9,2,26,471,11,5,5,21,508,492,94,23,120,15
6,1000,40,5.13,10.3,18,37,49,951,34,8,7,49,7.977310842,135,129,12.3808526,12.36198327,8.183901993,7.754398562,490,18,6,5,29,461,16,2,2,20,519,481,103,26,115,20
4,1000,40,5.13,10.3,18,37,49,950,37,6,7,50,8.082433634,115,109,12.21462736,11.97723607,8.314510474,7.836986112,481,25,5,3,33,469,12,1,4,17,514,486,85,24,99,16
8,1000,40,5.13,10.3,18,37,48,964,21,7,8,36,7.917044089,135,136,13.34966564,13.53950753,7.998645943,7.8417193,462,9,4,5,18,502,12,3,3,18,480,520,102,34,121,14
5,1000,40,5.13,10.3,18,37,47,946,30,12,12,54,7.978692111,133,130,12.90432422,13.62676158,8.087136731,7.8689383,469,21,8,5,34,477,9,4,7,20,503,497,94,36,108,25
1,1000,40,5.13,10.3,18,37,43,950,28,12,10,50,7.998355717,122,138,12.48834946,11.40285946,8.097108167,7.899603267,474,15,5,6,26,476,13,7,4,24,500,500,103,35,100,22
2,1000,40,5.13,10.3,18,37,47,959,31,5,5,41,7.966005499,112,128,12.70742297,12.0304058,8.255325266,7.635796857,509,18,3,3,24,450,13,2,2,17,533,467,95,33,91,21
7,1000,40,5.13,10.3,18,37,49,959,26,7,8,41,8.004093815,135,129,12.30976656,11.89308328,8.28945636,7.705892874,486,15,7,3,25,473,11,0,5,16,511,489,97,32,111,24
6,1000,40,5.13,10.3,18,37,50,951,34,8,7,49,8.021979535,113,120,12.48554027,12.52891138,8.267830027,7.756706343,490,18,6,5,29,461,16,2,2,20,519,481,91,29,98,15
3,1000,40,5.13,10.3,18,37,50,952,28,13,7,48,7.910248579,132,130,14.03478254,13.3694361,7.968587897,7.850012048,482,15,9,2,26,470,13,4,5,22,508,492,100,30,114,18
4,1000,40,5.13,10.3,18,37,50,950,38,6,6,50,8.099392501,114,133,12.32708071,12.10177161,8.353070461,7.831099351,481,25,5,3,33,469,13,1,3,17,514,486,99,34,92,22
8,1000,40,5.13,10.3,18,37,49,967,19,6,8,33,7.894310881,135,128,13.46008747,13.70623794,8.037335583,7.762288078,462,9,4,5,18,505,10,2,3,15,480,520,99,29,118,17
5,1000,40,5.13,10.3,18,37,48,945,32,12,11,55,8.008118345,153,130,13.06081822,13.83146026,8.127553842,7.887240971,469,21,8,5,34,476,11,4,6,21,503,497,96,34,124,29
2,1000,40,5.13,10.3,18,37,48,959,31,5,5,41,7.980627833,148,134,12.86091761,12.19467862,8.282038766,7.636619208,509,18,3,3,24,450,13,2,2,17,533,467,93,41,123,25
1,1000,40,5.13,10.3,18,37,44,951,27,12,10,49,8.032777839,118,108,12.62931642,11.5434342,8.176766469,7.888789209,474,15,5,6,26,477,12,7,4,23,500,500,81,27,102,16
7,1000,40,5.13,10.3,18,37,50,960,26,7,7,40,8.004220236,127,145,12.34756193,11.99000754,8.294705451,7.700666157,487,15,7,2,24,473,11,0,5,16,511,489,101,44,107,20
6,1000,40,5.13,10.3,18,37,51,948,35,10,7,52,8.015809117,136,119,12.63057075,12.64359285,8.279723663,7.731044772,490,18,6,5,29,458,17,4,2,23,519,481,91,28,113,23
3,1000,40,5.13,10.3,18,37,51,952,27,15,6,48,7.923234965,140,120,14.27736047,13.59359619,8.001372212,7.842556668,481,15,10,2,27,471,12,5,4,21,508,492,95,25,117,23
4,1000,40,5.13,10.3,18,37,51,951,37,6,6,49,8.115724221,109,144,12.38595557,12.18752732,8.382675096,7.83339346,481,25,5,3,33,470,12,1,3,16,514,486,114,30,86,23
8,1000,40,5.13,10.3,18,37,50,967,19,6,8,33,7.93797041,122,129,13.65619451,13.93742893,8.065252196,7.820479531,462,9,4,5,18,505,10,2,3,15,480,520,102,27,107,15
5,1000,40,5.13,10.3,18,37,49,945,32,12,11,55,8.003199412,140,108,13.16723493,13.94381844,8.147916696,7.856735038,468,22,8,5,35,477,10,4,6,20,503,497,82,26,110,30
2,1000,40,5.13,10.3,18,37,49,957,31,6,6,43,8.03053976,123,146,13.01849204,12.413354,8.335883984,7.682041963,508,19,2,4,25,449,12,4,2,18,533,467,112,34,100,23
7,1000,40,5.13,10.3,18,37,51,962,26,6,6,38,8.019715883,130,137,12.43714069,12.08285575,8.315499109,7.710625435,488,15,6,2,23,474,11,0,4,15,511,489,107,30,105,25
6,1000,40,5.13,10.3,18,37,52,949,34,10,7,51,8.031652057,126,122,12.73127967,12.80484228,8.299195353,7.742972284,491,17,6,5,28,458,17,4,2,23,519,481,98,24,109,17
3,1000,40,5.13,10.3,18,37,52,952,26,16,6,48,7.934855767,144,139,14.630533,13.90199403,8.028364496,7.838306104,481,14,11,2,27,471,12,5,4,21,508,492,102,37,122,22
1,1000,40,5.13,10.3,18,37,45,949,30,12,9,51,8.042622489,124,127,12.75774231,11.70519034,8.264978648,7.820266329,473,16,5,6,27,476,14,7,3,24,500,500,95,32,108,16
4,1000,40,5.13,10.3,18,37,52,952,35,7,6,48,8.11009702,120,134,12.48144277,12.32241586,8.395981488,7.807741842,481,24,6,3,33,471,11,1,3,15,514,486,105,29,110,10
8,1000,40,5.13,10.3,18,37,51,966,19,7,8,34,7.970325195,147,153,13.79349679,14.12200162,8.11818244,7.833841583,462,9,4,5,18,504,10,3,3,16,480,520,120,33,127,20
5,1000,40,5.13,10.3,18,37,50,946,32,11,11,54,7.998327558,137,134,13.309031,14.14942161,8.183067229,7.81135763,468,22,8,5,35,478,10,3,6,19,503,497,101,33,111,26
2,1000,40,5.13,10.3,18,37,50,956,32,5,7,44,8.075401836,136,147,13.14071315,12.56368413,8.415537355,7.687195772,507,20,2,4,26,449,12,3,3,18,533,467,124,23,113,23
7,1000,40,5.13,10.3,18,37,52,961,27,6,6,39,8.055468006,114,119,12.53993696,12.18367012,8.365326802,7.731668733,487,16,6,2,24,474,11,0,4,15,511,489,87,32,90,24
6,1000,40,5.13,10.3,18,37,53,950,34,10,6,50,8.004677538,120,128,12.88217974,12.96705186,8.285806326,7.701338992,492,17,6,4,27,458,17,4,2,23,519,481,95,33,103,17
3,1000,40,5.13,10.3,18,37,53,952,24,17,7,48,7.965134476,146,147,14.93683655,14.19899418,8.071483318,7.855327134,481,14,11,2,27,471,10,6,5,21,508,492,127,20,126,20
1,1000,40,5.13,10.3,18,37,46,949,30,12,9,51,8.038429253,123,116,12.83778528,11.78521192,8.251687729,7.825170777,473,16,5,6,27,476,14,7,3,24,500,500,88,28,100,23
4,1000,40,5.13,10.3,18,37,53,949,38,7,6,51,8.117153788,131,133,12.59858978,12.42696772,8.456024556,7.758759601,478,27,6,3,36,471,11,1,3,15,514,486,92,41,110,21
8,1000,40,5.13,10.3,18,37,52,968,18,6,8,32,7.972158301,145,160,14.01614301,14.35905746,8.170283699,7.789273317,463,8,4,5,17,505,10,2,3,15,480,520,127,33,133,12
5,1000,40,5.13,10.3,18,37,51,948,32,11,9,52,7.995755933,140,131,13.43185058,14.34507393,8.226038578,7.762693215,467,23,8,5,36,481,9,3,4,16,503,497,106,25,116,24
2,1000,40,5.13,10.3,18,37,51,956,32,5,7,44,8.077005877,123,106,13.26752793,12.76606105,8.45230984,7.648661097,507,20,2,4,26,449,12,3,3,18,533,467,79,27,111,12
7,1000,40,5.13,10.3,18,37,53,962,26,6,6,38,8.055593476,123,131,12.67455819,12.35015878,8.392853045,7.703160675,487,16,6,2,24,475,10,0,4,14,511,489,99,32,98,25
6,1000,40,5.13,10.3,18,37,54,952,33,9,6,48,8.007932175,131,121,13.01746757,13.17090406,8.360738034,7.62725392,492,17,6,4,27,460,16,3,2,21,519,481,94,27,107,24
3,1000,40,5.13,10.3,18,37,54,955,21,17,7,45,7.961764269,146,132,15.37489235,14.58318526,8.062652198,7.857595431,482,13,11,2,26,473,8,6,5,19,508,492,102,30,122,24
4,1000,40,5.13,10.3,18,37,54,947,39,8,6,53,8.138589433,122,122,12.68329587,12.50200155,8.499545911,7.756837107,478,27,6,3,36,469,12,2,3,17,514,486,97,25,98,24
8,1000,40,5.13,10.3,18,37,53,967,19,6,8,33,7.988306874,150,135,14.24332257,14.59555001,8.211375347,7.782397514,462,9,4,5,18,505,10,2,3,15,480,520,111,24,136,14
1,1000,40,5.13,10.3,18,37,47,951,29,10,10,49,8.082544594,126,128,12.93484371,11.87003525,8.294934191,7.870154997,473,16,5,6,27,478,13,5,4,22,500,500,99,29,109,17
5,1000,40,5.13,10.3,18,37,52,950,31,10,9,50,7.984568873,140,127,13.62846505,14.60247674,8.265620192,7.700124581,468,23,7,5,35,482,8,3,4,15,503,497,95,32,118,22
2,1000,40,5.13,10.3,18,37,52,957,29,7,7,43,8.134178795,128,133,13.45356393,13.02652176,8.546011375,7.664142896,507,18,4,4,26,450,11,3,3,17,533,467,104,29,101,27
7,1000,40,5.13,10.3,18,37,54,961,27,6,6,39,8.085287732,133,122,12.80904576,12.51844302,8.418870574,7.736697072,486,17,6,2,25,475,10,0,4,14,511,489,93,29,118,15
6,1000,40,5.13,10.3,18,37,55,952,33,9,6,48,8.041704198,145,143,13.10668449,13.30419344,8.423952235,7.629257771,492,17,6,4,27,460,16,3,2,21,519,481,105,38,125,20
3,1000,40,5.13,10.3,18,37,55,956,20,17,7,44,7.950167285,134,149,15.73408585,14.90694061,8.051842183,7.845185886,482,13,11,2,26,474,7,6,5,18,508,492,116,33,111,23
4,1000,40,5.13,10.3,18,37,55,946,38,10,6,54,8.188578546,133,124,12.78276563,12.62041958,8.574455519,7.780469978,478,26,7,3,36,468,12,3,3,18,514,486,97,27,109,24
8,1000,40,5.13,10.3,18,37,54,967,19,6,8,33,7.98739837,159,142,14.46145633,14.80600041,8.258482124,7.737167211,462,9,4,5,18,505,10,2,3,15,480,520,117,25,129,30
1,1000,40,5.13,10.3,18,37,48,952,26,12,10,48,8.083152239,120,144,13.05597471,11.97223618,8.354905651,7.811398826,473,14,6,7,27,479,12,6,3,21,500,500,119,25,98,22
5,1000,40,5.13,10.3,18,37,53,952,29,10,9,48,8.008235704,147,155,13.77065798,14.79647984,8.30749214,7.705366515,469,22,7,5,34,483,7,3,4,14,503,497,127,28,133,14
7,1000,40,5.13,10.3,18,37,55,960,27,6,7,40,8.118802685,121,138,12.92817581,12.64026168,8.461103254,7.76110209,486,17,6,2,25,474,10,0,5,15,511,489,106,32,101,20
2,1000,40,5.13,10.3,18,37,53,956,30,7,7,44,8.168564195,139,113,13.71638377,13.42506845,8.57374417,7.706121097,506,19,4,4,27,450,11,3,3,17,533,467,95,18,116,23
6,1000,40,5.13,10.3,18,37,56,952,32,10,6,48,8.050323759,129,145,13.23138999,13.4576411,8.455213485,7.613446903,492,16,7,4,27,460,16,3,2,21,519,481,115,30,107,22
3,1000,40,5.13,10.3,18,37,56,955,21,16,8,45,7.951403911,147,156,16.18318591,15.28793676,8.082465504,7.816080152,481,14,10,3,27,474,7,6,5,18,508,492,137,19,121,26
4,1000,40,5.13,10.3,18,37,56,948,36,10,6,52,8.182415627,144,123,12.98305985,12.81422413,8.601221925,7.739480572,479,25,7,3,35,469,11,3,3,17,514,486,98,25,122,22
8,1000,40,5.13,10.3,18,37,55,968,18,6,8,32,7.995575885,132,129,14.67317648,15.00534891,8.334482731,7.682738797,462,9,4,5,18,506,9,2,3,14,480,520,103,26,119,13
5,1000,40,5.13,10.3,18,37,54,952,29,11,8,48,8.026711682,129,145,13.91855335,14.99447719,8.380735688,7.668413744,469,22,8,4,34,483,7,3,4,14,503,497,119,26,112,17
1,1000,40,5.13,10.3,18,37,49,952,25,13,10,48,8.107512812,135,141,13.19964356,12.14470333,8.411946395,7.803079228,473,13,7,7,27,479,12,6,3,21,500,500,106,35,118,17
7,1000,40,5.13,10.3,18,37,56,963,26,6,5,37,8.083545878,139,133,13.09915761,12.83548219,8.50094622,7.647366789,486,17,6,2,25,477,9,0,3,12,511,489,105,28,118,21
6,1000,40,5.13,10.3,18,37,57,951,33,10,6,49,8.079447579,123,150,13.40930426,13.66708037,8.503277893,7.622133788,491,17,7,4,28,460,16,3,2,21,519,481,123,27,106,17
2,1000,40,5.13,10.3,18,37,54,956,30,7,7,44,8.178793979,122,139,13.90921329,13.69256709,8.63301941,7.660373947,506,19,4,4,27,450,11,3,3,17,533,467,108,31,107,15
3,1000,40,5.13,10.3,18,37,57,955,21,16,8,45,7.970730594,141,142,16.58043769,15.64001545,8.159165866,7.776167346,481,14,10,3,27,474,7,6,5,18,508,492,114,28,122,19
4,1000,40,5.13,10.3,18,37,57,949,35,10,6,51,8.181372323,141,142,13.1432806,12.96305201,8.613456792,7.724394097,479,25,7,3,35,470,10,3,3,16,514,486,114,28,119,22
8,1000,40,5.13,10.3,18,37,56,969,17,7,7,31,7.990886867,138,151,14.93854784,15.32551868,8.35030148,7.659119532,462,8,5,5,18,507,9,2,2,13,480,520,117,34,121,17
5,1000,40,5.13,10.3,18,37,55,953,27,12,8,47,8.045515317,153,151,14.04491135,15.13123838,8.395490556,7.691315024,469,22,8,4,34,484,5,4,4,13,503,497,123,28,134,19
1,1000,40,5.13,10.3,18,37,50,954,23,13,10,46,8.105449636,126,125,13.36831306,12.30593751,8.464338491,7.746560781,473,13,7,7,27,481,10,6,3,19,500,500,97,28,113,13
7,1000,40,5.13,10.3,18,37,57,963,26,6,5,37,8.133575423,139,139,13.30071489,13.03216331,8.547795529,7.700719649,486,17,6,2,25,477,9,0,3,12,511,489,103,36,115,24
6,1000,40,5.13,10.3,18,37,58,952,32,9,7,48,8.107796986,132,123,13.57463545,13.83445407,8.541002454,7.640367385,491,17,7,4,28,461,15,2,3,20,519,481,93,30,109,23
2,1000,40,5.13,10.3,18,37,55,956,30,7,7,44,8.192553702,136,136,14.15662488,14.10433919,8.638282997,7.683830546,506,19,4,4,27,450,11,3,3,17,533,467,107,29,109,27
3,1000,40,5.13,10.3,18,37,58,955,20,17,8,45,7.941222027,154,149,17.08251285,16.08237301,8.189156801,7.685224334,481,13,11,3,27,474,7,6,5,18,508,492,120,29,132,22
4,1000,40,5.13,10.3,18,37,58,948,34,12,6,52,8.181387216,127,131,13.24672194,13.1072156,8.633064801,7.703687054,478,25,8,3,36,470,9,4,3,16,514,486,100,31,110,17
8,1000,40,5.13,10.3,18,37,57,966,20,7,7,34,8.003823578,151,160,15.28439054,15.68307584,8.396445286,7.64140354,459,11,5,5,21,507,9,2,2,13,480,520,133,27,140,11
5,1000,40,5.13,10.3,18,37,56,951,29,12,8,49,8.106172309,149,138,14.21788736,15.33383445,8.473078493,7.734836673,468,23,8,4,35,483,6,4,4,14,503,497,116,22,127,22
1,1000,40,5.13,10.3,18,37,51,954,23,13,10,46,8.135567238,112,144,13.50804162,12.4864159,8.534261583,7.736872892,473,13,7,7,27,481,10,6,3,19,500,500,121,23,100,12
6,1000,40,5.13,10.3,18,37,59,953,31,9,7,47,8.127691449,133,143,13.77796779,14.03022213,8.566282563,7.654450724,491,17,7,4,28,462,14,2,3,19,519,481,114,29,116,17
7,1000,40,5.13,10.3,18,37,58,962,26,7,5,38,8.112477186,133,147,13.5050008,13.21880168,8.556927263,7.648031399,484,18,7,2,27,478,8,0,3,11,511,489,115,32,115,18
2,1000,40,5.13,10.3,18,37,56,955,31,7,7,45,8.187239737,144,143,14.23118696,14.20206025,8.661766514,7.64564922,505,20,4,4,28,450,11,3,3,17,533,467,111,32,113,31
3,1000,40,5.13,10.3,18,37,59,954,21,16,9,46,7.955870747,138,172,17.56748942,16.51917407,8.221674361,7.681423112,481,13,11,3,27,473,8,5,6,19,508,492,147,25,118,20
4,1000,40,5.13,10.3,18,37,59,948,34,12,6,52,8.164794192,145,131,13.36027083,13.21871301,8.659157581,7.641948961,478,25,8,3,36,470,9,4,3,16,514,486,112,19,125,20
8,1000,40,5.13,10.3,18,37,58,964,23,6,7,36,8.018388436,159,158,15.61464328,16.03064778,8.425786171,7.642328989,458,12,5,5,22,506,11,1,2,14,480,520,133,25,141,18
5,1000,40,5.13,10.3,18,37,57,952,28,12,8,48,8.11957948,153,163,14.44038385,15.56016851,8.499304239,7.735270519,468,22,9,4,35,484,6,3,4,13,503,497,128,35,134,19
1,1000,40,5.13,10.3,18,37,52,954,21,15,10,46,8.171865488,117,149,13.66691374,12.68574185,8.605236985,7.738493992,473,11,9,7,27,481,10,6,3,19,500,500,118,31,101,16
6,1000,40,5.13,10.3,18,37,60,952,32,9,7,48,8.145147276,150,161,13.89170474,14.17263074,8.620298055,7.632458599,490,18,7,4,29,462,14,2,3,19,519,481,127,34,126,24
7,1000,40,5.13,10.3,18,37,59,961,27,7,5,39,8.117511325,140,139,13.688703,13.42751498,8.573763255,7.640732723,483,19,7,2,28,478,8,0,3,11,511,489,112,27,111,29
3,1000,40,5.13,10.3,18,37,60,953,22,16,9,47,7.958988439,132,158,17.81528401,16.75794054,8.231481812,7.677633493,481,13,11,3,27,472,9,5,6,20,508,492,128,30,113,19
2,1000,40,5.13,10.3,18,37,57,952,33,7,8,48,8.192613145,128,163,14.3606277,14.39375335,8.725509252,7.584404098,503,21,4,5,30,449,12,3,3,18,533,467,121,42,111,17
4,1000,40,5.13,10.3,18,37,60,948,35,12,5,52,8.174978598,156,126,13.49647767,13.37118248,8.716957199,7.601774892,478,25,8,3,36,470,10,4,2,16,514,486,104,22,128,28
8,1000,40,5.13,10.3,18,37,59,963,24,6,7,37,8.019262796,147,176,15.89929238,16.32223288,8.436666896,7.633966704,458,12,5,5,22,505,12,1,2,15,480,520,146,30,138,9
5,1000,40,5.13,10.3,18,37,58,952,28,11,9,48,8.163246216,152,142,14.68827603,15.85252552,8.560216628,7.761483405,468,22,9,4,35,484,6,2,5,13,503,497,117,25,137,15
6,1000,40,5.13,10.3,18,37,61,952,32,8,8,48,8.148273153,152,127,14.02953758,14.34157135,8.653170088,7.60348831,490,18,6,5,29,462,14,2,3,19,519,481,100,27,123,29
7,1000,40,5.13,10.3,18,37,60,960,28,7,5,40,8.155276613,122,142,13.84115309,13.61792657,8.594730583,7.696051708,483,19,7,2,28,477,9,0,3,12,511,489,112,30,109,13
1,1000,40,5.13,10.3,18,37,53,954,21,15,10,46,8.173382599,128,145,13.82776135,12.85659495,8.631047546,7.715717652,473,11,9,7,27,481,10,6,3,19,500,500,104,41,112,16
4,1000,40,5.13,10.3,18,37,61,949,35,11,5,51,8.197818623,146,137,13.64401525,13.54032479,8.771181222,7.591422788,478,25,8,3,36,471,10,3,2,15,514,486,113,24,121,25
3,1000,40,5.13,10.3,18,37,61,953,22,16,9,47,7.985056071,158,141,18.5339631,17.40179951,8.31244443,7.647020936,481,13,11,3,27,472,9,5,6,20,508,492,107,34,139,19
2,1000,40,5.13,10.3,18,37,58,950,34,8,8,50,8.212706593,140,145,14.62745515,14.82103884,8.767340196,7.57968794,502,22,4,5,31,448,12,4,3,19,533,467,120,25,119,21
8,1000,40,5.13,10.3,18,37,60,965,22,6,7,35,8.036601201,143,152,16.29445835,16.69779203,8.473823847,7.633011066,458,12,5,5,22,507,10,1,2,13,480,520,128,24,126,17
5,1000,40,5.13,10.3,18,37,59,952,27,12,9,48,8.199292356,162,149,14.83329697,15.98476633,8.659722325,7.733303877,468,21,10,4,35,484,6,2,5,13,503,497,128,21,136,26
7,1000,40,5.13,10.3,18,37,61,960,27,8,5,40,8.151096132,139,134,14.05399966,13.87002616,8.634286401,7.646167241,483,18,8,2,28,477,9,0,3,12,511,489,110,24,115,24
6,1000,40,5.13,10.3,18,37,62,952,33,8,7,48,8.1374507,159,163,14.23970546,14.59080461,8.677599556,7.554628961,489,19,6,5,30,463,14,2,2,18,519,481,123,40,143,16
3,1000,40,5.13,10.3,18,37,62,954,22,16,8,46,7.95424827,167,166,19.0653069,17.90527367,8.31349962,7.583313949,481,13,11,3,27,473,9,5,5,19,508,492,135,31,147,20
4,1000,40,5.13,10.3,18,37,62,949,35,10,6,51,8.198083608,142,148,13.81733479,13.71354939,8.811182882,7.549661743,478,25,7,4,36,471,10,3,2,15,514,486,126,22,118,24
1,1000,40,5.13,10.3,18,37,54,954,22,14,10,46,8.1720768,137,144,13.99749268,13.05789624,8.654720137,7.689433462,473,11,9,7,27,481,11,5,3,19,500,500,110,34,117,20
2,1000,40,5.13,10.3,18,37,59,950,34,8,8,50,8.187975797,144,160,14.88421825,15.21788256,8.739003434,7.559072733,502,22,4,5,31,448,12,4,3,19,533,467,131,29,114,30
8,1000,40,5.13,10.3,18,37,61,964,20,9,7,36,8.066181275,167,146,16.68463074,17.08720082,8.515310555,7.651600402,458,11,6,5,22,506,9,3,2,14,480,520,122,24,148,19
5,1000,40,5.13,10.3,18,37,60,952,26,12,10,48,8.225816431,145,157,14.98443644,16.13026461,8.688184238,7.757866718,468,20,10,5,35,484,6,2,5,13,503,497,125,32,127,18
6,1000,40,5.13,10.3,18,37,63,952,33,8,7,48,8.160201032,147,156,14.41233442,14.77451089,8.713474604,7.563217698,489,19,6,5,30,463,14,2,2,18,519,481,123,33,127,20
7,1000,40,5.13,10.3,18,37,62,959,28,8,5,41,8.193899817,137,157,14.25525482,14.10282,8.690309647,7.675156621,483,18,8,2,28,476,10,0,3,13,511,489,131,26,120,17
4,1000,40,5.13,10.3,18,37,63,949,35,10,6,51,8.217171853,148,140,13.97843007,13.87669385,8.857521845,7.539929268,478,25,7,4,36,471,10,3,2,15,514,486,118,22,130,18
3,1000,40,5.13,10.3,18,37,63,954,23,16,7,46,7.976537115,146,160,19.92742531,18.6459107,8.360352656,7.580239768,480,14,11,3,28,474,9,5,4,18,508,492,134,26,129,17
2,1000,40,5.13,10.3,18,37,60,951,33,8,8,49,8.21039862,133,140,15.1897623,15.78726952,8.774579376,7.566483539,503,21,4,5,30,448,12,4,3,19,533,467,104,36,115,18
1,1000,40,5.13,10.3,18,37,55,954,22,14,10,46,8.193122043,124,154,14.1032458,13.2084076,8.680867573,7.705376513,473,11,9,7,27,481,11,5,3,19,500,500,127,27,114,10
8,1000,40,5.13,10.3,18,37,62,966,19,8,7,34,8.044009148,177,179,17.1184434,17.45826601,8.528754271,7.596552112,458,11,6,5,22,508,8,2,2,12,480,520,153,26,163,14
5,1000,40,5.13,10.3,18,37,61,950,27,13,10,50,8.262292494,154,150,15.2805366,16.4724335,8.769376326,7.749086926,467,21,10,5,36,483,6,3,5,14,503,497,119,31,137,17
6,1000,40,5.13,10.3,18,37,64,951,34,8,7,49,8.165038771,151,174,14.58291745,14.96942641,8.780411285,7.501050549,488,20,6,5,31,463,14,2,2,18,519,481,135,39,130,21
7,1000,40,5.13,10.3,18,37,63,958,29,8,5,42,8.212440894,146,152,14.43571167,14.29973636,8.73962729,7.661536502,482,19,8,2,29,476,10,0,3,13,511,489,119,33,126,20
4,1000,40,5.13,10.3,18,37,64,949,35,10,6,51,8.195030316,137,131,14.12584218,14.03697939,8.865882015,7.485528724,479,24,7,4,35,470,11,3,2,16,514,486,106,25,117,20
3,1000,40,5.13,10.3,18,37,64,954,23,16,7,46,7.955338402,163,177,20.47885029,19.13281887,8.368658542,7.528576957,479,15,11,3,29,475,8,5,4,17,508,492,151,26,139,24
2,1000,40,5.13,10.3,18,37,61,952,32,8,8,48,8.222893324,137,167,15.45901687,16.24127745,8.789978326,7.575663547,504,20,4,5,29,448,12,4,3,19,533,467,135,32,110,27
8,1000,40,5.13,10.3,18,37,63,965,21,8,6,35,8.043892169,153,172,17.5450741,17.87352313,8.592225593,7.537738239,457,12,6,5,23,508,9,2,1,12,480,520,140,32,137,16
1,1000,40,5.13,10.3,18,37,56,955,21,14,10,45,8.20872206,138,141,14.25852865,13.41152924,8.679710693,7.737733427,474,10,9,7,26,481,11,5,3,19,500,500,113,28,122,16
5,1000,40,5.13,10.3,18,37,62,951,26,14,9,49,8.223076841,170,172,15.55601654,16.81095102,8.786067545,7.653289469,467,20,11,5,36,484,6,3,4,13,503,497,145,27,154,16
7,1000,40,5.13,10.3,18,37,64,958,28,9,5,42,8.224789097,160,151,14.63433441,14.51227618,8.749753077,7.676207106,482,18,9,2,29,476,10,0,3,13,511,489,123,28,130,30
6,1000,40,5.13,10.3,18,37,65,952,33,8,7,48,8.176891684,146,174,14.79232987,15.16273734,8.816239694,7.487033853,488,20,6,5,31,464,13,2,2,17,519,481,145,29,124,22
4,1000,40,5.13,10.3,18,37,65,948,36,10,6,52,8.222727067,153,130,14.24766031,14.18364241,8.956086338,7.447116645,478,25,7,4,36,470,11,3,2,16,514,486,106,24,136,17
3,1000,40,5.13,10.3,18,37,65,956,23,15,6,44,7.965361261,164,173,21.41234151,19.96722602,8.426694959,7.489024841,479,15,11,3,29,477,8,4,3,15,508,492,146,27,146,18
2,1000,40,5.13,10.3,18,37,62,953,32,7,8,47,8.230530571,164,172,15.70665914,16.57731037,8.814836243,7.563646366,504,20,4,5,29,449,12,3,3,18,533,467,133,39,136,28
8,1000,40,5.13,10.3,18,37,64,964,22,8,6,36,8.055887411,171,181,18.00599865,18.30067306,8.611980173,7.542571016,456,13,6,5,24,508,9,2,1,12,480,520,153,28,148,23
1,1000,40,5.13,10.3,18,37,57,954,23,14,9,46,8.223837684,120,152,14.44106504,13.5899946,8.711396587,7.736278782,473,11,9,7,27,481,12,5,2,19,500,500,121,31,111,9
6,1000,40,5.13,10.3,18,37,66,952,33,8,7,48,8.177531353,156,141,14.99495138,15.36408489,8.858855867,7.442380786,487,21,6,5,32,465,12,2,2,16,519,481,110,31,140,16
7,1000,40,5.13,10.3,18,37,65,957,29,9,5,43,8.227128486,165,162,14.81141397,14.71032791,8.792060196,7.636780624,482,18,9,2,29,475,11,0,3,14,511,489,115,47,148,17
4,1000,40,5.13,10.3,18,37,66,943,41,10,6,57,8.257478091,153,149,14.3604426,14.32525039,9.004472928,7.467446515,476,27,7,4,38,467,14,3,2,19,514,486,134,15,129,24
3,1000,40,5.13,10.3,18,37,66,956,23,15,6,44,7.974590872,160,178,22.07516648,20.54109187,8.44645051,7.487386204,479,15,11,3,29,477,8,4,3,15,508,492,151,27,141,19
5,1000,40,5.13,10.3,18,37,63,950,27,14,9,50,8.227694501,161,161,15.87352287,17.16140582,8.806862002,7.641535038,467,20,11,5,36,483,7,3,4,14,503,497,129,32,146,15
2,1000,40,5.13,10.3,18,37,63,955,30,7,8,45,8.224575552,154,162,15.91300367,16.75866303,8.848078006,7.512954978,504,20,4,5,29,451,10,3,3,16,533,467,127,35,131,23
8,1000,40,5.13,10.3,18,37,65,965,21,8,6,35,8.056703233,193,172,18.47751454,18.77374227,8.654560505,7.504834982,456,13,6,5,24,509,8,2,1,11,480,520,145,27,173,20
6,1000,40,5.13,10.3,18,37,67,953,32,7,8,47,8.196289954,154,151,15.23462084,15.65582366,8.920360691,7.415016123,487,21,5,6,32,466,11,2,2,15,519,481,125,26,140,14
7,1000,40,5.13,10.3,18,37,66,957,29,9,5,43,8.250297111,131,170,15.08074249,14.96892919,8.854717883,7.618683585,482,18,9,2,29,475,11,0,3,14,511,489,131,39,118,13
1,1000,40,5.13,10.3,18,37,58,955,22,13,10,45,8.22420977,129,159,14.64894634,13.84068557,8.732645033,7.715774507,473,11,9,7,27,482,11,4,3,18,500,500,127,32,115,14
4,1000,40,5.13,10.3,18,37,67,943,41,10,6,57,8.266033019,161,159,14.52833927,14.47259055,9.023505883,7.464919743,477,26,7,4,37,466,15,3,2,20,514,486,136,23,142,19
3,1000,40,5.13,10.3,18,37,67,956,24,14,6,44,8.004923753,163,171,23.29911284,21.64715323,8.493035325,7.500938634,478,16,11,3,30,478,8,3,3,14,508,492,139,32,146,17
5,1000,40,5.13,10.3,18,37,64,950,26,15,9,50,8.220601004,162,164,16.15425553,17.50523555,8.823748069,7.610172487,467,19,12,5,36,483,7,3,4,14,503,497,138,26,146,16
8,1000,40,5.13,10.3,18,37,66,965,20,9,6,35,8.08345456,166,193,18.88380268,19.19805123,8.728205622,7.488299734,456,13,6,5,24,509,7,3,1,11,480,520,159,34,153,13
2,1000,40,5.13,10.3,18,37,64,955,29,8,8,45,8.219744053,141,145,16.13806001,17.13383706,8.876412656,7.470270038,504,20,4,5,29,451,9,4,3,16,533,467,121,24,119,22
6,1000,40,5.13,10.3,18,37,68,952,31,9,8,48,8.216201034,163,133,15.38419214,15.85377929,8.960781049,7.41279765,487,20,6,6,32,465,11,3,2,16,519,481,110,23,138,25
7,1000,40,5.13,10.3,18,37,67,958,28,9,5,42,8.280199425,126,170,15.33307328,15.19773725,8.929511707,7.60167473,482,18,9,2,29,476,10,0,3,13,511,489,136,34,113,13
4,1000,40,5.13,10.3,18,37,68,942,42,10,6,58,8.282029684,153,140,14.68486696,14.63525959,9.06869259,7.450044636,475,28,7,4,39,467,14,3,2,19,514,486,118,22,133,20
3,1000,40,5.13,10.3,18,37,68,956,23,13,8,44,8.035017375,152,181,24.07315302,22.36664111,8.550406729,7.502867392,478,16,9,5,30,478,7,4,3,14,508,492,153,28,131,21
5,1000,40,5.13,10.3,18,37,65,949,27,14,10,51,8.23637299,150,162,16.49380963,17.96280227,8.890456518,7.574393081,466,20,11,6,37,483,7,3,4,14,503,497,141,21,133,17
1,1000,40,5.13,10.3,18,37,59,955,22,13,10,45,8.261114046,148,148,14.84925725,14.09462727,8.762530104,7.759697988,473,11,9,7,27,482,11,4,3,18,500,500,119,29,133,15
2,1000,40,5.13,10.3,18,37,65,956,29,8,7,44,8.24091359,131,155,16.43614878,17.49175232,8.921136436,7.464556466,504,20,4,5,29,452,9,4,2,15,533,467,127,28,113,18
8,1000,40,5.13,10.3,18,37,67,965,20,9,6,35,8.090633075,173,177,19.40734676,19.70237681,8.768036563,7.465337548,456,13,6,5,24,509,7,3,1,11,480,520,154,23,155,18
6,1000,40,5.13,10.3,18,37,69,952,31,9,8,48,8.247669753,143,179,15.62389409,16.17484721,9.042965076,7.389544445,486,20,7,6,33,466,11,2,2,15,519,481,139,40,131,12
7,1000,40,5.13,10.3,18,37,68,956,29,10,5,44,8.311582293,147,170,15.56762093,15.43735707,8.976675418,7.616566778,480,19,10,2,31,476,10,0,3,13,511,489,141,29,131,16
4,1000,40,5.13,10.3,18,37,69,942,42,10,6,58,8.300227318,169,174,14.8705635,14.85034282,9.087015758,7.468109503,475,28,7,4,39,467,14,3,2,19,514,486,138,36,149,20
3,1000,40,5.13,10.3,18,37,69,956,23,11,10,44,8.055610877,180,193,25.19929825,23.38265272,8.604726861,7.488637462,478,16,7,7,30,478,7,4,3,14,508,492,159,34,165,15
5,1000,40,5.13,10.3,18,37,66,948,28,14,10,52,8.26368991,171,169,16.85200501,18.42688659,8.925356873,7.594035017,466,20,11,6,37,482,8,3,4,15,503,497,147,22,151,20
1,1000,40,5.13,10.3,18,37,60,954,24,13,9,46,8.300331647,137,141,15.05226278,14.31145302,8.865827539,7.734835754,472,13,9,6,28,482,11,4,3,18,500,500,112,29,123,14
2,1000,40,5.13,10.3,18,37,66,957,29,7,7,43,8.248714686,166,167,16.67263992,17.7293696,8.911099832,7.492716222,505,20,3,5,28,452,9,4,2,15,533,467,139,28,140,26
8,1000,40,5.13,10.3,18,37,68,965,20,9,6,35,8.074726379,178,196,19.86047498,20.15020085,8.7842209,7.419808361,455,14,6,5,25,510,6,3,1,10,480,520,167,29,163,15
6,1000,40,5.13,10.3,18,37,70,953,30,9,8,47,8.276296136,160,172,16.05277881,16.60618709,9.104776378,7.382364233,486,20,7,6,33,467,10,2,2,14,519,481,143,29,142,18
7,1000,40,5.13,10.3,18,37,69,955,29,10,6,45,8.319988085,147,140,15.80205229,15.69329935,9.025914356,7.58230235,479,19,10,3,32,476,10,0,3,13,511,489,114,26,128,19
4,1000,40,5.13,10.3,18,37,70,942,41,11,6,58,8.331214312,150,146,15.06307187,15.07011729,9.121773276,7.495108741,475,27,8,4,39,467,14,3,2,19,514,486,120,26,129,21
3,1000,40,5.13,10.3,18,37,70,955,24,11,10,45,8.077824334,164,178,26.68908699,24.70168256,8.695590596,7.439968113,478,16,7,7,30,477,8,4,3,15,508,492,159,19,143,21
5,1000,40,5.13,10.3,18,37,67,948,28,14,10,52,8.279744111,173,171,17.25266581,19.01503833,8.941491495,7.610007826,466,20,11,6,37,482,8,3,4,15,503,497,138,33,152,21
1,1000,40,5.13,10.3,18,37,61,954,23,14,9,46,8.308987679,137,158,15.21621172,14.5318588,8.903551933,7.714423424,472,12,10,6,28,482,11,4,3,18,500,500,121,37,128,9
2,1000,40,5.13,10.3,18,37,67,956,30,7,7,44,8.250064978,140,172,16.94055467,17.97782619,8.925508425,7.479162713,504,21,3,5,29,452,9,4,2,15,533,467,138,34,117,23
8,1000,40,5.13,10.3,18,37,69,965,20,9,6,35,8.083060074,176,190,20.37637879,20.74799794,8.826594789,7.396720336,455,14,6,5,25,510,6,3,1,10,480,520,159,31,158,18
4,1000,40,5.13,10.3,18,37,71,941,41,12,6,59,8.361618349,143,143,15.29832944,15.31674866,9.139984263,7.538408308,475,27,8,4,39,466,14,4,2,20,514,486,119,24,123,20
7,1000,40,5.13,10.3,18,37,70,955,28,11,6,45,8.350348136,150,166,16.06478601,16.01233623,9.085098141,7.582541894,479,19,10,3,32,476,9,1,3,13,511,489,141,25,137,13
6,1000,40,5.13,10.3,18,37,71,953,29,10,8,47,8.294575457,166,171,16.51321597,17.03727513,9.178911763,7.340374744,486,19,8,6,33,467,10,2,2,14,519,481,136,35,146,20
3,1000,40,5.13,10.3,18,37,71,954,24,11,11,46,8.069735826,172,192,27.51853656,25.53945393,8.755830849,7.361328769,477,16,7,8,31,477,8,4,3,15,508,492,165,27,150,22
5,1000,40,5.13,10.3,18,37,68,948,26,16,10,52,8.288028424,183,179,17.67520796,19.50272689,8.983826914,7.583829953,466,18,13,6,37,482,8,3,4,15,503,497,155,24,168,15
2,1000,40,5.13,10.3,18,37,68,956,30,7,7,44,8.241463834,141,167,17.33038401,18.42534585,8.960631536,7.42065787,503,22,3,5,30,453,8,4,2,14,533,467,141,26,123,18
8,1000,40,5.13,10.3,18,37,70,964,21,8,7,36,8.099664173,168,179,21.03320132,21.41664181,8.857802581,7.399844104,455,14,5,6,25,509,7,3,1,11,480,520,159,20,153,15
1,1000,40,5.13,10.3,18,37,62,954,23,14,9,46,8.348008659,152,137,15.39439224,14.73863536,8.962911103,7.733106215,472,12,10,6,28,482,11,4,3,18,500,500,112,25,132,20
4,1000,40,5.13,10.3,18,37,72,941,40,13,6,59,8.391924818,161,155,15.56600383,15.63692473,9.168871043,7.570216259,475,27,8,4,39,466,13,5,2,20,514,486,131,24,139,22
7,1000,40,5.13,10.3,18,37,71,954,29,11,6,46,8.369732422,170,152,16.30026391,16.2627658,9.143165666,7.561502592,478,20,10,3,33,476,9,1,3,13,511,489,123,29,152,18
6,1000,40,5.13,10.3,18,37,72,954,28,10,8,46,8.268478971,178,166,16.81658394,17.36945932,9.180784823,7.284099061,487,18,8,6,32,467,10,2,2,14,519,481,142,24,149,29
3,1000,40,5.13,10.3,18,37,72,953,24,12,11,47,8.103287769,176,180,28.62192239,26.58519298,8.821572756,7.36164392,476,17,7,8,32,477,7,5,3,15,508,492,154,26,158,18
5,1000,40,5.13,10.3,18,37,69,946,28,16,10,54,8.311270235,179,171,18.01374604,19.87998308,9.069744639,7.543639199,464,20,13,6,39,482,8,3,4,15,503,497,143,28,156,23
2,1000,40,5.13,10.3,18,37,69,956,30,7,7,44,8.219195213,151,172,17.65495428,18.76482272,8.975056623,7.356509706,502,23,3,5,31,454,7,4,2,13,533,467,142,30,135,16
8,1000,40,5.13,10.3,18,37,71,965,20,7,8,35,8.105103959,195,170,21.6963237,22.09843825,8.91591622,7.356661871,455,14,4,7,25,510,6,3,1,10,480,520,149,21,177,18
4,1000,40,5.13,10.3,18,37,73,941,40,13,6,59,8.401172762,155,159,15.81480803,15.90587278,9.198962609,7.557419714,475,27,8,4,39,466,13,5,2,20,514,486,137,22,139,16
7,1000,40,5.13,10.3,18,37,72,953,30,11,6,47,8.379510651,152,166,16.59724157,16.59458977,9.220362836,7.500828717,477,21,10,3,34,476,9,1,3,13,511,489,136,30,137,15
6,1000,40,5.13,10.3,18,37,73,955,27,10,8,45,8.313543161,177,175,17.19947208,17.81307381,9.263650894,7.288374942,487,18,8,6,32,468,9,2,2,13,519,481,148,27,155,22
1,1000,40,5.13,10.3,18,37,63,954,22,14,10,46,8.369397188,152,168,15.57066572,14.97895592,9.00079542,7.737998955,472,12,9,7,28,482,10,5,3,18,500,500,135,33,133,19
3,1000,40,5.13,10.3,18,37,73,954,23,12,11,46,8.090507762,192,182,29.82299284,27.62660871,8.830720875,7.326222678,476,17,7,8,32,478,6,5,3,14,508,492,162,20,175,17
5,1000,40,5.13,10.3,18,37,70,948,26,16,10,52,8.287354997,174,178,18.37483682,20.24102595,9.126529688,7.438049425,464,20,13,6,39,484,6,3,4,13,503,497,143,35,154,20
8,1000,40,5.13,10.3,18,37,72,965,21,6,8,35,8.12846473,217,174,22.35403307,22.64953023,8.968148134,7.353372358,455,14,4,7,25,510,7,2,1,10,480,520,148,26,201,16
2,1000,40,5.13,10.3,18,37,70,955,31,7,7,45,8.241132513,166,167,17.91547819,19.02851881,9.031438373,7.339134604,501,24,3,5,32,454,7,4,2,13,533,467,139,28,147,19
4,1000,40,5.13,10.3,18,37,74,940,41,13,6,60,8.380067757,160,177,16.10177204,16.24337276,9.190015868,7.523455968,475,27,8,4,39,465,14,5,2,21,514,486,144,33,139,21
7,1000,40,5.13,10.3,18,37,73,953,30,11,6,47,8.395323417,162,178,16.8901004,16.93636392,9.2412083,7.511382364,477,21,10,3,34,476,9,1,3,13,511,489,148,30,142,20
6,1000,40,5.13,10.3,18,37,74,956,26,10,8,44,8.290286622,173,166,17.55412432,18.22904469,9.275989665,7.22671099,488,17,8,6,31,468,9,2,2,13,519,481,136,30,157,16
3,1000,40,5.13,10.3,18,37,74,954,24,11,11,46,8.109172648,191,164,31.37764714,29.00649745,8.894111167,7.298707672,476,17,7,8,32,478,7,4,3,14,508,492,148,16,170,21
1,1000,40,5.13,10.3,18,37,64,953,23,13,11,47,8.394901916,158,172,15.78055393,15.24460882,9.013077482,7.776726349,472,12,9,7,28,481,11,4,4,19,500,500,151,21,135,23
5,1000,40,5.13,10.3,18,37,71,947,27,16,10,53,8.293248717,203,170,18.81009464,20.77022493,9.157708002,7.418353304,464,20,13,6,39,483,7,3,4,14,503,497,145,25,180,23
8,1000,40,5.13,10.3,18,37,73,964,22,6,8,36,8.116254464,208,183,22.91129746,23.27033697,8.986175321,7.313250596,455,14,4,7,25,509,8,2,1,11,480,520,161,22,192,16
4,1000,40,5.13,10.3,18,37,75,939,43,11,7,61,8.389565498,173,171,16.37370676,16.53107701,9.233426597,7.497086888,473,28,8,5,41,466,15,3,2,20,514,486,145,26,150,23
2,1000,40,5.13,10.3,18,37,71,955,30,7,8,45,8.262147541,166,179,18.21673809,19.34726218,9.07237488,7.337412698,501,24,3,5,32,454,6,4,3,13,533,467,144,35,143,23
7,1000,40,5.13,10.3,18,37,74,952,31,11,6,48,8.405101491,159,187,17.17040483,17.21094976,9.271983457,7.4992187,476,22,10,3,35,476,9,1,3,13,511,489,159,28,138,21
3,1000,40,5.13,10.3,18,37,75,954,23,12,11,46,8.114220713,170,194,33.1255033,30.55372269,8.916059239,7.286306137,476,16,8,8,32,478,7,4,3,14,508,492,170,24,151,19
6,1000,40,5.13,10.3,18,37,75,956,26,9,9,44,8.333482992,169,171,18.05439646,18.7490393,9.32733772,7.261111674,488,17,7,7,31,468,9,2,2,13,519,481,149,22,156,13
1,1000,40,5.13,10.3,18,37,65,954,23,12,11,46,8.379338184,132,147,16.03257242,15.53448683,9.034514643,7.724161725,472,12,9,7,28,482,11,3,4,18,500,500,125,22,119,13
5,1000,40,5.13,10.3,18,37,72,949,26,15,10,51,8.268058294,156,188,19.12085287,21.16745624,9.178167089,7.346962271,464,20,13,6,39,485,6,2,4,12,503,497,163,25,142,14
4,1000,40,5.13,10.3,18,37,76,940,42,11,7,60,8.410757906,153,180,16.65350457,16.84782667,9.275499319,7.496196001,473,28,8,5,41,467,14,3,2,19,514,486,155,25,138,15
8,1000,40,5.13,10.3,18,37,74,962,23,7,8,38,8.1206143,192,197,23.52770569,23.952619,9.009116349,7.300458563,453,16,4,7,27,509,7,3,1,11,480,520,172,25,178,14
7,1000,40,5.13,10.3,18,37,75,951,31,11,7,49,8.451452177,154,167,17.57538564,17.66488788,9.352764183,7.509590348,475,22,10,4,36,476,9,1,3,13,511,489,141,26,135,19
2,1000,40,5.13,10.3,18,37,72,957,29,6,8,43,8.263032796,165,184,18.47655994,19.62156546,9.109277717,7.297190092,501,24,3,5,32,456,5,3,3,11,533,467,158,26,149,16
3,1000,40,5.13,10.3,18,37,76,954,23,12,11,46,8.086232454,187,181,34.53004627,31.97504764,8.954531643,7.189695894,476,16,8,8,32,478,7,4,3,14,508,492,155,26,169,18
6,1000,40,5.13,10.3,18,37,76,956,26,9,9,44,8.330981068,180,176,18.54987802,19.25838394,9.364540531,7.215768259,488,17,7,7,31,468,9,2,2,13,519,481,156,20,166,14
1,1000,40,5.13,10.3,18,37,66,955,22,12,11,45,8.35291696,157,158,16.26329153,15.81113271,9.053535338,7.652298583,472,12,9,7,28,483,10,3,4,17,500,500,140,18,145,12
5,1000,40,5.13,10.3,18,37,73,949,26,14,11,51,8.280551327,192,176,19.53811352,21.78877553,9.260645072,7.288625464,463,21,12,7,40,486,5,2,4,11,503,497,152,24,173,19
4,1000,40,5.13,10.3,18,37,77,941,40,12,7,59,8.411081977,182,162,16.99552869,17.22723223,9.335332589,7.433582358,473,27,9,5,41,468,13,3,2,18,514,486,138,24,166,16
7,1000,40,5.13,10.3,18,37,76,951,31,11,7,49,8.467352602,168,172,18.0136812,18.15729965,9.364472085,7.529871914,475,22,10,4,36,476,9,1,3,13,511,489,148,24,156,12
8,1000,40,5.13,10.3,18,37,75,961,24,7,8,39,8.140893197,205,179,24.19476747,24.68125487,9.021654823,7.327882465,453,16,4,7,27,508,8,3,1,12,480,520,159,20,189,16
3,1000,40,5.13,10.3,18,37,77,955,22,12,11,45,8.094482794,197,193,36.29473872,33.64816081,8.995127519,7.164548809,476,16,8,8,32,479,6,4,3,13,508,492,172,21,179,18
2,1000,40,5.13,10.3,18,37,73,957,29,6,8,43,8.291308114,165,178,18.88956749,20.06006042,9.144095333,7.317998504,501,24,3,5,32,456,5,3,3,11,533,467,147,31,143,22
6,1000,40,5.13,10.3,18,37,77,955,26,10,9,45,8.329758022,186,174,18.99440938,19.7232458,9.413060611,7.160872276,487,17,8,7,32,468,9,2,2,13,519,481,149,25,166,20
5,1000,40,5.13,10.3,18,37,74,949,25,15,11,51,8.288710941,168,199,19.91287583,22.22081744,9.301555509,7.263638873,463,21,12,7,40,486,4,3,4,11,503,497,178,21,155,13
1,1000,40,5.13,10.3,18,37,67,953,24,12,11,47,8.36484766,134,145,16.55422717,16.18869071,9.103279613,7.626415707,470,14,9,7,30,483,10,3,4,17,500,500,122,23,121,13
4,1000,40,5.13,10.3,18,37,78,940,41,12,7,60,8.413425975,182,181,17.37438791,17.66908691,9.365316159,7.40669438,472,28,9,5,42,468,13,3,2,18,514,486,153,28,165,17
7,1000,40,5.13,10.3,18,37,77,951,31,11,7,49,8.437302173,175,159,18.47959166,18.59372202,9.415219775,7.415388279,474,23,10,4,37,477,8,1,3,12,511,489,139,20,160,15
3,1000,40,5.13,10.3,18,37,78,955,23,12,10,45,8.066191304,188,196,39.30944863,36.13829032,8.991022678,7.111284113,476,16,8,8,32,479,7,4,2,13,508,492,171,25,178,10
8,1000,40,5.13,10.3,18,37,76,959,26,7,8,41,8.147638709,191,198,24.96679971,25.46698341,9.075540294,7.291114169,452,17,4,7,28,507,9,3,1,13,480,520,177,21,171,20
6,1000,40,5.13,10.3,18,37,78,955,25,11,9,45,8.344855825,178,190,19.45970418,20.17940828,9.441082925,7.162024505,487,16,9,7,32,468,9,2,2,13,519,481,159,31,162,16
2,1000,40,5.13,10.3,18,37,74,958,27,7,8,42,8.311624038,152,186,19.33982056,20.54548813,9.219058746,7.275943739,501,23,4,5,32,457,4,3,3,10,533,467,152,34,135,17
5,1000,40,5.13,10.3,18,37,75,949,26,15,10,51,8.297526755,199,205,20.3950012,22.78413988,9.355413987,7.226868248,463,21,12,7,40,486,5,3,3,11,503,497,177,28,182,17
4,1000,40,5.13,10.3,18,37,79,942,39,12,7,58,8.387180979,184,179,17.69317418,17.98380632,9.365625737,7.352364918,473,27,9,5,41,469,12,3,2,17,514,486,150,29,164,20
1,1000,40,5.13,10.3,18,37,68,953,24,12,11,47,8.369726553,158,171,16.78973462,16.52924887,9.140007317,7.599445789,470,14,9,7,30,483,10,3,4,17,500,500,149,22,138,20
7,1000,40,5.13,10.3,18,37,78,953,30,10,7,47,8.406391957,175,171,19.21235932,19.26803334,9.394220378,7.374121357,475,23,9,4,36,478,7,1,3,11,511,489,146,25,151,24
8,1000,40,5.13,10.3,18,37,77,959,25,8,8,41,8.162511748,197,207,25.58673417,26.28270518,9.115986357,7.28238134,452,17,4,7,28,507,8,4,1,13,480,520,187,20,181,16
3,1000,40,5.13,10.3,18,37,79,954,25,11,10,46,8.082056483,201,194,44.77552492,40.5929223,9.04422311,7.088599885,474,18,8,8,34,480,7,3,2,12,508,492,169,25,190,11
6,1000,40,5.13,10.3,18,37,79,957,23,11,9,43,8.312616546,186,183,19.95776271,20.81231841,9.422160766,7.115416026,488,15,9,7,31,469,8,2,2,12,519,481,161,22,164,22
2,1000,40,5.13,10.3,18,37,75,958,26,8,8,42,8.365385728,171,173,19.79728396,21.22839262,9.283677699,7.317313735,501,21,6,5,32,457,5,2,3,10,533,467,147,26,148,23
5,1000,40,5.13,10.3,18,37,76,948,27,15,10,52,8.330637763,185,195,20.63298915,23.05194876,9.403764347,7.244555928,463,21,12,7,40,485,6,3,3,12,503,497,172,23,167,18
4,1000,40,5.13,10.3,18,37,80,942,39,12,7,58,8.412891536,167,192,18.03322943,18.28460649,9.409658268,7.358697915,473,27,9,5,41,469,12,3,2,17,514,486,162,30,156,11
7,1000,40,5.13,10.3,18,37,79,952,31,9,8,48,8.416925824,190,191,19.89974187,19.96966413,9.44152293,7.346232326,474,24,8,5,37,478,7,1,3,11,511,489,169,22,169,21
3,1000,40,5.13,10.3,18,37,80,954,25,10,11,46,8.078029337,197,228,48.07801698,43.45077321,9.085790748,7.037495198,474,18,7,9,34,480,7,3,2,12,508,492,196,32,178,19
8,1000,40,5.13,10.3,18,37,78,959,24,9,8,41,8.170808385,219,201,26.59836229,27.54453333,9.182816384,7.236647156,452,16,5,7,28,507,8,4,1,13,480,520,174,27,209,10
6,1000,40,5.13,10.3,18,37,80,957,23,11,9,43,8.311506849,183,192,20.43133314,21.34429529,9.474323913,7.05682482,488,15,9,7,31,469,8,2,2,12,519,481,169,23,165,18
1,1000,40,5.13,10.3,18,37,69,952,25,12,11,48,8.388618293,155,154,17.05272865,16.84500137,9.193874287,7.583362299,469,15,9,7,31,483,10,3,4,17,500,500,129,25,143,12
2,1000,40,5.13,10.3,18,37,76,957,26,9,8,43,8.410211506,152,185,20.06441111,21.5274767,9.382936351,7.30001377,501,20,7,5,32,456,6,2,3,11,533,467,152,33,135,17
5,1000,40,5.13,10.3,18,37,77,948,27,15,10,52,8.322887907,203,186,21.04242809,23.5002501,9.407755752,7.224923065,463,21,12,7,40,485,6,3,3,12,503,497,166,20,189,14
4,1000,40,5.13,10.3,18,37,81,942,38,13,7,58,8.410970279,175,170,18.35119374,18.5675038,9.447592171,7.314625314,473,27,9,5,41,469,11,4,2,17,514,486,142,28,159,16
7,1000,40,5.13,10.3,18,37,80,952,31,9,8,48,8.431126036,193,205,20.50783697,20.53371111,9.478281332,7.336859459,474,24,8,5,37,478,7,1,3,11,511,489,179,26,174,19
8,1000,40,5.13,10.3,18,37,79,958,24,10,8,42,8.152684901,204,214,27.77861617,28.79579282,9.173659263,7.21024703,452,16,5,7,28,506,8,5,1,14,480,520,185,29,191,13
6,1000,40,5.13,10.3,18,37,81,959,21,9,11,41,8.291245931,206,190,20.80992039,21.70533179,9.507051884,6.97938878,488,15,7,9,31,471,6,2,2,10,519,481,164,26,186,20
3,1000,40,5.13,10.3,18,37,81,955,24,10,11,45,8.074809799,215,209,49.60252752,45.02744144,9.139504438,6.975490944,474,18,7,9,34,481,6,3,2,11,508,492,187,22,193,22
1,1000,40,5.13,10.3,18,37,70,952,25,12,11,48,8.373413377,161,176,17.29559246,17.11877268,9.222255304,7.52457145,469,15,9,7,31,483,10,3,4,17,500,500,146,30,143,18
2,1000,40,5.13,10.3,18,37,77,957,26,9,8,43,8.415619992,184,183,20.3559149,21.8167079,9.430126219,7.257736012,500,21,7,5,33,457,5,2,3,10,533,467,155,28,157,27
5,1000,40,5.13,10.3,18,37,78,949,27,15,9,51,8.330783828,201,215,21.63233754,24.10688691,9.4545088,7.193492759,463,21,12,7,40,486,6,3,2,11,503,497,192,23,186,15
4,1000,40,5.13,10.3,18,37,82,941,38,14,7,59,8.439341146,193,193,18.75234797,18.95599665,9.479241374,7.33952897,473,26,10,5,41,468,12,4,2,18,514,486,166,27,176,17
7,1000,40,5.13,10.3,18,37,81,951,31,10,8,49,8.439518334,175,207,21.18696548,21.13954704,9.520613147,7.309785309,473,24,9,5,38,478,7,1,3,11,511,489,173,34,152,23
6,1000,40,5.13,10.3,18,37,82,959,21,9,11,41,8.305466482,186,186,21.30170368,22.28485197,9.561528385,6.950173076,487,16,7,9,32,472,5,2,2,9,519,481,166,20,162,24
8,1000,40,5.13,10.3,18,37,80,958,25,10,7,42,8.133580549,200,242,29.12585517,30.44682084,9.197257342,7.151725047,452,16,5,7,28,506,9,5,0,14,480,520,221,21,189,11
3,1000,40,5.13,10.3,18,37,82,954,24,12,10,46,8.104684416,216,234,50.97506701,46.32563545,9.170382841,7.00432913,473,19,7,9,35,481,5,5,1,11,508,492,210,24,197,19
1,1000,40,5.13,10.3,18,37,71,952,26,12,10,48,8.383853678,166,169,17.63058409,17.44864963,9.252939305,7.514768051,469,15,9,7,31,483,11,3,3,17,500,500,140,29,149,17
2,1000,40,5.13,10.3,18,37,78,956,27,9,8,44,8.409231816,185,167,20.73600346,22.30277232,9.490285878,7.175394952,499,22,7,5,34,457,5,2,3,10,533,467,148,19,167,18
4,1000,40,5.13,10.3,18,37,83,941,38,14,7,59,8.464508861,183,185,19.21978,19.36532298,9.54040054,7.326631654,473,26,10,5,41,468,12,4,2,18,514,486,162,23,165,18
5,1000,40,5.13,10.3,18,37,79,948,28,15,9,52,8.292300503,214,204,22.10123448,24.72575386,9.488743524,7.081413501,462,22,12,7,41,486,6,3,2,11,503,497,173,31,197,17
7,1000,40,5.13,10.3,18,37,82,950,31,11,8,50,8.464125748,188,186,21.95357945,21.75242391,9.588853251,7.288797008,472,24,10,5,39,478,7,1,3,11,511,489,163,23,174,14
6,1000,40,5.13,10.3,18,37,83,960,20,9,11,40,8.299029729,198,186,21.74349524,22.76683245,9.603948386,6.891019784,487,16,7,9,32,473,4,2,2,8,519,481,170,16,183,15
8,1000,40,5.13,10.3,18,37,81,958,24,11,7,42,8.119975119,219,217,30.7265778,32.21866415,9.218569013,7.105888446,452,15,6,7,28,506,9,5,0,14,480,520,200,17,201,18
3,1000,40,5.13,10.3,18,37,83,953,25,11,11,47,8.11356228,207,220,53.76624705,48.71240205,9.197099712,6.994787859,473,19,7,9,35,480,6,4,2,12,508,492,194,26,194,13
2,1000,40,5.13,10.3,18,37,79,956,27,9,8,44,8.410632787,183,176,21.25608092,22.8227071,9.490096371,7.178611181,499,22,7,5,34,457,5,2,3,10,533,467,160,16,172,11
1,1000,40,5.13,10.3,18,37,72,951,27,12,10,49,8.401981184,160,168,17.95776719,17.76884481,9.294659846,7.509302523,468,16,9,7,32,483,11,3,3,17,500,500,145,23,148,12
4,1000,40,5.13,10.3,18,37,84,941,37,15,7,59,8.491077026,182,187,19.60060319,19.78221336,9.570366291,7.349606487,473,26,10,5,41,468,11,5,2,18,514,486,162,25,166,16
5,1000,40,5.13,10.3,18,37,80,948,28,14,10,52,8.30378373,204,186,22.53154867,25.32292743,9.542627716,7.049983882,462,22,11,8,41,486,6,3,2,11,503,497,171,15,188,16
7,1000,40,5.13,10.3,18,37,83,951,30,10,9,49,8.430576889,196,198,22.97195141,22.6283486,9.603563684,7.204817682,473,23,9,6,38,478,7,1,3,11,511,489,174,24,175,21
6,1000,40,5.13,10.3,18,37,84,960,20,9,11,40,8.334506861,186,207,22.29731749,23.42841055,9.665959699,6.897866481,487,16,7,9,32,473,4,2,2,8,519,481,175,32,171,15
3,1000,40,5.13,10.3,18,37,84,952,26,11,11,48,8.100755434,223,248,59.08446274,53.22076228,9.215229581,6.950038225,472,20,7,9,36,480,6,4,2,12,508,492,223,25,202,21
8,1000,40,5.13,10.3,18,37,82,958,25,11,6,42,8.148066036,212,221,32.09053487,33.65702014,9.253749061,7.127435552,453,15,6,6,27,505,10,5,0,15,480,520,197,24,196,16
2,1000,40,5.13,10.3,18,37,80,954,29,9,8,46,8.440202639,172,193,21.78650731,23.50608223,9.542410423,7.182222449,498,23,7,5,35,456,6,2,3,11,533,467,169,24,155,17
1,1000,40,5.13,10.3,18,37,73,952,24,14,10,48,8.36114456,176,197,18.27851012,18.13181095,9.313476507,7.408812613,468,16,9,7,32,484,8,5,3,16,500,500,164,33,160,16
4,1000,40,5.13,10.3,18,37,85,940,36,17,7,60,8.533341888,183,196,20.17289491,20.31846895,9.647375583,7.355125182,472,25,12,5,42,468,11,5,2,18,514,486,171,25,168,15
7,1000,40,5.13,10.3,18,37,84,952,30,9,9,48,8.425492043,204,197,23.74748726,23.35456607,9.59737149,7.200890003,474,23,8,6,37,478,7,1,3,11,511,489,172,25,176,28
5,1000,40,5.13,10.3,18,37,81,949,28,14,9,51,8.274393626,200,181,23.22344924,26.15123887,9.546406457,6.987024504,463,21,11,8,40,486,7,3,1,11,503,497,163,18,182,18
6,1000,40,5.13,10.3,18,37,85,959,20,10,11,41,8.359500959,190,187,23.11746893,24.28035565,9.76829543,6.839408796,486,16,8,9,33,473,4,2,2,8,519,481,171,16,177,13
3,1000,40,5.13,10.3,18,37,85,952,26,11,11,48,8.086301656,212,234,65.33975692,58.22062739,9.229080697,6.906359069,472,20,7,9,36,480,6,4,2,12,508,492,207,27,199,13
8,1000,40,5.13,10.3,18,37,83,959,24,10,7,41,8.159152261,226,224,33.50139373,35.12565391,9.351804515,7.058242488,453,15,5,7,27,506,9,5,0,14,480,520,196,28,214,12
2,1000,40,5.13,10.3,18,37,81,953,29,9,9,47,8.46065953,179,202,22.29746726,24.04968075,9.58903622,7.172812044,498,22,7,6,35,455,7,2,3,12,533,467,174,28,164,15
1,1000,40,5.13,10.3,18,37,74,952,23,15,10,48,8.376690565,154,176,18.65105142,18.58822684,9.351245552,7.402135578,468,15,10,7,32,484,8,5,3,16,500,500,152,24,142,12
4,1000,40,5.13,10.3,18,37,86,942,34,17,7,58,8.50317774,207,186,20.61524941,20.73469291,9.656740279,7.283154808,473,24,12,5,41,469,10,5,2,17,514,486,162,24,189,18
7,1000,40,5.13,10.3,18,37,85,952,30,9,9,48,8.42750296,190,208,24.28460396,23.91255421,9.650866867,7.149100185,474,23,8,6,37,478,7,1,3,11,511,489,186,22,178,12
6,1000,40,5.13,10.3,18,37,86,959,20,10,11,41,8.370448463,173,200,23.99654252,25.25012158,9.822008485,6.804212181,485,17,8,9,34,474,3,2,2,7,519,481,180,20,162,11
5,1000,40,5.13,10.3,18,37,82,949,28,14,9,51,8.242633399,221,208,23.82290425,26.80741741,9.554121507,6.915312437,463,21,11,8,40,486,7,3,1,11,503,497,184,24,209,12
3,1000,40,5.13,10.3,18,37,86,952,26,10,12,48,8.087905073,210,226,68.83690264,61.08717867,9.288918213,6.847834595,471,21,7,9,37,481,5,3,3,11,508,492,203,23,198,12
8,1000,40,5.13,10.3,18,37,84,959,24,10,7,41,8.146080487,219,230,35.32084352,37.04376691,9.377319367,7.009552291,453,15,5,7,27,506,9,5,0,14,480,520,204,26,204,15
2,1000,40,5.13,10.3,18,37,82,953,30,9,8,47,8.483622389,182,200,22.62621424,24.48083609,9.651981894,7.150141412,498,22,7,6,35,455,8,2,2,12,533,467,176,24,165,17
4,1000,40,5.13,10.3,18,37,87,943,32,18,7,57,8.502241165,203,208,20.99833266,21.12916309,9.724973358,7.209063497,473,23,13,5,41,470,9,5,2,16,514,486,184,24,189,14
1,1000,40,5.13,10.3,18,37,75,951,23,16,10,49,8.392737006,179,190,18.93798768,18.89963308,9.383964024,7.401509987,468,14,11,7,32,483,9,5,3,17,500,500,170,20,160,19
7,1000,40,5.13,10.3,18,37,86,952,29,10,9,48,8.41329232,206,207,25.25846221,24.98328633,9.661543275,7.108882835,475,21,9,6,36,477,8,1,3,12,511,489,188,19,191,15
6,1000,40,5.13,10.3,18,37,87,958,20,11,11,42,8.404803713,196,234,24.77510639,26.27595055,9.873619003,6.819948961,483,18,9,9,36,475,2,2,2,6,519,481,203,31,182,14
5,1000,40,5.13,10.3,18,37,83,950,27,14,9,50,8.245634453,229,214,24.6810588,27.68135663,9.620458336,6.854213099,463,21,11,8,40,487,6,3,1,10,503,497,199,15,210,19
3,1000,40,5.13,10.3,18,37,87,952,26,10,12,48,8.108973695,212,233,76.38640735,67.21983408,9.339699266,6.838224528,471,21,7,9,37,481,5,3,3,11,508,492,213,20,201,11
8,1000,40,5.13,10.3,18,37,85,958,23,12,7,42,8.154848807,233,239,37.13389792,38.9510524,9.413048703,6.993433519,453,14,6,7,27,505,9,6,0,15,480,520,219,20,219,14
2,1000,40,5.13,10.3,18,37,83,952,31,9,8,48,8.493004481,198,209,22.97643988,24.82887187,9.681554044,7.136480033,496,24,7,6,37,456,7,2,2,11,533,467,186,23,171,27
4,1000,40,5.13,10.3,18,37,88,944,32,17,7,56,8.515249035,188,188,21.51693634,21.62536312,9.790137191,7.166910531,473,23,12,6,41,471,9,5,1,15,514,486,172,16,170,18
6,1000,40,5.13,10.3,18,37,88,958,20,11,11,42,8.407644495,212,210,25.55360794,27.2235896,9.92391454,6.771585964,483,18,9,9,36,475,2,2,2,6,519,481,190,20,195,17
7,1000,40,5.13,10.3,18,37,87,949,32,10,9,51,8.435077497,207,197,25.79679088,25.54587487,9.720913794,7.091391714,473,23,9,6,38,476,9,1,3,13,511,489,166,31,185,22
1,1000,40,5.13,10.3,18,37,76,952,22,16,10,48,8.376165864,171,179,19.39097414,19.33617151,9.394001801,7.358329927,468,14,11,7,32,484,8,5,3,16,500,500,157,22,158,13
5,1000,40,5.13,10.3,18,37,84,950,27,14,9,50,8.235113195,218,207,25.35661284,28.31622752,9.658176106,6.794870451,463,21,11,8,40,487,6,3,1,10,503,497,192,15,202,16
3,1000,40,5.13,10.3,18,37,88,952,26,10,12,48,8.11892859,222,236,78.38737261,69.08181978,9.374280841,6.822751876,471,21,7,9,37,481,5,3,3,11,508,492,214,22,210,12
8,1000,40,5.13,10.3,18,37,86,957,25,12,6,43,8.163683465,219,249,39.44923356,41.48822627,9.441772732,6.983908757,452,16,6,6,28,505,9,6,0,15,480,520,226,23,203,16
2,1000,40,5.13,10.3,18,37,84,952,31,9,8,48,8.506977787,171,218,23.26272932,25.14927806,9.726549924,7.115046419,496,24,7,6,37,456,7,2,2,11,533,467,187,31,158,13
4,1000,40,5.13,10.3,18,37,89,942,34,17,7,58,8.553218012,199,218,21.94525429,22.09215979,9.838005432,7.194409917,472,24,12,6,42,470,10,5,1,16,514,486,190,28,185,14
6,1000,40,5.13,10.3,18,37,89,957,20,12,11,43,8.405224672,209,213,26.37464244,28.22296077,9.942700073,6.746285518,483,18,9,9,36,474,2,3,2,7,519,481,180,33,190,19
7,1000,40,5.13,10.3,18,37,88,950,31,10,9,50,8.418870613,209,206,26.3246675,26.1543222,9.732665619,7.045968266,473,23,9,6,38,477,8,1,3,12,511,489,185,21,199,10
5,1000,40,5.13,10.3,18,37,85,949,27,15,9,51,8.247680984,228,224,26.35763894,29.28783526,9.74928987,6.727944023,461,22,12,8,42,488,5,3,1,9,503,497,207,17,214,14
3,1000,40,5.13,10.3,18,37,89,952,26,10,12,48,8.070959319,227,224,81.47781052,71.73806032,9.35867447,6.741367253,471,21,7,9,37,481,5,3,3,11,508,492,207,17,204,23
8,1000,40,5.13,10.3,18,37,87,957,25,12,6,43,8.14742427,239,240,41.1121293,43.44695225,9.474870341,6.922089434,452,16,6,6,28,505,9,6,0,15,480,520,220,20,227,12
1,1000,40,5.13,10.3,18,37,77,950,24,16,10,50,8.375847019,200,187,19.79104632,19.81734099,9.427096372,7.324597665,467,15,11,7,33,483,9,5,3,17,500,500,163,24,182,18
2,1000,40,5.13,10.3,18,37,85,952,31,8,9,48,8.508489483,184,209,23.84157564,25.64362951,9.758660152,7.081635165,496,24,6,7,37,456,7,2,2,11,533,467,184,25,170,14
4,1000,40,5.13,10.3,18,37,90,940,36,17,7,60,8.578053079,198,193,22.32068554,22.46621442,9.890830107,7.189642806,471,25,12,6,43,469,11,5,1,17,514,486,173,20,183,15
6,1000,40,5.13,10.3,18,37,90,958,20,12,10,42,8.399349176,206,204,27.5821178,29.5708455,9.96126507,6.714038679,483,18,9,9,36,475,2,3,1,6,519,481,186,18,196,10
7,1000,40,5.13,10.3,18,37,89,949,32,10,9,51,8.378511036,211,212,27.1081869,26.86619266,9.704660444,6.992698465,472,24,9,6,39,477,8,1,3,12,511,489,186,26,187,24
5,1000,40,5.13,10.3,18,37,86,950,26,15,9,50,8.285994064,229,222,27.34768792,30.36318688,9.813751055,6.739793326,461,22,12,8,42,489,4,3,1,8,503,497,205,17,215,14
3,1000,40,5.13,10.3,18,37,90,952,26,10,12,48,8.050569783,213,259,88.10183678,77.45397442,9.367115125,6.691209958,471,21,7,9,37,481,5,3,3,11,508,492,236,23,205,8
8,1000,40,5.13,10.3,18,37,88,957,26,11,6,43,8.152662599,257,249,43.24610208,45.94045911,9.507474659,6.902066852,451,17,6,6,29,506,9,5,0,14,480,520,230,19,237,20
1,1000,40,5.13,10.3,18,37,78,950,24,16,10,50,8.388397589,182,183,20.41694633,20.49321896,9.459882244,7.316912934,467,15,11,7,33,483,9,5,3,17,500,500,164,19,169,13
2,1000,40,5.13,10.3,18,37,86,951,31,9,9,49,8.533948844,195,235,24.34852185,26.14296883,9.851995687,7.029625572,495,24,7,7,38,456,7,2,2,11,533,467,202,33,178,17
4,1000,40,5.13,10.3,18,37,91,942,34,16,8,58,8.558665648,208,213,23.01247819,23.16469692,9.911941702,7.127423073,471,25,11,7,43,471,9,5,1,15,514,486,196,17,186,22
6,1000,40,5.13,10.3,18,37,91,958,20,12,10,42,8.407909328,226,225,28.50827839,30.57195277,10.04963594,6.6364829,483,18,9,9,36,475,2,3,1,6,519,481,203,22,210,16
7,1000,40,5.13,10.3,18,37,90,949,33,10,8,51,8.381832943,213,220,27.93342192,27.75104144,9.763530091,6.937973551,471,25,9,6,40,478,8,1,2,11,511,489,206,14,194,19
3,1000,40,5.13,10.3,18,37,91,950,28,10,12,50,8.041723355,238,243,92.67277502,81.80200224,9.404311335,6.634823571,470,22,7,9,38,480,6,3,3,12,508,492,220,23,222,16
5,1000,40,5.13,10.3,18,37,87,950,26,16,8,50,8.248054293,228,219,28.3405851,31.495954,9.776965172,6.700685736,461,22,13,7,42,489,4,3,1,8,503,497,200,19,211,17
8,1000,40,5.13,10.3,18,37,89,957,26,11,6,43,8.17852656,265,231,45.53755469,48.24573916,9.588859909,6.876680392,451,17,6,6,29,506,9,5,0,14,480,520,209,22,246,19
1,1000,40,5.13,10.3,18,37,79,951,23,16,10,49,8.379695803,179,206,20.89178081,20.95977386,9.485148577,7.274243029,466,16,11,7,34,485,7,5,3,15,500,500,180,26,163,16
2,1000,40,5.13,10.3,18,37,87,952,30,8,10,48,8.569117515,175,226,25.00440047,26.84484679,9.918740327,7.02875572,495,24,6,8,38,457,6,2,2,10,533,467,198,28,165,10
4,1000,40,5.13,10.3,18,37,92,943,34,15,8,57,8.525513911,201,208,23.52269138,23.73688214,9.936048055,7.033714425,471,25,11,7,43,472,9,4,1,14,514,486,193,15,196,5
6,1000,40,5.13,10.3,18,37,92,956,22,12,10,44,8.420492644,197,223,29.24962721,31.26921409,10.08231583,6.627381967,482,19,9,9,37,474,3,3,1,7,519,481,202,21,183,14
7,1000,40,5.13,10.3,18,37,91,949,33,10,8,51,8.386518406,212,237,28.82567289,28.59699548,9.798593139,6.910914749,471,25,9,6,40,478,8,1,2,11,511,489,217,20,194,18
8,1000,40,5.13,10.3,18,37,90,956,27,11,6,44,8.167943799,242,255,47.52968192,50.43261536,9.62632921,6.821741881,450,18,6,6,30,506,9,5,0,14,480,520,229,26,225,17
3,1000,40,5.13,10.3,18,37,92,948,30,10,12,52,8.061172563,243,238,101.523194,89.19224465,9.516377343,6.558644051,468,24,7,9,40,480,6,3,3,12,508,492,221,17,229,14
5,1000,40,5.13,10.3,18,37,88,951,26,15,8,49,8.284654179,233,220,29.57968434,32.79063077,9.834825639,6.715768376,461,22,13,7,42,490,4,2,1,7,503,497,201,19,213,20
1,1000,40,5.13,10.3,18,37,80,950,24,16,10,50,8.405983528,191,192,21.3892881,21.49587692,9.533101474,7.278865583,466,16,11,7,34,484,8,5,3,16,500,500,172,20,171,20
4,1000,40,5.13,10.3,18,37,93,943,35,14,8,57,8.492375871,204,213,24.26548286,24.57458932,9.956315373,6.944094175,470,26,11,7,44,473,9,3,1,13,514,486,196,17,189,15
2,1000,40,5.13,10.3,18,37,88,953,28,9,10,47,8.570807813,210,198,25.64686269,27.446862,9.993114647,6.947489734,495,24,6,8,38,458,4,3,2,9,533,467,183,15,190,20
6,1000,40,5.13,10.3,18,37,93,957,22,11,10,43,8.415017075,219,236,30.22921181,32.38630904,10.14832655,6.544772547,482,19,9,9,37,475,3,2,1,6,519,481,206,30,201,18
7,1000,40,5.13,10.3,18,37,92,948,34,10,8,52,8.386032462,214,216,29.5762902,29.35318203,9.856332616,6.849583834,470,26,9,6,41,478,8,1,2,11,511,489,200,16,202,12
8,1000,40,5.13,10.3,18,37,91,955,28,11,6,45,8.158829055,246,236,49.18153954,52.29081833,9.623614681,6.806719247,450,18,6,6,30,505,10,5,0,15,480,520,222,14,231,15
3,1000,40,5.13,10.3,18,37,93,948,30,10,12,52,8.078812686,230,248,104.507674,91.55740338,9.568590432,6.540586884,468,24,7,9,40,480,6,3,3,12,508,492,231,17,218,12
5,1000,40,5.13,10.3,18,37,89,952,26,15,7,48,8.245352958,233,221,30.44282384,33.82452287,9.854027663,6.617257634,461,22,13,7,42,491,4,2,0,6,503,497,205,16,216,17
1,1000,40,5.13,10.3,18,37,81,950,24,16,10,50,8.379770955,196,202,21.82587887,22.03182948,9.534622348,7.224919562,465,17,11,7,35,485,7,5,3,15,500,500,175,27,178,18
4,1000,40,5.13,10.3,18,37,94,943,34,15,8,57,8.498941465,233,234,24.99023963,25.38121099,9.997219759,6.914342611,470,25,12,7,44,473,9,3,1,13,514,486,216,18,216,17
6,1000,40,5.13,10.3,18,37,94,957,21,12,10,43,8.436608629,226,236,31.62886783,34.02741091,10.23559417,6.495499492,482,18,10,9,37,475,3,2,1,6,519,481,217,19,210,16
2,1000,40,5.13,10.3,18,37,89,952,29,9,10,48,8.593772805,180,220,26.32874346,28.14811573,10.05451595,6.926586307,493,26,6,8,40,459,3,3,2,8,533,467,193,27,168,12
7,1000,40,5.13,10.3,18,37,93,947,35,10,8,53,8.38474462,225,213,30.2697795,30.1095202,9.864565243,6.838347199,470,26,9,6,41,477,9,1,2,12,511,489,191,22,213,12
8,1000,40,5.13,10.3,18,37,92,955,28,11,6,45,8.159713999,246,232,52.39100928,55.38885377,9.670117832,6.765495076,450,18,6,6,30,505,10,5,0,15,480,520,215,17,236,10
3,1000,40,5.13,10.3,18,37,94,949,30,10,11,51,8.059025898,245,251,108.6454549,95.45102316,9.555667272,6.51371326,469,24,7,8,39,480,6,3,3,12,508,492,231,20,226,19
5,1000,40,5.13,10.3,18,37,90,951,28,14,7,49,8.295170739,230,229,31.89896814,35.25688416,9.948175791,6.62220989,459,24,13,7,44,492,4,1,0,5,503,497,206,23,218,12
1,1000,40,5.13,10.3,18,37,82,950,23,17,10,50,8.360869143,200,191,22.52186116,22.77904753,9.551641017,7.170097268,465,16,12,7,35,485,7,5,3,15,500,500,173,18,183,17
6,1000,40,5.13,10.3,18,37,95,954,24,12,10,46,8.439883249,251,237,33.73236272,36.90287399,10.26963651,6.465575676,481,19,10,9,38,473,5,2,1,8,519,481,223,14,220,31
4,1000,40,5.13,10.3,18,37,95,943,34,15,8,57,8.522247327,204,211,25.80801533,26.30485324,10.01154711,6.947144263,470,25,12,7,44,473,9,3,1,13,514,486,194,17,194,10
2,1000,40,5.13,10.3,18,37,90,951,30,9,10,49,8.655001418,200,224,26.96546888,28.69790357,10.15531065,6.942657045,493,26,6,8,40,458,4,3,2,9,533,467,196,28,180,20
7,1000,40,5.13,10.3,18,37,94,947,35,10,8,53,8.370433751,225,236,31.34250247,30.98619452,9.898690491,6.773421083,470,26,9,6,41,477,9,1,2,12,511,489,214,22,212,13
8,1000,40,5.13,10.3,18,37,93,955,28,11,6,45,8.117808736,258,256,54.69660773,57.51146843,9.710249872,6.647863072,450,18,6,6,30,505,10,5,0,15,480,520,238,18,245,13
3,1000,40,5.13,10.3,18,37,95,951,28,10,11,49,8.010295653,257,254,111.1350846,97.37649268,9.576151119,6.393518057,469,24,7,8,39,482,4,3,3,10,508,492,236,18,239,18
5,1000,40,5.13,10.3,18,37,91,950,29,14,7,50,8.322124151,238,235,33.57405284,36.82374373,9.986848174,6.637302857,458,25,13,7,45,492,4,1,0,5,503,497,217,18,223,15
6,1000,40,5.13,10.3,18,37,96,954,23,12,11,46,8.461717281,229,245,35.62910527,39.04553639,10.33448048,6.441001897,481,18,10,10,38,473,5,2,1,8,519,481,222,23,215,14
4,1000,40,5.13,10.3,18,37,96,942,35,15,8,58,8.527200364,218,202,26.89573971,27.4900075,10.06819097,6.897428411,469,26,12,7,45,473,9,3,1,13,514,486,184,18,204,14
1,1000,40,5.13,10.3,18,37,83,950,23,16,11,50,8.369480052,198,214,23.19605032,23.51034803,9.581076488,7.157883616,465,16,11,8,35,485,7,5,3,15,500,500,194,20,183,15
2,1000,40,5.13,10.3,18,37,91,951,30,9,10,49,8.642285812,203,225,27.92286399,29.75546106,10.17391856,6.894191047,493,26,6,8,40,458,4,3,2,9,533,467,214,11,192,11
7,1000,40,5.13,10.3,18,37,95,947,34,10,9,53,8.369841979,242,239,32.17411523,31.90261931,9.942256314,6.726685077,470,25,9,7,41,477,9,1,2,12,511,489,220,19,222,20
3,1000,40,5.13,10.3,18,37,96,950,29,10,11,50,8.057033473,257,275,118.5382864,103.9010484,9.660811578,6.401099981,468,25,7,8,40,482,4,3,3,10,508,492,253,22,246,11
8,1000,40,5.13,10.3,18,37,94,957,27,9,7,43,8.146451984,271,251,56.5318404,59.3987421,9.78305454,6.635741933,450,18,6,6,30,507,9,3,1,13,480,520,237,14,261,10
5,1000,40,5.13,10.3,18,37,92,950,29,14,7,50,8.337097649,257,226,34.85476622,37.99243495,10.01863105,6.635264051,458,25,13,7,45,492,4,1,0,5,503,497,214,12,244,13
6,1000,40,5.13,10.3,18,37,97,954,23,12,11,46,8.46255059,238,265,37.20430316,41.21861194,10.35884166,6.416448585,481,18,10,10,38,473,5,2,1,8,519,481,238,27,225,13
4,1000,40,5.13,10.3,18,37,97,941,34,17,8,59,8.531698981,214,226,28.08190595,28.75635974,10.07907188,6.895177028,469,26,12,7,45,472,8,5,1,14,514,486,209,17,203,11
2,1000,40,5.13,10.3,18,37,92,950,31,9,10,50,8.665684804,215,219,28.62742066,30.76050959,10.2282262,6.882313146,492,27,6,8,41,458,4,3,2,9,533,467,198,21,204,11
7,1000,40,5.13,10.3,18,37,96,946,34,11,9,54,8.402629276,221,225,33.30657941,33.08054344,9.96877018,6.766028046,470,24,10,7,41,476,10,1,2,13,511,489,207,18,210,11
1,1000,40,5.13,10.3,18,37,84,950,23,16,11,50,8.371056611,184,228,24.28972075,24.64151655,9.620632291,7.12148093,465,16,11,8,35,485,7,5,3,15,500,500,210,18,171,13
3,1000,40,5.13,10.3,18,37,97,949,28,12,11,51,8.087699786,262,285,126.8843773,110.891303,9.723426982,6.398778209,467,24,9,8,41,482,4,3,3,10,508,492,260,25,254,8
8,1000,40,5.13,10.3,18,37,95,958,27,8,7,42,8.114443337,251,246,58.74063079,61.47374802,9.801031751,6.557592493,450,18,6,6,30,508,9,2,1,12,480,520,229,17,243,8
5,1000,40,5.13,10.3,18,37,93,949,30,14,7,51,8.36817196,233,238,35.74187663,39.00318658,10.04370079,6.672415417,457,26,13,7,46,492,4,1,0,5,503,497,219,19,222,11
6,1000,40,5.13,10.3,18,37,98,953,24,12,11,47,8.46500497,220,257,39.2143333,44.15112669,10.39234975,6.385395946,481,18,10,10,38,472,6,2,1,9,519,481,231,26,210,10
4,1000,40,5.13,10.3,18,37,98,941,34,17,8,59,8.541196702,246,223,29.47912497,30.19299638,10.10060245,6.891948647,469,26,12,7,45,472,8,5,1,14,514,486,204,19,232,14
2,1000,40,5.13,10.3,18,37,93,949,32,9,10,51,8.670271868,197,239,29.4087734,31.6328802,10.24241504,6.875941441,491,28,6,8,42,458,4,3,2,9,533,467,206,33,187,10
7,1000,40,5.13,10.3,18,37,97,945,35,11,9,55,8.4008671,233,233,34.12012035,33.93847988,9.998117059,6.731757225,469,25,10,7,42,476,10,1,2,13,511,489,217,16,218,15
3,1000,40,5.13,10.3,18,37,98,950,26,12,12,50,8.074712317,281,268,134.5705775,117.1257639,9.757263121,6.337444414,468,22,9,9,40,482,4,3,3,10,508,492,249,19,267,14
8,1000,40,5.13,10.3,18,37,96,958,27,8,7,42,8.099855039,263,269,60.77886149,63.65374787,9.822199882,6.509998261,450,18,6,6,30,508,9,2,1,12,480,520,249,20,252,11
1,1000,40,5.13,10.3,18,37,85,948,27,16,9,52,8.332128712,209,214,25.41191539,25.76535526,9.625246641,7.039010784,465,17,11,7,35,483,10,5,2,17,500,500,190,24,191,18
5,1000,40,5.13,10.3,18,37,94,947,32,14,7,53,8.321562989,258,250,36.5826902,39.96621901,10.03169501,6.590785508,457,26,13,7,46,490,6,1,0,7,503,497,236,14,248,10
6,1000,40,5.13,10.3,18,37,99,953,23,13,11,47,8.431381694,236,255,41.2781835,47.07933346,10.42526045,6.279982372,480,17,12,10,39,473,6,1,1,8,519,481,229,26,223,13
4,1000,40,5.13,10.3,18,37,99,938,37,17,8,62,8.560421845,225,213,31.39608051,32.22855205,10.18545716,6.841763095,466,29,12,7,48,472,8,5,1,14,514,486,197,16,207,18
7,1000,40,5.13,10.3,18,37,98,943,36,12,9,57,8.413291398,259,233,35.89752792,35.30138682,10.07946172,6.672160448,467,26,11,7,44,476,10,1,2,13,511,489,211,22,247,12
2,1000,40,5.13,10.3,18,37,94,947,33,10,10,53,8.692911138,222,232,30.5915596,33.09548054,10.31450641,6.842139661,489,29,7,8,44,458,4,3,2,9,533,467,213,19,207,15
3,1000,40,5.13,10.3,18,37,99,950,26,12,12,50,8.074870735,270,267,140.4903984,122.4096766,9.820440186,6.272534798,468,22,9,9,40,482,4,3,3,10,508,492,253,14,259,11
8,1000,40,5.13,10.3,18,37,97,958,26,9,7,42,8.133051258,264,292,63.36521082,65.83052264,9.917615957,6.485760768,450,17,7,6,30,508,9,2,1,12,480,520,262,30,253,11
5,1000,40,5.13,10.3,18,37,95,947,31,15,7,53,8.30502312,250,236,37.43804423,40.91762034,10.05168138,6.537278439,457,25,14,7,46,490,6,1,0,7,503,497,215,21,236,14
1,1000,40,5.13,10.3,18,37,86,948,27,16,9,52,8.333390407,191,234,26.46484631,26.96066003,9.626546467,7.040234347,465,17,11,7,35,483,10,5,2,17,500,500,206,28,174,17
6,1000,40,5.13,10.3,18,37,100,953,23,13,11,47,8.424474379,247,273,42.47984917,48.79675919,10.44800762,6.24107781,480,17,12,10,39,473,6,1,1,8,519,481,253,20,232,15
4,1000,40,5.13,10.3,18,37,100,938,37,17,8,62,8.572861782,221,248,32.68810209,33.60106586,10.20441652,6.847308003,466,29,12,7,48,472,8,5,1,14,514,486,221,27,204,17
7,1000,40,5.13,10.3,18,37,99,943,36,12,9,57,8.415315706,251,257,37.29105563,36.60955601,10.10235725,6.652374545,467,26,11,7,44,476,10,1,2,13,511,489,236,21,241,10
3,1000,40,5.13,10.3,18,37,100,950,26,12,12,50,8.068312164,265,282,147.9604235,129.3403538,9.82024679,6.259404055,468,22,9,9,40,482,4,3,3,10,508,492,264,18,254,11
2,1000,40,5.13,10.3,18,37,95,947,33,10,10,53,8.682902897,219,233,31.42426473,33.99859729,10.33782365,6.794096124,489,29,7,8,44,458,4,3,2,9,533,467,217,16,204,15
8,1000,40,5.13,10.3,18,37,98,957,27,9,7,43,8.158413861,279,263,65.42123561,68.24240846,10.01359424,6.445939667,449,18,7,6,31,508,9,2,1,12,480,520,252,11,263,16
5,1000,40,5.13,10.3,18,37,96,947,31,14,8,53,8.322595241,255,256,38.6824977,42.34360997,10.0891892,6.534674192,457,25,13,8,46,490,6,1,0,7,503,497,235,21,244,11
1,1000,40,5.13,10.3,18,37,87,948,27,16,9,52,8.35057207,199,220,27.23667721,27.82811693,9.662256311,7.038887829,465,17,11,7,35,483,10,5,2,17,500,500,203,17,188,11
6,1000,40,5.13,10.3,18,37,101,953,23,13,11,47,8.426703423,252,275,43.82355189,50.59978096,10.48848366,6.202038261,480,17,12,10,39,473,6,1,1,8,519,481,243,32,241,11
4,1000,40,5.13,10.3,18,37,101,937,37,18,8,63,8.590006393,217,221,34.28876978,35.20269467,10.23501616,6.8502224,466,28,13,7,48,471,9,5,1,15,514,486,203,18,203,14
3,1000,40,5.13,10.3,18,37,101,950,26,12,12,50,8.108174712,286,292,159.2951373,139.0303698,9.941228184,6.215509744,468,22,9,9,40,482,4,3,3,10,508,492,272,20,268,18
7,1000,40,5.13,10.3,18,37,100,943,35,13,9,57,8.43840244,243,246,38.85539015,38.21788714,10.20652728,6.590730062,467,25,12,7,44,476,10,1,2,13,511,489,226,20,229,14
8,1000,40,5.13,10.3,18,37,99,956,28,9,7,44,8.154017736,301,281,67.52427183,70.83808781,10.04060811,6.412549701,449,18,7,6,31,507,10,2,1,13,480,520,265,16,281,20
5,1000,40,5.13,10.3,18,37,97,947,31,14,8,53,8.335908707,250,246,40.1327214,43.89772607,10.14057395,6.509456761,457,25,13,8,46,490,6,1,0,7,503,497,231,15,236,14
2,1000,40,5.13,10.3,18,37,96,948,32,10,10,52,8.651904498,236,233,32.827326,35.59596177,10.36645503,6.69504062,489,29,7,8,44,459,3,3,2,8,533,467,212,21,222,14
1,1000,40,5.13,10.3,18,37,88,947,28,16,9,53,8.373660268,217,232,28.17262714,28.84227716,9.689236223,7.058084312,465,17,11,7,35,482,11,5,2,18,500,500,217,15,201,16
6,1000,40,5.13,10.3,18,37,102,954,22,13,11,46,8.446160595,247,252,45.4360695,53.00716838,10.50463134,6.225066378,480,17,12,10,39,474,5,1,1,7,519,481,236,16,233,14
4,1000,40,5.13,10.3,18,37,102,938,36,18,8,62,8.591488541,222,253,36.32832577,37.42774133,10.32020562,6.763174589,466,28,13,7,48,472,8,5,1,14,514,486,235,18,212,10
3,1000,40,5.13,10.3,18,37,102,949,27,12,12,51,8.127086525,281,275,173.8357938,151.8262565,10.01427089,6.178530316,467,23,9,9,41,482,4,3,3,10,508,492,252,23,266,15
8,1000,40,5.13,10.3,18,37,100,955,29,9,7,45,8.150616084,278,293,70.87271452,74.86827063,10.10137471,6.34991581,448,19,7,6,32,507,10,2,1,13,480,520,275,18,269,9
7,1000,40,5.13,10.3,18,37,101,943,35,13,9,57,8.434333784,245,266,41.03255403,40.26534276,10.22278283,6.565422816,467,25,12,7,44,476,10,1,2,13,511,489,243,23,233,12
2,1000,40,5.13,10.3,18,37,97,948,32,10,10,52,8.661539916,218,254,33.95643443,36.87812354,10.41407692,6.661321027,489,29,7,8,44,459,3,3,2,8,533,467,230,24,207,11
5,1000,40,5.13,10.3,18,37,98,947,30,15,8,53,8.35471126,255,264,41.73846107,45.75659219,10.21675197,6.47019119,457,25,13,8,46,490,5,2,0,7,503,497,241,23,250,5
6,1000,40,5.13,10.3,18,37,103,955,21,13,11,45,8.407267425,244,273,46.77284006,54.43506923,10.50539511,6.143383286,480,17,12,10,39,475,4,1,1,6,519,481,247,26,236,8
1,1000,40,5.13,10.3,18,37,89,948,28,15,9,52,8.336152934,226,239,29.43463516,30.13738634,9.677281239,6.995024629,466,17,10,7,34,482,11,5,2,18,500,500,217,22,210,16
4,1000,40,5.13,10.3,18,37,103,937,36,19,8,63,8.588474464,242,249,38.19330912,39.41659342,10.33775805,6.738409106,465,28,14,7,49,472,8,5,1,14,514,486,223,26,221,21
3,1000,40,5.13,10.3,18,37,103,947,29,12,12,53,8.15669197,277,290,190.2043455,166.0208816,10.0669307,6.184331656,465,25,9,9,43,482,4,3,3,10,508,492,272,18,265,12
7,1000,40,5.13,10.3,18,37,102,944,34,13,9,56,8.423821809,272,272,42.5494813,41.85974131,10.23502574,6.531132224,467,25,12,7,44,477,9,1,2,12,511,489,244,28,252,20
8,1000,40,5.13,10.3,18,37,101,955,29,10,6,45,8.131211962,275,273,74.34341684,79.6097206,10.13311467,6.28330177,447,20,7,6,33,508,9,3,0,12,480,520,259,14,264,11
2,1000,40,5.13,10.3,18,37,98,947,33,10,10,53,8.666473544,225,233,35.03791404,37.98078979,10.44250932,6.639434849,488,30,7,8,45,459,3,3,2,8,533,467,221,12,207,18
5,1000,40,5.13,10.3,18,37,99,946,31,15,8,54,8.348217609,279,257,43.41260189,47.42032536,10.27509119,6.398081972,456,26,13,8,47,490,5,2,0,7,503,497,237,20,264,15
6,1000,40,5.13,10.3,18,37,104,956,21,12,11,44,8.381559473,271,271,48.92130996,57.54817394,10.56152323,6.029374052,480,17,12,10,39,476,4,0,1,5,519,481,243,28,258,13
9,1000,40,5.13,10.3,18,37,0,936,40,10,14,64,7.365,82,115,10.09065945,9.2757274,6.171428571,8.511764706,471,16,3,0,19,465,24,7,14,45,490,510,74,41,50,32
4,1000,40,5.13,10.3,18,37,104,936,37,19,8,64,8.578671509,246,251,40.30544132,41.46247374,10.35418299,6.700867186,464,29,14,7,50,472,8,5,1,14,514,486,230,21,220,26
1,1000,40,5.13,10.3,18,37,90,948,29,15,8,52,8.34616607,233,236,30.64543906,31.33919238,9.713962912,6.978369228,466,17,10,7,34,482,12,5,1,18,500,500,217,19,224,9
10,1000,40,5.13,10.3,18,37,0,948,28,11,13,52,6.844,81,122,9.974191228,8.779049997,6.408080808,7.271287129,475,9,8,3,20,473,19,3,10,32,495,505,73,49,55,26
3,1000,40,5.13,10.3,18,37,104,946,31,12,11,54,8.175278137,293,290,204.0766552,178.1010004,10.10746972,6.180251051,464,26,9,9,44,482,5,3,2,10,508,492,269,21,280,13
11,1000,40,5.13,10.3,18,37,0,944,29,12,15,56,6.964,95,111,10.1600373,9.039852648,6.28358209,7.564971751,445,15,4,5,24,499,14,8,10,32,469,531,60,51,66,29
7,1000,40,5.13,10.3,18,37,103,943,35,13,9,57,8.434633803,250,258,45.63438973,44.66654636,10.27787115,6.508469627,467,25,12,7,44,476,10,1,2,13,511,489,245,13,239,11
8,1000,40,5.13,10.3,18,37,102,955,28,10,7,45,8.144759202,284,306,79.35322626,86.25706245,10.20499251,6.243005375,446,20,7,7,34,509,8,3,0,11,480,520,289,17,268,16
2,1000,40,5.13,10.3,18,37,99,947,33,10,10,53,8.670476551,224,242,36.54772596,39.56736775,10.47214607,6.614181359,487,31,7,8,46,460,2,3,2,7,533,467,230,12,206,18
5,1000,40,5.13,10.3,18,37,100,945,32,15,8,55,8.34416732,265,269,45.39270197,49.52200425,10.31224275,6.352332426,456,26,13,8,47,489,6,2,0,8,503,497,251,18,252,13
9,1000,40,5.13,10.3,18,37,1,935,41,10,14,65,7.376556733,105,86,10.10417101,9.333153746,6.193750002,8.512978886,470,17,3,0,20,465,24,7,14,45,490,510,49,37,68,37
10,1000,40,5.13,10.3,18,37,1,948,28,11,13,52,6.899231879,83,105,10.02799584,8.832054233,6.45181112,7.337792822,475,9,8,3,20,473,19,3,10,32,495,505,59,46,58,25
1,1000,40,5.13,10.3,18,37,91,949,29,15,7,51,8.356135573,221,230,31.59260529,32.26903328,9.766798858,6.945472288,466,17,10,7,34,483,12,5,0,17,500,500,211,19,203,18
7,1000,40,5.13,10.3,18,37,104,942,36,13,9,58,8.435799549,288,265,48.77775914,47.5432146,10.31398722,6.473112638,467,25,12,7,44,475,11,1,2,14,511,489,244,21,273,15
12,1000,40,5.13,10.3,18,37,0,941,24,21,14,59,7.26,98,91,9.972589348,8.94332185,6.129343629,8.475103734,500,10,8,0,18,441,14,13,14,41,518,482,47,44,69,29
11,1000,40,5.13,10.3,18,37,1,944,29,12,15,56,6.997708441,88,107,10.19757749,9.111502411,6.295005724,7.618363006,446,14,4,5,23,498,15,8,10,33,469,531,63,44,66,22
8,1000,40,5.13,10.3,18,37,103,956,28,9,7,44,8.116490155,295,302,84.86657569,94.92427808,10.22592438,6.169320099,445,21,7,7,35,511,7,2,0,9,480,520,283,19,283,12
2,1000,40,5.13,10.3,18,37,100,945,35,10,10,55,8.668068443,241,265,38.73054796,41.85830509,10.49201691,6.586345677,486,32,7,8,47,459,3,3,2,8,533,467,239,26,223,18
5,1000,40,5.13,10.3,18,37,101,943,34,15,8,57,8.341380449,271,261,47.16200383,51.59502206,10.37179128,6.286457613,454,28,13,8,49,489,6,2,0,8,503,497,242,19,260,11
9,1000,40,5.13,10.3,18,37,2,937,41,9,13,63,7.388719227,100,110,10.13342605,9.374968461,6.243685865,8.48884932,470,17,3,0,20,467,24,6,13,43,490,510,66,44,67,33
10,1000,40,5.13,10.3,18,37,2,950,26,11,13,50,6.931465957,87,98,10.04199499,8.865206513,6.490759166,7.363445881,475,9,8,3,20,475,17,3,10,30,495,505,57,41,63,24
1,1000,40,5.13,10.3,18,37,92,948,29,16,7,52,8.33079884,227,240,32.58935926,33.2984923,9.801296025,6.860301655,465,17,11,7,35,483,12,5,0,17,500,500,220,20,211,16
12,1000,40,5.13,10.3,18,37,1,943,23,20,14,57,7.255419683,113,97,9.991380538,8.974281518,6.124321235,8.470998514,500,10,8,0,18,443,13,12,14,39,518,482,51,46,78,35
11,1000,40,5.13,10.3,18,37,2,945,27,13,15,55,7.022152131,101,95,10.22830612,9.13448266,6.340427824,7.624277743,446,14,4,5,23,499,13,9,10,32,469,531,53,42,70,31
8,1000,40,5.13,10.3,18,37,104,955,28,10,7,45,8.156317636,295,313,89.86540081,102.7772327,10.27140294,6.203931203,444,22,7,7,36,511,6,3,0,9,480,520,291,22,283,12
13,1000,40,5.13,10.3,18,37,0,940,28,17,15,60,7.365,94,112,9.991114717,8.987340641,6.467611336,8.241106719,474,11,5,4,20,466,17,12,11,40,494,506,74,38,64,30
5,1000,40,5.13,10.3,18,37,102,944,33,15,8,56,8.342522878,271,252,49.0373005,53.59970541,10.42474843,6.235159795,454,28,13,8,49,490,5,2,0,7,503,497,239,13,256,15
2,1000,40,5.13,10.3,18,37,101,946,35,10,9,54,8.644819732,250,271,41.63182814,45.33680583,10.50203547,6.525128114,487,31,7,8,46,459,4,3,1,8,533,467,248,23,231,19
9,1000,40,5.13,10.3,18,37,3,938,40,9,13,62,7.392178853,97,114,10.16006244,9.403997654,6.252692161,8.486979792,470,17,3,0,20,468,23,6,13,42,490,510,70,44,60,37
10,1000,40,5.13,10.3,18,37,3,951,27,10,12,49,6.939938553,84,101,10.06454824,8.896878949,6.516513666,7.354978788,475,9,8,3,20,476,18,2,9,29,495,505,60,41,59,25
1,1000,40,5.13,10.3,18,37,93,948,29,16,7,52,8.344157459,217,228,33.65098743,34.42561198,9.836449404,6.851865514,465,17,11,7,35,483,12,5,0,17,500,500,214,14,202,15
12,1000,40,5.13,10.3,18,37,2,942,24,20,14,58,7.32140043,93,96,9.989637038,8.984752681,6.187677892,8.539799341,500,10,8,0,18,442,14,12,14,40,518,482,46,50,63,30
11,1000,40,5.13,10.3,18,37,3,946,25,14,15,54,7.043453919,106,104,10.26594298,9.190315382,6.359822993,7.647263531,447,12,5,5,22,499,13,9,10,32,469,531,64,40,73,33
13,1000,40,5.13,10.3,18,37,1,942,28,15,15,58,7.37949148,101,114,9.998835531,9.004464817,6.516903102,8.221623216,474,11,5,4,20,468,17,10,11,38,494,506,63,51,76,25
5,1000,40,5.13,10.3,18,37,103,941,35,15,9,59,8.37366656,271,278,50.39852582,55.06805218,10.50700494,6.21457359,451,30,13,9,52,490,5,2,0,7,503,497,262,16,257,14
2,1000,40,5.13,10.3,18,37,102,947,34,9,10,53,8.651643708,248,251,44.2089915,48.30427551,10.55666097,6.477394889,487,30,7,9,46,460,4,2,1,7,533,467,234,17,230,18
9,1000,40,5.13,10.3,18,37,4,941,37,9,13,59,7.363165869,90,109,10.17971171,9.445605769,6.235775204,8.446345135,471,16,3,0,19,470,21,6,13,40,490,510,64,45,57,33
10,1000,40,5.13,10.3,18,37,4,951,27,10,12,49,6.95452611,87,102,10.10064779,8.9387545,6.527383009,7.373210933,475,9,8,3,20,476,18,2,9,29,495,505,59,43,65,22
11,1000,40,5.13,10.3,18,37,4,948,24,12,16,52,7.056165078,113,98,10.30207164,9.220965345,6.360313095,7.670768807,448,12,3,6,21,500,12,9,10,31,469,531,60,38,87,26
1,1000,40,5.13,10.3,18,37,94,948,29,16,7,52,8.321471799,223,260,35.26612864,35.88835279,9.859249489,6.783694109,465,17,11,7,35,483,12,5,0,17,500,500,237,23,213,10
13,1000,40,5.13,10.3,18,37,2,945,29,13,13,55,7.358414266,82,104,10.03564795,9.037500893,6.544800473,8.152732869,474,11,5,4,20,471,18,8,9,35,494,506,52,52,56,26
12,1000,40,5.13,10.3,18,37,3,945,24,17,14,55,7.301792228,97,109,9.998965717,9.011676546,6.230839822,8.452732779,500,10,8,0,18,445,14,9,14,37,518,482,55,54,63,34
5,1000,40,5.13,10.3,18,37,104,940,36,15,9,60,8.381656982,285,290,52.44769742,57.27243096,10.55351838,6.18357593,450,31,13,9,53,490,5,2,0,7,503,497,270,20,273,12
14,1000,40,5.13,10.3,18,37,0,939,24,21,16,61,7.376,96,96,9.947889528,8.94315247,6.458252427,8.350515464,494,8,9,4,21,445,16,12,12,40,515,485,51,45,63,33
2,1000,40,5.13,10.3,18,37,103,947,34,9,10,53,8.709863784,251,272,47.29796427,51.69996025,10.63992718,6.507029112,487,30,7,9,46,460,4,2,1,7,533,467,257,15,238,13
9,1000,40,5.13,10.3,18,37,5,942,37,8,13,58,7.368427342,107,109,10.18714127,9.48064457,6.230248585,8.461971637,471,16,3,0,19,471,21,5,13,39,490,510,62,47,71,36
10,1000,40,5.13,10.3,18,37,5,951,27,11,11,49,6.959915544,87,112,10.12129587,8.969538976,6.553135597,7.358640444,475,9,8,3,20,476,18,3,8,29,495,505,70,42,66,21
11,1000,40,5.13,10.3,18,37,5,948,24,12,16,52,7.122542679,104,115,10.31083256,9.232336328,6.466259187,7.702197968,448,12,3,6,21,500,12,9,10,31,469,531,65,50,71,33
13,1000,40,5.13,10.3,18,37,3,942,32,13,13,58,7.402863665,84,92,10.06456745,9.091202858,6.581678273,8.204574304,472,13,5,4,22,470,19,8,9,36,494,506,49,43,58,26
12,1000,40,5.13,10.3,18,37,4,946,25,16,13,54,7.352580089,92,115,10.03251857,9.02811839,6.276581629,8.508943579,500,10,8,0,18,446,15,8,13,36,518,482,72,43,63,29
1,1000,40,5.13,10.3,18,37,95,947,29,17,7,53,8.299237672,234,259,36.81815267,37.35825311,9.879438221,6.719037123,465,17,11,7,35,482,12,6,0,18,500,500,243,16,217,17
14,1000,40,5.13,10.3,18,37,1,940,26,20,14,60,7.367061805,92,104,9.954827067,8.96879065,6.51555284,8.271241428,493,9,9,4,22,447,17,11,10,38,515,485,55,49,62,30
2,1000,40,5.13,10.3,18,37,104,947,34,9,10,53,8.702785499,252,289,52.33525153,57.56426141,10.64848411,6.482105928,487,30,7,9,46,460,4,2,1,7,533,467,269,20,240,12
15,1000,40,5.13,10.3,18,37,0,942,33,14,11,58,7.105,98,103,9.957493614,8.785485612,6.341897233,7.886639676,484,13,5,4,22,458,20,9,7,36,506,494,59,44,68,30
10,1000,40,5.13,10.3,18,37,6,954,24,11,11,46,6.957886274,101,122,10.13123769,9.007649361,6.560591349,7.347313973,476,8,8,3,19,478,16,3,8,27,495,505,72,50,76,25
9,1000,40,5.13,10.3,18,37,6,942,36,9,13,58,7.407441359,99,98,10.21425832,9.493073772,6.29692046,8.474412418,471,16,3,0,19,471,20,6,13,39,490,510,58,40,69,30
13,1000,40,5.13,10.3,18,37,4,943,31,12,14,57,7.38770231,104,117,10.08330157,9.121841739,6.584707587,8.171653681,472,13,5,4,22,471,18,7,10,35,494,506,76,41,65,39
11,1000,40,5.13,10.3,18,37,6,948,25,12,15,52,7.140282519,113,102,10.32146407,9.259473044,6.494862361,7.710342885,447,13,3,6,22,501,12,9,9,30,469,531,62,40,79,34
12,1000,40,5.13,10.3,18,37,5,946,25,16,13,54,7.413713947,90,102,10.04461196,9.057195974,6.35565783,8.550795003,500,10,8,0,18,446,15,8,13,36,518,482,49,53,60,30
14,1000,40,5.13,10.3,18,37,2,939,27,20,14,61,7.417179863,92,92,9.994591036,9.017540064,6.599900529,8.285012559,492,10,9,4,23,447,17,11,10,38,515,485,45,47,65,27
1,1000,40,5.13,10.3,18,37,96,946,30,17,7,54,8.295481702,255,257,38.55902472,39.14070542,9.933862398,6.657101005,465,17,11,7,35,481,13,6,0,19,500,500,232,25,244,11
15,1000,40,5.13,10.3,18,37,1,944,32,14,10,56,7.103441329,101,112,9.976476703,8.84108815,6.382924605,7.841460483,484,13,5,4,22,460,19,9,6,34,506,494,64,48,65,36
10,1000,40,5.13,10.3,18,37,7,956,23,10,11,44,6.974931333,96,115,10.13543023,9.057795102,6.591612073,7.350660112,476,8,8,3,19,480,15,2,8,25,495,505,65,50,66,30
9,1000,40,5.13,10.3,18,37,7,945,33,9,13,55,7.432885008,102,117,10.25238575,9.52808337,6.297014889,8.5242112,471,16,3,0,19,474,17,6,13,36,490,510,65,52,77,25
13,1000,40,5.13,10.3,18,37,5,942,31,12,15,58,7.421752298,88,94,10.1237406,9.162520588,6.63130148,8.193457247,472,13,5,4,22,470,18,7,11,36,494,506,60,34,63,25
12,1000,40,5.13,10.3,18,37,6,946,25,16,13,54,7.458073062,96,112,10.05597437,9.060268716,6.404071864,8.590796341,500,10,8,0,18,446,15,8,13,36,518,482,69,43,59,37
11,1000,40,5.13,10.3,18,37,7,948,26,12,14,52,7.147378559,116,114,10.3567423,9.315315374,6.544134229,7.680187582,447,13,3,6,22,501,13,9,8,30,469,531,64,50,82,34
14,1000,40,5.13,10.3,18,37,3,939,28,20,13,61,7.45425165,104,103,10.02403068,9.064703126,6.643209474,8.315461382,492,10,9,4,23,447,18,11,9,38,515,485,63,40,69,35
15,1000,40,5.13,10.3,18,37,2,945,32,14,9,55,7.087703573,98,92,9.986212648,8.880940503,6.403708044,7.788314378,484,13,5,4,22,461,19,9,5,33,506,494,59,33,66,32
1,1000,40,5.13,10.3,18,37,97,946,30,17,7,54,8.264058873,252,256,40.18345411,41.03977917,9.94055082,6.587566926,465,17,11,7,35,481,13,6,0,19,500,500,236,20,233,19
10,1000,40,5.13,10.3,18,37,8,957,22,11,10,43,7.001641756,100,110,10.16608684,9.090032026,6.637368948,7.358701241,476,9,8,2,19,481,13,3,8,24,495,505,68,42,77,23
9,1000,40,5.13,10.3,18,37,8,944,32,11,13,56,7.464583988,104,131,10.29970844,9.583970996,6.362421985,8.523523951,470,15,5,0,20,474,17,6,13,36,490,510,75,56,67,37
13,1000,40,5.13,10.3,18,37,6,940,33,11,16,60,7.446729627,85,100,10.14722073,9.21306331,6.669575738,8.20545299,471,14,5,4,23,469,19,6,12,37,494,506,58,42,67,18
14,1000,40,5.13,10.3,18,37,4,939,29,19,13,61,7.467277937,93,92,10.05722404,9.076107405,6.655623416,8.329137892,493,10,8,4,22,446,19,11,9,39,515,485,55,37,63,30
11,1000,40,5.13,10.3,18,37,8,951,24,11,14,49,7.157453092,92,113,10.38219542,9.37660526,6.604079042,7.646214729,447,13,3,6,22,504,11,8,8,27,469,531,69,44,68,24
12,1000,40,5.13,10.3,18,37,7,947,25,15,13,53,7.482487632,85,96,10.06242968,9.092130785,6.419817995,8.624526786,501,9,8,0,17,446,16,7,13,36,518,482,52,44,57,28
15,1000,40,5.13,10.3,18,37,3,947,31,14,8,53,7.08228213,96,111,9.996187345,8.909852315,6.445608445,7.734421571,484,13,5,4,22,463,18,9,4,31,506,494,62,49,63,33
1,1000,40,5.13,10.3,18,37,98,946,31,16,7,54,8.268075183,239,260,41.97291745,42.99496842,9.975300039,6.560850326,463,19,11,7,37,483,12,5,0,17,500,500,246,14,229,10
10,1000,40,5.13,10.3,18,37,9,955,24,11,10,45,7.004560288,92,84,10.21418923,9.151115246,6.655566826,7.346642988,476,9,8,2,19,479,15,3,8,26,495,505,54,30,74,18
9,1000,40,5.13,10.3,18,37,9,945,33,11,11,55,7.454440626,98,107,10.3415354,9.621197201,6.383998442,8.482904684,470,15,5,0,20,475,18,6,11,35,490,510,72,35,75,23
13,1000,40,5.13,10.3,18,37,7,942,32,11,15,58,7.481596049,89,96,10.15595459,9.249167101,6.704942669,8.239830772,472,13,5,4,22,470,19,6,11,36,494,506,51,45,72,17
14,1000,40,5.13,10.3,18,37,5,939,30,18,13,61,7.482506947,90,113,10.1034446,9.089605315,6.688432593,8.325699302,493,10,8,4,22,446,20,10,9,39,515,485,58,55,59,31
11,1000,40,5.13,10.3,18,37,9,951,24,11,14,49,7.171973004,96,103,10.41508054,9.399924201,6.638983071,7.64273059,447,13,3,6,22,504,11,8,8,27,469,531,59,44,71,25
15,1000,40,5.13,10.3,18,37,4,948,29,15,8,52,7.105024686,96,97,10.04489325,8.971984354,6.491384936,7.733570664,484,12,6,4,22,464,17,9,4,30,506,494,55,42,59,37
12,1000,40,5.13,10.3,18,37,8,950,22,15,13,50,7.489369828,90,115,10.09252795,9.116953016,6.472624547,8.58205459,501,9,8,0,17,449,13,7,13,33,518,482,73,42,62,28
1,1000,40,5.13,10.3,18,37,99,948,29,16,7,52,8.267490161,260,259,44.51638889,45.49585135,9.99309016,6.541890163,464,18,11,7,36,484,11,5,0,16,500,500,242,17,248,12
10,1000,40,5.13,10.3,18,37,10,955,24,11,10,45,7.050080216,101,99,10.23737152,9.176465681,6.71744169,7.376131841,476,9,8,2,19,479,15,3,8,26,495,505,59,40,66,35
9,1000,40,5.13,10.3,18,37,10,943,33,12,12,57,7.492128525,104,115,10.35897293,9.652124538,6.411650745,8.530234627,470,15,5,0,20,473,18,7,12,37,490,510,65,50,77,27
13,1000,40,5.13,10.3,18,37,8,942,32,10,16,58,7.494748982,97,90,10.20055396,9.31292641,6.722456169,8.248726549,472,13,5,4,22,470,19,5,12,36,494,506,55,35,71,26
11,1000,40,5.13,10.3,18,37,10,952,23,12,13,48,7.177887663,100,123,10.47159275,9.491352629,6.689683703,7.609088524,448,11,4,6,21,504,12,8,7,27,469,531,76,47,76,24
14,1000,40,5.13,10.3,18,37,6,939,30,18,13,61,7.484510255,84,102,10.12695107,9.145816225,6.735524129,8.279825419,493,10,8,4,22,446,20,10,9,39,515,485,53,49,55,29
15,1000,40,5.13,10.3,18,37,5,951,26,14,9,49,7.063441889,107,92,10.06122253,9.013187172,6.470445615,7.670842931,485,11,5,5,21,466,15,9,4,28,506,494,53,39,68,39
12,1000,40,5.13,10.3,18,37,9,951,21,15,13,49,7.521048312,89,114,10.13507734,9.207615191,6.497390945,8.621161415,502,8,8,0,16,449,13,7,13,33,518,482,67,47,66,23
1,1000,40,5.13,10.3,18,37,100,949,28,16,7,51,8.254666851,245,260,46.76235533,47.5125897,10.03329937,6.476034332,464,18,11,7,36,485,10,5,0,15,500,500,238,22,238,7
10,1000,40,5.13,10.3,18,37,11,955,25,11,9,45,7.034552301,106,118,10.27531084,9.235275138,6.73445301,7.328709031,476,9,8,2,19,479,16,3,7,26,495,505,67,51,76,30
9,1000,40,5.13,10.3,18,37,11,943,33,11,13,57,7.535576211,97,116,10.38001964,9.689758574,6.456698517,8.572144975,470,15,4,1,20,473,18,7,12,37,490,510,66,50,67,30
13,1000,40,5.13,10.3,18,37,9,943,32,10,15,57,7.508147861,96,110,10.23831653,9.343125152,6.74170148,8.256417648,473,12,5,4,21,470,20,5,11,36,494,506,70,40,65,31
11,1000,40,5.13,10.3,18,37,11,952,23,12,13,48,7.188160944,103,99,10.50885964,9.530878608,6.709669588,7.610783253,448,11,4,6,21,504,12,8,7,27,469,531,62,37,79,24
15,1000,40,5.13,10.3,18,37,6,953,27,12,8,47,7.101919168,97,116,10.07294303,9.026871445,6.527806204,7.689978197,485,12,5,4,21,468,15,7,4,26,506,494,68,48,58,39
14,1000,40,5.13,10.3,18,37,7,941,30,17,12,59,7.523916355,90,108,10.1372851,9.199485658,6.821668913,8.269601783,492,11,8,4,23,449,19,9,8,36,515,485,63,45,63,27
12,1000,40,5.13,10.3,18,37,10,952,20,15,13,48,7.546455373,91,101,10.1426217,9.230093414,6.535020332,8.63343328,502,8,8,0,16,450,12,7,13,32,518,482,52,49,66,25
1,1000,40,5.13,10.3,18,37,101,948,29,16,7,52,8.294133718,267,273,48.74124172,49.57348034,10.08544817,6.502819272,464,18,11,7,36,484,11,5,0,16,500,500,250,23,254,13
10,1000,40,5.13,10.3,18,37,12,958,24,10,8,42,7.025132331,105,110,10.3035273,9.270064264,6.714963484,7.32915922,477,8,8,2,18,481,16,2,6,24,495,505,69,41,72,33
9,1000,40,5.13,10.3,18,37,12,942,35,11,12,58,7.537471941,104,116,10.39496936,9.714817081,6.479893006,8.553577193,469,16,4,1,21,473,19,7,11,37,490,510,80,36,77,27
13,1000,40,5.13,10.3,18,37,10,944,30,11,15,56,7.524992172,93,123,10.28597351,9.411260396,6.771405748,8.26070698,473,12,5,4,21,471,18,6,11,35,494,506,67,56,76,17
11,1000,40,5.13,10.3,18,37,12,954,23,11,12,46,7.171745191,111,118,10.5323684,9.565383262,6.70291519,7.585834213,449,11,4,5,20,505,12,7,7,26,469,531,79,39,89,22
15,1000,40,5.13,10.3,18,37,7,954,27,11,8,46,7.110994542,95,90,10.11428211,9.100243577,6.546805449,7.688888634,485,12,5,4,21,469,15,6,4,25,506,494,53,37,66,29
14,1000,40,5.13,10.3,18,37,8,942,29,17,12,58,7.557007363,86,124,10.17082029,9.220697603,6.877683792,8.27835095,492,11,8,4,23,450,18,9,8,35,515,485,73,51,60,26
12,1000,40,5.13,10.3,18,37,11,951,22,13,14,49,7.581632257,103,119,10.15224256,9.242174205,6.582191435,8.655720111,502,8,7,1,16,449,14,6,13,33,518,482,68,51,73,30
10,1000,40,5.13,10.3,18,37,13,958,24,10,8,42,7.031344999,95,110,10.33768541,9.333294244,6.733638447,7.323156371,477,8,8,2,18,481,16,2,6,24,495,505,61,49,66,29
1,1000,40,5.13,10.3,18,37,102,950,27,15,8,50,8.235045126,272,272,53.0253529,53.33175178,10.12379148,6.346298776,464,18,10,8,36,486,9,5,0,14,500,500,259,13,262,10
9,1000,40,5.13,10.3,18,37,13,940,35,13,12,60,7.586462143,103,111,10.39248179,9.728078729,6.547579486,8.584604304,469,16,4,1,21,471,19,9,11,39,490,510,66,45,75,28
13,1000,40,5.13,10.3,18,37,11,944,30,11,15,56,7.535999643,109,114,10.32741911,9.471807313,6.806515355,8.248183908,473,12,5,4,21,471,18,6,11,35,494,506,69,45,76,33
11,1000,40,5.13,10.3,18,37,13,954,23,11,12,46,7.174417746,98,126,10.57621126,9.612784695,6.713093468,7.581877419,449,11,4,5,20,505,12,7,7,26,469,531,86,40,69,29
15,1000,40,5.13,10.3,18,37,8,954,27,11,8,46,7.106004609,106,106,10.14494551,9.160245428,6.556123813,7.669242833,485,12,5,4,21,469,15,6,4,25,506,494,69,37,73,33
14,1000,40,5.13,10.3,18,37,9,946,26,17,11,54,7.554424872,106,101,10.25406214,9.277454253,6.912126273,8.236453281,493,11,7,4,22,453,15,10,7,32,515,485,60,41,73,33
12,1000,40,5.13,10.3,18,37,12,954,19,12,15,46,7.591266007,81,88,10.17776755,9.25847837,6.551763333,8.708407885,504,6,7,1,14,450,13,5,14,32,518,482,46,42,50,31
9,1000,40,5.13,10.3,18,37,14,940,36,13,11,60,7.575301585,110,94,10.44212957,9.788435761,6.570080445,8.541102289,468,17,4,1,22,472,19,9,10,38,490,510,62,32,71,39
10,1000,40,5.13,10.3,18,37,14,958,24,10,8,42,7.044127365,97,102,10.3698374,9.375115115,6.773046102,7.309840681,477,8,8,2,18,481,16,2,6,24,495,505,66,36,70,27
1,1000,40,5.13,10.3,18,37,103,949,28,15,8,51,8.27571649,256,286,56.40760687,56.55078232,10.19625471,6.355178273,464,18,10,8,36,485,10,5,0,15,500,500,265,21,247,9
11,1000,40,5.13,10.3,18,37,14,956,22,10,12,44,7.155234783,132,113,10.59727882,9.657875898,6.708440723,7.549860798,451,10,3,5,18,505,12,7,7,26,469,531,77,36,100,32
13,1000,40,5.13,10.3,18,37,12,945,29,11,15,55,7.528708649,92,98,10.38644002,9.527507257,6.809045554,8.231304636,474,11,5,4,20,471,18,6,11,35,494,506,65,33,69,23
15,1000,40,5.13,10.3,18,37,9,953,28,11,8,47,7.133101522,92,111,10.17727703,9.189580867,6.588750053,7.690676103,484,13,5,4,22,469,15,6,4,25,506,494,59,52,68,24
14,1000,40,5.13,10.3,18,37,10,947,28,14,11,53,7.528941923,85,95,10.29071084,9.3546572,6.878214085,8.219920968,492,13,7,3,23,455,15,7,8,30,515,485,55,40,66,19
12,1000,40,5.13,10.3,18,37,13,955,19,11,15,45,7.576648351,97,105,10.18763171,9.270180358,6.582469182,8.645081566,504,6,7,1,14,451,13,4,14,31,518,482,64,41,67,30
9,1000,40,5.13,10.3,18,37,15,943,34,12,11,57,7.557148808,95,100,10.48502235,9.847057982,6.568516849,8.507010887,469,16,4,1,21,474,18,8,10,36,490,510,62,38,70,25
10,1000,40,5.13,10.3,18,37,15,957,25,10,8,43,7.062784601,93,103,10.3944184,9.424899693,6.79217234,7.328038204,476,9,8,2,19,481,16,2,6,24,495,505,58,45,66,27
11,1000,40,5.13,10.3,18,37,15,957,21,10,12,43,7.175031427,92,103,10.63202109,9.721623564,6.766347632,7.535996963,451,10,3,5,18,506,11,7,7,25,469,531,64,39,68,24
15,1000,40,5.13,10.3,18,37,10,955,27,10,8,45,7.149267735,90,109,10.20911587,9.219716518,6.604200795,7.707575169,485,12,5,4,21,470,15,5,4,24,506,494,68,41,69,21
13,1000,40,5.13,10.3,18,37,13,943,31,10,16,57,7.514149538,105,120,10.44112636,9.586062561,6.82810233,8.183926852,473,12,5,4,21,470,19,5,12,36,494,506,75,45,71,34
1,1000,40,5.13,10.3,18,37,104,948,29,15,8,52,8.278019032,257,276,58.86611459,58.96475888,10.2367649,6.319273164,464,18,10,8,36,484,11,5,0,16,500,500,263,13,246,11
14,1000,40,5.13,10.3,18,37,11,947,28,14,11,53,7.556953488,105,104,10.29861125,9.387645024,6.940756975,8.211265249,491,14,7,3,24,456,14,7,8,29,515,485,62,42,70,35
16,1000,40,5.13,10.3,18,37,0,941,26,18,15,59,7.212,94,116,10.00537772,9.062912004,6.208163265,8.176470588,470,13,5,2,20,471,13,13,13,39,490,510,67,49,64,30
12,1000,40,5.13,10.3,18,37,14,955,18,12,15,45,7.612460622,94,111,10.21780255,9.328320419,6.619144992,8.6799658,504,6,7,1,14,451,12,5,14,31,518,482,59,52,72,22
9,1000,40,5.13,10.3,18,37,16,943,34,12,11,57,7.579238132,115,120,10.54278392,9.909869009,6.626345409,8.494762513,469,16,4,1,21,474,18,8,10,36,490,510,77,43,76,39
10,1000,40,5.13,10.3,18,37,16,956,26,10,8,44,7.088564332,88,112,10.43737506,9.489071965,6.840995412,7.331230898,476,9,8,2,19,480,17,2,6,25,495,505,67,45,64,24
11,1000,40,5.13,10.3,18,37,16,958,20,10,12,42,7.166247657,101,109,10.71392931,9.812347098,6.745788855,7.53761334,453,8,3,5,16,505,12,7,7,26,469,531,65,44,77,24
13,1000,40,5.13,10.3,18,37,14,943,32,10,15,57,7.547966148,98,112,10.46810595,9.665123867,6.891611754,8.188754826,473,12,5,4,21,470,20,5,11,36,494,506,68,44,74,24
14,1000,40,5.13,10.3,18,37,12,946,30,13,11,54,7.540500929,96,113,10.33498372,9.44918395,6.96468598,8.151933297,491,14,6,4,24,455,16,7,7,30,515,485,70,43,70,26
15,1000,40,5.13,10.3,18,37,11,955,27,10,8,45,7.205364982,102,114,10.26973654,9.258712145,6.664915474,7.758942819,485,12,5,4,21,470,15,5,4,24,506,494,64,50,71,31
16,1000,40,5.13,10.3,18,37,1,941,27,17,15,59,7.19439028,99,101,10.02634746,9.11219952,6.233113114,8.117970301,470,13,5,2,20,471,14,12,13,39,490,510,62,39,68,31
12,1000,40,5.13,10.3,18,37,15,957,15,13,15,43,7.63393592,99,122,10.23204593,9.34782095,6.626682645,8.71641973,504,6,7,1,14,453,9,6,14,29,518,482,74,48,70,29
9,1000,40,5.13,10.3,18,37,17,944,33,12,11,56,7.631295075,104,100,10.61903616,9.963794555,6.709388874,8.517048092,469,16,4,1,21,475,17,8,10,35,490,510,58,42,78,26
10,1000,40,5.13,10.3,18,37,17,956,26,10,8,44,7.123852057,82,114,10.44723034,9.527611737,6.888180662,7.354856692,476,9,8,2,19,480,17,2,6,25,495,505,75,39,56,26
13,1000,40,5.13,10.3,18,37,15,944,32,9,15,56,7.607618125,117,100,10.56378303,9.758423783,6.907159775,8.291464815,474,12,4,4,20,470,20,5,11,36,494,506,65,35,88,29
11,1000,40,5.13,10.3,18,37,17,958,20,10,12,42,7.182948633,104,114,10.71929729,9.84959228,6.768486717,7.549017632,453,8,3,5,16,505,12,7,7,26,469,531,76,38,85,19
14,1000,40,5.13,10.3,18,37,13,946,31,12,11,54,7.548457457,97,118,10.3793546,9.501039794,7.015179738,8.114721427,490,15,6,4,25,456,16,6,7,29,515,485,79,39,66,31
15,1000,40,5.13,10.3,18,37,12,955,27,10,8,45,7.215355958,112,115,10.30957745,9.310966612,6.710826911,7.732140772,484,13,5,4,22,471,14,5,4,23,506,494,75,40,81,31
12,1000,40,5.13,10.3,18,37,16,957,15,13,15,43,7.646415949,109,106,10.25624395,9.399102268,6.655691557,8.711136353,504,6,7,1,14,453,9,6,14,29,518,482,63,43,74,35
16,1000,40,5.13,10.3,18,37,2,941,28,16,15,59,7.24606621,88,92,10.03951429,9.152545118,6.352183644,8.104894559,469,14,5,2,21,472,14,11,13,38,490,510,51,41,63,25
9,1000,40,5.13,10.3,18,37,18,944,33,13,10,56,7.644220733,117,104,10.6486698,10.0145923,6.728554532,8.523978456,469,16,4,1,21,475,17,9,9,35,490,510,67,37,86,31
10,1000,40,5.13,10.3,18,37,18,957,25,10,8,43,7.153883666,107,112,10.49159297,9.586964498,6.944060631,7.35955179,477,8,8,2,18,480,17,2,6,25,495,505,71,41,78,29
13,1000,40,5.13,10.3,18,37,16,944,34,9,13,56,7.596729918,97,104,10.60480988,9.809614795,6.944048677,8.233932553,474,11,5,4,20,470,23,4,9,36,494,506,65,39,69,28
11,1000,40,5.13,10.3,18,37,18,956,21,11,12,44,7.224462442,96,93,10.76929842,9.914363097,6.805192321,7.594778236,452,8,4,5,17,504,13,7,7,27,469,531,58,35,71,25
15,1000,40,5.13,10.3,18,37,13,956,26,10,8,44,7.234471337,98,92,10.3475091,9.401427349,6.744553658,7.73628985,484,13,5,4,22,472,13,5,4,22,506,494,61,31,71,27
14,1000,40,5.13,10.3,18,37,14,946,31,12,11,54,7.554383568,101,110,10.46753031,9.598432319,7.061187712,8.078086384,489,16,6,4,26,457,15,6,7,28,515,485,64,46,75,26
12,1000,40,5.13,10.3,18,37,17,957,15,13,15,43,7.667544795,95,97,10.29141466,9.4611209,6.666995788,8.742823603,504,6,7,1,14,453,9,6,14,29,518,482,61,36,73,22
9,1000,40,5.13,10.3,18,37,19,945,30,15,10,55,7.647503749,108,114,10.69729436,10.1006014,6.739903801,8.519511542,469,14,6,1,21,476,16,9,9,34,490,510,73,41,88,20
10,1000,40,5.13,10.3,18,37,19,959,23,10,8,41,7.167249856,92,119,10.56103679,9.652136515,6.978616679,7.352147722,477,8,8,2,18,482,15,2,6,23,495,505,71,48,70,22
16,1000,40,5.13,10.3,18,37,3,941,28,16,15,59,7.242078835,95,103,10.03558625,9.192665452,6.368679666,8.081227055,468,15,5,2,22,473,13,11,13,37,490,510,60,43,64,31
15,1000,40,5.13,10.3,18,37,14,954,28,10,8,46,7.278478389,88,104,10.39829039,9.467552275,6.794041038,7.774683448,483,14,5,4,23,471,14,5,4,23,506,494,63,41,61,27
13,1000,40,5.13,10.3,18,37,17,946,32,9,13,54,7.608314806,128,100,10.66727122,9.90336752,6.96881161,8.232651919,474,11,5,4,20,472,21,4,9,34,494,506,64,36,99,29
14,1000,40,5.13,10.3,18,37,15,946,31,12,11,54,7.587730077,100,130,10.49643396,9.656686586,7.097588819,8.108189352,489,16,6,4,26,457,15,6,7,28,515,485,75,55,74,26
11,1000,40,5.13,10.3,18,37,19,957,20,11,12,43,7.258585842,110,111,10.79503205,9.963027768,6.842819118,7.625807298,453,7,4,5,16,504,13,7,7,27,469,531,69,42,83,27
9,1000,40,5.13,10.3,18,37,20,946,29,15,10,54,7.642260707,94,93,10.72941986,10.12495622,6.782095394,8.468694046,469,14,6,1,21,477,15,9,9,33,490,510,65,28,73,21
12,1000,40,5.13,10.3,18,37,18,957,15,13,15,43,7.698223467,98,103,10.33113659,9.511812733,6.735804803,8.732524023,504,6,7,1,14,453,9,6,14,29,518,482,57,46,74,24
10,1000,40,5.13,10.3,18,37,20,959,23,10,8,41,7.18926549,116,110,10.58342793,9.674880695,7.020878677,7.354317912,477,8,8,2,18,482,15,2,6,23,495,505,82,28,84,32
16,1000,40,5.13,10.3,18,37,4,939,28,19,14,61,7.293377702,87,92,10.04347701,9.227585324,6.452164636,8.101602021,466,14,8,2,24,473,14,11,12,37,490,510,59,33,62,25
15,1000,40,5.13,10.3,18,37,15,955,27,10,8,45,7.301617373,97,105,10.43968483,9.518409434,6.85209124,7.76206317,483,14,5,4,23,472,13,5,4,22,506,494,60,45,72,25
11,1000,40,5.13,10.3,18,37,20,959,20,10,11,41,7.261435697,119,118,10.82714122,10.00083559,6.866125264,7.610589357,454,7,4,4,15,505,13,6,7,26,469,531,85,33,92,27
14,1000,40,5.13,10.3,18,37,16,945,33,12,10,55,7.606523079,100,117,10.54721906,9.735598187,7.129295123,8.113270291,489,16,6,4,26,456,17,6,6,29,515,485,73,44,79,21
13,1000,40,5.13,10.3,18,37,18,946,31,10,13,54,7.647585462,112,113,10.72720051,9.977935844,7.027768619,8.252703092,474,10,6,4,20,472,21,4,9,34,494,506,73,40,87,25
9,1000,40,5.13,10.3,18,37,21,946,29,15,10,54,7.644715227,103,115,10.79283102,10.19958936,6.83483445,8.422835973,468,15,6,1,22,478,14,9,9,32,490,510,80,35,77,26
12,1000,40,5.13,10.3,18,37,19,958,14,13,15,42,7.731552293,99,106,10.368581,9.586446654,6.779808728,8.754380439,504,6,7,1,14,454,8,6,14,28,518,482,69,37,74,25
10,1000,40,5.13,10.3,18,37,21,959,23,10,8,41,7.226026716,108,134,10.63646355,9.732132588,7.089190658,7.360153149,477,8,8,2,18,482,15,2,6,23,495,505,81,53,83,25
11,1000,40,5.13,10.3,18,37,21,958,21,10,11,42,7.269671555,101,110,10.88371898,10.07111865,6.878041901,7.615574207,453,8,4,4,16,505,13,6,7,26,469,531,75,35,77,24
15,1000,40,5.13,10.3,18,37,16,955,27,9,9,45,7.330163858,114,120,10.49774163,9.586741662,6.858075573,7.813719875,483,14,5,4,23,472,13,4,5,22,506,494,72,48,83,31
14,1000,40,5.13,10.3,18,37,17,942,35,12,11,58,7.651053784,95,120,10.57982073,9.790259601,7.205353457,8.124323203,486,18,7,4,29,456,17,5,7,29,515,485,69,51,74,21
13,1000,40,5.13,10.3,18,37,19,947,30,10,13,53,7.701056478,93,109,10.80601995,10.06429845,7.079217189,8.308148591,474,10,6,4,20,473,20,4,9,33,494,506,72,37,80,13
16,1000,40,5.13,10.3,18,37,5,940,28,18,14,60,7.325302608,97,116,10.05593434,9.260314098,6.469661138,8.147389511,466,14,8,2,24,474,14,10,12,36,490,510,68,48,67,30
9,1000,40,5.13,10.3,18,37,22,946,30,14,10,54,7.658198228,117,108,10.82036623,10.25023294,6.877467066,8.408312482,468,15,6,1,22,478,15,8,9,32,490,510,72,36,91,26
12,1000,40,5.13,10.3,18,37,20,960,14,11,15,40,7.749206493,98,108,10.40131067,9.608062813,6.830220518,8.736830426,504,6,7,1,14,456,8,4,14,26,518,482,69,39,72,26
10,1000,40,5.13,10.3,18,37,22,959,23,10,8,41,7.241401701,116,124,10.69622014,9.822796437,7.137234556,7.343506131,477,8,8,2,18,482,15,2,6,23,495,505,81,43,88,28
15,1000,40,5.13,10.3,18,37,17,956,26,9,9,44,7.347587367,97,126,10.52566271,9.644229932,6.872507787,7.834207341,483,14,5,4,23,473,12,4,5,21,506,494,75,51,75,22
11,1000,40,5.13,10.3,18,37,22,959,21,9,11,41,7.283132215,100,117,10.94446909,10.14421188,6.912222044,7.610734608,453,9,3,4,16,506,12,6,7,25,469,531,81,36,71,29
14,1000,40,5.13,10.3,18,37,18,942,35,12,11,58,7.646747574,87,109,10.63701906,9.868197534,7.198332091,8.122900097,486,18,7,4,29,456,17,5,7,29,515,485,73,36,69,18
13,1000,40,5.13,10.3,18,37,20,947,32,9,12,53,7.695802468,86,115,10.80605459,10.11799737,7.085091824,8.292029855,474,11,6,3,20,473,21,3,9,33,494,506,77,38,63,23
16,1000,40,5.13,10.3,18,37,6,939,29,17,15,61,7.385588127,104,108,10.08684626,9.268186783,6.515782008,8.221284203,465,15,8,2,25,474,14,9,13,36,490,510,64,44,75,29
9,1000,40,5.13,10.3,18,37,23,945,31,14,10,55,7.673486152,115,102,10.86538424,10.33379086,6.944630146,8.37375957,468,15,6,1,22,477,16,8,9,33,490,510,64,38,85,30
10,1000,40,5.13,10.3,18,37,23,960,22,10,8,40,7.286935814,98,117,10.76420936,9.896983512,7.193372604,7.378646287,477,8,8,2,18,483,14,2,6,22,495,505,78,39,78,20
12,1000,40,5.13,10.3,18,37,21,960,13,11,16,40,7.778047115,97,103,10.42208772,9.670944325,6.861566623,8.762978433,504,5,8,1,14,456,8,3,15,26,518,482,67,36,80,17
15,1000,40,5.13,10.3,18,37,18,956,24,10,10,44,7.384953097,101,113,10.54757862,9.695289532,6.961887181,7.818295917,483,13,5,5,23,473,11,5,5,21,506,494,75,38,71,30
14,1000,40,5.13,10.3,18,37,19,942,35,12,11,58,7.622632712,108,114,10.66059603,9.916786155,7.207035353,8.063937124,486,18,7,4,29,456,17,5,7,29,515,485,72,42,88,20
11,1000,40,5.13,10.3,18,37,23,959,21,9,11,41,7.291370646,104,114,10.97597835,10.16220771,6.934000519,7.607013941,452,10,3,4,17,507,11,6,7,24,469,531,75,39,84,20
13,1000,40,5.13,10.3,18,37,21,946,33,9,12,54,7.716108095,100,119,10.86438296,10.21066557,7.111933657,8.305954285,474,11,6,3,20,472,22,3,9,34,494,506,80,39,77,23
16,1000,40,5.13,10.3,18,37,7,940,29,17,14,60,7.389474568,103,112,10.11705239,9.322765487,6.531869739,8.213447835,466,14,8,2,24,474,15,9,12,36,490,510,67,45,72,31
9,1000,40,5.13,10.3,18,37,24,944,32,14,10,56,7.717412661,108,127,10.89179425,10.38377688,6.978675336,8.427179895,468,15,6,1,22,476,17,8,9,34,490,510,87,40,80,28
10,1000,40,5.13,10.3,18,37,24,962,21,10,7,38,7.263294291,100,106,10.82884893,9.972476282,7.183941124,7.341076107,477,8,8,2,18,485,13,2,5,20,495,505,72,34,63,37
12,1000,40,5.13,10.3,18,37,22,959,14,11,16,41,7.787447377,119,116,10.44587754,9.719013155,6.894678292,8.746896311,503,6,8,1,15,456,8,3,15,26,518,482,71,45,86,33
15,1000,40,5.13,10.3,18,37,19,956,24,10,10,44,7.377416937,92,125,10.58570655,9.736196539,6.98376796,7.780628236,483,13,5,5,23,473,11,5,5,21,506,494,87,38,67,25
11,1000,40,5.13,10.3,18,37,24,959,21,9,11,41,7.324307127,108,104,11.03597329,10.27266233,6.962657832,7.643729952,452,10,3,4,17,507,11,6,7,24,469,531,67,37,80,28
14,1000,40,5.13,10.3,18,37,20,942,34,14,10,58,7.64066104,104,122,10.72722232,9.981982069,7.252787441,8.05252682,486,17,8,4,29,456,17,6,6,29,515,485,74,48,76,28
13,1000,40,5.13,10.3,18,37,22,946,33,9,12,54,7.730517629,123,116,10.90505713,10.24820844,7.114904724,8.331531018,474,11,6,3,20,472,22,3,9,34,494,506,73,43,93,30
9,1000,40,5.13,10.3,18,37,25,943,33,14,10,57,7.764562929,91,119,10.95712011,10.52816641,7.014665728,8.485052396,468,15,6,1,22,475,18,8,9,35,490,510,84,35,68,23
16,1000,40,5.13,10.3,18,37,8,938,30,18,14,62,7.413953506,99,107,10.18245454,9.374114033,6.573229742,8.22170771,464,16,8,2,26,474,14,10,12,36,490,510,62,45,77,22
10,1000,40,5.13,10.3,18,37,25,961,22,10,7,39,7.279253867,106,132,10.87155123,10.01457775,7.187695816,7.368998888,477,8,8,2,18,484,14,2,5,21,495,505,90,42,78,28
12,1000,40,5.13,10.3,18,37,23,958,15,11,16,42,7.814655931,96,109,10.49221598,9.790856793,6.944546167,8.749753147,503,6,8,1,15,455,9,3,15,27,518,482,71,38,70,26
15,1000,40,5.13,10.3,18,37,20,955,25,10,10,45,7.43409841,100,118,10.60875776,9.789080742,7.070289669,7.80674461,483,13,5,5,23,472,12,5,5,22,506,494,80,38,78,22
11,1000,40,5.13,10.3,18,37,25,960,21,8,11,40,7.315830618,108,116,11.03954943,10.32066819,6.94182397,7.64616794,452,10,3,4,17,508,11,5,7,23,469,531,73,43,84,24
14,1000,40,5.13,10.3,18,37,21,942,34,13,11,58,7.672632055,113,105,10.76312369,10.05386559,7.318859123,8.048287849,486,17,7,5,29,456,17,6,6,29,515,485,65,40,76,37
13,1000,40,5.13,10.3,18,37,23,945,34,8,13,55,7.740146509,97,116,10.96022754,10.311961,7.162449363,8.304143328,474,11,6,3,20,471,23,2,10,35,494,506,74,42,73,24
9,1000,40,5.13,10.3,18,37,26,943,33,13,11,57,7.806534608,100,107,11.00556514,10.57113588,7.061692312,8.522167403,468,15,6,1,22,475,18,7,10,35,490,510,72,35,71,29
10,1000,40,5.13,10.3,18,37,26,961,22,10,7,39,7.32624452,98,114,10.94550663,10.08085979,7.24852024,7.402429706,477,8,8,2,18,484,14,2,5,21,495,505,75,39,78,20
12,1000,40,5.13,10.3,18,37,24,956,17,11,16,44,7.846083924,97,108,10.50313154,9.831361706,6.976658055,8.780446165,503,6,8,1,15,453,11,3,15,29,518,482,63,45,71,26
16,1000,40,5.13,10.3,18,37,9,938,30,18,14,62,7.443112385,106,107,10.20877073,9.421731507,6.61076563,8.24281809,464,16,8,2,26,474,14,10,12,36,490,510,65,42,73,33
15,1000,40,5.13,10.3,18,37,21,955,24,11,10,45,7.448688226,104,109,10.65363379,9.840894673,7.110288117,7.795308581,482,14,5,5,24,473,10,6,5,21,506,494,70,39,81,23
11,1000,40,5.13,10.3,18,37,26,960,21,9,10,40,7.367063848,114,121,11.11956093,10.40803669,7.02276719,7.671160143,452,9,4,4,17,508,12,5,6,23,469,531,78,43,90,24
14,1000,40,5.13,10.3,18,37,22,942,34,13,11,58,7.71536502,103,122,10.80197993,10.13979558,7.38849416,8.062454696,486,17,7,5,29,456,17,6,6,29,515,485,80,42,73,30
13,1000,40,5.13,10.3,18,37,24,944,34,9,13,56,7.788729136,107,114,10.99926254,10.35355712,7.204446771,8.359155002,474,11,6,3,20,470,23,3,10,36,494,506,82,32,86,21
9,1000,40,5.13,10.3,18,37,27,943,31,14,12,57,7.830226077,110,110,11.06645049,10.65327431,7.113539707,8.5188071,468,13,7,2,22,475,18,7,10,35,490,510,76,34,83,27
10,1000,40,5.13,10.3,18,37,27,960,23,10,7,40,7.34699283,101,120,10.9946613,10.16202914,7.28855286,7.404275574,476,9,8,2,19,484,14,2,5,21,495,505,89,31,77,24
12,1000,40,5.13,10.3,18,37,25,956,17,11,16,44,7.910478308,116,134,10.55034203,9.861254242,7.058067246,8.826554926,502,7,8,1,16,454,10,3,15,28,518,482,90,44,79,37
15,1000,40,5.13,10.3,18,37,22,952,27,11,10,48,7.468152163,108,117,10.70323305,9.882007815,7.147926083,7.796157015,481,15,5,5,25,471,12,6,5,23,506,494,83,34,83,25
16,1000,40,5.13,10.3,18,37,10,938,30,18,14,62,7.479020103,89,101,10.22213659,9.461094207,6.659339024,8.266556826,464,16,8,2,26,474,14,10,12,36,490,510,59,42,55,34
11,1000,40,5.13,10.3,18,37,27,958,23,9,10,42,7.369140081,124,122,11.1683575,10.48923755,7.057611984,7.6442939,451,10,4,4,18,507,13,5,6,24,469,531,84,38,92,32
14,1000,40,5.13,10.3,18,37,23,941,35,13,11,59,7.783879768,115,112,10.83734587,10.22570108,7.46909954,8.118130939,485,18,7,5,30,456,17,6,6,29,515,485,71,41,86,29
13,1000,40,5.13,10.3,18,37,25,945,33,9,13,55,7.819662491,107,123,11.07776455,10.42665787,7.237412205,8.388104469,475,11,5,3,19,470,22,4,10,36,494,506,83,40,81,26
9,1000,40,5.13,10.3,18,37,28,944,30,14,12,56,7.880106119,109,126,11.15865904,10.7688389,7.202925998,8.530730156,468,13,7,2,22,476,17,7,10,34,490,510,86,40,83,26
10,1000,40,5.13,10.3,18,37,28,960,23,10,7,40,7.370877785,104,130,11.04889605,10.2171582,7.31490304,7.425744119,476,9,8,2,19,484,14,2,5,21,495,505,85,45,73,31
15,1000,40,5.13,10.3,18,37,23,953,26,11,10,47,7.478884917,117,107,10.73704014,9.933773033,7.172583606,7.792626745,481,15,5,5,25,472,11,6,5,22,506,494,68,39,86,31
12,1000,40,5.13,10.3,18,37,26,956,17,11,16,44,7.948282008,101,105,10.59335632,9.923882005,7.10495612,8.854594891,502,7,8,1,16,454,10,3,15,28,518,482,65,40,87,14
11,1000,40,5.13,10.3,18,37,28,958,24,9,9,42,7.37421317,105,122,11.27252686,10.59362966,7.064934304,7.647380379,451,10,4,4,18,507,14,5,5,24,469,531,83,39,80,25
14,1000,40,5.13,10.3,18,37,24,943,35,13,9,57,7.800388337,110,121,10.91710741,10.31177197,7.487186814,8.13296315,485,18,7,5,30,458,17,6,4,27,515,485,81,40,78,32
16,1000,40,5.13,10.3,18,37,11,940,29,17,14,60,7.486501538,92,105,10.27373871,9.500831605,6.674055959,8.267086507,465,16,7,2,25,475,13,10,12,35,490,510,68,37,75,17
13,1000,40,5.13,10.3,18,37,26,945,32,10,13,55,7.879719863,125,132,11.13224428,10.52117521,7.297403381,8.448226469,475,11,5,3,19,470,21,5,10,36,494,506,92,40,83,42
9,1000,40,5.13,10.3,18,37,29,947,29,12,12,53,7.887051646,116,101,11.20394765,10.8566331,7.193217162,8.553676935,470,13,5,2,20,477,16,7,10,33,490,510,68,33,94,22
10,1000,40,5.13,10.3,18,37,29,959,24,10,7,41,7.430947257,103,114,11.09979088,10.28266869,7.398106378,7.463137823,475,10,8,2,20,484,14,2,5,21,495,505,80,34,80,23
15,1000,40,5.13,10.3,18,37,24,954,26,10,10,46,7.486806639,110,95,10.74164509,9.967300999,7.215350948,7.764856396,481,15,5,5,25,473,11,5,5,21,506,494,62,33,79,31
12,1000,40,5.13,10.3,18,37,27,957,18,10,15,43,7.934116179,115,110,10.62172952,10.0059773,7.096957854,8.833800852,503,7,7,1,15,454,11,3,14,28,518,482,72,38,80,35
11,1000,40,5.13,10.3,18,37,29,956,26,9,9,44,7.392623706,117,108,11.33390544,10.69387809,7.088060673,7.661625707,449,12,4,4,20,507,14,5,5,24,469,531,87,21,95,22
14,1000,40,5.13,10.3,18,37,25,941,37,13,9,59,7.849884621,106,116,10.93918543,10.3478479,7.548197125,8.1702332,485,18,7,5,30,456,19,6,4,29,515,485,84,32,77,29
13,1000,40,5.13,10.3,18,37,27,944,33,10,13,56,7.910422776,98,115,11.21770588,10.62773648,7.333569831,8.473595414,474,12,5,3,20,470,21,5,10,36,494,506,76,39,79,19
16,1000,40,5.13,10.3,18,37,12,941,29,16,14,59,7.501537459,91,99,10.31542656,9.548873383,6.728305178,8.244446905,465,16,7,2,25,476,13,9,12,34,490,510,60,39,73,18
9,1000,40,5.13,10.3,18,37,30,948,27,13,12,52,7.923007767,120,118,11.28698676,10.95324421,7.242029772,8.577280743,471,12,5,2,19,477,15,8,10,33,490,510,90,28,92,28
10,1000,40,5.13,10.3,18,37,30,959,23,11,7,41,7.430888954,100,114,11.14771728,10.33106085,7.449435113,7.412710046,475,10,8,2,20,484,13,3,5,21,495,505,86,28,75,25
15,1000,40,5.13,10.3,18,37,25,956,26,8,10,44,7.470393105,91,121,10.78625196,10.03450818,7.246898758,7.699316464,481,15,5,5,25,475,11,3,5,19,506,494,71,50,64,27
11,1000,40,5.13,10.3,18,37,30,956,27,9,8,44,7.391382519,115,105,11.38526779,10.76448054,7.144003313,7.609877523,448,13,4,4,21,508,14,5,4,23,469,531,79,26,89,26
12,1000,40,5.13,10.3,18,37,28,956,18,10,16,44,7.970406218,87,107,10.65120604,10.07623488,7.165309364,8.835634787,503,6,8,1,15,453,12,2,15,29,518,482,75,32,66,21
14,1000,40,5.13,10.3,18,37,26,940,38,12,10,60,7.899519535,119,113,10.99980923,10.43290343,7.591776707,8.226298002,485,18,7,5,30,455,20,5,5,30,515,485,73,40,95,24
13,1000,40,5.13,10.3,18,37,28,944,33,10,13,56,7.958870287,109,131,11.30398186,10.71251029,7.401976282,8.50255732,474,12,5,3,20,470,21,5,10,36,494,506,93,38,92,17
16,1000,40,5.13,10.3,18,37,13,941,28,17,14,59,7.521063437,96,101,10.36754855,9.628282446,6.783636394,8.229571773,465,16,7,2,25,476,12,10,12,34,490,510,62,39,70,26
9,1000,40,5.13,10.3,18,37,31,950,26,11,13,50,7.923230583,121,122,11.37955784,11.09325759,7.278148848,8.543014994,472,11,4,3,18,478,15,7,10,32,490,510,87,35,98,23
10,1000,40,5.13,10.3,18,37,31,958,25,10,7,42,7.447883068,111,110,11.19901796,10.38652674,7.468417783,7.427754982,475,11,7,2,20,483,14,3,5,22,495,505,79,31,84,27
15,1000,40,5.13,10.3,18,37,26,957,25,8,10,43,7.496117505,103,113,10.83223273,10.1048366,7.274350927,7.723271127,482,14,5,5,24,475,11,3,5,19,506,494,70,43,76,27
11,1000,40,5.13,10.3,18,37,31,955,27,10,8,45,7.439214933,104,123,11.42485052,10.85148674,7.199616353,7.650837784,447,13,5,4,22,508,14,5,4,23,469,531,85,38,87,17
12,1000,40,5.13,10.3,18,37,29,956,19,11,14,44,7.944123356,110,100,10.69095854,10.13722277,7.177654971,8.767838342,503,6,8,1,15,453,13,3,13,29,518,482,67,33,84,26
14,1000,40,5.13,10.3,18,37,27,940,38,12,10,60,7.934219935,102,106,11.05466468,10.49226941,7.650126209,8.235886468,485,18,7,5,30,455,20,5,5,30,515,485,70,36,78,24
13,1000,40,5.13,10.3,18,37,29,943,35,9,13,57,7.968280637,101,118,11.36538437,10.77846114,7.454001716,8.470363219,473,13,5,3,21,470,22,4,10,36,494,506,71,47,75,26
9,1000,40,5.13,10.3,18,37,32,951,24,11,14,49,7.923899565,116,111,11.47010376,11.2060367,7.358218253,8.467397296,472,10,4,4,18,479,14,7,10,31,490,510,83,28,88,28
10,1000,40,5.13,10.3,18,37,32,958,26,10,6,42,7.487670174,107,132,11.31618635,10.5077622,7.559345768,7.4174139,475,11,7,2,20,483,15,3,4,22,495,505,91,41,82,25
16,1000,40,5.13,10.3,18,37,14,942,29,17,12,58,7.549824518,102,97,10.38819167,9.689116122,6.848581714,8.223567604,465,16,7,2,25,477,13,10,10,33,490,510,57,40,78,24
15,1000,40,5.13,10.3,18,37,27,957,26,8,9,43,7.495006743,110,97,10.88015459,10.18209636,7.294373572,7.700513594,482,15,5,4,24,475,11,3,5,19,506,494,68,29,81,29
11,1000,40,5.13,10.3,18,37,32,956,26,9,9,44,7.47115597,102,122,11.53036308,10.95502165,7.288421731,7.632554009,447,13,5,4,22,509,13,4,5,22,469,531,89,33,79,23
12,1000,40,5.13,10.3,18,37,30,954,21,11,14,46,8.006782238,104,112,10.77294111,10.21683082,7.245110041,8.825342814,503,6,8,1,15,451,15,3,13,31,518,482,69,43,79,25
14,1000,40,5.13,10.3,18,37,28,941,38,11,10,59,7.935456353,96,109,11.11045111,10.57120459,7.679725642,8.207005458,485,18,7,5,30,456,20,4,5,29,515,485,81,28,75,21
13,1000,40,5.13,10.3,18,37,30,942,36,10,12,58,7.96491161,109,127,11.44204806,10.86561156,7.499266378,8.419513871,472,14,5,3,22,470,22,5,9,36,494,506,93,34,85,24
9,1000,40,5.13,10.3,18,37,33,953,23,11,13,47,7.867913652,122,123,11.56529889,11.32719453,7.367176598,8.349013959,472,9,5,4,18,481,14,6,9,29,490,510,91,32,97,25
10,1000,40,5.13,10.3,18,37,33,960,24,10,6,40,7.4742436,115,113,11.38433021,10.5960422,7.576913263,7.373606999,475,11,7,2,20,485,13,3,4,20,495,505,76,37,89,26
15,1000,40,5.13,10.3,18,37,28,958,25,8,9,42,7.516894162,111,119,10.96370445,10.27267215,7.348505428,7.689373312,483,14,5,4,23,475,11,3,5,19,506,494,74,45,79,32
11,1000,40,5.13,10.3,18,37,33,956,26,9,9,44,7.497948694,101,124,11.59917466,11.04244927,7.322313276,7.653076776,447,13,5,4,22,509,13,4,5,22,469,531,90,34,78,23
16,1000,40,5.13,10.3,18,37,15,942,29,17,12,58,7.56853805,109,102,10.43066819,9.768345638,6.878652583,8.231369184,465,16,7,2,25,477,13,10,10,33,490,510,75,27,84,25
12,1000,40,5.13,10.3,18,37,31,952,23,11,14,48,8.023651108,123,116,10.85797609,10.34377604,7.284032445,8.818511,502,7,8,1,16,450,16,3,13,32,518,482,69,47,87,36
14,1000,40,5.13,10.3,18,37,29,943,36,11,10,57,7.90844366,122,126,11.15893352,10.6538913,7.716988123,8.111741808,485,18,7,5,30,458,18,4,5,27,515,485,73,53,95,27
13,1000,40,5.13,10.3,18,37,31,946,35,10,9,54,7.925028563,120,128,11.52935164,10.94568206,7.509810349,8.330399705,472,14,5,3,22,474,21,5,6,32,494,506,81,47,93,27
9,1000,40,5.13,10.3,18,37,34,951,25,11,13,49,7.878335878,104,134,11.65339735,11.3861583,7.409337092,8.328942556,472,9,5,4,18,479,16,6,9,31,490,510,95,39,85,19
10,1000,40,5.13,10.3,18,37,34,959,24,11,6,41,7.511561334,113,130,11.43913841,10.67961431,7.602254159,7.422664408,474,12,7,2,21,485,12,4,4,20,495,505,89,41,85,28
15,1000,40,5.13,10.3,18,37,29,958,24,9,9,42,7.517806832,105,100,10.98691117,10.32860353,7.372899049,7.666234641,483,13,6,4,23,475,11,3,5,19,506,494,74,26,84,21
11,1000,40,5.13,10.3,18,37,34,955,27,9,9,45,7.572531148,121,121,11.65687325,11.14543832,7.440652755,7.68901131,446,14,5,4,23,509,13,4,5,22,469,531,89,32,95,26
12,1000,40,5.13,10.3,18,37,32,953,22,11,14,47,8.049612374,89,114,10.9121843,10.41853875,7.341776491,8.810315668,502,7,8,1,16,451,15,3,13,31,518,482,73,41,74,15
16,1000,40,5.13,10.3,18,37,16,944,26,18,12,56,7.585677943,105,89,10.46126255,9.816360685,6.872142254,8.27123184,466,15,7,2,24,478,11,11,10,32,490,510,62,27,74,31
14,1000,40,5.13,10.3,18,37,30,944,36,11,9,56,7.925115121,107,135,11.19584605,10.7463539,7.792859607,8.065551388,485,18,7,5,30,459,18,4,4,26,515,485,93,42,81,26
13,1000,40,5.13,10.3,18,37,32,946,35,10,9,54,7.934285777,115,116,11.5844271,11.01847806,7.534369615,8.324717762,472,14,5,3,22,474,21,5,6,32,494,506,84,32,91,24
9,1000,40,5.13,10.3,18,37,35,953,25,10,12,47,7.860989414,126,128,11.75810209,11.50196853,7.468930301,8.237673659,471,10,5,4,19,482,15,5,8,28,490,510,94,34,100,26
10,1000,40,5.13,10.3,18,37,35,959,23,12,6,41,7.533112482,108,117,11.53647464,10.77512209,7.649528073,7.41900215,474,11,8,2,21,485,12,4,4,20,495,505,85,32,80,28
15,1000,40,5.13,10.3,18,37,30,958,24,9,9,42,7.536057225,97,92,11.01335983,10.39254458,7.411561465,7.663577174,483,13,6,4,23,475,11,3,5,19,506,494,51,41,74,23
11,1000,40,5.13,10.3,18,37,35,957,24,10,9,43,7.579375132,122,108,11.74496665,11.28409188,7.494207478,7.654598541,446,14,5,4,23,511,10,5,5,20,469,531,81,27,106,16
12,1000,40,5.13,10.3,18,37,33,952,23,12,13,48,8.074969555,113,123,10.97584141,10.50696161,7.373069995,8.829293148,502,6,9,1,16,450,17,3,12,32,518,482,80,43,89,24
14,1000,40,5.13,10.3,18,37,31,944,36,11,9,56,7.931267169,122,124,11.24625668,10.81045155,7.807171956,8.063038375,485,18,7,5,30,459,18,4,4,26,515,485,73,51,99,23
16,1000,40,5.13,10.3,18,37,17,946,24,18,12,54,7.601174902,100,115,10.49881024,9.870865549,6.891661307,8.282864434,466,15,7,2,24,480,9,11,10,30,490,510,81,34,75,25
13,1000,40,5.13,10.3,18,37,33,946,35,10,9,54,7.971609128,113,117,11.67550577,11.11694849,7.588761656,8.345377213,472,14,5,3,22,474,21,5,6,32,494,506,86,31,87,26
9,1000,40,5.13,10.3,18,37,36,954,24,10,12,46,7.87361462,126,119,11.8186165,11.55992338,7.493279888,8.239034266,472,9,5,4,18,482,15,5,8,28,490,510,87,32,102,24
10,1000,40,5.13,10.3,18,37,36,961,21,13,5,39,7.51580912,101,119,11.61336913,10.88323883,7.669653332,7.365011329,475,10,8,2,20,486,11,5,3,19,495,505,83,36,81,20
15,1000,40,5.13,10.3,18,37,31,959,23,9,9,41,7.537752272,114,105,11.07748008,10.4395503,7.438727443,7.639182562,483,13,6,4,23,476,10,3,5,18,506,494,70,35,81,33
11,1000,40,5.13,10.3,18,37,36,958,24,10,8,42,7.59274032,107,136,11.82095363,11.38723975,7.520840871,7.65624473,446,14,5,4,23,512,10,5,4,19,469,531,105,31,88,19
12,1000,40,5.13,10.3,18,37,34,951,24,12,13,49,8.10606875,112,116,11.01595101,10.59633339,7.431555882,8.830960172,501,7,9,1,17,450,17,3,12,32,518,482,79,37,89,23
14,1000,40,5.13,10.3,18,37,32,945,36,10,9,55,7.968596134,116,114,11.29972148,10.88592192,7.853398988,8.090918877,485,18,7,5,30,460,18,3,4,25,515,485,81,33,87,29
13,1000,40,5.13,10.3,18,37,34,946,36,10,8,54,7.978548451,103,107,11.78011302,11.24311242,7.618214355,8.330337075,472,14,5,3,22,474,22,5,5,32,494,506,74,33,88,15
16,1000,40,5.13,10.3,18,37,18,946,25,17,12,54,7.593427116,95,110,10.53835282,9.935074657,6.938310464,8.222852919,465,16,7,2,25,481,9,10,10,29,490,510,77,33,67,28
9,1000,40,5.13,10.3,18,37,37,954,24,10,12,46,7.869933524,127,135,11.89331005,11.69057625,7.505369011,8.220201389,472,9,5,4,18,482,15,5,8,28,490,510,98,37,110,17
10,1000,40,5.13,10.3,18,37,37,961,21,13,5,39,7.531523253,120,118,11.73384629,11.00841186,7.707872224,7.35866634,475,10,8,2,20,486,11,5,3,19,495,505,81,37,99,21
15,1000,40,5.13,10.3,18,37,32,959,22,10,9,41,7.559612292,96,117,11.14832284,10.49770247,7.444431172,7.677591334,483,13,6,4,23,476,9,4,5,18,506,494,76,41,80,16
11,1000,40,5.13,10.3,18,37,37,957,25,10,8,43,7.628151949,114,136,11.87470576,11.45569189,7.583611956,7.667491415,446,14,5,4,23,511,11,5,4,20,469,531,102,34,94,20
12,1000,40,5.13,10.3,18,37,35,949,26,12,13,51,8.128556341,95,122,11.11731535,10.7065497,7.489894179,8.814919411,500,8,9,1,18,449,18,3,12,33,518,482,86,36,72,23
14,1000,40,5.13,10.3,18,37,33,945,35,11,9,55,7.97256145,113,119,11.35794394,10.99437601,7.898817504,8.050866877,485,17,8,5,30,460,18,3,4,25,515,485,78,41,89,24
13,1000,40,5.13,10.3,18,37,35,947,36,10,7,53,7.952124447,114,127,11.91503522,11.3821117,7.609587804,8.286537691,472,15,5,2,22,475,21,5,5,31,494,506,93,34,94,20
9,1000,40,5.13,10.3,18,37,38,953,25,10,12,47,7.88768336,131,133,11.95907956,11.75571737,7.552546395,8.209677698,471,10,5,4,19,482,15,5,8,28,490,510,106,27,104,27
16,1000,40,5.13,10.3,18,37,19,946,25,17,12,54,7.614029284,102,99,10.59192581,9.98401295,6.989090552,8.214460614,465,16,7,2,25,481,9,10,10,29,490,510,68,31,75,27
10,1000,40,5.13,10.3,18,37,38,960,23,13,4,40,7.545616097,116,113,11.88741768,11.17407566,7.730011653,7.364871938,474,12,8,1,21,486,11,5,3,19,495,505,84,29,92,24
15,1000,40,5.13,10.3,18,37,33,959,23,10,8,41,7.576729709,90,120,11.18785464,10.56095774,7.500199584,7.655118865,483,13,6,4,23,476,10,4,4,18,506,494,81,39,64,26
11,1000,40,5.13,10.3,18,37,38,959,25,9,7,41,7.625826261,112,130,11.98168791,11.57835162,7.645477474,7.608469541,446,14,5,4,23,513,11,4,3,18,469,531,88,42,95,17
12,1000,40,5.13,10.3,18,37,36,951,26,11,12,49,8.146351607,111,112,11.19191383,10.81125124,7.541476565,8.796404037,501,8,8,1,17,450,18,3,11,32,518,482,76,36,88,23
14,1000,40,5.13,10.3,18,37,34,945,35,11,9,55,8.017920285,109,126,11.39161032,11.04763251,7.949391149,8.090688337,485,17,8,5,30,460,18,3,4,25,515,485,91,35,85,24
13,1000,40,5.13,10.3,18,37,36,948,35,9,8,52,7.980441486,113,114,12.01374196,11.49793923,7.667579128,8.285884184,472,15,5,2,22,476,20,4,6,30,494,506,75,39,89,24
9,1000,40,5.13,10.3,18,37,39,954,26,10,10,46,7.905881887,122,134,12.03721683,11.87670919,7.600926423,8.198878313,470,11,5,4,20,484,15,5,6,26,490,510,93,41,101,21
16,1000,40,5.13,10.3,18,37,20,944,27,17,12,56,7.637962026,102,106,10.65536744,10.05727771,7.02067878,8.231038085,465,16,7,2,25,479,11,10,10,31,490,510,69,37,81,21
10,1000,40,5.13,10.3,18,37,39,960,23,11,6,40,7.580485622,105,137,12.01313768,11.3008838,7.795740322,7.36949339,474,12,6,3,21,486,11,5,3,19,495,505,99,38,80,25
15,1000,40,5.13,10.3,18,37,34,960,22,10,8,40,7.598856798,128,121,11.25797651,10.63178211,7.532990404,7.666323184,483,13,6,4,23,477,9,4,4,17,506,494,84,37,100,28
11,1000,40,5.13,10.3,18,37,39,958,28,9,5,42,7.607451614,108,127,12.07297943,11.68403121,7.714385339,7.51300356,445,15,5,4,24,513,13,4,1,18,469,531,98,29,87,21
12,1000,40,5.13,10.3,18,37,37,949,27,12,12,51,8.170721816,100,117,11.23833023,10.88323836,7.556303771,8.831030006,501,8,8,1,17,448,19,4,11,34,518,482,78,39,82,18
14,1000,40,5.13,10.3,18,37,35,944,36,11,9,56,8.049347318,129,123,11.46174686,11.10835333,7.993293238,8.108868661,484,18,8,5,31,460,18,3,4,25,515,485,91,32,94,35
13,1000,40,5.13,10.3,18,37,37,947,36,9,8,53,7.98274262,124,131,12.11779762,11.61931023,7.694591881,8.264059744,472,15,5,2,22,475,21,4,6,31,494,506,89,42,101,23
9,1000,40,5.13,10.3,18,37,40,953,25,12,10,47,7.921230907,130,132,12.14526682,12.0133141,7.616757585,8.2137641,468,12,6,4,22,485,13,6,6,25,490,510,92,40,109,21
10,1000,40,5.13,10.3,18,37,40,961,22,11,6,39,7.61193555,122,116,12.08722404,11.37861599,7.852634281,7.37600313,474,11,7,3,21,487,11,4,3,18,495,505,89,27,96,26
15,1000,40,5.13,10.3,18,37,35,961,22,10,7,39,7.57688239,105,108,11.32083196,10.69764584,7.557575402,7.596658374,482,14,6,4,24,479,8,4,3,15,506,494,79,29,76,29
16,1000,40,5.13,10.3,18,37,21,944,28,16,12,56,7.623670901,117,116,10.70021756,10.12686711,7.017271192,8.20629023,464,17,7,2,26,480,11,9,10,30,490,510,74,42,77,40
11,1000,40,5.13,10.3,18,37,40,959,26,10,5,41,7.598368198,131,112,12.18341061,11.78780186,7.811330804,7.410271281,445,14,6,4,24,514,12,4,1,17,469,531,82,30,112,19
12,1000,40,5.13,10.3,18,37,38,950,26,12,12,50,8.153486489,103,131,11.28724193,10.96033232,7.575063519,8.775111175,501,8,8,1,17,449,18,4,11,33,518,482,88,43,83,20
14,1000,40,5.13,10.3,18,37,36,945,36,11,8,55,8.059368008,127,116,11.51647223,11.18583563,8.051021049,8.068231273,483,19,8,5,32,462,17,3,3,23,515,485,81,35,101,26
13,1000,40,5.13,10.3,18,37,38,947,36,9,8,53,8.020604058,140,130,12.26951124,11.77353039,7.738143274,8.296366167,472,15,5,2,22,475,21,4,6,31,494,506,101,29,112,28
9,1000,40,5.13,10.3,18,37,41,953,25,11,11,47,7.934191514,123,123,12.21064929,12.11591816,7.63929041,8.217527868,468,12,6,4,22,485,13,5,7,25,490,510,91,32,104,19
10,1000,40,5.13,10.3,18,37,41,960,23,11,6,40,7.615690368,131,124,12.15380779,11.47395977,7.881978779,7.354674994,473,12,7,3,22,487,11,4,3,18,495,505,92,32,111,20
15,1000,40,5.13,10.3,18,37,36,962,21,10,7,38,7.579616935,109,118,11.35050627,10.74376197,7.554233454,7.605617019,483,13,6,4,23,479,8,4,3,15,506,494,88,30,84,25
11,1000,40,5.13,10.3,18,37,41,960,25,10,5,40,7.61625319,114,145,12.2855191,11.87977153,7.828307327,7.42895867,445,14,6,4,24,515,11,4,1,16,469,531,107,38,93,21
16,1000,40,5.13,10.3,18,37,22,945,27,16,12,55,7.631991468,96,102,10.76482448,10.18518147,7.071965449,8.170055682,464,17,7,2,26,481,10,9,10,29,490,510,74,28,71,25
14,1000,40,5.13,10.3,18,37,37,944,36,12,8,56,8.09212481,98,112,11.57713882,11.26550692,8.113393898,8.069540108,482,19,9,5,33,462,17,3,3,23,515,485,84,28,83,15
12,1000,40,5.13,10.3,18,37,39,949,28,11,12,51,8.159193379,121,98,11.37320786,11.06656619,7.590461703,8.77040294,500,9,8,1,18,449,19,3,11,33,518,482,65,33,94,27
9,1000,40,5.13,10.3,18,37,42,952,26,11,11,48,7.972490316,138,133,12.30666513,12.22883306,7.660723864,8.272030632,468,12,6,4,22,484,14,5,7,26,490,510,96,37,115,23
13,1000,40,5.13,10.3,18,37,39,947,35,10,8,53,8.042557872,117,113,12.33393031,11.86816648,7.771856421,8.306839525,472,15,5,2,22,475,20,5,6,31,494,506,90,23,100,17
10,1000,40,5.13,10.3,18,37,42,962,22,10,6,38,7.649428145,103,137,12.23394893,11.58549806,7.955229188,7.349682568,474,12,6,3,21,488,10,4,3,17,495,505,98,39,82,21
15,1000,40,5.13,10.3,18,37,37,962,21,10,7,38,7.622730535,102,110,11.44695304,10.8265018,7.631190221,7.614065351,483,13,6,4,23,479,8,4,3,15,506,494,85,25,83,19
11,1000,40,5.13,10.3,18,37,42,961,24,10,5,39,7.613634493,119,114,12.35331403,11.96872781,7.852495779,7.402662849,446,13,6,4,23,515,11,4,1,16,469,531,90,24,97,22
14,1000,40,5.13,10.3,18,37,38,945,35,12,8,55,8.103691075,111,121,11.63577582,11.33039883,8.138177528,8.067071439,481,20,9,5,34,464,15,3,3,21,515,485,82,39,89,22
16,1000,40,5.13,10.3,18,37,23,946,27,16,11,54,7.633803508,102,97,10.80919533,10.24412193,7.125017592,8.122637035,465,16,7,2,25,481,11,9,9,29,490,510,70,27,73,29
12,1000,40,5.13,10.3,18,37,40,951,28,9,12,49,8.156437948,125,114,11.45818502,11.1574811,7.643895068,8.707262039,501,8,7,2,17,450,20,2,10,32,518,482,82,32,99,26
9,1000,40,5.13,10.3,18,37,43,952,27,11,10,48,8.011653582,120,101,12.44241433,12.40648953,7.724029136,8.287998639,468,12,6,4,22,484,15,5,6,26,490,510,79,22,99,21
13,1000,40,5.13,10.3,18,37,40,946,34,11,9,54,8.076654985,137,125,12.45147147,12.04097568,7.863427207,8.284825978,472,13,7,2,22,474,21,4,7,32,494,506,99,26,116,21
10,1000,40,5.13,10.3,18,37,43,964,22,9,5,36,7.641156642,104,145,12.36185424,11.71999046,8.01035547,7.279268682,474,12,6,3,21,490,10,3,2,15,495,505,104,41,90,14
15,1000,40,5.13,10.3,18,37,38,962,21,10,7,38,7.642068093,120,119,11.51789355,10.95224043,7.679671013,7.603551742,483,13,6,4,23,479,8,4,3,15,506,494,92,27,97,23
11,1000,40,5.13,10.3,18,37,43,961,24,10,5,39,7.619045013,123,136,12.48656258,12.10012666,7.906360387,7.365276821,446,13,6,4,23,515,11,4,1,16,469,531,101,35,103,20
14,1000,40,5.13,10.3,18,37,39,946,35,11,8,54,8.110992171,130,118,11.74712493,11.46907312,8.19662531,8.020062137,481,20,9,5,34,465,15,2,3,20,515,485,89,29,106,24
12,1000,40,5.13,10.3,18,37,41,951,28,9,12,49,8.159171367,122,122,11.51995203,11.24747228,7.680812049,8.673258768,500,9,7,2,18,451,19,2,10,31,518,482,89,33,100,22
16,1000,40,5.13,10.3,18,37,24,947,27,14,12,53,7.62711659,106,106,10.87943225,10.32503024,7.139957855,8.095171062,465,16,7,2,25,482,11,7,10,28,490,510,63,43,72,34
9,1000,40,5.13,10.3,18,37,44,952,26,12,10,48,8.040276101,129,133,12.51612808,12.50131513,7.78777511,8.282875092,467,12,7,4,23,485,14,5,6,25,490,510,101,32,113,16
13,1000,40,5.13,10.3,18,37,41,944,35,12,9,56,8.120978269,118,139,12.59570061,12.20710374,7.929842135,8.30758153,470,15,7,2,24,474,20,5,7,32,494,506,105,34,101,17
10,1000,40,5.13,10.3,18,37,44,964,22,9,5,36,7.654000847,114,113,12.49256059,11.85686726,8.03571559,7.279844812,474,12,6,3,21,490,10,3,2,15,495,505,92,21,94,20
15,1000,40,5.13,10.3,18,37,39,963,20,10,7,37,7.61606522,117,102,11.60503792,11.04606228,7.69755155,7.532599464,483,13,6,4,23,480,7,4,3,14,506,494,77,25,98,19
11,1000,40,5.13,10.3,18,37,44,961,24,10,5,39,7.657180947,137,132,12.61143038,12.26175601,8.001098703,7.353419313,446,13,6,4,23,515,11,4,1,16,469,531,101,31,119,18
14,1000,40,5.13,10.3,18,37,40,946,35,10,9,54,8.133298024,129,132,11.83150379,11.59496556,8.239618328,8.020401206,481,20,9,5,34,465,15,1,4,20,515,485,100,32,108,21
12,1000,40,5.13,10.3,18,37,42,950,29,9,12,50,8.181438169,121,115,11.58729236,11.3341217,7.734488237,8.661770253,499,10,7,2,19,451,19,2,10,31,518,482,88,27,98,23
16,1000,40,5.13,10.3,18,37,25,947,28,13,12,53,7.661080414,113,109,10.92456844,10.38596964,7.214245067,8.090392806,465,16,7,2,25,482,12,6,10,28,490,510,79,30,90,23
9,1000,40,5.13,10.3,18,37,45,949,29,13,9,51,8.078440593,123,133,12.64668934,12.69953814,7.858231444,8.290014089,467,11,8,4,23,482,18,5,5,28,490,510,104,29,105,18
13,1000,40,5.13,10.3,18,37,42,943,36,12,9,57,8.134887079,136,131,12.68700243,12.32785583,7.964532937,8.301201202,468,17,7,2,26,475,19,5,7,31,494,506,91,40,116,20
10,1000,40,5.13,10.3,18,37,45,963,22,10,5,37,7.670590462,133,123,12.5863636,11.98956333,8.074607744,7.274573524,474,11,7,3,21,489,11,3,2,16,495,505,86,37,109,24
15,1000,40,5.13,10.3,18,37,40,963,19,11,7,37,7.636364728,108,113,11.66987741,11.1410234,7.747284552,7.522750494,483,13,6,4,23,480,6,5,3,14,506,494,83,30,91,17
11,1000,40,5.13,10.3,18,37,45,962,23,10,5,38,7.616138337,147,143,12.72812288,12.37445663,8.003150705,7.274313855,447,13,5,4,22,515,10,5,1,16,469,531,106,37,128,19
14,1000,40,5.13,10.3,18,37,41,944,37,10,9,56,8.178332625,110,142,11.88963977,11.64980548,8.261567254,8.089949464,481,20,9,5,34,463,17,1,4,22,515,485,108,34,92,18
12,1000,40,5.13,10.3,18,37,43,950,29,9,12,50,8.187830273,118,109,11.67376357,11.44122699,7.75856911,8.649152437,499,10,7,2,19,451,19,2,10,31,518,482,80,29,91,27
9,1000,40,5.13,10.3,18,37,46,949,29,13,9,51,8.111986526,127,137,12.78111741,12.84463084,7.875984714,8.338733365,467,11,8,4,23,482,18,5,5,28,490,510,104,33,106,21
16,1000,40,5.13,10.3,18,37,26,948,28,12,12,52,7.692423927,110,115,10.97128369,10.449854,7.274071578,8.094370301,465,16,7,2,25,483,12,5,10,27,490,510,88,27,83,27
10,1000,40,5.13,10.3,18,37,46,963,22,9,6,37,7.689885601,127,118,12.70199606,12.1168606,8.087374522,7.300267748,474,11,7,3,21,489,11,2,3,16,495,505,86,32,98,29
13,1000,40,5.13,10.3,18,37,43,946,33,12,9,54,8.120636469,124,133,12.80625998,12.46733396,8.000152352,8.238263255,468,17,7,2,26,478,16,5,7,28,494,506,105,28,106,18
15,1000,40,5.13,10.3,18,37,41,963,19,11,7,37,7.666902399,123,122,11.73393244,11.24888442,7.78900898,7.541829666,483,13,6,4,23,480,6,5,3,14,506,494,85,37,93,30
11,1000,40,5.13,10.3,18,37,46,963,22,10,5,37,7.604978707,126,111,12.86318295,12.53960956,8.034719456,7.225414845,447,13,5,4,22,516,9,5,1,15,469,531,85,26,103,23
14,1000,40,5.13,10.3,18,37,42,944,38,10,8,56,8.149091011,132,125,11.9727652,11.75524963,8.288162421,8.001417246,481,20,9,5,34,463,18,1,3,22,515,485,93,32,111,21
12,1000,40,5.13,10.3,18,37,44,949,30,9,12,51,8.210913744,115,124,11.77177648,11.54680221,7.780617564,8.673348228,499,10,7,2,19,450,20,2,10,32,518,482,88,36,97,18
9,1000,40,5.13,10.3,18,37,47,948,30,13,9,52,8.125925302,125,135,12.93600936,13.02067161,7.90351283,8.339615717,467,11,8,4,23,481,19,5,5,29,490,510,103,32,110,15
10,1000,40,5.13,10.3,18,37,47,962,23,9,6,38,7.719615652,125,143,12.81298303,12.26415971,8.137471265,7.310034407,474,11,7,3,21,488,12,2,3,17,495,505,110,33,107,18
16,1000,40,5.13,10.3,18,37,27,948,28,12,12,52,7.718240273,114,108,10.99479912,10.52501168,7.280110662,8.13918833,466,15,7,2,24,482,13,5,10,28,490,510,70,38,81,33
15,1000,40,5.13,10.3,18,37,42,963,20,10,7,37,7.672716011,116,123,11.86803663,11.37688294,7.805638565,7.53656457,483,13,6,4,23,480,7,4,3,14,506,494,95,28,91,25
13,1000,40,5.13,10.3,18,37,44,944,35,11,10,56,8.139260129,122,147,12.94803859,12.63575474,8.043691117,8.232562683,467,18,7,2,27,477,17,4,8,29,494,506,102,45,102,20
11,1000,40,5.13,10.3,18,37,47,962,22,11,5,38,7.607382827,147,129,12.94861743,12.65311554,8.041890918,7.22360826,447,13,5,4,22,515,9,6,1,16,469,531,110,19,124,23
14,1000,40,5.13,10.3,18,37,43,942,39,10,9,58,8.17884337,120,120,12.02867659,11.82273015,8.313727893,8.035615476,481,19,9,6,34,461,20,1,3,24,515,485,93,27,94,26
12,1000,40,5.13,10.3,18,37,45,949,30,9,12,51,8.21036021,135,129,11.8387049,11.64894185,7.786856126,8.665495304,499,10,7,2,19,450,20,2,10,32,518,482,92,37,105,30
9,1000,40,5.13,10.3,18,37,48,948,30,13,9,52,8.151069701,117,141,13.03571063,13.16619055,7.91168272,8.381068957,467,11,8,4,23,481,19,5,5,29,490,510,110,31,94,23
10,1000,40,5.13,10.3,18,37,48,962,23,9,6,38,7.738645446,135,125,12.98436558,12.44197831,8.222197746,7.264668438,473,11,8,3,22,489,12,1,3,16,495,505,104,21,113,22
15,1000,40,5.13,10.3,18,37,43,964,20,9,7,36,7.70100201,103,117,11.90815543,11.43188344,7.882998069,7.514584995,483,13,6,4,23,481,7,3,3,13,506,494,86,31,80,23
13,1000,40,5.13,10.3,18,37,45,945,35,10,10,55,8.156992443,125,136,13.12442123,12.82452357,8.072764625,8.239222763,467,18,7,2,27,478,17,3,8,28,494,506,106,30,110,15
11,1000,40,5.13,10.3,18,37,48,962,22,10,6,38,7.610311891,121,139,13.07412783,12.7629242,8.045821737,7.225652536,447,13,5,4,22,515,9,5,2,16,469,531,108,31,103,18
16,1000,40,5.13,10.3,18,37,28,949,28,11,12,51,7.749338833,105,123,11.05383372,10.59514775,7.316630624,8.165078093,466,15,7,2,24,483,13,4,10,27,490,510,83,40,80,25
14,1000,40,5.13,10.3,18,37,44,942,39,10,9,58,8.211779228,133,126,12.12290871,11.95479641,8.352935827,8.061891293,481,19,9,6,34,461,20,1,3,24,515,485,91,35,105,28
12,1000,40,5.13,10.3,18,37,46,949,29,10,12,51,8.198692852,129,126,11.9387494,11.79083418,7.819796718,8.605888282,498,10,8,2,20,451,19,2,10,31,518,482,89,37,112,17
9,1000,40,5.13,10.3,18,37,49,949,30,13,8,51,8.152321237,123,135,13.17254278,13.34357301,7.948531184,8.348119524,467,11,8,4,23,482,19,5,4,28,490,510,108,27,101,22
10,1000,40,5.13,10.3,18,37,49,961,24,9,6,39,7.754321763,110,137,13.09502037,12.55134299,8.262697093,7.256013272,472,12,8,3,23,489,12,1,3,16,495,505,111,26,96,14
15,1000,40,5.13,10.3,18,37,44,964,19,10,7,36,7.748529851,129,139,11.98600516,11.49710995,7.957111527,7.534881413,483,12,7,4,23,481,7,3,3,13,506,494,102,37,99,30
13,1000,40,5.13,10.3,18,37,46,946,33,11,10,54,8.159798796,133,158,13.30253513,13.08119041,8.089603561,8.228329322,467,18,7,2,27,479,15,4,8,27,494,506,112,46,114,19
11,1000,40,5.13,10.3,18,37,49,963,21,10,6,37,7.61865534,137,156,13.14768826,12.87061651,8.06651784,7.223085637,447,13,5,4,22,516,8,5,2,15,469,531,125,31,118,19
16,1000,40,5.13,10.3,18,37,29,947,30,11,12,53,7.783946166,111,116,11.09174129,10.66979107,7.375650695,8.176230049,464,17,7,2,26,483,13,4,10,27,490,510,81,35,88,23
14,1000,40,5.13,10.3,18,37,45,944,36,11,9,56,8.21875264,136,121,12.24032514,12.04010675,8.399286789,8.027051431,481,19,9,6,34,463,17,2,3,22,515,485,91,30,110,26
12,1000,40,5.13,10.3,18,37,47,947,31,10,12,53,8.218457825,126,129,12.00875337,11.87609446,7.824988708,8.641314677,497,11,8,2,21,450,20,2,10,32,518,482,94,35,101,25
9,1000,40,5.13,10.3,18,37,50,948,30,14,8,52,8.177656842,127,145,13.33386081,13.5715459,8.020697085,8.328461315,467,11,8,4,23,481,19,6,4,29,490,510,120,25,110,17
10,1000,40,5.13,10.3,18,37,50,957,29,9,5,43,7.77711965,133,148,13.29595224,12.78460116,8.342729759,7.22270974,467,17,8,3,28,490,12,1,2,15,495,505,111,37,116,17
15,1000,40,5.13,10.3,18,37,45,964,19,10,7,36,7.750716115,116,118,12.07107723,11.56947087,7.971762508,7.524300174,483,12,7,4,23,481,7,3,3,13,506,494,78,40,97,19
11,1000,40,5.13,10.3,18,37,50,961,23,10,6,39,7.635763737,139,136,13.23363099,12.95821598,8.11979504,7.208248331,446,14,5,4,23,515,9,5,2,16,469,531,107,29,112,27
13,1000,40,5.13,10.3,18,37,47,945,34,11,10,55,8.18611922,148,146,13.49647144,13.30541728,8.168161021,8.203651533,466,19,7,2,28,479,15,4,8,27,494,506,113,33,120,28
14,1000,40,5.13,10.3,18,37,46,945,35,11,9,55,8.220128566,120,128,12.31223545,12.13438849,8.415858456,8.012291673,481,19,9,6,34,464,16,2,3,21,515,485,86,42,98,22
16,1000,40,5.13,10.3,18,37,30,946,31,11,12,54,7.80724337,115,114,11.17262398,10.77704363,7.407676048,8.191141385,464,17,7,2,26,482,14,4,10,28,490,510,89,25,85,30
12,1000,40,5.13,10.3,18,37,48,947,31,11,11,53,8.218133312,107,143,12.07194966,11.95453518,7.856975153,8.60626594,497,11,8,2,21,450,20,3,9,32,518,482,101,42,88,19
10,1000,40,5.13,10.3,18,37,51,957,29,9,5,43,7.797054711,118,129,13.37675363,12.89284425,8.358488998,7.246737935,467,17,8,3,28,490,12,1,2,15,495,505,97,32,99,19
9,1000,40,5.13,10.3,18,37,51,950,30,12,8,50,8.173669004,141,132,13.46413881,13.72576914,8.051683806,8.290870469,468,11,7,4,22,482,19,5,4,28,490,510,103,29,124,17
11,1000,40,5.13,10.3,18,37,51,962,21,11,6,38,7.637451629,134,134,13.41342512,13.10748435,8.178521913,7.159557159,446,13,6,4,23,516,8,5,2,15,469,531,107,27,116,18
15,1000,40,5.13,10.3,18,37,46,967,17,9,7,33,7.738635545,137,127,12.16774905,11.70801077,7.98943723,7.481741511,485,11,6,4,21,482,6,3,3,12,506,494,99,28,101,36
13,1000,40,5.13,10.3,18,37,48,947,32,11,10,53,8.178943426,131,129,13.66277961,13.48140324,8.208983556,8.14961571,468,17,7,2,26,479,15,4,8,27,494,506,108,21,107,24
14,1000,40,5.13,10.3,18,37,47,943,36,12,9,57,8.231188151,133,143,12.39424243,12.21801751,8.456290974,7.992161443,480,20,9,6,35,463,16,3,3,22,515,485,112,31,117,16
12,1000,40,5.13,10.3,18,37,49,949,29,11,11,51,8.190072761,145,127,12.16285079,12.07114641,7.889961195,8.512599298,497,11,7,3,21,452,18,4,8,30,518,482,87,40,114,31
16,1000,40,5.13,10.3,18,37,31,946,32,11,11,54,7.824522865,125,124,11.24966865,10.84801574,7.442496523,8.191567783,464,17,7,2,26,482,15,4,9,28,490,510,78,46,96,29
10,1000,40,5.13,10.3,18,37,52,957,30,9,4,43,7.796667772,113,140,13.48460611,13.00845979,8.377295076,7.227538039,468,17,8,2,27,489,13,1,2,16,495,505,114,26,97,16
9,1000,40,5.13,10.3,18,37,52,951,29,12,8,49,8.162432698,143,144,13.66620716,13.94509486,8.081258828,8.240423278,468,11,7,4,22,483,18,5,4,27,490,510,123,21,117,26
11,1000,40,5.13,10.3,18,37,52,958,25,11,6,42,7.685274986,136,146,13.5512822,13.24881703,8.282514395,7.157769745,442,17,6,4,27,516,8,5,2,15,469,531,118,28,117,19
15,1000,40,5.13,10.3,18,37,47,967,17,9,7,33,7.717686003,138,135,12.26384162,11.77146181,7.982655767,7.446279726,485,11,6,4,21,482,6,3,3,12,506,494,92,43,102,36
13,1000,40,5.13,10.3,18,37,49,949,30,11,10,51,8.168706217,147,148,13.91872303,13.72740442,8.230717517,8.108165541,470,16,6,2,24,479,14,5,8,27,494,506,107,41,128,19
14,1000,40,5.13,10.3,18,37,48,944,38,12,6,56,8.20020091,118,118,12.51546726,12.42358116,8.448772687,7.936253559,480,21,9,5,35,464,17,3,1,21,515,485,80,38,96,22
12,1000,40,5.13,10.3,18,37,50,949,29,11,11,51,8.21376656,123,128,12.29524469,12.25215722,7.946418286,8.501082756,497,11,7,3,21,452,18,4,8,30,518,482,94,34,103,20
10,1000,40,5.13,10.3,18,37,53,957,30,9,4,43,7.847041699,123,155,13.6541904,13.18180962,8.526092069,7.181437872,467,18,8,2,28,490,12,1,2,15,495,505,117,38,108,15
9,1000,40,5.13,10.3,18,37,53,950,30,12,8,50,8.169381268,142,140,13.7727453,14.08971388,8.08841647,8.247170977,468,11,7,4,22,482,19,5,4,28,490,510,105,35,121,21
16,1000,40,5.13,10.3,18,37,32,946,33,12,9,54,7.807573652,122,118,11.31681437,10.94518228,7.4748209,8.127277277,464,18,7,1,26,482,15,5,8,28,490,510,85,33,94,28
11,1000,40,5.13,10.3,18,37,53,959,24,10,7,41,7.713250196,125,154,13.67278749,13.38300585,8.356598585,7.145019698,442,17,5,5,27,517,7,5,2,14,469,531,119,35,108,17
15,1000,40,5.13,10.3,18,37,48,965,19,9,7,35,7.73157098,115,129,12.30435737,11.81503553,7.998405827,7.458254314,484,12,6,4,22,481,7,3,3,13,506,494,98,31,97,18
13,1000,40,5.13,10.3,18,37,50,950,28,12,10,50,8.189929525,145,144,14.08908016,13.97332684,8.293395714,8.088917079,470,16,6,2,24,480,12,6,8,26,494,506,115,29,125,20
14,1000,40,5.13,10.3,18,37,49,943,39,12,6,57,8.201743223,126,117,12.61155313,12.54750266,8.458930211,7.928647762,480,21,9,5,35,463,18,3,1,22,515,485,82,35,108,18
12,1000,40,5.13,10.3,18,37,51,952,27,9,12,48,8.223449606,126,140,12.39021138,12.34473543,7.98636161,8.478245419,497,11,7,3,21,455,16,2,9,27,518,482,113,27,105,21
10,1000,40,5.13,10.3,18,37,54,957,30,9,4,43,7.830814894,146,121,13.76914725,13.36175684,8.529835744,7.14563604,467,18,8,2,28,490,12,1,2,15,495,505,103,18,126,20
9,1000,40,5.13,10.3,18,37,54,952,29,12,7,48,8.145533399,151,130,13.95483799,14.27439793,8.101146326,8.188179802,468,11,7,4,22,484,18,5,3,26,490,510,105,25,128,23
11,1000,40,5.13,10.3,18,37,54,960,24,9,7,40,7.690837145,138,137,13.81264613,13.55080927,8.38029315,7.081882595,442,17,5,5,27,518,7,4,2,13,469,531,119,18,119,19
16,1000,40,5.13,10.3,18,37,33,946,34,11,9,54,7.827986601,103,118,11.39064079,11.03439074,7.533030167,8.111376116,463,19,7,1,27,483,15,4,8,27,490,510,83,35,89,14
15,1000,40,5.13,10.3,18,37,49,964,20,8,8,36,7.773332855,124,123,12.39416516,11.91629563,8.057574131,7.482186932,484,12,5,5,22,480,8,3,3,14,506,494,98,25,99,25
13,1000,40,5.13,10.3,18,37,51,949,29,12,10,51,8.156126295,149,131,14.26872777,14.23119715,8.291684213,8.023783189,469,17,6,2,25,480,12,6,8,26,494,506,106,25,133,16
14,1000,40,5.13,10.3,18,37,50,945,37,12,6,55,8.209108779,124,135,12.72577308,12.69704247,8.499072301,7.901209368,479,22,9,5,36,466,15,3,1,19,515,485,105,30,107,17
12,1000,40,5.13,10.3,18,37,52,952,28,9,11,48,8.187086351,125,137,12.52675299,12.50689709,8.001371203,8.386672339,496,12,7,3,22,456,16,2,8,26,518,482,115,22,103,22
10,1000,40,5.13,10.3,18,37,55,957,30,9,4,43,7.833629431,148,150,13.93776768,13.53646608,8.536384305,7.144790496,467,18,8,2,28,490,12,1,2,15,495,505,129,21,132,16
9,1000,40,5.13,10.3,18,37,55,952,29,11,8,48,8.137652,158,150,14.26897755,14.66466009,8.129982078,8.14502114,468,11,6,5,22,484,18,5,3,26,490,510,123,27,137,21
11,1000,40,5.13,10.3,18,37,55,959,25,9,7,41,7.740967253,133,165,13.9500734,13.6860325,8.429925024,7.132452763,442,17,5,5,27,517,8,4,2,14,469,531,133,32,113,20
15,1000,40,5.13,10.3,18,37,50,965,20,7,8,35,7.747599556,120,123,12.51323354,12.00346857,8.061578996,7.425993086,484,12,5,5,22,481,8,2,3,13,506,494,100,23,104,16
16,1000,40,5.13,10.3,18,37,34,945,35,11,9,55,7.840391259,108,129,11.46322779,11.11888753,7.577350522,8.093116672,462,20,7,1,28,483,15,4,8,27,490,510,92,37,86,22
14,1000,40,5.13,10.3,18,37,51,945,36,13,6,55,8.211390275,122,144,12.87029107,12.82282107,8.543701326,7.858523901,478,23,9,5,37,467,13,4,1,18,515,485,112,32,112,10
13,1000,40,5.13,10.3,18,37,52,949,29,12,10,51,8.150743552,142,160,14.49913463,14.46984584,8.291481917,8.013342857,469,17,6,2,25,480,12,6,8,26,494,506,126,34,122,20
12,1000,40,5.13,10.3,18,37,53,951,29,8,12,49,8.242600004,130,133,12.61392329,12.60412977,8.023600012,8.477956842,496,12,6,4,22,455,17,2,8,27,518,482,105,28,109,21
9,1000,40,5.13,10.3,18,37,56,956,28,8,8,44,8.117532975,136,146,14.38903041,14.83185872,8.133903231,8.101804689,470,11,4,5,20,486,17,4,3,24,490,510,111,35,120,16
10,1000,40,5.13,10.3,18,37,56,957,31,9,3,43,7.851100454,132,147,14.10008361,13.69544168,8.580656152,7.135991403,467,18,8,2,28,490,13,1,1,15,495,505,117,30,117,15
11,1000,40,5.13,10.3,18,37,56,960,25,8,7,40,7.751775069,141,150,14.07084387,13.81653037,8.45242219,7.132936086,442,17,5,5,27,518,8,3,2,13,469,531,123,27,130,11
15,1000,40,5.13,10.3,18,37,51,965,21,7,7,35,7.753068156,135,129,12.60521096,12.08694322,8.105743505,7.391825795,484,12,5,5,22,481,9,2,2,13,506,494,96,33,115,20
14,1000,40,5.13,10.3,18,37,52,946,34,14,6,54,8.224674258,139,133,12.97684989,12.94111176,8.557857951,7.870881264,479,22,9,5,36,467,12,5,1,18,515,485,102,31,116,23
13,1000,40,5.13,10.3,18,37,53,950,28,12,10,50,8.139141193,126,169,14.71190921,14.68589308,8.312142257,7.970242922,470,16,6,2,24,480,12,6,8,26,494,506,131,38,114,12
16,1000,40,5.13,10.3,18,37,35,946,36,11,7,54,7.854813112,137,126,11.57811966,11.2654912,7.612655348,8.087474494,462,20,7,1,28,484,16,4,6,26,490,510,90,36,112,25
12,1000,40,5.13,10.3,18,37,54,952,28,9,11,48,8.236822909,128,124,12.71749093,12.73919942,8.040070646,8.448270361,496,12,6,4,22,456,16,3,7,26,518,482,98,26,106,22
10,1000,40,5.13,10.3,18,37,57,957,31,9,3,43,7.889119746,165,163,14.34418119,13.93572698,8.603577558,7.188809613,467,18,8,2,28,490,13,1,1,15,495,505,133,30,140,25
9,1000,40,5.13,10.3,18,37,57,955,29,8,8,45,8.119079489,159,149,14.55783544,15.03843313,8.198485304,8.042787628,470,11,4,5,20,485,18,4,3,25,490,510,123,26,147,12
11,1000,40,5.13,10.3,18,37,57,959,25,9,7,41,7.786259438,134,141,14.17068989,13.9247812,8.515903965,7.141808811,442,16,6,5,27,517,9,3,2,14,469,531,124,17,119,15
15,1000,40,5.13,10.3,18,37,52,965,20,7,8,35,7.766413282,123,116,12.71484455,12.20596434,8.143328297,7.380342435,484,11,5,6,22,481,9,2,2,13,506,494,87,29,101,22
14,1000,40,5.13,10.3,18,37,53,946,33,15,6,54,8.242889044,122,139,13.12710056,13.12634519,8.618184996,7.844378909,478,22,10,5,37,468,11,5,1,17,515,485,104,35,110,12
13,1000,40,5.13,10.3,18,37,54,950,29,11,10,50,8.171201137,146,161,14.87838677,14.89636733,8.344768486,8.001750009,469,17,6,2,25,481,12,5,8,25,494,506,140,21,130,16
16,1000,40,5.13,10.3,18,37,36,947,35,11,7,53,7.872542792,103,107,11.63209542,11.36932616,7.636722651,8.099115084,462,20,7,1,28,485,15,4,6,25,490,510,79,28,80,23
12,1000,40,5.13,10.3,18,37,55,952,28,9,11,48,8.236737664,139,135,12.81020726,12.86787237,8.052318786,8.434930565,496,12,6,4,22,456,16,3,7,26,518,482,101,34,119,20
9,1000,40,5.13,10.3,18,37,58,954,29,10,7,46,8.138729574,167,136,14.71231154,15.22650827,8.199699905,8.080150237,470,12,4,4,20,484,17,6,3,26,490,510,114,22,145,22
10,1000,40,5.13,10.3,18,37,58,958,30,9,3,42,7.865013062,155,146,14.58346748,14.1525677,8.625001971,7.120073438,467,18,8,2,28,491,12,1,1,14,495,505,123,23,131,24
11,1000,40,5.13,10.3,18,37,58,959,25,8,8,41,7.797741499,143,133,14.27923849,14.06981043,8.572923602,7.1130703,442,16,5,6,27,517,9,3,2,14,469,531,106,27,124,19
15,1000,40,5.13,10.3,18,37,53,965,21,7,7,35,7.795719735,122,136,12.86709399,12.34989373,8.186005519,7.395953325,484,11,5,6,22,481,10,2,1,13,506,494,104,32,101,21
14,1000,40,5.13,10.3,18,37,54,947,32,15,6,53,8.265323445,134,133,13.33661259,13.41666989,8.672869427,7.832568433,478,22,10,5,37,469,10,5,1,16,515,485,103,30,113,21
13,1000,40,5.13,10.3,18,37,55,949,30,11,10,51,8.146654674,153,150,15.02165139,15.08928211,8.356240645,7.942039121,469,17,6,2,25,480,13,5,8,26,494,506,114,36,137,16
12,1000,40,5.13,10.3,18,37,56,951,28,10,11,49,8.26608663,121,123,12.89724319,12.96027658,8.108101872,8.435871079,496,11,7,4,22,455,17,3,7,27,518,482,96,27,110,11
10,1000,40,5.13,10.3,18,37,59,957,31,9,3,43,7.890392011,152,153,14.82166322,14.42776143,8.668324986,7.127863649,467,18,8,2,28,490,13,1,1,15,495,505,131,22,138,14
9,1000,40,5.13,10.3,18,37,59,954,29,10,7,46,8.154323733,165,153,14.91763557,15.52113443,8.257242392,8.055441099,469,13,4,4,21,485,16,6,3,25,490,510,129,24,148,17
16,1000,40,5.13,10.3,18,37,37,950,34,9,7,50,7.885151738,112,124,11.68926085,11.45012547,7.620434805,8.139487615,464,20,5,1,26,486,14,4,6,24,490,510,92,32,93,19
11,1000,40,5.13,10.3,18,37,59,960,24,9,7,40,7.789892016,135,140,14.40000006,14.20305594,8.544491147,7.123400505,442,16,5,6,27,518,8,4,1,13,469,531,124,16,115,20
15,1000,40,5.13,10.3,18,37,54,964,22,7,7,36,7.811516475,133,138,12.98368196,12.47466584,8.195323231,7.418386479,483,12,5,6,23,481,10,2,1,13,506,494,109,29,106,27
14,1000,40,5.13,10.3,18,37,55,946,32,15,7,54,8.297531764,126,155,13.6439769,13.71255055,8.723154068,7.845582306,478,21,10,6,37,468,11,5,1,17,515,485,115,40,107,19
13,1000,40,5.13,10.3,18,37,56,949,30,11,10,51,8.132586075,159,147,15.14034918,15.23452139,8.365597113,7.905100991,469,17,6,2,25,480,13,5,8,26,494,506,115,32,136,23
12,1000,40,5.13,10.3,18,37,57,951,28,10,11,49,8.266071343,146,147,12.98284318,13.07357253,8.162466922,8.377413854,496,11,7,4,22,455,17,3,7,27,518,482,111,36,122,24
9,1000,40,5.13,10.3,18,37,60,954,29,10,7,46,8.152524908,169,145,15.16796351,15.78971728,8.290715293,8.019753753,468,14,4,4,22,486,15,6,3,24,490,510,116,29,146,23
10,1000,40,5.13,10.3,18,37,60,958,30,9,3,42,7.926513986,120,146,15.11389217,14.71710124,8.729404607,7.139522189,466,19,8,2,29,492,11,1,1,13,495,505,119,27,104,16
16,1000,40,5.13,10.3,18,37,38,952,32,9,7,48,7.881716667,127,124,11.76978797,11.56209283,7.630585752,8.122999311,464,20,5,1,26,488,12,4,6,22,490,510,82,42,102,25
11,1000,40,5.13,10.3,18,37,60,960,26,8,6,40,7.811375794,139,149,14.56718575,14.36478697,8.568442591,7.142704743,442,17,5,5,27,518,9,3,1,13,469,531,128,21,120,19
15,1000,40,5.13,10.3,18,37,55,963,23,7,7,37,7.818415712,138,148,13.14223623,12.6304793,8.24040363,7.386177076,483,12,5,6,23,480,11,2,1,14,506,494,124,24,110,28
14,1000,40,5.13,10.3,18,37,56,948,30,15,7,52,8.29997542,150,146,13.79750588,13.91384123,8.78610929,7.783771414,478,20,11,6,37,470,10,4,1,15,515,485,118,28,123,27
13,1000,40,5.13,10.3,18,37,57,950,29,11,10,50,8.121938704,153,160,15.30116487,15.4335318,8.419011473,7.831911138,469,17,6,2,25,481,12,5,8,25,494,506,124,36,143,10
12,1000,40,5.13,10.3,18,37,58,951,28,10,11,49,8.315964073,131,133,13.11605224,13.19595162,8.236552263,8.401307055,496,11,7,4,22,455,17,3,7,27,518,482,104,29,107,24
10,1000,40,5.13,10.3,18,37,61,958,29,10,3,42,7.956312751,170,148,15.32388265,14.95706294,8.779620789,7.149307842,466,19,8,2,29,492,10,2,1,13,495,505,119,29,152,18
9,1000,40,5.13,10.3,18,37,61,956,29,9,6,44,8.135421241,169,158,15.44566626,16.13505573,8.336320224,7.942400649,468,14,4,4,22,488,15,5,2,22,490,510,135,23,148,21
11,1000,40,5.13,10.3,18,37,61,959,27,8,6,41,7.825613612,134,162,14.69353584,14.50104857,8.603809975,7.138280101,441,18,5,5,28,518,9,3,1,13,469,531,137,25,113,21
15,1000,40,5.13,10.3,18,37,56,964,22,7,7,36,7.803785043,121,134,13.27340062,12.74116378,8.26341136,7.332993714,483,12,5,6,23,481,10,2,1,13,506,494,98,36,105,16
16,1000,40,5.13,10.3,18,37,39,954,31,9,6,46,7.909273929,117,92,11.84363332,11.6649243,7.679885327,8.1296669,464,20,5,1,26,490,11,4,5,20,490,510,63,29,102,15
14,1000,40,5.13,10.3,18,37,57,948,30,14,8,52,8.317774009,137,142,14.12553754,14.29188483,8.805581884,7.799792451,478,20,10,7,37,470,10,4,1,15,515,485,106,36,119,18
13,1000,40,5.13,10.3,18,37,58,948,31,11,10,52,8.132294314,167,150,15.55191031,15.6854084,8.452481214,7.819700779,467,19,6,2,27,481,12,5,8,25,494,506,115,35,142,25
12,1000,40,5.13,10.3,18,37,59,952,26,11,11,48,8.338335879,138,141,13.26206414,13.36500056,8.313093416,8.36546367,496,10,8,4,22,456,16,3,7,26,518,482,108,33,123,15
10,1000,40,5.13,10.3,18,37,62,958,28,11,3,42,7.97995033,175,152,15.60026953,15.23045896,8.814745324,7.16168593,466,19,8,2,29,492,9,3,1,13,495,505,125,27,148,27
9,1000,40,5.13,10.3,18,37,62,957,29,8,6,43,8.13549625,177,173,15.70236157,16.46809151,8.337097907,7.941800541,469,14,3,4,21,488,15,5,2,22,490,510,147,26,153,24
11,1000,40,5.13,10.3,18,37,62,957,27,10,6,43,7.888163681,137,140,14.76066441,14.57841403,8.743507634,7.132690397,439,18,7,5,30,518,9,3,1,13,469,531,118,22,123,14
15,1000,40,5.13,10.3,18,37,57,964,22,7,7,36,7.854058254,117,126,13.43682059,12.94435351,8.335426639,7.36099671,483,12,5,6,23,481,10,2,1,13,506,494,103,23,97,20
16,1000,40,5.13,10.3,18,37,40,954,32,9,5,46,7.936815175,128,124,11.92830557,11.76034995,7.756198254,8.11034908,463,21,5,1,27,491,11,4,4,19,490,510,88,36,106,22
14,1000,40,5.13,10.3,18,37,58,948,30,14,8,52,8.305696026,145,153,14.39961762,14.61586645,8.813300478,7.76669336,478,20,10,7,37,470,10,4,1,15,515,485,119,34,129,16
13,1000,40,5.13,10.3,18,37,59,948,32,11,9,52,8.152200066,157,154,15.85911176,15.98639214,8.560939862,7.753153704,466,20,6,2,28,482,12,5,7,24,494,506,130,24,139,18
10,1000,40,5.13,10.3,18,37,63,958,29,11,2,42,8.002406508,154,168,15.83510006,15.47307127,8.835318232,7.185988085,466,20,8,1,29,492,9,3,1,13,495,505,145,23,139,15
12,1000,40,5.13,10.3,18,37,60,953,25,11,11,47,8.35574552,134,133,13.38771834,13.51126535,8.314050553,8.400554635,496,10,8,4,22,457,15,3,7,25,518,482,108,25,113,21
9,1000,40,5.13,10.3,18,37,63,956,30,8,6,44,8.130693892,152,169,15.95453888,16.73946821,8.368406698,7.902303158,468,15,3,4,22,488,15,5,2,22,490,510,141,28,134,18
11,1000,40,5.13,10.3,18,37,63,957,26,11,6,43,7.924486828,125,151,14.92399768,14.75319975,8.812322516,7.14031557,439,18,7,5,30,518,8,4,1,13,469,531,120,31,113,12
15,1000,40,5.13,10.3,18,37,58,964,22,7,7,36,7.869327607,149,130,13.66233703,13.1560381,8.381638017,7.34457241,483,12,5,6,23,481,10,2,1,13,506,494,99,31,124,25
14,1000,40,5.13,10.3,18,37,59,948,29,15,8,52,8.30668894,138,146,14.70466896,14.94413774,8.851269767,7.728422701,478,19,11,7,37,470,10,4,1,15,515,485,110,36,125,13
13,1000,40,5.13,10.3,18,37,60,948,32,11,9,52,8.149571988,152,178,16.20915212,16.37209106,8.568149247,7.740921462,466,20,6,2,28,482,12,5,7,24,494,506,151,27,138,14
16,1000,40,5.13,10.3,18,37,41,953,33,9,5,47,7.949884714,123,125,12.02980718,11.88868301,7.794576977,8.099101952,463,21,5,1,27,490,12,4,4,20,490,510,89,36,93,30
10,1000,40,5.13,10.3,18,37,64,960,29,10,1,40,8.037961977,156,142,16.12188363,15.76832109,8.913984429,7.179286505,467,20,7,1,28,493,9,3,0,12,495,505,126,16,135,21
9,1000,40,5.13,10.3,18,37,64,956,29,9,6,44,8.134931608,155,163,16.27095972,17.08051618,8.3746213,7.904641513,468,14,4,4,22,488,15,5,2,22,490,510,136,27,136,19
12,1000,40,5.13,10.3,18,37,61,953,25,11,11,47,8.316710322,140,139,13.53643639,13.66981853,8.296152465,8.33880362,496,10,8,4,22,457,15,3,7,25,518,482,107,32,121,19
11,1000,40,5.13,10.3,18,37,64,957,26,10,7,43,7.951392651,140,160,15.06633542,14.91441698,8.866295206,7.143314876,439,18,6,6,30,518,8,4,1,13,469,531,133,27,128,12
15,1000,40,5.13,10.3,18,37,59,963,23,7,7,37,7.896435389,125,150,13.82749548,13.29788446,8.446964338,7.332533267,483,12,5,6,23,480,11,2,1,14,506,494,115,35,112,13
14,1000,40,5.13,10.3,18,37,60,947,30,15,8,53,8.336928413,137,148,15.01683932,15.27042632,8.894154008,7.745235255,477,20,11,7,38,470,10,4,1,15,515,485,121,27,122,15
13,1000,40,5.13,10.3,18,37,61,950,32,10,8,50,8.150362485,152,187,16.52032424,16.72793152,8.637708474,7.674574107,466,20,6,2,28,484,12,4,6,22,494,506,160,27,134,18
16,1000,40,5.13,10.3,18,37,42,953,33,9,5,47,7.971305622,116,118,12.13960322,12.0433144,7.841652623,8.09587419,464,20,5,1,26,489,13,4,4,21,490,510,86,32,100,16
10,1000,40,5.13,10.3,18,37,65,961,28,10,1,39,8.050223717,158,176,16.45344749,16.0855791,8.962507645,7.156004817,467,20,7,1,28,494,8,3,0,11,495,505,141,35,144,14
9,1000,40,5.13,10.3,18,37,65,954,31,8,7,46,8.174414777,162,173,16.65809418,17.62909392,8.468800404,7.891573685,466,16,3,5,24,488,15,5,2,22,490,510,145,28,143,19
12,1000,40,5.13,10.3,18,37,62,953,25,10,12,47,8.311255976,130,141,13.69510394,13.88435791,8.302798853,8.320344752,496,10,8,4,22,457,15,2,8,25,518,482,122,19,116,14
11,1000,40,5.13,10.3,18,37,65,957,26,10,7,43,7.932065151,154,154,15.23492305,15.10934581,8.855864403,7.116129466,439,18,6,6,30,518,8,4,1,13,469,531,132,22,132,22
15,1000,40,5.13,10.3,18,37,60,963,23,7,7,37,7.906069903,132,153,13.98453737,13.48347989,8.429024466,7.37041199,483,12,5,6,23,480,11,2,1,14,506,494,110,43,115,17
14,1000,40,5.13,10.3,18,37,61,947,29,16,8,53,8.379713591,135,156,15.53663677,15.94752466,8.991915625,7.72964339,477,19,12,7,38,470,10,4,1,15,515,485,130,26,119,16
13,1000,40,5.13,10.3,18,37,62,951,31,10,8,49,8.191405854,149,176,16.78328908,17.00375011,8.673622306,7.720625364,467,19,6,2,27,484,12,4,6,22,494,506,149,27,132,17
9,1000,40,5.13,10.3,18,37,66,954,31,8,7,46,8.174832185,167,172,16.95667085,18.01482149,8.496833779,7.865458104,466,16,3,5,24,488,15,5,2,22,490,510,149,23,150,17
10,1000,40,5.13,10.3,18,37,66,960,29,10,1,40,8.058682251,156,167,16.74720272,16.38346748,9.016558443,7.119773905,467,20,7,1,28,493,9,3,0,12,495,505,137,30,129,27
12,1000,40,5.13,10.3,18,37,63,952,27,9,12,48,8.332097642,122,131,13.88618664,14.09374555,8.367976603,8.293538925,495,12,7,4,23,457,15,2,8,25,518,482,99,32,110,12
16,1000,40,5.13,10.3,18,37,43,952,34,9,5,48,7.994285258,110,110,12.28922772,12.23957171,7.863563192,8.119880969,464,20,5,1,26,488,14,4,4,22,490,510,82,28,89,21
11,1000,40,5.13,10.3,18,37,66,957,26,10,7,43,7.941649334,160,154,15.44187683,15.29362762,8.90101159,7.094303009,439,18,6,6,30,518,8,4,1,13,469,531,140,14,149,11
15,1000,40,5.13,10.3,18,37,61,963,23,7,7,37,7.933362663,132,158,14.15186582,13.67023482,8.505076228,7.34776132,483,12,5,6,23,480,11,2,1,14,506,494,126,32,106,26
14,1000,40,5.13,10.3,18,37,62,947,30,15,8,53,8.358954534,150,154,16.08050697,16.68543752,9.026129696,7.650510806,476,20,12,7,39,471,10,3,1,14,515,485,134,20,131,19
13,1000,40,5.13,10.3,18,37,63,954,31,8,7,46,8.159292343,159,161,17.05814576,17.4095803,8.664096694,7.666459637,468,19,5,2,26,486,12,3,5,20,494,506,138,23,147,12
9,1000,40,5.13,10.3,18,37,67,954,31,8,7,46,8.150115227,175,167,17.32480102,18.52075763,8.482926404,7.830355468,466,16,3,5,24,488,15,5,2,22,490,510,142,25,155,20
10,1000,40,5.13,10.3,18,37,67,958,31,10,1,42,8.099701206,157,183,17.00403118,16.6416563,9.057470128,7.160898005,466,21,7,1,29,492,10,3,0,13,495,505,154,29,137,20
12,1000,40,5.13,10.3,18,37,64,954,27,9,10,46,8.316250104,161,149,14.09444984,14.38571203,8.392877263,8.233899755,496,11,7,4,22,458,16,2,6,24,518,482,114,35,135,26
16,1000,40,5.13,10.3,18,37,44,952,34,9,5,48,8.040255094,123,127,12.40198504,12.34634128,7.937610049,8.138874844,464,20,5,1,26,488,14,4,4,22,490,510,92,35,106,17
11,1000,40,5.13,10.3,18,37,67,957,26,10,7,43,7.966901144,158,167,15.63615358,15.50597182,8.937035315,7.110040643,439,18,6,6,30,518,8,4,1,13,469,531,139,28,141,17
15,1000,40,5.13,10.3,18,37,62,961,26,7,6,39,7.979530102,134,148,14.33886393,13.85763781,8.586018067,7.358309637,481,14,5,6,25,480,12,2,0,14,506,494,120,28,117,17
14,1000,40,5.13,10.3,18,37,63,947,29,16,8,53,8.368718393,159,149,16.84111285,17.75915383,9.037102913,7.6589905,476,19,13,7,39,471,10,3,1,14,515,485,116,33,135,24
13,1000,40,5.13,10.3,18,37,64,953,32,8,7,47,8.182433529,146,169,17.40843209,17.86636358,8.715607937,7.661903574,468,19,4,3,26,485,13,4,4,21,494,506,145,24,136,10
9,1000,40,5.13,10.3,18,37,68,957,28,8,7,43,8.138742378,185,180,17.64900496,18.91448576,8.466314159,7.824016549,467,15,3,5,23,490,13,5,2,20,490,510,153,27,167,18
10,1000,40,5.13,10.3,18,37,68,958,31,9,2,42,8.079369036,174,173,17.4027384,17.06223667,9.097937259,7.080970481,466,21,6,2,29,492,10,3,0,13,495,505,156,17,158,16
12,1000,40,5.13,10.3,18,37,65,952,29,9,10,48,8.317687897,154,142,14.34123485,14.69377983,8.443040353,8.182973017,495,12,7,4,23,457,17,2,6,25,518,482,111,31,133,21
11,1000,40,5.13,10.3,18,37,68,955,28,10,7,45,7.97318486,151,164,15.82420678,15.70288517,8.992443598,7.072935617,438,19,6,6,31,517,9,4,1,14,469,531,133,31,136,15
15,1000,40,5.13,10.3,18,37,63,959,28,7,6,41,7.997572106,131,142,14.49729247,14.07860703,8.617280599,7.362809966,480,15,5,6,26,479,13,2,0,15,506,494,109,33,112,19
16,1000,40,5.13,10.3,18,37,45,955,32,10,3,45,8.00766244,135,115,12.53945221,12.48613804,7.985780722,8.028686052,465,17,7,1,25,490,15,3,2,20,490,510,82,33,110,25
14,1000,40,5.13,10.3,18,37,64,946,30,16,8,54,8.364871959,169,153,17.75240104,18.93121297,9.061953244,7.624672245,476,19,13,7,39,470,11,3,1,15,515,485,123,30,149,20
13,1000,40,5.13,10.3,18,37,65,952,33,8,7,48,8.215496403,167,162,17.76126423,18.30177873,8.788789337,7.655799348,467,20,4,3,27,485,13,4,4,21,494,506,142,20,147,20
9,1000,40,5.13,10.3,18,37,69,956,28,9,7,44,8.154728134,157,181,18.0156091,19.29473595,8.5396384,7.784912388,467,14,4,5,23,489,14,5,2,21,490,510,160,21,146,11
10,1000,40,5.13,10.3,18,37,69,957,32,9,2,43,8.071255062,144,195,17.72387401,17.41835692,9.161641801,7.002460139,466,21,6,2,29,491,11,3,0,14,495,505,172,23,134,10
12,1000,40,5.13,10.3,18,37,66,953,28,9,10,47,8.351302328,153,151,14.5660883,14.95660634,8.496038786,8.195755678,495,12,7,4,23,458,16,2,6,24,518,482,124,27,135,18
11,1000,40,5.13,10.3,18,37,69,955,27,9,9,45,7.99062607,168,167,16.0487922,15.90815981,9.056934106,7.048821044,438,19,5,7,31,517,8,4,2,14,469,531,144,23,154,14
15,1000,40,5.13,10.3,18,37,64,959,28,7,6,41,8.023482329,142,129,14.68416965,14.31153986,8.683720446,7.347206039,480,15,5,6,26,479,13,2,0,15,506,494,110,19,124,18
16,1000,40,5.13,10.3,18,37,46,958,29,10,3,42,7.998396812,143,139,12.68636457,12.63873777,8.004729764,7.992312211,466,16,7,1,24,492,13,3,2,18,490,510,105,34,119,24
14,1000,40,5.13,10.3,18,37,65,944,32,17,7,56,8.362622377,159,131,18.48413654,19.90426309,9.073900272,7.607347912,475,20,14,6,40,469,12,3,1,16,515,485,102,29,148,11
13,1000,40,5.13,10.3,18,37,66,951,33,9,7,49,8.220387902,164,181,18.22397751,18.76429207,8.83633436,7.61904887,466,21,4,3,28,485,12,5,4,21,494,506,148,33,151,13
9,1000,40,5.13,10.3,18,37,70,957,27,9,7,43,8.139578891,176,195,18.36476828,19.72596693,8.561253579,7.734440466,467,14,4,5,23,490,13,5,2,20,490,510,160,35,160,16
10,1000,40,5.13,10.3,18,37,70,957,31,10,2,43,8.090419623,152,174,18.05289924,17.75285403,9.193799379,7.008888971,466,21,6,2,29,491,10,4,0,14,495,505,153,21,134,18
12,1000,40,5.13,10.3,18,37,67,950,32,8,10,50,8.360722777,151,164,14.78757907,15.1863938,8.585371618,8.119295184,493,14,6,5,25,457,18,2,5,25,518,482,122,42,129,22
11,1000,40,5.13,10.3,18,37,70,955,27,9,9,45,8.019457441,167,170,16.32766463,16.20489593,9.108972949,7.057154666,438,19,5,7,31,517,8,4,2,14,469,531,138,32,149,18
15,1000,40,5.13,10.3,18,37,65,959,28,7,6,41,8.030937802,138,149,14.90696087,14.57997507,8.714930961,7.330329424,480,15,5,6,26,479,13,2,0,15,506,494,121,28,125,13
14,1000,40,5.13,10.3,18,37,66,945,30,18,7,55,8.388074443,161,150,19.34728008,20.93327112,9.10654969,7.625157429,475,20,14,6,40,470,10,4,1,15,515,485,126,24,144,17
16,1000,40,5.13,10.3,18,37,47,956,30,11,3,44,8.024883909,138,138,12.83261027,12.80175756,8.046633879,8.00398688,465,17,7,1,25,491,13,4,2,19,490,510,107,31,118,20
9,1000,40,5.13,10.3,18,37,71,956,28,9,7,44,8.134512423,184,180,18.79568939,20.13916986,8.621194536,7.666915883,466,15,4,5,24,490,13,5,2,20,490,510,156,24,166,18
13,1000,40,5.13,10.3,18,37,67,951,32,10,7,49,8.208774476,165,162,18.71782795,19.35553591,8.871157607,7.562100037,466,20,5,3,28,485,12,5,4,21,494,506,136,26,149,16
10,1000,40,5.13,10.3,18,37,71,956,33,9,2,44,8.071248727,178,182,18.45719514,18.15453768,9.230780819,6.934677667,465,22,6,2,30,491,11,3,0,14,495,505,172,10,160,18
12,1000,40,5.13,10.3,18,37,68,952,29,9,10,48,8.356027041,148,144,15.08346213,15.53460761,8.613838128,8.078960353,493,14,6,5,25,459,15,3,5,23,518,482,117,27,135,13
11,1000,40,5.13,10.3,18,37,71,958,23,10,9,42,8.003094199,161,183,16.56086935,16.44702233,9.113926289,7.021963785,439,17,6,7,30,519,6,4,2,12,469,531,147,36,141,20
15,1000,40,5.13,10.3,18,37,66,957,30,7,6,43,8.04300274,153,159,15.13580447,14.81868601,8.736001323,7.333170183,479,16,5,6,27,478,14,2,0,16,506,494,130,29,133,20
14,1000,40,5.13,10.3,18,37,67,946,30,16,8,54,8.396646891,167,149,20.93555236,23.11304332,9.186305027,7.558143921,474,21,14,6,41,472,9,2,2,13,515,485,127,22,147,20
9,1000,40,5.13,10.3,18,37,72,955,28,9,8,45,8.15106476,178,183,19.36825913,20.77663631,8.655996094,7.665934655,466,15,3,6,24,489,13,6,2,21,490,510,165,18,160,18
13,1000,40,5.13,10.3,18,37,68,949,34,10,7,51,8.211565641,172,196,19.22850598,19.99408816,8.888049235,7.551125137,464,22,5,3,30,485,12,5,4,21,494,506,164,32,154,18
10,1000,40,5.13,10.3,18,37,72,956,33,9,2,44,8.078861721,153,179,18.8705152,18.57037268,9.270075993,6.91123585,465,22,6,2,30,491,11,3,0,14,495,505,159,20,137,16
16,1000,40,5.13,10.3,18,37,48,957,29,12,2,43,8.013120093,148,146,12.99963368,12.95071444,8.059015365,7.969024634,465,16,8,1,25,492,13,4,1,18,490,510,115,31,124,24
12,1000,40,5.13,10.3,18,37,69,952,29,9,10,48,8.336019936,169,166,15.392574,15.91017491,8.658782757,7.989150349,493,14,6,5,25,459,15,3,5,23,518,482,136,30,158,11
11,1000,40,5.13,10.3,18,37,72,962,20,9,9,38,7.955303044,192,166,16.82463309,16.72875052,9.13590699,6.912547392,440,16,6,7,29,522,4,3,2,9,469,531,146,20,171,21
15,1000,40,5.13,10.3,18,37,67,957,30,7,6,43,8.050583831,145,160,15.30506102,15.0148065,8.767978592,7.315762477,479,16,5,6,27,478,14,2,0,16,506,494,131,29,129,16
14,1000,40,5.13,10.3,18,37,68,946,30,16,8,54,8.397499939,165,161,22.23622527,25.26261878,9.200462948,7.544869115,474,21,14,6,41,472,9,2,2,13,515,485,136,25,143,22
9,1000,40,5.13,10.3,18,37,73,955,26,11,8,45,8.159779531,189,207,19.81817669,21.23882831,8.700741461,7.640031794,466,14,4,6,24,489,12,7,2,21,490,510,179,28,172,17
10,1000,40,5.13,10.3,18,37,73,957,31,10,2,43,8.086769058,177,171,19.53914598,19.20713603,9.299854802,6.897704813,465,22,6,2,30,492,9,4,0,13,495,505,153,18,156,21
13,1000,40,5.13,10.3,18,37,69,949,33,11,7,51,8.201702114,179,175,19.91203466,20.8768547,8.909905343,7.510294217,464,22,5,3,30,485,11,6,4,21,494,506,146,29,158,21
16,1000,40,5.13,10.3,18,37,49,957,29,12,2,43,8.034760441,124,135,13.12194712,13.13728959,8.127118321,7.946024437,465,16,8,1,25,492,13,4,1,18,490,510,107,28,106,18
12,1000,40,5.13,10.3,18,37,70,951,30,9,10,49,8.340265026,149,148,15.65306952,16.18211872,8.687627264,7.966958719,492,15,6,5,26,459,15,3,5,23,518,482,125,23,135,14
11,1000,40,5.13,10.3,18,37,73,962,20,9,9,38,7.965347271,164,186,17.1383206,17.07599358,9.149840615,6.919156351,440,16,6,7,29,522,4,3,2,9,469,531,160,26,148,16
15,1000,40,5.13,10.3,18,37,68,957,30,7,6,43,8.067837611,138,166,15.65390569,15.38584519,8.806599023,7.311130577,478,17,5,6,28,479,13,2,0,15,506,494,137,29,117,21
14,1000,40,5.13,10.3,18,37,69,947,29,16,8,53,8.37329822,174,170,23.91044001,27.86420641,9.207755233,7.487225309,475,20,14,6,40,472,9,2,2,13,515,485,146,24,154,20
9,1000,40,5.13,10.3,18,37,74,956,25,11,8,44,8.1629554,189,201,20.28560503,21.79143902,8.735209884,7.613142269,466,14,4,6,24,490,11,7,2,20,490,510,178,23,174,15
10,1000,40,5.13,10.3,18,37,74,956,32,10,2,44,8.112910739,201,197,20.06714153,19.76256245,9.38563508,6.86538886,464,23,6,2,31,492,9,4,0,13,495,505,166,31,180,21
13,1000,40,5.13,10.3,18,37,70,948,34,11,7,52,8.211315029,153,191,20.50006225,21.6937183,8.936065955,7.503751872,463,23,5,3,31,485,11,6,4,21,494,506,169,22,137,16
12,1000,40,5.13,10.3,18,37,71,950,30,10,10,50,8.340156318,155,162,15.88502845,16.46318843,8.702761541,7.950468547,492,15,6,5,26,458,15,4,5,24,518,482,134,28,142,13
16,1000,40,5.13,10.3,18,37,50,957,29,12,2,43,8.044644794,132,127,13.31938913,13.39982277,8.153775161,7.939794049,465,16,8,1,25,492,13,4,1,18,490,510,103,24,111,21
11,1000,40,5.13,10.3,18,37,74,962,19,10,9,38,7.999561033,173,190,17.47483134,17.37985883,9.207973996,6.93224337,440,15,7,7,29,522,4,3,2,9,469,531,167,23,154,19
15,1000,40,5.13,10.3,18,37,69,957,30,7,6,43,8.1095325,135,161,15.85097792,15.53883487,8.895663598,7.3043051,478,17,5,6,28,479,13,2,0,15,506,494,136,25,124,11
14,1000,40,5.13,10.3,18,37,70,948,27,17,8,52,8.421363745,155,167,26.67435227,31.62118709,9.280786859,7.508780438,476,19,14,6,39,472,8,3,2,13,515,485,143,24,136,19
9,1000,40,5.13,10.3,18,37,75,955,26,11,8,45,8.178582372,193,193,20.76394085,22.30098739,8.774913138,7.605637126,466,14,4,6,24,489,12,7,2,21,490,510,168,25,174,19
10,1000,40,5.13,10.3,18,37,75,957,31,9,3,43,8.135983581,176,203,20.68885342,20.34442377,9.43229353,6.865343136,464,23,5,3,31,493,8,4,0,12,495,505,168,35,165,11
13,1000,40,5.13,10.3,18,37,71,950,33,10,7,50,8.232321333,174,184,20.98772694,22.20632429,9.02128858,7.462064772,463,23,5,3,31,487,10,5,4,19,494,506,164,20,164,10
12,1000,40,5.13,10.3,18,37,72,951,30,9,10,49,8.342340546,161,163,16.17258477,16.84657372,8.720666316,7.935758079,492,15,6,5,26,459,15,3,5,23,518,482,136,27,139,22
11,1000,40,5.13,10.3,18,37,75,962,19,10,9,38,7.97972663,191,174,17.71056964,17.61003827,9.207973996,6.894890444,440,15,7,7,29,522,4,3,2,9,469,531,142,32,174,17
15,1000,40,5.13,10.3,18,37,70,958,29,7,6,42,8.088361999,145,166,16.10779968,15.84069964,8.893823745,7.26333438,478,17,5,6,28,480,12,2,0,14,506,494,133,33,126,19
16,1000,40,5.13,10.3,18,37,51,956,29,13,2,44,8.068185088,141,146,13.58002211,13.6745081,8.222904759,7.919532855,464,16,9,1,26,492,13,4,1,18,490,510,112,34,118,23
14,1000,40,5.13,10.3,18,37,71,948,27,17,8,52,8.450997895,152,157,28.79381152,34.65006232,9.337222513,7.509955259,476,19,14,6,39,472,8,3,2,13,515,485,136,21,138,14
9,1000,40,5.13,10.3,18,37,76,955,26,10,9,45,8.198154144,179,204,21.19127365,22.70952665,8.805205192,7.61490902,466,14,4,6,24,489,12,6,3,21,490,510,182,22,170,9
10,1000,40,5.13,10.3,18,37,76,958,30,9,3,42,8.145154371,196,171,21.23614411,20.95868796,9.492875703,6.824120589,464,23,5,3,31,494,7,4,0,11,495,505,150,21,168,28
13,1000,40,5.13,10.3,18,37,72,950,33,10,7,50,8.208029601,177,190,21.54228492,22.98416047,9.039332698,7.396441202,463,23,5,3,31,487,10,5,4,19,494,506,165,25,158,19
12,1000,40,5.13,10.3,18,37,73,952,30,8,10,48,8.316214321,146,166,16.4965994,17.18919382,8.733744506,7.86749931,491,16,6,5,27,461,14,2,5,21,518,482,132,34,126,20
11,1000,40,5.13,10.3,18,37,76,962,19,10,9,38,8.018334316,176,185,18.0614049,17.9479004,9.253637512,6.927266145,440,15,7,7,29,522,4,3,2,9,469,531,161,24,159,17
15,1000,40,5.13,10.3,18,37,71,958,29,7,6,42,8.087005316,150,171,16.4396478,16.2536332,8.920109685,7.233663594,478,17,5,6,28,480,12,2,0,14,506,494,148,23,134,16
16,1000,40,5.13,10.3,18,37,52,955,30,13,2,45,8.077030007,141,152,13.86206348,13.94234807,8.271209132,7.89046575,463,17,9,1,27,492,13,4,1,18,490,510,127,25,124,17
14,1000,40,5.13,10.3,18,37,72,948,27,17,8,52,8.496062642,170,163,32.62999233,39.55281877,9.383019715,7.554242245,476,19,14,6,39,472,8,3,2,13,515,485,136,27,151,19
9,1000,40,5.13,10.3,18,37,77,956,26,10,8,44,8.173872506,240,189,21.76492064,23.43747466,8.803625278,7.568815921,466,14,4,6,24,490,12,6,2,20,490,510,167,22,215,25
10,1000,40,5.13,10.3,18,37,77,958,30,9,3,42,8.159534267,191,192,21.86229732,21.58493846,9.506731876,6.839013839,464,23,5,3,31,494,7,4,0,11,495,505,173,19,181,10
13,1000,40,5.13,10.3,18,37,73,950,33,10,7,50,8.166797878,183,181,22.04974812,23.71469959,9.058145502,7.296588932,462,24,5,3,32,488,9,5,4,18,494,506,150,31,167,16
12,1000,40,5.13,10.3,18,37,74,951,30,9,10,49,8.333522268,153,178,16.80302447,17.57771022,8.778475447,7.855336071,490,17,6,5,28,461,13,3,5,21,518,482,142,36,140,13
11,1000,40,5.13,10.3,18,37,77,962,19,10,9,38,8.00955819,167,176,18.34930722,18.26442558,9.275697087,6.891254719,439,16,7,7,30,523,3,3,2,8,469,531,151,25,150,17
15,1000,40,5.13,10.3,18,37,72,958,29,7,6,42,8.078051814,148,177,16.65859965,16.48782981,8.950085074,7.184835561,478,17,5,6,28,480,12,2,0,14,506,494,150,27,132,16
16,1000,40,5.13,10.3,18,37,53,954,32,12,2,46,8.102331826,140,147,14.10949293,14.15995422,8.332155854,7.881520505,461,19,9,1,29,493,13,3,1,17,490,510,118,29,118,22
9,1000,40,5.13,10.3,18,37,78,957,26,9,8,43,8.154307824,197,195,22.17478285,23.89051226,8.822850978,7.511982048,466,14,4,6,24,491,12,5,2,19,490,510,182,13,186,11
14,1000,40,5.13,10.3,18,37,73,949,26,17,8,51,8.48549917,160,168,36.92586377,45.22523133,9.397188372,7.517416822,476,19,14,6,39,473,7,3,2,12,515,485,142,26,145,15
10,1000,40,5.13,10.3,18,37,78,958,29,10,3,42,8.18252733,188,203,22.54665521,22.31446445,9.565849908,6.826597278,464,22,6,3,31,494,7,4,0,11,495,505,175,28,169,19
13,1000,40,5.13,10.3,18,37,74,950,33,10,7,50,8.175058867,197,182,22.65499162,24.5691198,9.088129088,7.283642485,462,24,5,3,32,488,9,5,4,18,494,506,167,15,179,18
12,1000,40,5.13,10.3,18,37,75,949,31,10,10,51,8.351594438,179,162,17.1464828,17.94807171,8.799664565,7.870058492,489,18,6,5,29,460,13,4,5,22,518,482,138,24,157,22
11,1000,40,5.13,10.3,18,37,78,962,19,10,9,38,7.9893693,192,177,18.67719694,18.57984218,9.322117123,6.812234217,439,16,7,7,30,523,3,3,2,8,469,531,147,30,181,11
15,1000,40,5.13,10.3,18,37,73,956,31,7,6,44,8.127945452,151,166,16.91060596,16.79629927,9.032934984,7.200972369,477,18,5,6,29,479,13,2,0,15,506,494,143,23,137,14
9,1000,40,5.13,10.3,18,37,79,956,27,9,8,44,8.139917646,213,195,22.88995919,24.70398262,8.813225098,7.493014408,466,14,4,6,24,490,13,5,2,20,490,510,176,19,194,19
14,1000,40,5.13,10.3,18,37,74,948,26,18,8,52,8.492998668,180,168,42.11230064,54.049438,9.469266007,7.456343657,475,20,14,6,40,473,6,4,2,12,515,485,148,20,158,22
10,1000,40,5.13,10.3,18,37,79,960,28,8,4,40,8.174469505,202,199,23.12296674,22.92937279,9.631263832,6.746522591,464,22,5,4,31,496,6,3,0,9,495,505,179,20,186,16
16,1000,40,5.13,10.3,18,37,54,955,31,12,2,45,8.09422786,133,138,14.25371431,14.29213014,8.35084988,7.847669447,462,18,9,1,28,493,13,3,1,17,490,510,107,31,119,14
13,1000,40,5.13,10.3,18,37,75,950,33,11,6,50,8.193142458,194,198,23.32781784,25.22288461,9.152866258,7.256178905,462,23,6,3,32,488,10,5,3,18,494,506,168,30,180,14
12,1000,40,5.13,10.3,18,37,76,947,31,11,11,53,8.401187762,166,173,17.5708924,18.46056785,8.882934641,7.883459789,487,19,7,5,31,460,12,4,6,22,518,482,149,24,148,18
11,1000,40,5.13,10.3,18,37,79,962,19,10,9,38,7.998521566,195,184,18.9224115,18.8605103,9.376608353,6.781341335,439,16,7,7,30,523,3,3,2,8,469,531,165,19,182,13
15,1000,40,5.13,10.3,18,37,74,955,31,7,7,45,8.145597438,170,164,17.18110152,17.09792579,9.0878687,7.180436997,476,18,5,7,30,479,13,2,0,15,506,494,139,25,151,19
9,1000,40,5.13,10.3,18,37,80,955,28,9,8,45,8.137060178,226,209,23.60321329,25.42291079,8.817593716,7.48321423,466,14,4,6,24,489,14,5,2,21,490,510,187,22,202,24
14,1000,40,5.13,10.3,18,37,75,947,27,18,8,53,8.491769898,184,159,49.67962475,66.07008365,9.486818068,7.435172357,474,21,14,6,41,473,6,4,2,12,515,485,139,20,167,17
10,1000,40,5.13,10.3,18,37,80,960,26,10,4,40,8.16795654,201,220,23.51387963,23.37568289,9.686927803,6.679063915,465,19,7,4,30,495,7,3,0,10,495,505,197,23,184,17
16,1000,40,5.13,10.3,18,37,55,955,31,11,3,45,8.101844375,132,143,14.47244279,14.54271434,8.387417188,7.827470496,461,19,9,1,29,494,12,2,2,16,490,510,112,31,112,20
13,1000,40,5.13,10.3,18,37,76,951,31,12,6,49,8.196765866,182,199,23.9493548,25.84764807,9.189725023,7.227355147,462,21,8,3,32,489,10,4,3,17,494,506,180,19,165,17
12,1000,40,5.13,10.3,18,37,77,947,31,11,11,53,8.418576461,164,180,17.87385647,18.8422262,8.934563729,7.864050725,487,19,7,5,31,460,12,4,6,22,518,482,150,30,139,25
11,1000,40,5.13,10.3,18,37,80,962,19,10,9,38,7.971877452,186,183,19.27385464,19.19581709,9.350285868,6.754413146,439,16,7,7,30,523,3,3,2,8,469,531,156,27,169,17
15,1000,40,5.13,10.3,18,37,75,955,32,7,6,45,8.141017263,160,166,17.39642135,17.3468573,9.119854748,7.13840235,476,19,5,6,30,479,13,2,0,15,506,494,135,31,134,26
9,1000,40,5.13,10.3,18,37,81,956,27,9,8,44,8.146078557,214,213,24.49194987,26.32373211,8.829003974,7.489934529,467,13,4,6,23,489,14,5,2,21,490,510,193,20,200,14
14,1000,40,5.13,10.3,18,37,76,946,28,17,9,54,8.508886702,171,169,58.91096403,79.12959316,9.555696417,7.397325871,473,22,13,7,42,473,6,4,2,12,515,485,151,18,152,19
10,1000,40,5.13,10.3,18,37,81,960,25,11,4,40,8.176434559,204,228,24.17002102,24.0899664,9.755434934,6.628701518,466,17,8,4,29,494,8,3,0,11,495,505,197,31,192,12
13,1000,40,5.13,10.3,18,37,77,949,33,12,6,51,8.213359835,205,197,24.88125248,27.02458981,9.197129996,7.252920192,461,22,8,3,33,488,11,4,3,18,494,506,174,23,188,17
16,1000,40,5.13,10.3,18,37,56,955,31,10,4,45,8.150313975,137,145,14.74231257,14.84403725,8.447916343,7.864382288,460,20,9,1,30,495,11,1,3,15,490,510,116,29,117,20
11,1000,40,5.13,10.3,18,37,81,961,19,11,9,39,8.008811696,171,200,19.61721086,19.55078161,9.406728887,6.774116475,439,15,8,7,30,522,4,3,2,9,469,531,178,22,150,21
12,1000,40,5.13,10.3,18,37,78,946,31,12,11,54,8.415330477,186,179,18.26904611,19.31789721,8.963045219,7.826707581,486,20,7,5,32,460,11,5,6,22,518,482,147,32,170,16
15,1000,40,5.13,10.3,18,37,76,956,31,7,6,44,8.152411375,170,165,17.78755715,17.76681293,9.171286075,7.108786683,476,19,5,6,30,480,12,2,0,14,506,494,145,20,154,16
9,1000,40,5.13,10.3,18,37,82,955,27,11,7,45,8.189642397,223,243,25.14923229,27.05614285,8.888749904,7.51795087,467,13,4,6,23,488,14,7,1,22,490,510,211,32,207,16
14,1000,40,5.13,10.3,18,37,77,945,29,17,9,55,8.553814702,166,171,64.69748852,90.32576351,9.649431042,7.390428279,472,23,13,7,43,473,6,4,2,12,515,485,154,17,150,16
10,1000,40,5.13,10.3,18,37,82,961,24,11,4,39,8.198336688,198,191,24.83714064,24.79588918,9.778289283,6.649670283,467,16,8,4,28,494,8,3,0,11,495,505,170,21,186,12
13,1000,40,5.13,10.3,18,37,78,949,33,13,5,51,8.205358295,202,208,25.86568876,28.52644317,9.235551808,7.199596249,461,22,8,3,33,488,11,5,2,18,494,506,185,23,190,12
11,1000,40,5.13,10.3,18,37,82,961,19,11,9,39,8.00748897,192,211,20.04696419,19.98995975,9.421399855,6.758667491,439,15,8,7,30,522,4,3,2,9,469,531,196,15,178,14
12,1000,40,5.13,10.3,18,37,79,945,33,12,10,55,8.40569408,168,184,18.68483833,19.87614188,9.020119874,7.745377563,485,21,7,5,33,460,12,5,5,22,518,482,153,31,148,20
15,1000,40,5.13,10.3,18,37,77,956,31,7,6,44,8.153990008,170,179,18.11364107,18.14628835,9.215524996,7.066668744,476,19,5,6,30,480,12,2,0,14,506,494,156,23,155,15
16,1000,40,5.13,10.3,18,37,57,954,32,10,4,46,8.164465651,145,162,14.91898226,15.05378671,8.502791125,7.839407842,460,20,9,1,30,494,12,1,3,16,490,510,132,30,129,16
9,1000,40,5.13,10.3,18,37,83,954,27,12,7,46,8.201423301,226,221,25.92561383,27.95378313,8.924750025,7.506462331,467,13,4,6,23,487,14,8,1,23,490,510,203,18,209,17
14,1000,40,5.13,10.3,18,37,78,945,29,17,9,55,8.55540354,193,196,73.73976246,105.9729985,9.701595209,7.338313418,472,23,13,7,43,473,6,4,2,12,515,485,173,23,174,19
10,1000,40,5.13,10.3,18,37,83,960,25,11,4,40,8.179742058,216,214,25.56342125,25.45129663,9.792043861,6.599367024,466,17,8,4,29,494,8,3,0,11,495,505,195,19,199,17
13,1000,40,5.13,10.3,18,37,79,950,32,13,5,50,8.216941295,193,214,26.91086877,29.92812008,9.313687416,7.146204964,461,22,8,3,33,489,10,5,2,17,494,506,191,23,184,9
11,1000,40,5.13,10.3,18,37,83,960,20,11,9,40,7.992011709,205,197,20.67764363,20.61687009,9.430595766,6.721397919,439,15,8,7,30,521,5,3,2,10,469,531,175,22,187,18
12,1000,40,5.13,10.3,18,37,80,945,33,11,11,55,8.419163641,164,189,19.04505622,20.36608981,9.068918984,7.720878853,485,21,7,5,33,460,12,4,6,22,518,482,159,30,153,11
15,1000,40,5.13,10.3,18,37,78,955,32,7,6,45,8.170960487,167,175,18.53973807,18.70098635,9.26788471,7.047390331,476,19,5,6,30,479,13,2,0,15,506,494,159,16,142,25
16,1000,40,5.13,10.3,18,37,58,954,33,9,4,46,8.177578893,139,148,15.1006467,15.26000213,8.527824998,7.841067929,460,21,8,1,30,494,12,1,3,16,490,510,128,20,117,22
9,1000,40,5.13,10.3,18,37,84,953,26,14,7,47,8.226584567,233,216,27.07114502,29.30125377,8.994119603,7.489148944,466,13,5,6,24,487,13,9,1,23,490,510,201,15,219,14
14,1000,40,5.13,10.3,18,37,79,944,31,17,8,56,8.521966044,183,201,78.28551106,109.7815092,9.671660962,7.301155976,472,24,13,6,43,472,7,4,2,13,515,485,177,24,159,24
10,1000,40,5.13,10.3,18,37,84,959,25,12,4,41,8.204827228,198,225,26.3363158,26.16884603,9.859338237,6.583078814,465,18,8,4,30,494,7,4,0,11,495,505,205,20,183,15
13,1000,40,5.13,10.3,18,37,80,949,32,14,5,51,8.238621319,194,206,28.09199556,31.49736627,9.377386342,7.126862581,460,22,9,3,34,489,10,5,2,17,494,506,183,23,176,18
11,1000,40,5.13,10.3,18,37,84,960,19,12,9,40,8.021179869,200,196,21.53172568,21.51100363,9.450762541,6.758516454,439,14,9,7,30,521,5,3,2,10,469,531,175,21,188,12
15,1000,40,5.13,10.3,18,37,79,955,32,7,6,45,8.187054612,172,165,18.98021088,19.24773342,9.333383231,7.012879954,476,19,5,6,30,479,13,2,0,15,506,494,150,15,153,19
12,1000,40,5.13,10.3,18,37,81,945,33,10,12,55,8.424666158,188,184,19.54095288,20.97223613,9.116241602,7.681437776,484,22,6,6,34,461,11,4,6,21,518,482,157,27,167,21
9,1000,40,5.13,10.3,18,37,85,954,26,13,7,46,8.225681288,251,252,28.26008083,30.49605849,9.033418317,7.449620221,466,13,5,6,24,488,13,8,1,22,490,510,221,31,232,19
16,1000,40,5.13,10.3,18,37,59,955,31,10,4,45,8.198259363,155,142,15.37615161,15.60105964,8.549434334,7.860855959,460,21,8,1,30,495,10,2,3,15,490,510,113,29,138,17
14,1000,40,5.13,10.3,18,37,80,944,32,17,7,56,8.512643676,172,170,86.31833601,117.9141786,9.710571274,7.240617463,472,24,13,6,43,472,8,4,1,13,515,485,150,20,155,17
10,1000,40,5.13,10.3,18,37,85,957,27,12,4,43,8.255636263,207,225,27.02738503,26.83143859,9.906437974,6.637523695,463,20,8,4,32,494,7,4,0,11,495,505,201,24,194,13
13,1000,40,5.13,10.3,18,37,81,948,33,13,6,52,8.244798529,200,209,28.98329994,32.43523687,9.396732846,7.120182812,460,22,8,4,34,488,11,5,2,18,494,506,184,25,190,10
11,1000,40,5.13,10.3,18,37,85,956,22,13,9,44,8.039153309,197,198,22.09416264,22.11462997,9.528583556,6.723630173,436,16,10,7,33,520,6,3,2,11,469,531,177,21,189,8
15,1000,40,5.13,10.3,18,37,80,954,33,7,6,46,8.165931281,180,183,19.38111401,19.63684255,9.339948159,6.963395774,475,20,5,6,31,479,13,2,0,15,506,494,158,25,166,14
12,1000,40,5.13,10.3,18,37,82,944,35,10,11,56,8.445782787,172,177,20.13787053,21.70355631,9.178715947,7.658107731,484,22,6,6,34,460,13,4,5,22,518,482,155,22,162,10
9,1000,40,5.13,10.3,18,37,86,956,25,12,7,44,8.187243966,239,250,29.45461775,31.92342104,9.053623031,7.35484055,466,13,5,6,24,490,12,7,1,20,490,510,225,25,225,14
14,1000,40,5.13,10.3,18,37,81,944,33,16,7,56,8.516228519,175,188,93.27510203,123.9844474,9.749264783,7.20692197,471,25,13,6,44,473,8,3,1,12,515,485,169,19,156,19
10,1000,40,5.13,10.3,18,37,86,956,26,14,4,44,8.297729137,213,216,27.8055907,27.5760176,10.0006304,6.628548691,462,19,10,4,33,494,7,4,0,11,495,505,193,23,198,15
16,1000,40,5.13,10.3,18,37,60,955,31,10,4,45,8.21273942,168,145,15.74518379,16.05650952,8.56224281,7.876942045,461,20,8,1,29,494,11,2,3,16,490,510,127,18,148,20
13,1000,40,5.13,10.3,18,37,82,949,32,12,7,51,8.26682097,211,217,29.94839529,33.72393379,9.457812955,7.104073855,459,22,8,5,35,490,10,4,2,16,494,506,194,23,201,10
11,1000,40,5.13,10.3,18,37,86,957,21,13,9,43,7.989735034,238,222,23.02157297,23.11571071,9.490645639,6.664071995,437,15,10,7,32,520,6,3,2,11,469,531,199,23,221,17
15,1000,40,5.13,10.3,18,37,81,955,32,7,6,45,8.149771758,165,194,19.74398651,20.03358985,9.380113317,6.88954336,475,20,5,6,31,480,12,2,0,14,506,494,166,28,143,22
12,1000,40,5.13,10.3,18,37,83,943,37,10,10,57,8.477256542,175,195,20.95922704,22.92730403,9.245404535,7.6517365,483,24,6,5,35,460,13,4,5,22,518,482,171,24,162,13
9,1000,40,5.13,10.3,18,37,87,955,26,12,7,45,8.193907205,245,247,30.68198245,33.25723558,9.114143701,7.309758414,465,14,5,6,25,490,12,7,1,20,490,510,227,20,218,27
14,1000,40,5.13,10.3,18,37,82,943,34,16,7,57,8.52495009,206,204,102.2557265,134.7056106,9.772071428,7.200687227,471,25,13,6,44,472,9,3,1,13,515,485,171,33,180,26
10,1000,40,5.13,10.3,18,37,87,956,26,14,4,44,8.293909369,212,216,28.32215533,28.0351414,10.04545285,6.577049917,462,19,10,4,33,494,7,4,0,11,495,505,198,18,197,15
16,1000,40,5.13,10.3,18,37,61,953,32,11,4,47,8.237119929,149,161,16.04743305,16.42930562,8.589209786,7.898837519,460,21,8,1,30,493,11,3,3,17,490,510,132,29,127,22
13,1000,40,5.13,10.3,18,37,83,949,32,12,7,51,8.27770947,214,228,30.90407954,34.92065079,9.508801597,7.075813203,459,22,8,5,35,490,10,4,2,16,494,506,204,24,199,15
11,1000,40,5.13,10.3,18,37,87,957,21,12,10,43,7.988835457,236,232,23.98991232,24.09641118,9.518344845,6.637912852,437,15,9,8,32,520,6,3,2,11,469,531,214,18,217,19
15,1000,40,5.13,10.3,18,37,82,954,33,7,6,46,8.147469149,174,192,20.1416694,20.44161644,9.383299568,6.881618558,475,20,5,6,31,479,13,2,0,15,506,494,165,27,159,15
12,1000,40,5.13,10.3,18,37,84,944,36,10,10,56,8.470878497,198,199,21.84999601,24.20464428,9.296860903,7.58320446,483,24,6,5,35,461,12,4,5,21,518,482,169,30,185,13
9,1000,40,5.13,10.3,18,37,88,956,26,11,7,44,8.190231095,241,253,32.26246578,34.93295226,9.153614087,7.264627828,465,14,5,6,25,491,12,6,1,19,490,510,230,23,223,18
14,1000,40,5.13,10.3,18,37,83,943,34,16,7,57,8.557729829,190,190,115.901727,154.5114037,9.855464238,7.179723188,471,25,13,6,44,472,9,3,1,13,515,485,167,23,176,14
10,1000,40,5.13,10.3,18,37,88,956,26,14,4,44,8.349062275,216,221,29.04326056,28.62779735,10.11991595,6.613275011,462,19,10,4,33,494,7,4,0,11,495,505,200,21,200,16
16,1000,40,5.13,10.3,18,37,62,952,33,11,4,48,8.237477361,147,154,16.38903233,16.80039096,8.581499335,7.906946445,460,21,8,1,30,492,12,3,3,18,490,510,127,27,129,18
13,1000,40,5.13,10.3,18,37,84,948,32,13,7,52,8.305944179,225,220,31.81508313,35.95362819,9.5580603,7.083522512,458,22,9,5,36,490,10,4,2,16,494,506,203,17,212,13
11,1000,40,5.13,10.3,18,37,88,957,21,12,10,43,8.00514164,212,226,24.99890049,25.20262996,9.550446723,6.640267659,437,15,9,8,32,520,6,3,2,11,469,531,201,25,201,11
15,1000,40,5.13,10.3,18,37,83,954,33,6,7,46,8.162810448,174,182,20.59897869,20.93059138,9.45044836,6.843893883,475,20,4,7,31,479,13,2,0,15,506,494,159,23,153,21
12,1000,40,5.13,10.3,18,37,85,943,36,11,10,57,8.523638042,195,204,22.5310585,25.20084745,9.396788846,7.585272655,482,24,7,5,36,461,12,4,5,21,518,482,181,23,177,18
9,1000,40,5.13,10.3,18,37,89,956,26,11,7,44,8.18972635,245,242,33.67876566,36.42769255,9.20902681,7.210398457,465,14,5,6,25,491,12,6,1,19,490,510,226,16,230,15
14,1000,40,5.13,10.3,18,37,84,942,35,17,6,58,8.58144966,206,196,132.160967,178.8211665,9.943617531,7.135023982,470,26,14,5,45,472,9,3,1,13,515,485,178,18,189,17
10,1000,40,5.13,10.3,18,37,89,956,26,13,5,44,8.364988861,242,235,29.99951355,29.42839161,10.15752139,6.60795203,462,19,9,5,33,494,7,4,0,11,495,505,211,24,223,19
13,1000,40,5.13,10.3,18,37,85,948,33,12,7,52,8.292189688,217,238,32.84491418,37.44026346,9.57362679,7.041142399,458,22,9,5,36,490,11,3,2,16,494,506,212,26,204,13
11,1000,40,5.13,10.3,18,37,89,957,22,12,9,43,7.985407585,225,228,26.02663313,26.36258633,9.600058202,6.559284911,437,15,9,8,32,520,7,3,1,11,469,531,210,18,215,10
16,1000,40,5.13,10.3,18,37,63,953,32,11,4,47,8.223910184,166,163,16.59399608,16.99394635,8.604795447,7.857961598,460,21,8,1,30,493,11,3,3,17,490,510,142,21,136,30
15,1000,40,5.13,10.3,18,37,84,954,33,6,7,46,8.189024683,175,191,20.96956945,21.31993174,9.499399754,6.846818638,475,20,4,7,31,479,13,2,0,15,506,494,168,23,154,21
12,1000,40,5.13,10.3,18,37,86,944,34,12,10,56,8.500926476,197,173,23.35346928,26.29650979,9.393917479,7.54123905,482,24,7,5,36,462,10,5,5,20,518,482,152,21,184,13
9,1000,40,5.13,10.3,18,37,90,958,23,12,7,42,8.193846701,262,256,35.329117,38.34769954,9.285592962,7.144914019,465,13,6,6,25,493,10,6,1,17,490,510,235,21,248,14
14,1000,40,5.13,10.3,18,37,85,942,35,16,7,58,8.617095616,183,216,133.4429688,180.1710646,10.00887914,7.139222385,470,26,13,6,45,472,9,3,1,13,515,485,191,25,166,17
10,1000,40,5.13,10.3,18,37,90,953,28,14,5,47,8.390145967,230,219,31.17919198,30.42686709,10.18153582,6.634229176,461,20,9,5,34,492,8,5,0,13,495,505,202,17,216,14
13,1000,40,5.13,10.3,18,37,86,948,33,12,7,52,8.255592294,225,252,33.72899911,38.45284901,9.572941624,6.969484451,459,21,9,5,35,489,12,3,2,17,494,506,222,30,213,12
11,1000,40,5.13,10.3,18,37,90,957,22,12,9,43,7.95523318,231,239,27.03317731,27.29643332,9.639607027,6.467528219,437,15,9,8,32,520,7,3,1,11,469,531,219,20,213,18
15,1000,40,5.13,10.3,18,37,85,951,35,6,8,49,8.216634097,200,195,21.6110847,21.9690578,9.537538166,6.86364329,473,21,4,8,33,478,14,2,0,16,506,494,169,26,178,22
12,1000,40,5.13,10.3,18,37,87,944,34,12,10,56,8.494153332,202,194,24.23814603,27.63716337,9.411489046,7.508302917,482,24,7,5,36,462,10,5,5,20,518,482,167,27,187,15
9,1000,40,5.13,10.3,18,37,91,959,22,12,7,41,8.18745928,268,259,37.10822686,40.06136866,9.314132028,7.104969776,465,13,6,6,25,494,9,6,1,16,490,510,235,24,247,21
16,1000,40,5.13,10.3,18,37,64,952,32,12,4,48,8.294867186,170,191,16.90369177,17.29194004,8.729455524,7.877321528,460,20,9,1,30,492,12,3,3,18,490,510,151,40,141,29
14,1000,40,5.13,10.3,18,37,86,942,33,18,7,58,8.651462649,212,215,140.9754706,194.0777898,10.0869842,7.127145952,470,24,15,6,45,472,9,3,1,13,515,485,188,27,204,8
10,1000,40,5.13,10.3,18,37,91,954,28,13,5,46,8.330595184,241,234,32.72532093,31.83502935,10.19607046,6.502060013,460,21,9,5,35,494,7,4,0,11,495,505,213,21,220,21
13,1000,40,5.13,10.3,18,37,87,948,33,12,7,52,8.244829314,221,235,35.27800596,40.69446833,9.599133896,6.922642627,459,21,9,5,35,489,12,3,2,17,494,506,209,26,207,14
11,1000,40,5.13,10.3,18,37,91,958,21,11,10,42,7.941841729,220,224,28.32824805,28.64004072,9.645157796,6.437406257,437,15,9,8,32,521,6,2,2,10,469,531,205,19,209,11
15,1000,40,5.13,10.3,18,37,86,951,35,6,8,49,8.256616695,173,198,22.18237251,22.5932193,9.602495443,6.878044535,473,21,4,8,33,478,14,2,0,16,506,494,178,20,162,11
9,1000,40,5.13,10.3,18,37,92,957,24,12,7,43,8.194905916,249,275,38.66486469,41.92191197,9.331181859,7.103189813,464,14,6,6,26,493,10,6,1,17,490,510,254,21,236,13
12,1000,40,5.13,10.3,18,37,88,945,32,12,11,55,8.452856445,202,205,25.18914452,28.93844266,9.433331171,7.399151241,481,25,7,5,37,464,7,5,6,18,518,482,176,29,188,14
16,1000,40,5.13,10.3,18,37,65,951,33,12,4,49,8.303209784,144,159,17.26281173,17.66710421,8.739156379,7.884359134,460,20,9,1,30,491,13,3,3,19,490,510,140,19,130,14
14,1000,40,5.13,10.3,18,37,87,941,34,18,7,59,8.652304831,183,207,152.5049373,204.4192301,10.14064439,7.071903032,469,25,15,6,46,472,9,3,1,13,515,485,184,23,176,7
10,1000,40,5.13,10.3,18,37,92,956,25,14,5,44,8.313875913,233,251,33.76195415,32.86313436,10.20232915,6.462817789,461,19,10,5,34,495,6,4,0,10,495,505,230,21,215,18
11,1000,40,5.13,10.3,18,37,92,958,21,11,10,42,7.96725004,230,239,29.72465725,30.18193669,9.683101234,6.451743054,437,15,9,8,32,521,6,2,2,10,469,531,219,20,217,13
13,1000,40,5.13,10.3,18,37,88,947,34,12,7,53,8.274134427,231,232,36.52260618,42.17677254,9.660770247,6.92038325,458,22,9,5,36,489,12,3,2,17,494,506,210,22,217,14
15,1000,40,5.13,10.3,18,37,87,951,35,6,8,49,8.257360411,184,208,22.86426425,23.33083814,9.628830465,6.852575295,473,21,4,8,33,478,14,2,0,16,506,494,190,18,165,19
9,1000,40,5.13,10.3,18,37,93,957,24,11,8,43,8.186549459,257,281,40.02064153,43.18792802,9.39179967,7.028563962,464,14,5,7,26,493,10,6,1,17,490,510,255,26,243,14
12,1000,40,5.13,10.3,18,37,89,945,33,11,11,55,8.469376918,206,206,25.92083781,29.90141909,9.477008445,7.386486605,481,25,7,5,37,464,8,4,6,18,518,482,179,27,190,16
10,1000,40,5.13,10.3,18,37,93,956,24,15,5,44,8.310455715,243,217,34.67689598,33.71081547,10.21398473,6.444620342,461,19,10,5,34,495,5,5,0,10,495,505,208,9,231,12
14,1000,40,5.13,10.3,18,37,88,943,32,18,7,57,8.634474847,199,198,160.7073871,213.5791129,10.12480698,7.051957218,471,24,14,6,44,472,8,4,1,13,515,485,182,16,183,16
16,1000,40,5.13,10.3,18,37,66,950,34,11,5,50,8.312908283,179,154,17.71231426,18.1299102,8.769053652,7.874650968,460,20,8,2,30,490,14,3,3,20,490,510,126,28,160,19
11,1000,40,5.13,10.3,18,37,93,958,21,11,10,42,7.965293108,244,230,31.55332439,31.96036023,9.706120161,6.427726465,437,15,9,8,32,521,6,2,2,10,469,531,214,16,228,16
13,1000,40,5.13,10.3,18,37,89,948,32,13,7,52,8.27628923,232,233,38.08910553,44.09153618,9.68604126,6.899970053,459,20,10,5,35,489,12,3,2,17,494,506,212,21,216,16
15,1000,40,5.13,10.3,18,37,88,950,36,6,8,50,8.277538304,184,225,23.41411927,23.98620521,9.661266531,6.860197246,472,22,4,8,34,478,14,2,0,16,506,494,195,30,169,15
9,1000,40,5.13,10.3,18,37,94,958,23,11,8,42,8.177632001,265,260,41.5220716,44.44007618,9.420478158,6.98352491,464,14,5,7,26,494,9,6,1,16,490,510,243,17,246,19
12,1000,40,5.13,10.3,18,37,90,944,34,11,11,56,8.474416559,203,214,26.67963415,30.91922289,9.543164068,7.325845584,480,26,7,5,38,464,8,4,6,18,518,482,188,26,188,15
10,1000,40,5.13,10.3,18,37,94,958,22,15,5,42,8.322420536,231,255,35.67763559,34.60942178,10.26890668,6.414478676,462,18,10,5,33,496,4,5,0,9,495,505,232,23,221,10
14,1000,40,5.13,10.3,18,37,89,941,34,18,7,59,8.657816112,208,200,171.0153959,231.6383174,10.175766,7.045972414,469,26,14,6,46,472,8,4,1,13,515,485,179,21,193,15
16,1000,40,5.13,10.3,18,37,67,949,36,11,4,51,8.322572216,168,174,18.07730641,18.55311651,8.772136773,7.89063764,460,21,8,1,30,489,15,3,3,21,490,510,142,32,147,21
11,1000,40,5.13,10.3,18,37,94,959,19,12,10,41,7.962484561,232,247,32.97742222,33.49098534,9.782477935,6.354995122,437,14,10,8,32,522,5,2,2,9,469,531,228,19,220,12
13,1000,40,5.13,10.3,18,37,90,946,34,13,7,54,8.307714917,246,244,39.53956399,46.13072835,9.752504628,6.897188993,459,20,10,5,35,487,14,3,2,19,494,506,213,31,224,22
15,1000,40,5.13,10.3,18,37,89,951,34,7,8,49,8.257462534,176,215,24.07044171,24.64982573,9.713972801,6.765571451,472,21,5,8,34,479,13,2,0,15,506,494,193,22,161,15
9,1000,40,5.13,10.3,18,37,95,959,23,10,8,41,8.164269047,263,249,43.04467311,45.86617375,9.448356598,6.93053787,463,15,5,7,27,496,8,5,1,14,490,510,235,14,250,13
12,1000,40,5.13,10.3,18,37,91,943,36,11,10,57,8.467164864,206,201,27.57181766,31.95903317,9.595614306,7.254432892,479,27,7,5,39,464,9,4,5,18,518,482,184,17,188,18
10,1000,40,5.13,10.3,18,37,95,958,22,15,5,42,8.315077996,225,227,36.73269199,35.49787659,10.28341773,6.385715288,462,18,10,5,33,496,4,5,0,9,495,505,214,13,217,8
14,1000,40,5.13,10.3,18,37,90,941,33,19,7,59,8.68712564,194,215,182.3460841,251.5509917,10.22755653,7.051410363,469,25,15,6,46,472,8,4,1,13,515,485,191,24,177,17
16,1000,40,5.13,10.3,18,37,68,949,36,11,4,51,8.296886814,174,172,18.72080121,19.22834974,8.758907979,7.852984127,460,21,8,1,30,489,15,3,3,21,490,510,148,24,152,22
11,1000,40,5.13,10.3,18,37,95,957,21,12,10,43,7.952281188,242,245,34.7780099,35.38594634,9.828021115,6.295554209,436,15,10,8,33,521,6,2,2,10,469,531,224,21,234,8
15,1000,40,5.13,10.3,18,37,90,950,35,7,8,50,8.27940454,191,235,24.66666543,25.18563252,9.778468436,6.743926135,471,22,5,8,35,479,13,2,0,15,506,494,205,30,179,12
13,1000,40,5.13,10.3,18,37,91,945,35,13,7,55,8.357232307,242,245,40.76907211,47.96330486,9.857342917,6.892697443,458,21,10,5,36,487,14,3,2,19,494,506,226,19,226,16
9,1000,40,5.13,10.3,18,37,96,957,25,10,8,43,8.186288429,262,268,44.21955692,46.94948221,9.507523387,6.916866608,461,17,5,7,29,496,8,5,1,14,490,510,252,16,244,18
12,1000,40,5.13,10.3,18,37,92,943,35,13,9,57,8.449954749,202,215,28.37965899,33.00470119,9.653797644,7.156198276,479,26,8,5,39,464,9,5,4,18,518,482,194,21,187,15
10,1000,40,5.13,10.3,18,37,96,958,22,15,5,42,8.305750701,250,264,38.13405028,36.77044647,10.32850228,6.323053611,462,18,10,5,33,496,4,5,0,9,495,505,237,27,227,23
14,1000,40,5.13,10.3,18,37,91,940,34,19,7,60,8.70534501,203,211,189.3565999,259.7095316,10.26483854,7.049387965,469,25,15,6,46,471,9,4,1,14,515,485,192,19,188,15
11,1000,40,5.13,10.3,18,37,96,956,22,12,10,44,7.944342791,246,242,36.45262349,36.87708504,9.838077365,6.271722235,436,15,10,8,33,520,7,2,2,11,469,531,224,18,239,7
15,1000,40,5.13,10.3,18,37,91,948,37,7,8,52,8.29671811,205,214,25.36053173,25.96481242,9.836526184,6.719505791,469,24,5,8,37,479,13,2,0,15,506,494,187,27,185,20
16,1000,40,5.13,10.3,18,37,69,949,36,10,5,51,8.303478565,179,168,19.24831902,19.76204058,8.789363464,7.836647976,460,21,7,2,30,489,15,3,3,21,490,510,144,24,162,17
9,1000,40,5.13,10.3,18,37,97,957,26,9,8,43,8.176404117,272,263,46.11504743,49.05870291,9.58913406,6.819075347,460,18,5,7,30,497,8,4,1,13,490,510,239,24,261,11
13,1000,40,5.13,10.3,18,37,92,944,35,13,8,56,8.348923878,233,242,42.22426758,49.51232541,9.9075742,6.827237595,457,21,10,6,37,487,14,3,2,19,494,506,222,20,222,11
12,1000,40,5.13,10.3,18,37,93,943,36,13,8,57,8.470878351,229,224,29.44040968,34.55654259,9.718266949,7.130323798,479,26,8,5,39,464,10,5,3,18,518,482,204,20,214,15
10,1000,40,5.13,10.3,18,37,97,958,21,16,5,42,8.297365949,259,247,39.61711225,38.05496696,10.38780545,6.248321285,462,17,11,5,33,496,4,5,0,9,495,505,229,18,249,10
14,1000,40,5.13,10.3,18,37,92,939,35,19,7,61,8.738799899,212,224,189.9303119,260.2816497,10.34644293,7.031715031,468,26,15,6,47,471,9,4,1,14,515,485,201,23,196,16
11,1000,40,5.13,10.3,18,37,97,955,23,12,10,45,7.951238121,249,264,38.23892826,38.76719329,9.860524929,6.264881224,436,15,10,8,33,519,8,2,2,12,469,531,247,17,236,13
15,1000,40,5.13,10.3,18,37,92,948,37,7,8,52,8.328430601,186,237,26.10315345,27.01119001,9.87488467,6.744410846,469,24,5,8,37,479,13,2,0,15,506,494,216,21,171,15
9,1000,40,5.13,10.3,18,37,98,957,26,9,8,43,8.170453129,287,283,48.49620625,51.46154681,9.604002466,6.793121412,460,18,5,7,30,497,8,4,1,13,490,510,264,19,266,21
13,1000,40,5.13,10.3,18,37,93,943,37,13,7,57,8.324425277,256,256,44.1594461,51.42401455,9.948867002,6.738507862,455,24,10,5,39,488,13,3,2,18,494,506,232,24,240,16
16,1000,40,5.13,10.3,18,37,70,949,36,10,5,51,8.305872743,165,167,19.69165989,20.21862005,8.797606531,7.833422633,461,20,7,2,29,488,16,3,3,22,490,510,139,28,137,28
12,1000,40,5.13,10.3,18,37,94,943,36,13,8,57,8.453277393,206,224,30.64328139,36.38276605,9.707197265,7.105703754,479,26,8,5,39,464,10,5,3,18,518,482,200,24,194,12
10,1000,40,5.13,10.3,18,37,98,955,22,18,5,45,8.312489401,248,282,40.88944124,39.17291317,10.44198128,6.225165675,459,18,13,5,36,496,4,5,0,9,495,505,251,31,236,12
14,1000,40,5.13,10.3,18,37,93,940,35,18,7,60,8.7102153,209,213,203.6712037,280.5153111,10.32290892,6.997767433,469,26,14,6,46,471,9,4,1,14,515,485,194,19,196,13
11,1000,40,5.13,10.3,18,37,98,956,22,12,10,44,7.96903126,254,268,39.89212977,40.41719513,9.909665692,6.254986912,436,14,11,8,33,520,8,1,2,11,469,531,249,19,241,13
15,1000,40,5.13,10.3,18,37,93,949,36,7,8,51,8.344037453,216,225,26.92439149,28.14175161,9.923566723,6.726139051,469,24,5,8,37,480,12,2,0,14,506,494,201,24,205,11
9,1000,40,5.13,10.3,18,37,99,957,26,8,9,43,8.175093336,277,278,50.41203839,53.85692489,9.662824628,6.745704449,460,18,5,7,30,497,8,3,2,13,490,510,267,11,265,12
13,1000,40,5.13,10.3,18,37,94,943,36,14,7,57,8.315440271,238,258,46.53043611,53.91018445,9.972034335,6.698133023,455,24,10,5,39,488,12,4,2,18,494,506,234,24,224,14
12,1000,40,5.13,10.3,18,37,95,943,36,13,8,57,8.467046608,218,212,31.9018967,38.21489098,9.762486082,7.074852319,479,26,8,5,39,464,10,5,3,18,518,482,193,19,205,13
10,1000,40,5.13,10.3,18,37,99,957,20,18,5,43,8.318503413,259,257,42.42465224,40.6469657,10.47205974,6.207591767,459,17,14,5,36,498,3,4,0,7,495,505,241,16,251,8
16,1000,40,5.13,10.3,18,37,71,948,36,10,6,52,8.324562672,172,156,19.86534347,20.39777726,8.822511529,7.84614122,460,20,7,3,30,488,16,3,3,22,490,510,132,24,151,21
14,1000,40,5.13,10.3,18,37,94,940,34,17,9,60,8.717278888,220,220,210.7003591,286.437073,10.38052446,6.951152144,468,26,13,8,47,472,8,4,1,13,515,485,201,19,208,12
11,1000,40,5.13,10.3,18,37,99,953,25,13,9,47,7.99522116,227,261,42.36035075,43.04164811,9.99430945,6.229548075,436,14,11,8,33,517,11,2,1,14,469,531,242,19,218,9
15,1000,40,5.13,10.3,18,37,94,950,34,8,8,50,8.332750337,217,231,27.77866139,29.23253719,9.950541509,6.675660595,469,23,6,8,37,481,11,2,0,13,506,494,210,21,202,15
9,1000,40,5.13,10.3,18,37,100,958,26,7,9,42,8.195897502,277,288,53.11175246,57.23128354,9.703645926,6.747276467,461,18,4,7,29,497,8,3,2,13,490,510,269,19,263,14
13,1000,40,5.13,10.3,18,37,95,943,36,14,7,57,8.308690057,274,262,48.97781215,56.27984884,9.988669341,6.668552179,455,24,10,5,39,488,12,4,2,18,494,506,245,17,257,17
12,1000,40,5.13,10.3,18,37,96,941,38,13,8,59,8.489361198,224,222,32.90112576,39.78179401,9.827415398,7.05136934,477,28,8,5,41,464,10,5,3,18,518,482,198,24,213,11
10,1000,40,5.13,10.3,18,37,100,957,18,19,6,43,8.334488407,270,271,43.65532195,41.81728762,10.53920075,6.173433732,458,16,15,6,37,499,2,4,0,6,495,505,256,15,254,16
14,1000,40,5.13,10.3,18,37,95,939,35,17,9,61,8.70675343,216,238,225.0855439,299.9914532,10.41638814,6.891368115,468,26,13,8,47,471,9,4,1,14,515,485,218,20,205,11
16,1000,40,5.13,10.3,18,37,72,947,37,10,6,53,8.330156314,180,200,20.336591,20.99804033,8.822114811,7.857490307,459,21,7,3,31,488,16,3,3,22,490,510,170,30,163,17
11,1000,40,5.13,10.3,18,37,100,953,26,13,8,47,7.997992435,246,270,44.61124563,45.27139275,10.04743383,6.187845515,435,15,11,8,34,518,11,2,0,13,469,531,258,12,237,9
15,1000,40,5.13,10.3,18,37,95,950,34,8,8,50,8.369132338,211,234,28.49441523,30.22226172,10.01263411,6.685707451,469,23,6,8,37,481,11,2,0,13,506,494,217,17,192,19
9,1000,40,5.13,10.3,18,37,101,956,28,7,9,44,8.219223517,276,295,56.02276822,60.438426,9.74952757,6.748931388,459,20,4,7,31,497,8,3,2,13,490,510,279,16,265,11
13,1000,40,5.13,10.3,18,37,96,942,35,16,7,58,8.351759464,266,250,50.30864185,57.47717864,10.10146451,6.643549402,454,23,12,5,40,488,12,4,2,18,494,506,238,12,252,14
12,1000,40,5.13,10.3,18,37,97,943,37,13,7,57,8.48314619,203,238,34.22882605,41.77934705,9.87757098,6.984573491,477,28,8,5,41,466,9,5,2,16,518,482,220,18,188,15
10,1000,40,5.13,10.3,18,37,101,957,18,19,6,43,8.337102201,266,271,45.51376222,43.38597477,10.5619708,6.156290407,458,16,15,6,37,499,2,4,0,6,495,505,253,18,250,16
14,1000,40,5.13,10.3,18,37,96,938,36,17,9,62,8.717234557,215,220,235.5170901,307.7755618,10.46187823,6.864674779,467,27,13,8,48,471,9,4,1,14,515,485,198,22,198,17
16,1000,40,5.13,10.3,18,37,73,947,37,10,6,53,8.352363004,166,180,21.03130372,21.62497934,8.873698103,7.851472419,459,21,7,3,31,488,16,3,3,22,490,510,154,26,145,21
11,1000,40,5.13,10.3,18,37,101,953,27,12,8,47,7.988504624,263,292,48.3116265,49.02607043,10.09637228,6.126753347,434,16,11,8,35,519,11,1,0,12,469,531,267,25,258,5
15,1000,40,5.13,10.3,18,37,96,948,35,8,9,52,8.380152198,218,236,29.52918744,31.51233375,10.08467973,6.63421914,468,23,6,9,38,480,12,2,0,14,506,494,216,20,205,13
9,1000,40,5.13,10.3,18,37,102,955,29,7,9,45,8.193004415,284,283,58.53905894,63.06071314,9.811387938,6.638086913,458,21,4,7,32,497,8,3,2,13,490,510,271,12,273,11
13,1000,40,5.13,10.3,18,37,97,940,37,16,7,60,8.361054452,270,283,52.30685592,59.40783335,10.18364297,6.581689378,452,24,12,6,42,488,13,4,1,18,494,506,262,21,246,24
10,1000,40,5.13,10.3,18,37,102,957,18,19,6,43,8.322966276,275,266,47.42714511,44.9733659,10.59918229,6.091823849,458,16,15,6,37,499,2,4,0,6,495,505,253,13,259,16
12,1000,40,5.13,10.3,18,37,98,942,38,13,7,58,8.448758284,222,227,35.49800522,43.8711627,9.927677326,6.85938056,476,29,8,5,42,466,9,5,2,16,518,482,212,15,209,13
14,1000,40,5.13,10.3,18,37,97,939,34,17,10,61,8.73153636,217,242,244.2343182,313.778062,10.52573613,6.826355164,467,26,13,9,48,472,8,4,1,13,515,485,218,24,206,11
16,1000,40,5.13,10.3,18,37,74,946,38,10,6,54,8.348006521,186,174,21.6278904,22.14646442,8.888966312,7.82826084,459,21,7,3,31,487,17,3,3,23,490,510,150,24,172,14
15,1000,40,5.13,10.3,18,37,97,946,36,9,9,54,8.438896621,206,251,30.40321894,32.67326809,10.1476765,6.688607919,468,23,6,9,38,478,13,3,0,16,506,494,231,20,191,15
11,1000,40,5.13,10.3,18,37,102,954,26,12,8,46,7.989813469,283,286,52.06925586,52.75211098,10.13875211,6.091786687,434,16,11,8,35,520,10,1,0,11,469,531,265,21,265,18
9,1000,40,5.13,10.3,18,37,103,955,29,7,9,45,8.176053038,302,296,61.24955321,65.78875426,9.853776337,6.56412281,458,21,4,7,32,497,8,3,2,13,490,510,275,21,293,9
13,1000,40,5.13,10.3,18,37,98,941,36,16,7,59,8.340649139,274,273,54.76050757,61.74284894,10.20502747,6.520485315,452,24,12,6,42,489,12,4,1,17,494,506,261,12,262,12
10,1000,40,5.13,10.3,18,37,103,956,19,19,6,44,8.268037912,279,281,48.53949267,45.99291331,10.59920718,5.98303041,457,17,15,6,38,499,2,4,0,6,495,505,264,17,260,19
12,1000,40,5.13,10.3,18,37,99,939,41,12,8,61,8.476960514,239,217,36.78635002,45.93275151,9.99404272,6.846569264,474,31,8,5,44,465,10,4,3,17,518,482,206,11,230,9
14,1000,40,5.13,10.3,18,37,98,938,35,17,10,62,8.743084641,212,237,259.8010454,335.7824645,10.5859463,6.786231539,465,28,13,9,50,473,7,4,1,12,515,485,215,22,197,15
15,1000,40,5.13,10.3,18,37,98,944,38,9,9,56,8.407541392,211,243,31.28763895,33.90842123,10.17125287,6.600986716,467,24,6,9,39,477,14,3,0,17,506,494,225,18,199,12
11,1000,40,5.13,10.3,18,37,103,953,27,12,8,47,8.006269335,276,283,57.09357067,57.60879114,10.22924471,6.042850411,433,17,11,8,36,520,10,1,0,11,469,531,266,17,264,12
16,1000,40,5.13,10.3,18,37,75,947,36,11,6,53,8.338160691,182,174,22.24610885,22.68152222,8.918386023,7.780689294,460,20,7,3,30,487,16,4,3,23,490,510,149,25,168,14
9,1000,40,5.13,10.3,18,37,104,956,28,7,9,44,8.132813317,298,293,65.14086077,70.5593712,9.848919631,6.484005289,458,21,4,7,32,498,7,3,2,12,490,510,280,13,286,12
17,1000,40,5.13,10.3,18,37,0,950,17,17,16,50,7.066,91,108,9.970986616,8.828073225,6.080078125,8.100409836,497,5,8,2,15,453,12,9,14,35,512,488,61,47,59,32
13,1000,40,5.13,10.3,18,37,99,942,35,15,8,58,8.290221385,253,269,57.60407251,64.32385756,10.20370695,6.422114924,452,24,11,7,42,490,11,4,1,16,494,506,253,16,234,19
10,1000,40,5.13,10.3,18,37,104,953,21,19,7,47,8.28330186,285,310,50.32194386,47.23596501,10.62796244,5.985070205,456,18,15,6,39,497,3,4,1,8,495,505,288,22,271,14
18,1000,40,5.13,10.3,18,37,0,941,34,12,13,59,7.409,88,107,10.12652186,9.026404636,6.552083333,8.2,458,14,6,2,22,483,20,6,11,37,480,520,64,43,58,30
12,1000,40,5.13,10.3,18,37,100,938,42,12,8,62,8.455153853,237,238,37.745272,46.98053383,9.988675061,6.807095791,474,32,7,5,44,464,10,5,3,18,518,482,216,22,220,17
14,1000,40,5.13,10.3,18,37,99,938,35,17,10,62,8.726220457,233,234,275.0480867,361.9630603,10.60341352,6.732912356,465,28,13,9,50,473,7,4,1,12,515,485,217,17,223,10
11,1000,40,5.13,10.3,18,37,104,954,26,12,8,46,7.997812382,278,283,63.44938973,64.03051904,10.24547131,6.012591976,433,17,11,8,36,521,9,1,0,10,469,531,263,20,265,13
15,1000,40,5.13,10.3,18,37,99,943,39,9,9,57,8.421345997,216,239,32.2046874,35.06914353,10.22938136,6.569390744,465,26,6,9,41,478,13,3,0,16,506,494,222,17,203,13
19,1000,40,5.13,10.3,18,37,0,939,28,11,22,61,7.242,99,88,10.04090747,9.192387326,6.452138493,8.003929273,469,14,3,5,22,470,14,8,17,39,491,509,48,40,60,39
16,1000,40,5.13,10.3,18,37,76,946,37,11,6,54,8.356389477,172,195,22.98717941,23.36434522,8.931862473,7.803484049,460,20,7,3,30,486,17,4,3,24,490,510,173,22,154,18
17,1000,40,5.13,10.3,18,37,1,952,16,17,15,48,7.094645068,94,110,9.961972126,8.848384613,6.131077296,8.105601419,497,5,8,2,15,455,11,9,13,33,512,488,50,60,57,37
13,1000,40,5.13,10.3,18,37,100,943,34,15,8,57,8.295831359,283,255,60.69181811,67.28277444,10.23327023,6.404339659,452,24,11,7,42,491,10,4,1,15,494,506,243,12,269,14
12,1000,40,5.13,10.3,18,37,101,939,40,13,8,61,8.440727875,236,232,39.366201,49.12796922,10.01942543,6.744119297,475,29,9,5,43,464,11,4,3,18,518,482,211,21,218,18
18,1000,40,5.13,10.3,18,37,1,941,34,12,13,59,7.439218185,101,110,10.17478028,9.058374655,6.637087657,8.179646366,458,14,6,2,22,483,20,6,11,37,480,520,65,45,67,34
14,1000,40,5.13,10.3,18,37,100,937,36,17,10,63,8.702008232,236,243,283.8667889,382.1525953,10.64027159,6.643852299,465,28,13,9,50,472,8,4,1,13,515,485,224,19,219,17
15,1000,40,5.13,10.3,18,37,100,945,37,8,10,55,8.372501257,219,235,32.85399587,35.79222642,10.26611944,6.432884249,465,25,6,10,41,480,12,2,0,14,506,494,221,14,204,15
19,1000,40,5.13,10.3,18,37,1,940,28,11,21,60,7.222572101,112,91,10.04708243,9.235850896,6.457785856,7.960312859,471,12,3,5,20,469,16,8,16,40,491,509,45,46,77,35
13,1000,40,5.13,10.3,18,37,101,943,34,15,8,57,8.30256573,273,293,65.25189956,72.28620264,10.33885871,6.314564279,451,25,11,7,43,492,9,4,1,14,494,506,273,20,264,9
16,1000,40,5.13,10.3,18,37,77,945,37,11,7,55,8.350553467,194,184,23.53709875,23.93041777,8.959429691,7.765554742,459,20,7,4,31,486,17,4,3,24,490,510,168,16,180,14
17,1000,40,5.13,10.3,18,37,2,952,16,17,15,48,7.123554387,98,94,9.974562912,8.886904742,6.198539191,8.094062133,497,5,8,2,15,455,11,9,13,33,512,488,50,44,71,27
12,1000,40,5.13,10.3,18,37,102,938,41,13,8,62,8.43812053,238,230,40.59714897,50.69649267,10.05055166,6.705258859,474,30,9,5,44,464,11,4,3,18,518,482,212,18,220,18
14,1000,40,5.13,10.3,18,37,101,938,36,16,10,62,8.698069086,222,211,307.6782162,403.2693371,10.67309536,6.600876234,466,28,12,9,49,472,8,4,1,13,515,485,196,15,209,13
18,1000,40,5.13,10.3,18,37,2,943,31,13,13,57,7.451633038,92,108,10.17389403,9.092204382,6.690917904,8.153831622,458,13,7,2,22,485,18,6,11,35,480,520,66,42,63,29
15,1000,40,5.13,10.3,18,37,101,946,36,8,10,54,8.346100438,228,248,33.75376688,36.87060099,10.30773226,6.336817636,465,25,6,10,41,481,11,2,0,13,506,494,225,23,213,15
19,1000,40,5.13,10.3,18,37,2,940,28,11,21,60,7.245137954,93,93,10.06369615,9.263317421,6.518983151,7.945613411,471,12,3,5,20,469,16,8,16,40,491,509,48,45,61,32
13,1000,40,5.13,10.3,18,37,102,942,35,16,7,58,8.317017527,285,291,71.64310566,79.6114931,10.37855791,6.30436743,450,26,12,6,44,492,9,4,1,14,494,506,271,20,271,14
17,1000,40,5.13,10.3,18,37,3,952,16,16,16,48,7.169705617,104,90,9.964228542,8.910085987,6.250533337,8.134083092,497,5,8,2,15,455,11,8,14,33,512,488,55,35,73,31
16,1000,40,5.13,10.3,18,37,78,945,37,11,7,55,8.367860503,200,187,24.11133732,24.47788634,9.01720147,7.743983887,459,20,7,4,31,486,17,4,3,24,490,510,166,21,186,14
12,1000,40,5.13,10.3,18,37,103,937,41,14,8,63,8.440675102,236,239,43.04356376,54.980582,10.09139826,6.666661418,474,30,9,5,44,463,11,5,3,19,518,482,224,15,221,15
14,1000,40,5.13,10.3,18,37,102,938,36,16,10,62,8.722248525,242,236,308.8386183,404.3633215,10.73496965,6.585029191,466,28,12,9,49,472,8,4,1,13,515,485,212,24,227,15
18,1000,40,5.13,10.3,18,37,3,943,31,14,12,57,7.47244528,95,119,10.20805088,9.121759924,6.75135816,8.13806416,458,12,8,2,22,485,19,6,10,35,480,520,68,51,66,29
15,1000,40,5.13,10.3,18,37,102,947,35,8,10,53,8.352190479,237,262,34.46476648,37.56360957,10.36409369,6.291415128,465,25,6,10,41,482,10,2,0,12,506,494,245,17,224,13
13,1000,40,5.13,10.3,18,37,103,942,35,16,7,58,8.290894566,282,291,78.079895,85.28204044,10.38689117,6.244605391,450,26,12,6,44,492,9,4,1,14,494,506,275,16,274,8
19,1000,40,5.13,10.3,18,37,3,943,24,12,21,57,7.27063103,86,121,10.09636033,9.318952943,6.564986135,7.95132188,472,10,4,5,19,471,14,8,16,38,491,509,66,55,61,25
12,1000,40,5.13,10.3,18,37,104,938,40,14,8,62,8.414582108,238,255,45.55920889,58.48116481,10.0969275,6.606584367,474,30,9,5,44,464,10,5,3,18,518,482,236,19,220,18
17,1000,40,5.13,10.3,18,37,4,952,16,16,16,48,7.163120887,74,113,9.982012869,8.926728749,6.29679939,8.07204836,497,5,8,2,15,455,11,8,14,33,512,488,62,51,47,27
14,1000,40,5.13,10.3,18,37,103,937,37,16,10,63,8.73676832,243,256,329.3694482,434.0307531,10.77878982,6.568436207,465,29,12,9,50,472,8,4,1,13,515,485,232,24,231,12
20,1000,40,5.13,10.3,18,37,0,939,30,18,13,61,7.368,104,104,10.02262833,9.189447194,6.392857143,8.253816794,457,10,5,4,19,482,20,13,9,42,476,524,61,43,71,33
16,1000,40,5.13,10.3,18,37,79,945,37,11,7,55,8.380918465,202,207,24.57195377,24.94389462,9.071780338,7.717149214,459,20,7,4,31,486,17,4,3,24,490,510,171,36,188,14
18,1000,40,5.13,10.3,18,37,4,942,32,13,13,58,7.529976919,101,92,10.21304545,9.167890398,6.832521617,8.173781814,458,12,7,3,22,484,20,6,10,36,480,520,56,36,72,29
15,1000,40,5.13,10.3,18,37,103,946,35,9,10,54,8.420477281,247,253,35.64755365,38.94135151,10.44539101,6.346375364,464,25,7,10,42,482,10,2,0,12,506,494,240,13,236,11
13,1000,40,5.13,10.3,18,37,104,943,33,17,7,57,8.277903729,282,287,84.74717924,91.37173971,10.41971494,6.186886461,450,25,13,6,44,493,8,4,1,13,494,506,272,15,273,9
21,1000,40,5.13,10.3,18,37,0,946,30,12,12,54,6.895,106,98,10.11972859,8.98701843,6.042857143,7.71372549,471,11,5,3,19,475,19,7,9,35,490,510,56,42,73,33
19,1000,40,5.13,10.3,18,37,4,945,23,11,21,55,7.278407203,112,116,10.07800801,9.33292822,6.539297298,7.991379626,474,9,3,5,17,471,14,8,16,38,491,509,75,41,78,34
14,1000,40,5.13,10.3,18,37,104,935,39,16,10,65,8.749853589,225,255,358.4165293,454.6486156,10.83297052,6.537884061,464,30,12,9,51,471,9,4,1,14,515,485,233,22,216,9
22,1000,40,5.13,10.3,18,37,0,947,27,11,15,53,7.118,100,95,9.930799586,8.851826819,6.227091633,8.016064257,481,13,2,6,21,466,14,9,9,32,502,498,60,35,71,29
17,1000,40,5.13,10.3,18,37,5,951,17,16,16,49,7.187341993,99,103,9.97926176,8.948382524,6.324826399,8.092276388,497,5,8,2,15,454,12,8,14,34,512,488,62,41,70,29
20,1000,40,5.13,10.3,18,37,1,943,26,17,14,57,7.350943822,100,103,10.05349407,9.232241393,6.385635943,8.227826553,457,10,5,4,19,486,16,12,10,38,476,524,59,44,74,26
16,1000,40,5.13,10.3,18,37,80,944,38,11,7,56,8.399743384,192,209,25.35202587,25.68395278,9.106800285,7.720414205,459,20,7,4,31,485,18,4,3,25,490,510,182,27,174,18
18,1000,40,5.13,10.3,18,37,5,943,30,14,13,57,7.536137433,88,119,10.27383818,9.20865618,6.847827626,8.171500331,458,12,7,3,22,485,18,7,10,35,480,520,75,44,54,34
15,1000,40,5.13,10.3,18,37,104,946,36,8,10,54,8.406096194,264,252,36.71393989,39.98904931,10.50071877,6.260592093,463,26,7,10,43,483,10,1,0,11,506,494,237,15,243,21
23,1000,40,5.13,10.3,18,37,0,939,31,15,15,61,7.492,79,108,9.985788691,9.099091334,6.87398374,8.090551181,466,16,5,5,26,473,15,10,10,35,492,508,59,49,55,24
21,1000,40,5.13,10.3,18,37,1,945,31,13,11,55,6.920926173,88,98,10.14250509,9.011348106,6.080884505,7.728025031,471,11,5,3,19,474,20,8,8,36,490,510,57,41,60,28
19,1000,40,5.13,10.3,18,37,5,946,22,11,21,54,7.297590101,103,97,10.1045811,9.35766058,6.592713328,7.977539994,474,9,3,5,17,472,13,8,16,37,491,509,60,37,62,41
22,1000,40,5.13,10.3,18,37,1,948,27,10,15,52,7.110379441,81,107,9.919031333,8.850823996,6.229759533,7.998072601,481,13,2,6,21,467,14,8,9,31,502,498,56,51,57,24
17,1000,40,5.13,10.3,18,37,6,951,17,16,16,49,7.217569921,87,104,10.0102092,8.973301548,6.364475573,8.112619729,497,5,8,2,15,454,12,8,14,34,512,488,51,53,60,27
20,1000,40,5.13,10.3,18,37,2,943,26,17,14,57,7.37503024,86,111,10.08441014,9.28312936,6.419639067,8.242904665,457,10,5,4,19,486,16,12,10,38,476,524,69,42,65,21
18,1000,40,5.13,10.3,18,37,6,945,29,13,13,55,7.529247893,105,108,10.2890003,9.24642524,6.871312611,8.136572768,458,12,7,3,22,487,17,6,10,33,480,520,59,49,79,26
16,1000,40,5.13,10.3,18,37,81,944,38,11,7,56,8.422862479,199,218,25.98530229,26.360063,9.160832648,7.713832317,459,20,7,4,31,485,18,4,3,25,490,510,189,29,180,19
23,1000,40,5.13,10.3,18,37,1,937,33,15,15,63,7.537437084,114,100,9.996043217,9.129113822,6.909371692,8.14572089,465,17,5,5,27,472,16,10,10,36,492,508,56,44,74,40
19,1000,40,5.13,10.3,18,37,6,944,25,10,21,56,7.360093534,94,98,10.1294965,9.406242937,6.721568454,7.976038159,472,11,2,6,19,472,14,8,15,37,491,509,59,39,71,23
21,1000,40,5.13,10.3,18,37,2,947,28,14,11,53,6.922846777,92,104,10.14978015,9.025211425,6.108490904,7.705267126,471,10,6,3,19,476,18,8,8,34,490,510,59,45,64,28
22,1000,40,5.13,10.3,18,37,2,951,25,8,16,49,7.112485178,114,101,9.938839181,8.880420987,6.263969014,7.967816732,482,12,2,6,20,469,13,6,10,29,502,498,56,45,79,35
17,1000,40,5.13,10.3,18,37,7,951,17,16,16,49,7.24566529,107,104,10.01458889,8.982169297,6.371078968,8.163264054,498,5,7,2,14,453,12,9,14,35,512,488,59,45,69,38
20,1000,40,5.13,10.3,18,37,3,944,27,16,13,56,7.368427633,109,101,10.13427542,9.331020928,6.454110682,8.19899036,458,10,4,4,18,486,17,12,9,38,476,524,60,41,72,37
18,1000,40,5.13,10.3,18,37,7,948,27,12,13,52,7.508643776,103,113,10.32777631,9.283812135,6.871913299,8.096394984,458,12,7,3,22,490,15,5,10,30,480,520,74,39,72,31
16,1000,40,5.13,10.3,18,37,82,943,39,11,7,57,8.440268608,201,191,27.1995455,27.56987771,9.216631528,7.694351292,458,21,7,4,32,485,18,4,3,25,490,510,170,21,180,21
23,1000,40,5.13,10.3,18,37,2,937,33,15,15,63,7.525594571,106,99,9.997443362,9.163601646,6.919143007,8.112945299,465,17,5,5,27,472,16,10,10,36,492,508,63,36,69,37
21,1000,40,5.13,10.3,18,37,3,947,29,12,12,53,6.935392909,90,112,10.19715453,9.07096159,6.129249386,7.709922961,470,11,6,3,20,477,18,6,9,33,490,510,73,39,61,29
19,1000,40,5.13,10.3,18,37,7,943,27,11,19,57,7.379403484,95,132,10.15398808,9.457858843,6.742612081,7.993675742,472,11,3,5,19,471,16,8,14,38,491,509,74,58,69,26
22,1000,40,5.13,10.3,18,37,3,951,26,8,15,49,7.13500862,105,101,9.932843434,8.913032773,6.297705429,7.979037137,482,12,2,6,20,469,14,6,9,29,502,498,51,50,75,30
17,1000,40,5.13,10.3,18,37,8,952,16,17,15,48,7.243281784,90,113,10.04529413,9.04270248,6.420939785,8.106066834,496,7,7,2,16,456,9,10,13,32,512,488,58,55,56,34
20,1000,40,5.13,10.3,18,37,4,945,28,15,12,55,7.379590453,102,117,10.15989812,9.371482266,6.517909309,8.162338972,458,10,4,4,18,487,18,11,8,37,476,524,64,53,72,30
18,1000,40,5.13,10.3,18,37,8,947,27,13,13,53,7.559972573,98,112,10.34296421,9.29356002,6.965943659,8.108306955,457,13,7,3,23,490,14,6,10,30,480,520,57,55,65,33
23,1000,40,5.13,10.3,18,37,3,937,34,14,15,63,7.5530278,117,106,10.06164853,9.210208284,6.960293263,8.127093532,465,18,4,5,27,472,16,10,10,36,492,508,63,43,83,34
16,1000,40,5.13,10.3,18,37,83,942,40,11,7,58,8.431794767,215,214,28.4250576,28.83880252,9.267520265,7.628842819,457,22,7,4,33,485,18,4,3,25,490,510,184,30,199,16
21,1000,40,5.13,10.3,18,37,4,947,29,12,12,53,6.984212219,100,107,10.20967453,9.094895768,6.197807248,7.73977778,470,11,6,3,20,477,18,6,9,33,490,510,67,40,70,30
19,1000,40,5.13,10.3,18,37,8,944,26,11,19,56,7.388320835,97,115,10.18893152,9.480511432,6.73528617,8.018261937,472,11,3,5,19,472,15,8,14,37,491,509,72,43,65,32
22,1000,40,5.13,10.3,18,37,4,954,26,6,14,46,7.132271117,90,100,9.947253177,8.94628077,6.323041214,7.948000859,482,12,2,6,20,472,14,4,8,26,502,498,64,36,60,30
17,1000,40,5.13,10.3,18,37,9,952,15,18,15,48,7.283965212,83,96,10.07948111,9.091048237,6.496035611,8.11064545,496,6,8,2,16,456,9,10,13,32,512,488,62,34,55,28
20,1000,40,5.13,10.3,18,37,5,943,31,15,11,57,7.416686172,103,120,10.16447749,9.40803656,6.586977923,8.170390612,457,11,4,4,19,486,20,11,7,38,476,524,83,37,72,31
18,1000,40,5.13,10.3,18,37,9,949,26,12,13,51,7.557610008,78,110,10.39101336,9.350140683,7.022965715,8.051127817,457,13,7,3,23,492,13,5,10,28,480,520,77,33,51,27
23,1000,40,5.13,10.3,18,37,4,938,33,14,15,62,7.563419516,92,108,10.11422735,9.253462022,7.001924489,8.10722966,465,18,4,5,27,473,15,10,10,35,492,508,61,47,72,20
16,1000,40,5.13,10.3,18,37,84,941,41,11,7,59,8.415419295,201,199,29.47931283,29.94970101,9.301659021,7.563934069,457,22,7,4,33,484,19,4,3,26,490,510,183,16,188,13
19,1000,40,5.13,10.3,18,37,9,944,26,11,19,56,7.406930976,96,109,10.22899988,9.526424155,6.771694982,8.019702829,472,11,3,5,19,472,15,8,14,37,491,509,68,41,70,26
21,1000,40,5.13,10.3,18,37,5,949,27,12,12,51,6.992176023,92,112,10.25923602,9.144872163,6.230008119,7.72445499,470,11,6,3,20,479,16,6,9,31,490,510,76,36,66,26
22,1000,40,5.13,10.3,18,37,5,954,26,6,14,46,7.177303381,96,102,9.966392123,8.973858064,6.354262129,8.006955407,482,12,2,6,20,472,14,4,8,26,502,498,49,53,61,35
17,1000,40,5.13,10.3,18,37,10,951,17,18,14,49,7.271423463,86,97,10.11265158,9.113211427,6.52598621,8.053521564,495,7,8,2,17,456,10,10,12,32,512,488,62,35,56,30
20,1000,40,5.13,10.3,18,37,6,945,29,15,11,55,7.439554651,103,116,10.18793174,9.448545579,6.65222259,8.154764691,457,11,4,4,19,488,18,11,7,36,476,524,67,49,75,28
18,1000,40,5.13,10.3,18,37,10,948,27,12,13,52,7.602807193,100,115,10.41276794,9.376406861,7.057698931,8.105984051,457,13,7,3,23,491,14,5,10,29,480,520,64,51,72,28
23,1000,40,5.13,10.3,18,37,5,937,35,13,15,63,7.575078257,89,102,10.13224388,9.313186123,7.043697947,8.089722179,463,20,4,5,29,474,15,9,10,34,492,508,76,26,66,23
16,1000,40,5.13,10.3,18,37,85,940,42,11,7,60,8.420055041,205,199,31.1254274,31.40754433,9.351355126,7.525276528,456,23,7,4,34,484,19,4,3,26,490,510,179,20,184,21
19,1000,40,5.13,10.3,18,37,10,944,26,11,19,56,7.411519004,98,102,10.26394157,9.576880976,6.802139031,7.999349195,472,11,3,5,19,472,15,8,14,37,491,509,66,36,73,25
21,1000,40,5.13,10.3,18,37,6,950,26,12,12,50,7.002715531,102,125,10.27846406,9.18114747,6.231494737,7.743692372,470,11,6,3,20,480,15,6,9,30,490,510,82,43,67,35
22,1000,40,5.13,10.3,18,37,6,954,26,6,14,46,7.196664035,80,100,9.989022871,9.00691032,6.366459036,8.033537347,482,12,2,6,20,472,14,4,8,26,502,498,55,45,60,20
17,1000,40,5.13,10.3,18,37,11,951,18,16,15,49,7.279251502,100,98,10.16690435,9.157290846,6.584332016,8.008347357,495,7,7,3,17,456,11,9,12,32,512,488,58,40,71,29
20,1000,40,5.13,10.3,18,37,7,946,28,15,11,54,7.465350512,99,113,10.21808898,9.481493524,6.685229346,8.174010198,457,11,4,4,19,489,17,11,7,35,476,524,68,45,72,27
18,1000,40,5.13,10.3,18,37,11,949,26,13,12,51,7.621743645,101,103,10.46801891,9.449977512,7.094746626,8.108202431,458,11,8,3,22,491,15,5,9,29,480,520,66,37,71,30
23,1000,40,5.13,10.3,18,37,6,937,35,13,15,63,7.601694627,96,107,10.16048309,9.354717231,7.08145474,8.105549005,463,20,4,5,29,474,15,9,10,34,492,508,70,37,62,34
16,1000,40,5.13,10.3,18,37,86,939,42,12,7,61,8.442595116,219,223,32.28549771,32.68661477,9.39383405,7.528659668,455,23,8,4,35,484,19,4,3,26,490,510,209,14,200,19
19,1000,40,5.13,10.3,18,37,11,945,24,12,19,55,7.437149246,103,126,10.30471902,9.633849238,6.846702816,8.00671545,472,11,3,5,19,473,13,9,14,36,491,509,78,48,73,30
21,1000,40,5.13,10.3,18,37,7,951,25,13,11,49,6.994976636,95,98,10.32820854,9.21847997,6.263568521,7.69770208,470,10,7,3,20,481,15,6,8,29,490,510,52,46,77,18
22,1000,40,5.13,10.3,18,37,7,954,27,5,14,46,7.177887867,106,86,10.01152663,9.034843057,6.413778452,7.948134707,483,12,1,6,19,471,15,4,8,27,502,498,54,32,74,32
17,1000,40,5.13,10.3,18,37,12,950,18,17,15,50,7.321369937,70,111,10.22001104,9.194008788,6.616638415,8.060760387,495,7,7,3,17,455,11,10,12,33,512,488,64,47,46,24
20,1000,40,5.13,10.3,18,37,8,947,27,16,10,53,7.47864788,110,124,10.25480758,9.564797459,6.706666261,8.179913626,458,10,4,4,18,489,17,12,6,35,476,524,74,50,79,31
18,1000,40,5.13,10.3,18,37,12,947,28,13,12,53,7.679582853,109,117,10.52198387,9.50692333,7.170696058,8.149324511,457,12,8,3,23,490,16,5,9,30,480,520,86,31,74,35
23,1000,40,5.13,10.3,18,37,7,939,34,12,15,61,7.602052189,98,118,10.1824601,9.409171587,7.063474657,8.12366665,464,19,4,5,28,475,15,8,10,33,492,508,77,41,67,31
19,1000,40,5.13,10.3,18,37,12,947,24,11,18,53,7.453910631,92,93,10.35080494,9.672164443,6.903757022,7.984608905,473,10,3,5,18,474,14,8,13,35,491,509,58,35,60,32
21,1000,40,5.13,10.3,18,37,8,950,26,13,11,50,7.012679418,94,105,10.32527822,9.229670595,6.28397497,7.712807221,470,9,8,3,20,480,17,5,8,30,490,510,57,48,65,29
17,1000,40,5.13,10.3,18,37,13,949,19,17,15,51,7.349954559,96,110,10.22473441,9.22215059,6.649023815,8.085357308,495,7,7,3,17,454,12,10,12,34,512,488,63,47,66,30
22,1000,40,5.13,10.3,18,37,8,955,26,5,14,45,7.187573146,92,90,10.02987375,9.082363247,6.444840433,7.936271584,483,12,1,6,19,472,14,4,8,26,502,498,50,40,67,25
16,1000,40,5.13,10.3,18,37,87,939,41,13,7,61,8.455822564,221,211,33.36725165,33.87335666,9.418879657,7.530532416,455,22,9,4,35,484,19,4,3,26,490,510,200,11,203,18
20,1000,40,5.13,10.3,18,37,9,949,28,14,9,51,7.457293177,100,101,10.27224665,9.575175397,6.713275289,8.133156754,458,10,4,4,18,491,18,10,5,33,476,524,63,38,83,17
18,1000,40,5.13,10.3,18,37,13,948,28,12,12,52,7.699963238,104,105,10.6051457,9.579170683,7.19729834,8.163961605,458,12,7,3,22,490,16,5,9,30,480,520,74,31,77,27
23,1000,40,5.13,10.3,18,37,8,940,34,11,15,60,7.594446224,93,104,10.20447427,9.447724043,7.051273174,8.120511461,465,18,4,5,27,475,16,7,10,33,492,508,63,41,63,30
19,1000,40,5.13,10.3,18,37,13,949,23,10,18,51,7.451096651,116,92,10.35927066,9.687788801,6.883099849,7.999007123,474,10,2,5,17,475,13,8,13,34,491,509,58,34,85,31
21,1000,40,5.13,10.3,18,37,9,949,27,13,11,51,7.011476974,89,102,10.36034678,9.293629875,6.299049195,7.695966408,471,8,8,3,19,478,19,5,8,32,490,510,58,44,63,26
17,1000,40,5.13,10.3,18,37,14,950,19,17,14,50,7.406338715,85,96,10.23303776,9.255781209,6.682444655,8.165834122,495,7,7,3,17,455,12,10,11,33,512,488,56,40,63,22
22,1000,40,5.13,10.3,18,37,9,956,24,6,14,44,7.241939238,93,102,10.06314346,9.153785416,6.49342071,7.996469963,484,11,1,6,18,472,13,5,8,26,502,498,61,41,60,33
20,1000,40,5.13,10.3,18,37,10,949,28,14,9,51,7.522323383,93,109,10.31025425,9.619301483,6.759517841,8.215253609,457,10,5,4,19,492,18,9,5,32,476,524,65,44,64,29
16,1000,40,5.13,10.3,18,37,88,940,40,12,8,60,8.440211113,215,213,34.7598192,35.37713207,9.441418262,7.47826699,456,21,9,4,34,484,19,3,4,26,490,510,198,15,207,8
18,1000,40,5.13,10.3,18,37,14,947,28,13,12,53,7.742614178,89,115,10.64392945,9.636073596,7.234740058,8.211421058,457,13,7,3,23,490,15,6,9,30,480,520,83,32,68,21
23,1000,40,5.13,10.3,18,37,9,940,35,11,14,60,7.600287943,114,103,10.22284571,9.501756025,7.071612045,8.112312632,464,20,4,4,28,476,15,7,10,32,492,508,60,43,81,33
21,1000,40,5.13,10.3,18,37,10,952,26,11,11,48,7.007751521,121,117,10.38853457,9.350543558,6.294548407,7.692985885,474,7,6,3,16,478,19,5,8,32,490,510,79,38,78,43
19,1000,40,5.13,10.3,18,37,14,950,25,9,16,50,7.400475508,86,107,10.41749676,9.790613691,6.895324644,7.887762491,474,10,2,5,17,476,15,7,11,33,491,509,79,28,66,20
17,1000,40,5.13,10.3,18,37,15,951,18,17,14,49,7.398821446,111,106,10.27191482,9.317413196,6.70238726,8.129506494,495,7,7,3,17,456,11,10,11,32,512,488,61,45,81,30
22,1000,40,5.13,10.3,18,37,10,957,24,5,14,43,7.255059515,94,115,10.08909623,9.167716508,6.523794716,7.992197927,484,11,1,6,18,473,13,4,8,25,502,498,69,46,64,30
20,1000,40,5.13,10.3,18,37,11,948,29,14,9,52,7.569488449,99,114,10.3242514,9.670773955,6.805268488,8.263703527,456,11,5,4,20,492,18,9,5,32,476,524,71,43,76,23
18,1000,40,5.13,10.3,18,37,15,947,28,12,13,53,7.783213792,100,114,10.67679007,9.687723305,7.30862674,8.221294148,457,13,6,4,23,490,15,6,9,30,480,520,71,43,72,28
16,1000,40,5.13,10.3,18,37,89,940,41,11,8,60,8.434157261,243,213,36.14225875,37.06877935,9.501470621,7.408699326,455,22,9,4,35,485,19,2,4,25,490,510,198,15,229,14
23,1000,40,5.13,10.3,18,37,10,940,34,12,14,60,7.65341954,90,111,10.23765206,9.510476525,7.12255108,8.167567735,465,19,4,4,27,475,15,8,10,33,492,508,69,42,65,25
19,1000,40,5.13,10.3,18,37,15,951,25,10,14,49,7.406619551,118,111,10.45058284,9.849604833,6.949238799,7.847825738,474,10,2,5,17,477,15,8,9,32,491,509,73,38,82,36
21,1000,40,5.13,10.3,18,37,11,954,24,11,11,46,7.042983192,93,102,10.42948767,9.384083254,6.320481244,7.73715173,474,7,6,3,16,480,17,5,8,30,490,510,67,35,65,28
17,1000,40,5.13,10.3,18,37,16,950,19,17,14,50,7.457142774,87,108,10.28742254,9.384589143,6.731001346,8.218996077,495,7,7,3,17,455,12,10,11,33,512,488,67,41,66,21
22,1000,40,5.13,10.3,18,37,11,958,23,5,14,42,7.271891355,96,111,10.0975198,9.202368069,6.524842132,8.024940973,485,10,1,6,17,473,13,4,8,25,502,498,68,43,72,24
20,1000,40,5.13,10.3,18,37,12,948,29,15,8,52,7.591274988,100,110,10.36565507,9.712652296,6.798182333,8.311717934,456,12,5,3,20,492,17,10,5,32,476,524,77,33,73,27
18,1000,40,5.13,10.3,18,37,16,945,30,12,13,55,7.811973088,96,117,10.74634632,9.748380256,7.347632933,8.240594769,456,14,6,4,24,489,16,6,9,31,480,520,74,43,72,24
23,1000,40,5.13,10.3,18,37,11,943,34,10,13,57,7.632261582,124,124,10.28607767,9.564689808,7.102516234,8.145322036,467,18,3,4,25,476,16,7,9,32,492,508,71,53,86,38
16,1000,40,5.13,10.3,18,37,90,940,41,11,8,60,8.442471883,230,234,37.95607955,39.15775971,9.49619298,7.430073183,455,22,9,4,35,485,19,2,4,25,490,510,209,25,216,14
21,1000,40,5.13,10.3,18,37,12,955,22,12,11,45,7.053578646,91,102,10.45478593,9.427867366,6.320942381,7.757484078,475,6,6,3,15,480,16,6,8,30,490,510,71,31,68,23
19,1000,40,5.13,10.3,18,37,16,950,27,10,13,50,7.4444344,104,100,10.50827254,9.922041599,7.032923088,7.84139325,473,11,2,5,18,477,16,8,8,32,491,509,70,30,80,24
17,1000,40,5.13,10.3,18,37,17,949,20,17,14,51,7.478868539,104,95,10.3111908,9.441040168,6.80226884,8.188743632,494,8,7,3,18,455,12,10,11,33,512,488,54,41,75,29
22,1000,40,5.13,10.3,18,37,12,959,22,5,14,41,7.290272405,87,74,10.13760226,9.272165899,6.53167164,8.054966349,485,10,1,6,17,474,12,4,8,24,502,498,47,27,68,19
20,1000,40,5.13,10.3,18,37,13,946,30,15,9,54,7.649547502,101,119,10.39893499,9.769172674,6.865353973,8.361906509,456,12,4,4,20,490,18,11,5,34,476,524,74,45,71,30
18,1000,40,5.13,10.3,18,37,17,945,31,11,13,55,7.798430593,110,110,10.79956541,9.8119531,7.399588091,8.166592902,455,15,6,4,25,490,16,5,9,30,480,520,69,41,78,32
23,1000,40,5.13,10.3,18,37,12,943,34,10,13,57,7.674674585,94,106,10.34002998,9.61849323,7.145739517,8.186950281,467,18,3,4,25,476,16,7,9,32,492,508,67,39,67,27
16,1000,40,5.13,10.3,18,37,91,940,41,11,8,60,8.432448314,233,242,39.27100043,40.61165994,9.518824054,7.388675544,455,22,9,4,35,485,19,2,4,25,490,510,215,27,218,15
22,1000,40,5.13,10.3,18,37,13,958,23,5,14,42,7.304362653,91,106,10.16168959,9.313046401,6.532756574,8.082166372,485,10,1,6,17,473,13,4,8,25,502,498,65,41,65,26
17,1000,40,5.13,10.3,18,37,18,950,19,17,14,50,7.51307485,106,95,10.33836021,9.465626585,6.864313811,8.19374217,494,8,7,3,18,456,11,10,11,32,512,488,63,32,78,28
21,1000,40,5.13,10.3,18,37,13,955,22,12,11,45,7.084455967,99,103,10.47344474,9.483384905,6.376447405,7.764699487,475,6,6,3,15,480,16,6,8,30,490,510,64,39,64,35
19,1000,40,5.13,10.3,18,37,17,950,28,10,12,50,7.452633232,99,110,10.54631922,9.994451734,7.088643694,7.803750841,473,11,2,5,18,477,17,8,7,32,491,509,71,39,77,22
18,1000,40,5.13,10.3,18,37,18,943,33,11,13,57,7.845334714,109,93,10.86463466,9.893517058,7.464651909,8.196734226,454,16,6,4,26,489,17,5,9,31,480,520,65,28,80,29
20,1000,40,5.13,10.3,18,37,14,946,30,15,9,54,7.680540211,96,121,10.44329793,9.799157769,6.88878238,8.399770607,456,12,4,4,20,490,18,11,5,34,476,524,89,32,77,19
23,1000,40,5.13,10.3,18,37,13,945,31,11,13,55,7.673883142,98,116,10.36165679,9.67873691,7.190428854,8.142110522,467,17,4,4,25,478,14,7,9,30,492,508,74,42,73,25
17,1000,40,5.13,10.3,18,37,19,952,18,17,13,48,7.478785495,100,106,10.39150811,9.539428402,6.797935181,8.193120251,496,7,7,2,16,456,11,10,11,32,512,488,61,45,69,31
22,1000,40,5.13,10.3,18,37,14,958,23,5,14,42,7.354756312,79,123,10.19053789,9.357660841,6.609030706,8.106471682,485,10,1,6,17,473,13,4,8,25,502,498,79,44,59,20
16,1000,40,5.13,10.3,18,37,92,941,40,11,8,59,8.431020564,235,238,40.44942724,41.86346534,9.606349143,7.301783301,455,21,9,5,35,486,19,2,3,24,490,510,221,17,223,12
21,1000,40,5.13,10.3,18,37,14,956,21,12,11,44,7.117085266,116,106,10.52053033,9.520141902,6.419761957,7.787062563,475,6,6,3,15,481,15,6,8,29,490,510,66,40,85,31
19,1000,40,5.13,10.3,18,37,18,949,28,11,12,51,7.476408952,102,105,10.58536622,10.05475907,7.094029756,7.845265898,473,11,2,5,18,476,17,9,7,33,491,509,71,34,75,27
18,1000,40,5.13,10.3,18,37,19,943,33,11,13,57,7.881058279,119,114,10.92318781,9.963922612,7.499122235,8.233614627,454,16,6,4,26,489,17,5,9,31,480,520,76,38,84,35
20,1000,40,5.13,10.3,18,37,15,944,32,14,10,56,7.69735678,112,104,10.48967024,9.864039387,6.955414625,8.371334767,454,14,3,5,22,490,18,11,5,34,476,524,70,34,79,33
23,1000,40,5.13,10.3,18,37,14,947,31,9,13,53,7.67016904,107,119,10.41360069,9.776171291,7.179160363,8.145712877,468,17,3,4,24,479,14,6,9,29,492,508,72,47,66,41
17,1000,40,5.13,10.3,18,37,20,951,19,17,13,49,7.522597459,104,107,10.44431259,9.590567769,6.86326236,8.214358875,495,8,7,2,17,456,11,10,11,32,512,488,83,24,76,28
21,1000,40,5.13,10.3,18,37,15,958,19,11,12,42,7.149003237,114,95,10.55087243,9.583799122,6.451668655,7.818991364,475,6,5,4,15,483,13,6,8,27,490,510,72,23,79,35
22,1000,40,5.13,10.3,18,37,15,958,24,5,13,42,7.361517927,98,96,10.22226482,9.382419242,6.627253761,8.101679796,485,11,1,5,17,473,13,4,8,25,502,498,54,42,69,29
19,1000,40,5.13,10.3,18,37,19,948,29,10,13,52,7.505798973,96,108,10.62220521,10.11615332,7.101144505,7.896143459,473,11,2,5,18,475,18,8,8,34,491,509,62,46,72,24
16,1000,40,5.13,10.3,18,37,93,940,39,12,9,60,8.463824307,230,230,41.72016327,43.27947715,9.664526175,7.310208787,454,21,10,5,36,486,18,2,4,24,490,510,212,18,218,12
18,1000,40,5.13,10.3,18,37,20,942,34,11,13,58,7.886946169,118,118,10.99451623,10.04709021,7.515011959,8.230270056,454,16,6,4,26,488,18,5,9,32,480,520,77,41,97,21
20,1000,40,5.13,10.3,18,37,16,944,32,14,10,56,7.707734004,100,107,10.5420927,9.915103011,6.948291445,8.397609306,454,14,3,5,22,490,18,11,5,34,476,524,68,39,75,25
23,1000,40,5.13,10.3,18,37,15,948,31,9,12,52,7.677184703,112,107,10.46435052,9.809279035,7.178538238,8.160125766,468,17,3,4,24,480,14,6,8,28,492,508,69,38,84,28
17,1000,40,5.13,10.3,18,37,21,951,19,17,13,49,7.547528339,99,124,10.51916585,9.688679464,6.921989206,8.203831691,495,8,7,2,17,456,11,10,11,32,512,488,77,47,77,22
21,1000,40,5.13,10.3,18,37,16,958,19,11,12,42,7.210162464,117,94,10.56937716,9.628428361,6.510487764,7.88239894,475,6,5,4,15,483,13,6,8,27,490,510,55,39,87,30
22,1000,40,5.13,10.3,18,37,16,957,26,4,13,43,7.379078871,117,107,10.30741855,9.438837773,6.656616858,8.107343792,484,12,1,5,18,473,14,3,8,25,502,498,66,41,85,32
19,1000,40,5.13,10.3,18,37,20,949,29,9,13,51,7.543541332,95,114,10.66760722,10.18372239,7.144315127,7.928649519,474,11,1,5,17,475,18,8,8,34,491,509,73,41,69,26
18,1000,40,5.13,10.3,18,37,21,940,36,11,13,60,7.925909367,112,106,11.04190327,10.0921926,7.640847485,8.189043412,453,17,6,4,27,487,19,5,9,33,480,520,68,38,85,27
16,1000,40,5.13,10.3,18,37,94,940,37,14,9,60,8.476503221,235,244,43.40797574,44.83074029,9.733760294,7.268550347,454,20,11,5,36,486,17,3,4,24,490,510,233,11,223,12
20,1000,40,5.13,10.3,18,37,17,944,32,14,10,56,7.714297684,97,112,10.60735163,10.0068282,6.963547039,8.396277278,454,14,3,5,22,490,18,11,5,34,476,524,71,41,69,28
23,1000,40,5.13,10.3,18,37,16,949,29,10,12,51,7.714248702,98,125,10.49552337,9.88058878,7.200438446,8.211875957,468,16,4,4,24,481,13,6,8,27,492,508,77,48,75,23
17,1000,40,5.13,10.3,18,37,22,951,18,17,14,49,7.563051699,103,117,10.55900272,9.746406173,6.989836139,8.164458189,495,7,8,2,17,456,11,9,12,32,512,488,81,36,81,22
22,1000,40,5.13,10.3,18,37,17,959,25,3,13,41,7.386521268,81,115,10.36300388,9.506636846,6.664939027,8.113899351,485,11,1,5,17,474,14,2,8,24,502,498,71,44,59,22
21,1000,40,5.13,10.3,18,37,17,959,18,11,12,41,7.177476706,102,118,10.63110857,9.707007937,6.545037969,7.785113924,475,6,5,4,15,484,12,6,8,26,490,510,67,51,74,28
19,1000,40,5.13,10.3,18,37,21,949,28,10,13,51,7.556644846,118,114,10.71168373,10.22487656,7.184420271,7.915706273,474,11,1,5,17,475,17,9,8,34,491,509,75,39,91,27
18,1000,40,5.13,10.3,18,37,22,939,36,12,13,61,7.951014689,91,117,11.10905894,10.16056988,7.680140417,8.201052479,453,16,7,4,27,486,20,5,9,34,480,520,75,42,71,20
20,1000,40,5.13,10.3,18,37,18,945,31,14,10,55,7.711166895,120,93,10.7007766,10.09262002,7.006573963,8.351216963,454,14,3,5,22,491,17,11,5,33,476,524,56,37,95,25
16,1000,40,5.13,10.3,18,37,95,940,36,16,8,60,8.447986254,240,258,45.45685177,46.98541093,9.77076718,7.177079091,453,20,12,5,37,487,16,4,3,23,490,510,236,22,225,15
23,1000,40,5.13,10.3,18,37,17,949,30,10,11,51,7.73447454,114,116,10.60606563,10.01761078,7.236291249,8.216967019,468,16,4,4,24,481,14,6,7,27,492,508,74,42,84,30
17,1000,40,5.13,10.3,18,37,23,952,17,17,14,48,7.575406377,112,108,10.62798263,9.838917974,7.004973766,8.17389305,495,7,8,2,17,457,10,9,12,31,512,488,56,52,87,25
22,1000,40,5.13,10.3,18,37,18,959,25,3,13,41,7.404258738,99,108,10.41120027,9.545806185,6.701258754,8.112905307,485,11,1,5,17,474,14,2,8,24,502,498,71,37,73,26
21,1000,40,5.13,10.3,18,37,18,958,17,13,12,42,7.212170113,100,105,10.67101002,9.748297221,6.584340557,7.815378902,475,5,6,4,15,483,12,7,8,27,490,510,69,36,63,37
19,1000,40,5.13,10.3,18,37,22,950,26,11,13,50,7.564689101,93,119,10.73078843,10.25739061,7.201627841,7.914911259,474,11,1,5,17,476,15,10,8,33,491,509,76,43,73,20
18,1000,40,5.13,10.3,18,37,23,939,35,14,12,61,7.978133373,103,117,11.16796537,10.23567912,7.734892042,8.202663833,453,15,8,4,27,486,20,6,8,34,480,520,77,40,71,32
20,1000,40,5.13,10.3,18,37,19,946,30,14,10,54,7.717001358,96,96,10.73627327,10.16770984,7.037982267,8.333820227,454,14,3,5,22,492,16,11,5,32,476,524,72,24,77,19
23,1000,40,5.13,10.3,18,37,18,950,30,10,10,50,7.752061103,105,137,10.64671881,10.0831847,7.238427433,8.249517335,469,15,4,4,23,481,15,6,6,27,492,508,90,47,70,35
16,1000,40,5.13,10.3,18,37,96,940,34,18,8,60,8.442483024,246,239,48.1587042,49.89959186,9.818484618,7.120442276,452,19,14,5,38,488,15,4,3,22,490,510,214,25,228,18
17,1000,40,5.13,10.3,18,37,24,953,18,16,13,47,7.606799008,106,111,10.65112648,9.870388794,7.043535995,8.197763482,495,8,8,1,17,458,10,8,12,30,512,488,82,29,79,27
22,1000,40,5.13,10.3,18,37,19,958,26,3,13,42,7.433071904,98,99,10.47415295,9.591658793,6.724474074,8.147361283,485,11,1,5,17,473,15,2,8,25,502,498,65,34,79,19
21,1000,40,5.13,10.3,18,37,19,958,16,14,12,42,7.260970603,104,117,10.76250728,9.836332609,6.632209742,7.865074175,475,5,6,4,15,483,11,8,8,27,490,510,76,41,73,31
19,1000,40,5.13,10.3,18,37,23,948,28,11,13,52,7.605952274,106,113,10.75513423,10.30671044,7.239188167,7.959746334,473,12,1,5,18,475,16,10,8,34,491,509,80,33,76,30
18,1000,40,5.13,10.3,18,37,24,942,33,12,13,58,7.972760841,116,115,11.22145652,10.28926919,7.777134321,8.153339167,453,15,7,5,27,489,18,5,8,31,480,520,74,41,89,27
20,1000,40,5.13,10.3,18,37,20,946,30,14,10,54,7.710591747,97,112,10.77033441,10.21178017,7.036203504,8.323203968,454,14,3,5,22,492,16,11,5,32,476,524,71,41,78,19
23,1000,40,5.13,10.3,18,37,19,949,31,10,10,51,7.778599953,102,111,10.65887015,10.14056522,7.242428902,8.297883728,469,15,4,4,23,480,16,6,6,28,492,508,74,37,75,27
16,1000,40,5.13,10.3,18,37,97,941,33,18,8,59,8.447919955,245,262,50.38133666,52.10269177,9.848091352,7.10265724,453,18,14,5,37,488,15,4,3,22,490,510,241,21,233,12
17,1000,40,5.13,10.3,18,37,25,953,18,16,13,47,7.656315706,94,106,10.74730288,9.957803666,7.090421605,8.250040663,495,8,8,1,17,458,10,8,12,30,512,488,76,30,78,16
22,1000,40,5.13,10.3,18,37,20,958,26,3,13,42,7.446330602,86,118,10.526673,9.640819106,6.772229763,8.125845906,485,11,1,5,17,473,15,2,8,25,502,498,78,40,66,20
21,1000,40,5.13,10.3,18,37,20,958,17,13,12,42,7.290453856,85,98,10.80071676,9.88183924,6.667315057,7.889155839,475,5,6,4,15,483,12,7,8,27,490,510,70,28,60,25
19,1000,40,5.13,10.3,18,37,24,948,29,11,12,52,7.619698362,126,108,10.84087125,10.39377657,7.266964328,7.959958502,473,12,1,5,18,475,17,10,7,34,491,509,72,36,98,28
18,1000,40,5.13,10.3,18,37,25,943,33,11,13,57,7.97847619,107,120,11.2674623,10.34364491,7.807541203,8.136262331,452,16,7,5,28,491,17,4,8,29,480,520,92,28,82,25
20,1000,40,5.13,10.3,18,37,21,946,30,14,10,54,7.732520978,110,115,10.79446324,10.26083582,7.092794422,8.313646629,454,14,3,5,22,492,16,11,5,32,476,524,75,40,79,31
23,1000,40,5.13,10.3,18,37,20,950,30,10,10,50,7.795858557,97,95,10.70975221,10.22951188,7.282445621,8.293101007,469,15,4,4,23,481,15,6,6,27,492,508,61,34,76,21
17,1000,40,5.13,10.3,18,37,26,954,19,15,12,46,7.66524561,125,97,10.80265407,9.995413124,7.146116758,8.209905389,495,8,8,1,17,459,11,7,11,29,512,488,66,31,95,30
22,1000,40,5.13,10.3,18,37,21,958,25,4,13,42,7.473187685,108,103,10.57041554,9.691643943,6.805516292,8.146221901,485,11,1,5,17,473,14,3,8,25,502,498,74,29,85,23
16,1000,40,5.13,10.3,18,37,98,942,32,18,8,58,8.436298332,251,253,53.6478756,55.5198781,9.882567497,7.046745605,452,19,14,5,38,490,13,4,3,20,490,510,237,16,245,6
21,1000,40,5.13,10.3,18,37,21,959,16,13,12,41,7.294745593,96,109,10.84379892,9.938713004,6.661348755,7.903303339,476,4,6,4,14,483,12,7,8,27,490,510,79,30,72,24
19,1000,40,5.13,10.3,18,37,25,950,27,12,11,50,7.642003085,110,111,10.8717796,10.46155679,7.305974633,7.966148408,473,12,1,5,18,477,15,11,6,32,491,509,71,40,88,22
18,1000,40,5.13,10.3,18,37,26,943,33,11,13,57,7.950615333,121,127,11.36208076,10.44250403,7.792138239,8.09690188,453,15,7,5,27,490,18,4,8,30,480,520,80,47,92,29
20,1000,40,5.13,10.3,18,37,22,947,30,13,10,53,7.709210089,127,101,10.89878977,10.38773346,7.11352183,8.250331485,454,14,3,5,22,493,16,10,5,31,476,524,67,34,107,20
23,1000,40,5.13,10.3,18,37,21,950,30,11,9,50,7.806335551,107,105,10.75839348,10.30348224,7.29848056,8.298195108,469,15,4,4,23,481,15,7,5,27,492,508,65,40,76,31
17,1000,40,5.13,10.3,18,37,27,952,21,15,12,48,7.685951895,91,112,10.85442623,10.06209227,7.16585298,8.231629446,494,9,8,1,18,458,12,7,11,30,512,488,80,32,66,25
22,1000,40,5.13,10.3,18,37,22,959,24,4,13,41,7.485337001,87,117,10.59561907,9.733911094,6.83139531,8.144531236,485,11,1,5,17,474,13,3,8,24,502,498,74,43,62,25
21,1000,40,5.13,10.3,18,37,22,959,16,13,12,41,7.321521779,116,115,10.89726252,10.00525939,6.69948132,7.919168494,476,4,6,4,14,483,12,7,8,27,490,510,72,43,92,24
16,1000,40,5.13,10.3,18,37,99,942,32,18,8,58,8.440576579,260,265,57.07734073,58.91783768,9.907750088,7.030939286,452,19,14,5,38,490,13,4,3,20,490,510,247,18,243,17
19,1000,40,5.13,10.3,18,37,26,950,27,13,10,50,7.630355351,102,98,10.92396336,10.54712346,7.375537231,7.876162222,473,11,2,5,18,477,16,11,5,32,491,509,63,35,82,20
18,1000,40,5.13,10.3,18,37,27,943,33,11,13,57,8.027532542,112,110,11.41570094,10.47785414,7.861402336,8.180883501,453,15,7,5,27,490,18,4,8,30,480,520,72,38,90,22
20,1000,40,5.13,10.3,18,37,23,947,30,12,11,53,7.700803543,117,115,11.00657327,10.50400325,7.121284058,8.227237275,454,14,3,5,22,493,16,9,6,31,476,524,82,33,80,37
23,1000,40,5.13,10.3,18,37,22,951,30,10,9,49,7.808626729,114,111,10.77478665,10.3732718,7.32648372,8.275584132,470,14,4,4,22,481,16,6,5,27,492,508,74,37,86,28
17,1000,40,5.13,10.3,18,37,28,951,22,15,12,49,7.744400837,119,117,10.91205002,10.13055849,7.251640949,8.261394818,494,9,8,1,18,457,13,7,11,31,512,488,82,35,93,26
22,1000,40,5.13,10.3,18,37,23,960,23,4,13,40,7.467799426,100,127,10.64541738,9.775575889,6.841460671,8.099169014,486,10,1,5,16,474,13,3,8,24,502,498,81,46,72,28
21,1000,40,5.13,10.3,18,37,23,960,15,13,12,40,7.349308204,96,105,10.92597986,10.04563768,6.74513724,7.92978619,476,4,6,4,14,484,11,7,8,26,490,510,76,29,74,22
19,1000,40,5.13,10.3,18,37,27,950,27,12,11,50,7.688397031,115,100,11.01516017,10.66878991,7.439522332,7.928470661,473,11,2,5,18,477,16,10,6,32,491,509,68,32,94,21
18,1000,40,5.13,10.3,18,37,28,947,29,11,13,53,8.000867329,101,101,11.48288351,10.55966227,7.865127558,8.126165579,454,15,6,5,26,493,14,5,8,27,480,520,73,28,82,19
16,1000,40,5.13,10.3,18,37,100,940,34,18,8,60,8.444209836,264,268,61.06445813,62.98042266,9.947216648,7.000144468,451,20,14,5,39,489,14,4,3,21,490,510,242,26,254,10
20,1000,40,5.13,10.3,18,37,24,948,30,12,10,52,7.701705804,108,123,11.0558922,10.56927948,7.11424056,8.235357438,455,13,3,5,21,493,17,9,5,31,476,524,79,44,88,20
23,1000,40,5.13,10.3,18,37,23,952,29,9,10,48,7.838436165,109,104,10.81651884,10.43222751,7.348168926,8.313261917,471,13,3,5,21,481,16,6,5,27,492,508,70,34,80,29
17,1000,40,5.13,10.3,18,37,29,953,22,14,11,47,7.775482691,89,117,10.93533385,10.16979041,7.26395908,8.3121632,494,9,8,1,18,459,13,6,10,29,512,488,77,40,69,20
22,1000,40,5.13,10.3,18,37,24,959,24,4,13,41,7.484214699,101,100,10.70383957,9.846402008,6.863828817,8.1095836,486,10,1,5,16,473,14,3,8,25,502,498,59,41,82,19
21,1000,40,5.13,10.3,18,37,24,961,14,13,12,39,7.386341097,108,115,10.98926644,10.1380989,6.817356374,7.933012693,476,4,6,4,14,485,10,7,8,25,490,510,75,40,83,25
19,1000,40,5.13,10.3,18,37,28,949,28,12,11,51,7.710895793,115,131,11.08834263,10.73096058,7.4810264,7.93263621,472,12,2,5,19,477,16,10,6,32,491,509,84,47,87,28
18,1000,40,5.13,10.3,18,37,29,947,30,11,12,53,7.999944859,101,114,11.54462167,10.68048802,7.9083824,8.084464051,453,16,6,5,27,494,14,5,7,26,480,520,76,38,74,27
16,1000,40,5.13,10.3,18,37,101,940,35,17,8,60,8.479438274,275,279,63.45674928,65.40606151,9.978984427,7.038697852,452,19,14,5,38,488,16,3,3,22,490,510,253,26,258,17
20,1000,40,5.13,10.3,18,37,25,950,30,11,9,50,7.679210424,108,108,11.11261412,10.65179919,7.18692658,8.126399563,455,13,3,5,21,495,17,8,4,29,476,524,71,37,84,24
23,1000,40,5.13,10.3,18,37,24,952,29,9,10,48,7.854191907,92,124,10.86717636,10.47225364,7.380380364,8.313080251,471,13,3,5,21,481,16,6,5,27,492,508,81,43,68,24
17,1000,40,5.13,10.3,18,37,30,954,21,14,11,46,7.795405413,108,133,11.00031063,10.24899235,7.311803242,8.302791298,495,8,8,1,17,459,13,6,10,29,512,488,83,50,83,25
22,1000,40,5.13,10.3,18,37,25,960,23,4,13,40,7.497153986,85,105,10.75016512,9.885657846,6.939133145,8.059656921,486,10,1,5,16,474,13,3,8,24,502,498,75,30,63,22
21,1000,40,5.13,10.3,18,37,25,961,14,13,12,39,7.381875392,120,119,11.08828035,10.24091425,6.814310213,7.927183112,476,4,6,4,14,485,10,7,8,25,490,510,76,43,93,27
19,1000,40,5.13,10.3,18,37,29,950,27,12,11,50,7.727291164,121,105,11.14648041,10.79299837,7.519520787,7.927714062,472,12,2,5,19,478,15,10,6,31,491,509,70,35,96,25
18,1000,40,5.13,10.3,18,37,30,948,28,12,12,52,8.017442711,119,135,11.60958033,10.75076609,7.95814323,8.072180694,453,16,6,5,27,495,12,6,7,25,480,520,94,41,98,21
20,1000,40,5.13,10.3,18,37,26,952,29,11,8,48,7.661059122,115,105,11.20228792,10.75592837,7.233157284,8.049763846,455,13,3,5,21,497,16,8,3,27,476,524,75,30,87,28
16,1000,40,5.13,10.3,18,37,102,940,34,18,8,60,8.466978984,270,257,65.25393546,66.8705623,9.978412884,7.014817002,452,19,14,5,38,488,15,4,3,22,490,510,242,15,252,18
23,1000,40,5.13,10.3,18,37,25,951,29,10,10,49,7.877783755,98,114,10.92949123,10.54024078,7.401238645,8.33931957,471,13,3,5,21,480,16,7,5,28,492,508,75,39,73,25
17,1000,40,5.13,10.3,18,37,31,954,21,15,10,46,7.804393878,127,117,11.07383931,10.34037808,7.367288361,8.262996387,495,8,8,1,17,459,13,7,9,29,512,488,90,27,90,37
22,1000,40,5.13,10.3,18,37,26,960,23,4,13,40,7.497989678,104,118,10.80676315,9.936995769,6.946638666,8.053769211,486,10,1,5,16,474,13,3,8,24,502,498,85,33,84,20
21,1000,40,5.13,10.3,18,37,26,962,14,12,12,38,7.382036405,113,104,11.16051141,10.28400477,6.849649488,7.893545403,476,4,6,4,14,486,10,6,8,24,490,510,73,31,78,35
19,1000,40,5.13,10.3,18,37,30,952,27,10,11,48,7.710163209,115,128,11.24242806,10.91729921,7.533587583,7.880494511,472,12,2,5,19,480,15,8,6,29,491,509,93,35,92,23
18,1000,40,5.13,10.3,18,37,31,949,27,12,12,51,8.015992852,104,122,11.72643042,10.88501668,8.000840274,8.029979847,454,15,6,5,26,495,12,6,7,25,480,520,90,32,83,21
20,1000,40,5.13,10.3,18,37,27,952,31,10,7,48,7.651503274,132,113,11.28814093,10.90022413,7.266365089,8.001361624,455,13,3,5,21,497,18,7,2,27,476,524,75,38,109,23
23,1000,40,5.13,10.3,18,37,26,950,29,11,10,50,7.913679583,99,126,10.9923855,10.58729627,7.513265958,8.301481755,469,13,5,5,23,481,16,6,5,27,492,508,90,36,75,24
17,1000,40,5.13,10.3,18,37,32,952,23,15,10,48,7.874636428,102,129,11.12634317,10.38932662,7.429783088,8.341367802,495,8,8,1,17,457,15,7,9,31,512,488,94,35,79,23
16,1000,40,5.13,10.3,18,37,103,940,34,18,8,60,8.465223613,279,261,67.67184993,69.24726251,10.04952814,6.943048671,451,20,14,5,39,489,14,4,3,21,490,510,251,10,270,9
22,1000,40,5.13,10.3,18,37,27,960,24,3,13,40,7.49346572,111,116,10.84325382,9.9921776,6.951594612,8.039689205,486,10,1,5,16,474,14,2,8,24,502,498,76,40,84,27
21,1000,40,5.13,10.3,18,37,27,962,15,11,12,38,7.418645996,107,120,11.20551551,10.35931838,6.911830669,7.905586213,476,4,6,4,14,486,11,5,8,24,490,510,82,38,92,15
19,1000,40,5.13,10.3,18,37,31,952,27,9,12,48,7.738562284,108,115,11.3011855,10.96272743,7.589871942,7.881994421,472,12,1,6,19,480,15,8,6,29,491,509,86,29,87,21
18,1000,40,5.13,10.3,18,37,32,951,26,12,11,49,8.007773041,104,120,11.80849876,10.97194203,8.000670969,8.0143288,455,14,6,5,25,496,12,6,6,24,480,520,84,36,81,23
20,1000,40,5.13,10.3,18,37,28,952,32,9,7,48,7.688185779,122,111,11.3882985,11.00163241,7.266017192,8.071682433,455,13,3,5,21,497,19,6,2,27,476,524,76,35,93,29
23,1000,40,5.13,10.3,18,37,27,949,30,11,10,51,7.9252554,96,115,11.04813378,10.6476475,7.564903896,8.274257251,469,13,5,5,23,480,17,6,5,28,492,508,81,34,71,25
17,1000,40,5.13,10.3,18,37,33,952,23,15,10,48,7.896134753,98,120,11.21406663,10.49609139,7.48232694,8.330293771,494,9,8,1,18,458,14,7,9,30,512,488,82,38,76,22
22,1000,40,5.13,10.3,18,37,28,960,24,3,13,40,7.521972262,113,120,10.892268,10.05860297,6.992050072,8.056150855,486,10,1,5,16,474,14,2,8,24,502,498,85,35,91,22
16,1000,40,5.13,10.3,18,37,104,939,35,18,8,61,8.446744964,278,281,70.74090668,72.04670542,10.05579718,6.900792832,450,21,14,5,40,489,14,4,3,21,490,510,262,19,255,23
24,1000,40,5.13,10.3,18,37,0,938,30,17,15,62,7.487,97,105,9.978008149,9.134082316,6.659318637,8.311377246,476,9,8,6,23,462,21,9,9,39,499,501,54,51,70,27
21,1000,40,5.13,10.3,18,37,28,962,15,11,12,38,7.446722715,111,109,11.28609395,10.44020541,6.952086807,7.921961137,476,4,6,4,14,486,11,5,8,24,490,510,81,28,89,22
19,1000,40,5.13,10.3,18,37,32,953,26,9,12,47,7.723708713,119,122,11.37693692,11.06977889,7.599452025,7.843571255,472,12,1,6,19,481,14,8,6,28,491,509,94,28,93,26
18,1000,40,5.13,10.3,18,37,33,952,26,11,11,48,8.029826877,137,138,11.8954598,11.03918889,8.044306455,8.016461113,455,14,6,5,25,497,12,5,6,23,480,520,99,39,104,33
20,1000,40,5.13,10.3,18,37,29,952,32,9,7,48,7.721810646,116,120,11.46766232,11.10712997,7.269905251,8.132320128,455,13,3,5,21,497,19,6,2,27,476,524,88,32,95,21
23,1000,40,5.13,10.3,18,37,28,953,27,11,9,47,7.900502363,128,112,11.11838528,10.70597702,7.599229826,8.192286001,469,12,5,6,23,484,15,6,3,24,492,508,73,39,94,34
17,1000,40,5.13,10.3,18,37,34,953,23,14,10,47,7.889220794,118,115,11.26655369,10.55517496,7.531882742,8.26413285,493,10,8,1,19,460,13,6,9,28,512,488,80,35,97,21
22,1000,40,5.13,10.3,18,37,29,961,23,3,13,39,7.5069093,117,131,10.94544356,10.14495587,7.010106283,8.007702702,486,9,2,5,16,475,14,1,8,23,502,498,93,38,86,31
21,1000,40,5.13,10.3,18,37,29,962,15,11,12,38,7.458029199,111,115,11.32848532,10.49187943,6.967428939,7.929390233,476,4,6,4,14,486,11,5,8,24,490,510,83,32,81,30
24,1000,40,5.13,10.3,18,37,1,939,29,16,16,61,7.503279591,97,94,9.980239342,9.166412922,6.682477864,8.320804665,476,9,8,6,23,463,20,8,10,38,499,501,52,42,69,28
19,1000,40,5.13,10.3,18,37,33,953,26,9,12,47,7.73071279,97,134,11.45541325,11.19738227,7.63365512,7.824338166,472,12,1,6,19,481,14,8,6,28,491,509,93,41,77,20
18,1000,40,5.13,10.3,18,37,34,951,27,11,11,49,8.065275704,103,118,11.93462145,11.08014149,8.082019003,8.04982035,455,14,6,5,25,496,13,5,6,24,480,520,83,35,81,22
20,1000,40,5.13,10.3,18,37,30,953,32,9,6,47,7.754146495,114,123,11.54820976,11.18789836,7.374001707,8.09946886,455,13,3,5,21,498,19,6,1,26,476,524,81,42,94,20
23,1000,40,5.13,10.3,18,37,29,954,26,11,9,46,7.891962304,96,117,11.18964627,10.77382124,7.608962322,8.166048901,469,12,5,6,23,485,14,6,3,23,492,508,76,41,78,18
17,1000,40,5.13,10.3,18,37,35,953,23,14,10,47,7.895384497,101,128,11.32212244,10.62133006,7.608087686,8.19681066,493,10,8,1,19,460,13,6,9,28,512,488,88,40,77,24
22,1000,40,5.13,10.3,18,37,30,960,24,3,13,40,7.534547608,102,111,11.03131413,10.26507459,7.034816397,8.038292725,485,10,2,5,17,475,14,1,8,23,502,498,73,38,81,21
21,1000,40,5.13,10.3,18,37,30,961,16,11,12,39,7.52491901,118,111,11.42410135,10.59132996,7.024512261,8.005701964,476,4,6,4,14,485,12,5,8,25,490,510,78,33,84,34
19,1000,40,5.13,10.3,18,37,34,953,27,9,11,47,7.739650057,127,119,11.55131433,11.32061663,7.660155911,7.816333016,472,12,1,6,19,481,15,8,5,28,491,509,86,33,105,22
18,1000,40,5.13,10.3,18,37,35,952,26,11,11,48,8.050510925,112,119,11.97403096,11.11210645,8.133517762,7.973889229,455,14,6,5,25,497,12,5,6,23,480,520,89,30,93,19
24,1000,40,5.13,10.3,18,37,2,941,28,16,15,59,7.50822103,95,103,9.990917508,9.208441248,6.735636464,8.277721426,476,9,8,6,23,465,19,8,9,36,499,501,63,40,66,29
20,1000,40,5.13,10.3,18,37,31,954,31,9,6,46,7.742097218,122,124,11.60614102,11.31145068,7.40613412,8.047285071,455,13,3,5,21,499,18,6,1,25,476,524,91,33,98,24
23,1000,40,5.13,10.3,18,37,30,953,27,11,9,47,7.917497951,107,125,11.25901658,10.86151801,7.646618319,8.17984594,469,12,5,6,23,484,15,6,3,24,492,508,85,40,83,24
17,1000,40,5.13,10.3,18,37,36,954,22,14,10,46,7.877691756,105,132,11.36177059,10.66722217,7.622959341,8.144951996,493,10,8,1,19,461,12,6,9,27,512,488,96,36,77,28
22,1000,40,5.13,10.3,18,37,31,962,22,4,12,38,7.512042141,104,113,11.07968928,10.31799088,7.088698744,7.938785887,485,10,2,5,17,477,12,2,7,21,502,498,74,39,78,26
21,1000,40,5.13,10.3,18,37,31,960,17,11,12,40,7.53628577,125,127,11.51628533,10.67844174,7.066795095,7.987365047,475,5,6,4,15,485,12,5,8,25,490,510,81,46,96,29
19,1000,40,5.13,10.3,18,37,35,955,25,10,10,45,7.758883933,128,114,11.60434347,11.38012749,7.684166274,7.830959319,473,11,1,6,18,482,14,9,4,27,491,509,84,30,113,15
18,1000,40,5.13,10.3,18,37,36,953,25,11,11,47,8.040701376,129,110,12.07024328,11.25417483,8.175400864,7.916363386,455,14,6,5,25,498,11,5,6,22,480,520,78,32,101,28
20,1000,40,5.13,10.3,18,37,32,955,31,8,6,45,7.729620135,121,123,11.68052945,11.39799321,7.378089104,8.048949849,456,13,2,5,20,499,18,6,1,25,476,524,94,29,90,31
24,1000,40,5.13,10.3,18,37,3,941,29,16,14,59,7.519931407,87,118,9.977487702,9.221361638,6.7488242,8.287960343,475,10,9,5,24,466,19,7,9,35,499,501,70,48,62,25
23,1000,40,5.13,10.3,18,37,31,952,28,10,10,48,7.921644191,103,125,11.31909604,10.92005254,7.651648974,8.183135621,468,13,4,7,24,484,15,6,3,24,492,508,87,38,81,22
17,1000,40,5.13,10.3,18,37,37,955,22,13,10,45,7.914377809,106,110,11.42257492,10.72198641,7.635469001,8.207003445,493,10,8,1,19,462,12,5,9,26,512,488,81,29,78,28
22,1000,40,5.13,10.3,18,37,32,960,24,4,12,40,7.544562217,115,127,11.12483759,10.38560846,7.144343331,7.947995713,483,12,2,5,19,477,12,2,7,21,502,498,82,45,93,22
21,1000,40,5.13,10.3,18,37,32,959,18,11,12,41,7.598971394,110,115,11.65066133,10.85216868,7.112493996,8.066371247,475,5,6,4,15,484,13,5,8,26,490,510,82,33,83,27
19,1000,40,5.13,10.3,18,37,36,955,25,10,10,45,7.756477008,131,112,11.6556516,11.44234079,7.712524582,7.798875125,472,12,1,6,19,483,13,9,4,26,491,509,79,33,106,25
18,1000,40,5.13,10.3,18,37,37,953,25,10,12,47,8.067466142,138,125,12.1108355,11.31434232,8.23477285,7.91302918,455,14,5,6,25,498,11,5,6,22,480,520,102,23,115,23
20,1000,40,5.13,10.3,18,37,33,956,29,9,6,44,7.741261991,125,115,11.81257649,11.51858703,7.429497754,8.024467672,456,12,3,5,20,500,17,6,1,24,476,524,80,35,105,20
23,1000,40,5.13,10.3,18,37,32,953,27,10,10,47,7.933191666,121,110,11.39122631,11.00245904,7.723209887,8.136559846,467,14,4,7,25,486,13,6,3,22,492,508,78,32,96,25
24,1000,40,5.13,10.3,18,37,4,944,26,16,14,56,7.524240404,99,110,9.999227664,9.253096932,6.809745302,8.23588323,475,9,10,5,24,469,17,6,9,32,499,501,62,48,64,35
17,1000,40,5.13,10.3,18,37,38,955,22,12,11,45,7.931726956,124,117,11.48107531,10.80245756,7.672718754,8.203473266,494,9,7,2,18,461,13,5,9,27,512,488,79,38,101,23
22,1000,40,5.13,10.3,18,37,33,960,24,5,11,40,7.544229744,119,105,11.21450297,10.48679316,7.197162298,7.894084879,482,13,2,5,20,478,11,3,6,20,502,498,79,26,93,26
21,1000,40,5.13,10.3,18,37,33,958,19,12,11,42,7.606342714,126,120,11.73902769,10.96727614,7.166687823,8.028756237,474,6,6,4,16,484,13,6,7,26,490,510,93,27,99,27
19,1000,40,5.13,10.3,18,37,37,955,25,9,11,45,7.751856326,121,122,11.71157323,11.51226897,7.690559602,7.810985385,472,12,1,6,19,483,13,8,5,26,491,509,84,38,93,28
18,1000,40,5.13,10.3,18,37,38,954,24,10,12,46,8.053759301,125,114,12.16876245,11.41832932,8.234859866,7.886589549,455,14,5,6,25,499,10,5,6,21,480,520,86,28,104,21
20,1000,40,5.13,10.3,18,37,34,956,29,9,6,44,7.75152453,119,137,11.88260156,11.60193027,7.42575061,8.047456565,456,12,3,5,20,500,17,6,1,24,476,524,98,39,97,22
23,1000,40,5.13,10.3,18,37,33,953,27,10,10,47,7.988390797,114,118,11.44185171,11.09305023,7.819059504,8.152388821,467,14,4,7,25,486,13,6,3,22,492,508,83,35,95,19
17,1000,40,5.13,10.3,18,37,39,955,21,13,11,45,7.938327534,119,123,11.53164465,10.86579248,7.683562089,8.205622427,494,9,7,2,18,461,12,6,9,27,512,488,86,37,99,20
22,1000,40,5.13,10.3,18,37,34,960,24,5,11,40,7.576428277,112,111,11.30546444,10.60632495,7.2456927,7.909820364,482,13,2,5,20,478,11,3,6,20,502,498,73,38,90,22
24,1000,40,5.13,10.3,18,37,5,943,27,16,14,57,7.55731486,96,113,10.01055471,9.282634879,6.886073948,8.225876168,475,9,10,5,24,468,18,6,9,33,499,501,66,47,71,25
21,1000,40,5.13,10.3,18,37,34,960,19,11,10,40,7.592672921,107,116,11.85385285,11.10808748,7.198023205,7.971846178,475,6,5,4,15,485,13,6,6,25,490,510,81,35,83,24
19,1000,40,5.13,10.3,18,37,38,955,25,9,11,45,7.773142897,128,123,11.81621294,11.65136014,7.754673603,7.790959054,472,12,1,6,19,483,13,8,5,26,491,509,80,43,113,15
18,1000,40,5.13,10.3,18,37,39,954,24,10,12,46,8.066251685,110,120,12.25270984,11.50536236,8.275739218,7.872878578,455,14,5,6,25,499,10,5,6,21,480,520,87,33,89,21
20,1000,40,5.13,10.3,18,37,35,958,28,8,6,42,7.734354155,111,139,11.9627003,11.6890475,7.461988852,7.981769964,455,13,3,5,21,503,15,5,1,21,476,524,101,38,96,15
23,1000,40,5.13,10.3,18,37,34,952,28,10,10,48,7.990640716,121,119,11.52275573,11.19782999,7.830391986,8.145842243,466,15,4,7,26,486,13,6,3,22,492,508,83,36,92,29
17,1000,40,5.13,10.3,18,37,40,953,23,13,11,47,7.941069886,130,127,11.6090763,10.95207206,7.762270919,8.128662244,493,10,7,2,19,460,13,6,9,28,512,488,81,46,116,14
22,1000,40,5.13,10.3,18,37,35,960,25,5,10,40,7.596577678,113,105,11.3902434,10.70317228,7.30506474,7.890432086,482,13,2,5,20,478,12,3,5,20,502,498,74,31,87,26
21,1000,40,5.13,10.3,18,37,35,958,21,12,9,42,7.607334359,122,120,11.97185274,11.23285061,7.265666351,7.935603622,473,8,6,3,17,485,13,6,6,25,490,510,81,39,98,24
24,1000,40,5.13,10.3,18,37,6,946,24,16,14,54,7.583141656,102,93,10.04061609,9.346054254,6.929955504,8.233720278,477,7,10,5,22,469,17,6,9,32,499,501,52,41,75,27
19,1000,40,5.13,10.3,18,37,39,954,26,9,11,46,7.824747762,131,115,11.9348534,11.78617503,7.825546327,7.823977438,471,13,1,6,20,483,13,8,5,26,491,509,79,36,105,26
18,1000,40,5.13,10.3,18,37,40,954,24,10,12,46,8.072498086,118,130,12.35218825,11.58697764,8.300425682,7.862103382,455,14,5,6,25,499,10,5,6,21,480,520,100,30,89,29
20,1000,40,5.13,10.3,18,37,36,960,27,7,6,40,7.711211621,127,136,12.09708,11.89002262,7.506689587,7.896998812,455,13,3,5,21,505,14,4,1,19,476,524,116,20,100,27
17,1000,40,5.13,10.3,18,37,41,953,22,14,11,47,7.932135095,106,131,11.74045084,11.06850462,7.760562869,8.1121453,493,10,7,2,19,460,12,7,9,28,512,488,94,37,92,14
23,1000,40,5.13,10.3,18,37,35,950,31,10,9,50,8.028949527,121,119,11.61239665,11.27676914,7.886783182,8.166638191,466,15,4,7,26,484,16,6,2,24,492,508,85,34,90,31
22,1000,40,5.13,10.3,18,37,36,959,26,5,10,41,7.647753033,125,133,11.43079031,10.78064651,7.347820796,7.950094364,482,13,2,5,20,477,13,3,5,21,502,498,92,41,98,27
21,1000,40,5.13,10.3,18,37,36,957,23,11,9,43,7.6134444,114,120,12.03644221,11.31650649,7.322837438,7.892655011,471,10,6,3,19,486,13,5,6,24,490,510,89,31,93,21
19,1000,40,5.13,10.3,18,37,40,955,26,9,10,45,7.810770217,122,123,12.03970998,11.8723695,7.823803175,7.79819815,471,13,1,6,20,484,13,8,4,25,491,509,86,37,95,27
24,1000,40,5.13,10.3,18,37,7,945,24,17,14,55,7.610746535,96,100,10.0802406,9.400860116,6.963092354,8.255815269,476,8,10,5,23,469,16,7,9,32,499,501,54,46,67,29
18,1000,40,5.13,10.3,18,37,41,954,24,10,12,46,8.088990822,113,162,12.46440641,11.70295504,8.293411975,7.900294372,455,14,5,6,25,499,10,5,6,21,480,520,121,41,96,17
20,1000,40,5.13,10.3,18,37,37,960,26,8,6,40,7.725553695,138,132,12.2117186,12.01124027,7.531578392,7.901760268,455,13,3,5,21,505,13,5,1,19,476,524,100,32,121,17
17,1000,40,5.13,10.3,18,37,42,953,22,14,11,47,7.940227726,124,126,11.81359618,11.16851838,7.757620585,8.131815546,493,10,7,2,19,460,12,7,9,28,512,488,92,34,99,25
23,1000,40,5.13,10.3,18,37,36,949,33,9,9,51,8.034190494,129,117,11.69164099,11.36888759,7.903797633,8.160476493,465,16,4,7,27,484,17,5,2,24,492,508,85,32,103,26
22,1000,40,5.13,10.3,18,37,37,961,25,5,9,39,7.62646899,122,119,11.5030547,10.86915435,7.372165933,7.882814642,483,12,2,5,19,478,13,3,4,20,502,498,78,41,93,29
21,1000,40,5.13,10.3,18,37,37,958,22,11,9,42,7.592748585,108,131,12.08204895,11.3693795,7.329361564,7.845806703,471,10,6,3,19,487,12,5,6,23,490,510,94,37,89,19
19,1000,40,5.13,10.3,18,37,41,955,26,9,10,45,7.836396062,116,130,12.16250153,11.98581175,7.851834936,7.82150316,471,13,1,6,20,484,13,8,4,25,491,509,93,37,85,31
18,1000,40,5.13,10.3,18,37,42,953,26,9,12,47,8.122630176,121,134,12.56923843,11.86188738,8.293265029,7.965121081,454,15,5,6,26,499,11,4,6,21,480,520,96,38,104,17
24,1000,40,5.13,10.3,18,37,8,946,23,17,14,54,7.611558223,100,117,10.08498878,9.421777555,6.961606852,8.258914978,477,7,10,5,22,469,16,7,9,32,499,501,79,38,68,32
20,1000,40,5.13,10.3,18,37,38,959,27,8,6,41,7.756024342,124,127,12.36577187,12.15912529,7.579980049,7.915942441,455,13,3,5,21,504,14,5,1,20,476,524,84,43,109,15
17,1000,40,5.13,10.3,18,37,43,952,23,13,12,48,7.995139382,116,113,11.85404704,11.24025702,7.824777066,8.173880172,492,11,7,2,20,460,12,6,10,28,512,488,82,31,93,23
23,1000,40,5.13,10.3,18,37,37,949,32,10,9,51,8.070958799,122,114,11.78302983,11.45501394,7.97012815,8.16861368,465,16,4,7,27,484,16,6,2,24,492,508,89,25,90,32
22,1000,40,5.13,10.3,18,37,38,961,26,6,7,39,7.624253322,99,105,11.54418085,10.91127039,7.377500738,7.872987856,484,12,2,4,18,477,14,4,3,21,502,498,71,34,82,17
21,1000,40,5.13,10.3,18,37,38,959,21,11,9,41,7.619256295,113,115,12.16252691,11.43185399,7.367359858,7.861274441,471,10,6,3,19,488,11,5,6,22,490,510,86,29,96,17
19,1000,40,5.13,10.3,18,37,42,956,26,8,10,44,7.840491397,132,143,12.23132067,12.11549724,7.885637651,7.796941672,471,13,1,6,20,485,13,7,4,24,491,509,109,34,110,22
18,1000,40,5.13,10.3,18,37,43,955,25,9,11,45,8.138983161,133,119,12.71333582,11.99839384,8.335943419,7.957173693,454,15,5,6,26,501,10,4,5,19,480,520,96,23,111,22
20,1000,40,5.13,10.3,18,37,39,959,27,7,7,41,7.759184308,131,144,12.45342514,12.24755052,7.587371856,7.915258215,455,13,3,5,21,504,14,4,2,20,476,524,112,32,105,26
24,1000,40,5.13,10.3,18,37,9,946,23,17,14,54,7.655042436,107,116,10.07402499,9.44831297,7.029991921,8.27759774,476,8,10,5,23,470,15,7,9,31,499,501,77,39,76,31
17,1000,40,5.13,10.3,18,37,44,953,23,12,12,47,8.025328033,109,116,11.91232476,11.34510817,7.876307145,8.181677818,493,11,6,2,19,460,12,6,10,28,512,488,85,31,85,24
23,1000,40,5.13,10.3,18,37,38,949,32,10,9,51,8.077134783,145,137,11.8839234,11.59182166,8.005620705,8.146396448,465,16,4,7,27,484,16,6,2,24,492,508,102,35,112,33
22,1000,40,5.13,10.3,18,37,39,962,24,7,7,38,7.672791464,106,128,11.61075219,10.97685754,7.424044231,7.923536667,485,11,2,4,17,477,13,5,3,21,502,498,91,37,85,21
21,1000,40,5.13,10.3,18,37,39,959,22,11,8,41,7.603259476,135,131,12.286294,11.58676279,7.364826894,7.832341761,471,10,6,3,19,488,12,5,5,22,490,510,99,32,110,25
19,1000,40,5.13,10.3,18,37,43,956,26,9,9,44,7.899247006,150,142,12.318044,12.25755512,7.923160108,7.876179554,471,12,2,6,20,485,14,7,3,24,491,509,107,35,123,27
18,1000,40,5.13,10.3,18,37,44,955,25,9,11,45,8.160663501,126,150,12.84838467,12.1191107,8.376592109,7.961344785,454,15,5,6,26,501,10,4,5,19,480,520,113,37,100,26
20,1000,40,5.13,10.3,18,37,40,960,26,7,7,40,7.732372731,139,130,12.54967563,12.35276361,7.62616114,7.828855016,455,13,3,5,21,505,13,4,2,19,476,524,101,29,118,21
17,1000,40,5.13,10.3,18,37,45,950,26,12,12,50,8.066398604,109,129,11.98589251,11.40741364,7.967456888,8.170206305,491,13,6,2,21,459,13,6,10,29,512,488,100,29,96,13
23,1000,40,5.13,10.3,18,37,39,949,31,11,9,51,8.097172897,123,114,11.97293045,11.71334286,8.04498375,8.147718292,465,15,5,7,27,484,16,6,2,24,492,508,84,30,104,19
24,1000,40,5.13,10.3,18,37,10,946,24,17,13,54,7.707387609,91,97,10.09472172,9.497137624,7.140166419,8.272344443,476,8,10,5,23,470,16,7,8,31,499,501,58,39,64,27
22,1000,40,5.13,10.3,18,37,40,962,24,7,7,38,7.674139317,129,132,11.69001173,11.05787705,7.427767711,7.922489812,485,11,2,4,17,477,13,5,3,21,502,498,94,38,99,30
21,1000,40,5.13,10.3,18,37,40,958,23,11,8,42,7.634659921,87,118,12.37889313,11.66248836,7.399402927,7.860691151,471,10,6,3,19,487,13,5,5,23,490,510,78,40,74,13
19,1000,40,5.13,10.3,18,37,44,956,28,8,8,44,7.899906914,134,129,12.43337062,12.39805462,7.958113417,7.843758794,471,12,2,6,20,485,16,6,2,24,491,509,94,35,119,15
18,1000,40,5.13,10.3,18,37,45,953,27,9,11,47,8.179740494,120,136,12.9635457,12.20824597,8.408842453,7.968261762,452,17,5,6,28,501,10,4,5,19,480,520,104,32,99,21
20,1000,40,5.13,10.3,18,37,41,961,26,7,6,39,7.739598505,130,130,12.70859786,12.54231966,7.686414239,7.78791093,455,13,3,5,21,506,13,4,1,18,476,524,99,31,104,26
17,1000,40,5.13,10.3,18,37,46,950,27,12,11,50,8.063013813,121,117,12.09004821,11.49724441,7.958024008,8.173167052,492,13,5,2,20,458,14,7,9,30,512,488,94,23,97,24
23,1000,40,5.13,10.3,18,37,40,950,31,10,9,50,8.090688978,130,131,12.1119295,11.84443519,8.062085635,8.118391428,465,15,5,7,27,485,16,5,2,23,492,508,94,37,107,23
22,1000,40,5.13,10.3,18,37,41,961,25,8,6,39,7.683594633,113,109,11.74598924,11.15654676,7.45226816,7.916779151,484,12,2,4,18,477,13,6,2,21,502,498,73,36,95,18
24,1000,40,5.13,10.3,18,37,11,946,24,17,13,54,7.741155158,97,108,10.12598986,9.542799357,7.16183099,8.318166655,475,9,10,5,24,471,15,7,8,30,499,501,67,41,69,28
21,1000,40,5.13,10.3,18,37,41,960,21,11,8,40,7.661654984,124,144,12.4390953,11.75291325,7.447571424,7.867343109,472,9,6,3,18,488,12,5,5,22,490,510,98,46,110,14
19,1000,40,5.13,10.3,18,37,45,959,28,6,7,41,7.886931319,142,134,12.50820373,12.56850482,7.990206977,7.787307845,471,12,2,6,20,488,16,4,1,21,491,509,105,29,113,29
18,1000,40,5.13,10.3,18,37,46,953,26,9,12,47,8.231335358,134,142,13.09103226,12.3376957,8.46045962,8.019836039,452,17,5,6,28,501,9,4,6,19,480,520,105,37,119,15
20,1000,40,5.13,10.3,18,37,42,962,25,7,6,38,7.715041698,125,122,12.90975503,12.73343475,7.682729491,7.744394008,456,12,3,5,20,506,13,4,1,18,476,524,93,29,104,21
17,1000,40,5.13,10.3,18,37,47,951,25,13,11,49,8.093172952,125,133,12.19143918,11.57166276,7.990046513,8.201371183,493,12,5,2,19,458,13,8,9,30,512,488,94,39,106,19
22,1000,40,5.13,10.3,18,37,42,962,25,7,6,38,7.709745138,107,128,11.80045582,11.22673455,7.495447837,7.925763703,484,12,2,4,18,478,13,5,2,20,502,498,91,37,85,22
23,1000,40,5.13,10.3,18,37,41,950,31,10,9,50,8.12210674,135,117,12.23189539,11.9893478,8.124576837,8.119714441,465,15,5,7,27,485,16,5,2,23,492,508,90,27,112,23
21,1000,40,5.13,10.3,18,37,42,963,19,10,8,37,7.682423252,125,137,12.53121772,11.88781229,7.503305873,7.85451642,473,9,5,3,17,490,10,5,5,20,490,510,114,23,110,15
24,1000,40,5.13,10.3,18,37,12,947,23,17,13,53,7.749899791,88,98,10.16387276,9.585011905,7.207809455,8.289826094,475,9,10,5,24,472,14,7,8,29,499,501,63,35,70,18
19,1000,40,5.13,10.3,18,37,46,958,29,6,7,42,7.887576221,133,116,12.64751959,12.73367673,8.019248778,7.760560061,470,13,2,6,21,488,16,4,1,21,491,509,92,24,118,15
18,1000,40,5.13,10.3,18,37,47,954,25,9,12,46,8.232237637,128,133,13.21317444,12.44655732,8.488745533,7.995461118,452,17,5,6,28,502,8,4,6,18,480,520,101,32,111,17
17,1000,40,5.13,10.3,18,37,48,952,24,13,11,48,8.077360533,111,134,12.29640707,11.67235804,7.977298071,8.1823441,493,12,5,2,19,459,12,8,9,29,512,488,100,34,94,17
20,1000,40,5.13,10.3,18,37,43,963,24,7,6,37,7.733206606,144,122,13.03040592,12.88965512,7.695391457,7.767557772,456,12,3,5,20,507,12,4,1,17,476,524,93,29,111,33
22,1000,40,5.13,10.3,18,37,43,962,25,7,6,38,7.768790207,117,127,11.92576426,11.34166865,7.576435652,7.962689779,484,12,2,4,18,478,13,5,2,20,502,498,89,38,97,20
23,1000,40,5.13,10.3,18,37,42,950,31,10,9,50,8.130824002,124,127,12.35034245,12.13115539,8.163506356,8.099171015,465,15,5,7,27,485,16,5,2,23,492,508,100,27,108,16
21,1000,40,5.13,10.3,18,37,43,961,21,10,8,39,7.678687463,123,135,12.73762269,12.11642785,7.532560203,7.819084241,472,10,5,3,18,489,11,5,5,21,490,510,106,29,103,20
19,1000,40,5.13,10.3,18,37,47,957,31,5,7,43,7.902888129,146,146,12.7720522,12.8615454,8.043856895,7.766904505,470,14,1,6,21,487,17,4,1,22,491,509,110,36,122,24
24,1000,40,5.13,10.3,18,37,13,946,25,15,14,54,7.755631782,105,99,10.19637401,9.601761252,7.246253355,8.262976762,473,11,9,6,26,473,14,6,8,28,499,501,61,38,66,39
18,1000,40,5.13,10.3,18,37,48,954,25,9,12,46,8.246116507,132,132,13.31159292,12.56805467,8.518190321,7.994971448,452,17,5,6,28,502,8,4,6,18,480,520,99,33,108,24
17,1000,40,5.13,10.3,18,37,49,953,24,13,10,47,8.058242658,127,121,12.36786163,11.74330283,7.983466007,8.13669685,493,12,5,2,19,460,12,8,8,28,512,488,97,24,108,19
20,1000,40,5.13,10.3,18,37,44,963,25,6,6,37,7.736231993,119,113,13.15159702,13.05907629,7.738972649,7.733742389,455,13,3,5,21,508,12,3,1,16,476,524,93,20,100,19
22,1000,40,5.13,10.3,18,37,44,965,24,5,6,35,7.761101903,113,127,11.97243347,11.41066893,7.619849146,7.90348922,484,12,2,4,18,481,12,3,2,17,502,498,94,33,97,16
23,1000,40,5.13,10.3,18,37,43,949,32,10,9,51,8.144492709,121,125,12.40977133,12.20573654,8.208403252,8.082595097,464,16,5,7,28,485,16,5,2,23,492,508,100,25,92,29
21,1000,40,5.13,10.3,18,37,44,960,22,11,7,40,7.679470461,129,140,12.86649885,12.22024949,7.575468041,7.779394355,471,11,5,3,19,489,11,6,4,21,490,510,109,31,110,19
19,1000,40,5.13,10.3,18,37,48,956,33,4,7,44,7.911310139,133,128,12.88568538,13.03012219,8.066509013,7.761599634,470,15,0,6,21,486,18,4,1,23,491,509,98,30,112,21
18,1000,40,5.13,10.3,18,37,49,955,24,9,12,45,8.238874322,132,131,13.4419194,12.70786042,8.58912845,7.915562819,452,17,5,6,28,503,7,4,6,17,480,520,98,33,113,19
24,1000,40,5.13,10.3,18,37,14,948,24,15,13,52,7.766064873,104,114,10.22977463,9.646898948,7.265866076,8.264266868,474,10,9,6,25,474,14,6,7,27,499,501,70,44,77,27
17,1000,40,5.13,10.3,18,37,50,952,25,13,10,48,8.085092284,125,139,12.42582222,11.83736048,8.053563464,8.118171702,492,13,5,2,20,460,12,8,8,28,512,488,108,31,108,17
20,1000,40,5.13,10.3,18,37,45,963,25,5,7,37,7.761815493,130,131,13.29366554,13.20768571,7.80539728,7.722225931,454,14,2,6,22,509,11,3,1,15,476,524,117,14,103,27
22,1000,40,5.13,10.3,18,37,45,965,24,5,6,35,7.779505149,119,129,12.07015469,11.53527257,7.645148368,7.914941101,484,12,2,4,18,481,12,3,2,17,502,498,95,34,92,27
23,1000,40,5.13,10.3,18,37,44,948,33,10,9,52,8.16923252,127,126,12.51675291,12.31045721,8.242466261,8.098305352,464,16,5,7,28,484,17,5,2,24,492,508,95,31,100,27
21,1000,40,5.13,10.3,18,37,45,959,22,12,7,41,7.696618348,125,120,12.98805769,12.35573176,7.590918723,7.79817289,472,10,5,3,18,487,12,7,4,23,490,510,95,25,102,23
19,1000,40,5.13,10.3,18,37,49,958,31,4,7,42,7.907497647,154,136,13.03550213,13.21087346,8.101088536,7.720752802,470,15,0,6,21,488,16,4,1,21,491,509,105,31,128,26
18,1000,40,5.13,10.3,18,37,50,954,25,9,12,46,8.251315771,144,153,13.60658752,12.90630174,8.626178177,7.905288934,452,17,5,6,28,502,8,4,6,18,480,520,121,32,122,22
17,1000,40,5.13,10.3,18,37,51,953,25,13,9,47,8.079413573,121,120,12.56688093,11.97114815,8.118512601,8.038391641,492,13,5,2,20,461,12,8,7,27,512,488,88,32,102,19
20,1000,40,5.13,10.3,18,37,46,961,27,4,8,39,7.812794252,136,137,13.49627536,13.39643751,7.883154819,7.748878929,452,16,1,7,24,509,11,3,1,15,476,524,108,29,115,21
24,1000,40,5.13,10.3,18,37,15,949,25,14,12,51,7.750337562,109,98,10.27671965,9.669450639,7.246804279,8.251860734,474,11,9,5,25,475,14,5,7,26,499,501,64,34,73,36
22,1000,40,5.13,10.3,18,37,46,964,25,5,6,36,7.778877286,112,122,12.16047182,11.62959122,7.645845521,7.91297758,484,12,2,4,18,480,13,3,2,18,502,498,94,28,99,13
23,1000,40,5.13,10.3,18,37,45,950,30,11,9,50,8.171363091,130,119,12.59253793,12.38044119,8.316316629,8.030975019,464,16,5,7,28,486,14,6,2,22,492,508,93,26,105,25
21,1000,40,5.13,10.3,18,37,46,959,22,12,7,41,7.71954228,130,140,13.0923775,12.49401071,7.660195325,7.776561904,472,10,5,3,18,487,12,7,4,23,490,510,108,32,105,25
19,1000,40,5.13,10.3,18,37,50,959,29,5,7,41,7.920045385,136,133,13.13183471,13.3258508,8.120893363,7.726300086,471,13,1,6,20,488,16,4,1,21,491,509,96,37,115,21
18,1000,40,5.13,10.3,18,37,51,952,26,10,12,48,8.255879124,138,122,13.77777552,13.10512413,8.681454082,7.863040702,450,19,5,6,30,502,7,5,6,18,480,520,92,30,119,19
17,1000,40,5.13,10.3,18,37,52,953,24,14,9,47,8.119326809,99,141,12.66374652,12.08805601,8.152166979,8.08487155,492,12,6,2,20,461,12,8,7,27,512,488,101,40,83,16
20,1000,40,5.13,10.3,18,37,47,959,27,6,8,41,7.835330725,135,148,13.67394606,13.55687543,7.938795347,7.741343778,451,16,2,7,25,508,11,4,1,16,476,524,118,30,111,24
22,1000,40,5.13,10.3,18,37,47,964,25,5,6,36,7.80767096,123,130,12.23321744,11.71679723,7.704506217,7.911664336,484,12,2,4,18,480,13,3,2,18,502,498,96,34,101,22
24,1000,40,5.13,10.3,18,37,16,949,25,13,13,51,7.775005872,98,105,10.32488291,9.717216224,7.279695437,8.268339019,474,11,9,5,25,475,14,4,8,26,499,501,62,43,71,27
23,1000,40,5.13,10.3,18,37,46,951,29,11,9,49,8.191577153,157,132,12.75949199,12.54642519,8.343764685,8.044182929,464,16,5,7,28,487,13,6,2,21,492,508,105,27,127,30
21,1000,40,5.13,10.3,18,37,47,958,20,15,7,42,7.729572337,124,156,13.19585005,12.6254751,7.708976362,7.749360627,472,9,6,3,18,486,11,9,4,24,490,510,123,33,103,21
19,1000,40,5.13,10.3,18,37,51,959,29,5,7,41,7.907973044,144,125,13.22053753,13.44994258,8.164573347,7.660447015,470,14,1,6,21,489,15,4,1,20,491,509,95,30,123,21
18,1000,40,5.13,10.3,18,37,52,952,25,11,12,48,8.276619912,137,137,13.9305796,13.2755891,8.795715613,7.797454649,450,18,6,6,30,502,7,5,6,18,480,520,110,27,124,13
17,1000,40,5.13,10.3,18,37,53,953,25,14,8,47,8.158079885,141,119,12.77752314,12.22626312,8.190948686,8.123594586,492,12,6,2,20,461,13,8,6,27,512,488,93,26,112,29
20,1000,40,5.13,10.3,18,37,48,958,29,5,8,42,7.842227635,168,153,13.83668776,13.72483673,8.015717281,7.68463017,449,18,2,7,27,509,11,3,1,15,476,524,117,36,138,30
22,1000,40,5.13,10.3,18,37,48,963,26,5,6,37,7.801568174,138,136,12.30311239,11.80216809,7.71559231,7.888234606,484,12,2,4,18,479,14,3,2,19,502,498,97,39,120,18
23,1000,40,5.13,10.3,18,37,47,951,28,12,9,49,8.201719953,128,138,12.90832805,12.69533047,8.398723739,8.010921011,464,15,6,7,28,487,13,6,2,21,492,508,113,25,108,20
24,1000,40,5.13,10.3,18,37,17,949,25,13,13,51,7.808765367,108,114,10.34484064,9.75735784,7.312441526,8.303107876,474,11,9,5,25,475,14,4,8,26,499,501,75,39,83,25
21,1000,40,5.13,10.3,18,37,48,958,20,15,7,42,7.756293923,127,128,13.35817575,12.8184411,7.735897058,7.77589091,472,9,6,3,18,486,11,9,4,24,490,510,99,29,105,22
19,1000,40,5.13,10.3,18,37,52,959,29,5,7,41,7.928105533,136,115,13.37549516,13.62666132,8.145658601,7.718245894,470,14,1,6,21,489,15,4,1,20,491,509,87,28,115,21
18,1000,40,5.13,10.3,18,37,53,950,27,11,12,50,8.290895255,140,146,14.12607037,13.44195109,8.841396649,7.782740121,448,20,6,6,32,502,7,5,6,18,480,520,120,26,116,24
17,1000,40,5.13,10.3,18,37,54,952,26,13,9,48,8.196004675,114,145,12.84564627,12.32882233,8.266775959,8.121752836,490,14,5,3,22,462,12,8,6,26,512,488,109,36,99,15
20,1000,40,5.13,10.3,18,37,49,959,27,6,8,41,7.843551644,151,157,13.92149508,13.84642958,8.061998077,7.645115571,449,18,2,7,27,510,9,4,1,14,476,524,116,41,133,18
22,1000,40,5.13,10.3,18,37,49,964,25,5,6,36,7.810198933,118,109,12.37404005,11.88646333,7.765753127,7.855001734,484,12,2,4,18,480,13,3,2,18,502,498,87,22,101,17
23,1000,40,5.13,10.3,18,37,48,951,29,10,10,49,8.236042405,120,148,13.07114998,12.85952815,8.501448184,7.978995863,463,16,5,8,29,488,13,5,2,20,492,508,117,31,108,12
24,1000,40,5.13,10.3,18,37,18,951,23,13,13,49,7.79548873,97,115,10.32411244,9.767336864,7.319442189,8.269634886,474,11,9,5,25,477,12,4,8,24,499,501,75,40,68,29
21,1000,40,5.13,10.3,18,37,49,958,20,14,8,42,7.768168083,130,138,13.51843423,12.98930485,7.746123428,7.789348242,472,9,6,3,18,486,11,8,5,24,490,510,114,24,116,14
19,1000,40,5.13,10.3,18,37,53,959,29,4,8,41,7.930959173,134,145,13.50908741,13.77559696,8.166587016,7.703663946,470,14,1,6,21,489,15,3,2,20,491,509,115,30,116,18
18,1000,40,5.13,10.3,18,37,54,950,27,11,12,50,8.316839921,144,157,14.29541998,13.62765927,8.871420458,7.804919425,448,20,6,6,32,502,7,5,6,18,480,520,124,33,121,23
17,1000,40,5.13,10.3,18,37,55,951,26,14,9,49,8.233143189,127,143,13.02679102,12.52501555,8.337756885,8.123384556,490,14,5,3,22,461,12,9,6,27,512,488,113,30,100,27
20,1000,40,5.13,10.3,18,37,50,959,26,7,8,41,7.87727048,133,145,14.08216311,13.99256466,8.12508287,7.652158462,449,17,3,7,27,510,9,4,1,14,476,524,119,26,109,24
22,1000,40,5.13,10.3,18,37,50,961,28,5,6,39,7.824252463,117,122,12.46190496,12.01887746,7.793132371,7.855622517,483,13,2,4,19,478,15,3,2,20,502,498,85,37,102,15
23,1000,40,5.13,10.3,18,37,49,951,29,9,11,49,8.247683908,123,136,13.23930827,13.06684109,8.528128486,7.97607223,463,16,5,8,29,488,13,4,3,20,492,508,108,28,100,23
21,1000,40,5.13,10.3,18,37,50,959,19,14,8,41,7.794440201,139,153,13.68804048,13.157725,7.804395721,7.784875093,472,8,7,3,18,487,11,7,5,23,490,510,125,28,115,24
19,1000,40,5.13,10.3,18,37,54,960,28,3,9,40,7.959512621,144,151,13.64883406,13.96534976,8.258394147,7.671200578,470,14,0,7,21,490,14,3,2,19,491,509,123,28,118,26
18,1000,40,5.13,10.3,18,37,55,950,27,11,12,50,8.338106593,141,148,14.45262463,13.82090348,8.937270726,7.785032009,448,20,6,6,32,502,7,5,6,18,480,520,118,30,127,14
24,1000,40,5.13,10.3,18,37,19,950,24,13,13,50,7.84065378,111,93,10.34490355,9.803859537,7.338611829,8.34069157,474,11,9,5,25,476,13,4,8,25,499,501,63,30,78,33
17,1000,40,5.13,10.3,18,37,56,953,25,13,9,47,8.239449553,133,141,13.11085974,12.62113988,8.384210171,8.087569561,490,14,5,3,22,463,11,8,6,25,512,488,111,30,115,18
20,1000,40,5.13,10.3,18,37,51,960,25,7,8,40,7.884770907,148,145,14.27215799,14.18077032,8.153042112,7.641074164,449,17,3,7,27,511,8,4,1,13,476,524,118,27,133,15
22,1000,40,5.13,10.3,18,37,51,961,27,6,6,39,7.853994032,121,127,12.6023486,12.1353885,7.839942615,7.868158313,483,13,2,4,19,478,14,4,2,20,502,498,94,33,103,18
23,1000,40,5.13,10.3,18,37,50,950,30,9,11,50,8.268444245,134,152,13.41624936,13.32076525,8.58003768,7.966664776,463,16,5,8,29,487,14,4,3,21,492,508,119,33,104,30
21,1000,40,5.13,10.3,18,37,51,958,21,13,8,42,7.802000383,139,139,13.80152918,13.28734438,7.859922242,7.74634997,472,8,7,3,18,486,13,6,5,24,490,510,106,33,120,19
19,1000,40,5.13,10.3,18,37,55,960,29,3,8,40,7.966754601,159,160,13.83309143,14.1428107,8.286890579,7.657939738,471,14,0,6,20,489,15,3,2,20,491,509,132,28,138,21
18,1000,40,5.13,10.3,18,37,56,948,29,11,12,52,8.405622125,133,147,14.62308838,13.99508914,8.9829882,7.872668826,446,22,6,6,34,502,7,5,6,18,480,520,117,30,117,16
17,1000,40,5.13,10.3,18,37,57,953,25,13,9,47,8.25474753,119,150,13.23988479,12.77019903,8.392978294,8.109718531,490,14,5,3,22,463,11,8,6,25,512,488,115,35,104,15
24,1000,40,5.13,10.3,18,37,20,950,24,13,13,50,7.874478377,113,99,10.37238562,9.844157713,7.365307683,8.381616453,474,11,9,5,25,476,13,4,8,25,499,501,59,40,77,36
20,1000,40,5.13,10.3,18,37,52,960,25,7,8,40,7.893373198,150,158,14.42212109,14.34107276,8.251603585,7.567957808,448,18,3,7,28,512,7,4,1,12,476,524,131,27,134,16
22,1000,40,5.13,10.3,18,37,52,961,27,6,6,39,7.861597812,125,128,12.72483324,12.26458846,7.847210298,7.876100888,483,13,2,4,19,478,14,4,2,20,502,498,100,28,97,28
23,1000,40,5.13,10.3,18,37,51,950,30,9,11,50,8.259570033,145,154,13.63141096,13.60705353,8.572748493,7.956255461,463,16,5,8,29,487,14,4,3,21,492,508,124,30,118,27
21,1000,40,5.13,10.3,18,37,52,959,20,12,9,41,7.825747148,142,153,13.96570519,13.43005481,7.884657555,7.769146953,472,8,7,3,18,487,12,5,6,23,490,510,118,35,119,23
19,1000,40,5.13,10.3,18,37,56,959,30,3,8,41,7.973364749,146,160,13.98340997,14.32041293,8.332703925,7.626733049,468,17,0,6,23,491,13,3,2,18,491,509,125,35,132,14
18,1000,40,5.13,10.3,18,37,57,948,28,12,12,52,8.422463535,136,135,14.83949613,14.21424342,9.038423569,7.853885042,446,21,7,6,34,502,7,5,6,18,480,520,106,29,128,8
17,1000,40,5.13,10.3,18,37,58,954,25,12,9,46,8.261274332,144,147,13.36074502,12.91404762,8.442164674,8.071487744,490,14,5,3,22,464,11,7,6,24,512,488,120,27,114,30
20,1000,40,5.13,10.3,18,37,53,960,25,7,8,40,7.912840962,160,158,14.59230852,14.53389333,8.290115639,7.570125797,448,18,3,7,28,512,7,4,1,12,476,524,125,33,137,23
24,1000,40,5.13,10.3,18,37,21,949,25,13,13,51,7.931933599,109,103,10.43271992,9.898318387,7.449931426,8.412011612,474,11,9,5,25,475,14,4,8,26,499,501,72,31,80,29
22,1000,40,5.13,10.3,18,37,53,964,25,5,6,36,7.841490973,136,134,12.84853426,12.40817108,7.888600642,7.794002913,483,13,2,4,19,481,12,3,2,17,502,498,101,33,110,26
23,1000,40,5.13,10.3,18,37,52,950,30,9,11,50,8.251312758,141,143,13.86538341,13.87503367,8.596214876,7.917273698,463,16,5,8,29,487,14,4,3,21,492,508,113,30,117,24
19,1000,40,5.13,10.3,18,37,57,957,31,4,8,43,8.011876111,161,146,14.1671422,14.50270012,8.412527093,7.625393533,466,18,1,6,25,491,13,3,2,18,491,509,117,29,138,23
21,1000,40,5.13,10.3,18,37,53,959,19,13,9,41,7.855891904,140,145,14.09433195,13.57637506,7.931813421,7.782947701,472,8,7,3,18,487,11,6,6,23,490,510,114,31,126,14
18,1000,40,5.13,10.3,18,37,58,948,28,12,12,52,8.411453395,161,139,15.06221691,14.42401402,9.099427912,7.776399996,446,21,7,6,34,502,7,5,6,18,480,520,122,17,140,21
17,1000,40,5.13,10.3,18,37,59,955,24,13,8,45,8.273918937,128,139,13.46179463,13.05728852,8.506825983,8.029557447,490,14,5,3,22,465,10,8,5,23,512,488,106,33,108,20
20,1000,40,5.13,10.3,18,37,54,960,26,6,8,40,7.921353147,150,150,14.75292816,14.6911385,8.334397473,7.546144943,447,19,3,7,29,513,7,3,1,11,476,524,113,37,129,21
22,1000,40,5.13,10.3,18,37,54,962,27,6,5,38,7.837115193,140,128,12.97526519,12.55695693,7.931325443,7.742148233,480,15,3,4,22,482,12,3,1,16,502,498,104,24,114,26
24,1000,40,5.13,10.3,18,37,22,948,26,13,13,52,7.946585738,97,116,10.49375798,9.975456866,7.479481009,8.411825777,473,12,9,5,26,475,14,4,8,26,499,501,84,32,73,24
23,1000,40,5.13,10.3,18,37,53,951,29,9,11,49,8.26613028,135,141,14.12795127,14.12709521,8.658781737,7.885845797,463,16,5,8,29,488,13,4,3,20,492,508,111,30,122,13
19,1000,40,5.13,10.3,18,37,58,958,31,3,8,42,8.019176399,146,143,14.39336662,14.79418911,8.468010561,7.586214565,465,19,1,6,26,493,12,2,2,16,491,509,120,23,126,20
21,1000,40,5.13,10.3,18,37,54,959,19,13,9,41,7.868588064,151,150,14.28745526,13.75539358,7.979235106,7.762280122,472,8,7,3,18,487,11,6,6,23,490,510,114,36,127,24
18,1000,40,5.13,10.3,18,37,59,948,28,12,12,52,8.452310517,154,153,15.26687392,14.61137967,9.138369874,7.819024956,446,21,7,6,34,502,7,5,6,18,480,520,132,21,135,19
17,1000,40,5.13,10.3,18,37,60,953,25,14,8,47,8.285023601,140,161,13.61355128,13.21875012,8.535331465,8.022405516,488,15,6,3,24,465,10,8,5,23,512,488,117,44,118,22
20,1000,40,5.13,10.3,18,37,55,960,25,7,8,40,7.929424486,152,142,14.98300165,14.960829,8.371666535,7.52769316,447,18,4,7,29,513,7,3,1,11,476,524,116,26,123,29
22,1000,40,5.13,10.3,18,37,55,960,28,6,6,40,7.854879389,121,129,13.11124932,12.68203589,7.947661965,7.761351571,479,15,3,5,23,481,13,3,1,17,502,498,102,27,107,14
23,1000,40,5.13,10.3,18,37,54,947,33,9,11,53,8.292587929,127,142,14.36307568,14.39817247,8.703231885,7.894877641,460,19,5,8,32,487,14,4,3,21,492,508,110,32,106,21
24,1000,40,5.13,10.3,18,37,23,949,25,13,13,51,7.967930394,98,121,10.54143517,10.03937336,7.557169897,8.37705113,473,12,9,5,26,476,13,4,8,25,499,501,72,49,73,25
19,1000,40,5.13,10.3,18,37,59,959,30,3,8,41,8.021717329,147,156,14.59245998,15.00902752,8.5388937,7.522830102,464,20,1,6,27,495,10,2,2,14,491,509,127,29,127,20
21,1000,40,5.13,10.3,18,37,55,959,21,12,8,41,7.854292574,129,148,14.45077038,13.9334597,8.014620313,7.700252198,472,8,7,3,18,487,13,5,5,23,490,510,117,31,114,15
18,1000,40,5.13,10.3,18,37,60,948,28,11,13,52,8.460808279,148,158,15.48926039,14.8076056,9.167982082,7.808032461,446,21,7,6,34,502,7,4,7,18,480,520,137,21,135,13
17,1000,40,5.13,10.3,18,37,61,951,27,14,8,49,8.333251758,143,152,13.76146449,13.40457443,8.617048154,8.035498163,486,17,6,3,26,465,10,8,5,23,512,488,126,26,121,22
20,1000,40,5.13,10.3,18,37,56,960,25,7,8,40,7.932573486,155,153,15.15134159,15.15975702,8.3893609,7.517629194,447,18,4,7,29,513,7,3,1,11,476,524,124,29,136,19
22,1000,40,5.13,10.3,18,37,56,959,29,6,6,41,7.870070641,137,149,13.26846122,12.85404161,7.960520904,7.778893869,479,15,3,5,23,480,14,3,1,18,502,498,111,38,114,23
23,1000,40,5.13,10.3,18,37,55,946,34,9,11,54,8.297645152,151,138,14.74076841,14.78031708,8.743748186,7.865592608,459,20,5,8,33,487,14,4,3,21,492,508,109,29,134,17
24,1000,40,5.13,10.3,18,37,24,949,26,13,12,51,7.962856005,113,103,10.56351269,10.10761871,7.559417731,8.364683747,472,13,10,4,27,477,13,3,8,24,499,501,64,39,81,32
19,1000,40,5.13,10.3,18,37,60,958,31,3,8,42,8.044512981,165,153,14.76442238,15.23822725,8.598740848,7.509884529,464,20,1,6,27,494,11,2,2,15,491,509,124,29,143,22
21,1000,40,5.13,10.3,18,37,56,958,24,12,6,42,7.832716599,133,151,14.57150181,14.05530351,8.027662671,7.645415471,472,9,7,2,18,486,15,5,4,24,490,510,132,19,115,18
18,1000,40,5.13,10.3,18,37,61,947,29,11,13,53,8.426922035,162,160,15.89722577,15.1809218,9.167944704,7.74290111,446,21,7,6,34,501,8,4,7,19,480,520,134,26,147,15
17,1000,40,5.13,10.3,18,37,62,951,27,14,8,49,8.355026206,150,154,13.89399553,13.5733006,8.6493954,8.046179839,486,17,6,3,26,465,10,8,5,23,512,488,123,31,131,19
20,1000,40,5.13,10.3,18,37,57,959,26,7,8,41,7.969190211,154,166,15.36741501,15.40807914,8.461944776,7.521573468,447,18,4,7,29,512,8,3,1,12,476,524,138,28,140,14
22,1000,40,5.13,10.3,18,37,57,959,29,6,6,41,7.856041844,142,129,13.40679561,13.00415126,7.986375271,7.724661563,479,15,3,5,23,480,14,3,1,18,502,498,108,21,118,24
23,1000,40,5.13,10.3,18,37,56,947,35,8,10,53,8.289327607,119,169,15.16978999,15.28455737,8.797552226,7.797110062,459,20,5,8,33,488,15,3,2,20,492,508,137,32,107,12
19,1000,40,5.13,10.3,18,37,61,958,31,3,8,42,8.072026306,145,134,14.98347602,15.45027529,8.623819697,7.539746236,464,20,1,6,27,494,11,2,2,15,491,509,109,25,134,11
18,1000,40,5.13,10.3,18,37,62,947,28,12,13,53,8.438268105,146,158,16.27352722,15.51369787,9.209492225,7.726368918,446,20,8,6,34,501,8,4,7,19,480,520,133,25,130,16
21,1000,40,5.13,10.3,18,37,57,958,25,11,6,42,7.86573166,136,174,14.72942267,14.21737133,8.061865802,7.677289052,472,9,7,2,18,486,16,4,4,24,490,510,145,29,120,16
24,1000,40,5.13,10.3,18,37,25,947,28,13,12,53,7.994982714,113,115,10.61341453,10.14366774,7.62077321,8.367698368,471,14,10,4,28,476,14,3,8,25,499,501,79,36,81,32
17,1000,40,5.13,10.3,18,37,63,952,26,14,8,48,8.364865572,155,142,14.03081537,13.74040299,8.744448832,7.966614283,486,17,6,3,26,466,9,8,5,22,512,488,113,29,130,25
20,1000,40,5.13,10.3,18,37,58,959,26,7,8,41,8.013265307,172,158,15.60056551,15.64121087,8.495163536,7.575510428,447,18,4,7,29,512,8,3,1,12,476,524,126,32,153,19
22,1000,40,5.13,10.3,18,37,58,960,28,6,6,40,7.850825286,126,136,13.53441018,13.14100094,7.997990638,7.702477884,479,15,3,5,23,481,13,3,1,17,502,498,124,12,108,18
23,1000,40,5.13,10.3,18,37,57,947,34,9,10,53,8.28528492,171,144,15.59746037,15.7662202,8.823139586,7.764370557,459,20,5,8,33,488,14,4,2,20,492,508,110,34,148,23
19,1000,40,5.13,10.3,18,37,62,958,32,3,7,42,8.087910804,144,162,15.2046241,15.64956844,8.679426324,7.517313317,463,21,1,6,28,495,11,2,1,14,491,509,139,23,127,17
18,1000,40,5.13,10.3,18,37,63,949,27,11,13,51,8.421908541,150,191,16.60077824,15.8397306,9.216540972,7.688401682,447,19,8,6,33,502,8,3,7,18,480,520,168,23,126,24
21,1000,40,5.13,10.3,18,37,58,957,25,12,6,43,7.872495669,146,162,14.93279485,14.39693454,8.084318881,7.668979249,472,9,7,2,18,485,16,5,4,25,490,510,134,28,126,20
17,1000,40,5.13,10.3,18,37,64,950,27,14,9,50,8.388990256,137,138,14.20928977,13.96990316,8.794423463,7.963617711,484,18,7,3,28,466,9,7,6,22,512,488,107,31,117,20
24,1000,40,5.13,10.3,18,37,26,949,25,15,11,51,7.996398451,104,120,10.66254356,10.18758346,7.656894685,8.334546913,471,13,11,4,28,478,12,4,7,23,499,501,69,51,81,23
20,1000,40,5.13,10.3,18,37,59,958,27,7,8,42,8.030405153,162,169,15.84018512,15.91533699,8.548458867,7.55980674,446,19,4,7,30,512,8,3,1,12,476,524,149,20,140,22
22,1000,40,5.13,10.3,18,37,59,959,29,6,6,41,7.860167301,138,132,13.68385968,13.29941089,8.032822628,7.686125185,478,16,3,5,24,481,13,3,1,17,502,498,107,25,115,23
23,1000,40,5.13,10.3,18,37,58,945,36,9,10,55,8.268708791,155,155,15.80984603,16.07169577,8.850332237,7.705404194,458,21,5,8,34,487,15,4,2,21,492,508,128,27,142,13
19,1000,40,5.13,10.3,18,37,63,958,33,2,7,42,8.096588146,187,183,15.49879076,15.94751934,8.704476296,7.510197022,463,21,1,6,28,495,12,1,1,14,491,509,151,32,159,28
18,1000,40,5.13,10.3,18,37,64,948,28,11,13,52,8.451652094,159,188,17.02143583,16.24404778,9.282871911,7.684372263,446,20,8,6,34,502,8,3,7,18,480,520,162,26,141,18
21,1000,40,5.13,10.3,18,37,59,956,26,12,6,44,7.901473456,159,136,15.0965303,14.55298149,8.145647192,7.66687516,471,10,7,2,19,485,16,5,4,25,490,510,114,22,144,15
17,1000,40,5.13,10.3,18,37,65,950,28,13,9,50,8.381472337,137,147,14.43465364,14.31193558,8.81946256,7.92194161,484,18,6,4,28,466,10,7,5,22,512,488,117,30,124,13
20,1000,40,5.13,10.3,18,37,60,959,27,6,8,41,8.004642793,156,158,16.16724911,16.23267037,8.567738755,7.493128139,446,19,4,7,30,513,8,2,1,11,476,524,138,20,141,15
22,1000,40,5.13,10.3,18,37,60,959,29,6,6,41,7.872075093,126,141,13.83630966,13.54019953,8.096480837,7.645866893,478,16,3,5,24,481,13,3,1,17,502,498,116,25,115,11
24,1000,40,5.13,10.3,18,37,27,949,26,14,11,51,8.017420789,113,106,10.70438324,10.23709342,7.714600484,8.31903223,471,14,10,4,28,478,12,4,7,23,499,501,69,37,82,31
23,1000,40,5.13,10.3,18,37,59,945,36,9,10,55,8.25713795,149,169,16.12142565,16.41999299,8.887533978,7.646596915,458,21,5,8,34,487,15,4,2,21,492,508,143,26,128,21
19,1000,40,5.13,10.3,18,37,64,957,33,2,8,43,8.088930175,160,151,15.70654604,16.1752783,8.752265008,7.449053154,462,21,1,7,29,495,12,1,1,14,491,509,120,31,142,18
18,1000,40,5.13,10.3,18,37,65,947,29,11,13,53,8.451635389,174,151,17.42900537,16.63740023,9.308162409,7.660995062,445,21,8,6,35,502,8,3,7,18,480,520,127,24,156,18
21,1000,40,5.13,10.3,18,37,60,956,26,13,5,44,7.891236062,156,165,15.26819129,14.74470447,8.181820885,7.612046723,471,10,7,2,19,485,16,6,3,25,490,510,131,34,141,15
17,1000,40,5.13,10.3,18,37,66,951,29,11,9,49,8.372158737,149,146,14.60907181,14.47543715,8.864014206,7.856113656,484,18,6,4,28,467,11,5,5,21,512,488,117,29,131,18
20,1000,40,5.13,10.3,18,37,61,959,27,6,8,41,8.017033656,169,150,16.53692928,16.54722515,8.582982443,7.502927506,446,19,4,7,30,513,8,2,1,11,476,524,126,24,153,16
22,1000,40,5.13,10.3,18,37,61,957,31,5,7,43,7.885324418,151,154,14.01268358,13.69692295,8.137901385,7.63071872,478,16,2,6,24,479,15,3,1,19,502,498,120,34,131,20
24,1000,40,5.13,10.3,18,37,28,949,26,14,11,51,8.05416801,96,92,10.7618965,10.30792335,7.764647807,8.342532443,471,14,10,4,28,478,12,4,7,23,499,501,69,23,76,20
23,1000,40,5.13,10.3,18,37,60,946,35,10,9,54,8.236608052,163,157,16.57751982,16.8953176,8.894473864,7.599462422,458,21,6,7,34,488,14,4,2,20,492,508,126,31,136,27
19,1000,40,5.13,10.3,18,37,65,956,33,3,8,44,8.099696408,166,176,15.96122344,16.52987978,8.807656233,7.41677249,461,21,2,7,30,495,12,1,1,14,491,509,154,22,157,9
18,1000,40,5.13,10.3,18,37,66,947,30,11,12,53,8.430256209,168,165,17.83121135,17.05277914,9.375133299,7.558061972,443,22,9,6,37,504,8,2,6,16,480,520,150,15,147,21
21,1000,40,5.13,10.3,18,37,61,957,25,13,5,43,7.890153519,148,164,15.51207216,15.00019058,8.218484841,7.574697934,472,9,7,2,18,485,16,6,3,25,490,510,135,29,130,18
17,1000,40,5.13,10.3,18,37,67,953,27,11,9,47,8.37892059,141,136,14.77445212,14.63994373,8.895515179,7.836919709,484,18,6,4,28,469,9,5,5,19,512,488,101,35,123,18
20,1000,40,5.13,10.3,18,37,62,959,26,7,8,41,8.013148462,150,172,16.84749613,16.88250687,8.62807749,7.454548811,445,19,5,7,31,514,7,2,1,10,476,524,139,33,140,10
22,1000,40,5.13,10.3,18,37,62,958,29,6,7,42,7.893900245,135,149,14.11534521,13.85682965,8.16056062,7.625098019,478,15,3,6,24,480,14,3,1,18,502,498,128,21,121,14
24,1000,40,5.13,10.3,18,37,29,948,27,14,11,52,8.089902245,100,125,10.79697965,10.35492528,7.817770809,8.360947329,471,14,10,4,28,477,13,4,7,24,499,501,85,40,83,17
23,1000,40,5.13,10.3,18,37,61,946,35,10,9,54,8.265934939,151,164,17.24045196,17.58949755,8.950981478,7.602464669,458,21,6,7,34,488,14,4,2,20,492,508,124,40,125,26
19,1000,40,5.13,10.3,18,37,66,956,33,3,8,44,8.112411151,160,150,16.21381987,16.81581187,8.849297352,7.401583794,461,21,2,7,30,495,12,1,1,14,491,509,132,18,149,11
18,1000,40,5.13,10.3,18,37,67,948,29,11,12,52,8.443304981,180,190,18.31908047,17.47826379,9.452323696,7.51190309,443,22,9,6,37,505,7,2,6,15,480,520,165,25,160,20
21,1000,40,5.13,10.3,18,37,62,958,24,13,5,42,7.894554085,165,158,15.66929848,15.15824934,8.209644435,7.591820218,473,8,7,2,17,485,16,6,3,25,490,510,134,24,141,24
17,1000,40,5.13,10.3,18,37,68,953,26,12,9,47,8.389996587,136,142,14.99049894,14.88191764,8.920594062,7.833304153,483,18,7,4,29,470,8,5,5,18,512,488,119,23,119,17
20,1000,40,5.13,10.3,18,37,63,958,26,8,8,42,8.055019604,155,172,17.29610443,17.31861909,8.723171286,7.448072656,445,19,5,7,31,513,7,3,1,11,476,524,143,29,136,19
22,1000,40,5.13,10.3,18,37,63,958,29,6,7,42,7.880754319,136,126,14.29090429,14.08522632,8.186788968,7.57226156,478,15,3,6,24,480,14,3,1,18,502,498,102,24,120,16
23,1000,40,5.13,10.3,18,37,62,948,34,9,9,52,8.216235269,167,169,17.73564412,18.07450148,8.94781447,7.507697932,458,21,6,7,34,490,13,3,2,18,492,508,143,26,139,28
24,1000,40,5.13,10.3,18,37,30,947,28,14,11,53,8.124584354,118,115,10.86840711,10.46565092,7.86004777,8.388064903,471,14,10,4,28,476,14,4,7,25,499,501,81,34,92,26
19,1000,40,5.13,10.3,18,37,67,956,32,4,8,44,8.146593297,174,171,16.52342611,17.1331212,8.919291521,7.401220354,461,20,3,7,30,495,12,1,1,14,491,509,149,22,159,15
18,1000,40,5.13,10.3,18,37,68,947,30,11,12,53,8.433143918,173,186,18.65696832,17.84380087,9.464781267,7.480863287,442,23,9,6,38,505,7,2,6,15,480,520,159,27,160,13
17,1000,40,5.13,10.3,18,37,69,953,26,12,9,47,8.412285194,142,181,15.22118708,15.1835609,8.983546185,7.8129294,483,18,7,4,29,470,8,5,5,18,512,488,147,34,122,20
21,1000,40,5.13,10.3,18,37,63,960,24,11,5,40,7.880102444,168,145,15.87840054,15.39367139,8.273294592,7.502329596,472,9,7,2,18,488,15,4,3,22,490,510,121,24,144,24
20,1000,40,5.13,10.3,18,37,64,958,26,8,8,42,8.071093561,167,173,17.71666708,17.70925252,8.734015783,7.468897039,445,19,5,7,31,513,7,3,1,11,476,524,148,25,154,13
22,1000,40,5.13,10.3,18,37,64,956,31,6,7,44,7.885762887,134,155,14.44271277,14.23593132,8.227600318,7.541179774,477,16,3,6,25,479,15,3,1,19,502,498,127,28,122,12
23,1000,40,5.13,10.3,18,37,63,948,34,9,9,52,8.233265351,150,161,18.27808522,18.65445883,9.00441393,7.486404916,458,21,6,7,34,490,13,3,2,18,492,508,142,19,136,14
19,1000,40,5.13,10.3,18,37,68,955,32,5,8,45,8.152089176,189,166,16.97979347,17.58513415,8.974392873,7.35886498,461,20,3,7,30,494,12,2,1,15,491,509,147,19,173,16
18,1000,40,5.13,10.3,18,37,69,948,30,11,11,52,8.418510406,171,191,19.1191085,18.30335924,9.480837869,7.43790044,442,23,9,6,38,506,7,2,5,14,480,520,170,21,156,15
17,1000,40,5.13,10.3,18,37,70,952,27,12,9,48,8.402276818,150,151,15.37702686,15.35758955,8.995395534,7.779988329,483,18,7,4,29,469,9,5,5,19,512,488,119,32,138,12
24,1000,40,5.13,10.3,18,37,31,948,27,14,11,52,8.141519991,109,92,10.91342375,10.55020289,7.901015436,8.381064448,471,14,10,4,28,477,13,4,7,24,499,501,67,25,83,26
21,1000,40,5.13,10.3,18,37,64,961,24,11,4,39,7.894417653,153,176,16.20056364,15.69239441,8.298977111,7.505723273,472,9,7,2,18,489,15,4,2,21,490,510,149,27,138,15
20,1000,40,5.13,10.3,18,37,65,958,27,7,8,42,8.055624138,188,189,18.00825321,18.02238743,8.824102112,7.357541093,444,20,5,7,32,514,7,2,1,10,476,524,162,27,174,14
22,1000,40,5.13,10.3,18,37,65,956,31,6,7,44,7.901710983,153,153,14.7020698,14.51382896,8.274352968,7.52607589,477,16,3,6,25,479,15,3,1,19,502,498,125,28,129,24
23,1000,40,5.13,10.3,18,37,64,949,32,10,9,51,8.243181093,168,155,18.756325,19.15950766,9.05144317,7.460376089,458,21,6,7,34,491,11,4,2,17,492,508,135,20,145,23
19,1000,40,5.13,10.3,18,37,69,955,33,5,7,45,8.129811044,195,183,17.48923954,18.07601538,8.949944131,7.338680699,461,20,3,7,30,494,13,2,0,15,491,509,152,31,174,21
18,1000,40,5.13,10.3,18,37,70,949,29,12,10,51,8.389882379,174,195,19.54525349,18.70936138,9.502060015,7.363256868,442,22,10,6,38,507,7,2,4,13,480,520,171,24,161,13
17,1000,40,5.13,10.3,18,37,71,951,28,13,8,49,8.428663783,150,153,15.67180741,15.67208259,9.054845041,7.771686725,482,18,8,4,30,469,10,5,4,19,512,488,124,29,132,18
21,1000,40,5.13,10.3,18,37,65,961,24,11,4,39,7.91811425,168,156,16.42119244,15.94076522,8.379360759,7.47495584,471,10,7,2,19,490,14,4,2,20,490,510,134,22,146,22
24,1000,40,5.13,10.3,18,37,32,950,27,13,10,50,8.152631135,104,129,10.93919581,10.60867916,7.907979688,8.39630593,472,14,9,4,27,478,13,4,6,23,499,501,84,45,80,24
20,1000,40,5.13,10.3,18,37,66,960,25,7,8,40,8.043539996,169,175,18.35991138,18.39079747,8.821675649,7.336683945,445,19,5,7,31,515,6,2,1,9,476,524,155,20,151,18
22,1000,40,5.13,10.3,18,37,66,955,33,6,6,45,7.889773477,146,152,14.96866029,14.74476197,8.302169352,7.474065185,475,19,3,5,27,480,14,3,1,18,502,498,126,26,128,18
23,1000,40,5.13,10.3,18,37,65,948,33,10,9,52,8.26570213,189,170,19.298752,19.75037091,9.106559674,7.451328288,457,22,6,7,35,491,11,4,2,17,492,508,137,33,164,25
19,1000,40,5.13,10.3,18,37,70,954,34,5,7,46,8.128223182,170,185,18.15739617,18.74377881,8.986596535,7.300204879,460,21,3,7,31,494,13,2,0,15,491,509,153,32,149,21
18,1000,40,5.13,10.3,18,37,71,949,29,12,10,51,8.38235968,193,178,20.01298683,19.18500358,9.488727465,7.361097109,442,22,10,6,38,507,7,2,4,13,480,520,157,21,178,15
17,1000,40,5.13,10.3,18,37,72,951,27,14,8,49,8.402534051,159,155,16.02185035,16.20861036,9.082025303,7.689625195,482,17,9,4,30,469,10,5,4,19,512,488,132,23,144,15
21,1000,40,5.13,10.3,18,37,66,963,23,10,4,37,7.940208937,150,166,16.80851798,16.37911169,8.430721049,7.468932594,471,10,7,2,19,492,13,3,2,18,490,510,145,21,143,7
20,1000,40,5.13,10.3,18,37,67,961,24,7,8,39,8.042602213,176,159,18.83038296,18.89659359,8.826332516,7.330663999,446,18,5,7,30,515,6,2,1,9,476,524,136,23,164,12
22,1000,40,5.13,10.3,18,37,67,956,32,6,6,44,7.89148396,162,177,15.16700947,14.93668334,8.326513783,7.452959922,475,19,3,5,27,481,13,3,1,17,502,498,145,32,144,18
24,1000,40,5.13,10.3,18,37,33,947,30,13,10,53,8.215374425,124,110,10.98260906,10.65537162,7.972281874,8.457496548,470,16,9,4,29,477,14,4,6,24,499,501,79,31,93,31
23,1000,40,5.13,10.3,18,37,66,947,34,10,9,53,8.288257589,170,158,19.77260581,20.29363681,9.160004353,7.443967415,457,22,6,7,35,490,12,4,2,18,492,508,133,25,152,18
19,1000,40,5.13,10.3,18,37,71,953,35,5,7,47,8.140002583,186,197,18.90000072,19.44772722,9.01737114,7.293660813,459,22,3,7,32,494,13,2,0,15,491,509,173,24,168,18
18,1000,40,5.13,10.3,18,37,72,949,29,12,10,51,8.367338116,180,194,20.58102268,19.76291332,9.515577773,7.307424586,442,22,10,6,38,507,7,2,4,13,480,520,170,24,160,20
17,1000,40,5.13,10.3,18,37,73,952,26,14,8,48,8.405609945,169,157,16.37494752,16.60273111,9.11149308,7.665011246,482,17,9,4,30,470,9,5,4,18,512,488,133,24,147,22
21,1000,40,5.13,10.3,18,37,67,962,24,10,4,38,7.973804592,164,166,17.14863042,16.73426891,8.494736225,7.47330165,471,10,7,2,19,491,14,3,2,19,490,510,143,23,144,20
20,1000,40,5.13,10.3,18,37,68,962,23,7,8,38,8.061500861,173,185,19.04307152,19.14718726,8.866631027,7.330123076,445,19,5,7,31,517,4,2,1,7,476,524,155,30,156,17
22,1000,40,5.13,10.3,18,37,68,958,30,6,6,42,7.880480882,147,160,15.41790946,15.15941106,8.326961614,7.430413961,476,18,3,5,26,482,12,3,1,16,502,498,126,34,125,22
24,1000,40,5.13,10.3,18,37,34,947,30,13,10,53,8.212379523,110,120,11.02469512,10.72211866,8.00111043,8.422805226,470,16,9,4,29,477,14,4,6,24,499,501,83,37,78,32
23,1000,40,5.13,10.3,18,37,67,947,34,10,9,53,8.285775228,184,183,20.62289001,21.09011785,9.192877571,7.407243038,457,22,6,7,35,490,12,4,2,18,492,508,161,22,166,18
19,1000,40,5.13,10.3,18,37,72,953,34,6,7,47,8.141603159,178,188,19.63967559,20.17173342,9.08914625,7.227568468,459,21,4,7,32,494,13,2,0,15,491,509,164,24,167,11
17,1000,40,5.13,10.3,18,37,74,952,27,13,8,48,8.41383945,167,168,16.65625978,16.85596733,9.139252937,7.65274989,481,18,9,4,31,471,9,4,4,17,512,488,135,33,146,21
18,1000,40,5.13,10.3,18,37,73,950,28,12,10,50,8.323701508,180,182,21.39177931,20.54951286,9.491312624,7.245906631,443,21,10,6,37,507,7,2,4,13,480,520,157,25,167,13
21,1000,40,5.13,10.3,18,37,68,962,24,10,4,38,7.973842236,185,191,17.60976996,17.20181961,8.529688671,7.439793701,471,10,7,2,19,491,14,3,2,19,490,510,161,30,170,15
20,1000,40,5.13,10.3,18,37,69,962,23,7,8,38,8.077653746,179,196,19.48468932,19.60416686,8.910940974,7.320698172,445,19,5,7,31,517,4,2,1,7,476,524,162,34,169,10
22,1000,40,5.13,10.3,18,37,69,958,30,5,7,42,7.905584544,145,141,15.69479615,15.46772097,8.358651649,7.448878345,476,18,2,6,26,482,12,3,1,16,502,498,117,24,132,13
24,1000,40,5.13,10.3,18,37,35,949,29,13,9,51,8.203723691,109,130,11.07183518,10.78741803,8.050930353,8.355907075,469,17,9,4,30,480,12,4,5,21,499,501,83,47,91,18
23,1000,40,5.13,10.3,18,37,68,948,33,10,9,52,8.275833346,184,180,20.98818043,21.55952769,9.21156212,7.369576345,457,22,6,7,35,491,11,4,2,17,492,508,153,27,163,21
19,1000,40,5.13,10.3,18,37,73,951,36,5,8,49,8.12901539,204,171,20.68115569,21.22227622,9.115241483,7.177665662,458,22,3,8,33,493,14,2,0,16,491,509,152,19,181,23
17,1000,40,5.13,10.3,18,37,75,952,28,12,8,48,8.430610199,157,162,16.87261492,17.05158612,9.19493823,7.628692266,480,19,8,5,32,472,9,4,3,16,512,488,129,33,142,15
18,1000,40,5.13,10.3,18,37,74,950,28,12,10,50,8.314353783,194,211,22.0302031,21.15312062,9.519022133,7.20235223,443,21,10,6,37,507,7,2,4,13,480,520,182,29,174,20
21,1000,40,5.13,10.3,18,37,69,961,25,10,4,39,7.967840966,185,169,18.11291325,17.73243195,8.551993222,7.40659664,471,10,7,2,19,490,15,3,2,20,490,510,146,23,167,18
20,1000,40,5.13,10.3,18,37,70,961,24,7,8,39,8.056648696,195,191,19.74940528,19.89054711,8.947284313,7.247598021,444,20,5,7,32,517,4,2,1,7,476,524,162,29,178,17
22,1000,40,5.13,10.3,18,37,70,959,29,5,7,41,7.916355256,165,150,16.14927529,16.03624652,8.419965919,7.408699527,476,18,2,6,26,483,11,3,1,15,502,498,124,26,145,20
23,1000,40,5.13,10.3,18,37,69,949,34,8,9,51,8.239687927,190,174,21.34207953,21.94975661,9.259888013,7.251620127,457,22,6,7,35,492,12,2,2,16,492,508,143,31,168,22
19,1000,40,5.13,10.3,18,37,74,951,36,5,8,49,8.102101722,194,177,21.29675563,21.80762863,9.149787803,7.091465443,457,23,3,8,34,494,13,2,0,15,491,509,155,22,166,28
24,1000,40,5.13,10.3,18,37,36,951,28,13,8,49,8.192325267,119,114,11.18848611,10.8841008,8.038718107,8.345319224,470,17,9,3,29,481,11,4,5,20,499,501,84,30,89,30
17,1000,40,5.13,10.3,18,37,76,953,27,13,7,47,8.404722444,152,150,17.21470841,17.40521938,9.216990016,7.552507287,480,19,8,5,32,473,8,5,2,15,512,488,130,20,136,16
18,1000,40,5.13,10.3,18,37,75,948,30,12,10,52,8.330726616,197,195,22.53355479,21.63617829,9.569399884,7.187335908,441,23,10,6,39,507,7,2,4,13,480,520,170,25,178,19
21,1000,40,5.13,10.3,18,37,70,961,25,10,4,39,7.962632451,165,164,18.56476716,18.19312726,8.565460447,7.383444767,471,10,7,2,19,490,15,3,2,20,490,510,142,22,148,17
22,1000,40,5.13,10.3,18,37,71,959,29,5,7,41,7.934625292,157,169,16.62667914,16.53585582,8.49982892,7.364881876,476,18,2,6,26,483,11,3,1,15,502,498,141,28,139,18
20,1000,40,5.13,10.3,18,37,71,961,24,7,8,39,8.039902717,201,195,20.24990127,20.4108593,8.957165316,7.206664173,444,20,5,7,32,517,4,2,1,7,476,524,170,25,189,12
23,1000,40,5.13,10.3,18,37,70,950,33,8,9,50,8.213661249,179,191,21.99485346,22.62393615,9.258194176,7.202026996,458,21,6,7,34,492,12,2,2,16,492,508,166,25,157,22
19,1000,40,5.13,10.3,18,37,75,951,34,7,8,49,8.101496585,188,194,22.20628075,22.74208348,9.186247291,7.055106414,457,23,3,8,34,494,11,4,0,15,491,509,172,22,171,17
17,1000,40,5.13,10.3,18,37,77,955,25,13,7,45,8.427811558,161,173,17.46630795,17.72466075,9.236156017,7.579712454,480,19,8,5,32,475,6,5,2,13,512,488,145,28,144,17
18,1000,40,5.13,10.3,18,37,76,947,32,11,10,53,8.375506515,194,194,23.12193777,22.22169482,9.623072262,7.223907364,441,23,9,7,39,506,9,2,3,14,480,520,175,19,175,19
24,1000,40,5.13,10.3,18,37,37,951,28,13,8,49,8.216590371,110,112,11.25339049,10.96592178,8.085631541,8.347026412,470,17,9,3,29,481,11,4,5,20,499,501,80,32,86,24
21,1000,40,5.13,10.3,18,37,71,959,26,11,4,41,7.979981453,162,178,19.05217003,18.69145189,8.626286852,7.359021363,470,10,8,2,20,489,16,3,2,21,490,510,157,21,150,12
22,1000,40,5.13,10.3,18,37,72,960,27,6,7,40,7.918527144,179,158,16.99932263,16.93150336,8.527599731,7.304562408,476,18,2,6,26,484,9,4,1,14,502,498,134,24,159,20
20,1000,40,5.13,10.3,18,37,72,961,24,7,8,39,8.039625559,203,193,20.79989252,20.90590878,8.976993543,7.188123344,444,20,5,7,32,517,4,2,1,7,476,524,170,23,185,18
23,1000,40,5.13,10.3,18,37,71,948,34,9,9,52,8.218048211,176,200,22.42450607,23.05182621,9.342998861,7.128529077,455,23,7,7,37,493,11,2,2,15,492,508,171,29,157,19
17,1000,40,5.13,10.3,18,37,78,954,26,13,7,46,8.449330177,169,180,17.82535745,18.13355637,9.26327676,7.595353435,480,19,8,5,32,474,7,5,2,14,512,488,153,27,150,19
19,1000,40,5.13,10.3,18,37,76,950,34,8,8,50,8.109144021,185,206,22.95584528,23.50477618,9.22977744,7.028140075,456,23,4,8,35,494,11,4,0,15,491,509,189,17,167,18
18,1000,40,5.13,10.3,18,37,77,947,32,11,10,53,8.394910859,190,186,23.53268174,22.64924496,9.660253071,7.226902662,442,22,9,7,38,505,10,2,3,15,480,520,164,22,176,14
21,1000,40,5.13,10.3,18,37,72,958,27,11,4,42,7.985041527,169,186,19.46511196,19.12243542,8.669334659,7.32758342,469,11,8,2,21,489,16,3,2,21,490,510,157,29,156,13
22,1000,40,5.13,10.3,18,37,73,960,27,7,6,40,7.956962713,143,180,17.66259559,17.62411915,8.592711104,7.316107909,476,17,3,6,26,484,10,4,0,14,502,498,150,30,132,11
24,1000,40,5.13,10.3,18,37,38,948,30,13,9,52,8.24673137,103,125,11.2994882,11.02851146,8.137067956,8.355957005,468,19,8,4,31,480,11,5,5,21,499,501,86,39,90,13
20,1000,40,5.13,10.3,18,37,73,960,25,7,8,40,8.043233592,210,184,21.32049662,21.45795988,9.002881408,7.171492447,444,20,5,7,32,516,5,2,1,8,476,524,160,24,201,9
23,1000,40,5.13,10.3,18,37,72,949,35,7,9,51,8.20503897,196,171,23.21204673,23.83498913,9.346862495,7.09917839,456,23,5,8,36,493,12,2,1,15,492,508,145,26,169,27
17,1000,40,5.13,10.3,18,37,79,953,27,13,7,47,8.451238931,168,189,18.16750513,18.44602025,9.286857288,7.574524591,479,20,8,5,33,474,7,5,2,14,512,488,159,30,154,14
19,1000,40,5.13,10.3,18,37,77,950,35,7,8,50,8.083087527,214,202,23.45111579,24.00133956,9.28211738,6.926459515,455,24,4,8,36,495,11,3,0,14,491,509,172,30,195,19
18,1000,40,5.13,10.3,18,37,78,946,33,11,10,54,8.387575817,194,206,23.93042922,22.98869737,9.677948172,7.196462874,442,22,9,7,38,504,11,2,3,16,480,520,182,24,181,13
21,1000,40,5.13,10.3,18,37,73,958,27,11,4,42,7.972970084,188,172,19.77059917,19.43062399,8.69631772,7.277989022,468,12,8,2,22,490,15,3,2,20,490,510,149,23,174,14
22,1000,40,5.13,10.3,18,37,74,960,27,7,6,40,7.984542721,164,174,18.24463519,18.34750464,8.635124817,7.328735066,476,17,3,6,26,484,10,4,0,14,502,498,155,19,145,19
20,1000,40,5.13,10.3,18,37,74,960,25,7,8,40,8.0602797,187,199,21.84259285,21.97486237,9.021129731,7.187446465,444,20,5,7,32,516,5,2,1,8,476,524,170,29,168,19
24,1000,40,5.13,10.3,18,37,39,947,31,13,9,53,8.287511028,101,110,11.35639518,11.09400063,8.177548664,8.39703442,467,20,8,4,32,480,11,5,5,21,499,501,79,31,81,20
23,1000,40,5.13,10.3,18,37,73,947,37,7,9,53,8.207198177,197,198,23.62923287,24.29167608,9.400400395,7.051577131,455,24,5,8,37,492,13,2,1,16,492,508,176,22,173,24
17,1000,40,5.13,10.3,18,37,80,953,27,13,7,47,8.470635364,192,197,18.60719687,18.95101944,9.368095048,7.529038319,479,20,8,5,33,474,7,5,2,14,512,488,174,23,174,18
19,1000,40,5.13,10.3,18,37,78,950,34,8,8,50,8.111951557,204,214,24.3528963,24.89015293,9.345954406,6.921587316,455,24,4,8,36,495,10,4,0,14,491,509,186,28,190,14
18,1000,40,5.13,10.3,18,37,79,946,34,11,9,54,8.387362899,213,217,24.66224787,23.5843384,9.732274071,7.145906433,442,22,9,7,38,504,12,2,2,16,480,520,198,19,197,16
21,1000,40,5.13,10.3,18,37,74,956,29,11,4,44,8.007005101,174,186,20.14158676,19.85290091,8.732714918,7.309754492,468,12,8,2,22,488,17,3,2,22,490,510,164,22,161,13
22,1000,40,5.13,10.3,18,37,75,962,25,7,6,38,7.978254955,166,170,18.88719635,19.16779905,8.636910461,7.314309044,477,16,3,6,25,485,9,4,0,13,502,498,147,23,147,19
20,1000,40,5.13,10.3,18,37,75,960,25,7,8,40,8.053568221,192,201,22.47251358,22.58833337,9.062221354,7.137310795,444,20,5,7,32,516,5,2,1,8,476,524,182,19,179,13
24,1000,40,5.13,10.3,18,37,40,948,31,12,9,52,8.286693209,113,118,11.39480338,11.13554076,8.161850343,8.4110377,468,20,7,4,31,480,11,5,5,21,499,501,85,33,93,20
17,1000,40,5.13,10.3,18,37,81,953,27,13,7,47,8.438682846,192,192,19.05809917,19.48010599,9.350966783,7.481532485,480,19,8,5,32,473,8,5,2,15,512,488,167,25,176,16
23,1000,40,5.13,10.3,18,37,74,947,36,8,9,53,8.247482071,183,198,24.32743844,25.03848581,9.470488223,7.062995798,455,23,6,8,37,492,13,2,1,16,492,508,177,21,171,12
19,1000,40,5.13,10.3,18,37,79,952,32,8,8,48,8.102106418,210,184,24.85670251,25.44040194,9.336756044,6.911118273,455,24,4,8,36,497,8,4,0,12,491,509,168,16,187,23
18,1000,40,5.13,10.3,18,37,80,946,34,11,9,54,8.382471485,214,212,25.11849521,24.02656088,9.754782724,7.11572265,442,22,9,7,38,504,12,2,2,16,480,520,190,22,203,11
21,1000,40,5.13,10.3,18,37,75,956,29,11,4,44,8.001007098,183,191,20.55576862,20.23224255,8.749074552,7.282275624,468,12,8,2,22,488,17,3,2,22,490,510,165,26,167,16
22,1000,40,5.13,10.3,18,37,76,962,24,8,6,38,7.990002414,175,181,19.60825781,19.99445662,8.710151875,7.264068621,477,15,4,6,25,485,9,4,0,13,502,498,159,22,160,15
20,1000,40,5.13,10.3,18,37,76,959,25,7,9,41,8.067898397,190,187,23.28164973,23.35404608,9.103382655,7.127267658,443,20,5,8,33,516,5,2,1,8,476,524,169,18,179,11
24,1000,40,5.13,10.3,18,37,41,948,30,13,9,52,8.28921062,127,109,11.49326452,11.2450698,8.179427748,8.398555236,468,20,7,4,31,480,10,6,5,21,499,501,80,29,103,24
17,1000,40,5.13,10.3,18,37,82,951,28,14,7,49,8.453044807,190,187,19.48360348,19.83225384,9.430712136,7.427295478,479,19,9,5,33,472,9,5,2,16,512,488,161,26,174,16
23,1000,40,5.13,10.3,18,37,75,948,35,8,9,52,8.25254055,193,200,24.7744719,25.50362914,9.49624887,7.048004145,455,23,6,8,37,493,12,2,1,15,492,508,175,25,175,18
19,1000,40,5.13,10.3,18,37,80,951,33,8,8,49,8.124598932,196,211,25.70299613,26.39482925,9.402991041,6.891415188,453,26,4,8,38,498,7,4,0,11,491,509,194,17,177,19
18,1000,40,5.13,10.3,18,37,81,946,34,10,10,54,8.405094553,213,200,25.58030964,24.49379472,9.787365766,7.129151894,442,22,8,8,38,504,12,2,2,16,480,520,181,19,196,17
21,1000,40,5.13,10.3,18,37,76,958,27,11,4,42,7.974143677,182,200,20.98680521,20.66605819,8.799676033,7.180985139,468,12,8,2,22,490,15,3,2,20,490,510,172,28,168,14
22,1000,40,5.13,10.3,18,37,77,963,23,8,6,37,8.001704486,168,197,20.17064859,20.56368922,8.758030709,7.239303354,478,14,4,6,24,485,9,4,0,13,502,498,170,27,151,17
20,1000,40,5.13,10.3,18,37,77,959,25,7,9,41,8.047214478,187,216,23.87689092,23.97976498,9.131399386,7.062344217,442,21,5,8,34,517,4,2,1,7,476,524,193,23,173,14
17,1000,40,5.13,10.3,18,37,83,950,29,13,8,50,8.462178982,180,181,19.9741739,20.28782405,9.47593929,7.39856161,479,19,8,6,33,471,10,5,2,17,512,488,159,22,169,11
23,1000,40,5.13,10.3,18,37,76,949,34,9,8,51,8.247119755,188,201,25.19649318,25.95427336,9.531007193,7.003669717,456,22,7,7,36,493,12,2,1,15,492,508,174,27,172,16
19,1000,40,5.13,10.3,18,37,81,951,33,8,8,49,8.143880952,223,211,26.64175836,27.33202158,9.481354005,6.853705571,453,26,4,8,38,498,7,4,0,11,491,509,193,18,206,17
24,1000,40,5.13,10.3,18,37,42,950,28,13,9,50,8.295880505,121,137,11.54856326,11.32165209,8.196403389,8.394960508,469,19,7,4,30,481,9,6,5,20,499,501,105,32,90,31
18,1000,40,5.13,10.3,18,37,82,946,35,10,9,54,8.397335787,201,196,26.69136182,25.42818997,9.782004655,7.119179908,442,22,8,8,38,504,13,2,1,16,480,520,178,18,184,17
21,1000,40,5.13,10.3,18,37,77,958,26,12,4,42,7.949536334,184,209,21.32727856,21.04723505,8.841983957,7.092086657,468,12,8,2,22,490,14,4,2,20,490,510,180,29,170,14
22,1000,40,5.13,10.3,18,37,78,964,21,9,6,36,7.976751747,177,188,21.00224105,21.3911812,8.775947794,7.171136456,478,13,5,6,24,486,8,4,0,12,502,498,163,25,165,12
20,1000,40,5.13,10.3,18,37,78,958,26,7,9,42,8.041680206,217,210,24.8595074,24.88394917,9.13717959,7.04653191,442,21,5,8,34,516,5,2,1,8,476,524,195,15,197,20
17,1000,40,5.13,10.3,18,37,84,950,30,11,9,50,8.469880577,183,189,20.37049038,20.64282924,9.531573751,7.355972985,478,20,7,7,34,472,10,4,2,16,512,488,169,20,165,18
23,1000,40,5.13,10.3,18,37,77,946,37,9,8,54,8.272034209,211,180,26.21322606,26.90985206,9.573475213,7.011583473,455,23,7,7,37,491,14,2,1,17,492,508,155,25,196,15
19,1000,40,5.13,10.3,18,37,82,952,31,9,8,48,8.149581031,222,214,27.72539876,28.42256429,9.549162653,6.799493455,453,25,5,8,38,499,6,4,0,10,491,509,186,28,202,20
18,1000,40,5.13,10.3,18,37,83,946,34,11,9,54,8.429237622,209,196,27.66247766,26.29529416,9.851224079,7.116634737,442,21,9,8,38,504,13,2,1,16,480,520,177,19,192,17
24,1000,40,5.13,10.3,18,37,43,952,26,13,9,48,8.275373268,116,133,11.62388093,11.40974244,8.190869172,8.359540023,470,18,7,4,29,482,8,6,5,19,499,501,104,29,85,31
21,1000,40,5.13,10.3,18,37,78,957,27,12,4,43,7.96304068,193,192,21.93790784,21.68667169,8.91688202,7.046604882,467,13,8,2,23,490,14,4,2,20,490,510,168,24,182,11
22,1000,40,5.13,10.3,18,37,79,963,22,9,6,37,7.971595987,175,178,21.91646983,22.22643394,8.846966637,7.089194247,478,13,5,6,24,485,9,4,0,13,502,498,156,22,162,13
20,1000,40,5.13,10.3,18,37,79,958,26,7,9,42,8.039325769,211,210,25.81563431,25.8667653,9.156600286,7.02439701,442,21,5,8,34,516,5,2,1,8,476,524,192,18,199,12
17,1000,40,5.13,10.3,18,37,85,950,30,11,9,50,8.478551761,185,176,20.96581601,21.19978231,9.575872799,7.327264115,478,20,7,7,34,472,10,4,2,16,512,488,153,23,172,13
23,1000,40,5.13,10.3,18,37,78,946,37,9,8,54,8.291665438,188,213,26.82985507,27.5871149,9.607898784,7.01688826,456,22,7,7,36,490,15,2,1,18,492,508,193,20,169,19
19,1000,40,5.13,10.3,18,37,83,951,32,9,8,49,8.180436987,229,215,29.01921327,29.73764573,9.613011099,6.798523648,452,26,5,8,39,499,6,4,0,10,491,509,194,21,208,21
18,1000,40,5.13,10.3,18,37,84,947,33,11,9,53,8.410382079,217,223,28.4587113,26.96096243,9.885484342,7.048749221,442,21,9,8,38,505,12,2,1,15,480,520,208,15,205,12
21,1000,40,5.13,10.3,18,37,79,954,30,12,4,46,8.000046907,177,203,22.63204636,22.41950672,8.996747756,7.042432367,464,16,8,2,26,490,14,4,2,20,490,510,183,20,164,13
22,1000,40,5.13,10.3,18,37,80,963,20,10,7,37,8.001973652,173,211,22.42791939,22.73614153,8.951303322,7.045018843,477,12,6,7,25,486,8,4,0,12,502,498,180,31,161,12
24,1000,40,5.13,10.3,18,37,44,951,26,14,9,49,8.347263518,112,138,11.68598591,11.5147103,8.288598589,8.405694255,469,18,8,4,30,482,8,6,5,19,499,501,98,40,92,20
20,1000,40,5.13,10.3,18,37,80,959,25,6,10,41,8.018019772,216,228,26.61553952,26.70796676,9.216553296,6.929275579,441,22,4,9,35,518,3,2,1,6,476,524,193,35,205,11
17,1000,40,5.13,10.3,18,37,86,950,29,12,9,50,8.518693181,183,185,21.46183364,21.83745382,9.66818662,7.312667277,478,19,8,7,34,472,10,4,2,16,512,488,165,20,168,15
23,1000,40,5.13,10.3,18,37,79,946,37,9,8,54,8.319752736,193,213,27.73241826,28.4079009,9.671474628,7.010604761,456,22,7,7,36,490,15,2,1,18,492,508,191,22,179,14
19,1000,40,5.13,10.3,18,37,84,950,33,9,8,50,8.186852419,213,225,30.45278161,31.30768387,9.651038938,6.774444599,451,27,5,8,40,499,6,4,0,10,491,509,202,23,202,11
18,1000,40,5.13,10.3,18,37,85,946,34,11,9,54,8.439222424,219,224,29.45258221,27.88691914,9.949265678,7.045336344,442,21,9,8,38,504,13,2,1,16,480,520,207,17,205,14
21,1000,40,5.13,10.3,18,37,80,954,30,12,4,46,8.022067166,204,200,23.18190883,22.94247344,9.078703873,7.006867192,463,16,9,2,27,491,14,3,2,19,490,510,174,26,191,13
22,1000,40,5.13,10.3,18,37,81,961,22,10,7,39,8.032586881,196,179,23.11084786,23.52485805,9.024157332,7.033052008,475,14,6,7,27,486,8,4,0,12,502,498,156,23,173,23
20,1000,40,5.13,10.3,18,37,81,958,25,7,10,42,8.03607545,228,222,27.34293421,27.51657141,9.252164437,6.931383927,440,22,5,9,36,518,3,2,1,6,476,524,204,18,212,16
24,1000,40,5.13,10.3,18,37,45,950,27,14,9,50,8.38904649,117,124,11.7771197,11.61059371,8.342023561,8.435881702,469,18,8,4,30,481,9,6,5,20,499,501,93,31,91,26
17,1000,40,5.13,10.3,18,37,87,949,30,12,9,51,8.529088824,194,189,21.8933289,22.22301489,9.708411003,7.291767193,477,20,8,7,35,472,10,4,2,16,512,488,172,17,177,17
23,1000,40,5.13,10.3,18,37,80,945,38,9,8,55,8.349131416,198,205,28.96145383,29.79214068,9.673781393,7.066202699,455,23,7,7,37,490,15,2,1,18,492,508,177,28,183,15
19,1000,40,5.13,10.3,18,37,85,948,35,9,8,52,8.241606721,208,235,31.88972852,32.98731657,9.690092907,6.844344016,450,28,5,8,41,498,7,4,0,11,491,509,219,16,197,11
18,1000,40,5.13,10.3,18,37,86,947,33,11,9,53,8.434061385,213,240,30.03744678,28.55615308,10.00253048,6.986243764,442,21,9,8,38,505,12,2,1,15,480,520,216,24,201,12
21,1000,40,5.13,10.3,18,37,81,955,29,12,4,45,8.015302188,221,204,23.65647262,23.38162729,9.142675585,6.932139512,463,16,9,2,27,492,13,3,2,18,490,510,186,18,202,19
22,1000,40,5.13,10.3,18,37,82,960,22,11,7,40,8.026056849,182,186,24.10570695,24.72961304,9.049472085,6.994421411,475,14,6,7,27,485,8,5,0,13,502,498,164,22,165,17
20,1000,40,5.13,10.3,18,37,82,956,27,7,10,44,8.046188267,214,223,28.38977111,28.68360254,9.301718298,6.90566862,438,24,5,9,38,518,3,2,1,6,476,524,203,20,200,14
24,1000,40,5.13,10.3,18,37,46,950,27,14,9,50,8.351280373,120,124,11.86416311,11.69107163,8.311686605,8.390716083,469,18,8,4,30,481,9,6,5,20,499,501,96,28,88,32
17,1000,40,5.13,10.3,18,37,88,949,29,13,9,51,8.5347825,181,201,22.58240451,22.99498613,9.755445876,7.254086499,477,20,8,7,35,472,9,5,2,16,512,488,178,23,173,8
23,1000,40,5.13,10.3,18,37,81,945,38,9,8,55,8.357691277,203,220,29.66095689,30.52484211,9.711446,7.046574498,454,24,7,7,38,491,14,2,1,17,492,508,193,27,187,16
19,1000,40,5.13,10.3,18,37,86,948,35,9,8,52,8.240414877,217,233,34.18072313,35.69949858,9.706998703,6.825694526,450,28,5,8,41,498,7,4,0,11,491,509,211,22,202,15
18,1000,40,5.13,10.3,18,37,87,947,33,11,9,53,8.421615739,228,226,30.73904502,29.37727624,10.02032469,6.945884401,442,21,9,8,38,505,12,2,1,15,480,520,196,30,215,13
21,1000,40,5.13,10.3,18,37,82,955,29,12,4,45,7.989894282,225,214,24.32411056,24.07222206,9.15868954,6.866934133,463,16,9,2,27,492,13,3,2,18,490,510,186,28,201,24
22,1000,40,5.13,10.3,18,37,83,958,23,12,7,42,8.037328737,182,202,25.07005176,25.79078248,9.081416257,6.984854972,474,14,7,7,28,484,9,5,0,14,502,498,178,24,170,12
20,1000,40,5.13,10.3,18,37,83,955,28,6,11,45,8.069566394,222,234,29.17654263,29.50386,9.326961653,6.92735238,437,25,4,10,39,518,3,2,1,6,476,524,221,13,205,17
17,1000,40,5.13,10.3,18,37,89,949,30,12,9,51,8.541251188,190,195,23.21822309,23.74617164,9.800188262,7.220399175,477,20,8,7,35,472,10,4,2,16,512,488,176,19,175,15
24,1000,40,5.13,10.3,18,37,47,949,28,14,9,51,8.366746477,139,131,11.97454544,11.80449969,8.356487367,8.376964632,469,18,8,4,30,480,10,6,5,21,499,501,93,38,120,19
23,1000,40,5.13,10.3,18,37,82,945,38,9,8,55,8.350351278,221,208,30.49373281,31.45582427,9.768826775,6.976552174,454,24,7,7,38,491,14,2,1,17,492,508,189,19,199,22
19,1000,40,5.13,10.3,18,37,87,948,35,9,8,52,8.205006385,213,226,36.77000667,38.32266152,9.72639145,6.737422756,450,28,5,8,41,498,7,4,0,11,491,509,204,22,200,13
18,1000,40,5.13,10.3,18,37,88,946,34,11,9,54,8.419625249,219,233,31.96577455,30.38756452,10.04248561,6.921600299,441,22,9,8,39,505,12,2,1,15,480,520,213,20,208,11
22,1000,40,5.13,10.3,18,37,84,956,25,12,7,44,8.064054447,200,201,26.23671312,27.08853449,9.148127979,6.971273498,473,15,7,7,29,483,10,5,0,15,502,498,184,17,182,18
21,1000,40,5.13,10.3,18,37,83,956,28,12,4,44,7.979451707,206,209,25.07064892,24.77015135,9.210179326,6.796987916,463,16,9,2,27,493,12,3,2,17,490,510,184,25,193,13
20,1000,40,5.13,10.3,18,37,84,955,27,6,12,45,8.068459479,217,234,30.60877005,31.01458632,9.404037842,6.855224172,437,24,4,11,39,518,3,2,1,6,476,524,216,18,200,17
17,1000,40,5.13,10.3,18,37,90,950,29,12,9,50,8.543648365,197,192,23.87171852,24.32401849,9.834894133,7.188898708,478,19,8,7,34,472,10,4,2,16,512,488,180,12,176,21
23,1000,40,5.13,10.3,18,37,83,945,38,9,8,55,8.349379268,222,213,31.28987878,32.32931494,9.76968242,6.973810073,454,24,7,7,38,491,14,2,1,17,492,508,199,14,207,15
19,1000,40,5.13,10.3,18,37,88,948,35,9,8,52,8.209179535,225,215,39.47115277,41.15655812,9.771417299,6.7021879,450,28,5,8,41,498,7,4,0,11,491,509,198,17,208,17
24,1000,40,5.13,10.3,18,37,48,949,28,15,8,51,8.38518685,121,130,12.07317215,11.915792,8.409395118,8.361075223,469,17,9,4,30,480,11,6,4,21,499,501,92,38,99,22
18,1000,40,5.13,10.3,18,37,89,944,37,11,8,56,8.450912252,230,238,33.41801655,31.83719244,10.12844151,6.902423707,440,23,9,8,40,504,14,2,0,16,480,520,221,17,215,15
22,1000,40,5.13,10.3,18,37,85,956,25,12,7,44,8.066941271,190,187,27.48773849,28.52215976,9.176053798,6.94892021,473,15,7,7,29,483,10,5,0,15,502,498,168,19,177,13
21,1000,40,5.13,10.3,18,37,84,956,28,12,4,44,7.996220943,214,206,25.82035713,25.50388172,9.243460132,6.797893095,463,16,9,2,27,493,12,3,2,17,490,510,188,18,199,15
20,1000,40,5.13,10.3,18,37,85,955,27,6,12,45,8.053995813,233,236,31.76177826,32.2115774,9.414517436,6.818102125,437,24,4,11,39,518,3,2,1,6,476,524,211,25,220,13
17,1000,40,5.13,10.3,18,37,91,950,29,12,9,50,8.555119523,196,190,24.94032555,25.22743918,9.861603663,7.184382064,478,19,8,7,34,472,10,4,2,16,512,488,176,14,180,16
23,1000,40,5.13,10.3,18,37,84,945,37,9,9,55,8.354591156,213,234,32.69704395,33.92414923,9.819831044,6.935500556,453,24,7,8,39,492,13,2,1,16,492,508,207,27,200,13
19,1000,40,5.13,10.3,18,37,89,950,34,8,8,50,8.193978811,228,218,41.78284496,43.64959105,9.801746377,6.643067466,451,27,5,8,40,499,7,3,0,10,491,509,200,18,212,16
24,1000,40,5.13,10.3,18,37,49,949,28,14,9,51,8.386079119,132,120,12.17308915,12.01320755,8.381409503,8.390730095,470,17,8,4,29,479,11,6,5,22,499,501,91,29,103,29
18,1000,40,5.13,10.3,18,37,90,945,36,11,8,55,8.436058841,212,229,34.91343288,33.14877241,10.1729562,6.832768975,439,24,9,8,41,506,12,2,0,14,480,520,207,22,196,16
22,1000,40,5.13,10.3,18,37,86,955,26,12,7,45,8.077977112,198,200,28.69467495,29.97633979,9.23122753,6.915463638,473,15,7,7,29,482,11,5,0,16,502,498,184,16,185,13
21,1000,40,5.13,10.3,18,37,85,956,28,11,5,44,7.984315996,219,220,26.26285826,25.95880065,9.281677609,6.737831309,462,17,9,2,28,494,11,2,3,16,490,510,205,15,204,15
20,1000,40,5.13,10.3,18,37,86,955,27,6,12,45,8.060449242,231,244,33.06852214,33.55789501,9.498497609,6.754130497,437,24,4,11,39,518,3,2,1,6,476,524,223,21,223,8
17,1000,40,5.13,10.3,18,37,92,950,28,13,9,50,8.590559575,196,204,25.67615215,25.86901321,9.907678442,7.20866437,478,18,9,7,34,472,10,4,2,16,512,488,176,28,183,13
23,1000,40,5.13,10.3,18,37,85,945,36,10,9,55,8.380799365,209,222,34.2780937,35.45398928,9.870450554,6.938066323,453,24,7,8,39,492,12,3,1,16,492,508,204,18,195,14
19,1000,40,5.13,10.3,18,37,90,950,33,9,8,50,8.189814254,244,237,43.31874721,45.61944253,9.858627627,6.580015892,451,26,6,8,40,499,7,3,0,10,491,509,213,24,232,12
18,1000,40,5.13,10.3,18,37,91,945,36,11,8,55,8.423042667,223,233,36.47394177,34.62822119,10.18712692,6.794657203,439,24,9,8,41,506,12,2,0,14,480,520,214,19,216,7
22,1000,40,5.13,10.3,18,37,87,954,27,12,7,46,8.09952702,202,202,29.83045611,31.09496642,9.270980375,6.918664402,472,16,7,7,30,482,11,5,0,16,502,498,189,13,188,14
21,1000,40,5.13,10.3,18,37,86,955,29,11,5,45,8.02123162,216,220,26.81224013,26.52634027,9.310089991,6.782916716,462,17,9,2,28,493,12,2,3,17,490,510,202,18,199,17
24,1000,40,5.13,10.3,18,37,50,949,29,13,9,51,8.386692089,128,119,12.28616153,12.16937439,8.436105932,8.337475507,468,19,8,4,31,481,10,5,5,20,499,501,81,38,109,19
20,1000,40,5.13,10.3,18,37,87,955,28,6,11,45,8.016935612,243,266,34.63171724,35.0471028,9.452221586,6.713126216,437,24,4,11,39,518,4,2,0,6,476,524,239,27,221,22
17,1000,40,5.13,10.3,18,37,93,949,28,14,9,51,8.620182081,191,200,26.56221863,26.58633685,9.987986224,7.185108883,476,19,10,7,36,473,9,4,2,15,512,488,178,22,181,10
23,1000,40,5.13,10.3,18,37,86,945,36,10,9,55,8.377771673,222,226,35.98455133,37.0779757,9.912761209,6.891128264,452,25,7,8,40,493,11,3,1,15,492,508,205,21,203,19
19,1000,40,5.13,10.3,18,37,91,949,34,9,8,51,8.185927456,241,232,45.94939452,48.44228643,9.873846138,6.557699416,451,26,6,8,40,498,8,3,0,11,491,509,217,15,223,18
18,1000,40,5.13,10.3,18,37,92,946,34,12,8,54,8.414713643,237,260,37.84498336,36.07995308,10.22604867,6.742712078,439,23,10,8,41,507,11,2,0,13,480,520,240,20,226,11
22,1000,40,5.13,10.3,18,37,88,955,27,11,7,45,8.125894761,177,197,31.05588613,32.36338475,9.368049107,6.873763271,472,16,7,7,30,483,11,4,0,15,502,498,178,19,164,13
21,1000,40,5.13,10.3,18,37,87,955,29,11,5,45,8.030901613,214,198,27.52801687,27.25880829,9.318030627,6.794248248,462,17,9,2,28,493,12,2,3,17,490,510,176,22,201,13
24,1000,40,5.13,10.3,18,37,51,950,28,13,9,50,8.407168144,122,133,12.4077505,12.32184241,8.482255456,8.332380582,468,19,8,4,31,482,9,5,5,19,499,501,102,31,106,16
20,1000,40,5.13,10.3,18,37,88,955,28,6,11,45,7.998807511,232,248,36.03130243,36.45893442,9.517047867,6.619642608,437,24,4,11,39,518,4,2,0,6,476,524,235,13,222,10
17,1000,40,5.13,10.3,18,37,94,947,29,15,9,53,8.631003582,209,205,27.50512934,27.40443184,10.02348979,7.170034446,474,20,11,7,38,473,9,4,2,15,512,488,184,21,196,13
23,1000,40,5.13,10.3,18,37,87,943,38,10,9,57,8.421045998,232,222,37.45493567,38.61891799,9.973900645,6.917100159,452,25,7,8,40,491,13,3,1,17,492,508,199,23,215,17
19,1000,40,5.13,10.3,18,37,92,950,33,9,8,50,8.163723446,254,236,49.44904771,52.13484528,9.924189705,6.465513362,451,26,6,8,40,499,7,3,0,10,491,509,206,30,240,14
22,1000,40,5.13,10.3,18,37,89,955,27,11,7,45,8.148852979,211,198,32.26427648,33.66132123,9.437294883,6.850062144,472,16,7,7,30,483,11,4,0,15,502,498,178,20,202,9
18,1000,40,5.13,10.3,18,37,93,947,33,13,7,53,8.391952401,234,239,39.64155754,37.86620351,10.21196233,6.711943232,439,23,11,7,41,508,10,2,0,12,480,520,222,17,222,12
21,1000,40,5.13,10.3,18,37,88,956,28,11,5,44,8.060597674,229,242,28.27711497,27.95777217,9.397038999,6.776565814,462,17,9,2,28,494,11,2,3,16,490,510,216,26,212,17
20,1000,40,5.13,10.3,18,37,89,955,28,5,12,45,8.017781925,235,279,37.04764796,37.4903566,9.60265652,6.578086681,437,24,3,12,39,518,4,2,0,6,476,524,258,21,222,13
24,1000,40,5.13,10.3,18,37,52,952,26,12,10,48,8.392215044,120,133,12.49383013,12.44705501,8.506139575,8.278745301,469,18,7,5,30,483,8,5,5,18,499,501,102,31,97,23
17,1000,40,5.13,10.3,18,37,95,946,30,15,9,54,8.629078978,211,231,28.1566835,27.96584166,10.05907221,7.12875821,474,20,11,7,38,472,10,4,2,16,512,488,204,27,201,10
23,1000,40,5.13,10.3,18,37,88,944,37,10,9,56,8.39572884,241,247,38.95172977,39.93507309,9.991457915,6.85025895,452,25,7,8,40,492,12,3,1,16,492,508,223,24,226,15
19,1000,40,5.13,10.3,18,37,93,949,34,9,8,51,8.155655846,255,236,51.87486787,54.68496519,9.964574842,6.41070648,450,27,6,8,41,499,7,3,0,10,491,509,217,19,234,21
22,1000,40,5.13,10.3,18,37,90,956,26,11,7,44,8.12769097,197,220,33.33429608,34.82433349,9.464620952,6.780022594,472,16,7,7,30,484,10,4,0,14,502,498,201,19,182,15
18,1000,40,5.13,10.3,18,37,94,946,34,13,7,54,8.371994595,249,266,41.21218606,39.52841608,10.23154896,6.655482872,437,25,11,7,43,509,9,2,0,11,480,520,254,12,235,14
21,1000,40,5.13,10.3,18,37,89,956,27,11,6,44,8.075948382,224,233,29.2555737,28.87877273,9.453103182,6.752799652,462,16,9,3,28,494,11,2,3,16,490,510,211,22,208,16
20,1000,40,5.13,10.3,18,37,90,956,27,5,12,44,8.015210231,240,278,38.03274205,38.54302207,9.633525887,6.54513723,437,24,3,12,39,519,3,2,0,5,476,524,251,27,232,8
17,1000,40,5.13,10.3,18,37,96,943,32,16,9,57,8.66292093,203,220,29.40654692,29.07148469,10.13128084,7.122346601,472,21,12,7,40,471,11,4,2,17,512,488,213,7,189,14
24,1000,40,5.13,10.3,18,37,53,952,28,11,9,48,8.370855422,140,126,12.61762731,12.58536014,8.486916028,8.255258132,470,19,6,4,29,482,9,5,5,19,499,501,90,36,118,22
23,1000,40,5.13,10.3,18,37,89,944,35,12,9,56,8.39884411,239,240,40.88519659,41.79158547,10.05182675,6.79792392,452,24,8,8,40,492,11,4,1,16,492,508,222,18,225,14
19,1000,40,5.13,10.3,18,37,94,949,34,9,8,51,8.145928032,263,245,53.74814985,56.73054499,10.00030358,6.357129611,450,27,6,8,41,499,7,3,0,10,491,509,231,14,248,15
22,1000,40,5.13,10.3,18,37,91,956,26,11,7,44,8.133436598,222,236,34.56888152,36.35047479,9.469772054,6.786367525,472,16,7,7,30,484,10,4,0,14,502,498,214,22,210,12
18,1000,40,5.13,10.3,18,37,95,945,35,13,7,55,8.384014388,233,264,42.65589605,41.15045376,10.29671953,6.61844041,437,25,11,7,43,508,10,2,0,12,480,520,252,12,225,8
21,1000,40,5.13,10.3,18,37,90,957,27,11,5,43,8.079933314,226,225,30.13670078,29.65655004,9.511437659,6.704566394,462,16,9,3,28,495,11,2,2,15,490,510,198,27,216,10
20,1000,40,5.13,10.3,18,37,91,956,26,6,12,44,8.020246775,242,251,39.47907531,39.92986651,9.645939557,6.543472415,437,23,4,12,39,519,3,2,0,5,476,524,228,23,234,8
17,1000,40,5.13,10.3,18,37,97,943,32,16,9,57,8.680619468,205,202,31.40017001,30.54190455,10.16010183,7.128375683,471,22,12,7,41,472,10,4,2,16,512,488,185,17,193,12
19,1000,40,5.13,10.3,18,37,95,948,34,10,8,52,8.182570048,251,253,57.44307303,60.50863552,10.06411862,6.367559542,448,28,7,8,43,500,6,3,0,9,491,509,234,19,241,10
23,1000,40,5.13,10.3,18,37,90,943,36,12,9,57,8.381694184,240,248,41.93702862,42.88797873,10.05204645,6.763951436,452,24,8,8,40,491,12,4,1,17,492,508,219,29,222,18
24,1000,40,5.13,10.3,18,37,54,950,29,12,9,50,8.353463351,142,123,12.72478534,12.69578293,8.521960805,8.185638541,470,18,7,4,29,480,11,5,5,21,499,501,94,29,119,23
22,1000,40,5.13,10.3,18,37,92,956,25,12,7,44,8.137839934,219,229,36.28046677,38.04890638,9.481207569,6.783682198,472,15,8,7,30,484,10,4,0,14,502,498,210,19,197,22
18,1000,40,5.13,10.3,18,37,96,944,36,13,7,56,8.373751342,248,261,44.27319717,43.02236665,10.2931033,6.602041847,437,25,11,7,43,507,11,2,0,13,480,520,240,21,232,16
21,1000,40,5.13,10.3,18,37,91,956,28,11,5,44,8.097065849,216,257,31.02485133,30.59747212,9.579215807,6.673039419,461,17,9,3,29,495,11,2,2,15,490,510,237,20,206,10
20,1000,40,5.13,10.3,18,37,92,956,27,5,12,44,8.004874395,262,263,40.98549625,41.40783336,9.679824325,6.483354994,437,23,4,12,39,519,4,1,0,5,476,524,242,21,247,15
17,1000,40,5.13,10.3,18,37,98,943,32,16,9,57,8.692556009,206,230,32.52035448,31.73297057,10.19509101,7.116125845,471,22,12,7,41,472,10,4,2,16,512,488,209,21,194,12
19,1000,40,5.13,10.3,18,37,96,949,33,10,8,51,8.205718654,258,257,61.47075936,64.97414911,10.09015146,6.387925905,449,27,7,8,42,500,6,3,0,9,491,509,241,16,249,9
23,1000,40,5.13,10.3,18,37,91,939,39,12,10,61,8.439094391,223,247,43.55777315,44.52376024,10.18088392,6.752164375,448,27,8,9,44,491,12,4,1,17,492,508,234,13,211,12
22,1000,40,5.13,10.3,18,37,93,958,23,12,7,42,8.151889792,210,236,37.68909067,39.71054737,9.57661765,6.715718336,472,14,9,7,30,486,9,3,0,12,502,498,217,19,196,14
18,1000,40,5.13,10.3,18,37,97,943,37,13,7,57,8.357599121,254,247,46.71022224,45.56854316,10.36130749,6.508022166,436,26,11,7,44,507,11,2,0,13,480,520,233,14,237,17
24,1000,40,5.13,10.3,18,37,55,949,30,12,9,51,8.357443939,133,150,12.77642659,12.78221696,8.52139698,8.194145402,470,18,7,4,29,479,12,5,5,22,499,501,112,38,114,19
21,1000,40,5.13,10.3,18,37,92,955,29,11,5,45,8.106500409,241,221,31.98314867,31.52365459,9.629701476,6.643032717,459,19,9,3,31,496,10,2,2,14,490,510,209,12,226,15
20,1000,40,5.13,10.3,18,37,93,957,27,5,11,43,8.011658106,265,256,41.92526739,42.53816362,9.66497431,6.509790715,438,23,4,11,38,519,4,1,0,5,476,524,239,17,239,26
17,1000,40,5.13,10.3,18,37,99,942,32,17,9,58,8.673330511,201,219,34.34880232,33.19386293,10.21483856,7.056010595,470,22,13,7,42,472,10,4,2,16,512,488,195,24,184,17
19,1000,40,5.13,10.3,18,37,97,950,32,10,8,50,8.181895613,263,256,63.4077353,66.57551828,10.09441265,6.337011791,449,27,7,8,42,501,5,3,0,8,491,509,238,18,252,11
23,1000,40,5.13,10.3,18,37,92,939,39,12,10,61,8.437645502,233,239,45.33138896,46.35518118,10.21549348,6.715792739,448,27,8,9,44,491,12,4,1,17,492,508,223,16,217,16
22,1000,40,5.13,10.3,18,37,94,957,24,12,7,43,8.147254328,222,224,38.89590613,41.17441125,9.605024698,6.677774959,472,14,9,7,30,485,10,3,0,13,502,498,202,22,206,16
18,1000,40,5.13,10.3,18,37,98,945,35,13,7,55,8.310487774,264,261,49.17830084,48.33587408,10.35764681,6.420802513,437,25,11,7,43,508,10,2,0,12,480,520,245,16,251,13
24,1000,40,5.13,10.3,18,37,56,949,30,12,9,51,8.364310776,138,143,12.92140621,12.9395357,8.529922157,8.199360519,470,18,7,4,29,479,12,5,5,22,499,501,109,34,116,22
21,1000,40,5.13,10.3,18,37,93,955,28,12,5,45,8.133958963,244,264,32.72436036,32.31629803,9.704077826,6.62541339,459,18,10,3,31,496,10,2,2,14,490,510,237,27,231,13
20,1000,40,5.13,10.3,18,37,94,956,28,5,11,44,8.010627509,245,259,43.2959105,43.77339439,9.746365522,6.433888398,437,24,4,11,39,519,4,1,0,5,476,524,247,12,238,7
17,1000,40,5.13,10.3,18,37,100,941,33,18,8,59,8.695849535,225,206,36.72156354,35.15180034,10.28176515,7.031938065,469,23,13,7,43,472,10,5,1,16,512,488,189,17,209,16
19,1000,40,5.13,10.3,18,37,98,949,33,10,8,51,8.180715888,279,263,66.11433143,69.59435594,10.13584265,6.294729166,448,28,7,8,43,501,5,3,0,8,491,509,235,28,266,13
23,1000,40,5.13,10.3,18,37,93,939,39,12,10,61,8.456159784,254,246,47.4237645,48.39380973,10.25126009,6.717598075,447,28,8,9,45,492,11,4,1,16,492,508,219,27,238,16
22,1000,40,5.13,10.3,18,37,95,958,22,13,7,42,8.155591588,228,238,40.23291221,42.81093068,9.639189782,6.660076942,471,14,10,7,31,487,8,3,0,11,502,498,216,22,215,13
18,1000,40,5.13,10.3,18,37,99,944,36,13,7,56,8.306065478,250,265,51.60571343,51.25420475,10.40201038,6.371347103,437,25,11,7,43,507,11,2,0,13,480,520,255,10,239,11
21,1000,40,5.13,10.3,18,37,94,955,28,9,8,45,8.150015019,240,247,33.80409946,33.27847389,9.801259528,6.563525196,459,18,7,6,31,496,10,2,2,14,490,510,223,24,230,10
24,1000,40,5.13,10.3,18,37,57,949,30,11,10,51,8.369411173,136,142,13.06190649,13.06853401,8.560414865,8.179169971,470,18,6,5,29,479,12,5,5,22,499,501,110,32,120,16
20,1000,40,5.13,10.3,18,37,95,956,28,5,11,44,7.987968449,275,262,45.3047669,45.92381584,9.792408928,6.348820228,437,24,4,11,39,519,4,1,0,5,476,524,240,22,257,18
17,1000,40,5.13,10.3,18,37,101,941,32,18,9,59,8.688886039,216,224,40.12813131,37.93455012,10.3219166,6.975542503,469,22,13,8,43,472,10,5,1,16,512,488,205,19,205,11
19,1000,40,5.13,10.3,18,37,99,947,35,10,8,53,8.194544625,278,273,68.90072334,71.7961485,10.18865578,6.270952135,447,29,7,8,44,500,6,3,0,9,491,509,255,18,259,19
23,1000,40,5.13,10.3,18,37,94,938,39,13,10,62,8.473261457,258,253,48.99592304,50.16676173,10.35117578,6.65449404,446,28,9,9,46,492,11,4,1,16,492,508,236,17,243,15
22,1000,40,5.13,10.3,18,37,96,958,21,14,7,42,8.155670933,243,222,42.17399466,45.01856568,9.671272352,6.627896009,470,14,11,7,32,488,7,3,0,10,502,498,208,14,224,19
18,1000,40,5.13,10.3,18,37,100,944,36,13,7,56,8.330018309,273,286,54.60983257,55.16694893,10.44631536,6.376513339,437,25,11,7,43,507,11,2,0,13,480,520,273,13,256,17
21,1000,40,5.13,10.3,18,37,95,955,28,9,8,45,8.166242254,255,267,34.92129714,34.27776382,9.861119275,6.537830999,459,18,7,6,31,496,10,2,2,14,490,510,247,20,239,16
20,1000,40,5.13,10.3,18,37,96,956,28,5,11,44,7.961065889,279,280,47.16107451,47.99198022,9.807828601,6.28347228,437,24,4,11,39,519,4,1,0,5,476,524,261,19,254,25
24,1000,40,5.13,10.3,18,37,58,948,30,12,10,52,8.357299988,124,133,13.19638436,13.21010854,8.594158068,8.121387449,470,18,6,5,29,478,12,6,5,23,499,501,106,27,109,15
17,1000,40,5.13,10.3,18,37,102,942,31,18,9,58,8.648690604,224,221,42.41245616,39.95129201,10.31845634,6.896805243,470,21,13,8,42,472,10,5,1,16,512,488,199,22,212,12
19,1000,40,5.13,10.3,18,37,100,945,36,11,8,55,8.218453776,274,285,76.96293317,78.82244323,10.25609257,6.252872933,446,30,7,8,45,499,6,4,0,10,491,509,262,23,258,16
23,1000,40,5.13,10.3,18,37,95,938,39,11,12,62,8.499700055,265,262,51.70560662,53.13607065,10.42133559,6.638588469,445,29,7,11,47,493,10,4,1,15,492,508,238,24,248,17
22,1000,40,5.13,10.3,18,37,97,957,20,16,7,43,8.128304211,244,240,43.81838915,46.87814929,9.735650412,6.508047599,469,13,13,7,33,488,7,3,0,10,502,498,219,21,227,17
18,1000,40,5.13,10.3,18,37,101,943,37,13,7,57,8.341200479,281,291,56.99179473,58.48936372,10.50433408,6.34446177,436,26,11,7,44,507,11,2,0,13,480,520,271,20,270,11
21,1000,40,5.13,10.3,18,37,96,952,32,9,7,48,8.184593433,245,271,35.96910104,35.28570883,9.905744463,6.530938522,459,18,7,6,31,493,14,2,1,17,490,510,250,21,235,10
20,1000,40,5.13,10.3,18,37,97,955,29,5,11,45,7.948446551,276,284,49.06927689,49.90360239,9.858927769,6.212971247,436,25,4,11,40,519,4,1,0,5,476,524,268,16,264,12
17,1000,40,5.13,10.3,18,37,103,942,31,18,9,58,8.658918333,256,228,45.99691809,42.88367369,10.38966748,6.843050373,469,22,13,8,43,473,9,5,1,15,512,488,205,23,244,12
24,1000,40,5.13,10.3,18,37,59,949,30,11,10,51,8.359146733,132,147,13.27770551,13.35399054,8.635422071,8.083974292,470,18,6,5,29,479,12,5,5,22,499,501,118,29,110,22
19,1000,40,5.13,10.3,18,37,101,945,36,11,8,55,8.229331227,273,271,90.13781651,91.62317201,10.31783003,6.214688966,446,30,7,8,45,499,6,4,0,10,491,509,257,14,262,11
23,1000,40,5.13,10.3,18,37,96,937,40,11,12,63,8.50643305,266,259,54.86021413,56.26620079,10.47501367,6.599854972,444,30,7,11,48,493,10,4,1,15,492,508,245,14,253,13
22,1000,40,5.13,10.3,18,37,98,957,20,16,7,43,8.121797824,242,235,45.45284062,48.51144234,9.720200025,6.510557052,469,13,13,7,33,488,7,3,0,10,502,498,222,13,223,19
18,1000,40,5.13,10.3,18,37,102,942,39,13,6,58,8.324811391,283,286,60.20841196,62.7876587,10.49548043,6.321116898,435,28,11,6,45,507,11,2,0,13,480,520,268,18,268,15
21,1000,40,5.13,10.3,18,37,97,953,31,9,7,47,8.186571622,253,251,37.17946919,36.40604961,9.91731982,6.523695902,459,18,7,6,31,494,13,2,1,16,490,510,233,18,240,13
20,1000,40,5.13,10.3,18,37,98,954,30,5,11,46,7.952592485,267,298,50.76132274,51.67960524,9.900330572,6.183273155,436,25,4,11,40,518,5,1,0,6,476,524,277,21,259,8
17,1000,40,5.13,10.3,18,37,104,944,29,18,9,56,8.589802471,245,243,48.80369327,45.34798615,10.38966748,6.701419508,469,22,13,8,43,475,7,5,1,13,512,488,228,15,230,15
25,1000,40,5.13,10.3,18,37,0,933,32,18,17,67,7.284,93,81,9.960064624,9.179085566,6.531496063,8.06097561,480,14,10,4,28,453,18,8,13,39,508,492,49,32,76,17
19,1000,40,5.13,10.3,18,37,102,943,36,13,8,57,8.224904146,272,292,93.13530207,94.30461807,10.38881812,6.137513656,445,29,9,8,46,498,7,4,0,11,491,509,265,27,254,18
24,1000,40,5.13,10.3,18,37,60,951,30,9,10,49,8.329177241,154,137,13.37988939,13.48054516,8.66514366,7.994552006,470,18,6,5,29,481,12,3,5,20,499,501,116,21,137,17
22,1000,40,5.13,10.3,18,37,99,957,19,17,7,43,8.125968053,224,271,47.59157474,50.81492493,9.76942972,6.469305891,469,13,13,7,33,488,6,4,0,10,502,498,243,28,217,7
23,1000,40,5.13,10.3,18,37,97,939,37,12,12,61,8.467431958,264,279,59.22060277,60.35182531,10.48727435,6.511206646,445,28,8,11,47,494,9,4,1,14,492,508,260,19,244,20
18,1000,40,5.13,10.3,18,37,103,941,38,15,6,59,8.302102715,285,299,63.89998094,66.32008831,10.52990179,6.245672797,434,27,13,6,46,507,11,2,0,13,480,520,285,14,275,10
21,1000,40,5.13,10.3,18,37,98,953,30,10,7,47,8.17631331,238,281,38.45716093,37.68219999,9.947451668,6.474631358,459,18,7,6,31,494,12,3,1,16,490,510,260,21,231,7
20,1000,40,5.13,10.3,18,37,99,953,29,6,12,47,7.966868392,306,282,52.5773524,53.64184632,9.942581764,6.172136398,436,24,5,11,40,517,5,1,1,7,476,524,266,16,287,19
25,1000,40,5.13,10.3,18,37,1,934,32,17,17,66,7.288744373,96,99,9.96146454,9.211716258,6.521852141,8.080576189,480,14,10,4,28,454,18,7,13,38,508,492,61,38,65,31
19,1000,40,5.13,10.3,18,37,103,943,36,13,8,57,8.206453856,293,256,96.18526737,96.84750279,10.41903651,6.072115773,445,29,9,8,46,498,7,4,0,11,491,509,241,15,277,16
23,1000,40,5.13,10.3,18,37,98,939,37,12,12,61,8.479362339,276,257,62.88022974,63.95241607,10.52493995,6.498212367,445,28,8,11,47,494,9,4,1,14,492,508,236,21,259,17
22,1000,40,5.13,10.3,18,37,100,957,19,17,7,43,8.156539067,252,250,49.71763803,53.21582323,9.870719729,6.428589886,469,13,13,7,33,488,6,4,0,10,502,498,232,18,243,9
24,1000,40,5.13,10.3,18,37,61,951,31,8,10,49,8.309823837,133,147,13.56284314,13.70183507,8.683579918,7.937559796,469,19,6,5,30,482,12,2,5,19,499,501,120,27,112,21
18,1000,40,5.13,10.3,18,37,104,941,38,15,6,59,8.289140934,282,298,68.72377099,72.91558,10.57349093,6.18051017,433,28,13,6,47,508,10,2,0,12,480,520,274,24,271,11
26,1000,40,5.13,10.3,18,37,0,928,29,30,13,72,7.492,95,108,9.998023763,9.240558934,6.640232108,8.403726708,498,9,9,1,19,430,20,21,12,53,517,483,58,50,63,32
21,1000,40,5.13,10.3,18,37,99,955,28,10,7,45,8.119660172,259,268,39.58978905,38.89008325,9.966094921,6.345634629,459,18,7,6,31,496,10,3,1,14,490,510,241,27,249,10
20,1000,40,5.13,10.3,18,37,100,952,30,6,12,48,7.967239616,294,296,54.55634444,56.04527057,9.98028953,6.138591221,436,24,5,11,40,516,6,1,1,8,476,524,275,21,284,10
25,1000,40,5.13,10.3,18,37,2,934,32,17,17,66,7.319324134,94,117,9.983783127,9.257629149,6.562445852,8.100816343,480,14,10,4,28,454,18,7,13,38,508,492,68,49,60,34
19,1000,40,5.13,10.3,18,37,104,945,34,13,8,55,8.162611969,297,296,100.0336518,100.9989844,10.41679098,5.988148525,445,29,9,8,46,500,5,4,0,9,491,509,276,20,278,19
27,1000,40,5.13,10.3,18,37,0,936,26,18,20,64,7.228,98,109,10.06313217,9.251537819,6.118236473,8.333333333,478,9,5,7,21,458,17,13,13,43,499,501,63,46,71,27
23,1000,40,5.13,10.3,18,37,99,939,36,13,12,61,8.472293594,288,267,68.97875573,69.60260288,10.51866981,6.49037017,446,26,9,11,46,493,10,4,1,15,492,508,245,22,272,16
22,1000,40,5.13,10.3,18,37,101,958,18,17,7,42,8.133187741,273,249,52.46951742,56.33928819,9.896305052,6.355908846,470,12,13,7,32,488,6,4,0,10,502,498,237,12,258,15
24,1000,40,5.13,10.3,18,37,62,952,31,8,9,48,8.312234853,165,144,13.72796799,13.8891114,8.726204723,7.899917557,470,18,6,5,29,482,13,2,4,19,499,501,113,31,139,26
26,1000,40,5.13,10.3,18,37,1,931,28,27,14,69,7.521415197,104,95,10.00660535,9.300178034,6.69310014,8.408038146,498,9,9,1,19,433,19,18,13,50,517,483,58,37,65,39
21,1000,40,5.13,10.3,18,37,100,954,29,10,7,46,8.120256932,261,279,40.98345952,40.21526837,10.00754195,6.30698309,458,19,7,6,32,496,10,3,1,14,490,510,263,16,250,11
20,1000,40,5.13,10.3,18,37,101,952,30,6,12,48,7.987663321,300,309,56.96049292,58.61479663,10.02915849,6.133175343,436,24,5,11,40,516,6,1,1,8,476,524,293,16,287,13
25,1000,40,5.13,10.3,18,37,3,936,31,16,17,64,7.334616458,87,97,9.994775134,9.287110983,6.582859786,8.110820501,480,14,10,4,28,456,17,6,13,36,508,492,59,38,63,24
27,1000,40,5.13,10.3,18,37,1,936,26,18,20,64,7.244785282,90,106,10.05727307,9.259562445,6.154510094,8.330708074,478,9,5,7,21,458,17,13,13,43,499,501,56,50,61,29
22,1000,40,5.13,10.3,18,37,102,957,19,17,7,43,8.137692329,265,270,56.59696816,60.35360372,9.972213677,6.28843587,469,13,13,7,33,488,6,4,0,10,502,498,253,17,252,13
23,1000,40,5.13,10.3,18,37,100,940,35,13,12,60,8.459306789,266,283,74.44843405,75.86725958,10.54651841,6.437834113,446,26,9,11,46,494,9,4,1,14,492,508,262,21,259,7
26,1000,40,5.13,10.3,18,37,2,932,28,26,14,68,7.561181454,95,90,10.03475206,9.384193524,6.764220506,8.414243172,498,9,9,1,19,434,19,17,13,49,517,483,50,40,70,25
21,1000,40,5.13,10.3,18,37,101,953,30,10,7,47,8.151709398,272,282,42.54111834,41.69828167,10.0877055,6.291634717,458,19,7,6,32,495,11,3,1,15,490,510,264,18,262,10
24,1000,40,5.13,10.3,18,37,63,952,31,8,9,48,8.332112242,136,141,13.85217186,14.04025851,8.767930144,7.898034132,470,18,6,5,29,482,13,2,4,19,499,501,104,37,120,16
20,1000,40,5.13,10.3,18,37,102,953,28,7,12,47,7.992377994,302,290,59.38519129,61.18259123,10.08676701,6.089841408,436,22,7,11,40,517,6,0,1,7,476,524,272,18,291,11
25,1000,40,5.13,10.3,18,37,4,935,33,16,16,65,7.32154116,99,99,10.02781806,9.322266996,6.612761565,8.053370499,480,14,10,4,28,455,19,6,12,37,508,492,58,41,72,27
22,1000,40,5.13,10.3,18,37,103,955,20,18,7,45,8.17631854,245,252,60.29801172,64.07685949,10.03277473,6.304951053,467,14,14,7,35,488,6,4,0,10,502,498,233,19,231,14
27,1000,40,5.13,10.3,18,37,2,937,26,17,20,63,7.214544508,98,112,10.08098819,9.310071196,6.177694916,8.24725498,478,9,5,7,21,459,17,12,13,42,499,501,61,51,63,35
23,1000,40,5.13,10.3,18,37,101,939,37,12,12,61,8.451647412,288,287,79.48505738,81.33683768,10.594947,6.375853322,444,28,9,11,48,495,9,3,1,13,492,508,267,20,268,20
26,1000,40,5.13,10.3,18,37,3,933,27,26,14,67,7.588387332,104,91,10.08829816,9.430950304,6.801417865,8.430754235,498,9,9,1,19,435,18,17,13,48,517,483,49,42,74,30
21,1000,40,5.13,10.3,18,37,102,953,30,10,7,47,8.154764555,270,300,44.2631434,43.33059384,10.12076263,6.265864446,458,19,7,6,32,495,11,3,1,15,490,510,280,20,262,8
24,1000,40,5.13,10.3,18,37,64,951,32,8,9,49,8.36637002,134,147,13.99363469,14.17972199,8.821582201,7.912975054,469,19,6,5,30,482,13,2,4,19,499,501,119,28,123,11
20,1000,40,5.13,10.3,18,37,103,954,28,7,11,46,7.966893573,300,307,61.21235094,62.99013271,10.12994566,6.001983665,436,22,7,11,40,518,6,0,0,6,476,524,290,17,289,11
25,1000,40,5.13,10.3,18,37,5,936,33,16,15,64,7.317854662,102,101,10.06828364,9.366688598,6.638323099,8.019484813,481,13,10,4,27,455,20,6,11,37,508,492,55,46,69,33
22,1000,40,5.13,10.3,18,37,104,954,21,18,7,46,8.160521193,270,260,64.01996939,67.57906186,10.06940519,6.236304798,466,15,14,7,36,488,6,4,0,10,502,498,239,21,262,8
28,1000,40,5.13,10.3,18,37,0,934,35,19,12,66,7.218,97,100,10.07522208,9.088802062,6.802816901,7.628230616,471,15,6,5,26,463,20,13,7,40,497,503,55,45,69,28
27,1000,40,5.13,10.3,18,37,3,939,26,15,20,61,7.229510929,108,104,10.1260702,9.382631162,6.22756781,8.227454275,478,9,5,7,21,461,17,10,13,40,499,501,55,49,71,37
23,1000,40,5.13,10.3,18,37,102,937,39,12,12,63,8.447534986,292,280,89.06892438,91.10778008,10.6318465,6.332020681,443,29,9,11,49,494,10,3,1,14,492,508,264,16,274,18
26,1000,40,5.13,10.3,18,37,4,937,25,24,14,63,7.581209374,105,100,10.13205757,9.503117118,6.816525742,8.399721668,499,10,8,0,18,438,15,16,14,45,517,483,60,40,73,32
21,1000,40,5.13,10.3,18,37,103,954,30,9,7,46,8.125162934,292,290,45.91862614,45.09819328,10.12622339,6.202575433,459,19,6,6,31,495,11,3,1,15,490,510,272,18,277,15
20,1000,40,5.13,10.3,18,37,104,955,27,7,11,45,7.943866666,306,322,64.37777346,66.06911416,10.15856195,5.932044232,436,22,7,11,40,519,5,0,0,5,476,524,308,14,297,9
29,1000,40,5.13,10.3,18,37,0,944,29,14,13,56,7.108,109,109,9.917169037,8.783276754,6.168518519,8.210869565,522,8,5,5,18,422,21,9,8,38,540,460,63,46,70,39
24,1000,40,5.13,10.3,18,37,65,950,32,8,10,50,8.390507355,144,143,14.16785843,14.36946834,8.861582863,7.921312387,468,19,6,6,31,482,13,2,4,19,499,501,112,31,127,17
25,1000,40,5.13,10.3,18,37,6,938,32,15,15,62,7.309314033,100,95,10.09400272,9.40942543,6.635136762,8.005415768,482,12,10,4,26,456,20,5,11,36,508,492,50,45,70,30
27,1000,40,5.13,10.3,18,37,4,940,26,14,20,60,7.273280027,92,111,10.13695145,9.396530407,6.247285508,8.295178759,478,9,5,7,21,462,17,9,13,39,499,501,62,49,58,34
23,1000,40,5.13,10.3,18,37,103,937,39,12,12,63,8.404255389,290,280,99.13946088,103.6455982,10.64286346,6.236154659,443,29,9,11,49,494,10,3,1,14,492,508,257,23,271,19
28,1000,40,5.13,10.3,18,37,1,935,36,17,12,65,7.219309372,90,109,10.08195079,9.105118811,6.793775198,7.639767592,472,15,5,5,25,463,21,12,7,40,497,503,61,48,56,34
26,1000,40,5.13,10.3,18,37,5,939,25,22,14,61,7.604717578,97,108,10.16062479,9.522274268,6.865211733,8.396279736,499,10,7,1,18,440,15,15,13,43,517,483,63,45,65,32
21,1000,40,5.13,10.3,18,37,104,952,31,10,7,48,8.123885922,263,275,47.8765619,47.26570318,10.18565581,6.142969759,457,20,7,6,33,495,11,3,1,15,490,510,263,12,257,6
30,1000,40,5.13,10.3,18,37,0,950,30,12,8,50,6.727,88,121,9.977708907,8.763454115,6.178294574,7.311983471,499,14,3,0,17,451,16,9,8,33,516,484,67,54,56,32
29,1000,40,5.13,10.3,18,37,1,944,29,14,13,56,7.128839803,97,130,9.935164029,8.80641805,6.194916296,8.225184789,522,8,5,5,18,422,21,9,8,38,540,460,65,65,56,41
24,1000,40,5.13,10.3,18,37,66,950,32,8,10,50,8.386051816,164,138,14.34771279,14.54119993,8.877584117,7.89648172,468,19,6,6,31,482,13,2,4,19,499,501,113,25,145,19
25,1000,40,5.13,10.3,18,37,7,937,31,17,15,63,7.352085249,101,99,10.14663247,9.459024908,6.664629948,8.061896821,482,12,10,4,26,455,19,7,11,37,508,492,59,40,67,34
27,1000,40,5.13,10.3,18,37,5,945,23,12,20,55,7.248539253,91,133,10.15089453,9.438981168,6.22397207,8.269016348,480,9,3,7,19,465,14,9,13,36,499,501,77,56,69,22
23,1000,40,5.13,10.3,18,37,104,937,39,12,12,63,8.430681046,290,303,107.5012483,113.0387171,10.69309731,6.239521989,443,29,9,11,49,494,10,3,1,14,492,508,280,23,273,17
31,1000,40,5.13,10.3,18,37,0,933,34,17,16,67,7.364,94,101,9.98507842,9.027713866,6.781853282,7.989626556,488,14,8,8,30,445,20,9,8,37,518,482,52,49,65,29
28,1000,40,5.13,10.3,18,37,2,937,35,16,12,63,7.24608629,75,119,10.08748058,9.145963631,6.823239552,7.663889131,472,15,5,5,25,465,20,11,7,38,497,503,69,50,46,29
26,1000,40,5.13,10.3,18,37,6,939,26,21,14,61,7.572637986,125,118,10.16677113,9.556340091,6.887966645,8.305505653,498,11,7,1,19,441,15,14,13,42,517,483,74,44,83,42
30,1000,40,5.13,10.3,18,37,1,950,29,13,8,50,6.766429133,97,104,10.00539259,8.816390368,6.221868041,7.346994264,499,14,3,0,17,451,15,10,8,33,516,484,62,42,61,36
25,1000,40,5.13,10.3,18,37,8,938,30,17,15,62,7.354918825,101,106,10.15221149,9.511648805,6.687879745,8.043650233,483,10,11,4,25,455,20,6,11,37,508,492,52,54,72,29
29,1000,40,5.13,10.3,18,37,2,944,28,15,13,56,7.148071797,70,120,9.952379592,8.823428962,6.24164933,8.212132953,522,8,5,5,18,422,20,10,8,38,540,460,68,52,40,30
27,1000,40,5.13,10.3,18,37,6,945,23,12,20,55,7.293808227,122,107,10.2190482,9.513969395,6.278989396,8.304575886,480,9,3,7,19,465,14,9,13,36,499,501,65,42,88,34
24,1000,40,5.13,10.3,18,37,67,948,34,8,10,52,8.383431715,135,142,14.56447627,14.78737754,8.909586808,7.859377042,467,20,6,6,32,481,14,2,4,20,499,501,109,33,124,11
31,1000,40,5.13,10.3,18,37,1,936,32,16,16,64,7.377834867,88,87,9.994154763,9.068769183,6.784117888,8.015895852,491,12,7,8,27,445,20,9,8,37,518,482,40,47,55,33
28,1000,40,5.13,10.3,18,37,3,938,34,16,12,62,7.275171309,94,99,10.1026201,9.172167775,6.881788757,7.663861425,472,15,5,5,25,466,19,11,7,37,497,503,59,40,72,22
26,1000,40,5.13,10.3,18,37,7,939,26,21,14,61,7.604649321,109,117,10.18302649,9.582031052,6.908362574,8.34995004,498,11,7,1,19,441,15,14,13,42,517,483,61,56,85,24
30,1000,40,5.13,10.3,18,37,2,951,28,13,8,49,6.798187057,87,87,10.03992284,8.861234593,6.261739179,7.370102563,500,13,3,0,16,451,15,10,8,33,516,484,46,41,56,31
25,1000,40,5.13,10.3,18,37,9,939,30,17,14,61,7.388937169,91,107,10.17548916,9.565878971,6.750945631,8.0476764,483,10,11,4,25,456,20,6,10,36,508,492,64,43,66,25
27,1000,40,5.13,10.3,18,37,7,945,23,12,20,55,7.286140949,110,104,10.23850634,9.597187277,6.326756863,8.24169516,480,9,3,7,19,465,14,9,13,36,499,501,55,49,79,31
29,1000,40,5.13,10.3,18,37,3,946,26,15,13,54,7.178169071,97,89,9.960304127,8.855022544,6.299239311,8.209956181,522,8,5,5,18,424,18,10,8,36,540,460,58,31,61,36
24,1000,40,5.13,10.3,18,37,68,950,32,8,10,50,8.411708685,151,152,14.80541972,15.01159896,8.910489582,7.91491893,468,19,6,6,31,482,13,2,4,19,499,501,122,30,134,17
31,1000,40,5.13,10.3,18,37,2,938,31,15,16,62,7.39149119,92,85,10.01523902,9.112757987,6.812050617,8.014209482,491,12,7,8,27,447,19,8,8,35,518,482,46,39,61,31
28,1000,40,5.13,10.3,18,37,4,940,32,16,12,60,7.28371641,113,107,10.14362173,9.229158746,6.931310161,7.631919007,473,13,6,5,24,467,19,10,7,36,497,503,63,44,80,33
26,1000,40,5.13,10.3,18,37,8,940,26,21,13,60,7.601993526,98,104,10.19014755,9.619643927,6.934474986,8.316500949,498,11,7,1,19,442,15,14,12,41,517,483,64,40,75,23
30,1000,40,5.13,10.3,18,37,3,951,28,13,8,49,6.858982962,86,108,10.04767913,8.888883713,6.339052027,7.413289496,500,13,3,0,16,451,15,10,8,33,516,484,58,50,60,26
25,1000,40,5.13,10.3,18,37,10,940,30,16,14,60,7.367977951,87,92,10.221119,9.634857186,6.763227767,7.992394809,483,10,11,4,25,457,20,5,10,35,508,492,51,41,55,32
27,1000,40,5.13,10.3,18,37,8,944,24,11,21,56,7.291971261,87,100,10.26161488,9.648469832,6.360060955,8.220161366,480,9,2,8,19,464,15,9,13,37,499,501,57,43,62,25
29,1000,40,5.13,10.3,18,37,4,946,25,16,13,54,7.209753837,105,89,10.01055625,8.893743657,6.343303772,8.226890869,522,8,5,5,18,424,17,11,8,36,540,460,49,40,61,44
26,1000,40,5.13,10.3,18,37,9,939,26,21,14,61,7.635052024,91,106,10.22485616,9.656153787,7.015983542,8.297698825,497,12,6,2,20,442,14,15,12,41,517,483,66,40,63,28
24,1000,40,5.13,10.3,18,37,69,949,33,8,10,51,8.438445196,143,140,15.04196171,15.25104583,8.965356346,7.913637483,467,20,6,6,32,482,13,2,4,19,499,501,119,21,133,10
31,1000,40,5.13,10.3,18,37,3,940,28,16,16,60,7.424845078,100,119,10.0291989,9.161057461,6.880933735,8.009380505,491,11,8,8,27,449,17,8,8,33,518,482,67,52,70,30
28,1000,40,5.13,10.3,18,37,5,941,30,16,13,59,7.251270991,101,117,10.1648263,9.262885246,6.966876366,7.532273234,472,13,6,6,25,469,17,10,7,34,497,503,64,53,75,26
30,1000,40,5.13,10.3,18,37,4,951,28,15,6,49,6.879705594,120,118,10.05073692,8.902170536,6.388114086,7.40379902,500,13,3,0,16,451,15,12,6,33,516,484,70,48,71,49
25,1000,40,5.13,10.3,18,37,11,941,29,15,15,59,7.398484897,102,114,10.25355531,9.68929608,6.816912232,7.998970495,483,10,10,5,25,458,19,5,10,34,508,492,66,48,77,25
27,1000,40,5.13,10.3,18,37,9,945,23,11,21,55,7.32130271,86,113,10.26044558,9.68911821,6.392729058,8.246169481,480,9,2,8,19,465,14,9,13,36,499,501,72,41,57,29
29,1000,40,5.13,10.3,18,37,5,946,26,16,12,54,7.233432646,104,104,10.03479579,8.928942533,6.398296823,8.21380948,522,8,5,5,18,424,18,11,7,36,540,460,59,45,59,45
26,1000,40,5.13,10.3,18,37,10,940,26,19,15,60,7.672164429,95,110,10.26212292,9.699998441,7.088890943,8.296496504,497,12,5,3,20,443,14,14,12,40,517,483,65,45,67,28
31,1000,40,5.13,10.3,18,37,4,941,28,15,16,59,7.435332843,105,111,10.03157687,9.168062179,6.920997609,7.988083157,491,11,8,8,27,450,17,7,8,32,518,482,63,48,62,43
28,1000,40,5.13,10.3,18,37,6,943,28,16,13,57,7.250757418,83,124,10.20739762,9.324133782,6.995266866,7.50320037,472,13,6,6,25,471,15,10,7,32,497,503,76,48,53,30
24,1000,40,5.13,10.3,18,37,70,950,34,7,9,50,8.428175721,142,153,15.29530961,15.5025915,8.968361901,7.890145973,467,21,6,5,32,483,13,1,4,18,499,501,125,28,122,20
30,1000,40,5.13,10.3,18,37,5,951,28,15,6,49,6.887221584,88,108,10.06366075,8.940169625,6.396023702,7.410895359,500,13,3,0,16,451,15,12,6,33,516,484,61,47,64,24
25,1000,40,5.13,10.3,18,37,12,941,29,15,15,59,7.456873247,111,87,10.29263419,9.754408163,6.853159321,8.080220145,483,10,10,5,25,458,19,5,10,34,508,492,58,29,86,25
27,1000,40,5.13,10.3,18,37,10,946,23,10,21,54,7.342217464,112,91,10.28676846,9.737283431,6.450810396,8.23006602,479,10,2,8,20,467,13,8,13,34,499,501,56,35,74,38
29,1000,40,5.13,10.3,18,37,6,946,27,15,12,54,7.233325636,105,109,10.03520309,8.953710414,6.455179894,8.146801072,521,9,5,5,19,425,18,10,7,35,540,460,60,49,69,36
26,1000,40,5.13,10.3,18,37,11,941,26,18,15,59,7.690472015,107,118,10.28772097,9.756444302,7.109931369,8.311878876,498,12,4,3,19,443,14,14,12,40,517,483,72,46,68,39
31,1000,40,5.13,10.3,18,37,5,942,27,15,16,58,7.451481316,95,104,10.06979058,9.212414243,6.961239626,7.978338567,491,11,8,8,27,451,16,7,8,31,518,482,57,47,72,23
28,1000,40,5.13,10.3,18,37,7,944,27,16,13,56,7.265564649,100,100,10.2072924,9.358560034,7.008023607,7.520033632,473,12,6,6,24,471,15,10,7,32,497,503,71,29,64,36
24,1000,40,5.13,10.3,18,37,71,948,37,7,8,52,8.422236265,160,172,15.46557691,15.69159454,9.064575201,7.782461557,466,22,6,5,33,482,15,1,3,19,499,501,144,28,143,17
30,1000,40,5.13,10.3,18,37,6,950,28,16,6,50,6.888801899,84,113,10.0881809,8.972127089,6.441918436,7.365231376,499,13,4,0,17,451,15,12,6,33,516,484,76,37,65,19
25,1000,40,5.13,10.3,18,37,13,942,30,13,15,58,7.445049835,94,109,10.32550252,9.79476591,6.863032628,8.045994431,484,10,9,5,24,458,20,4,10,34,508,492,73,36,67,27
27,1000,40,5.13,10.3,18,37,11,945,24,10,21,55,7.405217674,98,103,10.33130834,9.768479818,6.489760736,8.317020093,479,10,2,8,20,466,14,8,13,35,499,501,56,47,57,41
29,1000,40,5.13,10.3,18,37,7,948,26,13,13,52,7.251157907,101,121,10.06474266,9.003556648,6.502846776,8.129610105,521,9,5,5,19,427,17,8,8,33,540,460,69,52,63,38
26,1000,40,5.13,10.3,18,37,12,944,26,17,13,56,7.663525333,97,92,10.33043878,9.813857315,7.147725299,8.215634273,498,12,4,3,19,446,14,13,10,37,517,483,52,40,70,27
28,1000,40,5.13,10.3,18,37,8,947,27,12,14,53,7.268857806,106,114,10.24988027,9.401092012,7.029939948,7.504925749,473,13,4,7,24,474,14,8,7,29,497,503,63,51,71,35
31,1000,40,5.13,10.3,18,37,6,943,27,14,16,57,7.428768408,80,106,10.04288799,9.223786204,6.949582577,7.943744051,492,11,7,8,26,451,16,7,8,31,518,482,63,43,53,27
30,1000,40,5.13,10.3,18,37,7,951,28,15,6,49,6.928266204,89,118,10.10166314,9.004071064,6.472661945,7.413993058,499,13,4,0,17,452,15,11,6,32,516,484,66,52,60,29
25,1000,40,5.13,10.3,18,37,14,944,29,12,15,56,7.439855289,100,120,10.40207618,9.864674079,6.861450255,8.037070242,485,10,8,5,23,459,19,4,10,33,508,492,67,53,71,29
24,1000,40,5.13,10.3,18,37,72,949,36,7,8,51,8.411282948,152,156,15.76893062,16.03901869,9.078666439,7.746563662,466,22,6,5,33,483,14,1,3,18,499,501,126,30,138,14
27,1000,40,5.13,10.3,18,37,12,945,24,10,21,55,7.392671668,92,107,10.37173275,9.815702276,6.516947617,8.264899816,479,10,2,8,20,466,14,8,13,35,499,501,67,40,66,26
29,1000,40,5.13,10.3,18,37,8,949,25,14,12,51,7.285171282,86,108,10.08484294,9.038780879,6.578281651,8.11499824,521,9,5,5,19,428,16,9,7,32,540,460,51,57,60,26
26,1000,40,5.13,10.3,18,37,13,945,25,17,13,55,7.687211131,96,112,10.38018911,9.879903936,7.179828506,8.23031013,497,13,4,3,20,448,12,13,10,35,517,483,72,40,70,26
28,1000,40,5.13,10.3,18,37,9,947,27,12,14,53,7.307518137,104,125,10.2792967,9.444872914,7.071661084,7.540561785,473,13,4,7,24,474,14,8,7,29,497,503,69,56,79,25
31,1000,40,5.13,10.3,18,37,7,944,26,14,16,56,7.433597794,106,90,10.08264612,9.281633071,6.959151039,7.943480406,492,11,7,8,26,452,15,7,8,30,518,482,51,39,66,40
30,1000,40,5.13,10.3,18,37,8,953,28,13,6,47,6.932984629,91,118,10.1518881,9.061062547,6.494233859,7.400743715,499,13,4,0,17,454,15,9,6,30,516,484,68,50,68,23
25,1000,40,5.13,10.3,18,37,15,945,27,13,15,55,7.446086432,111,121,10.43328794,9.925598867,6.887871363,8.022454837,485,9,9,5,23,460,18,4,10,32,508,492,72,49,77,34
27,1000,40,5.13,10.3,18,37,13,946,24,9,21,54,7.40901938,105,120,10.38743506,9.854537796,6.53367009,8.280874262,479,10,2,8,20,467,14,7,13,34,499,501,77,43,78,27
24,1000,40,5.13,10.3,18,37,73,950,35,7,8,50,8.415790472,159,162,16.01054869,16.32596062,9.125107155,7.709305392,466,22,6,5,33,484,13,1,3,17,499,501,136,26,146,13
29,1000,40,5.13,10.3,18,37,9,952,23,13,12,48,7.303934781,97,113,10.12068916,9.089162497,6.587401459,8.145082593,522,9,4,5,18,430,14,9,7,30,540,460,68,45,58,39
26,1000,40,5.13,10.3,18,37,14,947,23,17,13,53,7.695635454,103,114,10.34958846,9.916181082,7.187807035,8.239211629,498,12,4,3,19,449,11,13,10,34,517,483,66,48,77,26
28,1000,40,5.13,10.3,18,37,10,947,27,12,14,53,7.329449939,97,94,10.35310814,9.496248987,7.086816818,7.569188828,473,13,4,7,24,474,14,8,7,29,497,503,55,39,78,19
31,1000,40,5.13,10.3,18,37,8,946,25,13,16,54,7.421721974,89,106,10.08602358,9.320981336,6.992597085,7.882897685,492,11,7,8,26,454,14,6,8,28,518,482,55,51,72,17
25,1000,40,5.13,10.3,18,37,16,948,24,14,14,52,7.443744858,103,97,10.48340292,9.994322614,6.937506721,7.966446023,486,7,10,5,22,462,17,4,9,30,508,492,63,34,83,20
30,1000,40,5.13,10.3,18,37,9,954,27,13,6,46,6.962223797,100,106,10.15014529,9.071536221,6.506085074,7.448520452,500,13,3,0,16,454,14,10,6,30,516,484,57,49,70,30
27,1000,40,5.13,10.3,18,37,14,947,24,10,19,53,7.403945672,97,103,10.46311163,9.95537837,6.551978552,8.252511725,479,10,2,8,20,468,14,8,11,33,499,501,67,36,70,27
29,1000,40,5.13,10.3,18,37,10,952,23,13,12,48,7.313949295,100,100,10.12435954,9.109172662,6.611348181,8.138741908,522,9,4,5,18,430,14,9,7,30,540,460,62,38,75,25
24,1000,40,5.13,10.3,18,37,74,950,35,7,8,50,8.421699799,152,164,16.30510462,16.6495054,9.13246322,7.713773757,466,22,6,5,33,484,13,1,3,17,499,501,141,23,134,18
26,1000,40,5.13,10.3,18,37,15,948,22,17,13,52,7.709079537,122,116,10.38195795,9.985477603,7.254031578,8.196159857,498,12,4,3,19,450,10,13,10,33,517,483,74,42,82,40
28,1000,40,5.13,10.3,18,37,11,948,27,11,14,52,7.329262363,85,121,10.40095837,9.564323201,7.071983084,7.583472705,474,13,3,7,23,474,14,8,7,29,497,503,71,50,57,28
31,1000,40,5.13,10.3,18,37,9,945,26,13,16,55,7.454955192,105,110,10.09915763,9.363284961,7.038208351,7.902828353,492,11,7,8,26,453,15,6,8,29,518,482,64,46,64,41
25,1000,40,5.13,10.3,18,37,17,950,22,14,14,50,7.46935149,107,117,10.52595898,10.07314632,6.971097974,7.983808372,486,7,10,5,22,464,15,4,9,28,508,492,69,48,77,30
30,1000,40,5.13,10.3,18,37,10,956,25,13,6,44,6.960469927,94,100,10.15143939,9.10390101,6.545021555,7.40338596,500,13,3,0,16,456,12,10,6,28,516,484,60,40,62,32
27,1000,40,5.13,10.3,18,37,15,946,25,10,19,54,7.446305515,95,116,10.51545138,10.00860892,6.620661281,8.268653765,479,10,2,8,20,467,15,8,11,34,499,501,75,41,73,22
29,1000,40,5.13,10.3,18,37,11,950,24,14,12,50,7.337951188,92,124,10.13682491,9.164281723,6.649272738,8.146399804,520,10,5,5,20,430,14,9,7,30,540,460,76,48,64,28
26,1000,40,5.13,10.3,18,37,16,948,22,17,13,52,7.754199477,123,121,10.37551466,10.0122999,7.302127537,8.238094286,498,12,4,3,19,450,10,13,10,33,517,483,75,46,90,33
24,1000,40,5.13,10.3,18,37,75,949,35,8,8,51,8.43389883,154,154,16.63230817,16.98574863,9.155874131,7.714805667,466,22,6,5,33,483,13,2,3,18,499,501,134,20,129,25
28,1000,40,5.13,10.3,18,37,12,949,27,10,14,51,7.364132664,117,113,10.42964766,9.607999357,7.099484069,7.625624417,475,13,2,7,22,474,14,8,7,29,497,503,74,39,86,31
31,1000,40,5.13,10.3,18,37,10,944,26,14,16,56,7.49404805,81,99,10.12023043,9.397629945,7.067683057,7.952257731,491,12,7,8,27,453,14,7,8,29,518,482,66,33,57,24
25,1000,40,5.13,10.3,18,37,18,950,22,14,14,50,7.477469417,118,110,10.54717207,10.12626598,6.995493589,7.975119255,486,7,10,5,22,464,15,4,9,28,508,492,76,34,82,36
30,1000,40,5.13,10.3,18,37,11,956,27,12,5,44,6.966830287,100,107,10.16269769,9.137198098,6.629808646,7.32613435,499,14,3,0,17,457,13,9,5,27,516,484,68,39,77,23
27,1000,40,5.13,10.3,18,37,16,946,26,10,18,54,7.44802322,110,107,10.58163742,10.08132996,6.64261054,8.25022068,480,10,2,7,19,466,16,8,11,35,499,501,63,44,78,32
29,1000,40,5.13,10.3,18,37,12,950,24,14,12,50,7.358392676,93,110,10.11542,9.153773048,6.662529258,8.175275818,520,10,5,5,20,430,14,9,7,30,540,460,57,53,64,29
26,1000,40,5.13,10.3,18,37,17,949,23,14,14,51,7.769310356,120,117,10.40360625,10.05643163,7.319896679,8.250359778,498,12,4,3,19,451,11,10,11,32,517,483,65,52,90,30
28,1000,40,5.13,10.3,18,37,13,949,27,10,14,51,7.371178612,98,109,10.42943688,9.633276891,7.130968492,7.608523402,474,14,2,7,23,475,13,8,7,28,497,503,75,34,73,25
31,1000,40,5.13,10.3,18,37,11,944,25,15,16,56,7.531054727,94,96,10.15681107,9.429267738,7.149993913,7.940576514,491,12,7,8,27,453,13,8,8,29,518,482,57,39,66,28
24,1000,40,5.13,10.3,18,37,76,951,34,8,7,49,8.437621788,178,186,16.9815738,17.39627585,9.166662379,7.711491539,468,21,6,4,31,483,13,2,3,18,499,501,151,35,154,24
25,1000,40,5.13,10.3,18,37,19,950,21,15,14,50,7.514529928,90,113,10.60337048,10.18850021,7.034675005,8.00998989,486,7,10,5,22,464,14,5,9,28,508,492,75,38,61,29
30,1000,40,5.13,10.3,18,37,12,958,25,12,5,42,6.943567776,108,115,10.20469249,9.166790543,6.637471103,7.269902247,499,14,3,0,17,459,11,9,5,25,516,484,57,58,76,32
27,1000,40,5.13,10.3,18,37,17,945,27,9,19,55,7.482669663,125,111,10.63777984,10.13570732,6.698594214,8.263615071,480,10,1,8,19,465,17,8,11,36,499,501,83,28,88,37
29,1000,40,5.13,10.3,18,37,13,952,22,14,12,48,7.341234913,92,116,10.13311952,9.190831868,6.673237106,8.125406252,521,9,5,5,19,431,13,9,7,29,540,460,66,50,68,24
26,1000,40,5.13,10.3,18,37,18,952,23,12,13,48,7.776660667,110,112,10.41155136,10.10655582,7.368777503,8.213256104,498,12,4,3,19,454,11,8,10,29,517,483,68,44,82,28
28,1000,40,5.13,10.3,18,37,14,950,25,11,14,50,7.375341792,114,104,10.45259852,9.665541893,7.183368528,7.565025117,474,14,2,7,23,476,11,9,7,27,497,503,63,41,89,25
31,1000,40,5.13,10.3,18,37,12,944,24,16,16,56,7.53612191,110,108,10.18381282,9.449773975,7.182698333,7.91594227,491,12,7,8,27,453,12,9,8,29,518,482,64,44,80,30
24,1000,40,5.13,10.3,18,37,77,951,34,8,7,49,8.476824517,171,171,17.25013118,17.72275927,9.221291213,7.735329745,468,21,6,4,31,483,13,2,3,18,499,501,143,28,152,19
25,1000,40,5.13,10.3,18,37,20,951,20,16,13,49,7.53115875,103,120,10.61404921,10.2178158,7.079830788,7.997164044,486,7,10,5,22,465,13,6,8,27,508,492,77,43,77,26
30,1000,40,5.13,10.3,18,37,13,956,27,13,4,44,6.991097469,99,114,10.28103324,9.255229483,6.709727654,7.291070247,498,14,4,0,18,458,13,9,4,26,516,484,64,50,65,34
27,1000,40,5.13,10.3,18,37,18,943,29,8,20,57,7.524147124,106,128,10.68225466,10.18383958,6.728336699,8.316780661,479,11,1,8,20,464,18,7,12,37,499,501,80,48,74,32
29,1000,40,5.13,10.3,18,37,14,952,22,14,12,48,7.430162323,94,111,10.19644006,9.234186472,6.782149431,8.190873108,520,10,5,5,20,432,12,9,7,28,540,460,58,53,67,27
26,1000,40,5.13,10.3,18,37,19,952,23,12,13,48,7.762682042,102,116,10.43862229,10.13570488,7.375115136,8.17753109,498,12,4,3,19,454,11,8,10,29,517,483,72,44,81,21
28,1000,40,5.13,10.3,18,37,15,950,25,11,14,50,7.394569161,107,123,10.49579881,9.737824709,7.218375526,7.568661082,473,15,2,7,24,477,10,9,7,26,497,503,72,51,80,27
31,1000,40,5.13,10.3,18,37,13,941,27,16,16,59,7.582646151,106,106,10.21319418,9.491433314,7.227032425,7.964820237,490,13,7,8,28,451,14,9,8,31,518,482,71,35,71,35
25,1000,40,5.13,10.3,18,37,21,950,23,15,12,50,7.553261701,113,108,10.62699741,10.25925095,7.097565827,8.023776952,487,7,9,5,21,463,16,6,7,29,508,492,69,39,95,18
24,1000,40,5.13,10.3,18,37,78,951,34,8,7,49,8.45560525,152,155,17.68734329,18.25457743,9.214232295,7.700006657,468,21,6,4,31,483,13,2,3,18,499,501,139,16,136,16
30,1000,40,5.13,10.3,18,37,14,959,25,12,4,41,6.989731788,101,104,10.32677621,9.297924858,6.717177513,7.28030618,499,13,4,0,17,460,12,8,4,24,516,484,59,45,62,39
27,1000,40,5.13,10.3,18,37,19,942,30,8,20,58,7.561714168,130,110,10.73468954,10.24929943,6.774684175,8.345602325,479,11,1,8,20,463,19,7,12,38,499,501,62,48,104,26
29,1000,40,5.13,10.3,18,37,15,952,22,14,12,48,7.465267269,99,113,10.21534503,9.270919507,6.839094518,8.200339628,520,10,5,5,20,432,12,9,7,28,540,460,67,46,62,37
26,1000,40,5.13,10.3,18,37,20,954,21,12,13,46,7.740242631,103,100,10.46198234,10.20287414,7.368143337,8.138535249,499,11,4,3,18,455,10,8,10,28,517,483,70,30,80,23
28,1000,40,5.13,10.3,18,37,16,950,27,8,15,50,7.436614097,114,116,10.53731733,9.769357154,7.29317649,7.578340718,472,16,1,8,25,478,11,7,7,25,497,503,77,39,88,26
31,1000,40,5.13,10.3,18,37,14,941,28,16,15,59,7.575405617,121,112,10.23939583,9.529445923,7.242534734,7.933138226,490,13,7,8,28,451,15,9,7,31,518,482,71,41,88,33
25,1000,40,5.13,10.3,18,37,22,951,23,14,12,49,7.573289707,76,124,10.71945969,10.33702624,7.123962042,8.037229655,488,6,9,5,20,463,17,5,7,29,508,492,84,40,52,24
30,1000,40,5.13,10.3,18,37,15,959,25,12,4,41,7.052243058,95,125,10.35392167,9.323116978,6.80673095,7.313987372,499,13,4,0,17,460,12,8,4,24,516,484,68,57,63,32
27,1000,40,5.13,10.3,18,37,20,945,27,8,20,55,7.528948552,117,126,10.76253617,10.3109286,6.798013498,8.256965702,479,11,1,8,20,466,16,7,12,35,499,501,82,44,83,34
24,1000,40,5.13,10.3,18,37,79,952,33,8,7,48,8.429491749,177,165,18.08732851,18.69367587,9.217083405,7.645044172,468,21,6,4,31,484,12,2,3,17,499,501,146,19,164,13
29,1000,40,5.13,10.3,18,37,16,952,22,14,12,48,7.472818605,107,104,10.22560486,9.310176874,6.875344516,8.174201231,519,11,5,5,21,433,11,9,7,27,540,460,67,37,74,33
26,1000,40,5.13,10.3,18,37,21,955,21,11,13,45,7.733050245,110,102,10.51486452,10.29634928,7.359838911,8.132533184,500,11,3,3,17,455,10,8,10,28,517,483,59,43,85,25
28,1000,40,5.13,10.3,18,37,17,950,27,8,15,50,7.435273177,98,115,10.58559141,9.824061951,7.301801382,7.567152864,472,16,1,8,25,478,11,7,7,25,497,503,76,39,67,31
31,1000,40,5.13,10.3,18,37,15,941,27,17,15,59,7.593442459,108,125,10.26935919,9.572154052,7.261253887,7.950441795,490,12,8,8,28,451,15,9,7,31,518,482,87,38,79,29
25,1000,40,5.13,10.3,18,37,23,951,23,15,11,49,7.562312497,109,124,10.76032265,10.36728716,7.170711522,7.966648464,488,6,9,5,20,463,17,6,6,29,508,492,73,51,87,22
30,1000,40,5.13,10.3,18,37,16,957,26,13,4,43,7.087057212,111,98,10.40927215,9.378695494,6.825949866,7.365427855,499,12,5,0,17,458,14,8,4,26,516,484,55,43,75,36
27,1000,40,5.13,10.3,18,37,21,944,28,8,20,56,7.528840589,101,108,10.80029483,10.37484929,6.824645531,8.230224489,479,11,1,8,20,465,17,7,12,36,499,501,73,35,78,23
24,1000,40,5.13,10.3,18,37,80,952,33,9,6,48,8.406817547,171,178,18.44177121,19.09308906,9.292796389,7.524375547,467,21,7,4,32,485,12,2,2,16,499,501,154,24,152,19
29,1000,40,5.13,10.3,18,37,17,954,23,13,10,46,7.501112021,108,116,10.25915458,9.328744843,6.922169508,8.180740187,519,13,5,3,21,435,10,8,7,25,540,460,64,52,87,21
26,1000,40,5.13,10.3,18,37,22,954,21,12,13,46,7.749938295,104,96,10.57404601,10.37431004,7.409204635,8.114657348,499,11,4,3,18,455,10,8,10,28,517,483,55,41,91,13
28,1000,40,5.13,10.3,18,37,18,950,28,9,13,50,7.481263636,91,112,10.64330694,9.895466386,7.36474639,7.596391015,472,15,2,8,25,478,13,7,5,25,497,503,63,49,74,17
31,1000,40,5.13,10.3,18,37,16,943,27,17,13,57,7.535868469,106,104,10.31912233,9.636956643,7.216261451,7.87934655,490,13,8,7,28,453,14,9,6,29,518,482,67,37,76,30
25,1000,40,5.13,10.3,18,37,24,951,23,15,11,49,7.544819994,118,110,10.81224026,10.42413663,7.157611162,7.944620983,488,6,9,5,20,463,17,6,6,29,508,492,70,40,83,35
30,1000,40,5.13,10.3,18,37,17,956,27,13,4,44,7.122087732,99,119,10.43773743,9.440209425,6.869055334,7.391849544,498,13,5,0,18,458,14,8,4,26,516,484,68,51,76,23
27,1000,40,5.13,10.3,18,37,22,945,29,7,19,55,7.556636702,91,123,10.81541252,10.41088533,6.865576645,8.244938037,479,11,1,8,20,466,18,6,11,35,499,501,78,45,78,13
26,1000,40,5.13,10.3,18,37,23,955,19,13,13,45,7.745002755,113,107,10.64120209,10.43465175,7.421184058,8.091616144,499,11,4,3,18,456,8,9,10,27,517,483,66,41,81,32
29,1000,40,5.13,10.3,18,37,18,956,22,12,10,44,7.523250328,100,108,10.27170652,9.371885931,6.974385832,8.167569518,521,12,5,2,19,435,10,7,8,25,540,460,65,43,74,26
24,1000,40,5.13,10.3,18,37,81,951,34,9,6,49,8.414999439,177,177,18.76634409,19.55508791,9.331908943,7.501750252,467,21,7,4,32,484,13,2,2,17,499,501,162,15,159,18
28,1000,40,5.13,10.3,18,37,19,948,30,9,13,52,7.53789561,96,134,10.69283333,9.959168468,7.424562233,7.649877098,472,15,2,8,25,476,15,7,5,27,497,503,84,50,63,33
31,1000,40,5.13,10.3,18,37,17,943,27,17,13,57,7.537583583,88,111,10.35323184,9.686761097,7.244734632,7.852305069,490,13,8,7,28,453,14,9,6,29,518,482,77,34,66,22
25,1000,40,5.13,10.3,18,37,25,952,23,14,11,48,7.565847355,114,118,10.860232,10.48379025,7.211453991,7.931765706,488,6,9,5,20,464,17,5,6,28,508,492,69,49,87,27
30,1000,40,5.13,10.3,18,37,18,957,26,13,4,43,7.136381176,96,105,10.49486596,9.511448614,6.892881401,7.39598011,498,13,5,0,18,459,13,8,4,25,516,484,61,44,73,23
27,1000,40,5.13,10.3,18,37,23,945,30,6,19,55,7.637784314,118,113,10.86566609,10.49304537,6.968186779,8.304708804,478,12,1,8,21,467,18,5,11,34,499,501,72,41,85,33
26,1000,40,5.13,10.3,18,37,24,956,19,12,13,44,7.764360374,106,109,10.68127254,10.50987793,7.456472301,8.093921728,499,11,4,3,18,457,8,8,10,26,517,483,74,35,77,29
29,1000,40,5.13,10.3,18,37,19,957,22,12,9,43,7.517052212,100,91,10.34108709,9.429342368,7.026452824,8.092973232,521,12,5,2,19,436,10,7,7,24,540,460,46,45,69,31
28,1000,40,5.13,10.3,18,37,20,948,30,9,13,52,7.564344162,100,125,10.71718706,10.00167318,7.460486236,7.666963227,472,15,2,8,25,476,15,7,5,27,497,503,77,48,71,29
24,1000,40,5.13,10.3,18,37,82,954,31,9,6,46,8.392630119,173,155,19.15086974,20.07192762,9.33920688,7.449832108,468,20,7,4,31,486,11,2,2,15,499,501,139,16,159,14
31,1000,40,5.13,10.3,18,37,18,943,27,17,13,57,7.545575761,88,113,10.38951465,9.739789788,7.25087586,7.862286443,490,13,8,7,28,453,14,9,6,29,518,482,69,44,60,28
25,1000,40,5.13,10.3,18,37,26,954,22,14,10,46,7.574233838,99,101,10.90682658,10.54855656,7.246196121,7.912939448,488,6,9,5,20,466,16,5,5,26,508,492,63,38,82,17
30,1000,40,5.13,10.3,18,37,19,960,23,13,4,40,7.125937464,101,111,10.53211217,9.569981298,6.937172324,7.327182944,499,11,6,0,17,461,12,7,4,23,516,484,66,45,75,26
27,1000,40,5.13,10.3,18,37,24,944,30,5,21,56,7.718273148,131,113,10.9117444,10.55745478,7.061113761,8.372809144,477,13,1,8,22,467,17,4,13,34,499,501,77,36,95,36
26,1000,40,5.13,10.3,18,37,25,957,19,12,12,43,7.808430515,108,90,10.70414707,10.55435572,7.524815681,8.112009955,499,11,4,3,18,458,8,8,9,25,517,483,56,34,75,33
29,1000,40,5.13,10.3,18,37,20,956,23,12,9,44,7.552292012,106,109,10.40397587,9.503856185,7.079533941,8.107268878,521,12,5,2,19,435,11,7,7,25,540,460,64,45,74,32
28,1000,40,5.13,10.3,18,37,21,947,31,9,13,53,7.582161913,116,115,10.74381103,10.05023546,7.482881057,7.680258504,471,16,2,8,26,476,15,7,5,27,497,503,72,43,83,33
31,1000,40,5.13,10.3,18,37,19,942,28,15,15,58,7.586480893,108,110,10.43651617,9.797192377,7.299455186,7.894944204,490,13,8,7,28,452,15,7,8,30,518,482,67,43,82,26
24,1000,40,5.13,10.3,18,37,83,953,32,9,6,47,8.423128531,158,201,19.57673787,20.66540037,9.394087346,7.4560458,468,20,7,4,31,485,12,2,2,16,499,501,184,17,148,10
25,1000,40,5.13,10.3,18,37,27,955,22,15,8,45,7.586115908,97,114,10.98782918,10.63042978,7.289164135,7.89272465,489,6,9,4,19,466,16,6,4,26,508,492,80,34,72,25
30,1000,40,5.13,10.3,18,37,20,960,24,12,4,40,7.132625485,108,106,10.59068583,9.6555825,6.984271257,7.290788257,498,12,6,0,18,462,12,6,4,22,516,484,72,34,81,27
27,1000,40,5.13,10.3,18,37,25,944,31,5,20,56,7.719915667,109,114,10.95570734,10.62291511,7.067946004,8.369282657,477,14,1,7,22,467,17,4,13,34,499,501,79,35,87,22
26,1000,40,5.13,10.3,18,37,26,957,20,11,12,43,7.784696111,113,112,10.73239263,10.5913893,7.539784291,8.046848101,499,11,4,3,18,458,9,7,9,25,517,483,70,42,93,20
29,1000,40,5.13,10.3,18,37,21,955,24,12,9,45,7.6077964,88,106,10.44287269,9.543735006,7.152663002,8.142083434,521,12,5,2,19,434,12,7,7,26,540,460,72,34,67,21
28,1000,40,5.13,10.3,18,37,22,944,34,9,13,56,7.618211228,104,114,10.77374253,10.11597221,7.531919908,7.703473229,469,18,2,8,28,475,16,7,5,28,497,503,65,49,84,20
31,1000,40,5.13,10.3,18,37,20,942,28,15,15,58,7.590577432,101,115,10.44440667,9.819045253,7.318000031,7.883513311,490,13,8,7,28,452,15,7,8,30,518,482,73,42,69,32
25,1000,40,5.13,10.3,18,37,28,954,24,14,8,46,7.608839327,116,111,11.07875867,10.74224663,7.330131035,7.896611304,489,6,9,4,19,465,18,5,4,27,508,492,68,43,94,22
24,1000,40,5.13,10.3,18,37,84,953,32,9,6,47,8.436129529,202,182,20.1158889,21.32641942,9.425149339,7.451057902,468,20,7,4,31,485,12,2,2,16,499,501,158,24,181,21
30,1000,40,5.13,10.3,18,37,21,961,23,12,4,39,7.131004406,118,111,10.61761248,9.700414813,6.999892563,7.270784802,498,12,6,0,18,463,11,6,4,21,516,484,68,43,79,39
27,1000,40,5.13,10.3,18,37,26,943,34,3,20,57,7.761565202,102,106,10.98200495,10.65995899,7.130568156,8.390043298,476,15,0,8,23,467,19,3,12,34,499,501,76,30,84,18
26,1000,40,5.13,10.3,18,37,27,957,20,12,11,43,7.825482897,123,116,10.77328907,10.64629194,7.623618292,8.041557433,499,11,4,3,18,458,9,8,8,25,517,483,80,36,93,30
29,1000,40,5.13,10.3,18,37,22,954,25,12,9,46,7.662459319,93,110,10.46639941,9.586528205,7.223734433,8.177484185,520,13,5,2,20,434,12,7,7,26,540,460,67,43,70,23
28,1000,40,5.13,10.3,18,37,23,944,34,9,13,56,7.639541869,119,128,10.81525472,10.17558676,7.567013985,7.711204609,469,18,2,8,28,475,16,7,5,28,497,503,82,46,89,30
31,1000,40,5.13,10.3,18,37,21,944,27,14,15,56,7.612817801,118,113,10.48909059,9.871335461,7.351057906,7.894128227,490,13,8,7,28,454,14,6,8,28,518,482,69,44,91,27
25,1000,40,5.13,10.3,18,37,29,955,24,13,8,45,7.608443626,110,130,11.16180219,10.87900985,7.34942046,7.875890311,490,6,8,4,18,465,18,5,4,27,508,492,92,38,88,22
30,1000,40,5.13,10.3,18,37,22,963,22,11,4,37,7.144708973,92,98,10.66429033,9.755663942,7.041111914,7.255155424,499,11,6,0,17,464,11,5,4,20,516,484,59,39,74,18
27,1000,40,5.13,10.3,18,37,27,944,33,3,20,56,7.769903926,122,116,11.04171505,10.73678349,7.181289021,8.356169071,476,15,0,8,23,468,18,3,12,33,499,501,81,35,89,33
24,1000,40,5.13,10.3,18,37,85,954,32,9,5,46,8.447549618,180,202,20.61157208,21.84933658,9.464497339,7.434661569,468,20,7,4,31,486,12,2,1,15,499,501,178,24,169,11
26,1000,40,5.13,10.3,18,37,28,956,21,12,11,44,7.859929913,108,122,10.80146994,10.70736784,7.652913948,8.08151843,498,12,4,3,19,458,9,8,8,25,517,483,84,38,84,24
29,1000,40,5.13,10.3,18,37,23,955,23,13,9,45,7.705761042,97,106,10.49547879,9.647666146,7.294872611,8.18810833,520,13,5,2,20,435,10,8,7,25,540,460,71,35,67,30
28,1000,40,5.13,10.3,18,37,24,947,34,7,12,53,7.612616738,117,106,10.86931247,10.21720619,7.596748804,7.628295392,468,19,2,8,29,479,15,5,4,24,497,503,70,36,85,32
31,1000,40,5.13,10.3,18,37,22,945,26,15,14,55,7.621040174,106,110,10.54971058,9.934501796,7.409100926,7.84880891,490,12,9,7,28,455,14,6,7,27,518,482,69,41,74,32
25,1000,40,5.13,10.3,18,37,30,955,25,12,8,45,7.640044596,118,122,11.21238591,10.98549608,7.400502891,7.887376276,490,7,7,4,18,465,18,5,4,27,508,492,88,34,86,32
30,1000,40,5.13,10.3,18,37,23,963,22,11,4,37,7.156001932,97,114,10.69873892,9.806033049,7.038377126,7.281403585,499,11,6,0,17,464,11,5,4,20,516,484,77,37,71,26
27,1000,40,5.13,10.3,18,37,28,945,32,3,20,55,7.790441435,115,128,11.10115477,10.83151423,7.244009974,8.334691534,476,15,0,8,23,469,17,3,12,32,499,501,83,45,88,27
24,1000,40,5.13,10.3,18,37,86,953,33,9,5,47,8.428173521,192,192,21.1509252,22.52506037,9.488906234,7.371675269,465,23,7,4,34,488,10,2,1,13,499,501,168,24,171,21
26,1000,40,5.13,10.3,18,37,29,956,21,12,11,44,7.886042419,110,107,10.85282718,10.77347758,7.692352802,8.093366502,498,12,4,3,19,458,9,8,8,25,517,483,73,34,89,21
29,1000,40,5.13,10.3,18,37,24,956,23,12,9,44,7.709994162,113,128,10.52705037,9.682091072,7.340424577,8.143836718,520,13,5,2,20,436,10,7,7,24,540,460,83,45,87,26
28,1000,40,5.13,10.3,18,37,25,949,32,7,12,51,7.596983056,97,117,10.90104778,10.2530307,7.598599746,7.595385651,469,18,2,8,28,480,14,5,4,23,497,503,80,37,71,26
31,1000,40,5.13,10.3,18,37,23,947,25,14,14,53,7.648511227,103,109,10.61048177,9.995706928,7.479253836,7.830410249,490,12,9,7,28,457,13,5,7,25,518,482,63,46,76,27
25,1000,40,5.13,10.3,18,37,31,957,22,12,9,43,7.667009895,107,127,11.27927469,11.05728494,7.417351451,7.924787312,490,7,7,4,18,467,15,5,5,25,508,492,89,38,77,30
30,1000,40,5.13,10.3,18,37,24,962,22,12,4,38,7.191129226,100,96,10.72992233,9.867809381,7.088867838,7.300151698,498,11,7,0,18,464,11,5,4,20,516,484,64,32,77,23
27,1000,40,5.13,10.3,18,37,29,944,34,3,19,56,7.820470368,95,137,11.1647947,10.88371511,7.31522288,8.323700901,475,16,0,8,24,469,18,3,11,32,499,501,88,49,76,19
26,1000,40,5.13,10.3,18,37,30,956,21,11,12,44,7.909311863,123,119,10.88284408,10.83559536,7.760049556,8.069081247,498,12,4,3,19,458,9,7,9,25,517,483,79,40,95,28
24,1000,40,5.13,10.3,18,37,87,955,31,9,5,45,8.40895881,201,197,21.87572774,23.25346545,9.522391808,7.299970654,465,23,7,4,34,490,8,2,1,11,499,501,182,15,183,18
29,1000,40,5.13,10.3,18,37,25,956,24,12,8,44,7.716575198,89,102,10.55669959,9.745513066,7.399555141,8.088729178,519,14,5,2,21,437,10,7,6,23,540,460,68,34,64,25
28,1000,40,5.13,10.3,18,37,26,949,32,7,12,51,7.616689425,92,88,10.94204398,10.30993079,7.617979903,7.61541434,469,18,2,8,28,480,14,5,4,23,497,503,61,27,82,10
31,1000,40,5.13,10.3,18,37,24,948,23,15,14,52,7.617578784,115,112,10.66606688,10.0475617,7.471346979,7.774732466,490,12,9,7,28,458,11,6,7,24,518,482,66,46,92,23
25,1000,40,5.13,10.3,18,37,32,959,21,11,9,41,7.662252026,116,113,11.3563689,11.14081084,7.428223193,7.903891553,491,7,6,4,17,468,14,5,5,24,508,492,74,39,100,16
30,1000,40,5.13,10.3,18,37,25,963,22,11,4,37,7.22196071,118,110,10.77926429,9.918984575,7.109821306,7.341514289,499,11,6,0,17,464,11,5,4,20,516,484,76,34,82,36
27,1000,40,5.13,10.3,18,37,30,942,35,4,19,58,7.856136023,101,110,11.22550499,10.94546078,7.360514472,8.349779046,474,17,0,8,25,468,18,4,11,33,499,501,70,40,84,17
26,1000,40,5.13,10.3,18,37,31,956,21,11,12,44,7.948795272,112,86,10.9444811,10.9385669,7.825423095,8.080852033,498,12,4,3,19,458,9,7,9,25,517,483,61,25,96,16
29,1000,40,5.13,10.3,18,37,26,953,27,12,8,47,7.746400914,103,103,10.59452796,9.793459039,7.439791515,8.106333687,517,16,5,2,23,436,11,7,6,24,540,460,68,35,77,26
28,1000,40,5.13,10.3,18,37,27,950,32,6,12,50,7.617918869,103,109,10.98372327,10.37162421,7.634026765,7.602003115,469,18,2,8,28,481,14,4,4,22,497,503,85,24,76,27
24,1000,40,5.13,10.3,18,37,88,955,31,9,5,45,8.451399355,200,210,22.54554629,23.98673857,9.599303317,7.308077845,465,23,7,4,34,490,8,2,1,11,499,501,183,27,182,18
31,1000,40,5.13,10.3,18,37,25,951,22,13,14,49,7.620316619,107,105,10.72796667,10.15522191,7.491416755,7.758843858,490,12,9,7,28,461,10,4,7,21,518,482,63,42,89,18
25,1000,40,5.13,10.3,18,37,33,959,21,11,9,41,7.695923041,112,119,11.41588323,11.22022948,7.492734492,7.905719347,491,7,6,4,17,468,14,5,5,24,508,492,86,33,85,27
30,1000,40,5.13,10.3,18,37,26,963,22,11,4,37,7.309784469,95,100,10.82892601,9.973369001,7.201896528,7.424805498,499,11,6,0,17,464,11,5,4,20,516,484,60,40,74,21
27,1000,40,5.13,10.3,18,37,31,942,35,4,19,58,7.834027366,122,99,11.31264658,11.04365278,7.395607956,8.270696599,473,18,0,8,26,469,17,4,11,32,499,501,78,21,88,34
26,1000,40,5.13,10.3,18,37,32,956,21,11,12,44,7.977816658,129,105,10.97435743,10.98395955,7.853275038,8.111125182,498,12,4,3,19,458,9,7,9,25,517,483,75,30,102,27
29,1000,40,5.13,10.3,18,37,27,950,29,13,8,50,7.789138479,87,112,10.65203636,9.871320173,7.518725731,8.10657953,514,18,6,2,26,436,11,7,6,24,540,460,84,28,67,20
28,1000,40,5.13,10.3,18,37,28,951,31,6,12,49,7.62575187,108,124,11.03634228,10.4406099,7.634409812,7.617197204,470,17,2,8,27,481,14,4,4,22,497,503,90,34,80,28
31,1000,40,5.13,10.3,18,37,26,950,23,12,15,50,7.651259401,109,99,10.78952146,10.21547564,7.555201321,7.754491944,490,12,9,7,28,460,11,3,8,22,518,482,65,34,77,32
24,1000,40,5.13,10.3,18,37,89,955,30,10,5,45,8.450083076,192,211,23.24971961,24.73995899,9.647943079,7.25700495,465,22,8,4,34,490,8,2,1,11,499,501,186,25,182,10
25,1000,40,5.13,10.3,18,37,34,959,21,11,9,41,7.691523925,121,108,11.47245621,11.30811221,7.540971016,7.846972864,491,6,7,4,17,468,15,4,5,24,508,492,82,26,100,21
27,1000,40,5.13,10.3,18,37,32,943,37,4,16,57,7.840674056,112,122,11.35379054,11.1116701,7.445434896,8.234335415,472,19,0,8,27,471,18,4,8,30,499,501,92,30,97,15
30,1000,40,5.13,10.3,18,37,27,965,22,9,4,35,7.313135227,92,117,10.90493959,10.04459846,7.237115009,7.394181576,499,11,6,0,17,466,11,3,4,18,516,484,69,48,74,18
26,1000,40,5.13,10.3,18,37,33,956,22,10,12,44,7.949577499,116,125,11.04626362,11.06876733,7.83240646,8.074996604,498,12,4,3,19,458,10,6,9,25,517,483,86,39,88,28
29,1000,40,5.13,10.3,18,37,28,953,28,11,8,47,7.759185113,113,103,10.69062175,9.959000209,7.581492319,7.967781002,514,18,6,2,26,439,10,5,6,21,540,460,65,38,88,25
28,1000,40,5.13,10.3,18,37,29,953,29,6,12,47,7.625311726,109,132,11.07439312,10.51480376,7.681115854,7.570173254,470,17,2,8,27,483,12,4,4,20,497,503,88,44,89,20
31,1000,40,5.13,10.3,18,37,27,949,24,12,15,51,7.649675835,111,94,10.87799482,10.34955338,7.57662393,7.728183899,489,13,9,7,29,460,11,3,8,22,518,482,67,27,91,20
25,1000,40,5.13,10.3,18,37,35,961,20,10,9,39,7.664671,123,119,11.54352373,11.38272148,7.539955896,7.79344188,492,6,6,4,16,469,14,4,5,23,508,492,84,35,93,30
24,1000,40,5.13,10.3,18,37,90,955,31,9,5,45,8.411626676,196,198,23.76506291,25.32299371,9.655091325,7.173125958,464,24,7,4,35,491,7,2,1,10,499,501,178,20,182,14
30,1000,40,5.13,10.3,18,37,28,966,23,8,3,34,7.285221628,115,106,10.97585275,10.14692801,7.222025998,7.352595482,500,10,5,1,16,466,13,3,2,18,516,484,72,34,92,23
27,1000,40,5.13,10.3,18,37,33,945,35,4,16,55,7.813188463,127,131,11.38287131,11.20467145,7.410507072,8.214262344,474,17,0,8,25,471,18,4,8,30,499,501,89,42,93,34
26,1000,40,5.13,10.3,18,37,34,958,21,10,11,42,7.944719269,108,114,11.13268186,11.18657945,7.851894874,8.044077886,498,12,4,3,19,460,9,6,8,23,517,483,77,37,88,20
29,1000,40,5.13,10.3,18,37,29,954,28,10,8,46,7.754805455,100,121,10.74268778,10.04134131,7.600652902,7.935767147,514,18,6,2,26,440,10,4,6,20,540,460,76,45,70,30
28,1000,40,5.13,10.3,18,37,30,952,30,6,12,48,7.651717288,116,105,11.13500104,10.61341852,7.707907443,7.596197393,470,17,2,8,27,482,13,4,4,21,497,503,74,31,90,26
31,1000,40,5.13,10.3,18,37,28,950,23,12,15,50,7.651226437,108,121,10.92250065,10.39457733,7.58040838,7.72733381,489,13,9,7,29,461,10,3,8,21,518,482,79,42,75,33
25,1000,40,5.13,10.3,18,37,36,961,20,11,8,39,7.660051721,131,111,11.62738387,11.45993031,7.571685072,7.751292083,492,6,6,4,16,469,14,5,4,23,508,492,81,30,107,24
30,1000,40,5.13,10.3,18,37,29,967,20,9,4,33,7.325337511,108,129,11.06305938,10.2625291,7.29677373,7.355789807,500,10,4,2,16,467,10,5,2,17,516,484,95,34,83,25
27,1000,40,5.13,10.3,18,37,34,945,36,3,16,55,7.816945752,112,114,11.46494319,11.29615315,7.439101049,8.193282092,474,17,0,8,25,471,19,3,8,30,499,501,88,26,92,20
24,1000,40,5.13,10.3,18,37,91,955,29,11,5,45,8.404139915,220,205,24.42487803,26.14771532,9.69427236,7.1191577,463,24,8,4,36,492,5,3,1,9,499,501,180,25,199,21
26,1000,40,5.13,10.3,18,37,35,957,22,10,11,43,7.963093329,102,120,11.19550114,11.26370199,7.896421319,8.034458606,497,13,4,3,20,460,9,6,8,23,517,483,86,34,87,15
29,1000,40,5.13,10.3,18,37,30,954,28,10,8,46,7.796857874,95,97,10.79799198,10.07933236,7.676240335,7.938452377,514,18,6,2,26,440,10,4,6,20,540,460,61,36,76,19
28,1000,40,5.13,10.3,18,37,31,952,30,6,12,48,7.678658215,102,123,11.18130449,10.68749153,7.755914326,7.602323648,469,18,2,8,28,483,12,4,4,20,497,503,82,41,78,24
31,1000,40,5.13,10.3,18,37,29,950,23,12,15,50,7.660016681,105,98,11.02637901,10.48160502,7.599163042,7.725415404,489,13,9,7,29,461,10,3,8,21,518,482,68,30,75,30
25,1000,40,5.13,10.3,18,37,37,961,22,10,7,39,7.625520449,124,115,11.70422346,11.51905328,7.574359726,7.678344936,491,7,6,4,17,470,15,4,3,22,508,492,83,32,102,22
30,1000,40,5.13,10.3,18,37,30,967,21,9,3,33,7.330350372,110,133,11.10442809,10.34824133,7.329195864,7.33158121,500,10,4,2,16,467,11,5,1,17,516,484,90,43,88,22
27,1000,40,5.13,10.3,18,37,35,944,35,5,16,56,7.872406466,112,102,11.54365454,11.41881367,7.523206516,8.220212404,473,17,1,8,26,471,18,4,8,30,499,501,78,24,88,24
24,1000,40,5.13,10.3,18,37,92,954,30,11,5,46,8.371399251,222,199,25.20220797,27.02262888,9.773227772,6.975166851,462,25,8,4,37,492,5,3,1,9,499,501,177,22,203,19
26,1000,40,5.13,10.3,18,37,36,955,24,10,11,45,7.973782475,103,110,11.24188634,11.32779659,7.893998833,8.059182358,496,14,4,3,21,459,10,6,8,24,517,483,79,31,88,15
29,1000,40,5.13,10.3,18,37,31,955,28,9,8,45,7.815805018,93,124,10.86694763,10.18394592,7.726835207,7.92024784,514,18,6,2,26,441,10,3,6,19,540,460,76,48,66,27
28,1000,40,5.13,10.3,18,37,32,951,32,6,11,49,7.723182785,107,120,11.21471614,10.75460304,7.824010659,7.623557629,469,18,2,8,28,482,14,4,3,21,497,503,77,43,83,24
31,1000,40,5.13,10.3,18,37,30,950,24,11,15,50,7.666564926,114,109,11.11275055,10.57718791,7.627269178,7.708795625,489,14,8,7,29,461,10,3,8,21,518,482,77,32,87,27
25,1000,40,5.13,10.3,18,37,38,960,24,10,6,40,7.629739107,119,115,11.77730589,11.63847717,7.591375437,7.669350377,489,9,6,4,19,471,15,4,2,21,508,492,87,28,98,21
30,1000,40,5.13,10.3,18,37,31,967,21,9,3,33,7.3663676,104,120,11.20511534,10.47464066,7.386934423,7.344440987,500,10,4,2,16,467,11,5,1,17,516,484,86,34,86,18
27,1000,40,5.13,10.3,18,37,36,945,34,5,16,55,7.902341893,110,147,11.61062799,11.50816554,7.537825483,8.265403148,474,16,1,8,25,471,18,4,8,30,499,501,101,46,88,22
26,1000,40,5.13,10.3,18,37,37,954,25,10,11,46,8.011967397,127,124,11.30843989,11.4094307,7.96597008,8.061202621,495,15,4,3,22,459,10,6,8,24,517,483,90,34,98,29
24,1000,40,5.13,10.3,18,37,93,953,31,11,5,47,8.380272218,215,222,25.98661168,27.94721665,9.802193771,6.964026998,461,26,8,4,38,492,5,3,1,9,499,501,196,26,201,14
29,1000,40,5.13,10.3,18,37,32,956,27,9,8,44,7.851723229,104,120,10.9535057,10.31412577,7.794866694,7.918467857,514,18,6,2,26,442,9,3,6,18,540,460,81,39,78,26
28,1000,40,5.13,10.3,18,37,33,953,32,6,9,47,7.700520527,97,125,11.25609089,10.81609679,7.851984017,7.550863758,469,18,2,8,28,484,14,4,1,19,497,503,85,40,76,21
31,1000,40,5.13,10.3,18,37,31,950,24,11,15,50,7.694633716,100,120,11.18984652,10.6385081,7.677998048,7.712511882,489,14,8,7,29,461,10,3,8,21,518,482,81,39,76,24
25,1000,40,5.13,10.3,18,37,39,957,27,10,6,43,7.702153292,125,123,11.82040408,11.69884584,7.667823338,7.737599668,488,10,6,4,20,469,17,4,2,23,508,492,88,35,98,27
30,1000,40,5.13,10.3,18,37,32,967,21,9,3,33,7.369724007,121,111,11.26404933,10.5723962,7.37845574,7.360414969,500,10,4,2,16,467,11,5,1,17,516,484,76,35,97,24
27,1000,40,5.13,10.3,18,37,37,945,34,5,16,55,7.925009243,107,113,11.66735288,11.5501992,7.562075358,8.28649429,474,16,1,8,25,471,18,4,8,30,499,501,84,29,81,26
26,1000,40,5.13,10.3,18,37,38,951,27,10,12,49,8.051990254,124,121,11.40941592,11.52444748,7.984314841,8.124429567,495,15,4,3,22,456,12,6,9,27,517,483,81,40,97,27
28,1000,40,5.13,10.3,18,37,34,953,32,6,9,47,7.743454612,106,106,11.34148168,10.92989894,7.895555695,7.593167856,469,18,2,8,28,484,14,4,1,19,497,503,78,28,80,26
29,1000,40,5.13,10.3,18,37,33,957,26,9,8,43,7.859817214,103,113,11.02307967,10.40349935,7.823513026,7.902435174,514,18,6,2,26,443,8,3,6,17,540,460,80,33,75,28
24,1000,40,5.13,10.3,18,37,94,953,31,11,5,47,8.411115888,220,225,26.94497942,28.9657095,9.824403257,7.003470385,462,26,7,4,37,491,5,4,1,10,499,501,205,20,209,11
25,1000,40,5.13,10.3,18,37,40,958,26,10,6,42,7.717547318,133,113,11.89740519,11.82355927,7.711558427,7.72373097,488,10,6,4,20,470,16,4,2,22,508,492,82,31,96,37
31,1000,40,5.13,10.3,18,37,32,949,25,11,15,51,7.685315944,112,123,11.27072494,10.69478279,7.709404608,7.659428126,489,14,8,7,29,460,11,3,8,22,518,482,83,40,87,25
30,1000,40,5.13,10.3,18,37,33,966,21,10,3,34,7.408347782,104,114,11.3065205,10.62598326,7.446249686,7.367939966,500,10,4,2,16,466,11,6,1,18,516,484,66,48,84,20
27,1000,40,5.13,10.3,18,37,38,945,35,5,15,55,7.911226314,136,133,11.71009445,11.63885114,7.585473873,8.235678346,474,16,1,8,25,471,19,4,7,30,499,501,94,39,114,22
26,1000,40,5.13,10.3,18,37,39,951,28,10,11,49,8.042933972,113,118,11.46129215,11.60095301,7.97333279,8.117434616,495,16,4,2,22,456,12,6,9,27,517,483,80,38,87,26
28,1000,40,5.13,10.3,18,37,35,952,33,5,10,48,7.758107442,127,117,11.38896381,11.01362998,7.921590439,7.59657454,468,19,2,8,29,484,14,3,2,19,497,503,92,25,99,28
29,1000,40,5.13,10.3,18,37,34,957,27,9,7,43,7.871974002,99,146,11.09255433,10.48240707,7.883392852,7.858569264,514,18,6,2,26,443,9,3,5,17,540,460,103,43,77,22
31,1000,40,5.13,10.3,18,37,33,950,24,11,15,50,7.692146981,128,127,11.34867509,10.80320395,7.727863089,7.653763279,490,13,8,7,28,460,11,3,8,22,518,482,92,35,95,33
25,1000,40,5.13,10.3,18,37,41,957,28,10,5,43,7.706099505,127,133,11.97558207,11.93046309,7.707652708,7.704495791,488,11,6,3,20,469,17,4,2,23,508,492,92,41,103,24
24,1000,40,5.13,10.3,18,37,95,953,32,11,4,47,8.392737368,220,238,27.6603451,29.81501866,9.856838083,6.934481365,462,27,7,3,37,491,5,4,1,10,499,501,216,22,213,7
27,1000,40,5.13,10.3,18,37,39,947,33,5,15,53,7.888054883,112,117,11.81148277,11.73248706,7.592454219,8.182475504,475,15,1,8,24,472,18,4,7,29,499,501,77,40,92,20
30,1000,40,5.13,10.3,18,37,34,967,19,11,3,33,7.392485242,103,110,11.36938212,10.71762575,7.451028673,7.330071171,500,9,5,2,16,467,10,6,1,17,516,484,77,33,88,15
26,1000,40,5.13,10.3,18,37,40,954,25,10,11,46,8.061407872,125,115,11.51532755,11.6865555,7.970388849,8.158834031,497,14,4,2,20,457,11,6,9,26,517,483,75,40,99,26
28,1000,40,5.13,10.3,18,37,36,951,33,6,10,49,7.810949049,118,111,11.42995032,11.09831019,8.030347835,7.594167346,467,19,3,8,30,484,14,3,2,19,497,503,76,35,95,23
29,1000,40,5.13,10.3,18,37,35,955,29,9,7,45,7.850076,107,113,11.15051191,10.58299461,7.90062975,7.790730294,513,19,6,2,27,442,10,3,5,18,540,460,71,42,81,26
31,1000,40,5.13,10.3,18,37,34,949,26,11,14,51,7.714490438,114,127,11.49701206,10.99021439,7.759426275,7.666198398,490,13,8,7,28,459,13,3,7,23,518,482,86,41,87,27
25,1000,40,5.13,10.3,18,37,42,956,29,10,5,44,7.76316142,116,137,12.08740008,12.07662476,7.736261047,7.790936602,488,11,6,3,20,468,18,4,2,24,508,492,104,33,98,18
24,1000,40,5.13,10.3,18,37,96,953,33,11,3,47,8.395175225,231,210,28.68497714,30.94046371,9.892367337,6.903959929,461,28,7,3,38,492,5,4,0,9,499,501,199,11,203,28
27,1000,40,5.13,10.3,18,37,40,947,33,5,15,53,7.935234043,118,102,11.85268893,11.80681725,7.638859949,8.230425007,475,15,1,8,24,472,18,4,7,29,499,501,79,23,96,22
30,1000,40,5.13,10.3,18,37,35,968,18,11,3,32,7.420516118,131,117,11.43657496,10.82453945,7.50160455,7.334066467,500,9,5,2,16,468,9,6,1,16,516,484,85,32,97,34
26,1000,40,5.13,10.3,18,37,41,954,26,9,11,46,8.010872865,133,111,11.57672363,11.74564583,7.967915373,8.056854279,497,14,4,2,20,457,12,5,9,26,517,483,78,33,107,26
28,1000,40,5.13,10.3,18,37,37,950,34,6,10,50,7.844158418,117,123,11.52537075,11.21160311,8.062790669,7.628134107,466,20,3,8,31,484,14,3,2,19,497,503,93,30,95,22
29,1000,40,5.13,10.3,18,37,36,956,28,9,7,44,7.876564584,104,95,11.23580125,10.66909723,7.93884418,7.803453753,514,18,6,2,26,442,10,3,5,18,540,460,68,27,78,26
31,1000,40,5.13,10.3,18,37,35,949,27,10,14,51,7.730899322,123,123,11.6010456,11.12376774,7.827359808,7.627234318,490,13,8,7,28,459,14,2,7,23,518,482,89,34,90,33
25,1000,40,5.13,10.3,18,37,43,956,29,10,5,44,7.812259657,122,122,12.17245371,12.19502417,7.754041805,7.872370771,488,11,6,3,20,468,18,4,2,24,508,492,90,32,94,28
24,1000,40,5.13,10.3,18,37,97,954,32,10,4,46,8.373867016,213,227,29.67391202,32.24486664,9.928529972,6.8254103,461,27,7,4,38,493,5,3,0,8,499,501,206,21,199,14
27,1000,40,5.13,10.3,18,37,41,949,31,5,15,51,7.940964001,126,117,11.96976159,11.94334209,7.63726182,8.243453798,476,14,1,8,23,473,17,4,7,28,499,501,79,38,105,21
30,1000,40,5.13,10.3,18,37,36,968,19,10,3,32,7.4334254,113,123,11.49557866,10.89104985,7.550548817,7.308558286,499,10,5,2,17,469,9,5,1,15,516,484,84,39,94,19
26,1000,40,5.13,10.3,18,37,42,953,27,9,11,47,8.017699235,128,146,11.67425141,11.85448225,7.971276604,8.067389712,496,15,4,2,21,457,12,5,9,26,517,483,102,44,104,24
28,1000,40,5.13,10.3,18,37,38,949,35,6,10,51,7.879774283,121,121,11.59219974,11.28894436,8.127337193,7.635164409,466,20,3,8,31,483,15,3,2,20,497,503,90,31,97,24
29,1000,40,5.13,10.3,18,37,37,957,28,8,7,43,7.872327981,114,105,11.31396371,10.75264524,7.93903861,7.794015504,515,17,6,2,25,442,11,2,5,18,540,460,78,27,91,23
31,1000,40,5.13,10.3,18,37,36,949,26,9,16,51,7.767771827,121,124,11.73273167,11.3015133,7.855683665,7.67329396,490,13,7,8,28,459,13,2,8,23,518,482,91,33,91,30
25,1000,40,5.13,10.3,18,37,44,956,29,9,6,44,7.825168733,119,123,12.26068282,12.27889648,7.795535344,7.855765809,488,11,5,4,20,468,18,4,2,24,508,492,96,27,96,23
27,1000,40,5.13,10.3,18,37,42,949,31,5,15,51,7.933254676,148,120,12.07955415,12.08148954,7.683103988,8.182406757,476,14,1,8,23,473,17,4,7,28,499,501,84,36,121,27
24,1000,40,5.13,10.3,18,37,98,955,31,10,4,45,8.358087868,244,238,30.48491641,33.17198374,9.955503979,6.767048669,461,27,7,4,38,494,4,3,0,7,499,501,221,17,236,8
26,1000,40,5.13,10.3,18,37,43,953,27,9,11,47,8.012671309,101,132,11.75731299,11.95354487,7.971936694,8.05627337,496,15,4,2,21,457,12,5,9,26,517,483,96,36,81,20
30,1000,40,5.13,10.3,18,37,37,969,18,10,3,31,7.479667912,119,107,11.58052456,11.01449533,7.555383067,7.398946797,500,9,5,2,16,469,9,5,1,15,516,484,79,28,94,25
28,1000,40,5.13,10.3,18,37,39,952,33,6,9,48,7.836295141,127,123,11.66897155,11.39775174,8.082248285,7.593275831,468,19,3,7,29,484,14,3,2,19,497,503,85,38,109,18
29,1000,40,5.13,10.3,18,37,38,958,28,7,7,42,7.877343823,122,106,11.40988235,10.84623992,7.953067109,7.788451269,515,18,5,2,25,443,10,2,5,17,540,460,64,42,96,26
31,1000,40,5.13,10.3,18,37,37,949,26,10,15,51,7.794884821,130,126,11.93063989,11.4657513,7.926507853,7.653431023,489,14,7,8,29,460,12,3,7,22,518,482,93,33,91,39
25,1000,40,5.13,10.3,18,37,45,955,30,9,6,45,7.831285905,140,124,12.41262692,12.45349604,7.806802551,7.856565466,487,12,5,4,21,468,18,4,2,24,508,492,93,31,116,24
27,1000,40,5.13,10.3,18,37,43,949,31,5,15,51,7.934986638,125,130,12.19569785,12.20716109,7.692994322,8.176012916,476,14,1,8,23,473,17,4,7,28,499,501,91,39,107,18
26,1000,40,5.13,10.3,18,37,44,955,27,7,11,45,7.998740701,127,114,11.82759724,12.04780591,7.999612857,7.997807152,496,15,4,2,21,459,12,3,9,24,517,483,87,27,90,37
24,1000,40,5.13,10.3,18,37,99,954,32,10,4,46,8.374034757,240,229,31.45620883,34.46393661,9.99491591,6.759624188,461,27,7,4,38,493,5,3,0,8,499,501,212,17,225,15
30,1000,40,5.13,10.3,18,37,38,966,21,10,3,34,7.543041701,124,120,11.65149784,11.08226273,7.614124515,7.467259197,498,11,5,2,18,468,10,5,1,16,516,484,84,36,99,25
28,1000,40,5.13,10.3,18,37,40,952,33,6,9,48,7.857498324,123,113,11.72401217,11.47409991,8.09334888,7.624461095,469,18,3,7,28,483,15,3,2,20,497,503,84,29,95,28
29,1000,40,5.13,10.3,18,37,39,958,28,7,7,42,7.915009732,113,128,11.53221734,10.97444691,7.993996696,7.822285906,514,18,6,2,26,444,10,1,5,16,540,460,91,37,86,27
31,1000,40,5.13,10.3,18,37,38,951,25,9,15,49,7.780484734,119,131,12.07110387,11.57105659,7.999369881,7.545251318,490,13,7,8,28,461,12,2,7,21,518,482,93,38,93,26
27,1000,40,5.13,10.3,18,37,44,951,28,7,14,49,7.902805751,120,120,12.31912122,12.33002354,7.76055509,8.044488544,476,14,1,8,23,475,14,6,6,26,499,501,93,27,100,20
25,1000,40,5.13,10.3,18,37,46,957,28,10,5,43,7.827220611,135,137,12.4667597,12.49631198,7.82816941,7.826240958,488,12,5,3,20,469,16,5,2,23,508,492,109,28,105,30
26,1000,40,5.13,10.3,18,37,45,953,29,7,11,47,8.035999454,115,131,11.89857548,12.14790989,8.060977345,8.009263285,495,16,4,2,22,458,13,3,9,25,517,483,82,49,96,19
28,1000,40,5.13,10.3,18,37,41,954,30,7,9,46,7.848798353,141,115,11.76084206,11.54705949,8.107339394,7.593341301,469,17,4,7,28,485,13,3,2,18,497,503,89,26,116,25
30,1000,40,5.13,10.3,18,37,39,966,21,10,3,34,7.551401675,108,95,11.76616733,11.22385689,7.635864043,7.461355018,498,11,5,2,18,468,10,5,1,16,516,484,65,30,91,17
24,1000,40,5.13,10.3,18,37,100,953,33,10,4,47,8.343912067,234,240,32.4723236,35.77257983,10.00919826,6.685273726,460,28,7,4,39,493,5,3,0,8,499,501,227,13,217,17
29,1000,40,5.13,10.3,18,37,40,956,30,7,7,44,7.962098121,107,115,11.58961853,11.06674063,8.075713065,7.828724056,513,19,6,2,27,443,11,1,5,17,540,460,85,30,87,20
31,1000,40,5.13,10.3,18,37,39,951,24,10,15,49,7.79521995,127,100,12.19432503,11.67473506,8.018193816,7.555592435,490,13,7,8,28,461,11,3,7,21,518,482,67,33,95,32
27,1000,40,5.13,10.3,18,37,45,954,27,6,13,46,7.881994563,132,139,12.39664472,12.44189733,7.786894581,7.976714904,476,14,1,8,23,478,13,5,5,23,499,501,106,33,110,22
25,1000,40,5.13,10.3,18,37,47,958,28,9,5,42,7.833440774,136,133,12.58897829,12.64251387,7.862036947,7.803914645,488,12,5,3,20,470,16,4,2,22,508,492,102,31,108,28
26,1000,40,5.13,10.3,18,37,46,952,32,7,9,48,8.01261115,126,117,11.98999339,12.27012952,8.096599428,7.922710655,494,17,4,2,23,458,15,3,7,25,517,483,78,39,101,25
28,1000,40,5.13,10.3,18,37,42,954,30,7,9,46,7.877041905,121,107,11.82606699,11.6085092,8.121417255,7.635581569,469,17,4,7,28,485,13,3,2,18,497,503,77,30,96,25
30,1000,40,5.13,10.3,18,37,40,967,20,10,3,33,7.568717861,128,113,11.88445479,11.31793522,7.662714798,7.468506252,499,10,5,2,17,468,10,5,1,16,516,484,89,24,104,24
31,1000,40,5.13,10.3,18,37,40,952,24,10,14,48,7.784575189,132,106,12.44696168,11.88613763,8.022008367,7.529408412,491,12,7,8,27,461,12,3,6,21,518,482,78,28,103,29
29,1000,40,5.13,10.3,18,37,41,957,29,7,7,43,7.970624855,121,111,11.6730776,11.16681082,8.122211221,7.792675643,513,19,6,2,27,444,10,1,5,16,540,460,80,31,96,25
24,1000,40,5.13,10.3,18,37,101,952,33,10,5,48,8.354568281,222,260,33.56398214,37.10085124,10.09792768,6.618168404,458,29,7,5,41,494,4,3,0,7,499,501,241,19,201,21
27,1000,40,5.13,10.3,18,37,46,954,27,5,14,46,7.92924793,131,129,12.50919602,12.58565059,7.87543098,7.982850042,476,14,0,9,23,478,13,5,5,23,499,501,100,29,106,25
25,1000,40,5.13,10.3,18,37,48,959,27,10,4,41,7.858025977,131,129,12.7080127,12.77024073,7.890080564,7.824928964,488,11,6,3,20,471,16,4,1,21,508,492,96,33,103,28
26,1000,40,5.13,10.3,18,37,47,952,32,7,9,48,8.014690351,124,128,12.04345916,12.35508342,8.115394546,7.906897247,494,17,4,2,23,458,15,3,7,25,517,483,92,36,104,20
28,1000,40,5.13,10.3,18,37,43,954,30,7,9,46,7.91570004,120,122,11.89500085,11.67938166,8.200264204,7.63453028,469,17,4,7,28,485,13,3,2,18,497,503,87,35,97,23
30,1000,40,5.13,10.3,18,37,41,966,21,10,3,34,7.598532939,116,134,11.94423136,11.38026535,7.69277272,7.498062428,498,11,5,2,18,468,10,5,1,16,516,484,100,34,95,21
31,1000,40,5.13,10.3,18,37,41,952,24,10,14,48,7.750457043,144,113,12.54325714,12.0121072,8.022898072,7.457667722,491,12,7,8,27,461,12,3,6,21,518,482,86,27,113,31
29,1000,40,5.13,10.3,18,37,42,956,30,7,7,44,7.989388428,117,117,11.76794823,11.25694122,8.158824043,7.790485749,513,19,6,2,27,443,11,1,5,17,540,460,80,37,93,24
24,1000,40,5.13,10.3,18,37,102,951,34,10,5,49,8.342953413,229,237,34.90079547,38.83071251,10.12047171,6.572531,457,30,7,5,42,494,4,3,0,7,499,501,217,20,217,12
27,1000,40,5.13,10.3,18,37,47,954,26,6,14,46,7.962192728,141,138,12.60885453,12.71772424,7.933506177,7.990764762,476,14,0,9,23,478,12,6,5,23,499,501,110,28,122,19
25,1000,40,5.13,10.3,18,37,49,959,27,10,4,41,7.872296991,139,132,12.7902146,12.84982126,7.94649231,7.795688816,488,11,6,3,20,471,16,4,1,21,508,492,102,30,123,16
26,1000,40,5.13,10.3,18,37,48,951,33,7,9,49,8.016828553,128,128,12.1295977,12.45253148,8.115394546,7.911324167,494,17,4,2,23,457,16,3,7,26,517,483,94,34,113,15
28,1000,40,5.13,10.3,18,37,44,952,31,8,9,48,7.934354093,117,131,12.0184389,11.83355885,8.237443415,7.63488015,467,18,5,7,30,485,13,3,2,18,497,503,94,37,98,19
30,1000,40,5.13,10.3,18,37,42,966,21,10,3,34,7.626543881,116,113,12.00706117,11.44850381,7.747116382,7.497999645,498,11,5,2,18,468,10,5,1,16,516,484,82,31,89,27
31,1000,40,5.13,10.3,18,37,42,953,23,11,13,47,7.741823043,123,130,12.68120164,12.16501772,8.053190271,7.407200171,491,12,7,8,27,462,11,4,5,20,518,482,97,33,101,22
29,1000,40,5.13,10.3,18,37,43,955,31,7,7,45,8.010885182,102,106,11.87825187,11.38738205,8.20843452,7.778979438,512,20,6,2,28,443,11,1,5,17,540,460,78,28,83,19
24,1000,40,5.13,10.3,18,37,103,951,34,10,5,49,8.342857233,251,231,36.43336504,40.6065826,10.15127132,6.541662361,457,30,7,5,42,494,4,3,0,7,499,501,218,13,241,10
27,1000,40,5.13,10.3,18,37,48,954,25,6,15,46,7.989387528,109,138,12.78789792,12.90700958,7.978861511,7.999871524,476,14,0,9,23,478,11,6,6,23,499,501,103,35,93,16
25,1000,40,5.13,10.3,18,37,50,959,28,9,4,41,7.881536957,134,134,12.89428546,12.97309002,7.9755549,7.784461519,487,13,5,3,21,472,15,4,1,20,508,492,101,33,105,29
26,1000,40,5.13,10.3,18,37,49,952,32,7,9,48,8.012207965,133,124,12.25604714,12.58585039,8.153499347,7.860970605,494,17,4,2,23,458,15,3,7,25,517,483,89,35,104,29
28,1000,40,5.13,10.3,18,37,45,954,29,8,9,46,7.891412024,145,147,12.15494728,11.9872798,8.245031588,7.542010586,468,17,5,7,29,486,12,3,2,17,497,503,103,44,123,22
30,1000,40,5.13,10.3,18,37,43,965,22,10,3,35,7.637820847,117,109,12.08589279,11.58029861,7.752748091,7.515295108,497,12,5,2,19,468,10,5,1,16,516,484,81,28,105,12
31,1000,40,5.13,10.3,18,37,43,955,23,9,13,45,7.750493365,114,135,12.83327216,12.34342271,8.099099592,7.37585016,491,12,7,8,27,464,11,2,5,18,518,482,104,31,89,25
29,1000,40,5.13,10.3,18,37,44,956,29,8,7,44,8.0294778,116,116,12.00472708,11.57575317,8.22746854,7.797053888,512,19,7,2,28,444,10,1,5,16,540,460,78,38,104,12
27,1000,40,5.13,10.3,18,37,49,954,25,6,15,46,8.000596982,131,126,12.92727703,13.11702141,8.044041857,7.95732554,476,14,0,9,23,478,11,6,6,23,499,501,104,22,110,21
24,1000,40,5.13,10.3,18,37,104,951,34,10,5,49,8.332961963,236,260,37.83550224,42.0816963,10.16861493,6.504636957,457,30,7,5,42,494,4,3,0,7,499,501,240,20,223,13
25,1000,40,5.13,10.3,18,37,51,960,26,10,4,40,7.866295174,131,135,13.01933232,13.11411673,8.012395836,7.715443271,487,13,5,3,21,473,13,5,1,19,508,492,109,26,114,17
32,1000,40,5.13,10.3,18,37,0,951,30,11,8,49,6.962,102,104,10.04947578,8.739422716,6.44040404,7.473267327,472,12,7,4,23,479,18,4,4,26,495,505,48,56,65,37
26,1000,40,5.13,10.3,18,37,50,952,33,7,8,48,8.017176203,126,124,12.36761258,12.714733,8.199292394,7.82224024,494,17,4,2,23,458,16,3,6,25,517,483,100,24,104,22
28,1000,40,5.13,10.3,18,37,46,953,31,7,9,47,7.932269884,141,138,12.25981767,12.11831164,8.291544662,7.577280689,466,19,5,7,31,487,12,2,2,16,497,503,113,25,116,25
30,1000,40,5.13,10.3,18,37,44,965,21,10,4,35,7.662871753,126,135,12.14638666,11.66954753,7.825442454,7.489552575,497,12,5,2,19,468,9,5,2,16,516,484,103,32,109,17
31,1000,40,5.13,10.3,18,37,44,955,23,9,13,45,7.780931354,106,120,12.99771719,12.49170759,8.135103289,7.400306744,491,12,7,8,27,464,11,2,5,18,518,482,88,32,79,27
29,1000,40,5.13,10.3,18,37,45,956,28,9,7,44,8.049882127,144,123,12.12825981,11.74407831,8.314310162,7.739466607,511,19,8,2,29,445,9,1,5,15,540,460,91,32,118,26
27,1000,40,5.13,10.3,18,37,50,955,24,6,15,45,8.008833185,140,129,13.02758768,13.24148324,8.091629978,7.926366918,476,14,0,9,23,479,10,6,6,22,499,501,102,27,116,24
25,1000,40,5.13,10.3,18,37,52,958,28,10,4,42,7.884271853,157,144,13.13176532,13.25110161,8.058858103,7.704008,487,13,5,3,21,471,15,5,1,21,508,492,105,39,135,22
26,1000,40,5.13,10.3,18,37,51,952,34,7,7,48,8.019826443,129,138,12.46908294,12.83096788,8.230616792,7.79419785,493,18,4,2,24,459,16,3,5,24,517,483,109,29,104,25
28,1000,40,5.13,10.3,18,37,47,955,29,7,9,45,7.933621333,123,121,12.33029567,12.2043164,8.348156704,7.524030718,466,19,5,7,31,489,10,2,2,14,497,503,93,28,113,10
32,1000,40,5.13,10.3,18,37,1,955,26,10,9,45,6.958972048,84,104,10.08109246,8.774252165,6.4382115,7.469420506,474,10,6,5,21,481,16,4,4,24,495,505,54,50,59,25
30,1000,40,5.13,10.3,18,37,45,966,21,9,4,34,7.65121931,119,126,12.23214265,11.77565129,7.870477786,7.417464405,497,12,5,2,19,469,9,4,2,15,516,484,92,34,100,19
31,1000,40,5.13,10.3,18,37,45,955,24,9,12,45,7.782827281,141,114,13.16784249,12.6609132,8.152231875,7.385832303,492,12,7,7,26,463,12,2,5,19,518,482,91,23,120,21
29,1000,40,5.13,10.3,18,37,46,955,29,9,7,45,8.047745258,110,113,12.30730284,11.93860255,8.345899142,7.697738525,510,20,8,2,30,445,9,1,5,15,540,460,76,37,94,16
27,1000,40,5.13,10.3,18,37,51,956,23,7,14,44,7.974134522,134,144,13.15642982,13.39953746,8.108132243,7.840671722,476,14,0,9,23,480,9,7,5,21,499,501,110,34,113,21
25,1000,40,5.13,10.3,18,37,53,958,27,11,4,42,7.881959739,130,132,13.25686381,13.40763991,8.039500287,7.719295922,487,13,5,3,21,471,14,6,1,21,508,492,106,26,116,14
26,1000,40,5.13,10.3,18,37,52,951,35,7,7,49,8.048036778,126,125,12.57759065,12.97904788,8.309974685,7.767660178,492,19,4,2,25,459,16,3,5,24,517,483,96,29,105,21
28,1000,40,5.13,10.3,18,37,48,953,32,7,8,47,7.929618653,140,114,12.44356047,12.35333534,8.366308828,7.498137506,466,19,5,7,31,487,13,2,1,16,497,503,87,27,120,20
32,1000,40,5.13,10.3,18,37,2,955,27,9,9,45,6.952517334,93,100,10.11391599,8.806099211,6.446847487,7.448173918,474,10,6,5,21,481,17,3,4,24,495,505,57,43,62,31
30,1000,40,5.13,10.3,18,37,46,967,21,9,3,33,7.687480917,136,138,12.35163381,11.894681,7.962832397,7.393924381,497,12,5,2,19,470,9,4,1,14,516,484,98,40,113,23
31,1000,40,5.13,10.3,18,37,46,956,24,8,12,44,7.780881191,130,126,13.29984228,12.81999418,8.169683152,7.36304008,493,12,6,7,25,463,12,2,5,19,518,482,91,35,106,24
29,1000,40,5.13,10.3,18,37,47,954,30,9,7,46,8.060019198,119,120,12.44498752,12.11074994,8.381850766,7.682216922,509,21,8,2,31,445,9,1,5,15,540,460,88,32,104,15
27,1000,40,5.13,10.3,18,37,52,955,26,6,13,45,8.015487829,127,134,13.35034779,13.63677141,8.156005116,7.875531489,475,16,0,8,24,480,10,6,5,21,499,501,105,29,106,21
25,1000,40,5.13,10.3,18,37,54,958,27,11,4,42,7.881121785,134,147,13.39057085,13.5543309,8.047233313,7.709608257,487,13,5,3,21,471,14,6,1,21,508,492,119,28,114,20
26,1000,40,5.13,10.3,18,37,53,951,35,7,7,49,8.059702715,132,150,12.6762684,13.07942586,8.360234843,7.738015115,491,20,4,2,26,460,15,3,5,23,517,483,110,40,111,21
28,1000,40,5.13,10.3,18,37,49,954,31,7,8,46,7.969953807,119,147,12.56279834,12.52734291,8.449260973,7.496364023,466,19,5,7,31,488,12,2,1,15,497,503,115,32,98,21
30,1000,40,5.13,10.3,18,37,47,966,22,9,3,34,7.716323618,131,127,12.42631525,12.00909043,7.954213394,7.462705592,498,11,5,2,18,468,11,4,1,16,516,484,94,33,107,24
31,1000,40,5.13,10.3,18,37,47,956,24,8,12,44,7.772198416,133,119,13.41047667,12.93769075,8.190651818,7.322491233,491,14,6,7,27,465,10,2,5,17,518,482,85,34,113,20
32,1000,40,5.13,10.3,18,37,3,955,27,9,9,45,6.965966578,102,93,10.11379024,8.846682985,6.462478406,7.459484687,474,10,6,5,21,481,17,3,4,24,495,505,56,37,67,35
29,1000,40,5.13,10.3,18,37,48,955,29,9,7,45,8.08735029,130,126,12.60216519,12.28193761,8.453750779,7.657227977,510,20,8,2,30,445,9,1,5,15,540,460,92,34,101,29
27,1000,40,5.13,10.3,18,37,53,953,28,6,13,47,8.060170276,131,130,13.47231471,13.75158974,8.202486901,7.918421781,475,16,0,8,24,478,12,6,5,23,499,501,100,30,104,27
25,1000,40,5.13,10.3,18,37,55,957,28,11,4,43,7.908543277,130,158,13.47855785,13.66853165,8.103060097,7.707700707,486,14,5,3,22,471,14,6,1,21,508,492,118,40,109,21
26,1000,40,5.13,10.3,18,37,54,951,35,7,7,49,8.060563239,123,137,12.78545413,13.22319879,8.380799425,7.717784547,491,20,4,2,26,460,15,3,5,23,517,483,97,40,104,19
28,1000,40,5.13,10.3,18,37,50,953,32,7,8,47,8.031673348,120,126,12.69935724,12.7143509,8.507867228,7.561159713,465,20,5,7,32,488,12,2,1,15,497,503,106,20,100,20
30,1000,40,5.13,10.3,18,37,48,966,23,8,3,34,7.72110192,126,125,12.5223501,12.11942989,7.972353296,7.453238883,498,11,5,2,18,468,12,3,1,16,516,484,97,28,104,22
31,1000,40,5.13,10.3,18,37,48,956,25,8,11,44,7.774403832,130,142,13.57379921,13.11761825,8.225665351,7.289438132,491,15,6,6,27,465,10,2,5,17,518,482,100,42,108,22
29,1000,40,5.13,10.3,18,37,49,954,30,8,8,46,8.099342437,146,157,12.72595968,12.48470654,8.503989164,7.624322367,509,21,7,3,31,445,9,1,5,15,540,460,110,47,115,31
32,1000,40,5.13,10.3,18,37,4,957,25,9,9,43,6.993850741,82,118,10.13485708,8.90894705,6.491091691,7.486654167,475,9,6,5,20,482,16,3,4,23,495,505,70,48,51,31
27,1000,40,5.13,10.3,18,37,54,952,30,7,11,48,8.036501748,163,130,13.65239408,13.95976952,8.164970397,7.908545949,474,18,1,6,25,478,12,6,5,23,499,501,103,27,131,32
25,1000,40,5.13,10.3,18,37,56,956,28,12,4,44,7.928283477,134,141,13.68207623,13.83498418,8.147593575,7.701841344,484,15,6,3,24,472,13,6,1,20,508,492,110,31,113,21
26,1000,40,5.13,10.3,18,37,55,952,35,7,6,48,8.07099604,148,134,12.93027371,13.40712278,8.379619275,7.740647774,491,20,4,2,26,461,15,3,4,22,517,483,109,25,119,29
28,1000,40,5.13,10.3,18,37,51,953,32,7,8,47,8.032553602,140,123,12.81365806,12.79514987,8.564374115,7.507076873,464,21,5,7,33,489,11,2,1,14,497,503,98,25,126,14
30,1000,40,5.13,10.3,18,37,49,967,23,8,2,33,7.712235388,123,133,12.60077035,12.2357092,8.027393804,7.376240053,497,12,5,2,19,470,11,3,0,14,516,484,101,32,105,18
31,1000,40,5.13,10.3,18,37,49,955,26,8,11,45,7.801164236,121,140,13.692087,13.25396118,8.299937689,7.265137995,490,16,6,6,28,465,10,2,5,17,518,482,104,36,96,25
29,1000,40,5.13,10.3,18,37,50,954,29,8,9,46,8.097792304,122,124,12.8180199,12.59952323,8.561325496,7.553644643,509,20,7,4,31,445,9,1,5,15,540,460,96,28,98,24
32,1000,40,5.13,10.3,18,37,5,958,26,8,8,42,6.994632045,102,96,10.19356162,8.939513957,6.465772174,7.513019444,476,10,5,4,19,482,16,3,4,23,495,505,49,47,69,33
27,1000,40,5.13,10.3,18,37,55,953,29,7,11,47,8.05446436,142,150,13.81671549,14.19898189,8.203137958,7.90638427,474,18,1,6,25,479,11,6,5,22,499,501,113,37,120,22
25,1000,40,5.13,10.3,18,37,57,956,28,11,5,44,7.952734535,127,133,13.7945124,14.00074218,8.173276536,7.725020436,484,15,5,4,24,472,13,6,1,20,508,492,107,26,107,20
26,1000,40,5.13,10.3,18,37,56,952,35,7,6,48,8.094234375,125,130,13.0898595,13.61800346,8.407846073,7.75854649,491,20,4,2,26,461,15,3,4,22,517,483,105,25,106,19
28,1000,40,5.13,10.3,18,37,52,954,31,7,8,46,8.022133226,111,118,12.98728845,12.979392,8.581085112,7.469848757,463,22,5,7,34,491,9,2,1,12,497,503,92,26,93,18
30,1000,40,5.13,10.3,18,37,50,971,21,6,2,29,7.665877033,136,144,12.70684794,12.34269061,8.013348741,7.29543199,499,11,4,2,17,472,10,2,0,12,516,484,115,29,121,15
31,1000,40,5.13,10.3,18,37,50,955,26,8,11,45,7.818284296,122,142,13.86384928,13.45134486,8.334140371,7.263899551,490,16,6,6,28,465,10,2,5,17,518,482,112,30,101,21
29,1000,40,5.13,10.3,18,37,51,956,27,8,9,44,8.077080639,124,129,12.92202381,12.72142104,8.60369623,7.458879728,509,20,7,4,31,447,7,1,5,13,540,460,94,35,105,19
27,1000,40,5.13,10.3,18,37,56,954,28,7,11,46,8.054963032,130,162,13.9548678,14.38694945,8.236627006,7.874024263,474,18,1,6,25,480,10,6,5,21,499,501,127,35,109,21
25,1000,40,5.13,10.3,18,37,58,955,29,11,5,45,7.994834576,147,142,13.9405804,14.18193996,8.25269378,7.728589706,484,15,5,4,24,471,14,6,1,21,508,492,109,33,123,24
32,1000,40,5.13,10.3,18,37,6,959,25,7,9,41,7.019125194,100,111,10.21515421,8.972187866,6.510725798,7.517457274,476,10,5,4,19,483,15,2,5,22,495,505,72,39,64,36
26,1000,40,5.13,10.3,18,37,57,953,34,7,6,47,8.091063917,159,120,13.21868039,13.74034003,8.452076166,7.704638797,491,20,4,2,26,462,14,3,4,21,517,483,99,21,135,24
28,1000,40,5.13,10.3,18,37,53,954,30,8,8,46,8.074547996,141,123,13.09436969,13.12187837,8.664110771,7.492017779,463,21,6,7,34,491,9,2,1,12,497,503,97,26,120,21
30,1000,40,5.13,10.3,18,37,51,971,21,6,2,29,7.671633726,119,137,12.81462835,12.46663138,8.036708623,7.282421647,499,11,4,2,17,472,10,2,0,12,516,484,105,32,97,22
31,1000,40,5.13,10.3,18,37,51,954,27,7,12,46,7.86956601,118,136,14.02137724,13.57764253,8.403212005,7.296062638,489,17,5,7,29,465,10,2,5,17,518,482,98,38,94,24
29,1000,40,5.13,10.3,18,37,52,954,28,9,9,46,8.09464057,122,134,13.05864819,12.90882884,8.641479374,7.452699365,509,19,8,4,31,445,9,1,5,15,540,460,100,34,108,14
27,1000,40,5.13,10.3,18,37,57,954,30,7,9,46,8.048283528,142,164,14.12358303,14.53017697,8.285906754,7.811608898,474,18,1,6,25,480,12,6,3,21,499,501,139,25,127,15
25,1000,40,5.13,10.3,18,37,59,956,30,10,4,44,7.95435434,140,131,14.07436841,14.32781524,8.273175384,7.625165132,484,15,5,4,24,472,15,5,0,20,508,492,92,39,122,18
26,1000,40,5.13,10.3,18,37,58,956,30,8,6,44,8.071715024,130,128,13.36845298,13.96010191,8.44690083,7.670118622,491,20,4,2,26,465,10,4,4,18,517,483,102,26,108,22
28,1000,40,5.13,10.3,18,37,54,953,31,8,8,47,8.127539168,141,157,13.22089105,13.28279545,8.767633169,7.495080483,463,21,6,7,34,490,10,2,1,13,497,503,122,35,114,27
32,1000,40,5.13,10.3,18,37,7,960,24,7,9,40,7.047828386,104,119,10.24790175,9.012469575,6.559109166,7.526869998,476,10,5,4,19,484,14,2,5,21,495,505,72,47,67,37
31,1000,40,5.13,10.3,18,37,52,954,27,7,12,46,7.889753407,139,129,14.20797068,13.7798798,8.457809328,7.279270073,489,17,4,8,29,465,10,3,4,17,518,482,98,31,111,28
30,1000,40,5.13,10.3,18,37,52,971,21,6,2,29,7.694663797,117,116,12.90564486,12.57732239,8.094260359,7.268647628,499,11,4,2,17,472,10,2,0,12,516,484,90,26,104,13
29,1000,40,5.13,10.3,18,37,53,955,27,9,9,45,8.123912151,143,143,13.19964095,13.08325832,8.706405879,7.440115165,509,19,8,4,31,446,8,1,5,14,540,460,106,37,126,17
27,1000,40,5.13,10.3,18,37,58,952,32,7,9,48,8.047890641,147,140,14.28796798,14.69469121,8.301608074,7.795186051,472,20,1,6,27,480,12,6,3,21,499,501,120,20,118,29
25,1000,40,5.13,10.3,18,37,60,958,28,10,4,42,7.942425965,155,148,14.2079823,14.49499621,8.311279181,7.561577522,485,14,5,4,23,473,14,5,0,19,508,492,110,38,135,20
26,1000,40,5.13,10.3,18,37,59,956,30,8,6,44,8.079058383,135,140,13.50461752,14.12697871,8.488903538,7.640362844,491,20,4,2,26,465,10,4,4,18,517,483,109,31,119,16
28,1000,40,5.13,10.3,18,37,55,952,33,8,7,48,8.121248941,121,138,13.3161675,13.37639245,8.810064475,7.440649894,463,21,6,7,34,489,12,2,0,14,497,503,107,31,103,18
32,1000,40,5.13,10.3,18,37,8,959,24,8,9,41,7.071696607,102,120,10.26082976,9.065074713,6.588190971,7.545627875,475,11,5,4,20,484,13,3,5,21,495,505,74,46,73,29
31,1000,40,5.13,10.3,18,37,53,953,28,7,12,47,7.918190736,137,145,14.42955664,14.00134603,8.511938888,7.28009625,488,18,4,8,30,465,10,3,4,17,518,482,104,41,113,24
30,1000,40,5.13,10.3,18,37,53,971,21,6,2,29,7.699982351,113,137,13.00693151,12.66495056,8.109110271,7.263804652,499,11,4,2,17,472,10,2,0,12,516,484,103,34,98,15
29,1000,40,5.13,10.3,18,37,54,954,29,9,8,46,8.132187033,125,119,13.36001567,13.2500027,8.76056151,7.394530039,508,20,8,4,32,446,9,1,4,14,540,460,98,21,109,16
27,1000,40,5.13,10.3,18,37,59,955,29,7,9,45,8.021073821,145,155,14.44232355,14.90890513,8.288712357,7.754503704,474,18,1,6,25,481,11,6,3,20,499,501,119,36,122,23
25,1000,40,5.13,10.3,18,37,61,958,28,10,4,42,7.939454916,163,156,14.34819697,14.60876088,8.312273852,7.554511787,485,14,5,4,23,473,14,5,0,19,508,492,127,29,142,21
26,1000,40,5.13,10.3,18,37,60,956,30,8,6,44,8.101460159,154,146,13.65422783,14.35529264,8.549374465,7.622015654,491,20,4,2,26,465,10,4,4,18,517,483,114,32,135,19
28,1000,40,5.13,10.3,18,37,56,952,33,8,7,48,8.144344825,134,138,13.4928259,13.56475976,8.838162619,7.458803189,463,21,6,7,34,489,12,2,0,14,497,503,114,24,124,10
31,1000,40,5.13,10.3,18,37,54,953,31,6,10,47,7.893916822,136,144,14.5503047,14.11434376,8.541604039,7.197854626,487,19,4,8,31,466,12,2,2,16,518,482,110,34,116,20
30,1000,40,5.13,10.3,18,37,54,970,22,6,2,30,7.730291518,124,154,13.0883103,12.80358381,8.150176273,7.282645789,498,12,4,2,18,472,10,2,0,12,516,484,116,38,102,22
32,1000,40,5.13,10.3,18,37,9,960,23,8,9,40,7.072392017,90,127,10.27458636,9.098588033,6.631822817,7.504237073,475,11,5,4,20,485,12,3,5,20,495,505,78,49,61,29
29,1000,40,5.13,10.3,18,37,55,954,30,9,7,46,8.13928234,133,142,13.54386237,13.4540883,8.807966707,7.35430504,508,21,8,3,32,446,9,1,4,14,540,460,104,38,113,20
25,1000,40,5.13,10.3,18,37,62,958,28,10,4,42,7.947789009,152,141,14.55391968,14.861337,8.364815382,7.517200803,485,14,5,4,23,473,14,5,0,19,508,492,116,25,125,27
27,1000,40,5.13,10.3,18,37,60,955,29,7,9,45,8.04871779,154,157,14.60617374,15.08826259,8.337755166,7.760834256,474,18,1,6,25,481,11,6,3,20,499,501,137,20,140,14
26,1000,40,5.13,10.3,18,37,61,957,29,8,6,43,8.111348276,139,138,13.81033264,14.59693018,8.581027203,7.608607064,491,20,4,2,26,466,9,4,4,17,517,483,111,27,122,17
28,1000,40,5.13,10.3,18,37,57,953,33,7,7,47,8.113859749,153,144,13.66712267,13.73725102,8.820585313,7.415564311,463,21,6,7,34,490,12,1,0,13,497,503,107,37,128,25
31,1000,40,5.13,10.3,18,37,55,950,34,7,9,50,7.998124149,143,144,14.76803188,14.31968742,8.692144687,7.252268052,485,20,5,8,33,465,14,2,1,17,518,482,119,25,127,16
30,1000,40,5.13,10.3,18,37,55,970,22,6,2,30,7.723887436,112,136,13.26026297,13.00063733,8.196956418,7.219541166,498,12,4,2,18,472,10,2,0,12,516,484,105,31,96,16
32,1000,40,5.13,10.3,18,37,10,961,22,8,9,39,7.100293497,97,126,10.29115765,9.137501648,6.687252506,7.505155458,475,11,5,4,20,486,11,3,5,19,495,505,69,57,73,24
29,1000,40,5.13,10.3,18,37,56,954,30,9,7,46,8.157317385,151,132,13.73414913,13.6932791,8.858654437,7.334008672,508,21,8,3,32,446,9,1,4,14,540,460,101,31,130,21
25,1000,40,5.13,10.3,18,37,63,956,29,11,4,44,7.973025904,143,141,14.77377041,15.11001186,8.396538293,7.535740754,485,14,5,4,23,471,15,6,0,21,508,492,114,27,125,18
27,1000,40,5.13,10.3,18,37,61,956,29,7,8,44,8.046261447,157,156,14.85104618,15.34179395,8.390284569,7.703611672,474,18,1,6,25,482,11,6,2,19,499,501,129,27,134,23
26,1000,40,5.13,10.3,18,37,62,958,28,9,5,42,8.098806149,176,157,13.99271958,14.79410466,8.611464709,7.550059823,491,19,5,2,26,467,9,4,3,16,517,483,128,29,148,28
28,1000,40,5.13,10.3,18,37,58,952,34,7,7,48,8.170493017,136,130,13.89165959,13.97422646,8.871423454,7.477923578,462,22,6,7,35,490,12,1,0,13,497,503,92,38,115,21
31,1000,40,5.13,10.3,18,37,56,951,32,8,9,49,7.991227913,145,154,14.90596013,14.45622652,8.711993208,7.216629525,484,20,6,8,34,467,12,2,1,15,518,482,113,41,121,24
30,1000,40,5.13,10.3,18,37,56,970,22,6,2,30,7.721004107,133,137,13.38280736,13.16666279,8.223283271,7.185516404,498,12,4,2,18,472,10,2,0,12,516,484,111,26,114,19
29,1000,40,5.13,10.3,18,37,57,956,29,9,6,44,8.14005565,136,135,13.85617874,13.83374909,8.899716122,7.248280313,508,21,8,3,32,448,8,1,3,12,540,460,102,33,111,25
25,1000,40,5.13,10.3,18,37,64,957,28,11,4,43,7.964785698,163,154,14.9372585,15.28362073,8.392062559,7.523613655,485,14,5,4,23,472,14,6,0,20,508,492,133,21,139,24
32,1000,40,5.13,10.3,18,37,11,964,22,6,8,36,7.076202908,103,105,10.31320958,9.17297558,6.692585302,7.452224125,475,12,5,3,20,489,10,1,5,16,495,505,62,43,74,29
27,1000,40,5.13,10.3,18,37,62,956,29,7,8,44,8.062375809,154,156,15.08149346,15.5894589,8.451198752,7.675105053,474,18,1,6,25,482,11,6,2,19,499,501,130,26,132,22
26,1000,40,5.13,10.3,18,37,63,959,28,8,5,41,8.110635709,141,157,14.13733845,14.99126696,8.664942492,7.517309401,491,19,5,2,26,468,9,3,3,15,517,483,132,25,124,17
28,1000,40,5.13,10.3,18,37,59,952,34,7,7,48,8.164952906,138,141,14.08428833,14.16870816,8.899678463,7.438991471,462,22,6,7,35,490,12,1,0,13,497,503,111,30,124,14
31,1000,40,5.13,10.3,18,37,57,950,33,8,9,50,8.029991047,129,146,14.98604041,14.57745453,8.746354958,7.260122779,484,20,6,8,34,466,13,2,1,16,518,482,118,28,112,17
30,1000,40,5.13,10.3,18,37,57,970,22,6,2,30,7.71685233,142,144,13.54118696,13.33449835,8.24173855,7.157262888,497,13,4,2,19,473,9,2,0,11,516,484,116,28,123,19
29,1000,40,5.13,10.3,18,37,58,954,31,9,6,46,8.151124659,149,123,13.96972546,13.96580759,8.975418302,7.1834756,506,23,8,3,34,448,8,1,3,12,540,460,100,23,125,24
25,1000,40,5.13,10.3,18,37,65,957,28,11,4,43,7.964545394,143,149,15.11600976,15.49039862,8.377927044,7.537720438,486,13,5,4,22,471,15,6,0,21,508,492,125,24,122,21
27,1000,40,5.13,10.3,18,37,63,959,26,7,8,41,8.057518531,158,148,15.27416909,15.79212318,8.482746286,7.633988291,475,17,1,6,24,484,9,6,2,17,499,501,126,22,137,21
26,1000,40,5.13,10.3,18,37,64,958,29,8,5,42,8.127074562,160,143,14.30973557,15.21394618,8.716656523,7.495989937,491,19,5,2,26,467,10,3,3,16,517,483,119,24,144,16
32,1000,40,5.13,10.3,18,37,12,963,22,7,8,37,7.148992897,71,117,10.37007654,9.24862588,6.758994377,7.531268675,475,11,6,3,20,488,11,1,5,17,495,505,69,48,42,29
28,1000,40,5.13,10.3,18,37,60,952,34,7,7,48,8.155962675,141,168,14.24728306,14.33438874,8.905613871,7.415253641,462,22,6,7,35,490,12,1,0,13,497,503,134,34,127,14
31,1000,40,5.13,10.3,18,37,58,950,33,7,10,50,8.040973838,141,147,15.22138281,14.8386394,8.752906707,7.275867561,484,20,5,9,34,466,13,2,1,16,518,482,113,34,122,19
30,1000,40,5.13,10.3,18,37,58,970,22,6,2,30,7.754359311,142,141,13.71023511,13.50082203,8.312240136,7.159593803,497,13,4,2,19,473,9,2,0,11,516,484,110,31,127,15
29,1000,40,5.13,10.3,18,37,59,954,31,9,6,46,8.176534901,135,133,14.21545632,14.2267083,9.025956008,7.179388385,506,23,8,3,34,448,8,1,3,12,540,460,104,29,111,24
25,1000,40,5.13,10.3,18,37,66,956,29,11,4,44,7.997927794,157,163,15.3174285,15.76904798,8.426116703,7.555814042,486,13,5,4,22,470,16,6,0,22,508,492,132,31,141,16
27,1000,40,5.13,10.3,18,37,64,959,27,6,8,41,8.061553099,146,154,15.42406236,15.95760986,8.536540286,7.58846207,475,17,1,6,24,484,10,5,2,17,499,501,129,25,129,17
26,1000,40,5.13,10.3,18,37,65,958,29,8,5,42,8.150706168,151,150,14.48538342,15.48322161,8.789841486,7.466579958,491,19,5,2,26,467,10,3,3,16,517,483,123,27,134,17
28,1000,40,5.13,10.3,18,37,61,952,34,7,7,48,8.16284929,147,140,14.51076231,14.64316342,8.924257975,7.410523016,462,22,6,7,35,490,12,1,0,13,497,503,111,29,135,12
32,1000,40,5.13,10.3,18,37,13,961,23,7,9,39,7.195253758,95,113,10.38919208,9.290077143,6.789838736,7.592640759,474,12,5,4,21,487,11,2,5,18,495,505,66,47,67,28
31,1000,40,5.13,10.3,18,37,59,950,33,7,10,50,8.071749586,143,139,15.48447378,15.12369823,8.776524518,7.314335862,484,20,5,9,34,466,13,2,1,16,518,482,112,27,120,23
30,1000,40,5.13,10.3,18,37,59,971,21,6,2,29,7.766032805,137,154,13.85558873,13.66076449,8.353921309,7.139275639,497,13,4,2,19,474,8,2,0,10,516,484,124,30,118,19
25,1000,40,5.13,10.3,18,37,67,957,28,11,4,43,7.979389129,154,160,15.59668785,16.10950325,8.446550489,7.49703553,486,13,5,4,22,471,15,6,0,21,508,492,132,28,133,21
29,1000,40,5.13,10.3,18,37,60,953,31,10,6,47,8.198148405,130,154,14.39914582,14.4613198,9.076531448,7.167003093,505,23,9,3,35,448,8,1,3,12,540,460,122,32,115,15
27,1000,40,5.13,10.3,18,37,65,959,27,6,8,41,8.059875792,167,172,15.56859463,16.13541747,8.542831759,7.578847793,475,17,1,6,24,484,10,5,2,17,499,501,140,32,142,25
26,1000,40,5.13,10.3,18,37,66,959,28,8,5,41,8.140981604,160,128,14.6897617,15.72020003,8.826327382,7.407392025,490,19,6,2,27,469,9,2,3,14,517,483,102,26,140,20
28,1000,40,5.13,10.3,18,37,62,952,30,11,7,48,8.234081065,145,151,14.80837068,14.96404038,9.014289369,7.463179422,462,20,8,7,35,490,10,3,0,13,497,503,127,24,125,20
32,1000,40,5.13,10.3,18,37,14,960,24,7,9,40,7.255631882,94,114,10.42500917,9.342514172,6.865114631,7.638416119,473,13,5,4,22,487,11,2,5,18,495,505,77,37,66,28
31,1000,40,5.13,10.3,18,37,60,951,32,7,10,49,8.098202779,144,172,15.59126744,15.27545567,8.823980441,7.318217657,485,19,5,9,33,466,13,2,1,16,518,482,132,40,130,14
30,1000,40,5.13,10.3,18,37,60,971,20,7,2,29,7.781317972,133,141,14.0349639,13.88069735,8.399827308,7.121915456,496,13,5,2,20,475,7,2,0,9,516,484,108,33,116,17
27,1000,40,5.13,10.3,18,37,66,959,27,6,8,41,8.113915167,151,152,15.78261512,16.39888641,8.618214919,7.611628587,475,17,1,6,24,484,10,5,2,17,499,501,132,20,135,16
29,1000,40,5.13,10.3,18,37,61,953,30,11,6,47,8.221859975,133,147,14.62919511,14.70729698,9.103600691,7.186773047,505,22,10,3,35,448,8,1,3,12,540,460,116,31,117,16
25,1000,40,5.13,10.3,18,37,68,959,26,11,4,41,7.941086463,152,154,15.85003329,16.42458089,8.475402385,7.389394414,486,12,6,4,22,473,14,5,0,19,508,492,132,22,137,15
26,1000,40,5.13,10.3,18,37,67,959,28,8,5,41,8.17385194,159,157,14.89544231,16.01947724,8.854711989,7.445063854,490,19,6,2,27,469,9,2,3,14,517,483,122,35,134,25
28,1000,40,5.13,10.3,18,37,63,950,31,12,7,50,8.260834742,143,149,15.19296216,15.37844769,9.076642017,7.454758767,460,21,9,7,37,490,10,3,0,13,497,503,120,29,127,16
31,1000,40,5.13,10.3,18,37,61,948,35,7,10,52,8.159074948,118,154,15.76090257,15.5463758,8.855200773,7.410956323,484,20,5,9,34,464,15,2,1,18,518,482,130,24,102,16
32,1000,40,5.13,10.3,18,37,15,960,24,7,9,40,7.242368167,116,126,10.46479777,9.395947661,6.846325213,7.630568686,474,12,5,4,21,486,12,2,5,19,495,505,84,42,85,31
30,1000,40,5.13,10.3,18,37,61,970,21,6,3,30,7.848014142,137,139,14.23485541,14.14649388,8.453181768,7.202835434,495,14,4,3,21,475,7,2,0,9,516,484,116,23,120,17
27,1000,40,5.13,10.3,18,37,67,958,25,9,8,42,8.151720667,155,154,15.94235335,16.56042153,8.675435534,7.630096478,474,15,4,6,25,484,10,5,2,17,499,501,123,31,133,22
29,1000,40,5.13,10.3,18,37,62,952,29,13,6,48,8.22406651,131,148,14.8292483,14.90809274,9.139370697,7.149578985,505,20,12,3,35,447,9,1,3,13,540,460,114,34,114,17
25,1000,40,5.13,10.3,18,37,69,958,27,11,4,42,7.951366383,166,173,16.11019106,16.71834701,8.489866757,7.395353802,486,12,6,4,22,472,15,5,0,20,508,492,145,28,149,17
26,1000,40,5.13,10.3,18,37,68,958,29,8,5,42,8.220529355,167,139,15.12968667,16.29206969,8.90737578,7.485333492,489,20,6,2,28,469,9,2,3,14,517,483,113,26,150,17
28,1000,40,5.13,10.3,18,37,64,950,32,12,6,50,8.274159163,150,138,15.48165731,15.68855579,9.112062234,7.44625096,460,22,9,6,37,490,10,3,0,13,497,503,113,25,133,17
31,1000,40,5.13,10.3,18,37,62,950,33,7,10,50,8.165258725,158,144,15.91467746,15.72269291,8.90453815,7.37076341,484,20,5,9,34,466,13,2,1,16,518,482,112,32,134,24
30,1000,40,5.13,10.3,18,37,62,971,20,6,3,29,7.849897177,144,141,14.43818682,14.33148622,8.479659539,7.178497634,495,14,4,3,21,476,6,2,0,8,516,484,118,23,122,22
32,1000,40,5.13,10.3,18,37,16,961,22,8,9,39,7.27939088,104,94,10.49388344,9.455184603,6.896313088,7.654882974,475,11,5,4,20,486,11,3,5,19,495,505,55,39,71,33
27,1000,40,5.13,10.3,18,37,68,958,25,9,8,42,8.126123826,166,164,16.14801198,16.78251584,8.670258948,7.5841609,474,15,4,6,25,484,10,5,2,17,499,501,146,18,148,18
29,1000,40,5.13,10.3,18,37,63,952,27,15,6,48,8.256005668,142,152,14.99568279,15.08501476,9.197030681,7.151324131,505,18,14,3,35,447,9,1,3,13,540,460,121,31,121,21
26,1000,40,5.13,10.3,18,37,69,957,30,8,5,43,8.223512999,166,171,15.3888254,16.60864065,8.965443549,7.429355454,489,20,6,2,28,468,10,2,3,15,517,483,146,25,151,15
25,1000,40,5.13,10.3,18,37,70,958,27,11,4,42,7.968839948,144,158,16.4139389,17.09546174,8.562472719,7.355902046,486,12,6,4,22,472,15,5,0,20,508,492,130,28,131,13
28,1000,40,5.13,10.3,18,37,65,951,31,12,6,49,8.274417931,150,181,15.79274388,16.01782265,9.09977583,7.458905254,460,22,9,6,37,491,9,3,0,12,497,503,151,30,134,16
31,1000,40,5.13,10.3,18,37,63,953,32,5,10,47,8.162297919,152,152,16.14903317,15.9827078,8.947904134,7.318015721,485,20,4,9,33,468,12,1,1,14,518,482,120,32,121,31
30,1000,40,5.13,10.3,18,37,63,970,21,6,3,30,7.853498913,142,142,14.61344474,14.55786156,8.512355378,7.151081691,495,14,4,3,21,475,7,2,0,9,516,484,113,29,126,16
32,1000,40,5.13,10.3,18,37,17,961,22,8,9,39,7.28625411,101,112,10.52647647,9.490348263,6.924238234,7.641101354,475,11,5,4,20,486,11,3,5,19,495,505,70,42,69,32
27,1000,40,5.13,10.3,18,37,69,958,26,8,8,42,8.129618703,171,161,16.40516362,17.08890375,8.737987563,7.523678462,474,15,3,7,25,484,11,5,1,17,499,501,137,24,157,14
29,1000,40,5.13,10.3,18,37,64,952,27,15,6,48,8.255466642,140,166,15.21254876,15.27268845,9.218033389,7.125496983,505,18,14,3,35,447,9,1,3,13,540,460,130,36,121,19
26,1000,40,5.13,10.3,18,37,70,957,30,8,5,43,8.226134606,172,161,15.71743159,16.96000048,8.998025073,7.399908164,489,20,6,2,28,468,10,2,3,15,517,483,139,22,155,17
25,1000,40,5.13,10.3,18,37,71,958,26,12,4,42,7.965567372,154,155,16.81856411,17.61800382,8.635990012,7.273342369,486,11,7,4,22,472,15,5,0,20,508,492,132,23,135,19
28,1000,40,5.13,10.3,18,37,66,948,34,12,6,52,8.284494749,165,167,16.04139638,16.27987465,9.116893662,7.462025047,458,24,9,6,39,490,10,3,0,13,497,503,138,29,139,26
31,1000,40,5.13,10.3,18,37,64,954,32,4,10,46,8.13721453,160,150,16.55071587,16.32351172,8.973211476,7.238777979,485,21,3,9,33,469,11,1,1,13,518,482,114,36,144,16
30,1000,40,5.13,10.3,18,37,64,970,21,6,3,30,7.909516184,163,156,14.91358048,14.87165055,8.560755026,7.215220229,496,13,4,3,20,474,8,2,0,10,516,484,126,30,146,17
27,1000,40,5.13,10.3,18,37,70,958,26,8,8,42,8.157416847,166,169,16.63038686,17.30708913,8.772471141,7.544817861,474,15,3,7,25,484,11,5,1,17,499,501,137,32,148,18
29,1000,40,5.13,10.3,18,37,65,953,27,14,6,47,8.256282047,146,157,15.45078232,15.53594015,9.228384089,7.115118781,506,18,13,3,34,447,9,1,3,13,540,460,119,38,123,23
26,1000,40,5.13,10.3,18,37,71,957,31,8,4,43,8.240245284,156,166,16.1038492,17.37039293,9.000706631,7.426252496,490,20,6,1,27,467,11,2,3,16,517,483,136,30,139,17
32,1000,40,5.13,10.3,18,37,18,960,22,9,9,40,7.335044771,85,130,10.58623791,9.556992165,6.989510805,7.673736481,474,11,6,4,21,486,11,3,5,19,495,505,76,54,59,26
28,1000,40,5.13,10.3,18,37,67,947,35,12,6,53,8.289315017,164,158,16.34016071,16.61503154,9.150547249,7.438355933,458,24,9,6,39,489,11,3,0,14,497,503,132,26,150,14
25,1000,40,5.13,10.3,18,37,72,959,26,11,4,41,7.948844681,167,165,17.16775248,18.14008626,8.651920109,7.222905012,486,11,7,4,22,473,15,4,0,19,508,492,139,26,153,14
31,1000,40,5.13,10.3,18,37,65,957,30,3,10,43,8.121230604,150,169,16.98518346,16.70855977,8.978067723,7.200397352,486,21,2,9,32,471,9,1,1,11,518,482,135,34,117,33
27,1000,40,5.13,10.3,18,37,71,959,25,8,8,41,8.182066957,160,183,16.8739206,17.55729104,8.823904748,7.542791393,474,15,3,7,25,485,10,5,1,16,499,501,150,33,140,20
30,1000,40,5.13,10.3,18,37,65,969,21,6,4,31,7.933734347,148,153,15.03797481,15.02243779,8.625821572,7.19588929,495,13,4,4,21,474,8,2,0,10,516,484,126,27,130,18
26,1000,40,5.13,10.3,18,37,72,955,33,8,4,45,8.272767745,179,175,16.3570222,17.62971522,9.055364947,7.435080885,489,21,6,1,28,466,12,2,3,17,517,483,143,32,163,16
29,1000,40,5.13,10.3,18,37,66,953,27,14,6,47,8.25443046,152,161,15.67076763,15.74157406,9.247143234,7.089071987,506,18,13,3,34,447,9,1,3,13,540,460,131,30,133,19
28,1000,40,5.13,10.3,18,37,68,947,35,12,6,53,8.290511834,150,178,16.6170558,16.91839562,9.193049967,7.398739564,458,24,9,6,39,489,11,3,0,14,497,503,151,27,138,12
25,1000,40,5.13,10.3,18,37,73,959,26,11,4,41,7.952921263,166,176,17.50404403,18.56529651,8.687420668,7.194535699,486,11,7,4,22,473,15,4,0,19,508,492,147,29,153,13
32,1000,40,5.13,10.3,18,37,19,960,22,9,9,40,7.374332245,94,117,10.66126779,9.643134298,7.050857568,7.691401483,474,11,6,4,21,486,11,3,5,19,495,505,77,40,68,26
31,1000,40,5.13,10.3,18,37,66,958,29,3,10,42,8.116039327,167,151,17.61732519,17.26781849,8.962106598,7.206780309,487,20,2,9,31,471,9,1,1,11,518,482,129,22,141,26
27,1000,40,5.13,10.3,18,37,72,959,25,8,8,41,8.182085152,191,186,17.09001394,17.78845773,8.834638673,7.532136634,474,15,3,7,25,485,10,5,1,16,499,501,164,22,171,20
30,1000,40,5.13,10.3,18,37,66,970,21,5,4,30,7.941054715,165,173,15.29137388,15.27751068,8.653789854,7.181196591,496,13,3,4,20,474,8,2,0,10,516,484,143,30,144,21
26,1000,40,5.13,10.3,18,37,73,955,34,7,4,45,8.280167058,169,163,16.58220646,17.93454187,9.111478209,7.390337109,488,22,6,1,29,467,12,1,3,16,517,483,132,31,148,21
29,1000,40,5.13,10.3,18,37,67,954,27,13,6,46,8.220483912,152,165,15.94020548,16.03785392,9.234350957,7.030292162,506,18,13,3,34,448,9,0,3,12,540,460,143,22,133,19
28,1000,40,5.13,10.3,18,37,69,945,36,13,6,55,8.313868337,174,177,17.01656801,17.39371483,9.229492277,7.409166353,457,24,10,6,40,488,12,3,0,15,497,503,144,33,154,20
25,1000,40,5.13,10.3,18,37,74,959,26,11,4,41,7.982788306,168,168,17.84800575,19.05949117,8.751245655,7.189340474,486,11,7,4,22,473,15,4,0,19,508,492,151,17,152,16
32,1000,40,5.13,10.3,18,37,20,960,22,9,9,40,7.379719581,106,128,10.68953188,9.698112243,7.062756232,7.690406428,474,11,6,4,21,486,11,3,5,19,495,505,79,49,72,34
31,1000,40,5.13,10.3,18,37,67,953,34,3,10,47,8.155943741,156,146,17.94755182,17.55851579,9.011281453,7.236721883,485,22,2,9,33,468,12,1,1,14,518,482,116,30,132,24
27,1000,40,5.13,10.3,18,37,73,958,26,8,8,42,8.214703604,169,190,17.31043774,18.0742609,8.909575011,7.522606136,473,16,3,7,26,485,10,5,1,16,499,501,160,30,152,17
30,1000,40,5.13,10.3,18,37,67,971,19,6,4,29,7.944877419,165,158,15.61423406,15.60031313,8.693971485,7.146256472,497,11,4,4,19,474,8,2,0,10,516,484,128,30,143,22
26,1000,40,5.13,10.3,18,37,74,955,34,7,4,45,8.322590082,164,194,16.98359981,18.34732865,9.184031374,7.400509029,488,22,6,1,29,467,12,1,3,16,517,483,163,31,149,15
29,1000,40,5.13,10.3,18,37,68,954,27,13,6,46,8.210876094,155,152,16.22747894,16.31761205,9.262302492,6.976592931,506,18,13,3,34,448,9,0,3,12,540,460,123,29,136,19
28,1000,40,5.13,10.3,18,37,70,945,36,13,6,55,8.332763997,154,182,17.33205985,17.65500767,9.275672069,7.401103337,457,24,10,6,40,488,12,3,0,15,497,503,155,27,136,18
25,1000,40,5.13,10.3,18,37,75,959,26,11,4,41,7.9823742,177,186,18.43096343,19.98396595,8.781801416,7.15694935,486,11,7,4,22,473,15,4,0,19,508,492,154,32,161,16
31,1000,40,5.13,10.3,18,37,68,952,35,3,10,48,8.172787232,145,181,18.34482951,17.90524186,9.040400554,7.240372916,485,22,2,9,33,467,13,1,1,15,518,482,148,33,128,17
32,1000,40,5.13,10.3,18,37,21,960,22,9,9,40,7.42029515,100,112,10.73076054,9.755061884,7.161188536,7.674270941,474,11,6,4,21,486,11,3,5,19,495,505,73,39,74,26
27,1000,40,5.13,10.3,18,37,74,956,28,9,7,44,8.233780456,175,168,17.58496183,18.36626613,8.951776116,7.518651046,473,16,3,7,26,483,12,6,0,18,499,501,149,19,163,12
30,1000,40,5.13,10.3,18,37,68,969,20,7,4,31,7.9701601,156,166,15.95912057,15.94268326,8.779236416,7.107591135,496,11,5,4,20,473,9,2,0,11,516,484,134,32,142,14
26,1000,40,5.13,10.3,18,37,75,954,36,6,4,46,8.293164475,181,179,17.39720805,18.77536835,9.185172544,7.338364948,488,23,5,1,29,466,13,1,3,17,517,483,146,33,164,17
28,1000,40,5.13,10.3,18,37,71,945,35,14,6,55,8.384023653,165,174,17.6498025,18.00794124,9.348521187,7.431031059,457,23,11,6,40,488,12,3,0,15,497,503,142,32,152,13
29,1000,40,5.13,10.3,18,37,69,953,28,12,7,47,8.2358646,159,171,16.47324186,16.58035584,9.33435854,6.946328236,505,19,12,4,35,448,9,0,3,12,540,460,139,32,148,11
25,1000,40,5.13,10.3,18,37,76,959,26,10,5,41,8.024225948,165,189,19.07839418,21.02394038,8.861403473,7.159823137,486,11,6,5,22,473,15,4,0,19,508,492,156,33,142,23
31,1000,40,5.13,10.3,18,37,69,951,36,3,10,49,8.175192604,159,171,18.80360063,18.31980459,9.055247908,7.229407028,485,22,2,9,33,466,14,1,1,16,518,482,140,31,136,23
32,1000,40,5.13,10.3,18,37,22,962,21,9,8,38,7.439887165,109,111,10.8008938,9.815487116,7.197802358,7.677178215,474,11,6,4,21,488,10,3,4,17,495,505,74,37,69,40
27,1000,40,5.13,10.3,18,37,75,956,28,9,7,44,8.238999189,168,180,17.97124924,18.73263466,8.999703278,7.481331843,473,16,3,7,26,483,12,6,0,18,499,501,151,29,152,16
26,1000,40,5.13,10.3,18,37,76,954,35,7,4,46,8.28756156,187,180,17.71281944,19.15526128,9.186683604,7.325147281,488,23,5,1,29,466,12,2,3,17,517,483,152,28,163,24
30,1000,40,5.13,10.3,18,37,69,969,19,8,4,31,8.001264871,154,164,16.19708581,16.22858578,8.819010373,7.12945355,496,11,5,4,20,473,8,3,0,11,516,484,139,25,141,13
28,1000,40,5.13,10.3,18,37,72,945,35,14,6,55,8.373878065,159,173,18.20553629,18.5366588,9.365217481,7.394363772,457,23,11,6,40,488,12,3,0,15,497,503,140,33,144,15
29,1000,40,5.13,10.3,18,37,70,954,27,13,6,46,8.22661464,161,187,16.69141713,16.76753748,9.351644677,6.905927205,505,19,12,4,35,449,8,1,2,11,540,460,152,35,145,16
25,1000,40,5.13,10.3,18,37,77,958,27,10,5,42,8.045783146,179,170,19.62805832,21.55917376,8.883625589,7.180693793,486,11,6,5,22,472,16,4,0,20,508,492,149,21,164,15
31,1000,40,5.13,10.3,18,37,70,950,37,3,10,50,8.176701896,164,175,19.22017158,18.682575,9.099835728,7.18462031,484,23,2,9,34,466,14,1,1,16,518,482,145,30,143,21
27,1000,40,5.13,10.3,18,37,76,956,28,9,7,44,8.261202,166,172,18.41610397,19.17200197,9.02455478,7.500896536,473,16,3,7,26,483,12,6,0,18,499,501,154,18,149,17
32,1000,40,5.13,10.3,18,37,23,962,21,9,8,38,7.468652824,106,110,10.84067597,9.866278593,7.218378282,7.713971436,474,11,6,4,21,488,10,3,4,17,495,505,66,44,90,16
26,1000,40,5.13,10.3,18,37,77,954,35,7,4,46,8.295733552,188,186,18.24549148,19.68874508,9.19041708,7.338070232,488,23,5,1,29,466,12,2,3,17,517,483,154,32,168,20
30,1000,40,5.13,10.3,18,37,70,968,20,8,4,32,7.99753562,154,158,16.46776878,16.48737292,8.872343251,7.064889469,495,12,5,4,21,473,8,3,0,11,516,484,130,28,138,16
28,1000,40,5.13,10.3,18,37,73,946,34,14,6,54,8.384474409,169,174,18.74600868,19.10150491,9.429968082,7.351451833,457,23,11,6,40,489,11,3,0,14,497,503,146,28,144,25
29,1000,40,5.13,10.3,18,37,71,954,27,13,6,46,8.241637211,161,159,16.87995021,17.02175591,9.377966274,6.907685703,505,19,12,4,35,449,8,1,2,11,540,460,138,21,142,19
25,1000,40,5.13,10.3,18,37,78,958,27,10,5,42,8.083486904,179,187,20.15425559,22.22899257,8.980526706,7.157275076,485,12,6,5,23,473,15,4,0,19,508,492,155,32,167,12
31,1000,40,5.13,10.3,18,37,71,949,38,2,11,51,8.203944466,172,180,19.8735621,19.29432278,9.193293475,7.14070217,483,24,1,10,35,466,14,1,1,16,518,482,148,32,148,24
27,1000,40,5.13,10.3,18,37,77,957,27,9,7,43,8.265680073,181,177,18.81625316,19.5989112,9.058306981,7.476217344,473,16,3,7,26,484,11,6,0,17,499,501,157,20,165,16
26,1000,40,5.13,10.3,18,37,78,955,34,7,4,45,8.272895383,199,178,18.88456929,20.39126054,9.162066422,7.321132594,489,22,5,1,28,466,12,2,3,17,517,483,146,32,180,19
32,1000,40,5.13,10.3,18,37,24,960,23,9,8,40,7.48857995,112,134,10.85996706,9.899040427,7.258083388,7.714512224,473,12,6,4,22,487,11,3,4,18,495,505,84,50,81,31
30,1000,40,5.13,10.3,18,37,71,968,19,9,4,32,8.049375328,172,188,16.7300353,16.76078204,8.953480093,7.085495041,495,12,5,4,21,473,7,4,0,11,516,484,154,34,150,22
28,1000,40,5.13,10.3,18,37,74,946,33,15,6,54,8.39944092,180,181,19.15634084,19.49349225,9.47890078,7.332857321,457,22,12,6,40,489,11,3,0,14,497,503,152,29,160,20
25,1000,40,5.13,10.3,18,37,79,958,27,10,5,42,8.09963823,171,178,20.86067928,23.21466882,9.041383663,7.127266929,484,13,6,5,24,474,14,4,0,18,508,492,159,19,160,11
29,1000,40,5.13,10.3,18,37,72,953,27,14,6,47,8.253647807,154,175,17.15835389,17.34277119,9.425938141,6.877480893,504,19,13,4,36,449,8,1,2,11,540,460,140,35,134,20
31,1000,40,5.13,10.3,18,37,72,949,38,2,11,51,8.227033541,154,179,20.01930285,19.43594219,9.244289768,7.13379967,483,24,1,10,35,466,14,1,1,16,518,482,147,32,144,10
27,1000,40,5.13,10.3,18,37,78,957,27,9,7,43,8.258916347,198,194,19.24288089,20.02031754,9.098925921,7.422260105,473,16,3,7,26,484,11,6,0,17,499,501,165,29,174,24
26,1000,40,5.13,10.3,18,37,79,953,36,7,4,47,8.327306958,169,180,19.49207669,21.03437759,9.203944931,7.388959478,487,24,5,1,30,466,12,2,3,17,517,483,159,21,158,11
28,1000,40,5.13,10.3,18,37,75,947,31,16,6,53,8.401587845,182,180,19.73275039,20.05152646,9.507344296,7.309021332,457,22,12,6,40,490,9,4,0,13,497,503,154,26,168,14
30,1000,40,5.13,10.3,18,37,72,968,19,9,4,32,8.058630097,168,161,17.0249528,17.0266614,9.002826338,7.052007659,495,12,5,4,21,473,7,4,0,11,516,484,145,16,157,11
25,1000,40,5.13,10.3,18,37,80,956,28,11,5,44,8.109749312,185,196,21.51067098,23.81806345,9.074942104,7.113168136,482,15,6,5,26,474,13,5,0,18,508,492,175,21,168,17
32,1000,40,5.13,10.3,18,37,25,961,22,9,8,39,7.511927093,105,105,10.9088294,9.980523475,7.290054721,7.729405953,473,12,6,4,22,488,10,3,4,17,495,505,62,43,77,28
29,1000,40,5.13,10.3,18,37,73,953,27,14,6,47,8.28069216,170,168,17.41437655,17.67935077,9.486382799,6.865316193,503,19,14,4,37,450,8,0,2,10,540,460,148,20,145,25
31,1000,40,5.13,10.3,18,37,73,948,38,3,11,52,8.212599774,158,150,20.88176647,20.21908101,9.261193936,7.085687376,483,24,1,10,35,465,14,2,1,17,518,482,127,23,140,18
27,1000,40,5.13,10.3,18,37,79,956,28,9,7,44,8.26172358,171,197,19.66847056,20.42404688,9.154868857,7.372143753,472,17,3,7,27,484,11,6,0,17,499,501,173,24,155,16
26,1000,40,5.13,10.3,18,37,80,954,35,7,4,46,8.34458943,202,183,20.18043743,21.73261345,9.277512038,7.34599525,487,23,5,2,30,467,12,2,2,16,517,483,165,18,187,15
28,1000,40,5.13,10.3,18,37,76,950,30,14,6,50,8.375021232,176,177,20.05829536,20.46752125,9.512257247,7.251350657,458,22,11,6,39,492,8,3,0,11,497,503,146,31,161,15
30,1000,40,5.13,10.3,18,37,73,968,19,9,4,32,8.05475495,178,165,17.30525251,17.32245737,9.020178439,7.025501809,495,12,5,4,21,473,7,4,0,11,516,484,130,35,154,24
25,1000,40,5.13,10.3,18,37,81,957,28,10,5,43,8.102992931,186,208,22.3694014,24.78917343,9.118180005,7.054791643,482,15,6,5,26,475,13,4,0,17,508,492,177,31,170,16
29,1000,40,5.13,10.3,18,37,74,953,27,14,6,47,8.310933763,163,174,17.76222805,18.08012617,9.518785726,6.893020589,503,19,14,4,37,450,8,0,2,10,540,460,143,31,143,20
32,1000,40,5.13,10.3,18,37,26,961,22,9,8,39,7.497927132,106,107,10.98202423,10.04931131,7.299956351,7.691977699,474,11,6,4,21,487,11,3,4,18,495,505,73,34,82,24
31,1000,40,5.13,10.3,18,37,74,946,38,5,11,54,8.263156301,157,175,22.03235779,21.23950303,9.336902513,7.109213276,481,25,2,10,37,465,13,3,1,17,518,482,151,24,138,19
27,1000,40,5.13,10.3,18,37,80,956,27,10,7,44,8.280374154,191,185,20.21661698,21.05958118,9.225077199,7.339442378,472,16,4,7,27,484,11,6,0,17,499,501,161,24,175,16
26,1000,40,5.13,10.3,18,37,81,953,36,7,4,47,8.33690865,168,189,20.80588031,22.42835137,9.289165109,7.317619645,487,23,5,2,30,466,13,2,2,17,517,483,162,27,156,12
28,1000,40,5.13,10.3,18,37,77,950,30,14,6,50,8.37210162,201,168,20.61264315,21.07584863,9.519128716,7.238756756,458,22,11,6,39,492,8,3,0,11,497,503,139,29,189,12
25,1000,40,5.13,10.3,18,37,82,958,26,11,5,42,8.095201275,195,194,23.31775202,25.86779359,9.154915027,7.001025288,482,14,7,5,26,476,12,4,0,16,508,492,177,17,176,19
30,1000,40,5.13,10.3,18,37,74,965,21,10,4,35,8.116549762,168,174,17.64444665,17.66122241,9.085156992,7.083902384,495,11,6,4,21,470,10,4,0,14,516,484,139,35,150,18
29,1000,40,5.13,10.3,18,37,75,952,28,14,6,48,8.356056683,164,174,18.06876518,18.37987426,9.568398012,6.932873383,503,19,14,4,37,449,9,0,2,11,540,460,145,29,148,16
31,1000,40,5.13,10.3,18,37,75,945,39,5,11,55,8.27637401,176,178,22.80161261,21.95682633,9.401683242,7.067016786,480,26,2,10,38,465,13,3,1,17,518,482,153,25,160,16
32,1000,40,5.13,10.3,18,37,27,960,23,9,8,40,7.507754568,115,125,11.01812375,10.09089911,7.325172279,7.686721365,473,12,6,4,22,487,11,3,4,18,495,505,80,45,89,26
27,1000,40,5.13,10.3,18,37,81,955,28,10,7,45,8.304027555,182,209,20.79429699,21.66558321,9.264195139,7.347692976,471,17,4,7,28,484,11,6,0,17,499,501,176,33,167,15
26,1000,40,5.13,10.3,18,37,82,953,36,7,4,47,8.362624116,175,192,21.54904614,23.21757788,9.341949788,7.314360404,487,23,5,2,30,466,13,2,2,17,517,483,170,22,163,12
28,1000,40,5.13,10.3,18,37,78,948,31,15,6,52,8.389910619,174,182,20.94851078,21.4267309,9.58681755,7.207280909,456,23,12,6,41,492,8,3,0,11,497,503,167,15,164,10
25,1000,40,5.13,10.3,18,37,83,956,28,11,5,44,8.12180882,189,212,23.9275773,26.73336456,9.195797944,7.012893222,481,15,7,5,27,475,13,4,0,17,508,492,186,26,170,19
30,1000,40,5.13,10.3,18,37,75,963,23,10,4,37,8.142341455,172,174,18.06854966,18.06030736,9.131340164,7.087954402,493,13,6,4,23,470,10,4,0,14,516,484,153,21,155,17
29,1000,40,5.13,10.3,18,37,76,950,30,14,6,50,8.390317702,167,179,18.36867652,18.67229312,9.614186438,6.953602229,502,20,14,4,38,448,10,0,2,12,540,460,152,27,155,12
31,1000,40,5.13,10.3,18,37,76,945,39,5,11,55,8.304873963,161,171,24.10178043,23.11074697,9.4433811,7.081333098,480,26,2,10,38,465,13,3,1,17,518,482,144,27,142,19
32,1000,40,5.13,10.3,18,37,28,960,23,9,8,40,7.540083457,100,120,11.08194195,10.17361799,7.408717421,7.668848185,473,12,6,4,22,487,11,3,4,18,495,505,87,33,83,17
27,1000,40,5.13,10.3,18,37,82,955,28,10,7,45,8.323011416,208,205,21.25737791,22.21697568,9.293029361,7.356865798,471,17,4,7,28,484,11,6,0,17,499,501,183,22,187,21
26,1000,40,5.13,10.3,18,37,83,952,37,7,4,48,8.381535093,193,190,22.57239375,24.26627157,9.397901298,7.293623442,486,24,5,2,31,466,13,2,2,17,517,483,167,23,177,16
25,1000,40,5.13,10.3,18,37,84,954,30,10,6,46,8.147270769,193,211,25.09556596,28.07465091,9.300400317,6.956641072,479,17,6,6,29,475,13,4,0,17,508,492,183,28,177,16
28,1000,40,5.13,10.3,18,37,79,948,31,15,6,52,8.402395961,182,177,21.61088647,22.12091182,9.586478764,7.232437405,457,22,12,6,40,491,9,3,0,12,497,503,155,22,169,13
30,1000,40,5.13,10.3,18,37,76,963,23,10,4,37,8.18629179,171,183,18.36293847,18.3471907,9.230177423,7.073388924,493,13,6,4,23,470,10,4,0,14,516,484,152,31,152,19
29,1000,40,5.13,10.3,18,37,77,948,31,15,6,52,8.438443024,182,163,18.62670978,18.95392737,9.687391211,6.972286456,500,21,15,4,40,448,10,0,2,12,540,460,134,29,165,17
31,1000,40,5.13,10.3,18,37,77,945,39,5,11,55,8.316051365,166,166,25.11468779,24.05809756,9.483213123,7.0617157,480,26,2,10,38,465,13,3,1,17,518,482,139,27,148,18
27,1000,40,5.13,10.3,18,37,83,956,27,10,7,44,8.362014678,200,195,21.96857653,22.94384219,9.357312398,7.370690203,471,17,4,7,28,485,10,6,0,16,499,501,177,18,191,9
32,1000,40,5.13,10.3,18,37,29,961,21,10,8,39,7.544165902,106,121,11.15547639,10.24892679,7.464641668,7.6221154,473,11,7,4,22,488,10,3,4,17,495,505,80,41,81,25
26,1000,40,5.13,10.3,18,37,84,952,37,7,4,48,8.371679585,200,182,23.47744205,25.18479861,9.445268706,7.222516903,485,25,5,2,32,467,12,2,2,16,517,483,161,21,188,12
25,1000,40,5.13,10.3,18,37,85,954,30,10,6,46,8.164247002,201,211,26.09871755,29.23805508,9.37009476,6.919184682,479,17,6,6,29,475,13,4,0,17,508,492,184,27,185,16
28,1000,40,5.13,10.3,18,37,80,948,31,14,7,52,8.4430771,187,193,22.27221746,22.83614646,9.684693857,7.216270881,456,23,11,7,41,492,8,3,0,11,497,503,171,22,177,10
30,1000,40,5.13,10.3,18,37,77,963,23,10,4,37,8.205304953,202,197,18.73308513,18.7566172,9.245497057,7.096339816,493,13,6,4,23,470,10,4,0,14,516,484,166,31,181,21
29,1000,40,5.13,10.3,18,37,78,948,31,15,6,52,8.444671877,164,165,18.95790706,19.25872274,9.712268372,6.956623818,500,21,15,4,40,448,10,0,2,12,540,460,146,19,151,13
31,1000,40,5.13,10.3,18,37,78,943,41,5,11,57,8.315976382,190,171,26.15196826,24.97927508,9.50956436,7.033240755,479,27,2,10,39,464,14,3,1,18,518,482,147,24,169,21
27,1000,40,5.13,10.3,18,37,84,955,28,10,7,45,8.372024299,206,181,22.32426112,23.38085268,9.402892802,7.345271039,470,18,4,7,29,485,10,6,0,16,499,501,167,14,189,17
26,1000,40,5.13,10.3,18,37,85,952,36,8,4,48,8.358312597,202,207,24.35065371,26.07107752,9.480024185,7.157639944,485,24,6,2,32,467,12,2,2,16,517,483,182,25,179,23
32,1000,40,5.13,10.3,18,37,30,961,21,10,8,39,7.568439493,117,106,11.21671358,10.34679688,7.50753782,7.628135191,473,11,7,4,22,488,10,3,4,17,495,505,77,29,85,32
25,1000,40,5.13,10.3,18,37,86,955,29,10,6,45,8.170000323,197,204,27.23219811,30.40061694,9.390577014,6.909730081,480,16,6,6,28,475,13,4,0,17,508,492,179,25,185,12
28,1000,40,5.13,10.3,18,37,81,949,30,14,7,51,8.42586781,189,202,22.9489312,23.52501879,9.72231051,7.144889635,456,23,11,7,41,493,7,3,0,10,497,503,177,25,173,16
30,1000,40,5.13,10.3,18,37,78,965,22,9,4,35,8.174245025,197,186,19.10330539,19.08936032,9.271640109,7.004294895,493,13,6,4,23,472,9,3,0,12,516,484,165,21,180,17
29,1000,40,5.13,10.3,18,37,79,949,30,15,6,51,8.438241004,169,192,19.25835935,19.6143319,9.732463301,6.918936568,500,21,15,4,40,449,9,0,2,11,540,460,163,29,156,13
31,1000,40,5.13,10.3,18,37,79,943,40,6,11,57,8.300166956,191,186,26.49604191,25.36609978,9.502188462,7.00836791,480,25,3,10,38,463,15,3,1,19,518,482,162,24,173,18
27,1000,40,5.13,10.3,18,37,85,956,27,10,7,44,8.392685338,188,194,22.86865563,24.09711144,9.473363513,7.316321249,469,18,5,7,30,487,9,5,0,14,499,501,176,18,178,10
26,1000,40,5.13,10.3,18,37,86,951,36,9,4,49,8.375548365,213,220,24.89766313,26.71465522,9.534656715,7.134846466,485,24,6,2,32,466,12,3,2,17,517,483,183,37,193,20
25,1000,40,5.13,10.3,18,37,87,954,29,10,7,46,8.167939599,212,226,28.14540579,31.56225697,9.394845791,6.90113402,480,15,6,7,28,474,14,4,0,18,508,492,197,29,199,13
28,1000,40,5.13,10.3,18,37,82,948,30,15,7,52,8.446756928,185,202,23.32106599,23.97522675,9.795656459,7.113947649,455,23,12,7,42,493,7,3,0,10,497,503,178,24,171,14
32,1000,40,5.13,10.3,18,37,31,961,21,10,8,39,7.601238141,109,104,11.3125063,10.44819763,7.560112348,7.641549562,473,11,7,4,22,488,10,3,4,17,495,505,61,43,86,23
30,1000,40,5.13,10.3,18,37,79,964,23,9,4,36,8.18786841,192,193,19.45267924,19.46583899,9.318732408,6.982236544,492,14,6,4,24,472,9,3,0,12,516,484,164,29,174,18
29,1000,40,5.13,10.3,18,37,80,949,30,15,6,51,8.43819616,179,193,19.67534342,20.0694587,9.761543731,6.884701185,500,21,15,4,40,449,9,0,2,11,540,460,160,33,163,16
31,1000,40,5.13,10.3,18,37,80,944,39,6,11,56,8.285503839,172,185,26.98651518,25.83255796,9.517864245,6.961099917,479,26,3,10,39,465,13,3,1,17,518,482,161,24,151,21
27,1000,40,5.13,10.3,18,37,86,957,27,9,7,43,8.388127275,198,203,23.35674203,24.60855115,9.520234841,7.2605391,469,18,5,7,30,488,9,4,0,13,499,501,178,25,184,14
26,1000,40,5.13,10.3,18,37,87,950,36,10,4,50,8.39212123,204,202,25.67171509,27.46884617,9.558997815,7.143104264,485,23,7,2,32,465,13,3,2,18,517,483,178,24,183,21
25,1000,40,5.13,10.3,18,37,88,954,29,10,7,46,8.193030981,195,203,29.03224593,32.82909907,9.486547453,6.857448933,479,16,6,7,29,475,13,4,0,17,508,492,186,17,190,5
28,1000,40,5.13,10.3,18,37,83,948,30,15,7,52,8.500228496,199,201,24.21258796,24.87421204,9.873079819,7.143753134,455,23,12,7,42,493,7,3,0,10,497,503,180,21,184,15
30,1000,40,5.13,10.3,18,37,80,963,22,10,5,37,8.235221306,188,185,20.10723379,20.05515676,9.380085021,7.014664123,491,13,7,5,25,472,9,3,0,12,516,484,175,10,173,15
32,1000,40,5.13,10.3,18,37,32,961,21,9,9,39,7.595053518,115,125,11.36572373,10.50812367,7.594097036,7.59599106,473,11,6,5,22,488,10,3,4,17,495,505,85,40,82,33
29,1000,40,5.13,10.3,18,37,81,948,31,15,6,52,8.437231983,163,176,20.03307545,20.38459762,9.786520138,6.853285017,499,22,15,4,41,449,9,0,2,11,540,460,154,22,147,16
31,1000,40,5.13,10.3,18,37,81,943,40,5,12,57,8.285243732,190,184,28.13427311,26.73271666,9.544740303,6.931676878,478,27,2,11,40,465,13,3,1,17,518,482,161,23,170,20
27,1000,40,5.13,10.3,18,37,87,958,25,9,8,42,8.404926017,217,190,23.91316388,25.3269689,9.574951341,7.239571453,469,17,5,8,30,489,8,4,0,12,499,501,171,19,200,17
26,1000,40,5.13,10.3,18,37,88,951,36,8,5,49,8.410856931,205,212,26.73213561,28.59304933,9.617628294,7.119136859,484,24,6,3,33,467,12,2,2,16,517,483,195,17,196,9
25,1000,40,5.13,10.3,18,37,89,951,31,11,7,49,8.220652801,207,220,30.24745033,34.12447115,9.523949866,6.874972092,476,19,6,7,32,475,12,5,0,17,508,492,204,16,193,14
28,1000,40,5.13,10.3,18,37,84,946,32,15,7,54,8.510488951,188,207,25.17891694,25.86455411,9.926539562,7.1113296,453,25,12,7,44,493,7,3,0,10,497,503,183,24,173,15
30,1000,40,5.13,10.3,18,37,81,963,21,11,5,37,8.211119892,180,180,20.5431765,20.49910874,9.402426736,6.941048958,491,12,8,5,25,472,9,3,0,12,516,484,151,29,160,20
29,1000,40,5.13,10.3,18,37,82,948,31,15,6,52,8.446721351,170,183,20.39524073,20.82835523,9.810441999,6.845831895,499,22,15,4,41,449,9,0,2,11,540,460,158,25,149,21
32,1000,40,5.13,10.3,18,37,33,963,20,9,8,37,7.587971517,116,121,11.44972049,10.60895926,7.621382443,7.555222193,473,10,7,5,22,490,10,2,3,15,495,505,90,31,84,32
31,1000,40,5.13,10.3,18,37,82,942,41,5,12,58,8.280790927,175,196,29.51789155,27.94468249,9.57464217,6.890303491,477,28,2,11,41,465,13,3,1,17,518,482,174,22,160,15
27,1000,40,5.13,10.3,18,37,88,957,26,9,8,43,8.404414423,210,209,24.34002016,25.86926162,9.60780581,7.205826993,468,18,5,8,31,489,8,4,0,12,499,501,188,21,202,8
26,1000,40,5.13,10.3,18,37,89,952,36,7,5,48,8.390527956,211,190,27.85809746,29.72534501,9.647754929,7.044800534,484,24,5,4,33,468,12,2,1,15,517,483,164,26,197,14
28,1000,40,5.13,10.3,18,37,85,944,34,15,7,56,8.540498027,197,200,26.00736843,26.68399315,9.998808273,7.099583132,452,26,12,7,45,492,8,3,0,11,497,503,178,22,185,12
25,1000,40,5.13,10.3,18,37,90,950,31,12,7,50,8.22777019,214,221,31.528934,35.5391717,9.55233968,6.86012527,475,20,6,7,33,475,11,6,0,17,508,492,204,17,198,16
30,1000,40,5.13,10.3,18,37,82,962,21,12,5,38,8.204845467,192,181,20.89197115,20.81696405,9.416830766,6.912728907,491,12,8,5,25,471,9,4,0,13,516,484,166,15,185,7
29,1000,40,5.13,10.3,18,37,83,947,32,15,6,53,8.466300803,172,188,20.83487663,21.27801436,9.844828439,6.848029231,497,24,15,4,43,450,8,0,2,10,540,460,155,33,160,12
31,1000,40,5.13,10.3,18,37,83,941,42,5,12,59,8.291425456,193,186,30.98630609,29.16359601,9.611914978,6.87231016,477,28,2,11,41,464,14,3,1,18,518,482,160,26,173,20
32,1000,40,5.13,10.3,18,37,34,965,19,9,7,35,7.608267066,94,113,11.54924083,10.70117244,7.675566568,7.542300228,473,10,7,5,22,492,9,2,2,13,495,505,83,30,75,19
27,1000,40,5.13,10.3,18,37,89,956,25,11,8,44,8.414209631,205,226,25.03617887,26.78232414,9.659590286,7.173800556,468,16,7,8,31,488,9,4,0,13,499,501,205,21,200,5
26,1000,40,5.13,10.3,18,37,90,953,35,7,5,47,8.376741488,209,198,28.71755749,30.67911687,9.678054096,6.983825093,484,24,5,4,33,469,11,2,1,14,517,483,172,26,194,15
25,1000,40,5.13,10.3,18,37,91,952,28,12,8,48,8.272935709,229,227,32.64985019,36.60746914,9.584584473,6.9186317,476,18,6,8,32,476,10,6,0,16,508,492,206,21,207,22
28,1000,40,5.13,10.3,18,37,86,945,33,14,8,55,8.522023989,196,201,26.72772999,27.48440278,10.00307865,7.058635986,452,26,11,8,45,493,7,3,0,10,497,503,180,21,179,17
30,1000,40,5.13,10.3,18,37,83,962,21,11,6,38,8.215289532,197,208,21.51229819,21.35985974,9.498727958,6.846995673,491,12,7,6,25,471,9,4,0,13,516,484,184,24,181,16
29,1000,40,5.13,10.3,18,37,84,946,33,15,6,54,8.445504417,194,188,21.12080151,21.60171167,9.850279496,6.796420629,497,24,15,4,43,449,9,0,2,11,540,460,160,28,173,21
31,1000,40,5.13,10.3,18,37,84,940,42,6,12,60,8.297613494,182,176,31.51381771,29.74896482,9.665585132,6.827469701,476,29,2,11,42,464,13,4,1,18,518,482,155,21,170,12
27,1000,40,5.13,10.3,18,37,90,957,24,11,8,43,8.438220033,189,217,25.80302323,27.67469878,9.726317481,7.155264692,468,16,7,8,31,489,8,4,0,12,499,501,203,14,176,13
32,1000,40,5.13,10.3,18,37,35,966,18,9,7,34,7.614336568,114,103,11.65883095,10.80046306,7.716376512,7.514317216,474,9,7,5,21,492,9,2,2,13,495,505,74,29,91,23
26,1000,40,5.13,10.3,18,37,91,953,35,7,5,47,8.357829223,220,206,29.67269184,31.76724657,9.7169534,6.903031709,484,24,5,4,33,469,11,2,1,14,517,483,179,27,210,10
28,1000,40,5.13,10.3,18,37,87,944,34,14,8,56,8.536309912,206,221,27.71370686,28.47530942,10.05772425,7.03304366,451,27,11,8,46,493,7,3,0,10,497,503,201,20,196,10
25,1000,40,5.13,10.3,18,37,92,953,28,11,8,47,8.273610925,235,234,34.0844224,38.22866026,9.646906275,6.855655564,476,18,6,8,32,477,10,5,0,15,508,492,209,25,220,15
30,1000,40,5.13,10.3,18,37,84,962,22,9,7,38,8.195164988,213,189,22.19571332,21.93290387,9.525415102,6.776964453,490,13,6,7,26,472,9,3,0,12,516,484,170,19,199,14
29,1000,40,5.13,10.3,18,37,85,948,31,15,6,52,8.422341593,193,201,21.67282969,22.15545022,9.888898616,6.700731174,497,24,15,4,43,451,7,0,2,9,540,460,177,24,181,12
31,1000,40,5.13,10.3,18,37,85,940,41,7,12,60,8.349060852,203,219,32.51546599,30.59838814,9.753719509,6.839489929,476,28,3,11,42,464,13,4,1,18,518,482,185,34,180,23
27,1000,40,5.13,10.3,18,37,91,956,25,11,8,44,8.423306162,202,223,26.35055353,28.36193792,9.766669539,7.085305512,467,17,7,8,32,489,8,4,0,12,499,501,201,22,186,16
26,1000,40,5.13,10.3,18,37,92,953,35,7,5,47,8.380826167,220,215,30.50000944,32.58230854,9.807835263,6.853365085,484,24,5,4,33,469,11,2,1,14,517,483,190,25,206,14
28,1000,40,5.13,10.3,18,37,88,944,34,14,8,56,8.533993231,205,211,28.56757239,29.38059717,10.11160555,6.975199346,451,27,11,8,46,493,7,3,0,10,497,503,193,18,187,18
25,1000,40,5.13,10.3,18,37,93,953,28,11,8,47,8.276317537,231,247,35.44096271,39.55136053,9.658958493,6.848712647,476,18,6,8,32,477,10,5,0,15,508,492,230,17,215,16
32,1000,40,5.13,10.3,18,37,36,966,18,9,7,34,7.617420863,128,118,11.72074894,10.90119029,7.720969593,7.515922602,474,9,7,5,21,492,9,2,2,13,495,505,94,24,95,33
30,1000,40,5.13,10.3,18,37,85,962,22,9,7,38,8.210835335,207,185,23.094643,22.74689834,9.585618397,6.745157526,490,13,6,7,26,472,9,3,0,12,516,484,163,22,196,11
29,1000,40,5.13,10.3,18,37,86,948,31,15,6,52,8.407515688,195,190,22.12800444,22.6567944,9.920009889,6.631979017,497,24,15,4,43,451,7,0,2,9,540,460,175,15,173,22
31,1000,40,5.13,10.3,18,37,86,941,40,8,11,59,8.355260732,198,196,33.6054984,31.56794367,9.784481736,6.81929293,477,28,3,10,41,464,12,5,1,18,518,482,173,23,183,15
27,1000,40,5.13,10.3,18,37,92,956,26,10,8,44,8.423169318,222,206,27.0298849,29.13093375,9.811240964,7.040638877,466,18,7,8,33,490,8,3,0,11,499,501,187,19,207,15
26,1000,40,5.13,10.3,18,37,93,955,33,7,5,45,8.364468042,215,215,31.08014424,33.19442028,9.834871157,6.790558289,484,24,5,4,33,471,9,2,1,12,517,483,191,24,202,13
28,1000,40,5.13,10.3,18,37,89,941,35,16,8,59,8.56542903,191,222,29.46928595,30.49443533,10.17586294,6.974205068,449,28,12,8,48,492,7,4,0,11,497,503,193,29,179,12
25,1000,40,5.13,10.3,18,37,94,951,29,12,8,49,8.287868104,233,235,36.95277993,41.54394882,9.727551466,6.80136577,475,19,6,8,33,476,10,6,0,16,508,492,209,26,218,15
32,1000,40,5.13,10.3,18,37,37,966,19,8,7,34,7.60187852,116,117,11.79781933,11.00066038,7.73742154,7.46901952,474,9,7,5,21,492,10,1,2,13,495,505,91,26,80,36
30,1000,40,5.13,10.3,18,37,86,963,22,8,7,37,8.208312536,209,195,23.9202261,23.47050141,9.631014699,6.69154742,490,13,6,7,26,473,9,2,0,11,516,484,175,20,196,13
31,1000,40,5.13,10.3,18,37,87,940,40,9,11,60,8.372148003,183,199,34.95462709,32.74267403,9.840037049,6.79462409,477,27,4,10,41,463,13,5,1,19,518,482,175,24,171,12
29,1000,40,5.13,10.3,18,37,87,947,33,15,5,53,8.393649082,192,195,22.56657192,23.14694087,9.934624309,6.584678163,497,24,15,4,43,450,9,0,1,10,540,460,172,23,179,13
27,1000,40,5.13,10.3,18,37,93,955,27,10,8,45,8.410558064,221,233,27.68426165,29.87054532,9.83139508,6.995393051,466,18,7,8,33,489,9,3,0,12,499,501,214,19,209,12
26,1000,40,5.13,10.3,18,37,94,955,33,7,5,45,8.382102539,215,211,32.03885261,34.31029356,9.868041052,6.7915638,484,24,5,4,33,471,9,2,1,12,517,483,198,13,199,16
25,1000,40,5.13,10.3,18,37,95,952,29,11,8,48,8.272650222,237,258,38.4169346,43.07725059,9.771864228,6.724681289,475,19,6,8,33,477,10,5,0,15,508,492,232,26,215,22
28,1000,40,5.13,10.3,18,37,90,941,33,17,9,59,8.588465988,209,230,30.58085943,31.66940133,10.22454358,6.971904229,449,28,11,9,48,492,5,6,0,11,497,503,197,33,195,14
30,1000,40,5.13,10.3,18,37,87,963,22,8,7,37,8.234080832,205,209,24.81469407,24.19969255,9.721727203,6.648077676,490,13,6,7,26,473,9,2,0,11,516,484,183,26,194,11
32,1000,40,5.13,10.3,18,37,38,966,19,8,7,34,7.604994606,117,126,11.89761302,11.1109488,7.769801161,7.443451547,474,9,7,5,21,492,10,1,2,13,495,505,91,35,96,21
31,1000,40,5.13,10.3,18,37,88,940,41,8,11,60,8.38819893,186,207,35.67513004,33.59698136,9.89263432,6.77139907,476,28,4,10,42,464,13,4,1,18,518,482,182,25,171,15
29,1000,40,5.13,10.3,18,37,88,946,34,15,5,54,8.424008209,197,201,22.90851701,23.60584534,10.00275169,6.57070065,495,26,15,4,45,451,8,0,1,9,540,460,172,29,185,12
27,1000,40,5.13,10.3,18,37,94,954,28,10,8,46,8.42929392,215,222,28.55225332,30.85135332,9.897730089,6.966719772,464,19,8,8,35,490,9,2,0,11,499,501,194,28,203,12
26,1000,40,5.13,10.3,18,37,95,954,34,7,5,46,8.387331695,227,241,33.0524441,35.49742638,9.909015407,6.758531531,484,24,5,4,33,470,10,2,1,13,517,483,213,28,215,12
25,1000,40,5.13,10.3,18,37,96,952,29,11,8,48,8.290683453,242,238,39.79724812,44.46317836,9.803688795,6.728474685,475,19,6,8,33,477,10,5,0,15,508,492,219,19,225,17
28,1000,40,5.13,10.3,18,37,91,939,35,16,10,61,8.639777208,196,209,31.67495416,32.808897,10.31918289,6.980404199,448,29,10,10,49,491,6,6,0,12,497,503,193,16,181,15
30,1000,40,5.13,10.3,18,37,88,961,24,8,7,39,8.258199733,224,207,25.49077984,24.82730677,9.783751043,6.631785528,489,14,6,7,27,472,10,2,0,12,516,484,187,20,201,23
32,1000,40,5.13,10.3,18,37,39,966,19,8,7,34,7.616219909,114,116,12.00927166,11.20328423,7.810542524,7.425745266,474,9,7,5,21,492,10,1,2,13,495,505,77,39,94,20
31,1000,40,5.13,10.3,18,37,89,940,42,8,10,60,8.369754748,195,191,36.17060305,34.21698813,9.89447796,6.731151794,476,28,4,10,42,464,14,4,0,18,518,482,175,16,182,13
29,1000,40,5.13,10.3,18,37,89,943,36,16,5,57,8.436929083,198,192,23.25802573,24.08884774,10.0544312,6.538122255,492,28,16,4,48,451,8,0,1,9,540,460,171,21,185,13
27,1000,40,5.13,10.3,18,37,95,953,29,10,8,47,8.437593944,238,233,29.73577743,32.11200201,9.972434664,6.908880332,463,20,8,8,36,490,9,2,0,11,499,501,206,27,221,17
26,1000,40,5.13,10.3,18,37,96,955,33,7,5,45,8.37633751,222,220,34.49790975,37.01537468,9.925359595,6.718274532,484,24,5,4,33,471,9,2,1,12,517,483,202,18,208,14
25,1000,40,5.13,10.3,18,37,97,950,31,11,8,50,8.29171656,232,230,40.88516247,45.6607409,9.833517035,6.699776233,473,21,6,8,35,477,10,5,0,15,508,492,209,21,222,10
28,1000,40,5.13,10.3,18,37,92,939,35,16,10,61,8.628770297,202,228,32.61217616,33.74593604,10.35825392,6.919916699,447,30,10,10,50,492,5,6,0,11,497,503,201,27,189,13
30,1000,40,5.13,10.3,18,37,89,960,25,8,7,40,8.301291059,211,224,26.02911079,25.26609909,9.837169461,6.663866978,488,15,6,7,28,472,10,2,0,12,516,484,204,20,193,18
31,1000,40,5.13,10.3,18,37,90,940,41,8,11,60,8.38725212,209,205,36.92476125,34.99620048,9.9839989,6.671246244,476,28,4,10,42,464,13,4,1,18,518,482,184,21,192,17
29,1000,40,5.13,10.3,18,37,90,943,35,17,5,57,8.459782539,192,193,23.66066959,24.58611607,10.10127897,6.532808463,492,27,17,4,48,451,8,0,1,9,540,460,179,14,179,13
32,1000,40,5.13,10.3,18,37,40,966,20,9,5,34,7.589874843,110,129,12.04863646,11.28636627,7.833229418,7.35133917,473,10,8,4,22,493,10,1,1,12,495,505,91,38,92,18
27,1000,40,5.13,10.3,18,37,96,953,29,10,8,47,8.451464973,243,236,30.83882247,33.22941239,9.986931655,6.922127899,463,20,8,8,36,490,9,2,0,11,499,501,219,17,222,21
26,1000,40,5.13,10.3,18,37,97,953,35,8,4,47,8.353023773,240,212,35.3898158,38.21563143,9.941461017,6.652771071,483,25,6,3,34,470,10,2,1,13,517,483,189,23,225,15
25,1000,40,5.13,10.3,18,37,98,949,31,12,8,51,8.304682102,237,260,42.22202876,47.11772894,9.914254592,6.642765791,472,21,7,8,36,477,10,5,0,15,508,492,233,27,224,13
28,1000,40,5.13,10.3,18,37,93,939,34,17,10,61,8.613234885,227,231,33.77707686,35.13949681,10.42576261,6.822327774,447,29,11,10,50,492,5,6,0,11,497,503,212,19,215,12
30,1000,40,5.13,10.3,18,37,90,960,25,8,7,40,8.314000063,220,228,26.81075964,25.98564437,9.874461476,6.650367647,488,15,6,7,28,472,10,2,0,12,516,484,208,20,196,24
31,1000,40,5.13,10.3,18,37,91,942,38,9,11,58,8.350854611,218,230,37.56246368,35.6574371,9.983656034,6.596101214,476,28,4,10,42,466,10,5,1,16,518,482,209,21,198,20
29,1000,40,5.13,10.3,18,37,91,943,35,17,5,57,8.509972386,194,202,24.03331594,25.07388206,10.1772998,6.55267499,492,27,17,4,48,451,8,0,1,9,540,460,176,26,180,14
27,1000,40,5.13,10.3,18,37,97,955,26,11,8,45,8.450445694,232,228,32.04890979,34.5412612,10.01260868,6.894518891,464,18,9,8,35,491,8,2,0,10,499,501,211,17,216,16
32,1000,40,5.13,10.3,18,37,41,967,19,9,5,33,7.588983433,126,124,12.13009758,11.36926101,7.85292616,7.330267295,473,10,8,4,22,494,9,1,1,11,495,505,87,37,96,30
26,1000,40,5.13,10.3,18,37,98,954,35,6,5,46,8.347295854,241,219,36.81637949,39.77558892,9.98962952,6.589352779,484,25,4,4,33,470,10,2,1,13,517,483,206,13,233,8
25,1000,40,5.13,10.3,18,37,99,947,32,13,8,53,8.31188437,237,250,44.00082781,49.02664882,9.933673104,6.63735454,472,21,7,8,36,475,11,6,0,17,508,492,226,24,223,14
28,1000,40,5.13,10.3,18,37,94,941,33,16,10,59,8.598442108,234,222,36.17927863,37.87261488,10.4436932,6.775201963,447,29,11,10,50,494,4,5,0,9,497,503,211,11,215,19
30,1000,40,5.13,10.3,18,37,91,960,25,8,7,40,8.326079435,209,212,27.84362865,26.92122924,9.942654611,6.602623256,488,15,6,7,28,472,10,2,0,12,516,484,198,14,194,15
31,1000,40,5.13,10.3,18,37,92,942,38,9,11,58,8.353293412,226,200,39.25862638,37.07334441,9.994838635,6.589143152,476,28,4,10,42,466,10,5,1,16,518,482,189,11,205,21
29,1000,40,5.13,10.3,18,37,92,942,36,17,5,58,8.500835398,205,216,24.2741234,25.45203514,10.19717346,6.509482021,491,28,17,4,49,451,8,0,1,9,540,460,192,24,189,16
27,1000,40,5.13,10.3,18,37,98,955,26,11,8,45,8.45887375,237,239,33.34887532,36.06862513,10.03014261,6.893877419,464,18,9,8,35,491,8,2,0,10,499,501,221,18,228,9
26,1000,40,5.13,10.3,18,37,99,954,34,7,5,46,8.336570604,230,232,38.2120157,41.28626713,10.02902671,6.524976797,484,24,5,4,33,470,10,2,1,13,517,483,213,19,218,12
25,1000,40,5.13,10.3,18,37,100,947,32,12,9,53,8.315147107,254,256,45.41732503,50.65290754,9.978217548,6.597993076,472,21,7,8,36,475,11,5,1,17,508,492,238,18,239,15
28,1000,40,5.13,10.3,18,37,95,941,33,15,11,59,8.591032445,229,231,37.95243756,39.89622947,10.48771887,6.716970506,447,29,11,10,50,494,4,4,1,9,497,503,209,22,213,16
32,1000,40,5.13,10.3,18,37,42,967,19,9,5,33,7.622312378,129,115,12.19843411,11.44005263,7.881369303,7.368385293,473,10,8,4,22,494,9,1,1,11,495,505,92,23,99,30
30,1000,40,5.13,10.3,18,37,92,956,29,8,7,44,8.359969663,219,229,28.95154563,27.86142383,10.0217642,6.588304411,485,18,6,7,31,471,11,2,0,13,516,484,205,24,204,15
31,1000,40,5.13,10.3,18,37,93,943,38,8,11,57,8.355616654,242,225,40.12379702,37.994911,10.01520311,6.572077679,477,28,3,10,41,466,10,5,1,16,518,482,204,21,226,16
29,1000,40,5.13,10.3,18,37,93,941,36,17,6,59,8.497006684,204,202,24.66334906,25.92600767,10.22222801,6.471746866,490,29,17,4,50,451,7,0,2,9,540,460,175,27,187,17
27,1000,40,5.13,10.3,18,37,99,954,27,11,8,46,8.481885581,243,256,34.50553699,37.42634277,10.05743371,6.912627065,463,19,9,8,36,491,8,2,0,10,499,501,242,14,231,12
26,1000,40,5.13,10.3,18,37,100,953,35,7,5,47,8.37390614,257,237,39.48914684,42.80018785,10.08478501,6.542592738,483,25,5,4,34,470,10,2,1,13,517,483,217,20,242,15
25,1000,40,5.13,10.3,18,37,101,949,31,11,9,51,8.271526962,240,247,47.16020832,52.36923726,9.997732394,6.489184769,472,21,7,8,36,477,10,4,1,15,508,492,227,20,231,9
28,1000,40,5.13,10.3,18,37,96,940,35,14,11,60,8.562046221,244,234,38.94106766,41.12475412,10.49358323,6.653549417,446,30,11,10,51,494,5,3,1,9,497,503,214,20,230,14
32,1000,40,5.13,10.3,18,37,43,966,20,9,5,34,7.677563287,113,120,12.30504514,11.59771173,7.938303888,7.421985866,472,11,8,4,23,494,9,1,1,11,495,505,93,27,97,16
30,1000,40,5.13,10.3,18,37,93,955,30,8,7,45,8.360984711,221,237,30.01548461,28.85946272,10.05683395,6.553013213,484,19,6,7,32,471,11,2,0,13,516,484,222,15,202,19
31,1000,40,5.13,10.3,18,37,94,942,39,8,11,58,8.344091718,217,217,41.29284671,39.02910541,10.06106119,6.49888386,476,29,3,10,42,466,10,5,1,16,518,482,189,28,201,16
29,1000,40,5.13,10.3,18,37,94,940,37,17,6,60,8.484848181,202,225,25.24988677,26.58224041,10.22135335,6.446342109,490,29,17,4,50,450,8,0,2,10,540,460,199,26,181,21
27,1000,40,5.13,10.3,18,37,100,954,27,10,9,46,8.473314285,252,257,35.71807033,38.70550551,10.09669974,6.856409409,463,19,8,9,36,491,8,2,0,10,499,501,239,18,240,12
26,1000,40,5.13,10.3,18,37,101,955,34,6,5,45,8.341086388,244,213,41.04145706,44.60293975,10.08751161,6.471724401,483,25,5,4,34,472,9,1,1,11,517,483,202,11,232,12
25,1000,40,5.13,10.3,18,37,102,948,32,10,10,52,8.280551597,248,254,48.93071456,54.13068759,10.09100168,6.411225093,471,22,7,8,37,477,10,3,2,15,508,492,231,23,240,8
28,1000,40,5.13,10.3,18,37,97,940,37,13,10,60,8.555152227,239,233,40.43236416,42.55078053,10.55131023,6.582805257,446,32,10,9,51,494,5,3,1,9,497,503,213,20,226,13
30,1000,40,5.13,10.3,18,37,94,954,31,8,7,46,8.343051873,234,239,30.94814916,29.67511013,10.08816031,6.482564364,483,20,6,7,33,471,11,2,0,13,516,484,216,23,216,18
32,1000,40,5.13,10.3,18,37,44,966,20,9,5,34,7.660957304,140,128,12.45359156,11.72635132,7.97551688,7.35262663,472,11,8,4,23,494,9,1,1,11,495,505,100,28,115,25
31,1000,40,5.13,10.3,18,37,95,941,40,8,11,59,8.338778069,227,241,43.26122341,40.62555161,10.07793453,6.469726107,476,29,3,10,42,465,11,5,1,17,518,482,213,28,201,26
29,1000,40,5.13,10.3,18,37,95,939,38,17,6,61,8.496645058,210,200,25.77522326,27.31488703,10.25327557,6.434513592,490,29,17,4,50,449,9,0,2,11,540,460,181,19,193,17
27,1000,40,5.13,10.3,18,37,101,954,27,10,9,46,8.507495311,271,257,37.33224453,40.39473097,10.16583358,6.855777154,463,19,8,9,36,491,8,2,0,10,499,501,241,16,253,18
25,1000,40,5.13,10.3,18,37,103,950,30,10,10,50,8.219640182,274,269,51.3778524,56.88609728,10.08372569,6.29493401,472,21,7,8,36,478,9,3,2,14,508,492,245,24,260,14
26,1000,40,5.13,10.3,18,37,102,954,34,7,5,46,8.369867846,252,243,42.34927314,46.1719276,10.12734346,6.488677595,482,25,6,4,35,472,9,1,1,11,517,483,222,21,234,18
28,1000,40,5.13,10.3,18,37,98,941,36,13,10,59,8.571722767,226,262,41.95965611,44.51224009,10.59898061,6.568646921,446,32,10,9,51,495,4,3,1,8,497,503,235,27,217,9
30,1000,40,5.13,10.3,18,37,95,955,31,7,7,45,8.313621687,226,234,32.34873776,30.90470912,10.112562,6.395743168,483,20,6,7,33,472,11,1,0,12,516,484,214,20,218,8
31,1000,40,5.13,10.3,18,37,96,940,40,9,11,60,8.344518502,225,234,46.48580729,43.22255335,10.12256785,6.433668786,475,30,3,10,43,465,10,6,1,17,518,482,211,23,216,9
32,1000,40,5.13,10.3,18,37,45,966,20,9,5,34,7.665300225,114,123,12.5040856,11.81949099,8.003995253,7.333312028,472,11,8,4,23,494,9,1,1,11,495,505,90,33,97,17
29,1000,40,5.13,10.3,18,37,96,935,41,18,6,65,8.546718684,208,225,26.38906349,28.16689977,10.35263566,6.426729185,487,32,17,4,53,448,9,1,2,12,540,460,205,20,191,17
27,1000,40,5.13,10.3,18,37,102,953,28,10,9,47,8.523525863,255,279,38.55523472,41.6688545,10.19157869,6.862131934,462,20,8,9,37,491,8,2,0,10,499,501,267,12,247,8
25,1000,40,5.13,10.3,18,37,104,950,30,10,10,50,8.225462798,266,297,53.82907109,59.49655038,10.12798544,6.2610695,472,21,7,8,36,478,9,3,2,14,508,492,276,21,256,10
26,1000,40,5.13,10.3,18,37,103,952,36,7,5,48,8.361721279,259,235,44.02155153,48.06339542,10.15633264,6.44078117,481,26,6,4,36,471,10,1,1,12,517,483,218,17,245,14
33,1000,40,5.13,10.3,18,37,0,941,34,12,13,59,7.056,109,100,9.990022046,8.990208291,6.233791749,7.908350305,485,17,5,2,24,456,17,7,11,35,509,491,48,52,75,34
28,1000,40,5.13,10.3,18,37,99,939,37,14,10,61,8.570417701,250,235,43.35216344,46.2137886,10.62241705,6.54289548,445,33,10,9,52,494,4,4,1,9,497,503,215,20,237,13
31,1000,40,5.13,10.3,18,37,97,939,41,9,11,61,8.404120521,222,241,49.14801357,45.36978318,10.19764049,6.476644709,475,30,3,10,43,464,11,6,1,18,518,482,222,19,205,17
30,1000,40,5.13,10.3,18,37,96,955,31,7,7,45,8.261368364,254,270,33.81366701,32.25000751,10.10929266,6.291267258,483,20,6,7,33,472,11,1,0,12,516,484,246,24,238,16
32,1000,40,5.13,10.3,18,37,46,970,17,9,4,30,7.636903312,118,138,12.57991536,11.9113259,8.008506236,7.272658861,473,10,8,4,22,497,7,1,0,8,495,505,102,36,98,20
27,1000,40,5.13,10.3,18,37,103,953,29,9,9,47,8.507299839,287,271,39.8728354,42.95187107,10.25472158,6.766853834,461,21,8,9,38,492,8,1,0,9,499,501,252,19,272,15
29,1000,40,5.13,10.3,18,37,97,935,41,18,6,65,8.54538418,221,212,27.32540252,29.24256274,10.37372507,6.399070959,487,32,17,4,53,448,9,1,2,12,540,460,186,26,205,16
26,1000,40,5.13,10.3,18,37,104,951,37,7,5,49,8.345777337,264,260,45.80258248,49.93332717,10.17450887,6.388315225,481,26,6,4,36,470,11,1,1,13,517,483,237,23,249,15
34,1000,40,5.13,10.3,18,37,0,940,35,11,14,60,7.207,77,107,9.98783303,8.830976121,6.512476008,7.962421712,500,11,5,5,21,440,24,6,9,39,521,479,51,56,56,21
28,1000,40,5.13,10.3,18,37,100,939,37,14,10,61,8.595095052,226,252,45.29610188,48.59369381,10.66563063,6.549257707,445,33,10,9,52,494,4,4,1,9,497,503,231,21,211,15
33,1000,40,5.13,10.3,18,37,1,943,32,12,13,57,7.087168718,106,103,10.0223582,9.034805199,6.264319016,7.94018399,486,15,6,2,23,457,17,6,11,34,509,491,59,44,67,39
31,1000,40,5.13,10.3,18,37,98,939,41,9,11,61,8.40393571,213,245,50.20939997,46.69137961,10.24448894,6.425913773,475,30,3,10,43,464,11,6,1,18,518,482,226,19,200,13
30,1000,40,5.13,10.3,18,37,97,955,31,7,7,45,8.279455069,237,243,35.22847224,33.55629763,10.17970873,6.253564797,483,20,6,7,33,472,11,1,0,12,516,484,228,15,225,12
27,1000,40,5.13,10.3,18,37,104,953,28,10,9,47,8.516242521,265,287,41.62842411,44.88249207,10.292628,6.746948406,461,20,9,9,38,492,8,1,0,9,499,501,276,11,255,10
35,1000,40,5.13,10.3,18,37,0,945,18,13,24,55,7.301,103,107,9.966408181,8.843392966,6.368015414,8.307692308,500,6,5,8,19,445,12,8,16,36,519,481,62,45,69,34
29,1000,40,5.13,10.3,18,37,98,934,42,18,6,66,8.514242672,220,208,28.25870969,30.19493423,10.38999556,6.31227189,486,33,17,4,54,448,9,1,2,12,540,460,195,13,204,16
32,1000,40,5.13,10.3,18,37,47,969,18,9,4,31,7.637104061,131,127,12.69523032,12.01106883,8.040156434,7.242032923,472,11,8,4,23,497,7,1,0,8,495,505,90,37,107,24
28,1000,40,5.13,10.3,18,37,101,939,36,14,11,61,8.575989601,241,249,47.27446818,50.46111507,10.72604514,6.451580852,444,33,11,9,53,495,3,3,2,8,497,503,232,17,230,11
34,1000,40,5.13,10.3,18,37,1,941,33,12,14,59,7.229437646,96,107,9.997196546,8.864222229,6.534782757,7.985001733,501,10,5,5,20,440,23,7,9,39,521,479,53,54,64,32
33,1000,40,5.13,10.3,18,37,2,943,32,13,12,57,7.112545763,94,95,10.05630969,9.08147534,6.275277643,7.98050803,486,15,6,2,23,457,17,7,10,34,509,491,49,46,58,36
31,1000,40,5.13,10.3,18,37,99,939,41,9,11,61,8.416115178,226,246,51.34014655,47.73485288,10.26368364,6.430554053,475,30,3,10,43,464,11,6,1,18,518,482,222,24,213,13
30,1000,40,5.13,10.3,18,37,98,954,32,7,7,46,8.274226185,255,255,37.18459388,35.38341462,10.22181304,6.197873262,482,21,6,7,34,472,11,1,0,12,516,484,240,15,242,13
29,1000,40,5.13,10.3,18,37,99,934,43,18,5,66,8.520976657,204,228,29.34732842,31.62172669,10.41669415,6.295569164,485,35,17,3,55,449,8,1,2,11,540,460,202,26,196,8
35,1000,40,5.13,10.3,18,37,1,947,18,12,23,53,7.332294942,98,105,9.998547697,8.897677245,6.431000065,8.304793989,501,6,5,7,18,446,12,7,16,35,519,481,58,47,55,43
28,1000,40,5.13,10.3,18,37,102,939,36,14,11,61,8.564580298,241,264,48.87100151,51.96108528,10.75909579,6.39624193,444,33,11,9,53,495,3,3,2,8,497,503,249,15,228,13
32,1000,40,5.13,10.3,18,37,48,969,18,9,4,31,7.629644221,121,133,12.84692866,12.14924794,8.072543411,7.195515313,472,11,8,4,23,497,7,1,0,8,495,505,99,34,93,28
34,1000,40,5.13,10.3,18,37,2,943,32,12,13,57,7.202320075,103,90,10.02088561,8.906676622,6.552404273,7.90922223,501,10,5,5,20,442,22,7,8,37,521,479,43,47,60,43
33,1000,40,5.13,10.3,18,37,3,944,30,14,12,56,7.151236282,91,111,10.08178132,9.139795739,6.328680846,8.003946501,486,14,7,2,23,458,16,7,10,33,509,491,64,47,67,24
31,1000,40,5.13,10.3,18,37,100,940,40,9,11,60,8.405016145,251,247,54.02039326,50.17258341,10.29303538,6.37598303,475,30,3,10,43,465,10,6,1,17,518,482,227,20,233,18
30,1000,40,5.13,10.3,18,37,99,953,33,7,7,47,8.283120725,257,263,38.95298877,36.91092537,10.28955292,6.144031854,482,21,6,7,34,471,12,1,0,13,516,484,237,26,248,9
29,1000,40,5.13,10.3,18,37,100,934,43,17,6,66,8.542491729,205,236,30.16496703,32.62298716,10.48234547,6.265272116,485,35,16,4,55,449,8,1,2,11,540,460,210,26,195,10
28,1000,40,5.13,10.3,18,37,103,939,36,14,11,61,8.525874833,249,271,52.13395679,55.18097101,10.83211871,6.247140821,443,33,12,9,54,496,3,2,2,7,497,503,250,21,233,16
35,1000,40,5.13,10.3,18,37,2,948,17,12,23,52,7.361048231,86,97,10.02696387,8.91057043,6.477053357,8.314880536,501,6,5,7,18,447,11,7,16,34,519,481,56,41,57,29
34,1000,40,5.13,10.3,18,37,3,944,32,11,13,56,7.231611682,78,94,10.0199583,8.933612282,6.624248343,7.892230261,500,10,6,5,21,444,22,5,8,35,521,479,52,42,55,23
33,1000,40,5.13,10.3,18,37,4,947,29,13,11,53,7.138099984,100,94,10.08386135,9.166484332,6.364145592,7.94042745,487,14,6,2,22,460,15,7,9,31,509,491,56,38,65,35
32,1000,40,5.13,10.3,18,37,49,968,19,9,4,32,7.671178124,148,123,12.96203094,12.282764,8.142110872,7.209570778,471,12,8,4,24,497,7,1,0,8,495,505,92,31,121,27
31,1000,40,5.13,10.3,18,37,101,939,42,9,10,61,8.422894871,223,246,55.86238006,51.96116303,10.35971553,6.341415405,475,30,3,10,43,464,12,6,0,18,518,482,225,21,216,7
30,1000,40,5.13,10.3,18,37,100,953,33,7,7,47,8.285304863,252,251,40.76412682,38.51663414,10.33856195,6.096295246,482,21,6,7,34,471,12,1,0,13,516,484,232,19,239,13
28,1000,40,5.13,10.3,18,37,104,937,38,14,11,63,8.554908921,252,278,54.40592284,57.24129207,10.8973242,6.240434974,442,34,12,9,55,495,4,2,2,8,497,503,263,15,243,9
29,1000,40,5.13,10.3,18,37,101,934,41,18,7,66,8.541006855,226,219,30.91610285,33.51511394,10.53112638,6.204779588,485,34,16,5,55,449,7,2,2,11,540,460,205,14,215,11
36,1000,40,5.13,10.3,18,37,0,957,20,11,12,43,6.629,91,110,10.06513934,8.905719297,5.991735537,7.226744186,471,6,5,2,13,486,14,6,10,30,484,516,60,50,66,25
35,1000,40,5.13,10.3,18,37,3,948,17,13,22,52,7.370927367,98,105,10.04483625,8.924579513,6.50282003,8.307616988,501,6,5,7,18,447,11,8,15,34,519,481,60,45,66,32
34,1000,40,5.13,10.3,18,37,4,944,32,11,13,56,7.257621885,107,123,10.0510395,8.99272386,6.665244447,7.90194056,500,10,6,5,21,444,22,5,8,35,521,479,74,49,73,34
33,1000,40,5.13,10.3,18,37,5,949,29,12,10,51,7.109111784,81,119,10.10371074,9.20047074,6.352945907,7.89299861,488,14,5,2,21,461,15,7,8,30,509,491,69,50,50,31
32,1000,40,5.13,10.3,18,37,50,967,19,10,4,33,7.69660405,131,135,13.04781359,12.38632503,8.204665724,7.198603004,470,12,9,4,25,497,7,1,0,8,495,505,108,27,108,23
31,1000,40,5.13,10.3,18,37,102,938,43,9,10,62,8.446511891,243,265,57.78339535,53.91870795,10.43113786,6.313656595,474,31,3,10,44,464,12,6,0,18,518,482,246,19,230,13
30,1000,40,5.13,10.3,18,37,101,952,33,8,7,48,8.28711361,264,263,42.00183888,39.63013485,10.39158561,6.043502968,481,21,7,7,35,471,12,1,0,13,516,484,242,21,254,10
29,1000,40,5.13,10.3,18,37,102,936,39,18,7,64,8.516457649,217,231,31.55993515,34.39090558,10.57779978,6.096621233,485,34,16,5,55,451,5,2,2,9,540,460,210,21,207,10
36,1000,40,5.13,10.3,18,37,1,956,21,11,12,44,6.657970216,71,108,10.10301186,8.9341492,6.031687013,7.245414151,471,6,5,2,13,485,15,6,10,31,484,516,61,47,51,20
35,1000,40,5.13,10.3,18,37,4,950,16,13,21,50,7.390488135,97,103,10.0472226,8.973336779,6.494366074,8.357405702,502,5,5,7,17,448,11,8,14,33,519,481,64,39,64,33
34,1000,40,5.13,10.3,18,37,5,944,31,12,13,56,7.280898038,96,97,10.09774015,9.024365768,6.65947044,7.956814069,500,10,6,5,21,444,21,6,8,35,521,479,47,50,64,32
33,1000,40,5.13,10.3,18,37,6,950,28,12,10,50,7.109446264,98,105,10.13571221,9.264803486,6.344196298,7.902750201,489,13,5,2,20,461,15,7,8,30,509,491,63,42,68,30
31,1000,40,5.13,10.3,18,37,103,935,46,9,10,65,8.47559036,228,258,59.58588466,55.94667837,10.49798409,6.302146476,472,33,3,10,46,463,13,6,0,19,518,482,242,16,214,14
32,1000,40,5.13,10.3,18,37,51,966,20,10,4,34,7.716660905,125,153,13.20073952,12.51329926,8.232902626,7.210641793,469,13,9,4,26,497,7,1,0,8,495,505,118,35,106,19
30,1000,40,5.13,10.3,18,37,102,951,34,9,6,49,8.25856322,265,271,43.452603,41.0451093,10.38700877,5.989393994,480,22,8,6,36,471,12,1,0,13,516,484,252,19,252,13
29,1000,40,5.13,10.3,18,37,103,935,39,19,7,65,8.557459067,236,246,32.20119185,35.33841167,10.67476703,6.071923633,484,34,17,5,56,451,5,2,2,9,540,460,223,23,217,19
35,1000,40,5.13,10.3,18,37,5,952,16,12,20,48,7.440259979,95,113,10.05866464,9.012515584,6.581077908,8.36731922,502,5,5,7,17,450,11,7,13,31,519,481,67,46,61,34
36,1000,40,5.13,10.3,18,37,2,956,21,11,12,44,6.664186511,98,98,10.14576545,8.976935957,6.050760332,7.239570757,471,6,5,2,13,485,15,6,10,31,484,516,54,44,73,25
34,1000,40,5.13,10.3,18,37,6,945,30,12,13,55,7.285907345,110,94,10.11844621,9.07656634,6.645267479,7.982720226,501,9,6,5,20,444,21,6,8,35,521,479,59,35,69,41
33,1000,40,5.13,10.3,18,37,7,950,28,12,10,50,7.112713324,91,118,10.17295819,9.338511779,6.362126546,7.89081652,489,13,5,2,20,461,15,7,8,30,509,491,72,46,64,27
31,1000,40,5.13,10.3,18,37,104,934,47,9,10,66,8.484814136,246,241,62.11748215,58.28338276,10.57344839,6.240182302,471,34,3,10,47,463,13,6,0,19,518,482,225,16,230,16
37,1000,40,5.13,10.3,18,37,0,934,32,18,16,66,7.173,95,112,9.976480373,9.213518493,6.142276423,8.171259843,478,10,1,3,14,456,22,17,13,52,492,508,64,48,66,29
32,1000,40,5.13,10.3,18,37,52,966,20,10,4,34,7.74176207,129,145,13.29286641,12.61768313,8.278641688,7.215513732,469,13,9,4,26,497,7,1,0,8,495,505,114,31,103,26
30,1000,40,5.13,10.3,18,37,103,950,31,13,6,50,8.258773366,283,264,45.49856824,42.96708766,10.43982769,5.933517101,478,23,9,6,38,472,8,4,0,12,516,484,243,21,266,17
35,1000,40,5.13,10.3,18,37,6,952,16,11,21,48,7.471332622,112,113,10.07469602,9.075652874,6.614922482,8.395400944,502,5,5,7,17,450,11,6,14,31,519,481,72,41,70,42
29,1000,40,5.13,10.3,18,37,104,933,41,19,7,67,8.592239563,230,249,33.0530305,36.66496688,10.74054793,6.070312353,482,36,17,5,58,451,5,2,2,9,540,460,228,21,216,14
38,1000,40,5.13,10.3,18,37,0,933,27,16,24,67,7.57,106,100,10.08944163,9.31435378,6.382716049,8.692607004,471,8,3,4,15,462,19,13,20,52,486,514,57,43,78,28
36,1000,40,5.13,10.3,18,37,3,957,20,11,12,43,6.686956107,106,84,10.15613438,9.026282505,6.118129926,7.220506246,471,6,5,2,13,486,14,6,10,30,484,516,51,33,65,41
34,1000,40,5.13,10.3,18,37,7,944,31,12,13,56,7.309142433,83,121,10.15906884,9.123609572,6.670734921,8.00352722,500,10,6,5,21,444,21,6,8,35,521,479,71,50,62,21
33,1000,40,5.13,10.3,18,37,8,951,27,12,10,49,7.155011556,81,108,10.18344659,9.374021062,6.438751052,7.897530083,489,12,6,2,20,462,15,6,8,29,509,491,68,40,58,23
37,1000,40,5.13,10.3,18,37,1,935,31,18,16,65,7.18695878,96,99,9.974760037,9.242733365,6.16050949,8.181078958,478,10,1,3,14,457,21,17,13,51,492,508,59,40,70,26
30,1000,40,5.13,10.3,18,37,104,950,31,13,6,50,8.247594173,282,262,46.96131126,44.47121714,10.47260869,5.875471256,478,23,9,6,38,472,8,4,0,12,516,484,246,16,273,9
39,1000,40,5.13,10.3,18,37,0,936,33,10,21,64,7.363,111,109,9.995018217,9.250522591,6.373517787,8.376518219,488,10,3,5,18,448,23,7,16,46,506,494,63,46,75,36
32,1000,40,5.13,10.3,18,37,53,968,18,11,3,32,7.731347778,138,153,13.41359198,12.74568449,8.276411586,7.197077312,470,12,10,3,25,498,6,1,0,7,495,505,119,34,112,26
35,1000,40,5.13,10.3,18,37,7,952,16,11,21,48,7.48298285,95,110,10.07827653,9.109170517,6.623696327,8.410154795,502,5,5,7,17,450,11,6,14,31,519,481,66,44,66,29
38,1000,40,5.13,10.3,18,37,1,934,27,15,24,66,7.575292665,99,93,10.10196846,9.359105148,6.395439929,8.690873267,472,8,2,4,14,462,19,13,20,52,486,514,53,40,72,27
34,1000,40,5.13,10.3,18,37,8,946,29,12,13,54,7.306496825,99,98,10.17477095,9.168026835,6.733073411,7.930199536,500,10,6,5,21,446,19,6,8,33,521,479,55,43,63,36
36,1000,40,5.13,10.3,18,37,4,957,20,10,13,43,6.706747238,97,107,10.15886755,9.055701986,6.142749527,7.235768346,471,6,5,2,13,486,14,5,11,30,484,516,60,47,67,30
33,1000,40,5.13,10.3,18,37,9,954,28,10,8,46,7.111615962,115,94,10.21879169,9.443533655,6.401967366,7.847280189,490,13,5,1,19,464,15,5,7,27,509,491,58,36,82,33
37,1000,40,5.13,10.3,18,37,2,935,32,17,16,65,7.193760723,99,112,9.994614339,9.270579048,6.18749156,8.16833637,478,10,1,3,14,457,22,16,13,51,492,508,58,54,66,33
35,1000,40,5.13,10.3,18,37,8,953,16,9,22,47,7.502677827,95,107,10.10103768,9.141459627,6.68017004,8.390165439,502,5,4,8,17,451,11,5,14,30,519,481,66,41,57,38
39,1000,40,5.13,10.3,18,37,1,939,30,10,21,61,7.363035618,91,101,10.02401561,9.284727349,6.394050954,8.355558372,489,9,3,5,17,450,21,7,16,44,506,494,49,52,61,30
32,1000,40,5.13,10.3,18,37,54,968,18,11,3,32,7.791199605,118,137,13.51378402,12.87507036,8.351382974,7.242108977,470,12,10,3,25,498,6,1,0,7,495,505,107,30,101,17
34,1000,40,5.13,10.3,18,37,9,946,30,12,12,54,7.306793989,105,113,10.18400804,9.186798073,6.781672766,7.877959244,500,10,6,5,21,446,20,6,7,33,521,479,70,43,75,30
38,1000,40,5.13,10.3,18,37,2,936,25,15,24,64,7.565577424,94,96,10.11226463,9.387011565,6.435668003,8.633935359,472,8,2,4,14,464,17,13,20,50,486,514,59,37,61,33
36,1000,40,5.13,10.3,18,37,5,956,19,12,13,44,6.746372223,93,102,10.1904229,9.113005546,6.173694567,7.283534984,471,5,6,2,13,485,14,6,11,31,484,516,65,37,70,23
33,1000,40,5.13,10.3,18,37,10,957,26,9,8,43,7.093390093,102,103,10.244914,9.483819839,6.423410609,7.787930944,491,12,5,1,18,466,14,4,7,25,509,491,50,53,74,28
37,1000,40,5.13,10.3,18,37,3,938,30,16,16,62,7.187957487,99,107,10.00356821,9.290005075,6.203786308,8.141131149,478,9,2,3,14,460,21,14,13,48,492,508,63,44,69,30
35,1000,40,5.13,10.3,18,37,9,951,18,9,22,49,7.510020594,78,103,10.15029324,9.216342608,6.739721676,8.341174728,501,6,4,8,18,450,12,5,14,31,519,481,59,44,51,27
39,1000,40,5.13,10.3,18,37,2,939,29,11,21,61,7.398421182,91,88,10.05173609,9.335669114,6.461034092,8.358578808,489,8,4,5,17,450,21,7,16,44,506,494,52,36,65,26
34,1000,40,5.13,10.3,18,37,10,947,30,11,12,53,7.327373801,89,102,10.24654315,9.27223254,6.787722074,7.914343634,501,9,6,5,20,446,21,5,7,33,521,479,62,40,60,29
32,1000,40,5.13,10.3,18,37,55,965,19,13,3,35,7.827406978,143,154,13.64655546,13.02161634,8.400429702,7.265731239,469,11,12,3,26,496,8,1,0,9,495,505,124,30,112,31
38,1000,40,5.13,10.3,18,37,3,938,22,16,24,62,7.597517384,93,121,10.13926171,9.436537049,6.498428087,8.636734111,472,8,2,4,14,466,14,14,20,48,486,514,73,48,63,30
36,1000,40,5.13,10.3,18,37,6,958,18,11,13,42,6.746430885,85,131,10.23711141,9.156219968,6.216898936,7.243123643,471,5,6,2,13,487,13,5,11,29,484,516,75,56,58,27
33,1000,40,5.13,10.3,18,37,11,956,26,10,8,44,7.12147055,97,94,10.25293156,9.521809039,6.45918925,7.808031001,491,12,5,1,18,465,14,5,7,26,509,491,54,40,73,24
37,1000,40,5.13,10.3,18,37,4,940,28,15,17,60,7.19125938,104,100,10.03932011,9.316254569,6.196396005,8.154788476,480,7,2,3,12,460,21,13,14,48,492,508,62,38,71,33
35,1000,40,5.13,10.3,18,37,10,950,20,9,21,50,7.512621527,84,102,10.15268069,9.244279726,6.754244085,8.330912364,501,6,4,8,18,449,14,5,13,32,519,481,55,47,60,24
39,1000,40,5.13,10.3,18,37,3,940,29,11,20,60,7.381231139,110,98,10.07772763,9.367330198,6.471027355,8.313545136,489,8,4,5,17,451,21,7,15,43,506,494,50,48,78,32
34,1000,40,5.13,10.3,18,37,11,949,28,11,12,51,7.338039123,93,94,10.27973009,9.318085049,6.806275965,7.916428695,502,8,6,5,19,447,20,5,7,32,521,479,49,45,71,22
36,1000,40,5.13,10.3,18,37,7,957,19,9,15,43,6.776871514,94,94,10.29987655,9.201124003,6.284462697,7.23874335,471,5,4,4,13,486,14,5,11,30,484,516,54,40,57,37
38,1000,40,5.13,10.3,18,37,4,941,20,15,24,59,7.566217309,94,115,10.15492071,9.466475767,6.545352008,8.531471271,472,8,2,4,14,469,12,13,20,45,486,514,68,47,63,31
33,1000,40,5.13,10.3,18,37,12,957,26,9,8,43,7.137371564,97,96,10.28597542,9.567589286,6.509146637,7.788627141,491,13,4,1,18,466,13,5,7,25,509,491,60,36,67,30
32,1000,40,5.13,10.3,18,37,56,965,19,13,3,35,7.842542588,136,145,13.8075734,13.20985956,8.43858746,7.258300585,469,11,12,3,26,496,8,1,0,9,495,505,116,29,111,25
37,1000,40,5.13,10.3,18,37,5,942,26,15,17,58,7.187248023,98,114,10.07462568,9.374896087,6.253273469,8.091806056,480,7,2,3,12,462,19,13,14,46,492,508,65,49,69,29
35,1000,40,5.13,10.3,18,37,11,949,21,9,21,51,7.543779683,90,112,10.17363827,9.267484906,6.795165156,8.351536313,501,6,4,8,18,448,15,5,13,33,519,481,67,45,60,30
39,1000,40,5.13,10.3,18,37,4,942,28,10,20,58,7.424986323,101,114,10.10737037,9.427164464,6.513812716,8.358293701,490,8,3,5,16,452,20,7,15,42,506,494,60,54,65,36
34,1000,40,5.13,10.3,18,37,12,949,29,11,11,51,7.342976567,98,115,10.32535134,9.350622442,6.829534195,7.901438938,502,8,6,5,19,447,21,5,6,32,521,479,81,34,74,24
36,1000,40,5.13,10.3,18,37,8,957,19,8,16,43,6.79620337,100,104,10.31699992,9.248639598,6.301083141,7.260618469,471,5,4,4,13,486,14,4,12,30,484,516,57,47,75,25
33,1000,40,5.13,10.3,18,37,13,958,25,9,8,42,7.127688287,128,79,10.30803583,9.614949056,6.508691458,7.769377464,493,11,4,1,16,465,14,5,7,26,509,491,49,30,92,36
38,1000,40,5.13,10.3,18,37,5,943,19,14,24,57,7.609715457,104,90,10.19472573,9.508627399,6.618008633,8.547399341,472,8,2,4,14,471,11,12,20,43,486,514,58,32,78,26
32,1000,40,5.13,10.3,18,37,57,966,19,12,3,34,7.860355762,129,147,14.02355121,13.43770471,8.446822681,7.28550205,470,11,11,3,25,496,8,1,0,9,495,505,112,35,113,16
37,1000,40,5.13,10.3,18,37,6,944,26,14,16,56,7.198665993,96,100,10.07659574,9.398044841,6.283655192,8.084857557,480,7,2,3,12,464,19,12,13,44,492,508,58,42,73,23
35,1000,40,5.13,10.3,18,37,12,952,19,9,20,48,7.571029961,92,112,10.20231109,9.301857169,6.817014125,8.384614615,503,4,4,8,16,449,15,5,12,32,519,481,65,47,66,26
39,1000,40,5.13,10.3,18,37,5,942,29,9,20,58,7.441311777,95,110,10.1174187,9.46394517,6.530301355,8.374452006,489,9,3,5,17,453,20,6,15,41,506,494,65,45,67,28
34,1000,40,5.13,10.3,18,37,13,949,27,13,11,51,7.385351059,91,106,10.33138886,9.387206183,6.876059777,7.939298361,502,7,7,5,19,447,20,6,6,32,521,479,66,40,69,22
36,1000,40,5.13,10.3,18,37,9,955,21,8,16,45,6.806483556,103,115,10.36416896,9.292145827,6.310964393,7.271272848,470,6,4,4,14,485,15,4,12,31,484,516,69,46,68,35
33,1000,40,5.13,10.3,18,37,14,959,24,9,8,41,7.153711374,105,112,10.34063336,9.643114282,6.560033128,7.769153793,493,11,4,1,16,466,13,5,7,25,509,491,66,46,75,30
38,1000,40,5.13,10.3,18,37,6,941,21,14,24,59,7.608474853,94,95,10.21569624,9.552038955,6.620937102,8.542216773,472,8,2,4,14,469,13,12,20,45,486,514,53,42,66,28
37,1000,40,5.13,10.3,18,37,7,945,27,14,14,55,7.235782187,90,108,10.10102037,9.429184988,6.358551165,8.085383884,480,7,2,3,12,465,20,12,11,43,492,508,72,36,68,22
32,1000,40,5.13,10.3,18,37,58,966,19,12,3,34,7.871082137,126,152,14.17524049,13.57883278,8.517153443,7.237804321,470,11,11,3,25,496,8,1,0,9,495,505,118,34,107,19
35,1000,40,5.13,10.3,18,37,13,952,21,8,19,48,7.589963635,99,106,10.23352185,9.362471083,6.894056049,8.340849366,502,5,4,8,17,450,16,4,11,31,519,481,66,40,72,27
39,1000,40,5.13,10.3,18,37,6,943,28,9,20,57,7.455582067,99,116,10.14272382,9.498347989,6.575455543,8.357088183,489,9,3,5,17,454,19,6,15,40,506,494,75,41,61,38
34,1000,40,5.13,10.3,18,37,14,950,27,13,10,50,7.41617268,82,115,10.368835,9.438201123,6.91750871,7.95856084,502,7,7,5,19,448,20,6,5,31,521,479,72,43,57,25
36,1000,40,5.13,10.3,18,37,10,954,22,8,16,46,6.842590263,101,124,10.41190567,9.336679613,6.338566886,7.315356377,470,6,4,4,14,484,16,4,12,32,484,516,79,45,76,25
33,1000,40,5.13,10.3,18,37,15,958,25,9,8,42,7.205212505,119,109,10.40228488,9.747483201,6.654059833,7.776570367,492,12,4,1,17,466,13,5,7,25,509,491,72,37,82,37
38,1000,40,5.13,10.3,18,37,7,940,23,14,23,60,7.605356576,99,114,10.25223167,9.632714309,6.641902982,8.516326317,471,9,2,4,15,469,14,12,19,45,486,514,67,47,79,20
37,1000,40,5.13,10.3,18,37,8,945,28,15,12,55,7.231918487,112,102,10.15265421,9.515526097,6.37030349,8.066396004,481,5,3,3,11,464,23,12,9,44,492,508,67,35,81,31
32,1000,40,5.13,10.3,18,37,59,966,19,12,3,34,7.868697115,146,169,14.2971815,13.71101499,8.507460364,7.242582643,470,11,11,3,25,496,8,1,0,9,495,505,133,36,122,24
35,1000,40,5.13,10.3,18,37,14,955,20,7,18,45,7.565269637,91,106,10.27898818,9.401614125,6.888107742,8.295928729,502,6,3,8,17,453,14,4,10,28,519,481,62,44,63,28
39,1000,40,5.13,10.3,18,37,7,945,27,7,21,55,7.4148878,100,115,10.17171245,9.528194968,6.576277492,8.273869208,489,9,3,5,17,456,18,4,16,38,506,494,67,48,60,40
34,1000,40,5.13,10.3,18,37,15,949,28,13,10,51,7.451288532,88,120,10.42112592,9.495407392,6.989450814,7.953621415,500,9,7,5,21,449,19,6,5,30,521,479,86,34,62,26
33,1000,40,5.13,10.3,18,37,16,958,26,9,7,42,7.221454621,108,124,10.44584835,9.796410978,6.712038763,7.749545601,491,13,4,1,18,467,13,5,6,24,509,491,74,50,86,22
36,1000,40,5.13,10.3,18,37,11,954,22,8,16,46,6.860232064,93,114,10.46663757,9.409415147,6.33359698,7.354207608,470,6,4,4,14,484,16,4,12,32,484,516,69,45,60,33
38,1000,40,5.13,10.3,18,37,8,941,21,15,23,59,7.622319586,91,120,10.26625569,9.657977558,6.697645725,8.496622108,471,8,3,4,15,470,13,12,19,44,486,514,77,43,70,21
37,1000,40,5.13,10.3,18,37,9,946,28,14,12,54,7.292289507,104,118,10.1934559,9.582836713,6.475267155,8.083578872,481,5,3,3,11,465,23,11,9,43,492,508,68,50,69,35
35,1000,40,5.13,10.3,18,37,15,955,21,7,17,45,7.582327099,98,77,10.30934254,9.445221305,6.892171931,8.327005961,502,7,3,7,17,453,14,4,10,28,519,481,41,36,76,22
32,1000,40,5.13,10.3,18,37,60,966,19,12,3,34,7.892027004,129,155,14.47811423,13.87974917,8.562149798,7.235173968,470,11,11,3,25,496,8,1,0,9,495,505,130,25,107,22
39,1000,40,5.13,10.3,18,37,8,945,27,7,21,55,7.449354609,98,108,10.18905625,9.565921611,6.611312644,8.307753869,489,9,3,5,17,456,18,4,16,38,506,494,56,52,68,30
34,1000,40,5.13,10.3,18,37,16,949,27,13,11,51,7.486443996,105,79,10.46675368,9.541850991,7.020610595,7.993122914,500,9,7,5,21,449,18,6,6,30,521,479,51,28,73,32
33,1000,40,5.13,10.3,18,37,17,957,27,9,7,43,7.256536039,116,124,10.47268322,9.856217205,6.760345891,7.770916457,490,14,4,1,19,467,13,5,6,24,509,491,87,37,84,32
36,1000,40,5.13,10.3,18,37,12,955,22,8,15,45,6.861044169,93,94,10.50751823,9.477293275,6.35058636,7.33984568,470,7,3,4,14,485,15,5,11,31,484,516,58,36,67,26
38,1000,40,5.13,10.3,18,37,9,942,21,15,22,58,7.650043299,104,107,10.28556517,9.712295263,6.745033281,8.50575316,471,8,3,4,15,471,13,12,18,43,486,514,62,45,68,36
37,1000,40,5.13,10.3,18,37,10,946,27,15,12,54,7.309862908,103,108,10.23325403,9.63102397,6.57235988,8.024137493,480,6,3,3,12,466,21,12,9,42,492,508,69,39,80,23
35,1000,40,5.13,10.3,18,37,16,954,22,8,16,46,7.623815667,99,103,10.33893422,9.475700842,6.926224614,8.376517864,502,7,3,7,17,452,15,5,9,29,519,481,69,34,61,38
34,1000,40,5.13,10.3,18,37,17,948,28,14,10,52,7.514598667,95,124,10.49069386,9.626307146,7.066007858,8.002523117,500,9,8,4,21,448,19,6,6,31,521,479,87,37,72,23
39,1000,40,5.13,10.3,18,37,9,945,27,7,21,55,7.507130077,98,113,10.20316468,9.629276921,6.66408331,8.370655713,489,9,3,5,17,456,18,4,16,38,506,494,63,50,73,25
33,1000,40,5.13,10.3,18,37,18,960,25,8,7,40,7.265503076,107,111,10.50090475,9.907653998,6.811753544,7.735887009,491,13,4,1,18,469,12,4,6,22,509,491,68,43,77,30
32,1000,40,5.13,10.3,18,37,61,966,20,11,3,34,7.924751978,163,156,14.66273597,14.09639771,8.617498305,7.245723401,469,12,11,3,26,497,8,0,0,8,495,505,130,26,142,21
36,1000,40,5.13,10.3,18,37,13,955,22,8,15,45,6.899939787,96,120,10.55288117,9.510403045,6.414475299,7.355297951,470,7,3,4,14,485,15,5,11,31,484,516,70,50,64,32
38,1000,40,5.13,10.3,18,37,10,942,21,16,21,58,7.651217532,102,105,10.29002804,9.734060107,6.779722693,8.475237944,470,9,3,4,16,472,12,13,17,42,486,514,54,51,71,31
37,1000,40,5.13,10.3,18,37,11,945,29,14,12,55,7.360802197,99,84,10.258437,9.65817358,6.634453109,8.064274147,479,7,3,3,13,466,22,11,9,42,492,508,46,38,69,30
35,1000,40,5.13,10.3,18,37,17,954,22,8,16,46,7.653272306,103,101,10.39519709,9.52800285,6.970737296,8.389729001,502,7,3,7,17,452,15,5,9,29,519,481,68,33,75,28
34,1000,40,5.13,10.3,18,37,18,949,28,12,11,51,7.533160063,104,101,10.51586331,9.674668849,7.101867419,8.002269598,500,9,8,4,21,449,19,4,7,30,521,479,59,42,72,32
39,1000,40,5.13,10.3,18,37,10,944,27,8,21,56,7.503599306,107,134,10.23693403,9.679933636,6.694872042,8.331971767,489,9,3,5,17,455,18,5,16,39,506,494,80,54,79,28
33,1000,40,5.13,10.3,18,37,19,960,25,9,6,40,7.285354487,109,98,10.54376773,9.949551087,6.872056992,7.713803417,491,13,4,1,18,469,12,5,5,22,509,491,63,35,81,28
36,1000,40,5.13,10.3,18,37,14,957,21,8,14,43,6.915300292,106,124,10.57921564,9.57170704,6.495118366,7.309424424,469,7,4,4,15,488,14,4,10,28,484,516,85,39,74,32
32,1000,40,5.13,10.3,18,37,62,967,19,11,3,33,7.920671611,143,139,14.90186654,14.44181339,8.621605854,7.233617254,470,12,10,3,25,497,7,1,0,8,495,505,114,25,118,25
38,1000,40,5.13,10.3,18,37,11,947,18,15,20,53,7.612691446,108,89,10.3588833,9.779301481,6.79131007,8.389328311,471,8,3,4,15,476,10,12,16,38,486,514,50,39,72,36
37,1000,40,5.13,10.3,18,37,12,946,29,13,12,54,7.360104254,104,88,10.26089004,9.684381101,6.665248975,8.033074329,478,8,3,3,14,468,21,10,9,40,492,508,58,30,79,25
35,1000,40,5.13,10.3,18,37,18,954,22,8,16,46,7.677501005,94,115,10.4064862,9.560332468,7.02126262,8.385583586,501,8,3,7,18,453,14,5,9,28,519,481,66,49,63,31
34,1000,40,5.13,10.3,18,37,19,950,26,13,11,50,7.558754287,111,105,10.57285521,9.704479069,7.108013172,8.049017588,501,8,8,4,20,449,18,5,7,30,521,479,58,47,74,37
39,1000,40,5.13,10.3,18,37,11,945,27,8,20,55,7.504193322,98,101,10.31660394,9.757698571,6.710181773,8.3174926,489,9,3,5,17,456,18,5,15,38,506,494,56,45,70,28
33,1000,40,5.13,10.3,18,37,20,961,25,8,6,39,7.32291069,86,96,10.59268678,10.0055095,6.936729685,7.723249044,491,13,4,1,18,470,12,4,5,21,509,491,58,38,64,22
36,1000,40,5.13,10.3,18,37,15,957,21,8,14,43,6.938999107,75,115,10.63585924,9.616490718,6.517545377,7.334316172,469,7,4,4,15,488,14,4,10,28,484,516,66,49,56,19
38,1000,40,5.13,10.3,18,37,12,947,18,15,20,53,7.645508142,113,114,10.40634496,9.859250953,6.837201349,8.409782658,471,8,3,4,15,476,10,12,16,38,486,514,69,45,87,26
32,1000,40,5.13,10.3,18,37,63,966,20,11,3,34,7.933255556,138,155,15.11205522,14.62060711,8.671771516,7.209363675,469,13,10,3,26,497,7,1,0,8,495,505,122,33,119,19
37,1000,40,5.13,10.3,18,37,13,945,30,13,12,55,7.399217011,108,94,10.32091166,9.744700464,6.725169423,8.052034753,477,9,3,3,15,468,21,10,9,40,492,508,56,38,81,27
35,1000,40,5.13,10.3,18,37,19,952,24,8,16,48,7.705405717,98,113,10.45040307,9.611156172,7.040783533,8.422534435,500,9,3,7,19,452,15,5,9,29,519,481,72,41,70,28
34,1000,40,5.13,10.3,18,37,20,950,27,13,10,50,7.561755275,118,122,10.58784404,9.717201043,7.109138157,8.054059073,501,9,8,3,20,449,18,5,7,30,521,479,72,50,77,41
33,1000,40,5.13,10.3,18,37,21,962,25,8,5,38,7.322581874,125,121,10.60824752,10.06299744,6.967207086,7.690984659,491,13,4,1,18,471,12,4,4,20,509,491,80,41,88,37
39,1000,40,5.13,10.3,18,37,12,946,27,8,19,54,7.496974659,114,101,10.38389215,9.821243265,6.721019852,8.29177857,489,9,3,5,17,457,18,5,14,37,506,494,55,46,85,29
36,1000,40,5.13,10.3,18,37,16,957,20,9,14,43,6.961090433,94,117,10.67561819,9.667179519,6.543992512,7.352321817,469,7,4,4,15,488,13,5,10,28,484,516,78,39,57,37
38,1000,40,5.13,10.3,18,37,13,949,18,13,20,51,7.629060069,110,124,10.4522245,9.928446057,6.856494266,8.359540575,472,7,3,4,14,477,11,10,16,37,486,514,70,54,85,25
32,1000,40,5.13,10.3,18,37,64,965,21,11,3,35,7.939677921,138,139,15.2867079,14.80435536,8.706679195,7.187864792,468,14,10,3,27,497,7,1,0,8,495,505,117,22,124,14
37,1000,40,5.13,10.3,18,37,14,947,28,12,13,53,7.393280584,107,113,10.38476668,9.809354511,6.731162006,8.034545034,478,8,3,3,14,469,20,9,10,39,492,508,69,44,79,28
35,1000,40,5.13,10.3,18,37,20,953,23,7,17,47,7.696622515,115,122,10.49212126,9.678600771,7.011824111,8.435521418,500,9,3,7,19,453,14,4,10,28,519,481,74,48,79,36
34,1000,40,5.13,10.3,18,37,21,951,26,13,10,49,7.571038148,104,109,10.63413442,9.768788077,7.122243688,8.059184105,501,9,8,3,20,450,17,5,7,29,521,479,68,41,79,25
33,1000,40,5.13,10.3,18,37,22,961,26,8,5,39,7.341734662,111,95,10.6573387,10.10392102,6.976091589,7.720782166,491,13,4,1,18,470,13,4,4,21,509,491,66,29,77,34
39,1000,40,5.13,10.3,18,37,13,945,27,9,19,55,7.51207764,93,112,10.41750223,9.87526198,6.766885068,8.275372057,487,10,4,5,19,458,17,5,14,36,506,494,64,48,69,24
36,1000,40,5.13,10.3,18,37,17,957,21,9,13,43,6.948307657,107,117,10.70652552,9.709669033,6.56500082,7.307843529,469,7,4,4,15,488,14,5,9,28,484,516,68,49,77,30
38,1000,40,5.13,10.3,18,37,14,950,17,13,20,50,7.640120395,104,112,10.50226814,9.970352935,6.869544215,8.368719662,472,7,3,4,14,478,10,10,16,36,486,514,71,41,82,22
37,1000,40,5.13,10.3,18,37,15,948,26,13,13,52,7.429614841,109,105,10.43579663,9.872129517,6.772669213,8.065869268,478,8,3,3,14,470,18,10,10,38,492,508,60,45,79,30
32,1000,40,5.13,10.3,18,37,65,966,19,12,3,34,7.937370514,150,165,15.46561913,15.0483748,8.755550944,7.135391676,468,13,11,3,27,498,6,1,0,7,495,505,136,29,131,19
35,1000,40,5.13,10.3,18,37,21,953,23,7,17,47,7.689900648,94,112,10.51628803,9.705533569,7.048137901,8.382363986,500,9,3,7,19,453,14,4,10,28,519,481,70,42,77,17
34,1000,40,5.13,10.3,18,37,22,952,26,12,10,48,7.584871855,105,103,10.68753614,9.837333081,7.172692521,8.033192176,501,9,8,3,20,451,17,4,7,28,521,479,65,38,79,26
33,1000,40,5.13,10.3,18,37,23,961,26,8,5,39,7.361126495,94,124,10.71659598,10.19666942,7.007046306,7.72818722,491,13,4,1,18,470,13,4,4,21,509,491,75,49,70,24
39,1000,40,5.13,10.3,18,37,14,946,27,8,19,54,7.513970168,95,110,10.45924661,9.910490584,6.772293116,8.273663666,487,10,4,5,19,459,17,4,14,35,506,494,66,44,71,24
36,1000,40,5.13,10.3,18,37,18,957,21,9,13,43,6.942568069,118,102,10.77216586,9.816171311,6.58199923,7.28077605,468,8,4,4,16,489,13,5,9,27,484,516,69,33,91,27
38,1000,40,5.13,10.3,18,37,15,950,18,12,20,50,7.656687034,103,107,10.57137612,10.03011177,6.890029631,8.381580999,472,7,3,4,14,478,11,9,16,36,486,514,68,39,77,26
37,1000,40,5.13,10.3,18,37,16,947,26,14,13,53,7.474549382,92,102,10.47516068,9.935609582,6.802240523,8.125683159,478,8,3,3,14,469,18,11,10,39,492,508,59,43,68,24
35,1000,40,5.13,10.3,18,37,22,955,23,6,16,45,7.697866733,113,115,10.58236992,9.779723889,7.076431258,8.368396902,500,9,3,7,19,455,14,3,9,26,519,481,76,39,86,27
32,1000,40,5.13,10.3,18,37,66,966,20,11,3,34,7.929988757,156,156,15.62449057,15.2477329,8.792953448,7.084112475,467,14,11,3,28,499,6,0,0,6,495,505,130,26,137,19
34,1000,40,5.13,10.3,18,37,23,951,26,13,10,49,7.646813731,100,117,10.74523222,9.918688105,7.251635966,8.076641737,500,10,8,3,21,451,16,5,7,28,521,479,81,36,79,21
33,1000,40,5.13,10.3,18,37,24,961,26,8,5,39,7.403100334,110,116,10.74161847,10.24804844,7.07059742,7.747792764,491,13,4,1,18,470,13,4,4,21,509,491,69,47,87,23
36,1000,40,5.13,10.3,18,37,19,958,20,9,13,42,6.956588462,105,108,10.83827257,9.898342453,6.621732671,7.270678002,468,8,4,4,16,490,12,5,9,26,484,516,73,35,80,25
39,1000,40,5.13,10.3,18,37,15,946,27,8,19,54,7.543438068,105,111,10.4897382,9.969517082,6.794078199,8.311001011,487,10,4,5,19,459,17,4,14,35,506,494,71,40,74,31
38,1000,40,5.13,10.3,18,37,16,951,18,12,19,49,7.631360832,103,102,10.61278811,10.10863672,6.912106976,8.311433545,472,7,3,4,14,479,11,9,15,35,486,514,68,34,88,15
37,1000,40,5.13,10.3,18,37,17,947,27,14,12,53,7.490687668,97,111,10.5121212,9.996946382,6.824863928,8.135540581,478,8,3,3,14,469,19,11,9,39,492,508,76,35,70,27
35,1000,40,5.13,10.3,18,37,23,954,25,5,16,46,7.733020736,98,117,10.64484048,9.851434607,7.126402419,8.387563161,500,9,3,7,19,454,16,2,9,27,519,481,77,40,71,27
33,1000,40,5.13,10.3,18,37,25,960,27,8,5,40,7.421757207,93,108,10.80043077,10.3219886,7.10720526,7.747840589,490,14,4,1,19,470,13,4,4,21,509,491,70,38,65,28
34,1000,40,5.13,10.3,18,37,24,950,27,13,10,50,7.729227506,117,109,10.80932306,9.997737762,7.339026303,8.153642593,500,10,8,3,21,450,17,5,7,29,521,479,69,40,91,26
32,1000,40,5.13,10.3,18,37,67,966,19,12,3,34,7.953862528,164,159,15.8563443,15.46057988,8.830788897,7.094301038,467,13,12,3,28,499,6,0,0,6,495,505,140,19,140,24
36,1000,40,5.13,10.3,18,37,20,959,20,9,12,41,6.929113606,121,120,10.88319467,9.948200087,6.635838397,7.204201205,468,8,4,4,16,491,12,5,8,25,484,516,81,39,86,35
39,1000,40,5.13,10.3,18,37,16,946,27,8,19,54,7.549682206,97,105,10.54975238,10.05115811,6.838393132,8.278249558,487,10,4,5,19,459,17,4,14,35,506,494,69,36,70,27
38,1000,40,5.13,10.3,18,37,17,952,18,11,19,48,7.633970736,107,120,10.64674393,10.140557,6.901381984,8.32665193,473,7,2,4,13,479,11,9,15,35,486,514,81,39,78,29
37,1000,40,5.13,10.3,18,37,18,947,28,12,13,53,7.506070202,98,110,10.55538916,10.07327582,6.851218634,8.140296524,477,9,3,3,15,470,19,9,10,38,492,508,68,42,76,22
35,1000,40,5.13,10.3,18,37,24,953,26,5,16,47,7.746631214,119,128,10.72592344,9.930837199,7.155063748,8.38493374,500,9,3,7,19,453,17,2,9,28,519,481,87,41,85,34
33,1000,40,5.13,10.3,18,37,26,960,27,8,5,40,7.418224679,108,131,10.87954756,10.41847588,7.136501842,7.710275441,490,14,4,1,19,470,13,4,4,21,509,491,87,44,94,14
34,1000,40,5.13,10.3,18,37,25,949,28,13,10,51,7.765201034,132,107,10.84574059,10.04651482,7.369579816,8.195511379,499,11,8,3,22,450,17,5,7,29,521,479,62,45,92,40
36,1000,40,5.13,10.3,18,37,21,960,19,9,12,40,6.944141518,105,112,10.98213186,10.02850236,6.643372502,7.226258192,468,8,4,4,16,492,11,5,8,24,484,516,70,42,77,28
39,1000,40,5.13,10.3,18,37,17,946,27,8,19,54,7.588976251,87,114,10.58064233,10.09955472,6.89146603,8.30343004,486,11,4,5,20,460,16,4,14,34,506,494,68,46,68,19
32,1000,40,5.13,10.3,18,37,68,965,20,12,3,35,7.961227983,169,156,16.16112389,15.82427987,8.849270512,7.090770454,467,13,12,3,28,498,7,0,0,7,495,505,136,20,147,22
38,1000,40,5.13,10.3,18,37,18,953,18,12,17,47,7.611084466,110,121,10.69070859,10.18063795,6.919253641,8.265228009,473,7,2,4,13,480,11,10,13,34,486,514,76,45,90,20
37,1000,40,5.13,10.3,18,37,19,947,27,13,13,53,7.530879507,108,105,10.60385536,10.11056062,6.892175266,8.14946708,477,8,4,3,15,470,19,9,10,38,492,508,75,30,80,28
35,1000,40,5.13,10.3,18,37,25,952,26,6,16,48,7.760304046,122,101,10.768596,9.96079149,7.199596744,8.36530839,499,9,4,7,20,453,17,2,9,28,519,481,69,32,86,36
33,1000,40,5.13,10.3,18,37,27,960,28,7,5,40,7.43673338,119,115,10.97430959,10.53096391,7.154912644,7.72888563,492,13,3,1,17,468,15,4,4,23,509,491,80,35,93,26
34,1000,40,5.13,10.3,18,37,26,948,29,13,10,52,7.782669082,100,109,10.88547208,10.11761112,7.402699205,8.195955734,498,12,8,3,23,450,17,5,7,29,521,479,76,33,81,19
36,1000,40,5.13,10.3,18,37,22,961,18,9,12,39,6.97092637,88,121,11.044882,10.07075885,6.674643354,7.248835247,468,8,4,4,16,493,10,5,8,23,484,516,86,35,68,20
39,1000,40,5.13,10.3,18,37,18,945,29,8,18,55,7.602098887,99,104,10.616366,10.16115981,6.931439245,8.289049856,486,11,4,5,20,459,18,4,13,35,506,494,67,37,81,18
32,1000,40,5.13,10.3,18,37,69,964,22,11,3,36,7.929555549,159,173,16.49751535,16.24835421,8.85973438,7.017796101,466,15,11,3,29,498,7,0,0,7,495,505,148,25,142,17
38,1000,40,5.13,10.3,18,37,19,951,20,12,17,49,7.647582858,99,114,10.75342245,10.22158065,6.996018323,8.263653605,473,7,2,4,13,478,13,10,13,36,486,514,76,38,76,23
37,1000,40,5.13,10.3,18,37,20,946,28,13,13,54,7.58169128,104,111,10.66103587,10.18360701,6.974023418,8.170219996,477,8,4,3,15,469,20,9,10,39,492,508,62,49,79,25
35,1000,40,5.13,10.3,18,37,26,952,26,6,16,48,7.776555032,94,109,10.83742207,10.08893858,7.265658629,8.327813312,498,10,4,7,21,454,16,2,9,27,519,481,66,43,69,25
33,1000,40,5.13,10.3,18,37,28,960,28,7,5,40,7.426866946,111,98,11.03675051,10.61672445,7.179913174,7.682874013,492,13,3,1,17,468,15,4,4,23,509,491,62,36,86,25
36,1000,40,5.13,10.3,18,37,23,963,17,8,12,37,6.977186195,93,118,11.10869934,10.13275917,6.701109947,7.236141435,469,8,3,4,15,494,9,5,8,22,484,516,76,42,67,26
34,1000,40,5.13,10.3,18,37,27,947,29,13,11,53,7.812398769,104,121,10.91259931,10.18912113,7.406815502,8.25354466,498,12,8,3,23,449,17,5,8,30,521,479,85,36,77,27
39,1000,40,5.13,10.3,18,37,19,945,29,8,18,55,7.629541594,111,109,10.67267918,10.22944321,6.970539094,8.304552252,486,11,4,5,20,459,18,4,13,35,506,494,70,39,81,30
32,1000,40,5.13,10.3,18,37,70,964,22,10,4,36,7.926189186,157,172,16.77484881,16.55772002,8.889281752,6.982167759,466,15,10,4,29,498,7,0,0,7,495,505,157,15,138,19
38,1000,40,5.13,10.3,18,37,20,952,18,13,17,48,7.656370348,134,112,10.7962966,10.2775051,7.055870946,8.22415772,473,6,3,4,13,479,12,10,13,35,486,514,72,40,101,33
37,1000,40,5.13,10.3,18,37,21,947,28,12,13,53,7.588321813,108,89,10.70324743,10.28953536,7.024584276,8.134303838,477,8,4,3,15,470,20,8,10,38,492,508,65,24,89,19
35,1000,40,5.13,10.3,18,37,27,951,28,6,15,49,7.780109501,113,100,10.87594553,10.13906226,7.31037151,8.28695777,498,10,4,7,21,453,18,2,8,28,519,481,63,37,87,26
33,1000,40,5.13,10.3,18,37,29,962,26,7,5,38,7.441271025,116,114,11.13303099,10.73907149,7.184404231,7.707554523,494,11,3,1,15,468,15,4,4,23,509,491,82,32,87,29
34,1000,40,5.13,10.3,18,37,28,949,27,12,12,51,7.795004393,103,111,10.97596748,10.25355991,7.420384558,8.202471896,499,11,7,4,22,450,16,5,8,29,521,479,81,30,77,26
36,1000,40,5.13,10.3,18,37,24,963,16,7,14,37,7.014812481,107,142,11.15627899,10.17684722,6.752316387,7.261029747,468,8,3,5,16,495,8,4,9,21,484,516,97,45,82,25
39,1000,40,5.13,10.3,18,37,20,948,28,8,16,52,7.613666743,110,131,10.6996327,10.25249975,6.97067666,8.272276018,487,12,4,3,19,461,16,4,13,33,506,494,81,50,83,27
38,1000,40,5.13,10.3,18,37,21,951,19,13,17,49,7.680681669,99,117,10.83506648,10.35237653,7.100717306,8.229052643,472,7,3,4,14,479,12,10,13,35,486,514,79,38,70,29
37,1000,40,5.13,10.3,18,37,22,950,28,10,12,50,7.56687746,114,124,10.77489089,10.34306136,7.041578175,8.075631886,478,8,3,3,14,472,20,7,9,36,492,508,85,39,95,19
32,1000,40,5.13,10.3,18,37,71,964,22,10,4,36,7.926296539,169,164,17.13323595,16.93384227,8.892758315,6.978972621,466,15,10,4,29,498,7,0,0,7,495,505,139,25,144,25
35,1000,40,5.13,10.3,18,37,28,949,30,6,15,51,7.814686973,99,109,10.93292659,10.21771798,7.345900115,8.320508968,497,11,4,7,22,452,19,2,8,29,519,481,61,48,74,25
33,1000,40,5.13,10.3,18,37,30,962,25,8,5,38,7.478102553,104,136,11.17339656,10.81245643,7.24415523,7.720626356,494,10,4,1,15,468,15,4,4,23,509,491,91,45,77,27
36,1000,40,5.13,10.3,18,37,25,963,17,7,13,37,7.064231286,96,123,11.2367502,10.28067965,6.7922183,7.319375248,468,8,3,5,16,495,9,4,8,21,484,516,89,34,82,14
34,1000,40,5.13,10.3,18,37,29,950,26,12,12,50,7.780013408,105,118,11.05127574,10.35982233,7.420279943,8.171289264,500,10,7,4,21,450,16,5,8,29,521,479,76,42,76,29
39,1000,40,5.13,10.3,18,37,21,948,27,9,16,52,7.678465108,102,138,10.72867076,10.27089949,7.055984289,8.316066919,487,11,5,3,19,461,16,4,13,33,506,494,92,46,77,25
38,1000,40,5.13,10.3,18,37,22,952,19,13,16,48,7.695404085,110,108,10.87378411,10.39592749,7.127961344,8.231935548,472,7,3,4,14,480,12,10,12,34,486,514,73,35,88,22
37,1000,40,5.13,10.3,18,37,23,952,27,9,12,48,7.547230887,105,106,10.82723859,10.39828234,7.039019461,8.039435653,478,8,3,3,14,474,19,6,9,34,492,508,71,35,83,22
35,1000,40,5.13,10.3,18,37,29,947,32,6,15,53,7.858129622,113,121,11.00152532,10.28723934,7.401739439,8.350575579,495,13,4,7,24,452,19,2,8,29,519,481,84,37,87,26
32,1000,40,5.13,10.3,18,37,72,964,22,10,4,36,7.933555027,157,174,17.45633463,17.3586684,8.918826887,6.967793501,466,15,10,4,29,498,7,0,0,7,495,505,152,22,140,17
33,1000,40,5.13,10.3,18,37,31,963,23,9,5,37,7.461155979,116,117,11.25059321,10.9440952,7.247290956,7.682861267,494,10,4,1,15,469,13,5,4,22,509,491,84,33,90,26
36,1000,40,5.13,10.3,18,37,26,962,18,7,13,38,7.081918508,98,124,11.32688263,10.37212461,6.876522026,7.274577224,467,9,3,5,17,495,9,4,8,21,484,516,83,41,78,20
34,1000,40,5.13,10.3,18,37,30,951,25,12,12,49,7.805963675,124,107,11.09820118,10.42774233,7.387577088,8.261035516,501,10,6,4,20,450,15,6,8,29,521,479,66,41,92,32
39,1000,40,5.13,10.3,18,37,22,948,27,9,16,52,7.694540987,110,98,10.73401334,10.29092896,7.042091008,8.362839953,487,11,5,3,19,461,16,4,13,33,506,494,68,30,82,28
38,1000,40,5.13,10.3,18,37,23,952,18,14,16,48,7.696638548,116,108,10.92317981,10.46101228,7.142060974,8.221005671,472,7,3,4,14,480,11,11,12,34,486,514,78,30,95,21
37,1000,40,5.13,10.3,18,37,24,953,26,9,12,47,7.530585882,107,110,10.89805883,10.46435171,7.053905028,7.992253166,478,8,3,3,14,475,18,6,9,33,492,508,78,32,87,20
35,1000,40,5.13,10.3,18,37,30,945,34,6,15,55,7.857874984,92,117,11.03943786,10.33855425,7.441399786,8.307252588,494,14,4,7,25,451,20,2,8,30,519,481,79,38,73,19
33,1000,40,5.13,10.3,18,37,32,963,23,9,5,37,7.460655214,119,110,11.29623667,11.00859382,7.263574516,7.664960865,494,10,4,1,15,469,13,5,4,22,509,491,81,29,84,35
36,1000,40,5.13,10.3,18,37,27,962,17,8,13,38,7.102044039,119,122,11.38527372,10.43664683,6.903985813,7.287819585,467,9,3,5,17,495,8,5,8,21,484,516,86,36,90,29
34,1000,40,5.13,10.3,18,37,31,950,26,12,12,50,7.838850028,102,106,11.16254057,10.52966349,7.445989348,8.266157783,500,11,6,4,21,450,15,6,8,29,521,479,65,41,74,28
32,1000,40,5.13,10.3,18,37,73,965,21,10,4,35,7.942394905,174,148,17.75636878,17.71048882,8.98174356,6.923627412,466,15,10,4,29,499,6,0,0,6,495,505,128,20,157,17
39,1000,40,5.13,10.3,18,37,23,947,28,10,15,53,7.702392989,98,105,10.79819446,10.36123462,7.075328494,8.34468982,487,11,5,3,19,460,17,5,12,34,506,494,73,32,72,26
37,1000,40,5.13,10.3,18,37,25,954,25,9,12,46,7.502132812,113,107,10.95478069,10.54278326,7.085257078,7.905878601,477,9,3,3,15,477,16,6,9,31,492,508,71,36,94,19
38,1000,40,5.13,10.3,18,37,24,951,19,14,16,49,7.699128806,112,124,10.991114,10.53580223,7.141404032,8.226471687,472,7,3,4,14,479,12,11,12,35,486,514,77,47,89,23
35,1000,40,5.13,10.3,18,37,31,946,33,7,14,54,7.890177374,105,105,11.09883968,10.39915574,7.493351108,8.318353739,494,15,4,6,25,452,18,3,8,29,519,481,76,29,76,29
33,1000,40,5.13,10.3,18,37,33,963,23,9,5,37,7.479823119,113,118,11.39157736,11.10904021,7.311516157,7.654300194,493,11,4,1,16,470,12,5,4,21,509,491,79,39,83,30
36,1000,40,5.13,10.3,18,37,28,961,17,10,12,39,7.111099579,107,119,11.48044884,10.53751578,6.933105315,7.278055438,467,8,4,5,17,494,9,6,7,22,484,516,85,34,94,13
34,1000,40,5.13,10.3,18,37,32,951,26,12,11,49,7.845206513,125,117,11.22909595,10.65611879,7.463142743,8.260770655,501,11,6,3,20,450,15,6,8,29,521,479,76,41,89,36
32,1000,40,5.13,10.3,18,37,74,964,22,10,4,36,7.972545356,176,163,18.11534317,18.17723575,9.065476561,6.901256353,465,16,10,4,30,499,6,0,0,6,495,505,141,22,161,15
39,1000,40,5.13,10.3,18,37,24,948,28,9,15,52,7.744256825,97,101,10.86388716,10.42136498,7.141302589,8.361857724,487,11,5,3,19,461,17,4,12,33,506,494,61,40,67,30
37,1000,40,5.13,10.3,18,37,26,955,25,9,11,45,7.492884185,106,98,11.02261053,10.61791526,7.126650367,7.84758308,477,9,3,3,15,478,16,6,8,30,492,508,67,31,82,24
38,1000,40,5.13,10.3,18,37,25,952,18,14,16,48,7.685667349,125,140,11.05630157,10.60634481,7.150863286,8.191338117,472,7,3,4,14,480,11,11,12,34,486,514,95,45,101,24
35,1000,40,5.13,10.3,18,37,32,946,33,7,14,54,7.921260764,104,109,11.1493107,10.48069411,7.549801386,8.322066204,494,15,4,6,25,452,18,3,8,29,519,481,75,34,76,28
33,1000,40,5.13,10.3,18,37,34,962,24,9,5,38,7.50657861,117,129,11.47139921,11.22229749,7.36966542,7.64851102,492,12,4,1,17,470,12,5,4,21,509,491,92,37,85,32
36,1000,40,5.13,10.3,18,37,29,961,17,10,12,39,7.124134371,96,119,11.55195869,10.61820415,6.994991663,7.245268228,467,8,4,5,17,494,9,6,7,22,484,516,74,45,76,20
34,1000,40,5.13,10.3,18,37,33,951,26,12,11,49,7.856237702,107,105,11.30770579,10.77007404,7.476537536,8.269230994,501,11,6,3,20,450,15,6,8,29,521,479,73,32,79,28
32,1000,40,5.13,10.3,18,37,75,963,23,10,4,37,7.995879196,189,184,18.34409134,18.37946503,9.157225191,6.857530151,465,16,10,4,30,498,7,0,0,7,495,505,162,22,171,18
39,1000,40,5.13,10.3,18,37,25,949,28,8,15,51,7.744836327,116,101,10.90305433,10.52929368,7.174791921,8.328727965,487,11,5,3,19,462,17,3,12,32,506,494,63,38,89,27
37,1000,40,5.13,10.3,18,37,27,955,25,9,11,45,7.50424697,109,125,11.09287243,10.71735571,7.124534688,7.87199981,477,9,3,3,15,478,16,6,8,30,492,508,87,38,89,20
38,1000,40,5.13,10.3,18,37,26,949,21,14,16,51,7.75262606,125,109,11.13317779,10.69117655,7.200371555,8.274796663,471,8,3,4,15,478,13,11,12,36,486,514,70,39,96,29
35,1000,40,5.13,10.3,18,37,33,945,34,7,14,55,7.967872605,111,106,11.22823836,10.55212915,7.564876198,8.402706566,494,15,4,6,25,451,19,3,8,30,519,481,74,32,87,24
33,1000,40,5.13,10.3,18,37,35,961,25,9,5,39,7.548310238,121,129,11.52624142,11.2988508,7.413332721,7.688236014,492,12,4,1,17,469,13,5,4,22,509,491,80,49,101,20
36,1000,40,5.13,10.3,18,37,30,961,19,10,10,39,7.131261576,115,112,11.62796689,10.72270202,7.05205591,7.205555262,467,8,4,5,17,494,11,6,5,22,484,516,82,30,85,30
34,1000,40,5.13,10.3,18,37,34,951,26,12,11,49,7.906304426,102,115,11.35010498,10.83578696,7.537712806,8.307215144,501,11,6,3,20,450,15,6,8,29,521,479,77,38,87,15
39,1000,40,5.13,10.3,18,37,26,950,26,8,16,50,7.765497268,107,134,10.95912543,10.60763298,7.243277396,8.300402642,487,11,4,4,19,463,15,4,12,31,506,494,79,55,90,17
32,1000,40,5.13,10.3,18,37,76,962,24,10,4,38,7.996279473,162,194,18.75375723,19.00685051,9.191795899,6.82443664,465,16,10,4,30,497,8,0,0,8,495,505,169,25,148,14
37,1000,40,5.13,10.3,18,37,28,956,25,8,11,44,7.517172483,125,109,11.14564852,10.78389683,7.204234932,7.820253733,477,9,3,3,15,479,16,5,8,29,492,508,73,36,95,30
35,1000,40,5.13,10.3,18,37,34,945,34,7,14,55,8.008483258,124,119,11.28274713,10.62652793,7.628425654,8.418566203,494,15,4,6,25,451,19,3,8,30,519,481,82,37,91,33
38,1000,40,5.13,10.3,18,37,27,951,20,13,16,49,7.770499629,106,136,11.18507459,10.77097624,7.275072211,8.238938784,471,8,3,4,15,480,12,10,12,34,486,514,100,36,87,19
33,1000,40,5.13,10.3,18,37,36,961,25,9,5,39,7.541922325,111,129,11.62220749,11.43985524,7.424981826,7.663149849,492,12,4,1,17,469,13,5,4,22,509,491,88,41,89,22
36,1000,40,5.13,10.3,18,37,31,963,18,9,10,37,7.140334855,118,110,11.70075186,10.79466826,7.099493355,7.178643548,467,8,4,5,17,496,10,5,5,20,484,516,75,35,92,26
34,1000,40,5.13,10.3,18,37,35,951,26,12,11,49,7.921673458,117,113,11.39320077,10.90026799,7.568897841,8.305381384,501,11,6,3,20,450,15,6,8,29,521,479,80,33,92,25
39,1000,40,5.13,10.3,18,37,27,950,27,8,15,50,7.771911354,112,113,11.00804889,10.64581579,7.290406914,8.265112259,487,11,4,4,19,463,16,4,11,31,506,494,80,33,80,32
37,1000,40,5.13,10.3,18,37,29,955,26,8,11,45,7.542543632,105,123,11.19809209,10.89393302,7.217139536,7.857698779,476,10,3,3,16,479,16,5,8,29,492,508,86,37,93,12
35,1000,40,5.13,10.3,18,37,35,943,36,7,14,57,8.032869524,105,121,11.34048439,10.67509081,7.634442493,8.462773119,494,15,4,6,25,449,21,3,8,32,519,481,85,36,82,23
32,1000,40,5.13,10.3,18,37,77,962,24,10,4,38,8.008756602,180,188,18.97936524,19.24082309,9.217011612,6.824427434,465,16,10,4,30,497,8,0,0,8,495,505,158,30,161,19
38,1000,40,5.13,10.3,18,37,28,951,19,13,17,49,7.812393168,115,128,11.22114785,10.80115343,7.325036377,8.27320134,471,8,3,4,15,480,11,10,13,34,486,514,86,42,91,24
33,1000,40,5.13,10.3,18,37,37,962,23,10,5,38,7.550365167,120,117,11.73874947,11.62930747,7.42850414,7.676693605,493,11,4,1,16,469,12,6,4,22,509,491,77,40,93,27
36,1000,40,5.13,10.3,18,37,32,962,18,9,11,38,7.195942339,108,99,11.90190623,10.98197519,7.174077486,7.216451232,467,8,4,5,17,495,10,5,6,21,484,516,73,26,94,14
34,1000,40,5.13,10.3,18,37,36,952,25,13,10,48,7.915215024,130,108,11.46344935,10.98439065,7.611118413,8.245975639,502,10,6,3,19,450,15,7,7,29,521,479,79,29,102,28
39,1000,40,5.13,10.3,18,37,28,949,28,7,16,51,7.812772011,109,114,11.04092659,10.70935424,7.364819523,8.271605936,486,12,3,5,20,463,16,4,11,31,506,494,84,30,80,29
37,1000,40,5.13,10.3,18,37,30,953,28,8,11,47,7.587406122,127,106,11.22774067,10.97167021,7.272294247,7.892593214,475,11,3,3,17,478,17,5,8,30,492,508,68,38,104,23
35,1000,40,5.13,10.3,18,37,36,944,35,7,14,56,8.06634192,113,113,11.39126687,10.71931332,7.661277484,8.503407288,494,15,4,6,25,450,20,3,8,31,519,481,79,34,89,24
33,1000,40,5.13,10.3,18,37,38,963,22,9,6,37,7.582179537,103,109,11.8398856,11.74579384,7.48721762,7.680622746,493,11,3,2,16,470,11,6,4,21,509,491,81,28,79,24
38,1000,40,5.13,10.3,18,37,29,949,22,13,16,51,7.833533968,106,140,11.27757685,10.85794395,7.373014743,8.268966543,470,9,3,4,16,479,13,10,12,35,486,514,99,41,90,16
36,1000,40,5.13,10.3,18,37,33,962,18,9,11,38,7.21165296,110,129,12.05001263,11.13438571,7.210912779,7.212347237,467,8,4,5,17,495,10,5,6,21,484,516,93,36,94,16
32,1000,40,5.13,10.3,18,37,78,960,26,10,4,40,8.047469502,168,183,19.39943895,19.7591543,9.283168666,6.836239627,464,17,10,4,31,496,9,0,0,9,495,505,163,20,156,12
34,1000,40,5.13,10.3,18,37,37,954,23,13,10,46,7.936397045,114,123,11.53473891,11.05984593,7.654405973,8.243113849,502,10,6,3,19,452,13,7,7,27,521,479,85,38,90,24
39,1000,40,5.13,10.3,18,37,29,949,29,7,15,51,7.798592767,121,108,11.10761284,10.79319401,7.40553577,8.201197708,486,12,3,5,20,463,17,4,10,31,506,494,79,29,104,17
37,1000,40,5.13,10.3,18,37,31,954,27,8,11,46,7.590323339,107,114,11.31357717,11.12783687,7.26008158,7.910163783,476,10,3,3,16,478,17,5,8,30,492,508,80,34,82,25
35,1000,40,5.13,10.3,18,37,37,946,33,8,13,54,8.055967242,113,120,11.45838013,10.79417034,7.689033077,8.45188997,495,15,4,5,24,451,18,4,8,30,519,481,88,32,90,23
33,1000,40,5.13,10.3,18,37,39,963,22,9,6,37,7.618947903,114,118,11.90767398,11.86481346,7.541772137,7.698952923,493,11,3,2,16,470,11,6,4,21,509,491,85,33,93,21
36,1000,40,5.13,10.3,18,37,34,962,19,9,10,38,7.207188995,112,117,12.14650877,11.24612753,7.232099917,7.183822936,466,9,4,5,18,496,10,5,5,20,484,516,83,34,87,25
38,1000,40,5.13,10.3,18,37,30,949,22,13,16,51,7.87401205,114,118,11.32475345,10.96272487,7.463199494,8.262445713,470,9,3,4,16,479,13,10,12,35,486,514,82,36,88,26
34,1000,40,5.13,10.3,18,37,38,954,23,13,10,46,7.952095336,132,131,11.61385681,11.13074356,7.700890891,8.225326058,502,10,6,3,19,452,13,7,7,27,521,479,98,33,102,30
32,1000,40,5.13,10.3,18,37,79,961,25,10,4,39,8.049232664,197,175,19.76914455,20.22128295,9.340170843,6.783857617,464,17,10,4,31,497,8,0,0,8,495,505,155,20,177,20
39,1000,40,5.13,10.3,18,37,30,949,30,8,13,51,7.782398825,114,109,11.15975148,10.88416137,7.4182537,8.15538958,485,13,3,5,21,464,17,5,8,30,506,494,82,27,86,28
37,1000,40,5.13,10.3,18,37,32,955,26,9,10,45,7.582868526,122,144,11.41475811,11.24339488,7.269628489,7.886242735,476,10,3,3,16,479,16,6,7,29,492,508,96,48,98,24
35,1000,40,5.13,10.3,18,37,38,946,33,8,13,54,8.065619666,113,118,11.55527147,10.87322817,7.727776192,8.430153478,495,15,4,5,24,451,18,4,8,30,519,481,78,40,85,28
33,1000,40,5.13,10.3,18,37,40,961,24,9,6,39,7.64821313,119,119,12.01663777,12.0088214,7.604937327,7.693075418,491,13,3,2,18,470,11,6,4,21,509,491,92,27,98,21
36,1000,40,5.13,10.3,18,37,35,962,19,9,10,38,7.256037355,124,122,12.21780241,11.31586185,7.289154854,7.224973654,466,9,4,5,18,496,10,5,5,20,484,516,88,34,101,23
38,1000,40,5.13,10.3,18,37,31,947,23,14,16,53,7.886834016,101,127,11.37547289,11.01341929,7.473979871,8.277198051,469,9,4,4,17,478,14,10,12,36,486,514,92,35,82,19
34,1000,40,5.13,10.3,18,37,39,954,24,11,11,46,7.959089702,109,131,11.69195343,11.23670885,7.740163554,8.197211879,501,11,5,4,20,453,13,6,7,26,521,479,90,41,88,21
32,1000,40,5.13,10.3,18,37,80,960,26,10,4,40,8.067709011,167,183,20.41883438,20.94582389,9.370671748,6.790547516,464,17,10,4,31,496,9,0,0,9,495,505,158,25,157,10
37,1000,40,5.13,10.3,18,37,33,955,26,9,10,45,7.565868343,126,102,11.50474241,11.35892273,7.288627424,7.834377265,474,12,3,3,18,481,14,6,7,27,492,508,74,28,100,26
39,1000,40,5.13,10.3,18,37,31,949,31,9,11,51,7.784466953,103,108,11.24571555,10.96313537,7.471109474,8.105436353,484,14,3,5,22,465,17,6,6,29,506,494,68,40,86,17
35,1000,40,5.13,10.3,18,37,39,946,33,7,14,54,8.065663773,124,117,11.6366725,10.97789771,7.745657082,8.410951658,495,15,4,5,24,451,18,3,9,30,519,481,83,34,100,24
33,1000,40,5.13,10.3,18,37,41,961,23,10,6,39,7.645674439,122,115,12.10263295,12.1251273,7.602472531,7.690460125,490,13,4,2,19,471,10,6,4,20,509,491,79,36,98,24
36,1000,40,5.13,10.3,18,37,36,964,18,8,10,36,7.267958088,112,123,12.31664445,11.4226568,7.324684925,7.214749193,466,9,4,5,18,498,9,4,5,18,484,516,88,35,87,25
38,1000,40,5.13,10.3,18,37,32,948,23,13,16,52,7.938774636,117,130,11.45675866,11.12256327,7.591757597,8.266888023,469,9,4,4,17,479,14,9,12,35,486,514,77,53,94,23
34,1000,40,5.13,10.3,18,37,40,954,24,11,11,46,7.973433432,103,135,11.77655289,11.3158148,7.780580179,8.183196573,501,11,5,4,20,453,13,6,7,26,521,479,102,33,80,23
32,1000,40,5.13,10.3,18,37,81,959,26,11,4,41,8.092486922,178,191,21.3553468,22.27439547,9.446829726,6.764962787,463,17,11,4,32,496,9,0,0,9,495,505,172,19,163,15
37,1000,40,5.13,10.3,18,37,34,954,26,10,10,46,7.600362357,110,110,11.57210975,11.47455818,7.327727699,7.864410096,474,12,3,3,18,480,14,7,7,28,492,508,83,27,87,23
39,1000,40,5.13,10.3,18,37,32,950,29,10,11,50,7.796536793,116,112,11.307221,11.04532198,7.529741792,8.069812643,484,13,4,5,22,466,16,6,6,28,506,494,74,38,94,22
35,1000,40,5.13,10.3,18,37,40,947,35,8,10,53,8.067129387,115,123,11.73778078,11.05614837,7.789116048,8.367106358,495,15,4,5,24,452,20,4,5,29,519,481,86,37,81,34
33,1000,40,5.13,10.3,18,37,42,960,24,10,6,40,7.681897206,107,141,12.23076096,12.27557924,7.662520046,7.70198473,489,14,4,2,20,471,10,6,4,20,509,491,102,39,87,20
36,1000,40,5.13,10.3,18,37,37,963,19,8,10,37,7.277206618,121,129,12.43319608,11.58845982,7.382643311,7.178308634,466,9,4,5,18,497,10,4,5,19,484,516,98,31,97,24
38,1000,40,5.13,10.3,18,37,33,949,25,12,14,51,7.91181628,103,123,11.5269734,11.22676099,7.633724932,8.174758684,468,10,4,4,18,481,15,8,10,33,486,514,82,41,86,17
34,1000,40,5.13,10.3,18,37,41,954,24,11,11,46,7.985799064,109,130,11.8406996,11.41994977,7.832363736,8.152688011,501,11,5,4,20,453,13,6,7,26,521,479,89,41,92,17
32,1000,40,5.13,10.3,18,37,82,959,25,13,3,41,8.079737886,176,226,22.06336883,23.09905123,9.454110006,6.732581055,463,17,12,3,32,496,8,1,0,9,495,505,197,29,164,12
37,1000,40,5.13,10.3,18,37,35,953,26,11,10,47,7.648300836,114,132,11.67051106,11.55862537,7.413794788,7.875420867,473,12,4,3,19,480,14,7,7,28,492,508,96,36,98,16
39,1000,40,5.13,10.3,18,37,33,951,28,10,11,49,7.813149355,127,116,11.3830531,11.15175713,7.611161245,8.020044058,484,13,4,5,22,467,15,6,6,27,506,494,74,42,98,29
35,1000,40,5.13,10.3,18,37,41,948,32,10,10,52,8.076244412,124,149,11.81472848,11.14721968,7.811476426,8.361929619,495,14,5,5,24,453,18,5,5,28,519,481,117,32,104,20
33,1000,40,5.13,10.3,18,37,43,959,25,10,6,41,7.718127757,123,123,12.35307205,12.3840899,7.707061778,7.729599413,488,15,4,2,21,471,10,6,4,20,509,491,86,37,106,17
36,1000,40,5.13,10.3,18,37,38,963,19,8,10,37,7.298767055,119,131,12.63043208,11.77213129,7.401016891,7.202858295,466,9,4,5,18,497,10,4,5,19,484,516,95,36,101,18
34,1000,40,5.13,10.3,18,37,42,955,23,11,11,45,7.984930933,146,107,11.96848161,11.59582233,7.883762752,8.094969811,501,11,5,4,20,454,12,6,7,25,521,479,73,34,119,27
38,1000,40,5.13,10.3,18,37,34,947,26,13,14,53,7.919262771,108,117,11.58266543,11.31085428,7.639515574,8.183770821,468,10,4,4,18,479,16,9,10,35,486,514,77,40,91,17
37,1000,40,5.13,10.3,18,37,36,953,26,11,10,47,7.642064856,121,124,11.69948961,11.62866471,7.445253937,7.832677005,473,12,4,3,19,480,14,7,7,28,492,508,100,24,99,22
32,1000,40,5.13,10.3,18,37,83,959,25,13,3,41,8.097039051,184,204,22.5177792,23.52688071,9.480396729,6.741074594,463,17,12,3,32,496,8,1,0,9,495,505,183,21,174,10
39,1000,40,5.13,10.3,18,37,34,952,27,10,11,48,7.790001081,126,117,11.46506846,11.25532837,7.619339499,7.964808288,484,13,4,5,22,468,14,6,6,26,506,494,85,32,101,25
33,1000,40,5.13,10.3,18,37,44,959,26,10,5,41,7.763198479,130,116,12.45509781,12.48995285,7.797186967,7.727963976,487,16,4,2,22,472,10,6,3,19,509,491,100,16,108,22
35,1000,40,5.13,10.3,18,37,42,948,32,10,10,52,8.070837296,104,127,11.87408664,11.22459877,7.858062537,8.300421703,494,15,5,5,25,454,17,5,5,27,519,481,87,40,83,21
36,1000,40,5.13,10.3,18,37,39,965,19,6,10,35,7.298918689,126,153,12.768669,11.89443211,7.410592527,7.194170361,468,9,2,5,16,497,10,4,5,19,484,516,111,42,103,23
34,1000,40,5.13,10.3,18,37,43,954,23,12,11,46,7.988528862,117,127,12.04683897,11.69803092,7.932256267,8.049735588,500,11,6,4,21,454,12,6,7,25,521,479,96,31,92,25
38,1000,40,5.13,10.3,18,37,35,946,27,14,13,54,7.91706243,109,110,11.6399962,11.38054892,7.659167706,8.160908414,468,10,4,4,18,478,17,10,9,36,486,514,76,34,90,19
37,1000,40,5.13,10.3,18,37,37,953,26,11,10,47,7.66111302,133,121,11.80174314,11.74046131,7.479130847,7.837363472,473,12,4,3,19,480,14,7,7,28,492,508,91,30,116,17
33,1000,40,5.13,10.3,18,37,45,961,24,11,4,39,7.757151196,129,133,12.56065236,12.64333526,7.8223849,7.689526032,487,15,5,2,22,474,9,6,2,17,509,491,101,32,98,31
35,1000,40,5.13,10.3,18,37,43,947,31,11,11,53,8.075992506,117,111,11.96523961,11.33194894,7.853131392,8.316460111,494,15,5,5,25,453,16,6,6,28,519,481,87,24,91,26
39,1000,40,5.13,10.3,18,37,35,953,27,10,10,47,7.784939423,121,139,11.5479688,11.34970947,7.640117319,7.933279473,484,13,4,5,22,469,14,6,5,25,506,494,103,36,94,27
32,1000,40,5.13,10.3,18,37,84,960,25,12,3,40,8.081236117,193,216,23.2706488,24.25121068,9.473797912,6.716249803,464,17,11,3,31,496,8,1,0,9,495,505,191,25,172,21
36,1000,40,5.13,10.3,18,37,40,965,19,6,10,35,7.311508496,144,135,12.90644322,12.04859694,7.469789444,7.163043421,468,9,2,5,16,497,10,4,5,19,484,516,103,32,123,21
34,1000,40,5.13,10.3,18,37,44,953,23,13,11,47,8.01123723,123,121,12.15826285,11.85465425,7.957929789,8.06921881,499,11,7,4,22,454,12,6,7,25,521,479,90,31,92,31
38,1000,40,5.13,10.3,18,37,36,946,26,15,13,54,7.90194162,130,114,11.71792345,11.47989056,7.646463867,8.143502297,467,10,5,4,19,479,16,10,9,35,486,514,81,33,107,23
37,1000,40,5.13,10.3,18,37,38,952,27,11,10,48,7.681207719,111,110,11.88964343,11.84547092,7.497536557,7.859093962,472,13,4,3,20,480,14,7,7,28,492,508,75,35,96,15
33,1000,40,5.13,10.3,18,37,46,961,24,10,5,39,7.791211972,125,121,12.67488544,12.81436789,7.853346616,7.72679948,487,15,5,2,22,474,9,5,3,17,509,491,85,36,95,30
35,1000,40,5.13,10.3,18,37,44,948,30,11,11,52,8.115030659,110,120,12.01545042,11.38790441,7.948675759,8.294527943,494,15,5,5,25,454,15,6,6,27,519,481,90,30,89,21
39,1000,40,5.13,10.3,18,37,36,955,26,9,10,45,7.814586464,128,138,11.60807305,11.44654952,7.711360516,7.920319925,484,13,4,5,22,471,13,5,5,23,506,494,98,40,101,27
36,1000,40,5.13,10.3,18,37,41,965,19,6,10,35,7.342867717,132,140,13.05463189,12.1873819,7.53945587,7.158471077,468,9,2,5,16,497,10,4,5,19,484,516,107,33,112,20
32,1000,40,5.13,10.3,18,37,85,960,25,11,4,40,8.067154343,212,180,23.86428629,24.8507027,9.49965379,6.663021221,464,17,10,4,31,496,8,1,0,9,495,505,161,19,193,19
34,1000,40,5.13,10.3,18,37,45,954,23,12,11,46,8.038902573,122,110,12.30937476,12.0108067,7.999777203,8.081458559,499,11,7,4,22,455,12,5,7,24,521,479,82,28,94,28
38,1000,40,5.13,10.3,18,37,37,947,26,15,12,53,7.898819912,116,152,11.76785993,11.53834904,7.688696053,8.097497335,467,10,5,4,19,480,16,10,8,34,486,514,113,39,103,13
37,1000,40,5.13,10.3,18,37,39,953,27,11,9,47,7.695308414,122,149,12.02669773,11.93142053,7.556174863,7.830059806,472,13,4,3,20,481,14,7,6,27,492,508,99,50,106,16
33,1000,40,5.13,10.3,18,37,47,963,22,10,5,37,7.783846909,140,133,12.77112471,12.95438254,7.855369115,7.709702708,487,15,5,2,22,476,7,5,3,15,509,491,100,33,107,33
35,1000,40,5.13,10.3,18,37,45,947,31,11,11,53,8.141837361,107,114,12.10351511,11.49476585,8.002727383,8.291937318,493,16,5,5,26,454,15,6,6,27,519,481,85,29,84,23
39,1000,40,5.13,10.3,18,37,37,953,28,9,10,47,7.846207676,127,125,11.70046964,11.54958236,7.765149432,7.929234947,483,14,4,5,23,470,14,5,5,24,506,494,89,36,94,33
36,1000,40,5.13,10.3,18,37,42,965,20,5,10,35,7.376402586,118,135,13.16537943,12.30939881,7.618837874,7.149002044,468,10,1,5,16,497,10,4,5,19,484,516,108,27,89,29
34,1000,40,5.13,10.3,18,37,46,952,24,13,11,48,8.064314906,141,102,12.47576799,12.18212004,8.073720551,8.054084548,498,12,7,4,23,454,12,6,7,25,521,479,74,28,117,24
32,1000,40,5.13,10.3,18,37,86,961,24,11,4,39,8.068520588,214,207,24.71588811,25.57984257,9.538691483,6.627461987,464,17,10,4,31,497,7,1,0,8,495,505,191,16,198,16
38,1000,40,5.13,10.3,18,37,38,947,27,14,12,53,7.915851562,124,128,11.82904643,11.59625721,7.742220356,8.080024258,466,11,5,4,20,481,16,9,8,33,486,514,97,31,97,27
37,1000,40,5.13,10.3,18,37,40,954,25,12,9,46,7.711451358,118,151,12.12227686,12.01914732,7.614541481,7.805308955,472,12,5,3,20,482,13,7,6,26,492,508,107,44,97,21
33,1000,40,5.13,10.3,18,37,48,960,25,10,5,40,7.853037042,130,142,12.88410094,13.09981385,7.915415549,7.788371746,486,16,5,2,23,474,9,5,3,17,509,491,106,36,114,16
35,1000,40,5.13,10.3,18,37,46,948,30,11,11,52,8.150371541,124,120,12.2006804,11.58931057,8.015312352,8.296100686,493,16,5,5,26,455,14,6,6,26,519,481,98,22,98,26
36,1000,40,5.13,10.3,18,37,43,965,20,5,10,35,7.398697564,122,131,13.26646604,12.43968954,7.625726305,7.185748125,468,10,1,5,16,497,10,4,5,19,484,516,103,28,98,24
39,1000,40,5.13,10.3,18,37,38,954,28,8,10,46,7.87012008,115,122,11.79720062,11.64184179,7.819444219,7.922026933,483,14,4,5,23,471,14,4,5,23,506,494,86,36,92,23
34,1000,40,5.13,10.3,18,37,47,953,24,13,10,47,8.069980529,129,128,12.58724888,12.32272463,8.130195674,8.00448556,496,13,8,4,25,457,11,5,6,22,521,479,98,30,110,19
38,1000,40,5.13,10.3,18,37,39,946,28,14,12,54,7.939257018,133,122,11.928293,11.6793693,7.791477583,8.078986211,465,12,5,4,21,481,16,9,8,33,486,514,90,32,103,30
32,1000,40,5.13,10.3,18,37,87,961,24,11,4,39,8.084331337,203,222,25.53649977,26.36687692,9.589071405,6.609388101,464,17,10,4,31,497,7,1,0,8,495,505,197,25,186,17
37,1000,40,5.13,10.3,18,37,41,953,25,13,9,47,7.721276152,119,128,12.23539304,12.14274432,7.673207283,7.767831042,471,12,6,3,21,482,13,7,6,26,492,508,106,22,106,13
33,1000,40,5.13,10.3,18,37,49,961,25,9,5,39,7.863555234,113,126,13.01583333,13.26954478,7.949229521,7.774740139,486,16,5,2,23,475,9,4,3,16,509,491,100,26,87,26
35,1000,40,5.13,10.3,18,37,47,949,29,11,11,51,8.164355173,132,134,12.29570795,11.70325341,8.061869079,8.274937882,493,16,5,5,26,456,13,6,6,25,519,481,93,41,111,21
36,1000,40,5.13,10.3,18,37,44,963,22,5,10,37,7.448391279,135,122,13.4093207,12.57423182,7.74142483,7.173530352,466,12,1,5,18,497,10,4,5,19,484,516,94,28,114,21
39,1000,40,5.13,10.3,18,37,39,957,25,8,10,43,7.871684229,117,123,11.83527551,11.70782265,7.854795765,7.888982938,483,13,4,6,23,474,12,4,4,20,506,494,91,32,93,24
34,1000,40,5.13,10.3,18,37,48,950,27,13,10,50,8.117227079,129,136,12.68026446,12.43054682,8.171090103,8.058641201,495,14,8,4,26,455,13,5,6,24,521,479,100,36,113,16
38,1000,40,5.13,10.3,18,37,40,946,29,13,12,54,7.955608653,132,112,12.04992567,11.79796896,7.824475962,8.079597929,464,13,5,4,22,482,16,8,8,32,486,514,87,25,115,17
32,1000,40,5.13,10.3,18,37,88,961,25,10,4,39,8.093918868,206,211,26.20865935,27.01396837,9.630908679,6.587364499,463,18,10,4,32,498,7,0,0,7,495,505,191,20,192,14
37,1000,40,5.13,10.3,18,37,42,954,25,12,9,46,7.694769055,121,137,12.32878727,12.2596028,7.678839543,7.71019685,471,12,6,3,21,483,13,6,6,25,492,508,104,33,97,24
33,1000,40,5.13,10.3,18,37,50,962,25,8,5,38,7.891389184,120,131,13.14490583,13.40378909,7.991495084,7.787613413,486,16,5,2,23,476,9,3,3,15,509,491,102,29,104,16
35,1000,40,5.13,10.3,18,37,48,949,29,10,12,51,8.209863354,122,134,12.39909596,11.83041875,8.164733742,8.2585583,492,17,4,6,27,457,12,6,6,24,519,481,96,38,99,23
36,1000,40,5.13,10.3,18,37,45,962,22,6,10,38,7.518839285,116,109,13.55885185,12.73692335,7.812406589,7.243477706,466,12,1,5,18,496,10,5,5,20,484,516,86,23,95,21
39,1000,40,5.13,10.3,18,37,40,956,26,8,10,44,7.885494346,112,135,11.90702838,11.79032895,7.912181938,7.858158472,481,15,4,6,25,475,11,4,4,19,506,494,100,35,93,19
34,1000,40,5.13,10.3,18,37,49,951,26,15,8,49,8.128553761,133,134,12.8424264,12.57698019,8.211664038,8.038156153,494,14,9,4,27,457,12,6,4,22,521,479,100,34,110,23
38,1000,40,5.13,10.3,18,37,41,947,29,12,12,53,7.959511214,127,127,12.1470449,11.9449301,7.858179857,8.055322575,464,13,5,4,22,483,16,7,8,31,486,514,90,37,109,18
32,1000,40,5.13,10.3,18,37,89,961,25,10,4,39,8.077017874,240,211,27.18584464,28.02376081,9.654251195,6.531016895,462,19,10,4,33,499,6,0,0,6,495,505,190,21,224,16
37,1000,40,5.13,10.3,18,37,43,954,25,12,9,46,7.71435195,117,121,12.3970946,12.32087321,7.707130499,7.721345954,471,12,6,3,21,483,13,6,6,25,492,508,85,36,101,16
33,1000,40,5.13,10.3,18,37,51,964,24,9,3,36,7.816801522,132,137,13.24841597,13.52981284,7.992259593,7.634911179,486,17,5,1,23,478,7,4,2,13,509,491,113,24,100,32
35,1000,40,5.13,10.3,18,37,49,948,29,10,13,52,8.22199469,107,138,12.50790861,11.9680894,8.170341474,8.277728617,492,17,4,6,27,456,12,6,7,25,519,481,102,36,91,16
36,1000,40,5.13,10.3,18,37,46,962,21,7,10,38,7.563567369,116,139,13.61810683,12.80141393,7.880074677,7.266688421,466,11,2,5,18,496,10,5,5,20,484,516,104,35,99,17
39,1000,40,5.13,10.3,18,37,41,955,27,8,10,45,7.932956055,110,123,12.00838075,11.87054891,7.975287711,7.8895961,480,16,4,6,26,475,11,4,4,19,506,494,82,41,93,17
34,1000,40,5.13,10.3,18,37,50,951,26,15,8,49,8.147867319,120,130,12.96469616,12.72783106,8.253104783,8.033402352,494,14,9,4,27,457,12,6,4,22,521,479,95,35,103,17
38,1000,40,5.13,10.3,18,37,42,949,28,11,12,51,7.973897083,122,125,12.21204793,12.00770951,7.88868588,8.054466431,464,13,5,4,22,485,15,6,8,29,486,514,92,33,96,26
37,1000,40,5.13,10.3,18,37,44,954,25,12,9,46,7.726048059,143,124,12.49603136,12.43254744,7.740475904,7.712074634,471,12,6,3,21,483,13,6,6,25,492,508,88,36,118,25
33,1000,40,5.13,10.3,18,37,52,964,24,9,3,36,7.815440713,116,148,13.36727256,13.66721512,8.004605064,7.619341621,486,17,5,1,23,478,7,4,2,13,509,491,118,30,96,20
32,1000,40,5.13,10.3,18,37,90,962,23,11,4,38,8.075186465,220,223,28.34896379,29.18213254,9.6916184,6.490763084,462,18,11,4,33,500,5,0,0,5,495,505,204,19,207,13
35,1000,40,5.13,10.3,18,37,50,947,29,11,13,53,8.24843412,117,131,12.59641328,12.10443555,8.200691069,8.299948971,491,17,5,6,28,456,12,6,7,25,519,481,110,21,98,19
36,1000,40,5.13,10.3,18,37,47,962,20,8,10,38,7.564291791,128,133,13.76867452,12.95255074,7.888612788,7.260083724,466,10,3,5,18,496,10,5,5,20,484,516,106,27,105,23
39,1000,40,5.13,10.3,18,37,42,955,27,7,11,45,7.975836842,108,116,12.09517457,11.97831212,8.008381042,7.942502095,480,16,4,6,26,475,11,3,5,19,506,494,91,25,90,18
34,1000,40,5.13,10.3,18,37,51,951,26,15,8,49,8.12643448,134,141,13.10808201,12.92356973,8.247351584,7.994915041,494,14,9,4,27,457,12,6,4,22,521,479,107,34,113,21
38,1000,40,5.13,10.3,18,37,43,951,28,9,12,49,7.977317096,123,141,12.30147101,12.14039037,7.928193222,8.02376496,464,13,5,4,22,487,15,4,8,27,486,514,105,36,102,21
37,1000,40,5.13,10.3,18,37,45,954,26,11,9,46,7.710747346,126,145,12.61690239,12.607554,7.743318792,7.679201772,471,12,6,3,21,483,14,5,6,25,492,508,115,30,107,19
33,1000,40,5.13,10.3,18,37,53,964,24,9,3,36,7.868913221,129,147,13.49489125,13.83565371,8.059072268,7.671782966,486,17,5,1,23,478,7,4,2,13,509,491,116,31,109,20
35,1000,40,5.13,10.3,18,37,51,947,29,11,13,53,8.292477926,141,127,12.74070661,12.29896196,8.283522042,8.302141344,491,17,5,6,28,456,12,6,7,25,519,481,100,27,119,22
36,1000,40,5.13,10.3,18,37,48,962,20,8,10,38,7.571394526,118,149,13.92487967,13.1057242,7.914962123,7.249133446,466,10,3,5,18,496,10,5,5,20,484,516,111,38,110,8
32,1000,40,5.13,10.3,18,37,91,962,23,11,4,38,8.115342743,210,228,29.38634467,30.25910359,9.745067791,6.517889479,462,18,11,4,33,500,5,0,0,5,495,505,202,26,196,14
39,1000,40,5.13,10.3,18,37,43,956,26,7,11,44,8.002527837,136,119,12.17942896,12.09630554,8.039969062,7.964177108,480,16,4,6,26,476,10,3,5,18,506,494,81,38,116,20
34,1000,40,5.13,10.3,18,37,52,952,26,14,8,48,8.134928976,149,130,13.23056685,13.07258113,8.267377785,7.9908667,494,14,9,4,27,458,12,5,4,21,521,479,106,24,124,25
38,1000,40,5.13,10.3,18,37,44,954,27,7,12,46,7.926811672,149,120,12.39684988,12.27348536,7.938108872,7.916129883,465,13,4,4,21,489,14,3,8,25,486,514,91,29,117,32
37,1000,40,5.13,10.3,18,37,46,954,26,11,9,46,7.771155773,125,130,12.73235752,12.73916592,7.805644405,7.737753397,471,12,6,3,21,483,14,5,6,25,492,508,101,29,100,25
33,1000,40,5.13,10.3,18,37,54,964,24,9,3,36,7.854949921,138,148,13.62119556,13.97884062,8.110720439,7.589802887,486,17,5,1,23,478,7,4,2,13,509,491,123,25,122,16
35,1000,40,5.13,10.3,18,37,52,947,29,11,13,53,8.316866758,139,131,12.85597632,12.40988367,8.359758466,8.270586516,491,17,5,6,28,456,12,6,7,25,519,481,103,28,114,25
36,1000,40,5.13,10.3,18,37,49,961,21,7,11,39,7.591762757,144,145,14.15450454,13.35364113,7.959749142,7.246597234,465,11,2,6,19,496,10,5,5,20,484,516,114,31,118,26
34,1000,40,5.13,10.3,18,37,53,951,27,14,8,49,8.170014134,121,137,13.4447443,13.2991916,8.320117027,8.006749819,494,14,9,4,27,457,13,5,4,22,521,479,106,31,102,19
39,1000,40,5.13,10.3,18,37,44,954,28,7,11,46,8.015510384,128,129,12.29587987,12.23181842,8.070761544,7.958917091,478,18,4,6,28,476,10,3,5,18,506,494,94,35,102,26
32,1000,40,5.13,10.3,18,37,92,961,24,11,4,39,8.093873208,205,238,30.2825863,31.12480722,9.749363763,6.471164644,462,18,11,4,33,499,6,0,0,6,495,505,215,23,196,9
38,1000,40,5.13,10.3,18,37,45,954,27,7,12,46,7.933036716,113,145,12.47084675,12.32856103,7.979680425,7.888933909,465,13,4,4,21,489,14,3,8,25,486,514,115,30,94,19
33,1000,40,5.13,10.3,18,37,55,965,23,9,3,35,7.873823897,136,113,13.79144998,14.15424916,8.169565441,7.567240504,486,17,5,1,23,479,6,4,2,12,509,491,93,20,120,16
37,1000,40,5.13,10.3,18,37,47,956,25,10,9,44,7.761151968,137,134,12.85576462,12.96105164,7.821462291,7.702741184,471,12,6,3,21,485,13,4,6,23,492,508,100,34,116,21
35,1000,40,5.13,10.3,18,37,53,947,29,11,13,53,8.332716805,114,132,12.94589982,12.48465849,8.412666099,8.246451351,490,18,5,6,29,457,11,6,7,24,519,481,97,35,96,18
36,1000,40,5.13,10.3,18,37,50,961,21,7,11,39,7.589056111,136,137,14.29081352,13.53946398,7.999012097,7.204523751,465,11,2,6,19,496,10,5,5,20,484,516,112,25,110,26
34,1000,40,5.13,10.3,18,37,54,952,27,13,8,48,8.200798933,149,125,13.57316688,13.43771876,8.404246229,7.979512835,494,14,9,4,27,458,13,4,4,21,521,479,100,25,123,26
39,1000,40,5.13,10.3,18,37,45,955,27,7,11,45,8.009325054,131,143,12.35417532,12.29615267,8.084047966,7.932787011,478,18,4,6,28,477,9,3,5,17,506,494,103,40,98,33
32,1000,40,5.13,10.3,18,37,93,960,25,11,4,40,8.112947445,236,238,31.19942268,32.10000347,9.778400135,6.480474016,461,19,11,4,34,499,6,0,0,6,495,505,211,27,218,18
38,1000,40,5.13,10.3,18,37,46,952,29,5,14,48,7.968810116,133,126,12.55322134,12.45106098,8.047997526,7.893936418,464,14,3,5,22,488,15,2,9,26,486,514,95,31,114,19
33,1000,40,5.13,10.3,18,37,56,964,24,9,3,36,7.871441844,145,139,14.03337228,14.40553537,8.172020117,7.559844408,486,17,5,1,23,478,7,4,2,13,509,491,118,21,127,18
37,1000,40,5.13,10.3,18,37,48,956,26,10,8,44,7.765600965,130,141,13.01674016,13.12262219,7.83144884,7.70182704,471,12,6,3,21,485,14,4,5,23,492,508,109,32,109,21
36,1000,40,5.13,10.3,18,37,51,962,20,7,11,38,7.578762092,139,147,14.41539938,13.69541931,8.027289081,7.15805073,465,11,2,6,19,497,9,5,5,19,484,516,122,25,124,15
35,1000,40,5.13,10.3,18,37,54,948,30,10,12,52,8.33769172,117,136,13.09583952,12.64980029,8.452802792,8.213486634,490,19,5,5,29,458,11,5,7,23,519,481,111,25,97,20
34,1000,40,5.13,10.3,18,37,55,953,26,13,8,47,8.219815836,135,149,13.82091498,13.67479281,8.45213714,7.96712398,494,14,9,4,27,459,12,4,4,20,521,479,115,34,115,20
39,1000,40,5.13,10.3,18,37,46,955,28,6,11,45,8.027258879,101,118,12.41966729,12.37060899,8.100934005,7.951794074,478,19,3,6,28,477,9,3,5,17,506,494,91,27,82,19
32,1000,40,5.13,10.3,18,37,94,960,25,11,4,40,8.116700683,248,255,32.14478078,33.03277718,9.797415464,6.469267383,461,19,11,4,34,499,6,0,0,6,495,505,233,22,232,16
38,1000,40,5.13,10.3,18,37,47,951,31,5,13,49,7.972350223,134,151,12.64735948,12.60179312,8.090481693,7.86065393,464,14,3,5,22,487,17,2,8,27,486,514,112,39,123,11
33,1000,40,5.13,10.3,18,37,57,963,25,9,3,37,7.846935903,148,148,14.23004847,14.6418119,8.192268853,7.48894309,484,18,6,1,25,479,7,3,2,12,509,491,121,27,131,17
37,1000,40,5.13,10.3,18,37,49,955,26,11,8,45,7.800135504,129,123,13.167125,13.31033707,7.856557806,7.745490284,470,13,6,3,22,485,13,5,5,23,492,508,96,27,108,21
36,1000,40,5.13,10.3,18,37,52,961,20,8,11,39,7.623862402,131,127,14.63906278,13.90615296,8.095114878,7.181834885,465,11,2,6,19,496,9,6,5,20,484,516,100,27,110,21
35,1000,40,5.13,10.3,18,37,55,948,30,10,12,52,8.345001183,121,138,13.17995604,12.77054538,8.480435867,8.198866877,490,19,5,5,29,458,11,5,7,23,519,481,109,29,105,16
34,1000,40,5.13,10.3,18,37,56,952,26,14,8,48,8.238584992,139,148,14.0377045,13.90457575,8.508063675,7.945477698,493,14,10,4,28,459,12,4,4,20,521,479,122,26,127,12
39,1000,40,5.13,10.3,18,37,47,956,27,6,11,44,8.00112362,132,133,12.50954054,12.47553793,8.109470699,7.890144629,478,19,3,6,28,478,8,3,5,16,506,494,98,35,110,22
32,1000,40,5.13,10.3,18,37,95,960,25,11,4,40,8.112530134,248,249,33.50825841,34.52004967,9.827647976,6.431375022,461,19,11,4,34,499,6,0,0,6,495,505,219,30,236,12
38,1000,40,5.13,10.3,18,37,48,950,32,5,13,50,7.984742614,154,122,12.74759908,12.73990386,8.107845039,7.868346158,464,14,3,5,22,486,18,2,8,28,486,514,98,24,125,29
37,1000,40,5.13,10.3,18,37,50,955,26,10,9,45,7.81508431,128,132,13.29407181,13.47374117,7.89915986,7.733656808,470,13,5,4,22,485,13,5,5,23,492,508,103,29,113,15
33,1000,40,5.13,10.3,18,37,58,962,26,9,3,38,7.866582314,156,142,14.43489815,14.84242507,8.246977022,7.472242382,484,18,6,1,25,478,8,3,2,13,509,491,112,30,130,26
36,1000,40,5.13,10.3,18,37,53,963,18,8,11,37,7.61703906,142,168,14.7821838,14.064327,8.1392567,7.12720701,465,11,2,6,19,498,7,6,5,18,484,516,139,29,114,28
35,1000,40,5.13,10.3,18,37,56,947,31,10,12,53,8.345378919,136,139,13.33434589,12.92372211,8.512129655,8.165454528,489,20,5,5,30,458,11,5,7,23,519,481,113,26,109,27
34,1000,40,5.13,10.3,18,37,57,952,26,14,8,48,8.262295078,154,158,14.22260789,14.11145896,8.567876749,7.929919189,493,14,10,4,28,459,12,4,4,20,521,479,124,34,130,24
39,1000,40,5.13,10.3,18,37,48,955,28,7,10,45,8.01104798,128,144,12.63454756,12.60717442,8.12286771,7.896511981,477,20,3,6,29,478,8,4,4,16,506,494,113,31,106,22
37,1000,40,5.13,10.3,18,37,51,956,24,11,9,44,7.848851198,144,133,13.38820652,13.59641917,7.941983669,7.758652034,470,12,6,4,22,486,12,5,5,22,492,508,108,25,123,21
38,1000,40,5.13,10.3,18,37,49,950,32,5,13,50,8.016599464,132,140,12.84354647,12.86697736,8.121716073,7.917209051,464,14,3,5,22,486,18,2,8,28,486,514,104,36,110,22
33,1000,40,5.13,10.3,18,37,59,963,25,9,3,37,7.900118606,141,152,14.60884141,15.07524687,8.325223903,7.459429001,484,18,6,1,25,479,7,3,2,12,509,491,121,31,121,20
32,1000,40,5.13,10.3,18,37,96,959,26,11,4,41,8.130388222,238,239,34.81187395,35.83214441,9.891438956,6.40420978,460,20,11,4,35,499,6,0,0,6,495,505,225,14,223,15
36,1000,40,5.13,10.3,18,37,54,962,19,8,11,38,7.648951666,140,142,14.98498546,14.30045193,8.20470808,7.127660766,464,12,2,6,20,498,7,6,5,18,484,516,118,24,120,20
35,1000,40,5.13,10.3,18,37,57,947,31,10,12,53,8.353720595,137,144,13.49650989,13.10000067,8.569084604,8.121342381,488,21,5,5,31,459,10,5,7,22,519,481,106,38,115,22
34,1000,40,5.13,10.3,18,37,58,953,25,14,8,47,8.2798721,141,135,14.35410797,14.21999066,8.636721593,7.89173309,493,14,10,4,28,460,11,4,4,19,521,479,106,29,125,16
39,1000,40,5.13,10.3,18,37,49,957,27,6,10,43,7.992059958,140,147,12.79420328,12.77619953,8.152962048,7.827249316,477,20,3,6,29,480,7,3,4,14,506,494,110,37,112,28
37,1000,40,5.13,10.3,18,37,52,956,23,12,9,44,7.848156017,131,137,13.5034672,13.7341112,7.970985001,7.729195663,470,12,6,4,22,486,11,6,5,22,492,508,111,26,105,26
33,1000,40,5.13,10.3,18,37,60,962,25,10,3,38,7.94447596,133,130,14.84138391,15.33889517,8.375496777,7.497653972,484,18,6,1,25,478,7,4,2,13,509,491,111,19,114,19
38,1000,40,5.13,10.3,18,37,50,950,32,5,13,50,8.015196919,146,135,12.91445547,12.94418971,8.147656405,7.889953124,464,14,3,5,22,486,18,2,8,28,486,514,109,26,123,23
32,1000,40,5.13,10.3,18,37,97,959,26,11,4,41,8.141209639,249,261,36.26893066,37.60961322,9.92829815,6.389509019,460,20,11,4,35,499,6,0,0,6,495,505,239,22,241,8
36,1000,40,5.13,10.3,18,37,55,962,19,8,11,38,7.674448822,136,133,15.19553104,14.5401733,8.282241606,7.104348613,464,12,2,6,20,498,7,6,5,18,484,516,110,23,121,15
35,1000,40,5.13,10.3,18,37,58,948,31,10,11,52,8.326378241,137,134,13.60906822,13.21712507,8.587916227,8.044178211,488,21,5,5,31,460,10,5,6,21,519,481,108,26,115,22
34,1000,40,5.13,10.3,18,37,59,953,25,14,8,47,8.283821816,147,146,14.55861509,14.4632376,8.646241816,7.889623862,493,14,10,4,28,460,11,4,4,19,521,479,119,27,126,21
39,1000,40,5.13,10.3,18,37,50,957,27,6,10,43,8.001690072,104,113,12.92467073,12.90081053,8.179486318,7.819574889,477,20,3,6,29,480,7,3,4,14,506,494,86,27,87,17
37,1000,40,5.13,10.3,18,37,53,957,23,12,8,43,7.838446033,137,127,13.71542134,13.93160232,7.978629895,7.702677412,470,13,6,3,22,487,10,6,5,21,492,508,102,25,118,19
33,1000,40,5.13,10.3,18,37,61,961,26,10,3,39,7.938822284,161,150,15.15685852,15.63359148,8.387021591,7.474192045,484,18,6,1,25,477,8,4,2,14,509,491,121,29,139,22
38,1000,40,5.13,10.3,18,37,51,953,29,6,12,47,8.021462158,123,141,13.00157451,13.08598538,8.200588721,7.852093463,464,14,3,5,22,489,15,3,7,25,486,514,99,42,105,18
36,1000,40,5.13,10.3,18,37,56,964,18,7,11,36,7.663444722,154,164,15.46429845,14.81739311,8.329157772,7.039016203,465,11,2,6,19,499,7,5,5,17,484,516,135,29,135,19
35,1000,40,5.13,10.3,18,37,59,949,30,10,11,51,8.289536997,140,137,13.74662607,13.40697534,8.598897734,7.955736119,488,21,5,5,31,461,9,5,6,20,519,481,109,28,118,22
32,1000,40,5.13,10.3,18,37,98,959,25,11,5,41,8.156978618,230,263,38.62890398,40.16267604,9.991906498,6.358385945,460,19,11,5,35,499,6,0,0,6,495,505,243,20,222,8
34,1000,40,5.13,10.3,18,37,60,954,24,13,9,46,8.300921512,152,133,14.75269592,14.64552975,8.723637757,7.841140377,493,14,9,5,28,461,10,4,4,18,521,479,106,27,138,14
39,1000,40,5.13,10.3,18,37,51,957,27,7,9,43,8.025499035,121,115,13.09253403,13.0583693,8.243726019,7.80197099,477,19,4,6,29,480,8,3,3,14,506,494,91,24,100,21
37,1000,40,5.13,10.3,18,37,54,959,22,11,8,41,7.811118481,158,137,13.90960207,14.17756607,7.949590463,7.677007822,471,12,6,3,21,488,10,5,5,20,492,508,103,34,141,17
33,1000,40,5.13,10.3,18,37,62,962,25,9,4,38,7.956346272,163,151,15.47596025,15.92717674,8.480745043,7.412723105,483,19,5,2,26,479,6,4,2,12,509,491,126,25,146,17
38,1000,40,5.13,10.3,18,37,52,954,28,6,12,46,8.026494459,131,144,13.1618126,13.2358307,8.246447225,7.818523556,464,14,3,5,22,490,14,3,7,24,486,514,115,29,113,18
36,1000,40,5.13,10.3,18,37,57,964,18,7,11,36,7.649333299,144,165,15.71800768,15.07751311,8.342078408,6.999549128,465,11,2,6,19,499,7,5,5,17,484,516,127,38,128,16
35,1000,40,5.13,10.3,18,37,60,950,29,10,11,50,8.289290646,145,136,13.90478803,13.57203409,8.615416869,7.937399773,488,21,5,5,31,462,8,5,6,19,519,481,107,29,127,18
34,1000,40,5.13,10.3,18,37,61,956,22,13,9,44,8.294851703,148,155,14.97339068,14.8758675,8.772176174,7.775674148,493,14,9,5,28,463,8,4,4,16,521,479,127,28,130,18
32,1000,40,5.13,10.3,18,37,99,959,25,11,5,41,8.162296856,267,272,41.11619163,43.31895167,9.990269614,6.370521579,460,19,11,5,35,499,6,0,0,6,495,505,247,25,250,17
39,1000,40,5.13,10.3,18,37,52,959,24,8,9,41,8.037626837,124,123,13.27262205,13.27999772,8.298269895,7.770652368,477,18,5,6,29,482,6,3,3,12,506,494,101,22,105,19
37,1000,40,5.13,10.3,18,37,55,959,22,11,8,41,7.847161704,124,133,14.04748631,14.38458975,7.990553189,7.708286485,470,13,6,3,22,489,9,5,5,19,492,508,104,29,102,22
33,1000,40,5.13,10.3,18,37,63,961,26,9,4,39,7.972600422,148,131,15.73583587,16.16681623,8.531627804,7.393079164,483,19,5,2,26,478,7,4,2,13,509,491,114,17,131,17
38,1000,40,5.13,10.3,18,37,53,954,28,5,13,46,8.056678664,122,145,13.25662037,13.36012004,8.294601068,7.831717013,464,14,3,5,22,490,14,2,8,24,486,514,116,29,107,15
36,1000,40,5.13,10.3,18,37,58,963,19,7,11,37,7.645026228,143,148,15.9531967,15.28061146,8.361936554,6.972575458,464,12,2,6,20,499,7,5,5,17,484,516,126,22,128,15
35,1000,40,5.13,10.3,18,37,61,954,24,11,11,46,8.258211319,154,132,14.11244063,13.79593697,8.595908117,7.893835773,490,19,5,5,29,464,5,6,6,17,519,481,104,28,132,22
34,1000,40,5.13,10.3,18,37,62,956,20,16,8,44,8.30833946,141,141,15.16737331,15.08115425,8.838035355,7.732198413,493,13,10,5,28,463,7,6,3,16,521,479,115,26,122,19
32,1000,40,5.13,10.3,18,37,100,959,25,11,5,41,8.138691731,278,270,43.56275777,46.05835487,9.993366603,6.320743094,460,19,11,5,35,499,6,0,0,6,495,505,248,22,263,15
39,1000,40,5.13,10.3,18,37,53,961,22,8,9,39,8.029314005,123,135,13.40741361,13.4530813,8.321874673,7.7296466,477,18,5,6,29,484,4,3,3,10,506,494,106,29,102,21
37,1000,40,5.13,10.3,18,37,56,960,22,11,7,40,7.838756031,155,145,14.2367001,14.60578611,8.053091326,7.631171454,470,13,6,3,22,490,9,5,4,18,492,508,116,29,126,29
33,1000,40,5.13,10.3,18,37,64,960,27,9,4,40,8.001932582,161,156,16.04975676,16.47773904,8.541938955,7.442129642,483,19,5,2,26,477,8,4,2,14,509,491,122,34,137,24
36,1000,40,5.13,10.3,18,37,59,964,19,6,11,36,7.651695475,156,148,16.18912792,15.5187332,8.393567698,6.955830831,464,12,2,6,20,500,7,4,5,16,484,516,124,24,138,18
38,1000,40,5.13,10.3,18,37,54,953,27,6,14,47,8.098548461,132,138,13.35648477,13.51949813,8.363089973,7.84841777,463,14,4,5,23,490,13,2,9,24,486,514,106,32,111,21
35,1000,40,5.13,10.3,18,37,62,955,25,9,11,45,8.292648266,133,151,14.29663192,13.9910381,8.674850045,7.880251751,490,19,5,5,29,465,6,4,6,16,519,481,119,32,113,20
34,1000,40,5.13,10.3,18,37,63,956,20,16,8,44,8.356678521,147,149,15.38146607,15.36097647,8.881335026,7.786018732,493,13,10,5,28,463,7,6,3,16,521,479,124,25,127,20
39,1000,40,5.13,10.3,18,37,54,960,23,8,9,40,8.030063457,139,133,13.53454873,13.56221038,8.354157591,7.698096591,476,19,5,6,30,484,4,3,3,10,506,494,109,24,118,21
32,1000,40,5.13,10.3,18,37,101,959,25,11,5,41,8.112937484,271,266,46.11941334,48.9345671,10.02132673,6.242338121,460,19,11,5,35,499,6,0,0,6,495,505,249,17,257,14
37,1000,40,5.13,10.3,18,37,57,959,22,12,7,41,7.878007969,137,162,14.35204552,14.71621182,8.114152481,7.649301078,470,13,6,3,22,489,9,6,4,19,492,508,130,32,118,19
33,1000,40,5.13,10.3,18,37,65,960,27,8,5,40,8.005805213,173,158,16.32864779,16.80129954,8.595922986,7.394053795,483,19,4,3,26,477,8,4,2,14,509,491,134,24,155,18
36,1000,40,5.13,10.3,18,37,60,963,19,7,11,37,7.685420649,173,166,16.48467815,15.8358371,8.454573344,6.963967345,463,13,2,6,21,500,6,5,5,16,484,516,142,24,155,18
38,1000,40,5.13,10.3,18,37,55,954,26,6,14,46,8.11537006,129,141,13.46813731,13.65537334,8.421247364,7.826155332,463,14,4,5,23,491,12,2,9,23,486,514,103,38,113,16
35,1000,40,5.13,10.3,18,37,63,955,24,10,11,45,8.298243459,154,161,14.44402304,14.12977514,8.689978682,7.875560339,490,19,5,5,29,465,5,5,6,16,519,481,127,34,133,21
34,1000,40,5.13,10.3,18,37,64,956,20,16,8,44,8.340713528,164,166,15.58343536,15.59036344,8.905976287,7.72588702,493,13,10,5,28,463,7,6,3,16,521,479,132,34,142,22
39,1000,40,5.13,10.3,18,37,55,960,23,8,9,40,8.033688547,130,138,13.73545686,13.7578995,8.373826673,7.685287956,476,19,5,6,30,484,4,3,3,10,506,494,113,25,116,14
32,1000,40,5.13,10.3,18,37,102,960,24,11,5,40,8.10568282,272,284,48.41666278,51.22915734,10.05468495,6.195274795,460,19,11,5,35,500,5,0,0,5,495,505,269,15,263,9
37,1000,40,5.13,10.3,18,37,58,959,23,11,7,41,7.887627196,153,146,14.58334077,14.98039614,8.12118759,7.661423036,471,13,5,3,21,488,10,6,4,20,492,508,125,21,129,24
33,1000,40,5.13,10.3,18,37,66,959,28,8,5,41,8.044523981,153,161,16.71249393,17.17047936,8.658650398,7.407883764,482,20,4,3,27,477,8,4,2,14,509,491,139,22,134,19
36,1000,40,5.13,10.3,18,37,61,961,21,7,11,39,7.691292329,155,171,16.72042357,16.08848127,8.516788994,6.916989256,461,15,2,6,23,500,6,5,5,16,484,516,131,40,137,18
35,1000,40,5.13,10.3,18,37,64,956,24,10,10,44,8.300963768,132,148,14.65945616,14.35404463,8.71662078,7.852468989,490,19,5,5,29,466,5,5,5,15,519,481,119,29,120,12
38,1000,40,5.13,10.3,18,37,56,954,26,6,14,46,8.124105564,147,146,13.59170712,13.80703203,8.461517778,7.805073782,463,14,4,5,23,491,12,2,9,23,486,514,116,30,131,16
34,1000,40,5.13,10.3,18,37,65,956,20,16,8,44,8.358872772,146,155,15.79515758,15.83082976,8.939056333,7.727817165,493,13,10,5,28,463,7,6,3,16,521,479,124,31,125,21
39,1000,40,5.13,10.3,18,37,56,959,24,8,9,41,8.042878225,162,159,13.91512507,13.93355322,8.398377182,7.678743666,476,19,5,6,30,483,5,3,3,11,506,494,125,34,134,28
37,1000,40,5.13,10.3,18,37,59,958,24,11,7,42,7.891938046,140,157,14.75234025,15.13908949,8.17085337,7.621807457,471,13,5,3,21,487,11,6,4,21,492,508,123,34,121,19
33,1000,40,5.13,10.3,18,37,67,959,28,8,5,41,8.063475051,151,164,17.12376383,17.56552731,8.72880648,7.373752654,481,21,4,3,28,478,7,4,2,13,509,491,139,25,133,18
32,1000,40,5.13,10.3,18,37,103,960,24,11,5,40,8.109452612,271,269,51.27115988,54.03628863,10.10311343,6.155270229,459,20,11,5,36,501,4,0,0,4,495,505,252,17,257,14
36,1000,40,5.13,10.3,18,37,62,962,21,6,11,38,7.692117168,153,165,16.8925979,16.2546069,8.573620979,6.865280259,460,16,2,6,24,502,5,4,5,14,484,516,141,24,126,27
35,1000,40,5.13,10.3,18,37,65,955,26,9,10,45,8.309792577,138,162,14.83945143,14.52062243,8.737406293,7.848396489,490,19,5,5,29,465,7,4,5,16,519,481,123,39,120,18
38,1000,40,5.13,10.3,18,37,57,954,26,6,14,46,8.128902259,136,131,13.7473101,14.00605357,8.488757847,7.788649699,463,14,4,5,23,491,12,2,9,23,486,514,100,31,118,18
34,1000,40,5.13,10.3,18,37,66,957,20,15,8,43,8.326187701,165,157,16.0423862,16.08337584,8.93931942,7.659294955,493,13,10,5,28,464,7,5,3,15,521,479,137,20,145,20
39,1000,40,5.13,10.3,18,37,57,959,24,8,9,41,8.037475712,132,134,14.09566877,14.20801995,8.440886734,7.624265231,476,19,5,6,30,483,5,3,3,11,506,494,109,25,113,19
37,1000,40,5.13,10.3,18,37,60,957,25,12,6,43,7.900805732,150,153,14.90954364,15.27845638,8.197358462,7.613593245,470,14,5,3,22,487,11,7,3,21,492,508,118,35,127,23
33,1000,40,5.13,10.3,18,37,68,959,28,8,5,41,8.057624132,161,163,17.57550827,17.97924518,8.755687476,7.333969871,481,21,4,3,28,478,7,4,2,13,509,491,134,29,137,24
36,1000,40,5.13,10.3,18,37,63,964,21,5,10,36,7.671579366,175,158,17.12778529,16.50841344,8.576074175,6.823177258,460,16,2,6,24,504,5,3,4,12,484,516,134,24,148,27
32,1000,40,5.13,10.3,18,37,104,958,25,12,5,42,8.119325007,282,268,56.01893705,59.54798552,10.14403615,6.134707151,458,21,11,5,37,500,4,1,0,5,495,505,246,22,264,18
35,1000,40,5.13,10.3,18,37,66,955,26,9,10,45,8.302521076,153,160,15.01416827,14.69103825,8.772448129,7.795468809,490,19,5,5,29,465,7,4,5,16,519,481,135,25,136,17
40,1000,40,5.13,10.3,18,37,0,931,31,24,14,69,7.566,101,98,9.981211859,9.287187408,6.885480573,8.217221135,465,14,8,2,24,466,17,16,12,45,489,511,56,42,66,35
38,1000,40,5.13,10.3,18,37,58,954,26,6,14,46,8.140438363,146,156,13.9479616,14.2375107,8.503569641,7.797088554,463,14,4,5,23,491,12,2,9,23,486,514,125,31,130,16
34,1000,40,5.13,10.3,18,37,67,959,18,15,8,41,8.361144265,162,150,16.26177365,16.36660522,9.005778342,7.659986949,494,12,10,5,27,465,6,5,3,14,521,479,124,26,145,17
39,1000,40,5.13,10.3,18,37,58,960,23,8,9,40,8.044095264,131,146,14.36207448,14.47115205,8.483161664,7.594363284,476,19,5,6,30,484,4,3,3,10,506,494,111,35,122,9
37,1000,40,5.13,10.3,18,37,61,958,25,11,6,42,7.8940908,154,152,15.10993377,15.52550427,8.237760942,7.561244915,470,14,5,3,22,488,11,6,3,20,492,508,129,23,135,19
33,1000,40,5.13,10.3,18,37,69,958,28,9,5,42,8.087709757,146,167,18.04510305,18.45301706,8.838432903,7.309465194,480,21,5,3,29,478,7,4,2,13,509,491,143,24,124,22
36,1000,40,5.13,10.3,18,37,64,963,21,6,10,37,7.67361157,174,165,17.45925811,16.79386925,8.604596914,6.80036175,460,16,2,6,24,503,5,4,4,13,484,516,139,26,158,16
35,1000,40,5.13,10.3,18,37,67,955,25,10,10,45,8.338092405,157,151,15.17074118,14.85759681,8.825132921,7.812574676,490,19,5,5,29,465,6,5,5,16,519,481,122,29,137,20
34,1000,40,5.13,10.3,18,37,68,957,20,15,8,43,8.393765721,162,156,16.57496925,16.70770481,9.076369364,7.651309567,492,14,10,5,29,465,6,5,3,14,521,479,123,33,142,20
38,1000,40,5.13,10.3,18,37,59,955,25,6,14,45,8.152816322,138,148,14.06869875,14.39266004,8.528109694,7.797966947,464,13,4,5,22,491,12,2,9,23,486,514,116,32,122,16
40,1000,40,5.13,10.3,18,37,1,932,31,23,14,68,7.570836284,78,97,10.00505862,9.324860082,6.896995667,8.215666151,465,14,8,2,24,467,17,15,12,44,489,511,53,44,56,22
39,1000,40,5.13,10.3,18,37,59,960,23,8,9,40,8.076968523,162,141,14.5292235,14.66363797,8.526077234,7.616950289,476,19,5,6,30,484,4,3,3,10,506,494,123,18,136,26
37,1000,40,5.13,10.3,18,37,62,958,25,10,7,42,7.888609281,170,170,15.27059435,15.67748677,8.253959676,7.534765985,470,14,4,4,22,488,11,6,3,20,492,508,144,26,146,24
33,1000,40,5.13,10.3,18,37,70,959,28,9,4,41,8.08150674,164,180,18.54885581,18.97587922,8.84242816,7.292690034,481,20,5,3,28,478,8,4,1,13,509,491,149,31,146,18
36,1000,40,5.13,10.3,18,37,65,964,20,6,10,36,7.709094548,160,150,17.84056815,17.18428981,8.658254739,6.818797004,460,16,2,6,24,504,4,4,4,12,484,516,123,27,148,12
35,1000,40,5.13,10.3,18,37,68,954,25,10,11,46,8.387951963,141,156,15.33869372,15.00302093,8.863636919,7.874686906,490,18,5,6,29,464,7,5,5,17,519,481,131,25,123,18
34,1000,40,5.13,10.3,18,37,69,957,20,15,8,43,8.407753296,160,195,16.90954608,17.08542442,9.138279753,7.613172328,492,14,10,5,29,465,6,5,3,14,521,479,157,38,141,19
38,1000,40,5.13,10.3,18,37,60,954,26,6,14,46,8.171466762,118,151,14.21167881,14.57432216,8.600119705,7.766164562,463,13,5,5,23,491,13,1,9,23,486,514,111,40,111,7
40,1000,40,5.13,10.3,18,37,2,933,32,21,14,67,7.553223559,84,102,10.03831988,9.392220199,6.937193239,8.142732026,464,15,8,2,25,469,17,13,12,42,489,511,56,46,60,24
37,1000,40,5.13,10.3,18,37,63,958,25,10,7,42,7.928917154,150,164,15.51798577,16.01857046,8.336043882,7.534613316,469,15,4,4,23,489,10,6,3,19,492,508,137,27,135,15
39,1000,40,5.13,10.3,18,37,60,960,23,8,9,40,8.079630427,155,149,14.75804938,14.87651327,8.537839635,7.610290632,476,19,5,6,30,484,4,3,3,10,506,494,118,31,136,19
33,1000,40,5.13,10.3,18,37,71,959,28,9,4,41,8.072282057,176,166,18.84911337,19.26744,8.918773457,7.194758385,481,20,5,3,28,478,8,4,1,13,509,491,149,17,150,26
36,1000,40,5.13,10.3,18,37,66,963,21,5,11,37,7.726433725,162,190,18.17212151,17.49675444,8.677455324,6.83439021,460,16,2,6,24,503,5,3,5,13,484,516,155,35,142,20
35,1000,40,5.13,10.3,18,37,69,953,26,10,11,47,8.420218384,153,168,15.52241086,15.18645175,8.874528096,7.930017261,489,19,5,6,30,464,7,5,5,17,519,481,140,28,130,23
34,1000,40,5.13,10.3,18,37,70,956,21,15,8,44,8.420053105,162,145,17.1964019,17.44464955,9.200134955,7.571571595,492,14,10,5,29,464,7,5,3,15,521,479,126,19,141,21
38,1000,40,5.13,10.3,18,37,61,955,27,5,13,45,8.200715828,160,150,14.38124775,14.74529753,8.668240464,7.758659459,463,13,4,6,23,492,14,1,7,22,486,514,123,27,136,24
40,1000,40,5.13,10.3,18,37,3,933,32,20,15,67,7.60919908,99,112,10.07004584,9.435275329,7.000808684,8.191396543,464,15,8,2,25,469,17,12,13,42,489,511,65,47,68,31
37,1000,40,5.13,10.3,18,37,64,958,24,11,7,42,7.941670936,149,178,15.73858904,16.26296408,8.359916018,7.536598927,469,15,4,4,23,489,9,7,3,19,492,508,144,34,131,18
33,1000,40,5.13,10.3,18,37,72,957,29,10,4,43,8.122645861,164,180,19.53605606,19.95969082,8.962565193,7.251935189,480,20,6,3,29,477,9,4,1,14,509,491,153,27,147,17
39,1000,40,5.13,10.3,18,37,61,960,23,8,9,40,8.100350972,144,156,15.00226519,15.11287596,8.567865077,7.62148025,476,19,5,6,30,484,4,3,3,10,506,494,123,33,126,18
36,1000,40,5.13,10.3,18,37,67,962,22,5,11,38,7.752412662,154,177,18.61024974,17.89876692,8.724360712,6.840740461,460,16,2,6,24,502,6,3,5,14,484,516,157,20,146,8
35,1000,40,5.13,10.3,18,37,70,953,26,10,11,47,8.410439632,165,169,15.75102234,15.39750781,8.881138603,7.902554463,489,19,5,6,30,464,7,5,5,17,519,481,142,27,144,21
34,1000,40,5.13,10.3,18,37,71,954,23,15,8,46,8.448067513,174,183,17.61235604,17.85972132,9.243172723,7.583245353,491,15,10,5,30,463,8,5,3,16,521,479,159,24,156,18
38,1000,40,5.13,10.3,18,37,62,955,28,4,13,45,8.232728071,152,144,14.56081911,14.93557669,8.723559676,7.768634375,462,14,3,7,24,493,14,1,6,21,486,514,116,28,136,16
37,1000,40,5.13,10.3,18,37,65,959,24,11,6,41,7.95329965,163,157,16.02862391,16.59696499,8.401313143,7.519396818,468,16,4,4,24,491,8,7,2,17,492,508,136,21,146,17
33,1000,40,5.13,10.3,18,37,73,956,30,10,4,44,8.122913437,161,184,20.10037182,20.53074625,9.003290219,7.21026215,479,21,6,3,30,477,9,4,1,14,509,491,157,27,141,20
39,1000,40,5.13,10.3,18,37,62,959,24,8,9,41,8.142838468,144,167,15.29622002,15.4035072,8.621361966,7.652690917,476,19,5,6,30,483,5,3,3,11,506,494,136,31,133,11
40,1000,40,5.13,10.3,18,37,4,936,31,18,15,64,7.594099096,94,94,10.0896338,9.470120377,7.000288345,8.162344608,464,16,8,1,25,472,15,10,14,39,489,511,58,36,64,30
36,1000,40,5.13,10.3,18,37,68,961,24,4,11,39,7.790086308,184,182,19.16962686,18.40538642,8.837389042,6.807732581,458,18,2,6,26,503,6,2,5,13,484,516,151,31,164,20
35,1000,40,5.13,10.3,18,37,71,953,27,9,11,47,8.416047614,156,163,16.00623934,15.69837874,8.918847432,7.873525564,489,19,5,6,30,464,8,4,5,17,519,481,135,28,143,13
34,1000,40,5.13,10.3,18,37,72,954,23,15,8,46,8.45073082,154,171,18.12689983,18.3479463,9.278982107,7.549856246,491,15,10,5,30,463,8,5,3,16,521,479,144,27,140,14
38,1000,40,5.13,10.3,18,37,63,955,28,4,13,45,8.231481329,157,151,14.75141433,15.17874459,8.745346274,7.745609028,462,14,3,7,24,493,14,1,6,21,486,514,126,25,144,13
33,1000,40,5.13,10.3,18,37,74,956,30,10,4,44,8.118996917,183,173,21.01480322,21.41784434,9.011565981,7.19370638,479,21,6,3,30,477,9,4,1,14,509,491,149,24,162,21
37,1000,40,5.13,10.3,18,37,66,958,25,10,7,42,7.969854839,136,167,16.22019436,16.8125126,8.467890021,7.487505805,466,18,4,4,26,492,7,6,3,16,492,508,145,22,117,19
39,1000,40,5.13,10.3,18,37,63,960,24,7,9,40,8.149438776,152,161,15.61803716,15.72501442,8.676387146,7.60969004,476,19,5,6,30,484,5,2,3,10,506,494,138,23,129,23
36,1000,40,5.13,10.3,18,37,69,962,23,4,11,38,7.795425787,173,181,19.78023404,19.00015486,8.879543264,6.778540402,458,18,2,6,26,504,5,2,5,12,484,516,155,26,159,14
40,1000,40,5.13,10.3,18,37,5,939,30,16,15,61,7.595212104,107,124,10.11864011,9.510451919,6.999529294,8.165249079,465,15,8,1,24,474,15,8,14,37,489,511,85,39,71,36
35,1000,40,5.13,10.3,18,37,72,954,25,10,11,46,8.392977452,169,153,16.24352249,15.94167739,8.925967965,7.81787958,490,18,5,6,29,464,7,5,5,17,519,481,132,21,142,27
34,1000,40,5.13,10.3,18,37,73,954,23,15,8,46,8.43874861,176,166,18.70739811,18.90417772,9.337198946,7.461519748,491,15,10,5,30,463,8,5,3,16,521,479,142,24,162,14
38,1000,40,5.13,10.3,18,37,64,954,29,4,13,46,8.250299204,160,151,14.93786113,15.34058692,8.772162577,7.756864186,462,14,3,7,24,492,15,1,6,22,486,514,130,21,139,21
37,1000,40,5.13,10.3,18,37,67,958,26,10,6,42,7.946765864,167,149,16.51760438,17.12228756,8.46815,7.441803276,466,18,4,4,26,492,8,6,2,16,492,508,131,18,147,20
33,1000,40,5.13,10.3,18,37,75,957,30,9,4,43,8.123723821,169,164,21.80265732,22.118044,9.06593579,7.146970476,479,21,6,3,30,478,9,3,1,13,509,491,138,26,150,19
39,1000,40,5.13,10.3,18,37,64,957,26,8,9,43,8.164156015,144,149,15.85108759,15.92126341,8.746992002,7.567162069,474,20,6,6,32,483,6,2,3,11,506,494,125,24,126,18
36,1000,40,5.13,10.3,18,37,70,963,22,4,11,37,7.775185153,182,189,20.0786762,19.32757803,8.889216746,6.730240791,459,17,2,6,25,504,5,2,5,12,484,516,164,25,167,15
35,1000,40,5.13,10.3,18,37,73,955,24,10,11,45,8.374497241,160,177,16.48880083,16.21710777,8.957430801,7.745510716,490,17,6,6,29,465,7,4,5,16,519,481,148,29,138,22
34,1000,40,5.13,10.3,18,37,74,954,23,15,8,46,8.421230015,176,197,19.25242259,19.40889974,9.369540731,7.389768882,491,15,10,5,30,463,8,5,3,16,521,479,177,20,157,19
40,1000,40,5.13,10.3,18,37,6,939,30,16,15,61,7.585506036,99,126,10.15992354,9.565011962,6.996502709,8.149151099,465,15,8,1,24,474,15,8,14,37,489,511,69,57,72,27
38,1000,40,5.13,10.3,18,37,65,954,29,4,13,46,8.26729836,150,161,15.13902166,15.5313736,8.813225981,7.751109986,462,14,3,7,24,492,15,1,6,22,486,514,123,38,125,25
37,1000,40,5.13,10.3,18,37,68,959,26,9,6,41,7.960092052,152,159,16.73685378,17.41169722,8.529033154,7.409070356,466,18,4,4,26,493,8,5,2,15,492,508,130,29,139,13
33,1000,40,5.13,10.3,18,37,76,958,28,10,4,42,8.095077724,185,178,22.83999685,23.06584208,9.118936122,7.033684803,479,20,7,3,30,479,8,3,1,12,509,491,162,16,167,18
39,1000,40,5.13,10.3,18,37,65,957,26,8,9,43,8.167115485,165,158,16.20743362,16.34422873,8.808728519,7.50991671,473,21,6,6,33,484,5,2,3,10,506,494,131,27,146,19
36,1000,40,5.13,10.3,18,37,71,962,22,5,11,38,7.755090943,171,170,20.57976724,19.7348922,8.88538875,6.694889125,459,16,3,6,25,503,6,2,5,13,484,516,145,25,161,10
35,1000,40,5.13,10.3,18,37,74,956,24,9,11,44,8.354594231,154,183,16.80563363,16.552681,8.942160206,7.720609322,490,17,6,6,29,466,7,3,5,15,519,481,155,28,136,18
34,1000,40,5.13,10.3,18,37,75,954,23,15,8,46,8.437575609,178,179,19.78047624,19.92949696,9.420850001,7.368085091,491,15,10,5,30,463,8,5,3,16,521,479,152,27,161,17
40,1000,40,5.13,10.3,18,37,7,939,31,15,15,61,7.58175615,90,96,10.18647314,9.588891077,7.024203006,8.11530505,465,15,8,1,24,474,16,7,14,37,489,511,55,41,59,31
38,1000,40,5.13,10.3,18,37,66,955,28,4,13,45,8.240769493,142,163,15.35727977,15.78533565,8.843783241,7.670604744,462,14,3,7,24,493,14,1,6,21,486,514,130,33,124,18
33,1000,40,5.13,10.3,18,37,77,957,28,10,5,43,8.087502136,189,193,23.52934484,23.89699022,9.155207826,6.980654486,478,20,7,4,31,479,8,3,1,12,509,491,172,21,176,13
37,1000,40,5.13,10.3,18,37,69,959,26,9,6,41,7.959464718,160,188,17.02640996,17.79012252,8.532912887,7.404077908,466,18,4,4,26,493,8,5,2,15,492,508,160,28,147,13
36,1000,40,5.13,10.3,18,37,72,960,24,5,11,40,7.813606868,171,169,20.97302574,20.09969078,8.957683838,6.740480407,458,17,3,6,26,502,7,2,5,14,484,516,152,17,157,14
39,1000,40,5.13,10.3,18,37,66,957,26,8,9,43,8.164655889,162,159,16.50926666,16.6748743,8.845538064,7.467234065,473,21,6,6,33,484,5,2,3,10,506,494,139,20,142,20
35,1000,40,5.13,10.3,18,37,75,955,25,9,11,45,8.323809265,164,156,16.95574653,16.7172209,8.989491813,7.605536411,489,18,6,6,30,466,7,3,5,15,519,481,129,27,149,15
34,1000,40,5.13,10.3,18,37,76,954,23,14,9,46,8.459136943,178,190,20.5013393,20.6855393,9.440594423,7.391622649,491,15,10,5,30,463,8,4,4,16,521,479,171,19,162,16
38,1000,40,5.13,10.3,18,37,67,957,26,4,13,43,8.222731525,172,158,15.54352266,16.00986197,8.880907049,7.600409922,462,14,3,7,24,495,12,1,6,19,486,514,126,32,150,22
40,1000,40,5.13,10.3,18,37,8,940,31,15,14,60,7.6065744,81,114,10.26780716,9.669070479,7.089829287,8.101072169,465,15,8,1,24,475,16,7,13,36,489,511,67,47,63,18
33,1000,40,5.13,10.3,18,37,78,957,26,12,5,43,8.070546992,187,201,24.21900085,24.61570672,9.144641503,6.957076308,478,19,8,4,31,479,7,4,1,12,509,491,165,36,165,22
37,1000,40,5.13,10.3,18,37,70,959,26,9,6,41,7.988409378,158,177,17.22990412,18.05282578,8.564663238,7.430305246,466,18,4,4,26,493,8,5,2,15,492,508,149,28,140,18
36,1000,40,5.13,10.3,18,37,73,959,25,5,11,41,7.823106829,187,200,21.49608441,20.59881813,8.995931361,6.723015601,458,17,3,6,26,501,8,2,5,15,484,516,181,19,173,14
39,1000,40,5.13,10.3,18,37,67,958,25,8,9,42,8.138251353,172,157,16.90988859,17.13038197,8.831959372,7.427692127,474,20,6,6,32,484,5,2,3,10,506,494,133,24,158,14
35,1000,40,5.13,10.3,18,37,76,956,25,8,11,44,8.306987041,162,170,17.26275237,17.06992728,9.007745909,7.550866764,489,18,6,6,30,467,7,2,5,14,519,481,146,24,139,23
34,1000,40,5.13,10.3,18,37,77,952,26,13,9,48,8.459473715,186,188,21.21220524,21.36763276,9.510829413,7.315932341,490,16,10,5,31,462,10,3,4,17,521,479,169,19,165,21
38,1000,40,5.13,10.3,18,37,68,957,26,6,11,43,8.190507038,166,158,15.79673996,16.30616518,8.917285013,7.503320081,461,14,4,7,25,496,12,2,4,18,486,514,128,30,155,11
33,1000,40,5.13,10.3,18,37,79,957,26,12,5,43,8.073021219,191,188,25.3533433,25.58113082,9.160935605,6.945224024,477,20,8,4,32,480,6,4,1,11,509,491,163,25,171,20
37,1000,40,5.13,10.3,18,37,71,959,26,9,6,41,7.991883651,174,180,17.50676432,18.31772655,8.59072951,7.411899078,466,18,4,4,26,493,8,5,2,15,492,508,160,20,161,13
40,1000,40,5.13,10.3,18,37,9,941,29,17,13,59,7.60657112,88,104,10.31848013,9.693874391,7.109718711,8.082032623,465,14,9,1,24,476,15,8,12,35,489,511,61,43,63,25
36,1000,40,5.13,10.3,18,37,74,958,24,6,12,42,7.872221916,189,208,21.94456615,21.03608956,9.060560498,6.75757875,458,16,3,7,26,500,8,3,5,16,484,516,185,23,169,20
39,1000,40,5.13,10.3,18,37,68,957,26,8,9,43,8.139864581,170,170,17.30569326,17.67720997,8.863813743,7.39832961,473,21,6,6,33,484,5,2,3,10,506,494,137,33,148,22
35,1000,40,5.13,10.3,18,37,77,957,24,8,11,43,8.281484928,176,180,17.65270458,17.40097659,9.032841888,7.470769206,489,18,6,6,30,468,6,2,5,13,519,481,162,18,161,15
34,1000,40,5.13,10.3,18,37,78,952,25,14,9,48,8.439198238,191,183,22.01981229,22.10000909,9.535783766,7.24646116,490,15,11,5,31,462,10,3,4,17,521,479,160,23,169,22
38,1000,40,5.13,10.3,18,37,69,957,26,6,11,43,8.189809591,166,143,16.11249092,16.70032862,8.990709078,7.432538869,460,15,4,7,26,497,11,2,4,17,486,514,121,22,153,13
33,1000,40,5.13,10.3,18,37,80,958,26,11,5,42,8.043269683,197,205,26.40362074,26.47675693,9.184115697,6.860600394,477,20,8,4,32,481,6,3,1,10,509,491,175,30,183,14
37,1000,40,5.13,10.3,18,37,72,958,27,9,6,42,7.998343068,175,178,17.78453554,18.55273208,8.61066745,7.405304493,465,19,4,4,27,493,8,5,2,15,492,508,153,25,163,12
36,1000,40,5.13,10.3,18,37,75,957,25,6,12,43,7.86758583,188,215,22.49278683,21.62494063,9.092328304,6.718796377,458,16,3,7,26,499,9,3,5,17,484,516,189,26,175,13
39,1000,40,5.13,10.3,18,37,69,956,28,8,8,44,8.139543229,182,176,17.81580066,18.28340173,8.917874309,7.34230532,472,22,6,6,34,484,6,2,2,10,506,494,152,24,165,17
40,1000,40,5.13,10.3,18,37,10,941,30,17,12,59,7.634176287,96,96,10.34140223,9.705001012,7.175291527,8.073304755,465,14,9,1,24,476,16,8,11,35,489,511,67,29,73,23
35,1000,40,5.13,10.3,18,37,78,957,24,8,11,43,8.281110211,177,158,18.06135787,17.79293006,9.076159964,7.423249874,489,18,6,6,30,468,6,2,5,13,519,481,143,15,165,12
34,1000,40,5.13,10.3,18,37,79,952,24,15,9,48,8.464288524,178,182,22.71379048,22.69016235,9.573277007,7.258060966,490,15,11,5,31,462,9,4,4,17,521,479,158,24,164,14
38,1000,40,5.13,10.3,18,37,70,957,25,7,11,43,8.180085377,170,177,16.30301261,16.92401464,9.048904598,7.35859483,459,16,4,7,27,498,9,3,4,16,486,514,145,32,155,15
33,1000,40,5.13,10.3,18,37,81,958,26,11,5,42,8.059040648,203,191,28.75302113,28.32686408,9.195905649,6.880498316,477,20,8,4,32,481,6,3,1,10,509,491,174,17,182,21
37,1000,40,5.13,10.3,18,37,73,958,26,10,6,42,8.021611616,185,165,18.08100904,18.85375216,8.62401508,7.438181488,466,17,5,4,26,492,9,5,2,16,492,508,138,27,165,20
36,1000,40,5.13,10.3,18,37,76,957,25,6,12,43,7.901746362,194,189,23.08437876,22.12017236,9.144454935,6.736104988,458,16,3,7,26,499,9,3,5,17,484,516,166,23,176,18
39,1000,40,5.13,10.3,18,37,70,954,30,8,8,46,8.169193992,177,160,18.25000074,18.84172596,8.959293833,7.359901443,471,23,6,6,35,483,7,2,2,11,506,494,142,18,161,16
35,1000,40,5.13,10.3,18,37,79,958,24,8,10,42,8.273299908,177,204,18.54189548,18.22720717,9.110532259,7.369924461,489,18,6,6,30,469,6,2,4,12,519,481,182,22,161,16
40,1000,40,5.13,10.3,18,37,11,941,29,18,12,59,7.660203597,97,118,10.38014881,9.751025272,7.2221221,8.079424442,465,13,10,1,24,476,16,8,11,35,489,511,74,44,67,30
34,1000,40,5.13,10.3,18,37,80,951,25,15,9,49,8.478686618,185,207,23.34469267,23.34583779,9.61485884,7.24289178,489,16,11,5,32,462,9,4,4,17,521,479,180,27,166,19
33,1000,40,5.13,10.3,18,37,82,958,25,12,5,42,8.06008125,192,188,30.31894493,29.44374598,9.263203219,6.812852976,477,20,8,4,32,481,5,4,1,10,509,491,163,25,170,22
37,1000,40,5.13,10.3,18,37,74,959,25,10,6,41,7.988574514,195,206,18.51620229,19.25306468,8.632444091,7.364984293,466,17,5,4,26,493,8,5,2,15,492,508,180,26,171,24
38,1000,40,5.13,10.3,18,37,71,956,26,7,11,44,8.185507952,178,154,16.63408917,17.30788796,9.127787922,7.294558408,458,17,4,7,28,498,9,3,4,16,486,514,131,23,164,14
36,1000,40,5.13,10.3,18,37,77,957,26,6,11,43,7.863744393,199,184,23.58134578,22.63256229,9.111117357,6.693727892,458,17,3,6,26,499,9,3,5,17,484,516,163,21,180,19
39,1000,40,5.13,10.3,18,37,71,952,30,10,8,48,8.189400184,172,162,18.85006329,19.58963061,9.057163115,7.300557992,469,24,7,6,37,483,6,3,2,11,506,494,145,17,155,17
35,1000,40,5.13,10.3,18,37,80,958,24,8,10,42,8.303673939,171,190,18.94496545,18.598554,9.190151931,7.347162343,489,18,6,6,30,469,6,2,4,12,519,481,160,30,161,10
34,1000,40,5.13,10.3,18,37,81,951,25,14,10,49,8.481096844,207,223,24.26557331,24.28743531,9.641323078,7.219138874,489,16,10,6,32,462,9,4,4,17,521,479,196,27,190,17
40,1000,40,5.13,10.3,18,37,12,942,29,17,12,58,7.641994027,97,101,10.43623282,9.793690594,7.218589512,8.047169775,466,13,9,1,23,476,16,8,11,35,489,511,60,41,65,32
33,1000,40,5.13,10.3,18,37,83,958,24,13,5,42,8.078846531,186,186,31.56953525,30.4024801,9.327393888,6.784527581,477,19,9,4,32,481,5,4,1,10,509,491,165,21,163,23
37,1000,40,5.13,10.3,18,37,75,960,25,9,6,40,8.009491729,177,164,18.93861462,19.67188289,8.696093968,7.344514758,465,18,5,4,27,495,7,4,2,13,492,508,147,17,161,16
38,1000,40,5.13,10.3,18,37,72,956,26,7,11,44,8.194333939,171,177,16.97507661,17.6628496,9.156796413,7.284301328,457,18,4,7,29,499,8,3,4,15,486,514,151,26,155,16
36,1000,40,5.13,10.3,18,37,78,957,26,6,11,43,7.875449211,213,209,24.23412704,23.33635958,9.155570721,6.674715081,456,18,4,6,28,501,8,2,5,15,484,516,191,18,192,21
39,1000,40,5.13,10.3,18,37,72,952,30,9,9,48,8.184088798,170,160,19.37536901,20.26656163,9.089614375,7.256566649,469,24,6,7,37,483,6,3,2,11,506,494,139,21,152,18
35,1000,40,5.13,10.3,18,37,81,959,24,8,9,41,8.29005396,180,189,19.33968182,18.98122989,9.178826265,7.331066796,490,18,6,5,29,469,6,2,4,12,519,481,172,17,159,21
34,1000,40,5.13,10.3,18,37,82,951,25,15,9,49,8.485059143,190,197,25.10482616,25.07577639,9.691799471,7.172508598,489,16,10,6,32,462,9,5,3,17,521,479,170,27,173,17
40,1000,40,5.13,10.3,18,37,13,942,30,17,11,58,7.672386357,107,119,10.48964628,9.863823389,7.265914464,8.061358481,466,13,9,1,23,476,17,8,10,35,489,511,70,49,82,25
33,1000,40,5.13,10.3,18,37,84,958,24,13,5,42,8.071813606,210,196,32.44894627,31.07873591,9.348270069,6.748562406,477,19,9,4,32,481,5,4,1,10,509,491,172,24,190,20
37,1000,40,5.13,10.3,18,37,76,960,25,9,6,40,8.0197681,180,193,19.42526935,20.20498093,8.7487275,7.313768051,465,18,5,4,27,495,7,4,2,13,492,508,169,24,164,16
38,1000,40,5.13,10.3,18,37,73,954,28,7,11,46,8.185663346,179,175,17.30440677,18.02188914,9.194317246,7.231955573,455,20,4,7,31,499,8,3,4,15,486,514,152,23,161,18
36,1000,40,5.13,10.3,18,37,79,957,27,6,10,43,7.867002412,205,203,24.9795413,24.15697126,9.159060497,6.655071961,456,19,4,5,28,501,8,2,5,15,484,516,181,22,193,12
35,1000,40,5.13,10.3,18,37,82,959,23,9,9,41,8.313905173,196,188,19.76237647,19.43993655,9.227268691,7.32838404,490,17,7,5,29,469,6,2,4,12,519,481,167,21,175,21
39,1000,40,5.13,10.3,18,37,73,951,30,10,9,49,8.212257229,176,184,19.84554347,20.8472179,9.139898938,7.262081714,469,23,7,7,37,482,7,3,2,12,506,494,153,31,159,17
34,1000,40,5.13,10.3,18,37,83,949,27,15,9,51,8.508016524,185,197,25.80837691,25.72281,9.734305687,7.174203049,487,18,10,6,34,462,9,5,3,17,521,479,176,21,167,18
40,1000,40,5.13,10.3,18,37,14,946,26,17,11,54,7.675912781,106,111,10.55826705,9.907334926,7.247276194,8.086095347,467,12,9,1,22,479,14,8,10,32,489,511,64,47,75,31
33,1000,40,5.13,10.3,18,37,85,958,24,13,5,42,8.092142779,211,185,33.90431635,32.14913785,9.420789978,6.714787536,477,19,9,4,32,481,5,4,1,10,509,491,170,15,194,17
37,1000,40,5.13,10.3,18,37,77,960,23,11,6,40,8.030735143,206,191,19.75510144,20.56538929,8.770431214,7.314336587,465,18,5,4,27,495,5,6,2,13,492,508,169,22,184,22
36,1000,40,5.13,10.3,18,37,80,957,27,6,10,43,7.874148363,199,202,25.6316306,24.88377165,9.181127003,6.648222661,456,19,4,5,28,501,8,2,5,15,484,516,184,18,185,14
38,1000,40,5.13,10.3,18,37,74,953,29,7,11,47,8.193585988,166,192,17.62925262,18.34264219,9.221142536,7.222005283,455,20,4,7,31,498,9,3,4,16,486,514,169,23,150,16
35,1000,40,5.13,10.3,18,37,83,957,25,9,9,43,8.352966714,190,212,20.10124573,19.78229878,9.305269375,7.325430164,489,18,7,5,30,468,7,2,4,13,519,481,176,36,173,17
39,1000,40,5.13,10.3,18,37,74,953,30,9,8,47,8.186833479,179,174,20.2663141,21.30560941,9.161014425,7.188988219,469,23,7,7,37,484,7,2,1,10,506,494,152,22,166,13
34,1000,40,5.13,10.3,18,37,84,949,25,17,9,51,8.517987881,206,195,26.91289685,26.92254266,9.763383136,7.163393042,487,16,12,6,34,462,9,5,3,17,521,479,177,18,190,16
33,1000,40,5.13,10.3,18,37,86,958,24,13,5,42,8.134676684,205,213,35.57221078,33.4686271,9.511076855,6.70781785,477,19,9,4,32,481,5,4,1,10,509,491,183,30,188,17
37,1000,40,5.13,10.3,18,37,78,958,25,11,6,42,8.078441852,207,198,20.19476543,21.04134098,8.856445822,7.324941944,463,20,5,4,29,495,5,6,2,13,492,508,170,28,190,17
40,1000,40,5.13,10.3,18,37,15,947,25,17,11,53,7.687335917,118,122,10.57641282,9.950152481,7.286221134,8.07118157,467,12,9,1,22,480,13,8,10,31,489,511,79,43,87,31
36,1000,40,5.13,10.3,18,37,81,956,28,6,10,44,7.898779503,212,211,26.41670833,25.78630921,9.236753871,6.64378029,455,20,4,5,29,501,8,2,5,15,484,516,186,25,197,15
38,1000,40,5.13,10.3,18,37,75,954,29,6,11,46,8.227699437,184,166,18.02518118,18.78710664,9.244388878,7.266393857,455,20,4,7,31,499,9,2,4,15,486,514,145,21,161,23
35,1000,40,5.13,10.3,18,37,84,956,25,10,9,44,8.344394227,183,193,20.54916601,20.20463777,9.342600572,7.267327506,489,18,7,5,30,467,7,3,4,14,519,481,171,22,165,18
39,1000,40,5.13,10.3,18,37,75,953,30,9,8,47,8.188199621,173,183,20.80123664,21.93777747,9.182502835,7.169743291,469,23,7,7,37,484,7,2,1,10,506,494,150,33,155,18
34,1000,40,5.13,10.3,18,37,85,950,24,17,9,50,8.514169129,209,209,27.84046616,27.99179112,9.819914226,7.093932813,487,16,12,6,34,463,8,5,3,16,521,479,185,24,191,18
33,1000,40,5.13,10.3,18,37,87,959,24,12,5,41,8.100167618,221,207,38.27323101,35.45310496,9.542465628,6.60499514,477,19,9,4,32,482,5,3,1,9,509,491,191,16,202,19
37,1000,40,5.13,10.3,18,37,79,958,25,11,6,42,8.073378844,197,193,20.72131635,21.56438914,8.870961508,7.300916895,463,20,5,4,29,495,5,6,2,13,492,508,168,25,178,19
36,1000,40,5.13,10.3,18,37,82,957,27,6,10,43,7.908562973,208,227,27.04957955,26.38362522,9.278006678,6.624046009,455,20,4,5,29,502,7,2,5,14,484,516,205,22,188,20
38,1000,40,5.13,10.3,18,37,76,954,27,8,11,46,8.233643499,193,173,18.48883659,19.25704892,9.270772531,7.253011769,455,20,4,7,31,499,7,4,4,15,486,514,154,19,180,13
40,1000,40,5.13,10.3,18,37,16,950,24,15,11,50,7.685736792,99,102,10.60891938,10.00359465,7.325931685,8.030051267,467,12,9,1,22,483,12,6,10,28,489,511,73,29,75,24
35,1000,40,5.13,10.3,18,37,85,953,28,10,9,47,8.380245152,187,195,21.01651593,20.63081685,9.418194767,7.260295359,487,20,7,5,32,466,8,3,4,15,519,481,169,26,176,11
39,1000,40,5.13,10.3,18,37,76,953,30,8,9,47,8.214822642,180,196,21.30070314,22.60443705,9.223513727,7.18162894,469,23,6,8,37,484,7,2,1,10,506,494,174,22,161,19
34,1000,40,5.13,10.3,18,37,86,949,27,17,7,51,8.505046415,211,233,29.10794064,29.16832747,9.868583266,7.02195101,486,18,12,5,35,463,9,5,2,16,521,479,200,33,194,17
33,1000,40,5.13,10.3,18,37,88,958,25,12,5,42,8.109225246,240,217,40.62805827,37.29532282,9.590534308,6.573611575,477,19,9,4,32,481,6,3,1,10,509,491,191,26,225,15
37,1000,40,5.13,10.3,18,37,80,958,25,11,6,42,8.080515363,195,240,21.27286226,22.23917084,8.936768536,7.251230794,463,20,5,4,29,495,5,6,2,13,492,508,210,30,182,13
36,1000,40,5.13,10.3,18,37,83,957,27,6,10,43,7.910170638,224,221,27.91800011,27.19696503,9.335580438,6.573158346,455,20,4,5,29,502,7,2,5,14,484,516,205,16,210,14
38,1000,40,5.13,10.3,18,37,77,953,28,8,11,47,8.222560393,180,189,18.87013621,19.69102418,9.312848031,7.191665856,455,20,4,7,31,498,8,4,4,16,486,514,168,21,170,10
40,1000,40,5.13,10.3,18,37,17,952,22,14,12,48,7.663640417,102,127,10.63691086,10.07288339,7.296487355,8.014986498,469,11,8,1,20,483,11,6,11,28,489,511,84,43,78,24
35,1000,40,5.13,10.3,18,37,86,952,29,9,10,48,8.405593366,183,198,21.55628161,21.12570715,9.461039944,7.266764314,486,21,6,6,33,466,8,3,4,15,519,481,169,29,169,14
39,1000,40,5.13,10.3,18,37,77,953,31,8,8,47,8.20769285,189,191,21.63581378,23.00370988,9.247013189,7.143125864,470,22,6,8,36,483,9,2,0,11,506,494,166,25,173,16
34,1000,40,5.13,10.3,18,37,87,950,26,17,7,50,8.53964423,214,227,30.20272353,30.13916987,9.943146315,7.013079331,486,18,12,5,35,464,8,5,2,15,521,479,205,22,201,13
33,1000,40,5.13,10.3,18,37,89,956,27,12,5,44,8.1159181,209,206,43.09287662,39.20727586,9.634539083,6.541624656,476,20,9,4,33,480,7,3,1,11,509,491,179,27,201,8
37,1000,40,5.13,10.3,18,37,81,958,24,12,6,42,8.085691536,210,194,21.86368819,22.93407076,8.97657372,7.222868634,462,20,6,4,30,496,4,6,2,12,492,508,181,13,197,13
36,1000,40,5.13,10.3,18,37,84,955,28,7,10,45,7.89752493,212,245,28.68505775,27.99796108,9.387783351,6.499685635,453,21,5,5,31,502,7,2,5,14,484,516,211,34,201,11
38,1000,40,5.13,10.3,18,37,78,952,29,9,10,48,8.208236265,206,171,19.37336679,20.24437557,9.316831408,7.160031518,454,22,4,6,32,498,7,5,4,16,486,514,153,18,189,17
35,1000,40,5.13,10.3,18,37,87,950,31,9,10,50,8.413590371,188,187,21.95926057,21.51006077,9.509246221,7.231375431,483,24,6,6,36,467,7,3,4,14,519,481,172,15,174,14
39,1000,40,5.13,10.3,18,37,78,952,32,8,8,48,8.191761998,197,197,22.06959082,23.61094383,9.303195133,7.053330488,470,22,6,8,36,482,10,2,0,12,506,494,174,23,172,25
34,1000,40,5.13,10.3,18,37,88,950,26,17,7,50,8.56465703,206,211,31.54843182,31.59560601,10.01600445,6.986051587,485,18,13,5,36,465,8,4,2,14,521,479,192,19,190,16
40,1000,40,5.13,10.3,18,37,18,953,22,13,12,47,7.658947184,97,120,10.675793,10.1598325,7.340912449,7.963289621,469,11,8,1,20,484,11,5,11,27,489,511,75,45,75,22
33,1000,40,5.13,10.3,18,37,90,956,27,12,5,44,8.121161991,239,225,47.72608864,42.66872033,9.683871444,6.5011638,476,20,9,4,33,480,7,3,1,11,509,491,201,24,219,20
37,1000,40,5.13,10.3,18,37,82,958,24,12,6,42,8.110886467,213,205,22.33949223,23.48310012,9.018041722,7.232303032,462,20,6,4,30,496,4,6,2,12,492,508,181,24,204,9
36,1000,40,5.13,10.3,18,37,85,954,29,7,10,46,7.918033487,212,249,29.65039384,28.99261908,9.471015405,6.461360526,453,21,5,5,31,501,8,2,5,15,484,516,220,29,193,19
38,1000,40,5.13,10.3,18,37,79,951,29,10,10,49,8.242168183,200,209,19.85595504,20.74548052,9.375877801,7.170217066,453,23,4,6,33,498,6,6,4,16,486,514,183,26,186,14
35,1000,40,5.13,10.3,18,37,88,949,31,10,10,51,8.45508999,189,189,22.49690055,21.99895311,9.564455377,7.25808243,483,23,7,6,36,466,8,3,4,15,519,481,172,17,172,17
39,1000,40,5.13,10.3,18,37,79,951,33,8,8,49,8.248328571,197,213,22.70350349,24.32948623,9.354112926,7.115683057,469,23,6,8,37,482,10,2,0,12,506,494,182,31,177,20
34,1000,40,5.13,10.3,18,37,89,950,26,17,7,50,8.541945469,224,210,33.00853108,32.93189321,10.02339432,6.930599227,485,18,13,5,36,465,8,4,2,14,521,479,191,19,198,26
40,1000,40,5.13,10.3,18,37,19,953,21,14,12,47,7.71606646,101,122,10.72563032,10.24240897,7.433986756,7.986001833,469,10,9,1,20,484,11,5,11,27,489,511,82,40,71,30
33,1000,40,5.13,10.3,18,37,91,955,28,12,5,45,8.15429736,206,235,50.61542167,44.75964219,9.759705192,6.490035474,475,21,9,4,34,480,7,3,1,11,509,491,210,25,188,18
37,1000,40,5.13,10.3,18,37,83,958,24,12,6,42,8.100957034,222,215,22.85147617,23.98799479,9.034174974,7.197131786,462,20,6,4,30,496,4,6,2,12,492,508,190,25,199,23
36,1000,40,5.13,10.3,18,37,86,954,30,7,9,46,7.937840995,234,235,30.38858907,29.86663297,9.533910342,6.440752693,453,21,5,5,31,501,9,2,4,15,484,516,211,24,223,11
38,1000,40,5.13,10.3,18,37,80,949,30,11,10,51,8.25364612,190,209,20.45472475,21.41596645,9.432291977,7.139206652,451,24,5,6,35,498,6,6,4,16,486,514,184,25,172,18
39,1000,40,5.13,10.3,18,37,80,951,33,7,9,49,8.245937439,195,185,23.15269583,24.77428789,9.368386141,7.096222777,469,23,6,8,37,482,10,1,1,12,506,494,169,16,181,14
35,1000,40,5.13,10.3,18,37,89,950,31,9,10,50,8.425229522,179,192,23.01961131,22.46514761,9.566129167,7.194196434,483,24,6,6,36,467,7,3,4,14,519,481,170,22,164,15
34,1000,40,5.13,10.3,18,37,90,951,25,17,7,49,8.521080233,219,222,34.14683106,34.12992506,10.03119846,6.878550808,485,18,13,5,36,466,7,4,2,13,521,479,200,22,212,7
33,1000,40,5.13,10.3,18,37,92,955,28,12,5,45,8.165940004,218,233,53.3878559,46.74252766,9.797376141,6.474695616,475,21,9,4,34,480,7,3,1,11,509,491,216,17,205,13
40,1000,40,5.13,10.3,18,37,20,952,23,14,11,48,7.709150547,103,128,10.78013361,10.30746893,7.472990331,7.935143397,468,11,9,1,21,484,12,5,10,27,489,511,88,40,77,26
37,1000,40,5.13,10.3,18,37,84,958,24,12,6,42,8.094054546,207,191,23.54266022,24.60666216,9.074701155,7.144294445,462,20,6,4,30,496,4,6,2,12,492,508,170,21,197,10
36,1000,40,5.13,10.3,18,37,87,954,30,7,9,46,8.014573572,222,239,31.46278225,30.95915171,9.630037991,6.499292993,453,21,5,5,31,501,9,2,4,15,484,516,213,26,213,9
38,1000,40,5.13,10.3,18,37,81,947,31,12,10,53,8.283094102,201,179,20.99148577,21.97987224,9.473689515,7.157356026,450,24,6,6,36,497,7,6,4,17,486,514,160,19,188,13
39,1000,40,5.13,10.3,18,37,81,952,32,6,10,48,8.225501674,196,203,23.58148641,25.24610857,9.378150867,7.044852905,469,23,5,9,37,483,9,1,1,11,506,494,179,24,179,17
35,1000,40,5.13,10.3,18,37,90,950,30,10,10,50,8.435382877,190,188,23.4402948,22.84129266,9.643706841,7.131598808,483,23,7,6,36,467,7,3,4,14,519,481,169,19,174,16
34,1000,40,5.13,10.3,18,37,91,951,25,17,7,49,8.528636059,220,240,35.41356972,35.53148121,10.08425889,6.836612064,485,18,13,5,36,466,7,4,2,13,521,479,219,21,204,16
33,1000,40,5.13,10.3,18,37,93,954,29,12,5,46,8.168791593,227,225,56.61990786,49.19771933,9.838422779,6.437951931,475,21,9,4,34,479,8,3,1,12,509,491,201,24,218,9
37,1000,40,5.13,10.3,18,37,85,959,22,12,7,41,8.115501953,227,208,24.50573906,25.60771141,9.131441453,7.131560549,462,19,7,4,30,497,3,5,3,11,492,508,190,18,213,14
36,1000,40,5.13,10.3,18,37,88,954,29,8,9,46,8.033916672,236,247,32.74447993,32.16224765,9.676618412,6.493087908,453,20,6,5,31,501,9,2,4,15,484,516,229,18,226,10
40,1000,40,5.13,10.3,18,37,21,951,24,14,11,49,7.735732286,98,101,10.82456725,10.36177882,7.49174728,7.969213044,468,11,9,1,21,483,13,5,10,28,489,511,61,40,76,22
38,1000,40,5.13,10.3,18,37,82,947,32,11,10,53,8.269619779,226,217,21.56295918,22.53341906,9.503278161,7.103164578,450,24,6,6,36,497,8,5,4,17,486,514,192,25,213,13
39,1000,40,5.13,10.3,18,37,82,952,32,6,10,48,8.252866852,207,185,24.2850253,25.98716621,9.447686144,7.029023611,469,23,5,9,37,483,9,1,1,11,506,494,165,20,199,8
35,1000,40,5.13,10.3,18,37,91,949,30,11,10,51,8.463896746,200,219,23.95368174,23.35834751,9.6899452,7.140987916,482,23,8,6,37,467,7,3,4,14,519,481,201,18,188,12
34,1000,40,5.13,10.3,18,37,92,952,24,17,7,48,8.526690241,223,213,37.11459118,37.69595873,10.1401013,6.771810985,485,18,13,5,36,467,6,4,2,12,521,479,192,21,210,13
33,1000,40,5.13,10.3,18,37,94,954,29,13,4,46,8.186435605,245,250,60.12753903,51.95009293,9.870565405,6.440565812,475,20,10,4,34,479,9,3,0,12,509,491,231,19,222,23
37,1000,40,5.13,10.3,18,37,86,959,22,12,7,41,8.147518663,223,240,25.28172614,26.444494,9.177643395,7.149838804,462,19,7,4,30,497,3,5,3,11,492,508,217,23,210,13
36,1000,40,5.13,10.3,18,37,89,954,28,9,9,46,8.014325907,253,231,33.85433911,33.26752613,9.714462023,6.419624589,453,20,6,5,31,501,8,3,4,15,484,516,216,15,237,16
40,1000,40,5.13,10.3,18,37,22,953,23,13,11,47,7.705752476,104,103,10.88203888,10.45053612,7.495773957,7.906690824,469,10,9,1,20,484,13,4,10,27,489,511,58,45,83,21
38,1000,40,5.13,10.3,18,37,83,946,31,13,10,54,8.225119315,215,219,22.29431342,23.23552658,9.505352101,7.014626836,449,23,8,6,37,497,8,5,4,17,486,514,193,26,201,14
39,1000,40,5.13,10.3,18,37,83,952,32,6,10,48,8.247709517,203,211,24.98205415,26.76263927,9.46552509,7.000311379,469,23,5,9,37,483,9,1,1,11,506,494,190,21,184,19
35,1000,40,5.13,10.3,18,37,92,948,31,11,10,52,8.469935432,196,219,24.36642864,23.77980256,9.719053024,7.122134952,482,23,8,6,37,466,8,3,4,15,519,481,197,22,182,14
34,1000,40,5.13,10.3,18,37,93,950,25,18,7,50,8.56429906,221,219,38.89597935,39.95605021,10.21506048,6.768794464,484,18,14,5,37,466,7,4,2,13,521,479,200,19,206,15
33,1000,40,5.13,10.3,18,37,95,955,28,13,4,45,8.187337683,235,238,64.34151528,54.99437954,9.871569874,6.441361746,475,20,10,4,34,480,8,3,0,11,509,491,214,24,218,17
37,1000,40,5.13,10.3,18,37,87,959,22,13,6,41,8.135888161,216,211,26.10630955,27.40676983,9.152211458,7.151575046,462,19,8,3,30,497,3,5,3,11,492,508,183,28,197,19
36,1000,40,5.13,10.3,18,37,90,954,28,9,9,46,8.010865284,236,250,34.83627651,34.31884349,9.733961325,6.394627912,453,20,6,5,31,501,8,3,4,15,484,516,229,21,223,13
38,1000,40,5.13,10.3,18,37,84,947,31,12,10,53,8.210084256,206,173,22.97669374,23.88250777,9.542576344,6.950179285,449,23,8,6,37,498,8,4,4,16,486,514,159,14,196,10
39,1000,40,5.13,10.3,18,37,84,950,34,6,10,50,8.267896922,218,216,26.05693486,27.76536905,9.50110433,7.004733059,469,23,5,9,37,481,11,1,1,13,506,494,192,24,202,16
35,1000,40,5.13,10.3,18,37,93,947,32,11,10,53,8.456452273,198,216,25.03406965,24.37253645,9.721138392,7.091853322,481,24,8,6,38,466,8,3,4,15,519,481,195,21,188,10
40,1000,40,5.13,10.3,18,37,23,956,22,11,11,44,7.708792416,110,108,10.93147033,10.51019312,7.521787048,7.887746672,469,11,8,1,20,487,11,3,10,24,489,511,73,35,81,29
34,1000,40,5.13,10.3,18,37,94,949,26,18,7,51,8.571974923,222,237,39.78478753,41.00999584,10.25847325,6.737599912,483,19,14,5,38,466,7,4,2,13,521,479,214,23,210,12
33,1000,40,5.13,10.3,18,37,96,955,27,14,4,45,8.163301696,245,241,67.73405528,57.3413293,9.890075263,6.373224821,475,19,11,4,34,480,8,3,0,11,509,491,222,19,229,16
37,1000,40,5.13,10.3,18,37,88,959,21,14,6,41,8.136040662,232,231,27.11168298,28.58930736,9.187553559,7.117646282,462,19,8,3,30,497,2,6,3,11,492,508,214,17,219,13
36,1000,40,5.13,10.3,18,37,91,954,27,10,9,46,8.012599573,246,256,36.44834109,35.93336355,9.789607145,6.345794022,453,19,7,5,31,501,8,3,4,15,484,516,238,18,233,13
38,1000,40,5.13,10.3,18,37,85,948,32,11,9,52,8.208732509,226,207,23.59087316,24.56394738,9.542857247,6.947283826,450,24,7,5,36,498,8,4,4,16,486,514,185,22,207,19
39,1000,40,5.13,10.3,18,37,85,950,34,6,10,50,8.25864935,218,211,27.26591075,28.97856947,9.521965716,6.964645136,469,23,5,9,37,481,11,1,1,13,506,494,193,18,199,19
35,1000,40,5.13,10.3,18,37,94,947,32,11,10,53,8.445150506,202,211,25.67806798,24.9128689,9.747832973,7.039553416,481,24,8,6,38,466,8,3,4,15,519,481,190,21,191,11
34,1000,40,5.13,10.3,18,37,95,947,28,18,7,53,8.547959219,240,252,41.7343891,43.23503094,10.27519264,6.669277354,482,20,14,5,39,465,8,4,2,14,521,479,232,20,227,13
40,1000,40,5.13,10.3,18,37,24,956,22,11,11,44,7.736537439,89,114,10.97806162,10.57875382,7.56517187,7.900525234,469,11,8,1,20,487,11,3,10,24,489,511,77,37,69,20
33,1000,40,5.13,10.3,18,37,97,955,26,14,5,45,8.165115656,238,262,69.81640578,59.17256265,9.899914765,6.366719024,475,19,11,4,34,480,7,3,1,11,509,491,234,28,220,18
37,1000,40,5.13,10.3,18,37,89,959,23,13,5,41,8.125703764,213,227,28.20983382,30.00533703,9.233183453,7.053105324,461,20,8,3,31,498,3,5,2,10,492,508,211,16,206,7
36,1000,40,5.13,10.3,18,37,92,952,28,11,9,48,8.016316391,265,262,37.76728436,37.21774907,9.808397953,6.335371669,452,20,7,5,32,500,8,4,4,16,484,516,248,14,245,20
39,1000,40,5.13,10.3,18,37,86,951,31,7,11,49,8.267698971,203,225,28.57458882,30.11710498,9.580457191,6.923051887,469,22,5,10,37,482,9,2,1,12,506,494,206,19,192,11
38,1000,40,5.13,10.3,18,37,86,948,32,11,9,52,8.224860618,202,227,24.4266413,25.32585001,9.564967663,6.957755514,450,24,7,5,36,498,8,4,4,16,486,514,200,27,191,11
35,1000,40,5.13,10.3,18,37,95,945,33,12,10,55,8.536454359,205,222,26.63986948,25.82381694,9.877948474,7.08897942,479,25,9,6,40,466,8,3,4,15,519,481,199,23,195,10
34,1000,40,5.13,10.3,18,37,96,946,28,18,8,54,8.575396178,227,234,43.78437109,45.47196175,10.34333952,6.652434834,481,20,14,6,40,465,8,4,2,14,521,479,218,16,216,11
40,1000,40,5.13,10.3,18,37,25,956,21,12,11,44,7.735659487,104,100,11.04167543,10.65381654,7.597476364,7.867893434,469,10,9,1,20,487,11,3,10,24,489,511,67,33,78,26
33,1000,40,5.13,10.3,18,37,98,955,26,14,5,45,8.180293924,243,254,72.01589505,61.11221352,9.922933777,6.373769106,475,19,11,4,34,480,7,3,1,11,509,491,236,18,224,19
37,1000,40,5.13,10.3,18,37,90,960,23,12,5,40,8.125551423,229,253,29.46046325,31.4808322,9.292212323,6.995635748,461,20,8,3,31,499,3,4,2,9,492,508,227,26,214,15
36,1000,40,5.13,10.3,18,37,93,953,28,10,9,47,8.010559069,265,257,39.48242253,38.76363332,9.847408867,6.287622437,453,20,6,5,31,500,8,4,4,16,484,516,241,16,242,23
39,1000,40,5.13,10.3,18,37,87,949,33,7,11,51,8.26887194,211,232,29.62756528,31.04583105,9.6319935,6.872638116,467,24,5,10,39,482,9,2,1,12,506,494,209,23,204,7
38,1000,40,5.13,10.3,18,37,87,948,32,11,9,52,8.212110914,234,206,25.08425165,25.95163332,9.624870475,6.876311017,449,25,7,5,37,499,7,4,4,15,486,514,187,19,224,10
35,1000,40,5.13,10.3,18,37,96,947,33,11,9,53,8.548676372,219,225,27.86575046,26.92993783,9.951076083,7.035484167,479,25,9,6,40,468,8,2,3,13,519,481,208,17,204,15
34,1000,40,5.13,10.3,18,37,97,946,28,19,7,54,8.564222398,226,255,45.99354803,48.03329031,10.37405987,6.59569354,480,21,14,6,41,466,7,5,1,13,521,479,237,18,215,11
33,1000,40,5.13,10.3,18,37,99,954,27,14,5,46,8.198845178,251,256,76.45014846,64.35478932,9.976599113,6.355919002,474,20,11,4,35,480,7,3,1,11,509,491,233,23,241,10
37,1000,40,5.13,10.3,18,37,91,960,23,12,5,40,8.09426879,235,236,30.65596562,33.03218105,9.299932976,6.926578279,461,20,8,3,31,499,3,4,2,9,492,508,222,14,222,13
36,1000,40,5.13,10.3,18,37,94,954,28,10,8,46,8.04681147,274,252,41.03400058,40.39145614,9.950977338,6.260733407,453,20,6,5,31,501,8,4,3,15,484,516,235,17,251,23
40,1000,40,5.13,10.3,18,37,26,955,22,11,12,45,7.769728618,103,108,11.12414683,10.77337886,7.651130073,7.883221159,467,11,9,2,22,488,11,2,10,23,489,511,63,45,86,17
39,1000,40,5.13,10.3,18,37,88,949,33,7,11,51,8.27065932,222,209,30.71582057,32.31936031,9.671609712,6.835677745,467,24,5,10,39,482,9,2,1,12,506,494,190,19,205,17
38,1000,40,5.13,10.3,18,37,88,948,32,11,9,52,8.214225079,221,218,25.91470455,26.79539044,9.672314176,6.83556496,449,25,7,5,37,499,7,4,4,15,486,514,196,22,214,7
35,1000,40,5.13,10.3,18,37,97,946,34,10,10,54,8.540539566,215,236,29.21284701,28.26336552,10.01004099,6.95494448,479,25,8,7,40,467,9,2,3,14,519,481,215,21,204,11
34,1000,40,5.13,10.3,18,37,98,947,27,19,7,53,8.542478281,253,245,48.29916183,50.62476821,10.39611142,6.526313635,480,21,14,6,41,467,6,5,1,12,521,479,225,20,235,18
33,1000,40,5.13,10.3,18,37,100,954,27,14,5,46,8.212663348,243,254,85.95697357,71.11805093,10.03389041,6.324670322,474,20,11,4,35,480,7,3,1,11,509,491,236,18,230,13
37,1000,40,5.13,10.3,18,37,92,958,25,12,5,42,8.082920536,234,254,31.71081948,34.19473748,9.348222313,6.857470783,460,21,8,3,32,498,4,4,2,10,492,508,227,27,219,15
36,1000,40,5.13,10.3,18,37,95,954,28,10,8,46,8.030317398,260,265,42.92841715,42.16067884,9.979256453,6.20224278,453,20,6,5,31,501,8,4,3,15,484,516,254,11,238,22
40,1000,40,5.13,10.3,18,37,27,952,24,13,11,48,7.802921769,114,122,11.19149136,10.83955006,7.725048663,7.877442217,466,12,9,2,23,486,12,4,9,25,489,511,88,34,93,21
39,1000,40,5.13,10.3,18,37,89,950,33,6,11,50,8.273599679,199,207,31.74393536,33.45042061,9.702596464,6.809890423,467,24,5,10,39,483,9,1,1,11,506,494,185,22,189,10
38,1000,40,5.13,10.3,18,37,89,949,31,11,9,51,8.186922416,237,229,26.61756625,27.57433683,9.679574105,6.775582492,449,25,7,5,37,500,6,4,4,14,486,514,210,19,228,9
35,1000,40,5.13,10.3,18,37,98,948,34,8,10,52,8.544169219,229,219,30.51954265,29.49348511,10.02447529,6.946915891,480,25,7,7,39,468,9,1,3,13,519,481,205,14,216,13
34,1000,40,5.13,10.3,18,37,99,949,24,20,7,51,8.51199547,245,258,50.90540916,53.73897093,10.37838175,6.481959458,482,19,14,6,39,467,5,6,1,12,521,479,235,23,228,17
33,1000,40,5.13,10.3,18,37,101,954,27,14,5,46,8.206706724,259,252,88.65691285,73.46090617,10.06073632,6.284708627,474,20,11,4,35,480,7,3,1,11,509,491,238,14,243,16
37,1000,40,5.13,10.3,18,37,93,958,25,12,5,42,8.126957124,254,240,32.94530278,35.39071457,9.403882299,6.890250064,460,21,8,3,32,498,4,4,2,10,492,508,229,11,235,19
36,1000,40,5.13,10.3,18,37,96,954,28,10,8,46,8.036944461,272,280,44.42435418,43.66974188,10.06524136,6.134433419,452,21,6,5,32,502,7,4,3,14,484,516,260,20,257,15
40,1000,40,5.13,10.3,18,37,28,951,24,14,11,49,7.808525907,120,120,11.24982825,10.8885652,7.768928961,7.846418093,465,12,10,2,24,486,12,4,9,25,489,511,85,35,95,25
39,1000,40,5.13,10.3,18,37,90,950,33,6,11,50,8.266129753,214,224,33.00919572,34.75661339,9.744943762,6.751393136,466,25,5,10,40,484,8,1,1,10,506,494,202,22,204,10
38,1000,40,5.13,10.3,18,37,90,949,31,11,9,51,8.194833428,236,258,27.41039037,28.55019119,9.735935851,6.73768211,449,25,7,5,37,500,6,4,4,14,486,514,235,23,222,14
35,1000,40,5.13,10.3,18,37,99,948,34,8,10,52,8.545704451,218,234,31.82205612,30.71209064,10.06948407,6.90154307,480,25,7,7,39,468,9,1,3,13,519,481,210,24,203,15
34,1000,40,5.13,10.3,18,37,100,950,23,20,7,50,8.462244519,266,261,53.63406296,56.59555339,10.39901134,6.355656811,482,19,14,6,39,468,4,6,1,11,521,479,236,25,242,24
33,1000,40,5.13,10.3,18,37,102,952,29,14,5,48,8.241709981,242,260,99.63210842,81.04403816,10.11822571,6.296401416,473,21,11,4,36,479,8,3,1,12,509,491,236,24,232,10
37,1000,40,5.13,10.3,18,37,94,958,25,12,5,42,8.136744648,242,244,33.83245159,36.36937544,9.436779246,6.877656022,460,21,8,3,32,498,4,4,2,10,492,508,222,22,229,13
36,1000,40,5.13,10.3,18,37,97,954,27,11,8,46,8.030928764,278,296,45.93693467,45.13277734,10.09372419,6.096058638,452,20,7,5,32,502,7,4,3,14,484,516,276,20,265,13
39,1000,40,5.13,10.3,18,37,91,950,33,6,11,50,8.300829603,230,226,34.64637107,36.35654237,9.821965826,6.742742702,466,25,5,10,40,484,8,1,1,10,506,494,207,19,223,7
38,1000,40,5.13,10.3,18,37,91,949,30,12,9,51,8.20615924,232,221,28.21941841,29.32727873,9.805858698,6.693602944,449,24,8,5,37,500,6,4,4,14,486,514,202,19,216,16
40,1000,40,5.13,10.3,18,37,29,952,25,13,10,48,7.837823855,99,125,11.30437279,10.96651514,7.814249163,7.860383591,464,13,10,2,25,488,12,3,8,23,489,511,87,38,70,29
35,1000,40,5.13,10.3,18,37,100,948,34,8,10,52,8.527427286,214,236,33.79916797,32.46516563,10.10814548,6.821829066,480,25,7,7,39,468,9,1,3,13,519,481,212,24,202,12
34,1000,40,5.13,10.3,18,37,101,950,24,19,7,50,8.458935587,241,279,56.29236036,59.37583388,10.41313404,6.333387788,482,19,14,6,39,468,5,5,1,11,521,479,248,31,229,12
33,1000,40,5.13,10.3,18,37,103,951,30,14,5,49,8.248664262,251,257,108.6997638,87.58826664,10.12930338,6.299081144,472,22,11,4,37,479,8,3,1,12,509,491,239,18,233,18
37,1000,40,5.13,10.3,18,37,95,956,27,12,5,44,8.150427589,256,273,34.9832967,37.53310991,9.477249477,6.865395366,458,23,8,3,34,498,4,4,2,10,492,508,258,15,243,13
36,1000,40,5.13,10.3,18,37,98,954,27,11,8,46,8.024828758,276,278,47.2719334,46.51208232,10.14346135,6.037584233,452,20,7,5,32,502,7,4,3,14,484,516,252,26,270,6
39,1000,40,5.13,10.3,18,37,92,949,33,7,11,51,8.308310367,229,213,35.98695939,37.53787978,9.86739188,6.711356427,465,26,5,10,41,484,7,2,1,10,506,494,190,23,212,17
38,1000,40,5.13,10.3,18,37,92,948,31,12,9,52,8.23334124,240,232,29.25830557,30.23147604,9.870822953,6.685060866,449,24,8,5,37,499,7,4,4,15,486,514,219,13,225,15
35,1000,40,5.13,10.3,18,37,101,946,35,9,10,54,8.528749909,241,237,35.35395796,33.87585779,10.15180837,6.77746645,479,26,7,7,40,467,9,2,3,14,519,481,224,13,229,12
34,1000,40,5.13,10.3,18,37,102,949,25,19,7,51,8.435827302,239,258,58.30211722,61.30392386,10.41558564,6.28247846,482,19,14,6,39,467,6,5,1,12,521,479,244,14,227,12
40,1000,40,5.13,10.3,18,37,30,952,24,14,10,48,7.846748484,120,107,11.37610331,11.0656564,7.847130127,7.846383272,464,13,10,2,25,488,11,4,8,23,489,511,79,28,97,23
33,1000,40,5.13,10.3,18,37,104,950,30,15,5,50,8.24959016,263,256,117.4142009,93.59629918,10.16164686,6.267437695,471,22,12,4,38,479,8,3,1,12,509,491,238,18,247,16
41,1000,40,5.13,10.3,18,37,0,935,30,18,17,65,7.274,86,96,10.02283597,9.146835983,6.670756646,7.851272016,464,14,6,5,25,471,16,12,12,40,489,511,54,42,57,29
37,1000,40,5.13,10.3,18,37,96,956,26,11,7,44,8.168067039,261,267,36.27294073,39.39173687,9.519365008,6.859329635,458,22,9,3,34,498,4,2,4,10,492,508,256,11,245,16
36,1000,40,5.13,10.3,18,37,99,954,27,11,8,46,8.018746095,276,284,49.51142913,48.62041449,10.17788811,5.99350436,451,21,7,5,33,503,6,4,3,13,484,516,262,22,266,10
39,1000,40,5.13,10.3,18,37,93,949,33,7,11,51,8.358820004,243,250,38.0877721,39.62250899,9.953043625,6.725870303,465,26,5,10,41,484,7,2,1,10,506,494,233,17,224,19
38,1000,40,5.13,10.3,18,37,93,948,31,12,9,52,8.198297991,245,241,30.59745611,31.69592567,9.857743315,6.629250467,449,24,8,5,37,499,7,4,4,15,486,514,224,17,228,17
35,1000,40,5.13,10.3,18,37,102,946,34,10,10,54,8.52300419,238,238,37.29252533,35.69679868,10.20156747,6.711830921,479,25,8,7,40,467,9,2,3,14,519,481,220,18,223,15
34,1000,40,5.13,10.3,18,37,103,950,24,19,7,50,8.404408994,264,267,61.92118666,64.87612589,10.43579436,6.194906333,482,19,14,6,39,468,5,5,1,11,521,479,242,25,250,14
40,1000,40,5.13,10.3,18,37,31,951,25,14,10,49,7.880264406,122,117,11.42588944,11.12871272,7.889301327,7.871616551,463,14,10,2,26,488,11,4,8,23,489,511,85,32,94,28
37,1000,40,5.13,10.3,18,37,97,955,26,13,6,45,8.156988322,274,253,38.38581777,41.73949442,9.543169037,6.814466841,458,21,11,2,34,497,5,2,4,11,492,508,242,11,263,11
36,1000,40,5.13,10.3,18,37,100,954,28,11,7,46,7.986299912,272,292,51.19847406,50.48850215,10.20946894,5.901001829,450,22,7,5,34,504,6,4,2,12,484,516,271,21,263,9
41,1000,40,5.13,10.3,18,37,1,936,29,18,17,64,7.282439895,97,93,10.02415484,9.163290693,6.678942374,7.859955135,464,14,6,5,25,472,15,12,12,39,489,511,65,28,66,31
39,1000,40,5.13,10.3,18,37,94,948,34,7,11,52,8.348769039,238,241,40.08338754,41.65273794,9.973961097,6.684098633,464,27,5,10,42,484,7,2,1,10,506,494,219,22,219,19
38,1000,40,5.13,10.3,18,37,94,948,31,12,9,52,8.205793125,246,256,32.08597084,33.19172746,9.892217586,6.611236144,449,24,8,5,37,499,7,4,4,15,486,514,234,22,236,10
35,1000,40,5.13,10.3,18,37,103,946,34,10,10,54,8.550075508,219,237,39.45993613,37.67378871,10.25198827,6.713708099,478,26,8,7,41,468,8,2,3,13,519,481,223,14,209,10
34,1000,40,5.13,10.3,18,37,104,950,24,19,7,50,8.363634975,273,253,65.42749956,69.0295102,10.45834895,6.085250884,481,20,14,6,40,469,4,5,1,10,521,479,247,6,255,18
42,1000,40,5.13,10.3,18,37,0,937,36,10,17,63,7.154,104,117,9.941912099,8.92502086,6.32046332,8.049792531,494,17,3,4,24,443,19,7,13,39,518,482,62,55,68,36
37,1000,40,5.13,10.3,18,37,98,954,27,13,6,46,8.219219984,271,284,39.85029197,43.21970502,9.607371876,6.874789412,457,22,11,2,35,497,5,2,4,11,492,508,262,22,259,12
36,1000,40,5.13,10.3,18,37,101,954,28,10,8,46,7.977892482,284,303,53.04718895,52.48920544,10.24165331,5.854519917,450,22,6,6,34,504,6,4,2,12,484,516,288,15,276,8
40,1000,40,5.13,10.3,18,37,32,953,24,13,10,47,7.85251243,126,137,11.47989042,11.21277895,7.877292576,7.828799139,464,14,9,2,25,489,10,4,8,22,489,511,102,35,99,27
41,1000,40,5.13,10.3,18,37,2,937,29,17,17,63,7.320087097,107,106,10.03416639,9.188419783,6.753067806,7.8626946,464,14,6,5,25,473,15,11,12,38,489,511,60,46,67,40
39,1000,40,5.13,10.3,18,37,95,948,34,7,11,52,8.369684994,251,254,41.69191786,43.50542205,10.03936153,6.659449518,464,27,5,10,42,484,7,2,1,10,506,494,228,26,237,14
38,1000,40,5.13,10.3,18,37,95,948,31,12,9,52,8.214458643,228,237,33.3204218,34.38214301,9.944985584,6.578201652,449,24,8,5,37,499,7,4,4,15,486,514,216,21,217,11
35,1000,40,5.13,10.3,18,37,104,946,34,10,10,54,8.543437153,225,251,41.31949376,39.40298076,10.27318996,6.677030276,478,26,8,7,41,468,8,2,3,13,519,481,239,12,215,10
43,1000,40,5.13,10.3,18,37,0,941,30,14,15,59,7.236,101,127,10.12984477,9.159184804,6.385395538,8.063116371,477,9,5,2,16,464,21,9,13,43,493,507,65,62,74,27
42,1000,40,5.13,10.3,18,37,1,937,34,11,18,63,7.200321273,91,105,9.944223517,8.957944217,6.351865002,8.112147721,494,17,3,4,24,443,17,8,14,39,518,482,55,50,59,32
37,1000,40,5.13,10.3,18,37,99,954,26,13,7,46,8.214998206,264,278,41.81076717,45.41042754,9.651439646,6.823799016,457,21,11,3,35,497,5,2,4,11,492,508,259,19,257,7
36,1000,40,5.13,10.3,18,37,102,954,28,10,8,46,7.892005308,295,292,54.99197743,54.61095917,10.22689541,5.701914591,450,22,6,6,34,504,6,4,2,12,484,516,280,12,282,13
41,1000,40,5.13,10.3,18,37,3,937,30,16,17,63,7.321825979,115,92,10.04762795,9.198438094,6.774043675,7.846024701,464,14,6,5,25,473,16,10,12,38,489,511,51,41,88,27
39,1000,40,5.13,10.3,18,37,96,948,34,7,11,52,8.329723077,257,257,44.10626319,45.75770723,10.06738673,6.549848969,464,27,5,10,42,484,7,2,1,10,506,494,240,17,234,23
40,1000,40,5.13,10.3,18,37,33,954,23,13,10,46,7.842198635,149,119,11.55014172,11.30286016,7.878394625,7.807560985,465,13,9,2,24,489,10,4,8,22,489,511,81,38,131,18
38,1000,40,5.13,10.3,18,37,96,948,31,12,9,52,8.210097605,235,276,35.04670399,36.02699562,10.00337827,6.514505377,448,25,8,5,38,500,6,4,4,14,486,514,251,25,220,15
42,1000,40,5.13,10.3,18,37,2,937,34,10,19,63,7.214267301,94,110,9.936667731,8.974187741,6.393358524,8.096488766,494,17,2,5,24,443,17,8,14,39,518,482,58,52,64,30
43,1000,40,5.13,10.3,18,37,1,940,31,14,15,60,7.279474074,94,108,10.15756493,9.173879425,6.412156419,8.122842129,477,9,5,2,16,463,22,9,13,44,493,507,61,47,70,24
37,1000,40,5.13,10.3,18,37,100,953,26,14,7,47,8.251921925,285,285,43.58839728,47.36817165,9.756191453,6.795030965,456,21,12,3,36,497,5,2,4,11,492,508,262,23,276,9
36,1000,40,5.13,10.3,18,37,103,954,28,10,8,46,7.929819184,301,302,57.4447951,57.25735829,10.31755447,5.6901605,450,22,6,6,34,504,6,4,2,12,484,516,287,15,287,14
41,1000,40,5.13,10.3,18,37,4,938,28,17,17,62,7.364513774,103,112,10.04304818,9.221235214,6.845116234,7.861549777,464,13,7,5,25,474,15,10,12,37,489,511,70,42,64,39
39,1000,40,5.13,10.3,18,37,97,945,36,8,11,55,8.330169905,251,270,46.23674711,47.80698184,10.14435983,6.471910584,464,26,6,10,42,481,10,2,1,13,506,494,253,17,238,13
38,1000,40,5.13,10.3,18,37,97,950,31,11,8,50,8.178565697,253,288,36.30205175,37.42138497,10.0861879,6.374860661,448,25,8,5,38,502,6,3,3,12,486,514,270,18,243,10
40,1000,40,5.13,10.3,18,37,34,956,21,13,10,44,7.846846205,131,112,11.59878885,11.35392771,7.906714663,7.789555253,466,12,9,2,23,490,9,4,8,21,489,511,78,34,108,23
42,1000,40,5.13,10.3,18,37,3,940,32,9,19,60,7.225854139,105,108,9.952614131,9.033648617,6.411410816,8.101127254,495,16,2,5,23,445,16,7,14,37,518,482,55,53,68,37
43,1000,40,5.13,10.3,18,37,2,944,29,13,14,56,7.218668068,88,98,10.19406608,9.215562391,6.415956992,7.999213553,478,8,5,2,15,466,21,8,12,41,493,507,55,43,66,22
37,1000,40,5.13,10.3,18,37,101,952,28,14,6,48,8.206452483,279,295,45.73519177,49.44554295,9.795968756,6.666999715,455,22,12,3,37,497,6,2,3,11,492,508,273,22,266,13
36,1000,40,5.13,10.3,18,37,104,954,28,10,8,46,7.956178071,300,316,59.16659285,59.28612682,10.36561637,5.6961623,449,23,6,6,35,505,5,4,2,11,484,516,290,26,285,15
44,1000,40,5.13,10.3,18,37,0,937,31,14,18,63,7.515,94,90,9.988698893,9.246075112,6.804526749,8.186770428,467,10,4,5,19,470,21,10,13,44,486,514,48,42,63,31
41,1000,40,5.13,10.3,18,37,5,940,27,17,16,60,7.351539333,102,107,10.08585724,9.267130932,6.849882448,7.831598465,464,13,7,5,25,476,14,10,11,35,489,511,61,46,67,35
39,1000,40,5.13,10.3,18,37,98,946,36,7,11,54,8.346413521,259,246,48.13625055,49.40640063,10.1925911,6.455389527,464,26,6,10,42,482,10,1,1,12,506,494,239,7,240,19
38,1000,40,5.13,10.3,18,37,98,949,32,11,8,51,8.209482155,276,251,38.32470463,39.41317436,10.13718115,6.386794003,447,26,8,5,39,502,6,3,3,12,486,514,236,15,262,14
42,1000,40,5.13,10.3,18,37,4,939,33,8,20,61,7.218394537,102,114,9.950640365,9.0765104,6.424545602,8.071535094,494,17,2,5,24,445,16,6,15,37,518,482,55,59,72,30
40,1000,40,5.13,10.3,18,37,35,956,21,13,10,44,7.85267379,113,114,11.63565138,11.42220923,7.926691145,7.781843092,466,12,9,2,23,490,9,4,8,21,489,511,90,24,89,24
37,1000,40,5.13,10.3,18,37,102,952,28,14,6,48,8.235173983,293,296,47.66170828,51.36561208,9.867072452,6.65467389,455,22,12,3,37,497,6,2,3,11,492,508,275,21,276,17
43,1000,40,5.13,10.3,18,37,3,944,29,13,14,56,7.26848191,82,112,10.25157469,9.267404352,6.485259479,8.030076897,478,8,5,2,15,466,21,8,12,41,493,507,65,47,56,26
44,1000,40,5.13,10.3,18,37,1,940,29,15,16,60,7.489445301,84,104,9.969941594,9.275957296,6.811458115,8.130499332,467,10,4,5,19,473,19,11,11,41,486,514,65,39,61,23
41,1000,40,5.13,10.3,18,37,6,939,29,17,15,61,7.372948608,97,86,10.09689461,9.316252309,6.905565803,7.820209256,464,13,7,5,25,475,16,10,10,36,489,511,50,36,70,27
39,1000,40,5.13,10.3,18,37,99,946,36,8,10,54,8.374480904,243,263,50.05810836,51.53978391,10.24272929,6.460849962,464,26,7,9,42,482,10,1,1,12,506,494,246,17,232,11
38,1000,40,5.13,10.3,18,37,99,947,34,11,8,53,8.231582396,267,281,40.24080958,41.28940379,10.14299801,6.424290585,447,26,8,5,39,500,8,3,3,14,486,514,259,22,252,15
42,1000,40,5.13,10.3,18,37,5,941,32,8,19,59,7.217071455,107,108,9.958953797,9.114174275,6.441352559,8.050727863,495,16,2,5,23,446,16,6,14,36,518,482,56,52,75,32
37,1000,40,5.13,10.3,18,37,103,951,28,15,6,49,8.242490841,268,295,50.20181117,54.4348183,9.91309438,6.624504736,454,22,13,3,38,497,6,2,3,11,492,508,279,16,261,7
43,1000,40,5.13,10.3,18,37,4,946,27,13,14,54,7.275508081,95,106,10.29642324,9.328723105,6.50168548,8.0279628,479,7,5,2,14,467,20,8,12,40,493,507,65,41,71,24
40,1000,40,5.13,10.3,18,37,36,955,22,13,10,45,7.883078717,112,126,11.72669512,11.53683638,7.977737695,7.792495076,465,13,9,2,24,490,9,4,8,21,489,511,89,37,95,17
44,1000,40,5.13,10.3,18,37,2,941,28,15,16,59,7.523102594,79,108,9.991546186,9.311314756,6.868230802,8.142300436,467,10,4,5,19,474,18,11,11,40,486,514,62,46,55,24
41,1000,40,5.13,10.3,18,37,7,938,30,17,15,62,7.375337117,108,99,10.11048259,9.357686548,6.913125458,7.817649254,464,13,7,5,25,474,17,10,10,37,489,511,49,50,75,33
39,1000,40,5.13,10.3,18,37,100,946,34,10,10,54,8.35287611,259,251,52.6345737,54.23488217,10.27052482,6.388644844,464,24,9,9,42,482,10,1,1,12,506,494,237,14,244,15
38,1000,40,5.13,10.3,18,37,100,947,34,11,8,53,8.242920532,262,291,41.58698589,42.73603485,10.17706732,6.414135827,447,26,8,5,39,500,8,3,3,14,486,514,270,21,248,14
42,1000,40,5.13,10.3,18,37,6,941,32,8,19,59,7.230962815,88,101,9.973572255,9.148889336,6.473100893,8.045428532,495,16,2,5,23,446,16,6,14,36,518,482,59,42,61,27
37,1000,40,5.13,10.3,18,37,104,951,28,15,6,49,8.224108049,281,303,52.79049254,57.26594626,9.96231479,6.540647977,454,22,13,3,38,497,6,2,3,11,492,508,276,27,268,13
45,1000,40,5.13,10.3,18,37,0,944,32,13,11,56,6.94,98,111,10.00052897,9.061282374,6.09127789,7.765285996,473,14,5,1,20,471,18,8,10,36,493,507,60,51,71,27
43,1000,40,5.13,10.3,18,37,5,946,29,12,13,54,7.285274858,90,116,10.3231112,9.349718415,6.47383836,8.074304825,479,9,4,1,14,467,20,8,12,40,493,507,62,54,64,26
44,1000,40,5.13,10.3,18,37,3,942,27,14,17,58,7.560702959,95,117,9.99487366,9.363284652,6.905290099,8.180412394,468,10,3,5,18,474,17,11,12,40,486,514,67,50,58,37
40,1000,40,5.13,10.3,18,37,37,957,21,13,9,43,7.883350855,94,126,11.78988973,11.6274099,8.040775407,7.732703877,464,14,9,2,25,493,7,4,7,18,489,511,83,43,78,16
41,1000,40,5.13,10.3,18,37,8,939,30,16,15,61,7.379999867,79,121,10.1438133,9.404254088,6.912052209,7.827801051,464,13,7,5,25,475,17,9,10,36,489,511,79,42,55,24
39,1000,40,5.13,10.3,18,37,101,945,33,11,11,55,8.3809513,259,255,55.20491838,56.89168226,10.33690006,6.377489611,463,24,10,9,43,482,9,1,2,12,506,494,233,22,247,12
38,1000,40,5.13,10.3,18,37,101,947,34,11,8,53,8.249692409,274,274,42.94455709,44.28593855,10.19405882,6.411244787,447,26,8,5,39,500,8,3,3,14,486,514,259,15,256,18
42,1000,40,5.13,10.3,18,37,7,939,34,7,20,61,7.317678935,104,95,9.999993236,9.185125684,6.542411004,8.150850696,495,16,2,5,23,444,18,5,15,38,518,482,53,42,72,32
43,1000,40,5.13,10.3,18,37,6,947,28,12,13,53,7.287528168,103,130,10.34709153,9.43309554,6.475266599,8.077360423,479,9,4,1,14,468,19,8,12,39,493,507,78,52,70,33
45,1000,40,5.13,10.3,18,37,1,943,33,13,11,57,6.960408062,71,110,10.02296775,9.094492836,6.117637835,7.779906528,472,15,5,1,21,471,18,8,10,36,493,507,66,44,50,21
44,1000,40,5.13,10.3,18,37,4,943,27,13,17,57,7.541654451,95,81,10.01315702,9.407243524,6.898438247,8.14983164,468,10,3,5,18,475,17,10,12,39,486,514,50,31,72,23
41,1000,40,5.13,10.3,18,37,9,940,29,16,15,60,7.399849717,104,109,10.19021863,9.481419659,6.951537918,7.828860422,464,13,7,5,25,476,16,9,10,35,489,511,63,46,66,38
40,1000,40,5.13,10.3,18,37,38,955,23,13,9,45,7.904812072,130,120,11.8726494,11.69106945,8.090254081,7.727353868,463,15,9,2,26,492,8,4,7,19,489,511,88,32,108,22
39,1000,40,5.13,10.3,18,37,102,944,33,12,11,56,8.400820048,264,279,58.38631342,60.38581372,10.40436269,6.348608357,462,24,11,9,44,482,9,1,2,12,506,494,255,24,253,11
38,1000,40,5.13,10.3,18,37,102,948,34,10,8,52,8.258394225,287,286,44.96962571,46.45876432,10.25517198,6.370390355,447,26,8,5,39,501,8,2,3,13,486,514,270,16,270,17
42,1000,40,5.13,10.3,18,37,8,940,33,7,20,60,7.374856677,100,120,9.999380407,9.216407993,6.616118527,8.190264067,495,16,2,5,23,445,17,5,15,37,518,482,61,59,70,30
43,1000,40,5.13,10.3,18,37,7,948,27,12,13,52,7.319462938,102,107,10.40320689,9.496817951,6.527543132,8.089515137,479,9,4,1,14,469,18,8,12,38,493,507,66,41,76,26
44,1000,40,5.13,10.3,18,37,5,943,28,12,17,57,7.56762901,104,95,10.0368981,9.429005347,6.928307028,8.172124114,468,10,3,5,18,475,18,9,12,39,486,514,54,41,73,31
45,1000,40,5.13,10.3,18,37,2,943,34,13,10,57,6.974829393,107,113,10.05713088,9.127652176,6.134415901,7.792036201,472,15,5,1,21,471,19,8,9,36,493,507,59,54,80,27
41,1000,40,5.13,10.3,18,37,10,941,29,13,17,59,7.415782993,104,110,10.19100768,9.513827741,7.008331553,7.805692492,464,13,6,6,25,477,16,7,11,34,489,511,61,49,74,30
39,1000,40,5.13,10.3,18,37,103,943,34,12,11,57,8.397147009,249,261,61.51493871,63.75237452,10.45051404,6.293900613,461,25,11,9,45,482,9,1,2,12,506,494,242,19,241,8
40,1000,40,5.13,10.3,18,37,39,955,23,13,9,45,7.930059561,134,133,11.95948418,11.79738039,8.12757485,7.741047864,463,15,9,2,26,492,8,4,7,19,489,511,102,31,108,26
38,1000,40,5.13,10.3,18,37,103,945,37,10,8,55,8.27786578,277,268,46.87082045,48.5243743,10.31678795,6.350013298,444,29,8,5,42,501,8,2,3,13,486,514,252,16,264,13
42,1000,40,5.13,10.3,18,37,9,942,34,7,17,58,7.369930281,88,102,10.02342982,9.246457265,6.675361743,8.116375308,495,16,2,5,23,447,18,5,12,35,518,482,64,38,63,25
43,1000,40,5.13,10.3,18,37,8,949,26,12,13,51,7.325986398,109,100,10.45453122,9.547560195,6.571857746,8.059290985,479,9,4,1,14,470,17,8,12,37,493,507,55,45,81,28
44,1000,40,5.13,10.3,18,37,6,943,29,12,16,57,7.575849426,92,134,10.06167313,9.460456943,6.912566412,8.203000292,468,11,3,4,18,475,18,9,12,39,486,514,80,54,65,27
45,1000,40,5.13,10.3,18,37,3,944,32,13,11,56,6.997730185,82,107,10.08696202,9.149795478,6.163589388,7.808837509,472,14,6,1,21,472,18,7,10,35,493,507,66,41,63,19
41,1000,40,5.13,10.3,18,37,11,942,28,13,17,58,7.438416154,86,104,10.22390527,9.573140481,7.066089641,7.794712954,464,13,6,6,25,478,15,7,11,33,489,511,73,31,59,27
39,1000,40,5.13,10.3,18,37,104,944,31,14,11,56,8.413700392,247,280,64.57668145,66.8881264,10.53350376,6.242403826,462,23,12,9,44,482,8,2,2,12,506,494,261,19,238,9
46,1000,40,5.13,10.3,18,37,0,946,25,13,16,54,7.07,86,106,9.966315572,8.993819058,6.422764228,7.696850394,474,10,4,4,18,472,15,9,12,36,492,508,61,45,56,30
38,1000,40,5.13,10.3,18,37,104,945,37,10,8,55,8.25935465,271,275,48.58804147,50.20162306,10.36848493,6.265118626,444,29,8,5,42,501,8,2,3,13,486,514,254,21,265,6
47,1000,40,5.13,10.3,18,37,0,937,38,13,12,63,7.145,94,97,9.84215767,8.825278932,6.631578947,7.728632479,508,16,4,4,24,429,22,9,8,39,532,468,47,50,60,34
40,1000,40,5.13,10.3,18,37,40,955,24,13,8,45,7.931176444,133,134,12.05134441,11.93599734,8.158539784,7.713601742,463,15,9,2,26,492,9,4,6,19,489,511,102,32,106,27
42,1000,40,5.13,10.3,18,37,10,943,34,7,16,57,7.358689448,96,99,10.04077688,9.289601956,6.689145049,8.078241312,495,16,2,5,23,448,18,5,11,34,518,482,61,38,67,29
43,1000,40,5.13,10.3,18,37,9,948,27,12,13,52,7.306722228,91,106,10.48978066,9.62614186,6.593372031,8.000374392,478,10,4,1,15,470,17,8,12,37,493,507,62,44,62,29
44,1000,40,5.13,10.3,18,37,7,944,29,9,18,56,7.610316739,98,115,10.09263597,9.496020929,6.981976735,8.204428105,468,11,2,5,18,476,18,7,13,38,486,514,70,45,75,23
45,1000,40,5.13,10.3,18,37,4,944,32,13,11,56,7.039266767,75,111,10.07969159,9.163749538,6.251986842,7.804807206,472,14,6,1,21,472,18,7,10,35,493,507,71,40,48,27
41,1000,40,5.13,10.3,18,37,12,942,29,13,16,58,7.441113313,94,88,10.28370103,9.638462638,7.094438238,7.772863042,464,13,6,6,25,478,16,7,10,33,489,511,52,36,68,26
46,1000,40,5.13,10.3,18,37,1,947,24,13,16,53,7.114111284,97,106,9.996628923,9.027883089,6.463448253,7.744280991,474,10,4,4,18,473,14,9,12,35,492,508,58,48,70,27
47,1000,40,5.13,10.3,18,37,1,939,37,13,11,61,7.137506662,102,99,9.866265986,8.847185045,6.636520102,7.707004204,508,17,4,3,24,431,20,9,8,37,532,468,60,39,69,33
42,1000,40,5.13,10.3,18,37,11,943,35,6,16,57,7.378614687,107,107,10.09136214,9.357818375,6.702322612,8.105418204,495,16,2,5,23,448,19,4,11,34,518,482,53,54,73,34
40,1000,40,5.13,10.3,18,37,41,954,24,14,8,46,7.978816925,132,118,12.15591708,12.05071653,8.22204062,7.746064701,463,15,9,2,26,491,9,5,6,20,489,511,86,32,107,25
43,1000,40,5.13,10.3,18,37,10,951,26,10,13,49,7.286225865,97,122,10.52255816,9.703234665,6.621043724,7.933040057,478,10,4,1,15,473,16,6,12,34,493,507,66,56,68,29
44,1000,40,5.13,10.3,18,37,8,946,28,9,17,54,7.605767428,101,93,10.14455497,9.573866556,7.008092149,8.17088452,468,11,2,5,18,478,17,7,12,36,486,514,59,34,69,32
45,1000,40,5.13,10.3,18,37,5,947,29,13,11,53,7.045976873,110,111,10.10384082,9.20702262,6.255077983,7.815036346,473,13,6,1,20,474,16,7,10,33,493,507,68,43,75,35
41,1000,40,5.13,10.3,18,37,13,942,30,12,16,58,7.46215876,91,113,10.34273125,9.68619154,7.103752349,7.805134758,464,14,5,6,25,478,16,7,10,33,489,511,59,54,66,25
46,1000,40,5.13,10.3,18,37,2,947,24,13,16,53,7.178519633,91,106,10.00678657,9.063769266,6.555364186,7.782048137,473,11,4,4,19,474,13,9,12,34,492,508,65,41,59,32
42,1000,40,5.13,10.3,18,37,12,942,37,6,15,58,7.354189608,83,99,10.1060041,9.394498781,6.719054513,8.03676218,495,16,2,5,23,447,21,4,10,35,518,482,61,38,59,24
47,1000,40,5.13,10.3,18,37,2,941,35,13,11,59,7.160882584,95,102,9.863585448,8.887734193,6.700022425,7.684766353,508,17,4,3,24,433,18,9,8,35,532,468,52,50,63,32
40,1000,40,5.13,10.3,18,37,42,951,27,12,10,49,8.017817144,129,125,12.20493583,12.15575975,8.303856071,7.744093005,460,18,8,3,29,491,9,4,7,20,489,511,94,31,99,30
43,1000,40,5.13,10.3,18,37,11,951,26,10,13,49,7.277010048,89,105,10.57397598,9.771764194,6.629229653,7.906903017,478,10,4,1,15,473,16,6,12,34,493,507,69,36,67,22
44,1000,40,5.13,10.3,18,37,9,945,27,12,16,55,7.66175185,99,112,10.2060835,9.656803449,7.037773308,8.251739344,468,11,3,4,18,477,16,9,12,37,486,514,70,42,79,20
45,1000,40,5.13,10.3,18,37,6,947,29,12,12,53,7.083280986,93,107,10.10520985,9.232759659,6.284967711,7.859550106,472,14,6,1,21,475,15,6,11,32,493,507,65,42,65,28
41,1000,40,5.13,10.3,18,37,14,943,30,11,16,57,7.463736948,124,108,10.3754839,9.737817294,7.136572575,7.776815966,465,14,4,6,24,478,16,7,10,33,489,511,70,38,90,34
46,1000,40,5.13,10.3,18,37,3,947,25,12,16,53,7.241739447,92,106,10.05141265,9.124565211,6.619809417,7.844081129,472,12,4,4,20,475,13,8,12,33,492,508,53,53,58,34
42,1000,40,5.13,10.3,18,37,13,943,36,6,15,57,7.345738231,89,101,10.10647112,9.445733845,6.731878074,8.005446865,495,16,2,5,23,448,20,4,10,34,518,482,60,41,64,25
47,1000,40,5.13,10.3,18,37,3,943,33,13,11,57,7.177853295,98,107,9.870534637,8.93284004,6.721244418,7.696904411,508,17,4,3,24,435,16,9,8,33,532,468,59,48,69,29
43,1000,40,5.13,10.3,18,37,12,952,27,9,12,48,7.247115853,105,129,10.6385265,9.846798544,6.666860363,7.811348509,478,10,4,1,15,474,17,5,11,33,493,507,88,41,83,22
44,1000,40,5.13,10.3,18,37,10,947,25,12,16,53,7.679052118,112,104,10.25735284,9.71667668,7.02706,8.295527155,469,10,3,4,17,478,15,9,12,36,486,514,74,30,83,29
45,1000,40,5.13,10.3,18,37,7,950,27,12,11,50,7.060086999,86,100,10.12964251,9.282202538,6.301272367,7.79794817,472,14,6,1,21,478,13,6,10,29,493,507,64,36,61,25
40,1000,40,5.13,10.3,18,37,43,951,27,11,11,49,8.054352655,118,126,12.32284346,12.28002578,8.375241697,7.747278797,460,18,7,4,29,491,9,4,7,20,489,511,104,22,99,19
41,1000,40,5.13,10.3,18,37,15,944,28,12,16,56,7.473303769,80,111,10.41453557,9.767005346,7.180023225,7.753957752,465,13,5,6,24,479,15,7,10,32,489,511,75,36,62,18
46,1000,40,5.13,10.3,18,37,4,949,25,11,15,51,7.255220501,91,91,10.05990774,9.151199528,6.610566848,7.879570102,473,12,4,3,19,476,13,7,12,32,492,508,47,44,64,27
42,1000,40,5.13,10.3,18,37,14,942,37,6,15,58,7.37706185,90,112,10.13764918,9.472886142,6.749251242,8.051762877,495,16,2,5,23,447,21,4,10,35,518,482,64,48,60,30
47,1000,40,5.13,10.3,18,37,4,942,34,13,11,58,7.227854126,85,109,9.879589532,8.962277816,6.817869,7.693905594,508,17,4,3,24,434,17,9,8,34,532,468,60,49,55,30
43,1000,40,5.13,10.3,18,37,13,952,28,9,11,48,7.24709305,109,119,10.67418797,9.891991184,6.72099205,7.758666606,477,11,4,1,16,475,17,5,10,32,493,507,76,43,76,33
44,1000,40,5.13,10.3,18,37,11,950,24,11,15,50,7.646969748,104,104,10.28888937,9.764513658,7.066570763,8.195751667,469,10,3,4,17,481,14,8,11,33,486,514,65,39,73,31
45,1000,40,5.13,10.3,18,37,8,951,26,12,11,49,7.108455643,101,113,10.16555489,9.32381828,6.406591777,7.790938653,472,14,6,1,21,479,12,6,10,28,493,507,61,52,75,26
41,1000,40,5.13,10.3,18,37,16,945,27,12,16,55,7.491889789,115,86,10.42417165,9.800833872,7.227477514,7.744918364,464,14,5,6,25,481,13,7,10,30,489,511,55,31,80,35
40,1000,40,5.13,10.3,18,37,44,952,26,11,11,48,8.093899715,130,137,12.39528967,12.37622955,8.408620437,7.792728613,461,17,7,4,28,491,9,4,7,20,489,511,105,32,108,22
46,1000,40,5.13,10.3,18,37,5,949,25,11,15,51,7.288702514,84,115,10.03809602,9.152513075,6.636805275,7.920067556,474,11,4,3,18,475,14,7,12,33,492,508,52,63,60,24
42,1000,40,5.13,10.3,18,37,15,943,36,6,15,57,7.387219634,102,111,10.19745785,9.511638653,6.743280982,8.079253289,496,15,2,5,22,447,21,4,10,35,518,482,62,49,74,28
47,1000,40,5.13,10.3,18,37,5,943,34,12,11,57,7.241190094,106,96,9.856635294,8.988304685,6.844619511,7.69199255,508,17,4,3,24,435,17,8,8,33,532,468,44,52,68,38
43,1000,40,5.13,10.3,18,37,14,955,27,7,11,45,7.243346358,113,118,10.69132084,9.94460939,6.739039325,7.733727752,478,11,3,1,15,477,16,4,10,30,493,507,79,39,92,21
44,1000,40,5.13,10.3,18,37,12,949,23,13,15,51,7.688478619,107,118,10.33902238,9.855749321,7.087207483,8.256995686,468,11,3,4,18,481,12,10,11,33,486,514,76,42,83,24
45,1000,40,5.13,10.3,18,37,9,952,25,12,11,48,7.11413203,86,111,10.19087671,9.394199016,6.451788875,7.758185631,472,14,6,1,21,480,11,6,10,27,493,507,69,42,64,22
41,1000,40,5.13,10.3,18,37,17,944,28,12,16,56,7.524346779,98,104,10.45311378,9.830072279,7.26208903,7.775313587,464,14,5,6,25,480,14,7,10,31,489,511,68,36,64,34
40,1000,40,5.13,10.3,18,37,45,951,27,11,11,49,8.108356475,123,119,12.47029085,12.47454211,8.432855044,7.79782849,460,18,7,4,29,491,9,4,7,20,489,511,95,24,101,22
46,1000,40,5.13,10.3,18,37,6,951,24,12,13,49,7.235713555,99,106,10.05977674,9.220765941,6.661001926,7.792324031,475,10,4,3,17,476,14,8,10,32,492,508,52,54,68,31
42,1000,40,5.13,10.3,18,37,16,942,36,7,15,58,7.442709116,92,88,10.23306406,9.568142146,6.790645382,8.143474705,496,15,2,5,22,446,21,5,10,36,518,482,58,30,72,20
47,1000,40,5.13,10.3,18,37,6,947,32,10,11,53,7.214043939,90,82,9.89028601,9.0391747,6.879890743,7.593893299,509,15,5,3,23,438,17,5,8,30,532,468,48,34,58,32
43,1000,40,5.13,10.3,18,37,15,955,25,9,11,45,7.253666116,113,123,10.71022553,9.980937571,6.737896653,7.755193425,478,11,3,1,15,477,14,6,10,30,493,507,80,43,82,31
45,1000,40,5.13,10.3,18,37,10,953,24,13,10,47,7.119628005,109,111,10.23969717,9.464418977,6.489390493,7.73246251,472,13,7,1,21,481,11,6,9,26,493,507,66,45,70,39
44,1000,40,5.13,10.3,18,37,13,949,24,12,15,51,7.718553556,101,115,10.36451033,9.896778345,7.133655578,8.271589388,468,11,3,4,18,481,13,9,11,33,486,514,78,37,75,26
41,1000,40,5.13,10.3,18,37,18,944,27,13,16,56,7.546440639,95,92,10.4959752,9.883115675,7.298429454,7.783774239,465,12,6,6,24,479,15,7,10,32,489,511,61,31,69,26
40,1000,40,5.13,10.3,18,37,46,950,27,11,12,50,8.122872876,144,114,12.57486102,12.61427862,8.455580859,7.804488916,460,17,7,5,29,490,10,4,7,21,489,511,90,24,116,28
46,1000,40,5.13,10.3,18,37,7,954,22,12,12,46,7.238590398,103,99,10.10579752,9.293724526,6.705032641,7.755343186,476,10,4,2,16,478,12,8,10,30,492,508,63,36,68,35
42,1000,40,5.13,10.3,18,37,17,944,35,7,14,56,7.410968971,108,115,10.24830449,9.642970046,6.811253181,8.055476812,496,15,2,5,22,448,20,5,9,34,518,482,71,44,79,29
47,1000,40,5.13,10.3,18,37,7,950,30,9,11,50,7.208261093,96,87,9.912691426,9.10895527,6.875497228,7.586531128,509,15,5,3,23,441,15,4,8,27,532,468,44,43,69,27
43,1000,40,5.13,10.3,18,37,16,955,25,10,10,45,7.276139925,107,143,10.76245945,10.01771409,6.756781356,7.781157231,478,11,3,1,15,477,14,7,9,30,493,507,89,54,77,30
45,1000,40,5.13,10.3,18,37,11,955,23,12,10,45,7.098895434,103,105,10.26653444,9.516903897,6.465796485,7.71451236,473,12,7,1,20,482,11,5,9,25,493,507,67,38,80,23
44,1000,40,5.13,10.3,18,37,14,953,21,11,15,47,7.75224152,108,117,10.41178503,9.982157912,7.190924651,8.282980816,470,9,3,4,16,483,12,8,11,31,486,514,74,43,73,35
41,1000,40,5.13,10.3,18,37,19,943,29,13,15,57,7.56222264,96,106,10.5372607,9.941214904,7.343977187,7.771072008,464,13,6,6,25,479,16,7,9,32,489,511,72,34,78,18
46,1000,40,5.13,10.3,18,37,8,955,21,12,12,45,7.231533639,116,117,10.14960179,9.354934589,6.741417345,7.7062132,476,10,4,2,16,479,11,8,10,29,492,508,72,45,81,35
42,1000,40,5.13,10.3,18,37,18,945,34,6,15,55,7.470526365,102,96,10.27528312,9.680756295,6.853065937,8.13410417,497,14,2,5,21,448,20,4,10,34,518,482,56,40,77,25
40,1000,40,5.13,10.3,18,37,47,953,25,11,11,47,8.102452088,133,121,12.66777257,12.72422767,8.44729549,7.772455173,461,16,7,5,28,492,9,4,6,19,489,511,90,31,109,24
47,1000,40,5.13,10.3,18,37,8,951,28,11,10,49,7.231022795,100,95,9.929748071,9.146609641,6.89032038,7.618316993,509,14,7,2,23,442,14,4,8,26,532,468,58,37,68,32
43,1000,40,5.13,10.3,18,37,17,955,25,10,10,45,7.30407171,112,112,10.80581594,10.07925111,6.778585926,7.815047038,478,11,3,1,15,477,14,7,9,30,493,507,74,38,83,29
45,1000,40,5.13,10.3,18,37,12,958,21,11,10,42,7.081448895,96,102,10.31396218,9.566070524,6.482984586,7.663387563,474,11,7,1,19,484,10,4,9,23,493,507,60,42,69,27
44,1000,40,5.13,10.3,18,37,15,956,22,7,15,44,7.701494319,104,108,10.47646199,10.05739555,7.188311948,8.18672123,470,10,2,4,16,486,12,5,11,28,486,514,70,38,80,24
41,1000,40,5.13,10.3,18,37,20,943,30,12,15,57,7.59405637,95,118,10.6055408,10.00854826,7.402763234,7.777113794,464,13,6,6,25,479,17,6,9,32,489,511,74,44,77,18
46,1000,40,5.13,10.3,18,37,9,953,23,12,12,47,7.264237856,87,107,10.17215119,9.387647723,6.753067774,7.759308094,475,11,4,2,17,478,12,8,10,30,492,508,62,45,61,26
42,1000,40,5.13,10.3,18,37,19,946,31,8,15,54,7.510645486,89,117,10.31465572,9.737111235,6.892524065,8.174933652,498,12,3,5,20,448,19,5,10,34,518,482,81,36,62,27
40,1000,40,5.13,10.3,18,37,48,954,24,11,11,46,8.118161999,137,114,12.76426721,12.85353162,8.484143542,7.767936999,461,16,7,5,28,493,8,4,6,18,489,511,92,22,113,24
47,1000,40,5.13,10.3,18,37,9,952,26,12,10,48,7.234327762,89,97,9.931789172,9.167424307,6.867651722,7.651147534,510,14,6,2,22,442,12,6,8,26,532,468,48,49,63,26
43,1000,40,5.13,10.3,18,37,18,955,25,10,10,45,7.319854559,104,104,10.86710379,10.14079102,6.775745875,7.848938545,478,11,3,1,15,477,14,7,9,30,493,507,72,32,82,22
44,1000,40,5.13,10.3,18,37,16,955,23,7,15,45,7.74175673,99,118,10.51238364,10.14334725,7.257423507,8.199706042,470,10,2,4,16,485,13,5,11,29,486,514,73,45,76,23
45,1000,40,5.13,10.3,18,37,13,958,20,12,10,42,7.102517793,101,94,10.31816855,9.618660032,6.521303774,7.66768251,474,11,7,1,19,484,9,5,9,23,493,507,57,37,77,24
41,1000,40,5.13,10.3,18,37,21,944,29,12,15,56,7.6211542,103,134,10.67927497,10.06050018,7.431914807,7.802246299,464,13,6,6,25,480,16,6,9,31,489,511,89,45,81,22
46,1000,40,5.13,10.3,18,37,10,954,21,12,13,46,7.296109633,108,99,10.16811603,9.429220801,6.779993484,7.795970155,476,9,5,2,16,478,12,7,11,30,492,508,62,37,84,24
42,1000,40,5.13,10.3,18,37,20,948,31,7,14,52,7.527510167,83,113,10.35620487,9.814738936,6.933569709,8.165811323,498,12,3,5,20,450,19,4,9,32,518,482,63,50,63,20
47,1000,40,5.13,10.3,18,37,10,952,26,12,10,48,7.253551872,81,103,9.952581308,9.184237123,6.901806776,7.653398862,510,14,6,2,22,442,12,6,8,26,532,468,65,38,58,23
43,1000,40,5.13,10.3,18,37,19,955,25,10,10,45,7.317683695,112,116,10.90989681,10.21353959,6.821830853,7.799844349,477,12,3,1,16,478,13,7,9,29,493,507,76,40,88,24
44,1000,40,5.13,10.3,18,37,17,955,23,7,15,45,7.733313276,100,116,10.55728348,10.20633947,7.258882259,8.1818998,470,10,2,4,16,485,13,5,11,29,486,514,72,44,74,26
45,1000,40,5.13,10.3,18,37,14,958,20,12,10,42,7.128748675,94,109,10.34151011,9.659782559,6.554271596,7.687362483,474,11,7,1,19,484,9,5,9,23,493,507,64,45,70,24
40,1000,40,5.13,10.3,18,37,49,953,25,11,11,47,8.142720304,141,143,12.87432413,12.9699662,8.545729425,7.757061869,460,17,7,5,29,493,8,4,6,18,489,511,108,35,113,28
41,1000,40,5.13,10.3,18,37,22,945,31,11,13,55,7.604479959,103,107,10.69485019,10.11197773,7.464273083,7.738650531,464,13,6,6,25,481,18,5,7,30,489,511,80,27,83,20
46,1000,40,5.13,10.3,18,37,11,955,21,11,13,45,7.314936226,122,114,10.23050997,9.480171305,6.835929279,7.77885634,476,9,5,2,16,479,12,6,11,29,492,508,75,39,96,26
42,1000,40,5.13,10.3,18,37,21,949,30,7,14,51,7.560391518,109,99,10.40782696,9.865902681,6.973871535,8.190717973,498,12,3,5,20,451,18,4,9,31,518,482,60,39,81,28
44,1000,40,5.13,10.3,18,37,18,955,22,8,15,45,7.760368452,111,111,10.64080219,10.33121698,7.306010331,8.189975546,470,10,2,4,16,485,12,6,11,29,486,514,68,43,87,24
45,1000,40,5.13,10.3,18,37,15,959,21,11,9,41,7.124159002,99,115,10.40533472,9.733224968,6.600803029,7.63306333,474,11,7,1,19,485,10,4,8,22,493,507,72,43,63,36
43,1000,40,5.13,10.3,18,37,20,954,26,10,10,46,7.3462812,95,132,10.94732827,10.28416866,6.826038819,7.852157913,477,12,3,1,16,477,14,7,9,30,493,507,78,54,75,20
47,1000,40,5.13,10.3,18,37,11,954,25,11,10,46,7.270560838,104,107,9.975105446,9.21186654,6.912531734,7.677551186,511,14,5,2,21,443,11,6,8,25,532,468,67,40,73,31
41,1000,40,5.13,10.3,18,37,23,944,32,11,13,56,7.607880239,119,109,10.76529279,10.20308,7.501343017,7.709830732,463,14,6,6,26,481,18,5,7,30,489,511,74,35,90,29
40,1000,40,5.13,10.3,18,37,50,955,24,11,10,45,8.132357456,145,145,13.0041845,13.10917535,8.527670237,7.754064012,461,17,7,4,28,494,7,4,6,17,489,511,112,33,118,27
46,1000,40,5.13,10.3,18,37,12,956,20,11,13,44,7.323597756,107,91,10.26786794,9.539070468,6.852615585,7.779745844,476,9,5,2,16,480,11,6,11,28,492,508,57,34,79,28
42,1000,40,5.13,10.3,18,37,22,949,30,7,14,51,7.563463196,117,105,10.43742971,9.917208867,7.036693721,8.129576449,498,12,3,5,20,451,18,4,9,31,518,482,66,39,92,25
44,1000,40,5.13,10.3,18,37,19,956,22,7,15,44,7.789751716,106,97,10.68760358,10.39932259,7.303541484,8.249475787,471,10,1,4,15,485,12,6,11,29,486,514,55,42,83,23
45,1000,40,5.13,10.3,18,37,16,960,21,11,8,40,7.132428098,99,117,10.45025011,9.809255057,6.634888475,7.616228955,475,10,7,1,18,485,11,4,7,22,493,507,75,42,74,25
43,1000,40,5.13,10.3,18,37,21,956,25,10,9,44,7.337559031,108,127,10.99441797,10.35216002,6.842408023,7.819037231,478,11,3,1,15,478,14,7,8,29,493,507,77,50,83,25
41,1000,40,5.13,10.3,18,37,24,945,32,11,12,55,7.627027688,94,101,10.78437936,10.25507396,7.550611363,7.700154073,463,14,6,6,26,482,18,5,6,29,489,511,73,28,74,20
47,1000,40,5.13,10.3,18,37,12,956,26,8,10,44,7.284098592,115,122,9.970246361,9.235826766,6.948840256,7.665204222,512,14,3,3,20,444,12,5,7,24,532,468,70,52,78,37
40,1000,40,5.13,10.3,18,37,51,954,25,11,10,46,8.156132053,126,115,13.17273339,13.30577948,8.56161953,7.768101962,461,17,7,4,28,493,8,4,6,18,489,511,90,25,102,24
46,1000,40,5.13,10.3,18,37,13,956,20,11,13,44,7.382933071,93,101,10.28836311,9.592569809,6.890436396,7.859918039,476,9,5,2,16,480,11,6,11,28,492,508,63,38,69,24
42,1000,40,5.13,10.3,18,37,23,948,31,7,14,52,7.571896558,95,110,10.4853028,9.98685815,7.075244722,8.105642722,497,13,3,5,21,451,18,4,9,31,518,482,68,42,76,19
44,1000,40,5.13,10.3,18,37,20,954,24,7,15,46,7.820531367,114,111,10.75723695,10.48026839,7.321308261,8.292559441,471,10,1,4,15,483,14,6,11,31,486,514,77,34,87,27
45,1000,40,5.13,10.3,18,37,17,959,22,11,8,41,7.223422451,97,123,10.48488541,9.856980267,6.755543133,7.678382025,474,11,7,1,19,485,11,4,7,22,493,507,72,51,77,20
43,1000,40,5.13,10.3,18,37,22,956,25,10,9,44,7.366853409,126,100,11.04065615,10.4284813,6.888954147,7.831556242,478,11,3,1,15,478,14,7,8,29,493,507,70,30,100,26
41,1000,40,5.13,10.3,18,37,25,944,33,11,12,56,7.634209234,103,118,10.83231469,10.32392117,7.582804979,7.68340039,462,15,6,6,27,482,18,5,6,29,489,511,74,44,82,21
47,1000,40,5.13,10.3,18,37,13,956,26,8,10,44,7.320379263,114,94,9.996158625,9.284797923,7.001262072,7.683136411,512,14,3,3,20,444,12,5,7,24,532,468,52,42,76,38
40,1000,40,5.13,10.3,18,37,52,954,24,12,10,46,8.197759382,131,129,13.290824,13.47961047,8.605205803,7.807854686,461,17,7,4,28,493,7,5,6,18,489,511,108,21,111,20
46,1000,40,5.13,10.3,18,37,14,956,20,11,13,44,7.382306329,90,109,10.34304486,9.62420408,6.890206007,7.858907429,477,8,5,2,15,479,12,6,11,29,492,508,67,42,71,19
42,1000,40,5.13,10.3,18,37,24,948,31,7,14,52,7.599292724,105,120,10.50951616,10.04651548,7.083667187,8.153429712,497,13,3,5,21,451,18,4,9,31,518,482,73,47,86,19
44,1000,40,5.13,10.3,18,37,21,954,24,7,15,46,7.838285631,129,118,10.78818245,10.53588892,7.336254212,8.312969036,471,10,1,4,15,483,14,6,11,31,486,514,77,41,94,35
45,1000,40,5.13,10.3,18,37,18,959,20,13,8,41,7.264251996,98,121,10.53220341,9.898632922,6.827223691,7.689212459,474,9,9,1,19,485,11,4,7,22,493,507,72,49,69,29
41,1000,40,5.13,10.3,18,37,26,946,33,9,12,54,7.6435489,105,106,10.87277523,10.40343906,7.655753135,7.631870092,462,15,5,7,27,484,18,4,5,27,489,511,71,35,85,20
43,1000,40,5.13,10.3,18,37,23,956,24,11,9,44,7.369483029,102,141,11.07836949,10.49926635,6.928565441,7.798225377,478,10,4,1,15,478,14,7,8,29,493,507,96,45,78,24
47,1000,40,5.13,10.3,18,37,14,955,27,8,10,45,7.35355002,104,114,10.02349479,9.339370027,7.062562862,7.684330294,512,14,3,3,20,443,13,5,7,25,532,468,62,52,68,36
46,1000,40,5.13,10.3,18,37,15,954,22,11,13,46,7.39463335,103,100,10.38142942,9.686969094,6.916268253,7.857931831,476,9,5,2,16,478,13,6,11,30,492,508,68,32,72,31
42,1000,40,5.13,10.3,18,37,25,948,32,8,12,52,7.599528225,117,111,10.54188875,10.10335961,7.12554787,8.108909603,497,14,3,4,21,451,18,5,8,31,518,482,80,31,84,33
40,1000,40,5.13,10.3,18,37,53,953,25,12,10,47,8.228506844,138,136,13.40361349,13.61586138,8.639941616,7.834785506,460,18,7,4,29,493,7,5,6,18,489,511,106,30,117,21
44,1000,40,5.13,10.3,18,37,22,952,26,7,15,48,7.861386291,129,95,10.83566254,10.6030071,7.380042017,8.316509477,469,12,1,4,17,483,14,6,11,31,486,514,61,34,84,45
45,1000,40,5.13,10.3,18,37,19,958,23,11,8,42,7.283332517,111,99,10.55897308,9.966329987,6.872429525,7.682889075,474,10,8,1,19,484,13,3,7,23,493,507,63,36,82,29
41,1000,40,5.13,10.3,18,37,27,947,32,9,12,53,7.61600489,127,102,10.91000775,10.44281991,7.670131829,7.564208269,462,15,5,7,27,485,17,4,5,26,489,511,77,25,102,25
43,1000,40,5.13,10.3,18,37,24,957,23,11,9,43,7.405119245,122,107,11.13007115,10.57851935,7.007800934,7.791466242,478,10,4,1,15,479,13,7,8,28,493,507,67,40,85,37
47,1000,40,5.13,10.3,18,37,15,954,28,8,10,46,7.369069649,107,105,10.04058781,9.379605444,7.061560466,7.718631369,512,14,3,3,20,442,14,5,7,26,532,468,60,45,74,33
42,1000,40,5.13,10.3,18,37,26,948,32,8,12,52,7.636048526,107,124,10.59535445,10.17537889,7.161155126,8.146411143,497,14,3,4,21,451,18,5,8,31,518,482,85,39,81,26
46,1000,40,5.13,10.3,18,37,16,956,20,11,13,44,7.391487201,110,120,10.43684031,9.734953778,6.92549546,7.842802037,476,9,5,2,16,480,11,6,11,28,492,508,81,39,87,23
44,1000,40,5.13,10.3,18,37,23,953,26,6,15,47,7.878328295,108,134,10.92033195,10.68789292,7.418670981,8.312945911,469,12,1,4,17,484,14,5,11,30,486,514,92,42,85,23
40,1000,40,5.13,10.3,18,37,54,954,23,12,11,46,8.233790259,147,152,13.56786315,13.78361798,8.719767275,7.768735932,459,17,8,5,30,495,6,4,6,16,489,511,117,35,128,19
45,1000,40,5.13,10.3,18,37,20,957,23,12,8,43,7.337902808,100,115,10.59066119,10.05265476,6.956739296,7.708541094,474,9,9,1,19,483,14,3,7,24,493,507,66,49,73,27
41,1000,40,5.13,10.3,18,37,28,947,32,9,12,53,7.642297618,120,119,10.9876657,10.5296645,7.695746518,7.591149844,463,14,5,7,26,484,18,4,5,27,489,511,87,32,94,26
43,1000,40,5.13,10.3,18,37,25,957,23,11,9,43,7.439543481,97,117,11.17082055,10.66930619,7.010653637,7.856590213,479,9,4,1,14,478,14,7,8,29,493,507,80,37,76,21
47,1000,40,5.13,10.3,18,37,16,956,26,8,10,44,7.354240325,99,107,10.08507561,9.414913218,7.050820883,7.699153024,513,13,3,3,19,443,13,5,7,25,532,468,64,43,75,24
42,1000,40,5.13,10.3,18,37,27,949,31,8,12,51,7.681626741,107,121,10.67898934,10.27182685,7.22030662,8.177402307,498,13,3,4,20,451,18,5,8,31,518,482,88,33,83,24
46,1000,40,5.13,10.3,18,37,17,958,19,11,12,42,7.402024203,96,134,10.4758976,9.779409751,6.959249602,7.830853148,476,9,5,2,16,482,10,6,10,26,492,508,85,49,75,21
44,1000,40,5.13,10.3,18,37,24,953,26,6,15,47,7.903056494,124,105,10.96217609,10.76534853,7.475308529,8.307503013,468,13,1,4,18,485,13,5,11,29,486,514,72,33,105,19
45,1000,40,5.13,10.3,18,37,21,955,26,12,7,45,7.34942035,96,135,10.64035804,10.12737376,7.008573376,7.680855377,472,11,9,1,21,483,15,3,6,24,493,507,88,47,76,20
41,1000,40,5.13,10.3,18,37,29,947,32,9,12,53,7.650706613,133,122,11.03277294,10.58742413,7.744656789,7.560801259,463,14,5,7,26,484,18,4,5,27,489,511,88,34,104,29
40,1000,40,5.13,10.3,18,37,55,953,24,12,11,47,8.242979243,143,137,13.6965221,13.93520521,8.733216027,7.773848544,458,18,8,5,31,495,6,4,6,16,489,511,110,27,123,20
43,1000,40,5.13,10.3,18,37,26,959,23,10,8,41,7.483405753,126,133,11.18755613,10.73899377,7.083475648,7.872292424,480,9,3,1,13,479,14,7,7,28,493,507,92,41,97,29
47,1000,40,5.13,10.3,18,37,17,956,25,9,10,44,7.374783758,102,111,10.10529679,9.484713459,7.092883183,7.695234839,513,13,3,3,19,443,12,6,7,25,532,468,68,43,83,19
42,1000,40,5.13,10.3,18,37,28,950,30,8,12,50,7.676461594,114,110,10.73307798,10.35622783,7.230441913,8.155793948,498,13,3,4,20,452,17,5,8,30,518,482,73,37,83,31
46,1000,40,5.13,10.3,18,37,18,958,19,11,12,42,7.404123598,109,108,10.50859024,9.828561922,6.986773231,7.808329071,476,9,5,2,16,482,10,6,10,26,492,508,71,37,87,22
44,1000,40,5.13,10.3,18,37,25,952,27,6,15,48,7.941519376,103,111,11.05043422,10.86794825,7.538450239,8.32263144,468,13,1,4,18,484,14,5,11,30,486,514,72,39,85,18
45,1000,40,5.13,10.3,18,37,22,955,26,12,7,45,7.329356308,108,115,10.66915836,10.18986445,7.02853683,7.621869134,471,12,9,1,22,484,14,3,6,23,493,507,76,39,76,32
41,1000,40,5.13,10.3,18,37,30,949,32,8,11,51,7.642620498,120,120,11.09589438,10.68232066,7.757223355,7.53295162,464,13,5,7,25,485,19,3,4,26,489,511,86,34,86,34
43,1000,40,5.13,10.3,18,37,27,960,23,9,8,40,7.486640162,100,112,11.23340387,10.79712923,7.077381517,7.88459778,480,9,3,1,13,480,14,6,7,27,493,507,77,35,73,27
40,1000,40,5.13,10.3,18,37,56,953,23,13,11,47,8.268307773,147,133,13.84627356,14.10709955,8.787977098,7.771011687,458,17,9,5,31,495,6,4,6,16,489,511,112,21,129,18
47,1000,40,5.13,10.3,18,37,18,957,24,9,10,43,7.384657316,111,107,10.1135706,9.518636496,7.134146774,7.66942571,513,13,3,3,19,444,11,6,7,24,532,468,60,47,85,26
42,1000,40,5.13,10.3,18,37,29,951,29,8,12,49,7.710013207,126,110,10.81083044,10.4882612,7.301247475,8.149309158,498,13,3,4,20,453,16,5,8,29,518,482,72,38,96,30
46,1000,40,5.13,10.3,18,37,19,958,19,11,12,42,7.419078825,91,102,10.56275809,9.880757888,7.008650788,7.816579993,476,9,5,2,16,482,10,6,10,26,492,508,67,35,65,26
44,1000,40,5.13,10.3,18,37,26,952,27,6,15,48,7.970455325,106,118,11.14097492,10.99838193,7.563655308,8.355095031,468,13,1,4,18,484,14,5,11,30,486,514,75,43,80,26
45,1000,40,5.13,10.3,18,37,23,955,25,13,7,45,7.329110252,104,95,10.72834432,10.29002297,7.010269734,7.639146496,471,11,10,1,22,484,14,3,6,23,493,507,57,38,77,27
41,1000,40,5.13,10.3,18,37,31,950,31,8,11,50,7.637257049,109,126,11.13573173,10.76557769,7.793405475,7.487831256,464,13,5,7,25,486,18,3,4,25,489,511,77,49,87,22
43,1000,40,5.13,10.3,18,37,28,960,23,9,8,40,7.520773982,103,117,11.31538629,10.91760911,7.124235916,7.90636228,480,9,3,1,13,480,14,6,7,27,493,507,76,41,77,26
47,1000,40,5.13,10.3,18,37,19,954,27,7,12,46,7.418172027,93,104,10.1449006,9.561671089,7.16617171,7.704633925,512,14,3,3,20,442,13,4,9,26,532,468,65,39,59,34
40,1000,40,5.13,10.3,18,37,57,954,22,13,11,46,8.252078552,140,151,14.02784175,14.29088777,8.775558715,7.751135697,458,17,9,5,31,496,5,4,6,15,489,511,125,26,116,24
42,1000,40,5.13,10.3,18,37,30,953,27,8,12,47,7.736706685,104,97,10.87174319,10.54813685,7.337842782,8.165361252,498,13,3,4,20,455,14,5,8,27,518,482,63,34,72,32
46,1000,40,5.13,10.3,18,37,20,959,19,10,12,41,7.402241193,120,107,10.63135605,9.933875023,6.988565458,7.802887772,476,9,5,2,16,483,10,5,10,25,492,508,71,36,96,24
44,1000,40,5.13,10.3,18,37,27,954,27,6,13,46,7.922571816,109,107,11.22009707,11.11033465,7.492539726,8.329178032,469,13,1,3,17,485,14,5,10,29,486,514,80,27,88,21
45,1000,40,5.13,10.3,18,37,24,955,25,13,7,45,7.325849082,101,109,10.73887947,10.33187296,6.98209498,7.66011096,471,11,10,1,22,484,14,3,6,23,493,507,73,36,74,27
41,1000,40,5.13,10.3,18,37,32,950,30,9,11,50,7.657299763,109,116,11.19454854,10.84876993,7.843259036,7.479346563,463,14,5,7,26,487,16,4,4,24,489,511,82,34,87,22
43,1000,40,5.13,10.3,18,37,29,960,24,8,8,40,7.529190194,113,118,11.38585083,11.00450375,7.124189212,7.923007717,480,9,3,1,13,480,15,5,7,27,493,507,79,39,86,27
47,1000,40,5.13,10.3,18,37,20,954,27,7,12,46,7.454477422,98,92,10.18079718,9.602780137,7.189859399,7.755282525,511,15,3,3,21,443,12,4,9,25,532,468,52,40,68,30
40,1000,40,5.13,10.3,18,37,58,955,22,11,12,45,8.241152575,144,154,14.20546724,14.51197714,8.809010522,7.697742524,458,17,8,6,31,497,5,3,6,14,489,511,120,34,128,16
42,1000,40,5.13,10.3,18,37,31,951,29,8,12,49,7.767756149,102,123,10.95405525,10.63215128,7.417393171,8.144287316,496,15,3,4,22,455,14,5,8,27,518,482,79,44,83,19
46,1000,40,5.13,10.3,18,37,21,963,17,8,12,37,7.366635522,101,103,10.68127445,10.01403629,7.020064215,7.702291197,476,9,5,2,16,487,8,3,10,21,492,508,68,35,82,19
44,1000,40,5.13,10.3,18,37,28,955,26,6,13,45,7.941104371,118,140,11.31221275,11.2103519,7.508683934,8.349968831,469,13,1,3,17,486,13,5,10,28,486,514,96,44,90,28
45,1000,40,5.13,10.3,18,37,25,957,25,12,6,43,7.310756947,120,108,10.79987439,10.41652869,7.014530423,7.598803647,471,11,10,1,22,486,14,2,5,21,493,507,68,40,97,23
41,1000,40,5.13,10.3,18,37,33,949,31,9,11,51,7.680446891,97,113,11.23552347,10.93138551,7.891436896,7.478540603,462,15,5,7,27,487,16,4,4,24,489,511,77,36,70,27
43,1000,40,5.13,10.3,18,37,30,961,23,8,8,39,7.549351862,117,112,11.44790239,11.06266928,7.134681797,7.952571471,481,8,3,1,12,480,15,5,7,27,493,507,76,36,86,31
47,1000,40,5.13,10.3,18,37,21,955,26,7,12,45,7.484652519,96,103,10.20739147,9.637313659,7.21444297,7.7918138,511,15,3,3,21,444,11,4,9,24,532,468,62,41,68,28
42,1000,40,5.13,10.3,18,37,32,951,28,9,12,49,7.806891863,117,107,11.00060525,10.69743151,7.480362944,8.157808834,496,14,4,4,22,455,14,5,8,27,518,482,71,36,84,33
40,1000,40,5.13,10.3,18,37,59,955,22,11,12,45,8.256944729,141,147,14.34223098,14.6567977,8.82559285,7.712778522,458,17,8,6,31,497,5,3,6,14,489,511,123,24,114,27
46,1000,40,5.13,10.3,18,37,22,965,16,7,12,35,7.388712071,103,123,10.71967562,10.05649257,7.043784106,7.722776163,477,9,4,2,15,488,7,3,10,20,492,508,84,39,73,30
44,1000,40,5.13,10.3,18,37,29,955,26,6,13,45,7.99512883,111,111,11.37988352,11.28033236,7.586094675,8.381880969,469,13,1,3,17,486,13,5,10,28,486,514,85,26,85,26
45,1000,40,5.13,10.3,18,37,26,957,25,12,6,43,7.318910614,105,128,10.86069791,10.48235542,7.007563076,7.621660784,471,11,10,1,22,486,14,2,5,21,493,507,87,41,84,21
41,1000,40,5.13,10.3,18,37,34,947,33,9,11,53,7.689603231,123,115,11.33402822,11.02780603,7.892793246,7.495161122,461,16,5,7,28,486,17,4,4,25,489,511,80,35,99,24
43,1000,40,5.13,10.3,18,37,31,962,21,9,8,38,7.517490311,120,118,11.49193642,11.12606574,7.145768338,7.878947771,480,8,4,1,13,482,13,5,7,25,493,507,94,24,90,30
47,1000,40,5.13,10.3,18,37,22,954,27,7,12,46,7.513019728,100,124,10.2589327,9.707138395,7.22685411,7.838319105,511,15,3,3,21,443,12,4,9,25,532,468,82,42,66,34
42,1000,40,5.13,10.3,18,37,33,953,28,8,11,47,7.768605599,106,123,11.07919721,10.78749448,7.474062641,8.085147615,495,15,4,4,23,458,13,4,7,24,518,482,86,37,80,26
44,1000,40,5.13,10.3,18,37,30,957,25,5,13,43,7.977950254,133,113,11.46369549,11.37385663,7.637015211,8.30031296,469,13,1,3,17,488,12,4,10,26,486,514,78,35,105,28
46,1000,40,5.13,10.3,18,37,23,965,16,7,12,35,7.459321256,109,107,10.79088174,10.12737538,7.095558646,7.811626776,477,9,4,2,15,488,7,3,10,20,492,508,79,28,80,29
40,1000,40,5.13,10.3,18,37,60,955,22,11,12,45,8.24059089,141,155,14.52854166,14.88619652,8.846862035,7.660421438,458,17,8,6,31,497,5,3,6,14,489,511,132,23,123,18
45,1000,40,5.13,10.3,18,37,27,960,24,11,5,40,7.324614407,107,113,10.88732505,10.5312313,7.021541641,7.6193183,472,11,9,1,21,488,13,2,4,19,493,507,82,31,82,25
41,1000,40,5.13,10.3,18,37,35,948,32,9,11,52,7.697734683,122,116,11.38556949,11.08927303,7.947178775,7.459029866,461,16,5,7,28,487,16,4,4,24,489,511,82,34,98,24
43,1000,40,5.13,10.3,18,37,32,962,20,10,8,38,7.590632603,118,128,11.53936201,11.20739791,7.242956667,7.928708021,480,7,5,1,13,482,13,5,7,25,493,507,83,45,90,28
47,1000,40,5.13,10.3,18,37,23,953,28,7,12,47,7.551324058,97,114,10.27659507,9.719710451,7.255753199,7.887314863,511,15,3,3,21,442,13,4,9,26,532,468,70,44,73,24
42,1000,40,5.13,10.3,18,37,34,953,28,8,11,47,7.786328773,117,109,11.15407021,10.89397332,7.493805016,8.100700776,495,15,4,4,23,458,13,4,7,24,518,482,73,36,89,28
44,1000,40,5.13,10.3,18,37,31,959,25,4,12,41,7.96701585,110,114,11.53991798,11.46544641,7.674440351,8.243653384,469,13,1,3,17,490,12,3,9,24,486,514,79,35,89,21
46,1000,40,5.13,10.3,18,37,24,964,16,8,12,36,7.511069637,110,120,10.87098991,10.20003531,7.164604387,7.846622595,476,9,5,2,16,488,7,3,10,20,492,508,77,43,79,31
45,1000,40,5.13,10.3,18,37,28,962,23,10,5,38,7.342768576,107,99,10.94787806,10.62550108,7.021762542,7.654910538,473,11,8,1,20,489,12,2,4,18,493,507,72,27,84,23
41,1000,40,5.13,10.3,18,37,36,949,31,9,11,51,7.726122328,118,97,11.44834929,11.19162052,8.011858289,7.452688112,461,16,5,7,28,488,15,4,4,23,489,511,74,23,91,27
40,1000,40,5.13,10.3,18,37,61,955,22,11,12,45,8.217479667,142,152,14.69061329,15.12608472,8.872169007,7.590976562,458,17,7,7,31,497,5,4,5,14,489,511,127,25,123,19
43,1000,40,5.13,10.3,18,37,33,962,21,9,8,38,7.600884072,120,113,11.59883621,11.2765974,7.259113694,7.933217004,480,8,4,1,13,482,13,5,7,25,493,507,89,24,95,25
47,1000,40,5.13,10.3,18,37,24,954,28,6,12,46,7.553311788,101,108,10.29273029,9.775299895,7.252797734,7.894921781,512,15,2,3,20,442,13,4,9,26,532,468,67,41,75,26
42,1000,40,5.13,10.3,18,37,35,952,29,8,11,48,7.833278681,105,117,11.22974767,10.98266178,7.583354223,8.101869695,494,16,4,4,24,458,13,4,7,24,518,482,82,35,81,24
44,1000,40,5.13,10.3,18,37,32,958,26,4,12,42,7.956147475,131,120,11.62895899,11.57526796,7.660493086,8.235696177,469,13,1,3,17,489,13,3,9,25,486,514,90,30,108,23
46,1000,40,5.13,10.3,18,37,25,966,14,8,12,34,7.517917963,92,104,10.93762091,10.27836178,7.185234597,7.840123113,477,8,5,2,15,489,6,3,10,19,492,508,75,29,68,24
45,1000,40,5.13,10.3,18,37,29,964,22,10,4,36,7.326747263,107,104,11.00295432,10.73985852,7.017476816,7.627477698,473,11,8,1,20,491,11,2,3,16,493,507,62,42,77,30
41,1000,40,5.13,10.3,18,37,37,950,29,10,11,50,7.728581737,105,117,11.54393263,11.265501,8.026477965,7.443510785,461,16,5,7,28,489,13,5,4,22,489,511,81,36,84,21
43,1000,40,5.13,10.3,18,37,34,963,21,9,7,37,7.611576393,120,121,11.70288976,11.37443865,7.334977858,7.880537099,479,9,4,1,14,484,12,5,6,23,493,507,88,33,93,27
40,1000,40,5.13,10.3,18,37,62,954,23,11,12,46,8.242630812,154,159,14.85766225,15.30704663,8.91996778,7.594455123,457,18,7,7,32,497,5,4,5,14,489,511,128,31,127,27
47,1000,40,5.13,10.3,18,37,25,954,29,5,12,46,7.607539987,104,114,10.36458329,9.877565017,7.306144969,7.950151417,512,15,2,3,20,442,14,3,9,26,532,468,75,39,79,25
42,1000,40,5.13,10.3,18,37,36,950,30,8,12,50,7.882509753,107,116,11.30992516,11.08464794,7.636988861,8.146368305,493,16,5,4,25,457,14,3,8,25,518,482,91,25,88,19
44,1000,40,5.13,10.3,18,37,33,957,27,4,12,43,8.000566831,111,114,11.70561787,11.67047023,7.700749003,8.284052171,469,13,1,3,17,488,14,3,9,26,486,514,77,37,89,22
46,1000,40,5.13,10.3,18,37,26,965,15,8,12,35,7.558180066,120,109,11.00620709,10.36519755,7.247655557,7.858924275,477,8,5,2,15,488,7,3,10,20,492,508,69,40,99,21
45,1000,40,5.13,10.3,18,37,30,967,22,9,2,33,7.306795002,123,130,11.05572534,10.81227883,7.045412079,7.56096025,473,11,8,1,20,494,11,1,1,13,493,507,84,46,94,29
41,1000,40,5.13,10.3,18,37,38,952,29,9,10,48,7.725526981,120,118,11.62809088,11.36746456,8.068788793,7.397043564,462,16,4,7,27,490,13,5,3,21,489,511,86,32,96,24
43,1000,40,5.13,10.3,18,37,35,964,20,9,7,36,7.620783823,129,125,11.78211422,11.45699078,7.375161107,7.859624058,479,9,4,1,14,485,11,5,6,22,493,507,93,32,104,25
40,1000,40,5.13,10.3,18,37,63,953,26,11,10,47,8.2553943,160,165,15.04979411,15.50676396,8.959425979,7.581673183,457,18,7,7,32,496,8,4,3,15,489,511,136,29,145,15
47,1000,40,5.13,10.3,18,37,26,955,27,6,12,45,7.627862567,105,110,10.42350336,9.937238719,7.36438993,7.92736565,512,14,3,3,20,443,13,3,9,25,532,468,76,34,82,23
42,1000,40,5.13,10.3,18,37,37,951,31,7,11,49,7.884855657,112,113,11.36282761,11.16631481,7.677368417,8.107839869,493,16,5,4,25,458,15,2,7,24,518,482,81,32,91,21
44,1000,40,5.13,10.3,18,37,34,957,27,5,11,43,8.011147382,119,133,11.80084577,11.79780966,7.750172551,8.257905686,469,13,1,3,17,488,14,4,8,26,486,514,94,39,91,28
46,1000,40,5.13,10.3,18,37,27,966,15,6,13,34,7.545726921,108,112,11.09333019,10.48617013,7.235227128,7.846447193,478,8,3,3,14,488,7,3,10,20,492,508,78,34,84,24
45,1000,40,5.13,10.3,18,37,31,969,20,10,1,31,7.312080501,109,139,11.09562659,10.89923956,7.054076693,7.562959943,474,10,9,0,19,495,10,1,1,12,493,507,98,41,87,22
41,1000,40,5.13,10.3,18,37,39,954,29,7,10,46,7.696628855,124,104,11.74349036,11.50652313,8.079061814,7.330660721,462,16,4,7,27,492,13,3,3,19,489,511,80,24,98,26
43,1000,40,5.13,10.3,18,37,36,964,19,10,7,36,7.63433913,124,128,11.8597922,11.56619254,7.408888394,7.853564403,479,9,4,1,14,485,10,6,6,22,493,507,98,30,103,21
40,1000,40,5.13,10.3,18,37,64,953,25,12,10,47,8.240457203,145,157,15.20411705,15.64704439,9.004318588,7.509482218,456,18,8,7,33,497,7,4,3,14,489,511,131,26,134,11
47,1000,40,5.13,10.3,18,37,27,954,29,6,11,46,7.640433716,100,105,10.45319361,9.987794902,7.384721918,7.931114648,511,15,3,3,21,443,14,3,8,25,532,468,64,41,78,22
42,1000,40,5.13,10.3,18,37,38,951,31,7,11,49,7.901587932,124,124,11.38793987,11.22626103,7.715195148,8.101902168,492,17,5,4,26,459,14,2,7,23,518,482,94,30,95,29
44,1000,40,5.13,10.3,18,37,35,957,27,5,11,43,8.019763872,102,122,11.88484581,11.88018002,7.792564376,8.234586743,468,14,1,3,18,489,13,4,8,25,486,514,90,32,85,17
45,1000,40,5.13,10.3,18,37,32,968,21,10,1,32,7.343881167,121,135,11.15860459,11.00902491,7.075324538,7.605022031,473,11,9,0,20,495,10,1,1,12,493,507,98,37,98,23
46,1000,40,5.13,10.3,18,37,28,966,16,5,13,34,7.525460877,91,105,11.16709932,10.57842454,7.267825632,7.774981626,478,8,3,3,14,488,8,2,10,20,492,508,72,33,72,19
41,1000,40,5.13,10.3,18,37,40,952,31,7,10,48,7.718092627,121,120,11.8587395,11.62584828,8.128413575,7.32543716,461,17,4,7,28,491,14,3,3,20,489,511,93,27,99,22
43,1000,40,5.13,10.3,18,37,37,964,19,10,7,36,7.662617893,120,126,11.91583712,11.64617212,7.48674119,7.83363804,477,11,4,1,16,487,8,6,6,20,493,507,102,24,85,35
47,1000,40,5.13,10.3,18,37,28,954,30,6,10,46,7.658605298,92,129,10.49282754,10.04782756,7.40987511,7.94134987,511,15,3,3,21,443,15,3,7,25,532,468,83,46,73,19
42,1000,40,5.13,10.3,18,37,39,952,30,7,11,48,7.939105901,110,133,11.44442423,11.2906622,7.750886572,8.141383105,493,16,5,4,25,459,14,2,7,23,518,482,91,42,89,21
40,1000,40,5.13,10.3,18,37,65,952,25,13,10,48,8.254633239,160,173,15.38012565,15.83817043,9.04579827,7.497530107,455,19,8,7,34,497,6,5,3,14,489,511,137,36,144,16
44,1000,40,5.13,10.3,18,37,36,956,28,4,12,44,8.045323262,104,123,11.98038236,11.98512431,7.843913014,8.235761746,467,15,1,3,19,489,13,3,9,25,486,514,90,33,90,14
45,1000,40,5.13,10.3,18,37,33,969,20,10,1,31,7.376812234,109,117,11.21120418,11.07655183,7.126326765,7.620380944,473,11,9,0,20,496,9,1,1,11,493,507,83,34,87,22
46,1000,40,5.13,10.3,18,37,29,965,17,6,12,35,7.523367473,103,132,11.23244823,10.64881238,7.319031309,7.721267851,478,7,4,3,14,487,10,2,9,21,492,508,87,45,81,22
41,1000,40,5.13,10.3,18,37,41,953,30,7,10,47,7.730769322,113,119,11.97509932,11.73310488,8.164507202,7.315705089,461,17,4,7,28,492,13,3,3,19,489,511,88,31,90,23
43,1000,40,5.13,10.3,18,37,38,967,17,10,6,33,7.637724711,120,108,11.98110511,11.73018336,7.520320782,7.751886718,477,11,4,1,16,490,6,6,5,17,493,507,76,32,103,17
42,1000,40,5.13,10.3,18,37,40,953,29,7,11,47,7.972058858,129,128,11.51247484,11.37776078,7.783664477,8.174524189,493,16,5,4,25,460,13,2,7,22,518,482,86,42,99,30
47,1000,40,5.13,10.3,18,37,29,953,30,7,10,47,7.697330317,102,76,10.55062196,10.12619828,7.466750781,7.959442096,509,17,3,3,23,444,13,4,7,24,532,468,43,33,79,23
44,1000,40,5.13,10.3,18,37,37,958,26,4,12,42,7.999810736,132,142,12.07501352,12.11059596,7.834314818,8.156291311,468,14,1,3,18,490,12,3,9,24,486,514,102,40,106,26
40,1000,40,5.13,10.3,18,37,66,951,25,14,10,49,8.262982794,158,173,15.61909023,16.07405037,9.09910405,7.462858931,454,19,9,7,35,497,6,5,3,14,489,511,141,32,144,14
45,1000,40,5.13,10.3,18,37,34,969,20,10,1,31,7.404126415,139,111,11.27211718,11.155578,7.161090707,7.640451078,473,11,9,0,20,496,9,1,1,11,493,507,79,32,104,35
46,1000,40,5.13,10.3,18,37,30,964,19,6,11,36,7.557073361,111,120,11.27382877,10.73325179,7.371045145,7.73724242,478,7,4,3,14,486,12,2,8,22,492,508,73,47,87,24
41,1000,40,5.13,10.3,18,37,42,955,28,7,10,45,7.720399784,125,119,12.03303358,11.82937668,8.210623536,7.251281555,461,17,4,7,28,494,11,3,3,17,489,511,84,35,95,30
43,1000,40,5.13,10.3,18,37,39,967,17,10,6,33,7.678339514,132,126,12.05426663,11.82531248,7.550609172,7.802542786,477,11,4,1,16,490,6,6,5,17,493,507,89,37,108,24
42,1000,40,5.13,10.3,18,37,41,952,30,7,11,48,7.985607713,116,104,11.59610866,11.45447611,7.766677527,8.220889532,493,16,5,4,25,459,14,2,7,23,518,482,78,26,88,28
47,1000,40,5.13,10.3,18,37,30,953,29,8,10,47,7.754949028,99,118,10.57733067,10.15418845,7.5357664,8.004105349,509,16,4,3,23,444,13,4,7,24,532,468,74,44,77,22
44,1000,40,5.13,10.3,18,37,38,959,25,4,12,41,8.008483202,131,143,12.13625825,12.17490124,7.82706876,8.180015145,468,14,1,3,18,491,11,3,9,23,486,514,117,26,102,29
45,1000,40,5.13,10.3,18,37,35,969,20,10,1,31,7.428730387,87,111,11.31293842,11.23024521,7.190537185,7.660346261,473,11,9,0,20,496,9,1,1,11,493,507,76,35,74,13
46,1000,40,5.13,10.3,18,37,31,963,20,6,11,37,7.58775285,106,128,11.35637332,10.83636127,7.387383207,7.781811638,478,7,4,3,14,485,13,2,8,23,492,508,87,41,86,20
40,1000,40,5.13,10.3,18,37,67,951,24,15,10,49,8.274212981,148,155,15.88618888,16.36251336,9.148238164,7.437817063,454,18,10,7,35,497,6,5,3,14,489,511,132,23,137,11
41,1000,40,5.13,10.3,18,37,43,955,29,7,9,45,7.734527955,117,128,12.11502411,11.90180701,8.238324866,7.25242093,461,18,4,6,28,494,11,3,3,17,489,511,98,30,86,31
43,1000,40,5.13,10.3,18,37,40,968,17,9,6,32,7.685846269,113,124,12.17469505,11.96370206,7.607800423,7.761737002,477,11,4,1,16,491,6,5,5,16,493,507,95,29,94,19
42,1000,40,5.13,10.3,18,37,42,952,30,7,11,48,8.001976012,129,127,11.67902527,11.57544756,7.777813784,8.242880648,494,16,4,4,24,458,14,3,7,24,518,482,90,37,104,25
47,1000,40,5.13,10.3,18,37,31,953,30,8,9,47,7.75386616,97,118,10.62955427,10.25461841,7.524381002,8.014733903,510,16,4,2,22,443,14,4,7,25,532,468,75,43,72,25
44,1000,40,5.13,10.3,18,37,39,961,25,3,11,39,8.014855241,126,149,12.22590165,12.30811977,7.877086302,8.145119257,468,14,1,3,18,493,11,2,8,21,486,514,110,39,103,23
45,1000,40,5.13,10.3,18,37,36,969,20,10,1,31,7.437236974,113,118,11.35398417,11.30575154,7.214063644,7.654247727,473,11,9,0,20,496,9,1,1,11,493,507,92,26,90,23
46,1000,40,5.13,10.3,18,37,32,963,20,6,11,37,7.592989262,116,131,11.37686027,10.88637303,7.441969811,7.739252194,477,8,4,3,15,486,12,2,8,22,492,508,99,32,92,24
41,1000,40,5.13,10.3,18,37,44,955,28,8,9,45,7.755930004,111,115,12.24499178,12.03873086,8.244011044,7.288862239,461,17,5,6,28,494,11,3,3,17,489,511,82,33,98,13
40,1000,40,5.13,10.3,18,37,68,951,25,15,9,49,8.254849659,167,175,16.13893323,16.62400455,9.185741377,7.36403547,454,18,10,7,35,497,7,5,2,14,489,511,146,29,143,24
43,1000,40,5.13,10.3,18,37,41,968,18,9,5,32,7.729192035,141,133,12.29483947,12.06542202,7.703744812,7.753936574,477,10,5,1,16,491,8,4,4,16,493,507,97,36,116,25
42,1000,40,5.13,10.3,18,37,43,951,31,7,11,49,8.027373891,120,139,11.76786086,11.70340575,7.819688843,8.250570685,493,17,4,4,25,458,14,3,7,24,518,482,103,36,104,16
44,1000,40,5.13,10.3,18,37,40,959,28,3,10,41,8.054156843,130,127,12.2829048,12.38644157,7.903748761,8.196371489,467,15,1,3,19,492,13,2,7,22,486,514,92,35,109,21
47,1000,40,5.13,10.3,18,37,32,952,30,9,9,48,7.793717715,104,106,10.64221866,10.28236896,7.574030606,8.043447505,510,15,5,2,22,442,15,4,7,26,532,468,67,39,80,24
45,1000,40,5.13,10.3,18,37,37,968,20,10,2,32,7.476639059,126,121,11.41460037,11.38677784,7.27527947,7.672438424,473,10,9,1,20,495,10,1,1,12,493,507,87,34,91,35
46,1000,40,5.13,10.3,18,37,33,962,21,6,11,38,7.646826373,101,133,11.41829996,10.93262546,7.500036947,7.788992509,477,8,4,3,15,485,13,2,8,23,492,508,92,41,84,17
41,1000,40,5.13,10.3,18,37,45,955,27,9,9,45,7.800079295,127,119,12.35578012,12.16529782,8.326227595,7.296583172,461,16,6,6,28,494,11,3,3,17,489,511,95,24,106,21
43,1000,40,5.13,10.3,18,37,42,970,15,10,5,30,7.724414548,130,120,12.35077662,12.16420196,7.728109491,7.720821635,478,9,5,1,15,492,6,5,4,15,493,507,88,32,106,24
40,1000,40,5.13,10.3,18,37,69,951,25,15,9,49,8.311378327,160,156,16.3782567,16.92532786,9.227628247,7.434575566,454,18,10,7,35,497,7,5,2,14,489,511,129,27,145,15
42,1000,40,5.13,10.3,18,37,44,949,33,7,11,51,8.098259898,128,123,11.82779573,11.77623273,7.911622967,8.298836517,492,18,4,4,26,457,15,3,7,25,518,482,85,38,106,22
47,1000,40,5.13,10.3,18,37,33,951,31,9,9,49,7.837443214,94,96,10.67673241,10.34957363,7.620154741,8.08444635,509,16,5,2,23,442,15,4,7,26,532,468,65,31,68,26
45,1000,40,5.13,10.3,18,37,38,966,22,10,2,34,7.510934786,110,107,11.51883302,11.50628575,7.316078971,7.700409968,472,11,9,1,21,494,11,1,1,13,493,507,77,30,94,16
44,1000,40,5.13,10.3,18,37,41,960,27,3,10,40,8.062514917,126,133,12.41845768,12.52796864,7.976821329,8.143540372,467,15,1,3,19,493,12,2,7,21,486,514,97,36,108,18
43,1000,40,5.13,10.3,18,37,43,970,15,10,5,30,7.726966873,96,130,12.4504947,12.24173479,7.744447882,7.709968573,478,9,5,1,15,492,6,5,4,15,493,507,99,31,78,18
46,1000,40,5.13,10.3,18,37,34,962,21,6,11,38,7.648454389,135,133,11.45002827,10.98272336,7.518735333,7.774087806,477,8,4,3,15,485,13,2,8,23,492,508,86,47,108,27
41,1000,40,5.13,10.3,18,37,46,953,29,9,9,47,7.86265552,122,120,12.4430424,12.24236069,8.377087133,7.370371648,460,17,6,6,29,493,12,3,3,18,489,511,86,34,101,21
42,1000,40,5.13,10.3,18,37,45,953,32,6,9,47,8.080387336,127,110,11.89585772,11.86596702,7.942560653,8.228508128,492,18,4,4,26,461,14,2,5,21,518,482,82,28,108,19
40,1000,40,5.13,10.3,18,37,70,951,25,14,10,49,8.34112242,174,171,16.5362833,17.17072374,9.26891149,7.453277303,454,18,9,8,35,497,7,5,2,14,489,511,141,30,153,21
47,1000,40,5.13,10.3,18,37,34,951,32,8,9,49,7.861640328,108,96,10.7383894,10.44650805,7.66673324,8.083201377,508,17,5,2,24,443,15,3,7,25,532,468,62,34,82,26
44,1000,40,5.13,10.3,18,37,42,959,28,3,10,41,8.085277671,123,152,12.5659395,12.70370967,8.001560443,8.164434427,466,16,1,3,20,493,12,2,7,21,486,514,117,35,103,20
45,1000,40,5.13,10.3,18,37,39,965,23,10,2,35,7.530721937,136,115,11.60162014,11.61563014,7.335259767,7.720786731,472,11,9,1,21,493,12,1,1,14,493,507,82,33,117,19
43,1000,40,5.13,10.3,18,37,44,969,16,10,5,31,7.709816162,118,123,12.54725904,12.36345038,7.762911316,7.658187147,477,10,5,1,16,492,6,5,4,15,493,507,94,29,99,19
46,1000,40,5.13,10.3,18,37,35,963,21,4,12,37,7.661479591,107,116,11.55810986,11.08312777,7.54739046,7.771975363,477,8,3,4,15,486,13,1,8,22,492,508,85,31,87,20
41,1000,40,5.13,10.3,18,37,47,953,29,9,9,47,7.863631835,120,140,12.54914705,12.33801789,8.41810207,7.333033117,460,17,6,6,29,493,12,3,3,18,489,511,102,38,104,16
42,1000,40,5.13,10.3,18,37,46,953,31,7,9,47,8.124767345,113,121,12.03938017,11.95883444,8.012052231,8.245901014,492,18,4,4,26,461,13,3,5,21,518,482,98,23,97,16
40,1000,40,5.13,10.3,18,37,71,951,24,15,10,49,8.386948547,178,179,16.80076333,17.59496273,9.383349527,7.433445456,454,17,10,8,35,497,7,5,2,14,489,511,152,27,162,16
44,1000,40,5.13,10.3,18,37,43,958,29,3,10,42,8.087372039,133,110,12.64734151,12.82816265,8.03318554,8.138606744,465,16,2,3,21,493,13,1,7,21,486,514,84,26,109,24
47,1000,40,5.13,10.3,18,37,35,951,31,9,9,49,7.851554709,114,94,10.76687582,10.49464493,7.661364362,8.067753992,508,17,5,2,24,443,14,4,7,25,532,468,69,25,88,26
45,1000,40,5.13,10.3,18,37,40,965,23,10,2,35,7.523376082,121,111,11.67118304,11.71116004,7.366885434,7.675545489,472,11,9,1,21,493,12,1,1,14,493,507,71,40,90,31
43,1000,40,5.13,10.3,18,37,45,969,16,10,5,31,7.715937025,134,114,12.67545251,12.51856631,7.779443216,7.654184456,477,10,5,1,16,492,6,5,4,15,493,507,84,30,112,22
46,1000,40,5.13,10.3,18,37,36,965,19,4,12,35,7.637357029,122,123,11.63777956,11.19316222,7.539153077,7.732467943,477,8,3,4,15,488,11,1,8,20,492,508,95,28,97,25
41,1000,40,5.13,10.3,18,37,48,952,31,8,9,48,7.85489091,132,122,12.64767774,12.46237529,8.409970412,7.323709155,460,18,5,6,29,492,13,3,3,19,489,511,88,34,103,29
42,1000,40,5.13,10.3,18,37,47,952,31,9,8,48,8.12647506,109,100,12.13086517,12.05484297,8.034572066,8.225242178,491,18,5,4,27,461,13,4,4,21,518,482,64,36,94,15
44,1000,40,5.13,10.3,18,37,44,960,27,3,10,40,8.089879966,130,120,12.80455211,12.98814979,8.056767831,8.121188328,465,16,2,3,21,495,11,1,7,19,486,514,83,37,112,18
47,1000,40,5.13,10.3,18,37,36,950,31,10,9,50,7.87133051,99,124,10.85820465,10.62947197,7.680513805,8.088241808,508,17,5,2,24,442,14,5,7,26,532,468,83,41,77,22
45,1000,40,5.13,10.3,18,37,41,966,22,9,3,34,7.540197484,134,131,11.7514975,11.80250968,7.388202008,7.687995846,472,11,8,2,21,494,11,1,1,13,493,507,95,36,107,27
40,1000,40,5.13,10.3,18,37,72,951,24,15,10,49,8.382255729,163,178,17.14404646,18.02215135,9.436113972,7.373769073,453,18,10,8,36,498,6,5,2,13,489,511,156,22,145,18
43,1000,40,5.13,10.3,18,37,46,967,18,10,5,33,7.708216423,138,121,12.78089556,12.61495553,7.821329465,7.598226819,475,12,5,1,18,492,6,5,4,15,493,507,98,23,114,24
46,1000,40,5.13,10.3,18,37,37,965,20,4,11,35,7.696793018,112,136,11.73510691,11.29790598,7.633752783,7.757847733,476,9,3,4,16,489,11,1,7,19,492,508,93,43,89,23
41,1000,40,5.13,10.3,18,37,49,953,30,8,9,47,7.856676825,126,122,12.80697652,12.62840999,8.441773218,7.296770492,460,18,5,6,29,493,12,3,3,18,489,511,94,28,106,20
42,1000,40,5.13,10.3,18,37,48,949,33,10,8,51,8.197026262,136,123,12.2104779,12.13653966,8.091968072,8.309931121,491,18,5,4,27,458,15,5,4,24,518,482,83,40,113,23
44,1000,40,5.13,10.3,18,37,45,960,26,4,10,40,8.086847373,131,141,12.9130721,13.11112334,8.069920848,8.10285183,465,16,2,3,21,495,10,2,7,19,486,514,105,36,111,20
45,1000,40,5.13,10.3,18,37,42,966,22,9,3,34,7.576002457,111,116,11.81703538,11.89007248,7.464271685,7.68464796,472,11,8,2,21,494,11,1,1,13,493,507,89,27,92,19
47,1000,40,5.13,10.3,18,37,37,951,30,10,9,49,7.897551458,106,101,10.91355538,10.70905569,7.718453972,8.101140909,508,17,5,2,24,443,13,5,7,25,532,468,67,34,81,25
43,1000,40,5.13,10.3,18,37,47,968,18,9,5,32,7.735087391,130,146,12.91705274,12.74376008,7.898132193,7.576544813,475,12,5,1,18,493,6,4,4,14,493,507,113,33,110,20
40,1000,40,5.13,10.3,18,37,73,950,25,15,10,50,8.401078441,163,159,17.5149135,18.42835568,9.491252667,7.35783931,453,18,10,8,36,497,7,5,2,14,489,511,143,16,144,19
46,1000,40,5.13,10.3,18,37,38,964,20,5,11,36,7.732634951,114,120,11.82767757,11.39982193,7.644284156,7.818203045,476,9,3,4,16,488,11,2,7,20,492,508,81,39,92,22
41,1000,40,5.13,10.3,18,37,50,952,31,8,9,48,7.871521739,125,138,12.94015054,12.76918503,8.46216353,7.306308754,459,19,5,6,30,493,12,3,3,18,489,511,108,30,107,18
42,1000,40,5.13,10.3,18,37,49,947,35,9,9,53,8.238117452,123,118,12.29097578,12.2196495,8.158526984,8.323652436,491,18,4,5,27,456,17,5,4,26,518,482,91,27,104,19
44,1000,40,5.13,10.3,18,37,46,959,27,4,10,41,8.150272512,138,118,13.01943845,13.23603298,8.156289162,8.144583617,464,17,2,3,22,495,10,2,7,19,486,514,87,31,110,28
45,1000,40,5.13,10.3,18,37,43,966,22,8,4,34,7.566184631,126,120,11.91569945,12.00402428,7.490386561,7.639889657,472,11,7,3,21,494,11,1,1,13,493,507,93,27,100,26
47,1000,40,5.13,10.3,18,37,38,951,30,10,9,49,7.939171749,98,100,10.97196749,10.76549285,7.80914901,8.086975376,508,17,5,2,24,443,13,5,7,25,532,468,70,30,75,23
43,1000,40,5.13,10.3,18,37,48,967,19,9,5,33,7.757546091,144,125,13.05440125,12.91281825,7.947886092,7.572462027,475,11,6,1,18,492,8,3,4,15,493,507,95,30,121,23
40,1000,40,5.13,10.3,18,37,74,950,26,15,9,50,8.35026602,178,185,17.82198795,18.79267781,9.518370822,7.232451443,452,19,10,8,37,498,7,5,1,13,489,511,162,23,159,19
41,1000,40,5.13,10.3,18,37,51,951,32,8,9,49,7.886128992,143,123,13.13568386,12.96150856,8.511066336,7.288096974,459,19,5,6,30,492,13,3,3,19,489,511,98,25,112,31
46,1000,40,5.13,10.3,18,37,39,963,21,5,11,37,7.751625254,113,115,11.91185652,11.49815695,7.705498742,7.796298962,474,11,3,4,18,489,10,2,7,19,492,508,91,24,91,22
42,1000,40,5.13,10.3,18,37,50,950,33,9,8,50,8.198839368,119,111,12.42717547,12.4056305,8.17526985,8.224169264,491,18,4,5,27,459,15,5,3,23,518,482,86,25,102,17
44,1000,40,5.13,10.3,18,37,47,960,27,3,10,40,8.134468718,141,131,13.1298618,13.3814534,8.174232613,8.09687095,464,17,2,3,22,496,10,1,7,18,486,514,98,33,122,19
45,1000,40,5.13,10.3,18,37,44,966,22,8,4,34,7.538394993,120,124,12.02774883,12.10573972,7.504596405,7.571260287,471,12,7,3,22,495,10,1,1,12,493,507,96,28,96,24
47,1000,40,5.13,10.3,18,37,39,951,30,10,9,49,7.977112005,123,108,11.02174492,10.82570076,7.848159524,8.123699012,508,17,5,2,24,443,13,5,7,25,532,468,73,35,89,34
43,1000,40,5.13,10.3,18,37,49,965,21,9,5,35,7.783566174,147,137,13.17854962,13.07889153,8.014736026,7.55877971,474,12,6,1,19,491,9,3,4,16,493,507,106,31,124,23
40,1000,40,5.13,10.3,18,37,75,950,25,16,9,50,8.359121615,180,163,18.39559201,19.30710841,9.551485099,7.218092762,452,19,10,8,37,498,6,6,1,13,489,511,140,23,168,12
41,1000,40,5.13,10.3,18,37,52,950,33,8,9,50,7.859114624,111,127,13.27251807,13.09767419,8.510160449,7.236098168,458,20,5,6,31,492,13,3,3,19,489,511,101,26,92,19
46,1000,40,5.13,10.3,18,37,40,963,21,5,11,37,7.767125172,96,129,11.97543377,11.56849691,7.723388387,7.809484421,474,11,3,4,18,489,10,2,7,19,492,508,94,35,85,11
42,1000,40,5.13,10.3,18,37,51,950,32,10,8,50,8.212802205,143,119,12.54889617,12.5359867,8.206991487,8.219046918,491,17,5,5,27,459,15,5,3,23,518,482,89,30,120,23
44,1000,40,5.13,10.3,18,37,48,962,26,3,9,38,8.114998243,126,147,13.23085887,13.50369051,8.174424056,8.058809633,464,17,2,3,22,498,9,1,6,16,486,514,120,27,104,22
45,1000,40,5.13,10.3,18,37,45,966,21,9,4,34,7.562064757,115,120,12.11958522,12.19922429,7.536552506,7.586872527,471,11,8,3,22,495,10,1,1,12,493,507,94,26,99,16
47,1000,40,5.13,10.3,18,37,40,952,29,11,8,48,7.972339629,116,133,11.12196227,10.94466874,7.892986992,8.062543908,508,17,5,2,24,444,12,6,6,24,532,468,95,38,89,27
43,1000,40,5.13,10.3,18,37,50,965,21,9,5,35,7.796247438,145,145,13.2889311,13.22011307,8.047595959,7.551839507,474,12,6,1,19,491,9,3,4,16,493,507,108,37,117,28
41,1000,40,5.13,10.3,18,37,53,949,34,8,9,51,7.868236714,139,153,13.39647936,13.1835983,8.571267554,7.195473345,457,21,5,6,32,492,13,3,3,19,489,511,124,29,120,19
46,1000,40,5.13,10.3,18,37,41,966,19,4,11,34,7.806224499,120,115,12.05244286,11.64440491,7.798579184,7.813629016,475,10,3,4,17,491,9,1,7,17,492,508,78,37,104,16
42,1000,40,5.13,10.3,18,37,52,951,31,10,8,49,8.214725161,118,131,12.65736884,12.66000388,8.231539719,8.196654744,491,17,5,5,27,460,14,5,3,22,518,482,95,36,97,21
40,1000,40,5.13,10.3,18,37,76,950,24,17,9,50,8.360189174,188,196,18.80262177,19.74775127,9.574730109,7.197937673,452,18,11,8,37,498,6,6,1,13,489,511,174,22,169,19
44,1000,40,5.13,10.3,18,37,49,962,26,3,9,38,8.099887284,147,135,13.38685858,13.69260347,8.214941624,7.991100496,464,17,2,3,22,498,9,1,6,16,486,514,107,28,123,24
45,1000,40,5.13,10.3,18,37,46,965,22,9,4,35,7.597291548,131,125,12.20814223,12.29420401,7.591111415,7.603301026,470,12,8,3,23,495,10,1,1,12,493,507,93,32,106,25
47,1000,40,5.13,10.3,18,37,41,953,29,11,7,47,7.984407916,124,116,11.26963666,11.12614456,7.933766125,8.041975081,508,17,5,2,24,445,12,6,5,23,532,468,81,35,91,33
43,1000,40,5.13,10.3,18,37,51,965,21,9,5,35,7.816605896,143,137,13.42277367,13.40249147,8.139928112,7.50221171,474,12,6,1,19,491,9,3,4,16,493,507,113,24,118,25
41,1000,40,5.13,10.3,18,37,54,949,35,8,8,51,7.858092361,131,144,13.60011167,13.37277097,8.597007365,7.150989745,456,22,5,6,33,493,13,3,2,18,489,511,110,34,114,17
42,1000,40,5.13,10.3,18,37,53,952,32,7,9,48,8.224099169,121,133,12.80943547,12.83816525,8.27738632,8.166832065,491,17,5,5,27,461,15,2,4,21,518,482,102,31,105,16
46,1000,40,5.13,10.3,18,37,42,966,19,4,11,34,7.853921766,116,126,12.12529561,11.72927186,7.818421804,7.888303619,475,10,3,4,17,491,9,1,7,17,492,508,94,32,100,16
40,1000,40,5.13,10.3,18,37,77,948,26,17,9,52,8.3910937,177,171,19.57778546,20.4124196,9.616368906,7.218570069,452,18,11,8,37,496,8,6,1,15,489,511,145,26,162,15
44,1000,40,5.13,10.3,18,37,50,965,25,3,7,35,8.082486856,156,144,13.47360621,13.81777183,8.257165261,7.917324006,464,17,2,3,22,501,8,1,4,13,486,514,116,28,139,17
45,1000,40,5.13,10.3,18,37,47,965,22,9,4,35,7.603440716,125,103,12.31673282,12.4109319,7.645037777,7.562992292,470,12,8,3,23,495,10,1,1,12,493,507,80,23,104,21
43,1000,40,5.13,10.3,18,37,52,964,23,8,5,36,7.82069574,143,145,13.58036513,13.53673069,8.149324845,7.501141205,475,12,5,1,18,489,11,3,4,18,493,507,119,26,118,25
47,1000,40,5.13,10.3,18,37,42,954,28,11,7,46,8.00444425,116,124,11.36180838,11.23066638,7.977372803,8.035217774,508,17,5,2,24,446,11,6,5,22,532,468,88,36,89,27
41,1000,40,5.13,10.3,18,37,55,947,36,8,9,53,7.877616042,134,131,13.71971924,13.52705883,8.61801964,7.169088921,455,23,5,6,34,492,13,3,3,19,489,511,108,23,111,23
42,1000,40,5.13,10.3,18,37,54,952,32,7,9,48,8.213495883,151,126,12.957276,13.02539436,8.313333705,8.106201293,491,17,5,5,27,461,15,2,4,21,518,482,94,32,126,25
46,1000,40,5.13,10.3,18,37,43,966,19,5,10,34,7.881383797,123,126,12.25424836,11.87306366,7.853329779,7.908554223,475,10,3,4,17,491,9,2,6,17,492,508,90,36,102,21
44,1000,40,5.13,10.3,18,37,51,963,27,3,7,37,8.098485157,149,129,13.59621642,13.95941272,8.325703557,7.883644412,462,19,2,3,24,501,8,1,4,13,486,514,95,34,136,13
45,1000,40,5.13,10.3,18,37,48,965,22,9,4,35,7.599657055,108,115,12.39917943,12.54831575,7.684635886,7.517024781,470,12,8,3,23,495,10,1,1,12,493,507,89,26,91,17
40,1000,40,5.13,10.3,18,37,78,948,27,16,9,52,8.370055953,180,200,20.27447165,21.00680743,9.637218413,7.157448432,452,19,10,8,37,496,8,6,1,15,489,511,175,25,159,21
43,1000,40,5.13,10.3,18,37,53,962,25,8,5,38,7.834352549,148,144,13.76170491,13.75767938,8.185549684,7.492853164,475,12,5,1,18,487,13,3,4,20,493,507,123,21,126,22
47,1000,40,5.13,10.3,18,37,43,954,28,11,7,46,8.023518506,107,113,11.43316725,11.3412511,8.035792724,8.009565761,508,17,5,2,24,446,11,6,5,22,532,468,77,36,83,24
41,1000,40,5.13,10.3,18,37,56,946,37,7,10,54,7.917314638,135,131,13.87169306,13.67291648,8.713318418,7.15558108,454,24,4,7,35,492,13,3,3,19,489,511,107,24,122,13
42,1000,40,5.13,10.3,18,37,55,955,30,6,9,45,8.20906778,126,121,13.11383214,13.23362331,8.342765932,8.065383874,492,16,4,6,26,463,14,2,3,19,518,482,99,22,113,13
46,1000,40,5.13,10.3,18,37,44,963,22,5,10,37,7.906779492,135,120,12.41023728,12.03364223,7.906571629,7.906980808,472,13,3,4,20,491,9,2,6,17,492,508,97,23,115,20
44,1000,40,5.13,10.3,18,37,52,963,27,3,7,37,8.074791569,146,154,13.69430287,14.0990269,8.330477162,7.833034374,462,19,2,3,24,501,8,1,4,13,486,514,120,34,127,19
45,1000,40,5.13,10.3,18,37,49,964,23,9,4,36,7.622742823,127,129,12.51896553,12.66562416,7.709807423,7.538082375,469,13,8,3,24,495,10,1,1,12,493,507,97,32,105,22
40,1000,40,5.13,10.3,18,37,79,949,27,15,9,51,8.37185564,197,183,20.83023804,21.51679518,9.678115546,7.12183393,452,19,10,8,37,497,8,5,1,14,489,511,164,19,181,16
43,1000,40,5.13,10.3,18,37,54,963,24,8,5,37,7.829796178,145,148,13.86783873,13.91995966,8.208018057,7.462018296,475,12,5,1,18,488,12,3,4,19,493,507,120,28,130,15
47,1000,40,5.13,10.3,18,37,44,954,29,10,7,46,8.03018686,111,128,11.49758145,11.41044442,8.04722581,8.010817797,509,17,4,2,23,445,12,6,5,23,532,468,93,35,90,21
41,1000,40,5.13,10.3,18,37,57,947,34,9,10,53,7.914765469,127,130,14.16176692,13.95269337,8.737634644,7.127323147,454,22,6,7,35,493,12,3,3,18,489,511,104,26,112,15
42,1000,40,5.13,10.3,18,37,56,955,29,7,9,45,8.220708345,135,124,13.24661365,13.38485704,8.380019196,8.049498759,492,16,4,6,26,463,13,3,3,19,518,482,100,24,113,22
46,1000,40,5.13,10.3,18,37,45,963,22,5,10,37,7.949708495,122,132,12.50153757,12.14864375,7.99480273,7.90603455,472,13,3,4,20,491,9,2,6,17,492,508,102,30,96,26
45,1000,40,5.13,10.3,18,37,50,964,23,9,4,36,7.62903967,127,125,12.60643016,12.7889452,7.738669495,7.522437098,469,13,8,3,24,495,10,1,1,12,493,507,93,32,105,22
44,1000,40,5.13,10.3,18,37,53,964,26,3,7,36,8.062689297,138,138,13.82592052,14.30511048,8.342838094,7.797801525,462,19,2,3,24,502,7,1,4,12,486,514,106,32,117,21
43,1000,40,5.13,10.3,18,37,55,963,26,6,5,37,7.806856702,151,152,14.09607108,14.17199805,8.232544077,7.392924009,474,13,5,1,19,489,13,1,4,18,493,507,126,26,129,22
47,1000,40,5.13,10.3,18,37,45,954,29,10,7,46,8.035625112,120,108,11.60967005,11.54777532,8.045866048,8.023983706,509,17,4,2,23,445,12,6,5,23,532,468,79,29,98,22
40,1000,40,5.13,10.3,18,37,80,949,27,15,9,51,8.394448629,189,201,21.96320121,22.31644071,9.745219169,7.101832594,452,19,10,8,37,497,8,5,1,14,489,511,171,30,174,15
41,1000,40,5.13,10.3,18,37,58,946,35,9,10,54,7.963745743,131,150,14.42860671,14.20200495,8.818060221,7.146211927,453,23,6,7,36,493,12,3,3,18,489,511,113,37,113,18
42,1000,40,5.13,10.3,18,37,57,957,27,7,9,43,8.233313922,141,160,13.40167804,13.55903833,8.41705946,8.03584465,493,15,4,6,25,464,12,3,3,18,518,482,125,35,117,24
46,1000,40,5.13,10.3,18,37,46,963,22,5,10,37,7.959920042,144,132,12.59411041,12.31392293,8.036735153,7.885524305,472,13,3,4,20,491,9,2,6,17,492,508,111,21,124,20
45,1000,40,5.13,10.3,18,37,51,964,24,8,4,36,7.627225752,130,122,12.72694894,12.94104798,7.78747224,7.471404216,468,14,8,3,25,496,10,0,1,11,493,507,84,38,108,22
44,1000,40,5.13,10.3,18,37,54,965,25,3,7,35,8.051739039,139,149,13.98320603,14.48239114,8.395811747,7.726409591,462,19,2,3,24,503,6,1,4,11,486,514,115,34,120,19
43,1000,40,5.13,10.3,18,37,56,963,26,6,5,37,7.815071002,145,151,14.25383126,14.36213328,8.260671763,7.381774798,474,13,5,1,19,489,13,1,4,18,493,507,118,33,126,19
47,1000,40,5.13,10.3,18,37,46,955,29,9,7,45,8.028085219,124,129,11.72057876,11.69652489,8.066743141,7.984140744,509,17,4,2,23,446,12,5,5,22,532,468,86,43,99,25
40,1000,40,5.13,10.3,18,37,81,948,26,17,9,52,8.469586721,189,187,22.66448251,22.93854011,9.829521859,7.16820065,451,19,11,8,38,497,7,6,1,14,489,511,162,25,177,12
41,1000,40,5.13,10.3,18,37,59,944,37,9,10,56,7.994942509,158,144,14.65533054,14.43781969,8.86077457,7.166386974,451,25,6,7,38,493,12,3,3,18,489,511,118,26,136,22
42,1000,40,5.13,10.3,18,37,58,958,27,7,8,42,8.204592792,139,145,13.58068381,13.81375586,8.411436088,7.982300619,493,15,4,6,25,465,12,3,2,17,518,482,113,32,118,21
46,1000,40,5.13,10.3,18,37,47,964,22,5,9,36,7.94591723,136,142,12.7193941,12.44512767,8.08134097,7.814758805,472,13,3,4,20,492,9,2,5,16,492,508,118,24,109,27
45,1000,40,5.13,10.3,18,37,52,965,23,8,4,35,7.626770836,140,126,12.85158241,13.07616139,7.82882063,7.430300326,468,14,8,3,25,497,9,0,1,10,493,507,102,24,122,18
44,1000,40,5.13,10.3,18,37,55,964,26,3,7,36,8.071213976,146,151,14.09658466,14.65964696,8.433410542,7.728747963,462,19,2,3,24,502,7,1,4,12,486,514,119,32,129,17
43,1000,40,5.13,10.3,18,37,57,960,29,6,5,40,7.866363143,161,161,14.43024892,14.57839743,8.367657414,7.378911318,473,14,5,1,20,487,15,1,4,20,493,507,135,26,143,18
47,1000,40,5.13,10.3,18,37,47,956,28,9,7,44,8.041478805,119,93,11.82487774,11.78570216,8.129836648,7.941037839,509,17,4,2,23,447,11,5,5,21,532,468,68,25,97,22
41,1000,40,5.13,10.3,18,37,60,943,38,9,10,57,7.988751756,167,130,14.87769135,14.68927562,8.89155027,7.12482128,450,26,6,7,39,493,12,3,3,18,489,511,116,14,149,18
42,1000,40,5.13,10.3,18,37,59,960,27,6,7,40,8.21094752,147,133,13.72594882,13.94907769,8.446803418,7.957475828,493,15,4,6,25,467,12,2,1,15,518,482,107,26,118,29
40,1000,40,5.13,10.3,18,37,82,947,27,16,10,53,8.500873064,203,210,23.69402345,23.7913763,9.904351056,7.157818781,451,19,11,8,38,496,8,5,2,15,489,511,185,25,183,20
46,1000,40,5.13,10.3,18,37,48,964,23,5,8,36,7.923678509,122,138,12.8779924,12.60796687,8.103508868,7.749512098,471,14,3,4,21,493,9,2,4,15,492,508,110,28,105,17
45,1000,40,5.13,10.3,18,37,53,964,24,8,4,36,7.657325477,136,141,13.00748651,13.27012726,7.852939841,7.467112692,467,15,8,3,26,497,9,0,1,10,493,507,113,28,112,24
44,1000,40,5.13,10.3,18,37,56,961,29,3,7,39,8.090428309,144,163,14.21244629,14.81578615,8.495767116,7.707170214,459,22,2,3,27,502,7,1,4,12,486,514,127,36,124,20
43,1000,40,5.13,10.3,18,37,58,960,29,8,3,40,7.84077675,143,143,14.59323178,14.79270191,8.394667734,7.302180585,472,15,5,1,21,488,14,3,2,19,493,507,116,27,123,20
47,1000,40,5.13,10.3,18,37,48,957,28,7,8,43,8.072393879,124,134,11.92353693,11.91054437,8.201940186,7.925131838,509,17,3,3,23,448,11,4,5,20,532,468,96,38,97,27
42,1000,40,5.13,10.3,18,37,60,960,27,6,7,40,8.246348955,154,138,13.85498686,14.13041346,8.482559948,7.992495646,493,15,4,6,25,467,12,2,1,15,518,482,117,21,127,27
41,1000,40,5.13,10.3,18,37,61,942,39,9,10,58,8.014863171,144,153,15.0441924,14.86753092,8.938164441,7.131312641,450,26,6,7,39,492,13,3,3,19,489,511,131,22,126,18
45,1000,40,5.13,10.3,18,37,54,964,24,8,4,36,7.680657883,140,153,13.1687543,13.41955402,7.943454524,7.425117954,467,15,8,3,26,497,9,0,1,10,493,507,114,39,117,23
40,1000,40,5.13,10.3,18,37,83,948,26,16,10,52,8.4820382,200,195,24.05834585,24.18708996,9.917837511,7.108054125,452,18,11,8,37,496,8,5,2,15,489,511,177,18,180,20
46,1000,40,5.13,10.3,18,37,49,963,23,6,8,37,7.93762749,131,163,13.0016351,12.74202144,8.154035185,7.728035785,470,14,4,4,22,493,9,2,4,15,492,508,120,43,108,23
44,1000,40,5.13,10.3,18,37,57,959,31,3,7,41,8.117906626,140,138,14.30624944,14.93992302,8.543871403,7.715146156,457,24,2,3,29,502,7,1,4,12,486,514,118,20,124,16
43,1000,40,5.13,10.3,18,37,59,960,28,9,3,40,7.850660976,155,146,14.74063752,15.00020534,8.435055216,7.282403854,472,14,6,1,21,488,14,3,2,19,493,507,120,26,132,23
47,1000,40,5.13,10.3,18,37,49,957,27,8,8,43,8.070575698,117,134,12.04438466,12.04410933,8.213230829,7.908412174,509,17,3,3,23,448,10,5,5,20,532,468,100,34,102,15
42,1000,40,5.13,10.3,18,37,61,960,27,6,7,40,8.268458344,127,137,14.03480916,14.3082014,8.52630388,7.991354635,493,15,4,6,25,467,12,2,1,15,518,482,116,21,108,19
41,1000,40,5.13,10.3,18,37,62,942,40,9,9,58,8.005378634,172,157,15.27771583,15.13112595,8.928641578,7.121864781,450,27,6,6,39,492,13,3,3,19,489,511,129,28,145,27
45,1000,40,5.13,10.3,18,37,55,963,25,8,4,37,7.693782748,157,144,13.3211473,13.61191555,8.012320831,7.38404059,466,16,8,3,27,497,9,0,1,10,493,507,106,38,133,24
44,1000,40,5.13,10.3,18,37,58,959,31,3,7,41,8.117762815,144,158,14.51189306,15.1915446,8.550621208,7.708484256,457,24,2,3,29,502,7,1,4,12,486,514,128,30,124,20
46,1000,40,5.13,10.3,18,37,50,963,23,6,8,37,7.943391134,158,113,13.11692498,12.85799683,8.172445045,7.721551519,469,15,4,4,23,494,8,2,4,14,492,508,91,22,136,22
40,1000,40,5.13,10.3,18,37,84,948,25,17,10,52,8.50398984,195,199,25.35293259,25.05123772,9.953539827,7.116847093,452,17,12,8,37,496,8,5,2,15,489,511,173,26,179,16
43,1000,40,5.13,10.3,18,37,60,960,28,9,3,40,7.847538816,140,163,14.93346036,15.17603406,8.461672297,7.250363657,471,15,6,1,22,489,13,3,2,18,493,507,130,33,118,22
47,1000,40,5.13,10.3,18,37,50,958,26,6,10,42,8.072949365,119,119,12.1755836,12.20580471,8.228487152,7.896141452,509,17,2,4,23,449,9,4,6,19,532,468,90,29,101,18
42,1000,40,5.13,10.3,18,37,62,960,27,6,7,40,8.27194384,154,145,14.14843355,14.46035274,8.583127593,7.937518146,493,15,4,6,25,467,12,2,1,15,518,482,118,27,133,21
41,1000,40,5.13,10.3,18,37,63,942,40,10,8,58,8.02030479,171,173,15.53851304,15.37763213,8.941383436,7.138881194,450,26,7,6,39,492,14,3,2,19,489,511,139,34,150,21
45,1000,40,5.13,10.3,18,37,56,962,25,9,4,38,7.742534586,153,146,13.51585956,13.84809886,8.127790238,7.367917156,465,17,8,3,28,497,8,1,1,10,493,507,118,28,126,27
44,1000,40,5.13,10.3,18,37,59,959,31,3,7,41,8.111323978,154,160,14.68401404,15.37328457,8.559311156,7.687740771,457,24,2,3,29,502,7,1,4,12,486,514,134,26,141,13
46,1000,40,5.13,10.3,18,37,51,961,25,6,8,39,7.937391697,141,133,13.33896906,13.09846719,8.208420442,7.674899292,467,17,4,4,25,494,8,2,4,14,492,508,100,33,124,17
40,1000,40,5.13,10.3,18,37,85,949,25,17,9,51,8.546003722,186,196,26.58320426,25.84757288,10.03301277,7.12301463,452,17,12,8,37,497,8,5,1,14,489,511,175,21,173,13
43,1000,40,5.13,10.3,18,37,61,962,26,9,3,38,7.863303908,153,155,15.1492042,15.37146842,8.514294377,7.230289508,471,14,7,1,22,491,12,2,2,16,493,507,122,33,134,19
47,1000,40,5.13,10.3,18,37,51,959,25,6,10,41,8.080979127,129,110,12.30062569,12.3595915,8.263946891,7.872990129,509,17,2,4,23,450,8,4,6,18,532,468,86,24,103,26
42,1000,40,5.13,10.3,18,37,63,961,26,6,7,39,8.246681469,147,143,14.27907058,14.58732784,8.623446974,7.841775802,492,16,4,6,26,469,10,2,1,13,518,482,118,25,131,16
41,1000,40,5.13,10.3,18,37,64,942,40,10,8,58,8.019481411,169,168,15.71596643,15.56957655,8.987301133,7.093329074,450,26,7,6,39,492,14,3,2,19,489,511,136,32,151,18
45,1000,40,5.13,10.3,18,37,57,960,26,10,4,40,7.731633488,153,147,13.72236393,14.08374501,8.1616328,7.313507924,464,17,9,3,29,496,9,1,1,11,493,507,120,27,124,29
44,1000,40,5.13,10.3,18,37,60,960,29,4,7,40,8.11702246,167,151,14.86908237,15.58786857,8.592387541,7.667552753,458,23,2,3,28,502,6,2,4,12,486,514,128,23,141,26
46,1000,40,5.13,10.3,18,37,52,960,26,6,8,40,7.946938616,146,136,13.51229489,13.25043163,8.270725298,7.63334994,466,18,4,4,26,494,8,2,4,14,492,508,108,28,117,29
43,1000,40,5.13,10.3,18,37,62,962,26,9,3,38,7.876515191,171,155,15.45008996,15.74201292,8.539266878,7.232064339,471,14,7,1,22,491,12,2,2,16,493,507,127,28,158,13
40,1000,40,5.13,10.3,18,37,86,949,25,17,9,51,8.532703739,205,213,26.98359327,26.3585156,10.08527269,7.046977284,452,17,12,8,37,497,8,5,1,14,489,511,191,22,190,15
42,1000,40,5.13,10.3,18,37,64,964,23,6,7,36,8.243278693,160,116,14.40698163,14.75165243,8.677239586,7.776905783,492,16,4,6,26,472,7,2,1,10,518,482,95,21,141,19
47,1000,40,5.13,10.3,18,37,52,959,25,6,10,41,8.088643633,109,121,12.53174256,12.64456872,8.273046501,7.879023279,509,17,2,4,23,450,8,4,6,18,532,468,93,28,95,14
41,1000,40,5.13,10.3,18,37,65,942,40,10,8,58,8.046695074,173,164,15.9973489,15.86844799,9.005090477,7.129561312,450,26,7,6,39,492,14,3,2,19,489,511,136,28,151,22
44,1000,40,5.13,10.3,18,37,61,960,29,4,7,40,8.110827836,172,151,15.07982341,15.88789084,8.638729629,7.611683338,458,23,2,3,28,502,6,2,4,12,486,514,129,22,155,17
45,1000,40,5.13,10.3,18,37,58,960,25,11,4,40,7.768977729,136,145,13.94169015,14.298985,8.206852431,7.343194242,464,17,9,3,29,496,8,2,1,11,493,507,117,28,117,19
46,1000,40,5.13,10.3,18,37,53,961,25,6,8,39,7.954802184,140,162,13.66043897,13.41425501,8.311231856,7.609598643,468,16,4,4,24,493,9,2,4,15,492,508,126,36,124,16
43,1000,40,5.13,10.3,18,37,63,961,28,7,4,39,7.916978085,173,177,15.78510526,16.15549394,8.612005747,7.241142509,470,15,6,2,23,491,13,1,2,16,493,507,139,38,154,19
40,1000,40,5.13,10.3,18,37,87,949,25,16,10,51,8.561258598,197,218,27.9441758,27.1610271,10.09172332,7.09668472,452,17,12,8,37,497,8,4,2,14,489,511,197,21,185,12
42,1000,40,5.13,10.3,18,37,65,963,23,7,7,37,8.246861181,148,155,14.56429935,14.91038101,8.726425491,7.731478791,490,17,5,6,28,473,6,2,1,9,518,482,130,25,126,22
41,1000,40,5.13,10.3,18,37,66,941,41,10,8,59,8.050204611,165,155,16.32877297,16.18409501,9.032566877,7.110135829,450,26,7,6,39,491,15,3,2,20,489,511,139,16,142,23
47,1000,40,5.13,10.3,18,37,53,958,25,7,10,42,8.122683834,118,131,12.67624974,12.79494707,8.309575153,7.910234728,509,16,3,4,23,449,9,4,6,19,532,468,103,28,97,21
45,1000,40,5.13,10.3,18,37,59,958,26,12,4,42,7.766836909,145,148,14.09134722,14.48741324,8.25897113,7.288292192,463,17,10,3,30,495,9,2,1,12,493,507,122,26,127,18
44,1000,40,5.13,10.3,18,37,62,960,29,4,7,40,8.111151367,164,166,15.31847652,16.19957848,8.66341914,7.588968219,458,23,2,3,28,502,6,2,4,12,486,514,135,31,146,18
46,1000,40,5.13,10.3,18,37,54,960,25,7,8,40,7.970495998,148,139,13.82884696,13.57232396,8.380640564,7.57326937,467,16,5,4,25,493,9,2,4,15,492,508,105,34,131,17
43,1000,40,5.13,10.3,18,37,64,961,28,7,4,39,7.894441247,160,191,16.16749951,16.51209766,8.614705998,7.194065464,470,15,6,2,23,491,13,1,2,16,493,507,156,35,140,20
42,1000,40,5.13,10.3,18,37,66,961,25,7,7,39,8.274254793,165,164,14.77472943,15.15771843,8.779701872,7.73105648,490,17,5,6,28,471,8,2,1,11,518,482,136,28,145,20
41,1000,40,5.13,10.3,18,37,67,942,40,11,7,58,8.04397529,180,162,16.59506439,16.51365042,9.083522577,7.049183464,450,26,7,6,39,492,14,4,1,19,489,511,138,24,163,17
40,1000,40,5.13,10.3,18,37,88,947,27,16,10,53,8.580474391,203,202,28.53400929,27.78469058,10.14340429,7.084833059,450,19,12,8,39,497,8,4,2,14,489,511,178,24,193,10
47,1000,40,5.13,10.3,18,37,54,958,25,7,10,42,8.134935206,137,114,12.81531847,13.01821573,8.316267039,7.928805857,509,16,3,4,23,449,9,4,6,19,532,468,87,27,111,26
44,1000,40,5.13,10.3,18,37,63,959,29,5,7,41,8.134207473,154,155,15.47728577,16.40952124,8.745142734,7.556552732,458,22,3,3,28,501,7,2,4,13,486,514,137,18,135,19
45,1000,40,5.13,10.3,18,37,60,957,27,12,4,43,7.80882742,130,137,14.26639004,14.67902164,8.303156289,7.328148658,463,17,10,3,30,494,10,2,1,13,493,507,109,28,116,14
46,1000,40,5.13,10.3,18,37,55,960,25,7,8,40,7.976164854,138,151,13.97348454,13.7310206,8.416783297,7.549424157,467,16,5,4,25,493,9,2,4,15,492,508,127,24,122,16
43,1000,40,5.13,10.3,18,37,65,960,29,7,4,40,7.899460485,144,171,16.53869473,16.95367964,8.649286858,7.170339377,469,16,6,2,24,491,13,1,2,16,493,507,138,33,133,11
42,1000,40,5.13,10.3,18,37,67,962,23,8,7,38,8.281334211,150,128,15.04690114,15.47764252,8.828762774,7.693018868,490,16,6,6,28,472,7,2,1,10,518,482,100,28,135,15
41,1000,40,5.13,10.3,18,37,68,942,40,11,7,58,8.038661068,172,184,17.04014713,16.97085556,9.127545904,6.996655815,450,26,7,6,39,492,14,4,1,19,489,511,148,36,153,19
47,1000,40,5.13,10.3,18,37,55,957,26,7,10,43,8.157256324,132,128,12.98181604,13.15911625,8.388760937,7.894092961,508,17,3,4,24,449,9,4,6,19,532,468,97,31,105,27
45,1000,40,5.13,10.3,18,37,61,957,27,12,4,43,7.855432004,133,147,14.42784372,14.86602806,8.343290001,7.381045432,463,17,10,3,30,494,10,2,1,13,493,507,115,32,111,22
44,1000,40,5.13,10.3,18,37,64,958,30,5,7,42,8.141925651,155,182,15.6721785,16.64677109,8.799408884,7.520258625,457,23,3,3,29,501,7,2,4,13,486,514,149,33,140,15
40,1000,40,5.13,10.3,18,37,89,947,27,15,11,53,8.570598576,203,207,29.18332842,28.3292631,10.17093056,7.039165426,450,19,11,9,39,497,8,4,2,14,489,511,189,18,190,13
46,1000,40,5.13,10.3,18,37,56,961,24,7,8,39,7.982256629,144,152,14.10767991,13.87186476,8.438189013,7.54068432,467,16,5,4,25,494,8,2,4,14,492,508,122,30,124,20
43,1000,40,5.13,10.3,18,37,66,959,28,9,4,41,7.936804199,177,168,16.87956951,17.34436243,8.699903703,7.194776476,468,16,7,2,25,491,12,2,2,16,493,507,144,24,157,20
42,1000,40,5.13,10.3,18,37,68,961,24,8,7,39,8.251632421,150,171,15.23986889,15.71580518,8.859045782,7.598852086,489,17,6,6,29,472,7,2,1,10,518,482,138,33,137,13
47,1000,40,5.13,10.3,18,37,56,958,26,6,10,42,8.194683591,142,144,13.2536195,13.44483185,8.429987344,7.927201547,508,17,3,4,24,450,9,3,6,18,532,468,108,36,124,18
41,1000,40,5.13,10.3,18,37,69,943,38,12,7,57,8.01325562,162,174,17.37258632,17.3256593,9.16112177,6.914808364,450,26,7,6,39,493,12,5,1,18,489,511,147,27,148,14
45,1000,40,5.13,10.3,18,37,62,957,27,12,4,43,7.852017031,154,146,14.6266544,15.08181598,8.382090142,7.336581047,463,17,10,3,30,494,10,2,1,13,493,507,106,40,134,20
44,1000,40,5.13,10.3,18,37,65,958,29,5,8,42,8.132117232,173,178,15.90084079,16.93648105,8.877199211,7.427623377,456,22,4,4,30,502,7,1,4,12,486,514,155,23,156,17
40,1000,40,5.13,10.3,18,37,90,946,28,15,11,54,8.577653083,202,216,29.99802746,29.10368086,10.19856065,7.026530188,450,19,11,9,39,496,9,4,2,15,489,511,197,19,189,13
46,1000,40,5.13,10.3,18,37,57,961,24,7,8,39,8.007093503,129,136,14.28087059,14.0876973,8.463755235,7.564814819,467,16,5,4,25,494,8,2,4,14,492,508,114,22,112,17
43,1000,40,5.13,10.3,18,37,67,959,27,10,4,41,7.934848634,165,156,17.18398168,17.72637039,8.717065915,7.17423104,468,16,7,2,25,491,11,3,2,16,493,507,136,20,150,15
42,1000,40,5.13,10.3,18,37,69,961,24,8,7,39,8.270525149,162,167,15.48160178,16.01471043,8.905008276,7.588653241,489,17,6,6,29,472,7,2,1,10,518,482,135,32,139,23
41,1000,40,5.13,10.3,18,37,70,944,36,13,7,56,7.981808112,187,174,17.88570796,17.80927987,9.162293178,6.852146278,449,26,8,6,40,495,10,5,1,16,489,511,143,31,159,28
47,1000,40,5.13,10.3,18,37,57,958,27,6,9,42,8.190367283,140,142,13.62357671,13.85904452,8.473503936,7.868511089,508,17,3,4,24,450,10,3,5,18,532,468,110,32,120,20
45,1000,40,5.13,10.3,18,37,63,956,28,12,4,44,7.849827448,140,135,14.87625902,15.39403128,8.427808867,7.287806067,461,19,10,3,32,495,9,2,1,12,493,507,108,27,122,18
44,1000,40,5.13,10.3,18,37,66,956,31,5,8,44,8.17029422,148,174,16.1237963,17.22364572,8.948939133,7.43406576,454,24,4,4,32,502,7,1,4,12,486,514,149,25,130,18
46,1000,40,5.13,10.3,18,37,58,962,25,7,6,38,7.969293393,145,132,14.52081358,14.37440889,8.519581379,7.436337311,467,16,5,4,25,495,9,2,2,13,492,508,111,21,117,28
40,1000,40,5.13,10.3,18,37,91,947,28,15,10,53,8.532751153,218,206,30.54062454,29.62537727,10.22035051,6.917807739,450,19,11,9,39,497,9,4,1,14,489,511,193,13,203,15
43,1000,40,5.13,10.3,18,37,68,959,27,9,5,41,7.932874234,173,175,17.55024045,18.14874127,8.721722091,7.165809157,468,16,6,3,25,491,11,3,2,16,493,507,149,26,155,18
42,1000,40,5.13,10.3,18,37,70,960,25,8,7,40,8.308469086,168,156,15.67477735,16.24710209,8.966324574,7.601479163,489,17,6,6,29,471,8,2,1,11,518,482,125,31,142,26
41,1000,40,5.13,10.3,18,37,71,943,36,14,7,57,7.996109438,170,181,18.24955481,18.13178599,9.182619677,6.860681831,448,26,9,6,41,495,10,5,1,16,489,511,157,24,154,16
45,1000,40,5.13,10.3,18,37,64,957,27,12,4,43,7.83089704,161,148,15.13940736,15.66239364,8.413343116,7.264534287,462,18,10,3,31,495,9,2,1,12,493,507,126,22,136,25
47,1000,40,5.13,10.3,18,37,58,958,27,6,9,42,8.22086258,121,128,13.97248534,14.29153162,8.517479316,7.883682872,508,17,3,4,24,450,10,3,5,18,532,468,93,35,110,11
44,1000,40,5.13,10.3,18,37,67,956,31,5,8,44,8.177526255,170,173,16.38435736,17.50169924,8.995443619,7.404164701,454,24,4,4,32,502,7,1,4,12,486,514,143,30,152,18
46,1000,40,5.13,10.3,18,37,59,961,26,7,6,39,7.959533068,145,157,14.65922705,14.53684038,8.548774529,7.388850392,467,16,5,4,25,494,10,2,2,14,492,508,126,31,131,14
40,1000,40,5.13,10.3,18,37,92,948,26,16,10,52,8.555646794,215,211,31.62899497,30.51162535,10.2356239,6.947997472,450,18,12,9,39,498,8,4,1,13,489,511,193,18,194,21
43,1000,40,5.13,10.3,18,37,69,958,28,9,5,42,7.950475292,150,168,17.80183901,18.42404729,8.751416233,7.171651063,467,17,6,3,26,491,11,3,2,16,493,507,142,26,137,13
42,1000,40,5.13,10.3,18,37,71,958,27,8,7,42,8.297992081,160,156,15.85781621,16.45301019,8.985240313,7.559414106,489,17,6,6,29,469,10,2,1,13,518,482,134,22,146,14
41,1000,40,5.13,10.3,18,37,72,943,36,14,7,57,8.017275939,200,155,18.7236567,18.59921338,9.257417444,6.830526044,448,26,9,6,41,495,10,5,1,16,489,511,132,23,178,22
45,1000,40,5.13,10.3,18,37,65,955,28,13,4,45,7.890262134,137,156,15.35274715,15.93858459,8.48992851,7.307154593,461,19,10,3,32,494,9,3,1,13,493,507,134,22,123,14
47,1000,40,5.13,10.3,18,37,59,957,28,7,8,43,8.17871747,135,123,14.29528137,14.60427491,8.519612866,7.791203901,508,17,3,4,24,449,11,4,4,19,532,468,91,32,117,18
44,1000,40,5.13,10.3,18,37,68,955,32,5,8,45,8.219748208,172,166,16.66594872,17.8777058,9.029346406,7.454252635,454,24,4,4,32,501,8,1,4,13,486,514,147,19,154,18
46,1000,40,5.13,10.3,18,37,60,961,26,7,6,39,7.961988014,162,173,14.81315379,14.68006501,8.579376492,7.364044843,467,16,5,4,25,494,10,2,2,14,492,508,136,37,136,26
43,1000,40,5.13,10.3,18,37,70,958,28,9,5,42,7.964963942,164,221,18.12793553,18.87467793,8.82445367,7.129207658,467,17,6,3,26,491,11,3,2,16,493,507,192,29,143,21
40,1000,40,5.13,10.3,18,37,93,949,25,16,10,51,8.553420082,214,219,32.12290894,31.17862871,10.2873858,6.894106505,450,18,12,9,39,499,7,4,1,12,489,511,201,18,205,9
42,1000,40,5.13,10.3,18,37,72,957,28,8,7,43,8.292863562,155,180,16.07452953,16.73937809,9.002755528,7.52995062,488,18,6,6,30,469,10,2,1,13,518,482,143,37,133,22
45,1000,40,5.13,10.3,18,37,66,956,25,14,5,44,7.887845075,158,161,15.62166625,16.23570543,8.515398188,7.277620844,461,19,9,4,32,495,6,5,1,12,493,507,137,24,143,15
41,1000,40,5.13,10.3,18,37,73,941,38,14,7,59,8.031642103,169,182,19.08864349,18.95936148,9.285208118,6.832045662,447,27,9,6,42,494,11,5,1,17,489,511,158,24,157,12
44,1000,40,5.13,10.3,18,37,69,955,32,5,8,45,8.230374035,172,177,16.9551249,18.21595084,9.088019371,7.419448679,454,24,4,4,32,501,8,1,4,13,486,514,158,19,155,17
47,1000,40,5.13,10.3,18,37,60,957,28,7,8,43,8.198240219,130,147,14.54126938,14.86741173,8.565963059,7.780230495,508,17,3,4,24,449,11,4,4,19,532,468,115,32,112,18
46,1000,40,5.13,10.3,18,37,61,961,26,7,6,39,7.976049378,149,164,14.98267528,14.87958467,8.616508872,7.355761837,467,16,5,4,25,494,10,2,2,14,492,508,133,31,131,18
43,1000,40,5.13,10.3,18,37,71,958,29,9,4,42,7.930603141,178,177,18.46905915,19.32930998,8.849337412,7.037238259,466,18,6,3,27,492,11,3,1,15,493,507,158,19,149,29
42,1000,40,5.13,10.3,18,37,73,957,28,8,7,43,8.301593681,150,156,16.26368265,16.95590332,9.052837308,7.494240572,488,18,6,6,30,469,10,2,1,13,518,482,123,33,143,7
45,1000,40,5.13,10.3,18,37,67,957,24,14,5,43,7.895969302,163,143,15.86199208,16.52398354,8.543664836,7.266158851,462,18,9,4,31,495,6,5,1,12,493,507,119,24,146,17
40,1000,40,5.13,10.3,18,37,94,949,24,17,10,51,8.567621272,238,242,33.91153744,32.25402616,10.32150493,6.889247278,450,18,12,9,39,499,6,5,1,12,489,511,211,31,223,15
41,1000,40,5.13,10.3,18,37,74,942,37,14,7,58,8.050305133,194,193,19.57594632,19.44447966,9.334132802,6.821749888,447,27,9,6,42,495,10,5,1,16,489,511,166,27,177,17
44,1000,40,5.13,10.3,18,37,70,956,30,7,7,44,8.225743915,173,172,17.30532666,18.61039352,9.121547301,7.378739158,454,22,6,4,32,502,8,1,3,12,486,514,147,25,160,13
47,1000,40,5.13,10.3,18,37,61,957,28,7,8,43,8.204144048,146,162,14.82931795,15.24680552,8.564572081,7.794426711,508,17,3,4,24,449,11,4,4,19,532,468,127,35,127,19
46,1000,40,5.13,10.3,18,37,62,962,25,7,6,38,7.947596261,178,156,15.14939697,15.07475993,8.653520037,7.263906306,467,16,5,4,25,495,9,2,2,13,492,508,134,22,159,19
43,1000,40,5.13,10.3,18,37,72,957,30,9,4,43,7.954663148,181,189,18.90397641,19.82714034,8.871897948,7.062756329,466,18,6,3,27,491,12,3,1,16,493,507,156,33,166,15
42,1000,40,5.13,10.3,18,37,74,958,27,8,7,42,8.314271477,163,172,16.60257105,17.34741143,9.092841531,7.477550962,488,18,6,6,30,470,9,2,1,12,518,482,149,23,145,18
45,1000,40,5.13,10.3,18,37,68,956,25,14,5,44,7.936775068,174,178,16.01230708,16.74096912,8.613104535,7.279121365,462,18,9,4,31,494,7,5,1,13,493,507,151,27,155,19
41,1000,40,5.13,10.3,18,37,75,945,36,12,7,55,8.000518274,195,195,20.13442028,19.97564225,9.345642156,6.713305792,448,26,9,6,41,497,10,3,1,14,489,511,173,22,178,17
44,1000,40,5.13,10.3,18,37,71,956,29,8,7,44,8.226079601,170,188,17.59131802,18.9611371,9.13680118,7.364969314,454,21,7,4,32,502,8,1,3,12,486,514,168,20,156,14
47,1000,40,5.13,10.3,18,37,62,957,28,7,8,43,8.188855675,131,143,15.1474671,15.65750103,8.580083141,7.744127018,508,17,3,4,24,449,11,4,4,19,532,468,113,30,109,22
40,1000,40,5.13,10.3,18,37,95,948,25,17,10,52,8.596812149,247,244,34.51440735,32.73591324,10.36268126,6.90696871,449,19,12,9,40,499,6,5,1,12,489,511,225,19,225,22
46,1000,40,5.13,10.3,18,37,63,960,27,7,6,40,8.001152162,167,142,15.33618627,15.30728758,8.733519865,7.291851158,466,17,5,4,26,494,10,2,2,14,492,508,117,25,146,21
43,1000,40,5.13,10.3,18,37,73,955,32,9,4,45,7.980471139,168,201,19.52850758,20.54764965,8.899511366,7.086808749,464,20,6,3,29,491,12,3,1,16,493,507,176,25,152,16
42,1000,40,5.13,10.3,18,37,75,958,27,8,7,42,8.3349274,159,189,16.90698079,17.71450947,9.169606928,7.437906663,488,18,6,6,30,470,9,2,1,12,518,482,161,28,139,20
45,1000,40,5.13,10.3,18,37,69,957,25,13,5,43,7.923008403,148,152,16.21590806,17.01743973,8.621247863,7.244049717,462,18,9,4,31,495,7,4,1,12,493,507,125,27,134,14
41,1000,40,5.13,10.3,18,37,76,945,35,14,6,55,8.023681768,189,179,20.73922499,20.60717666,9.413968132,6.693251176,447,26,10,6,42,498,9,4,0,13,489,511,158,21,175,14
44,1000,40,5.13,10.3,18,37,72,955,30,8,7,45,8.24665217,178,187,17.8746042,19.24116096,9.172191411,7.371531409,454,21,7,4,32,501,9,1,3,13,486,514,163,24,155,23
47,1000,40,5.13,10.3,18,37,63,956,29,7,8,44,8.21245336,141,133,15.58257366,16.17674313,8.631506145,7.736094211,507,18,3,4,25,449,11,4,4,19,532,468,107,26,118,23
40,1000,40,5.13,10.3,18,37,96,949,24,17,10,51,8.564381864,224,244,37.91201579,34.59919687,10.36409718,6.842149401,449,19,12,9,40,500,5,5,1,11,489,511,227,17,212,12
46,1000,40,5.13,10.3,18,37,64,961,27,7,5,39,7.982203415,158,135,15.470136,15.46979333,8.780287411,7.209255922,466,17,5,4,26,495,10,2,1,13,492,508,114,21,142,16
43,1000,40,5.13,10.3,18,37,74,954,34,8,4,46,7.990751342,184,187,20.19787628,21.25217709,8.974405025,7.034259692,464,21,5,3,29,490,13,3,1,17,493,507,161,26,165,19
42,1000,40,5.13,10.3,18,37,76,957,27,9,7,43,8.386343927,155,184,17.13625977,18.02880337,9.247570535,7.460793341,487,18,7,6,31,470,9,2,1,12,518,482,161,23,141,14
45,1000,40,5.13,10.3,18,37,70,956,26,13,5,44,7.931029968,165,153,16.47043353,17.32787662,8.64531939,7.236464515,461,19,9,4,32,495,7,4,1,12,493,507,140,13,149,16
41,1000,40,5.13,10.3,18,37,77,946,34,14,6,54,8.022409137,198,200,21.40861437,21.30506337,9.470613286,6.636554286,447,26,10,6,42,499,8,4,0,12,489,511,176,24,186,12
44,1000,40,5.13,10.3,18,37,73,954,31,8,7,46,8.274844238,193,176,18.29690025,19.7126757,9.242459565,7.359939473,453,22,7,4,33,501,9,1,3,13,486,514,151,25,177,16
47,1000,40,5.13,10.3,18,37,64,956,29,7,8,44,8.194680065,150,129,15.96303286,16.68833345,8.640320133,7.688097766,507,18,3,4,25,449,11,4,4,19,532,468,111,18,129,21
46,1000,40,5.13,10.3,18,37,65,961,27,7,5,39,8.001035528,157,162,15.67734221,15.71899562,8.821552373,7.206361734,466,17,5,4,26,495,10,2,1,13,492,508,132,30,139,18
40,1000,40,5.13,10.3,18,37,97,950,23,17,10,50,8.598923052,222,241,41.04759995,36.34685191,10.4339213,6.842926681,449,19,12,9,40,501,4,5,1,10,489,511,223,18,210,12
43,1000,40,5.13,10.3,18,37,75,954,33,9,4,46,7.957175119,178,191,20.81039896,21.83473097,8.962250806,6.979853001,464,21,5,3,29,490,12,4,1,17,493,507,165,26,160,18
42,1000,40,5.13,10.3,18,37,77,956,28,9,7,44,8.348863466,184,185,17.47945364,18.43294759,9.256941567,7.372962105,487,18,7,6,31,469,10,2,1,13,518,482,155,30,164,20
45,1000,40,5.13,10.3,18,37,71,956,26,12,6,44,7.919359432,184,181,16.70639471,17.59227048,8.656649128,7.20242882,461,19,9,4,32,495,7,3,2,12,493,507,152,29,165,19
41,1000,40,5.13,10.3,18,37,78,945,35,14,6,55,8.059431595,196,183,22.02592014,21.95583816,9.554600921,6.628633551,447,26,10,6,42,498,9,4,0,13,489,511,163,20,182,14
44,1000,40,5.13,10.3,18,37,74,953,31,9,7,47,8.289454287,169,173,18.7416491,20.28346237,9.254347577,7.377123279,453,22,7,4,33,500,9,2,3,14,486,514,145,28,154,15
47,1000,40,5.13,10.3,18,37,65,955,29,6,10,45,8.225941196,159,139,16.22994086,17.07089642,8.694585924,7.693208301,506,18,3,5,26,449,11,3,5,19,532,468,111,28,138,21
46,1000,40,5.13,10.3,18,37,66,962,26,6,6,38,8.006867648,153,141,15.85353503,15.91098971,8.86275759,7.177934869,466,17,4,5,26,496,9,2,1,12,492,508,118,23,135,18
40,1000,40,5.13,10.3,18,37,98,952,22,16,10,48,8.584671084,222,260,43.30962344,37.60527273,10.46135556,6.788783196,449,19,12,9,40,503,3,4,1,8,489,511,236,24,201,21
43,1000,40,5.13,10.3,18,37,76,955,32,9,4,45,7.956004794,179,206,21.65802794,22.60108663,9.040848487,6.901117338,464,21,5,3,29,491,11,4,1,16,493,507,177,29,165,14
42,1000,40,5.13,10.3,18,37,78,957,27,9,7,43,8.359516393,174,174,17.90302922,18.9626743,9.305437844,7.342945206,487,18,7,6,31,470,9,2,1,12,518,482,155,19,161,13
45,1000,40,5.13,10.3,18,37,72,954,27,13,6,46,7.952167308,173,183,17.02780995,17.93817005,8.723977581,7.20166935,460,19,10,4,33,494,8,3,2,13,493,507,156,27,153,20
41,1000,40,5.13,10.3,18,37,79,945,35,14,6,55,8.088191111,219,205,22.9698844,22.94130494,9.585127042,6.655702519,447,26,10,6,42,498,9,4,0,13,489,511,187,18,201,18
44,1000,40,5.13,10.3,18,37,75,952,30,9,9,48,8.309574928,183,168,19.31587191,20.85816856,9.324807177,7.349647159,452,22,7,5,34,500,8,2,4,14,486,514,145,23,167,16
47,1000,40,5.13,10.3,18,37,66,956,29,6,9,44,8.259140584,136,158,16.65353302,17.51651703,8.773111176,7.674883417,506,18,3,5,26,450,11,3,4,18,532,468,129,29,118,18
46,1000,40,5.13,10.3,18,37,67,961,27,6,6,39,8.005224556,178,166,16.13751243,16.21787472,8.886154558,7.152040382,465,18,4,5,27,496,9,2,1,12,492,508,144,22,153,25
43,1000,40,5.13,10.3,18,37,77,956,31,8,5,44,7.911029691,201,195,22.59976672,23.47491675,9.056651487,6.797042421,464,21,4,4,29,492,10,4,1,15,493,507,172,23,184,17
42,1000,40,5.13,10.3,18,37,79,957,27,9,7,43,8.395687751,174,195,18.27270297,19.39754459,9.381120012,7.336654741,487,18,7,6,31,470,9,2,1,12,518,482,168,27,160,14
40,1000,40,5.13,10.3,18,37,99,952,22,16,10,48,8.587229263,232,241,43.97765328,38.21171374,10.5312158,6.726936862,449,19,12,9,40,503,3,4,1,8,489,511,226,15,221,11
45,1000,40,5.13,10.3,18,37,73,953,28,13,6,47,7.945256404,159,165,17.27192722,18.2217543,8.763082789,7.150012996,460,19,10,4,33,493,9,3,2,14,493,507,138,27,144,15
41,1000,40,5.13,10.3,18,37,80,947,35,12,6,53,8.062912437,190,199,23.75365476,23.71214459,9.59685801,6.595007575,448,26,9,6,41,499,9,3,0,12,489,511,176,23,172,18
44,1000,40,5.13,10.3,18,37,76,952,29,10,9,48,8.298040257,187,189,19.93833976,21.53153639,9.346374001,7.306814187,451,22,8,5,35,501,7,2,4,13,486,514,170,19,174,13
47,1000,40,5.13,10.3,18,37,67,956,29,6,9,44,8.271163027,152,168,17.19244445,18.20483697,8.827817678,7.638384662,506,18,3,5,26,450,11,3,4,18,532,468,145,23,132,20
46,1000,40,5.13,10.3,18,37,68,962,26,6,6,38,7.989618073,175,176,16.40224451,16.4877567,8.924279845,7.084394467,465,18,4,5,27,497,8,2,1,11,492,508,146,30,152,23
43,1000,40,5.13,10.3,18,37,78,957,30,7,6,43,7.919440653,202,219,23.25425075,24.13324376,9.090168765,6.781040339,465,20,3,5,28,492,10,4,1,15,493,507,189,30,188,14
42,1000,40,5.13,10.3,18,37,80,957,27,9,7,43,8.436345477,185,171,18.79126941,20.02382528,9.459281533,7.337007558,487,18,7,6,31,470,9,2,1,12,518,482,150,21,167,18
45,1000,40,5.13,10.3,18,37,74,954,26,14,6,46,7.927962533,168,165,17.58241267,18.58192506,8.799970913,7.080033279,460,18,11,4,33,494,8,3,2,13,493,507,145,20,149,19
44,1000,40,5.13,10.3,18,37,77,952,29,10,9,48,8.2836753,204,190,20.42310334,22.0741843,9.364977565,7.26127666,451,22,8,5,35,501,7,2,4,13,486,514,168,22,189,15
41,1000,40,5.13,10.3,18,37,81,947,35,12,6,53,8.069869388,215,206,24.42134389,24.41703662,9.596390702,6.609069148,448,26,9,6,41,499,9,3,0,12,489,511,191,15,191,24
40,1000,40,5.13,10.3,18,37,100,950,24,15,11,50,8.588805199,234,239,45.01903392,39.12214949,10.55638823,6.705932202,447,21,12,9,42,503,3,3,2,8,489,511,221,18,220,14
47,1000,40,5.13,10.3,18,37,68,956,29,6,9,44,8.272478323,143,145,17.86775711,19.13103761,8.869455527,7.593863212,506,18,3,5,26,450,11,3,4,18,532,468,121,24,129,14
46,1000,40,5.13,10.3,18,37,69,961,27,6,6,39,7.999159891,165,154,16.70927736,16.81133944,8.960125726,7.068460696,464,19,4,5,28,497,8,2,1,11,492,508,137,17,146,19
43,1000,40,5.13,10.3,18,37,79,956,31,7,6,44,7.92667495,194,190,24.14288176,24.88321993,9.111789057,6.774285887,464,21,3,5,29,492,10,4,1,15,493,507,167,23,177,17
42,1000,40,5.13,10.3,18,37,81,956,27,9,8,44,8.43125529,193,198,19.24273486,20.57853526,9.521008757,7.260109449,486,18,7,7,32,470,9,2,1,12,518,482,173,25,183,10
45,1000,40,5.13,10.3,18,37,75,953,27,14,6,47,7.946712295,160,174,17.87149394,18.92928422,8.841742932,7.076396509,460,18,11,4,33,493,9,3,2,14,493,507,154,20,147,13
44,1000,40,5.13,10.3,18,37,78,952,29,10,9,48,8.292233005,184,195,21.10847023,22.91426223,9.414179734,7.231403997,450,23,8,5,36,502,6,2,4,12,486,514,167,28,170,14
41,1000,40,5.13,10.3,18,37,82,947,35,11,7,53,8.051662202,201,207,25.38201529,25.32873738,9.605881337,6.564356611,448,26,9,6,41,499,9,2,1,12,489,511,192,15,187,14
47,1000,40,5.13,10.3,18,37,69,956,29,6,9,44,8.261340063,156,151,18.2278034,19.54054236,8.896324062,7.539520645,506,18,3,5,26,450,11,3,4,18,532,468,128,23,137,19
40,1000,40,5.13,10.3,18,37,101,949,24,16,11,51,8.608563632,262,242,46.30880963,40.28749961,10.59107924,6.711400944,447,21,12,9,42,502,3,4,2,9,489,511,227,15,241,21
46,1000,40,5.13,10.3,18,37,70,960,27,6,7,40,8.021390257,173,171,16.97176826,17.10911751,8.998702961,7.074859056,464,18,4,6,28,496,9,2,1,12,492,508,149,22,153,20
43,1000,40,5.13,10.3,18,37,80,956,31,7,6,44,7.937167832,206,237,25.02581316,25.79970166,9.149566354,6.758247772,464,21,3,5,29,492,10,4,1,15,493,507,211,26,188,18
42,1000,40,5.13,10.3,18,37,82,957,26,8,9,43,8.41954322,190,201,19.56169671,20.99392978,9.542783785,7.212409169,486,18,6,8,32,471,8,2,1,11,518,482,178,23,165,25
45,1000,40,5.13,10.3,18,37,76,954,26,14,6,46,7.961069393,159,171,18.16733888,19.25795737,8.89521141,7.052722224,459,19,11,4,34,495,7,3,2,12,493,507,157,14,143,16
44,1000,40,5.13,10.3,18,37,79,952,29,9,10,48,8.293733928,204,208,22.0801456,24.06783752,9.467668112,7.183749467,450,23,8,5,36,502,6,1,5,12,486,514,188,20,191,13
41,1000,40,5.13,10.3,18,37,83,946,34,13,7,54,8.096486962,197,204,26.36598009,26.36754999,9.667220402,6.593378054,447,25,11,6,42,499,9,2,1,12,489,511,183,21,185,12
47,1000,40,5.13,10.3,18,37,70,957,27,7,9,43,8.27310085,151,163,18.77197166,20.01763178,8.931636788,7.524508717,506,18,3,5,26,451,9,4,4,17,532,468,133,30,132,19
40,1000,40,5.13,10.3,18,37,102,949,23,17,11,51,8.572173958,243,243,47.35517056,41.18275494,10.62133471,6.611235393,447,20,13,9,42,502,3,4,2,9,489,511,226,17,233,10
46,1000,40,5.13,10.3,18,37,71,960,27,6,7,40,8.028098527,175,181,17.43665782,17.60729964,9.043640118,7.044542498,464,18,4,6,28,496,9,2,1,12,492,508,155,26,153,22
43,1000,40,5.13,10.3,18,37,81,957,30,7,6,43,7.942983733,198,220,26.14834518,26.70315271,9.171480415,6.748410037,464,20,4,5,29,493,10,3,1,14,493,507,198,22,178,20
42,1000,40,5.13,10.3,18,37,83,957,27,7,9,43,8.364170415,178,197,20.11477491,21.60347208,9.593148631,7.043401295,485,19,6,8,33,472,8,1,1,10,518,482,179,18,165,13
45,1000,40,5.13,10.3,18,37,77,954,26,14,6,46,7.974145225,185,189,18.4243739,19.56439774,8.904079681,7.069889432,459,19,11,4,34,495,7,3,2,12,493,507,161,28,164,21
44,1000,40,5.13,10.3,18,37,80,951,30,8,11,49,8.313485889,219,195,23.10621868,25.30786382,9.566853808,7.128394822,449,24,7,6,37,502,6,1,5,12,486,514,183,12,202,17
41,1000,40,5.13,10.3,18,37,84,946,34,13,7,54,8.077682985,219,221,27.85852495,27.92220893,9.692601159,6.53229162,447,25,11,6,42,499,9,2,1,12,489,511,192,29,207,12
47,1000,40,5.13,10.3,18,37,71,957,28,6,9,43,8.265743907,168,135,19.54019232,20.68973511,8.952776344,7.484758317,505,20,2,5,27,452,8,4,4,16,532,468,122,13,146,22
46,1000,40,5.13,10.3,18,37,72,962,25,6,7,38,8.01502384,165,174,17.78918545,17.98357097,9.102002347,6.962280877,465,17,4,6,27,497,8,2,1,11,492,508,150,24,150,15
40,1000,40,5.13,10.3,18,37,103,948,24,17,11,52,8.594959208,255,255,48.62541377,42.50987005,10.64754433,6.630743704,446,21,13,9,43,502,3,4,2,9,489,511,239,16,245,10
43,1000,40,5.13,10.3,18,37,82,959,29,6,6,41,7.93021089,205,208,27.16017175,27.59071184,9.194776564,6.700564189,464,20,4,5,29,495,9,2,1,12,493,507,182,26,191,14
42,1000,40,5.13,10.3,18,37,84,956,28,7,9,44,8.365685551,178,179,20.66095074,22.30353695,9.662580761,6.971926799,483,21,6,8,35,473,7,1,1,9,518,482,164,15,157,21
45,1000,40,5.13,10.3,18,37,78,954,26,14,6,46,7.996129372,199,186,18.80285557,20.00899173,8.968460193,7.050647924,459,19,11,4,34,495,7,3,2,12,493,507,160,26,177,22
44,1000,40,5.13,10.3,18,37,81,951,30,8,11,49,8.314361979,212,203,24.18340047,26.51592735,9.607512211,7.091655729,449,24,7,6,37,502,6,1,5,12,486,514,180,23,192,20
41,1000,40,5.13,10.3,18,37,85,944,35,14,7,56,8.09927536,212,217,30.09808687,30.44842345,9.746773672,6.522706526,445,26,12,6,44,499,9,2,1,12,489,511,195,22,193,19
47,1000,40,5.13,10.3,18,37,72,956,29,6,9,44,8.281158211,165,167,20.78037593,21.75433731,8.991972527,7.473138519,504,21,2,5,28,452,8,4,4,16,532,468,133,34,140,25
46,1000,40,5.13,10.3,18,37,73,961,25,6,8,39,8.028326631,173,184,18.09884388,18.29811042,9.130065112,6.961288576,464,17,4,7,28,497,8,2,1,11,492,508,159,25,157,16
43,1000,40,5.13,10.3,18,37,83,962,28,5,5,38,7.894130045,212,227,28.33488267,28.66389686,9.212699643,6.611970654,464,20,4,5,29,498,8,1,0,9,493,507,206,21,195,17
42,1000,40,5.13,10.3,18,37,85,956,28,7,9,44,8.38905045,213,188,21.28337222,23.0557991,9.682520725,6.998972437,483,21,6,8,35,473,7,1,1,9,518,482,170,18,193,20
40,1000,40,5.13,10.3,18,37,104,947,25,16,12,53,8.597868103,263,267,49.8822121,43.84745387,10.7019381,6.584384291,445,22,13,9,44,502,3,3,3,9,489,511,251,16,247,16
48,1000,40,5.13,10.3,18,37,0,920,36,24,20,80,7.695,100,115,10.08596611,9.519870436,6.734567901,8.60311284,456,13,9,8,30,464,23,15,12,50,486,514,62,53,74,26
45,1000,40,5.13,10.3,18,37,79,957,24,13,6,43,7.97911071,180,176,19.24089981,20.57185612,9.003899052,6.982620271,460,19,10,4,33,497,5,3,2,10,493,507,161,15,166,14
44,1000,40,5.13,10.3,18,37,82,952,29,8,11,48,8.269113035,224,202,25.06419881,27.57183451,9.611204253,7.000131845,451,22,7,6,35,501,7,1,5,13,486,514,181,21,211,13
41,1000,40,5.13,10.3,18,37,86,945,35,13,7,55,8.078090021,230,225,32.2892796,32.86759156,9.710452515,6.516005365,446,26,11,6,43,499,9,2,1,12,489,511,205,20,211,19
47,1000,40,5.13,10.3,18,37,73,956,29,6,9,44,8.249285393,168,152,22.01127699,22.79470895,8.971375044,7.42844844,503,22,2,5,29,453,7,4,4,15,532,468,130,22,146,22
46,1000,40,5.13,10.3,18,37,74,961,25,6,8,39,8.036646154,184,210,18.54331566,18.73341065,9.164256671,6.944550928,464,17,4,7,28,497,8,2,1,11,492,508,185,25,166,18
43,1000,40,5.13,10.3,18,37,84,962,28,5,5,38,7.904359159,207,204,29.46300718,29.64244471,9.256354744,6.589696785,464,20,4,5,29,498,8,1,0,9,493,507,182,22,187,20
42,1000,40,5.13,10.3,18,37,86,956,28,7,9,44,8.405654849,205,211,22.03416029,23.7560842,9.737055839,6.974813121,483,21,6,8,35,473,7,1,1,9,518,482,193,18,183,22
45,1000,40,5.13,10.3,18,37,80,957,23,14,6,43,8.002398857,191,188,19.63682026,21.06358354,9.038462592,6.994944377,460,19,10,4,33,497,4,4,2,10,493,507,168,20,182,9
48,1000,40,5.13,10.3,18,37,1,923,36,22,19,77,7.667891121,100,109,10.11953598,9.579733854,6.746224936,8.539349809,456,13,9,8,30,467,23,13,11,47,486,514,59,50,71,29
44,1000,40,5.13,10.3,18,37,83,952,30,9,9,48,8.270609724,214,191,26.22458965,28.9076018,9.628672777,6.986526759,451,23,7,5,35,501,7,2,4,13,486,514,173,18,200,14
41,1000,40,5.13,10.3,18,37,87,946,33,14,7,54,8.048961334,218,223,33.66190046,34.48338371,9.686294426,6.482120076,448,23,12,6,41,498,10,2,1,13,489,511,203,20,203,15
47,1000,40,5.13,10.3,18,37,74,956,29,7,8,44,8.221296415,165,169,23.19552148,23.98740352,8.963276093,7.377849431,503,22,3,4,29,453,7,4,4,15,532,468,146,23,145,20
46,1000,40,5.13,10.3,18,37,75,961,25,6,8,39,8.080259647,178,183,19.02937153,19.21540587,9.213076438,6.983122125,464,17,4,7,28,497,8,2,1,11,492,508,158,25,160,18
43,1000,40,5.13,10.3,18,37,85,961,29,5,5,39,7.88287941,206,211,30.66165106,30.62487053,9.275780231,6.528441334,464,20,4,5,29,497,9,1,0,10,493,507,191,20,191,15
42,1000,40,5.13,10.3,18,37,87,956,28,7,9,44,8.42728889,197,204,22.94904788,24.78668725,9.807646602,6.943833921,483,21,6,8,35,473,7,1,1,9,518,482,182,22,183,14
45,1000,40,5.13,10.3,18,37,81,957,23,14,6,43,8.032299066,188,190,19.94249226,21.44566257,9.105767902,6.988472368,460,19,10,4,33,497,4,4,2,10,493,507,169,21,172,16
44,1000,40,5.13,10.3,18,37,84,951,31,9,9,49,8.282560733,233,197,26.79167783,29.6107226,9.676454161,6.964599243,450,24,7,5,36,501,7,2,4,13,486,514,178,19,215,18
48,1000,40,5.13,10.3,18,37,2,922,38,21,19,78,7.697742692,95,105,10.15689802,9.622852876,6.746352663,8.597306028,457,13,8,8,29,465,25,13,11,49,486,514,62,43,69,26
41,1000,40,5.13,10.3,18,37,88,946,34,13,7,54,8.006962256,225,230,35.69045424,36.93369494,9.666483045,6.418888546,450,22,11,6,39,496,12,2,1,15,489,511,211,19,211,14
47,1000,40,5.13,10.3,18,37,75,956,29,7,8,44,8.211800254,167,168,23.94837904,24.66678013,8.98468612,7.333220594,503,22,3,4,29,453,7,4,4,15,532,468,146,22,150,17
46,1000,40,5.13,10.3,18,37,76,961,25,6,8,39,8.089281647,194,179,19.5490802,19.71430977,9.23314203,6.981448363,464,17,4,7,28,497,8,2,1,11,492,508,163,16,180,14
42,1000,40,5.13,10.3,18,37,88,957,28,7,8,43,8.403021392,232,195,23.8174175,25.91989901,9.86532133,6.831504033,482,22,6,8,36,475,6,1,0,7,518,482,180,15,209,23
43,1000,40,5.13,10.3,18,37,86,960,30,5,5,40,7.872335516,220,238,32.40762039,32.30819515,9.349639798,6.435824647,464,20,4,5,29,496,10,1,0,11,493,507,211,27,205,15
45,1000,40,5.13,10.3,18,37,82,957,23,14,6,43,8.051788112,179,172,20.3234442,21.86446496,9.148184618,6.985666854,460,19,10,4,33,497,4,4,2,10,493,507,157,15,163,16
44,1000,40,5.13,10.3,18,37,85,951,31,9,9,49,8.296273454,211,237,27.64209919,30.57754238,9.713808153,6.955958543,450,24,7,5,36,501,7,2,4,13,486,514,217,20,198,13
41,1000,40,5.13,10.3,18,37,89,946,34,13,7,54,8.035288368,222,226,37.57336346,39.18596045,9.712976961,6.42982903,450,22,11,6,39,496,12,2,1,15,489,511,196,30,203,19
47,1000,40,5.13,10.3,18,37,76,954,31,7,8,46,8.250887517,173,184,25.5187462,25.8698377,9.076035254,7.312899065,501,24,3,4,31,453,7,4,4,15,532,468,144,40,158,15
48,1000,40,5.13,10.3,18,37,3,924,36,21,19,76,7.70509301,101,121,10.15311828,9.674060244,6.772336691,8.587037701,457,13,8,8,29,467,23,13,11,47,486,514,77,44,67,34
46,1000,40,5.13,10.3,18,37,77,961,25,6,8,39,8.119367499,179,176,20.15207415,20.34571628,9.312404067,6.963906886,464,17,4,7,28,497,8,2,1,11,492,508,157,19,170,9
42,1000,40,5.13,10.3,18,37,89,956,28,8,8,44,8.392659248,217,217,24.77096989,27.04384716,9.908713025,6.763373239,481,22,7,8,37,475,6,1,0,7,518,482,195,22,208,9
43,1000,40,5.13,10.3,18,37,87,960,28,6,6,40,7.861279836,215,249,35.05121123,34.82173246,9.437845784,6.328248254,463,19,5,6,30,497,9,1,0,10,493,507,222,27,207,8
45,1000,40,5.13,10.3,18,37,83,958,22,14,6,42,8.015962293,214,211,20.68511331,22.31278488,9.130137827,6.932552948,460,19,10,4,33,498,3,4,2,9,493,507,182,29,192,22
44,1000,40,5.13,10.3,18,37,86,951,30,10,9,49,8.317166506,231,220,28.59197667,31.78873219,9.784368963,6.929889475,450,23,8,5,36,501,7,2,4,13,486,514,196,24,219,12
41,1000,40,5.13,10.3,18,37,90,947,34,12,7,53,8.020597992,228,244,39.9744146,41.80032328,9.764069823,6.352187571,450,22,11,6,39,497,12,1,1,14,489,511,222,22,212,16
47,1000,40,5.13,10.3,18,37,77,953,32,7,8,47,8.267169064,179,166,26.8147689,26.95788525,9.118626171,7.299273377,500,25,3,4,32,453,7,4,4,15,532,468,136,30,163,16
46,1000,40,5.13,10.3,18,37,78,960,24,7,9,40,8.150965257,199,196,21.03299892,21.26778377,9.352264866,6.987501856,463,18,3,8,29,497,6,4,1,11,492,508,162,34,180,19
42,1000,40,5.13,10.3,18,37,90,956,27,9,8,44,8.416367591,217,224,25.69016656,28.23646531,9.969136765,6.747623956,481,21,8,8,37,475,6,1,0,7,518,482,201,23,203,14
48,1000,40,5.13,10.3,18,37,4,925,35,21,19,75,7.73445338,83,106,10.16022243,9.702467107,6.827647464,8.591861309,456,13,9,8,30,469,22,12,11,45,486,514,64,42,62,21
43,1000,40,5.13,10.3,18,37,88,958,29,6,7,42,7.875498786,222,215,36.5979993,36.57944672,9.461340635,6.333447441,462,20,5,6,31,496,9,1,1,11,493,507,194,21,206,16
45,1000,40,5.13,10.3,18,37,84,959,22,13,6,41,8.053189729,195,195,21.21560417,22.85942525,9.178088869,6.959352892,460,19,10,4,33,499,3,3,2,8,493,507,171,24,180,15
44,1000,40,5.13,10.3,18,37,87,951,29,11,9,49,8.355739135,218,239,29.34024542,32.94050807,9.868451697,6.925431149,450,22,9,5,36,501,7,2,4,13,486,514,214,25,206,12
41,1000,40,5.13,10.3,18,37,91,946,34,13,7,54,8.035340228,221,226,42.57333304,44.49918029,9.799380842,6.347246568,449,22,12,6,40,497,12,1,1,14,489,511,206,20,210,11
47,1000,40,5.13,10.3,18,37,78,953,32,7,8,47,8.251568747,174,154,27.60820734,27.77399881,9.158886047,7.220173867,499,26,3,4,33,454,6,4,4,14,532,468,136,18,161,13
46,1000,40,5.13,10.3,18,37,79,958,25,8,9,42,8.157007075,173,190,21.72645553,22.00247133,9.375166651,6.977214729,463,18,3,8,29,495,7,5,1,13,492,508,167,23,159,14
42,1000,40,5.13,10.3,18,37,91,956,27,9,8,44,8.445128118,210,223,26.40248417,29.04958991,10.01381918,6.759273411,481,21,8,8,37,475,6,1,0,7,518,482,198,25,198,12
43,1000,40,5.13,10.3,18,37,89,957,30,6,7,43,7.878579857,228,232,38.20753158,38.6229574,9.482913426,6.318547413,461,21,5,6,32,496,9,1,1,11,493,507,212,20,212,16
48,1000,40,5.13,10.3,18,37,5,927,35,18,20,73,7.789973444,92,121,10.17184027,9.770334854,6.897131525,8.634178061,456,13,8,9,30,471,22,10,11,43,486,514,69,52,63,29
45,1000,40,5.13,10.3,18,37,85,959,22,13,6,41,8.053604675,194,198,21.80597483,23.55452176,9.227309404,6.912309938,459,19,11,4,34,500,3,2,2,7,493,507,180,18,174,20
44,1000,40,5.13,10.3,18,37,88,952,27,11,10,48,8.35081091,236,238,30.14231452,33.79802289,9.907111625,6.879289223,449,22,9,6,37,503,5,2,4,11,486,514,221,17,224,12
41,1000,40,5.13,10.3,18,37,92,945,34,14,7,55,8.030689969,224,240,45.3074598,47.36372219,9.849558061,6.290129309,448,23,12,6,41,497,11,2,1,14,489,511,217,23,213,11
47,1000,40,5.13,10.3,18,37,79,952,32,8,8,48,8.247834242,204,169,28.44199569,28.65558692,9.202988736,7.16206033,497,27,4,4,35,455,5,4,4,13,532,468,149,20,185,19
46,1000,40,5.13,10.3,18,37,80,959,25,7,9,41,8.208707689,209,195,22.86594878,23.17890412,9.478321305,6.979081903,463,18,3,8,29,496,7,4,1,12,492,508,170,25,190,19
42,1000,40,5.13,10.3,18,37,92,956,27,9,8,44,8.413130023,228,211,27.02044551,29.64164495,10.03988689,6.664872642,481,21,8,8,37,475,6,1,0,7,518,482,197,14,210,18
43,1000,40,5.13,10.3,18,37,90,958,29,6,7,42,7.871567635,231,248,39.61888153,40.65249157,9.522171421,6.266542652,462,20,5,6,31,496,9,1,1,11,493,507,224,24,217,14
45,1000,40,5.13,10.3,18,37,86,957,24,13,6,43,8.057188438,209,190,22.2599523,24.03352436,9.264314475,6.88339527,458,20,11,4,35,499,4,2,2,8,493,507,168,22,191,18
48,1000,40,5.13,10.3,18,37,6,928,34,18,20,72,7.752031174,102,102,10.2098666,9.807220453,6.87235319,8.583788956,456,13,8,9,30,472,21,10,11,42,486,514,68,34,72,30
44,1000,40,5.13,10.3,18,37,89,952,27,11,10,48,8.346057109,239,216,31.32154498,35.25439086,9.922823802,6.855184321,449,22,9,6,37,503,5,2,4,11,486,514,197,19,221,18
41,1000,40,5.13,10.3,18,37,93,945,33,15,7,55,8.005213949,242,257,48.46410427,50.73678559,9.890242632,6.2013411,448,22,13,6,41,497,11,2,1,14,489,511,236,21,222,20
47,1000,40,5.13,10.3,18,37,80,952,32,8,8,48,8.303354083,165,162,31.6086466,31.02231607,9.307007902,7.162448459,497,27,4,4,35,455,5,4,4,13,532,468,144,18,153,12
46,1000,40,5.13,10.3,18,37,81,959,26,6,9,41,8.201826424,211,216,23.71714465,24.07271361,9.484326022,6.959720514,463,18,3,8,29,496,8,3,1,12,492,508,193,23,198,13
42,1000,40,5.13,10.3,18,37,93,956,27,9,8,44,8.417933029,232,248,27.91127537,30.65093887,10.06946353,6.643051706,481,21,8,8,37,475,6,1,0,7,518,482,223,25,212,20
43,1000,40,5.13,10.3,18,37,91,958,29,6,7,42,7.862831139,240,250,41.45071037,42.36935466,9.562192665,6.210394783,462,20,5,6,31,496,9,1,1,11,493,507,222,28,232,8
45,1000,40,5.13,10.3,18,37,87,958,24,12,6,42,8.053628322,215,213,22.82372427,24.70446717,9.349315351,6.793719633,458,20,11,4,35,500,4,1,2,7,493,507,186,27,199,16
44,1000,40,5.13,10.3,18,37,90,953,27,11,9,47,8.370278793,238,260,32.23471295,36.48323093,9.918512484,6.906384681,450,22,9,5,36,503,5,2,4,11,486,514,235,25,219,19
48,1000,40,5.13,10.3,18,37,7,930,34,16,20,70,7.749063936,131,103,10.2388464,9.882967482,6.906807513,8.545438687,456,13,8,9,30,474,21,8,11,40,486,514,65,38,98,33
41,1000,40,5.13,10.3,18,37,94,945,32,16,7,55,8.009498666,249,254,52.55625339,55.95917866,9.944096839,6.158190434,448,21,14,6,41,497,11,2,1,14,489,511,229,25,239,10
47,1000,40,5.13,10.3,18,37,81,952,32,9,7,48,8.348458787,161,195,32.57847071,31.98324161,9.36996645,7.187257769,497,27,4,4,35,455,5,5,3,13,532,468,168,27,147,14
46,1000,40,5.13,10.3,18,37,82,958,27,6,9,42,8.202432788,210,191,25.12392834,25.42869829,9.533205783,6.913573903,461,20,3,8,31,497,7,3,1,11,492,508,165,26,189,21
42,1000,40,5.13,10.3,18,37,94,955,27,10,8,45,8.446112885,219,254,29.00373011,31.87516775,10.1200422,6.647159804,480,21,9,8,38,475,6,1,0,7,518,482,219,35,205,14
43,1000,40,5.13,10.3,18,37,92,960,27,6,7,40,7.856816222,228,260,42.4212374,43.26221441,9.604493227,6.157398542,462,20,5,6,31,498,7,1,1,9,493,507,240,20,218,10
45,1000,40,5.13,10.3,18,37,88,956,26,12,6,44,8.047713106,214,208,23.25274596,25.17811485,9.386492759,6.745901727,457,21,11,4,36,499,5,1,2,8,493,507,182,26,202,12
44,1000,40,5.13,10.3,18,37,91,951,29,11,9,49,8.335076679,245,245,33.17394169,37.99789526,9.94089607,6.81673383,449,23,9,5,37,502,6,2,4,12,486,514,227,18,234,11
41,1000,40,5.13,10.3,18,37,95,945,32,16,7,55,8.007259341,269,252,56.43596525,60.9725774,9.981457876,6.118055654,448,21,14,6,41,497,11,2,1,14,489,511,226,26,252,17
48,1000,40,5.13,10.3,18,37,8,932,33,16,19,68,7.727041286,100,99,10.27421112,9.946502802,6.911973083,8.497708887,457,12,8,9,29,475,21,8,10,39,486,514,57,42,78,22
47,1000,40,5.13,10.3,18,37,82,950,34,9,7,50,8.362842718,199,208,33.33135343,32.72192161,9.41510976,7.16667591,495,29,4,4,37,455,5,5,3,13,532,468,178,30,177,22
46,1000,40,5.13,10.3,18,37,83,959,27,5,9,41,8.178378969,206,197,25.84595415,26.24290914,9.573241145,6.82744946,461,20,3,8,31,498,7,2,1,10,492,508,179,18,189,17
42,1000,40,5.13,10.3,18,37,95,954,27,11,8,46,8.432728492,228,242,29.96679569,33.04263213,10.17202263,6.56352857,479,21,10,8,39,475,6,1,0,7,518,482,219,23,216,12
43,1000,40,5.13,10.3,18,37,93,959,28,6,7,41,7.887729982,229,252,43.61812859,44.28769587,9.640789541,6.18307838,462,20,5,6,31,497,8,1,1,10,493,507,236,16,217,12
45,1000,40,5.13,10.3,18,37,89,955,27,12,6,45,8.067011577,214,213,24.00397141,26.02391124,9.426288903,6.745268535,457,21,11,4,36,498,6,1,2,9,493,507,197,16,205,9
44,1000,40,5.13,10.3,18,37,92,951,28,12,9,49,8.36051883,253,241,34.49531832,40.02126071,10.00004409,6.810306234,449,22,10,5,37,502,6,2,4,12,486,514,230,11,238,15
41,1000,40,5.13,10.3,18,37,96,946,30,17,7,54,8.020198118,264,263,60.39858248,66.20839639,10.03058727,6.096361921,448,20,15,6,41,498,10,2,1,13,489,511,248,15,250,14
48,1000,40,5.13,10.3,18,37,9,932,34,16,18,68,7.742491928,94,109,10.3090573,10.0171029,6.919158047,8.520974935,457,13,8,8,29,475,21,8,10,39,486,514,69,40,72,22
47,1000,40,5.13,10.3,18,37,83,948,35,9,8,52,8.383447677,177,170,35.54568296,34.49256476,9.466988787,7.151730005,494,29,4,5,38,454,6,5,3,14,532,468,150,20,157,20
42,1000,40,5.13,10.3,18,37,96,953,26,14,7,47,8.445894744,237,242,31.56798263,35.02133024,10.21344878,6.546324229,479,20,12,7,39,474,6,2,0,8,518,482,228,14,218,19
46,1000,40,5.13,10.3,18,37,84,959,26,6,9,41,8.225125728,202,208,27.1489826,27.61844486,9.634557396,6.860085608,461,19,4,8,31,498,7,2,1,10,492,508,186,22,173,29
43,1000,40,5.13,10.3,18,37,94,960,27,6,7,40,7.884371313,240,254,46.91940943,47.1654158,9.695104439,6.123638707,462,20,5,6,31,498,7,1,1,9,493,507,236,18,224,16
45,1000,40,5.13,10.3,18,37,90,956,27,10,7,44,8.069262011,219,203,24.67474567,26.95707709,9.435536493,6.74071503,459,20,10,4,34,497,7,0,3,10,493,507,185,18,209,10
44,1000,40,5.13,10.3,18,37,93,950,28,12,10,50,8.355517125,255,247,35.46821481,41.12604532,10.06764707,6.736654957,448,22,10,6,38,502,6,2,4,12,486,514,229,18,242,13
41,1000,40,5.13,10.3,18,37,97,946,30,17,7,54,8.018794003,242,258,65.11733771,71.22003793,10.05882383,6.066593252,448,20,15,6,41,498,10,2,1,13,489,511,239,19,233,9
42,1000,40,5.13,10.3,18,37,97,952,25,16,7,48,8.44573178,236,226,33.07562299,36.79988837,10.32045936,6.43098305,478,19,14,7,40,474,6,2,0,8,518,482,209,17,228,8
47,1000,40,5.13,10.3,18,37,84,949,34,9,8,51,8.404120283,190,194,37.10038605,35.77765995,9.530310092,7.123921611,494,28,5,5,38,455,6,4,3,13,532,468,172,22,175,15
46,1000,40,5.13,10.3,18,37,85,956,30,6,8,44,8.225723056,196,212,27.97047188,28.49484546,9.64483247,6.851310002,461,19,4,8,31,495,11,2,0,13,492,508,190,22,182,14
43,1000,40,5.13,10.3,18,37,95,959,28,6,7,41,7.867194842,261,238,50.68501508,50.48660321,9.715935798,6.069503932,461,21,5,6,32,498,7,1,1,9,493,507,229,9,247,14
48,1000,40,5.13,10.3,18,37,10,929,36,17,18,71,7.810301736,132,116,10.34332788,10.09829935,7.00827229,8.568640861,455,14,9,8,31,474,22,8,10,40,486,514,70,46,92,40
45,1000,40,5.13,10.3,18,37,91,955,28,10,7,45,8.046830101,232,220,25.49083993,27.97262603,9.471487047,6.661512794,459,20,10,4,34,496,8,0,3,11,493,507,201,19,212,20
44,1000,40,5.13,10.3,18,37,94,949,29,12,10,51,8.354831168,260,271,36.51968151,42.20849509,10.09137322,6.712886738,447,23,10,6,39,502,6,2,4,12,486,514,253,18,243,17
41,1000,40,5.13,10.3,18,37,98,945,31,17,7,55,8.027928407,251,265,72.30039218,79.02834246,10.09395099,6.050853959,447,21,15,6,42,498,10,2,1,13,489,511,244,21,236,15
42,1000,40,5.13,10.3,18,37,98,951,26,16,7,49,8.420431746,244,241,34.24538871,38.13510484,10.31539533,6.383935616,477,20,14,7,41,474,6,2,0,8,518,482,222,19,233,11
47,1000,40,5.13,10.3,18,37,85,951,33,9,7,49,8.445332546,196,183,39.00285374,37.45365562,9.560907479,7.177200357,495,27,6,4,37,456,6,3,3,12,532,468,160,23,182,14
46,1000,40,5.13,10.3,18,37,86,955,30,7,8,45,8.243658926,198,226,29.07744758,29.70595575,9.690660095,6.842232597,461,19,4,8,31,494,11,3,0,14,492,508,210,16,183,15
43,1000,40,5.13,10.3,18,37,96,960,27,6,7,40,7.866769305,252,267,53.89926631,53.39758275,9.756882602,6.028848485,461,21,5,6,32,499,6,1,1,8,493,507,245,22,231,21
45,1000,40,5.13,10.3,18,37,92,955,28,10,7,45,8.028427529,215,225,26.38897773,29.08882773,9.507824224,6.589882026,459,20,10,4,34,496,8,0,3,11,493,507,207,18,200,15
48,1000,40,5.13,10.3,18,37,11,933,33,17,17,67,7.77527146,103,113,10.39241159,10.18324563,7.00009834,8.508217251,456,13,10,7,30,477,20,7,10,37,486,514,69,44,76,27
44,1000,40,5.13,10.3,18,37,95,947,31,12,10,53,8.340140821,254,255,37.90695596,43.95127766,10.12259961,6.654780951,446,24,10,6,40,501,7,2,4,13,486,514,243,12,240,14
41,1000,40,5.13,10.3,18,37,99,945,31,17,7,55,8.029772911,253,273,76.86474507,83.91029513,10.11256302,6.036652823,447,21,15,6,42,498,10,2,1,13,489,511,260,13,238,15
42,1000,40,5.13,10.3,18,37,99,951,26,15,8,49,8.443009279,246,266,35.86180135,39.94116998,10.39397869,6.346324315,477,20,13,8,41,474,6,2,0,8,518,482,245,21,232,14
47,1000,40,5.13,10.3,18,37,86,950,34,9,7,50,8.468183069,189,197,43.83436661,41.10366038,9.62368607,7.154662564,494,28,6,4,38,456,6,3,3,12,532,468,175,22,175,14
43,1000,40,5.13,10.3,18,37,97,959,28,6,7,41,7.888383211,249,250,59.21043221,57.76773925,9.825623906,6.004636342,460,22,5,6,33,499,6,1,1,8,493,507,239,11,231,18
46,1000,40,5.13,10.3,18,37,87,956,28,8,8,44,8.221145723,229,220,29.89527974,30.63505363,9.722701017,6.766883508,461,18,5,8,31,495,10,3,0,13,492,508,200,20,214,15
45,1000,40,5.13,10.3,18,37,93,955,29,10,6,45,7.961048261,228,215,27.37431088,30.21127844,9.496785786,6.46771769,459,20,10,4,34,496,9,0,2,11,493,507,194,21,206,22
44,1000,40,5.13,10.3,18,37,96,946,31,13,10,54,8.341646401,250,258,39.52371986,45.90992024,10.1545163,6.627532064,445,24,11,6,41,501,7,2,4,13,486,514,235,23,231,19
48,1000,40,5.13,10.3,18,37,12,933,34,16,17,67,7.802594433,118,114,10.43557046,10.26555828,7.056850109,8.507714552,455,14,10,7,31,478,20,6,10,36,486,514,75,39,94,24
41,1000,40,5.13,10.3,18,37,100,945,31,17,7,55,8.040423603,266,272,79.94069394,87.20112299,10.14400561,6.027406769,447,21,15,6,42,498,10,2,1,13,489,511,259,13,252,14
42,1000,40,5.13,10.3,18,37,100,950,26,16,8,50,8.462844876,233,246,37.445433,41.91694165,10.44300969,6.334783938,477,19,14,8,41,473,7,2,0,9,518,482,228,18,218,15
47,1000,40,5.13,10.3,18,37,87,951,34,8,7,49,8.444726305,192,204,46.65624688,43.24570133,9.618478276,7.110461244,494,28,6,4,38,457,6,2,3,11,532,468,176,28,165,27
43,1000,40,5.13,10.3,18,37,98,959,28,6,7,41,7.886953799,253,266,64.53221169,61.97331411,9.830824701,5.996759805,460,22,5,6,33,499,6,1,1,8,493,507,254,12,245,8
46,1000,40,5.13,10.3,18,37,88,957,27,8,8,43,8.170063469,227,232,30.68137393,31.45018254,9.77196735,6.618613254,461,18,5,8,31,496,9,3,0,12,492,508,215,17,211,16
45,1000,40,5.13,10.3,18,37,94,955,29,10,6,45,8.001827864,205,211,28.52194121,31.35679513,9.564211804,6.482586675,459,20,10,4,34,496,9,0,2,11,493,507,195,16,194,11
44,1000,40,5.13,10.3,18,37,97,946,31,13,10,54,8.331978011,282,277,41.04250194,47.80086208,10.20345536,6.56244884,444,25,11,6,42,502,6,2,4,12,486,514,254,23,269,13
41,1000,40,5.13,10.3,18,37,101,945,31,17,7,55,8.061868706,280,281,85.18578931,93.31735457,10.18089685,6.034070736,447,21,15,6,42,498,10,2,1,13,489,511,261,20,258,22
48,1000,40,5.13,10.3,18,37,13,934,34,15,17,66,7.827812613,109,96,10.45497529,10.31544355,7.102508967,8.513605555,455,14,10,7,31,479,20,5,10,35,486,514,60,36,74,35
42,1000,40,5.13,10.3,18,37,101,950,26,16,8,50,8.490608421,246,262,39.09254357,43.78041297,10.5247013,6.304591588,477,19,14,8,41,473,7,2,0,9,518,482,250,12,238,8
47,1000,40,5.13,10.3,18,37,88,951,34,8,7,49,8.441054645,204,183,49.57757758,45.4943103,9.629096147,7.090545929,494,28,6,4,38,457,6,2,3,11,532,468,160,23,188,16
43,1000,40,5.13,10.3,18,37,99,958,28,7,7,42,7.883295009,263,256,71.07244813,67.25609045,9.867348336,5.954028165,459,22,6,6,34,499,6,1,1,8,493,507,247,9,251,12
46,1000,40,5.13,10.3,18,37,89,958,26,8,8,42,8.175133645,227,250,31.5936197,32.4815218,9.777913822,6.622834734,461,18,5,8,31,497,8,3,0,11,492,508,224,26,213,14
45,1000,40,5.13,10.3,18,37,95,954,29,10,7,46,8.002773176,249,243,29.8783719,32.77260358,9.625748939,6.424613311,458,20,10,5,35,496,9,0,2,11,493,507,227,16,230,19
44,1000,40,5.13,10.3,18,37,98,947,30,13,10,53,8.328474099,276,267,42.24694805,49.06409175,10.26522715,6.497225107,444,25,11,6,42,503,5,2,4,11,486,514,240,27,267,9
41,1000,40,5.13,10.3,18,37,102,945,31,17,7,55,8.065959845,276,290,91.9083154,102.9403297,10.21759002,6.006963452,447,21,15,6,42,498,10,2,1,13,489,511,273,17,260,16
48,1000,40,5.13,10.3,18,37,14,938,33,13,16,62,7.84333785,103,107,10.49499785,10.38349047,7.167996322,8.481890345,456,14,9,7,30,482,19,4,9,32,486,514,67,40,71,32
42,1000,40,5.13,10.3,18,37,102,950,26,16,8,50,8.514035637,242,255,40.61201534,45.5013779,10.60210127,6.270014899,477,19,14,8,41,473,7,2,0,9,518,482,234,21,233,9
43,1000,40,5.13,10.3,18,37,100,958,28,6,8,42,7.895203811,267,262,81.45264593,75.35717669,9.944848365,5.902156936,459,22,5,7,34,499,6,1,1,8,493,507,247,15,253,14
47,1000,40,5.13,10.3,18,37,89,953,33,8,6,47,8.423100821,201,187,52.63637357,47.81491885,9.646161361,7.032784139,495,26,7,4,37,458,7,1,2,10,532,468,157,30,189,12
46,1000,40,5.13,10.3,18,37,90,959,25,8,8,41,8.185452754,210,226,32.31353698,33.21521744,9.819871451,6.602511812,461,18,5,8,31,498,7,3,0,10,492,508,202,24,197,13
45,1000,40,5.13,10.3,18,37,96,953,30,10,7,47,8.016689583,230,225,31.62595311,34.53363088,9.672707765,6.406399714,457,21,10,5,36,496,9,0,2,11,493,507,208,17,214,16
44,1000,40,5.13,10.3,18,37,99,945,33,13,9,55,8.325958539,290,290,43.60937441,50.55256099,10.33646632,6.424972586,442,27,11,6,44,503,6,2,3,11,486,514,262,28,276,14
41,1000,40,5.13,10.3,18,37,103,946,30,17,7,54,8.040160522,275,299,98.84459482,112.4864029,10.22257518,5.951705012,447,21,15,6,42,499,9,2,1,12,489,511,280,19,259,16
42,1000,40,5.13,10.3,18,37,103,950,25,17,8,50,8.519181521,237,258,42.78616433,48.41398839,10.63872937,6.241327191,477,18,15,8,41,473,7,2,0,9,518,482,242,16,225,12
43,1000,40,5.13,10.3,18,37,101,959,28,6,7,41,7.875549562,276,281,96.68809022,87.39926159,9.967016991,5.841834684,459,22,5,7,34,500,6,1,0,7,493,507,262,19,265,11
47,1000,40,5.13,10.3,18,37,90,952,33,9,6,48,8.429906378,201,199,56.01868724,50.25224638,9.682627777,7.005872652,495,26,7,4,37,457,7,2,2,11,532,468,167,32,189,12
45,1000,40,5.13,10.3,18,37,97,952,31,10,7,48,8.041251835,235,246,33.30043848,36.30461362,9.740935398,6.388502336,456,22,10,5,37,496,9,0,2,11,493,507,230,16,222,13
48,1000,40,5.13,10.3,18,37,15,938,33,13,16,62,7.829964536,101,104,10.53843188,10.48030412,7.204687176,8.421180095,456,14,9,7,30,482,19,4,9,32,486,514,58,46,73,28
46,1000,40,5.13,10.3,18,37,91,960,24,8,8,40,8.173611379,220,242,33.1596911,34.14400237,9.80163979,6.596859453,462,17,5,8,30,498,7,3,0,10,492,508,218,24,200,20
44,1000,40,5.13,10.3,18,37,100,945,33,12,10,55,8.309614061,274,288,45.18867451,52.08072718,10.35014941,6.38023628,442,27,10,7,44,503,6,2,3,11,486,514,263,25,267,7
41,1000,40,5.13,10.3,18,37,104,946,30,17,7,54,8.036102334,282,311,108.4826293,126.6634302,10.2702827,5.898109771,446,22,15,6,43,500,8,2,1,11,489,511,290,21,268,14
49,1000,40,5.13,10.3,18,37,0,928,39,13,20,72,7.438,102,104,9.953620857,9.371949561,6.407920792,8.488888889,485,12,2,6,20,443,27,11,14,52,505,495,63,41,66,36
42,1000,40,5.13,10.3,18,37,104,950,25,16,9,50,8.539143622,248,272,44.27040776,50.13554585,10.72247099,6.192746162,477,18,14,9,41,473,7,2,0,9,518,482,256,16,236,12
50,1000,40,5.13,10.3,18,37,0,946,34,7,13,54,7.079,86,113,9.925635968,8.860462036,6.413592233,7.78556701,496,13,3,3,19,450,21,4,10,35,515,485,68,45,62,24
43,1000,40,5.13,10.3,18,37,102,957,30,6,7,43,7.92030163,279,280,111.5229503,99.27229861,10.04374767,5.855491178,457,24,5,7,36,500,6,1,0,7,493,507,269,11,265,14
46,1000,40,5.13,10.3,18,37,92,959,25,8,8,41,8.171783147,235,213,34.14824529,35.24479581,9.823597497,6.571994446,461,18,5,8,31,498,7,3,0,10,492,508,201,12,222,13
45,1000,40,5.13,10.3,18,37,98,952,31,10,7,48,8.050125791,251,253,34.62034411,37.69882633,9.777597086,6.370355873,456,22,10,5,37,496,9,0,2,11,493,507,235,18,232,19
47,1000,40,5.13,10.3,18,37,91,951,34,9,6,49,8.458424279,208,215,62.08704917,54.52000305,9.747780182,6.9927462,494,27,7,4,38,457,7,2,2,11,532,468,193,22,189,19
48,1000,40,5.13,10.3,18,37,16,940,31,14,15,60,7.774542939,123,107,10.58300763,10.5533471,7.164920356,8.35095651,457,13,9,7,29,483,18,5,8,31,486,514,66,41,101,22
44,1000,40,5.13,10.3,18,37,101,945,32,12,11,55,8.278696553,291,267,46.84004107,54.15666436,10.3753563,6.296251734,442,26,10,8,44,503,6,2,3,11,486,514,255,12,273,18
49,1000,40,5.13,10.3,18,37,1,928,40,12,20,72,7.473997565,96,93,9.953967733,9.397367774,6.451656804,8.516991674,485,12,2,6,20,443,28,10,14,52,505,495,48,45,68,28
50,1000,40,5.13,10.3,18,37,1,946,34,7,13,54,7.114916151,90,90,9.938711938,8.878997965,6.461258087,7.809006673,496,13,3,3,19,450,21,4,10,35,515,485,47,43,64,26
45,1000,40,5.13,10.3,18,37,99,952,31,10,7,48,8.084964755,238,266,35.99289318,39.23065149,9.854722088,6.364076461,456,22,10,5,37,496,9,0,2,11,493,507,243,23,231,7
43,1000,40,5.13,10.3,18,37,103,955,31,7,7,45,7.957138128,276,286,121.0265982,106.9964989,10.09373724,5.879537812,455,26,5,7,38,500,5,2,0,7,493,507,269,17,262,14
46,1000,40,5.13,10.3,18,37,93,958,26,8,8,42,8.165385187,239,236,35.29816333,36.54208828,9.868557875,6.515855732,460,19,5,8,32,498,7,3,0,10,492,508,215,21,224,15
47,1000,40,5.13,10.3,18,37,92,950,35,9,6,50,8.446527873,200,195,65.40781711,56.95991472,9.777030371,6.934076316,494,27,7,4,38,456,8,2,2,12,532,468,177,18,187,13
44,1000,40,5.13,10.3,18,37,102,944,33,12,11,56,8.303385366,298,285,49.11748203,57.13960911,10.43913779,6.283977436,441,27,10,8,45,503,6,2,3,11,486,514,273,12,284,14
48,1000,40,5.13,10.3,18,37,17,940,30,16,14,60,7.783136639,114,131,10.60891082,10.58994267,7.184847717,8.348833947,457,12,10,7,29,483,18,6,7,31,486,514,85,46,81,33
49,1000,40,5.13,10.3,18,37,2,928,39,13,20,72,7.486918631,94,100,9.9822737,9.430689133,6.487924426,8.506094537,484,13,2,6,21,444,26,11,14,51,505,495,64,36,65,29
45,1000,40,5.13,10.3,18,37,100,950,33,10,7,50,8.075302178,255,227,37.86846065,41.41382807,9.893815635,6.307004083,455,23,10,5,38,495,10,0,2,12,493,507,207,20,239,16
43,1000,40,5.13,10.3,18,37,104,954,32,7,7,46,7.933462361,279,292,135.5927916,118.8356266,10.12419355,5.80322473,454,27,5,7,39,500,5,2,0,7,493,507,273,19,271,8
50,1000,40,5.13,10.3,18,37,2,946,34,7,13,54,7.114996709,103,106,9.92800466,8.912726048,6.464480391,7.80575115,495,14,3,3,20,451,20,4,10,34,515,485,56,50,73,30
46,1000,40,5.13,10.3,18,37,94,956,28,8,8,44,8.178931727,246,243,36.47940658,37.81025357,9.94437624,6.469091767,458,21,5,8,34,498,7,3,0,10,492,508,220,23,230,16
47,1000,40,5.13,10.3,18,37,93,949,34,10,7,51,8.444912882,197,217,73.68724461,62.96752843,9.823397105,6.877917995,492,27,8,5,40,457,7,2,2,11,532,468,189,28,188,9
44,1000,40,5.13,10.3,18,37,103,944,32,13,11,56,8.282493076,302,295,51.43837603,59.45921526,10.46942597,6.214692711,441,26,11,8,45,503,6,2,3,11,486,514,275,20,289,13
48,1000,40,5.13,10.3,18,37,18,939,31,16,14,61,7.810848947,103,99,10.64837753,10.65206309,7.242934004,8.34782689,457,12,10,7,29,482,19,6,7,32,486,514,69,30,77,26
45,1000,40,5.13,10.3,18,37,101,949,33,11,7,51,8.116099315,262,257,39.33779835,42.92414934,10.00108722,6.283162357,454,24,10,5,39,495,9,1,2,12,493,507,229,28,248,14
49,1000,40,5.13,10.3,18,37,3,930,38,12,20,70,7.504382144,97,98,10.01420991,9.476804955,6.527353264,8.501148981,484,13,2,6,21,446,25,10,14,49,505,495,62,36,64,33
47,1000,40,5.13,10.3,18,37,94,949,34,10,7,51,8.484050595,207,217,79.70944192,67.73270344,9.889566778,6.88632707,492,27,8,5,40,457,7,2,2,11,532,468,188,29,193,14
50,1000,40,5.13,10.3,18,37,3,946,34,7,13,54,7.117396631,101,81,9.952478484,8.930047245,6.491391933,7.782123269,495,14,3,3,20,451,20,4,10,34,515,485,48,33,71,30
46,1000,40,5.13,10.3,18,37,95,957,27,8,8,43,8.173803281,247,244,37.36949122,38.85100691,9.966323906,6.437739999,458,21,5,8,34,499,6,3,0,9,492,508,226,18,234,13
44,1000,40,5.13,10.3,18,37,104,944,32,13,11,56,8.278230012,304,298,54.02350876,62.09453922,10.51955716,6.158998509,441,26,11,8,45,503,6,2,3,11,486,514,281,17,293,11
48,1000,40,5.13,10.3,18,37,19,940,31,16,13,60,7.81732162,123,115,10.68337912,10.71916795,7.29648458,8.309786216,457,12,10,7,29,483,19,6,6,31,486,514,75,40,92,31
45,1000,40,5.13,10.3,18,37,102,948,31,13,8,52,8.126460515,263,238,40.98882907,44.58936059,10.09676454,6.210563305,452,24,11,6,41,496,7,2,2,11,493,507,224,14,251,12
50,1000,40,5.13,10.3,18,37,4,947,33,7,13,53,7.143854454,79,102,9.970878354,8.970708542,6.524649343,7.801360911,495,14,3,3,20,452,19,4,10,33,515,485,60,42,53,26
49,1000,40,5.13,10.3,18,37,4,932,36,12,20,68,7.518187801,90,112,10.03441998,9.516092641,6.551343438,8.504564373,485,12,2,6,20,447,24,10,14,48,505,495,63,49,67,23
47,1000,40,5.13,10.3,18,37,95,948,35,9,8,52,8.52361687,213,220,80.991757,69.00489828,9.932036113,6.922593285,492,27,7,6,40,456,8,2,2,12,532,468,187,33,196,17
46,1000,40,5.13,10.3,18,37,96,957,27,8,8,43,8.18614006,231,250,38.95492683,40.49694465,9.999391846,6.429998566,458,21,5,8,34,499,6,3,0,9,492,508,234,16,213,18
45,1000,40,5.13,10.3,18,37,103,948,31,13,8,52,8.093452054,259,263,42.93304701,46.34508442,10.11305988,6.129612491,452,24,11,6,41,496,7,2,2,11,493,507,244,19,240,19
48,1000,40,5.13,10.3,18,37,20,942,31,14,13,58,7.811407653,117,126,10.75901847,10.79798197,7.305656619,8.289608047,458,12,9,7,28,484,19,5,6,30,486,514,69,57,90,27
49,1000,40,5.13,10.3,18,37,5,931,36,13,20,69,7.557637154,91,110,10.05412366,9.540074053,6.620629679,8.513574072,484,12,3,6,21,447,24,10,14,48,505,495,61,49,58,33
50,1000,40,5.13,10.3,18,37,5,947,34,7,12,53,7.164946648,96,116,10.00705693,9.008610134,6.578766131,7.787385753,495,14,3,3,20,452,20,4,9,33,515,485,70,46,69,27
47,1000,40,5.13,10.3,18,37,96,946,37,9,8,54,8.55616801,212,226,87.30414584,73.8299438,9.953487622,6.967761954,491,28,7,6,41,455,9,2,2,13,532,468,197,29,196,16
46,1000,40,5.13,10.3,18,37,97,955,28,9,8,45,8.194659513,240,248,40.24431842,41.71525596,10.0763129,6.372270797,456,23,5,8,36,499,5,4,0,9,492,508,220,28,226,14
45,1000,40,5.13,10.3,18,37,104,949,31,11,9,51,8.06589737,270,242,45.38821006,49.1218409,10.12079791,6.067739643,452,24,10,7,41,497,7,1,2,10,493,507,223,19,260,10
48,1000,40,5.13,10.3,18,37,21,943,30,14,13,57,7.849818121,105,119,10.81030061,10.85931884,7.388997257,8.285535904,458,11,10,7,28,485,19,4,6,29,486,514,85,34,75,30
50,1000,40,5.13,10.3,18,37,6,948,33,8,11,52,7.201829921,107,114,10.01813361,9.031342046,6.65415374,7.783382979,494,15,3,3,21,454,18,5,8,31,515,485,69,45,72,35
47,1000,40,5.13,10.3,18,37,97,945,38,9,8,55,8.579777782,204,219,98.32510343,81.57430722,10.0048481,6.959826049,491,28,7,6,41,454,10,2,2,14,532,468,199,20,193,11
49,1000,40,5.13,10.3,18,37,6,933,34,13,20,67,7.577845019,95,109,10.05365703,9.576530736,6.626632903,8.548273541,485,11,3,6,20,448,23,10,14,47,505,495,60,49,68,27
46,1000,40,5.13,10.3,18,37,98,955,28,8,9,45,8.207269383,249,245,41.52933581,43.07083945,10.11857645,6.356160966,456,23,4,9,36,499,5,4,0,9,492,508,231,14,237,12
50,1000,40,5.13,10.3,18,37,7,948,32,9,11,52,7.262054886,92,114,10.03830538,9.049823395,6.75457463,7.800925672,494,14,4,3,21,454,18,5,8,31,515,485,71,43,61,31
47,1000,40,5.13,10.3,18,37,98,945,38,8,9,55,8.631436727,213,212,105.1784918,86.63538031,10.08340576,6.980907822,491,28,6,7,41,454,10,2,2,14,532,468,182,30,197,16
49,1000,40,5.13,10.3,18,37,7,934,35,12,19,66,7.580825738,104,117,10.05312556,9.592806862,6.668567124,8.51151382,485,11,3,6,20,449,24,9,13,46,505,495,79,38,68,36
48,1000,40,5.13,10.3,18,37,22,943,29,15,13,57,7.889266152,102,117,10.85337823,10.92507188,7.443112072,8.311116118,457,11,11,7,29,486,18,4,6,28,486,514,76,41,79,23
46,1000,40,5.13,10.3,18,37,99,955,28,7,10,45,8.219390053,237,261,42.99801349,44.54925227,10.17703485,6.323403363,456,23,4,9,36,499,5,3,1,9,492,508,241,20,222,15
50,1000,40,5.13,10.3,18,37,8,950,31,7,12,50,7.263278364,90,92,10.05374464,9.086390939,6.767546325,7.78967424,495,14,2,4,20,455,17,5,8,30,515,485,54,38,64,26
47,1000,40,5.13,10.3,18,37,99,948,35,8,9,52,8.597646562,217,205,121.0292146,98.20252471,10.08908257,6.902253497,491,28,6,7,41,457,7,2,2,11,532,468,184,21,196,21
49,1000,40,5.13,10.3,18,37,8,935,34,10,21,65,7.634529556,118,113,10.09354969,9.66204508,6.730970322,8.556342511,485,11,3,6,20,450,23,7,15,45,505,495,60,53,85,33
46,1000,40,5.13,10.3,18,37,100,954,29,7,10,46,8.191859959,259,253,44.49108527,45.92449024,10.20110648,6.245896794,455,24,4,9,37,499,5,3,1,9,492,508,234,19,250,9
48,1000,40,5.13,10.3,18,37,23,944,28,15,13,56,7.884774957,108,124,10.87612077,10.97965271,7.458876993,8.287472254,457,11,11,7,29,487,17,4,6,27,486,514,80,44,84,24
47,1000,40,5.13,10.3,18,37,100,947,34,10,9,53,8.639733958,202,234,123.3914762,100.5825,10.17933817,6.88958558,490,27,8,7,42,457,7,2,2,11,532,468,212,22,191,11
50,1000,40,5.13,10.3,18,37,9,950,31,8,11,50,7.262930468,121,111,10.07220189,9.125414671,6.777293196,7.778607159,495,14,3,3,20,455,17,5,8,30,515,485,67,44,87,34
49,1000,40,5.13,10.3,18,37,9,937,33,10,20,63,7.645122883,97,106,10.14054422,9.738408911,6.761461684,8.546635824,485,11,3,6,20,452,22,7,14,43,505,495,62,44,72,25
46,1000,40,5.13,10.3,18,37,101,954,29,7,10,46,8.212957631,253,257,46.38049813,48.17206374,10.27940992,6.211590453,455,24,4,9,37,499,5,3,1,9,492,508,243,14,240,13
48,1000,40,5.13,10.3,18,37,24,946,26,15,13,54,7.887978326,107,90,10.93447585,11.05878486,7.48312199,8.270780231,458,10,11,7,28,488,16,4,6,26,486,514,58,32,82,25
47,1000,40,5.13,10.3,18,37,101,949,31,11,9,51,8.62572088,210,215,126.0819854,103.2212742,10.23527764,6.796053799,490,25,10,7,42,459,6,1,2,9,532,468,196,19,197,13
50,1000,40,5.13,10.3,18,37,10,951,30,8,11,49,7.278739399,89,115,10.07067205,9.164161226,6.802632036,7.784296703,495,14,3,3,20,456,16,5,8,29,515,485,61,54,61,28
49,1000,40,5.13,10.3,18,37,10,939,30,10,21,61,7.659133382,88,113,10.17419726,9.771925047,6.82082285,8.51437948,485,11,3,6,20,454,19,7,15,41,505,495,62,51,61,27
46,1000,40,5.13,10.3,18,37,102,953,30,7,10,47,8.239528428,263,257,48.1765703,50.16832925,10.34370928,6.201620992,454,25,4,9,38,499,5,3,1,9,492,508,233,24,249,14
47,1000,40,5.13,10.3,18,37,102,948,31,12,9,52,8.625557121,202,239,137.7574092,112.0745593,10.26309796,6.76407907,489,25,11,7,43,459,6,1,2,9,532,468,218,21,186,16
48,1000,40,5.13,10.3,18,37,25,947,25,15,13,53,7.911535862,120,109,10.99967979,11.11993782,7.505319745,8.295623475,458,10,11,7,28,489,15,4,6,25,486,514,67,42,89,31
50,1000,40,5.13,10.3,18,37,11,951,30,8,11,49,7.304036408,100,105,10.07854593,9.19130592,6.865166919,7.770052464,494,15,3,3,21,457,15,5,8,28,515,485,62,43,77,23
49,1000,40,5.13,10.3,18,37,11,937,32,10,21,63,7.676800759,88,104,10.18748628,9.816905071,6.838851229,8.531678562,485,11,3,6,20,452,21,7,15,43,505,495,68,36,63,25
46,1000,40,5.13,10.3,18,37,103,953,30,7,10,47,8.24453826,289,261,49.89696629,52.16022527,10.37774637,6.178517812,454,25,4,9,38,499,5,3,1,9,492,508,247,14,271,18
47,1000,40,5.13,10.3,18,37,103,948,30,12,10,52,8.652821261,230,233,149.852726,121.0044848,10.30707297,6.772347095,489,24,11,8,43,459,6,1,2,9,532,468,205,28,214,16
50,1000,40,5.13,10.3,18,37,12,951,30,8,11,49,7.350831061,103,117,10.11182596,9.254345975,6.923030461,7.805093554,495,14,3,3,20,456,16,5,8,29,515,485,67,50,76,27
48,1000,40,5.13,10.3,18,37,26,946,25,16,13,54,7.930490754,121,114,11.03993455,11.18622623,7.529974584,8.309188921,458,9,12,7,28,488,16,4,6,26,486,514,78,36,98,23
49,1000,40,5.13,10.3,18,37,12,939,32,9,20,61,7.650273853,96,109,10.19352716,9.859217143,6.843537856,8.473307547,485,11,3,6,20,454,21,6,14,41,505,495,67,42,69,27
46,1000,40,5.13,10.3,18,37,104,952,31,7,10,48,8.22257429,268,285,53.29769193,55.73841905,10.39605678,6.117547943,453,26,4,9,39,499,5,3,1,9,492,508,269,16,255,13
50,1000,40,5.13,10.3,18,37,13,953,28,8,11,47,7.356180217,105,84,10.14750079,9.29417052,6.980764323,7.754817713,495,14,3,3,20,458,14,5,8,27,515,485,54,30,71,34
47,1000,40,5.13,10.3,18,37,104,946,32,12,10,54,8.656066784,246,230,154.324264,125.2896408,10.31223954,6.773408862,488,25,11,8,44,458,7,1,2,10,532,468,217,13,227,19
49,1000,40,5.13,10.3,18,37,13,939,32,9,20,61,7.674217543,92,112,10.23953148,9.925885194,6.860249638,8.504629244,485,11,3,6,20,454,21,6,14,41,505,495,57,55,58,34
48,1000,40,5.13,10.3,18,37,27,945,27,16,12,55,7.941456531,108,130,11.11314652,11.24153458,7.550614525,8.311007533,458,9,12,7,28,487,18,4,5,27,486,514,88,42,85,23
50,1000,40,5.13,10.3,18,37,14,954,27,8,11,46,7.37329554,92,92,10.17541718,9.349310747,7.024754628,7.743395683,495,14,3,3,20,459,13,5,8,26,515,485,56,36,70,22
49,1000,40,5.13,10.3,18,37,14,938,33,9,20,62,7.694946216,116,108,10.27182041,9.99449335,6.94377154,8.461296138,484,12,3,6,21,454,21,6,14,41,505,495,60,48,83,33
48,1000,40,5.13,10.3,18,37,28,945,27,16,12,55,7.925793552,115,121,11.19027067,11.37580471,7.589884435,8.243404119,458,9,11,8,28,487,18,5,4,27,486,514,90,31,89,26
50,1000,40,5.13,10.3,18,37,15,952,28,9,11,48,7.419853544,99,104,10.18173145,9.365612247,7.065612168,7.796006758,495,14,3,3,20,457,14,6,8,28,515,485,62,42,68,31
49,1000,40,5.13,10.3,18,37,15,940,32,8,20,60,7.69516402,116,102,10.29847264,10.04725127,6.933667578,8.472044229,485,12,2,6,20,455,20,6,14,40,505,495,67,35,92,24
48,1000,40,5.13,10.3,18,37,29,945,27,16,12,55,7.966794096,113,126,11.29259837,11.5021532,7.657903494,8.258857971,458,9,11,8,28,487,18,5,4,27,486,514,88,38,88,25
50,1000,40,5.13,10.3,18,37,16,953,28,8,11,47,7.457701415,95,87,10.21511245,9.411228512,7.139159042,7.79594744,495,14,3,3,20,458,14,5,8,27,515,485,62,25,66,29
49,1000,40,5.13,10.3,18,37,16,944,31,5,20,56,7.68778736,93,97,10.33406446,10.11242787,6.954970099,8.43540901,485,12,2,6,20,459,19,3,14,36,505,495,63,34,66,27
50,1000,40,5.13,10.3,18,37,17,954,29,7,10,46,7.464621046,107,115,10.23164946,9.466625526,7.172241388,7.775086043,494,15,3,3,21,460,14,4,7,25,515,485,70,45,78,29
48,1000,40,5.13,10.3,18,37,30,946,27,15,12,54,7.977782618,119,116,11.37279031,11.58928544,7.686075925,8.253598673,458,9,11,8,28,488,18,4,4,26,486,514,83,33,98,21
49,1000,40,5.13,10.3,18,37,17,945,30,5,20,55,7.699467383,106,93,10.34755845,10.16071473,6.99115545,8.422088647,485,12,2,6,20,460,18,3,14,35,505,495,62,31,77,29
50,1000,40,5.13,10.3,18,37,18,954,29,6,11,46,7.512188714,107,125,10.28593725,9.492124872,7.241726242,7.799380824,494,15,2,4,21,460,14,4,7,25,515,485,80,45,81,26
48,1000,40,5.13,10.3,18,37,31,947,25,16,12,53,8.00444217,117,130,11.42365389,11.69262408,7.795952287,8.201574627,458,8,12,8,28,489,17,4,4,25,486,514,91,39,97,20
49,1000,40,5.13,10.3,18,37,18,945,31,5,19,55,7.717606295,106,125,10.35245611,10.23626587,7.020104148,8.429199394,485,12,2,6,20,460,19,3,13,35,505,495,88,37,77,29
50,1000,40,5.13,10.3,18,37,19,954,28,6,12,46,7.55213054,98,86,10.30053937,9.56792928,7.27265934,7.848888618,496,13,1,5,19,458,15,5,7,27,515,485,63,23,70,28
48,1000,40,5.13,10.3,18,37,32,948,24,16,12,52,8.014032309,124,123,11.44841846,11.75081751,7.841245636,8.177406478,457,9,12,8,29,491,15,4,4,23,486,514,100,23,95,29
49,1000,40,5.13,10.3,18,37,19,945,31,6,18,55,7.731870108,115,111,10.39681567,10.31938842,7.054833999,8.422583713,484,13,2,6,21,461,18,4,12,34,505,495,77,34,90,25
50,1000,40,5.13,10.3,18,37,20,956,25,7,12,44,7.559539283,116,106,10.31152286,9.626457318,7.308712786,7.82588082,497,12,1,5,18,459,13,6,7,26,515,485,72,34,81,35
49,1000,40,5.13,10.3,18,37,20,947,29,6,18,53,7.744179886,94,98,10.45501911,10.38323982,7.082650351,8.419073654,484,13,2,6,21,463,16,4,12,32,505,495,60,38,73,21
48,1000,40,5.13,10.3,18,37,33,948,24,16,12,52,8.043708176,106,92,11.50820596,11.86076204,7.901544198,8.178127812,457,9,12,8,29,491,15,4,4,23,486,514,77,15,87,19
50,1000,40,5.13,10.3,18,37,21,956,25,7,12,44,7.581010779,101,112,10.35050432,9.671222566,7.351190241,7.82504702,497,12,1,5,18,459,13,6,7,26,515,485,68,44,84,17
49,1000,40,5.13,10.3,18,37,21,950,26,7,17,50,7.764843383,104,105,10.50493064,10.42896619,7.121720567,8.420958578,484,12,3,6,21,466,14,4,11,29,505,495,65,40,76,28
48,1000,40,5.13,10.3,18,37,34,947,25,16,12,53,8.091689206,125,130,11.56157895,11.9230519,7.955105794,8.220832278,456,10,12,8,30,491,15,4,4,23,486,514,93,37,106,19
50,1000,40,5.13,10.3,18,37,22,955,26,7,12,45,7.598625576,99,120,10.39585852,9.730821169,7.370310277,7.84106347,496,13,1,5,19,459,13,6,7,26,515,485,76,44,73,26
49,1000,40,5.13,10.3,18,37,22,950,26,7,17,50,7.79556894,125,127,10.55899733,10.51732499,7.184629823,8.418850262,484,12,3,6,21,466,14,4,11,29,505,495,80,47,91,34
48,1000,40,5.13,10.3,18,37,35,950,23,14,13,50,8.06269499,114,120,11.64660019,12.00878881,7.97871312,8.142101972,457,9,11,9,29,493,14,3,4,21,486,514,80,40,89,25
50,1000,40,5.13,10.3,18,37,23,955,27,7,11,45,7.579962908,103,101,10.42611715,9.764795552,7.367016826,7.806080913,496,13,1,5,19,459,14,6,6,26,515,485,75,26,73,30
49,1000,40,5.13,10.3,18,37,23,949,27,7,17,51,7.840414804,112,110,10.60193359,10.57932137,7.251169763,8.441563785,484,12,3,6,21,465,15,4,11,30,505,495,75,35,79,33
50,1000,40,5.13,10.3,18,37,24,956,26,7,11,44,7.602632549,99,117,10.45830832,9.821427406,7.356552567,7.863933973,497,12,1,5,18,459,14,6,6,26,515,485,70,47,80,19
48,1000,40,5.13,10.3,18,37,36,951,22,14,13,49,8.066153118,129,129,11.72718341,12.10216713,7.979950619,8.14765976,457,9,11,9,29,494,13,3,4,20,486,514,94,35,98,31
49,1000,40,5.13,10.3,18,37,24,948,28,7,17,52,7.839216667,104,107,10.67104642,10.64708878,7.270179636,8.419749395,484,12,3,6,21,464,16,4,11,31,505,495,79,28,79,25
50,1000,40,5.13,10.3,18,37,25,956,26,7,11,44,7.607618155,102,116,10.52261005,9.867831505,7.379780608,7.849548746,497,12,1,5,18,459,14,6,6,26,515,485,76,40,76,26
48,1000,40,5.13,10.3,18,37,37,950,23,14,13,50,8.091264971,143,129,11.8095552,12.20302898,8.023771317,8.155081928,457,9,11,9,29,493,14,3,4,21,486,514,92,37,114,29
49,1000,40,5.13,10.3,18,37,25,949,27,7,17,51,7.868720685,110,134,10.72259837,10.71008411,7.32160196,8.426892314,484,12,3,6,21,465,15,4,11,30,505,495,92,42,89,21
50,1000,40,5.13,10.3,18,37,26,956,27,7,10,44,7.600077993,120,122,10.58145379,9.932892892,7.402842822,7.809513277,497,12,1,5,18,459,15,6,5,26,515,485,79,43,87,33
48,1000,40,5.13,10.3,18,37,38,950,24,12,14,50,8.117488398,129,131,11.87216473,12.26229722,8.049385286,8.181881613,458,9,9,10,28,492,15,3,4,22,486,514,93,38,109,20
49,1000,40,5.13,10.3,18,37,26,949,26,8,17,51,7.902963179,114,104,10.77495477,10.76363953,7.38403647,8.432373255,484,11,4,6,21,465,15,4,11,30,505,495,72,32,91,23
50,1000,40,5.13,10.3,18,37,27,956,27,7,10,44,7.600705238,106,103,10.61298487,9.979659868,7.451759778,7.758863819,497,12,1,5,18,459,15,6,5,26,515,485,71,32,85,21
48,1000,40,5.13,10.3,18,37,39,949,25,12,14,51,8.137261396,111,125,11.97385258,12.37271577,8.081025846,8.190433531,458,9,9,10,28,491,16,3,4,23,486,514,95,30,89,22
49,1000,40,5.13,10.3,18,37,27,947,27,9,17,53,7.961016646,92,110,10.82288273,10.84031837,7.46098441,8.471150543,483,11,5,6,22,464,16,4,11,31,505,495,64,46,72,20
50,1000,40,5.13,10.3,18,37,28,957,25,8,10,43,7.590482699,111,128,10.65911157,10.04195287,7.471512391,7.716811997,497,12,1,5,18,460,13,7,5,25,515,485,92,36,84,27
48,1000,40,5.13,10.3,18,37,40,948,26,12,14,52,8.167180231,147,129,12.0349793,12.47840033,8.135901009,8.196755527,458,9,9,10,28,490,17,3,4,24,486,514,103,26,123,24
49,1000,40,5.13,10.3,18,37,28,948,26,9,17,52,7.959087231,124,108,10.93879298,10.99014103,7.487512138,8.440189094,484,10,5,6,21,464,16,4,11,31,505,495,81,27,98,26
50,1000,40,5.13,10.3,18,37,29,956,26,8,10,44,7.631753135,111,117,10.68266028,10.12001519,7.502760897,7.768724274,496,13,1,5,19,460,13,7,5,25,515,485,81,36,72,39
48,1000,40,5.13,10.3,18,37,41,946,28,12,14,54,8.172281543,134,115,12.13052292,12.62974968,8.159338881,8.184519158,457,10,9,10,29,489,18,3,4,25,486,514,92,23,116,18
49,1000,40,5.13,10.3,18,37,29,946,28,9,17,54,7.964865433,106,122,11.00850935,11.1099563,7.506109689,8.432888969,483,11,5,6,22,463,17,4,11,32,505,495,81,41,86,20
50,1000,40,5.13,10.3,18,37,30,957,25,8,10,43,7.642685842,119,103,10.70555057,10.1904982,7.525023181,7.767626605,496,13,1,5,19,461,12,7,5,24,515,485,67,36,92,27
49,1000,40,5.13,10.3,18,37,30,946,29,8,17,54,7.94630567,114,121,11.06028031,11.19592138,7.520394764,8.380820837,483,11,4,7,22,463,18,4,10,32,505,495,77,44,87,27
48,1000,40,5.13,10.3,18,37,42,947,28,12,13,53,8.177088797,117,132,12.26051153,12.78664556,8.183408653,8.171113213,457,9,10,10,29,490,19,2,3,24,486,514,106,26,97,20
50,1000,40,5.13,10.3,18,37,31,956,26,8,10,44,7.689830665,142,103,10.74826058,10.23659464,7.578896194,7.807627063,496,13,1,5,19,460,13,7,5,25,515,485,69,34,112,30
49,1000,40,5.13,10.3,18,37,31,946,30,7,17,54,7.941117622,124,100,11.15467756,11.30960284,7.532462079,8.358028832,484,11,3,7,21,462,19,4,10,33,505,495,70,30,95,29
48,1000,40,5.13,10.3,18,37,43,948,27,12,13,52,8.153417032,117,126,12.38368827,12.88924358,8.180363386,8.127938574,457,9,10,10,29,491,18,2,3,23,486,514,91,35,104,13
50,1000,40,5.13,10.3,18,37,32,957,27,8,8,43,7.683101881,103,115,10.79795467,10.35410059,7.566167847,7.807268949,496,14,1,4,19,461,13,7,4,24,515,485,81,34,81,22
49,1000,40,5.13,10.3,18,37,32,946,31,7,16,54,7.925722868,115,112,11.2015648,11.41576091,7.529042378,8.330417105,484,12,3,6,21,462,19,4,10,33,505,495,81,31,101,14
48,1000,40,5.13,10.3,18,37,44,949,26,12,13,51,8.162215818,127,133,12.45828636,12.99699682,8.241027683,8.087697208,457,9,10,10,29,492,17,2,3,22,486,514,110,23,109,18
50,1000,40,5.13,10.3,18,37,33,957,27,8,8,43,7.688912331,103,113,10.81699717,10.40419203,7.579692723,7.804887791,496,14,1,4,19,461,13,7,4,24,515,485,74,39,85,18
49,1000,40,5.13,10.3,18,37,33,945,32,7,16,55,7.973267515,131,94,11.24589518,11.47928247,7.58642859,8.367921369,484,12,3,6,21,461,20,4,10,34,505,495,64,30,107,24
50,1000,40,5.13,10.3,18,37,34,957,26,9,8,43,7.6845278,116,122,10.82517331,10.42811088,7.577836244,7.797818834,496,14,1,4,19,461,12,8,4,24,515,485,80,42,94,22
48,1000,40,5.13,10.3,18,37,45,949,26,12,13,51,8.210489671,115,137,12.54909914,13.09408961,8.314340457,8.112296126,457,9,10,10,29,492,17,2,3,22,486,514,112,25,97,18
49,1000,40,5.13,10.3,18,37,34,945,32,9,14,55,7.98640484,129,116,11.29565633,11.55619392,7.663698618,8.31563038,484,12,3,6,21,461,20,6,8,34,505,495,83,33,110,19
50,1000,40,5.13,10.3,18,37,35,955,28,9,8,45,7.726255368,99,120,10.88693624,10.49856491,7.635609218,7.822508498,494,16,1,4,21,461,12,8,4,24,515,485,90,30,70,29
49,1000,40,5.13,10.3,18,37,35,944,33,9,14,56,8.034361127,116,125,11.35391511,11.64689898,7.70713151,8.368201444,484,12,3,6,21,460,21,6,8,35,505,495,86,39,88,28
48,1000,40,5.13,10.3,18,37,46,950,25,12,13,50,8.233848917,140,115,12.62375198,13.20634108,8.373150637,8.102135617,457,9,10,10,29,493,16,2,3,21,486,514,82,33,121,19
50,1000,40,5.13,10.3,18,37,36,957,28,7,8,43,7.723585309,107,104,10.97437903,10.61299598,7.666415199,7.784291714,494,16,1,4,21,463,12,6,4,22,515,485,72,32,83,24
49,1000,40,5.13,10.3,18,37,36,944,33,9,14,56,8.050693382,123,109,11.39108073,11.70599815,7.705485336,8.402875328,484,12,3,6,21,460,21,6,8,35,505,495,71,38,102,21
48,1000,40,5.13,10.3,18,37,47,950,25,12,13,50,8.225357691,136,123,12.747506,13.33692823,8.425724617,8.035905694,457,9,10,10,29,493,16,2,3,21,486,514,95,28,115,21
50,1000,40,5.13,10.3,18,37,37,955,30,7,8,45,7.732369427,119,126,11.05847821,10.73847068,7.712370851,7.753605028,492,18,1,4,23,463,12,6,4,22,515,485,84,42,99,20
49,1000,40,5.13,10.3,18,37,37,945,32,10,13,55,8.078691961,131,131,11.43870014,11.79447244,7.74748446,8.416590523,484,12,3,6,21,461,20,7,7,34,505,495,94,37,109,22
48,1000,40,5.13,10.3,18,37,48,949,26,12,13,51,8.245600954,137,121,12.85021431,13.44509891,8.443233373,8.058734503,458,8,10,10,28,491,18,2,3,23,486,514,90,31,107,30
50,1000,40,5.13,10.3,18,37,38,958,27,7,8,42,7.738267683,136,116,11.12058195,10.81864588,7.74480712,7.731323745,493,17,1,4,22,465,10,6,4,20,515,485,81,35,110,26
49,1000,40,5.13,10.3,18,37,38,947,30,10,13,53,8.063739341,121,108,11.5017583,11.94331077,7.753827926,8.379911593,484,12,3,6,21,463,18,7,7,32,505,495,72,36,101,20
48,1000,40,5.13,10.3,18,37,49,948,27,12,13,52,8.239901759,116,129,13.02013657,13.60794454,8.495965887,7.997786648,457,9,10,10,29,491,18,2,3,23,486,514,102,27,93,23
50,1000,40,5.13,10.3,18,37,39,957,28,6,9,43,7.744850382,103,114,11.20901024,10.89714429,7.749094446,7.740343798,493,17,1,4,22,464,11,5,5,21,515,485,83,31,84,19
49,1000,40,5.13,10.3,18,37,39,949,29,10,12,51,8.046134995,134,117,11.57965385,12.07186109,7.785656384,8.311875801,484,12,3,6,21,465,17,7,6,30,505,495,80,37,105,29
48,1000,40,5.13,10.3,18,37,50,948,27,12,13,52,8.29252701,130,127,13.11429502,13.7091931,8.586831238,8.014254919,457,9,10,10,29,491,18,2,3,23,486,514,110,17,107,23
50,1000,40,5.13,10.3,18,37,40,958,27,6,9,42,7.722582243,121,97,11.23935076,10.94929574,7.748376,7.695192997,493,17,1,4,22,465,10,5,5,20,515,485,63,34,109,12
49,1000,40,5.13,10.3,18,37,40,951,28,10,11,49,8.057231537,113,120,11.72218862,12.26578485,7.818278281,8.301012132,484,12,3,6,21,467,16,7,5,28,505,495,90,30,83,30
48,1000,40,5.13,10.3,18,37,51,949,24,14,13,51,8.313690587,152,127,13.22507324,13.87740221,8.646859696,7.998670769,457,8,11,10,29,492,16,3,3,22,486,514,104,23,131,21
50,1000,40,5.13,10.3,18,37,41,959,26,6,9,41,7.725308904,125,128,11.29837079,11.04521638,7.746909466,7.702372225,494,16,1,4,21,465,10,5,5,20,515,485,99,29,97,28
49,1000,40,5.13,10.3,18,37,41,949,31,9,11,51,8.079725622,130,108,11.86700621,12.44175895,7.832836199,8.33160271,483,14,2,6,22,466,17,7,5,29,505,495,73,35,93,37
48,1000,40,5.13,10.3,18,37,52,947,24,13,16,53,8.340954274,146,134,13.35039938,14.05664734,8.686270849,8.014448719,456,8,11,11,30,491,16,2,5,23,486,514,105,29,126,20
50,1000,40,5.13,10.3,18,37,42,960,25,6,9,40,7.703579672,126,113,11.36615574,11.12516584,7.740311836,7.664575415,494,16,1,4,21,466,9,5,5,19,515,485,83,30,99,27
49,1000,40,5.13,10.3,18,37,42,949,32,8,11,51,8.088870118,121,116,11.98358842,12.62912508,7.874705427,8.307361368,483,14,2,6,22,466,18,6,5,29,505,495,87,29,97,24
48,1000,40,5.13,10.3,18,37,53,946,24,13,17,54,8.363647733,132,136,13.44735758,14.15947052,8.72224675,8.024583293,456,8,10,12,30,490,16,3,5,24,486,514,109,27,111,21
50,1000,40,5.13,10.3,18,37,43,959,26,6,9,41,7.744304303,112,137,11.41758192,11.19488518,7.780552085,7.70581439,493,17,1,4,22,466,9,5,5,19,515,485,98,39,85,27
49,1000,40,5.13,10.3,18,37,43,950,31,8,11,50,8.09570257,148,138,12.10236365,12.76841333,7.932493615,8.262208676,483,14,2,6,22,467,17,6,5,28,505,495,97,41,120,28
48,1000,40,5.13,10.3,18,37,54,946,24,13,17,54,8.369200235,132,135,13.5654434,14.26241677,8.779677001,7.981084072,456,8,10,12,30,490,16,3,5,24,486,514,114,21,111,21
50,1000,40,5.13,10.3,18,37,44,959,27,6,8,41,7.740115676,111,140,11.50513478,11.2657878,7.830600572,7.644033777,492,18,1,4,23,467,9,5,4,18,515,485,92,48,95,16
49,1000,40,5.13,10.3,18,37,44,952,30,7,11,48,8.094078954,135,134,12.2790808,12.981144,7.982714828,8.20769286,483,14,2,6,22,469,16,5,5,26,505,495,98,36,114,21
50,1000,40,5.13,10.3,18,37,45,959,26,7,8,41,7.757982317,115,118,11.62217408,11.41395236,7.888984162,7.618877265,491,18,2,4,24,468,8,5,4,17,515,485,89,29,98,17
48,1000,40,5.13,10.3,18,37,55,946,25,13,16,54,8.343668026,143,128,13.71847651,14.45804911,8.786425384,7.925029746,455,9,10,12,31,491,16,3,4,23,486,514,106,22,121,22
49,1000,40,5.13,10.3,18,37,45,951,31,7,11,49,8.122691371,126,128,12.59027769,13.37756577,8.058689267,8.187986447,482,15,2,6,23,469,16,5,5,26,505,495,93,35,105,21
50,1000,40,5.13,10.3,18,37,46,960,26,7,7,40,7.750147801,136,104,11.73360802,11.54092748,7.921110121,7.568610493,491,18,2,4,24,469,8,5,3,16,515,485,71,33,109,27
48,1000,40,5.13,10.3,18,37,56,946,26,12,16,54,8.328320237,164,129,13.90750957,14.63286955,8.802358295,7.880105263,455,9,10,12,31,491,17,2,4,23,486,514,107,22,140,24
49,1000,40,5.13,10.3,18,37,46,951,30,8,11,49,8.094771383,131,142,12.88965823,13.6635703,8.067819975,8.122267263,481,16,2,6,24,470,14,6,5,25,505,495,115,27,110,21
50,1000,40,5.13,10.3,18,37,47,959,27,7,7,41,7.770422317,127,137,11.8469333,11.67575124,7.944310179,7.585778505,491,18,2,4,24,468,9,5,3,17,515,485,100,37,105,22
48,1000,40,5.13,10.3,18,37,57,946,26,12,16,54,8.364928251,130,153,14.04816983,14.78545171,8.862476031,7.89448424,455,9,10,12,31,491,17,2,4,23,486,514,121,32,118,12
49,1000,40,5.13,10.3,18,37,47,952,31,7,10,48,8.114195633,131,118,13.12692499,13.94350998,8.082990137,8.146031542,481,17,2,5,24,471,14,5,5,24,505,495,87,31,102,29
50,1000,40,5.13,10.3,18,37,48,958,30,7,5,42,7.797989706,107,132,11.89951677,11.78924358,8.044385536,7.536352897,488,21,2,4,27,470,9,5,1,15,515,485,91,41,91,16
48,1000,40,5.13,10.3,18,37,58,947,26,12,15,53,8.334342337,156,157,14.17093388,14.9581868,8.884054342,7.814575734,454,10,10,12,32,493,16,2,3,21,486,514,121,36,139,17
49,1000,40,5.13,10.3,18,37,48,952,30,8,10,48,8.128941434,126,135,13.3875718,14.22755913,8.148679198,8.108804928,481,16,3,5,24,471,14,5,5,24,505,495,109,26,108,18
50,1000,40,5.13,10.3,18,37,49,957,31,7,5,43,7.830948986,123,127,11.99256117,11.90702943,8.07010487,7.576999954,488,21,2,4,27,469,10,5,1,16,515,485,91,36,98,25
49,1000,40,5.13,10.3,18,37,49,952,29,9,10,48,8.153500007,137,120,13.70680217,14.54799802,8.168970102,8.137717385,481,16,3,5,24,471,13,6,5,24,505,495,95,25,117,20
48,1000,40,5.13,10.3,18,37,59,946,28,11,15,54,8.299059704,171,145,14.34062217,15.1857484,8.9110551,7.720402579,454,11,9,12,32,492,17,2,3,22,486,514,115,30,147,24
50,1000,40,5.13,10.3,18,37,50,956,32,7,5,44,7.884431708,117,129,12.11161792,12.04457204,8.134690468,7.618693024,487,22,2,4,28,469,10,5,1,16,515,485,98,31,98,19
49,1000,40,5.13,10.3,18,37,50,953,28,9,10,47,8.113665931,149,151,13.89886948,14.72948109,8.135982358,8.090898666,481,16,3,5,24,472,12,6,5,23,505,495,120,31,123,26
48,1000,40,5.13,10.3,18,37,60,945,28,11,16,55,8.327478295,160,164,14.53249838,15.42744953,8.941599224,7.746811424,454,11,9,12,32,491,17,2,4,23,486,514,127,37,142,18
50,1000,40,5.13,10.3,18,37,51,956,32,7,5,44,7.903872851,114,122,12.21742471,12.175695,8.175445156,7.615502259,487,22,2,4,28,469,10,5,1,16,515,485,95,27,93,21
49,1000,40,5.13,10.3,18,37,51,952,29,10,9,48,8.121076149,133,100,14.2374698,15.0861687,8.18136693,8.059567373,481,16,3,5,24,471,13,7,4,24,505,495,76,24,117,16
50,1000,40,5.13,10.3,18,37,52,956,32,7,5,44,7.931183687,124,145,12.32027298,12.30634014,8.214045631,7.630825129,487,22,2,4,28,469,10,5,1,16,515,485,114,31,104,20
48,1000,40,5.13,10.3,18,37,61,945,27,12,16,55,8.33827696,163,154,14.65859422,15.61421169,8.95301735,7.757024373,454,10,10,12,32,491,17,2,4,23,486,514,128,26,142,21
49,1000,40,5.13,10.3,18,37,52,952,29,10,9,48,8.116291943,140,131,14.59962637,15.45526854,8.188109535,8.043023491,481,16,3,5,24,471,13,7,4,24,505,495,105,26,126,14
50,1000,40,5.13,10.3,18,37,53,955,32,8,5,45,7.949902365,126,132,12.45439057,12.47310439,8.237075794,7.644965632,487,21,3,4,28,468,11,5,1,17,515,485,99,33,99,27
48,1000,40,5.13,10.3,18,37,62,945,27,11,17,55,8.381469189,137,126,14.84053764,15.81701008,8.989933874,7.80615044,454,10,9,13,32,491,17,2,4,23,486,514,103,23,125,12
49,1000,40,5.13,10.3,18,37,53,954,29,9,8,46,8.116500338,132,141,15.00660815,15.92475786,8.215753102,8.015242467,482,15,3,5,23,472,14,6,3,23,505,495,112,29,110,22
50,1000,40,5.13,10.3,18,37,54,954,33,8,5,46,7.964849032,141,132,12.61345852,12.68721852,8.282867609,7.627159201,487,21,3,4,28,467,12,5,1,18,515,485,105,27,118,23
48,1000,40,5.13,10.3,18,37,63,945,27,11,17,55,8.346234176,162,160,15.05403738,16.06260047,8.996533081,7.731360114,454,10,9,13,32,491,17,2,4,23,486,514,131,29,141,21
49,1000,40,5.13,10.3,18,37,54,955,28,9,8,45,8.142627016,157,133,15.52859809,16.47767914,8.267785014,8.014940574,482,15,3,5,23,473,13,6,3,22,505,495,98,35,130,27
50,1000,40,5.13,10.3,18,37,55,955,34,7,4,45,7.954063561,132,108,12.77869613,12.86813392,8.307885001,7.578356259,487,21,3,4,28,468,13,4,0,17,515,485,86,22,105,27
48,1000,40,5.13,10.3,18,37,64,946,27,11,16,54,8.340011475,174,165,15.22734557,16.25054723,9.008613558,7.707831295,454,11,9,12,32,492,16,2,4,22,486,514,132,33,153,21
49,1000,40,5.13,10.3,18,37,55,956,26,10,8,44,8.150379513,159,125,16.08057096,17.04832621,8.288407639,8.00956294,482,15,3,5,23,474,11,7,3,21,505,495,93,32,141,18
50,1000,40,5.13,10.3,18,37,56,954,35,7,4,46,7.965171279,139,115,12.84575317,12.98661186,8.332757749,7.574847501,487,21,3,4,28,467,14,4,0,18,515,485,91,24,112,27
48,1000,40,5.13,10.3,18,37,65,948,26,11,15,52,8.341861218,142,171,15.42438441,16.48227252,9.03928225,7.682431993,455,10,9,12,31,493,16,2,3,21,486,514,142,29,120,22
49,1000,40,5.13,10.3,18,37,56,954,28,11,7,46,8.134641278,137,148,17.0034677,18.00075901,8.293249876,7.972828465,481,16,3,5,24,473,12,8,2,22,505,495,120,28,112,25
50,1000,40,5.13,10.3,18,37,57,954,35,7,4,46,8.002999599,141,137,12.93761011,13.09878187,8.4296057,7.550005492,486,22,3,4,29,468,13,4,0,17,515,485,109,28,116,25
50,1000,40,5.13,10.3,18,37,58,956,34,6,4,44,8.007022587,121,131,13.08688245,13.31392661,8.468161704,7.517359401,486,22,3,4,29,470,12,3,0,15,515,485,107,24,107,14
49,1000,40,5.13,10.3,18,37,57,955,27,11,7,45,8.098776962,150,130,17.49510829,18.52493116,8.303627652,7.889787875,481,16,3,5,24,474,11,8,2,21,505,495,105,25,131,19
48,1000,40,5.13,10.3,18,37,66,947,27,11,15,53,8.29904877,178,190,15.65074112,16.71871729,9.041218577,7.597308446,455,10,9,12,31,492,17,2,3,22,486,514,160,30,155,23
50,1000,40,5.13,10.3,18,37,59,955,34,7,4,45,8.003540058,138,138,13.21242239,13.45270341,8.489871963,7.487125768,486,21,4,4,29,469,13,3,0,16,515,485,108,30,116,22
49,1000,40,5.13,10.3,18,37,58,957,26,11,6,43,8.089277938,142,144,17.78830059,18.89015131,8.330202959,7.843485744,481,16,3,5,24,476,10,8,1,19,505,495,119,25,124,18
48,1000,40,5.13,10.3,18,37,67,947,28,11,14,53,8.267988902,168,146,15.79860021,16.94407688,9.009326324,7.56703562,455,11,9,11,31,492,17,2,3,22,486,514,123,23,151,17
50,1000,40,5.13,10.3,18,37,60,954,34,8,4,46,8.031815765,137,148,13.40371911,13.6865322,8.510446485,7.523579021,485,21,5,4,30,469,13,3,0,16,515,485,118,30,113,24
49,1000,40,5.13,10.3,18,37,59,957,26,11,6,43,8.086639804,155,159,18.20676964,19.39039423,8.351106494,7.816830353,481,16,3,5,24,476,10,8,1,19,505,495,123,36,135,20
48,1000,40,5.13,10.3,18,37,68,950,26,9,15,50,8.242665271,176,163,16.03064652,17.29136485,9.012591887,7.514680182,456,11,7,12,30,494,15,2,3,20,486,514,146,17,152,24
50,1000,40,5.13,10.3,18,37,61,955,32,9,4,45,8.022418591,142,137,13.53659705,13.80827907,8.55467074,7.457243629,484,22,5,4,31,471,10,4,0,14,515,485,119,18,121,21
49,1000,40,5.13,10.3,18,37,60,958,25,11,6,42,8.104417993,139,129,18.52074878,19.7082489,8.380426975,7.822833072,481,16,3,5,24,477,9,8,1,18,505,495,106,23,127,12
48,1000,40,5.13,10.3,18,37,69,950,26,8,16,50,8.261220529,180,165,16.37738011,17.75468752,9.066512132,7.499796951,456,11,6,13,30,494,15,2,3,20,486,514,141,24,161,19
50,1000,40,5.13,10.3,18,37,62,956,31,9,4,44,8.015445645,139,134,13.69266674,14.01705588,8.580426461,7.415517562,485,21,5,4,30,471,10,4,0,14,515,485,101,33,122,17
49,1000,40,5.13,10.3,18,37,61,957,25,12,6,43,8.076995768,170,160,19.28925165,20.51086762,8.412090795,7.735131145,481,16,3,5,24,476,9,9,1,19,505,495,131,29,146,24
48,1000,40,5.13,10.3,18,37,70,950,26,8,16,50,8.229663341,178,164,16.63630009,18.033549,9.065556536,7.439305183,455,12,6,13,31,495,14,2,3,19,486,514,139,25,156,22
50,1000,40,5.13,10.3,18,37,63,956,31,9,4,44,8.048098858,148,136,13.91962923,14.25616008,8.613174782,7.448069785,485,21,5,4,30,471,10,4,0,14,515,485,115,21,134,14
49,1000,40,5.13,10.3,18,37,62,958,24,12,6,42,8.038724694,167,159,19.89095349,21.11765221,8.415946198,7.653882555,481,15,4,5,24,477,9,8,1,18,505,495,127,32,151,16
48,1000,40,5.13,10.3,18,37,71,950,26,8,16,50,8.220745052,192,190,16.87055549,18.32076644,9.066815119,7.420764406,455,12,6,13,31,495,14,2,3,19,486,514,160,30,165,27
50,1000,40,5.13,10.3,18,37,64,956,31,9,4,44,8.016333973,114,139,14.07849485,14.43679643,8.607957492,7.388115184,485,21,5,4,30,471,10,4,0,14,515,485,114,25,99,15
49,1000,40,5.13,10.3,18,37,63,958,25,11,6,42,8.032170594,167,151,20.35792421,21.66209791,8.457434957,7.598315031,481,15,4,5,24,477,10,7,1,18,505,495,123,28,144,23
48,1000,40,5.13,10.3,18,37,72,951,26,8,15,49,8.273776929,168,170,17.1904355,18.72194802,9.143939318,7.451016382,455,12,6,13,31,496,14,2,2,18,486,514,143,27,149,19
50,1000,40,5.13,10.3,18,37,65,957,30,8,5,43,8.035986896,137,139,14.22644765,14.61237396,8.666098315,7.366899512,486,20,4,5,29,471,10,4,0,14,515,485,115,24,126,11
49,1000,40,5.13,10.3,18,37,64,958,24,11,7,42,8.018261893,158,173,21.15896514,22.56920883,8.506579347,7.52007944,480,15,4,6,25,478,9,7,1,17,505,495,140,33,136,22
50,1000,40,5.13,10.3,18,37,66,955,31,9,5,45,8.075343271,157,136,14.37751347,14.72993766,8.777935836,7.329291372,485,20,5,5,30,470,11,4,0,15,515,485,110,26,139,18
48,1000,40,5.13,10.3,18,37,73,950,27,8,15,50,8.281844518,189,165,17.61612708,19.18050711,9.204264163,7.409673414,455,12,6,13,31,495,15,2,2,19,486,514,137,28,168,21
49,1000,40,5.13,10.3,18,37,65,956,26,11,7,44,8.037970318,157,167,21.98948793,23.50541979,8.539402265,7.526408433,479,16,4,6,26,477,10,7,1,18,505,495,131,36,129,28
50,1000,40,5.13,10.3,18,37,67,954,30,11,5,46,8.110250509,129,148,14.66445455,14.99246262,8.841940991,7.333300821,484,19,7,5,31,470,11,4,0,15,515,485,116,32,114,15
48,1000,40,5.13,10.3,18,37,74,951,27,7,15,49,8.270558598,192,166,18.02466314,19.70352272,9.224667132,7.368424848,455,12,6,13,31,496,15,1,2,18,486,514,146,20,176,16
49,1000,40,5.13,10.3,18,37,66,956,25,12,7,44,8.039648121,176,168,24.19678349,25.68426403,8.573559192,7.494950969,479,15,5,6,26,477,10,7,1,18,505,495,134,34,157,19
50,1000,40,5.13,10.3,18,37,68,954,30,11,5,46,8.103767546,151,132,14.81468746,15.18692819,8.860208434,7.300536499,484,19,7,5,31,470,11,4,0,15,515,485,105,27,129,22
49,1000,40,5.13,10.3,18,37,67,956,26,11,7,44,8.040826584,169,147,25.87861388,27.38848572,8.598991721,7.471385383,480,15,4,6,25,476,11,7,1,19,505,495,126,21,152,17
48,1000,40,5.13,10.3,18,37,75,951,27,7,15,49,8.27868718,172,173,18.57120811,20.42998272,9.292957008,7.319669405,455,12,6,13,31,496,15,1,2,18,486,514,152,21,157,15
50,1000,40,5.13,10.3,18,37,69,953,31,11,5,47,8.145511037,139,160,15.01286275,15.40641541,8.917681411,7.325577547,483,20,7,5,32,470,11,4,0,15,515,485,128,32,122,17
49,1000,40,5.13,10.3,18,37,68,958,25,10,7,42,8.00376108,167,148,26.52863805,28.42602994,8.596389409,7.399160463,481,14,4,6,24,477,11,6,1,18,505,495,122,26,148,19
48,1000,40,5.13,10.3,18,37,76,950,27,8,15,50,8.320996387,204,172,19.0452628,20.9292295,9.390550776,7.309705663,455,12,6,13,31,495,15,2,2,19,486,514,154,18,188,16
50,1000,40,5.13,10.3,18,37,70,954,30,11,5,46,8.12647494,161,160,15.17409266,15.60013728,8.939210606,7.263466965,483,20,7,5,32,471,10,4,0,14,515,485,126,34,137,24
49,1000,40,5.13,10.3,18,37,69,958,25,10,7,42,8.00083506,167,160,27.93972026,29.87727958,8.621780859,7.367344902,481,14,4,6,24,477,11,6,1,18,505,495,142,18,151,16
48,1000,40,5.13,10.3,18,37,77,951,26,8,15,49,8.327513581,205,204,19.5053813,21.46982483,9.413994097,7.300218775,455,12,6,13,31,496,14,2,2,18,486,514,170,34,185,20
50,1000,40,5.13,10.3,18,37,71,953,30,12,5,47,8.148803342,155,140,15.36536304,15.84182055,8.973524717,7.273068274,483,20,7,5,32,470,10,5,0,15,515,485,117,23,131,24
49,1000,40,5.13,10.3,18,37,70,957,26,10,7,43,8.018257126,179,151,28.72368221,30.84756095,8.653355001,7.370328992,480,15,4,6,25,477,11,6,1,18,505,495,127,24,159,20
48,1000,40,5.13,10.3,18,37,78,951,25,8,16,49,8.329772452,198,223,19.78067717,21.83535938,9.447119757,7.273292316,455,11,7,13,31,496,14,1,3,18,486,514,194,29,181,17
50,1000,40,5.13,10.3,18,37,72,952,31,11,6,48,8.176218009,149,142,15.52922023,16.03450529,9.041378874,7.25754204,482,21,6,6,33,470,10,5,0,15,515,485,113,29,131,18
49,1000,40,5.13,10.3,18,37,71,957,26,10,7,43,8.027587272,162,158,30.33817895,32.4643514,8.682623727,7.359317757,480,15,4,6,25,477,11,6,1,18,505,495,132,26,148,14
48,1000,40,5.13,10.3,18,37,79,952,25,7,16,48,8.319587284,192,174,20.26152271,22.42251508,9.472266676,7.229699765,456,11,6,13,30,496,14,1,3,18,486,514,154,20,171,21
50,1000,40,5.13,10.3,18,37,73,951,32,11,6,49,8.150677298,170,141,15.74262306,16.23443671,9.053299352,7.192222952,481,22,6,6,34,470,10,5,0,15,515,485,119,22,152,18
49,1000,40,5.13,10.3,18,37,72,957,26,10,7,43,7.989717838,169,171,32.80955793,34.8206748,8.688978639,7.276330556,479,16,4,6,26,478,10,6,1,17,505,495,149,22,147,22
48,1000,40,5.13,10.3,18,37,80,951,26,7,16,49,8.300935301,194,196,20.96091336,23.30420144,9.483254453,7.18302264,456,11,6,13,30,495,15,1,3,19,486,514,169,27,179,15
50,1000,40,5.13,10.3,18,37,74,950,33,10,7,50,8.168449325,151,151,16.01933577,16.50171451,9.064303612,7.217181371,480,23,6,6,35,470,10,4,1,15,515,485,122,29,138,13
49,1000,40,5.13,10.3,18,37,73,957,26,10,7,43,8.001197856,179,157,36.2390598,38.1293046,8.706335192,7.28181532,479,16,4,6,26,478,10,6,1,17,505,495,139,18,158,21
48,1000,40,5.13,10.3,18,37,81,951,26,7,16,49,8.293155104,206,206,21.60866506,24.33021658,9.525964511,7.12750263,456,11,6,13,30,495,15,1,3,19,486,514,180,26,185,21
50,1000,40,5.13,10.3,18,37,75,949,34,9,8,51,8.181547019,135,154,16.19340336,16.69066813,9.123573912,7.181250422,479,24,5,7,36,470,10,4,1,15,515,485,125,29,126,9
49,1000,40,5.13,10.3,18,37,74,957,26,10,7,43,7.974629368,195,145,38.56963828,40.65241605,8.706335192,7.228141607,479,16,4,6,26,478,10,6,1,17,505,495,124,21,172,23
50,1000,40,5.13,10.3,18,37,76,950,34,8,8,50,8.180620069,162,143,16.42126963,16.91923958,9.186251069,7.112785089,479,24,5,7,36,471,10,3,1,14,515,485,128,15,149,13
48,1000,40,5.13,10.3,18,37,82,951,25,8,16,49,8.347977481,212,214,22.32969365,25.13870278,9.625485571,7.140061272,456,11,6,13,30,495,14,2,3,19,486,514,189,25,194,18
49,1000,40,5.13,10.3,18,37,75,957,26,10,7,43,7.992647808,178,162,43.4659682,45.4302961,8.778268816,7.191155668,479,16,4,6,26,478,10,6,1,17,505,495,140,22,160,18
50,1000,40,5.13,10.3,18,37,77,950,33,9,8,50,8.192377061,168,154,16.64081888,17.15246686,9.253923575,7.065167876,479,23,6,7,36,471,10,3,1,14,515,485,126,28,151,17
48,1000,40,5.13,10.3,18,37,83,950,27,8,15,50,8.343356366,209,219,23.18592867,26.12597126,9.681702105,7.077916621,455,12,6,13,31,495,15,2,2,19,486,514,198,21,193,16
49,1000,40,5.13,10.3,18,37,76,957,25,11,7,43,8.000533138,179,174,49.24975066,51.26290517,8.812577172,7.172084173,479,15,5,6,26,478,10,6,1,17,505,495,142,32,166,13
50,1000,40,5.13,10.3,18,37,78,951,31,10,8,49,8.215282023,151,149,16.76363743,17.28036687,9.329442404,7.032204506,479,23,6,7,36,472,8,4,1,13,515,485,123,26,138,13
49,1000,40,5.13,10.3,18,37,77,956,26,11,7,44,8.008492145,173,166,50.77869117,53.38553581,8.864455784,7.135236311,478,16,5,6,27,478,10,6,1,17,505,495,137,29,158,15
48,1000,40,5.13,10.3,18,37,84,950,26,9,15,50,8.31160759,224,215,24.24147715,27.23686042,9.6913409,7.007034851,455,12,6,13,31,495,14,3,2,19,486,514,200,15,207,17
50,1000,40,5.13,10.3,18,37,79,951,32,10,7,49,8.221215375,149,162,17.02472159,17.55526041,9.356268234,7.01595306,479,23,6,7,36,472,9,4,0,13,515,485,139,23,130,19
49,1000,40,5.13,10.3,18,37,78,954,28,10,8,46,8.061642024,176,172,51.14088117,53.73496533,8.923477444,7.182395788,477,17,4,7,28,477,11,6,1,18,505,495,157,15,162,14
48,1000,40,5.13,10.3,18,37,85,950,25,10,15,50,8.323652348,230,210,25.44408996,28.72109431,9.768579408,6.957437268,455,12,6,13,31,495,13,4,2,19,486,514,189,21,219,11
50,1000,40,5.13,10.3,18,37,80,951,31,9,9,49,8.218133296,173,170,17.29191817,17.82703605,9.373067659,6.991759693,479,22,5,9,36,472,9,4,0,13,515,485,146,24,148,25
49,1000,40,5.13,10.3,18,37,79,954,28,10,8,46,8.092211754,173,188,51.95860542,54.63033969,8.96626439,7.200501488,477,17,4,7,28,477,11,6,1,18,505,495,165,23,159,14
48,1000,40,5.13,10.3,18,37,86,952,24,8,16,48,8.320489046,211,217,26.4845014,29.99687638,9.811131059,6.911049322,455,12,5,14,31,497,12,3,2,17,486,514,190,27,194,17
50,1000,40,5.13,10.3,18,37,81,953,29,9,9,47,8.168779571,180,170,17.50396666,18.05226188,9.366810752,6.896643368,480,21,5,9,35,473,8,4,0,12,515,485,139,31,156,24
49,1000,40,5.13,10.3,18,37,80,954,27,12,7,46,8.055908724,198,195,52.44095537,55.21047242,8.984033767,7.109033681,476,17,6,6,29,478,10,6,1,17,505,495,171,24,180,18
48,1000,40,5.13,10.3,18,37,87,950,25,9,16,50,8.314358748,228,219,27.90173193,31.92649586,9.850152058,6.86222733,454,12,6,14,32,496,13,3,2,18,486,514,197,22,212,16
50,1000,40,5.13,10.3,18,37,82,953,29,9,9,47,8.196834011,158,168,17.74876125,18.36580932,9.423874052,6.893894586,480,21,5,9,35,473,8,4,0,12,515,485,147,21,143,15
49,1000,40,5.13,10.3,18,37,81,954,27,12,7,46,8.066345273,197,178,53.37589126,55.99874084,9.009846818,7.10378309,476,17,6,6,29,478,10,6,1,17,505,495,152,26,179,18
48,1000,40,5.13,10.3,18,37,88,948,27,9,16,52,8.306646244,234,223,30.23713698,34.33070019,9.893917232,6.80584138,452,14,6,14,34,496,13,3,2,18,486,514,197,26,216,18
50,1000,40,5.13,10.3,18,37,83,952,30,9,9,48,8.203296833,175,153,17.932445,18.64766171,9.440169774,6.889916287,480,21,5,9,35,472,9,4,0,13,515,485,135,18,153,22
49,1000,40,5.13,10.3,18,37,82,954,27,12,7,46,8.049414862,194,182,54.2218656,56.87258112,9.00951016,7.0699237,476,17,6,6,29,478,10,6,1,17,505,495,167,15,174,20
50,1000,40,5.13,10.3,18,37,84,952,30,9,9,48,8.207883015,172,168,18.18280384,18.95786375,9.450191686,6.888730509,479,22,5,9,36,473,8,4,0,12,515,485,144,24,160,12
48,1000,40,5.13,10.3,18,37,89,949,26,9,16,51,8.297348845,242,225,31.63745469,35.85585319,9.936748433,6.747255071,452,14,6,14,34,497,12,3,2,17,486,514,209,16,229,13
49,1000,40,5.13,10.3,18,37,83,953,28,12,7,47,8.068452537,184,206,55.14194846,58.50706318,9.036698668,7.080645879,476,17,6,6,29,477,11,6,1,18,505,495,185,21,169,15
50,1000,40,5.13,10.3,18,37,85,951,31,9,9,49,8.188948711,176,192,18.47789162,19.27038329,9.467866211,6.830922913,478,23,5,9,37,473,8,4,0,12,515,485,164,28,155,21
48,1000,40,5.13,10.3,18,37,90,947,27,10,16,53,8.31152105,217,224,32.53730636,36.92675177,9.967275919,6.745962945,450,15,7,14,36,497,12,3,2,17,486,514,204,20,203,14
49,1000,40,5.13,10.3,18,37,84,952,30,11,7,48,8.065280021,207,192,58.33528857,61.88518056,9.086661994,7.023264069,475,18,6,6,30,477,12,5,1,18,505,495,170,22,187,20
50,1000,40,5.13,10.3,18,37,86,952,29,10,9,48,8.236823398,182,186,18.89993473,19.75445936,9.528639985,6.865100631,478,22,6,9,37,474,7,4,0,11,515,485,164,22,166,16
49,1000,40,5.13,10.3,18,37,85,952,29,12,7,48,8.099360731,196,188,59.87073591,63.68326679,9.11474319,7.063465495,475,18,6,6,30,477,11,6,1,18,505,495,165,23,182,14
48,1000,40,5.13,10.3,18,37,91,948,26,10,16,52,8.289497335,245,211,34.40884436,39.14901176,9.992229767,6.679520756,450,15,7,14,36,498,11,3,2,16,486,514,195,16,230,15
50,1000,40,5.13,10.3,18,37,87,952,29,10,9,48,8.215250536,168,194,19.16236066,19.99731166,9.533872252,6.815064591,478,22,6,9,37,474,7,4,0,11,515,485,169,25,157,11
49,1000,40,5.13,10.3,18,37,86,952,28,13,7,48,8.121762107,190,200,60.94545431,65.05759093,9.150857765,7.071876638,475,18,6,6,30,477,10,7,1,18,505,495,178,22,176,14
48,1000,40,5.13,10.3,18,37,92,947,27,10,16,53,8.309481401,239,243,37.31501029,42.28426149,10.02043479,6.6917317,450,15,7,14,36,497,12,3,2,17,486,514,222,21,225,14
50,1000,40,5.13,10.3,18,37,88,951,30,10,9,49,8.212594946,179,156,19.43707574,20.3865186,9.595309055,6.744352128,477,23,6,9,38,474,7,4,0,11,515,485,138,18,173,6
49,1000,40,5.13,10.3,18,37,87,953,26,14,7,47,8.120027228,228,212,66.18456217,70.31100429,9.17584155,7.042883324,475,17,7,6,30,478,9,7,1,17,505,495,186,26,211,17
48,1000,40,5.13,10.3,18,37,93,948,27,10,15,52,8.271187166,253,250,41.13200081,46.38152735,10.04377553,6.595160035,449,15,8,14,37,499,12,2,1,15,486,514,230,20,239,14
50,1000,40,5.13,10.3,18,37,89,950,31,10,9,50,8.239519257,183,161,19.76454947,20.76464914,9.676971352,6.713152599,477,23,6,9,38,473,8,4,0,12,515,485,143,18,166,17
49,1000,40,5.13,10.3,18,37,88,952,25,15,8,48,8.166999461,211,226,67.34463668,71.63017594,9.235302164,7.077114886,474,16,8,7,31,478,9,7,1,17,505,495,202,24,197,14
48,1000,40,5.13,10.3,18,37,94,948,27,10,15,52,8.248390008,227,251,47.55098039,53.72154641,10.06753421,6.528343153,449,15,8,14,37,499,12,2,1,15,486,514,224,27,212,15
50,1000,40,5.13,10.3,18,37,90,950,30,11,9,50,8.269032757,179,170,20.15097675,21.27327697,9.730746224,6.716904024,477,22,7,9,38,473,8,4,0,12,515,485,152,18,170,9
49,1000,40,5.13,10.3,18,37,89,952,26,14,8,48,8.170484648,191,210,70.55247937,74.89111025,9.267420568,7.051388406,474,16,8,7,31,478,10,6,1,17,505,495,188,22,176,15
48,1000,40,5.13,10.3,18,37,95,951,26,9,14,49,8.252148318,264,271,51.26024194,58.0175119,10.14040817,6.466750868,448,17,8,13,38,503,9,1,1,11,486,514,245,26,241,23
50,1000,40,5.13,10.3,18,37,91,951,30,10,9,49,8.27178602,180,186,20.50435151,21.70340947,9.759412564,6.692141339,478,22,6,9,37,473,8,4,0,12,515,485,165,21,169,11
49,1000,40,5.13,10.3,18,37,90,951,27,14,8,49,8.176854454,206,205,74.10055564,78.82936725,9.317990084,7.01266558,473,17,8,7,32,478,10,6,1,17,505,495,184,21,194,12
48,1000,40,5.13,10.3,18,37,96,950,26,10,14,50,8.276007194,245,269,58.47340022,65.78145557,10.24440877,6.414833723,447,17,9,13,39,503,9,1,1,11,486,514,242,27,238,7
50,1000,40,5.13,10.3,18,37,92,950,31,10,9,50,8.289226107,191,175,21.20800829,22.50722486,9.835190485,6.647635067,478,22,6,9,37,472,9,4,0,13,515,485,152,23,174,17
49,1000,40,5.13,10.3,18,37,91,952,27,13,8,48,8.172361159,215,227,74.69793078,79.6040852,9.368566533,6.951990019,473,17,8,7,32,479,10,5,1,16,505,495,204,23,200,15
48,1000,40,5.13,10.3,18,37,97,950,26,11,13,50,8.289672255,263,253,69.38576872,77.33955998,10.29699618,6.391696713,447,17,9,13,39,503,9,2,0,11,486,514,235,18,249,14
50,1000,40,5.13,10.3,18,37,93,949,31,11,9,51,8.31950404,204,170,22.01003949,23.40195381,9.932533925,6.606699109,476,23,7,9,39,473,8,4,0,12,515,485,153,17,191,13
49,1000,40,5.13,10.3,18,37,92,953,27,12,8,47,8.16377817,201,221,76.74461084,83.08660686,9.413912863,6.888388229,473,17,8,7,32,480,10,4,1,15,505,495,203,18,189,12
50,1000,40,5.13,10.3,18,37,94,949,31,11,9,51,8.32762871,179,192,22.6178413,24.07428904,10.0129812,6.538027612,476,23,7,9,39,473,8,4,0,12,515,485,169,23,162,17
48,1000,40,5.13,10.3,18,37,98,950,25,12,13,50,8.289627959,277,244,73.31579626,81.17288871,10.32174543,6.368209491,447,16,10,13,39,503,9,2,0,11,486,514,231,13,261,16
49,1000,40,5.13,10.3,18,37,93,953,26,13,8,47,8.164402598,221,225,78.88587194,86.82824195,9.423939946,6.879420051,473,16,9,7,32,480,10,4,1,15,505,495,205,20,203,18
50,1000,40,5.13,10.3,18,37,95,949,32,10,9,51,8.330127203,212,199,23.38627466,24.84744944,10.06494098,6.488005358,475,24,7,9,40,474,8,3,0,11,515,485,176,23,198,14
48,1000,40,5.13,10.3,18,37,99,950,25,12,13,50,8.286937032,271,278,80.57734427,88.83115931,10.36165572,6.325238037,447,16,10,13,39,503,9,2,0,11,486,514,258,20,256,15
49,1000,40,5.13,10.3,18,37,94,953,26,13,8,47,8.153646696,226,238,79.8472628,87.72316546,9.448842425,6.832285397,473,16,9,7,32,480,10,4,1,15,505,495,218,20,212,14
50,1000,40,5.13,10.3,18,37,96,949,31,11,9,51,8.34962417,181,200,24.02565261,25.58479734,10.12626173,6.463091503,475,23,8,9,40,474,8,3,0,11,515,485,176,24,174,7
48,1000,40,5.13,10.3,18,37,100,949,26,12,13,51,8.278047575,267,265,84.39768514,93.2180641,10.38982515,6.281308471,446,17,10,13,40,503,9,2,0,11,486,514,253,12,255,12
49,1000,40,5.13,10.3,18,37,95,952,27,13,8,48,8.183751636,232,234,80.52748566,88.43977076,9.523040508,6.817406424,472,17,9,7,33,480,10,4,1,15,505,495,220,14,219,13
50,1000,40,5.13,10.3,18,37,97,947,33,11,9,53,8.358164819,204,198,24.66883793,26.42791546,10.16821794,6.436149651,473,25,8,9,42,474,8,3,0,11,515,485,180,18,182,22
48,1000,40,5.13,10.3,18,37,101,949,26,12,13,51,8.28600364,261,271,86.62578403,95.85978924,10.45379876,6.236298527,445,18,10,13,41,504,8,2,0,10,486,514,252,19,250,11
49,1000,40,5.13,10.3,18,37,96,954,27,12,7,46,8.16186992,241,232,82.55300564,91.22954643,9.527622564,6.768526314,472,17,9,7,33,482,10,3,0,13,505,495,211,21,227,14
50,1000,40,5.13,10.3,18,37,98,947,33,11,9,53,8.332337132,209,198,25.84196625,27.86850699,10.20551635,6.343291155,473,25,8,9,42,474,8,3,0,11,515,485,179,19,195,14
49,1000,40,5.13,10.3,18,37,97,955,26,12,7,45,8.148629698,236,244,86.02119925,95.26587114,9.590533903,6.677596115,472,17,9,7,33,483,9,3,0,12,505,495,226,18,216,20
48,1000,40,5.13,10.3,18,37,102,948,27,12,13,52,8.290148314,265,282,94.23446514,103.7414211,10.48415121,6.215663082,445,18,10,13,41,503,9,2,0,11,486,514,267,15,255,10
50,1000,40,5.13,10.3,18,37,99,947,35,10,8,53,8.345041757,203,223,27.02366179,29.18452517,10.26606095,6.305196638,472,27,8,8,43,475,8,2,0,10,515,485,206,17,192,11
49,1000,40,5.13,10.3,18,37,98,956,25,11,8,44,8.127454434,243,252,91.0479547,99.96538264,9.625720992,6.598919866,472,17,9,7,33,484,8,2,1,11,505,495,225,27,232,11
48,1000,40,5.13,10.3,18,37,103,948,27,12,13,52,8.290247205,301,290,101.2257459,111.7047151,10.50891447,6.192441193,445,18,10,13,41,503,9,2,0,11,486,514,272,18,284,17
50,1000,40,5.13,10.3,18,37,100,947,34,11,8,53,8.361749316,238,207,28.11271339,30.51433618,10.3090619,6.293984404,471,27,9,8,44,476,7,2,0,9,515,485,186,21,219,19
49,1000,40,5.13,10.3,18,37,99,955,26,11,8,45,8.118225844,236,237,93.72971491,103.1326147,9.667814238,6.537332633,471,18,9,7,34,484,8,2,1,11,505,495,221,16,221,15
48,1000,40,5.13,10.3,18,37,104,948,27,12,13,52,8.307129458,307,277,112.2948959,123.5585829,10.5662282,6.171094461,445,18,10,13,41,503,9,2,0,11,486,514,261,16,290,17
50,1000,40,5.13,10.3,18,37,101,947,34,11,8,53,8.373263072,213,230,29.45324991,32.07544399,10.33452478,6.290686208,471,27,9,8,44,476,7,2,0,9,515,485,210,20,200,13
49,1000,40,5.13,10.3,18,37,100,955,24,13,8,45,8.106404308,255,234,96.06993347,105.4878129,9.695215825,6.485495589,471,17,10,7,34,484,7,3,1,11,505,495,218,16,233,22
50,1000,40,5.13,10.3,18,37,102,947,34,11,8,53,8.363682866,212,217,30.38737768,33.11475764,10.39663093,6.204985441,471,27,9,8,44,476,7,2,0,9,515,485,196,21,200,12
49,1000,40,5.13,10.3,18,37,101,952,27,13,8,48,8.155216854,253,238,97.11508246,106.5347658,9.762508705,6.515454461,469,19,10,7,36,483,8,3,1,12,505,495,225,13,237,16
50,1000,40,5.13,10.3,18,37,103,948,33,10,9,52,8.379336433,237,213,31.64028569,34.42091065,10.41432287,6.218474543,472,26,9,8,43,476,7,1,1,9,515,485,192,21,222,15
49,1000,40,5.13,10.3,18,37,102,952,27,13,8,48,8.165326947,254,250,101.9057786,111.0112705,9.809536546,6.487900992,469,19,10,7,36,483,8,3,1,12,505,495,227,23,243,11
50,1000,40,5.13,10.3,18,37,104,947,33,11,9,53,8.387111738,212,221,32.84018452,35.79961567,10.43440987,6.213176609,472,26,9,8,43,475,7,2,1,10,515,485,202,19,200,12
49,1000,40,5.13,10.3,18,37,103,949,30,12,9,51,8.173928774,258,251,110.2909551,119.7317466,9.828593595,6.485836382,469,19,9,8,36,480,11,3,1,15,505,495,234,17,234,24
49,1000,40,5.13,10.3,18,37,104,948,31,12,9,52,8.165297087,256,266,116.3777567,127.6367453,9.864162034,6.432111637,469,19,9,8,36,479,12,3,1,16,505,495,246,20,248,8
