[run number],initial-people,environment,healthy-treatment-chance-men,healthy-treatment-chance-women,dep-treatment-chance-men,dep-treatment-chance-women,[step],"count turtles with [ severity = ""No Depression"" ]","count turtles with [ severity = ""Mild Depression"" ]","count turtles with [ severity = ""Moderate Depression"" ]","count turtles with [ severity = ""Severe Depression"" ]","count turtles with [ severity != ""No Depression"" ]",mean [ dep-score ] of turtles,count turtles with [ treatment? ],count turtles with [ talks? ],mean [ prob-of-talking ] of turtles,mean [ prob-of-treatment ] of turtles,"mean [ dep-score ] of turtles with [ gender? = ""male"" ]","mean [ dep-score ] of turtles with [ gender? = ""female"" ]","count turtles with [ severity = ""No Depression"" and gender? = ""male"" ]","count turtles with [ severity = ""Mild Depression"" and gender? = ""male"" ]","count turtles with [ severity = ""Moderate Depression"" and gender? = ""male"" ]","count turtles with [ severity = ""Severe Depression"" and gender? = ""male"" ]","count turtles with [ severity != ""No Depression"" and gender? = ""male"" ]","count turtles with [ severity = ""No Depression"" and gender? = ""female"" ]","count turtles with [ severity = ""Mild Depression"" and gender? = ""female"" ]","count turtles with [ severity = ""Moderate Depression"" and gender? = ""female"" ]","count turtles with [ severity = ""Severe Depression"" and gender? = ""female"" ]","count turtles with [ severity != ""No Depression"" and gender? = ""female"" ]","count turtles with [ gender? = ""male"" ]","count turtles with [ gender? = ""female"" ]","count turtles with [ talks? = TRUE and gender? = ""female"" ]","count turtles with [ talks? = TRUE and gender? = ""male"" ]","count turtles with [ treatment? = TRUE and gender? = ""female"" ]","count turtles with [ treatment? = TRUE and gender? = ""male"" ]"
8,1000,70,5.13,10.3,18,37,0,946,28,13,13,54,7.484,106,179,17.50717941,8.844150192,6.761165049,8.251546392,494,14,5,2,21,452,14,8,11,33,515,485,105,74,69,37
1,1000,70,5.13,10.3,18,37,0,947,26,14,13,53,6.862,109,165,17.48571215,8.870569018,6.176237624,7.561616162,489,10,4,2,16,458,16,10,11,37,505,495,84,81,73,36
7,1000,70,5.13,10.3,18,37,0,931,31,19,19,69,7.516,109,185,17.54089697,9.232110516,6.428861789,8.568897638,468,13,5,6,24,463,18,14,13,45,492,508,103,82,73,36
4,1000,70,5.13,10.3,18,37,0,955,17,12,16,45,6.942,81,164,17.52739326,8.722585559,5.682445759,8.237322515,495,6,3,3,12,460,11,9,13,33,507,493,95,69,59,22
5,1000,70,5.13,10.3,18,37,0,933,35,14,18,67,7.068,114,191,17.53920331,9.173064524,6.274390244,7.836614173,469,13,6,4,23,464,22,8,14,44,492,508,104,87,82,32
3,1000,70,5.13,10.3,18,37,0,938,28,20,14,62,7.17,83,176,17.37140547,8.88697335,6.629213483,7.789699571,509,13,8,4,25,429,15,12,10,37,534,466,109,67,61,22
6,1000,70,5.13,10.3,18,37,0,938,31,13,18,62,7.292,87,163,17.42902011,8.973765384,6.269306931,8.335353535,482,11,7,5,23,456,20,6,13,39,505,495,90,73,58,29
2,1000,70,5.13,10.3,18,37,0,942,22,25,11,58,7.237,98,182,17.56380371,9.058616158,6.33197556,8.110019646,473,8,8,2,18,469,14,17,9,40,491,509,104,78,76,22
1,1000,70,5.13,10.3,18,37,1,948,26,14,12,52,6.903649406,81,195,17.49355683,8.898940351,6.256143661,7.564236075,489,10,4,2,16,459,16,10,10,36,505,495,95,100,59,22
3,1000,70,5.13,10.3,18,37,1,939,27,20,14,61,7.211044921,96,180,17.38456832,8.975387216,6.690750276,7.80726239,509,13,8,4,25,430,14,12,10,36,534,466,85,95,56,40
5,1000,70,5.13,10.3,18,37,1,933,35,13,19,67,7.07918235,104,186,17.59678567,9.239003553,6.281396355,7.851841227,469,13,6,4,23,464,22,7,15,44,492,508,113,73,75,29
8,1000,70,5.13,10.3,18,37,1,945,29,12,14,55,7.541001919,108,165,17.54727031,8.900824581,6.814322249,8.312630847,494,14,4,3,21,451,15,8,11,34,515,485,100,65,77,31
4,1000,70,5.13,10.3,18,37,1,955,16,13,16,45,6.939477893,87,188,17.57829758,8.797568849,5.709984779,8.203885619,494,6,4,3,13,461,10,9,13,32,507,493,106,82,56,31
6,1000,70,5.13,10.3,18,37,1,939,30,13,18,61,7.310722919,111,185,17.49485713,9.04854419,6.268574257,8.373925089,482,11,7,5,23,457,19,6,13,38,505,495,103,82,73,38
2,1000,70,5.13,10.3,18,37,1,943,21,26,10,57,7.222443705,103,188,17.64212139,9.135997411,6.368497664,8.046191261,473,8,8,2,18,470,13,18,8,39,491,509,102,86,75,28
7,1000,70,5.13,10.3,18,37,1,930,32,19,19,70,7.539901988,95,182,17.5645478,9.261473411,6.47357688,8.572642054,468,13,5,6,24,462,19,14,13,46,492,508,100,82,63,32
1,1000,70,5.13,10.3,18,37,2,951,25,12,12,49,6.880867871,95,190,17.52043547,8.936760407,6.270179106,7.503893782,489,10,4,2,16,462,15,8,10,33,505,495,100,90,63,32
3,1000,70,5.13,10.3,18,37,2,938,28,20,14,62,7.234552604,88,164,17.43865523,9.029763721,6.688749617,7.860000662,509,13,8,4,25,429,15,12,10,37,534,466,80,84,61,27
5,1000,70,5.13,10.3,18,37,2,935,33,13,19,65,7.097558235,113,180,17.63890793,9.337787843,6.353346453,7.818330276,469,13,6,4,23,466,20,7,15,42,492,508,110,70,75,38
8,1000,70,5.13,10.3,18,37,2,946,28,12,14,54,7.59247919,88,181,17.59621805,8.943491896,6.884508795,8.344241569,494,14,4,3,21,452,14,8,11,33,515,485,103,78,63,25
6,1000,70,5.13,10.3,18,37,2,942,28,11,19,58,7.347338586,96,177,17.55287526,9.109339929,6.292436589,8.423551735,484,10,5,6,21,458,18,6,13,37,505,495,96,81,64,32
4,1000,70,5.13,10.3,18,37,2,956,15,14,15,44,6.943072069,96,158,17.61149277,8.837960694,5.752151197,8.167812194,494,6,4,3,13,462,9,10,12,31,507,493,95,63,70,26
2,1000,70,5.13,10.3,18,37,2,945,18,27,10,55,7.215309435,105,174,17.72059023,9.189058955,6.410644402,7.99151873,474,6,9,2,17,471,12,18,8,38,491,509,99,75,70,35
7,1000,70,5.13,10.3,18,37,2,931,31,20,18,69,7.568973681,102,170,17.63176593,9.350016339,6.536771791,8.568665275,468,13,5,6,24,463,18,15,12,45,492,508,92,78,73,29
1,1000,70,5.13,10.3,18,37,3,953,24,11,12,47,6.914884721,90,162,17.55029507,8.998823156,6.344722143,7.496565736,489,10,4,2,16,464,14,7,10,31,505,495,92,70,62,28
3,1000,70,5.13,10.3,18,37,3,938,27,20,15,62,7.264889538,84,181,17.49773107,9.064054893,6.717041053,7.89268158,509,13,8,4,25,429,14,12,11,37,534,466,93,88,53,31
5,1000,70,5.13,10.3,18,37,3,935,33,13,19,65,7.126349123,101,167,17.72048941,9.399335228,6.397697529,7.832051061,469,13,6,4,23,466,20,7,15,42,492,508,100,67,74,27
8,1000,70,5.13,10.3,18,37,3,945,30,12,13,55,7.618643985,86,191,17.66325708,8.990618299,6.894577473,8.387498116,493,16,4,2,22,452,14,8,11,33,515,485,110,81,55,31
6,1000,70,5.13,10.3,18,37,3,944,26,11,19,56,7.37403143,83,185,17.64620872,9.227743432,6.338358905,8.430626633,484,10,5,6,21,460,16,6,13,35,505,495,101,84,57,26
4,1000,70,5.13,10.3,18,37,3,959,12,14,15,41,6.958191211,81,173,17.64089181,8.878267157,5.811294236,8.137657268,495,5,4,3,12,464,7,10,12,29,507,493,94,79,53,28
2,1000,70,5.13,10.3,18,37,3,947,18,25,10,53,7.212667105,96,179,17.74395433,9.218415727,6.465157233,7.933742443,474,6,9,2,17,473,12,16,8,36,491,509,104,75,70,26
7,1000,70,5.13,10.3,18,37,3,933,29,20,18,67,7.563896109,107,189,17.64854949,9.395910893,6.549794069,8.546057928,468,14,4,6,24,465,15,16,12,43,492,508,104,85,79,28
1,1000,70,5.13,10.3,18,37,4,954,23,11,12,46,6.904148595,99,177,17.66912466,9.101272479,6.365388871,7.453792354,489,10,4,2,16,465,13,7,10,30,505,495,100,77,64,35
3,1000,70,5.13,10.3,18,37,4,939,26,20,15,61,7.266825462,103,175,17.55269839,9.110859163,6.759096387,7.848643758,509,13,8,4,25,430,13,12,11,36,534,466,101,74,67,36
5,1000,70,5.13,10.3,18,37,4,936,33,13,18,64,7.153776258,99,187,17.75375537,9.461847636,6.401858597,7.882011473,470,13,6,3,22,466,20,7,15,42,492,508,111,76,69,30
8,1000,70,5.13,10.3,18,37,4,946,29,12,13,54,7.607037245,94,177,17.70780482,9.053515522,6.908778158,8.348487617,494,15,4,2,21,452,14,8,11,33,515,485,111,66,69,25
6,1000,70,5.13,10.3,18,37,4,946,24,12,18,54,7.375260252,91,185,17.74011938,9.312122412,6.370152102,8.400673617,484,10,5,6,21,462,14,7,12,33,505,495,120,65,69,22
4,1000,70,5.13,10.3,18,37,4,960,12,13,15,40,6.978354826,91,183,17.73519894,8.997599651,5.85626201,8.132312347,495,5,4,3,12,465,7,9,12,28,507,493,102,81,62,29
1,1000,70,5.13,10.3,18,37,5,953,23,12,12,47,6.948185562,95,166,17.76526868,9.180612782,6.422439746,7.484552505,488,11,4,2,17,465,12,8,10,30,505,495,99,67,64,31
2,1000,70,5.13,10.3,18,37,4,948,18,24,10,52,7.224620381,93,180,17.82623564,9.28921369,6.510739706,7.913255767,474,6,8,3,17,474,12,16,7,35,491,509,106,74,70,23
3,1000,70,5.13,10.3,18,37,5,938,28,18,16,62,7.321001107,92,176,17.56525516,9.163817856,6.834014101,7.879050596,509,13,8,4,25,429,15,10,12,37,534,466,110,66,55,37
7,1000,70,5.13,10.3,18,37,4,936,28,19,17,64,7.564371526,100,177,17.76367945,9.480582316,6.585418034,8.512491837,468,14,4,6,24,468,14,15,11,40,492,508,108,69,64,36
6,1000,70,5.13,10.3,18,37,5,945,24,13,18,55,7.416466452,94,184,17.82982583,9.39720388,6.437670625,8.415035932,484,9,6,6,21,461,15,7,12,34,505,495,118,66,60,34
8,1000,70,5.13,10.3,18,37,5,947,27,14,12,53,7.584764457,86,168,17.75153995,9.095731517,6.905555032,8.305986837,494,14,5,2,21,453,13,9,10,32,515,485,95,73,67,19
5,1000,70,5.13,10.3,18,37,5,936,32,15,17,64,7.153858988,102,177,17.80438492,9.54073248,6.459109481,7.826726621,470,13,6,3,22,466,19,9,14,42,492,508,106,71,73,29
4,1000,70,5.13,10.3,18,37,5,960,11,13,16,40,7.036975018,95,184,17.81626201,9.07312173,5.949203118,8.155636992,495,4,5,3,12,465,7,8,13,28,507,493,115,69,65,30
1,1000,70,5.13,10.3,18,37,6,953,23,12,12,47,6.970632187,92,188,17.81446458,9.239713902,6.461038746,7.490520445,488,11,4,2,17,465,12,8,10,30,505,495,109,79,69,23
2,1000,70,5.13,10.3,18,37,5,949,17,23,11,51,7.24918793,103,212,17.86877327,9.348189059,6.551273084,7.922422093,474,6,8,3,17,475,11,15,8,34,491,509,134,78,73,30
3,1000,70,5.13,10.3,18,37,6,943,25,17,15,57,7.300815127,106,198,17.6051824,9.238131065,6.856448097,7.810025415,510,12,8,4,24,433,13,9,11,33,534,466,102,96,86,20
7,1000,70,5.13,10.3,18,37,5,940,27,17,16,60,7.549430747,116,175,17.8235418,9.549548616,6.593546902,8.475208014,468,14,4,6,24,472,13,13,10,36,492,508,112,63,82,34
8,1000,70,5.13,10.3,18,37,6,947,27,14,12,53,7.622872217,92,197,17.82965866,9.175612725,6.974423293,8.311431383,493,15,5,2,22,454,12,9,10,31,515,485,121,76,71,21
6,1000,70,5.13,10.3,18,37,6,946,24,12,18,54,7.436980594,74,195,17.93553579,9.487343881,6.472701585,8.420739986,484,9,6,6,21,462,15,6,12,33,505,495,125,70,53,21
4,1000,70,5.13,10.3,18,37,6,960,11,13,16,40,7.064048949,87,177,17.89600453,9.152171615,5.982884409,8.17591593,495,4,5,3,12,465,7,8,13,28,507,493,98,79,62,25
5,1000,70,5.13,10.3,18,37,6,937,30,16,17,63,7.19545195,91,174,17.90951111,9.616195764,6.523678214,7.846067458,470,13,6,3,22,467,17,10,14,41,492,508,108,66,65,26
2,1000,70,5.13,10.3,18,37,6,949,17,23,11,51,7.279670392,93,175,17.91864827,9.397682641,6.593772757,7.941312314,473,7,8,3,18,476,10,15,8,33,491,509,105,70,56,37
1,1000,70,5.13,10.3,18,37,7,953,23,12,12,47,6.993758832,110,208,17.91597764,9.315135052,6.496616958,7.500943977,488,11,4,2,17,465,12,8,10,30,505,495,122,86,84,26
3,1000,70,5.13,10.3,18,37,7,944,25,16,15,56,7.249018151,103,183,17.69464453,9.354197444,6.807198491,7.755309349,512,11,7,4,22,432,14,9,11,34,534,466,109,74,70,33
7,1000,70,5.13,10.3,18,37,6,942,27,16,15,58,7.529176746,97,170,17.93517304,9.662489794,6.575964488,8.452366571,468,14,4,6,24,474,13,12,9,34,492,508,110,60,67,30
6,1000,70,5.13,10.3,18,37,7,946,24,12,18,54,7.458171064,119,179,17.99786573,9.580538703,6.527766902,8.407371269,483,10,6,6,22,463,14,6,12,32,505,495,112,67,86,33
8,1000,70,5.13,10.3,18,37,7,947,28,13,12,53,7.648885763,91,181,17.89009124,9.248579477,7.031982732,8.303947744,492,16,5,2,23,455,12,8,10,30,515,485,112,69,64,27
4,1000,70,5.13,10.3,18,37,7,960,12,12,16,40,7.084828963,88,195,17.96979876,9.21869272,6.067653422,8.130889813,494,5,5,3,13,466,7,7,13,27,507,493,126,69,64,24
5,1000,70,5.13,10.3,18,37,7,936,31,16,17,64,7.220822673,95,174,18.02098454,9.698624778,6.545641584,7.874738215,470,13,6,3,22,466,18,10,14,42,492,508,118,56,71,24
2,1000,70,5.13,10.3,18,37,7,949,17,23,11,51,7.29395947,112,202,18.12611228,9.527702051,6.592712372,7.970408045,474,6,8,3,17,475,11,15,8,34,491,509,124,78,75,37
1,1000,70,5.13,10.3,18,37,8,953,24,11,12,47,7.017253458,100,187,18.03078639,9.401769573,6.547898227,7.496090614,487,12,4,2,18,466,12,7,10,29,505,495,113,74,78,22
3,1000,70,5.13,10.3,18,37,8,944,25,16,15,56,7.24970935,109,169,17.75341641,9.422856916,6.806037202,7.758123355,512,11,7,4,22,432,14,9,11,34,534,466,106,63,71,38
7,1000,70,5.13,10.3,18,37,7,944,27,14,15,56,7.505770449,97,196,18.04346289,9.758721821,6.614436291,8.369031091,468,14,4,6,24,476,13,10,9,32,492,508,120,76,66,31
8,1000,70,5.13,10.3,18,37,8,948,27,13,12,52,7.680910207,82,186,18.02639503,9.347568663,7.066706863,8.33310551,492,16,5,2,23,456,11,8,10,29,515,485,112,74,59,23
6,1000,70,5.13,10.3,18,37,8,946,24,12,18,54,7.459226954,98,189,18.05666973,9.627555052,6.557505626,8.379164875,483,10,6,6,22,463,14,6,12,32,505,495,120,69,69,29
4,1000,70,5.13,10.3,18,37,8,960,13,12,15,40,7.090758819,91,184,18.06670084,9.287793624,6.110989757,8.098350937,494,5,5,3,13,466,8,7,12,27,507,493,128,56,67,24
1,1000,70,5.13,10.3,18,37,9,953,24,11,12,47,7.035523381,94,188,18.09669905,9.452386801,6.539942881,7.541115608,487,12,4,2,18,466,12,7,10,29,505,495,118,70,67,27
5,1000,70,5.13,10.3,18,37,8,940,30,14,16,60,7.17772259,122,170,18.07437893,9.781880904,6.551470601,7.784250107,469,14,6,3,23,471,16,8,13,37,492,508,106,64,92,30
3,1000,70,5.13,10.3,18,37,9,944,26,16,14,56,7.274855434,93,159,17.81030963,9.499765189,6.826409743,7.788739552,512,11,7,4,22,432,15,9,10,34,534,466,92,67,69,24
2,1000,70,5.13,10.3,18,37,8,951,16,22,11,49,7.304065999,99,166,18.23151761,9.619447914,6.62253498,7.961495724,474,6,8,3,17,477,10,14,8,32,491,509,107,59,72,27
7,1000,70,5.13,10.3,18,37,8,947,24,14,15,53,7.509577289,83,183,18.14491318,9.836740557,6.628853069,8.362562164,470,12,4,6,22,477,12,10,9,31,492,508,119,64,58,25
4,1000,70,5.13,10.3,18,37,9,961,12,12,15,39,7.098411855,94,221,18.15858114,9.375198728,6.107210934,8.117760471,494,5,5,3,13,467,7,7,12,26,507,493,144,77,70,24
8,1000,70,5.13,10.3,18,37,9,946,28,13,13,54,7.716397234,91,166,18.09654287,9.392642789,7.11866603,8.351101501,491,17,4,3,24,455,11,9,10,30,515,485,108,58,62,29
6,1000,70,5.13,10.3,18,37,9,947,22,13,18,53,7.442423531,112,209,18.10049965,9.674735393,6.582387884,8.319833635,483,10,6,6,22,464,12,7,12,31,505,495,136,73,80,32
1,1000,70,5.13,10.3,18,37,10,956,24,9,11,44,6.999819747,103,190,18.1547343,9.544611617,6.564984484,7.44343956,488,11,4,2,17,468,13,5,9,27,505,495,130,60,70,33
3,1000,70,5.13,10.3,18,37,10,945,26,15,14,55,7.276886808,101,208,17.88400665,9.550000383,6.841052435,7.77631933,512,11,7,4,22,433,15,8,10,33,534,466,118,90,76,25
2,1000,70,5.13,10.3,18,37,9,951,18,21,10,49,7.305421974,91,166,18.30973653,9.708483682,6.64689425,7.940661881,474,6,8,3,17,477,12,13,7,32,491,509,104,62,64,27
5,1000,70,5.13,10.3,18,37,9,941,30,14,15,59,7.204719191,92,183,18.20586396,9.896324777,6.573791592,7.815775054,469,14,6,3,23,472,16,8,12,36,492,508,131,52,71,21
7,1000,70,5.13,10.3,18,37,9,950,22,14,14,50,7.491778128,111,166,18.27597151,9.93740957,6.68442388,8.273703896,470,12,4,6,22,480,10,10,8,28,492,508,112,54,80,31
4,1000,70,5.13,10.3,18,37,10,962,12,11,15,38,7.146316588,92,191,18.29966288,9.512358214,6.162523943,8.158046548,494,5,5,3,13,468,7,6,12,25,507,493,115,76,64,28
8,1000,70,5.13,10.3,18,37,10,947,27,13,13,53,7.732055686,107,172,18.16361399,9.455040968,7.113641574,8.388722218,491,17,4,3,24,456,10,9,10,29,515,485,116,56,77,30
6,1000,70,5.13,10.3,18,37,10,947,21,14,18,53,7.480487384,96,171,18.21709857,9.770597955,6.668723711,8.308650323,483,9,7,6,22,464,12,7,12,31,505,495,106,65,75,21
3,1000,70,5.13,10.3,18,37,11,945,26,15,14,55,7.304030678,110,183,17.99157716,9.637934553,6.88055222,7.789304275,512,11,7,4,22,433,15,8,10,33,534,466,114,69,79,31
1,1000,70,5.13,10.3,18,37,11,957,23,9,11,43,7.057509668,92,171,18.28732392,9.632586089,6.648068201,7.475222679,488,11,4,2,17,469,12,5,9,26,505,495,108,63,67,25
2,1000,70,5.13,10.3,18,37,10,954,15,20,11,46,7.291823138,114,159,18.43042464,9.801478694,6.650006645,7.91094278,475,4,9,3,16,479,11,11,8,30,491,509,112,47,82,32
5,1000,70,5.13,10.3,18,37,10,941,30,14,15,59,7.221143123,92,179,18.36584587,10.0125759,6.602154675,7.820635871,469,14,6,3,23,472,16,8,12,36,492,508,116,63,64,28
7,1000,70,5.13,10.3,18,37,10,951,21,13,15,49,7.493698259,93,183,18.41731776,10.04206899,6.686953396,8.275033834,470,12,5,5,22,481,9,8,10,27,492,508,122,61,77,16
4,1000,70,5.13,10.3,18,37,11,961,13,11,15,39,7.176613142,104,171,18.36746327,9.556055204,6.179854071,8.201677744,493,6,5,3,14,468,7,6,12,25,507,493,109,62,73,31
8,1000,70,5.13,10.3,18,37,11,949,27,11,13,51,7.694255568,100,177,18.34648496,9.552490426,7.119657197,8.304396106,491,17,4,3,24,458,10,7,10,27,515,485,117,60,69,31
6,1000,70,5.13,10.3,18,37,11,946,21,15,18,54,7.488912863,122,181,18.32075082,9.878279524,6.688078171,8.305926033,482,9,8,6,23,464,12,7,12,31,505,495,116,65,92,30
3,1000,70,5.13,10.3,18,37,12,946,27,14,13,54,7.326595538,111,183,18.11776724,9.726012714,6.945356492,7.763466032,513,11,6,4,21,433,16,8,9,33,534,466,109,74,83,28
1,1000,70,5.13,10.3,18,37,12,957,24,9,10,43,7.072538481,95,187,18.44566357,9.752893306,6.679709262,7.473303644,489,10,4,2,16,468,14,5,8,27,505,495,118,69,71,24
2,1000,70,5.13,10.3,18,37,11,954,16,20,10,46,7.282224605,85,171,18.54206957,9.900554558,6.61704278,7.9238833,475,4,9,3,16,479,12,11,7,30,491,509,107,64,55,30
5,1000,70,5.13,10.3,18,37,11,941,31,13,15,59,7.206588082,105,193,18.4710812,10.1273339,6.618915326,7.77575146,469,14,5,4,23,472,17,8,11,36,492,508,108,85,80,25
7,1000,70,5.13,10.3,18,37,11,951,21,13,15,49,7.484732011,93,183,18.53600251,10.16056569,6.725221968,8.220320477,470,12,5,5,22,481,9,8,10,27,492,508,128,55,69,24
3,1000,70,5.13,10.3,18,37,13,945,29,13,13,55,7.345962744,107,185,18.24254115,9.82348851,6.974659168,7.771447957,511,13,6,4,23,434,16,7,9,32,534,466,109,76,77,30
1,1000,70,5.13,10.3,18,37,13,958,22,9,11,42,7.090176793,104,193,18.62750528,9.87047692,6.698456949,7.48981017,489,9,5,2,16,469,13,4,9,26,505,495,120,73,77,27
4,1000,70,5.13,10.3,18,37,12,962,12,11,15,38,7.166362924,88,188,18.52908765,9.682578913,6.174203854,8.186696896,493,6,5,3,14,469,6,6,12,24,507,493,120,68,64,24
6,1000,70,5.13,10.3,18,37,12,947,21,13,19,53,7.494811304,102,214,18.44526758,9.983102583,6.698500229,8.307209472,482,10,6,7,23,465,11,7,12,30,505,495,139,75,70,32
8,1000,70,5.13,10.3,18,37,12,950,27,10,13,50,7.712611831,94,184,18.47438228,9.629611443,7.186602082,8.271158265,491,17,4,3,24,459,10,6,10,26,515,485,124,60,75,19
2,1000,70,5.13,10.3,18,37,12,954,16,20,10,46,7.311668648,99,215,18.60095575,9.957176993,6.650896228,7.949073871,475,4,9,3,16,479,12,11,7,30,491,509,139,76,77,22
5,1000,70,5.13,10.3,18,37,12,942,29,14,15,58,7.173327828,107,193,18.65717786,10.26016522,6.61401052,7.715028844,470,12,6,4,22,472,17,8,11,36,492,508,127,66,77,30
7,1000,70,5.13,10.3,18,37,12,951,21,13,15,49,7.508679721,95,168,18.6716224,10.28051676,6.753018408,8.240540678,470,12,5,5,22,481,9,8,10,27,492,508,116,52,73,22
3,1000,70,5.13,10.3,18,37,14,946,29,13,12,54,7.342369753,105,156,18.36077314,9.906067913,6.969503017,7.769646227,512,12,6,4,22,434,17,7,8,32,534,466,95,61,65,40
1,1000,70,5.13,10.3,18,37,14,959,22,9,10,41,7.080490115,109,185,18.78182468,9.991453925,6.781697803,7.385318635,487,11,5,2,18,472,11,4,8,23,505,495,120,65,90,19
4,1000,70,5.13,10.3,18,37,13,962,13,11,14,38,7.214130218,101,211,18.6358756,9.772332013,6.20236061,8.25463162,494,5,5,3,13,468,8,6,11,25,507,493,141,70,79,22
6,1000,70,5.13,10.3,18,37,13,949,21,11,19,51,7.5052398,94,212,18.63610657,10.12764893,6.73844819,8.28752215,482,10,6,7,23,467,11,5,12,28,505,495,142,70,73,21
8,1000,70,5.13,10.3,18,37,13,951,26,10,13,49,7.711169292,106,190,18.58777441,9.70770022,7.199657495,8.254320995,492,16,4,3,23,459,10,6,10,26,515,485,122,68,83,23
5,1000,70,5.13,10.3,18,37,13,942,29,14,15,58,7.190447179,96,183,18.836344,10.41385886,6.629891282,7.733347772,470,12,6,4,22,472,17,8,11,36,492,508,124,59,74,22
2,1000,70,5.13,10.3,18,37,13,954,16,19,11,46,7.336976867,119,190,18.75243251,10.05805615,6.707313272,7.944373381,475,4,9,3,16,479,12,10,8,30,491,509,123,67,88,31
3,1000,70,5.13,10.3,18,37,15,947,28,13,12,53,7.343332325,112,188,18.41183592,9.96128701,7.014178073,7.720517669,510,13,7,4,24,437,15,6,8,29,534,466,131,57,79,33
7,1000,70,5.13,10.3,18,37,13,951,21,13,15,49,7.525650981,117,179,18.87362265,10.42470056,6.766463548,8.260926999,470,12,5,5,22,481,9,8,10,27,492,508,125,54,89,28
1,1000,70,5.13,10.3,18,37,15,959,23,9,9,41,7.118477529,121,217,18.95818023,10.11758107,6.832643112,7.410086379,486,12,5,2,19,473,11,4,7,22,505,495,155,62,91,30
4,1000,70,5.13,10.3,18,37,14,961,15,10,14,39,7.225584734,102,188,18.85217332,9.943117032,6.207621456,8.27245569,494,5,5,3,13,467,10,5,11,26,507,493,129,59,75,27
6,1000,70,5.13,10.3,18,37,14,950,19,12,19,50,7.530926304,108,198,18.77793631,10.26135554,6.786647301,8.290241247,482,9,7,7,23,468,10,5,12,27,505,495,124,74,82,26
8,1000,70,5.13,10.3,18,37,14,950,27,10,13,50,7.741419971,91,194,18.73851464,9.830384345,7.249229295,8.264055431,492,16,4,3,23,458,11,6,10,27,515,485,129,65,67,24
5,1000,70,5.13,10.3,18,37,14,943,29,13,15,57,7.205784089,100,174,19.00381029,10.54963706,6.66697296,7.727624789,470,12,6,4,22,473,17,7,11,35,492,508,107,67,72,28
2,1000,70,5.13,10.3,18,37,14,954,15,20,11,46,7.380887837,116,214,18.8730538,10.14347473,6.771578364,7.968650021,475,4,9,3,16,479,11,11,8,30,491,509,136,78,85,31
3,1000,70,5.13,10.3,18,37,16,948,27,14,11,52,7.356036939,112,190,18.44648948,9.999386273,7.052291809,7.704105393,510,13,7,4,24,438,14,7,7,28,534,466,122,68,85,27
1,1000,70,5.13,10.3,18,37,16,960,22,9,9,40,7.134163678,94,194,19.18269236,10.27667176,6.866022691,7.407721654,486,12,5,2,19,474,10,4,7,21,505,495,129,65,81,13
7,1000,70,5.13,10.3,18,37,14,951,22,12,15,49,7.514058767,110,207,19.13770018,10.60605255,6.802749551,8.202964543,469,13,5,5,23,482,9,7,10,26,492,508,139,68,79,31
6,1000,70,5.13,10.3,18,37,15,952,18,12,18,48,7.498367732,116,191,19.0074198,10.44835167,6.784566569,8.226589121,483,9,6,7,22,469,9,6,11,26,505,495,122,69,93,23
4,1000,70,5.13,10.3,18,37,15,961,16,10,13,39,7.234781347,105,218,19.12015183,10.13545486,6.285675415,8.210839577,494,5,5,3,13,467,11,5,10,26,507,493,145,73,81,24
8,1000,70,5.13,10.3,18,37,15,949,30,9,12,51,7.743215649,101,192,18.87624805,9.937334358,7.270545043,8.245123611,492,18,3,2,23,457,12,6,10,28,515,485,131,61,79,22
5,1000,70,5.13,10.3,18,37,15,945,29,13,13,55,7.222235761,111,217,19.16181579,10.67729654,6.728865514,7.700066788,470,12,6,4,22,475,17,7,9,33,492,508,153,64,86,25
2,1000,70,5.13,10.3,18,37,15,953,16,19,12,47,7.398697318,105,207,19.10815038,10.31639702,6.807908811,7.968593501,475,4,8,4,16,478,12,11,8,31,491,509,138,69,82,23
3,1000,70,5.13,10.3,18,37,17,948,27,14,11,52,7.348879777,89,191,18.54687299,10.10342212,7.071644262,7.66657026,510,13,7,4,24,438,14,7,7,28,534,466,135,56,65,24
1,1000,70,5.13,10.3,18,37,17,962,21,9,8,38,7.111293481,105,204,19.3752528,10.41984179,6.849212545,7.378668982,486,13,5,1,19,476,8,4,7,19,505,495,142,62,78,27
7,1000,70,5.13,10.3,18,37,15,950,23,12,15,50,7.54020122,94,199,19.30628099,10.74227951,6.869910768,8.189380162,469,13,5,5,23,481,10,7,10,27,492,508,134,65,75,19
6,1000,70,5.13,10.3,18,37,16,954,16,12,18,46,7.478638464,115,196,19.16249477,10.57269116,6.778318481,8.193106325,483,9,6,7,22,471,7,6,11,24,505,495,133,63,88,27
4,1000,70,5.13,10.3,18,37,16,960,16,11,13,40,7.271691148,103,200,19.30421744,10.27489497,6.340702155,8.229117963,493,5,6,3,14,467,11,5,10,26,507,493,136,64,84,19
8,1000,70,5.13,10.3,18,37,16,950,29,9,12,50,7.767941618,98,194,19.03731762,10.04123067,7.30770677,8.2566446,492,18,3,2,23,458,11,6,10,27,515,485,122,72,77,21
3,1000,70,5.13,10.3,18,37,18,947,28,14,11,53,7.374136143,108,166,18.68271114,10.21568252,7.117305591,7.668444114,510,13,7,4,24,437,15,7,7,29,534,466,110,56,80,28
5,1000,70,5.13,10.3,18,37,16,945,30,12,13,55,7.265964655,91,195,19.314868,10.78736909,6.791666516,7.725324269,470,12,5,5,22,475,18,7,8,33,492,508,135,60,69,22
1,1000,70,5.13,10.3,18,37,18,961,21,9,9,39,7.160936756,114,197,19.60585508,10.56475512,6.931339677,7.395172159,485,13,5,2,20,476,8,4,7,19,505,495,143,54,87,27
2,1000,70,5.13,10.3,18,37,16,954,15,19,12,46,7.389243007,120,202,19.2009874,10.41886712,6.802909252,7.954841972,475,4,8,4,16,479,11,11,8,30,491,509,135,67,80,40
7,1000,70,5.13,10.3,18,37,16,952,24,11,13,48,7.519080425,128,217,19.53561141,10.88127296,6.891231337,8.127154738,469,13,5,5,23,483,11,6,8,25,492,508,142,75,104,24
6,1000,70,5.13,10.3,18,37,17,953,17,12,18,47,7.505738857,111,206,19.50058612,10.80910823,6.812861331,8.21261391,482,10,6,7,23,471,7,6,11,24,505,495,138,68,91,20
4,1000,70,5.13,10.3,18,37,17,961,16,10,13,39,7.299311254,115,199,19.49417204,10.37078072,6.362744371,8.262474357,493,5,6,3,14,468,11,4,10,25,507,493,140,59,88,27
8,1000,70,5.13,10.3,18,37,17,953,29,6,12,47,7.784967878,104,180,19.17158761,10.13906799,7.317886053,8.280941362,493,18,2,2,22,460,11,4,10,25,515,485,118,62,73,31
3,1000,70,5.13,10.3,18,37,19,947,28,15,10,53,7.404616785,116,181,18.80415719,10.31917003,7.188832241,7.651889202,510,12,8,4,24,437,16,7,6,29,534,466,128,53,80,36
1,1000,70,5.13,10.3,18,37,19,960,22,9,9,40,7.175926056,103,229,19.75612686,10.68139409,6.947736438,7.408725564,485,13,5,2,20,475,9,4,7,20,505,495,167,62,80,23
5,1000,70,5.13,10.3,18,37,17,946,29,12,13,54,7.304452867,98,196,19.46827074,10.90131428,6.833032013,7.76102582,470,12,5,5,22,476,17,7,8,32,492,508,125,71,76,22
2,1000,70,5.13,10.3,18,37,17,955,14,19,12,45,7.386621605,124,207,19.39319619,10.55595928,6.79221496,7.960007975,476,4,7,4,15,479,10,12,8,30,491,509,140,67,96,28
7,1000,70,5.13,10.3,18,37,17,952,24,11,13,48,7.529834549,109,212,19.78315128,11.07215078,6.920303014,8.120168241,469,13,5,5,23,483,11,6,8,25,492,508,147,65,80,29
6,1000,70,5.13,10.3,18,37,18,954,17,12,17,46,7.518254497,113,190,19.75363752,10.96994984,6.868564452,8.181069593,482,10,6,7,23,472,7,6,10,23,505,495,127,63,76,37
4,1000,70,5.13,10.3,18,37,18,961,16,10,13,39,7.316148816,116,210,19.74240035,10.5329971,6.375749222,8.283253469,493,5,6,3,14,468,11,4,10,25,507,493,138,72,86,30
3,1000,70,5.13,10.3,18,37,20,951,26,13,10,49,7.377394604,113,210,18.96090981,10.43331878,7.219182249,7.55869374,511,11,7,5,23,440,15,6,5,26,534,466,144,66,89,24
8,1000,70,5.13,10.3,18,37,18,952,28,8,12,48,7.800443644,114,210,19.32420211,10.25368484,7.329724314,8.300279633,493,18,2,2,22,459,10,6,10,26,515,485,144,66,90,24
1,1000,70,5.13,10.3,18,37,20,960,22,9,9,40,7.20361197,112,201,19.98562432,10.8469293,6.975218373,7.436619578,486,12,5,2,19,474,10,4,7,21,505,495,144,57,90,22
5,1000,70,5.13,10.3,18,37,18,946,29,12,13,54,7.331258947,112,221,19.68215095,11.07437799,6.851042649,7.796350322,470,12,5,5,22,476,17,7,8,32,492,508,159,62,83,29
2,1000,70,5.13,10.3,18,37,18,956,13,19,12,44,7.401232579,115,205,19.54531898,10.67985561,6.815910651,7.9658555,476,4,7,4,15,480,9,12,8,29,491,509,146,59,83,32
6,1000,70,5.13,10.3,18,37,19,953,19,11,17,47,7.493846561,110,211,20.04119301,11.15249511,6.823505309,8.17773006,482,11,5,7,23,471,8,6,10,24,505,495,131,80,81,29
7,1000,70,5.13,10.3,18,37,18,950,26,11,13,50,7.52521843,127,184,20.0201633,11.21613137,6.943613634,8.088504965,468,14,5,5,24,482,12,6,8,26,492,508,125,59,100,27
4,1000,70,5.13,10.3,18,37,19,961,16,10,13,39,7.339099919,107,211,20.02904577,10.72515146,6.416687648,8.287706454,492,6,6,3,15,469,10,4,10,24,507,493,139,72,82,25
1,1000,70,5.13,10.3,18,37,21,962,20,9,9,38,7.18397788,110,207,20.1543931,10.96295162,7.006656199,7.364881817,486,12,5,2,19,476,8,4,7,19,505,495,157,50,87,23
3,1000,70,5.13,10.3,18,37,21,951,26,13,10,49,7.388303967,125,196,19.06672735,10.53267512,7.275240268,7.517866233,511,11,7,5,23,440,15,6,5,26,534,466,136,60,93,32
8,1000,70,5.13,10.3,18,37,19,953,27,8,12,47,7.794807095,112,201,19.48091926,10.36146237,7.372182397,8.243573527,493,17,3,2,22,460,10,5,10,25,515,485,134,67,88,24
5,1000,70,5.13,10.3,18,37,19,949,28,10,13,51,7.312243717,111,213,19.94082278,11.23285688,6.880995468,7.729909344,470,12,5,5,22,479,16,5,8,29,492,508,155,58,96,15
2,1000,70,5.13,10.3,18,37,19,959,12,17,12,41,7.397935515,105,222,19.73885792,10.82584134,6.885851281,7.891910679,476,4,7,4,15,483,8,10,8,26,491,509,156,66,81,24
6,1000,70,5.13,10.3,18,37,20,954,18,11,17,46,7.501937153,132,221,20.2699676,11.30123476,6.854133777,8.162827467,483,10,5,7,22,471,8,6,10,24,505,495,149,72,111,21
7,1000,70,5.13,10.3,18,37,19,950,26,11,13,50,7.528912436,126,217,20.24818221,11.37620127,6.973564068,8.066769518,468,14,5,5,24,482,12,6,8,26,492,508,156,61,106,20
1,1000,70,5.13,10.3,18,37,22,961,21,9,9,39,7.224173283,120,195,20.38965793,11.12464437,7.062660806,7.388948638,485,13,5,2,20,476,8,4,7,19,505,495,142,53,90,30
3,1000,70,5.13,10.3,18,37,22,951,26,13,10,49,7.412204246,131,208,19.2035176,10.61653606,7.300785389,7.539881648,510,12,7,5,24,441,14,6,5,25,534,466,143,65,103,28
4,1000,70,5.13,10.3,18,37,20,961,16,11,12,39,7.331110603,124,209,20.35028102,10.89430948,6.460361933,8.226586415,492,6,6,3,15,469,10,5,9,24,507,493,137,72,98,26
8,1000,70,5.13,10.3,18,37,20,954,26,9,11,46,7.774247782,119,198,19.67571504,10.52419139,7.385057547,8.18751164,494,16,3,2,21,460,10,6,9,25,515,485,139,59,89,30
5,1000,70,5.13,10.3,18,37,20,950,27,10,13,50,7.332274866,116,223,20.1379925,11.40177642,6.937470202,7.714644737,470,12,5,5,22,480,15,5,8,28,492,508,163,60,98,18
2,1000,70,5.13,10.3,18,37,20,959,13,18,10,41,7.419376888,102,193,19.96401837,11.0141919,6.963491204,7.859140878,476,4,7,4,15,483,9,11,6,26,491,509,129,64,76,26
6,1000,70,5.13,10.3,18,37,21,954,16,13,17,46,7.535604122,130,217,20.45098477,11.42209132,6.899359349,8.184702326,483,10,5,7,22,471,6,8,10,24,505,495,154,63,99,31
1,1000,70,5.13,10.3,18,37,23,961,21,9,9,39,7.238349579,123,214,20.64496579,11.32251759,7.108970193,7.370342689,484,13,6,2,21,477,8,3,7,18,505,495,148,66,101,22
3,1000,70,5.13,10.3,18,37,23,952,26,12,10,48,7.412708833,112,210,19.37640909,10.75288669,7.330550861,7.506855522,510,12,7,5,24,442,14,5,5,24,534,466,141,69,88,24
7,1000,70,5.13,10.3,18,37,20,950,26,11,13,50,7.540362623,128,198,20.41783242,11.50375561,7.001377138,8.062372188,468,14,5,5,24,482,12,6,8,26,492,508,130,68,96,32
4,1000,70,5.13,10.3,18,37,21,961,16,11,12,39,7.366278381,118,208,20.71064638,11.11762762,6.488362958,8.269124465,492,6,6,3,15,469,10,5,9,24,507,493,157,51,94,24
5,1000,70,5.13,10.3,18,37,21,950,27,10,13,50,7.354203797,133,212,20.33958663,11.55971476,6.966142396,7.730042792,470,12,5,5,22,480,15,5,8,28,492,508,152,60,100,33
8,1000,70,5.13,10.3,18,37,21,954,26,8,12,46,7.806087045,95,218,19.87793567,10.64833577,7.415275788,8.221072194,494,16,3,2,21,460,10,5,10,25,515,485,163,55,80,15
1,1000,70,5.13,10.3,18,37,24,961,21,9,9,39,7.241077633,123,232,20.87928605,11.47962955,7.138202564,7.346030985,484,13,6,2,21,477,8,3,7,18,505,495,163,69,103,20
3,1000,70,5.13,10.3,18,37,24,952,26,12,10,48,7.417960528,114,194,19.64411283,10.95650449,7.378275922,7.463436021,510,12,7,5,24,442,14,5,5,24,534,466,138,56,89,25
2,1000,70,5.13,10.3,18,37,21,957,15,18,10,43,7.451446807,104,186,20.17562696,11.17476502,6.983685088,7.902666855,475,5,7,4,16,482,10,11,6,27,491,509,136,50,81,23
6,1000,70,5.13,10.3,18,37,22,955,15,13,17,45,7.544758894,108,208,20.72749971,11.60313938,6.904269019,8.198187959,484,9,5,7,21,471,6,8,10,24,505,495,152,56,84,24
7,1000,70,5.13,10.3,18,37,21,950,27,10,13,50,7.558474677,96,217,20.66304931,11.66276655,7.005260415,8.094264868,468,14,5,5,24,482,13,5,8,26,492,508,159,58,73,23
5,1000,70,5.13,10.3,18,37,22,952,25,10,13,48,7.316822223,136,206,20.61428541,11.7431746,6.97972456,7.643302637,470,12,5,5,22,482,13,5,8,26,492,508,154,52,114,22
4,1000,70,5.13,10.3,18,37,22,962,16,10,12,38,7.355061171,117,231,21.06499262,11.34306818,6.52623026,8.207428862,492,6,6,3,15,470,10,4,9,23,507,493,165,66,97,20
3,1000,70,5.13,10.3,18,37,25,952,26,12,10,48,7.456433326,118,190,19.87054301,11.10895606,7.453489431,7.459806802,510,12,7,5,24,442,14,5,5,24,534,466,135,55,92,26
1,1000,70,5.13,10.3,18,37,25,960,22,9,9,40,7.252615322,130,222,21.27166251,11.76917103,7.175318502,7.331473695,484,13,6,2,21,476,9,3,7,19,505,495,172,50,102,28
8,1000,70,5.13,10.3,18,37,22,957,25,7,11,43,7.768066078,115,182,20.09687646,10.79776991,7.427087398,8.130136223,494,16,3,2,21,463,9,4,9,22,515,485,132,50,96,19
6,1000,70,5.13,10.3,18,37,23,955,15,13,17,45,7.572945955,146,201,20.96164825,11.77133219,6.941578772,8.217068031,484,9,5,7,21,471,6,8,10,24,505,495,145,56,111,35
2,1000,70,5.13,10.3,18,37,22,958,16,17,9,42,7.426178049,121,213,20.38807887,11.32388745,7.026612826,7.811613265,475,5,7,4,16,483,11,10,5,26,491,509,157,56,102,19
5,1000,70,5.13,10.3,18,37,23,953,23,11,13,47,7.328950657,126,207,20.91536795,11.95322317,6.983597657,7.663426397,470,12,5,5,22,483,11,6,8,25,492,508,164,43,96,30
3,1000,70,5.13,10.3,18,37,26,950,27,13,10,50,7.489574605,111,195,20.12570919,11.32365249,7.50244845,7.474822174,509,12,8,5,25,441,15,5,5,25,534,466,138,57,89,22
1,1000,70,5.13,10.3,18,37,26,960,22,9,9,40,7.263890566,120,240,21.67900563,12.03997036,7.181475223,7.347970864,484,13,6,2,21,476,9,3,7,19,505,495,186,54,87,33
7,1000,70,5.13,10.3,18,37,22,948,28,11,13,52,7.613041381,138,201,21.0545915,11.89060686,7.085810269,8.123666789,468,14,5,5,24,480,14,6,8,28,492,508,151,50,121,17
4,1000,70,5.13,10.3,18,37,23,963,16,9,12,37,7.361783463,110,208,21.66247447,11.70792367,6.562151977,8.184122537,492,6,6,3,15,471,10,3,9,22,507,493,161,47,96,14
6,1000,70,5.13,10.3,18,37,24,956,14,13,17,44,7.596104125,115,208,21.21799348,11.95223824,6.982123134,8.222488772,484,9,5,7,21,472,5,8,10,23,505,495,148,60,92,23
8,1000,70,5.13,10.3,18,37,23,958,24,7,11,42,7.799752927,107,209,20.28624507,10.91813071,7.456246858,8.164506793,494,16,3,2,21,464,8,4,9,21,515,485,153,56,84,23
3,1000,70,5.13,10.3,18,37,27,949,29,13,9,51,7.47041673,122,216,20.42257701,11.54085374,7.535769801,7.395527161,508,13,8,5,26,441,16,5,4,25,534,466,152,64,93,29
1,1000,70,5.13,10.3,18,37,27,960,22,9,9,40,7.278108072,119,215,22.05451168,12.24672526,7.204102292,7.353608918,484,13,6,2,21,476,9,3,7,19,505,495,158,57,103,16
5,1000,70,5.13,10.3,18,37,24,955,22,10,13,45,7.355372917,127,201,21.14185427,12.11028167,7.054092838,7.647163859,470,12,5,5,22,485,10,5,8,23,492,508,155,46,110,17
2,1000,70,5.13,10.3,18,37,23,957,17,17,9,43,7.439573265,117,187,20.63296842,11.46514309,7.064945579,7.800952821,474,6,7,4,17,483,11,10,5,26,491,509,141,46,97,20
6,1000,70,5.13,10.3,18,37,25,956,14,14,16,44,7.578810141,128,219,21.48233242,12.14687904,6.989461105,8.180065217,484,9,5,7,21,472,5,9,9,23,505,495,174,45,101,27
7,1000,70,5.13,10.3,18,37,23,950,27,10,13,50,7.625770089,123,203,21.48975311,12.11903513,7.173357031,8.063933917,468,14,5,5,24,482,13,5,8,26,492,508,138,65,105,18
4,1000,70,5.13,10.3,18,37,24,960,19,9,12,40,7.402505135,129,221,22.27194402,12.06154024,6.590566786,8.237500558,491,7,6,3,16,469,12,3,9,24,507,493,171,50,110,19
3,1000,70,5.13,10.3,18,37,28,950,27,14,9,50,7.441722428,122,209,20.68845394,11.74859354,7.52610922,7.345021682,508,12,9,5,26,442,15,5,4,24,534,466,156,53,101,21
5,1000,70,5.13,10.3,18,37,25,955,22,10,13,45,7.394790013,120,231,21.49800367,12.38574443,7.090560572,7.689437425,470,12,5,5,22,485,10,5,8,23,492,508,185,46,96,24
1,1000,70,5.13,10.3,18,37,28,961,22,7,10,39,7.273734632,135,234,22.41098946,12.46866421,7.205162939,7.343691611,485,12,6,2,20,476,10,1,8,19,505,495,187,47,104,31
8,1000,70,5.13,10.3,18,37,24,957,26,7,10,43,7.822950157,114,201,20.41842185,11.00287832,7.509261048,8.156042717,493,17,3,2,22,464,9,4,8,21,515,485,135,66,86,28
6,1000,70,5.13,10.3,18,37,26,958,14,12,16,42,7.535357485,135,232,21.7695579,12.3084852,6.996455139,8.085146748,484,9,5,7,21,474,5,7,9,21,505,495,173,59,109,26
3,1000,70,5.13,10.3,18,37,29,951,26,13,10,49,7.461741029,133,216,21.13400164,12.05017221,7.592861215,7.311487427,508,12,9,5,26,443,14,4,5,23,534,466,161,55,97,36
2,1000,70,5.13,10.3,18,37,24,957,17,17,9,43,7.453879258,123,208,20.9455107,11.72559693,7.078433882,7.816047588,474,6,7,4,17,483,11,10,5,26,491,509,165,43,101,22
1,1000,70,5.13,10.3,18,37,29,964,21,5,10,36,7.291847202,123,222,22.89817222,12.76503801,7.216320606,7.368899587,487,12,4,2,18,477,9,1,8,18,505,495,181,41,99,24
5,1000,70,5.13,10.3,18,37,26,955,23,9,13,45,7.373222111,120,211,21.8131344,12.57923595,7.090048507,7.64747686,469,13,5,5,23,486,10,4,8,22,492,508,167,44,101,19
7,1000,70,5.13,10.3,18,37,24,951,27,9,13,49,7.631845438,133,207,21.97858422,12.37581213,7.216241391,8.034359595,468,14,5,5,24,483,13,4,8,25,492,508,159,48,110,23
4,1000,70,5.13,10.3,18,37,25,960,19,9,12,40,7.416427194,123,217,22.9359914,12.45489054,6.649479896,8.205153929,491,7,6,3,16,469,12,3,9,24,507,493,163,54,104,19
6,1000,70,5.13,10.3,18,37,27,958,15,11,16,42,7.54080774,140,223,22.11329952,12.49888941,7.046831752,8.044763041,484,9,5,7,21,474,6,6,9,21,505,495,167,56,114,26
8,1000,70,5.13,10.3,18,37,25,957,26,7,10,43,7.871918684,115,235,20.61000559,11.14363132,7.551913651,8.211717843,493,17,3,2,22,464,9,4,8,21,515,485,175,60,91,24
3,1000,70,5.13,10.3,18,37,30,951,26,13,10,49,7.461615613,130,219,21.43962876,12.26214381,7.623004664,7.276676229,507,13,9,5,27,444,13,4,5,22,534,466,164,55,108,22
1,1000,70,5.13,10.3,18,37,30,965,21,4,10,35,7.290468866,127,247,23.38074647,13.0830221,7.257186296,7.32442381,487,12,4,2,18,478,9,0,8,17,505,495,186,61,102,25
2,1000,70,5.13,10.3,18,37,25,957,18,17,8,43,7.463867874,114,214,21.32385518,12.01544615,7.106076853,7.809006168,474,7,7,3,17,483,11,10,5,26,491,509,167,47,95,19
5,1000,70,5.13,10.3,18,37,27,956,24,8,12,44,7.330271124,124,209,22.13080976,12.81260165,7.056637561,7.595286307,469,14,5,4,23,487,10,3,8,21,492,508,161,48,101,23
7,1000,70,5.13,10.3,18,37,25,950,28,9,13,50,7.652305947,130,190,22.48778882,12.63961036,7.298451928,7.995014958,466,16,5,5,26,484,12,4,8,24,492,508,153,37,108,22
4,1000,70,5.13,10.3,18,37,26,961,18,10,11,39,7.422093181,122,241,24.10813492,13.0319135,6.687772084,8.17726721,491,7,6,3,16,470,11,4,8,23,507,493,181,60,101,21
6,1000,70,5.13,10.3,18,37,28,958,15,11,16,42,7.525880501,130,227,22.43363516,12.70491765,7.064155361,7.996933421,484,9,5,7,21,474,6,6,9,21,505,495,167,60,111,19
3,1000,70,5.13,10.3,18,37,31,952,25,13,10,48,7.491847677,114,229,21.82821604,12.51073801,7.642652865,7.319036582,507,13,9,5,27,445,12,4,5,21,534,466,181,48,90,24
8,1000,70,5.13,10.3,18,37,26,954,30,7,9,46,7.875197221,120,210,20.82995915,11.29785411,7.584811855,8.183544569,491,19,3,2,24,463,11,4,7,22,515,485,162,48,98,22
1,1000,70,5.13,10.3,18,37,31,966,20,4,10,34,7.285033808,133,235,24.13382412,13.53583402,7.284954725,7.285114489,487,12,4,2,18,479,8,0,8,16,505,495,181,54,116,17
2,1000,70,5.13,10.3,18,37,26,958,18,16,8,42,7.470691071,126,202,21.57104454,12.18553926,7.189295674,7.742135352,474,7,7,3,17,484,11,9,5,25,491,509,150,52,101,25
5,1000,70,5.13,10.3,18,37,28,955,25,8,12,45,7.377928761,131,226,22.42831039,13.07563365,7.153388544,7.595396845,469,14,5,4,23,486,11,3,8,22,492,508,179,47,115,16
7,1000,70,5.13,10.3,18,37,26,952,28,8,12,48,7.664621893,144,239,22.95737915,12.89143136,7.338191407,7.980771103,468,15,4,5,24,484,13,4,7,24,492,508,186,53,121,23
3,1000,70,5.13,10.3,18,37,32,953,23,14,10,47,7.502707916,149,213,22.32166469,12.88590499,7.639033073,7.346489819,508,11,10,5,26,445,12,4,5,21,534,466,162,51,124,25
4,1000,70,5.13,10.3,18,37,27,962,17,10,11,38,7.427925731,127,236,25.37997755,13.68736333,6.721120124,8.154802897,491,7,6,3,16,471,10,4,8,22,507,493,181,55,105,22
6,1000,70,5.13,10.3,18,37,29,959,16,11,14,41,7.528439114,147,258,22.7369206,12.90030004,7.115742575,7.949472958,483,10,5,7,22,476,6,6,7,19,505,495,196,62,123,24
8,1000,70,5.13,10.3,18,37,27,955,30,7,8,45,7.874198406,136,216,21.07151545,11.45357494,7.594148521,8.171570964,491,19,3,2,24,464,11,4,6,21,515,485,157,59,114,22
1,1000,70,5.13,10.3,18,37,32,966,20,4,10,34,7.270709236,136,235,24.91387083,14.04613881,7.289909445,7.251121144,487,12,4,2,18,479,8,0,8,16,505,495,190,45,118,18
2,1000,70,5.13,10.3,18,37,27,957,19,16,8,43,7.468459791,125,236,22.03040918,12.45763476,7.218964833,7.709131744,474,7,7,3,17,483,12,9,5,26,491,509,171,65,104,21
5,1000,70,5.13,10.3,18,37,29,955,26,8,11,45,7.366907819,139,248,22.72501787,13.30444468,7.194872508,7.533524695,469,14,5,4,23,486,12,3,7,22,492,508,191,57,127,12
7,1000,70,5.13,10.3,18,37,27,952,28,8,12,48,7.688679794,127,218,23.4518598,13.19300004,7.430984538,7.938258664,467,15,5,5,25,485,13,3,7,23,492,508,175,43,110,17
4,1000,70,5.13,10.3,18,37,28,962,17,10,11,38,7.427664985,139,227,26.77609453,14.42378553,6.751582896,8.12294616,491,7,6,3,16,471,10,4,8,22,507,493,177,50,118,21
3,1000,70,5.13,10.3,18,37,33,953,23,14,10,47,7.49319016,147,229,22.66834293,13.15017448,7.690871207,7.266662952,507,12,10,5,27,446,11,4,5,20,534,466,177,52,129,18
8,1000,70,5.13,10.3,18,37,28,955,31,7,7,45,7.878449837,107,226,21.33704388,11.65048024,7.612274655,8.161089463,491,20,3,1,24,464,11,4,6,21,515,485,172,54,87,20
6,1000,70,5.13,10.3,18,37,30,959,15,11,15,41,7.54192586,111,234,22.9806311,13.07082314,7.171196394,7.92014481,483,9,5,8,22,476,6,6,7,19,505,495,183,51,94,17
1,1000,70,5.13,10.3,18,37,33,965,21,4,10,35,7.308347387,138,244,25.47801825,14.4317971,7.361138122,7.254490171,486,13,4,2,19,479,8,0,8,16,505,495,204,40,121,17
2,1000,70,5.13,10.3,18,37,28,957,19,16,8,43,7.514490731,130,243,22.51723623,12.75673697,7.277191934,7.743397821,474,7,7,3,17,483,12,9,5,26,491,509,175,68,109,21
5,1000,70,5.13,10.3,18,37,30,955,25,8,12,45,7.39744539,133,202,23.0147355,13.51503507,7.249788656,7.540451519,469,13,5,5,23,486,12,3,7,22,492,508,164,38,113,20
7,1000,70,5.13,10.3,18,37,28,952,28,8,12,48,7.67620388,133,215,23.95170017,13.46555068,7.435218886,7.909598796,467,15,5,5,25,485,13,3,7,23,492,508,172,43,113,20
3,1000,70,5.13,10.3,18,37,34,953,23,13,11,47,7.485300451,132,224,23.05207323,13.38447934,7.732344391,7.202207181,507,12,10,5,27,446,11,3,6,20,534,466,177,47,114,18
4,1000,70,5.13,10.3,18,37,29,963,17,8,12,37,7.444476111,141,244,28.0375071,15.07769295,6.804927404,8.102186444,491,7,5,4,16,472,10,3,8,21,507,493,195,49,126,15
8,1000,70,5.13,10.3,18,37,29,953,32,8,7,47,7.892067104,126,229,21.61588646,11.83208305,7.660119871,8.138361588,489,21,4,1,26,464,11,4,6,21,515,485,179,50,109,17
1,1000,70,5.13,10.3,18,37,34,965,21,4,10,35,7.314234008,150,241,26.2386089,14.89507717,7.390690489,7.236232952,486,13,4,2,19,479,8,0,8,16,505,495,194,47,137,13
6,1000,70,5.13,10.3,18,37,31,960,14,11,15,40,7.575108858,128,234,23.32479087,13.35893689,7.194121401,7.963793031,483,9,5,8,22,477,5,6,7,18,505,495,186,48,106,22
2,1000,70,5.13,10.3,18,37,29,959,19,14,8,41,7.505655488,130,230,22.98385479,13.05706864,7.302459029,7.701666218,474,7,7,3,17,485,12,7,5,24,491,509,179,51,109,21
5,1000,70,5.13,10.3,18,37,31,956,25,8,11,44,7.428137114,142,214,23.40044912,13.76404364,7.296098073,7.556017444,469,13,5,5,23,487,12,3,6,21,492,508,166,48,120,22
3,1000,70,5.13,10.3,18,37,35,954,23,13,10,46,7.503352255,150,221,23.51809884,13.66594175,7.810391241,7.151509298,507,12,10,5,27,447,11,3,5,19,534,466,173,48,129,21
7,1000,70,5.13,10.3,18,37,29,952,27,8,13,48,7.694923101,139,227,24.46783109,13.75877151,7.481204877,7.901910042,467,14,5,6,25,485,13,3,7,23,492,508,180,47,120,19
4,1000,70,5.13,10.3,18,37,30,963,18,7,12,37,7.453839802,147,243,29.2870738,15.67865539,6.867628279,8.056698305,491,7,5,4,16,472,11,2,8,21,507,493,187,56,125,22
1,1000,70,5.13,10.3,18,37,35,965,21,4,10,35,7.320475215,155,255,26.80782419,15.29603619,7.398441602,7.24093375,486,13,4,2,19,479,8,0,8,16,505,495,202,53,133,22
6,1000,70,5.13,10.3,18,37,32,960,14,11,15,40,7.542267308,148,237,23.687122,13.58034675,7.224432449,7.866523074,483,9,5,8,22,477,5,6,7,18,505,495,193,44,128,20
8,1000,70,5.13,10.3,18,37,30,954,32,7,7,46,7.908333168,121,215,21.96425226,12.04706822,7.715297012,8.113309705,489,22,3,1,26,465,10,4,6,20,515,485,176,39,106,15
2,1000,70,5.13,10.3,18,37,30,957,22,13,8,43,7.556201105,147,232,23.41773798,13.31758177,7.371768069,7.734111952,474,7,7,3,17,483,15,6,5,26,491,509,178,54,126,21
3,1000,70,5.13,10.3,18,37,36,955,24,12,9,45,7.48503457,125,220,23.97322855,13.94070145,7.828799465,7.091106557,507,12,10,5,27,448,12,2,4,18,534,466,183,37,113,12
5,1000,70,5.13,10.3,18,37,32,955,25,8,12,45,7.4719159,158,230,23.82261079,14.03963857,7.353911877,7.586203262,468,13,5,6,24,487,12,3,6,21,492,508,193,37,136,22
7,1000,70,5.13,10.3,18,37,30,952,27,8,13,48,7.711112089,139,220,25.10214023,14.10576875,7.512784635,7.903193009,467,14,5,6,25,485,13,3,7,23,492,508,169,51,116,23
1,1000,70,5.13,10.3,18,37,36,963,23,4,10,37,7.313634126,151,258,27.42147683,15.74744992,7.439522807,7.18520224,484,15,4,2,21,479,8,0,8,16,505,495,202,56,124,27
4,1000,70,5.13,10.3,18,37,31,963,18,7,12,37,7.480706667,157,221,31.10594485,16.57788999,6.899514567,8.078403207,491,7,5,4,16,472,11,2,8,21,507,493,177,44,133,24
6,1000,70,5.13,10.3,18,37,33,960,14,11,15,40,7.543559177,151,238,24.07795767,13.84606925,7.241146074,7.852081635,483,9,5,8,22,477,5,6,7,18,505,495,191,47,124,27
8,1000,70,5.13,10.3,18,37,31,954,33,7,6,46,7.890663845,138,224,22.31077361,12.25525095,7.726815163,8.064647497,489,22,3,1,26,465,11,4,5,20,515,485,177,47,109,29
3,1000,70,5.13,10.3,18,37,37,954,25,12,9,46,7.500206638,141,262,24.59754902,14.35859351,7.843290024,7.107059582,507,12,10,5,27,447,13,2,4,19,534,466,204,58,118,23
5,1000,70,5.13,10.3,18,37,33,954,26,8,12,46,7.50298706,135,242,24.3496775,14.39749851,7.39645936,7.606159555,468,13,5,6,24,486,13,3,6,22,492,508,196,46,116,19
2,1000,70,5.13,10.3,18,37,31,956,22,14,8,44,7.572987162,119,254,23.98358647,13.65352505,7.404018242,7.735980757,473,8,7,3,18,483,14,7,5,26,491,509,190,64,105,14
1,1000,70,5.13,10.3,18,37,37,964,22,4,10,36,7.345834176,157,261,28.08945278,16.17874885,7.487936387,7.200861213,484,15,4,2,21,480,7,0,8,15,505,495,205,56,140,17
7,1000,70,5.13,10.3,18,37,31,952,28,8,12,48,7.701759066,137,218,25.57289253,14.33296299,7.534905325,7.863357572,467,14,5,6,25,485,14,3,6,23,492,508,163,55,117,20
4,1000,70,5.13,10.3,18,37,32,963,18,7,12,37,7.505217258,144,244,33.47783341,17.63693386,6.939217238,8.087290301,491,7,5,4,16,472,11,2,8,21,507,493,189,55,122,22
6,1000,70,5.13,10.3,18,37,34,960,15,11,14,40,7.537996579,137,250,24.59187507,14.2184806,7.299773121,7.781032632,483,10,4,8,22,477,5,7,6,18,505,495,201,49,118,19
8,1000,70,5.13,10.3,18,37,32,954,34,6,6,46,7.909221334,121,215,22.66664577,12.47971255,7.751803354,8.076376508,488,23,3,1,27,466,11,3,5,19,515,485,168,47,108,13
3,1000,70,5.13,10.3,18,37,38,954,25,12,9,46,7.473739648,119,240,25.22454797,14.7785886,7.845861527,7.047316723,507,12,10,5,27,447,13,2,4,19,534,466,186,54,105,14
1,1000,70,5.13,10.3,18,37,38,964,21,5,10,36,7.386815056,156,251,28.97640547,16.75007053,7.587756178,7.181814517,484,15,4,2,21,480,6,1,8,15,505,495,212,39,138,18
5,1000,70,5.13,10.3,18,37,34,955,25,7,13,45,7.521965062,144,249,24.72814495,14.64518845,7.45231536,7.589421073,468,13,4,7,24,487,12,3,6,21,492,508,210,39,126,18
2,1000,70,5.13,10.3,18,37,32,957,21,15,7,43,7.577121184,131,238,24.69253856,14.06728357,7.406449548,7.741757281,473,8,7,3,18,484,13,8,4,25,491,509,198,40,112,19
7,1000,70,5.13,10.3,18,37,32,953,27,8,12,47,7.709167019,154,239,26.10085169,14.6220679,7.620624609,7.794920693,467,14,5,6,25,486,13,3,6,22,492,508,192,47,131,23
6,1000,70,5.13,10.3,18,37,35,959,17,11,13,41,7.541182178,139,238,25.03016558,14.54395488,7.321653938,7.765145332,482,12,4,7,23,477,5,7,6,18,505,495,189,49,120,19
4,1000,70,5.13,10.3,18,37,33,962,18,8,12,38,7.544449006,154,267,34.46029186,18.29450723,7.000336142,8.10401335,491,7,5,4,16,471,11,3,8,22,507,493,210,57,131,23
3,1000,70,5.13,10.3,18,37,39,954,25,12,9,46,7.45927317,147,249,25.84378916,15.17492729,7.869939453,6.988681335,507,12,10,5,27,447,13,2,4,19,534,466,204,45,132,15
8,1000,70,5.13,10.3,18,37,33,951,36,7,6,49,7.916663436,144,259,23.02440629,12.69066327,7.782024225,8.059630846,486,24,4,1,29,465,12,3,5,20,515,485,203,56,120,24
1,1000,70,5.13,10.3,18,37,39,964,22,5,9,36,7.371157791,145,281,29.85769923,17.26313952,7.604907402,7.132685966,484,15,4,2,21,480,7,1,7,15,505,495,238,43,126,19
5,1000,70,5.13,10.3,18,37,35,954,27,6,13,46,7.517602526,151,262,25.22563282,15.00520653,7.466756238,7.566847357,467,14,4,7,25,487,13,2,6,21,492,508,211,51,129,22
2,1000,70,5.13,10.3,18,37,33,955,23,15,7,45,7.589996416,146,248,25.37270536,14.50200953,7.453070954,7.72207972,471,10,7,3,20,484,13,8,4,25,491,509,200,48,120,26
7,1000,70,5.13,10.3,18,37,33,955,26,7,12,45,7.690115218,159,246,26.73447586,14.98479888,7.695513927,7.684886547,466,15,5,6,26,489,11,2,6,19,492,508,200,46,137,22
4,1000,70,5.13,10.3,18,37,34,963,17,8,12,37,7.538971567,155,225,35.96994431,19.13731593,7.058878597,8.032698009,491,7,5,4,16,472,10,3,8,21,507,493,188,37,135,20
6,1000,70,5.13,10.3,18,37,36,959,17,11,13,41,7.533363713,139,254,25.50459948,14.93427325,7.355696853,7.714619802,482,12,4,7,23,477,5,7,6,18,505,495,198,56,120,19
3,1000,70,5.13,10.3,18,37,40,953,26,12,9,47,7.501226383,152,236,26.53207486,15.61869018,7.925839493,7.014652561,506,13,10,5,28,447,13,2,4,19,534,466,195,41,129,23
1,1000,70,5.13,10.3,18,37,40,964,23,5,8,36,7.402227419,158,256,30.92649056,17.95105418,7.654253682,7.145109716,484,15,4,2,21,480,8,1,6,15,505,495,216,40,143,15
8,1000,70,5.13,10.3,18,37,34,951,36,7,6,49,7.930788334,135,237,23.43740315,12.96302016,7.820089199,8.048334839,486,24,4,1,29,465,12,3,5,20,515,485,188,49,122,13
2,1000,70,5.13,10.3,18,37,34,955,22,16,7,45,7.623010958,148,248,25.86797327,14.83856092,7.508841956,7.733142551,470,11,7,3,21,485,11,9,4,24,491,509,197,51,126,22
5,1000,70,5.13,10.3,18,37,36,954,27,6,13,46,7.522637006,144,261,25.96410226,15.5102828,7.536231733,7.50947046,467,14,4,7,25,487,13,2,6,21,492,508,227,34,128,16
6,1000,70,5.13,10.3,18,37,37,958,19,11,12,42,7.507552134,141,237,26.01436103,15.35994725,7.365667156,7.652303476,482,12,4,7,23,476,7,7,5,19,505,495,193,44,129,12
3,1000,70,5.13,10.3,18,37,41,955,25,11,9,45,7.487180517,140,256,27.38785268,16.10413159,7.925806285,6.984549271,507,12,9,6,27,448,13,2,3,18,534,466,206,50,124,16
4,1000,70,5.13,10.3,18,37,35,961,19,8,12,39,7.554973598,161,233,38.45494038,20.16731501,7.08226793,8.041102956,490,8,5,4,17,471,11,3,8,22,507,493,192,41,137,24
7,1000,70,5.13,10.3,18,37,34,955,26,7,12,45,7.702337071,130,241,27.28489317,15.28600216,7.750766956,7.655432536,466,15,5,6,26,489,11,2,6,19,492,508,210,31,123,7
1,1000,70,5.13,10.3,18,37,41,964,22,6,8,36,7.433574948,167,306,31.99022104,18.66793293,7.701246484,7.160495906,484,14,5,2,21,480,8,1,6,15,505,495,250,56,141,26
8,1000,70,5.13,10.3,18,37,35,952,34,8,6,48,7.94891216,153,251,23.86729235,13.26976877,7.866162426,8.036780434,486,24,4,1,29,466,10,4,5,19,515,485,194,57,123,30
5,1000,70,5.13,10.3,18,37,37,953,28,5,14,47,7.539552064,158,277,26.67153185,15.9549021,7.604768258,7.476389923,467,14,3,8,25,486,14,2,6,22,492,508,226,51,136,22
3,1000,70,5.13,10.3,18,37,42,956,24,10,10,44,7.504170126,151,253,28.25546572,16.66651164,7.995158678,6.941535175,507,11,9,7,27,449,13,1,3,17,534,466,204,49,134,17
6,1000,70,5.13,10.3,18,37,38,959,20,9,12,41,7.528242202,148,254,26.63793386,15.76069365,7.436520527,7.621816841,481,13,4,7,24,478,7,5,5,17,505,495,209,45,126,22
2,1000,70,5.13,10.3,18,37,35,957,19,17,7,43,7.605593994,161,227,26.48718512,15.22614232,7.496177237,7.711141396,471,10,7,3,20,486,9,10,4,23,491,509,200,27,143,18
1,1000,70,5.13,10.3,18,37,42,963,23,6,8,37,7.443726616,175,300,33.0910994,19.49328194,7.718043753,7.163867719,484,14,5,2,21,479,9,1,6,16,505,495,251,49,154,21
4,1000,70,5.13,10.3,18,37,36,960,19,9,12,40,7.582831814,150,248,40.39767011,21.14374141,7.148961388,8.029023103,490,8,5,4,17,470,11,4,8,23,507,493,195,53,132,18
7,1000,70,5.13,10.3,18,37,35,955,26,8,11,45,7.752001771,130,246,28.62664871,15.87160912,7.811448874,7.694427018,466,14,6,6,26,489,12,2,5,19,492,508,206,40,114,16
5,1000,70,5.13,10.3,18,37,38,955,27,4,14,45,7.520183771,162,275,27.3398555,16.40969258,7.592785883,7.44986834,467,14,3,8,25,488,13,1,6,20,492,508,227,48,146,16
8,1000,70,5.13,10.3,18,37,36,950,36,8,6,50,7.965161328,136,224,24.42631459,13.63259366,7.926964022,8.005721354,485,25,4,1,30,465,11,4,5,20,515,485,187,37,122,14
3,1000,70,5.13,10.3,18,37,43,955,23,12,10,45,7.53192239,146,247,29.10132217,17.19010448,8.054872061,6.932662468,506,11,10,7,28,449,12,2,3,17,534,466,206,41,131,15
6,1000,70,5.13,10.3,18,37,39,960,19,9,12,40,7.521870328,151,269,27.48470812,16.3436895,7.448020805,7.59721176,481,13,4,7,24,479,6,5,5,16,505,495,231,38,128,23
1,1000,70,5.13,10.3,18,37,43,965,21,6,8,35,7.425622845,173,293,34.33020079,20.24846438,7.737573842,7.107369808,484,14,5,2,21,481,7,1,6,14,505,495,248,45,152,21
2,1000,70,5.13,10.3,18,37,36,957,19,17,7,43,7.596978917,146,250,27.27830048,15.68578649,7.480631209,7.709212167,471,10,7,3,20,486,9,10,4,23,491,509,212,38,130,16
4,1000,70,5.13,10.3,18,37,37,961,19,8,12,39,7.53106026,165,266,44.59256754,22.90399518,7.136762979,7.936554625,491,8,4,4,16,470,11,4,8,23,507,493,214,52,137,28
7,1000,70,5.13,10.3,18,37,36,956,25,8,11,44,7.75853903,151,251,29.34132009,16.30032402,7.884263408,7.636774475,466,14,6,6,26,490,11,2,5,18,492,508,210,41,133,18
5,1000,70,5.13,10.3,18,37,39,956,26,4,14,44,7.507290773,178,264,28.34516023,17.033605,7.613909454,7.404030161,467,14,3,8,25,489,12,1,6,19,492,508,229,35,158,20
3,1000,70,5.13,10.3,18,37,44,956,22,13,9,44,7.537485555,161,276,30.2336011,17.90679303,8.061048331,6.937523061,506,11,11,6,28,450,11,2,3,16,534,466,233,43,144,17
1,1000,70,5.13,10.3,18,37,44,964,22,6,8,36,7.429756746,182,269,35.48676542,20.98164455,7.792868733,7.059309163,484,14,5,2,21,480,8,1,6,15,505,495,229,40,167,15
6,1000,70,5.13,10.3,18,37,40,961,20,8,11,39,7.490600105,152,276,28.16587282,16.89151298,7.438496053,7.543756764,481,13,4,7,24,480,7,4,4,15,505,495,232,44,139,13
8,1000,70,5.13,10.3,18,37,37,950,36,8,6,50,8.018990699,141,247,24.8849013,13.96049992,7.987845694,8.052062198,485,25,4,1,30,465,11,4,5,20,515,485,209,38,121,20
2,1000,70,5.13,10.3,18,37,37,958,18,17,7,42,7.597769497,164,254,28.37057868,16.28376224,7.514995349,7.677616466,471,10,7,3,20,487,8,10,4,22,491,509,208,46,142,22
3,1000,70,5.13,10.3,18,37,45,959,21,13,7,41,7.496264233,170,270,31.55500602,18.74458317,8.085239935,6.821343578,506,11,11,6,28,453,10,2,1,13,534,466,227,43,150,20
5,1000,70,5.13,10.3,18,37,40,957,26,4,13,43,7.495495894,183,275,29.17605455,17.59109693,7.647026286,7.348738113,466,15,3,8,26,491,11,1,5,17,492,508,234,41,164,19
1,1000,70,5.13,10.3,18,37,45,963,22,6,9,37,7.450432627,171,296,36.35166491,21.61118614,7.840532791,7.052451652,484,13,5,3,21,479,9,1,6,16,505,495,253,43,158,13
7,1000,70,5.13,10.3,18,37,37,957,24,8,11,43,7.768991163,147,254,30.72034163,16.90501372,7.91389126,7.628654848,466,14,6,6,26,491,10,2,5,17,492,508,212,42,128,19
4,1000,70,5.13,10.3,18,37,38,962,19,8,11,38,7.487518961,171,250,47.31786973,24.51780071,7.163496919,7.82074244,491,8,4,4,16,471,11,4,7,22,507,493,215,35,158,13
6,1000,70,5.13,10.3,18,37,41,961,20,9,10,39,7.504094917,191,271,28.96395671,17.41255005,7.467443217,7.541487056,481,12,5,7,24,480,8,4,3,15,505,495,229,42,164,27
8,1000,70,5.13,10.3,18,37,38,950,36,8,6,50,8.007856694,141,247,25.33943167,14.24301404,8.012627,8.002791317,485,25,4,1,30,465,11,4,5,20,515,485,199,48,127,14
3,1000,70,5.13,10.3,18,37,46,960,20,13,7,40,7.517146277,167,275,32.85631549,19.57004958,8.145046638,6.797620972,506,11,11,6,28,454,9,2,1,12,534,466,243,32,144,23
2,1000,70,5.13,10.3,18,37,38,959,17,17,7,41,7.578098826,154,259,29.37860015,16.87746168,7.522366097,7.631860653,471,10,7,3,20,488,7,10,4,21,491,509,214,45,132,22
5,1000,70,5.13,10.3,18,37,41,958,25,4,13,42,7.486599863,169,277,29.73670379,17.9515189,7.690494246,7.28912735,466,15,3,8,26,492,10,1,5,16,492,508,237,40,161,8
1,1000,70,5.13,10.3,18,37,46,962,23,7,8,38,7.448506029,162,295,37.38882492,22.25626371,7.889219025,6.99888974,482,14,6,3,23,480,9,1,5,15,505,495,261,34,150,12
4,1000,70,5.13,10.3,18,37,39,962,19,8,11,38,7.517829592,164,294,53.05587956,27.16249607,7.19918852,7.845519295,490,9,4,4,17,472,10,4,7,21,507,493,233,61,137,27
7,1000,70,5.13,10.3,18,37,38,958,23,8,11,42,7.783808989,144,249,32.17939938,17.51355494,7.965267887,7.608065332,465,15,6,6,27,493,8,2,5,15,492,508,218,31,130,14
6,1000,70,5.13,10.3,18,37,42,961,20,9,10,39,7.492386727,173,282,29.86262908,18.02618729,7.465672752,7.519640378,481,12,5,7,24,480,8,4,3,15,505,495,237,45,151,22
8,1000,70,5.13,10.3,18,37,39,952,35,7,6,48,8.023990975,146,245,25.80152481,14.53052383,8.056345743,7.98963488,485,25,4,1,30,467,10,3,5,18,515,485,198,47,125,21
3,1000,70,5.13,10.3,18,37,47,960,20,13,7,40,7.494217316,184,305,34.52682932,20.64095988,8.184821392,6.702838398,506,11,11,6,28,454,9,2,1,12,534,466,256,49,162,22
2,1000,70,5.13,10.3,18,37,39,960,15,18,7,40,7.58587948,167,264,30.83743602,17.7938565,7.543558064,7.626704265,472,8,8,3,19,488,7,10,4,21,491,509,230,34,141,26
5,1000,70,5.13,10.3,18,37,42,959,25,4,12,41,7.49633692,178,283,30.59438252,18.51240342,7.74468012,7.255815553,466,15,3,8,26,493,10,1,4,15,492,508,245,38,165,13
4,1000,70,5.13,10.3,18,37,40,961,21,8,10,39,7.522024287,176,262,60.20080814,30.08597431,7.227526151,7.824885452,489,10,4,4,18,472,11,4,6,21,507,493,219,43,155,21
1,1000,70,5.13,10.3,18,37,47,962,23,7,8,38,7.45718786,173,313,38.52773658,22.98535304,7.90583271,6.999479478,482,14,6,3,23,480,9,1,5,15,505,495,271,42,155,18
6,1000,70,5.13,10.3,18,37,43,961,21,8,10,39,7.506076496,175,287,30.80979731,18.62459898,7.508746946,7.503352098,481,12,5,7,24,480,9,3,3,15,505,495,253,34,155,20
7,1000,70,5.13,10.3,18,37,39,958,23,8,11,42,7.793097979,154,278,33.29190075,18.01727317,8.025844219,7.567682329,465,15,6,6,27,493,8,2,5,15,492,508,231,47,136,18
8,1000,70,5.13,10.3,18,37,40,952,36,6,6,48,8.029429562,152,259,26.44363667,14.93412298,8.095385651,7.959393716,484,26,4,1,31,468,10,2,5,17,515,485,217,42,136,16
3,1000,70,5.13,10.3,18,37,48,961,18,14,7,39,7.490015597,180,283,35.74198453,21.49069654,8.249217077,6.620029351,507,9,12,6,27,454,9,2,1,12,534,466,238,45,163,17
2,1000,70,5.13,10.3,18,37,40,961,15,17,7,39,7.588914476,169,264,32.77594699,18.94473748,7.578190014,7.599259684,473,7,8,3,18,488,8,9,4,21,491,509,224,40,150,19
5,1000,70,5.13,10.3,18,37,43,960,24,4,12,40,7.48326697,182,297,31.68096876,19.19247672,7.757561701,7.217611444,466,15,3,8,26,494,9,1,4,14,492,508,261,36,164,18
1,1000,70,5.13,10.3,18,37,48,963,22,7,8,37,7.479503051,193,322,39.88380446,23.83524826,7.935252378,7.014546667,482,14,6,3,23,481,8,1,5,14,505,495,281,41,178,15
4,1000,70,5.13,10.3,18,37,41,959,24,7,10,41,7.527888477,166,272,64.34011802,31.98186098,7.271149016,7.791918715,488,11,4,4,19,471,13,3,6,22,507,493,231,41,155,11
6,1000,70,5.13,10.3,18,37,44,960,22,7,11,40,7.532059473,203,284,31.61935728,19.22469322,7.541944838,7.521974403,481,12,5,7,24,479,10,2,4,16,505,495,249,35,181,22
8,1000,70,5.13,10.3,18,37,41,952,36,6,6,48,8.063504104,149,268,27.29490233,15.43050524,8.171638987,7.948680465,484,26,4,1,31,468,10,2,5,17,515,485,224,44,130,19
7,1000,70,5.13,10.3,18,37,40,958,23,8,11,42,7.773778331,160,278,34.91733802,18.72000367,8.048317026,7.507886524,465,15,6,6,27,493,8,2,5,15,492,508,225,53,143,17
3,1000,70,5.13,10.3,18,37,49,962,17,14,7,38,7.484200909,188,290,37.12225595,22.33247284,8.283474745,6.56829484,507,9,12,6,27,455,8,2,1,11,534,466,255,35,171,17
5,1000,70,5.13,10.3,18,37,44,961,24,5,10,39,7.487551212,175,298,32.71886508,19.85694463,7.758769266,7.224875459,467,14,3,8,25,494,10,2,2,14,492,508,264,34,155,20
2,1000,70,5.13,10.3,18,37,41,962,15,16,7,38,7.5748392,157,288,34.43324277,19.86345263,7.611586407,7.539391501,473,7,8,3,18,489,8,8,4,20,491,509,236,52,140,17
4,1000,70,5.13,10.3,18,37,42,958,25,7,10,42,7.573639898,190,282,66.54662116,33.38961438,7.34614885,7.807591138,487,12,4,4,20,471,13,3,6,22,507,493,235,47,175,15
1,1000,70,5.13,10.3,18,37,49,963,22,8,7,37,7.455428811,201,312,41.32763597,24.70475194,7.95663463,6.944097622,482,14,6,3,23,481,8,2,4,14,505,495,271,41,184,17
6,1000,70,5.13,10.3,18,37,45,960,22,7,11,40,7.554468324,180,289,32.46457644,19.78936984,7.618545462,7.489096698,481,12,5,7,24,479,10,2,4,16,505,495,250,39,163,17
8,1000,70,5.13,10.3,18,37,42,953,34,7,6,47,8.038182122,166,272,28.01427,15.84514758,8.216220415,7.849131152,484,25,5,1,31,469,9,2,5,16,515,485,234,38,144,22
3,1000,70,5.13,10.3,18,37,50,963,16,11,10,37,7.509197901,189,284,39.11959503,23.55917299,8.365777863,6.527623437,507,9,10,8,27,456,7,1,2,10,534,466,245,39,168,21
7,1000,70,5.13,10.3,18,37,41,958,23,8,11,42,7.800556067,157,279,36.51077619,19.30260938,8.114740785,7.496266931,464,16,5,7,28,494,7,3,4,14,492,508,229,50,146,11
5,1000,70,5.13,10.3,18,37,45,960,25,5,10,40,7.478268616,191,299,34.03811025,20.71074165,7.822729172,7.144657211,465,16,3,8,27,495,9,2,2,13,492,508,270,29,175,16
1,1000,70,5.13,10.3,18,37,50,963,22,8,7,37,7.447663964,209,319,42.59329342,25.44467503,7.983235237,6.901273069,482,14,6,3,23,481,8,2,4,14,505,495,284,35,193,16
4,1000,70,5.13,10.3,18,37,43,959,25,6,10,41,7.568009212,183,269,69.74162112,35.20577763,7.394542631,7.746401822,487,12,4,4,20,472,13,2,6,21,507,493,244,25,162,21
2,1000,70,5.13,10.3,18,37,42,962,16,16,6,38,7.565625623,168,285,35.88285611,20.69606016,7.641739399,7.492203493,472,8,8,3,19,490,8,8,3,19,491,509,248,37,147,21
6,1000,70,5.13,10.3,18,37,46,958,24,7,11,42,7.575884174,192,284,33.34924928,20.38247382,7.655814909,7.494338676,480,13,5,7,25,478,11,2,4,17,505,495,241,43,176,16
8,1000,70,5.13,10.3,18,37,43,955,33,6,6,45,7.997012055,171,285,29.02105956,16.4403562,8.238260277,7.740841264,485,24,5,1,30,470,9,1,5,15,515,485,241,44,147,24
3,1000,70,5.13,10.3,18,37,51,963,16,11,10,37,7.531559418,179,318,40.71313131,24.58399122,8.412264341,6.522339614,507,9,10,8,27,456,7,1,2,10,534,466,275,43,166,13
7,1000,70,5.13,10.3,18,37,42,957,24,8,11,43,7.831475647,164,282,37.33250543,19.78941637,8.154919771,7.51821874,464,16,5,7,28,493,8,3,4,15,492,508,236,46,147,17
5,1000,70,5.13,10.3,18,37,46,961,24,5,10,39,7.426129568,215,326,35.34139347,21.51360498,7.848667358,7.016900055,465,16,3,8,27,496,8,2,2,12,492,508,293,33,200,15
4,1000,70,5.13,10.3,18,37,44,960,24,6,10,40,7.572130265,180,276,72.43334765,36.75365892,7.4530528,7.694589239,487,12,4,4,20,473,12,2,6,20,507,493,236,40,165,15
1,1000,70,5.13,10.3,18,37,51,964,20,9,7,36,7.447706374,208,310,44.02273248,26.32589624,8.000392965,6.883854397,482,13,7,3,23,482,7,2,4,13,505,495,271,39,190,18
2,1000,70,5.13,10.3,18,37,43,962,16,16,6,38,7.567221348,181,281,37.65194095,21.73362687,7.694600237,7.444347017,472,8,8,3,19,490,8,8,3,19,491,509,242,39,165,16
6,1000,70,5.13,10.3,18,37,47,957,25,7,11,43,7.572177571,180,281,34.61464787,21.14943651,7.7161645,7.425281815,480,13,5,7,25,477,12,2,4,18,505,495,240,41,168,12
8,1000,70,5.13,10.3,18,37,44,953,35,6,6,47,8.063287843,155,298,30.24656013,17.16941396,8.339215255,7.770292756,484,25,5,1,31,469,10,1,5,16,515,485,246,52,143,12
3,1000,70,5.13,10.3,18,37,52,963,16,11,10,37,7.579234902,183,307,42.64141617,25.73930894,8.482991412,6.543599758,507,9,10,8,27,456,7,1,2,10,534,466,272,35,174,9
7,1000,70,5.13,10.3,18,37,43,959,23,7,11,41,7.844373074,170,282,38.77422672,20.46159034,8.259228058,7.442584388,464,16,5,7,28,495,7,2,4,13,492,508,242,40,147,23
4,1000,70,5.13,10.3,18,37,45,960,25,5,10,40,7.589708959,189,292,76.01030911,39.19849032,7.476550793,7.706080542,487,12,4,4,20,473,13,1,6,20,507,493,250,42,170,19
5,1000,70,5.13,10.3,18,37,47,962,23,5,10,38,7.414096571,212,321,36.65935914,22.36831417,7.907259583,6.936466253,465,16,3,8,27,497,7,2,2,11,492,508,284,37,200,12
1,1000,70,5.13,10.3,18,37,52,964,20,9,7,36,7.452731592,213,323,46.45655062,27.81298921,8.079061261,6.813748798,481,14,7,3,24,483,6,2,4,12,505,495,293,30,193,20
6,1000,70,5.13,10.3,18,37,48,958,25,5,12,42,7.603811376,195,316,35.80847463,21.85131441,7.8008308,7.402811762,480,13,4,8,25,478,12,1,4,17,505,495,267,49,174,21
2,1000,70,5.13,10.3,18,37,44,962,17,15,6,38,7.551984304,181,300,40.04227159,23.10496772,7.721462622,7.388499326,472,8,7,4,19,490,9,8,2,19,491,509,260,40,168,13
8,1000,70,5.13,10.3,18,37,45,955,33,5,7,45,8.100155608,153,265,31.5508437,17.87157698,8.431701457,7.748101769,485,24,4,2,30,470,9,1,5,15,515,485,231,34,129,24
3,1000,70,5.13,10.3,18,37,53,963,16,11,10,37,7.57947468,213,299,44.87010779,26.99595181,8.520668096,6.500939736,507,9,10,8,27,456,7,1,2,10,534,466,264,35,205,8
4,1000,70,5.13,10.3,18,37,46,960,25,5,10,40,7.578370893,176,308,80.72276117,42.40577726,7.489637264,7.66962434,487,12,4,4,20,473,13,1,6,20,507,493,263,45,163,13
7,1000,70,5.13,10.3,18,37,44,962,21,7,10,38,7.788230052,187,291,39.82676141,21.07337804,8.284625857,7.30746876,464,16,5,7,28,498,5,2,3,10,492,508,249,42,170,17
5,1000,70,5.13,10.3,18,37,48,963,23,5,9,37,7.402634936,201,323,38.57376889,23.63937532,7.879768276,6.940529418,466,16,3,7,26,497,7,2,2,11,492,508,284,39,178,23
1,1000,70,5.13,10.3,18,37,53,964,20,9,7,36,7.441209399,221,329,48.4898494,29.045364,8.120799321,6.747890388,481,14,7,3,24,483,6,2,4,12,505,495,290,39,208,13
8,1000,70,5.13,10.3,18,37,46,955,33,5,7,45,8.094795581,169,301,33.22578175,18.75585202,8.432556654,7.73614207,485,24,4,2,30,470,9,1,5,15,515,485,248,53,154,15
6,1000,70,5.13,10.3,18,37,49,959,24,5,12,41,7.618610046,192,299,37.16782559,22.71924164,7.845945566,7.38668189,480,13,4,8,25,479,11,1,4,16,505,495,274,25,173,19
2,1000,70,5.13,10.3,18,37,45,962,17,15,6,38,7.554830819,186,290,43.01585876,24.81012422,7.76841428,7.348800407,472,8,7,4,19,490,9,8,2,19,491,509,254,36,169,17
3,1000,70,5.13,10.3,18,37,54,963,15,12,10,37,7.610819283,221,312,47.59887143,28.39653176,8.624509059,6.449209111,507,8,11,8,27,456,7,1,2,10,534,466,279,33,201,20
4,1000,70,5.13,10.3,18,37,47,960,25,5,10,40,7.590496983,189,308,85.83189499,46.05368078,7.518272253,7.66477272,487,12,4,4,20,473,13,1,6,20,507,493,260,48,175,14
7,1000,70,5.13,10.3,18,37,45,963,20,7,10,37,7.764252993,179,286,41.43842651,21.78746386,8.31323452,7.232562222,464,16,5,7,28,499,4,2,3,9,492,508,252,34,165,14
5,1000,70,5.13,10.3,18,37,49,964,23,4,9,36,7.377657897,225,325,40.88574367,25.07463582,7.926588492,6.846016455,465,17,3,7,27,499,6,1,2,9,492,508,291,34,206,19
1,1000,70,5.13,10.3,18,37,54,964,20,9,7,36,7.432429694,223,346,50.38022285,30.23974326,8.186348481,6.663280223,481,14,7,3,24,483,6,2,4,12,505,495,315,31,205,18
8,1000,70,5.13,10.3,18,37,47,956,33,5,6,44,8.086081097,185,284,34.78342116,19.51602005,8.458044119,7.691110053,485,24,4,2,30,471,9,1,4,14,515,485,251,33,168,17
6,1000,70,5.13,10.3,18,37,50,959,23,6,12,41,7.623829666,200,304,38.20703799,23.42708375,7.888398096,7.35391642,480,13,4,8,25,479,10,2,4,16,505,495,275,29,190,10
2,1000,70,5.13,10.3,18,37,46,960,18,16,6,40,7.595764544,193,301,45.83645603,26.41812015,7.835486527,7.36451996,471,8,8,4,20,489,10,8,2,20,491,509,265,36,177,16
3,1000,70,5.13,10.3,18,37,55,962,16,12,10,38,7.615030828,219,309,50.638624,30.20985165,8.690777244,6.38230854,506,9,11,8,28,456,7,1,2,10,534,466,283,26,192,27
4,1000,70,5.13,10.3,18,37,48,960,26,3,11,40,7.60205783,193,297,92.90071939,50.08724368,7.582399531,7.622274377,486,13,3,5,21,474,13,0,6,19,507,493,255,42,177,16
7,1000,70,5.13,10.3,18,37,46,962,21,7,10,38,7.783858019,175,274,43.37321567,22.73513524,8.345145915,7.240248482,464,16,5,7,28,498,5,2,3,10,492,508,249,25,164,11
5,1000,70,5.13,10.3,18,37,50,964,23,4,9,36,7.36568633,215,327,42.62066964,26.15561787,7.934381118,6.81490319,465,17,3,7,27,499,6,1,2,9,492,508,286,41,202,13
1,1000,70,5.13,10.3,18,37,55,963,21,9,7,37,7.468153412,226,347,52.79175927,31.75784584,8.241607706,6.679073779,480,15,7,3,25,483,6,2,4,12,505,495,313,34,209,17
8,1000,70,5.13,10.3,18,37,48,956,33,5,6,44,8.078355381,197,297,36.60770063,20.4265736,8.539041687,7.589173015,485,24,4,2,30,471,9,1,4,14,515,485,254,43,177,20
6,1000,70,5.13,10.3,18,37,51,960,22,5,13,40,7.614790197,205,307,39.37552134,24.17552028,7.916370812,7.307117044,480,13,4,8,25,480,9,1,5,15,505,495,265,42,190,15
2,1000,70,5.13,10.3,18,37,47,959,19,16,6,41,7.607102241,194,290,49.48603667,28.51861696,7.921778969,7.30355357,470,8,9,4,21,489,11,7,2,20,491,509,250,40,178,16
4,1000,70,5.13,10.3,18,37,49,959,27,3,11,41,7.617696515,203,319,99.79891522,53.96647897,7.600836392,7.635035424,486,13,3,5,21,473,14,0,6,20,507,493,273,46,191,12
3,1000,70,5.13,10.3,18,37,56,962,16,12,10,38,7.604313515,222,323,53.54485965,31.98030958,8.707579191,6.34005628,506,9,11,8,28,456,7,1,2,10,534,466,290,33,207,15
7,1000,70,5.13,10.3,18,37,47,961,21,8,10,39,7.797378017,200,296,44.5324361,23.44835673,8.407753726,7.20622674,464,16,5,7,28,497,5,3,3,11,492,508,258,38,185,15
8,1000,70,5.13,10.3,18,37,49,957,31,6,6,43,8.101470018,206,307,38.7914526,21.4603748,8.615799213,7.555326647,485,23,5,2,30,472,8,1,4,13,515,485,269,38,182,24
5,1000,70,5.13,10.3,18,37,51,963,23,5,9,37,7.387000099,221,340,44.85511612,27.76017436,8.008516689,6.785058834,465,17,3,7,27,498,6,2,2,10,492,508,305,35,204,17
1,1000,70,5.13,10.3,18,37,56,963,22,8,7,37,7.486373982,222,358,55.73220295,33.55679309,8.25267557,6.704591553,481,15,6,3,24,482,7,2,4,13,505,495,322,36,207,15
6,1000,70,5.13,10.3,18,37,52,960,22,5,13,40,7.587466954,208,302,41.12399584,25.39259376,7.964687765,7.202625521,480,13,4,8,25,480,9,1,5,15,505,495,280,22,200,8
4,1000,70,5.13,10.3,18,37,50,960,26,3,11,40,7.612319728,199,301,102.6469115,56.144302,7.628753228,7.595419556,487,12,3,5,20,473,14,0,6,20,507,493,270,31,191,8
3,1000,70,5.13,10.3,18,37,57,962,16,11,11,38,7.642493845,221,344,57.11806527,33.82416394,8.757321389,6.364987603,506,9,10,9,28,456,7,1,2,10,534,466,311,33,209,12
2,1000,70,5.13,10.3,18,37,48,959,19,16,6,41,7.581062979,206,299,52.03964278,30.05187529,7.921336894,7.252822327,470,8,9,4,21,489,11,7,2,20,491,509,270,29,187,19
7,1000,70,5.13,10.3,18,37,48,961,21,8,10,39,7.823729313,184,295,45.55606963,24.13067902,8.464888815,7.20276381,464,16,5,7,28,497,5,3,3,11,492,508,262,33,171,13
8,1000,70,5.13,10.3,18,37,50,955,33,6,6,45,8.099269301,198,307,41.96703925,22.8267827,8.682557307,7.479901624,483,25,5,2,32,472,8,1,4,13,515,485,270,37,184,14
5,1000,70,5.13,10.3,18,37,52,963,23,5,9,37,7.385847099,211,329,47.63879628,29.65129945,8.061858876,6.731127031,465,17,3,7,27,498,6,2,2,10,492,508,299,30,198,13
1,1000,70,5.13,10.3,18,37,57,964,22,8,6,36,7.478399935,227,340,59.01565352,35.62054716,8.33675172,6.60270771,480,16,6,3,25,484,6,2,3,11,505,495,304,36,207,20
6,1000,70,5.13,10.3,18,37,53,958,24,5,13,42,7.599943463,215,316,42.55025659,26.41444272,8.005341809,7.18635525,479,14,4,8,26,479,10,1,5,16,505,495,288,28,202,13
4,1000,70,5.13,10.3,18,37,51,960,26,3,11,40,7.61933047,188,326,108.7539373,60.25249208,7.645316983,7.592606003,487,12,3,5,20,473,14,0,6,20,507,493,285,41,173,15
3,1000,70,5.13,10.3,18,37,58,964,14,10,12,36,7.605999189,233,342,59.98502084,35.47538401,8.794695311,6.243845264,506,9,9,10,28,458,5,1,2,8,534,466,308,34,217,16
2,1000,70,5.13,10.3,18,37,49,962,17,16,5,38,7.566008544,211,319,55.53736107,31.99868086,7.95743086,7.188428274,470,8,9,4,21,492,9,7,1,17,491,509,276,43,189,22
7,1000,70,5.13,10.3,18,37,49,962,21,8,9,38,7.795047337,200,315,47.71324067,25.25894888,8.47147029,7.139929043,463,17,5,7,29,499,4,3,2,9,492,508,278,37,181,19
8,1000,70,5.13,10.3,18,37,51,953,35,6,6,47,8.128201456,183,319,44.92054621,24.2234767,8.766333389,7.450597445,482,26,5,2,33,471,9,1,4,14,515,485,279,40,168,15
5,1000,70,5.13,10.3,18,37,53,964,23,5,8,36,7.397894419,227,347,50.5045675,31.59949747,8.121799191,6.696789798,466,17,3,6,26,498,6,2,2,10,492,508,303,44,216,11
1,1000,70,5.13,10.3,18,37,58,964,22,8,6,36,7.50257151,232,351,62.2711419,37.58583112,8.404021221,6.582910694,480,16,6,3,25,484,6,2,3,11,505,495,325,26,216,16
6,1000,70,5.13,10.3,18,37,54,959,23,5,13,41,7.59350301,224,332,44.24375616,27.70861494,8.02534349,7.152938481,479,14,4,8,26,480,9,1,5,15,505,495,304,28,209,15
4,1000,70,5.13,10.3,18,37,52,959,28,3,10,41,7.616863423,198,324,113.9566459,63.6789635,7.669454117,7.562779282,486,14,3,4,21,473,14,0,6,20,507,493,293,31,184,14
3,1000,70,5.13,10.3,18,37,59,963,15,10,12,37,7.615000738,240,346,64.1847379,37.85556977,8.830487554,6.222146747,506,9,9,10,28,457,6,1,2,9,534,466,310,36,233,7
7,1000,70,5.13,10.3,18,37,50,962,21,8,9,38,7.769233831,206,313,49.1432438,26.2922649,8.483303116,7.077654917,463,17,5,7,29,499,4,3,2,9,492,508,276,37,194,12
2,1000,70,5.13,10.3,18,37,50,963,16,16,5,37,7.534802769,237,325,57.67361677,33.15797216,7.98144544,7.103954926,470,8,9,4,21,493,8,7,1,16,491,509,283,42,214,23
8,1000,70,5.13,10.3,18,37,52,953,35,6,6,47,8.120235947,198,309,47.92582324,25.82621815,8.775240494,7.424715655,482,26,5,2,33,471,9,1,4,14,515,485,284,25,182,16
5,1000,70,5.13,10.3,18,37,54,964,25,3,8,36,7.379632896,222,346,53.5631721,33.64437142,8.222992017,6.562836266,464,19,3,6,28,500,6,0,2,8,492,508,314,32,214,8
1,1000,70,5.13,10.3,18,37,59,964,22,8,6,36,7.506437382,258,351,65.55590012,39.74466618,8.427130172,6.567144737,480,16,6,3,25,484,6,2,3,11,505,495,324,27,239,19
4,1000,70,5.13,10.3,18,37,53,960,27,3,10,40,7.598401498,215,329,119.4704185,67.44192358,7.700913848,7.492978046,486,14,3,4,21,474,13,0,6,19,507,493,297,32,193,22
6,1000,70,5.13,10.3,18,37,55,960,22,5,13,40,7.619103636,209,326,45.92624245,29.03362757,8.066118998,7.163057661,479,14,4,8,26,481,8,1,5,14,505,495,305,21,199,10
3,1000,70,5.13,10.3,18,37,60,961,17,11,11,39,7.593601918,233,348,68.73792268,40.40657732,8.868361963,6.132825385,504,10,10,10,30,457,7,1,1,9,534,466,310,38,221,12
7,1000,70,5.13,10.3,18,37,51,962,21,8,9,38,7.757020603,191,297,51.25805313,27.28427619,8.530121325,7.008269509,463,17,5,7,29,499,4,3,2,9,492,508,270,27,180,11
8,1000,70,5.13,10.3,18,37,53,954,33,7,6,46,8.163579948,212,325,51.21442059,27.62029289,8.843121525,7.442004871,482,25,6,2,33,472,8,1,4,13,515,485,289,36,190,22
2,1000,70,5.13,10.3,18,37,51,963,16,16,5,37,7.562278678,196,317,59.82180966,34.35641061,8.025733377,7.11521334,470,8,9,4,21,493,8,7,1,16,491,509,275,42,182,14
5,1000,70,5.13,10.3,18,37,55,965,25,3,7,35,7.369594389,235,376,58.52321311,36.95544197,8.240641308,6.52598202,464,19,3,6,28,501,6,0,1,7,492,508,337,39,224,11
1,1000,70,5.13,10.3,18,37,60,963,23,8,6,37,7.510297298,248,360,68.31516322,41.32084469,8.467319854,6.533940954,480,16,6,3,25,483,7,2,3,12,505,495,337,23,238,10
4,1000,70,5.13,10.3,18,37,54,960,27,3,10,40,7.622451237,231,314,130.5176085,73.98534301,7.77764428,7.462851089,486,14,3,4,21,474,13,0,6,19,507,493,282,32,211,20
6,1000,70,5.13,10.3,18,37,56,958,24,5,13,42,7.631565304,209,341,47.87092977,30.47789176,8.107050795,7.146474045,478,15,4,8,27,480,9,1,5,15,505,495,307,34,198,11
7,1000,70,5.13,10.3,18,37,52,962,21,7,10,38,7.767981187,203,317,54.55131287,28.65227267,8.562196492,6.998780536,463,17,4,8,29,499,4,3,2,9,492,508,283,34,190,13
3,1000,70,5.13,10.3,18,37,61,961,17,11,11,39,7.597135143,233,340,73.94728335,43.12677796,8.892145928,6.113152827,505,9,10,10,29,456,8,1,1,10,534,466,314,26,223,10
8,1000,70,5.13,10.3,18,37,54,953,34,7,6,47,8.193555022,194,303,53.20342383,28.8459271,8.91588347,7.426546463,481,26,6,2,34,472,8,1,4,13,515,485,277,26,181,13
5,1000,70,5.13,10.3,18,37,56,966,24,3,7,34,7.383899228,242,357,62.65133733,39.67269197,8.276023833,6.519873036,464,19,3,6,28,502,5,0,1,6,492,508,325,32,229,13
2,1000,70,5.13,10.3,18,37,52,963,17,16,4,37,7.541426921,213,334,62.41064486,35.77711341,8.054679952,7.046324293,470,9,9,3,21,493,8,7,1,16,491,509,301,33,199,14
4,1000,70,5.13,10.3,18,37,55,962,25,3,10,38,7.624194245,209,339,137.3168979,78.30903338,7.830819955,7.411700868,486,14,3,4,21,476,11,0,6,17,507,493,299,40,202,7
1,1000,70,5.13,10.3,18,37,61,963,22,9,6,37,7.470519279,232,388,71.73871768,43.37184377,8.477973373,6.442712576,480,15,7,3,25,483,7,2,3,12,505,495,351,37,225,7
6,1000,70,5.13,10.3,18,37,57,957,25,5,13,43,7.638455909,228,347,49.40832736,31.63025841,8.155873836,7.110585094,477,16,4,8,28,480,9,1,5,15,505,495,311,36,220,8
7,1000,70,5.13,10.3,18,37,53,963,22,6,9,37,7.771167306,214,316,57.32830868,29.89637078,8.603673941,6.964881353,463,17,4,8,29,500,5,2,1,8,492,508,292,24,196,18
8,1000,70,5.13,10.3,18,37,55,953,34,7,6,47,8.174646894,216,323,55.88791086,30.11261563,8.93591291,7.366292258,481,26,6,2,34,472,8,1,4,13,515,485,293,30,202,14
3,1000,70,5.13,10.3,18,37,62,960,18,11,11,40,7.61736276,240,349,80.89191327,46.38853172,8.926042154,6.117717273,505,9,10,10,29,455,9,1,1,11,534,466,316,33,229,11
5,1000,70,5.13,10.3,18,37,57,966,24,3,7,34,7.381082048,261,367,66.80988952,42.26617756,8.310596102,6.480844028,464,19,3,6,28,502,5,0,1,6,492,508,331,36,242,19
2,1000,70,5.13,10.3,18,37,53,963,17,16,4,37,7.542006337,207,326,65.06650562,37.41032024,8.080102623,7.022938996,470,9,9,3,21,493,8,7,1,16,491,509,295,31,196,11
4,1000,70,5.13,10.3,18,37,56,962,26,3,9,38,7.573947062,224,318,151.0242784,86.83928574,7.849408375,7.290663319,486,14,3,4,21,476,12,0,5,17,507,493,296,22,202,22
1,1000,70,5.13,10.3,18,37,62,963,22,9,6,37,7.468575273,250,358,75.43127122,45.46328154,8.507103472,6.409066706,480,15,7,3,25,483,7,2,3,12,505,495,327,31,240,10
6,1000,70,5.13,10.3,18,37,58,956,26,5,13,44,7.619038507,241,358,51.26818751,33.10492258,8.18168181,7.045028673,477,16,4,8,28,479,10,1,5,16,505,495,321,37,233,8
7,1000,70,5.13,10.3,18,37,54,963,22,6,9,37,7.773904914,216,335,59.74847687,30.95140728,8.640928058,6.934189586,463,17,4,8,29,500,5,2,1,8,492,508,300,35,207,9
5,1000,70,5.13,10.3,18,37,58,966,22,5,7,34,7.364630071,241,368,70.20784707,44.39725443,8.33068717,6.428999967,464,18,4,6,28,502,4,1,1,6,492,508,339,29,227,14
8,1000,70,5.13,10.3,18,37,56,954,34,7,5,46,8.186352954,214,322,59.44335739,32.02028986,9.025733564,7.295051894,481,26,6,2,34,473,8,1,3,12,515,485,281,41,198,16
3,1000,70,5.13,10.3,18,37,63,961,18,11,10,39,7.579890443,261,351,85.9324687,49.0010371,8.946852684,6.013457317,505,10,10,9,29,456,8,1,1,10,534,466,316,35,242,19
4,1000,70,5.13,10.3,18,37,57,962,26,3,9,38,7.548253844,229,326,157.0004812,90.869642,7.878475358,7.208654842,485,15,3,4,22,477,11,0,5,16,507,493,300,26,216,13
2,1000,70,5.13,10.3,18,37,54,965,16,15,4,35,7.57758233,247,329,68.46867943,39.39698563,8.188868789,6.987913074,470,9,9,3,21,495,7,6,1,14,491,509,298,31,229,18
1,1000,70,5.13,10.3,18,37,63,963,22,9,6,37,7.434285224,258,381,80.89656552,48.96398056,8.517597467,6.329087886,479,16,7,3,26,484,6,2,3,11,505,495,350,31,251,7
6,1000,70,5.13,10.3,18,37,59,956,26,5,13,44,7.620643065,241,347,53.70731852,34.96618856,8.220919713,7.008239616,477,16,4,8,28,479,10,1,5,16,505,495,316,31,228,13
7,1000,70,5.13,10.3,18,37,55,962,23,6,9,38,7.772008608,221,334,63.06106586,32.40634403,8.670035639,6.902265892,462,18,4,8,30,500,5,2,1,8,492,508,293,41,203,18
5,1000,70,5.13,10.3,18,37,59,966,22,5,7,34,7.3300816,273,378,74.58205805,47.17443138,8.326147626,6.365387732,464,18,4,6,28,502,4,1,1,6,492,508,346,32,253,20
8,1000,70,5.13,10.3,18,37,57,952,36,7,5,48,8.204321981,219,333,61.88138362,33.30884102,9.091468365,7.262300562,480,27,6,2,35,472,9,1,3,13,515,485,302,31,204,15
3,1000,70,5.13,10.3,18,37,64,960,19,11,10,40,7.573832732,249,347,93.95467401,53.26768577,8.989783365,5.951262693,504,11,10,9,30,456,8,1,1,10,534,466,315,32,242,7
4,1000,70,5.13,10.3,18,37,58,960,28,4,8,40,7.558721153,235,345,166.0449909,96.76129082,7.962275484,7.143706861,483,17,3,4,24,477,11,1,4,16,507,493,320,25,217,18
6,1000,70,5.13,10.3,18,37,60,955,25,6,14,45,7.69247808,259,355,56.06415416,36.61306759,8.299772499,7.072915088,476,15,5,9,29,479,10,1,5,16,505,495,325,30,237,22
2,1000,70,5.13,10.3,18,37,55,965,16,15,4,35,7.577048307,233,323,72.80038405,41.86518704,8.229364469,6.9478003,469,10,9,3,22,496,6,6,1,13,491,509,294,29,219,14
1,1000,70,5.13,10.3,18,37,64,960,22,12,6,40,7.463009371,259,366,84.4044182,50.97433482,8.61501047,6.287735523,477,16,9,3,28,483,6,3,3,12,505,495,338,28,243,16
7,1000,70,5.13,10.3,18,37,56,962,24,6,8,38,7.761550235,237,354,66.53766955,34.13257379,8.654073105,6.897138323,462,19,4,7,30,500,5,2,1,8,492,508,319,35,222,15
5,1000,70,5.13,10.3,18,37,60,967,19,7,7,33,7.324001772,261,375,80.6084814,51.19177818,8.411732397,6.270530379,464,16,6,6,28,503,3,1,1,5,492,508,352,23,240,21
8,1000,70,5.13,10.3,18,37,58,950,37,8,5,50,8.221375962,227,340,64.80245164,34.63869458,9.133045182,7.253314832,480,27,6,2,35,470,10,2,3,15,515,485,317,23,213,14
3,1000,70,5.13,10.3,18,37,65,961,18,11,10,39,7.555276982,258,368,102.4491902,57.6528,8.99703639,5.903132081,504,11,10,9,30,457,7,1,1,9,534,466,337,31,242,16
4,1000,70,5.13,10.3,18,37,59,960,28,4,8,40,7.585608823,240,358,172.9320987,100.0211964,8.03510764,7.123345334,482,18,3,4,25,478,10,1,4,15,507,493,330,28,226,14
6,1000,70,5.13,10.3,18,37,61,956,24,6,14,44,7.662630088,239,374,59.17356471,38.80339114,8.33969688,6.971885178,476,15,5,9,29,480,9,1,5,15,505,495,342,32,228,11
1,1000,70,5.13,10.3,18,37,65,960,22,12,6,40,7.418408996,282,366,88.15813272,53.07753258,8.630997173,6.181324088,477,16,9,3,28,483,6,3,3,12,505,495,345,21,269,13
2,1000,70,5.13,10.3,18,37,56,965,15,16,4,35,7.56770128,228,351,76.54473686,43.94473159,8.262168949,6.89779239,469,10,9,3,22,496,5,7,1,13,491,509,319,32,212,16
7,1000,70,5.13,10.3,18,37,57,963,23,6,8,37,7.75162552,242,340,70.75070875,36.08798931,8.717136249,6.816524578,462,19,4,7,30,501,4,2,1,7,492,508,321,19,221,21
5,1000,70,5.13,10.3,18,37,61,969,19,6,6,31,7.258567821,269,380,87.07563089,55.10747703,8.421433837,6.132327507,464,16,6,6,28,505,3,0,0,3,492,508,359,21,251,18
8,1000,70,5.13,10.3,18,37,59,950,36,10,4,50,8.21085044,232,336,67.09858025,36.01678105,9.173457461,7.188700717,480,26,7,2,35,470,10,3,2,15,515,485,296,40,219,13
3,1000,70,5.13,10.3,18,37,66,961,18,11,10,39,7.574547058,275,360,109.1337864,61.22003674,9.057400808,5.875311216,503,12,10,9,31,458,6,1,1,8,534,466,325,35,261,14
4,1000,70,5.13,10.3,18,37,60,960,27,5,8,40,7.600408075,245,351,178.7724752,103.8413133,8.066577299,7.121000781,482,17,4,4,25,478,10,1,4,15,507,493,321,30,232,13
6,1000,70,5.13,10.3,18,37,62,956,24,6,14,44,7.673875303,254,370,62.05717985,40.63365058,8.399625889,6.933463088,476,15,5,9,29,480,9,1,5,15,505,495,344,26,243,11
1,1000,70,5.13,10.3,18,37,66,961,21,12,6,39,7.412968883,258,383,92.95230381,55.80027132,8.673070613,6.127410552,477,16,9,3,28,484,5,3,3,11,505,495,354,29,254,4
5,1000,70,5.13,10.3,18,37,62,969,19,6,6,31,7.266530504,272,394,93.49975833,58.91557007,8.478835167,6.092408666,464,16,6,6,28,505,3,0,0,3,492,508,366,28,263,9
2,1000,70,5.13,10.3,18,37,57,966,15,15,4,34,7.530965918,237,338,79.75571526,45.90085681,8.306116837,6.783227015,469,10,9,3,22,497,5,6,1,12,491,509,306,32,226,11
7,1000,70,5.13,10.3,18,37,58,963,22,7,8,37,7.751308605,234,338,75.25270575,38.29734907,8.747614738,6.786382193,462,19,4,7,30,501,3,3,1,7,492,508,311,27,219,15
8,1000,70,5.13,10.3,18,37,60,950,34,12,4,50,8.217286425,244,337,69.62022845,37.47739163,9.212160109,7.160874163,480,24,9,2,35,470,10,3,2,15,515,485,308,29,228,16
3,1000,70,5.13,10.3,18,37,67,962,17,11,10,38,7.558819278,261,369,113.3313599,63.45750064,9.077016271,5.819082809,503,12,10,9,31,459,5,1,1,7,534,466,340,29,248,13
4,1000,70,5.13,10.3,18,37,61,959,28,5,8,41,7.598666819,252,364,185.3737903,107.9251423,8.097964553,7.085190244,482,17,4,4,25,477,11,1,4,16,507,493,327,37,233,19
6,1000,70,5.13,10.3,18,37,63,956,24,6,14,44,7.65892887,281,399,65.13900966,42.88437725,8.426361752,6.875992294,476,15,5,9,29,480,9,1,5,15,505,495,361,38,266,15
1,1000,70,5.13,10.3,18,37,67,961,21,12,6,39,7.39140791,320,398,97.35689294,58.56930659,8.693611376,6.062897303,477,16,9,3,28,484,5,3,3,11,505,495,368,30,296,24
5,1000,70,5.13,10.3,18,37,63,969,18,7,6,31,7.279252465,287,378,103.0340838,64.62652213,8.563651529,6.035306914,464,15,7,6,28,505,3,0,0,3,492,508,358,20,277,10
7,1000,70,5.13,10.3,18,37,59,961,24,7,8,39,7.743548438,241,353,77.95508088,40.1210138,8.811806377,6.708936419,461,20,4,7,31,500,4,3,1,8,492,508,322,31,230,11
2,1000,70,5.13,10.3,18,37,58,967,13,15,5,33,7.52481154,244,352,83.70364912,48.21803906,8.371039324,6.708509296,469,9,9,4,22,498,4,6,1,11,491,509,326,26,228,16
8,1000,70,5.13,10.3,18,37,61,949,35,12,4,51,8.215313422,228,351,71.79727873,38.7451169,9.249334846,7.117331909,479,25,9,2,36,470,10,3,2,15,515,485,322,29,219,9
3,1000,70,5.13,10.3,18,37,68,961,17,11,11,39,7.567582616,275,362,121.7484496,67.71294694,9.119355886,5.789370327,502,13,10,9,32,459,4,1,2,7,534,466,337,25,252,23
4,1000,70,5.13,10.3,18,37,62,961,26,5,8,39,7.586126701,261,363,190.7374057,111.068355,8.160742903,6.995192798,482,17,4,4,25,479,9,1,4,14,507,493,326,37,238,23
6,1000,70,5.13,10.3,18,37,64,955,25,6,14,45,7.638681541,249,364,68.9171256,45.60456108,8.449348146,6.811637833,476,15,5,9,29,479,10,1,5,16,505,495,340,24,238,11
1,1000,70,5.13,10.3,18,37,68,960,22,12,6,40,7.415859837,290,392,101.800828,61.07172524,8.749229861,6.055553045,475,18,9,3,30,485,4,3,3,10,505,495,365,27,282,8
5,1000,70,5.13,10.3,18,37,64,969,18,7,6,31,7.254359146,281,397,111.2370444,69.71338472,8.599661103,5.951428904,464,15,7,6,28,505,3,0,0,3,492,508,374,23,270,11
7,1000,70,5.13,10.3,18,37,60,961,24,7,8,39,7.691903027,251,354,80.13180948,41.67443681,8.80290156,6.615896575,461,20,4,7,31,500,4,3,1,8,492,508,329,25,240,11
2,1000,70,5.13,10.3,18,37,59,967,14,14,5,33,7.538326556,237,356,90.71115043,52.46381049,8.44960103,6.659277898,468,10,9,4,23,499,4,5,1,10,491,509,322,34,226,11
8,1000,70,5.13,10.3,18,37,62,949,35,12,4,51,8.211563723,236,351,74.70291085,40.40592424,9.279202066,7.077885896,479,25,9,2,36,470,10,3,2,15,515,485,328,23,224,12
4,1000,70,5.13,10.3,18,37,63,961,25,6,8,39,7.578327222,257,365,200.8360164,117.5799076,8.17983503,6.959738057,483,15,5,4,24,478,10,1,4,15,507,493,337,28,242,15
3,1000,70,5.13,10.3,18,37,69,961,17,11,11,39,7.556427842,282,357,127.0361945,70.4973428,9.14181058,5.7397017,502,13,10,9,32,459,4,1,2,7,534,466,331,26,267,15
6,1000,70,5.13,10.3,18,37,65,955,25,6,14,45,7.639251203,269,391,72.70220309,48.17519393,8.479136173,6.782398859,476,15,5,9,29,479,10,1,5,16,505,495,362,29,251,18
7,1000,70,5.13,10.3,18,37,61,959,26,7,8,41,7.661634679,258,363,85.32664639,44.12867428,8.818270747,6.541428094,461,20,4,7,31,498,6,3,1,10,492,508,330,33,245,13
5,1000,70,5.13,10.3,18,37,65,968,18,7,7,32,7.273180192,277,415,117.4741413,74.05431029,8.642664424,5.946829321,463,15,7,7,29,505,3,0,0,3,492,508,383,32,271,6
1,1000,70,5.13,10.3,18,37,69,961,22,10,7,39,7.404942663,277,389,107.2583491,64.31099165,8.803676924,5.977951144,475,18,8,4,30,486,4,2,3,9,505,495,359,30,263,14
8,1000,70,5.13,10.3,18,37,63,949,35,12,4,51,8.238766496,247,379,78.38919957,42.45719566,9.333773833,7.076026747,479,25,9,2,36,470,10,3,2,15,515,485,342,37,232,15
2,1000,70,5.13,10.3,18,37,60,967,14,14,5,33,7.56963741,250,377,99.57811992,57.50442323,8.532100702,6.641210148,467,11,9,4,24,500,3,5,1,9,491,509,337,40,235,15
4,1000,70,5.13,10.3,18,37,64,962,24,5,9,38,7.579587257,268,370,214.272728,126.7876461,8.2347684,6.905800565,484,14,4,5,23,478,10,1,4,15,507,493,342,28,254,14
3,1000,70,5.13,10.3,18,37,70,961,17,11,11,39,7.557189449,281,379,133.7048155,73.79274438,9.154536454,5.72675318,502,13,10,9,32,459,4,1,2,7,534,466,353,26,264,17
6,1000,70,5.13,10.3,18,37,66,955,25,6,14,45,7.622101238,302,389,77.28019119,51.03314868,8.494980996,6.731587546,476,15,5,9,29,479,10,1,5,16,505,495,356,33,286,16
7,1000,70,5.13,10.3,18,37,62,959,26,7,8,41,7.668862237,254,374,90.98186763,47.03329776,8.852002202,6.522986522,461,20,4,7,31,498,6,3,1,10,492,508,342,32,242,12
5,1000,70,5.13,10.3,18,37,66,968,18,7,7,32,7.237773716,294,395,121.7326017,77.11551845,8.690321092,5.830975864,463,15,7,7,29,505,3,0,0,3,492,508,374,21,284,10
1,1000,70,5.13,10.3,18,37,70,961,22,10,7,39,7.405736134,297,394,113.0860352,67.53680654,8.813471751,5.969561414,475,18,8,4,30,486,4,2,3,9,505,495,370,24,283,14
8,1000,70,5.13,10.3,18,37,64,949,35,12,4,51,8.246207325,252,362,82.84234543,44.9687517,9.358642187,7.064962058,479,25,9,2,36,470,10,3,2,15,515,485,335,27,241,11
2,1000,70,5.13,10.3,18,37,61,967,14,14,5,33,7.565760966,247,383,109.7013252,63.31317405,8.562211294,6.604548568,467,11,9,4,24,500,3,5,1,9,491,509,353,30,239,8
3,1000,70,5.13,10.3,18,37,71,961,17,11,11,39,7.558853907,279,372,141.3982952,77.62073651,9.186234318,5.694001677,502,13,10,9,32,459,4,1,2,7,534,466,343,29,265,14
6,1000,70,5.13,10.3,18,37,67,957,24,5,14,43,7.616297388,278,387,81.41530718,53.79133932,8.527227967,6.686964171,476,15,5,9,29,481,9,0,5,14,505,495,363,24,269,9
4,1000,70,5.13,10.3,18,37,65,965,22,5,8,35,7.54435587,279,375,228.7695767,136.8612989,8.262559244,6.805757268,484,14,4,5,23,481,8,1,3,12,507,493,353,22,266,13
5,1000,70,5.13,10.3,18,37,67,969,16,8,7,31,7.203399282,310,412,130.0986479,82.43927764,8.722232768,5.73240307,463,14,8,7,29,506,2,0,0,2,492,508,377,35,295,15
7,1000,70,5.13,10.3,18,37,63,958,27,7,8,42,7.658519901,261,358,95.41561863,50.36669941,8.880020087,6.475492161,461,20,4,7,31,497,7,3,1,11,492,508,332,26,249,12
1,1000,70,5.13,10.3,18,37,71,960,24,10,6,40,7.405248498,296,403,120.9112971,71.97590569,8.878116708,5.902625375,473,20,8,4,32,487,4,2,2,8,505,495,380,23,287,9
8,1000,70,5.13,10.3,18,37,65,948,36,12,4,52,8.229657075,265,385,86.46990144,46.9459813,9.403679305,6.983014914,477,27,9,2,38,471,9,3,2,14,515,485,355,30,241,24
2,1000,70,5.13,10.3,18,37,62,966,14,14,6,34,7.620766069,234,367,116.7920771,67.33578356,8.659390627,6.618870867,467,11,8,5,24,499,3,6,1,10,491,509,347,20,224,10
6,1000,70,5.13,10.3,18,37,68,957,24,5,14,43,7.602947686,297,392,85.19929608,56.81110342,8.573977057,6.61230156,476,15,5,9,29,481,9,0,5,14,505,495,367,25,281,16
3,1000,70,5.13,10.3,18,37,72,961,17,11,11,39,7.584742769,283,380,151.1330187,82.65600685,9.247613903,5.679220911,502,13,10,9,32,459,4,1,2,7,534,466,353,27,274,9
4,1000,70,5.13,10.3,18,37,66,966,21,5,8,34,7.546949301,251,380,251.0129104,150.7037578,8.318517792,6.753470142,484,14,4,5,23,482,7,1,3,11,507,493,356,24,241,10
5,1000,70,5.13,10.3,18,37,68,968,17,8,7,32,7.21439163,292,427,134.9374648,85.27984551,8.768188343,5.709533396,463,14,8,7,29,505,3,0,0,3,492,508,400,27,282,10
7,1000,70,5.13,10.3,18,37,64,958,27,7,8,42,7.631636793,258,389,101.2473246,54.95230382,8.921013435,6.382870439,460,21,4,7,32,498,6,3,1,10,492,508,362,27,249,9
1,1000,70,5.13,10.3,18,37,72,960,24,10,6,40,7.41593143,295,414,126.0155466,74.98482446,8.913506655,5.88810216,473,20,8,4,32,487,4,2,2,8,505,495,387,27,289,6
8,1000,70,5.13,10.3,18,37,66,949,33,13,5,51,8.248570308,248,392,90.3675351,49.08857653,9.46526268,6.956618614,477,25,10,3,38,472,8,3,2,13,515,485,360,32,239,9
6,1000,70,5.13,10.3,18,37,69,957,24,5,14,43,7.587590649,271,394,88.98237378,58.96260916,8.586392181,6.568611309,476,15,5,9,29,481,9,0,5,14,505,495,371,23,261,10
3,1000,70,5.13,10.3,18,37,73,961,17,11,11,39,7.54269218,279,403,159.4098956,87.02724328,9.247219415,5.589435649,502,13,10,9,32,459,4,1,2,7,534,466,372,31,268,11
5,1000,70,5.13,10.3,18,37,69,969,16,7,8,31,7.183293661,315,417,143.547909,90.81438683,8.812621714,5.605283026,463,14,7,8,29,506,2,0,0,2,492,508,395,22,298,17
4,1000,70,5.13,10.3,18,37,67,966,21,5,8,34,7.515157102,285,381,263.8618665,157.5730448,8.341209084,6.665647255,484,14,4,5,23,482,7,1,3,11,507,493,354,27,270,15
2,1000,70,5.13,10.3,18,37,63,965,15,14,6,35,7.620284348,269,390,128.7481496,73.8624145,8.70568492,6.573267293,466,12,8,5,25,499,3,6,1,10,491,509,362,28,262,7
7,1000,70,5.13,10.3,18,37,65,958,27,7,8,42,7.6175366,286,377,106.1797214,58.86335826,8.96432404,6.313167662,460,21,4,7,32,498,6,3,1,10,492,508,352,25,275,11
1,1000,70,5.13,10.3,18,37,73,960,24,10,6,40,7.382035203,306,419,132.405919,78.72491995,8.935872114,5.796807648,473,20,8,4,32,487,4,2,2,8,505,495,398,21,288,18
8,1000,70,5.13,10.3,18,37,67,946,36,13,5,54,8.258472433,266,377,93.80440495,51.10583123,9.527483144,6.910966214,474,28,10,3,41,472,8,3,2,13,515,485,345,32,257,9
6,1000,70,5.13,10.3,18,37,70,957,24,5,14,43,7.561774081,305,386,93.84986401,62.07533138,8.598925157,6.503670458,475,16,5,9,30,482,8,0,5,13,505,495,362,24,293,12
5,1000,70,5.13,10.3,18,37,70,969,16,7,8,31,7.179979821,318,420,148.8613387,94.0656919,8.829316629,5.582590628,463,14,7,8,29,506,2,0,0,2,492,508,389,31,307,11
3,1000,70,5.13,10.3,18,37,74,962,17,10,11,38,7.518828292,302,390,168.3040141,91.69734218,9.251926941,5.532831127,502,13,10,9,32,460,4,0,2,6,534,466,370,20,288,14
4,1000,70,5.13,10.3,18,37,68,964,23,5,8,36,7.505262391,291,384,276.345008,165.2034984,8.399993112,6.585123495,483,15,4,5,24,481,8,1,3,12,507,493,368,16,285,6
2,1000,70,5.13,10.3,18,37,64,965,15,14,6,35,7.636756611,258,397,141.1890676,80.8334493,8.75451532,6.558525715,466,12,8,5,25,499,3,6,1,10,491,509,365,32,243,15
7,1000,70,5.13,10.3,18,37,66,957,28,7,8,43,7.649147219,268,378,116.6439398,66.11403139,9.047101288,6.2952232,459,22,4,7,33,498,6,3,1,10,492,508,345,33,255,13
1,1000,70,5.13,10.3,18,37,74,960,23,11,6,40,7.423078122,308,398,142.0457427,84.76308744,9.009475454,5.804632358,473,19,9,4,32,487,4,2,2,8,505,495,379,19,295,13
6,1000,70,5.13,10.3,18,37,71,958,23,5,14,42,7.557756436,302,401,98.68473871,65.56105345,8.656844391,6.436464683,475,16,5,9,30,483,7,0,5,12,505,495,380,21,288,14
8,1000,70,5.13,10.3,18,37,68,945,36,14,5,55,8.277021837,267,394,98.87540561,53.68808252,9.581290974,6.892076259,473,29,10,3,42,472,7,4,2,13,515,485,365,29,254,13
5,1000,70,5.13,10.3,18,37,71,968,17,7,8,32,7.176685595,330,432,155.3030808,98.48264485,8.872726847,5.534062965,462,15,7,8,30,506,2,0,0,2,492,508,415,17,318,12
4,1000,70,5.13,10.3,18,37,69,965,22,5,8,35,7.452031059,291,375,286.1044046,172.3122493,8.446840585,6.428971363,483,15,4,5,24,482,7,1,3,11,507,493,356,19,284,7
3,1000,70,5.13,10.3,18,37,75,961,16,11,12,39,7.533156341,307,376,178.9675426,97.11523211,9.336671348,5.466467469,501,12,11,10,33,460,4,0,2,6,534,466,358,18,286,21
7,1000,70,5.13,10.3,18,37,67,958,27,7,8,42,7.62574897,284,387,126.9002188,70.1410097,9.065922038,6.230935684,459,22,4,7,33,499,5,3,1,9,492,508,360,27,277,7
2,1000,70,5.13,10.3,18,37,65,966,15,13,6,34,7.615180952,276,395,153.9061118,87.92070727,8.78856406,6.483292728,466,12,8,5,25,500,3,5,1,9,491,509,367,28,262,14
1,1000,70,5.13,10.3,18,37,75,960,23,11,6,40,7.413867693,336,420,150.0146779,89.50518039,9.038611195,5.756301089,473,19,9,4,32,487,4,2,2,8,505,495,391,29,317,19
6,1000,70,5.13,10.3,18,37,72,957,24,5,14,43,7.544954598,303,417,105.0142817,69.8109744,8.682128448,6.38480754,474,17,5,9,31,483,7,0,5,12,505,495,390,27,289,14
5,1000,70,5.13,10.3,18,37,72,966,19,7,8,34,7.177744093,334,422,165.1670124,104.2083113,8.926537187,5.484031096,461,16,7,8,31,505,3,0,0,3,492,508,410,12,327,7
8,1000,70,5.13,10.3,18,37,69,944,37,14,5,56,8.275751834,274,394,101.7655836,55.2532386,9.611728779,6.857137139,472,30,9,4,43,472,7,5,1,13,515,485,364,30,265,9
4,1000,70,5.13,10.3,18,37,70,965,22,5,8,35,7.456141293,275,386,297.8038593,179.4297688,8.496284321,6.386460735,483,15,4,5,24,482,7,1,3,11,507,493,364,22,265,10
3,1000,70,5.13,10.3,18,37,76,962,16,11,11,38,7.532336174,303,390,188.9797806,102.6778459,9.354376293,5.444418955,501,12,11,10,33,461,4,0,1,5,534,466,362,28,291,12
7,1000,70,5.13,10.3,18,37,68,958,27,7,8,42,7.587249264,287,380,138.9909422,79.05334743,9.062161875,6.158790594,459,22,4,7,33,499,5,3,1,9,492,508,358,22,276,11
2,1000,70,5.13,10.3,18,37,66,966,14,14,6,34,7.608038598,278,394,167.0512087,95.28132521,8.796948887,6.461172289,466,11,9,5,25,500,3,5,1,9,491,509,375,19,267,11
5,1000,70,5.13,10.3,18,37,73,965,20,7,8,35,7.19064165,351,437,175.1283009,110.3547951,8.968552614,5.468727881,461,16,7,8,31,504,4,0,0,4,492,508,409,28,339,12
1,1000,70,5.13,10.3,18,37,76,961,23,11,5,39,7.402140046,313,425,157.596542,94.20405766,9.05812628,5.712699544,473,19,9,4,32,488,4,2,1,7,505,495,402,23,304,9
6,1000,70,5.13,10.3,18,37,73,957,24,5,14,43,7.552147103,284,413,114.2339878,75.62884731,8.730604319,6.34988267,474,17,5,9,31,483,7,0,5,12,505,495,383,30,276,8
8,1000,70,5.13,10.3,18,37,70,946,35,14,5,54,8.241283993,287,401,104.5670283,57.10319239,9.682519348,6.710900058,472,30,9,4,43,474,5,5,1,11,515,485,371,30,278,9
4,1000,70,5.13,10.3,18,37,71,965,22,5,8,35,7.454634396,279,404,311.2167713,187.2174364,8.499289059,6.380314083,483,15,4,5,24,482,7,1,3,11,507,493,373,31,271,8
3,1000,70,5.13,10.3,18,37,77,961,16,12,11,39,7.535388167,298,393,199.8146919,108.209661,9.403566658,5.394599939,500,12,12,10,34,461,4,0,1,5,534,466,373,20,291,7
7,1000,70,5.13,10.3,18,37,69,958,27,7,8,42,7.566413201,280,388,153.4648792,90.340043,9.115328293,6.066282836,459,22,4,7,33,499,5,3,1,9,492,508,364,24,268,12
5,1000,70,5.13,10.3,18,37,74,965,20,7,8,35,7.189458392,330,426,182.0080431,115.0266519,8.999767955,5.436166453,461,16,7,8,31,504,4,0,0,4,492,508,401,25,321,9
2,1000,70,5.13,10.3,18,37,67,965,15,14,6,35,7.607261096,307,401,180.9225728,103.1612698,8.882278485,6.377332731,465,12,9,5,26,500,3,5,1,9,491,509,372,29,290,17
6,1000,70,5.13,10.3,18,37,74,958,23,5,14,42,7.554185655,298,420,121.9069849,80.4242214,8.804979897,6.278122843,474,17,5,9,31,484,6,0,5,11,505,495,405,15,291,7
1,1000,70,5.13,10.3,18,37,77,960,24,11,5,40,7.39303736,313,417,165.1388883,99.01154821,9.096011354,5.655659851,473,19,9,4,32,487,5,2,1,8,505,495,405,12,298,15
4,1000,70,5.13,10.3,18,37,72,965,22,5,8,35,7.467957625,291,393,320.937159,194.618362,8.569603935,6.335027241,483,15,4,5,24,482,7,1,3,11,507,493,369,24,279,12
8,1000,70,5.13,10.3,18,37,71,947,34,14,5,53,8.223867629,290,395,109.3648254,59.19019323,9.704649004,6.651491529,473,29,9,4,42,474,5,5,1,11,515,485,364,31,280,10
3,1000,70,5.13,10.3,18,37,78,960,17,12,11,40,7.542158123,301,396,211.7712719,114.0447892,9.421162551,5.388964209,499,13,12,10,35,461,4,0,1,5,534,466,370,26,289,12
7,1000,70,5.13,10.3,18,37,70,959,25,8,8,41,7.610417841,285,397,162.7257514,98.01992157,9.220053906,6.051478974,460,20,5,7,32,499,5,3,1,9,492,508,376,21,279,6
5,1000,70,5.13,10.3,18,37,75,965,21,6,8,35,7.140152837,347,454,192.7019335,121.4256224,8.981465753,5.356834028,461,17,6,8,31,504,4,0,0,4,492,508,425,29,338,9
6,1000,70,5.13,10.3,18,37,75,957,24,4,15,43,7.533166701,316,423,130.1194712,85.12289265,8.865942874,6.173465756,474,17,4,10,31,483,7,0,5,12,505,495,394,29,306,10
1,1000,70,5.13,10.3,18,37,78,959,25,11,5,41,7.401608806,321,421,176.220098,105.7425373,9.180654673,5.586622619,472,20,9,4,33,487,5,2,1,8,505,495,401,20,305,16
2,1000,70,5.13,10.3,18,37,68,963,17,14,6,37,7.637430397,301,385,193.747198,110.6258532,8.951384275,6.369942471,463,14,9,5,28,500,3,5,1,9,491,509,367,18,288,13
8,1000,70,5.13,10.3,18,37,72,945,34,16,5,55,8.229104769,294,399,114.229114,61.66907995,9.771404005,6.591405582,471,29,11,4,44,474,5,5,1,11,515,485,372,27,276,18
4,1000,70,5.13,10.3,18,37,73,964,22,6,8,36,7.466017476,287,408,329.8763731,200.6959811,8.599221535,6.300633179,481,17,4,5,26,483,5,2,3,10,507,493,378,30,275,12
3,1000,70,5.13,10.3,18,37,79,961,16,12,11,39,7.508943199,305,383,227.7366142,121.6139205,9.4392362,5.296976542,499,13,12,10,35,462,3,0,1,4,534,466,362,21,295,10
7,1000,70,5.13,10.3,18,37,71,959,25,7,9,41,7.580741305,300,386,180.0778839,110.0259981,9.255430232,5.958798485,460,20,4,8,32,499,5,3,1,9,492,508,366,20,293,7
5,1000,70,5.13,10.3,18,37,76,965,21,6,8,35,7.119761322,348,436,202.4520816,127.6842089,9.010185877,5.288877697,461,17,6,8,31,504,4,0,0,4,492,508,415,21,343,5
6,1000,70,5.13,10.3,18,37,76,957,24,4,15,43,7.552456729,323,429,138.9217132,90.20133247,8.917782606,6.159548512,474,17,4,10,31,483,7,0,5,12,505,495,407,22,314,9
1,1000,70,5.13,10.3,18,37,79,959,25,11,5,41,7.402289545,337,439,182.7443073,109.8418595,9.24196272,5.525451256,472,20,9,4,33,487,5,2,1,8,505,495,419,20,323,14
2,1000,70,5.13,10.3,18,37,69,962,17,15,6,38,7.626971982,297,411,206.1895536,118.1303232,8.989732548,6.312403341,462,14,10,5,29,500,3,5,1,9,491,509,383,28,281,16
8,1000,70,5.13,10.3,18,37,73,943,36,15,6,57,8.230192308,302,398,119.7244357,64.89265886,9.821851891,6.540079556,469,31,11,4,46,474,5,4,2,11,515,485,376,22,292,10
4,1000,70,5.13,10.3,18,37,74,964,22,6,8,36,7.477606493,318,398,345.9629407,211.1664772,8.668203876,6.253199042,481,17,4,5,26,483,5,2,3,10,507,493,378,20,308,10
3,1000,70,5.13,10.3,18,37,80,962,15,12,11,38,7.482546787,323,401,248.4270151,131.8392254,9.439476128,5.240056942,500,12,12,10,34,462,3,0,1,4,534,466,377,24,305,18
7,1000,70,5.13,10.3,18,37,72,960,24,7,9,40,7.552684871,294,407,192.3810622,121.2154046,9.253174135,5.905754325,460,20,4,8,32,500,4,3,1,8,492,508,384,23,286,8
5,1000,70,5.13,10.3,18,37,77,965,21,6,8,35,7.132288282,357,453,216.158364,136.1944033,9.066937283,5.258573108,461,17,6,8,31,504,4,0,0,4,492,508,424,29,349,8
6,1000,70,5.13,10.3,18,37,77,958,24,4,14,42,7.524367521,315,420,147.8294616,95.52225012,8.940088934,6.080045674,474,17,4,10,31,484,7,0,4,11,505,495,405,15,302,13
1,1000,70,5.13,10.3,18,37,80,957,27,11,5,43,7.420511452,342,440,193.9109191,117.0546108,9.329225031,5.473238002,470,22,9,4,35,487,5,2,1,8,505,495,421,19,332,10
8,1000,70,5.13,10.3,18,37,74,943,36,15,6,57,8.192264357,295,406,123.7988976,67.26286512,9.840539063,6.442034515,469,31,11,4,46,474,5,4,2,11,515,485,390,16,286,9
4,1000,70,5.13,10.3,18,37,75,963,22,7,8,37,7.475591173,312,403,371.0232395,225.1989792,8.705938139,6.210305347,480,17,5,5,27,483,5,2,3,10,507,493,382,21,301,11
3,1000,70,5.13,10.3,18,37,81,963,15,12,10,37,7.486049028,329,399,264.6680426,140.0389206,9.491013337,5.18851482,500,12,12,10,34,463,3,0,0,3,534,466,379,20,316,13
2,1000,70,5.13,10.3,18,37,70,962,17,15,6,38,7.612666382,310,398,215.8518142,123.5546777,9.018985812,6.25607927,462,14,10,5,29,500,3,5,1,9,491,509,384,14,293,17
5,1000,70,5.13,10.3,18,37,78,964,22,6,8,36,7.126971391,344,440,234.3262612,147.8508274,9.126309344,5.190604713,460,18,6,8,32,504,4,0,0,4,492,508,427,13,336,8
7,1000,70,5.13,10.3,18,37,73,959,25,6,10,41,7.566274421,309,400,215.4076484,142.6979982,9.303533214,5.883732441,459,21,3,9,33,500,4,3,1,8,492,508,386,14,294,15
6,1000,70,5.13,10.3,18,37,78,957,25,3,15,43,7.555093865,335,428,156.6908765,100.9738145,9.00828505,6.072545282,473,18,3,11,32,484,7,0,4,11,505,495,406,22,327,8
1,1000,70,5.13,10.3,18,37,81,957,27,11,5,43,7.417710248,318,421,203.8662881,124.2088531,9.363690399,5.432417367,470,22,9,4,35,487,5,2,1,8,505,495,400,21,309,9
8,1000,70,5.13,10.3,18,37,75,942,36,16,6,58,8.185243404,302,415,128.5677053,70.32693387,9.878624515,6.38711707,469,30,12,4,46,473,6,4,2,12,515,485,393,22,289,13
4,1000,70,5.13,10.3,18,37,76,963,22,7,8,37,7.472761576,313,406,394.2710663,246.7199689,8.787973671,6.120200659,480,17,5,5,27,483,5,2,3,10,507,493,379,27,297,16
3,1000,70,5.13,10.3,18,37,82,963,15,12,10,37,7.485202621,318,404,278.9829909,146.8598524,9.53248941,5.139170119,500,12,12,10,34,463,3,0,0,3,534,466,382,22,307,11
5,1000,70,5.13,10.3,18,37,79,965,21,6,8,35,7.113226483,376,438,253.1288816,159.4725256,9.151955059,5.13870983,460,18,6,8,32,505,3,0,0,3,492,508,419,19,364,12
2,1000,70,5.13,10.3,18,37,71,961,18,14,7,39,7.594869082,301,408,226.4491547,129.2915884,9.068340838,6.173504382,461,15,9,6,30,500,3,5,1,9,491,509,387,21,290,11
7,1000,70,5.13,10.3,18,37,74,957,26,7,10,43,7.570225037,302,413,241.8816623,165.0581102,9.360609367,5.836230764,457,22,4,9,35,500,4,3,1,8,492,508,388,25,291,11
6,1000,70,5.13,10.3,18,37,79,953,29,3,15,47,7.574261693,319,431,168.4541242,108.0126132,9.094372954,6.023441113,470,21,3,11,35,483,8,0,4,12,505,495,410,21,313,6
1,1000,70,5.13,10.3,18,37,82,956,28,12,4,44,7.395589996,346,436,216.2232542,132.1184892,9.389269132,5.361634514,469,23,9,4,36,487,5,3,0,8,505,495,422,14,331,15
8,1000,70,5.13,10.3,18,37,76,942,36,16,6,58,8.147367965,323,416,134.9577752,73.3461984,9.884964447,6.302291289,469,30,12,4,46,473,6,4,2,12,515,485,394,22,309,14
4,1000,70,5.13,10.3,18,37,77,964,22,7,7,36,7.441689649,316,416,419.6223508,268.21093,8.787973671,6.057174439,480,17,5,5,27,484,5,2,2,9,507,493,392,24,310,6
5,1000,70,5.13,10.3,18,37,80,964,22,6,8,36,7.107964533,353,442,271.8160749,170.8887661,9.212810604,5.069412827,460,18,6,8,32,504,4,0,0,4,492,508,425,17,344,9
3,1000,70,5.13,10.3,18,37,83,963,15,12,10,37,7.4834025,318,408,300.4676966,157.2434034,9.557964003,5.106115285,500,12,12,10,34,463,3,0,0,3,534,466,388,20,300,18
7,1000,70,5.13,10.3,18,37,75,957,26,7,10,43,7.534946511,315,413,270.3561788,190.6631296,9.383677064,5.744443691,457,22,4,9,35,500,4,3,1,8,492,508,390,23,308,7
6,1000,70,5.13,10.3,18,37,80,952,30,3,15,48,7.548568468,343,443,183.0829179,116.6848228,9.128126247,5.93710043,470,21,3,11,35,482,9,0,4,13,505,495,421,22,333,10
2,1000,70,5.13,10.3,18,37,72,961,18,14,7,39,7.574297514,310,416,240.752443,136.7205137,9.058688164,6.14240005,461,15,9,6,30,500,3,5,1,9,491,509,391,25,297,13
1,1000,70,5.13,10.3,18,37,83,956,28,11,5,44,7.378541385,333,443,226.8918621,138.4457626,9.488252771,5.226209568,469,22,9,5,36,487,6,2,0,8,505,495,417,26,324,9
8,1000,70,5.13,10.3,18,37,77,943,36,15,6,57,8.128866596,309,416,141.9613405,76.99258899,9.875751815,6.273926621,470,30,11,4,45,473,6,4,2,12,515,485,394,22,297,12
4,1000,70,5.13,10.3,18,37,78,964,22,7,7,36,7.419350726,339,408,446.9497506,291.069704,8.842778409,5.955501161,480,17,5,5,27,484,5,2,2,9,507,493,393,15,328,11
5,1000,70,5.13,10.3,18,37,81,965,21,6,8,35,7.087571214,380,451,288.4889737,181.328875,9.268364484,4.975464346,460,18,6,8,32,505,3,0,0,3,492,508,436,15,368,12
7,1000,70,5.13,10.3,18,37,76,955,28,7,10,45,7.570007493,326,410,295.2467453,211.3240381,9.485168072,5.715166932,457,22,4,9,35,498,6,3,1,10,492,508,394,16,313,13
3,1000,70,5.13,10.3,18,37,84,963,15,11,11,37,7.487342976,336,411,327.9999517,171.0871073,9.609227131,5.055827657,500,12,11,11,34,463,3,0,0,3,534,466,392,19,318,18
6,1000,70,5.13,10.3,18,37,81,952,29,4,15,48,7.515499142,343,443,196.2019402,125.6405384,9.167458068,5.830167309,470,20,4,11,35,482,9,0,4,13,505,495,421,22,334,9
2,1000,70,5.13,10.3,18,37,73,961,18,13,8,39,7.58003624,320,422,261.1166686,148.6121003,9.119318834,6.095188002,461,15,8,7,30,500,3,5,1,9,491,509,399,23,312,8
1,1000,70,5.13,10.3,18,37,84,955,28,11,6,45,7.364988542,354,440,238.8835441,145.2089571,9.520114661,5.166324522,468,22,9,6,37,487,6,2,0,8,505,495,418,22,342,12
8,1000,70,5.13,10.3,18,37,78,944,36,14,6,56,8.089286359,328,411,146.7038135,79.76147084,9.86957866,6.198872885,470,30,11,4,45,474,6,3,2,11,515,485,393,18,321,7
4,1000,70,5.13,10.3,18,37,79,963,23,7,7,37,7.408868572,338,418,467.2695866,312.9345027,8.867196846,5.909127324,480,17,5,5,27,483,6,2,2,10,507,493,399,19,332,6
5,1000,70,5.13,10.3,18,37,82,965,21,6,8,35,7.060155044,374,460,313.2873415,198.0958724,9.308689187,4.882440875,460,18,6,8,32,505,3,0,0,3,492,508,439,21,368,6
7,1000,70,5.13,10.3,18,37,77,955,28,7,10,45,7.576290705,330,419,314.562158,228.4761843,9.548548194,5.666151562,457,22,4,9,35,498,6,3,1,10,492,508,400,19,321,9
6,1000,70,5.13,10.3,18,37,82,952,29,5,14,48,7.493457293,353,447,209.8946258,133.0739218,9.219213049,5.732837784,470,20,4,11,35,482,9,1,3,13,505,495,429,18,341,12
3,1000,70,5.13,10.3,18,37,85,964,14,11,11,36,7.465709647,337,416,353.7318804,182.9900106,9.619025324,4.998176232,500,12,11,11,34,464,2,0,0,2,534,466,389,27,326,11
2,1000,70,5.13,10.3,18,37,74,961,18,13,8,39,7.600804017,308,433,284.0303958,161.9730244,9.208144737,6.050304423,461,15,8,7,30,500,3,5,1,9,491,509,406,27,295,13
8,1000,70,5.13,10.3,18,37,79,942,38,14,6,58,8.087124084,326,410,151.3903108,82.42096744,9.922916755,6.137777227,469,31,11,4,46,473,7,3,2,12,515,485,392,18,316,10
1,1000,70,5.13,10.3,18,37,85,955,28,11,6,45,7.385628526,355,430,247.9976435,150.1647493,9.549276719,5.178270267,468,22,9,6,37,487,6,2,0,8,505,495,416,14,344,11
4,1000,70,5.13,10.3,18,37,80,963,23,7,7,37,7.415162634,328,429,512.805498,348.5171867,8.902987625,5.885087035,480,17,5,5,27,483,6,2,2,10,507,493,410,19,321,7
5,1000,70,5.13,10.3,18,37,83,965,20,7,8,35,7.024643466,384,447,339.2410108,215.2565203,9.342039479,4.780236305,460,17,7,8,32,505,3,0,0,3,492,508,429,18,374,10
7,1000,70,5.13,10.3,18,37,78,955,28,7,10,45,7.567750639,350,421,341.2128758,256.4988607,9.550412145,5.647535164,457,22,4,9,35,498,6,3,1,10,492,508,404,17,336,14
6,1000,70,5.13,10.3,18,37,83,952,29,5,14,48,7.506398674,359,448,224.4754239,142.138112,9.266296883,5.710946965,470,20,4,11,35,482,9,1,3,13,505,495,428,20,349,10
3,1000,70,5.13,10.3,18,37,86,964,13,12,11,36,7.442027654,338,412,381.4921625,195.2869753,9.626042248,4.93931565,500,11,12,11,34,464,2,0,0,2,534,466,391,21,320,18
2,1000,70,5.13,10.3,18,37,75,961,18,13,8,39,7.568522741,320,431,303.6848832,173.2744635,9.204762296,5.990146274,461,15,8,7,30,500,3,5,1,9,491,509,414,17,303,17
8,1000,70,5.13,10.3,18,37,80,942,39,13,6,58,8.067150431,326,424,158.7787228,86.13038639,9.966969873,6.049816384,468,32,11,4,47,474,7,2,2,11,515,485,406,18,320,6
5,1000,70,5.13,10.3,18,37,84,965,20,7,8,35,7.001336215,369,455,358.2534633,229.4710707,9.353183391,4.723562967,460,17,7,8,32,505,3,0,0,3,492,508,435,20,362,7
4,1000,70,5.13,10.3,18,37,81,961,23,9,7,39,7.442804929,333,427,577.9730145,398.8913154,8.999982141,5.841407674,478,17,7,5,29,483,6,2,2,10,507,493,405,22,327,6
1,1000,70,5.13,10.3,18,37,86,956,28,10,6,44,7.394613192,363,443,261.2731558,157.850957,9.60696736,5.137565001,468,22,9,6,37,488,6,1,0,7,505,495,423,20,347,16
7,1000,70,5.13,10.3,18,37,79,954,29,7,10,46,7.542972478,348,414,358.2108517,266.4326014,9.596357408,5.554261089,456,23,4,9,36,498,6,3,1,10,492,508,399,15,337,11
6,1000,70,5.13,10.3,18,37,84,952,27,7,14,48,7.511457559,344,449,244.2267687,153.5480144,9.295427438,5.691447883,470,20,4,11,35,482,7,3,3,13,505,495,432,17,333,11
3,1000,70,5.13,10.3,18,37,87,964,13,12,11,36,7.434600158,329,415,416.3943657,210.514489,9.681162232,4.860213576,500,11,12,11,34,464,2,0,0,2,534,466,396,19,323,6
2,1000,70,5.13,10.3,18,37,76,962,18,12,8,38,7.545939265,336,417,323.7626061,185.5928531,9.242217353,5.909647437,461,15,8,7,30,501,3,4,1,8,491,509,398,19,325,11
8,1000,70,5.13,10.3,18,37,81,942,40,13,5,58,8.062780273,328,428,165.4343185,89.21774741,10.00492662,6.000501159,468,32,11,4,47,474,8,2,1,11,515,485,408,20,322,6
5,1000,70,5.13,10.3,18,37,85,965,20,7,8,35,6.997409453,381,454,387.4273721,249.460383,9.415771475,4.655216314,459,18,7,8,33,506,2,0,0,2,492,508,437,17,375,6
4,1000,70,5.13,10.3,18,37,82,962,23,8,7,38,7.427760772,345,427,602.0330875,412.3291963,9.053795628,5.755550483,478,17,7,5,29,484,6,1,2,9,507,493,403,24,330,15
1,1000,70,5.13,10.3,18,37,87,956,28,10,6,44,7.372616681,361,445,276.7759977,166.9552696,9.666366277,5.032528709,468,22,9,6,37,488,6,1,0,7,505,495,419,26,353,8
7,1000,70,5.13,10.3,18,37,80,953,30,7,10,47,7.533315345,328,429,402.872214,308.7185839,9.629111679,5.503528345,456,23,4,9,36,497,7,3,1,11,492,508,413,16,318,10
6,1000,70,5.13,10.3,18,37,85,953,26,7,14,47,7.495718319,363,448,264.8017425,165.2209828,9.312361155,5.642375628,470,20,4,11,35,483,6,3,3,12,505,495,434,14,352,11
3,1000,70,5.13,10.3,18,37,88,963,14,12,11,37,7.418965894,336,422,439.5768306,221.7443674,9.700772747,4.804191518,499,12,12,11,35,464,2,0,0,2,534,466,402,20,323,13
8,1000,70,5.13,10.3,18,37,82,941,41,14,4,59,7.98511298,335,436,172.0738064,92.93355827,10.00096072,5.844573624,468,31,12,4,47,473,10,2,0,12,515,485,412,24,322,13
5,1000,70,5.13,10.3,18,37,86,965,20,7,8,35,7.01686953,383,457,416.8329978,269.1280466,9.467724873,4.64320648,459,18,7,8,33,506,2,0,0,2,492,508,441,16,380,3
4,1000,70,5.13,10.3,18,37,83,961,24,8,7,39,7.430382295,342,433,640.8489083,437.4554638,9.121964831,5.690762932,478,17,7,5,29,483,7,1,2,10,507,493,414,19,331,11
2,1000,70,5.13,10.3,18,37,77,961,19,12,8,39,7.568852581,316,434,349.8171304,200.5533249,9.295686085,5.903085881,459,17,8,7,32,502,2,4,1,7,491,509,415,19,310,6
1,1000,70,5.13,10.3,18,37,88,956,28,10,6,44,7.372121777,362,459,295.6605011,178.7836805,9.700393993,4.996813759,468,22,9,6,37,488,6,1,0,7,505,495,437,22,351,11
7,1000,70,5.13,10.3,18,37,81,954,29,7,10,46,7.535154716,352,433,458.3842079,361.6150588,9.68476561,5.453248103,456,23,4,9,36,498,6,3,1,10,492,508,418,15,346,6
6,1000,70,5.13,10.3,18,37,86,954,24,8,14,46,7.492054963,363,458,290.704581,181.280493,9.378783805,5.567210388,470,20,4,11,35,484,4,4,3,11,505,495,434,24,360,3
3,1000,70,5.13,10.3,18,37,89,964,13,12,11,36,7.416547675,356,405,474.6184012,238.298223,9.73916456,4.755008155,499,12,12,11,35,465,1,0,0,1,534,466,389,16,343,13
5,1000,70,5.13,10.3,18,37,87,965,20,7,8,35,7.01890491,389,454,449.181835,291.782903,9.518600911,4.597939492,459,18,7,8,33,506,2,0,0,2,492,508,441,13,380,9
8,1000,70,5.13,10.3,18,37,83,941,41,14,4,59,7.999579069,341,428,180.5652072,97.10842068,10.02882928,5.844808221,467,32,12,4,48,474,9,2,0,11,515,485,411,17,325,16
4,1000,70,5.13,10.3,18,37,84,960,24,9,7,40,7.439486309,338,434,677.6929182,465.1897507,9.142922102,5.687677086,477,18,7,5,30,483,6,2,2,10,507,493,417,17,331,7
2,1000,70,5.13,10.3,18,37,78,960,20,11,9,40,7.575900502,340,433,372.5158038,214.266019,9.343106625,5.871188899,458,18,7,8,33,502,2,4,1,7,491,509,415,18,333,7
7,1000,70,5.13,10.3,18,37,82,956,27,7,10,44,7.514124041,352,432,541.0360078,446.1449184,9.737513361,5.360762731,456,22,5,9,36,500,5,2,1,8,492,508,417,15,347,5
1,1000,70,5.13,10.3,18,37,89,954,30,10,6,46,7.353211728,367,436,312.1662774,188.495788,9.753082306,4.904858917,466,24,9,6,39,488,6,1,0,7,505,495,423,13,358,9
6,1000,70,5.13,10.3,18,37,87,954,24,8,14,46,7.468341948,378,450,314.308055,195.5492541,9.392526527,5.505284954,469,21,4,11,36,485,3,4,3,10,505,495,432,18,366,12
3,1000,70,5.13,10.3,18,37,90,963,14,12,11,37,7.413224678,331,416,510.241013,255.6395337,9.775902085,4.705778895,498,13,12,11,36,465,1,0,0,1,534,466,402,14,322,9
5,1000,70,5.13,10.3,18,37,88,965,20,7,8,35,7.031782151,391,464,466.064234,304.3094175,9.575945162,4.56775026,459,18,7,8,33,506,2,0,0,2,492,508,448,16,387,4
8,1000,70,5.13,10.3,18,37,84,941,40,15,4,59,7.968360836,348,434,188.4599693,101.6666504,10.05753083,5.749963832,467,31,13,4,48,474,9,2,0,11,515,485,417,17,334,14
4,1000,70,5.13,10.3,18,37,85,958,26,9,7,42,7.424394991,351,434,713.1611197,489.2617111,9.186002816,5.612761791,476,19,7,5,31,482,7,2,2,11,507,493,412,22,345,6
7,1000,70,5.13,10.3,18,37,83,955,28,7,10,45,7.503292373,356,435,681.0582905,560.3023406,9.770494049,5.307498624,456,22,5,9,36,499,6,2,1,9,492,508,418,17,345,11
2,1000,70,5.13,10.3,18,37,79,961,19,11,9,39,7.577611708,352,443,397.769148,229.1913562,9.390628737,5.828709231,458,18,7,8,33,503,1,4,1,6,491,509,423,20,344,8
1,1000,70,5.13,10.3,18,37,90,955,29,10,6,45,7.341453365,376,458,337.966921,204.6707253,9.817742196,4.815138496,466,24,9,6,39,489,5,1,0,6,505,495,439,19,368,8
6,1000,70,5.13,10.3,18,37,88,954,25,7,14,46,7.413859826,365,463,334.3403298,208.0267482,9.409753445,5.377645123,468,22,4,11,37,486,3,3,3,9,505,495,443,20,359,6
5,1000,70,5.13,10.3,18,37,89,965,20,7,8,35,7.017274934,397,463,493.2733801,322.1041909,9.597671895,4.518150318,459,18,7,8,33,506,2,0,0,2,492,508,448,15,384,13
3,1000,70,5.13,10.3,18,37,91,963,14,12,11,37,7.400183192,357,421,547.3979871,274.0940683,9.799662305,4.650565497,498,13,12,11,36,465,1,0,0,1,534,466,401,20,351,6
8,1000,70,5.13,10.3,18,37,85,941,40,15,4,59,7.978080288,354,440,197.0404492,106.6873396,10.12048918,5.703151258,467,31,13,4,48,474,9,2,0,11,515,485,427,13,338,16
4,1000,70,5.13,10.3,18,37,86,958,25,10,7,42,7.429978233,345,442,767.6543503,522.8587704,9.261883051,5.546051776,476,18,8,5,31,482,7,2,2,11,507,493,420,22,338,7
7,1000,70,5.13,10.3,18,37,84,955,26,8,11,45,7.490898388,372,438,765.6754367,605.9861856,9.805453427,5.249242721,456,21,6,9,36,499,5,2,2,9,492,508,424,14,360,12
2,1000,70,5.13,10.3,18,37,80,959,21,11,9,41,7.586713584,350,429,441.8116559,252.4110731,9.482406342,5.758059076,457,19,7,8,34,502,2,4,1,7,491,509,415,14,337,13
6,1000,70,5.13,10.3,18,37,89,955,24,7,14,45,7.39949945,378,448,349.0704487,216.9931637,9.438105274,5.319709669,469,21,4,11,36,486,3,3,3,9,505,495,441,7,369,9
1,1000,70,5.13,10.3,18,37,91,954,30,10,6,46,7.329575397,379,461,360.0022847,218.7068789,9.857244044,4.750842737,465,25,9,6,40,489,5,1,0,6,505,495,440,21,370,9
5,1000,70,5.13,10.3,18,37,90,966,19,7,8,34,7.001387892,417,475,524.1016572,341.9777659,9.646434515,4.439649824,459,18,7,8,33,507,1,0,0,1,492,508,453,22,402,15
8,1000,70,5.13,10.3,18,37,86,940,41,15,4,60,7.984128068,351,453,205.6380587,111.5335959,10.1845343,5.647614232,466,32,13,4,49,474,9,2,0,11,515,485,431,22,343,8
3,1000,70,5.13,10.3,18,37,92,963,14,12,11,37,7.405339751,368,438,594.4298337,296.002603,9.866552816,4.584979715,498,13,12,11,36,465,1,0,0,1,534,466,413,25,358,10
4,1000,70,5.13,10.3,18,37,87,956,27,10,7,44,7.424125564,376,442,804.758823,553.4209457,9.285099317,5.510304685,476,18,8,5,31,480,9,2,2,13,507,493,421,21,366,10
7,1000,70,5.13,10.3,18,37,85,950,33,7,10,50,7.492543583,361,460,861.3766801,700.5175804,9.877377574,5.182822473,451,26,6,9,41,499,7,1,1,9,492,508,434,26,353,8
6,1000,70,5.13,10.3,18,37,90,954,25,7,14,46,7.358132598,386,465,372.4736275,231.2243265,9.461389799,5.212385353,469,21,4,11,36,485,4,3,3,10,505,495,442,23,375,11
2,1000,70,5.13,10.3,18,37,81,958,22,11,9,42,7.57683265,351,440,474.8961644,274.7269112,9.515921995,5.70631621,457,19,7,8,34,501,3,4,1,8,491,509,424,16,341,10
1,1000,70,5.13,10.3,18,37,92,954,30,10,6,46,7.311247777,370,464,393.1623917,238.3035434,9.868809687,4.702017949,465,25,9,6,40,489,5,1,0,6,505,495,447,17,362,8
5,1000,70,5.13,10.3,18,37,91,966,19,7,8,34,6.966454568,397,469,546.5934489,355.1731367,9.623446413,4.393147505,459,18,7,8,33,507,1,0,0,1,492,508,453,16,390,7
8,1000,70,5.13,10.3,18,37,87,943,38,14,5,57,7.968201102,362,437,214.7767498,116.6256203,10.25453461,5.540444901,466,32,12,5,49,477,6,2,0,8,515,485,420,17,352,10
3,1000,70,5.13,10.3,18,37,93,962,15,12,11,38,7.40134394,353,416,654.3312445,322.5849775,9.905012123,4.532333619,498,13,12,11,36,464,2,0,0,2,534,466,402,14,345,8
4,1000,70,5.13,10.3,18,37,88,956,27,10,7,44,7.446219559,357,441,860.3204087,598.7879684,9.324466413,5.514635066,476,18,8,5,31,480,9,2,2,13,507,493,424,17,351,6
7,1000,70,5.13,10.3,18,37,86,950,32,8,10,50,7.444830883,373,450,902.2589196,747.6475539,9.904790741,5.062350076,451,25,7,9,41,499,7,1,1,9,492,508,437,13,365,8
6,1000,70,5.13,10.3,18,37,91,954,25,8,13,46,7.354786552,386,463,385.8317104,240.0018486,9.5361751,5.129329549,468,21,5,11,37,486,4,3,2,9,505,495,448,15,372,14
1,1000,70,5.13,10.3,18,37,93,954,30,10,6,46,7.287650663,385,455,412.2549894,248.7368478,9.901175452,4.621327393,465,25,9,6,40,489,5,1,0,6,505,495,435,20,380,5
2,1000,70,5.13,10.3,18,37,82,958,22,11,9,42,7.549155782,363,447,509.736744,295.2030606,9.565460296,5.604154766,456,20,7,8,35,502,2,4,1,7,491,509,429,18,351,12
5,1000,70,5.13,10.3,18,37,92,966,19,7,8,34,6.941939472,404,468,587.5102516,379.7416979,9.634747634,4.333944166,459,18,7,8,33,507,1,0,0,1,492,508,457,11,392,12
8,1000,70,5.13,10.3,18,37,88,942,38,15,5,58,7.965399546,351,437,222.5371902,121.7554695,10.33231327,5.45207879,465,32,13,5,50,477,6,2,0,8,515,485,422,15,345,6
4,1000,70,5.13,10.3,18,37,89,956,27,10,7,44,7.463983429,379,428,905.2803884,639.8112954,9.380859383,5.492672864,476,18,8,5,31,480,9,2,2,13,507,493,414,14,368,11
3,1000,70,5.13,10.3,18,37,94,961,16,12,11,39,7.382971542,357,434,719.9045975,351.7389419,9.923594182,4.471614267,497,14,12,11,37,464,2,0,0,2,534,466,415,19,345,12
7,1000,70,5.13,10.3,18,37,87,950,32,8,10,50,7.43658188,374,465,1101.689863,952.7140267,9.962259689,4.990452977,451,25,7,9,41,499,7,1,1,9,492,508,443,22,361,13
6,1000,70,5.13,10.3,18,37,92,955,25,7,13,45,7.350836245,392,469,412.5116523,255.576863,9.596286832,5.060023021,468,21,5,11,37,487,4,2,2,8,505,495,452,17,384,8
5,1000,70,5.13,10.3,18,37,93,966,18,8,8,34,6.969623682,402,481,623.9191865,401.9391382,9.771162,4.25632279,459,17,8,8,33,507,1,0,0,1,492,508,465,16,397,5
1,1000,70,5.13,10.3,18,37,94,953,31,10,6,47,7.257472477,410,472,440.9596352,265.2829347,9.931739835,4.529179516,464,26,9,6,41,489,5,1,0,6,505,495,455,17,393,17
2,1000,70,5.13,10.3,18,37,83,957,23,11,9,43,7.532402943,366,451,543.0596755,313.6021583,9.633001486,5.506088829,455,21,7,8,36,502,2,4,1,7,491,509,435,16,349,17
8,1000,70,5.13,10.3,18,37,89,940,40,15,5,60,7.981561082,363,440,234.3355303,128.080836,10.37562913,5.439406353,463,34,13,5,52,477,6,2,0,8,515,485,424,16,351,12
4,1000,70,5.13,10.3,18,37,90,956,27,10,7,44,7.476996249,374,440,945.5899948,673.2344522,9.451458704,5.446463866,475,19,8,5,32,481,8,2,2,12,507,493,418,22,365,9
3,1000,70,5.13,10.3,18,37,95,961,16,12,11,39,7.361335243,371,431,770.0318394,376.7533929,9.943810136,4.40201852,496,15,12,11,38,465,1,0,0,1,534,466,411,20,358,13
7,1000,70,5.13,10.3,18,37,88,948,34,8,10,52,7.420750139,366,453,1360.491822,1222.379791,9.999818301,4.92291247,450,26,7,9,42,498,8,1,1,10,492,508,430,23,358,8
6,1000,70,5.13,10.3,18,37,93,954,26,7,13,46,7.353091623,387,465,455.8864681,280.4858383,9.657704379,5.001921034,468,21,5,11,37,486,5,2,2,9,505,495,447,18,383,4
5,1000,70,5.13,10.3,18,37,94,965,19,8,8,35,6.965922139,404,482,653.0022996,422.0850336,9.817982957,4.203690009,458,18,8,8,34,507,1,0,0,1,492,508,467,15,397,7
1,1000,70,5.13,10.3,18,37,95,952,29,13,6,48,7.260284661,390,469,467.4010227,281.3907645,9.973840898,4.491909106,463,24,12,6,42,489,5,1,0,6,505,495,451,18,381,9
8,1000,70,5.13,10.3,18,37,90,940,40,15,5,60,7.957836785,369,447,246.6272952,135.4475812,10.44313001,5.318814082,462,35,13,5,53,478,5,2,0,7,515,485,430,17,362,7
2,1000,70,5.13,10.3,18,37,84,957,23,11,9,43,7.558635422,355,460,580.7076275,334.1519858,9.684309538,5.508132493,455,21,7,8,36,502,2,4,1,7,491,509,435,25,347,8
4,1000,70,5.13,10.3,18,37,91,956,27,10,7,44,7.443814349,375,446,977.5838612,693.0929393,9.472896749,5.357110948,475,19,8,5,32,481,8,2,2,12,507,493,425,21,367,8
7,1000,70,5.13,10.3,18,37,89,946,36,8,10,54,7.41222945,376,459,1615.759079,1476.170736,10.05242086,4.855193675,447,29,7,9,45,499,7,1,1,9,492,508,449,10,372,4
3,1000,70,5.13,10.3,18,37,96,958,19,12,11,42,7.349392137,364,436,835.344672,404.1173199,9.995269771,4.317420771,493,18,12,11,41,465,1,0,0,1,534,466,412,24,356,8
6,1000,70,5.13,10.3,18,37,94,953,27,7,13,47,7.33831714,413,460,495.5322034,303.2715311,9.721656141,4.906829876,467,22,5,11,38,486,5,2,2,9,505,495,450,10,397,16
5,1000,70,5.13,10.3,18,37,95,965,17,10,8,35,6.955012752,424,481,687.8205036,447.0851162,9.856117156,4.145281716,458,16,10,8,34,507,1,0,0,1,492,508,463,18,417,7
8,1000,70,5.13,10.3,18,37,91,940,40,15,5,60,7.93225145,372,445,259.1310353,142.1838076,10.45803354,5.25023542,462,35,13,5,53,478,5,2,0,7,515,485,425,20,365,7
1,1000,70,5.13,10.3,18,37,96,952,28,14,6,48,7.251148042,398,461,504.9189841,303.4414644,10.02178573,4.424537874,463,23,13,6,42,489,5,1,0,6,505,495,447,14,391,7
2,1000,70,5.13,10.3,18,37,85,957,24,11,8,43,7.538721347,368,453,625.2301054,359.4304289,9.737791144,5.417418262,455,21,7,8,36,502,3,4,0,7,491,509,437,16,356,12
4,1000,70,5.13,10.3,18,37,92,958,26,10,6,42,7.391305248,376,448,1028.893902,729.0662444,9.518399942,5.203806242,475,19,8,5,32,483,7,2,1,10,507,493,429,19,366,10
7,1000,70,5.13,10.3,18,37,90,945,37,8,10,55,7.409176251,387,467,2036.878397,1847.283365,10.09464029,4.808293759,446,30,7,9,46,499,7,1,1,9,492,508,450,17,382,5
3,1000,70,5.13,10.3,18,37,97,957,20,12,11,43,7.36443114,373,438,929.5840256,449.4631595,10.05135998,4.285418267,492,19,12,11,42,465,1,0,0,1,534,466,415,23,358,15
6,1000,70,5.13,10.3,18,37,95,953,27,7,13,47,7.324802667,406,472,545.7813013,335.3099839,9.784198956,4.815721604,467,22,5,11,38,486,5,2,2,9,505,495,453,19,398,8
5,1000,70,5.13,10.3,18,37,96,965,17,10,8,35,6.929707939,432,474,715.2384746,468.400527,9.860560469,4.091165725,458,16,10,8,34,507,1,0,0,1,492,508,464,10,421,11
8,1000,70,5.13,10.3,18,37,92,939,41,15,5,61,7.885297253,385,458,271.6952122,149.0217878,10.47389456,5.136580523,461,36,13,5,54,478,5,2,0,7,515,485,438,20,378,7
1,1000,70,5.13,10.3,18,37,97,952,28,14,6,48,7.237803786,396,454,531.1562328,319.425326,10.05109833,4.367675011,463,23,13,6,42,489,5,1,0,6,505,495,443,11,390,6
4,1000,70,5.13,10.3,18,37,93,958,26,10,6,42,7.396377259,370,456,1085.004333,768.7865139,9.590012803,5.140447804,475,19,8,5,32,483,7,2,1,10,507,493,438,18,362,8
2,1000,70,5.13,10.3,18,37,86,957,24,11,8,43,7.52605806,379,464,670.3378126,389.5982743,9.807310102,5.325478978,455,21,7,8,36,502,3,4,0,7,491,509,441,23,369,10
7,1000,70,5.13,10.3,18,37,91,944,38,8,10,56,7.433199337,386,460,2241.81615,2041.892639,10.19404733,4.759307187,445,31,7,9,47,499,7,1,1,9,492,508,444,16,381,5
3,1000,70,5.13,10.3,18,37,98,957,20,12,11,43,7.329311266,359,434,1007.300422,484.5129955,10.08728587,4.168885432,492,19,12,11,42,465,1,0,0,1,534,466,416,18,352,7
6,1000,70,5.13,10.3,18,37,96,953,28,7,12,47,7.304925871,410,474,601.2880743,369.7715508,9.811095846,4.748126198,467,23,5,10,38,486,5,2,2,9,505,495,455,19,398,12
5,1000,70,5.13,10.3,18,37,97,965,16,11,8,35,6.931431823,422,486,752.6266642,496.3444458,9.892808536,4.063326818,458,15,11,8,34,507,1,0,0,1,492,508,472,14,413,9
8,1000,70,5.13,10.3,18,37,93,942,38,14,6,58,7.858010714,378,448,286.5716276,157.3334525,10.51161863,5.040262103,461,36,12,6,54,481,2,2,0,4,515,485,434,14,370,8
4,1000,70,5.13,10.3,18,37,94,957,27,11,5,43,7.389124099,390,445,1119.856675,792.8320873,9.615059048,5.099978015,474,20,9,4,33,483,7,2,1,10,507,493,431,14,376,14
1,1000,70,5.13,10.3,18,37,98,951,28,15,6,49,7.238755928,409,473,565.4685871,341.6682025,10.09130452,4.328580095,462,23,14,6,43,489,5,1,0,6,505,495,455,18,395,14
7,1000,70,5.13,10.3,18,37,92,943,38,9,10,57,7.445097638,391,470,2344.009529,2189.345441,10.29353752,4.686372396,444,31,8,9,48,499,7,1,1,9,492,508,453,17,380,11
2,1000,70,5.13,10.3,18,37,87,958,24,10,8,42,7.510179359,381,453,724.0317165,418.9694041,9.852942515,5.250264409,455,21,7,8,36,503,3,3,0,6,491,509,438,15,371,10
6,1000,70,5.13,10.3,18,37,97,950,31,6,13,50,7.357129112,414,477,681.6554486,416.612156,9.897728769,4.765204209,464,26,4,11,41,486,5,2,2,9,505,495,455,22,406,8
3,1000,70,5.13,10.3,18,37,99,957,20,12,11,43,7.299482119,382,437,1099.129989,530.6829601,10.10234046,4.087622989,492,19,12,11,42,465,1,0,0,1,534,466,419,18,372,10
5,1000,70,5.13,10.3,18,37,98,965,16,11,8,35,6.91122121,433,492,797.0305166,520.8191437,9.910357586,4.006545822,458,15,11,8,34,507,1,0,0,1,492,508,480,12,425,8
8,1000,70,5.13,10.3,18,37,94,940,39,15,6,60,7.835739172,380,462,302.7836796,165.8803247,10.54900389,4.954643646,459,37,13,6,56,481,2,2,0,4,515,485,446,16,374,6
4,1000,70,5.13,10.3,18,37,95,956,28,11,5,44,7.392652007,385,447,1188.143432,835.7609204,9.663937087,5.056867959,473,21,9,4,34,483,7,2,1,10,507,493,434,13,380,5
1,1000,70,5.13,10.3,18,37,99,950,29,15,6,50,7.221029282,402,470,599.0542853,363.8422637,10.14936163,4.233538705,461,24,14,6,44,489,5,1,0,6,505,495,454,16,399,3
7,1000,70,5.13,10.3,18,37,93,944,36,10,10,56,7.42043724,400,465,2595.116445,2425.807125,10.33019628,4.602324154,444,31,8,9,48,500,5,2,1,8,492,508,453,12,387,13
2,1000,70,5.13,10.3,18,37,88,958,24,10,8,42,7.48491689,367,465,786.0375054,453.4056578,9.86818894,5.18592558,455,21,7,8,36,503,3,3,0,6,491,509,446,19,361,6
6,1000,70,5.13,10.3,18,37,98,951,29,6,14,49,7.348062268,412,476,734.9201141,448.6913367,9.946942312,4.696679598,464,25,4,12,41,487,4,2,2,8,505,495,459,17,401,11
5,1000,70,5.13,10.3,18,37,99,966,16,10,8,34,6.890824462,438,486,839.2942583,550.8427914,9.926417408,3.950840743,459,15,10,8,33,507,1,0,0,1,492,508,476,10,427,11
3,1000,70,5.13,10.3,18,37,100,956,21,12,11,44,7.31616048,377,429,1180.934893,568.7718688,10.12718107,4.09494804,491,20,12,11,43,465,1,0,0,1,534,466,421,8,364,13
8,1000,70,5.13,10.3,18,37,95,940,38,15,7,60,7.876640822,381,453,320.3535842,174.2496806,10.64534279,4.936678939,458,38,13,6,57,482,0,2,1,3,515,485,438,15,374,7
4,1000,70,5.13,10.3,18,37,96,956,28,11,5,44,7.355077899,385,456,1252.29348,876.1525452,9.693534796,4.950214518,473,21,9,4,34,483,7,2,1,10,507,493,438,18,379,6
7,1000,70,5.13,10.3,18,37,94,944,36,10,10,56,7.414098229,393,469,2787.783415,2527.434896,10.35684578,4.564035636,444,31,8,9,48,500,5,2,1,8,492,508,454,15,387,6
1,1000,70,5.13,10.3,18,37,100,950,29,15,6,50,7.229054407,404,464,635.477024,386.0529487,10.17683397,4.221723744,461,24,14,6,44,489,5,1,0,6,505,495,450,14,395,9
2,1000,70,5.13,10.3,18,37,89,956,26,10,8,44,7.55249226,388,466,839.7974321,487.5999446,9.998995761,5.192505581,453,23,7,8,38,503,3,3,0,6,491,509,445,21,381,7
6,1000,70,5.13,10.3,18,37,99,950,30,6,14,50,7.355039566,418,474,816.6549932,496.7357408,10.01116843,4.645251537,463,26,4,12,42,487,4,2,2,8,505,495,461,13,412,6
5,1000,70,5.13,10.3,18,37,100,966,15,10,9,34,6.884750444,434,484,866.8561549,567.3813623,9.979481463,3.887491269,459,14,10,9,33,507,1,0,0,1,492,508,475,9,423,11
3,1000,70,5.13,10.3,18,37,101,957,20,12,11,43,7.306431845,386,440,1262.636149,607.5106194,10.18876859,4.00349661,491,20,12,11,43,466,0,0,0,0,534,466,418,22,376,10
8,1000,70,5.13,10.3,18,37,96,938,39,14,9,62,7.91206356,387,452,339.5642058,184.246834,10.71325767,4.937599714,456,39,12,8,59,482,0,2,1,3,515,485,440,12,379,8
4,1000,70,5.13,10.3,18,37,97,957,27,11,5,43,7.376844222,388,450,1352.371316,942.1581636,9.757569012,4.928512642,472,21,10,4,35,485,6,1,1,8,507,493,432,18,382,6
7,1000,70,5.13,10.3,18,37,95,943,37,10,10,57,7.414904428,401,459,3005.651727,2641.562112,10.42457555,4.500026093,443,32,8,9,49,500,5,2,1,8,492,508,450,9,396,5
1,1000,70,5.13,10.3,18,37,101,950,29,15,6,50,7.268591766,405,480,699.5135756,425.9750287,10.20988277,4.267880747,461,24,14,6,44,489,5,1,0,6,505,495,461,19,403,2
6,1000,70,5.13,10.3,18,37,100,951,29,6,14,49,7.319422456,423,475,865.89926,527.4133297,10.03294,4.55108638,463,26,4,12,42,488,3,2,2,7,505,495,457,18,418,5
5,1000,70,5.13,10.3,18,37,101,965,15,11,9,35,6.881816131,430,484,900.2099198,586.6927258,10.06668015,3.797262793,458,14,11,9,34,507,1,0,0,1,492,508,476,8,421,9
2,1000,70,5.13,10.3,18,37,90,957,25,11,7,43,7.549678095,375,460,900.916033,520.7797701,10.0516536,5.136181092,453,23,8,7,38,504,2,3,0,5,491,509,446,14,370,5
3,1000,70,5.13,10.3,18,37,102,956,21,12,11,44,7.333636699,376,452,1298.669684,624.0772045,10.26087772,3.979244633,490,21,12,11,44,466,0,0,0,0,534,466,429,23,368,8
8,1000,70,5.13,10.3,18,37,97,937,40,14,9,63,7.905525943,398,461,350.4731134,191.0618599,10.75987642,4.874617702,456,39,12,8,59,481,1,2,1,4,515,485,444,17,385,13
4,1000,70,5.13,10.3,18,37,98,956,28,11,5,44,7.384049175,385,446,1477.555126,1032.121382,9.823279849,4.875550288,471,22,10,4,36,485,6,1,1,8,507,493,435,11,377,8
7,1000,70,5.13,10.3,18,37,96,943,37,10,10,57,7.409648618,404,469,3065.596311,2666.651781,10.44712121,4.467844449,443,32,8,9,49,500,5,2,1,8,492,508,455,14,397,7
1,1000,70,5.13,10.3,18,37,102,950,29,15,6,50,7.243258684,417,472,747.392178,454.866559,10.20189253,4.224854453,461,24,14,6,44,489,5,1,0,6,505,495,463,9,403,14
5,1000,70,5.13,10.3,18,37,102,965,14,11,10,35,6.88534551,438,486,942.9506606,618.2475936,10.11105036,3.761237667,458,13,11,10,34,507,1,0,0,1,492,508,478,8,428,10
6,1000,70,5.13,10.3,18,37,101,951,29,6,14,49,7.297636491,427,482,920.8131561,560.1881476,10.05546969,4.484089488,463,26,4,12,42,488,3,2,2,7,505,495,469,13,418,9
2,1000,70,5.13,10.3,18,37,91,956,26,10,8,44,7.563285251,378,471,958.0499788,552.9083834,10.11562696,5.10120317,452,24,7,8,39,504,2,3,0,5,491,509,446,25,376,2
8,1000,70,5.13,10.3,18,37,98,936,40,15,9,64,7.905750345,400,470,361.3169277,197.6139673,10.81549806,4.816018234,455,39,13,8,60,481,1,2,1,4,515,485,453,17,384,16
3,1000,70,5.13,10.3,18,37,103,956,21,12,11,44,7.326027063,394,451,1393.627891,675.4649092,10.2870685,3.932902324,490,21,12,11,44,466,0,0,0,0,534,466,430,21,383,11
4,1000,70,5.13,10.3,18,37,99,955,29,11,5,45,7.395810939,390,463,1566.709464,1094.472455,9.908447488,4.811821628,470,23,10,4,37,485,6,1,1,8,507,493,450,13,382,8
7,1000,70,5.13,10.3,18,37,97,942,38,10,10,58,7.422215646,408,468,3154.572364,2704.522993,10.4948803,4.446327831,442,33,8,9,50,500,5,2,1,8,492,508,454,14,400,8
5,1000,70,5.13,10.3,18,37,103,965,13,12,10,35,6.893037734,437,489,1001.58472,657.1213075,10.15840818,3.730513601,458,12,12,10,34,507,1,0,0,1,492,508,479,10,430,7
1,1000,70,5.13,10.3,18,37,103,949,30,15,6,51,7.242393819,413,479,825.2795402,500.2056801,10.25476037,4.169171375,460,25,14,6,45,489,5,1,0,6,505,495,462,17,408,5
6,1000,70,5.13,10.3,18,37,102,951,29,6,14,49,7.291246888,422,479,1027.405425,626.324967,10.1231329,4.402151062,463,26,4,12,42,488,3,2,2,7,505,495,466,13,409,13
8,1000,70,5.13,10.3,18,37,99,936,40,15,9,64,7.886325383,404,461,380.0972138,207.7344421,10.86981949,4.718285252,455,39,13,8,60,481,1,2,1,4,515,485,446,15,393,11
2,1000,70,5.13,10.3,18,37,92,956,26,10,8,44,7.536052683,387,466,1049.427168,600.0999282,10.13875628,5.025389688,452,24,7,8,39,504,2,3,0,5,491,509,454,12,381,6
4,1000,70,5.13,10.3,18,37,100,957,27,11,5,43,7.370013146,414,452,1694.719419,1200.7591,9.976349945,4.689662726,470,23,10,4,37,487,4,1,1,6,507,493,440,12,409,5
3,1000,70,5.13,10.3,18,37,104,954,23,12,11,46,7.330307719,390,438,1478.762495,721.5848597,10.34756154,3.872767931,488,23,12,11,46,466,0,0,0,0,534,466,418,20,380,10
9,1000,70,5.13,10.3,18,37,0,935,34,12,19,65,7.418,95,172,17.37547506,8.990963589,6.342307692,8.583333333,498,12,5,5,22,437,22,7,14,43,520,480,90,82,66,29
7,1000,70,5.13,10.3,18,37,98,942,38,10,10,58,7.411193335,416,476,3178.151902,2722.272271,10.55106254,4.370217646,442,33,8,9,50,500,5,2,1,8,492,508,456,20,407,9
5,1000,70,5.13,10.3,18,37,104,964,14,12,10,36,6.91017249,452,495,1032.830964,674.3517325,10.21124538,3.713070399,457,13,12,10,35,507,1,0,0,1,492,508,481,14,444,8
10,1000,70,5.13,10.3,18,37,0,943,18,20,19,57,7.303,93,167,17.42943289,8.771097173,6.210019268,8.482328482,500,7,6,6,19,443,11,14,13,38,519,481,90,77,61,32
6,1000,70,5.13,10.3,18,37,103,951,28,7,14,49,7.293075627,424,485,1126.168103,686.9143264,10.14955666,4.378887904,463,25,5,12,42,488,3,2,2,7,505,495,469,16,415,9
1,1000,70,5.13,10.3,18,37,104,949,30,15,6,51,7.235827027,427,484,927.1685867,562.6040963,10.29275153,4.117146473,460,25,14,6,45,489,5,1,0,6,505,495,463,21,421,6
11,1000,70,5.13,10.3,18,37,0,936,35,20,9,64,7.183,106,197,17.67885165,9.29448126,6.71278826,7.611854685,452,14,7,4,25,484,21,13,5,39,477,523,115,82,68,38
4,1000,70,5.13,10.3,18,37,101,956,28,11,5,44,7.351062221,406,459,1802.447641,1279.36026,10.00166166,4.625192208,469,24,10,4,38,487,4,1,1,6,507,493,442,17,394,12
8,1000,70,5.13,10.3,18,37,100,936,40,15,9,64,7.891780577,400,474,398.1474582,218.7298913,10.89817844,4.699419954,455,39,13,8,60,481,1,2,1,4,515,485,453,21,395,5
2,1000,70,5.13,10.3,18,37,93,953,29,10,8,47,7.53179882,383,473,1171.897723,672.0984101,10.1707567,4.986163617,449,27,7,8,42,504,2,3,0,5,491,509,462,11,376,7
9,1000,70,5.13,10.3,18,37,1,934,36,12,18,66,7.466640071,98,156,17.42978373,9.005301335,6.398612262,8.623670198,498,12,5,5,22,436,24,7,13,44,520,480,77,79,63,35
7,1000,70,5.13,10.3,18,37,99,944,36,10,10,56,7.369949236,417,479,3278.86896,2751.412559,10.61072618,4.23124401,442,32,9,9,50,502,4,1,1,6,492,508,461,18,405,12
6,1000,70,5.13,10.3,18,37,104,950,29,7,14,50,7.235763694,435,482,1167.039172,719.002007,10.17778126,4.234311433,462,26,5,12,43,488,3,2,2,7,505,495,468,14,428,7
12,1000,70,5.13,10.3,18,37,0,949,18,16,17,51,7.135,93,182,17.43343765,8.808151144,6.333333333,7.969387755,494,6,6,4,16,455,12,10,13,35,510,490,109,73,67,26
10,1000,70,5.13,10.3,18,37,1,943,18,20,19,57,7.312672927,76,168,17.43698091,8.808903387,6.222991597,8.488441349,500,7,6,6,19,443,11,14,13,38,519,481,102,66,48,28
11,1000,70,5.13,10.3,18,37,1,936,36,19,9,64,7.19457886,87,186,17.65923594,9.318177229,6.71278826,7.633993997,452,14,7,4,25,484,22,12,5,39,477,523,109,77,60,27
8,1000,70,5.13,10.3,18,37,101,935,41,15,9,65,7.911236594,400,473,415.7797287,228.9596068,10.96979985,4.663483863,455,39,13,8,60,480,2,2,1,5,515,485,460,13,394,6
4,1000,70,5.13,10.3,18,37,102,955,29,11,5,45,7.391121263,394,459,1900.562552,1366.936549,10.04805526,4.658736809,468,25,10,4,39,487,4,1,1,6,507,493,445,14,385,9
2,1000,70,5.13,10.3,18,37,94,954,28,10,8,46,7.511158596,392,473,1358.829051,780.2388572,10.20152895,4.915929044,450,26,7,8,41,504,2,3,0,5,491,509,465,8,387,5
7,1000,70,5.13,10.3,18,37,100,942,37,11,10,58,7.356075064,426,471,3344.825371,2776.960128,10.6479072,4.167922682,441,32,10,9,51,501,5,1,1,7,492,508,458,13,416,10
9,1000,70,5.13,10.3,18,37,2,933,37,12,18,67,7.531544054,105,188,17.47060821,9.050818311,6.454259907,8.698601878,497,13,5,5,23,436,24,7,13,44,520,480,94,94,79,26
12,1000,70,5.13,10.3,18,37,1,950,17,15,18,50,7.174844708,98,169,17.47798614,8.840025514,6.398439163,7.982940274,494,6,5,5,16,456,11,10,13,34,510,490,91,78,67,31
10,1000,70,5.13,10.3,18,37,2,943,20,19,18,57,7.30933732,99,181,17.48950424,8.855389344,6.252919319,8.449214538,500,7,6,6,19,443,13,13,12,38,519,481,99,82,60,39
8,1000,70,5.13,10.3,18,37,102,935,41,15,9,65,7.878225251,410,465,432.1043237,236.7088909,11.02596373,4.535781303,455,39,13,8,60,480,2,2,1,5,515,485,450,15,404,6
4,1000,70,5.13,10.3,18,37,103,954,29,12,5,46,7.38682792,404,464,2004.624423,1458.152794,10.1067486,4.589668111,467,26,10,4,40,487,3,2,1,6,507,493,449,15,393,11
11,1000,70,5.13,10.3,18,37,2,938,34,19,9,62,7.179698472,110,186,17.72927526,9.376908039,6.733668708,7.586498085,452,14,7,4,25,486,20,12,5,37,477,523,115,71,72,38
2,1000,70,5.13,10.3,18,37,95,953,28,11,8,47,7.514271002,399,482,1473.752702,840.6980508,10.26483429,4.860977138,449,26,8,8,42,504,2,3,0,5,491,509,469,13,392,7
7,1000,70,5.13,10.3,18,37,101,943,36,11,10,57,7.296274979,420,473,3385.115616,2802.996262,10.64770597,4.050400874,442,31,10,9,50,501,5,1,1,7,492,508,455,18,417,3
9,1000,70,5.13,10.3,18,37,3,934,36,12,18,66,7.55780766,107,165,17.51851539,9.110589532,6.511832259,8.690947678,497,13,5,5,23,437,23,7,13,43,520,480,104,61,74,33
12,1000,70,5.13,10.3,18,37,2,949,18,15,18,51,7.196766111,85,196,17.57459288,8.903714285,6.415254767,8.010175878,494,6,5,5,16,455,12,10,13,35,510,490,104,92,56,29
10,1000,70,5.13,10.3,18,37,3,946,19,17,18,54,7.328102054,95,187,17.49602259,8.890858766,6.268381209,8.47154305,501,7,5,6,18,445,12,12,12,36,519,481,104,83,66,29
8,1000,70,5.13,10.3,18,37,103,935,41,15,9,65,7.848441691,409,465,447.2867988,245.9880147,11.04184587,4.457507357,455,39,13,8,60,480,2,2,1,5,515,485,457,8,401,8
4,1000,70,5.13,10.3,18,37,104,954,29,11,6,46,7.378464014,405,460,2073.754187,1512.430427,10.14554831,4.532801259,467,26,9,5,40,487,3,2,1,6,507,493,449,11,401,4
13,1000,70,5.13,10.3,18,37,0,931,43,10,16,69,7.267,122,156,17.29736223,9.100190902,6.276803119,8.310061602,492,15,2,4,21,439,28,8,12,48,513,487,74,82,79,43
11,1000,70,5.13,10.3,18,37,3,938,34,19,9,62,7.202354004,104,190,17.80396642,9.460336922,6.794693991,7.574158643,452,13,8,4,25,486,21,11,5,37,477,523,117,73,73,31
7,1000,70,5.13,10.3,18,37,102,943,37,11,9,57,7.290110325,425,478,3575.61043,3005.824684,10.66828118,4.018338555,441,32,10,9,51,502,5,1,0,6,492,508,457,21,419,6
2,1000,70,5.13,10.3,18,37,96,953,28,11,8,47,7.496506324,405,483,1584.806799,893.8645148,10.28280046,4.808745186,449,26,8,8,42,504,2,3,0,5,491,509,468,15,398,7
9,1000,70,5.13,10.3,18,37,4,933,37,12,18,67,7.590077552,94,194,17.55096044,9.162697979,6.572255674,8.692717919,497,13,5,5,23,436,24,7,13,44,520,480,121,73,67,27
8,1000,70,5.13,10.3,18,37,104,934,42,15,9,66,7.856787554,425,474,466.0052407,256.9201353,11.04835151,4.467807266,454,40,13,8,61,480,2,2,1,5,515,485,460,14,414,11
12,1000,70,5.13,10.3,18,37,3,952,19,13,16,48,7.195699505,93,191,17.6041911,8.948274566,6.469506661,7.951532874,493,7,5,5,17,459,12,8,11,31,510,490,116,75,61,32
14,1000,70,5.13,10.3,18,37,0,933,36,19,12,67,7.287,84,166,17.53622425,9.144012449,6.336633663,8.256565657,483,11,8,3,22,450,25,11,9,45,505,495,94,72,54,30
10,1000,70,5.13,10.3,18,37,4,946,19,17,18,54,7.333013815,98,158,17.54501047,8.941501077,6.26166493,8.489001489,501,7,5,6,18,445,12,12,12,36,519,481,84,74,69,29
13,1000,70,5.13,10.3,18,37,1,933,42,10,15,67,7.254117107,115,185,17.30827571,9.129494052,6.274696626,8.285826977,492,15,2,4,21,441,27,8,11,46,513,487,109,76,69,46
11,1000,70,5.13,10.3,18,37,4,940,33,18,9,60,7.201889551,115,170,17.88146875,9.559447636,6.847951985,7.524696853,452,12,9,4,25,488,21,9,5,35,477,523,107,63,78,37
7,1000,70,5.13,10.3,18,37,103,943,37,11,9,57,7.278080143,417,486,3766.440033,3229.632291,10.6985968,3.965296294,441,32,10,9,51,502,5,1,0,6,492,508,471,15,412,5
2,1000,70,5.13,10.3,18,37,97,951,29,12,8,49,7.470970576,418,478,1767.497501,983.9125346,10.31489575,4.727616427,447,27,9,8,44,504,2,3,0,5,491,509,463,15,408,10
9,1000,70,5.13,10.3,18,37,5,933,37,13,17,67,7.617814698,114,177,17.56110985,9.204116795,6.580886885,8.741153162,496,14,6,4,24,437,23,7,13,43,520,480,98,79,75,39
12,1000,70,5.13,10.3,18,37,4,954,19,11,16,46,7.230402913,83,173,17.69868407,8.997242928,6.527375022,7.962125819,493,7,5,5,17,461,12,6,11,29,510,490,105,68,58,25
14,1000,70,5.13,10.3,18,37,1,934,35,18,13,66,7.315021155,84,189,17.60405427,9.211362979,6.377224949,8.271762738,484,11,7,3,21,450,24,11,10,45,505,495,91,98,65,19
10,1000,70,5.13,10.3,18,37,5,946,19,17,18,54,7.377074631,106,149,17.57942223,8.98462408,6.314695715,8.52338369,501,7,5,6,18,445,12,12,12,36,519,481,81,68,78,28
13,1000,70,5.13,10.3,18,37,2,936,40,8,16,64,7.275556894,107,169,17.39752482,9.236177292,6.309407808,8.293286836,492,15,2,4,21,444,25,6,12,43,513,487,97,72,83,24
7,1000,70,5.13,10.3,18,37,104,942,38,11,9,58,7.293099377,435,489,4042.766147,3493.548363,10.74818913,3.946831346,439,34,10,9,53,503,4,1,0,5,492,508,474,15,429,6
11,1000,70,5.13,10.3,18,37,5,937,36,18,9,63,7.257340395,95,169,17.91708746,9.616911539,6.883585526,7.598221986,452,12,9,4,25,485,24,9,5,38,477,523,104,65,63,32
15,1000,70,5.13,10.3,18,37,0,943,24,12,21,57,7.367,97,173,17.53825363,9.067131564,6.625754527,8.099403579,481,7,5,4,16,462,17,7,17,41,497,503,91,82,66,31
2,1000,70,5.13,10.3,18,37,98,951,29,12,8,49,7.504334889,406,489,2038.504248,1117.377701,10.40918722,4.702208178,447,27,9,8,44,504,2,3,0,5,491,509,469,20,398,8
9,1000,70,5.13,10.3,18,37,6,935,37,12,16,65,7.59846101,98,179,17.59443783,9.285318062,6.612174221,8.666938364,496,14,6,4,24,439,23,6,12,41,520,480,102,77,67,31
14,1000,70,5.13,10.3,18,37,2,935,34,18,13,65,7.35301029,112,163,17.64216726,9.263771923,6.417034036,8.307895155,484,11,7,3,21,451,23,11,10,44,505,495,97,66,76,36
12,1000,70,5.13,10.3,18,37,5,954,21,11,14,46,7.227478911,84,171,17.7850899,9.078748702,6.574866622,7.906728436,492,8,5,5,18,462,13,6,9,28,510,490,94,77,62,22
10,1000,70,5.13,10.3,18,37,6,947,17,18,18,53,7.398076269,91,186,17.61702815,9.021941428,6.337564727,8.542370428,501,7,5,6,18,446,10,13,12,35,519,481,112,74,66,25
13,1000,70,5.13,10.3,18,37,3,936,41,8,15,64,7.249635207,98,156,17.47493079,9.308908371,6.340118987,8.20770876,492,15,2,4,21,444,26,6,11,43,513,487,99,57,74,24
15,1000,70,5.13,10.3,18,37,1,943,24,12,21,57,7.392885512,96,178,17.59196445,9.118120035,6.627902814,8.148743168,482,6,5,4,15,461,18,7,17,42,497,503,106,72,66,30
11,1000,70,5.13,10.3,18,37,6,937,36,18,9,63,7.281462726,94,181,17.97316342,9.691003411,6.899842239,7.629518122,453,11,9,4,24,484,25,9,5,39,477,523,119,62,71,23
9,1000,70,5.13,10.3,18,37,7,935,37,12,16,65,7.607789822,100,170,17.65143295,9.347993196,6.632265707,8.664607614,495,15,6,4,25,440,22,6,12,40,520,480,96,74,67,33
2,1000,70,5.13,10.3,18,37,99,949,30,13,8,51,7.494941176,427,491,2226.934305,1215.751328,10.47877343,4.616627551,445,28,10,8,46,504,2,3,0,5,491,509,470,21,414,13
14,1000,70,5.13,10.3,18,37,3,935,35,17,13,65,7.369504273,87,163,17.74312086,9.349187524,6.458214449,8.299203991,483,12,7,3,22,452,23,10,10,43,505,495,92,71,52,35
12,1000,70,5.13,10.3,18,37,6,954,21,11,14,46,7.242801294,90,180,17.86772692,9.160344489,6.589197082,7.923083229,492,8,5,5,18,462,13,6,9,28,510,490,110,70,69,21
13,1000,70,5.13,10.3,18,37,4,939,38,8,15,61,7.250609235,108,194,17.53894372,9.402948593,6.3852355,8.162183621,493,14,2,4,20,446,24,6,11,41,513,487,104,90,87,21
10,1000,70,5.13,10.3,18,37,7,947,17,18,18,53,7.458154976,87,196,17.68302,9.096879245,6.394440073,8.605905568,501,7,5,6,18,446,10,13,12,35,519,481,114,82,69,18
15,1000,70,5.13,10.3,18,37,2,943,24,13,20,57,7.403277315,96,176,17.66684208,9.182683884,6.656596862,8.141051042,482,6,5,4,15,461,18,8,16,42,497,503,98,78,61,35
11,1000,70,5.13,10.3,18,37,7,937,37,17,9,63,7.333263933,103,167,18.09059351,9.778216242,6.931942625,7.699287383,454,11,8,4,23,483,26,9,5,40,477,523,112,55,71,32
9,1000,70,5.13,10.3,18,37,8,935,37,12,16,65,7.644550623,100,201,17.73360502,9.441011335,6.660698798,8.7103901,495,15,6,4,25,440,22,6,12,40,520,480,120,81,76,24
14,1000,70,5.13,10.3,18,37,4,935,35,17,13,65,7.381657965,97,202,17.78977524,9.414278435,6.490086077,8.291241406,483,12,7,3,22,452,23,10,10,43,505,495,124,78,65,32
13,1000,70,5.13,10.3,18,37,5,941,38,6,15,59,7.26219453,85,190,17.61670465,9.465980703,6.425861477,8.143177808,493,14,2,4,20,448,24,4,11,39,513,487,118,72,62,23
2,1000,70,5.13,10.3,18,37,100,950,29,13,8,50,7.46962996,419,480,2674.557106,1467.723729,10.50187445,4.544616119,445,28,10,8,46,505,1,3,0,4,491,509,467,13,411,8
12,1000,70,5.13,10.3,18,37,7,955,21,10,14,45,7.251427914,99,175,17.95150416,9.241187581,6.691964988,7.83372606,492,9,3,6,18,463,12,7,8,27,510,490,115,60,79,20
10,1000,70,5.13,10.3,18,37,8,947,17,18,18,53,7.498287677,89,165,17.75618738,9.155889279,6.40262825,8.680506478,501,7,5,6,18,446,10,13,12,35,519,481,103,62,65,24
15,1000,70,5.13,10.3,18,37,3,946,24,11,19,54,7.353440307,89,173,17.71134654,9.239656151,6.674547219,8.024235266,482,6,5,4,15,464,18,6,15,39,497,503,104,69,65,24
11,1000,70,5.13,10.3,18,37,8,936,38,17,9,64,7.356646107,102,174,18.2012034,9.864156543,6.976902392,7.702989801,454,11,8,4,23,482,27,9,5,41,477,523,105,69,75,27
14,1000,70,5.13,10.3,18,37,5,936,35,16,13,64,7.384938382,108,175,17.7903021,9.437410831,6.495860363,8.291977574,483,13,6,3,22,453,22,10,10,42,505,495,88,87,75,33
9,1000,70,5.13,10.3,18,37,9,938,33,14,15,62,7.644937223,103,189,17.78655004,9.507358872,6.661063773,8.710800127,495,14,8,3,25,443,19,6,12,37,520,480,119,70,73,30
13,1000,70,5.13,10.3,18,37,6,942,36,6,16,58,7.285190488,93,184,17.68045142,9.517345366,6.459543739,8.15491694,493,14,2,4,20,449,22,4,12,38,513,487,111,73,63,30
12,1000,70,5.13,10.3,18,37,8,954,22,10,14,46,7.277932983,104,166,18.05130208,9.308049863,6.732343595,7.845791326,491,10,3,6,19,463,12,7,8,27,510,490,106,60,71,33
10,1000,70,5.13,10.3,18,37,9,947,18,18,17,53,7.499372154,89,180,17.8557963,9.267844001,6.465791138,8.614608221,500,8,5,6,19,447,10,13,11,34,519,481,115,65,67,22
2,1000,70,5.13,10.3,18,37,101,950,29,13,8,50,7.462448019,415,496,3103.818615,1708.491329,10.51459691,4.518233667,445,28,10,8,46,505,1,3,0,4,491,509,476,20,406,9
15,1000,70,5.13,10.3,18,37,4,945,26,11,18,55,7.368050282,100,173,17.8357253,9.329478257,6.71849107,8.009861271,482,6,5,4,15,463,20,6,14,40,497,503,105,68,67,33
11,1000,70,5.13,10.3,18,37,9,937,37,16,10,63,7.377554992,105,185,18.35522588,9.971984173,7.015042023,7.708183455,454,11,8,4,23,483,26,8,6,40,477,523,119,66,79,26
14,1000,70,5.13,10.3,18,37,6,937,34,16,13,63,7.391971926,98,170,17.84186239,9.495078306,6.52566672,8.275778246,483,13,6,3,22,454,21,10,10,41,505,495,98,72,70,28
9,1000,70,5.13,10.3,18,37,10,939,32,14,15,61,7.682588271,93,202,17.89341084,9.618353591,6.705613833,8.740977245,495,14,8,3,25,444,18,6,12,36,520,480,120,82,65,28
13,1000,70,5.13,10.3,18,37,7,942,37,6,15,58,7.30437628,93,167,17.79335255,9.635267844,6.5158249,8.135026911,493,14,2,4,20,449,23,4,11,38,513,487,98,69,62,31
12,1000,70,5.13,10.3,18,37,9,954,22,10,14,46,7.278791529,103,187,18.16732366,9.423398759,6.726471752,7.853654969,491,10,3,6,19,463,12,7,8,27,510,490,116,71,75,28
10,1000,70,5.13,10.3,18,37,10,947,18,18,17,53,7.551794104,98,175,17.95615584,9.353179125,6.517426521,8.667878877,500,8,5,6,19,447,10,13,11,34,519,481,115,60,73,25
2,1000,70,5.13,10.3,18,37,102,950,29,13,8,50,7.452357601,428,484,3774.663532,2057.644869,10.52990825,4.483639786,445,28,10,8,46,505,1,3,0,4,491,509,474,10,419,9
15,1000,70,5.13,10.3,18,37,5,945,26,11,18,55,7.389927635,96,181,17.91984822,9.433370462,6.727978742,8.043980517,482,6,5,4,15,463,20,6,14,40,497,503,115,66,75,21
11,1000,70,5.13,10.3,18,37,10,938,36,16,10,62,7.358765679,102,181,18.4397759,10.07021861,7.016311751,7.671099377,454,11,8,4,23,484,25,8,6,39,477,523,124,57,74,28
14,1000,70,5.13,10.3,18,37,7,939,32,17,12,61,7.384276043,96,179,17.88012396,9.53702744,6.553672768,8.231659181,483,13,6,3,22,456,19,11,9,39,505,495,112,67,67,29
13,1000,70,5.13,10.3,18,37,8,941,39,5,15,59,7.294880165,92,184,17.87021218,9.72815699,6.5352575,8.095057634,492,16,1,4,21,449,23,4,11,38,513,487,111,73,69,23
9,1000,70,5.13,10.3,18,37,11,940,31,14,15,60,7.698203683,90,182,17.95532967,9.689806323,6.730800824,8.746223447,495,14,8,3,25,445,17,6,12,35,520,480,118,64,62,28
12,1000,70,5.13,10.3,18,37,10,958,18,10,14,42,7.26482106,107,181,18.23884702,9.545324404,6.73721009,7.813967172,491,10,3,6,19,467,8,7,8,23,510,490,107,74,88,19
10,1000,70,5.13,10.3,18,37,11,947,18,19,16,53,7.596196195,90,204,18.08865229,9.474776381,6.571515968,8.701828291,500,8,5,6,19,447,10,14,10,34,519,481,127,77,67,23
2,1000,70,5.13,10.3,18,37,103,950,29,12,9,50,7.423627092,437,496,4090.807694,2233.531305,10.58237273,4.376585624,445,28,9,9,46,505,1,3,0,4,491,509,475,21,426,11
15,1000,70,5.13,10.3,18,37,6,945,27,10,18,55,7.419100369,102,189,18.03802434,9.516006898,6.816311447,8.014698966,481,7,5,4,16,464,20,5,14,39,497,503,128,61,78,24
11,1000,70,5.13,10.3,18,37,11,938,36,16,10,62,7.391404563,93,187,18.55307702,10.14111238,7.069225489,7.685246663,454,11,8,4,23,484,25,8,6,39,477,523,123,64,73,20
13,1000,70,5.13,10.3,18,37,9,941,39,5,15,59,7.315606572,96,166,17.94526306,9.817121959,6.57712841,8.093510673,492,16,1,4,21,449,23,4,11,38,513,487,107,59,74,22
14,1000,70,5.13,10.3,18,37,8,940,32,16,12,60,7.399634475,105,177,18.00453131,9.649152346,6.544689997,8.271850558,484,13,5,3,21,456,19,11,9,39,505,495,115,62,65,40
12,1000,70,5.13,10.3,18,37,11,960,17,9,14,40,7.309496985,96,192,18.38031361,9.66129474,6.827091505,7.811592484,491,10,3,6,19,469,7,6,8,21,510,490,116,76,66,30
9,1000,70,5.13,10.3,18,37,12,941,31,14,14,59,7.677816472,106,171,18.06592991,9.779291317,6.765719449,8.66592158,495,14,8,3,25,446,17,6,11,34,520,480,117,54,84,22
10,1000,70,5.13,10.3,18,37,12,946,20,18,16,54,7.594760135,95,200,18.21858764,9.582612715,6.598311833,8.669929925,499,9,5,6,20,447,11,13,10,34,519,481,118,82,74,21
15,1000,70,5.13,10.3,18,37,7,946,25,11,18,54,7.45904299,97,205,18.13137958,9.616890343,6.884925265,8.026312391,481,7,5,4,16,465,18,6,14,38,497,503,131,74,68,29
2,1000,70,5.13,10.3,18,37,104,949,30,12,9,51,7.414219412,427,486,4480.066697,2448.085131,10.61031976,4.331144226,444,29,9,9,47,505,1,3,0,4,491,509,473,13,418,9
16,1000,70,5.13,10.3,18,37,0,938,36,14,12,62,7.329,98,182,17.40253465,8.945868534,6.82205029,7.871635611,489,16,7,5,28,449,20,7,7,34,517,483,112,70,47,51
11,1000,70,5.13,10.3,18,37,12,938,37,15,10,62,7.443527909,104,198,18.67212275,10.20693735,7.173437764,7.689862515,454,11,8,4,23,484,26,7,6,39,477,523,128,70,78,26
13,1000,70,5.13,10.3,18,37,10,944,39,5,12,56,7.28120228,128,174,18.00906456,9.893561516,6.555636923,8.045504185,493,16,1,3,20,451,23,4,9,36,513,487,102,72,85,43
14,1000,70,5.13,10.3,18,37,9,940,32,15,13,60,7.435163594,105,196,18.08288976,9.724778145,6.597058873,8.290199723,484,13,4,4,21,456,19,11,9,39,505,495,123,73,75,30
12,1000,70,5.13,10.3,18,37,12,960,17,8,15,40,7.327310521,103,183,18.53089969,9.765293508,6.853458508,7.820503433,491,10,3,6,19,469,7,5,9,21,510,490,113,70,71,32
9,1000,70,5.13,10.3,18,37,13,940,30,16,14,60,7.744603608,108,167,18.19096337,9.8651417,6.822526162,8.74352084,495,14,8,3,25,445,16,8,11,35,520,480,111,56,76,32
10,1000,70,5.13,10.3,18,37,13,945,21,18,16,55,7.621169667,93,191,18.3374598,9.708309512,6.636770851,8.683338036,499,9,5,6,20,446,12,13,10,35,519,481,124,67,72,21
15,1000,70,5.13,10.3,18,37,8,947,24,11,18,53,7.468120604,103,199,18.20043531,9.693262157,6.88305762,8.046204705,481,7,5,4,16,466,17,6,14,37,497,503,129,70,73,30
16,1000,70,5.13,10.3,18,37,1,939,36,13,12,61,7.369674554,103,180,17.43565632,9.019585291,6.872272624,7.902090284,490,16,6,5,27,449,20,7,7,34,517,483,106,74,69,34
13,1000,70,5.13,10.3,18,37,11,948,37,4,11,52,7.27864191,94,197,18.11883846,9.991148045,6.610730211,7.982212138,493,16,1,3,20,455,21,3,8,32,513,487,114,83,73,21
11,1000,70,5.13,10.3,18,37,13,938,37,15,10,62,7.441876206,106,187,18.87768036,10.33434262,7.20011383,7.662374587,453,12,8,4,24,485,25,7,6,38,477,523,131,56,80,26
14,1000,70,5.13,10.3,18,37,10,939,33,14,14,61,7.448852799,111,188,18.16975938,9.820112312,6.626387378,8.287933682,484,13,4,4,21,455,20,10,10,40,505,495,112,76,84,27
12,1000,70,5.13,10.3,18,37,13,961,18,7,14,39,7.361013078,122,184,18.6267672,9.877535604,6.900335572,7.840493747,492,10,2,6,18,469,8,5,8,21,510,490,118,66,84,38
10,1000,70,5.13,10.3,18,37,14,942,23,19,16,58,7.705084991,99,184,18.5071811,9.836996957,6.736404795,8.750292936,497,11,5,6,22,445,12,14,10,36,519,481,117,67,71,28
9,1000,70,5.13,10.3,18,37,14,941,29,16,14,59,7.73435475,113,186,18.28920022,9.947089178,6.845729981,8.697031582,495,14,8,3,25,446,15,8,11,34,520,480,105,81,82,31
15,1000,70,5.13,10.3,18,37,9,946,25,11,18,54,7.495967301,105,183,18.26879579,9.785746182,6.918991393,8.066060793,480,8,5,4,17,466,17,6,14,37,497,503,113,70,74,31
13,1000,70,5.13,10.3,18,37,12,949,38,4,9,51,7.305110733,104,193,18.24820019,10.13170045,6.680864069,7.962684733,493,16,1,3,20,456,22,3,6,31,513,487,120,73,77,27
14,1000,70,5.13,10.3,18,37,11,941,32,13,14,59,7.472053778,110,166,18.28392193,9.931746331,6.686619584,8.27335533,485,12,4,4,20,456,20,9,10,39,505,495,105,61,82,28
11,1000,70,5.13,10.3,18,37,14,939,36,15,10,61,7.44567444,107,198,19.0362193,10.45687968,7.213471203,7.657454448,454,11,8,4,23,485,25,7,6,38,477,523,133,65,80,27
16,1000,70,5.13,10.3,18,37,2,939,36,14,11,61,7.371432023,98,178,17.47615016,9.09998904,6.890897479,7.885793015,490,15,7,5,27,449,21,7,6,34,517,483,103,75,67,31
12,1000,70,5.13,10.3,18,37,14,962,17,7,14,38,7.395126111,91,171,18.77901286,10.03097519,6.951965923,7.856374471,492,10,2,6,18,470,7,5,8,20,510,490,117,54,67,24
10,1000,70,5.13,10.3,18,37,15,945,22,17,16,55,7.70236909,118,174,18.68728,9.980919503,6.79985562,8.676183,498,11,4,6,21,447,11,13,10,34,519,481,117,57,83,35
9,1000,70,5.13,10.3,18,37,15,943,28,16,13,57,7.724181902,104,196,18.42276903,10.06448585,6.871254647,8.648186429,496,13,8,3,24,447,15,8,10,33,520,480,127,69,78,26
15,1000,70,5.13,10.3,18,37,10,946,26,11,17,54,7.504476308,95,203,18.46600446,9.937944148,6.983884128,8.018858641,481,7,5,4,16,465,19,6,13,38,497,503,125,78,76,19
13,1000,70,5.13,10.3,18,37,13,948,39,4,9,52,7.331656418,107,179,18.36631159,10.23563338,6.692174344,8.005279219,493,16,1,3,20,455,23,3,6,32,513,487,113,66,83,24
14,1000,70,5.13,10.3,18,37,12,941,33,13,13,59,7.477671113,90,215,18.35512179,10.02473448,6.704472186,8.266490219,485,13,4,3,20,456,20,9,10,39,505,495,137,78,63,27
11,1000,70,5.13,10.3,18,37,15,940,36,14,10,60,7.456733582,119,189,19.18418297,10.56305609,7.213233109,7.678817188,455,11,7,4,22,485,25,7,6,38,477,523,138,51,86,33
16,1000,70,5.13,10.3,18,37,3,939,35,15,11,61,7.415606363,81,185,17.50931005,9.128825625,6.941361601,7.923234814,490,14,8,5,27,449,21,7,6,34,517,483,115,70,49,32
12,1000,70,5.13,10.3,18,37,15,963,16,7,14,37,7.412612311,97,174,18.95515392,10.14374785,6.980212654,7.862660933,492,10,2,6,18,471,6,5,8,19,510,490,112,62,75,22
10,1000,70,5.13,10.3,18,37,16,945,24,17,14,55,7.737026746,98,195,18.86211502,10.12159241,6.828076627,8.717785814,498,12,4,5,21,447,12,13,9,34,519,481,127,68,74,24
9,1000,70,5.13,10.3,18,37,16,944,28,16,12,56,7.70335613,101,191,18.50974591,10.16540324,6.909752259,8.563093656,496,13,8,3,24,448,15,8,9,32,520,480,130,61,80,21
15,1000,70,5.13,10.3,18,37,11,948,24,11,17,52,7.498876358,102,188,18.6241581,10.08952274,7.014341191,7.977631781,481,7,5,4,16,467,17,6,13,36,497,503,124,64,75,27
13,1000,70,5.13,10.3,18,37,14,949,38,4,9,51,7.346413743,93,180,18.51060979,10.32771694,6.724634229,8.001388879,493,16,1,3,20,456,22,3,6,31,513,487,116,64,77,16
14,1000,70,5.13,10.3,18,37,13,943,32,12,13,57,7.473199293,105,191,18.46998599,10.13427257,6.714130682,8.247602623,485,13,4,3,20,458,19,8,10,37,505,495,130,61,81,24
11,1000,70,5.13,10.3,18,37,16,943,35,13,9,57,7.463873093,126,199,19.35272376,10.71204849,7.251330878,7.657721347,455,11,7,4,22,488,24,6,5,35,477,523,151,48,108,18
12,1000,70,5.13,10.3,18,37,16,965,16,5,14,35,7.423588127,114,199,19.0586093,10.23557182,7.032338232,7.830807405,491,11,2,6,19,474,5,3,8,16,510,490,129,70,91,23
16,1000,70,5.13,10.3,18,37,4,937,37,15,11,63,7.431193518,82,184,17.54741065,9.16475818,6.96070504,7.934801268,489,15,8,5,28,448,22,7,6,35,517,483,101,83,56,26
10,1000,70,5.13,10.3,18,37,17,945,24,17,14,55,7.733302157,108,215,19.05504756,10.25265369,6.901434045,8.63088958,497,13,4,5,22,448,11,13,9,33,519,481,139,76,86,22
9,1000,70,5.13,10.3,18,37,17,944,28,16,12,56,7.724151426,106,188,18.61770217,10.25865788,6.947198847,8.565850054,496,13,8,3,24,448,15,8,9,32,520,480,124,64,78,28
13,1000,70,5.13,10.3,18,37,15,951,36,4,9,49,7.340666262,102,202,18.61920958,10.43027053,6.748889227,7.964037143,494,15,1,3,19,457,21,3,6,30,513,487,127,75,80,22
15,1000,70,5.13,10.3,18,37,12,949,22,12,17,51,7.498453468,111,197,18.72544582,10.18742299,7.067245753,7.924517552,481,7,5,4,16,468,15,7,13,35,497,503,135,62,84,27
14,1000,70,5.13,10.3,18,37,14,943,33,11,13,57,7.500081831,107,221,18.63393707,10.24377576,6.788021076,8.226527652,484,14,4,3,21,459,19,7,10,36,505,495,146,75,81,26
11,1000,70,5.13,10.3,18,37,17,944,34,13,9,56,7.48991866,116,175,19.4934121,10.83192471,7.301360495,7.661892358,455,11,7,4,22,489,23,6,5,34,477,523,129,46,88,28
12,1000,70,5.13,10.3,18,37,17,966,15,5,14,34,7.415861373,103,194,19.26309684,10.34006812,7.037427368,7.809741664,491,11,2,6,19,475,4,3,8,15,510,490,138,56,82,21
10,1000,70,5.13,10.3,18,37,18,944,25,17,14,56,7.750390963,122,197,19.24775495,10.40219086,6.918914636,8.647555647,497,13,4,5,22,447,12,13,9,34,519,481,133,64,98,24
16,1000,70,5.13,10.3,18,37,5,938,36,15,11,62,7.468420401,90,186,17.60610735,9.249317314,6.984268622,7.986653257,489,15,8,5,28,449,21,7,6,34,517,483,113,73,68,22
9,1000,70,5.13,10.3,18,37,18,944,27,17,12,56,7.768691582,109,200,18.73104424,10.3569729,7.006619796,8.594269351,496,13,8,3,24,448,14,9,9,32,520,480,141,59,82,27
13,1000,70,5.13,10.3,18,37,16,951,36,4,9,49,7.337339122,101,205,18.75051109,10.54540014,6.776140649,7.928498909,494,15,1,3,19,457,21,3,6,30,513,487,135,70,81,20
15,1000,70,5.13,10.3,18,37,13,948,22,13,17,52,7.531914465,107,204,18.86463401,10.35208524,7.118448558,7.940448374,481,6,6,4,16,467,16,7,13,36,497,503,128,76,77,30
14,1000,70,5.13,10.3,18,37,15,944,31,12,13,56,7.517676674,125,192,18.79364255,10.3739744,6.820510651,8.228926858,484,14,4,3,21,460,17,8,10,35,505,495,129,63,103,22
11,1000,70,5.13,10.3,18,37,18,944,34,13,9,56,7.502855228,101,204,19.70501525,11.01989301,7.320233338,7.669414772,455,11,7,4,22,489,23,6,5,34,477,523,150,54,80,21
12,1000,70,5.13,10.3,18,37,18,966,15,5,14,34,7.40846016,111,185,19.55522548,10.57299511,7.057904091,7.77332464,492,10,2,6,18,474,5,3,8,16,510,490,139,46,85,26
10,1000,70,5.13,10.3,18,37,19,946,25,15,14,54,7.742507899,115,205,19.36257396,10.50137353,6.927374457,8.622038577,497,13,4,5,22,449,12,11,9,32,519,481,154,51,91,24
9,1000,70,5.13,10.3,18,37,19,945,26,17,12,55,7.818040685,104,214,18.85008067,10.48718046,7.12700022,8.566667855,495,14,8,3,25,450,12,9,9,30,520,480,147,67,70,34
13,1000,70,5.13,10.3,18,37,17,952,36,4,8,48,7.363424406,117,216,18.90952539,10.70752166,6.826585287,7.92892434,494,15,1,3,19,458,21,3,5,29,513,487,148,68,89,28
16,1000,70,5.13,10.3,18,37,6,940,36,14,10,60,7.439253966,115,209,17.67331098,9.31762389,6.952130093,7.960668132,491,15,7,4,26,449,21,7,6,34,517,483,121,88,74,41
15,1000,70,5.13,10.3,18,37,14,951,21,11,17,49,7.518365384,118,208,18.95533055,10.46993646,7.165557453,7.866964872,480,8,5,4,17,471,13,6,13,32,497,503,146,62,89,29
14,1000,70,5.13,10.3,18,37,16,944,31,12,13,56,7.559515416,117,199,18.9485681,10.48855085,6.86831736,8.264677069,485,13,4,3,20,459,18,8,10,36,505,495,145,54,93,24
11,1000,70,5.13,10.3,18,37,19,946,33,12,9,54,7.499839242,109,219,19.92046036,11.20216021,7.342089958,7.643713828,455,11,7,4,22,491,22,5,5,32,477,523,161,58,86,23
12,1000,70,5.13,10.3,18,37,19,965,16,5,14,35,7.435707164,122,190,19.79745426,10.74190567,7.07238395,7.813859897,492,10,2,6,18,473,6,3,8,17,510,490,128,62,88,34
10,1000,70,5.13,10.3,18,37,20,946,26,14,14,54,7.765154449,108,196,19.54554339,10.65845146,6.946782155,8.648179855,498,13,3,5,21,448,13,11,9,33,519,481,136,60,85,23
9,1000,70,5.13,10.3,18,37,20,945,26,17,12,55,7.831204636,103,198,19.03550612,10.67361028,7.161323648,8.55690904,495,14,8,3,25,450,12,9,9,30,520,480,142,56,77,26
13,1000,70,5.13,10.3,18,37,18,952,36,3,9,48,7.397635747,130,197,19.07056563,10.82915075,6.86957316,7.953890588,494,15,1,3,19,458,21,2,6,29,513,487,149,48,100,30
15,1000,70,5.13,10.3,18,37,15,952,21,11,16,48,7.526874225,122,177,19.08657762,10.58948298,7.189895373,7.859833449,480,8,5,4,17,472,13,6,12,31,497,503,127,50,86,36
16,1000,70,5.13,10.3,18,37,7,939,37,14,10,61,7.454874289,90,160,17.78646047,9.433773539,7.006067577,7.93527402,490,16,7,4,27,449,21,7,6,34,517,483,92,68,63,27
14,1000,70,5.13,10.3,18,37,17,948,28,11,13,52,7.548524133,116,193,19.07885251,10.59852414,6.873244097,8.237446191,487,12,3,3,18,461,16,8,10,34,505,495,133,60,82,34
11,1000,70,5.13,10.3,18,37,20,948,31,12,9,52,7.483465287,115,218,20.16581273,11.39036779,7.320930494,7.631704478,456,10,7,4,21,492,21,5,5,31,477,523,159,59,89,26
12,1000,70,5.13,10.3,18,37,20,964,18,5,13,36,7.419362114,110,194,20.10608537,10.93791099,7.076220469,7.776509541,492,10,2,6,18,472,8,3,7,18,510,490,138,56,85,25
10,1000,70,5.13,10.3,18,37,21,946,26,14,14,54,7.816008774,111,191,19.77095713,10.84047606,7.003009153,8.693237056,498,13,3,5,21,448,13,11,9,33,519,481,139,52,86,25
9,1000,70,5.13,10.3,18,37,21,945,25,18,12,55,7.8545329,123,195,19.28597856,10.88852525,7.199497261,8.564154842,495,14,8,3,25,450,11,10,9,30,520,480,141,54,102,21
15,1000,70,5.13,10.3,18,37,16,952,21,12,15,48,7.569858274,96,192,19.26931775,10.71236847,7.293799977,7.842623629,480,8,5,4,17,472,13,7,11,31,497,503,136,56,71,25
13,1000,70,5.13,10.3,18,37,19,954,35,3,8,46,7.383931139,128,192,19.22792092,10.9396097,6.902075443,7.89151219,494,15,1,3,19,460,20,2,5,27,513,487,130,62,101,27
14,1000,70,5.13,10.3,18,37,18,949,27,10,14,51,7.566282291,111,201,19.34553005,10.77478098,6.895665391,8.250447007,488,11,2,4,17,461,16,8,10,34,505,495,144,57,89,22
16,1000,70,5.13,10.3,18,37,8,941,36,13,10,59,7.469972305,92,190,17.855421,9.493787241,7.038305451,7.932025645,491,15,7,4,26,450,21,6,6,33,517,483,112,78,58,34
11,1000,70,5.13,10.3,18,37,21,947,32,12,9,53,7.530835866,131,187,20.39017915,11.53045696,7.378106664,7.670131906,455,11,7,4,22,492,21,5,5,31,477,523,139,48,108,23
12,1000,70,5.13,10.3,18,37,21,964,18,5,13,36,7.448635339,132,202,20.38903522,11.13954577,7.109101441,7.802027764,492,10,2,6,18,472,8,3,7,18,510,490,145,57,108,24
10,1000,70,5.13,10.3,18,37,22,945,26,16,13,55,7.821760656,108,180,20.14492407,11.08651638,7.037894139,8.667554258,498,13,3,5,21,447,13,13,8,34,519,481,135,45,84,24
9,1000,70,5.13,10.3,18,37,22,948,24,16,12,52,7.831692114,108,191,19.45054631,10.97860956,7.197926588,8.518271434,496,13,8,3,24,452,11,8,9,28,520,480,137,54,84,24
13,1000,70,5.13,10.3,18,37,20,955,34,3,8,45,7.379937152,134,195,19.41975243,11.1000862,6.92254062,7.861753212,494,15,1,3,19,461,19,2,5,26,513,487,124,71,98,36
15,1000,70,5.13,10.3,18,37,17,954,19,12,15,46,7.553341323,119,197,19.46327393,10.84312811,7.318869242,7.78501652,480,8,5,4,17,474,11,7,11,29,497,503,140,57,82,37
14,1000,70,5.13,10.3,18,37,19,950,26,10,14,50,7.565100153,113,201,19.57057888,10.90807307,6.925188562,8.21793925,488,11,2,4,17,462,15,8,10,33,505,495,139,62,89,24
16,1000,70,5.13,10.3,18,37,9,941,37,12,10,59,7.483658633,89,183,17.91365488,9.554284838,7.066628965,7.930044426,490,16,7,4,27,451,21,5,6,32,517,483,103,80,63,26
11,1000,70,5.13,10.3,18,37,22,945,33,13,9,55,7.574457639,132,230,20.56640333,11.68667121,7.419790255,7.715521392,454,11,8,4,23,491,22,5,5,32,477,523,175,55,100,32
10,1000,70,5.13,10.3,18,37,23,948,26,13,13,52,7.78555828,129,192,20.3964024,11.24201899,7.058266243,8.570307901,498,13,3,5,21,450,13,10,8,31,519,481,137,55,101,28
12,1000,70,5.13,10.3,18,37,22,964,18,5,13,36,7.470008733,96,209,20.73818653,11.34186442,7.125003885,7.829095411,491,11,2,6,19,473,7,3,7,17,510,490,148,61,77,19
9,1000,70,5.13,10.3,18,37,23,945,26,17,12,55,7.862584574,115,203,19.66682765,11.10893948,7.24051438,8.536493951,495,14,8,3,25,450,12,9,9,30,520,480,159,44,90,25
13,1000,70,5.13,10.3,18,37,21,955,33,4,8,45,7.401816151,130,220,19.6159523,11.26671467,6.983389797,7.84258149,494,15,1,3,19,461,18,3,5,26,513,487,153,67,107,23
15,1000,70,5.13,10.3,18,37,18,954,19,12,15,46,7.573875026,124,168,19.62675688,10.9781502,7.349630655,7.795444514,480,8,5,4,17,474,11,7,11,29,497,503,124,44,96,28
14,1000,70,5.13,10.3,18,37,20,951,25,10,14,49,7.587212883,105,191,19.7420316,11.02672617,6.957299854,8.229851429,489,10,2,4,16,462,15,8,10,33,505,495,132,59,85,20
16,1000,70,5.13,10.3,18,37,10,941,37,12,10,59,7.498045895,105,199,17.99224344,9.617941331,7.042023675,7.986169057,491,15,7,4,26,450,22,5,6,33,517,483,126,73,68,37
11,1000,70,5.13,10.3,18,37,23,945,33,13,9,55,7.551006127,120,203,20.81290173,11.87865613,7.421483506,7.669136702,453,12,8,4,24,492,21,5,5,31,477,523,154,49,98,22
10,1000,70,5.13,10.3,18,37,24,948,27,12,13,52,7.798548425,111,196,20.62518489,11.38993382,7.048384768,8.607976571,498,14,2,5,21,450,13,10,8,31,519,481,146,50,90,21
12,1000,70,5.13,10.3,18,37,23,964,18,5,13,36,7.489225705,122,224,21.10576703,11.62445939,7.16163754,7.830184815,491,11,2,6,19,473,7,3,7,17,510,490,160,64,100,22
9,1000,70,5.13,10.3,18,37,24,946,26,16,12,54,7.860649644,124,193,19.87358597,11.23417463,7.27006323,8.500451593,496,14,7,3,24,450,12,9,9,30,520,480,138,55,104,20
13,1000,70,5.13,10.3,18,37,22,956,31,5,8,44,7.40641301,122,183,19.75084651,11.39415054,6.98013181,7.855452549,495,13,2,3,18,461,18,3,5,26,513,487,134,49,95,27
15,1000,70,5.13,10.3,18,37,19,954,19,11,16,46,7.602171581,123,211,19.74976473,11.08808979,7.392519827,7.809322518,480,8,5,4,17,474,11,6,12,29,497,503,147,64,103,20
14,1000,70,5.13,10.3,18,37,21,951,26,10,13,49,7.606374914,112,193,19.87922813,11.13326003,6.984940871,8.24036318,488,11,2,4,17,463,15,8,9,32,505,495,129,64,92,20
11,1000,70,5.13,10.3,18,37,24,947,31,13,9,53,7.543935766,129,216,21.1609282,12.14115353,7.454249358,7.625733886,453,12,8,4,24,494,19,5,5,29,477,523,165,51,102,27
16,1000,70,5.13,10.3,18,37,11,942,36,12,10,58,7.520039699,106,189,18.09053517,9.700523586,7.086753287,7.983826603,491,15,7,4,26,451,21,5,6,32,517,483,110,79,71,35
10,1000,70,5.13,10.3,18,37,25,949,26,12,13,51,7.780756211,126,247,20.88205754,11.56590783,7.065625726,8.55238349,498,14,2,5,21,451,12,10,8,30,519,481,180,67,112,14
12,1000,70,5.13,10.3,18,37,24,963,19,5,13,37,7.498632594,128,222,21.61020717,11.93014466,7.162681668,7.848295802,491,11,2,6,19,472,8,3,7,18,510,490,168,54,100,28
13,1000,70,5.13,10.3,18,37,23,956,30,5,9,44,7.440114761,124,204,19.92595083,11.54564758,7.021271815,7.881318932,495,13,2,3,18,461,17,3,6,26,513,487,149,55,111,13
9,1000,70,5.13,10.3,18,37,25,945,27,16,12,55,7.883178311,101,211,20.15819178,11.42413531,7.314748549,8.49897722,495,15,7,3,25,450,12,9,9,30,520,480,141,70,82,19
15,1000,70,5.13,10.3,18,37,20,954,19,12,15,46,7.620197007,112,192,20.01963066,11.25571889,7.418703117,7.819287392,480,8,5,4,17,474,11,7,11,29,497,503,136,56,93,19
14,1000,70,5.13,10.3,18,37,22,950,27,10,13,50,7.62929844,113,204,20.09073112,11.28511838,7.010843992,8.260246918,487,12,2,4,18,463,15,8,9,32,505,495,148,56,88,25
11,1000,70,5.13,10.3,18,37,25,948,30,13,9,52,7.560601556,137,223,21.52823455,12.41905824,7.505134704,7.611189872,453,12,8,4,24,495,18,5,5,28,477,523,166,57,115,22
10,1000,70,5.13,10.3,18,37,26,951,26,10,13,49,7.763684829,123,218,21.20747874,11.77517536,7.103634651,8.475880343,498,14,2,5,21,453,12,8,8,28,519,481,155,63,101,22
16,1000,70,5.13,10.3,18,37,12,941,37,13,9,59,7.539666086,91,207,18.19222162,9.777886997,7.123265951,7.985378032,490,15,8,4,27,451,22,5,5,32,517,483,134,73,64,27
13,1000,70,5.13,10.3,18,37,24,954,32,5,9,46,7.452442936,122,190,20.24358319,11.82414225,7.027054439,7.900542112,494,14,2,3,19,460,18,3,6,27,513,487,142,48,93,29
12,1000,70,5.13,10.3,18,37,25,965,19,4,12,35,7.542346324,132,221,22.02179365,12.21005151,7.213610737,7.88449969,491,11,2,6,19,474,8,2,6,16,510,490,160,61,108,24
15,1000,70,5.13,10.3,18,37,21,953,21,12,14,47,7.647241324,107,205,20.287007,11.42923674,7.510538381,7.782313615,479,9,5,4,18,474,12,7,10,29,497,503,138,67,88,19
9,1000,70,5.13,10.3,18,37,26,945,27,15,13,55,7.907198882,121,213,20.32451596,11.5576627,7.375473834,8.483234352,495,15,7,3,25,450,12,8,10,30,520,480,146,67,98,23
14,1000,70,5.13,10.3,18,37,23,950,27,9,14,50,7.6217837,108,203,20.37509428,11.47184011,7.023668758,8.231981771,487,12,2,4,18,463,15,7,10,32,505,495,150,53,89,19
11,1000,70,5.13,10.3,18,37,26,948,32,13,7,52,7.547672072,142,205,21.82024547,12.6504762,7.48589666,7.604014083,453,13,8,3,24,495,19,5,4,28,477,523,150,55,120,22
10,1000,70,5.13,10.3,18,37,27,952,26,10,12,48,7.800332693,127,207,21.5505077,12.0004451,7.172814564,8.477426059,498,14,2,5,21,454,12,8,7,27,519,481,161,46,97,30
13,1000,70,5.13,10.3,18,37,25,956,29,6,9,44,7.454222546,134,220,20.4367633,11.99641744,7.076627127,7.851977064,494,14,2,3,19,462,15,4,6,25,513,487,158,62,105,29
15,1000,70,5.13,10.3,18,37,22,956,19,12,13,44,7.631665377,113,235,20.66691298,11.69932469,7.513551793,7.748370052,480,8,5,4,17,476,11,7,9,27,497,503,169,66,88,25
12,1000,70,5.13,10.3,18,37,26,966,18,4,12,34,7.539862653,143,221,22.46988642,12.53516999,7.262413261,7.828636509,491,11,2,6,19,475,7,2,6,15,510,490,162,59,120,23
16,1000,70,5.13,10.3,18,37,13,941,37,13,9,59,7.553643696,96,193,18.24823951,9.844767696,7.121588225,8.01611301,490,15,8,4,27,451,22,5,5,32,517,483,118,75,66,30
9,1000,70,5.13,10.3,18,37,27,946,25,16,13,54,7.917380095,119,196,20.51224543,11.70593514,7.420716685,8.455432123,495,15,7,3,25,451,10,9,10,29,520,480,133,63,97,22
14,1000,70,5.13,10.3,18,37,24,949,31,8,12,51,7.620796054,135,228,20.70228723,11.67947994,7.09071057,8.161590335,486,13,2,4,19,463,18,6,8,32,505,495,162,66,115,20
11,1000,70,5.13,10.3,18,37,27,950,29,14,7,50,7.538508695,139,220,22.19134051,12.88059607,7.513929377,7.560926161,453,13,8,3,24,497,16,6,4,26,477,523,167,53,118,21
10,1000,70,5.13,10.3,18,37,28,953,27,10,10,47,7.829935468,128,217,21.87865429,12.21407887,7.186346627,8.524369165,499,14,2,4,20,454,13,8,6,27,519,481,152,65,105,23
13,1000,70,5.13,10.3,18,37,26,956,28,7,9,44,7.489156606,125,215,20.74205614,12.21472444,7.139267893,7.857725208,494,13,3,3,19,462,15,4,6,25,513,487,152,63,103,22
15,1000,70,5.13,10.3,18,37,23,957,18,12,13,43,7.625422156,116,205,21.02449585,11.96369291,7.535990912,7.713786625,481,7,5,4,16,476,11,7,9,27,497,503,148,57,98,18
12,1000,70,5.13,10.3,18,37,27,966,19,4,11,34,7.56133994,122,222,22.87371268,12.80273309,7.346051006,7.785416179,491,11,2,6,19,475,8,2,5,15,510,490,167,55,95,27
14,1000,70,5.13,10.3,18,37,25,951,28,9,12,49,7.624574441,112,207,21.02025877,11.89347767,7.121074322,8.13824628,486,12,3,4,19,465,16,6,8,30,505,495,155,52,93,19
9,1000,70,5.13,10.3,18,37,28,945,26,16,13,55,7.956789503,127,228,20.72202515,11.91066549,7.469665127,8.484507577,494,16,7,3,26,451,10,9,10,29,520,480,165,63,101,26
16,1000,70,5.13,10.3,18,37,14,941,37,13,9,59,7.561412795,103,199,18.33998259,9.929746849,7.160848309,7.990174366,490,15,8,4,27,451,22,5,5,32,517,483,129,70,75,28
11,1000,70,5.13,10.3,18,37,28,950,30,13,7,50,7.552375714,144,225,22.5541678,13.11918347,7.515366989,7.586129369,453,14,7,3,24,497,16,6,4,26,477,523,173,52,122,22
10,1000,70,5.13,10.3,18,37,29,951,29,10,10,49,7.868253329,127,224,22.32081626,12.53796301,7.208082977,8.580578512,499,14,2,4,20,452,15,8,6,29,519,481,170,54,92,35
13,1000,70,5.13,10.3,18,37,27,955,28,8,9,45,7.511553792,110,224,20.92610017,12.42234205,7.202764755,7.836828486,494,12,4,3,19,461,16,4,6,26,513,487,170,54,88,22
15,1000,70,5.13,10.3,18,37,24,957,18,12,13,43,7.63395028,125,219,21.40217538,12.23683235,7.554337631,7.712613274,481,7,5,4,16,476,11,7,9,27,497,503,161,58,103,22
12,1000,70,5.13,10.3,18,37,28,963,23,4,10,37,7.596164695,123,244,23.29182337,13.08375648,7.363704484,7.838113078,491,12,2,5,19,472,11,2,5,18,510,490,189,55,96,27
14,1000,70,5.13,10.3,18,37,26,952,29,7,12,48,7.631958364,121,202,21.61990815,12.30982184,7.180459859,8.092578051,485,13,3,4,20,467,16,4,8,28,505,495,146,56,102,19
9,1000,70,5.13,10.3,18,37,29,946,27,14,13,54,7.945114275,121,221,21.08327149,12.16671335,7.48258891,8.44618342,494,16,7,3,26,452,11,7,10,28,520,480,169,52,96,25
16,1000,70,5.13,10.3,18,37,15,940,37,13,10,60,7.587889674,105,206,18.42656332,10.00129222,7.228403027,7.9726818,489,16,7,5,28,451,21,6,5,32,517,483,129,77,73,32
11,1000,70,5.13,10.3,18,37,29,949,31,13,7,51,7.564024339,131,229,23.14114028,13.57459198,7.576504116,7.552642209,451,16,7,3,26,498,15,6,4,25,477,523,197,32,110,21
10,1000,70,5.13,10.3,18,37,30,951,29,10,10,49,7.854769366,135,214,22.81444363,12.86800102,7.254567675,8.502388239,499,14,2,4,20,452,15,8,6,29,519,481,165,49,115,20
13,1000,70,5.13,10.3,18,37,28,956,28,8,8,44,7.52692897,117,202,21.14803023,12.60727571,7.240095078,7.829076375,494,12,4,3,19,462,16,4,5,25,513,487,156,46,104,13
15,1000,70,5.13,10.3,18,37,25,957,19,11,13,43,7.672690524,144,224,21.79263305,12.4982169,7.647370372,7.697708646,481,7,5,4,16,476,12,6,9,27,497,503,153,71,110,34
14,1000,70,5.13,10.3,18,37,27,955,27,6,12,45,7.612730835,137,226,22.07564668,12.56931809,7.212353849,8.021196245,485,13,3,4,20,470,14,3,8,25,505,495,175,51,117,20
12,1000,70,5.13,10.3,18,37,29,963,23,4,10,37,7.625197711,128,215,23.82425339,13.40543236,7.3746548,7.885966863,491,12,2,5,19,472,11,2,5,18,510,490,167,48,107,21
9,1000,70,5.13,10.3,18,37,30,946,27,14,13,54,7.97334074,125,214,21.38147923,12.42825829,7.512954703,8.472092281,494,16,7,3,26,452,11,7,10,28,520,480,158,56,104,21
16,1000,70,5.13,10.3,18,37,16,939,38,13,10,61,7.623614023,110,183,18.62237599,10.15467167,7.27963638,7.991805414,489,16,7,5,28,450,22,6,5,33,517,483,121,62,85,25
11,1000,70,5.13,10.3,18,37,30,949,31,13,7,51,7.538033153,151,236,23.66197728,13.96220125,7.572917519,7.50621701,450,17,7,3,27,499,14,6,4,24,477,523,194,42,130,21
10,1000,70,5.13,10.3,18,37,31,950,30,10,10,50,7.872154272,116,204,23.29325346,13.21453504,7.293638333,8.496374173,498,15,2,4,21,452,15,8,6,29,519,481,154,50,100,16
13,1000,70,5.13,10.3,18,37,29,956,28,8,8,44,7.58899242,134,231,21.3657909,12.79613073,7.338850602,7.852488832,494,12,4,3,19,462,16,4,5,25,513,487,179,52,116,18
15,1000,70,5.13,10.3,18,37,26,958,19,11,12,42,7.655377975,132,211,22.13572699,12.71302494,7.637298563,7.673241729,481,7,5,4,16,477,12,6,8,26,497,503,158,53,104,28
14,1000,70,5.13,10.3,18,37,28,956,28,5,11,44,7.580706368,118,225,22.52564453,12.82178032,7.230225255,7.938267907,485,13,3,4,20,471,15,2,7,24,505,495,179,46,99,19
12,1000,70,5.13,10.3,18,37,30,964,22,4,10,36,7.635339265,120,247,24.1500471,13.64843207,7.418173551,7.861368886,491,12,2,5,19,473,10,2,5,17,510,490,195,52,106,14
9,1000,70,5.13,10.3,18,37,31,946,27,14,13,54,7.980916987,125,212,21.59926104,12.6184979,7.533721232,8.465379056,494,16,7,3,26,452,11,7,10,28,520,480,169,43,101,24
16,1000,70,5.13,10.3,18,37,17,939,38,14,9,61,7.627270946,103,193,18.72920138,10.22725378,7.311250753,7.965536867,489,15,8,5,28,450,23,6,4,33,517,483,140,53,85,18
11,1000,70,5.13,10.3,18,37,31,951,29,12,8,49,7.570536435,152,251,24.1960212,14.37602685,7.623021704,7.52266746,451,16,6,4,26,500,13,6,4,23,477,523,201,50,131,21
10,1000,70,5.13,10.3,18,37,32,950,29,11,10,50,7.89447777,120,248,23.82297814,13.56549132,7.342603258,8.489951516,498,14,3,4,21,452,15,8,6,29,519,481,192,56,100,20
13,1000,70,5.13,10.3,18,37,30,957,26,8,9,43,7.585293446,107,252,21.80487532,13.10997716,7.353682926,7.82926921,494,12,4,3,19,463,14,4,6,24,513,487,187,65,94,13
14,1000,70,5.13,10.3,18,37,29,955,29,5,11,45,7.632108584,134,233,22.9179601,13.0554247,7.289238879,7.981904949,485,13,3,4,20,470,16,2,7,25,505,495,185,48,110,24
15,1000,70,5.13,10.3,18,37,27,957,20,11,12,43,7.681150508,124,250,22.53628452,12.97258342,7.674643235,7.68758016,480,8,5,4,17,477,12,6,8,26,497,503,182,68,106,18
12,1000,70,5.13,10.3,18,37,31,963,23,4,10,37,7.650898481,122,238,24.38736504,13.82554707,7.456925403,7.852788827,491,12,2,5,19,472,11,2,5,18,510,490,181,57,104,18
9,1000,70,5.13,10.3,18,37,32,947,26,15,12,53,7.995771072,124,225,21.91788882,12.84101292,7.573722565,8.452990288,494,15,8,3,26,453,11,7,9,27,520,480,169,56,105,19
16,1000,70,5.13,10.3,18,37,18,939,39,14,8,61,7.627446118,113,206,18.91902799,10.35445336,7.355957618,7.91804561,489,15,8,5,28,450,24,6,3,33,517,483,142,64,80,33
10,1000,70,5.13,10.3,18,37,33,950,28,10,12,50,7.901174888,142,247,24.20832176,13.80641103,7.407074034,8.434310736,498,13,2,6,21,452,15,8,6,29,519,481,195,52,120,22
11,1000,70,5.13,10.3,18,37,32,952,28,12,8,48,7.596901676,153,235,24.82101765,14.79255103,7.666692725,7.533249036,452,15,6,4,25,500,13,6,4,23,477,523,196,39,130,23
13,1000,70,5.13,10.3,18,37,31,956,27,8,9,44,7.576516925,155,235,22.0912741,13.35427812,7.375717793,7.788036339,493,13,4,3,20,463,14,4,6,24,513,487,180,55,136,19
14,1000,70,5.13,10.3,18,37,30,954,30,5,11,46,7.61469362,143,249,23.47318249,13.40718888,7.310902775,7.924621655,484,14,3,4,21,470,16,2,7,25,505,495,201,48,125,18
15,1000,70,5.13,10.3,18,37,28,958,20,10,12,42,7.708424739,129,234,23.01873594,13.31019749,7.71449912,7.702422816,480,8,4,5,17,478,12,6,7,25,497,503,192,42,112,17
12,1000,70,5.13,10.3,18,37,32,964,22,4,10,36,7.643922223,146,220,24.77181636,14.07974098,7.475235874,7.819493729,491,12,2,5,19,473,10,2,5,17,510,490,169,51,117,29
9,1000,70,5.13,10.3,18,37,33,948,25,15,12,52,7.990309194,138,239,22.20213929,13.07311801,7.600880909,8.412189836,494,15,8,3,26,454,10,7,9,26,520,480,175,64,118,20
10,1000,70,5.13,10.3,18,37,34,953,25,10,12,47,7.967150656,138,239,24.74721713,14.16838821,7.509841062,8.460588659,498,13,2,6,21,455,12,8,6,26,519,481,189,50,117,21
13,1000,70,5.13,10.3,18,37,32,956,27,8,9,44,7.599400597,128,225,22.50337024,13.66735322,7.465413856,7.740540633,493,13,4,3,20,463,14,4,6,24,513,487,170,55,116,12
11,1000,70,5.13,10.3,18,37,33,952,28,12,8,48,7.602000734,122,262,25.37308207,15.16737063,7.688767647,7.522865328,452,15,6,4,25,500,13,6,4,23,477,523,209,53,111,11
14,1000,70,5.13,10.3,18,37,31,957,27,5,11,43,7.606561546,133,250,24.08674429,13.79349761,7.357470629,7.860684603,484,14,3,4,21,473,13,2,7,22,505,495,195,55,120,13
16,1000,70,5.13,10.3,18,37,19,940,37,15,8,60,7.63072401,132,211,19.03371863,10.43533785,7.402897744,7.874587736,490,13,9,5,27,450,24,6,3,33,517,483,143,68,108,24
15,1000,70,5.13,10.3,18,37,29,959,18,11,12,41,7.722705499,143,224,23.55912163,13.63681238,7.778342471,7.66773219,480,8,4,5,17,479,10,7,7,24,497,503,181,43,119,24
12,1000,70,5.13,10.3,18,37,33,963,23,4,10,37,7.682674079,135,256,25.29396729,14.4088377,7.582188244,7.787261376,490,13,2,5,20,473,10,2,5,17,510,490,203,53,123,12
9,1000,70,5.13,10.3,18,37,34,950,24,14,12,50,8.004431421,126,219,22.45821949,13.27233672,7.658165812,8.379552497,494,15,8,3,26,456,9,6,9,24,520,480,164,55,108,18
10,1000,70,5.13,10.3,18,37,35,953,25,10,12,47,7.997467869,140,230,25.48998157,14.68609857,7.563116836,8.466133537,499,12,2,6,20,454,13,8,6,27,519,481,176,54,119,21
13,1000,70,5.13,10.3,18,37,33,955,28,8,9,45,7.664531365,135,230,22.91670193,13.97157368,7.543504951,7.792019149,492,14,4,3,21,463,14,4,6,24,513,487,188,42,115,20
11,1000,70,5.13,10.3,18,37,34,954,28,11,7,46,7.616146208,141,258,25.87976411,15.58436459,7.706740366,7.533520179,453,15,5,4,24,501,13,6,3,22,477,523,211,47,119,22
14,1000,70,5.13,10.3,18,37,32,957,26,6,11,43,7.620682556,141,235,24.78162029,14.26788286,7.417924642,7.827536589,484,13,4,4,21,473,13,2,7,22,505,495,187,48,126,15
15,1000,70,5.13,10.3,18,37,30,959,19,10,12,41,7.741469237,133,225,24.09957907,13.99929415,7.788337595,7.695159945,479,9,4,5,18,480,10,6,7,23,497,503,182,43,114,19
16,1000,70,5.13,10.3,18,37,20,941,38,13,8,59,7.644150214,119,191,19.30195576,10.58297841,7.478322929,7.821650641,489,14,9,5,28,452,24,4,3,31,517,483,121,70,91,28
9,1000,70,5.13,10.3,18,37,35,953,25,10,12,47,7.999773994,126,237,22.93157374,13.62956627,7.680901535,8.345219159,494,16,7,3,26,459,9,3,9,21,520,480,185,52,108,18
12,1000,70,5.13,10.3,18,37,34,962,25,3,10,38,7.673429451,143,243,25.98275584,14.90440694,7.618861124,7.730225056,489,14,2,5,21,473,11,1,5,17,510,490,191,52,122,21
10,1000,70,5.13,10.3,18,37,36,953,25,10,12,47,8.006296223,130,234,26.25102113,15.15263888,7.583185177,8.462833921,499,12,2,6,20,454,13,8,6,27,519,481,188,46,111,19
13,1000,70,5.13,10.3,18,37,34,956,28,7,9,44,7.633363871,137,232,23.32106729,14.2761857,7.546284573,7.725092167,492,14,4,3,21,464,14,3,6,23,513,487,185,47,119,18
14,1000,70,5.13,10.3,18,37,33,956,27,6,11,44,7.615478373,150,240,25.3910751,14.68875926,7.456111623,7.778064654,483,14,4,4,22,473,13,2,7,22,505,495,199,41,130,20
11,1000,70,5.13,10.3,18,37,35,954,28,11,7,46,7.615131402,160,245,26.45727977,15.97935976,7.71761559,7.52166112,453,15,5,4,24,501,13,6,3,22,477,523,200,45,138,22
15,1000,70,5.13,10.3,18,37,31,958,20,10,12,42,7.760826977,135,226,24.75030076,14.41194161,7.866347755,7.656564896,479,9,4,5,18,479,11,6,7,24,497,503,179,47,113,22
9,1000,70,5.13,10.3,18,37,36,953,25,10,12,47,7.983494042,148,229,23.21626834,13.86539094,7.739468071,8.24785551,494,16,7,3,26,459,9,3,9,21,520,480,182,47,135,13
12,1000,70,5.13,10.3,18,37,35,963,23,5,9,37,7.659056632,164,253,26.66341637,15.34762459,7.634168119,7.684961003,490,12,4,4,20,473,11,1,5,17,510,490,194,59,138,26
16,1000,70,5.13,10.3,18,37,21,940,39,13,8,60,7.664292773,125,193,19.55081827,10.74033077,7.476887856,7.864889755,489,14,9,5,28,451,25,4,3,32,517,483,137,56,88,37
10,1000,70,5.13,10.3,18,37,37,953,25,10,12,47,8.007155949,144,259,27.10942952,15.69964247,7.608887012,8.436888959,499,12,2,6,20,454,13,8,6,27,519,481,214,45,127,17
13,1000,70,5.13,10.3,18,37,35,958,28,7,7,42,7.638544678,160,239,23.85018829,14.62345519,7.618457526,7.659704244,492,14,4,3,21,466,14,3,4,21,513,487,186,53,140,20
14,1000,70,5.13,10.3,18,37,34,955,28,7,10,45,7.620276629,157,248,26.16857414,15.21856985,7.481495475,7.761861443,483,14,4,4,22,472,14,3,6,23,505,495,203,45,127,30
11,1000,70,5.13,10.3,18,37,36,952,30,11,7,48,7.625049948,161,294,27.23228759,16.47130354,7.755172873,7.50637187,452,16,5,4,25,500,14,6,3,23,477,523,239,55,144,17
15,1000,70,5.13,10.3,18,37,32,961,19,10,10,39,7.743285485,135,266,25.37512422,14.79952495,7.867581077,7.620472544,480,8,4,5,17,481,11,6,5,22,497,503,215,51,112,23
9,1000,70,5.13,10.3,18,37,37,954,25,9,12,46,7.975731481,145,218,23.63639551,14.20423666,7.767126569,8.201720137,494,16,7,3,26,460,9,2,9,20,520,480,171,47,130,15
12,1000,70,5.13,10.3,18,37,36,962,24,5,9,38,7.668033332,144,262,27.40514788,15.77912157,7.679267956,7.656340151,489,13,4,4,21,473,11,1,5,17,510,490,214,48,123,21
16,1000,70,5.13,10.3,18,37,22,941,38,13,8,59,7.64053948,82,204,19.84403563,10.90541303,7.483202281,7.808952174,489,14,9,5,28,452,24,4,3,31,517,483,146,58,68,14
13,1000,70,5.13,10.3,18,37,36,958,28,7,7,42,7.643471648,150,242,24.4158802,15.05005455,7.632570099,7.65495521,492,14,4,3,21,466,14,3,4,21,513,487,192,50,125,25
10,1000,70,5.13,10.3,18,37,38,953,24,11,12,47,8.013962605,149,239,27.5826106,16.01493569,7.604473591,8.455802103,499,12,2,6,20,454,12,9,6,27,519,481,191,48,126,23
14,1000,70,5.13,10.3,18,37,35,956,26,8,10,44,7.603041282,149,272,26.88018695,15.63839846,7.553447527,7.653636931,482,15,4,4,23,474,11,4,6,21,505,495,217,55,129,20
11,1000,70,5.13,10.3,18,37,37,954,28,11,7,46,7.590538739,173,274,27.93220975,17.01475561,7.758423754,7.437419902,452,16,5,4,25,502,12,6,3,21,477,523,229,45,148,25
15,1000,70,5.13,10.3,18,37,33,960,20,10,10,40,7.777558472,132,262,25.91419428,15.16991213,7.940260572,7.616797153,479,9,4,5,18,481,11,6,5,22,497,503,205,57,115,17
9,1000,70,5.13,10.3,18,37,38,952,27,8,13,48,8.015793698,148,246,24.00211411,14.4855866,7.802422613,8.246945707,494,16,6,4,26,458,11,2,9,22,520,480,198,48,122,26
12,1000,70,5.13,10.3,18,37,37,962,24,5,9,38,7.667179064,153,257,28.14052276,16.28038152,7.710623388,7.621961504,489,13,4,4,21,473,11,1,5,17,510,490,210,47,129,24
16,1000,70,5.13,10.3,18,37,23,940,38,14,8,60,7.666006146,113,200,20.19069419,11.13387257,7.544408183,7.796163799,488,15,9,5,29,452,23,5,3,31,517,483,137,63,89,24
10,1000,70,5.13,10.3,18,37,39,952,25,11,12,48,8.039488773,136,241,28.69112528,16.73292977,7.645876682,8.464197037,499,12,2,6,20,453,13,9,6,28,519,481,197,44,109,27
13,1000,70,5.13,10.3,18,37,37,957,29,7,7,43,7.662771529,126,258,24.92932591,15.41603429,7.680057041,7.644563176,491,15,4,3,22,466,14,3,4,21,513,487,206,52,112,14
14,1000,70,5.13,10.3,18,37,36,957,25,8,10,43,7.588926452,174,267,27.78391944,16.2100964,7.595600933,7.582117132,482,15,4,4,23,475,10,4,6,20,505,495,227,40,152,22
11,1000,70,5.13,10.3,18,37,38,954,28,11,7,46,7.642832663,169,290,28.67357753,17.58732955,7.864079883,7.441045047,452,16,5,4,25,502,12,6,3,21,477,523,249,41,150,19
15,1000,70,5.13,10.3,18,37,34,958,22,10,10,42,7.795069769,147,267,26.42368531,15.49742587,7.979027555,7.613306311,477,11,4,5,20,481,11,6,5,22,497,503,208,59,133,14
9,1000,70,5.13,10.3,18,37,39,950,28,9,13,50,8.031976414,160,241,24.4603682,14.79943707,7.852119996,8.226820866,494,16,6,4,26,456,12,3,9,24,520,480,196,45,132,28
12,1000,70,5.13,10.3,18,37,38,962,24,5,9,38,7.654854316,155,262,29.04132234,16.88783046,7.772617101,7.532284887,489,13,4,4,21,473,11,1,5,17,510,490,212,50,138,17
10,1000,70,5.13,10.3,18,37,40,954,25,9,12,46,8.019980039,148,260,29.32363383,17.12505701,7.686002048,8.380342985,499,12,2,6,20,455,13,7,6,26,519,481,207,53,127,21
16,1000,70,5.13,10.3,18,37,24,940,38,14,8,60,7.686864788,111,188,20.51874036,11.35186076,7.557785925,7.825029948,488,15,9,5,29,452,23,5,3,31,517,483,127,61,95,16
13,1000,70,5.13,10.3,18,37,38,959,27,8,6,41,7.634712565,163,259,25.39474373,15.78295986,7.699385004,7.566587388,491,15,4,3,22,468,12,4,3,19,513,487,202,57,141,22
14,1000,70,5.13,10.3,18,37,37,956,26,8,10,44,7.605335314,161,264,28.74303451,16.79800085,7.663451895,7.546044661,481,16,4,4,24,475,10,4,6,20,505,495,221,43,141,20
11,1000,70,5.13,10.3,18,37,39,954,28,11,7,46,7.689555809,149,273,29.35508628,18.03226735,7.900688607,7.496993008,452,16,5,4,25,502,12,6,3,21,477,523,238,35,138,11
15,1000,70,5.13,10.3,18,37,35,961,20,9,10,39,7.823096035,129,235,27.03124445,15.86608819,8.014147829,7.63432319,477,11,4,5,20,484,9,5,5,19,497,503,197,38,116,13
9,1000,70,5.13,10.3,18,37,40,950,28,9,13,50,8.086487369,148,249,24.99071829,15.13031577,7.882433929,8.307545263,494,16,6,4,26,456,12,3,9,24,520,480,202,47,128,20
12,1000,70,5.13,10.3,18,37,39,963,22,6,9,37,7.64965819,162,268,30.12808824,17.6121526,7.812297975,7.480380046,489,12,5,4,21,474,10,1,5,16,510,490,227,41,145,17
10,1000,70,5.13,10.3,18,37,41,952,26,10,12,48,8.026932953,158,257,30.14336142,17.64157095,7.734494653,8.342474488,499,11,3,6,20,453,15,7,6,28,519,481,215,42,135,23
13,1000,70,5.13,10.3,18,37,39,959,26,9,6,41,7.6388692,164,251,25.92725885,16.19041969,7.741282046,7.530988728,491,15,4,3,22,468,11,5,3,19,513,487,208,43,144,20
14,1000,70,5.13,10.3,18,37,38,955,27,8,10,45,7.613379103,161,276,29.86021785,17.38663191,7.701671027,7.523303503,480,17,4,4,25,475,10,4,6,20,505,495,242,34,138,23
16,1000,70,5.13,10.3,18,37,25,942,37,14,7,58,7.677009084,123,216,20.85707438,11.55757349,7.584154453,7.776400065,488,15,9,5,29,454,22,5,2,29,517,483,157,59,105,18
15,1000,70,5.13,10.3,18,37,36,961,20,9,10,39,7.834438025,158,256,27.84276611,16.36621688,8.063353502,7.60825315,477,11,4,5,20,484,9,5,5,19,497,503,210,46,138,20
11,1000,70,5.13,10.3,18,37,40,957,27,10,6,43,7.679526957,162,277,30.20210244,18.71254447,7.962707435,7.421253366,452,16,5,4,25,505,11,5,2,18,477,523,249,28,151,11
9,1000,70,5.13,10.3,18,37,41,952,25,10,13,48,8.119497545,152,254,25.51290457,15.47397342,7.917567289,8.338255321,496,14,6,4,24,456,11,4,9,24,520,480,199,55,138,14
12,1000,70,5.13,10.3,18,37,40,959,26,6,9,41,7.704396896,159,262,31.30043585,18.32802833,7.917142195,7.482968115,484,17,5,4,26,475,9,1,5,15,510,490,226,36,146,13
10,1000,70,5.13,10.3,18,37,42,953,26,9,12,47,8.014360696,147,278,31.46761867,18.5217521,7.773413398,8.274343332,499,11,3,6,20,454,15,6,6,27,519,481,234,44,129,18
13,1000,70,5.13,10.3,18,37,40,959,26,9,6,41,7.634924802,167,274,26.57299159,16.65574091,7.788073654,7.473599624,491,15,4,3,22,468,11,5,3,19,513,487,225,49,151,16
14,1000,70,5.13,10.3,18,37,39,955,27,8,10,45,7.635605878,167,294,31.00840878,18.04104855,7.773513415,7.49491233,480,17,4,4,25,475,10,4,6,20,505,495,249,45,150,17
15,1000,70,5.13,10.3,18,37,37,960,21,9,10,40,7.860685671,175,267,28.41621927,16.76372858,8.138814127,7.585874851,476,12,4,5,21,484,9,5,5,19,497,503,207,60,152,23
11,1000,70,5.13,10.3,18,37,41,957,27,10,6,43,7.718434674,165,287,30.84752399,19.17292408,8.035526586,7.429232298,452,16,5,4,25,505,11,5,2,18,477,523,250,37,148,17
16,1000,70,5.13,10.3,18,37,26,942,37,14,7,58,7.685282752,119,200,21.25603625,11.82813667,7.617207572,7.758149973,487,16,9,5,30,455,21,5,2,28,517,483,150,50,99,20
9,1000,70,5.13,10.3,18,37,42,953,25,10,12,47,8.134149641,147,264,26.12739741,15.82549898,7.960967061,8.321764103,496,14,6,4,24,457,11,4,8,23,520,480,217,47,130,17
12,1000,70,5.13,10.3,18,37,41,958,27,6,9,42,7.688928242,190,290,32.47535964,19.01470447,7.943391583,7.424078642,484,17,5,4,26,474,10,1,5,16,510,490,238,52,163,27
10,1000,70,5.13,10.3,18,37,43,955,25,9,11,45,7.959883561,169,260,32.55284431,19.2359491,7.770974345,8.163716998,498,12,3,6,21,457,13,6,5,24,519,481,211,49,144,25
13,1000,70,5.13,10.3,18,37,41,959,26,9,6,41,7.653088281,151,279,27.27068379,17.16202836,7.835126135,7.461331773,491,15,4,3,22,468,11,5,3,19,513,487,236,43,129,22
14,1000,70,5.13,10.3,18,37,40,955,27,8,10,45,7.657394798,180,280,31.87343877,18.60069447,7.836068692,7.475111329,480,17,4,4,25,475,10,4,6,20,505,495,232,48,158,22
15,1000,70,5.13,10.3,18,37,38,959,23,8,10,41,7.879430921,158,262,29.18739397,17.20638732,8.20185689,7.560850987,475,13,4,5,22,484,10,4,5,19,497,503,217,45,143,15
11,1000,70,5.13,10.3,18,37,42,958,26,9,7,42,7.667268696,188,281,31.63947299,19.68774632,7.98125939,7.380894774,453,15,5,4,24,505,11,4,3,18,477,523,242,39,165,23
16,1000,70,5.13,10.3,18,37,27,941,38,14,7,59,7.715883724,128,214,21.71429662,12.09015588,7.644682838,7.792096681,487,16,9,5,30,454,22,5,2,29,517,483,158,56,104,24
9,1000,70,5.13,10.3,18,37,43,955,23,10,12,45,8.130826367,148,272,26.58777148,16.16753852,7.979912688,8.294316186,496,14,6,4,24,459,9,4,8,21,520,480,220,52,132,16
12,1000,70,5.13,10.3,18,37,42,958,28,6,8,42,7.68741647,147,292,33.50333419,19.66395386,7.991274418,7.371156157,484,17,5,4,26,474,11,1,4,16,510,490,244,48,133,14
10,1000,70,5.13,10.3,18,37,44,955,24,11,10,45,7.947803805,169,248,34.00926634,20.18515285,7.811628884,8.094736829,498,12,3,6,21,457,12,8,4,24,519,481,210,38,151,18
13,1000,70,5.13,10.3,18,37,42,958,28,8,6,42,7.691443414,164,261,28.08532089,17.82243342,7.931112065,7.438979311,489,17,4,3,24,469,11,4,3,18,513,487,210,51,145,19
14,1000,70,5.13,10.3,18,37,41,954,28,8,10,46,7.661364731,180,313,32.78802029,19.17067427,7.886335345,7.431849256,480,17,4,4,25,474,11,4,6,21,505,495,260,53,164,16
15,1000,70,5.13,10.3,18,37,39,959,23,8,10,41,7.896945974,165,267,29.89508485,17.65171184,8.254057073,7.544094649,475,13,4,5,22,484,10,4,5,19,497,503,220,47,152,13
11,1000,70,5.13,10.3,18,37,43,958,25,10,7,42,7.687611244,172,295,32.37035334,20.18726293,8.017447499,7.386785443,452,16,5,4,25,506,9,5,3,17,477,523,247,48,158,14
9,1000,70,5.13,10.3,18,37,44,952,26,10,12,48,8.138006672,152,245,27.41356072,16.67555909,8.027720329,8.257483543,495,15,6,4,25,457,11,4,8,23,520,480,202,43,139,13
16,1000,70,5.13,10.3,18,37,28,940,39,14,7,60,7.737672848,127,205,22.26286373,12.39545749,7.665056557,7.815400844,487,16,9,5,30,453,23,5,2,30,517,483,151,54,106,21
12,1000,70,5.13,10.3,18,37,43,957,29,6,8,43,7.69123896,166,299,34.81287221,20.45588004,8.039765985,7.328486342,484,17,5,4,26,473,12,1,4,17,510,490,257,42,149,17
10,1000,70,5.13,10.3,18,37,45,954,25,12,9,46,7.955117853,165,287,35.41155079,21.07261017,7.844489315,8.074486276,496,13,4,6,23,458,12,8,3,23,519,481,245,42,149,16
13,1000,70,5.13,10.3,18,37,43,957,28,9,6,43,7.696367609,172,267,29.07594633,18.59026228,7.939860952,7.439874621,489,17,4,3,24,468,11,5,3,19,513,487,226,41,150,22
14,1000,70,5.13,10.3,18,37,42,955,28,8,9,45,7.664155947,170,266,33.76874056,19.80636031,7.934616897,7.388231138,480,17,4,4,25,475,11,4,5,20,505,495,230,36,153,17
15,1000,70,5.13,10.3,18,37,40,960,23,8,9,40,7.873285048,160,266,30.5513968,18.05236442,8.280525143,7.470902689,474,14,4,5,23,486,9,4,4,17,497,503,226,40,147,13
11,1000,70,5.13,10.3,18,37,44,958,26,10,6,42,7.672923974,179,321,33.30776083,20.87009284,8.025829444,7.351057991,452,17,5,3,25,506,9,5,3,17,477,523,290,31,161,18
9,1000,70,5.13,10.3,18,37,45,952,26,10,12,48,8.169386274,169,269,28.30195706,17.30357682,8.033722972,8.316354851,495,15,6,4,25,457,11,4,8,23,520,480,231,38,148,21
12,1000,70,5.13,10.3,18,37,44,957,29,6,8,43,7.733374716,193,288,36.0028882,21.24872294,8.120024149,7.330943675,484,17,5,4,26,473,12,1,4,17,510,490,246,42,174,19
16,1000,70,5.13,10.3,18,37,29,941,38,14,7,59,7.730099777,123,221,22.5415953,12.57658006,7.707249458,7.754558606,487,16,9,5,30,454,22,5,2,29,517,483,177,44,101,22
10,1000,70,5.13,10.3,18,37,46,953,26,12,9,47,7.969482551,171,269,36.808884,21.88443223,7.885215095,8.060407311,495,14,4,6,24,458,12,8,3,23,519,481,239,30,146,25
13,1000,70,5.13,10.3,18,37,44,956,29,8,7,44,7.707939355,179,272,29.90154695,19.21604079,7.996772632,7.40368582,488,18,4,3,25,468,11,4,4,19,513,487,232,40,163,16
14,1000,70,5.13,10.3,18,37,43,954,29,8,9,46,7.650547206,187,280,34.93097478,20.47883966,7.977527876,7.316960866,479,18,4,4,26,475,11,4,5,20,505,495,251,29,172,15
15,1000,70,5.13,10.3,18,37,41,959,24,7,10,41,7.894113347,163,280,31.42276354,18.61744871,8.352819814,7.440878527,474,14,3,6,23,485,10,4,4,18,497,503,240,40,148,15
11,1000,70,5.13,10.3,18,37,45,959,26,9,6,41,7.645870059,196,294,34.50172631,21.61503191,8.042025314,7.284558288,452,17,5,3,25,507,9,4,3,16,477,523,254,40,182,14
9,1000,70,5.13,10.3,18,37,46,952,26,10,12,48,8.195750425,172,271,29.04999596,17.84796869,8.114906728,8.283331096,495,15,6,4,25,457,11,4,8,23,520,480,228,43,155,17
12,1000,70,5.13,10.3,18,37,45,958,28,6,8,42,7.732416653,201,278,37.16469408,21.90397626,8.161401386,7.28592234,484,17,5,4,26,474,11,1,4,16,510,490,244,34,185,16
13,1000,70,5.13,10.3,18,37,45,956,29,8,7,44,7.706966743,186,295,30.62081666,19.67485969,8.014946036,7.382545023,488,18,4,3,25,468,11,4,4,19,513,487,248,47,170,16
10,1000,70,5.13,10.3,18,37,47,954,26,11,9,46,7.957163752,177,276,37.92683994,22.58696066,7.934219357,7.981920802,495,14,4,6,24,459,12,7,3,22,519,481,236,40,167,10
16,1000,70,5.13,10.3,18,37,30,940,38,15,7,60,7.742520429,129,226,22.95002956,12.83969787,7.742808922,7.742211627,487,15,10,5,30,453,23,5,2,30,517,483,170,56,110,19
14,1000,70,5.13,10.3,18,37,44,954,29,8,9,46,7.659201369,195,296,36.15986385,21.17103401,8.036069381,7.274719862,479,18,4,4,26,475,11,4,5,20,505,495,254,42,181,14
15,1000,70,5.13,10.3,18,37,42,958,25,7,10,42,7.915837817,169,269,32.61052544,19.40890881,8.386589702,7.450701262,474,14,3,6,23,484,11,4,4,19,497,503,229,40,153,16
11,1000,70,5.13,10.3,18,37,46,960,24,10,6,40,7.626209427,185,308,35.73189119,22.51238509,8.034746692,7.253604694,453,16,5,3,24,507,8,5,3,16,477,523,278,30,166,19
9,1000,70,5.13,10.3,18,37,47,950,28,11,11,50,8.203097292,161,268,30.13323955,18.68666408,8.170621381,8.23827953,495,15,6,4,25,455,13,5,7,25,520,480,227,41,151,10
12,1000,70,5.13,10.3,18,37,46,959,28,6,7,41,7.712840411,180,295,38.27051009,22.64108248,8.179752959,7.226870207,484,17,5,4,26,475,11,1,3,15,510,490,249,46,164,16
13,1000,70,5.13,10.3,18,37,46,956,29,7,8,44,7.715182431,193,287,31.6781181,20.52048208,8.017879248,7.396325208,488,18,4,3,25,468,11,3,5,19,513,487,227,60,175,18
10,1000,70,5.13,10.3,18,37,48,957,24,10,9,43,7.907295735,169,294,39.39483056,23.58299975,7.948375861,7.862970194,496,13,4,6,23,461,11,6,3,20,519,481,246,48,152,17
14,1000,70,5.13,10.3,18,37,45,956,27,8,9,44,7.657192863,179,288,37.3076818,21.84237917,8.066794717,7.239316225,479,18,4,4,26,477,9,4,5,18,505,495,256,32,166,13
15,1000,70,5.13,10.3,18,37,43,957,24,8,11,43,7.954497323,184,260,33.71222185,20.10796684,8.461652304,7.453391905,473,13,4,7,24,484,11,4,4,19,497,503,219,41,161,23
16,1000,70,5.13,10.3,18,37,31,944,35,15,6,56,7.732086989,142,226,23.3835646,13.07269815,7.791453008,7.668541995,487,15,10,5,30,457,20,5,1,26,517,483,171,55,121,21
11,1000,70,5.13,10.3,18,37,47,961,24,10,5,39,7.650113883,201,312,36.90139697,23.36028302,8.097347973,7.24221587,453,16,5,3,24,508,8,5,2,15,477,523,280,32,190,11
9,1000,70,5.13,10.3,18,37,48,951,27,11,11,49,8.179555803,173,273,31.3957544,19.56919707,8.210826532,8.145679181,495,15,6,4,25,456,12,5,7,24,520,480,230,43,155,18
12,1000,70,5.13,10.3,18,37,47,959,28,5,8,41,7.696380123,208,293,39.58335891,23.4292186,8.188768462,7.183894301,484,17,5,4,26,475,11,0,4,15,510,490,255,38,183,25
10,1000,70,5.13,10.3,18,37,49,956,25,10,9,44,7.907621049,211,305,41.71064275,25.06668939,8.006670969,7.800745979,495,14,4,6,24,461,11,6,3,20,519,481,257,48,182,29
13,1000,70,5.13,10.3,18,37,47,955,31,7,7,45,7.729584024,195,286,32.58819153,21.21387947,8.108260191,7.330691059,486,19,5,3,27,469,12,2,4,18,513,487,255,31,174,21
14,1000,70,5.13,10.3,18,37,46,955,28,8,9,45,7.705283174,195,308,39.00552859,22.77529364,8.133338009,7.268580767,479,18,4,4,26,476,10,4,5,19,505,495,276,32,177,18
15,1000,70,5.13,10.3,18,37,44,957,25,7,11,43,7.984593792,168,258,34.96927098,20.89163468,8.527346536,7.448315236,473,13,4,7,24,484,12,3,4,19,497,503,230,28,154,14
16,1000,70,5.13,10.3,18,37,32,946,34,14,6,54,7.728408086,133,214,23.73901931,13.28511955,7.799250582,7.652578748,487,15,10,5,30,459,19,4,1,24,517,483,158,56,107,26
11,1000,70,5.13,10.3,18,37,48,961,24,10,5,39,7.665775271,191,315,38.34788722,24.37769457,8.139897101,7.233354404,453,16,5,3,24,508,8,5,2,15,477,523,283,32,176,15
9,1000,70,5.13,10.3,18,37,49,951,28,11,10,49,8.126626556,186,275,32.50234583,20.30521302,8.21662277,8.029130658,494,16,6,4,26,457,12,5,6,23,520,480,234,41,169,17
12,1000,70,5.13,10.3,18,37,48,959,28,5,8,41,7.698865506,183,298,41.05933808,24.30802689,8.194607831,7.182888799,484,17,5,4,26,475,11,0,4,15,510,490,263,35,168,15
10,1000,70,5.13,10.3,18,37,50,954,27,10,9,46,7.897682189,173,290,44.12281896,26.65799108,8.029652138,7.755286341,493,16,4,6,26,461,11,6,3,20,519,481,249,41,153,20
13,1000,70,5.13,10.3,18,37,48,956,28,9,7,44,7.734574659,187,298,33.48534538,21.94164095,8.164950832,7.281221525,486,17,7,3,27,470,11,2,4,17,513,487,258,40,171,16
14,1000,70,5.13,10.3,18,37,47,956,27,8,9,44,7.669613985,196,293,40.71841973,23.71356855,8.175270913,7.153741766,479,18,4,4,26,477,9,4,5,18,505,495,253,40,183,13
15,1000,70,5.13,10.3,18,37,45,957,24,8,11,43,8.015509995,175,281,36.10810256,21.65679739,8.616357321,7.421829833,472,14,4,7,25,485,10,4,4,18,497,503,244,37,158,17
11,1000,70,5.13,10.3,18,37,49,962,23,10,5,38,7.64906887,204,318,39.84313717,25.36034031,8.179897001,7.164929255,453,15,6,3,24,509,8,4,2,14,477,523,285,33,194,10
16,1000,70,5.13,10.3,18,37,33,946,34,14,6,54,7.741599258,134,223,24.48197654,13.71006119,7.841102692,7.635091441,487,15,10,5,30,459,19,4,1,24,517,483,170,53,109,25
9,1000,70,5.13,10.3,18,37,50,951,28,10,11,49,8.156624734,181,290,33.68922691,20.98606974,8.266102021,8.038024339,494,16,6,4,26,457,12,4,7,23,520,480,252,38,164,17
12,1000,70,5.13,10.3,18,37,49,958,29,5,8,42,7.677211656,199,310,42.55918833,25.22170334,8.202809353,7.130160993,483,18,5,4,27,475,11,0,4,15,510,490,284,26,175,24
10,1000,70,5.13,10.3,18,37,51,953,28,10,9,47,7.907213028,183,293,46.00504269,27.79633062,8.067202038,7.734584555,492,17,4,6,27,461,11,6,3,20,519,481,258,35,167,16
13,1000,70,5.13,10.3,18,37,49,956,29,8,7,44,7.721254196,188,310,34.69001604,22.77424167,8.171133779,7.2473564,486,18,6,3,27,470,11,2,4,17,513,487,267,43,174,14
14,1000,70,5.13,10.3,18,37,48,956,26,9,9,44,7.647990985,208,307,42.44721274,24.63817385,8.217702444,7.066770203,478,18,5,4,27,478,8,4,5,17,505,495,280,27,191,17
15,1000,70,5.13,10.3,18,37,46,958,24,7,11,42,8.053004025,173,306,37.26270798,22.43154734,8.702214359,7.411537751,472,14,4,7,25,486,10,3,4,17,497,503,264,42,156,17
11,1000,70,5.13,10.3,18,37,50,962,22,10,6,38,7.681293308,226,326,41.64719424,26.53560254,8.222072102,7.188078232,453,15,6,3,24,509,7,4,3,14,477,523,298,28,211,15
16,1000,70,5.13,10.3,18,37,34,947,33,14,6,53,7.734520095,139,230,25.12337399,14.055208,7.866490183,7.593260186,487,15,10,5,30,460,18,4,1,23,517,483,187,43,123,16
9,1000,70,5.13,10.3,18,37,51,953,26,9,12,47,8.113793455,174,303,35.19340148,22.00336763,8.334672152,7.8745082,493,16,6,5,27,460,10,3,7,20,520,480,264,39,155,19
12,1000,70,5.13,10.3,18,37,50,958,29,5,8,42,7.684320944,201,291,44.40536796,26.38902036,8.276289059,7.068190866,482,19,5,4,28,476,10,0,4,14,510,490,263,28,184,17
10,1000,70,5.13,10.3,18,37,52,954,26,10,10,46,7.931290083,191,307,48.40613455,29.37336252,8.162886343,7.681397237,492,16,5,6,27,462,10,5,4,19,519,481,262,45,179,12
13,1000,70,5.13,10.3,18,37,50,958,27,8,7,42,7.699580874,199,316,35.75545403,23.51496606,8.209841834,7.162078056,487,17,6,3,26,471,10,2,4,16,513,487,282,34,180,19
14,1000,70,5.13,10.3,18,37,49,955,27,9,9,45,7.636441967,206,340,44.24122755,25.64333321,8.248632367,7.011884083,477,19,5,4,28,478,8,4,5,17,505,495,289,51,188,18
15,1000,70,5.13,10.3,18,37,47,957,24,8,11,43,8.045461138,189,308,38.5209774,23.27478092,8.760423223,7.339027429,471,14,5,7,26,486,10,3,4,17,497,503,255,53,176,13
11,1000,70,5.13,10.3,18,37,51,962,23,9,6,38,7.647711271,222,337,43.85665089,28.00726477,8.26578733,7.083997543,451,17,6,3,26,511,6,3,3,12,477,523,300,37,209,13
9,1000,70,5.13,10.3,18,37,52,954,25,9,12,46,8.115977094,174,298,36.68662551,23.08486545,8.336420237,7.87716369,493,16,6,5,27,461,9,3,7,19,520,480,259,39,156,18
12,1000,70,5.13,10.3,18,37,51,958,29,5,8,42,7.692206184,215,300,45.59485047,27.0897623,8.316277147,7.042662937,482,19,5,4,28,476,10,0,4,14,510,490,270,30,198,17
13,1000,70,5.13,10.3,18,37,51,957,27,9,7,43,7.746380354,181,322,36.84288191,24.32112574,8.284463219,7.179570272,487,17,6,3,26,470,10,3,4,17,513,487,284,38,165,16
10,1000,70,5.13,10.3,18,37,53,954,26,9,11,46,7.961606602,195,327,50.84590697,30.80348869,8.244365112,7.656509582,492,16,5,6,27,462,10,4,5,19,519,481,285,42,183,12
16,1000,70,5.13,10.3,18,37,35,947,33,14,6,53,7.778223313,143,235,25.76541821,14.44439481,7.921403954,7.624963703,487,15,10,5,30,460,18,4,1,23,517,483,186,49,123,20
14,1000,70,5.13,10.3,18,37,50,954,27,11,8,46,7.626698744,220,320,46.32928082,26.90658901,8.337237997,6.901805162,476,18,7,4,29,478,9,4,4,17,505,495,277,43,204,16
15,1000,70,5.13,10.3,18,37,48,959,22,8,11,41,8.026173276,183,268,39.62073474,23.97084629,8.771885108,7.289356615,471,14,5,7,26,488,8,3,4,15,497,503,238,30,169,14
11,1000,70,5.13,10.3,18,37,52,962,23,9,6,38,7.63800535,213,350,45.75543993,29.43241423,8.306636864,7.028182726,451,17,6,3,26,511,6,3,3,12,477,523,316,34,202,11
13,1000,70,5.13,10.3,18,37,52,958,26,9,7,42,7.740708182,199,307,37.97675272,25.10243772,8.337894207,7.111639536,487,17,6,3,26,471,9,3,4,16,513,487,282,25,181,18
9,1000,70,5.13,10.3,18,37,53,954,25,9,12,46,8.158344671,193,321,37.94959422,23.87327172,8.398017797,7.898698786,493,16,6,5,27,461,9,3,7,19,520,480,275,46,171,22
10,1000,70,5.13,10.3,18,37,54,955,26,8,11,45,7.948210043,208,309,53.22866564,32.26352951,8.27047602,7.600484384,492,16,5,6,27,463,10,3,5,18,519,481,279,30,185,23
12,1000,70,5.13,10.3,18,37,52,957,29,6,8,43,7.683367949,208,321,47.19465945,28.05205964,8.352662642,6.986755105,482,18,6,4,28,475,11,0,4,15,510,490,288,33,185,23
14,1000,70,5.13,10.3,18,37,51,955,27,11,7,45,7.586176724,225,337,48.46380694,28.09326573,8.324860447,6.832570096,476,18,7,4,29,479,9,4,3,16,505,495,306,31,211,14
16,1000,70,5.13,10.3,18,37,36,946,32,16,6,54,7.79055144,147,230,26.60562404,14.92081113,7.982513643,7.58507637,486,16,10,5,31,460,16,6,1,23,517,483,183,47,126,21
15,1000,70,5.13,10.3,18,37,49,960,23,8,9,40,8.039056325,195,322,41.09691888,24.9532516,8.837932813,7.249709179,471,14,5,7,26,489,9,3,2,14,497,503,282,40,181,14
11,1000,70,5.13,10.3,18,37,53,962,23,9,6,38,7.644159043,209,355,48.04129756,31.01708353,8.360690522,6.990649454,450,17,7,3,27,512,6,2,3,11,477,523,330,25,195,14
13,1000,70,5.13,10.3,18,37,53,959,25,9,7,41,7.737382697,208,337,38.9615094,25.86191021,8.376916058,7.063705872,487,17,6,3,26,472,8,3,4,15,513,487,294,43,192,16
10,1000,70,5.13,10.3,18,37,55,955,27,8,10,45,7.969457173,213,322,56.05018664,33.85153303,8.318162447,7.593203458,492,16,5,6,27,463,11,3,4,18,519,481,289,33,199,14
12,1000,70,5.13,10.3,18,37,53,957,29,6,8,43,7.69051423,205,318,48.73497512,29.06894926,8.401845749,6.950148771,482,18,6,4,28,475,11,0,4,15,510,490,284,34,193,12
9,1000,70,5.13,10.3,18,37,54,954,26,9,11,46,8.165316004,187,302,39.63212997,25.04377826,8.456410716,7.8499634,492,17,6,5,28,462,9,3,6,18,520,480,262,40,170,17
14,1000,70,5.13,10.3,18,37,52,955,27,11,7,45,7.596911046,224,336,50.71105547,29.37342393,8.348207185,6.830437206,476,18,7,4,29,479,9,4,3,16,505,495,302,34,205,19
15,1000,70,5.13,10.3,18,37,50,960,22,9,9,40,8.04889161,198,316,42.67242985,26.00189909,8.884169116,7.223577653,471,13,6,7,26,489,9,3,2,14,497,503,278,38,178,20
16,1000,70,5.13,10.3,18,37,37,948,29,17,6,52,7.787183696,156,259,27.77758883,15.62359107,7.990420161,7.56964073,486,15,11,5,31,462,14,6,1,21,517,483,209,50,125,31
11,1000,70,5.13,10.3,18,37,54,961,24,9,6,39,7.670281077,235,345,50.23955442,32.23927445,8.420085701,6.986424852,449,18,7,3,28,512,6,2,3,11,477,523,307,38,221,14
13,1000,70,5.13,10.3,18,37,54,959,25,9,7,41,7.75957045,221,346,40.45358662,26.91035885,8.41274975,7.071519155,487,17,6,3,26,472,8,3,4,15,513,487,302,44,207,14
10,1000,70,5.13,10.3,18,37,56,953,29,5,13,47,8.001441881,192,315,59.1730617,35.67748175,8.393545175,7.57836161,490,18,4,7,29,463,11,1,6,18,519,481,282,33,180,12
12,1000,70,5.13,10.3,18,37,54,959,28,5,8,41,7.66946513,216,312,50.93870362,30.43744092,8.406442548,6.902407002,483,18,5,4,27,476,10,0,4,14,510,490,280,32,197,19
9,1000,70,5.13,10.3,18,37,55,956,24,10,10,44,8.121165017,191,301,40.78954296,25.86994528,8.473701785,7.739250185,492,16,7,5,28,464,8,3,5,16,520,480,279,22,174,17
14,1000,70,5.13,10.3,18,37,53,955,27,11,7,45,7.570182431,229,338,52.97559601,30.67786846,8.356619533,6.767857711,476,18,7,4,29,479,9,4,3,16,505,495,308,30,218,11
15,1000,70,5.13,10.3,18,37,51,960,22,9,9,40,8.039755781,212,312,44.24008069,27.04219448,8.879517354,7.210011244,471,13,6,7,26,489,9,3,2,14,497,503,282,30,196,16
16,1000,70,5.13,10.3,18,37,38,950,28,16,6,50,7.798218492,154,265,28.63567436,16.10625984,8.050083013,7.528624376,486,15,11,5,31,464,13,5,1,19,517,483,212,53,130,24
11,1000,70,5.13,10.3,18,37,55,961,24,9,6,39,7.680338692,245,343,53.17679502,34.01808048,8.46439906,6.965239656,449,18,7,3,28,512,6,2,3,11,477,523,318,25,229,16
13,1000,70,5.13,10.3,18,37,55,960,24,10,6,40,7.735419166,210,340,42.12501182,28.07461183,8.456846339,6.975476373,486,17,7,3,27,474,7,3,3,13,513,487,302,38,194,16
10,1000,70,5.13,10.3,18,37,57,955,26,6,13,45,7.967883891,207,347,61.86656895,37.3158915,8.409879873,7.490969308,489,19,4,7,30,466,7,2,6,15,519,481,306,41,197,10
12,1000,70,5.13,10.3,18,37,55,959,28,5,8,41,7.65616983,226,319,53.20289132,31.73535304,8.460541544,6.818966616,483,18,5,4,27,476,10,0,4,14,510,490,286,33,206,20
9,1000,70,5.13,10.3,18,37,56,955,25,10,10,45,8.12948848,183,306,42.20000914,26.89735197,8.517204714,7.70946256,492,16,7,5,28,463,9,3,5,17,520,480,271,35,169,14
14,1000,70,5.13,10.3,18,37,54,957,26,10,7,43,7.552743894,247,341,55.7871589,32.31736617,8.402635852,6.685682402,476,18,7,4,29,481,8,3,3,14,505,495,310,31,228,19
15,1000,70,5.13,10.3,18,37,52,959,23,9,9,41,8.040718717,213,323,45.67175334,27.98378763,8.954432395,7.137904208,469,15,6,7,28,490,8,3,2,13,497,503,281,42,197,16
16,1000,70,5.13,10.3,18,37,39,950,28,16,6,50,7.801888802,154,263,29.45933296,16.6074908,8.064992156,7.520264716,486,15,11,5,31,464,13,5,1,19,517,483,211,52,139,15
11,1000,70,5.13,10.3,18,37,56,962,22,10,6,38,7.642954383,244,356,55.65270262,35.75492634,8.487855946,6.872365385,449,17,8,3,28,513,5,2,3,10,477,523,331,25,225,19
13,1000,70,5.13,10.3,18,37,56,959,25,10,6,41,7.734043351,224,327,44.65345102,29.97964126,8.499620132,6.927593887,486,17,7,3,27,473,8,3,3,14,513,487,291,36,212,12
10,1000,70,5.13,10.3,18,37,58,953,27,7,13,47,7.999522298,203,339,65.74686966,39.61937486,8.518233612,7.439831712,489,18,5,7,30,464,9,2,6,17,519,481,308,31,189,14
12,1000,70,5.13,10.3,18,37,56,959,28,5,8,41,7.632057398,230,350,55.42972084,32.93712657,8.48793011,6.741251106,483,18,5,4,27,476,10,0,4,14,510,490,317,33,218,12
9,1000,70,5.13,10.3,18,37,57,955,27,9,9,45,8.139935372,200,328,43.91936733,28.16841621,8.564900431,7.679556557,490,18,7,5,30,465,9,2,4,15,520,480,296,32,185,15
14,1000,70,5.13,10.3,18,37,55,955,28,9,8,45,7.605570632,234,346,59.16482559,34.28717965,8.489058788,6.704234231,474,20,6,5,31,481,8,3,3,14,505,495,317,29,223,11
15,1000,70,5.13,10.3,18,37,53,955,27,9,9,45,8.04143131,234,312,47.33687432,29.20153499,9.026385177,7.068226395,465,19,6,7,32,490,8,3,2,13,497,503,273,39,221,13
11,1000,70,5.13,10.3,18,37,57,961,23,10,6,39,7.651960308,269,360,58.85866357,37.43208596,8.549276632,6.833566644,448,18,8,3,29,513,5,2,3,10,477,523,339,21,254,15
16,1000,70,5.13,10.3,18,37,40,950,28,16,6,50,7.803923625,157,231,30.39675003,17.15432873,8.099073144,7.487997535,486,15,11,5,31,464,13,5,1,19,517,483,192,39,138,19
13,1000,70,5.13,10.3,18,37,57,958,25,10,7,42,7.718292574,221,339,46.32974946,31.2341204,8.556326246,6.835517886,485,17,7,4,28,473,8,3,3,14,513,487,297,42,208,13
10,1000,70,5.13,10.3,18,37,59,952,28,7,13,48,8.020349343,231,327,69.49103695,41.91348781,8.58307188,7.413170556,489,18,5,7,30,463,10,2,6,18,519,481,302,25,214,17
12,1000,70,5.13,10.3,18,37,57,958,29,5,8,42,7.650641231,240,329,58.31973839,34.56276317,8.539447706,6.725556941,482,19,5,4,28,476,10,0,4,14,510,490,301,28,221,19
9,1000,70,5.13,10.3,18,37,58,954,28,9,9,46,8.116691913,199,326,45.52570521,29.11555254,8.582162706,7.612431887,489,19,7,5,31,465,9,2,4,15,520,480,290,36,186,13
14,1000,70,5.13,10.3,18,37,56,953,30,8,9,47,7.62572418,239,366,62.61469242,36.26634328,8.553654341,6.679047955,472,22,6,5,33,481,8,2,4,14,505,495,330,36,227,12
15,1000,70,5.13,10.3,18,37,54,955,27,9,9,45,8.031775245,220,310,49.29429382,30.559861,9.0304886,7.044974972,465,19,6,7,32,490,8,3,2,13,497,503,284,26,208,12
11,1000,70,5.13,10.3,18,37,58,962,22,10,6,38,7.626527481,255,393,62.05062197,39.31747586,8.613545262,6.726321971,448,18,8,3,29,514,4,2,3,9,477,523,366,27,241,14
13,1000,70,5.13,10.3,18,37,58,960,23,10,7,40,7.720963216,230,335,48.26727091,32.55454881,8.590500342,6.805003163,486,16,7,4,27,474,7,3,3,13,513,487,307,28,214,16
10,1000,70,5.13,10.3,18,37,60,952,28,7,13,48,8.028871163,221,340,74.11197654,44.43482756,8.630816655,7.379370725,489,18,5,7,30,463,10,2,6,18,519,481,306,34,210,11
16,1000,70,5.13,10.3,18,37,41,951,28,15,6,49,7.791957772,156,271,31.3758395,17.80467454,8.111859805,7.449536754,486,15,11,5,31,465,13,4,1,18,517,483,222,49,142,14
12,1000,70,5.13,10.3,18,37,58,957,29,6,8,43,7.670640635,231,331,61.28334391,36.27261475,8.574881449,6.729492032,481,19,6,4,29,476,10,0,4,14,510,490,293,38,220,11
9,1000,70,5.13,10.3,18,37,59,955,27,9,9,45,8.133937986,225,339,47.15559385,30.43883713,8.619793896,7.607594082,489,19,7,5,31,466,8,2,4,14,520,480,299,40,208,17
14,1000,70,5.13,10.3,18,37,57,955,29,8,8,45,7.625232047,238,345,66.14117283,38.27554545,8.630790757,6.599359021,472,22,6,5,33,483,7,2,3,12,505,495,315,30,226,12
15,1000,70,5.13,10.3,18,37,55,957,25,9,9,43,8.029139517,216,319,51.20548959,31.84745682,9.05602085,7.014507265,465,19,6,7,32,492,6,3,2,11,497,503,293,26,202,14
11,1000,70,5.13,10.3,18,37,59,963,21,10,6,37,7.600486674,252,371,65.81150359,41.79799445,8.588027395,6.699804218,448,18,8,3,29,515,3,2,3,8,477,523,348,23,237,15
13,1000,70,5.13,10.3,18,37,59,962,20,11,7,38,7.698237688,238,350,51.14545532,34.56568132,8.630215731,6.716503117,486,15,8,4,27,476,5,3,3,11,513,487,321,29,222,16
10,1000,70,5.13,10.3,18,37,61,951,29,7,13,49,8.065584049,221,340,78.73754326,47.16878011,8.712171313,7.367915046,489,18,5,7,30,462,11,2,6,19,519,481,314,26,207,14
12,1000,70,5.13,10.3,18,37,59,957,29,6,8,43,7.680133012,253,320,63.66741498,37.71503843,8.619103771,6.702836915,481,19,6,4,29,476,10,0,4,14,510,490,296,24,240,13
14,1000,70,5.13,10.3,18,37,58,955,29,8,8,45,7.642298098,258,342,70.0279857,40.40455601,8.661552774,6.602452419,472,21,7,5,33,483,8,1,3,12,505,495,309,33,246,12
16,1000,70,5.13,10.3,18,37,42,951,28,15,6,49,7.794390432,169,245,32.79316161,18.64281052,8.162913314,7.39992598,486,15,11,5,31,465,13,4,1,18,517,483,210,35,154,15
9,1000,70,5.13,10.3,18,37,60,955,27,9,9,45,8.150388469,216,329,49.26321957,31.89750734,8.668938826,7.588625581,489,19,7,5,31,466,8,2,4,14,520,480,290,39,199,17
15,1000,70,5.13,10.3,18,37,56,956,26,9,9,44,7.995015779,230,329,53.71152777,33.63160662,9.080128118,6.922847127,465,19,6,7,32,491,7,3,2,12,497,503,299,30,210,20
11,1000,70,5.13,10.3,18,37,60,963,21,10,6,37,7.549052433,260,387,68.94247639,43.7545743,8.627013861,6.565902143,448,18,8,3,29,515,3,2,3,8,477,523,354,33,247,13
13,1000,70,5.13,10.3,18,37,60,962,20,11,7,38,7.699596017,257,353,53.59784188,36.47799379,8.676817244,6.670202814,486,15,8,4,27,476,5,3,3,11,513,487,322,31,242,15
10,1000,70,5.13,10.3,18,37,62,951,29,7,13,49,8.057370644,215,365,87.26332164,52.52052384,8.759976678,7.299257273,489,18,5,7,30,462,11,2,6,19,519,481,333,32,209,6
12,1000,70,5.13,10.3,18,37,60,957,30,6,7,43,7.69926736,243,342,66.65868982,39.51524009,8.667422425,6.691595762,481,20,6,3,29,476,10,0,4,14,510,490,313,29,226,17
14,1000,70,5.13,10.3,18,37,59,955,29,8,8,45,7.592517544,275,378,74.67365344,43.04530583,8.701596719,6.461032728,473,20,7,5,32,482,9,1,3,13,505,495,346,32,258,17
9,1000,70,5.13,10.3,18,37,61,955,27,9,9,45,8.161222926,223,314,51.41231843,33.4310082,8.713904023,7.562485071,489,19,7,5,31,466,8,2,4,14,520,480,283,31,208,15
15,1000,70,5.13,10.3,18,37,57,956,25,10,9,44,7.971996967,234,321,56.07012901,35.35564124,9.129052936,6.828742858,465,18,7,7,32,491,7,3,2,12,497,503,294,27,222,12
16,1000,70,5.13,10.3,18,37,43,951,28,15,6,49,7.76143142,184,278,33.76350618,19.26588004,8.171304405,7.322706091,485,16,11,5,32,466,12,4,1,17,517,483,233,45,160,24
11,1000,70,5.13,10.3,18,37,61,964,20,10,6,36,7.507773171,261,381,73.10779048,46.59442908,8.663016743,6.454138021,448,18,8,3,29,516,2,2,3,7,477,523,351,30,250,11
13,1000,70,5.13,10.3,18,37,61,960,22,11,7,40,7.71178055,242,363,57.37305787,39.03745153,8.727166412,6.642185176,485,16,8,4,28,475,6,3,3,12,513,487,334,29,228,14
10,1000,70,5.13,10.3,18,37,63,951,29,7,13,49,8.025623834,240,357,93.59224902,56.64740202,8.77561956,7.216376887,489,18,5,7,30,462,11,2,6,19,519,481,330,27,230,10
14,1000,70,5.13,10.3,18,37,60,955,29,8,8,45,7.618240177,257,355,78.96816737,45.44399441,8.746846933,6.466833285,473,20,7,5,32,482,9,1,3,13,505,495,330,25,248,9
12,1000,70,5.13,10.3,18,37,61,957,30,6,7,43,7.678784753,249,341,69.55812829,41.31167437,8.692591607,6.623598028,481,20,6,3,29,476,10,0,4,14,510,490,305,36,234,15
9,1000,70,5.13,10.3,18,37,62,955,26,10,9,45,8.149023154,227,317,53.58605818,35.18859384,8.741061678,7.507648086,489,18,8,5,31,466,8,2,4,14,520,480,292,25,215,12
15,1000,70,5.13,10.3,18,37,58,957,24,10,9,43,7.95831483,246,320,58.10745191,36.85567618,9.210430732,6.721134705,464,19,7,7,33,493,5,3,2,10,497,503,292,28,232,14
16,1000,70,5.13,10.3,18,37,44,953,26,15,6,47,7.744536758,177,278,35.3142436,20.15276745,8.157499006,7.302504704,486,15,11,5,31,467,11,4,1,16,517,483,235,43,155,22
13,1000,70,5.13,10.3,18,37,62,959,22,11,8,41,7.739440818,257,364,60.48367266,41.0971281,8.765223779,6.658893264,484,16,8,5,29,475,6,3,3,12,513,487,336,28,245,12
11,1000,70,5.13,10.3,18,37,62,963,19,12,6,37,7.515871005,271,378,76.6085105,49.12337842,8.748604541,6.391561452,448,16,10,3,29,515,3,2,3,8,477,523,358,20,257,14
10,1000,70,5.13,10.3,18,37,64,950,31,7,12,50,8.020809424,231,373,101.0198863,61.729571,8.84565387,7.130800551,486,21,5,7,33,464,10,2,5,17,519,481,338,35,226,5
14,1000,70,5.13,10.3,18,37,61,956,29,7,8,44,7.594676638,257,368,82.59795061,47.52211097,8.768790936,6.39684286,472,21,7,5,33,484,8,0,3,11,505,495,342,26,245,12
12,1000,70,5.13,10.3,18,37,62,957,30,6,7,43,7.653749118,248,345,73.57973057,43.8455871,8.726447471,6.537267159,481,20,6,3,29,476,10,0,4,14,510,490,318,27,238,10
9,1000,70,5.13,10.3,18,37,63,955,26,10,9,45,8.156477697,244,331,55.32769716,36.50071183,8.810320938,7.44814752,489,18,8,5,31,466,8,2,4,14,520,480,308,23,220,24
15,1000,70,5.13,10.3,18,37,59,960,21,10,9,40,7.953835324,221,358,60.72186307,38.32065542,9.230946732,6.691957849,466,17,7,7,31,494,4,3,2,9,497,503,325,33,208,13
16,1000,70,5.13,10.3,18,37,45,953,27,14,6,47,7.799983887,159,300,36.49657229,20.83701613,8.234121742,7.335285604,485,16,11,5,32,468,11,3,1,15,517,483,255,45,143,16
13,1000,70,5.13,10.3,18,37,63,960,23,10,7,40,7.705414533,260,367,64.3076702,43.59108934,8.787814609,6.565227183,485,16,7,5,28,475,7,3,2,12,513,487,342,25,245,15
11,1000,70,5.13,10.3,18,37,63,965,18,11,6,35,7.478923923,276,390,79.4978298,50.83581736,8.783391215,6.289189893,448,16,10,3,29,517,2,1,3,6,477,523,370,20,269,7
10,1000,70,5.13,10.3,18,37,65,951,29,8,12,49,8.016094353,254,360,109.4741419,67.12136566,8.890398366,7.072718506,486,20,6,7,33,465,9,2,5,16,519,481,332,28,240,14
14,1000,70,5.13,10.3,18,37,62,955,30,7,8,45,7.554299342,271,367,86.95908838,50.2062526,8.779042414,6.304813985,472,21,7,5,33,483,9,0,3,12,505,495,342,25,261,10
12,1000,70,5.13,10.3,18,37,63,956,31,7,6,44,7.633120048,250,367,76.95579496,46.19120572,8.765215622,6.454816492,479,21,7,3,31,477,10,0,3,13,510,490,339,28,240,10
9,1000,70,5.13,10.3,18,37,64,954,26,11,9,46,8.172681378,236,344,57.95707007,38.47221702,8.849642504,7.439306826,488,18,9,5,32,466,8,2,4,14,520,480,313,31,224,12
15,1000,70,5.13,10.3,18,37,60,958,23,10,9,42,7.992364381,231,358,63.32129757,40.13467871,9.312233315,6.688239411,465,18,7,7,32,493,5,3,2,10,497,503,321,37,225,6
13,1000,70,5.13,10.3,18,37,64,959,23,11,7,41,7.707450532,259,376,68.46361046,46.02765197,8.850028725,6.503872271,484,16,8,5,29,475,7,3,2,12,513,487,354,22,243,16
16,1000,70,5.13,10.3,18,37,46,953,27,14,6,47,7.804890671,182,275,38.32110871,21.88813276,8.272520218,7.304343102,485,16,11,5,32,468,11,3,1,15,517,483,239,36,170,12
11,1000,70,5.13,10.3,18,37,64,963,21,11,5,37,7.460482695,286,402,82.60399053,52.42443527,8.83935721,6.202885862,446,18,10,3,31,517,3,1,2,6,477,523,368,34,276,10
10,1000,70,5.13,10.3,18,37,66,951,29,8,12,49,8.055638427,258,365,120.9476066,74.76399245,8.954311449,7.085968367,486,20,6,7,33,465,9,2,5,16,519,481,335,30,246,12
14,1000,70,5.13,10.3,18,37,63,956,29,7,8,44,7.554986755,274,389,91.82044668,52.88921669,8.869188048,6.214235941,472,21,7,5,33,484,8,0,3,11,505,495,366,23,264,10
12,1000,70,5.13,10.3,18,37,64,955,31,8,6,45,7.666690334,261,350,80.52346494,48.57761159,8.828963076,6.456977888,479,20,8,3,31,476,11,0,3,14,510,490,321,29,248,13
9,1000,70,5.13,10.3,18,37,65,955,25,11,9,45,8.18426294,238,347,61.01139169,40.60224107,8.882570158,7.427763454,488,18,9,5,32,467,7,2,4,13,520,480,318,29,227,11
15,1000,70,5.13,10.3,18,37,61,955,26,10,9,45,7.999209414,253,352,66.09654461,41.88172804,9.394988658,6.620079623,463,20,7,7,34,492,6,3,2,11,497,503,328,24,237,16
13,1000,70,5.13,10.3,18,37,65,960,22,11,7,40,7.713658967,272,376,74.11411063,49.78119604,8.879274231,6.48581373,484,16,8,5,29,476,6,3,2,11,513,487,349,27,259,13
11,1000,70,5.13,10.3,18,37,65,962,22,10,6,38,7.468888888,286,396,85.75213106,54.59012602,8.892243354,6.170724298,445,19,9,4,32,517,3,1,2,6,477,523,376,20,277,9
10,1000,70,5.13,10.3,18,37,67,951,29,8,12,49,8.03444199,257,369,132.915396,83.40384419,9.004359194,6.987899311,485,20,7,7,34,466,9,1,5,15,519,481,347,22,247,10
16,1000,70,5.13,10.3,18,37,47,954,27,12,7,46,7.807696214,172,304,40.70362073,23.27438129,8.315652166,7.263983528,486,16,9,6,31,468,11,3,1,15,517,483,260,44,163,9
14,1000,70,5.13,10.3,18,37,64,955,30,7,8,45,7.556871766,276,365,97.01802601,55.81282432,8.911221807,6.175161119,471,22,7,5,34,484,8,0,3,11,505,495,344,21,261,15
12,1000,70,5.13,10.3,18,37,65,955,31,8,6,45,7.696880558,260,376,84.85559846,51.16425796,8.87981675,6.465661257,479,20,8,3,31,476,11,0,3,14,510,490,345,31,251,9
15,1000,70,5.13,10.3,18,37,62,955,26,10,9,45,7.974198192,251,359,68.68871508,43.44514192,9.423865865,6.541822777,463,20,7,7,34,492,6,3,2,11,497,503,338,21,244,7
9,1000,70,5.13,10.3,18,37,66,956,23,12,9,44,8.175200159,264,353,65.25030181,43.53251035,8.926660901,7.361117689,489,16,10,5,31,467,7,2,4,13,520,480,324,29,248,16
13,1000,70,5.13,10.3,18,37,66,959,23,11,7,41,7.699187581,274,378,81.20101614,54.39029902,8.89473016,6.439817267,483,17,8,5,30,476,6,3,2,11,513,487,347,31,266,8
10,1000,70,5.13,10.3,18,37,68,951,29,7,13,49,8.032944748,271,375,144.2964157,89.716513,9.025281148,6.96221171,485,20,6,8,34,466,9,1,5,15,519,481,346,29,252,19
11,1000,70,5.13,10.3,18,37,66,960,24,10,6,40,7.502205694,292,403,89.45523896,56.68113816,8.955342176,6.17687854,444,20,9,4,33,516,4,1,2,7,477,523,384,19,278,14
16,1000,70,5.13,10.3,18,37,48,954,27,12,7,46,7.814812892,181,300,43.20382435,24.54273941,8.367607668,7.223105027,486,16,9,6,31,468,11,3,1,15,517,483,263,37,167,14
14,1000,70,5.13,10.3,18,37,65,956,29,7,8,44,7.533012186,296,369,101.1673467,58.2194159,8.931601936,6.106168099,471,22,7,5,34,485,7,0,3,10,505,495,347,22,289,7
12,1000,70,5.13,10.3,18,37,66,956,30,8,6,44,7.690742267,265,379,88.7866133,53.69836318,8.918425889,6.412949109,479,20,8,3,31,477,10,0,3,13,510,490,346,33,245,20
15,1000,70,5.13,10.3,18,37,63,954,27,10,9,46,8.003824272,262,349,72.18264955,45.4827205,9.510907736,6.514717947,463,20,7,7,34,491,7,3,2,12,497,503,329,20,246,16
9,1000,70,5.13,10.3,18,37,67,956,23,12,9,44,8.191162858,233,355,69.40203199,47.21781371,9.002212867,7.312525348,489,16,10,5,31,467,7,2,4,13,520,480,322,33,216,17
13,1000,70,5.13,10.3,18,37,67,959,22,12,7,41,7.656873643,277,375,88.51637379,58.73316391,8.946311625,6.298595029,483,16,9,5,30,476,6,3,2,11,513,487,341,34,261,16
10,1000,70,5.13,10.3,18,37,69,951,29,7,13,49,8.033880992,272,376,162.9281878,100.1355957,9.081489992,6.903508703,485,20,6,8,34,466,9,1,5,15,519,481,353,23,258,14
11,1000,70,5.13,10.3,18,37,67,960,24,10,6,40,7.496743131,328,420,94.518403,59.96076209,9.01811837,6.109179099,443,21,9,4,34,517,3,1,2,6,477,523,386,34,313,15
14,1000,70,5.13,10.3,18,37,66,956,29,7,8,44,7.541652251,283,366,104.7371046,60.14533247,8.980671792,6.073561608,471,22,7,5,34,485,7,0,3,10,505,495,345,21,267,16
16,1000,70,5.13,10.3,18,37,49,954,27,12,7,46,7.822470286,175,297,45.3110041,25.75142109,8.39573666,7.208849758,486,16,9,6,31,468,11,3,1,15,517,483,264,33,162,13
15,1000,70,5.13,10.3,18,37,64,954,27,10,9,46,8.020294587,251,376,76.98072208,48.4878384,9.566096223,6.492931937,463,20,7,7,34,491,7,3,2,12,497,503,349,27,244,7
12,1000,70,5.13,10.3,18,37,67,954,32,8,6,46,7.715039456,291,384,93.28950721,56.68750573,8.95287264,6.426682469,478,21,8,3,32,476,11,0,3,14,510,490,348,36,276,15
9,1000,70,5.13,10.3,18,37,68,955,24,12,9,45,8.199209716,248,348,74.78670876,51.57135797,9.064156989,7.262183505,489,16,10,5,31,466,8,2,4,14,520,480,320,28,236,12
13,1000,70,5.13,10.3,18,37,68,959,22,12,7,41,7.660679144,285,378,95.54311161,63.30552704,9.015522227,6.233503577,483,16,9,5,30,476,6,3,2,11,513,487,357,21,268,17
10,1000,70,5.13,10.3,18,37,70,949,31,8,12,51,8.042530401,268,376,182.7309361,110.837799,9.141888616,6.856320602,484,21,6,8,35,465,10,2,4,16,519,481,354,22,253,15
11,1000,70,5.13,10.3,18,37,68,961,24,9,6,39,7.472064093,308,407,99.05810638,62.84188973,9.032559042,6.04882109,444,21,8,4,33,517,3,1,2,6,477,523,384,23,303,5
14,1000,70,5.13,10.3,18,37,67,956,28,8,8,44,7.556005153,297,421,108.8183433,62.35970351,9.029599796,6.052640921,471,21,8,5,34,485,7,0,3,10,505,495,386,35,284,13
15,1000,70,5.13,10.3,18,37,65,954,28,10,8,46,7.987660336,269,384,83.28600295,52.3121032,9.586088527,6.408298884,462,21,7,7,35,492,7,3,1,11,497,503,355,29,256,13
12,1000,70,5.13,10.3,18,37,68,952,34,8,6,48,7.701016874,291,378,98.95900818,60.54494892,8.992367472,6.356958088,478,21,8,3,32,474,13,0,3,16,510,490,346,32,273,18
16,1000,70,5.13,10.3,18,37,50,954,27,12,7,46,7.82455875,190,304,46.92832538,26.74109839,8.427007842,7.179701233,486,16,9,6,31,468,11,3,1,15,517,483,268,36,172,18
9,1000,70,5.13,10.3,18,37,69,955,23,13,9,45,8.201876813,255,347,80.00551836,55.99487317,9.130486353,7.195883144,489,15,11,5,31,466,8,2,4,14,520,480,326,21,240,15
13,1000,70,5.13,10.3,18,37,69,960,21,12,7,40,7.683387255,308,392,102.4113167,68.00614289,9.084804978,6.207150516,483,16,9,5,30,477,5,3,2,10,513,487,365,27,290,18
10,1000,70,5.13,10.3,18,37,71,949,32,7,12,51,8.058255021,287,386,208.0326374,124.5592799,9.198550328,6.827874014,483,22,6,8,36,466,10,1,4,15,519,481,350,36,272,15
11,1000,70,5.13,10.3,18,37,69,960,25,10,5,40,7.443052151,331,417,106.3036841,67.20959828,9.007784791,6.015944179,444,22,8,3,33,516,3,2,2,7,477,523,394,23,314,17
14,1000,70,5.13,10.3,18,37,68,955,28,9,8,45,7.568044421,304,390,112.1462155,64.12332144,9.063300247,6.042581407,470,21,9,5,35,485,7,0,3,10,505,495,371,19,291,13
15,1000,70,5.13,10.3,18,37,66,953,29,10,8,47,7.990210225,286,365,88.49231574,55.32293966,9.640454012,6.359651254,461,22,7,7,36,492,7,3,1,11,497,503,353,12,273,13
12,1000,70,5.13,10.3,18,37,69,954,33,7,6,46,7.69571883,290,377,105.2368015,64.56849754,9.048065255,6.288174592,478,21,7,4,32,476,12,0,2,14,510,490,356,21,276,14
9,1000,70,5.13,10.3,18,37,70,956,22,13,9,44,8.167670133,259,377,84.98967508,60.71140355,9.181757515,7.069075469,489,15,11,5,31,467,7,2,4,13,520,480,354,23,249,10
16,1000,70,5.13,10.3,18,37,51,955,25,13,7,45,7.850866446,201,302,48.81034615,27.90034563,8.513055531,7.142063637,486,15,10,6,31,469,10,3,1,14,517,483,262,40,185,16
13,1000,70,5.13,10.3,18,37,70,959,22,12,7,41,7.676514558,285,411,108.8093447,72.0760994,9.16258833,6.111102145,482,17,9,5,31,477,5,3,2,10,513,487,383,28,273,12
10,1000,70,5.13,10.3,18,37,72,948,33,7,12,52,8.027981124,264,393,218.314119,130.5399494,9.198550328,6.764934519,483,22,6,8,36,465,11,1,4,16,519,481,372,21,259,5
11,1000,70,5.13,10.3,18,37,70,960,24,10,6,40,7.405399086,332,413,110.3320759,69.54844783,9.017824671,5.934792959,445,21,7,4,32,515,3,3,2,8,477,523,389,24,314,18
14,1000,70,5.13,10.3,18,37,69,956,27,8,9,44,7.52332631,300,402,116.9456198,66.91819971,9.085961685,5.929122544,470,21,8,6,35,486,6,0,3,9,505,495,373,29,287,13
15,1000,70,5.13,10.3,18,37,67,953,29,9,9,47,7.995280115,274,381,94.91417456,58.91576539,9.709196698,6.301807865,461,22,6,8,36,492,7,3,1,11,497,503,355,26,267,7
12,1000,70,5.13,10.3,18,37,70,954,33,9,4,46,7.684242463,285,404,111.2468757,68.90039881,9.083268252,6.228113581,478,20,9,3,32,476,13,0,1,14,510,490,383,21,270,15
9,1000,70,5.13,10.3,18,37,71,955,23,13,9,45,8.165776585,262,363,90.49548827,65.45721589,9.249696529,6.991529979,488,16,11,5,32,467,7,2,4,13,520,480,336,27,250,12
13,1000,70,5.13,10.3,18,37,71,959,23,10,8,41,7.665918738,294,395,115.2834862,75.70598311,9.210898755,6.038455188,481,18,9,5,32,478,5,1,3,9,513,487,372,23,281,13
16,1000,70,5.13,10.3,18,37,52,955,25,13,7,45,7.849842775,212,306,50.66944624,28.9404096,8.525683093,7.126427777,486,15,10,6,31,469,10,3,1,14,517,483,262,44,197,15
10,1000,70,5.13,10.3,18,37,73,947,32,9,12,53,8.05056048,287,393,227.4734949,136.0008647,9.274897592,6.72949819,482,21,8,8,37,465,11,1,4,16,519,481,369,24,277,10
11,1000,70,5.13,10.3,18,37,71,959,25,10,6,41,7.43113584,330,419,115.8894723,72.57398303,9.085632365,5.922159087,444,22,7,4,33,515,3,3,2,8,477,523,395,24,317,13
14,1000,70,5.13,10.3,18,37,70,956,27,8,9,44,7.535001886,308,397,121.1992529,69.34454918,9.138407415,5.899204326,469,22,8,6,36,487,5,0,3,8,505,495,369,28,301,7
15,1000,70,5.13,10.3,18,37,68,952,30,9,9,48,8.002709485,267,387,100.5064944,62.17148897,9.754778126,6.27154027,460,23,6,8,37,492,7,3,1,11,497,503,361,26,256,11
12,1000,70,5.13,10.3,18,37,71,954,33,9,4,46,7.669506133,293,374,118.2166782,73.25748214,9.100580412,6.18002066,478,20,9,3,32,476,13,0,1,14,510,490,352,22,284,9
9,1000,70,5.13,10.3,18,37,72,954,24,13,9,46,8.158961909,261,380,97.56315648,71.12003474,9.294040901,6.929293001,487,17,11,5,33,467,7,2,4,13,520,480,353,27,244,17
13,1000,70,5.13,10.3,18,37,72,959,23,10,8,41,7.620903313,298,399,119.7702873,78.67261707,9.233092234,5.922642705,480,19,9,5,33,479,4,1,3,8,513,487,374,25,289,9
10,1000,70,5.13,10.3,18,37,74,948,31,9,12,52,8.024136004,304,393,245.5638748,146.0052068,9.339986171,6.604330938,482,21,8,8,37,466,10,1,4,15,519,481,369,24,290,14
16,1000,70,5.13,10.3,18,37,53,955,24,13,8,45,7.865318225,234,316,52.65252599,30.13456181,8.590756431,7.088813976,486,14,10,7,31,469,10,3,1,14,517,483,276,40,215,19
11,1000,70,5.13,10.3,18,37,72,960,26,9,5,40,7.409409572,310,431,121.4896798,75.79830211,9.124795492,5.844898895,444,22,7,4,33,516,4,2,1,7,477,523,409,22,299,11
14,1000,70,5.13,10.3,18,37,71,955,28,8,9,45,7.53248887,316,393,125.2034501,71.67347594,9.167280746,5.864670895,468,23,8,6,37,487,5,0,3,8,505,495,371,22,304,12
15,1000,70,5.13,10.3,18,37,69,950,31,10,9,50,7.999453923,289,395,105.819945,65.28080343,9.8277967,6.192920403,458,24,7,8,39,492,7,3,1,11,497,503,365,30,282,7
12,1000,70,5.13,10.3,18,37,72,954,33,9,4,46,7.674567535,279,386,121.9742181,75.5138894,9.144484986,6.144653453,478,20,9,3,32,476,13,0,1,14,510,490,371,15,272,7
9,1000,70,5.13,10.3,18,37,73,954,24,12,10,46,8.141798274,272,384,100.9376521,73.49154519,9.330262629,6.854295222,487,17,10,6,33,467,7,2,4,13,520,480,360,24,255,17
13,1000,70,5.13,10.3,18,37,73,959,23,10,8,41,7.640320003,302,400,125.5580681,82.1237499,9.301192491,5.890776704,480,19,9,5,33,479,4,1,3,8,513,487,381,19,285,17
10,1000,70,5.13,10.3,18,37,75,950,29,9,12,50,8.005765556,300,405,256.2265484,152.6200876,9.388095294,6.514228895,482,21,8,8,37,468,8,1,4,13,519,481,382,23,288,12
16,1000,70,5.13,10.3,18,37,54,955,24,13,8,45,7.87086482,207,348,54.46867216,31.26008542,8.629310176,7.059029935,486,14,10,7,31,469,10,3,1,14,517,483,308,40,188,19
11,1000,70,5.13,10.3,18,37,73,960,25,10,5,40,7.379860913,331,432,126.0969393,78.50564693,9.131879352,5.781939698,444,21,8,4,33,516,4,2,1,7,477,523,409,23,318,13
14,1000,70,5.13,10.3,18,37,72,956,27,8,9,44,7.522456627,283,400,133.4034985,75.84070315,9.245808514,5.764289549,468,23,8,6,37,488,4,0,3,7,505,495,377,23,270,13
15,1000,70,5.13,10.3,18,37,70,950,31,10,9,50,8.019559778,292,396,112.0167994,68.70496244,9.895647659,6.165850677,458,24,7,8,39,492,7,3,1,11,497,503,368,28,279,13
9,1000,70,5.13,10.3,18,37,74,952,26,12,10,48,8.152925888,273,386,106.7972585,78.14696282,9.422948394,6.777068172,486,18,10,6,34,466,8,2,4,14,520,480,352,34,261,12
12,1000,70,5.13,10.3,18,37,73,954,32,10,4,46,7.670673487,288,380,129.628014,80.50750343,9.177437658,6.102408737,478,19,10,3,32,476,13,0,1,14,510,490,358,22,278,10
13,1000,70,5.13,10.3,18,37,74,959,23,10,8,41,7.643540106,296,409,130.1348544,85.34053915,9.343595117,5.852722405,480,19,9,5,33,479,4,1,3,8,513,487,385,24,281,15
10,1000,70,5.13,10.3,18,37,76,950,30,9,11,50,8.032728482,301,393,277.6443104,164.0252016,9.442328967,6.511766628,482,21,8,8,37,468,9,1,3,13,519,481,371,22,287,14
11,1000,70,5.13,10.3,18,37,74,958,26,11,5,42,7.382539893,343,432,134.5196218,83.53824833,9.184917108,5.738689165,442,23,8,4,35,516,3,3,1,7,477,523,411,21,334,9
14,1000,70,5.13,10.3,18,37,73,956,27,8,9,44,7.564834234,315,411,143.8922214,80.88037301,9.3375794,5.756276034,468,23,8,6,37,488,4,0,3,7,505,495,387,24,310,5
16,1000,70,5.13,10.3,18,37,55,955,24,13,8,45,7.90588294,220,317,56.80939074,32.69970791,8.708284605,7.046997513,486,14,10,7,31,469,10,3,1,14,517,483,282,35,207,13
15,1000,70,5.13,10.3,18,37,71,950,30,10,10,50,8.052953164,300,399,121.9482817,74.53166779,9.980806102,6.148096484,458,23,7,9,39,492,7,3,1,11,497,503,378,21,292,8
12,1000,70,5.13,10.3,18,37,74,953,33,10,4,47,7.644103917,291,414,136.3939086,84.65661413,9.142706239,6.084334153,477,20,10,3,33,476,13,0,1,14,510,490,387,27,277,14
13,1000,70,5.13,10.3,18,37,75,960,23,10,7,40,7.601324592,324,410,139.9897939,90.35956659,9.346373953,5.763110378,480,19,9,5,33,480,4,1,2,7,513,487,390,20,305,19
9,1000,70,5.13,10.3,18,37,75,950,28,12,10,50,8.158486985,280,391,113.311205,83.65741279,9.451696571,6.757509933,484,20,10,6,36,466,8,2,4,14,520,480,356,35,265,15
10,1000,70,5.13,10.3,18,37,77,950,30,9,11,50,8.040936954,325,390,310.2322445,181.8054245,9.47083989,6.498068715,482,21,8,8,37,468,9,1,3,13,519,481,368,22,311,14
11,1000,70,5.13,10.3,18,37,75,957,27,11,5,43,7.383309528,349,432,143.3145535,89.40230547,9.245391354,5.685005453,440,25,8,4,37,517,2,3,1,6,477,523,418,14,340,9
14,1000,70,5.13,10.3,18,37,74,954,29,8,9,46,7.56397796,320,422,151.0851235,84.72212181,9.39417303,5.696809252,466,25,8,6,39,488,4,0,3,7,505,495,397,25,305,15
16,1000,70,5.13,10.3,18,37,56,955,24,13,8,45,7.923423942,238,322,59.77989403,34.56210684,8.736267776,7.053361286,486,14,10,7,31,469,10,3,1,14,517,483,289,33,224,14
15,1000,70,5.13,10.3,18,37,72,950,31,9,10,50,8.071549504,299,399,131.6883548,80.29937576,10.0402479,6.126334585,458,23,7,9,39,492,8,2,1,11,497,503,375,24,288,11
13,1000,70,5.13,10.3,18,37,76,959,24,10,7,41,7.595262699,321,404,148.9547156,96.19801067,9.374918987,5.720593962,479,20,9,5,34,480,4,1,2,7,513,487,387,17,309,12
9,1000,70,5.13,10.3,18,37,76,950,27,13,10,50,8.144098151,291,389,120.0212448,88.40593563,9.489131987,6.686978162,484,19,11,6,36,466,8,2,4,14,520,480,355,34,272,19
12,1000,70,5.13,10.3,18,37,75,953,33,10,4,47,7.626998105,301,416,142.9169542,88.28183765,9.175343649,6.015454784,477,20,10,3,33,476,13,0,1,14,510,490,385,31,292,9
10,1000,70,5.13,10.3,18,37,78,950,30,9,11,50,8.014673666,309,418,325.9526521,191.3473888,9.5060718,6.405451978,482,21,8,8,37,468,9,1,3,13,519,481,388,30,303,6
11,1000,70,5.13,10.3,18,37,76,957,27,11,5,43,7.368637082,347,462,150.9967201,94.78132506,9.243616329,5.658569968,440,25,8,4,37,517,2,3,1,6,477,523,434,28,336,11
14,1000,70,5.13,10.3,18,37,75,955,28,8,9,45,7.582485651,327,415,157.50471,88.22670314,9.449667658,5.677582795,466,25,8,6,39,489,3,0,3,6,505,495,397,18,318,9
16,1000,70,5.13,10.3,18,37,57,955,24,12,9,45,7.917355687,230,337,62.36111035,36.15752935,8.769625899,7.005091298,486,14,9,8,31,469,10,3,1,14,517,483,302,35,216,14
15,1000,70,5.13,10.3,18,37,73,950,31,9,10,50,8.065304065,305,422,140.2268095,84.98602782,10.07045882,6.084067659,458,23,7,9,39,492,8,2,1,11,497,503,397,25,288,17
13,1000,70,5.13,10.3,18,37,77,959,24,10,7,41,7.553747578,323,421,157.8684215,101.3745622,9.399801781,5.609136065,479,20,9,5,34,480,4,1,2,7,513,487,389,32,310,13
9,1000,70,5.13,10.3,18,37,77,949,28,13,10,51,8.108627199,293,394,129.0772071,94.78249312,9.546940952,6.550453967,482,21,11,6,38,467,7,2,4,13,520,480,363,31,279,14
12,1000,70,5.13,10.3,18,37,76,954,33,10,3,46,7.612763144,307,401,150.8143783,93.79642144,9.183736339,5.977668594,477,20,10,3,33,477,13,0,0,13,510,490,377,24,299,8
10,1000,70,5.13,10.3,18,37,79,951,29,9,11,49,7.974699529,326,410,355.96225,207.721484,9.521370089,6.305838778,483,20,8,8,36,468,9,1,3,13,519,481,388,22,317,9
14,1000,70,5.13,10.3,18,37,76,953,30,8,9,47,7.589890451,305,417,164.7968866,92.70343378,9.504057263,5.637053602,465,26,8,6,40,488,4,0,3,7,505,495,392,25,301,4
11,1000,70,5.13,10.3,18,37,77,956,28,11,5,44,7.346011123,359,459,160.5041133,101.4083286,9.261197229,5.599273509,439,26,8,4,38,517,2,3,1,6,477,523,438,21,351,8
13,1000,70,5.13,10.3,18,37,78,956,27,10,7,44,7.56354124,321,423,166.1140956,106.8720271,9.44969568,5.576688617,477,22,9,5,36,479,5,1,2,8,513,487,396,27,313,8
15,1000,70,5.13,10.3,18,37,74,949,32,9,10,51,8.041530084,317,403,149.5708361,90.46339184,10.10122832,6.006400812,457,24,7,9,40,492,8,2,1,11,497,503,381,22,306,11
16,1000,70,5.13,10.3,18,37,58,955,24,12,9,45,7.920747311,235,348,65.34934487,37.94500857,8.809586127,6.96934013,486,14,9,8,31,469,10,3,1,14,517,483,312,36,225,10
9,1000,70,5.13,10.3,18,37,78,949,26,15,10,51,8.108756493,300,376,138.4889044,101.3938476,9.596483897,6.497051807,482,19,13,6,38,467,7,2,4,13,520,480,358,18,287,13
12,1000,70,5.13,10.3,18,37,77,954,33,10,3,46,7.568610648,308,406,161.0971224,100.500512,9.189903986,5.881142072,477,20,10,3,33,477,13,0,0,13,510,490,382,24,297,11
10,1000,70,5.13,10.3,18,37,80,952,28,9,11,48,7.944559478,322,418,388.3933579,225.6637778,9.541686158,6.221256469,482,21,8,8,37,470,7,1,3,11,519,481,397,21,313,9
14,1000,70,5.13,10.3,18,37,77,954,30,8,8,46,7.570875071,321,422,172.4415363,97.26811126,9.531583163,5.570556715,465,26,8,6,40,489,4,0,2,6,505,495,404,18,306,15
11,1000,70,5.13,10.3,18,37,78,956,26,13,5,44,7.355494726,354,457,170.520577,108.6501803,9.32967195,5.554954504,439,24,10,4,38,517,2,3,1,6,477,523,437,20,342,12
13,1000,70,5.13,10.3,18,37,79,956,27,10,7,44,7.570816187,321,422,174.0672626,111.9269634,9.508128575,5.530074391,477,22,9,5,36,479,5,1,2,8,513,487,405,17,313,8
15,1000,70,5.13,10.3,18,37,75,948,33,9,10,52,8.029668319,310,398,162.8005391,99.06423357,10.10034952,5.98368709,456,25,7,9,41,492,8,2,1,11,497,503,380,18,299,11
9,1000,70,5.13,10.3,18,37,79,949,27,15,9,51,8.102761996,296,397,146.2120644,105.9270541,9.627707637,6.45073755,482,19,13,6,38,467,8,2,3,13,520,480,375,22,284,12
12,1000,70,5.13,10.3,18,37,78,955,31,11,3,45,7.557988623,337,411,171.5255344,106.9131564,9.240166278,5.807150655,477,19,11,3,33,478,12,0,0,12,510,490,392,19,320,17
10,1000,70,5.13,10.3,18,37,81,953,28,8,11,47,7.917029914,326,411,412.1362085,238.590213,9.55487369,6.149793073,483,21,7,8,36,470,7,1,3,11,519,481,386,25,312,14
16,1000,70,5.13,10.3,18,37,59,954,25,12,9,46,7.952394867,227,344,67.83040785,39.40835351,8.849387598,6.99225979,486,14,9,8,31,468,11,3,1,15,517,483,319,25,212,15
14,1000,70,5.13,10.3,18,37,78,954,30,8,8,46,7.567984617,340,411,182.7490945,103.5903241,9.578689334,5.516659603,465,26,8,6,40,489,4,0,2,6,505,495,385,26,326,14
11,1000,70,5.13,10.3,18,37,79,955,27,13,5,45,7.363399957,364,451,180.8322285,115.7900436,9.370964891,5.532408613,439,24,10,4,38,516,3,3,1,7,477,523,433,18,350,14
13,1000,70,5.13,10.3,18,37,80,956,27,10,7,44,7.541600926,336,443,185.9776502,119.3674726,9.552239432,5.423618269,477,22,9,5,36,479,5,1,2,8,513,487,412,31,326,10
15,1000,70,5.13,10.3,18,37,76,947,34,9,10,53,8.015345002,310,403,173.979554,106.3941282,10.15595023,5.900273833,455,26,7,9,42,492,8,2,1,11,497,503,381,22,305,5
9,1000,70,5.13,10.3,18,37,80,949,27,14,10,51,8.074649087,314,395,152.2487876,109.6717667,9.676246062,6.339585697,482,19,12,7,38,467,8,2,3,13,520,480,381,14,300,14
10,1000,70,5.13,10.3,18,37,82,953,28,8,11,47,7.90407721,329,434,435.1372519,251.6586631,9.600085404,6.074080842,483,21,7,8,36,470,7,1,3,11,519,481,402,32,320,9
12,1000,70,5.13,10.3,18,37,79,954,32,11,3,46,7.548177018,322,390,180.7738861,112.3105129,9.279407511,5.746284057,476,20,11,3,34,478,12,0,0,12,510,490,375,15,311,11
16,1000,70,5.13,10.3,18,37,60,954,25,12,9,46,7.985338587,222,341,70.57571908,41.07217414,8.882552409,7.024966856,486,14,9,8,31,468,11,3,1,15,517,483,310,31,209,13
14,1000,70,5.13,10.3,18,37,79,953,31,8,8,47,7.574223946,333,435,192.5293248,110.001223,9.604785095,5.50264136,465,26,8,6,40,488,5,0,2,7,505,495,406,29,325,8
11,1000,70,5.13,10.3,18,37,80,955,26,14,5,45,7.380913245,357,448,189.7996123,121.6605703,9.417760243,5.523215314,439,23,11,4,38,516,3,3,1,7,477,523,438,10,349,8
15,1000,70,5.13,10.3,18,37,77,947,34,9,10,53,7.995276015,304,419,182.398928,111.6226014,10.16298684,5.853422572,455,26,7,9,42,492,8,2,1,11,497,503,393,26,297,7
13,1000,70,5.13,10.3,18,37,81,956,28,10,6,44,7.532770889,334,432,194.2978228,124.4693853,9.621857952,5.332151456,476,23,9,5,37,480,5,1,1,7,513,487,405,27,321,13
10,1000,70,5.13,10.3,18,37,83,952,28,8,12,48,7.91295854,337,435,468.8436002,273.5574903,9.637169616,6.052531206,483,21,7,8,36,469,7,1,4,12,519,481,404,31,326,11
9,1000,70,5.13,10.3,18,37,81,949,28,14,9,51,8.029674655,315,400,163.8023234,118.5049922,9.645134191,6.27959349,482,20,12,6,38,467,8,2,3,13,520,480,382,18,299,16
12,1000,70,5.13,10.3,18,37,80,953,31,13,3,47,7.54363462,328,412,189.4130702,118.0927139,9.320867685,5.69386143,475,20,12,3,35,478,11,1,0,12,510,490,388,24,313,15
16,1000,70,5.13,10.3,18,37,61,956,24,11,9,44,7.938369351,259,357,73.75005697,42.94630361,8.872924824,6.938027364,487,14,8,8,30,469,10,3,1,14,517,483,318,39,242,17
14,1000,70,5.13,10.3,18,37,80,952,32,8,8,48,7.583388336,345,439,203.1232639,116.222023,9.643157139,5.482008041,464,27,8,6,41,488,5,0,2,7,505,495,412,27,336,9
11,1000,70,5.13,10.3,18,37,81,956,26,13,5,44,7.359405906,379,454,199.484275,126.918474,9.476681579,5.428353332,439,23,11,4,38,517,3,2,1,6,477,523,439,15,369,10
15,1000,70,5.13,10.3,18,37,78,948,33,9,10,52,7.98811341,318,409,196.8297254,120.2314336,10.19518211,5.807371572,455,26,7,9,42,493,7,2,1,10,497,503,392,17,306,12
13,1000,70,5.13,10.3,18,37,82,955,29,10,6,45,7.552538704,326,419,201.4792006,129.6942667,9.66130552,5.331188855,476,23,9,5,37,479,6,1,1,8,513,487,406,13,314,12
10,1000,70,5.13,10.3,18,37,84,952,28,9,11,48,7.854287586,336,413,509.0173199,297.7058124,9.658785787,5.907230275,483,21,7,8,36,469,7,2,3,12,519,481,393,20,326,10
9,1000,70,5.13,10.3,18,37,82,948,29,14,9,52,8.035026475,316,415,177.8348487,128.5490924,9.745479074,6.182036158,481,21,12,6,39,467,8,2,3,13,520,480,384,31,305,11
12,1000,70,5.13,10.3,18,37,81,954,30,13,3,46,7.528348403,329,425,206.625741,130.6309269,9.352647277,5.629588351,475,20,12,3,35,479,10,1,0,11,510,490,404,21,318,11
14,1000,70,5.13,10.3,18,37,81,953,31,8,8,47,7.554231592,350,426,213.3624215,122.1078795,9.660451954,5.405461324,464,27,8,6,41,489,4,0,2,6,505,495,403,23,337,13
16,1000,70,5.13,10.3,18,37,62,956,24,10,10,44,7.972942396,254,363,78.32179818,45.56179448,8.966403943,6.909547737,487,14,7,9,30,469,10,3,1,14,517,483,329,34,240,14
11,1000,70,5.13,10.3,18,37,82,957,25,13,5,43,7.376865073,383,460,209.5239708,134.0651822,9.583699326,5.364130965,439,23,11,4,38,518,2,2,1,5,477,523,439,21,376,7
15,1000,70,5.13,10.3,18,37,79,948,32,10,10,52,7.98894132,342,434,221.5726231,134.9132481,10.23995331,5.764780372,454,26,8,9,43,494,6,2,1,9,497,503,414,20,336,6
13,1000,70,5.13,10.3,18,37,83,956,29,9,6,44,7.530988905,333,429,209.6055662,135.380148,9.705179563,5.24072236,475,24,9,5,38,481,5,0,1,6,513,487,414,15,325,8
10,1000,70,5.13,10.3,18,37,85,952,28,9,11,48,7.894328007,320,442,545.4717184,317.4597037,9.729532057,5.914139021,483,21,7,8,36,469,7,2,3,12,519,481,421,21,313,7
9,1000,70,5.13,10.3,18,37,83,949,29,14,8,51,8.028065571,329,405,194.4656705,137.6842728,9.787340934,6.122183929,481,21,12,6,39,468,8,2,2,12,520,480,381,24,313,16
12,1000,70,5.13,10.3,18,37,82,954,30,13,3,46,7.485333424,328,423,216.7953345,137.6423251,9.354758385,5.539605405,474,21,12,3,36,480,9,1,0,10,510,490,398,25,320,8
14,1000,70,5.13,10.3,18,37,82,953,31,8,8,47,7.581883889,349,428,227.1681478,128.939949,9.708861984,5.41193654,464,27,8,6,41,489,4,0,2,6,505,495,409,19,343,6
11,1000,70,5.13,10.3,18,37,83,956,26,12,6,44,7.371498974,384,467,221.7879723,142.1952756,9.61683091,5.323653211,438,24,10,5,39,518,2,2,1,5,477,523,445,22,378,6
16,1000,70,5.13,10.3,18,37,63,955,25,10,10,45,7.982457689,268,346,81.26468914,47.33844742,8.972345171,6.922888688,487,14,7,9,30,468,11,3,1,15,517,483,316,30,252,16
15,1000,70,5.13,10.3,18,37,80,949,30,11,10,51,8.037228622,327,431,240.1492315,146.1956042,10.36137618,5.740804497,454,25,9,9,43,495,5,2,1,8,497,503,417,14,325,2
13,1000,70,5.13,10.3,18,37,84,954,30,10,6,46,7.537814261,356,442,222.9867323,144.4689162,9.736775873,5.221454288,474,25,9,5,39,480,5,1,1,7,513,487,426,16,342,14
10,1000,70,5.13,10.3,18,37,86,953,28,8,11,47,7.902086666,344,422,568.3777017,329.5869173,9.760518149,5.896835232,483,21,7,8,36,470,7,1,3,11,519,481,402,20,330,14
9,1000,70,5.13,10.3,18,37,84,949,28,15,8,51,8.058050693,320,419,210.4112918,147.1620413,9.840024492,6.127579077,480,21,13,6,40,469,7,2,2,11,520,480,393,26,304,16
12,1000,70,5.13,10.3,18,37,83,953,31,13,3,47,7.466163914,346,413,226.0601631,143.0199919,9.385705541,5.468273649,474,21,12,3,36,479,10,1,0,11,510,490,389,24,336,10
14,1000,70,5.13,10.3,18,37,83,954,30,8,8,46,7.559373467,366,447,239.031775,135.3487807,9.744011673,5.330601156,464,27,8,6,41,490,3,0,2,5,505,495,424,23,349,17
11,1000,70,5.13,10.3,18,37,84,957,23,14,6,43,7.371606775,378,475,235.0145723,151.0839517,9.722281687,5.227683385,438,22,12,5,39,519,1,2,1,4,477,523,457,18,375,3
13,1000,70,5.13,10.3,18,37,85,954,30,10,6,46,7.525455985,357,432,239.190768,154.7787196,9.781069613,5.149419453,474,25,9,5,39,480,5,1,1,7,513,487,419,13,346,11
15,1000,70,5.13,10.3,18,37,81,951,28,11,10,49,8.019782834,345,433,251.3863849,153.5556557,10.40698594,5.661055309,454,24,10,9,43,497,4,1,1,6,497,503,409,24,338,7
16,1000,70,5.13,10.3,18,37,64,955,26,9,10,45,8.013723376,253,383,85.02773621,49.46604868,9.066269844,6.887084611,486,15,7,9,31,469,11,2,1,14,517,483,353,30,245,8
10,1000,70,5.13,10.3,18,37,87,951,30,8,11,49,7.917452025,332,433,592.4005285,343.1352771,9.831225892,5.852486042,481,23,7,8,38,470,7,1,3,11,519,481,413,20,325,7
9,1000,70,5.13,10.3,18,37,85,949,28,15,8,51,8.02614055,326,415,226.1080776,158.3690074,9.837004932,6.064370802,480,21,13,6,40,469,7,2,2,11,520,480,397,18,311,15
12,1000,70,5.13,10.3,18,37,84,954,29,14,3,46,7.444176796,328,414,238.3311912,151.3129297,9.39466919,5.414072468,475,19,13,3,35,479,10,1,0,11,510,490,404,10,321,7
14,1000,70,5.13,10.3,18,37,84,954,30,8,8,46,7.556956792,346,434,258.6256368,146.3979761,9.789933337,5.27886961,464,27,8,6,41,490,3,0,2,5,505,495,415,19,336,10
11,1000,70,5.13,10.3,18,37,85,956,24,14,6,44,7.38729031,378,481,249.8384811,159.3336355,9.772167744,5.212172651,437,23,12,5,40,519,1,2,1,4,477,523,458,23,365,13
13,1000,70,5.13,10.3,18,37,86,952,32,10,6,48,7.523934429,373,452,251.8647425,161.909376,9.819492689,5.105820697,472,27,9,5,41,480,5,1,1,7,513,487,428,24,360,13
15,1000,70,5.13,10.3,18,37,82,950,29,12,9,50,8.012491743,332,438,263.4824042,160.7348122,10.43820624,5.61571221,454,23,11,9,43,496,6,1,0,7,497,503,414,24,323,9
10,1000,70,5.13,10.3,18,37,88,953,29,8,10,47,7.876231624,358,433,633.5843075,367.1957827,9.90048634,5.692056577,480,24,7,8,39,473,5,1,2,8,519,481,414,19,351,7
16,1000,70,5.13,10.3,18,37,65,956,24,10,10,44,7.986249783,266,357,89.39247634,51.83755485,9.110816944,6.782520545,486,15,7,9,31,470,9,3,1,13,517,483,334,23,249,17
9,1000,70,5.13,10.3,18,37,86,949,28,15,8,51,8.033005122,331,418,235.52634,165.1290306,9.907357594,6.00245661,480,21,13,6,40,469,7,2,2,11,520,480,399,19,317,14
12,1000,70,5.13,10.3,18,37,85,955,28,14,3,45,7.460641194,351,420,251.0271,158.7002693,9.434311067,5.406413366,475,19,13,3,35,480,9,1,0,10,510,490,405,15,343,8
14,1000,70,5.13,10.3,18,37,85,955,29,9,7,45,7.53214723,359,443,272.0801606,153.9398579,9.863827803,5.153362,464,26,9,6,41,491,3,0,1,4,505,495,429,14,348,11
11,1000,70,5.13,10.3,18,37,86,956,24,14,6,44,7.39852826,394,469,262.5524639,167.6106344,9.818217253,5.191660862,437,23,12,5,40,519,1,2,1,4,477,523,452,17,388,6
13,1000,70,5.13,10.3,18,37,87,952,32,10,6,48,7.50883541,370,432,263.3375965,169.1328506,9.845847323,5.047054895,472,27,9,5,41,480,5,1,1,7,513,487,416,16,361,9
15,1000,70,5.13,10.3,18,37,83,949,30,12,9,51,8.01293145,357,444,276.6689417,168.6553001,10.45760929,5.597414779,454,23,11,9,43,495,7,1,0,8,497,503,424,20,349,8
10,1000,70,5.13,10.3,18,37,89,953,29,9,9,47,7.844168814,346,455,683.3841493,393.8021869,9.929752236,5.593819966,480,24,7,8,39,473,5,2,1,8,519,481,426,29,341,5
9,1000,70,5.13,10.3,18,37,87,948,28,16,8,52,8.011708167,341,421,250.7118222,173.6283085,9.929956432,5.93360588,479,21,14,6,41,469,7,2,2,11,520,480,400,21,331,10
16,1000,70,5.13,10.3,18,37,66,956,23,11,10,44,7.964238588,277,369,93.87726402,54.48233083,9.153559528,6.691197334,485,15,8,9,32,471,8,3,1,12,517,483,341,28,263,14
12,1000,70,5.13,10.3,18,37,86,955,28,14,3,45,7.434624406,344,437,265.2576372,167.0628987,9.478909908,5.30689868,475,19,13,3,35,480,9,1,0,10,510,490,414,23,338,6
14,1000,70,5.13,10.3,18,37,86,955,29,9,7,45,7.522525885,373,433,288.1848221,162.5372048,9.90373975,5.093206689,464,26,9,6,41,491,3,0,1,4,505,495,414,19,362,11
11,1000,70,5.13,10.3,18,37,87,956,24,13,7,44,7.379337087,412,483,282.1217798,181.7189333,9.880341597,5.098306206,437,23,11,6,40,519,1,2,1,4,477,523,463,20,404,8
13,1000,70,5.13,10.3,18,37,88,952,32,10,6,48,7.53486624,357,433,278.1779796,179.6678125,9.895379951,5.04832921,472,27,9,5,41,480,5,1,1,7,513,487,421,12,345,12
15,1000,70,5.13,10.3,18,37,84,949,30,11,10,51,8.017601303,352,454,287.6312568,174.8867743,10.49450844,5.57023978,454,23,10,10,43,495,7,1,0,8,497,503,430,24,346,6
10,1000,70,5.13,10.3,18,37,90,953,29,9,9,47,7.81456149,347,431,762.827939,438.9460679,9.95502499,5.504996925,480,24,7,8,39,473,5,2,1,8,519,481,415,16,344,3
9,1000,70,5.13,10.3,18,37,88,948,28,16,8,52,8.007300553,334,410,267.3984396,183.1233384,9.970191914,5.880834913,479,21,14,6,41,469,7,2,2,11,520,480,394,16,319,15
12,1000,70,5.13,10.3,18,37,87,955,28,14,3,45,7.425399461,348,450,281.1674738,175.8291363,9.519017016,5.246328127,475,19,13,3,35,480,9,1,0,10,510,490,428,22,342,6
16,1000,70,5.13,10.3,18,37,67,955,24,11,10,45,7.950517757,266,386,98.79745203,57.36491378,9.195886491,6.617483314,485,15,8,9,32,470,9,3,1,13,517,483,358,28,259,7
14,1000,70,5.13,10.3,18,37,87,954,30,9,7,46,7.515588527,363,445,308.8288521,172.9158094,9.964219856,5.017489899,463,27,9,6,42,491,3,0,1,4,505,495,423,22,356,7
11,1000,70,5.13,10.3,18,37,88,955,25,13,7,45,7.331848301,405,485,299.3352689,191.3045285,9.85922568,5.026764151,437,23,11,6,40,518,2,2,1,5,477,523,476,9,391,14
13,1000,70,5.13,10.3,18,37,89,951,33,10,6,49,7.53509983,360,449,292.5102778,189.3042936,9.974649395,4.965307372,471,28,9,5,42,480,5,1,1,7,513,487,431,18,354,6
15,1000,70,5.13,10.3,18,37,85,951,28,11,10,49,8.019935482,351,447,308.3108065,187.1503587,10.55709025,5.513044988,453,24,10,10,44,498,4,1,0,5,497,503,431,16,342,9
10,1000,70,5.13,10.3,18,37,91,953,29,9,9,47,7.813149564,357,449,824.1061367,474.6971361,10.00423991,5.44895852,480,24,7,8,39,473,5,2,1,8,519,481,425,24,345,12
9,1000,70,5.13,10.3,18,37,89,946,30,16,8,54,7.981401833,346,420,286.4929362,193.0057014,10.01038296,5.783338945,478,22,14,6,42,468,8,2,2,12,520,480,400,20,333,13
12,1000,70,5.13,10.3,18,37,88,956,27,14,3,44,7.445759353,354,438,298.0928183,186.3904331,9.544475736,5.261381076,474,20,13,3,36,482,7,1,0,8,510,490,417,21,347,7
14,1000,70,5.13,10.3,18,37,88,954,30,9,7,46,7.495718615,371,444,323.2158013,182.26281,10.00018808,4.940653805,463,27,9,6,42,491,3,0,1,4,505,495,425,19,362,9
16,1000,70,5.13,10.3,18,37,68,954,25,11,10,46,7.960411549,261,370,102.5941978,59.62174248,9.243407863,6.587100794,484,16,8,9,33,470,9,3,1,13,517,483,345,25,249,12
11,1000,70,5.13,10.3,18,37,89,953,27,13,7,47,7.3340589,410,478,315.075922,202.5824747,9.915184005,4.979954358,435,25,11,6,42,518,2,2,1,5,477,523,467,11,403,7
13,1000,70,5.13,10.3,18,37,90,951,33,10,6,49,7.510525079,370,453,315.3529302,204.1191957,10.01691662,4.870322082,471,28,9,5,42,480,5,1,1,7,513,487,435,18,356,14
15,1000,70,5.13,10.3,18,37,86,949,30,12,9,51,8.028696047,347,460,321.609289,194.5072912,10.61074074,5.477451096,451,26,11,9,46,498,4,1,0,5,497,503,444,16,339,8
10,1000,70,5.13,10.3,18,37,92,952,30,9,9,48,7.833801875,362,435,880.5783139,508.8036325,10.03336238,5.460471512,479,25,7,8,40,473,5,2,1,8,519,481,422,13,351,11
9,1000,70,5.13,10.3,18,37,90,946,30,15,9,54,7.962334936,347,427,297.6151103,200.3011199,10.04381342,5.707399917,478,22,13,7,42,468,8,2,2,12,520,480,409,18,340,7
12,1000,70,5.13,10.3,18,37,89,955,28,14,3,45,7.431206988,363,449,313.5715055,195.582483,9.565559905,5.209737626,473,21,13,3,37,482,7,1,0,8,510,490,428,21,354,9
14,1000,70,5.13,10.3,18,37,89,954,30,9,7,46,7.511080504,385,437,336.2061556,191.1946986,10.04616739,4.924779744,462,28,9,6,43,492,2,0,1,3,505,495,416,21,371,14
16,1000,70,5.13,10.3,18,37,69,955,26,10,9,45,7.895685046,286,371,107.5798654,62.64250293,9.233631993,6.463555498,485,16,8,8,32,470,10,2,1,13,517,483,349,22,273,13
13,1000,70,5.13,10.3,18,37,91,951,33,10,6,49,7.507235471,374,456,336.8671621,218.1980419,10.06395765,4.814014776,471,28,9,5,42,480,5,1,1,7,513,487,438,18,368,6
15,1000,70,5.13,10.3,18,37,87,947,31,11,11,53,8.028070419,368,444,334.0939873,201.5548194,10.66393286,5.42364968,450,26,10,11,47,497,5,1,0,6,497,503,426,18,353,15
11,1000,70,5.13,10.3,18,37,90,950,30,13,7,50,7.318895506,419,479,328.1710363,209.7758883,9.963345661,4.907035613,432,28,11,6,45,518,2,2,1,5,477,523,464,15,413,6
10,1000,70,5.13,10.3,18,37,93,953,29,9,9,47,7.837009051,371,443,974.9532057,562.5432478,10.11085568,5.383523808,478,26,7,8,41,475,3,2,1,6,519,481,427,16,361,10
9,1000,70,5.13,10.3,18,37,91,945,31,15,9,55,7.971161117,355,437,314.4819014,210.345262,10.07168967,5.695588522,478,22,13,7,42,467,9,2,2,13,520,480,410,27,342,13
12,1000,70,5.13,10.3,18,37,90,955,28,13,4,45,7.434511639,384,447,330.7378485,204.2826653,9.595565298,5.185251708,473,21,13,3,37,482,7,0,1,8,510,490,431,16,373,11
14,1000,70,5.13,10.3,18,37,90,954,29,10,7,46,7.500853458,380,444,347.9841311,198.5352781,10.05632771,4.893753467,462,27,10,6,43,492,2,0,1,3,505,495,429,15,362,18
13,1000,70,5.13,10.3,18,37,92,949,34,11,6,51,7.49475896,377,464,362.2470765,236.8234688,10.05957523,4.793012045,469,29,10,5,44,480,5,1,1,7,513,487,439,25,363,14
15,1000,70,5.13,10.3,18,37,88,947,30,12,11,53,8.028762071,370,446,355.9426883,214.6920418,10.71548201,5.374090485,450,25,11,11,47,497,5,1,0,6,497,503,439,7,361,9
16,1000,70,5.13,10.3,18,37,70,956,25,10,9,44,7.872505202,279,375,112.2306242,65.33582531,9.252837981,6.395006141,485,16,8,8,32,471,9,2,1,12,517,483,352,23,272,7
11,1000,70,5.13,10.3,18,37,91,950,29,14,7,50,7.295760737,412,490,344.5790127,220.0666172,10.00062933,4.828796457,432,27,12,6,45,518,2,2,1,5,477,523,473,17,404,8
10,1000,70,5.13,10.3,18,37,94,954,29,9,8,46,7.827845168,371,440,1036.930636,600.9692389,10.16659783,5.304326186,478,26,8,7,41,476,3,1,1,5,519,481,426,14,358,13
9,1000,70,5.13,10.3,18,37,92,945,32,13,10,55,7.918517098,345,425,359.7315832,234.3089659,10.10369015,5.551246288,477,23,12,8,43,468,9,1,2,12,520,480,411,14,336,9
12,1000,70,5.13,10.3,18,37,91,955,28,13,4,45,7.419919035,382,442,344.6269343,212.2700887,9.639379838,5.109867995,473,21,13,3,37,482,7,0,1,8,510,490,430,12,372,10
14,1000,70,5.13,10.3,18,37,91,952,30,12,6,48,7.520468461,377,454,369.0671746,210.3995475,10.14902034,4.838814524,461,27,12,5,44,491,3,0,1,4,505,495,436,18,369,8
13,1000,70,5.13,10.3,18,37,93,949,34,11,6,51,7.489453702,374,457,391.2036217,257.0832698,10.09934053,4.740229997,469,29,10,5,44,480,5,1,1,7,513,487,444,13,368,6
15,1000,70,5.13,10.3,18,37,89,947,30,12,11,53,8.030176404,367,449,392.9300632,237.5877789,10.76657728,5.326416492,449,26,11,11,48,498,4,1,0,5,497,503,433,16,358,9
11,1000,70,5.13,10.3,18,37,92,949,30,14,7,51,7.296310111,423,491,366.5017292,235.3858581,10.06866281,4.767797229,431,28,12,6,46,518,2,2,1,5,477,523,477,14,415,8
10,1000,70,5.13,10.3,18,37,95,952,30,10,8,48,7.828348562,364,440,1116.133238,648.4252751,10.23267433,5.23407606,476,27,9,7,43,476,3,1,1,5,519,481,421,19,354,10
16,1000,70,5.13,10.3,18,37,71,956,25,10,9,44,7.841502753,274,381,118.1042313,68.78898246,9.261925328,6.32109184,485,16,8,8,32,471,9,2,1,12,517,483,355,26,266,8
9,1000,70,5.13,10.3,18,37,93,945,32,13,10,55,7.895332142,343,428,401.914886,255.2073184,10.1527472,5.449799162,476,23,12,9,44,469,9,1,1,11,520,480,413,15,332,11
12,1000,70,5.13,10.3,18,37,92,954,29,13,4,46,7.42449971,381,440,373.4386124,228.7164101,9.709525596,5.046207461,473,21,13,3,37,481,8,0,1,9,510,490,426,14,374,7
14,1000,70,5.13,10.3,18,37,92,953,29,12,6,47,7.508769027,392,451,392.2632553,221.9639694,10.20863003,4.754365376,462,26,12,5,43,491,3,0,1,4,505,495,438,13,380,12
13,1000,70,5.13,10.3,18,37,94,949,34,11,6,51,7.481241474,395,449,425.9660472,279.7051341,10.13653655,4.684185264,469,29,10,5,44,480,5,1,1,7,513,487,436,13,386,9
15,1000,70,5.13,10.3,18,37,90,944,33,12,11,56,8.046239,377,451,408.4205452,246.1691008,10.84376514,5.282082955,446,29,11,11,51,498,4,1,0,5,497,503,436,15,371,6
10,1000,70,5.13,10.3,18,37,96,952,31,9,8,48,7.831449023,383,451,1209.385469,704.2555811,10.28035442,5.189075013,476,28,8,7,43,476,3,1,1,5,519,481,437,14,377,6
11,1000,70,5.13,10.3,18,37,93,949,30,14,7,51,7.274154823,436,483,394.8781392,255.977595,10.08344382,4.711954342,431,28,12,6,46,518,2,2,1,5,477,523,474,9,424,12
16,1000,70,5.13,10.3,18,37,72,954,26,10,10,46,7.858645251,276,408,124.5446819,72.3204051,9.328686962,6.285122342,483,17,8,9,34,471,9,2,1,12,517,483,368,40,266,10
9,1000,70,5.13,10.3,18,37,94,944,33,13,10,56,7.91316062,370,439,451.9841101,282.215593,10.21657606,5.417793887,476,23,12,9,44,468,10,1,1,12,520,480,418,21,361,9
12,1000,70,5.13,10.3,18,37,93,954,29,13,4,46,7.417852495,384,447,392.0583569,240.4532183,9.758068882,4.982117072,472,22,13,3,38,482,7,0,1,8,510,490,432,15,375,9
14,1000,70,5.13,10.3,18,37,93,954,29,11,6,46,7.504223997,387,461,408.8115893,232.0696887,10.26613771,4.686514043,463,26,11,5,42,491,3,0,1,4,505,495,449,12,379,8
13,1000,70,5.13,10.3,18,37,95,949,34,11,6,51,7.460215111,388,457,466.0083333,305.2044523,10.15727556,4.619163756,469,29,10,5,44,480,5,1,1,7,513,487,439,18,380,8
15,1000,70,5.13,10.3,18,37,91,944,33,12,11,56,8.046813529,400,454,437.635573,263.4568231,10.9020736,5.225612225,446,29,11,11,51,498,4,1,0,5,497,503,438,16,388,12
10,1000,70,5.13,10.3,18,37,97,952,31,9,8,48,7.808816973,374,450,1330.94734,777.7215754,10.34120818,5.076361599,476,28,8,7,43,476,3,1,1,5,519,481,436,14,366,8
11,1000,70,5.13,10.3,18,37,94,949,30,14,7,51,7.261614717,431,486,420.0536838,271.3797197,10.13904854,4.637263032,431,28,12,6,46,518,2,2,1,5,477,523,472,14,419,12
16,1000,70,5.13,10.3,18,37,73,953,27,10,10,47,7.871979706,303,384,132.7620096,76.63141493,9.374000218,6.264226902,482,18,8,9,35,471,9,2,1,12,517,483,362,22,293,10
12,1000,70,5.13,10.3,18,37,94,954,29,13,4,46,7.418189898,381,450,414.2089284,251.7681276,9.781877822,4.958024917,472,22,13,3,38,482,7,0,1,8,510,490,438,12,372,9
14,1000,70,5.13,10.3,18,37,94,952,31,11,6,48,7.500249622,399,453,433.2644117,245.0495098,10.3335751,4.609685245,462,27,11,5,43,490,4,0,1,5,505,495,440,13,393,6
9,1000,70,5.13,10.3,18,37,95,944,33,12,11,56,7.898948272,371,425,509.5775839,310.5418971,10.27947798,5.320041085,475,24,11,10,45,469,9,1,1,11,520,480,412,13,358,13
13,1000,70,5.13,10.3,18,37,96,949,34,11,6,51,7.448380891,395,456,491.8990598,319.4493922,10.21078881,4.538493288,469,29,10,5,44,480,5,1,1,7,513,487,444,12,387,8
15,1000,70,5.13,10.3,18,37,92,944,33,12,11,56,8.02206153,383,475,487.4646855,295.4518767,10.92666082,5.152109551,446,29,11,11,51,498,4,1,0,5,497,503,450,25,370,13
10,1000,70,5.13,10.3,18,37,98,951,32,8,9,49,7.795146101,394,446,1404.668801,825.854622,10.3613287,5.026229743,475,29,7,8,44,476,3,1,1,5,519,481,436,10,381,13
11,1000,70,5.13,10.3,18,37,95,949,30,14,7,51,7.270520364,426,493,450.520414,292.2653284,10.18775906,4.609864803,431,28,12,6,46,518,2,2,1,5,477,523,480,13,419,7
14,1000,70,5.13,10.3,18,37,95,952,31,11,6,48,7.490585519,402,453,450.1808118,255.8415528,10.39058715,4.531998001,462,27,11,5,43,490,4,0,1,5,505,495,438,15,391,11
12,1000,70,5.13,10.3,18,37,95,955,28,12,5,45,7.381485721,377,452,454.2512462,274.7144343,9.807894907,4.856039425,472,22,12,4,38,483,6,0,1,7,510,490,436,16,371,6
9,1000,70,5.13,10.3,18,37,96,943,33,13,11,57,7.879433881,372,438,611.0731108,361.096786,10.32021836,5.235250696,474,25,11,10,46,469,8,2,1,11,520,480,423,15,363,9
16,1000,70,5.13,10.3,18,37,74,952,28,10,10,48,7.895242374,303,390,141.3407329,81.14078689,9.457121538,6.223417265,481,19,8,9,36,471,9,2,1,12,517,483,369,21,287,16
13,1000,70,5.13,10.3,18,37,97,948,35,11,6,52,7.414705486,404,460,519.0052287,335.125492,10.22693745,4.452333827,469,29,10,5,44,479,6,1,1,8,513,487,446,14,396,8
15,1000,70,5.13,10.3,18,37,93,945,33,11,11,55,8.014686813,398,458,544.4690342,331.0074861,10.93902711,5.125229304,447,29,10,11,50,498,4,1,0,5,497,503,443,15,387,11
10,1000,70,5.13,10.3,18,37,99,951,31,9,9,49,7.7265879,388,459,1459.71433,861.1956625,10.3461735,4.900049592,475,28,8,8,44,476,3,1,1,5,519,481,440,19,377,11
11,1000,70,5.13,10.3,18,37,96,950,30,13,7,50,7.241562582,441,490,475.3781899,307.5160746,10.19795738,4.545194855,431,28,12,6,46,519,2,1,1,4,477,523,481,9,427,14
14,1000,70,5.13,10.3,18,37,96,952,31,11,6,48,7.4579991,386,479,475.6856579,270.887449,10.3967442,4.459885409,462,27,11,5,43,490,4,0,1,5,505,495,456,23,378,8
12,1000,70,5.13,10.3,18,37,96,954,29,12,5,46,7.370097282,381,452,484.9015884,294.0466824,9.863263923,4.775168737,471,23,12,4,39,483,6,0,1,7,510,490,441,11,373,8
9,1000,70,5.13,10.3,18,37,97,942,34,13,11,58,7.875339773,378,427,662.4079636,385.6352534,10.37190019,5.170732659,473,26,11,10,47,469,8,2,1,11,520,480,414,13,367,11
16,1000,70,5.13,10.3,18,37,75,952,28,10,10,48,7.906377027,295,407,149.8271265,85.87294836,9.518442664,6.180832649,480,20,8,9,37,472,8,2,1,11,517,483,385,22,287,8
13,1000,70,5.13,10.3,18,37,98,948,35,11,6,52,7.402607124,395,471,549.8456797,355.3620166,10.23741031,4.416459214,469,29,10,5,44,479,6,1,1,8,513,487,450,21,387,8
15,1000,70,5.13,10.3,18,37,94,944,34,11,11,56,7.996673086,390,468,571.524408,346.9538709,10.96986931,5.058942428,447,29,10,11,50,497,5,1,0,6,497,503,448,20,382,8
10,1000,70,5.13,10.3,18,37,100,950,31,10,9,50,7.751021812,390,470,1544.718145,912.8973765,10.39916819,4.893666366,475,27,9,8,44,475,4,1,1,6,519,481,446,24,381,9
11,1000,70,5.13,10.3,18,37,97,950,30,13,7,50,7.238316816,430,499,501.5228609,325.1827424,10.20048671,4.536681943,431,28,12,6,46,519,2,1,1,4,477,523,485,14,425,5
14,1000,70,5.13,10.3,18,37,97,952,31,11,6,48,7.463993505,394,474,505.9400418,287.5015891,10.4372626,4.43065837,462,27,11,5,43,490,4,0,1,5,505,495,452,22,382,12
12,1000,70,5.13,10.3,18,37,97,952,30,13,5,48,7.394605788,387,458,526.3833991,317.6454256,9.933291017,4.752300754,469,24,13,4,41,483,6,0,1,7,510,490,440,18,378,9
9,1000,70,5.13,10.3,18,37,98,942,34,13,11,58,7.862529718,360,444,764.8426577,435.4319626,10.41358417,5.098887399,473,26,11,10,47,469,8,2,1,11,520,480,423,21,354,6
13,1000,70,5.13,10.3,18,37,99,948,35,11,6,52,7.393581851,407,469,580.5156742,376.6721374,10.2659157,4.367899579,469,29,10,5,44,479,6,1,1,8,513,487,448,21,399,8
16,1000,70,5.13,10.3,18,37,76,953,26,11,10,47,7.869286087,316,393,161.2384488,91.58039873,9.529277111,6.092442692,480,19,9,9,37,473,7,2,1,10,517,483,381,12,300,16
15,1000,70,5.13,10.3,18,37,95,944,34,11,11,56,7.997396625,397,465,634.6364943,386.1241532,11.01148363,5.019262941,447,29,10,11,50,497,5,1,0,6,497,503,449,16,385,12
10,1000,70,5.13,10.3,18,37,101,948,32,11,9,52,7.773577729,392,466,1678.995086,998.4857525,10.49611042,4.835959296,473,28,10,8,46,475,4,1,1,6,519,481,448,18,388,4
11,1000,70,5.13,10.3,18,37,98,950,31,12,7,50,7.21722142,446,498,531.2540549,343.6719506,10.24019135,4.460134119,431,28,12,6,46,519,3,0,1,4,477,523,484,14,434,12
14,1000,70,5.13,10.3,18,37,98,953,30,11,6,47,7.500628342,412,466,535.9483335,306.6890257,10.53242861,4.407579585,462,27,11,5,43,491,3,0,1,4,505,495,445,21,401,11
12,1000,70,5.13,10.3,18,37,98,950,31,13,6,50,7.404057006,395,461,576.8826545,348.0461867,10.01615116,4.685346762,467,25,13,5,43,483,6,0,1,7,510,490,442,19,386,9
9,1000,70,5.13,10.3,18,37,99,940,35,14,11,60,7.885013418,366,436,889.8288126,495.4751608,10.45698127,5.098714907,472,27,11,10,48,468,8,3,1,12,520,480,423,13,355,11
13,1000,70,5.13,10.3,18,37,100,948,35,11,6,52,7.39636009,401,469,615.0691494,396.9381346,10.29633169,4.341564542,469,29,10,5,44,479,6,1,1,8,513,487,454,15,395,6
15,1000,70,5.13,10.3,18,37,96,944,34,11,11,56,7.99416092,403,467,690.5733885,419.6714126,11.07796046,4.947146266,447,29,10,11,50,497,5,1,0,6,497,503,453,14,395,8
10,1000,70,5.13,10.3,18,37,102,949,31,11,9,51,7.74902005,394,456,1816.955907,1088.675706,10.49070788,4.79073318,474,27,10,8,45,475,4,1,1,6,519,481,445,11,382,12
16,1000,70,5.13,10.3,18,37,77,953,26,10,11,47,7.877632647,321,412,168.8244779,95.79432978,9.600837594,6.033125488,480,19,8,10,37,473,7,2,1,10,517,483,386,26,308,13
11,1000,70,5.13,10.3,18,37,99,950,30,13,7,50,7.198493673,442,499,571.0915361,367.2578069,10.2811328,4.386985332,431,27,13,6,46,519,3,0,1,4,477,523,486,13,433,9
14,1000,70,5.13,10.3,18,37,99,953,30,11,6,47,7.476916917,419,462,573.0703723,329.546433,10.54814181,4.343647075,462,27,11,5,43,491,3,0,1,4,505,495,445,17,410,9
12,1000,70,5.13,10.3,18,37,99,949,31,14,6,51,7.372141486,400,467,610.0923213,370.7040063,10.05465785,4.580134654,466,26,13,5,44,483,5,1,1,7,510,490,445,22,390,10
9,1000,70,5.13,10.3,18,37,100,941,34,14,11,59,7.906055148,376,443,976.1376109,539.9371817,10.54753251,5.044454669,471,27,12,10,49,470,7,2,1,10,520,480,426,17,365,11
13,1000,70,5.13,10.3,18,37,101,948,34,11,7,52,7.410057648,401,467,663.0213371,424.0270053,10.3783503,4.283293516,469,28,10,6,44,479,6,1,1,8,513,487,454,13,397,4
15,1000,70,5.13,10.3,18,37,97,944,35,10,11,56,7.974363007,417,476,724.9078028,436.9481122,11.10835719,4.87775245,447,29,10,11,50,497,6,0,0,6,497,503,457,19,409,8
10,1000,70,5.13,10.3,18,37,103,949,31,11,9,51,7.72320147,392,453,1983.767611,1189.15403,10.51365672,4.712294452,473,28,10,8,46,476,3,1,1,5,519,481,436,17,382,10
16,1000,70,5.13,10.3,18,37,78,953,27,9,11,47,7.841931178,323,405,178.1729863,100.9848165,9.630487144,5.927472722,479,20,8,10,38,474,7,1,1,9,517,483,391,14,304,19
11,1000,70,5.13,10.3,18,37,100,950,30,14,6,50,7.160694103,429,492,609.3201724,395.7148017,10.32703759,4.272843543,431,27,14,5,46,519,3,0,1,4,477,523,483,9,424,5
14,1000,70,5.13,10.3,18,37,100,953,30,11,6,47,7.471728428,399,460,605.1493349,350.7197648,10.58804859,4.292452307,462,27,11,5,43,491,3,0,1,4,505,495,450,10,392,7
12,1000,70,5.13,10.3,18,37,100,950,30,14,6,50,7.336267451,407,453,657.0604426,399.0595559,10.10726259,4.452170471,466,26,13,5,44,484,4,1,1,6,510,490,440,13,399,8
9,1000,70,5.13,10.3,18,37,101,941,34,14,11,59,7.902975,387,445,1073.273275,593.1344488,10.6032764,4.977648481,471,27,12,10,49,470,7,2,1,10,520,480,430,15,380,7
13,1000,70,5.13,10.3,18,37,102,948,34,11,7,52,7.405778439,409,470,714.8429963,457.4472828,10.41723625,4.233544642,469,28,10,6,44,479,6,1,1,8,513,487,455,15,400,9
15,1000,70,5.13,10.3,18,37,98,943,36,10,11,57,7.965526655,403,481,779.5637011,470.5040455,11.14608235,4.822909999,446,30,10,11,51,497,6,0,0,6,497,503,465,16,396,7
10,1000,70,5.13,10.3,18,37,104,948,32,11,9,52,7.728192466,391,451,2083.659553,1247.949356,10.55716625,4.67572387,472,29,10,8,47,476,3,1,1,5,519,481,439,12,386,5
17,1000,70,5.13,10.3,18,37,0,946,26,13,15,54,7.119,103,175,17.52444825,9.036409165,6.242,7.996,483,9,3,5,17,463,17,10,10,37,500,500,101,74,67,36
11,1000,70,5.13,10.3,18,37,101,951,28,14,7,49,7.162851465,440,505,659.2220767,428.4238892,10.37815415,4.230347867,431,26,14,6,46,520,2,0,1,3,477,523,496,9,434,6
16,1000,70,5.13,10.3,18,37,79,952,28,9,11,48,7.810180976,320,419,190.4594302,107.6255217,9.641367816,5.850090715,479,20,8,10,38,473,8,1,1,10,517,483,398,21,309,11
14,1000,70,5.13,10.3,18,37,101,953,29,12,6,47,7.453786327,420,466,636.001285,368.2287087,10.60806882,4.235780952,462,26,12,5,43,491,3,0,1,4,505,495,452,14,407,13
12,1000,70,5.13,10.3,18,37,101,949,31,13,7,51,7.293939648,395,462,701.3457811,429.1759049,10.13528971,4.336616114,466,26,12,6,44,483,5,1,1,7,510,490,448,14,387,8
9,1000,70,5.13,10.3,18,37,102,941,33,15,11,59,7.934105366,391,450,1177.465982,651.3573691,10.66215378,4.978719578,471,26,13,10,49,470,7,2,1,10,520,480,428,22,383,8
13,1000,70,5.13,10.3,18,37,103,947,35,11,7,53,7.394608143,425,474,778.9663928,497.5323493,10.43250081,4.194528183,469,28,10,6,44,478,7,1,1,9,513,487,461,13,414,11
15,1000,70,5.13,10.3,18,37,99,942,36,11,11,58,7.944015461,424,474,817.0361134,491.0659164,11.20690058,4.720051433,445,30,11,11,52,497,6,0,0,6,497,503,460,14,410,14
17,1000,70,5.13,10.3,18,37,1,946,26,13,15,54,7.116354142,87,188,17.56923252,9.101439274,6.268668048,7.964040237,483,9,3,5,17,463,17,10,10,37,500,500,106,82,45,42
11,1000,70,5.13,10.3,18,37,102,951,28,14,7,49,7.126194543,457,518,718.0154228,471.6207546,10.37416441,4.16389698,431,26,14,6,46,520,2,0,1,3,477,523,499,19,447,10
14,1000,70,5.13,10.3,18,37,102,952,30,12,6,48,7.425861449,419,480,664.2712649,384.1147727,10.61566544,4.171616977,461,27,12,5,44,491,3,0,1,4,505,495,460,20,410,9
16,1000,70,5.13,10.3,18,37,80,951,28,10,11,49,7.820913594,329,416,200.3631908,113.0488911,9.696150455,5.813672483,478,20,9,10,39,473,8,1,1,10,517,483,397,19,315,14
12,1000,70,5.13,10.3,18,37,102,946,34,13,7,54,7.29300676,405,461,737.1297809,451.3279376,10.21431336,4.252463152,464,28,12,6,46,482,6,1,1,8,510,490,447,14,399,6
9,1000,70,5.13,10.3,18,37,103,941,32,16,11,59,7.958487761,385,433,1279.598719,705.2591128,10.70644251,4.981536778,471,25,14,10,49,470,7,2,1,10,520,480,421,12,376,9
13,1000,70,5.13,10.3,18,37,104,945,37,10,8,55,7.401152176,420,471,824.7658433,525.1347765,10.44790529,4.191738726,468,29,10,6,45,477,8,0,2,10,513,487,455,16,409,11
18,1000,70,5.13,10.3,18,37,0,940,29,15,16,60,7.291,100,192,17.38764221,9.032970007,6.429126214,8.206185567,495,12,6,2,20,445,17,9,14,40,515,485,106,86,68,32
15,1000,70,5.13,10.3,18,37,100,943,34,12,11,57,7.928991011,418,479,885.0485858,528.6732631,11.28358779,4.614409302,444,30,12,11,53,499,4,0,0,4,497,503,463,16,412,6
17,1000,70,5.13,10.3,18,37,2,947,27,11,15,53,7.133689329,107,172,17.62188948,9.152400181,6.336751362,7.930627295,482,10,3,5,18,465,17,8,10,35,500,500,103,69,67,40
11,1000,70,5.13,10.3,18,37,103,950,29,14,7,50,7.116898177,457,512,773.3958006,516.3996321,10.39484131,4.127263617,431,26,14,6,46,519,3,0,1,4,477,523,498,14,450,7
14,1000,70,5.13,10.3,18,37,103,952,30,12,6,48,7.42112266,412,472,703.7346886,407.2810011,10.62973974,4.14768503,461,27,12,5,44,491,3,0,1,4,505,495,460,12,407,5
12,1000,70,5.13,10.3,18,37,103,946,34,13,7,54,7.29245592,406,457,786.2851161,478.9966736,10.27891115,4.18410456,463,29,12,6,47,483,5,1,1,7,510,490,448,9,401,5
16,1000,70,5.13,10.3,18,37,81,953,26,10,11,47,7.804041646,325,410,208.7355287,117.7832546,9.733382926,5.738887523,478,20,9,10,39,475,6,1,1,8,517,483,393,17,314,11
9,1000,70,5.13,10.3,18,37,104,941,30,18,11,59,7.994861241,392,444,1401.186574,765.0038061,10.78552053,4.971647011,471,23,16,10,49,470,7,2,1,10,520,480,427,17,385,7
15,1000,70,5.13,10.3,18,37,101,943,33,13,11,57,7.94721371,416,483,929.7304056,550.9183842,11.34823268,4.58676356,444,29,13,11,53,499,4,0,0,4,497,503,472,11,409,7
19,1000,70,5.13,10.3,18,37,0,947,30,12,11,53,7.174,111,188,17.44467874,8.767721166,6.075144509,8.35966736,505,9,4,1,14,442,21,8,10,39,519,481,94,94,76,35
18,1000,70,5.13,10.3,18,37,1,943,29,14,14,57,7.301390625,98,185,17.40256971,9.090214575,6.457615084,8.197358467,496,12,7,0,19,447,17,7,14,38,515,485,109,76,72,26
17,1000,70,5.13,10.3,18,37,3,949,26,11,14,51,7.145821044,112,176,17.68513853,9.207212706,6.38482071,7.906821378,482,10,3,5,18,467,16,8,9,33,500,500,108,68,75,37
11,1000,70,5.13,10.3,18,37,104,949,30,14,7,51,7.082423726,447,508,820.4837807,543.289372,10.40889964,4.048525047,430,27,14,6,47,519,3,0,1,4,477,523,495,13,440,7
20,1000,70,5.13,10.3,18,37,0,929,29,21,21,71,7.582,123,191,17.50970911,9.283409763,7.159919028,7.994071146,467,10,9,8,27,462,19,12,13,44,494,506,104,87,76,47
14,1000,70,5.13,10.3,18,37,104,954,29,12,5,46,7.424763837,418,469,748.5149265,429.9487037,10.6510646,4.133285278,462,26,12,5,43,492,3,0,0,3,505,495,462,7,413,5
21,1000,70,5.13,10.3,18,37,0,935,31,18,16,65,7.255,83,171,17.45875437,9.269252969,6.305050505,8.186138614,475,14,4,2,20,460,17,14,14,45,495,505,99,72,62,21
12,1000,70,5.13,10.3,18,37,104,944,36,13,7,56,7.289632751,410,461,831.1474472,504.8195687,10.34870397,4.105701483,461,31,12,6,49,483,5,1,1,7,510,490,451,10,397,13
22,1000,70,5.13,10.3,18,37,0,935,34,14,17,65,7.166,109,194,17.5388668,9.26184996,6.208163265,8.08627451,476,10,0,4,14,459,24,14,13,51,490,510,120,74,78,31
15,1000,70,5.13,10.3,18,37,102,941,35,12,12,59,7.958754954,427,471,1001.549162,592.8957841,11.41008108,4.548597732,443,30,12,12,54,498,5,0,0,5,497,503,463,8,423,4
16,1000,70,5.13,10.3,18,37,82,953,26,10,11,47,7.81284426,339,438,221.2571662,124.6257277,9.780923388,5.706225399,478,20,9,10,39,475,6,1,1,8,517,483,407,31,331,8
19,1000,70,5.13,10.3,18,37,1,947,30,13,10,53,7.182233326,86,177,17.48605291,8.842570642,6.119670282,8.328741059,504,9,5,1,15,443,21,8,9,38,519,481,87,90,63,23
18,1000,70,5.13,10.3,18,37,2,944,28,14,14,56,7.318293515,89,187,17.46674183,9.176642465,6.483275115,8.204962537,496,12,7,0,19,448,16,7,14,37,515,485,105,82,68,21
17,1000,70,5.13,10.3,18,37,4,949,26,11,14,51,7.190500338,96,177,17.74550689,9.267105477,6.514939106,7.86606157,482,10,3,5,18,467,16,8,9,33,500,500,104,73,64,32
20,1000,70,5.13,10.3,18,37,1,932,29,18,21,68,7.627774669,106,176,17.5350179,9.32928895,7.25045746,7.996143644,466,11,9,8,28,466,18,9,13,40,494,506,100,76,74,32
21,1000,70,5.13,10.3,18,37,1,936,30,18,16,64,7.256286771,98,167,17.48785466,9.312520811,6.334663926,8.159659658,476,13,4,2,19,460,17,14,14,45,495,505,91,76,60,38
15,1000,70,5.13,10.3,18,37,103,941,35,12,12,59,7.927660693,428,477,1077.517464,639.5694826,11.45213337,4.445229437,442,31,12,12,55,499,4,0,0,4,497,503,468,9,421,7
22,1000,70,5.13,10.3,18,37,1,935,34,13,18,65,7.19875177,96,200,17.58890433,9.32112091,6.213809685,8.145068675,476,10,0,4,14,459,24,13,14,51,490,510,114,86,67,29
19,1000,70,5.13,10.3,18,37,2,946,31,13,10,54,7.217276126,105,187,17.51045179,8.890338268,6.172873708,8.344188506,503,10,5,1,16,443,21,8,9,38,519,481,101,86,70,35
16,1000,70,5.13,10.3,18,37,83,952,27,10,11,48,7.816618784,338,433,230.8085639,130.1545157,9.827901454,5.66375514,477,21,9,10,40,475,6,1,1,8,517,483,406,27,330,8
18,1000,70,5.13,10.3,18,37,3,945,27,14,14,55,7.342264596,93,174,17.48179328,9.221706109,6.512886055,8.222944902,498,10,7,0,17,447,17,7,14,38,515,485,95,79,59,34
17,1000,70,5.13,10.3,18,37,5,949,24,13,14,51,7.205925913,96,192,17.88157991,9.393883317,6.533930169,7.877921658,482,9,4,5,18,467,15,9,9,33,500,500,106,86,74,22
20,1000,70,5.13,10.3,18,37,2,935,28,17,20,65,7.629697325,110,184,17.59992631,9.411000296,7.235772107,8.014280443,467,11,8,8,27,468,17,9,12,38,494,506,105,79,81,29
21,1000,70,5.13,10.3,18,37,2,940,27,17,16,60,7.229474938,99,188,17.59944714,9.419755674,6.312310853,8.128477357,478,11,4,2,17,462,16,13,14,43,495,505,115,73,69,30
22,1000,70,5.13,10.3,18,37,2,935,35,13,17,65,7.212672923,107,191,17.6294199,9.375994372,6.264190011,8.123960427,476,10,0,4,14,459,25,13,13,51,490,510,115,76,78,29
15,1000,70,5.13,10.3,18,37,104,941,35,12,12,59,7.903670761,432,474,1122.211504,663.7827044,11.46009761,4.389666499,442,31,12,12,55,499,4,0,0,4,497,503,462,12,423,9
23,1000,70,5.13,10.3,18,37,0,958,18,10,14,42,6.903,79,195,17.42066501,8.550091386,6.486381323,7.343621399,502,5,3,4,12,456,13,7,10,30,514,486,109,86,52,27
19,1000,70,5.13,10.3,18,37,3,949,29,12,10,51,7.198334257,103,182,17.56020073,8.948643634,6.146496059,8.33326986,504,9,5,1,15,445,20,7,9,36,519,481,100,82,76,27
18,1000,70,5.13,10.3,18,37,4,946,26,14,14,54,7.324673216,100,198,17.55261651,9.271136303,6.507317954,8.192586535,499,9,7,0,16,447,17,7,14,38,515,485,108,90,60,40
16,1000,70,5.13,10.3,18,37,84,953,25,11,11,47,7.809441087,355,433,243.4673678,137.3610683,9.934238834,5.535071656,476,21,10,10,41,477,4,1,1,6,517,483,412,21,346,9
17,1000,70,5.13,10.3,18,37,6,948,26,12,14,52,7.251392187,95,175,18.0079405,9.472153723,6.599112687,7.903671687,481,10,4,5,19,467,16,8,9,33,500,500,108,67,78,17
20,1000,70,5.13,10.3,18,37,3,935,28,17,20,65,7.673448153,102,186,17.64396878,9.480298084,7.27924242,8.058305134,467,11,8,8,27,468,17,9,12,38,494,506,123,63,71,31
21,1000,70,5.13,10.3,18,37,3,942,25,17,16,58,7.21118561,108,204,17.62619713,9.458942159,6.317676578,8.087001395,478,11,4,2,17,464,14,13,14,41,495,505,124,80,75,33
22,1000,70,5.13,10.3,18,37,3,939,32,13,16,61,7.162597811,97,172,17.72679456,9.479501295,6.302085587,7.989364459,476,10,0,4,14,463,22,13,12,47,490,510,97,75,68,29
23,1000,70,5.13,10.3,18,37,1,961,17,8,14,39,6.896979433,107,195,17.44176127,8.622917538,6.500123451,7.316699546,503,4,3,4,11,458,13,5,10,28,514,486,117,78,88,19
19,1000,70,5.13,10.3,18,37,4,949,29,13,9,51,7.218277234,92,169,17.65117029,9.060889506,6.19073209,8.327000581,504,9,5,1,15,445,20,8,8,36,519,481,92,77,69,23
18,1000,70,5.13,10.3,18,37,5,947,24,14,15,53,7.328202437,111,174,17.64330527,9.357060974,6.515536554,8.191136313,499,9,6,1,16,448,15,8,14,37,515,485,106,68,80,31
16,1000,70,5.13,10.3,18,37,85,954,24,10,12,46,7.823326332,335,441,266.0432637,148.9338652,10.00230883,5.4909579,476,21,9,11,41,478,3,1,1,5,517,483,419,22,326,9
17,1000,70,5.13,10.3,18,37,7,950,24,12,14,50,7.252104687,94,182,18.13129293,9.555765629,6.613892479,7.890316894,481,10,4,5,19,469,14,8,9,31,500,500,114,68,70,24
20,1000,70,5.13,10.3,18,37,4,936,29,15,20,64,7.688200292,111,204,17.75976457,9.609779215,7.281473989,8.085280911,467,11,8,8,27,469,18,7,12,37,494,506,123,81,68,43
21,1000,70,5.13,10.3,18,37,4,945,23,15,17,55,7.184955434,114,178,17.74402423,9.541455592,6.313219432,8.039429336,479,11,3,2,16,466,12,12,15,39,495,505,98,80,80,34
22,1000,70,5.13,10.3,18,37,4,938,33,13,16,62,7.167635313,119,187,17.80512926,9.54290816,6.330570445,7.971874108,476,10,0,4,14,462,23,13,12,48,490,510,116,71,84,35
23,1000,70,5.13,10.3,18,37,2,961,16,9,14,39,6.927059744,97,154,17.50369492,8.670747799,6.513659449,7.36427734,503,4,3,4,11,458,12,6,10,28,514,486,84,70,58,39
19,1000,70,5.13,10.3,18,37,5,951,26,14,9,49,7.232303899,82,186,17.72757149,9.140173228,6.186435704,8.360797855,505,8,5,1,14,446,18,9,8,35,519,481,106,80,61,21
18,1000,70,5.13,10.3,18,37,6,949,22,14,15,51,7.3402553,109,179,17.714859,9.456202222,6.548292145,8.181205865,499,9,6,1,16,450,13,8,14,35,515,485,103,76,83,26
17,1000,70,5.13,10.3,18,37,8,950,24,12,14,50,7.265105609,96,211,18.18901623,9.626063516,6.648976707,7.881234511,481,10,4,5,19,469,14,8,9,31,500,500,145,66,73,23
16,1000,70,5.13,10.3,18,37,86,954,24,10,12,46,7.767633413,355,436,287.3564606,160.0973998,10.0232562,5.353229723,476,21,9,11,41,478,3,1,1,5,517,483,414,22,348,7
20,1000,70,5.13,10.3,18,37,5,937,29,13,21,63,7.697230466,107,174,17.85357464,9.712740665,7.324458684,8.061161811,467,11,8,8,27,470,18,5,13,36,494,506,106,68,80,27
21,1000,70,5.13,10.3,18,37,5,947,22,14,17,53,7.207323082,108,177,17.88977136,9.642802245,6.36478494,8.033177302,479,11,3,2,16,468,11,11,15,37,495,505,102,75,79,29
22,1000,70,5.13,10.3,18,37,5,939,32,13,16,61,7.194455956,81,176,17.91908822,9.610988886,6.369469571,7.987089933,476,10,0,4,14,463,22,13,12,47,490,510,102,74,63,18
18,1000,70,5.13,10.3,18,37,7,949,22,14,15,51,7.362451632,95,177,17.80135073,9.538545702,6.592546504,8.179979759,499,9,6,1,16,450,13,8,14,35,515,485,115,62,64,31
19,1000,70,5.13,10.3,18,37,6,951,25,16,8,49,7.214763579,94,182,17.75271367,9.169917046,6.212912263,8.295763232,504,9,5,1,15,447,16,11,7,34,519,481,100,82,68,26
23,1000,70,5.13,10.3,18,37,3,960,16,10,14,40,7.000583764,100,155,17.51517815,8.712244163,6.64469961,7.376971532,502,4,4,4,12,458,12,6,10,28,514,486,87,68,73,27
17,1000,70,5.13,10.3,18,37,9,950,23,13,14,50,7.279908188,106,183,18.31355059,9.710661918,6.669427435,7.890388941,481,9,5,5,19,469,14,8,9,31,500,500,112,71,77,29
20,1000,70,5.13,10.3,18,37,6,937,29,13,21,63,7.689962386,118,190,17.9054417,9.783562426,7.35894231,8.013132184,467,11,8,8,27,470,18,5,13,36,494,506,109,81,89,29
21,1000,70,5.13,10.3,18,37,6,946,23,14,17,54,7.226715687,97,191,18.01211458,9.744074386,6.376729545,8.05987042,478,12,3,2,17,468,11,11,15,37,495,505,116,75,60,37
16,1000,70,5.13,10.3,18,37,87,953,25,10,12,47,7.751530001,346,439,304.9474495,170.4077414,10.05706297,5.283702787,475,22,9,11,42,478,3,1,1,5,517,483,422,17,338,8
22,1000,70,5.13,10.3,18,37,6,942,31,10,17,58,7.193550242,92,192,18.01476468,9.679539222,6.393198563,7.962515581,476,10,0,4,14,466,21,10,13,44,490,510,121,71,65,27
18,1000,70,5.13,10.3,18,37,8,950,23,12,15,50,7.33140263,119,173,17.88151838,9.602379593,6.563483059,8.14682238,500,9,5,1,15,450,14,7,14,35,515,485,115,58,96,23
19,1000,70,5.13,10.3,18,37,7,951,24,17,8,49,7.236802674,103,174,17.80669501,9.210512181,6.250460687,8.301067729,504,9,5,1,15,447,15,12,7,34,519,481,108,66,76,27
23,1000,70,5.13,10.3,18,37,4,961,15,10,14,39,7.015414948,86,153,17.60599147,8.785024025,6.672060957,7.378550651,502,4,4,4,12,459,11,6,10,27,514,486,96,57,64,22
17,1000,70,5.13,10.3,18,37,10,950,23,13,14,50,7.307044119,100,167,18.45825976,9.857334844,6.674205041,7.939883197,481,9,5,5,19,469,14,8,9,31,500,500,106,61,68,32
21,1000,70,5.13,10.3,18,37,7,947,23,13,17,53,7.23038468,95,187,18.10501345,9.836289387,6.401038891,8.043307781,478,12,3,2,17,469,11,10,15,36,495,505,113,74,72,23
20,1000,70,5.13,10.3,18,37,7,935,32,13,20,65,7.721722454,112,183,17.99272686,9.881011015,7.370192824,8.064915413,468,11,8,7,26,467,21,5,13,39,494,506,116,67,81,31
16,1000,70,5.13,10.3,18,37,88,951,27,10,12,49,7.784289669,346,429,317.3021985,177.9750166,10.11585866,5.288593668,474,23,9,11,43,477,4,1,1,6,517,483,418,11,331,15
22,1000,70,5.13,10.3,18,37,7,945,29,11,15,55,7.186849351,100,194,18.08642159,9.777162845,6.415820337,7.927641933,476,10,0,4,14,469,19,11,11,41,490,510,122,72,73,27
18,1000,70,5.13,10.3,18,37,9,952,23,10,15,48,7.325231135,92,177,17.88597782,9.658530478,6.571544514,8.125537547,501,9,4,1,14,451,14,6,14,34,515,485,112,65,55,37
19,1000,70,5.13,10.3,18,37,8,952,23,17,8,48,7.253286339,89,193,17.89498142,9.31326752,6.261243069,8.323703089,505,9,4,1,14,447,14,13,7,34,519,481,112,81,61,28
23,1000,70,5.13,10.3,18,37,5,961,15,10,14,39,7.039799941,94,193,17.6566447,8.869289555,6.714014767,7.384354632,502,4,4,4,12,459,11,6,10,27,514,486,116,77,67,27
17,1000,70,5.13,10.3,18,37,11,949,23,14,14,51,7.360849298,98,188,18.665742,10.01709207,6.747474187,7.974224409,480,9,6,5,20,469,14,8,9,31,500,500,128,60,76,22
21,1000,70,5.13,10.3,18,37,8,946,24,13,17,54,7.250567008,87,216,18.21447844,9.937909851,6.416712967,8.067909089,479,11,3,2,16,467,13,10,15,38,495,505,131,85,66,21
20,1000,70,5.13,10.3,18,37,8,934,33,13,20,66,7.77151649,97,174,18.10249285,9.970390012,7.433801085,8.101222833,467,12,8,7,27,467,21,5,13,39,494,506,105,69,72,25
16,1000,70,5.13,10.3,18,37,89,949,29,10,12,51,7.764399401,354,441,330.6195144,185.9607591,10.14851588,5.212456911,473,24,9,11,44,476,5,1,1,7,517,483,417,24,344,10
22,1000,70,5.13,10.3,18,37,8,946,28,11,15,54,7.197731376,100,179,18.1588919,9.840146043,6.45204808,7.914172191,476,10,0,4,14,470,18,11,11,40,490,510,113,66,80,20
18,1000,70,5.13,10.3,18,37,10,953,23,9,15,47,7.351219232,91,192,17.97573402,9.757518005,6.642093634,8.10420827,501,9,4,1,14,452,14,5,14,33,515,485,127,65,63,28
19,1000,70,5.13,10.3,18,37,9,952,22,18,8,48,7.277127835,99,189,17.96104876,9.381187137,6.284057684,8.348652593,505,9,4,1,14,447,13,14,7,34,519,481,121,68,69,30
23,1000,70,5.13,10.3,18,37,6,963,14,9,14,37,7.063588655,91,173,17.71122875,8.916927632,6.768230789,7.375963024,502,4,4,4,12,461,10,5,10,25,514,486,103,70,62,29
17,1000,70,5.13,10.3,18,37,12,950,23,14,13,50,7.371041212,108,181,18.76662668,10.10066126,6.774064015,7.968018409,480,9,6,5,20,470,14,8,8,30,500,500,130,51,75,33
21,1000,70,5.13,10.3,18,37,9,946,24,13,17,54,7.27068983,87,180,18.32752053,10.06028915,6.467727361,8.057752053,479,11,3,2,16,467,13,10,15,38,495,505,107,73,65,22
20,1000,70,5.13,10.3,18,37,9,934,33,14,19,66,7.754194043,118,178,18.26730942,10.07574874,7.449972717,8.051200633,467,12,8,7,27,467,21,6,12,39,494,506,115,63,88,30
22,1000,70,5.13,10.3,18,37,9,946,30,10,14,54,7.202051595,100,167,18.22339693,9.917523749,6.473969887,7.901581079,476,10,0,4,14,470,20,10,10,40,490,510,108,59,75,25
18,1000,70,5.13,10.3,18,37,11,955,22,8,15,45,7.31511828,99,223,18.07012559,9.823354873,6.641720335,8.030169705,501,9,4,1,14,454,13,4,14,31,515,485,130,93,71,28
16,1000,70,5.13,10.3,18,37,90,949,29,10,12,51,7.750593379,357,436,344.8775333,194.6438553,10.18400482,5.145885892,472,25,9,11,45,477,4,1,1,6,517,483,420,16,344,13
19,1000,70,5.13,10.3,18,37,10,954,22,16,8,46,7.240393089,96,198,18.02725861,9.482124522,6.297499696,8.257777022,505,9,4,1,14,449,13,12,7,32,519,481,115,83,71,25
23,1000,70,5.13,10.3,18,37,7,963,13,10,14,37,7.100549353,102,202,17.74472373,8.959225929,6.796784668,7.421814884,502,4,4,4,12,461,9,6,10,25,514,486,126,76,72,30
17,1000,70,5.13,10.3,18,37,13,950,23,14,13,50,7.374211719,85,191,18.94696235,10.25888889,6.777296784,7.971126654,480,9,6,5,20,470,14,8,8,30,500,500,130,61,60,25
21,1000,70,5.13,10.3,18,37,10,945,24,14,17,55,7.289856322,109,185,18.4529238,10.1850955,6.502199742,8.061915742,479,11,3,2,16,466,13,11,15,39,495,505,114,71,83,26
20,1000,70,5.13,10.3,18,37,10,934,33,13,20,66,7.787763907,107,181,18.39699072,10.17621634,7.506833882,8.06203156,467,12,7,8,27,467,21,6,12,39,494,506,115,66,79,28
22,1000,70,5.13,10.3,18,37,10,947,30,10,13,53,7.232166388,118,179,18.38006116,10.03204094,6.529859475,7.906931853,476,10,0,4,14,471,20,10,9,39,490,510,108,71,86,32
18,1000,70,5.13,10.3,18,37,12,955,23,7,15,45,7.338416333,107,196,18.19081683,9.925083145,6.676882129,8.040870178,501,9,4,1,14,454,14,3,14,31,515,485,120,76,77,30
19,1000,70,5.13,10.3,18,37,11,954,22,15,9,46,7.27394333,106,196,18.11991983,9.517960062,6.305615527,8.318771042,505,9,4,1,14,449,13,11,8,32,519,481,118,78,71,35
16,1000,70,5.13,10.3,18,37,91,950,28,10,12,50,7.748334636,362,431,355.8365776,200.7747217,10.21099448,5.112319851,472,25,9,11,45,478,3,1,1,5,517,483,418,13,351,11
17,1000,70,5.13,10.3,18,37,14,953,20,14,13,47,7.377813118,107,179,19.10403669,10.37269346,6.7932683,7.962357935,482,7,6,5,18,471,13,8,8,29,500,500,119,60,80,27
21,1000,70,5.13,10.3,18,37,11,946,22,14,18,54,7.307446793,116,180,18.6253976,10.33227227,6.522954385,8.076404699,479,11,3,2,16,467,11,11,16,38,495,505,113,67,89,27
23,1000,70,5.13,10.3,18,37,8,965,12,9,14,35,7.111069426,102,169,17.83095681,9.03058249,6.828831745,7.409567713,502,4,4,4,12,463,8,5,10,23,514,486,108,61,76,26
20,1000,70,5.13,10.3,18,37,11,935,33,13,19,65,7.786782239,96,178,18.53133768,10.28467328,7.525747745,8.041626191,467,12,7,8,27,468,21,6,11,38,494,506,119,59,66,30
18,1000,70,5.13,10.3,18,37,13,955,23,7,15,45,7.390914287,93,195,18.31430694,10.03775125,6.718256073,8.105180225,501,9,4,1,14,454,14,3,14,31,515,485,121,74,69,24
22,1000,70,5.13,10.3,18,37,11,948,28,11,13,52,7.257590133,114,181,18.50477511,10.15125109,6.555463203,7.932182673,477,9,0,4,13,471,19,11,9,39,490,510,123,58,90,24
19,1000,70,5.13,10.3,18,37,12,957,20,15,8,43,7.271469003,103,197,18.17614135,9.571122709,6.347095232,8.268870223,505,9,4,1,14,452,11,11,7,29,519,481,123,74,75,28
16,1000,70,5.13,10.3,18,37,92,952,27,9,12,48,7.743299487,361,440,373.9898082,211.7345136,10.2495638,5.060610773,472,25,9,11,45,480,2,0,1,3,517,483,422,18,358,3
17,1000,70,5.13,10.3,18,37,15,954,20,14,12,46,7.395480118,110,211,19.28708904,10.50544611,6.831372243,7.959587993,482,7,6,5,18,472,13,8,7,28,500,500,147,64,83,27
21,1000,70,5.13,10.3,18,37,12,947,21,14,18,53,7.332151888,120,182,18.80748395,10.47247826,6.586857084,8.062688379,479,10,4,2,16,468,11,10,16,37,495,505,124,58,89,31
23,1000,70,5.13,10.3,18,37,9,963,15,9,13,37,7.10266858,115,183,17.88313036,9.097289938,6.833625902,7.38721166,502,4,4,4,12,461,11,5,9,25,514,486,115,68,87,28
20,1000,70,5.13,10.3,18,37,12,935,32,14,19,65,7.781484322,104,187,18.75138356,10.46639441,7.526857334,8.030072725,467,12,7,8,27,468,20,7,11,38,494,506,120,67,82,22
18,1000,70,5.13,10.3,18,37,14,955,24,7,14,45,7.39805189,108,175,18.50847446,10.19973988,6.756471702,8.079317451,501,9,4,1,14,454,15,3,13,31,515,485,112,63,81,27
22,1000,70,5.13,10.3,18,37,12,949,27,11,13,51,7.270967011,108,176,18.59111541,10.24764256,6.61053856,7.905496307,477,9,0,4,13,472,18,11,9,38,490,510,114,62,80,28
19,1000,70,5.13,10.3,18,37,13,957,20,15,8,43,7.285872096,102,167,18.27675827,9.679448887,6.352785361,8.292674623,505,9,4,1,14,452,11,11,7,29,519,481,99,68,76,26
17,1000,70,5.13,10.3,18,37,16,954,21,13,12,46,7.409648483,119,192,19.51673978,10.6623204,6.852396427,7.966900538,483,7,5,5,17,471,14,8,7,29,500,500,132,60,92,27
21,1000,70,5.13,10.3,18,37,13,947,22,14,17,53,7.31122303,113,201,18.96506569,10.58830092,6.663206679,7.946407374,479,10,4,2,16,468,12,10,15,37,495,505,129,72,81,32
23,1000,70,5.13,10.3,18,37,10,963,15,9,13,37,7.153008503,86,195,17.94004562,9.164477258,6.863678226,7.459008013,502,4,4,4,12,461,11,5,9,25,514,486,129,66,57,29
16,1000,70,5.13,10.3,18,37,93,951,27,10,12,49,7.730173712,367,461,396.8829568,224.2355332,10.2846627,4.995865625,471,25,10,11,46,480,2,0,1,3,517,483,437,24,356,11
20,1000,70,5.13,10.3,18,37,13,936,32,14,18,64,7.845896526,109,187,19.00761947,10.64822984,7.643170054,8.043815256,467,12,7,8,27,469,20,7,10,37,494,506,120,67,79,30
18,1000,70,5.13,10.3,18,37,15,956,24,7,13,44,7.40872432,105,206,18.64687766,10.31221442,6.799445038,8.05569098,501,9,4,1,14,455,15,3,12,30,515,485,136,70,76,29
22,1000,70,5.13,10.3,18,37,13,954,23,10,13,46,7.231176313,99,203,18.70221134,10.33636367,6.631304617,7.807523629,477,9,0,4,13,477,14,10,9,33,490,510,133,70,73,26
17,1000,70,5.13,10.3,18,37,17,954,21,13,12,46,7.430258977,102,206,19.74259203,10.84078143,6.870769545,7.989748409,483,7,5,5,17,471,14,8,7,29,500,500,139,67,83,19
19,1000,70,5.13,10.3,18,37,14,958,20,13,9,42,7.326504225,86,199,18.36980202,9.78594471,6.397345967,8.329067917,505,9,4,1,14,453,11,9,8,28,519,481,122,77,63,23
21,1000,70,5.13,10.3,18,37,14,947,23,12,18,53,7.311888545,123,200,19.16350439,10.77394306,6.68991225,7.921548476,479,10,4,2,16,468,13,8,16,37,495,505,140,60,102,21
23,1000,70,5.13,10.3,18,37,11,965,14,9,12,35,7.162781911,90,181,17.99614263,9.2414219,6.895193722,7.445786705,502,4,4,4,12,463,10,5,8,23,514,486,109,72,58,32
16,1000,70,5.13,10.3,18,37,94,951,26,11,12,49,7.714154258,372,442,421.4468016,238.6017635,10.31812869,4.926877277,471,24,11,11,46,480,2,0,1,3,517,483,423,19,365,7
20,1000,70,5.13,10.3,18,37,14,939,30,12,19,61,7.851156239,109,186,19.1901318,10.77896615,7.688198004,8.010249852,467,12,6,9,27,472,18,6,10,34,494,506,130,56,85,24
18,1000,70,5.13,10.3,18,37,16,954,26,7,13,46,7.444285983,97,184,18.79764286,10.43132634,6.843362849,8.08237962,500,10,4,1,15,454,16,3,12,31,515,485,131,53,80,17
22,1000,70,5.13,10.3,18,37,14,954,23,10,13,46,7.257660849,121,198,18.8266951,10.44315122,6.643434962,7.847799446,477,9,0,4,13,477,14,10,9,33,490,510,124,74,89,32
17,1000,70,5.13,10.3,18,37,18,954,21,13,12,46,7.45539055,116,182,20.01830582,11.08737333,6.922939956,7.987841144,483,7,5,5,17,471,14,8,7,29,500,500,133,49,86,30
21,1000,70,5.13,10.3,18,37,15,949,22,10,19,51,7.33183457,110,200,19.45603793,11.00410025,6.740395117,7.911562351,479,10,3,3,16,470,12,7,16,35,495,505,135,65,84,26
23,1000,70,5.13,10.3,18,37,12,965,14,9,12,35,7.161196067,103,193,18.07866999,9.314942969,6.889934765,7.448085593,503,3,4,4,11,462,11,5,8,24,514,486,117,76,80,23
19,1000,70,5.13,10.3,18,37,15,956,23,12,9,44,7.340096549,110,197,18.50929638,9.90741969,6.441574121,8.309604118,504,10,4,1,15,452,13,8,8,29,519,481,119,78,88,22
20,1000,70,5.13,10.3,18,37,15,938,31,12,19,62,7.881087932,103,178,19.38459232,10.92548419,7.712469036,8.045707961,466,13,6,9,28,472,18,6,10,34,494,506,126,52,73,30
16,1000,70,5.13,10.3,18,37,95,949,28,11,12,51,7.699647683,376,450,437.5163732,248.7415838,10.3519217,4.860671145,469,26,11,11,48,480,2,0,1,3,517,483,430,20,365,11
18,1000,70,5.13,10.3,18,37,17,956,26,6,12,44,7.409313492,102,193,19.00380951,10.590864,6.852796541,8.000254173,500,10,4,1,15,456,16,2,11,29,515,485,122,71,82,20
22,1000,70,5.13,10.3,18,37,15,956,21,10,13,44,7.270049572,105,203,18.96134044,10.5745436,6.679470708,7.837468481,477,9,0,4,13,479,12,10,9,31,490,510,133,70,81,24
17,1000,70,5.13,10.3,18,37,19,955,21,12,12,45,7.454604788,105,218,20.27805861,11.29230932,6.931071376,7.9781382,483,7,5,5,17,472,14,7,7,28,500,500,162,56,87,18
21,1000,70,5.13,10.3,18,37,16,949,23,10,18,51,7.361689041,137,180,19.6502664,11.12952103,6.775999541,7.935780729,478,11,3,3,17,471,12,7,15,34,495,505,129,51,105,32
23,1000,70,5.13,10.3,18,37,13,964,15,9,12,36,7.179083953,97,197,18.14294093,9.369383875,6.958581713,7.412290025,501,4,4,5,13,463,11,5,7,23,514,486,131,66,78,19
19,1000,70,5.13,10.3,18,37,16,958,21,11,10,42,7.398817833,105,185,18.57034937,9.972250283,6.511570461,8.356159592,504,10,4,1,15,454,11,7,9,27,519,481,113,72,83,22
20,1000,70,5.13,10.3,18,37,16,938,33,11,18,62,7.879026233,111,200,19.55972534,11.06776363,7.739391906,8.015349073,466,14,5,9,28,472,19,6,9,34,494,506,134,66,80,31
18,1000,70,5.13,10.3,18,37,18,956,26,5,13,44,7.436610897,114,207,19.25681651,10.82215951,6.890478144,8.016525058,500,10,3,2,15,456,16,2,11,29,515,485,154,53,93,21
16,1000,70,5.13,10.3,18,37,96,949,28,11,12,51,7.715561353,380,442,459.9986496,261.8882642,10.39256299,4.850116535,469,26,11,11,48,480,2,0,1,3,517,483,428,14,372,8
22,1000,70,5.13,10.3,18,37,16,956,21,10,13,44,7.287262271,93,186,19.07741576,10.65789737,6.70353647,7.848096864,477,9,0,4,13,479,12,10,9,31,490,510,132,54,74,19
17,1000,70,5.13,10.3,18,37,20,955,20,13,12,45,7.487385695,119,208,20.60887984,11.50080754,6.987754789,7.987016601,482,7,6,5,18,473,13,7,7,27,500,500,146,62,103,16
21,1000,70,5.13,10.3,18,37,17,949,23,10,18,51,7.395040169,109,194,19.9093559,11.3268115,6.808808333,7.969663454,478,11,3,3,17,471,12,7,15,34,495,505,135,59,89,20
23,1000,70,5.13,10.3,18,37,14,967,13,8,12,33,7.174817621,103,193,18.23706699,9.455921448,6.973612968,7.387614311,503,3,3,5,11,464,10,5,7,22,514,486,132,61,73,30
19,1000,70,5.13,10.3,18,37,17,958,22,10,10,42,7.426731206,107,159,18.71254807,10.0768079,6.543301756,8.379953419,503,11,4,1,16,455,11,6,9,26,519,481,105,54,81,26
20,1000,70,5.13,10.3,18,37,17,938,34,11,17,62,7.879665944,121,215,19.76700944,11.24444546,7.77404709,7.982780002,466,14,5,9,28,472,20,6,8,34,494,506,143,72,101,20
18,1000,70,5.13,10.3,18,37,19,955,28,4,13,45,7.476862658,114,187,19.41402561,10.95667388,6.95806165,8.027754451,498,12,3,2,17,457,16,1,11,28,515,485,135,52,92,22
22,1000,70,5.13,10.3,18,37,17,957,19,11,13,43,7.309010612,127,210,19.26169281,10.79644176,6.756037457,7.840298545,477,9,0,4,13,480,10,11,9,30,490,510,135,75,95,32
16,1000,70,5.13,10.3,18,37,97,948,29,11,12,52,7.711816914,384,448,486.9729516,277.6323324,10.4416666,4.789803901,468,27,11,11,49,480,2,0,1,3,517,483,433,15,376,8
17,1000,70,5.13,10.3,18,37,21,955,21,12,12,45,7.527763368,115,217,20.86597088,11.66214422,7.07510653,7.980420205,481,8,6,5,19,474,13,6,7,26,500,500,162,55,91,24
21,1000,70,5.13,10.3,18,37,18,949,24,10,17,51,7.409580711,129,209,20.12556767,11.4890444,6.876251698,7.932348752,477,12,3,3,18,472,12,7,14,33,495,505,150,59,107,22
23,1000,70,5.13,10.3,18,37,15,966,14,8,12,34,7.208152509,92,190,18.33559622,9.553134313,7.006848046,7.42105476,503,3,3,5,11,463,11,5,7,23,514,486,126,64,66,26
19,1000,70,5.13,10.3,18,37,18,956,24,10,10,44,7.460147303,107,160,18.85647831,10.20039642,6.585789265,8.403581444,502,12,4,1,17,454,12,6,9,27,519,481,119,41,81,26
20,1000,70,5.13,10.3,18,37,18,940,31,12,17,60,7.858578147,121,190,20.00028847,11.44126347,7.783463975,7.931910956,467,12,6,9,27,473,19,6,8,33,494,506,135,55,95,26
18,1000,70,5.13,10.3,18,37,20,954,28,5,13,46,7.473208897,141,217,19.64626437,11.14516872,6.969002821,8.008602978,498,12,3,2,17,456,16,2,11,29,515,485,156,61,104,37
22,1000,70,5.13,10.3,18,37,18,958,18,11,13,42,7.301649564,112,220,19.40386669,10.88742743,6.78002151,7.802821616,477,9,0,4,13,481,9,11,9,29,490,510,155,65,93,19
17,1000,70,5.13,10.3,18,37,22,956,21,11,12,44,7.547094622,120,204,21.12633301,11.85381134,7.066275074,8.027914171,482,8,5,5,18,474,13,6,7,26,500,500,149,55,93,27
16,1000,70,5.13,10.3,18,37,98,947,30,11,12,53,7.720472965,378,466,513.2913305,292.5587234,10.50748235,4.737276583,467,28,11,11,50,480,2,0,1,3,517,483,448,18,365,13
21,1000,70,5.13,10.3,18,37,19,952,25,8,15,48,7.37021892,133,202,20.47340839,11.74249142,6.913949807,7.817453002,477,12,3,3,18,475,13,5,12,30,495,505,144,58,106,27
23,1000,70,5.13,10.3,18,37,16,966,14,8,12,34,7.228275338,100,176,18.39155339,9.630071146,7.005789582,7.463579203,503,3,3,5,11,463,11,5,7,23,514,486,119,57,72,28
19,1000,70,5.13,10.3,18,37,19,957,23,10,10,43,7.457391461,114,205,19.04810697,10.36115294,6.577594653,8.406694047,503,11,4,1,16,454,12,6,9,27,519,481,141,64,88,26
20,1000,70,5.13,10.3,18,37,19,941,31,11,17,59,7.862310972,123,207,20.19030049,11.60015809,7.836483254,7.887526176,467,12,6,9,27,474,19,5,8,32,494,506,141,66,94,29
18,1000,70,5.13,10.3,18,37,21,956,26,5,13,44,7.452251516,107,202,19.78548963,11.28610927,6.970774138,7.963511001,498,12,3,2,17,458,14,2,11,27,515,485,149,53,80,27
22,1000,70,5.13,10.3,18,37,19,957,19,11,13,43,7.327620122,120,189,19.58384517,11.02774843,6.808526406,7.826357222,477,9,0,4,13,480,10,11,9,30,490,510,135,54,94,26
17,1000,70,5.13,10.3,18,37,23,957,21,10,12,43,7.572310451,133,204,21.58479242,12.18472269,7.110006113,8.034614789,482,8,5,5,18,475,13,5,7,25,500,500,152,52,114,19
21,1000,70,5.13,10.3,18,37,20,952,26,6,16,48,7.397123065,128,231,20.90897236,12.04300011,6.964658918,7.821023566,477,12,2,4,18,475,14,4,12,30,495,505,171,60,98,30
23,1000,70,5.13,10.3,18,37,17,966,14,9,11,34,7.234958923,90,201,18.44637245,9.696453509,7.036273395,7.445091354,502,3,4,5,12,464,11,5,6,22,514,486,139,62,69,21
16,1000,70,5.13,10.3,18,37,99,946,31,11,12,54,7.706861431,391,455,550.7533511,314.0013329,10.55330665,4.660045325,467,28,11,11,50,479,3,0,1,4,517,483,436,19,383,8
19,1000,70,5.13,10.3,18,37,20,958,23,9,10,42,7.461560823,114,210,19.15848635,10.4714751,6.639692124,8.348358857,502,12,4,1,17,456,11,5,9,25,519,481,139,71,83,31
20,1000,70,5.13,10.3,18,37,20,940,33,10,17,60,7.89191728,111,199,20.43052961,11.76506103,7.87480102,7.908627622,467,12,6,9,27,473,21,4,8,33,494,506,146,53,91,20
18,1000,70,5.13,10.3,18,37,22,958,25,5,12,42,7.41471899,103,215,19.98802894,11.45104886,6.991526716,7.864088105,498,11,4,2,17,460,14,1,10,25,515,485,150,65,89,14
22,1000,70,5.13,10.3,18,37,20,956,21,11,12,44,7.330292076,110,222,19.82868292,11.18622456,6.82278981,7.817892293,476,11,0,3,14,480,10,11,9,30,490,510,151,71,85,25
17,1000,70,5.13,10.3,18,37,24,956,22,10,12,44,7.588590325,127,218,21.99131575,12.43723733,7.159121299,8.01805935,481,8,6,5,19,475,14,4,7,25,500,500,163,55,106,21
21,1000,70,5.13,10.3,18,37,21,953,25,6,16,47,7.398078604,114,223,21.24949009,12.29550205,6.968415555,7.819233474,477,12,2,4,18,476,13,4,12,29,495,505,164,59,95,19
23,1000,70,5.13,10.3,18,37,18,966,14,9,11,34,7.250607869,96,180,18.56182609,9.782198988,7.097399397,7.412643167,502,3,4,5,12,464,11,5,6,22,514,486,120,60,74,22
16,1000,70,5.13,10.3,18,37,100,945,32,11,12,55,7.689489063,406,459,581.6536958,330.6431852,10.62405941,4.548344403,466,29,11,11,51,479,3,0,1,4,517,483,437,22,397,9
19,1000,70,5.13,10.3,18,37,21,957,25,8,10,43,7.449020494,102,193,19.26312482,10.55246649,6.674499444,8.284730318,500,14,4,1,19,457,11,4,9,24,519,481,137,56,74,28
18,1000,70,5.13,10.3,18,37,23,958,25,5,12,42,7.423763023,124,203,20.18558555,11.6377251,7.032452461,7.839278362,498,11,4,2,17,460,14,1,10,25,515,485,144,59,103,21
20,1000,70,5.13,10.3,18,37,21,940,32,10,18,60,7.908611086,130,194,20.65434578,11.9665442,7.931112123,7.88664367,467,12,6,9,27,473,20,4,9,33,494,506,137,57,103,27
22,1000,70,5.13,10.3,18,37,21,956,23,10,11,44,7.369187505,109,205,20.06171558,11.33955499,6.842740977,7.87498907,476,11,0,3,14,480,12,10,8,30,490,510,148,57,90,19
17,1000,70,5.13,10.3,18,37,25,956,21,11,12,44,7.586813639,116,203,22.36616118,12.6855669,7.174505075,7.999122204,481,8,6,5,19,475,13,5,7,25,500,500,150,53,101,15
21,1000,70,5.13,10.3,18,37,22,953,24,7,16,47,7.40689647,127,210,21.57144744,12.56060617,7.009368046,7.796553043,477,11,3,4,18,476,13,4,12,29,495,505,152,58,100,27
23,1000,70,5.13,10.3,18,37,19,964,16,9,11,36,7.29007671,98,185,18.69809061,9.887787127,7.178972822,7.407581646,500,5,4,5,14,464,11,5,6,22,514,486,135,50,74,24
16,1000,70,5.13,10.3,18,37,101,943,33,12,12,57,7.675093475,389,462,615.6012111,351.0375309,10.6517989,4.48884771,464,31,11,11,53,479,2,1,1,4,517,483,445,17,383,6
18,1000,70,5.13,10.3,18,37,24,957,26,5,12,43,7.430806953,128,217,20.54273328,11.90394288,7.083053062,7.800071394,497,12,4,2,18,460,14,1,10,25,515,485,143,74,101,27
20,1000,70,5.13,10.3,18,37,22,940,32,10,18,60,7.925231059,126,227,20.93881001,12.18682705,7.971338734,7.880216846,467,12,6,9,27,473,20,4,9,33,494,506,171,56,106,20
19,1000,70,5.13,10.3,18,37,22,958,22,10,10,42,7.486965508,104,227,19.48280359,10.6911131,6.718639431,8.315990943,500,12,6,1,19,458,10,4,9,23,519,481,146,81,86,18
22,1000,70,5.13,10.3,18,37,22,956,23,10,11,44,7.416484615,134,211,20.31044972,11.5064707,6.912697257,7.900515606,476,11,0,3,14,480,12,10,8,30,490,510,150,61,101,33
17,1000,70,5.13,10.3,18,37,26,957,21,11,11,43,7.554829282,131,239,22.84614244,13.04331536,7.173841573,7.935816992,481,8,6,5,19,476,13,5,6,24,500,500,170,69,106,25
21,1000,70,5.13,10.3,18,37,23,955,22,7,16,45,7.4168694,130,214,21.91879075,12.78478906,7.040862265,7.785430848,477,11,3,4,18,478,11,4,12,27,495,505,167,47,108,22
23,1000,70,5.13,10.3,18,37,20,963,17,9,11,37,7.307097356,100,190,18.85768253,10.01208344,7.224101154,7.394875232,499,6,4,5,15,464,11,5,6,22,514,486,126,64,76,24
16,1000,70,5.13,10.3,18,37,102,941,33,14,12,59,7.68739779,390,454,660.1648965,375.4517608,10.72329209,4.437796642,462,31,13,11,55,479,2,1,1,4,517,483,436,18,384,6
18,1000,70,5.13,10.3,18,37,25,959,24,6,11,41,7.439831742,117,204,20.73270522,12.0492998,7.115409102,7.784321762,497,12,4,2,18,462,12,2,9,23,515,485,149,55,101,16
20,1000,70,5.13,10.3,18,37,23,941,33,10,16,59,7.896282723,124,226,21.25225964,12.41170721,8.001371694,7.79368598,468,12,5,9,26,473,21,5,7,33,494,506,170,56,102,22
19,1000,70,5.13,10.3,18,37,23,958,23,9,10,42,7.521055283,107,203,19.65860369,10.83868312,6.723967844,8.381114288,500,12,6,1,19,458,11,3,9,23,519,481,150,53,85,22
22,1000,70,5.13,10.3,18,37,23,955,24,10,11,45,7.437355092,126,218,20.47247126,11.63476303,6.963242038,7.892875478,476,11,0,3,14,479,13,10,8,31,490,510,161,57,104,22
17,1000,70,5.13,10.3,18,37,27,957,22,10,11,43,7.551107496,130,239,23.27252783,13.34541883,7.204811914,7.897403079,482,8,5,5,18,475,14,5,6,25,500,500,178,61,107,23
23,1000,70,5.13,10.3,18,37,21,963,17,9,11,37,7.311623903,108,181,19.08417875,10.17256471,7.247059605,7.379907955,499,5,5,5,15,464,12,4,6,22,514,486,129,52,87,21
21,1000,70,5.13,10.3,18,37,24,957,18,9,16,43,7.408101971,123,225,22.33698781,13.05098172,7.039180894,7.769717679,477,10,4,4,18,480,8,5,12,25,495,505,163,62,102,21
18,1000,70,5.13,10.3,18,37,26,958,25,6,11,42,7.442493297,118,232,20.96907837,12.23194539,7.137520307,7.766330596,495,14,4,2,20,463,11,2,9,22,515,485,172,60,93,25
16,1000,70,5.13,10.3,18,37,103,940,34,14,12,60,7.64186605,402,462,712.217883,404.496143,10.73611985,4.329797283,461,32,13,11,56,479,2,1,1,4,517,483,444,18,395,7
20,1000,70,5.13,10.3,18,37,24,941,32,11,16,59,7.935404391,116,190,21.48630068,12.62830281,8.023565304,7.84933425,468,12,5,9,26,473,20,6,7,33,494,506,136,54,95,21
22,1000,70,5.13,10.3,18,37,24,956,24,9,11,44,7.455470576,124,209,20.71540665,11.81275716,7.030404282,7.863867605,475,12,0,3,15,481,12,9,8,29,490,510,149,60,111,13
17,1000,70,5.13,10.3,18,37,28,957,22,10,11,43,7.578995289,148,235,23.78401465,13.68650638,7.239084084,7.918906493,482,8,5,5,18,475,14,5,6,25,500,500,178,57,127,21
19,1000,70,5.13,10.3,18,37,24,960,23,7,10,40,7.499006605,98,196,19.80571027,10.94403825,6.749060034,8.308200514,501,12,4,2,18,459,11,3,8,22,519,481,132,64,79,19
23,1000,70,5.13,10.3,18,37,22,963,17,9,11,37,7.343928198,134,197,19.28933614,10.33663844,7.344857688,7.342945157,499,5,5,5,15,464,12,4,6,22,514,486,139,58,99,35
21,1000,70,5.13,10.3,18,37,25,957,18,10,15,43,7.425466407,126,238,22.79121716,13.36459789,7.113409783,7.731343692,477,10,4,4,18,480,8,6,11,25,495,505,184,54,106,20
18,1000,70,5.13,10.3,18,37,27,958,26,6,10,42,7.443241414,128,228,21.23917979,12.48616091,7.198950435,7.702643176,494,15,4,2,21,464,11,2,8,21,515,485,164,64,108,20
20,1000,70,5.13,10.3,18,37,25,941,32,10,17,59,7.956337543,135,247,21.90109754,12.9724455,8.068773165,7.846568378,468,12,4,10,26,473,20,6,7,33,494,506,195,52,116,19
17,1000,70,5.13,10.3,18,37,29,955,23,11,11,45,7.640930452,130,245,24.22096345,13.95724186,7.256433396,8.025427508,482,8,5,5,18,473,15,6,6,27,500,500,186,59,112,18
22,1000,70,5.13,10.3,18,37,25,957,24,8,11,43,7.452856025,141,223,20.94646641,11.96510502,7.049939542,7.839971862,475,12,0,3,15,482,12,8,8,28,490,510,164,59,117,24
16,1000,70,5.13,10.3,18,37,104,939,35,13,13,61,7.68139495,406,461,778.3080097,443.7985699,10.82834015,4.312925661,460,33,12,12,57,479,2,1,1,4,517,483,447,14,397,9
23,1000,70,5.13,10.3,18,37,23,962,18,9,11,38,7.33800203,123,208,19.55942509,10.49179467,7.361513239,7.313136266,498,6,5,5,16,464,12,4,6,22,514,486,144,64,98,25
19,1000,70,5.13,10.3,18,37,25,960,24,7,9,40,7.4921535,112,201,20.05798349,11.13236314,6.788006758,8.251929298,500,13,4,2,19,460,11,3,7,21,519,481,139,62,96,16
24,1000,70,5.13,10.3,18,37,0,941,30,15,14,59,7.009,86,192,17.52559043,9.06305915,5.976047904,8.046092184,489,7,1,4,12,452,23,14,10,47,501,499,113,79,54,32
21,1000,70,5.13,10.3,18,37,26,959,18,10,13,41,7.437618114,138,221,23.39083915,13.76835619,7.160559964,7.709189964,477,9,5,4,18,482,9,5,9,23,495,505,167,54,117,21
18,1000,70,5.13,10.3,18,37,28,958,27,6,9,42,7.429029163,138,234,21.53271217,12.75221686,7.23529925,7.634742369,494,15,4,2,21,464,12,2,7,21,515,485,173,61,112,26
20,1000,70,5.13,10.3,18,37,26,943,29,11,17,57,7.94371357,124,224,22.3794865,13.321597,8.075161832,7.815382657,469,11,4,10,25,474,18,7,7,32,494,506,175,49,103,21
22,1000,70,5.13,10.3,18,37,26,958,23,8,11,42,7.442004106,132,201,21.15383276,12.12027316,7.065292426,7.803942779,476,11,0,3,14,482,12,8,8,28,490,510,143,58,111,21
17,1000,70,5.13,10.3,18,37,30,954,23,12,11,46,7.666295025,141,260,24.69983773,14.27987706,7.285902621,8.046687428,481,8,6,5,19,473,15,6,6,27,500,500,204,56,123,18
23,1000,70,5.13,10.3,18,37,24,963,17,9,11,37,7.319706851,115,208,19.86452403,10.67701569,7.359212755,7.277924886,499,5,5,5,15,464,12,4,6,22,514,486,158,50,94,21
19,1000,70,5.13,10.3,18,37,26,959,25,6,10,41,7.518381999,105,204,20.36577616,11.33937345,6.839017819,8.251417362,500,13,4,2,19,459,12,2,8,22,519,481,147,57,89,16
21,1000,70,5.13,10.3,18,37,27,957,20,10,13,43,7.431152782,144,221,23.71029657,14.02494219,7.151307447,7.705456625,476,10,5,4,19,481,10,5,9,24,495,505,176,45,125,19
24,1000,70,5.13,10.3,18,37,1,942,30,15,13,58,6.988814695,92,173,17.55045212,9.112627297,5.954371931,8.027403523,489,8,1,3,12,453,22,14,10,46,501,499,100,73,63,29
18,1000,70,5.13,10.3,18,37,29,959,26,6,9,41,7.429190924,160,232,21.94168333,13.07377655,7.27388699,7.594101288,494,15,4,2,21,465,11,2,7,20,515,485,172,60,133,27
17,1000,70,5.13,10.3,18,37,31,954,23,12,11,46,7.668482849,138,241,25.2062108,14.65342701,7.306715897,8.030249801,481,8,6,5,19,473,15,6,6,27,500,500,191,50,126,12
20,1000,70,5.13,10.3,18,37,27,944,29,11,16,56,7.950587236,151,221,22.83306887,13.62994518,8.118776357,7.78638679,468,11,5,10,26,476,18,6,6,30,494,506,169,52,129,22
22,1000,70,5.13,10.3,18,37,27,959,22,8,11,41,7.46559818,131,199,21.53797994,12.38604169,7.096012446,7.820690356,476,11,0,3,14,483,11,8,8,27,490,510,145,54,108,23
23,1000,70,5.13,10.3,18,37,25,962,18,9,11,38,7.342943722,117,192,20.06160411,10.79243499,7.402742275,7.279699986,499,5,5,5,15,463,13,4,6,23,514,486,139,53,92,25
21,1000,70,5.13,10.3,18,37,28,957,20,10,13,43,7.434024638,125,242,24.24998967,14.36842066,7.181297574,7.681747205,476,10,5,4,19,481,10,5,9,24,495,505,191,51,100,25
19,1000,70,5.13,10.3,18,37,27,958,24,8,10,42,7.546225985,123,221,20.69744491,11.57271659,6.896833705,8.246921606,499,13,5,2,20,459,11,3,8,22,519,481,148,73,98,25
24,1000,70,5.13,10.3,18,37,2,944,30,13,13,56,6.9987504,81,180,17.63956886,9.180847903,6.018924582,7.982503375,489,8,1,3,12,455,22,12,10,44,501,499,99,81,64,17
18,1000,70,5.13,10.3,18,37,30,958,27,6,9,42,7.472578123,124,240,22.39228776,13.43232956,7.352976565,7.599577714,493,16,4,2,22,465,11,2,7,20,515,485,178,62,108,16
22,1000,70,5.13,10.3,18,37,28,961,21,7,11,39,7.472038782,111,209,21.82616841,12.55680129,7.146634393,7.784682214,476,11,0,3,14,485,10,7,8,25,490,510,165,44,101,10
23,1000,70,5.13,10.3,18,37,26,962,19,9,10,38,7.358248691,115,195,20.29300598,10.95146175,7.421443924,7.291412581,499,5,5,5,15,463,14,4,5,23,514,486,137,58,99,16
21,1000,70,5.13,10.3,18,37,29,958,19,10,13,42,7.446249749,138,230,24.76507116,14.73022269,7.236412045,7.65193225,475,11,5,4,20,483,8,5,9,22,495,505,185,45,123,15
17,1000,70,5.13,10.3,18,37,32,956,22,11,11,44,7.671969739,171,252,25.92071227,15.13831994,7.357890752,7.986048726,481,8,6,5,19,475,14,5,6,25,500,500,198,54,145,26
20,1000,70,5.13,10.3,18,37,28,945,28,11,16,55,7.97927568,139,215,23.33361054,13.97848654,8.179610535,7.78369185,468,11,5,10,26,477,17,6,6,29,494,506,172,43,115,24
19,1000,70,5.13,10.3,18,37,28,958,24,8,10,42,7.589377343,112,213,21.13254045,11.90440092,6.945063967,8.284592814,499,13,5,2,20,459,11,3,8,22,519,481,150,63,91,21
24,1000,70,5.13,10.3,18,37,3,948,26,13,13,52,6.984757721,123,179,17.74636302,9.283306598,6.073926238,7.899239831,489,8,1,3,12,459,18,12,10,40,501,499,100,79,91,32
18,1000,70,5.13,10.3,18,37,31,959,27,6,8,41,7.4802604,131,215,22.90395026,13.81259241,7.372827457,7.59433868,493,16,4,2,22,466,11,2,6,19,515,485,167,48,114,17
22,1000,70,5.13,10.3,18,37,29,961,22,6,11,39,7.489612736,148,225,22.15788827,12.79001837,7.175961733,7.7909637,475,12,0,3,15,486,10,6,8,24,490,510,175,50,132,16
23,1000,70,5.13,10.3,18,37,27,964,18,9,9,36,7.347225849,123,200,20.62740963,11.19185668,7.471401321,7.215896234,498,6,5,5,16,466,12,4,4,20,514,486,150,50,98,25
21,1000,70,5.13,10.3,18,37,30,960,20,8,12,40,7.438191824,150,241,25.36355424,15.11137052,7.286008855,7.587361269,475,11,5,4,20,485,9,3,8,20,495,505,190,51,131,19
17,1000,70,5.13,10.3,18,37,33,955,24,11,10,45,7.664153752,150,254,26.61069669,15.65355346,7.423872484,7.904435021,480,9,6,5,20,475,15,5,5,25,500,500,212,42,127,23
20,1000,70,5.13,10.3,18,37,29,946,27,12,15,54,7.966213637,122,209,23.84607443,14.37165131,8.191874912,7.745904013,468,11,6,9,26,478,16,6,6,28,494,506,173,36,102,20
19,1000,70,5.13,10.3,18,37,29,959,23,8,10,41,7.586015822,113,228,21.68244528,12.29738398,6.980135481,8.23976197,499,13,5,2,20,460,10,3,8,21,519,481,175,53,93,20
24,1000,70,5.13,10.3,18,37,4,947,27,13,13,53,7.023478853,96,184,17.867851,9.363497337,6.147322248,7.903147109,488,9,1,3,13,459,18,12,10,40,501,499,95,89,62,34
18,1000,70,5.13,10.3,18,37,32,960,28,6,6,40,7.496243696,128,257,23.41091162,14.19369782,7.45182192,7.543413211,493,16,4,2,22,467,12,2,4,18,515,485,195,62,111,17
23,1000,70,5.13,10.3,18,37,28,963,19,9,9,37,7.347015677,125,205,20.98618114,11.43794798,7.4964163,7.189007611,497,7,5,5,17,466,12,4,4,20,514,486,153,52,112,13
22,1000,70,5.13,10.3,18,37,30,961,22,6,11,39,7.523720964,134,227,22.5354239,13.07489646,7.208935269,7.826162122,475,12,0,3,15,486,10,6,8,24,490,510,176,51,119,15
21,1000,70,5.13,10.3,18,37,31,961,20,7,12,39,7.425198881,160,238,25.99358093,15.54418421,7.35176529,7.497178341,474,12,5,4,21,487,8,2,8,18,495,505,195,43,135,25
17,1000,70,5.13,10.3,18,37,34,956,23,11,10,44,7.662403221,146,220,27.39173656,16.22359498,7.445774671,7.879031772,480,9,6,5,20,476,14,5,5,24,500,500,187,33,128,18
20,1000,70,5.13,10.3,18,37,30,946,27,12,15,54,7.981323503,134,257,24.39180946,14.8411245,8.24540095,7.723508761,468,11,6,9,26,478,16,6,6,28,494,506,195,62,116,18
19,1000,70,5.13,10.3,18,37,30,960,23,8,9,40,7.617064479,135,201,22.15601115,12.5946157,7.021204229,8.259998928,500,12,5,2,19,460,11,3,7,21,519,481,154,47,112,23
18,1000,70,5.13,10.3,18,37,33,962,27,4,7,38,7.502408879,152,240,23.92010924,14.5626192,7.471300936,7.535441024,495,15,2,3,20,467,12,2,4,18,515,485,199,41,128,24
24,1000,70,5.13,10.3,18,37,5,948,25,13,14,52,7.006951225,100,175,17.97412408,9.452954609,6.166521055,7.850749853,488,8,2,3,13,460,17,11,11,39,501,499,110,65,69,31
23,1000,70,5.13,10.3,18,37,29,964,19,8,9,36,7.372477117,123,214,21.445943,11.78329329,7.55387372,7.180629681,496,7,6,5,18,468,12,2,4,18,514,486,147,67,105,18
22,1000,70,5.13,10.3,18,37,31,962,22,6,10,38,7.515890268,133,258,23.00145992,13.36718697,7.239967768,7.780992277,475,12,0,3,15,487,10,6,7,23,490,510,200,58,108,25
21,1000,70,5.13,10.3,18,37,32,961,20,8,11,39,7.460200647,168,261,26.67374549,15.9847359,7.400928091,7.518299489,474,12,5,4,21,487,8,3,7,18,495,505,201,60,139,29
17,1000,70,5.13,10.3,18,37,35,956,24,9,11,44,7.674395635,164,253,28.36146809,16.87529608,7.509435558,7.839355711,479,10,5,6,21,477,14,4,5,23,500,500,204,49,148,16
20,1000,70,5.13,10.3,18,37,31,948,26,11,15,52,7.94318214,154,238,25.1470679,15.43990548,8.22442784,7.668606298,469,11,5,9,25,479,15,6,6,27,494,506,185,53,128,26
19,1000,70,5.13,10.3,18,37,31,960,23,8,9,40,7.65180939,123,235,22.68718717,12.93911743,7.075895166,8.273222035,500,12,5,2,19,460,11,3,7,21,519,481,179,56,106,17
18,1000,70,5.13,10.3,18,37,34,964,27,4,5,36,7.496398243,158,247,24.26826636,14.83163088,7.50252736,7.489890005,495,15,2,3,20,469,12,2,2,16,515,485,203,44,134,24
24,1000,70,5.13,10.3,18,37,6,950,24,13,13,50,7.03628627,113,175,18.07854755,9.515572009,6.195782971,7.880158319,488,8,2,3,13,462,16,11,10,37,501,499,112,63,80,33
23,1000,70,5.13,10.3,18,37,30,964,20,8,8,36,7.363141803,127,191,21.83137976,12.03586287,7.581995032,7.131679747,496,7,6,5,18,468,13,2,3,18,514,486,157,34,104,23
22,1000,70,5.13,10.3,18,37,32,962,23,6,9,38,7.522490339,141,221,23.44888545,13.66750348,7.279124334,7.75631258,475,12,0,3,15,487,11,6,6,23,490,510,179,42,124,17
21,1000,70,5.13,10.3,18,37,33,960,21,8,11,40,7.459874423,161,265,27.47591458,16.53623636,7.410957016,7.507823168,474,12,5,4,21,486,9,3,7,19,495,505,222,43,142,19
17,1000,70,5.13,10.3,18,37,36,954,27,9,10,46,7.708506563,175,279,29.22188817,17.45743123,7.559164408,7.857848719,478,12,5,5,22,476,15,4,5,24,500,500,227,52,151,24
20,1000,70,5.13,10.3,18,37,32,952,24,10,14,48,7.913997858,160,251,26.04759957,16.09344582,8.215101607,7.620034909,469,11,5,9,25,483,13,5,5,23,494,506,191,60,135,25
19,1000,70,5.13,10.3,18,37,32,959,24,8,9,41,7.668519284,134,225,23.23622563,13.23819179,7.115006814,8.26576039,500,12,5,2,19,459,12,3,7,22,519,481,174,51,120,14
18,1000,70,5.13,10.3,18,37,35,965,26,4,5,35,7.461092197,139,250,24.77504693,15.17179695,7.498372755,7.421505626,495,15,2,3,20,470,11,2,2,15,515,485,203,47,121,18
23,1000,70,5.13,10.3,18,37,31,966,18,8,8,34,7.406279013,132,223,22.27335586,12.31712634,7.676725815,7.120250915,495,8,6,5,19,471,10,2,3,15,514,486,171,52,110,22
21,1000,70,5.13,10.3,18,37,34,961,20,9,10,39,7.445761563,156,272,28.34332394,17.11815971,7.44636129,7.445173711,474,12,5,4,21,487,8,4,6,18,495,505,219,53,138,18
24,1000,70,5.13,10.3,18,37,7,952,23,13,12,48,7.071416519,81,190,18.19947711,9.59459581,6.252071695,7.89404529,488,8,2,3,13,464,15,11,9,35,501,499,118,72,57,24
22,1000,70,5.13,10.3,18,37,33,964,22,5,9,36,7.541309101,139,244,24.07324886,14.08797117,7.320627473,7.753336548,475,12,0,3,15,489,10,5,6,21,490,510,205,39,119,20
17,1000,70,5.13,10.3,18,37,37,956,25,10,9,44,7.7169871,155,272,30.26290428,18.2004958,7.608532054,7.825442147,478,12,5,5,22,478,13,5,4,22,500,500,227,45,143,12
20,1000,70,5.13,10.3,18,37,33,950,26,10,14,50,7.954625257,155,265,27.30527374,17.04494081,8.21778492,7.697706536,467,13,5,9,27,483,13,5,5,23,494,506,218,47,128,27
19,1000,70,5.13,10.3,18,37,33,958,25,8,9,42,7.696245762,134,239,23.85227406,13.65352842,7.165020769,8.269438634,499,13,5,2,20,459,12,3,7,22,519,481,187,52,109,25
18,1000,70,5.13,10.3,18,37,36,967,24,4,5,33,7.466545222,133,245,25.27965901,15.56274644,7.568507142,7.35827638,495,15,2,3,20,472,9,2,2,13,515,485,194,51,116,17
23,1000,70,5.13,10.3,18,37,32,966,17,9,8,34,7.409171521,139,230,22.72417052,12.62002322,7.682027025,7.120595948,495,7,7,5,19,471,10,2,3,15,514,486,176,54,110,29
21,1000,70,5.13,10.3,18,37,35,960,21,9,10,40,7.431467796,153,283,28.92890164,17.58262955,7.475138286,7.388662069,474,12,5,4,21,486,9,4,6,19,495,505,233,50,133,20
22,1000,70,5.13,10.3,18,37,34,965,22,4,9,35,7.545166584,139,250,24.59604275,14.46346093,7.376298403,7.707412483,475,12,0,3,15,490,10,4,6,20,490,510,199,51,124,15
17,1000,70,5.13,10.3,18,37,38,954,27,10,9,46,7.755427475,157,266,31.23224043,18.86231215,7.677883593,7.832971358,478,12,5,5,22,476,15,5,4,24,500,500,226,40,140,17
24,1000,70,5.13,10.3,18,37,8,953,23,12,12,47,7.088257899,91,183,18.27776026,9.686353442,6.327859206,7.851704281,487,9,2,3,14,466,14,10,9,33,501,499,110,73,73,18
20,1000,70,5.13,10.3,18,37,34,950,25,11,14,50,7.97319368,178,255,28.26515827,17.79689457,8.272280573,7.681199757,467,13,5,9,27,483,12,6,5,23,494,506,207,48,161,17
18,1000,70,5.13,10.3,18,37,37,968,23,4,5,32,7.501564558,159,254,25.78486443,16.00117471,7.646473663,7.347692005,495,15,2,3,20,473,8,2,2,12,515,485,206,48,135,24
23,1000,70,5.13,10.3,18,37,33,967,15,10,8,33,7.43881425,116,206,23.10568355,12.88925142,7.754193057,7.105265471,494,7,8,5,20,473,8,2,3,13,514,486,167,39,89,27
19,1000,70,5.13,10.3,18,37,34,959,24,8,9,41,7.74786659,140,227,24.27370216,13.94242663,7.226530205,8.310389633,499,13,5,2,20,460,11,3,7,21,519,481,175,52,119,21
21,1000,70,5.13,10.3,18,37,36,961,21,8,10,39,7.444024436,163,262,29.78136328,18.10656984,7.538374387,7.351542801,474,12,5,4,21,487,9,3,6,18,495,505,218,44,145,18
22,1000,70,5.13,10.3,18,37,35,966,21,4,9,34,7.542003487,156,257,25.18535407,14.81081636,7.435072557,7.644741047,475,12,0,3,15,491,9,4,6,19,490,510,203,54,136,20
17,1000,70,5.13,10.3,18,37,39,955,26,10,9,45,7.780417027,191,295,31.69233707,19.20069887,7.747897879,7.812936175,478,12,5,5,22,477,14,5,4,23,500,500,237,58,175,16
24,1000,70,5.13,10.3,18,37,9,955,21,12,12,45,7.058637148,106,179,18.42098706,9.80972297,6.315693013,7.804559016,488,8,2,3,13,467,13,10,9,32,501,499,103,76,72,34
20,1000,70,5.13,10.3,18,37,35,950,26,10,14,50,7.986163167,162,281,29.29971778,18.77011994,8.326446037,7.653950247,467,13,5,9,27,483,13,5,5,23,494,506,231,50,147,15
18,1000,70,5.13,10.3,18,37,38,967,24,4,5,33,7.544624378,163,253,26.31525872,16.47448903,7.719712738,7.358705809,494,16,2,3,21,473,8,2,2,12,515,485,205,48,140,23
23,1000,70,5.13,10.3,18,37,34,967,14,11,8,33,7.437200281,149,237,23.54324481,13.16867598,7.767726708,7.087631179,494,7,8,5,20,473,7,3,3,13,514,486,185,52,116,33
21,1000,70,5.13,10.3,18,37,37,961,22,8,9,39,7.471715145,170,280,30.62815314,18.64442234,7.564764856,7.380508002,474,12,5,4,21,487,10,3,5,18,495,505,235,45,146,24
19,1000,70,5.13,10.3,18,37,35,959,24,8,9,41,7.732495223,133,226,24.85818907,14.34983521,7.23602404,8.268188662,499,13,5,2,20,460,11,3,7,21,519,481,176,50,112,21
22,1000,70,5.13,10.3,18,37,36,966,20,4,10,34,7.552348982,126,247,25.86840457,15.28752658,7.439337803,7.66092835,475,12,0,3,15,491,8,4,7,19,490,510,198,49,112,14
17,1000,70,5.13,10.3,18,37,40,954,27,9,10,46,7.777535562,164,286,32.5763416,19.82814842,7.801875852,7.753195273,478,12,4,6,22,476,15,5,4,24,500,500,246,40,149,15
20,1000,70,5.13,10.3,18,37,36,952,25,8,15,48,7.994439315,157,274,30.25385841,19.45016799,8.424235245,7.574836174,467,13,4,10,27,485,12,4,5,21,494,506,230,44,144,13
24,1000,70,5.13,10.3,18,37,10,955,21,12,12,45,7.072263084,114,182,18.56282518,9.940327908,6.392603169,7.754647087,487,9,2,3,14,468,12,10,9,31,501,499,113,69,80,34
18,1000,70,5.13,10.3,18,37,39,966,24,5,5,34,7.573057212,157,272,26.97190558,16.98040704,7.748363429,7.386907312,494,15,3,3,21,472,9,2,2,13,515,485,225,47,133,24
23,1000,70,5.13,10.3,18,37,35,967,14,12,7,33,7.446451677,133,229,24.00781203,13.49431709,7.818577283,7.052886735,494,7,8,5,20,473,7,4,2,13,514,486,190,39,116,17
19,1000,70,5.13,10.3,18,37,36,959,24,8,9,41,7.734176584,128,227,25.49751921,14.75525948,7.27367654,8.23105709,499,13,5,2,20,460,11,3,7,21,519,481,187,40,116,12
21,1000,70,5.13,10.3,18,37,38,959,24,8,9,41,7.480207809,174,286,31.7685792,19.40021799,7.611012114,7.351993688,473,13,5,4,22,486,11,3,5,19,495,505,226,60,160,14
22,1000,70,5.13,10.3,18,37,37,965,21,4,10,35,7.576773933,149,271,26.65167303,15.81896392,7.512594855,7.638436184,473,14,0,3,17,492,7,4,7,18,490,510,225,46,135,14
17,1000,70,5.13,10.3,18,37,41,955,26,9,10,45,7.765768838,177,274,33.74293372,20.57752573,7.845241029,7.686296647,478,12,4,6,22,477,14,5,4,23,500,500,238,36,161,16
20,1000,70,5.13,10.3,18,37,37,953,25,7,15,47,7.988579303,179,276,31.22923858,20.21975729,8.475352954,7.513349692,468,13,3,10,26,485,12,4,5,21,494,506,235,41,163,16
24,1000,70,5.13,10.3,18,37,11,955,21,12,12,45,7.098268007,88,188,18.7147999,10.04572447,6.442209606,7.7569559,487,9,2,3,14,468,12,10,9,31,501,499,115,73,60,28
18,1000,70,5.13,10.3,18,37,40,964,26,5,5,36,7.60321391,144,270,27.69496433,17.52025264,7.798823438,7.395504823,492,17,3,3,23,472,9,2,2,13,515,485,221,49,130,14
23,1000,70,5.13,10.3,18,37,36,969,13,11,7,31,7.459370466,149,250,24.39902216,13.75360172,7.879557224,7.014975418,494,7,8,5,20,475,6,3,2,11,514,486,196,54,125,24
19,1000,70,5.13,10.3,18,37,37,958,25,8,9,42,7.756608614,146,246,26.05545571,15.12838332,7.295683478,8.253947795,498,14,5,2,21,460,11,3,7,21,519,481,201,45,129,17
21,1000,70,5.13,10.3,18,37,39,959,24,8,9,41,7.494520871,183,288,33.0782847,20.22924841,7.654422317,7.33778579,473,13,5,4,22,486,11,3,5,19,495,505,247,41,168,15
22,1000,70,5.13,10.3,18,37,38,966,20,5,9,34,7.583816674,157,264,27.78155168,16.52524119,7.535582926,7.630158903,473,13,1,3,17,493,7,4,6,17,490,510,217,47,139,18
17,1000,70,5.13,10.3,18,37,42,959,24,8,9,41,7.732294471,184,295,34.85344404,21.29601543,7.891809311,7.572779631,478,12,4,6,22,481,12,4,3,19,500,500,252,43,168,16
20,1000,70,5.13,10.3,18,37,38,952,25,8,15,48,7.978877133,173,285,32.33816486,21.29566771,8.530435844,7.440398867,467,13,4,10,27,485,12,4,5,21,494,506,237,48,151,22
18,1000,70,5.13,10.3,18,37,41,963,27,5,5,37,7.603867484,165,277,28.43771764,18.121548,7.851928942,7.340462018,490,18,4,3,25,473,9,1,2,12,515,485,232,45,150,15
24,1000,70,5.13,10.3,18,37,12,955,21,12,12,45,7.148072375,86,199,18.79684589,10.13960011,6.502964038,7.795766316,487,9,2,3,14,468,12,10,9,31,501,499,129,70,63,23
23,1000,70,5.13,10.3,18,37,37,971,12,10,7,29,7.437942491,135,234,25.01485568,14.15782367,7.888141033,6.961806585,494,7,8,5,20,477,5,2,2,9,514,486,183,51,123,12
19,1000,70,5.13,10.3,18,37,38,958,25,8,9,42,7.750222858,156,225,26.87667501,15.61072888,7.314130534,8.220767383,498,14,5,2,21,460,11,3,7,21,519,481,181,44,139,17
21,1000,70,5.13,10.3,18,37,40,959,24,8,9,41,7.519029994,169,264,34.38508817,21.05498742,7.727632901,7.314557838,473,13,5,4,22,486,11,3,5,19,495,505,230,34,147,22
22,1000,70,5.13,10.3,18,37,39,968,18,5,9,32,7.572308355,173,278,28.56359044,16.98666864,7.573076789,7.571570056,473,13,1,3,17,495,5,4,6,15,490,510,231,47,150,23
17,1000,70,5.13,10.3,18,37,43,959,24,8,9,41,7.731647791,193,287,36.25969426,22.15039261,7.904686329,7.558609253,478,12,4,6,22,481,12,4,3,19,500,500,254,33,170,23
20,1000,70,5.13,10.3,18,37,39,953,23,9,15,47,7.97854713,167,275,33.12750189,21.85118081,8.561039381,7.409868925,468,12,4,10,26,485,11,5,5,21,494,506,231,44,153,14
18,1000,70,5.13,10.3,18,37,42,962,27,6,5,38,7.607523991,184,283,29.19357506,18.7214587,7.913487766,7.282634623,489,18,5,3,26,473,9,1,2,12,515,485,245,38,162,22
23,1000,70,5.13,10.3,18,37,38,971,12,10,7,29,7.43720544,150,251,25.680654,14.58924254,7.901664775,6.945987132,494,7,8,5,20,477,5,2,2,9,514,486,199,52,128,22
21,1000,70,5.13,10.3,18,37,41,959,25,8,8,41,7.491877387,209,311,35.74380293,21.91725036,7.795676913,7.194093692,473,13,5,4,22,486,12,3,4,19,495,505,262,49,191,18
19,1000,70,5.13,10.3,18,37,39,957,26,8,9,43,7.77898491,155,271,27.66662096,16.09399767,7.39875568,8.189253038,496,16,5,2,23,461,10,3,7,20,519,481,217,54,131,24
24,1000,70,5.13,10.3,18,37,13,955,21,12,12,45,7.183261422,108,185,18.92180317,10.22488845,6.526187402,7.842969005,486,10,2,3,15,469,11,10,9,30,501,499,129,56,82,26
22,1000,70,5.13,10.3,18,37,40,967,20,4,9,33,7.567287743,177,297,29.52736,17.62547509,7.577787463,7.557199778,473,13,1,3,17,494,7,3,6,16,490,510,249,48,158,19
17,1000,70,5.13,10.3,18,37,44,963,21,8,8,37,7.725696595,182,317,37.62009155,22.99718464,7.905649413,7.545743776,481,10,4,5,19,482,11,4,3,18,500,500,277,40,165,17
20,1000,70,5.13,10.3,18,37,40,955,22,9,14,45,7.977869747,196,285,34.32502528,22.77648067,8.639175521,7.332247114,468,12,4,10,26,487,10,5,4,19,494,506,241,44,181,15
18,1000,70,5.13,10.3,18,37,43,961,28,6,5,39,7.618130956,172,261,30.16341195,19.40446777,8.00168885,7.210847831,489,18,5,3,26,472,10,1,2,13,515,485,219,42,151,21
23,1000,70,5.13,10.3,18,37,39,971,12,10,7,29,7.458686641,142,254,26.41142162,15.05375842,7.922161888,6.968509117,494,7,8,5,20,477,5,2,2,9,514,486,210,44,130,12
21,1000,70,5.13,10.3,18,37,42,962,25,6,7,38,7.438049743,188,291,37.33723499,22.94947592,7.766487874,7.116115338,474,13,4,4,21,488,12,2,3,17,495,505,239,52,175,13
19,1000,70,5.13,10.3,18,37,40,958,24,9,9,42,7.769848662,147,254,28.26293859,16.46905496,7.442056556,8.123537026,496,15,6,2,23,462,9,3,7,19,519,481,209,45,130,17
17,1000,70,5.13,10.3,18,37,45,963,21,8,8,37,7.74028899,198,312,39.34926413,24.08898065,7.951719418,7.528858561,481,10,4,5,19,482,11,4,3,18,500,500,273,39,175,23
22,1000,70,5.13,10.3,18,37,41,967,20,4,9,33,7.560775868,157,271,30.66374794,18.42163873,7.595149576,7.527750148,473,13,1,3,17,494,7,3,6,16,490,510,232,39,145,12
24,1000,70,5.13,10.3,18,37,14,959,19,12,10,41,7.210707705,104,212,19.06449989,10.35224551,6.584600678,7.83932418,487,9,2,3,14,472,10,10,7,27,501,499,138,74,76,28
20,1000,70,5.13,10.3,18,37,41,955,21,9,15,45,7.998010536,196,288,35.65176721,23.77425258,8.705707539,7.307096861,468,12,4,10,26,487,9,5,5,19,494,506,255,33,177,19
18,1000,70,5.13,10.3,18,37,44,961,28,6,5,39,7.634820071,165,276,31.30430405,20.22261289,8.082253607,7.159710234,489,18,5,3,26,472,10,1,2,13,515,485,237,39,150,15
23,1000,70,5.13,10.3,18,37,40,970,13,10,7,30,7.46198442,144,264,27.17373623,15.52112243,7.942130088,6.954176038,494,7,8,5,20,476,6,2,2,10,514,486,221,43,123,21
21,1000,70,5.13,10.3,18,37,43,966,22,5,7,34,7.431690316,210,316,39.13328287,24.02956096,7.780410268,7.08987571,477,11,3,4,18,489,11,2,3,16,495,505,269,47,188,22
19,1000,70,5.13,10.3,18,37,41,959,24,8,9,41,7.748368604,148,259,29.17017648,16.98326566,7.460383772,8.059104837,497,15,5,2,22,462,9,3,7,19,519,481,221,38,129,19
17,1000,70,5.13,10.3,18,37,46,961,23,8,8,39,7.78531545,213,304,41.0220843,25.10571158,8.045261382,7.525369517,481,10,4,5,19,480,13,4,3,20,500,500,270,34,191,22
22,1000,70,5.13,10.3,18,37,42,967,22,3,8,33,7.540630359,160,270,31.69095361,19.11171035,7.636592401,7.448431534,471,15,1,3,19,496,7,2,5,14,490,510,229,41,149,11
24,1000,70,5.13,10.3,18,37,15,959,19,12,10,41,7.248167223,99,198,19.20762543,10.45983953,6.639673384,7.859099915,487,9,2,3,14,472,10,10,7,27,501,499,136,62,74,25
20,1000,70,5.13,10.3,18,37,42,955,20,10,15,45,7.981155862,180,312,37.19077701,24.79561285,8.718254251,7.261538068,468,11,5,10,26,487,9,5,5,19,494,506,275,37,166,14
18,1000,70,5.13,10.3,18,37,45,961,28,6,5,39,7.623055057,165,281,32.23651963,20.99975121,8.13924115,7.074939928,489,18,5,3,26,472,10,1,2,13,515,485,241,40,151,14
23,1000,70,5.13,10.3,18,37,41,970,13,10,7,30,7.45419914,152,280,27.97287409,16.05557944,7.94339591,6.936818194,494,7,8,5,20,476,6,2,2,10,514,486,230,50,131,21
21,1000,70,5.13,10.3,18,37,44,968,21,4,7,32,7.447233263,206,303,41.22809898,25.25234126,7.849191682,7.053234416,476,12,3,4,19,492,9,1,3,13,495,505,262,41,195,11
19,1000,70,5.13,10.3,18,37,42,959,24,8,9,41,7.762902991,152,282,30.43544587,17.70946893,7.464245113,8.085155462,497,15,5,2,22,462,9,3,7,19,519,481,235,47,134,18
17,1000,70,5.13,10.3,18,37,47,961,22,9,8,39,7.790612302,214,320,42.65577274,26.16243333,8.058519896,7.522704707,481,10,4,5,19,480,12,5,3,20,500,500,293,27,196,18
22,1000,70,5.13,10.3,18,37,43,966,22,5,7,34,7.528768119,182,297,32.72499378,19.8202605,7.651138876,7.411196215,470,15,2,3,20,496,7,3,4,14,490,510,253,44,166,16
24,1000,70,5.13,10.3,18,37,16,961,18,11,10,39,7.240902101,106,198,19.41229414,10.63116889,6.659683146,7.824450592,487,9,2,3,14,474,9,9,7,25,501,499,128,70,81,25
18,1000,70,5.13,10.3,18,37,46,961,28,6,5,39,7.614909807,180,294,33.59251161,21.97281927,8.167493576,7.028145598,489,18,5,3,26,472,10,1,2,13,515,485,248,46,169,11
20,1000,70,5.13,10.3,18,37,43,957,20,9,14,43,7.93575976,182,318,39.21485766,26.48392921,8.693616143,7.195876256,468,11,5,10,26,489,9,4,4,17,494,506,269,49,163,19
23,1000,70,5.13,10.3,18,37,42,971,13,9,7,29,7.444225551,159,263,28.91702578,16.63141299,7.96457767,6.893894297,494,7,8,5,20,477,6,1,2,9,514,486,225,38,140,19
21,1000,70,5.13,10.3,18,37,45,968,21,4,7,32,7.44009144,211,309,43.9080977,26.80853627,7.900356823,6.988940223,476,12,3,4,19,492,9,1,3,13,495,505,277,32,192,19
17,1000,70,5.13,10.3,18,37,48,960,23,9,8,40,7.855314086,208,315,44.34981833,27.16959185,8.111369774,7.599258398,481,10,4,5,19,479,13,5,3,21,500,500,272,43,195,13
19,1000,70,5.13,10.3,18,37,43,958,26,8,8,42,7.770438291,162,271,31.37744785,18.26137691,7.474934178,8.089287843,498,14,5,2,21,460,12,3,6,21,519,481,228,43,141,21
22,1000,70,5.13,10.3,18,37,44,966,22,4,8,34,7.536988417,182,272,33.59249193,20.35602629,7.706019993,7.374585531,470,15,1,4,20,496,7,3,4,14,490,510,237,35,168,14
18,1000,70,5.13,10.3,18,37,47,961,27,7,5,39,7.618136672,193,310,35.16787341,23.10478521,8.226419104,6.972228523,489,17,6,3,26,472,10,1,2,13,515,485,272,38,176,17
20,1000,70,5.13,10.3,18,37,44,955,22,9,14,45,7.945182091,200,298,40.44878897,27.3196893,8.715385063,7.193244803,467,12,5,10,27,488,10,4,4,18,494,506,256,42,185,15
24,1000,70,5.13,10.3,18,37,17,961,19,11,9,39,7.279106581,106,162,19.58200819,10.73812085,6.735548341,7.824843412,487,9,2,3,14,474,10,9,6,25,501,499,116,46,79,27
23,1000,70,5.13,10.3,18,37,43,970,14,8,8,30,7.45767672,173,248,30.19698881,17.39428913,7.984471844,6.90053126,494,7,7,6,20,476,7,1,2,10,514,486,210,38,158,15
21,1000,70,5.13,10.3,18,37,46,968,21,4,7,32,7.436804136,203,301,45.95861022,28.12237022,7.912549241,6.970479727,476,12,3,4,19,492,9,1,3,13,495,505,264,37,183,20
17,1000,70,5.13,10.3,18,37,49,960,24,8,8,40,7.860622766,216,306,46.36290325,28.43135949,8.18023914,7.541006392,480,11,4,5,20,480,13,4,3,20,500,500,276,30,204,12
19,1000,70,5.13,10.3,18,37,44,957,28,8,7,43,7.77331546,176,286,32.72500093,19.06915902,7.519492829,8.047190607,498,14,5,2,21,459,14,3,5,22,519,481,243,43,158,18
22,1000,70,5.13,10.3,18,37,45,967,22,4,7,33,7.551925419,189,284,34.643791,21.00817496,7.773700397,7.338847499,470,15,1,4,20,497,7,3,3,13,490,510,253,31,177,12
18,1000,70,5.13,10.3,18,37,48,961,27,7,5,39,7.62576065,188,308,36.42160575,23.92296722,8.256243575,6.956278782,489,17,6,3,26,472,10,1,2,13,515,485,263,45,170,18
20,1000,70,5.13,10.3,18,37,45,955,19,11,15,45,7.936572337,205,299,41.9438911,28.81688161,8.747949365,7.144437451,467,12,4,11,27,488,7,7,4,18,494,506,264,35,186,19
23,1000,70,5.13,10.3,18,37,44,970,14,8,8,30,7.457633116,161,262,31.27337822,18.03781736,8.013192291,6.870066417,494,7,7,6,20,476,7,1,2,10,514,486,222,40,146,15
21,1000,70,5.13,10.3,18,37,47,968,21,4,7,32,7.488648769,205,323,49.09901206,29.92266539,7.997324459,6.990045866,476,12,3,4,19,492,9,1,3,13,495,505,286,37,180,25
24,1000,70,5.13,10.3,18,37,18,961,19,11,9,39,7.296486858,122,226,19.83734533,10.89566252,6.754726675,7.840418425,487,9,2,3,14,474,10,9,6,25,501,499,155,71,100,22
17,1000,70,5.13,10.3,18,37,50,957,28,7,8,43,7.866541173,226,326,48.36460162,29.76945433,8.212498325,7.520584021,478,13,4,5,22,479,15,3,3,21,500,500,293,33,206,20
19,1000,70,5.13,10.3,18,37,45,956,28,9,7,44,7.816167592,155,265,34.1537786,19.84768998,7.601763279,8.047510291,498,14,5,2,21,458,14,4,5,23,519,481,229,36,134,21
22,1000,70,5.13,10.3,18,37,46,967,22,4,7,33,7.576580872,183,305,35.99325816,21.83617055,7.82328904,7.339547535,470,15,1,4,20,497,7,3,3,13,490,510,269,36,173,10
18,1000,70,5.13,10.3,18,37,49,962,26,7,5,38,7.619908136,202,289,38.06192844,24.99345889,8.324611203,6.871615188,489,17,6,3,26,473,9,1,2,12,515,485,251,38,184,18
20,1000,70,5.13,10.3,18,37,46,956,20,10,14,44,7.951914864,196,304,43.39661184,29.89374018,8.763493354,7.159583295,467,12,4,11,27,489,8,6,3,17,494,506,273,31,186,10
23,1000,70,5.13,10.3,18,37,45,971,14,7,8,29,7.423094819,172,257,32.35356977,18.68722846,8.036417967,6.77443618,495,7,6,6,19,476,7,1,2,10,514,486,221,36,154,18
21,1000,70,5.13,10.3,18,37,48,967,21,5,7,33,7.48493285,219,320,51.28568215,31.27403011,8.01964938,6.960804765,476,12,3,4,19,491,9,2,3,14,495,505,287,33,200,19
17,1000,70,5.13,10.3,18,37,51,959,28,5,8,41,7.839946592,226,331,50.55935347,31.19878286,8.255097821,7.424795364,477,14,4,5,23,482,14,1,3,18,500,500,297,34,211,15
19,1000,70,5.13,10.3,18,37,46,956,28,9,7,44,7.809137999,191,279,35.66930307,20.70107105,7.623855698,8.009057988,499,13,5,2,20,457,15,4,5,24,519,481,241,38,167,24
22,1000,70,5.13,10.3,18,37,47,966,24,4,6,34,7.585188449,191,311,37.51155187,22.95136175,7.848481226,7.33222088,470,15,1,4,20,496,9,3,2,14,490,510,268,43,179,12
24,1000,70,5.13,10.3,18,37,19,962,19,11,8,38,7.318363126,113,203,20.13994175,11.06794556,6.754451857,7.884534561,488,9,2,2,13,474,10,9,6,25,501,499,149,54,86,27
18,1000,70,5.13,10.3,18,37,50,962,25,8,5,38,7.633602646,200,336,39.75460914,26.13860279,8.395986342,6.824061196,489,16,7,3,26,473,9,1,2,12,515,485,296,40,181,19
20,1000,70,5.13,10.3,18,37,47,957,19,10,14,43,7.914776971,201,323,45.48263929,32.16269247,8.763513943,7.086168149,467,12,4,11,27,490,7,6,3,16,494,506,289,34,189,12
23,1000,70,5.13,10.3,18,37,46,971,13,8,8,29,7.414244636,166,283,33.33958752,19.335125,8.051866211,6.739887663,495,6,7,6,19,476,7,1,2,10,514,486,232,51,152,14
21,1000,70,5.13,10.3,18,37,49,964,24,5,7,36,7.497253725,221,316,54.15558894,33.01104677,8.070843754,6.935021914,475,13,3,4,20,489,11,2,3,16,495,505,279,37,207,14
17,1000,70,5.13,10.3,18,37,52,960,28,5,7,40,7.842444932,228,351,53.07504688,32.6836973,8.305207714,7.37968215,477,14,4,5,23,483,14,1,2,17,500,500,313,38,205,23
19,1000,70,5.13,10.3,18,37,47,955,29,8,8,45,7.837820127,199,289,37.29513067,21.69895024,7.695716388,7.991150357,498,14,4,3,21,457,15,4,5,24,519,481,248,41,178,21
22,1000,70,5.13,10.3,18,37,48,967,24,3,6,33,7.58520962,219,306,39.30578452,24.24148887,7.904531976,7.27840971,470,15,1,4,20,497,9,2,2,13,490,510,264,42,196,23
24,1000,70,5.13,10.3,18,37,20,962,20,10,8,38,7.301740622,130,196,20.40175248,11.27714313,6.815461367,7.789968893,487,10,2,2,14,475,10,8,6,24,501,499,140,56,108,22
18,1000,70,5.13,10.3,18,37,51,961,26,8,5,39,7.622426844,208,318,41.51232612,27.31932337,8.445429565,6.748516738,488,17,7,3,27,473,9,1,2,12,515,485,277,41,194,14
20,1000,70,5.13,10.3,18,37,48,960,17,9,14,40,7.899765067,213,319,47.65530324,34.05192991,8.80425696,7.016723575,467,11,5,11,27,493,6,4,3,13,494,506,282,37,193,20
23,1000,70,5.13,10.3,18,37,47,971,12,9,8,29,7.410810324,164,287,34.2075353,19.87597255,8.118430554,6.662421849,495,5,8,6,19,476,7,1,2,10,514,486,254,33,154,10
21,1000,70,5.13,10.3,18,37,50,964,24,6,6,36,7.497762904,239,339,57.4228622,34.9724072,8.151974737,6.85650576,473,14,4,4,22,491,10,2,2,14,495,505,302,37,223,16
17,1000,70,5.13,10.3,18,37,53,959,30,5,6,41,7.864204504,227,366,55.89522407,34.51023013,8.334559335,7.393849674,476,15,4,5,24,483,15,1,1,17,500,500,319,47,216,11
19,1000,70,5.13,10.3,18,37,48,955,29,8,8,45,7.835164768,176,266,39.30907752,22.78981316,7.729499619,7.949177684,497,15,4,3,22,458,14,4,5,23,519,481,224,42,160,16
22,1000,70,5.13,10.3,18,37,49,965,26,3,6,35,7.602105889,209,318,41.54377405,25.73258781,7.947607508,7.270153353,468,17,1,4,22,497,9,2,2,13,490,510,285,33,194,15
24,1000,70,5.13,10.3,18,37,21,963,20,9,8,37,7.303074313,126,200,20.71443168,11.46703185,6.851169782,7.756790084,487,10,2,2,14,476,10,7,6,23,501,499,142,58,101,25
18,1000,70,5.13,10.3,18,37,52,961,26,8,5,39,7.609045764,204,311,43.87435524,29.11134504,8.465620261,6.699487277,488,17,7,3,27,473,9,1,2,12,515,485,278,33,190,14
23,1000,70,5.13,10.3,18,37,48,970,13,9,8,30,7.407516349,180,283,35.52962747,20.78923478,8.181760584,6.58866545,494,6,8,6,20,476,7,1,2,10,514,486,247,36,166,14
20,1000,70,5.13,10.3,18,37,49,960,17,9,14,40,7.863934641,227,313,50.46908219,36.37212925,8.830624693,6.920170044,467,11,5,11,27,493,6,4,3,13,494,506,276,37,210,17
21,1000,70,5.13,10.3,18,37,51,966,23,6,5,34,7.465340413,247,333,62.12494459,37.78135063,8.189439472,6.75557995,473,14,4,4,22,493,9,2,1,12,495,505,297,36,223,24
17,1000,70,5.13,10.3,18,37,54,959,30,5,6,41,7.860852037,246,349,58.17614709,36.06587979,8.379408563,7.342295511,476,15,4,5,24,483,15,1,1,17,500,500,314,35,236,10
19,1000,70,5.13,10.3,18,37,49,958,29,7,6,42,7.800566069,195,290,40.61882753,23.59732466,7.766911546,7.83687937,497,15,4,3,22,461,14,3,3,20,519,481,247,43,173,22
22,1000,70,5.13,10.3,18,37,50,966,25,3,6,34,7.587562052,222,308,43.33276538,27.01061088,7.965641626,7.224309128,468,17,1,4,22,498,8,2,2,12,490,510,274,34,205,17
18,1000,70,5.13,10.3,18,37,53,960,26,9,5,40,7.601627917,196,321,45.9927984,31.0565953,8.514586091,6.632198103,488,17,7,3,27,472,9,2,2,13,515,485,279,42,187,9
24,1000,70,5.13,10.3,18,37,22,964,20,9,7,36,7.330358008,124,211,21.08864029,11.70177728,6.872056935,7.79049596,487,10,2,2,14,477,10,7,5,22,501,499,141,70,97,27
23,1000,70,5.13,10.3,18,37,49,969,13,10,8,31,7.427981306,182,288,36.42883668,21.35461319,8.234548492,6.574945228,493,6,9,6,21,476,7,1,2,10,514,486,248,40,162,20
20,1000,70,5.13,10.3,18,37,50,960,18,8,14,40,7.866061716,232,319,53.1614095,38.66941639,8.858492751,6.897166594,466,12,5,11,28,494,6,3,3,12,494,506,286,33,219,13
21,1000,70,5.13,10.3,18,37,52,966,23,6,5,34,7.488653282,244,359,65.4941321,39.91248691,8.221917592,6.769909057,473,14,4,4,22,493,9,2,1,12,495,505,320,39,226,18
17,1000,70,5.13,10.3,18,37,55,959,29,7,5,41,7.847097424,252,352,61.182324,37.95375066,8.43287285,7.261321998,476,15,4,5,24,483,14,3,0,17,500,500,322,30,234,18
19,1000,70,5.13,10.3,18,37,50,959,28,6,7,41,7.816337659,179,307,42.63682808,24.7612076,7.841170612,7.789542851,498,14,4,3,21,461,14,2,4,20,519,481,268,39,161,18
22,1000,70,5.13,10.3,18,37,51,966,24,4,6,34,7.568979853,244,321,45.27029396,28.36585289,7.985268456,7.169016293,468,17,1,4,22,498,7,3,2,12,490,510,282,39,226,18
18,1000,70,5.13,10.3,18,37,54,959,27,9,5,41,7.607183298,210,340,48.01144544,32.7526137,8.563822111,6.59137095,487,18,7,3,28,472,9,2,2,13,515,485,301,39,193,17
23,1000,70,5.13,10.3,18,37,50,967,15,11,7,33,7.45566149,203,278,37.55370352,22.11310042,8.294641943,6.568344715,491,8,10,5,23,476,7,1,2,10,514,486,246,32,186,17
20,1000,70,5.13,10.3,18,37,51,960,17,9,14,40,7.881294565,212,330,55.88837949,40.77620981,8.95291655,6.835086541,465,12,6,11,29,495,5,3,3,11,494,506,299,31,199,13
24,1000,70,5.13,10.3,18,37,23,965,19,10,6,35,7.342661399,128,218,21.53196658,11.95880569,6.934405798,7.752553295,488,9,2,2,13,477,10,8,4,22,501,499,154,64,106,22
21,1000,70,5.13,10.3,18,37,53,963,25,7,5,37,7.505019176,243,356,69.99149918,42.95723864,8.26722386,6.757907655,473,14,4,4,22,490,11,3,1,15,495,505,320,36,227,16
17,1000,70,5.13,10.3,18,37,56,959,28,8,5,41,7.848767468,259,352,64.95205802,40.63534947,8.477581214,7.219953722,476,14,5,5,24,483,14,3,0,17,500,500,323,29,243,16
19,1000,70,5.13,10.3,18,37,51,958,29,6,7,42,7.834698762,169,314,45.08365752,26.16943889,7.897882059,7.766523852,497,15,4,3,22,461,14,2,4,20,519,481,272,42,156,13
22,1000,70,5.13,10.3,18,37,52,967,23,4,6,33,7.52398062,226,302,47.37666181,29.71015872,8.023860793,7.04370359,468,17,1,4,22,499,6,3,2,11,490,510,267,35,212,14
18,1000,70,5.13,10.3,18,37,55,959,27,9,5,41,7.604592654,214,331,50.51857828,34.57014931,8.602727748,6.544717245,487,18,7,3,28,472,9,2,2,13,515,485,304,27,204,10
23,1000,70,5.13,10.3,18,37,51,966,16,11,7,34,7.486054653,187,312,38.95075722,23.00038606,8.388293376,6.531835099,490,9,10,5,24,476,7,1,2,10,514,486,267,45,170,17
20,1000,70,5.13,10.3,18,37,52,961,16,8,15,39,7.877358216,232,335,58.37067716,42.51572277,8.972548477,6.808140846,466,11,5,12,28,495,5,3,3,11,494,506,317,18,218,14
21,1000,70,5.13,10.3,18,37,54,963,24,8,5,37,7.492561651,241,361,76.05694105,46.3142363,8.32375011,6.677832369,472,14,5,4,23,491,10,3,1,14,495,505,322,39,232,9
17,1000,70,5.13,10.3,18,37,57,962,26,7,5,38,7.869039579,264,365,68.36071873,43.0174864,8.536552515,7.201526642,477,13,5,5,23,485,13,2,0,15,500,500,335,30,252,12
24,1000,70,5.13,10.3,18,37,24,964,19,11,6,36,7.390169405,124,205,21.98968077,12.24189131,7.023481877,7.758326623,488,8,3,2,13,476,11,8,4,23,501,499,153,52,107,17
19,1000,70,5.13,10.3,18,37,52,959,28,6,7,41,7.86199057,210,291,46.87508614,27.37334212,7.947657312,7.769555976,497,15,4,3,22,462,13,2,4,19,519,481,256,35,189,21
22,1000,70,5.13,10.3,18,37,53,967,23,4,6,33,7.558940762,223,324,48.9809175,30.8085255,8.092818679,7.045999234,468,17,1,4,22,499,6,3,2,11,490,510,301,23,210,13
18,1000,70,5.13,10.3,18,37,56,958,28,9,5,42,7.612525541,215,350,53.26443207,36.6737967,8.659263119,6.501041309,486,19,7,3,29,472,9,2,2,13,515,485,305,45,203,12
23,1000,70,5.13,10.3,18,37,52,965,17,11,7,35,7.48854097,178,281,40.57647715,24.05695008,8.404537956,6.519770495,490,9,10,5,24,475,8,1,2,11,514,486,253,28,168,10
20,1000,70,5.13,10.3,18,37,53,962,16,7,15,38,7.846691581,225,359,61.16133274,44.12545463,8.982104186,6.738205757,466,11,5,12,28,496,5,2,3,10,494,506,320,39,211,14
21,1000,70,5.13,10.3,18,37,55,964,23,8,5,36,7.454270659,252,347,81.46074379,49.4387989,8.381038411,6.545854744,472,14,5,4,23,492,9,3,1,13,495,505,306,41,236,16
17,1000,70,5.13,10.3,18,37,58,961,27,7,5,39,7.8389906,261,369,72.19579037,45.51146261,8.565830367,7.112150834,477,13,5,5,23,484,14,2,0,16,500,500,335,34,244,17
19,1000,70,5.13,10.3,18,37,53,959,28,7,6,41,7.867027521,184,293,49.07256439,28.70004771,7.99460048,7.729376033,497,15,4,3,22,462,13,3,3,19,519,481,270,23,161,23
24,1000,70,5.13,10.3,18,37,25,962,21,11,6,38,7.422794513,140,226,22.55900088,12.58892625,7.089564976,7.75735964,487,9,3,2,14,475,12,8,4,24,501,499,167,59,120,20
22,1000,70,5.13,10.3,18,37,54,965,25,3,7,35,7.564801946,224,324,50.4541539,31.75446192,8.145415499,7.006957552,467,18,1,4,23,498,7,2,3,12,490,510,297,27,208,16
18,1000,70,5.13,10.3,18,37,57,957,29,9,5,43,7.638081354,233,357,56.76963136,39.30439515,8.726833297,6.481983929,485,20,7,3,30,472,9,2,2,13,515,485,317,40,218,15
23,1000,70,5.13,10.3,18,37,53,967,15,11,7,33,7.479517468,198,294,42.16418181,24.99910485,8.415814949,6.489276921,491,9,9,5,23,476,6,2,2,10,514,486,269,25,177,21
20,1000,70,5.13,10.3,18,37,54,961,17,7,15,39,7.852908838,243,351,63.69468146,46.40484038,9.02723349,6.706433783,465,12,5,12,29,496,5,2,3,10,494,506,318,33,231,12
21,1000,70,5.13,10.3,18,37,56,964,23,8,5,36,7.458604121,262,351,87.29362077,52.81217993,8.395871623,6.539896372,472,14,5,4,23,492,9,3,1,13,495,505,322,29,237,25
17,1000,70,5.13,10.3,18,37,59,961,27,7,5,39,7.795378997,293,377,75.58520897,47.60702258,8.568775384,7.021982609,477,13,5,5,23,484,14,2,0,16,500,500,348,29,277,16
19,1000,70,5.13,10.3,18,37,54,960,27,7,6,40,7.901134235,204,326,51.610533,30.24989494,8.073344547,7.715318951,497,15,4,3,22,463,12,3,3,18,519,481,277,49,185,19
22,1000,70,5.13,10.3,18,37,55,964,26,3,7,36,7.55968989,230,333,52.04252204,32.67218745,8.187503783,6.95649615,467,18,1,4,23,497,8,2,3,13,490,510,303,30,218,12
24,1000,70,5.13,10.3,18,37,26,963,21,10,6,37,7.444496471,117,203,22.99818834,12.87150065,7.125318784,7.764953427,486,10,3,2,15,477,11,7,4,22,501,499,158,45,96,21
18,1000,70,5.13,10.3,18,37,58,957,30,8,5,43,7.661248193,232,342,59.61118285,41.28691761,8.769991766,6.483922544,485,20,7,3,30,472,10,1,2,13,515,485,313,29,215,17
23,1000,70,5.13,10.3,18,37,54,966,16,11,7,34,7.521467902,198,302,43.63370248,25.84840504,8.480154627,6.507548198,491,9,9,5,23,475,7,2,2,11,514,486,270,32,174,24
20,1000,70,5.13,10.3,18,37,55,958,19,8,15,42,7.906141997,247,373,65.66360982,47.87735265,9.135933466,6.705515543,463,14,5,12,31,495,5,3,3,11,494,506,333,40,234,13
21,1000,70,5.13,10.3,18,37,57,964,23,7,6,36,7.47431433,261,378,94.9423509,56.9333709,8.455487595,6.512570237,472,13,5,5,23,492,10,2,1,13,495,505,340,38,251,10
17,1000,70,5.13,10.3,18,37,60,960,27,8,5,40,7.776101077,279,377,79.36781197,49.90207231,8.645624434,6.906577721,476,14,5,5,24,484,13,3,0,16,500,500,354,23,270,9
19,1000,70,5.13,10.3,18,37,55,960,27,7,6,40,7.902439036,204,312,54.14858538,31.89973997,8.097011519,7.692494922,497,15,4,3,22,463,12,3,3,18,519,481,268,44,193,11
22,1000,70,5.13,10.3,18,37,56,965,26,3,6,35,7.542650644,226,323,53.82526901,33.89800481,8.196413024,6.914526005,467,18,1,4,23,498,8,2,2,12,490,510,298,25,213,13
24,1000,70,5.13,10.3,18,37,27,964,20,11,5,36,7.400571607,145,221,23.75324096,13.24192574,7.117038975,7.685240642,486,10,3,2,15,478,10,8,3,21,501,499,168,53,122,23
18,1000,70,5.13,10.3,18,37,59,956,30,9,5,44,7.656394645,246,366,63.27351262,44.14405528,8.80946857,6.431996559,485,20,7,3,30,471,10,2,2,14,515,485,325,41,236,10
23,1000,70,5.13,10.3,18,37,55,966,16,11,7,34,7.505941174,214,335,44.79066334,26.58218518,8.473946855,6.482165617,491,9,9,5,23,475,7,2,2,11,514,486,293,42,194,20
21,1000,70,5.13,10.3,18,37,58,965,21,8,6,35,7.44587503,281,354,103.4324424,61.87185307,8.472287475,6.439787583,472,12,6,5,23,493,9,2,1,12,495,505,321,33,263,18
20,1000,70,5.13,10.3,18,37,56,958,19,8,15,42,7.901719141,272,371,69.42087228,51.00385815,9.16891085,6.66457941,463,14,5,12,31,495,5,3,3,11,494,506,348,23,261,11
17,1000,70,5.13,10.3,18,37,61,960,27,8,5,40,7.761799878,288,392,84.55272077,53.18920828,8.693704249,6.829895508,476,14,5,5,24,484,13,3,0,16,500,500,365,27,274,14
19,1000,70,5.13,10.3,18,37,56,962,26,7,5,38,7.894429142,208,323,56.96166471,33.47544811,8.134333667,7.635571662,497,15,4,3,22,465,11,3,2,16,519,481,283,40,195,13
22,1000,70,5.13,10.3,18,37,57,965,27,3,5,35,7.505619858,245,350,55.99037611,35.33622443,8.249652286,6.790765173,467,18,1,4,23,498,9,2,1,12,490,510,315,35,232,13
18,1000,70,5.13,10.3,18,37,60,954,31,10,5,46,7.640236075,249,357,66.35032795,46.39137818,8.859698979,6.345342476,483,21,8,3,32,471,10,2,2,14,515,485,329,28,231,18
24,1000,70,5.13,10.3,18,37,28,965,19,10,6,35,7.423294042,155,222,24.33287163,13.58119132,7.182333761,7.665220096,486,10,3,2,15,479,9,7,4,20,501,499,166,56,135,20
23,1000,70,5.13,10.3,18,37,56,965,17,11,7,35,7.515937344,180,310,46.24853489,27.44881388,8.545285373,6.427285314,490,10,9,5,24,475,7,2,2,11,514,486,283,27,169,11
21,1000,70,5.13,10.3,18,37,59,965,21,8,6,35,7.445364393,260,363,115.4960063,68.97100105,8.501473701,6.410168142,472,12,6,5,23,493,9,2,1,12,495,505,328,35,242,18
20,1000,70,5.13,10.3,18,37,57,959,18,8,15,41,7.904795954,260,370,74.25500513,54.70337506,9.256871142,6.584785791,462,15,5,12,32,497,3,3,3,9,494,506,342,28,248,12
17,1000,70,5.13,10.3,18,37,62,961,26,8,5,39,7.761348082,286,393,87.66821398,55.34630052,8.711483135,6.811213029,476,14,5,5,24,485,12,3,0,15,500,500,368,25,272,14
19,1000,70,5.13,10.3,18,37,57,962,26,7,5,38,7.859201997,188,318,59.51857289,35.1668418,8.160517587,7.534081848,497,15,4,3,22,465,11,3,2,16,519,481,290,28,177,11
22,1000,70,5.13,10.3,18,37,58,964,28,3,5,36,7.479697688,242,329,58.31592383,36.7761135,8.270289454,6.72010952,466,19,1,4,24,498,9,2,1,12,490,510,302,27,227,15
18,1000,70,5.13,10.3,18,37,61,954,31,9,6,46,7.645566943,256,368,70.25241486,49.66501249,8.917820618,6.294617164,483,21,7,4,32,471,10,2,2,14,515,485,339,29,241,15
23,1000,70,5.13,10.3,18,37,57,967,16,10,7,33,7.516013478,192,306,48.2156309,28.78475252,8.573315628,6.397796801,491,10,8,5,23,476,6,2,2,10,514,486,275,31,175,17
24,1000,70,5.13,10.3,18,37,29,965,19,10,6,35,7.46181047,134,215,25.01900338,13.96259276,7.234326243,7.690206458,486,11,3,1,15,479,8,7,5,20,501,499,170,45,117,17
21,1000,70,5.13,10.3,18,37,60,965,21,8,6,35,7.452682726,258,403,133.0266924,78.54612296,8.545767428,6.381243265,472,12,6,5,23,493,9,2,1,12,495,505,362,41,242,16
20,1000,70,5.13,10.3,18,37,58,956,21,8,15,44,7.897958078,264,386,78.58871483,57.94113824,9.307250512,6.522087599,460,17,5,12,34,496,4,3,3,10,494,506,347,39,248,16
17,1000,70,5.13,10.3,18,37,63,961,27,6,6,39,7.773937879,291,413,92.45040083,58.17365905,8.79325103,6.754624729,474,16,4,6,26,487,11,2,0,13,500,500,374,39,276,15
19,1000,70,5.13,10.3,18,37,58,963,26,6,5,37,7.854389911,225,325,61.58691457,36.59807455,8.180916835,7.502066681,497,15,4,3,22,466,11,2,2,15,519,481,293,32,205,20
22,1000,70,5.13,10.3,18,37,59,963,29,3,5,37,7.477882633,231,349,60.12116569,37.81544428,8.333734149,6.655593922,465,20,1,4,25,498,9,2,1,12,490,510,318,31,223,8
18,1000,70,5.13,10.3,18,37,62,953,32,9,6,47,7.653822462,250,368,74.26491318,53.2336602,8.968368455,6.257964346,483,21,7,4,32,470,11,2,2,15,515,485,332,36,240,10
23,1000,70,5.13,10.3,18,37,58,967,16,10,7,33,7.531556459,201,320,50.02265244,29.91899669,8.630709476,6.369077754,491,10,8,5,23,476,6,2,2,10,514,486,289,31,193,8
21,1000,70,5.13,10.3,18,37,61,965,21,8,6,35,7.436108384,278,368,153.925253,90.04257106,8.585032271,6.309935466,472,12,6,5,23,493,9,2,1,12,495,505,337,31,263,15
24,1000,70,5.13,10.3,18,37,30,965,19,10,6,35,7.478675848,143,223,25.69538884,14.36921595,7.270688042,7.687497273,486,11,3,1,15,479,8,7,5,20,501,499,182,41,125,18
20,1000,70,5.13,10.3,18,37,59,956,21,8,15,44,7.882757488,278,390,84.89914739,63.74148766,9.359888748,6.440657009,460,17,5,12,34,496,4,3,3,10,494,506,357,33,270,8
17,1000,70,5.13,10.3,18,37,64,960,28,6,6,40,7.756156296,292,395,97.90508863,61.29141104,8.802327604,6.709984989,474,16,4,6,26,486,12,2,0,14,500,500,368,27,280,12
19,1000,70,5.13,10.3,18,37,59,963,26,6,5,37,7.872219619,237,335,63.6296653,38.23351318,8.213392239,7.504093652,497,15,4,3,22,466,11,2,2,15,519,481,302,33,218,19
22,1000,70,5.13,10.3,18,37,60,964,28,2,6,36,7.448117885,261,381,62.86584309,39.25748452,8.384100299,6.548840663,465,19,1,5,25,499,9,1,1,11,490,510,342,39,249,12
18,1000,70,5.13,10.3,18,37,63,953,32,9,6,47,7.652440596,250,387,78.50648862,57.2322877,8.985424592,6.237003982,483,21,7,4,32,470,11,2,2,15,515,485,355,32,234,16
23,1000,70,5.13,10.3,18,37,59,968,15,10,7,32,7.540896509,207,347,51.55457514,30.86254152,8.649573952,6.368344646,492,9,8,5,22,476,6,2,2,10,514,486,313,34,190,17
21,1000,70,5.13,10.3,18,37,62,964,21,8,7,36,7.470132887,267,377,191.5065956,110.1344168,8.665245817,6.298685559,471,12,6,6,24,493,9,2,1,12,495,505,346,31,258,9
20,1000,70,5.13,10.3,18,37,60,956,21,8,15,44,7.941958822,269,379,88.96838442,66.16505149,9.427796542,6.49135836,460,17,5,12,34,496,4,3,3,10,494,506,354,25,254,15
17,1000,70,5.13,10.3,18,37,65,963,25,6,6,37,7.743094348,304,394,103.1923225,64.20634922,8.843286462,6.642902233,476,14,4,6,24,487,11,2,0,13,500,500,371,23,296,8
24,1000,70,5.13,10.3,18,37,31,967,18,9,6,33,7.46888204,159,227,26.42491725,14.81714128,7.321318882,7.617036634,485,11,4,1,16,482,7,5,5,17,501,499,172,55,140,19
19,1000,70,5.13,10.3,18,37,60,963,26,6,5,37,7.858536112,212,334,67.56283041,40.70648934,8.260173851,7.425168157,497,15,4,3,22,466,11,2,2,15,519,481,299,35,198,14
22,1000,70,5.13,10.3,18,37,61,964,28,2,6,36,7.460218847,251,372,65.79769925,40.96464593,8.449989058,6.509263154,465,19,1,5,25,499,9,1,1,11,490,510,344,28,235,16
18,1000,70,5.13,10.3,18,37,64,954,31,9,6,46,7.646201415,252,361,82.34593636,60.13682338,9.014540433,6.19322287,483,21,7,4,32,471,10,2,2,14,515,485,335,26,242,10
23,1000,70,5.13,10.3,18,37,60,967,17,10,6,33,7.52632098,223,328,53.77074222,32.13724032,8.688541549,6.297141201,490,11,8,5,24,477,6,2,1,9,514,486,303,25,207,16
21,1000,70,5.13,10.3,18,37,63,962,23,8,7,38,7.492555184,265,361,196.4136782,113.2113932,8.741766502,6.268080724,469,14,6,6,26,493,9,2,1,12,495,505,341,20,255,10
20,1000,70,5.13,10.3,18,37,61,956,22,8,14,44,7.930670814,285,387,94.18387629,70.17286999,9.440523666,6.456624749,460,18,5,11,34,496,4,3,3,10,494,506,357,30,270,15
17,1000,70,5.13,10.3,18,37,66,964,25,6,5,36,7.74165337,308,399,110.2865981,68.38202788,8.904261533,6.579045206,476,15,4,5,24,488,10,2,0,12,500,500,366,33,295,13
24,1000,70,5.13,10.3,18,37,32,967,17,9,7,33,7.469030054,154,237,27.56479282,15.44409389,7.334591027,7.604007916,485,10,5,1,16,482,7,4,6,17,501,499,192,45,137,17
19,1000,70,5.13,10.3,18,37,61,963,26,6,5,37,7.811423918,227,344,71.59690322,43.10277851,8.254191117,7.333677188,497,15,4,3,22,466,11,2,2,15,519,481,323,21,215,12
18,1000,70,5.13,10.3,18,37,65,955,30,9,6,45,7.635067355,274,380,87.90442998,64.85344753,9.031173012,6.152604647,484,20,7,4,31,471,10,2,2,14,515,485,348,32,260,14
22,1000,70,5.13,10.3,18,37,62,965,27,2,6,35,7.448063054,264,373,69.54018683,43.31556394,8.484957575,6.451831064,465,19,1,5,25,500,8,1,1,10,490,510,344,29,251,13
23,1000,70,5.13,10.3,18,37,61,966,18,10,6,34,7.529885694,223,340,56.14574655,33.68543446,8.702709545,6.289491745,490,11,8,5,24,476,7,2,1,10,514,486,301,39,209,14
21,1000,70,5.13,10.3,18,37,64,962,23,8,7,38,7.468007127,283,385,206.2591687,118.1231099,8.753578793,6.207892326,469,14,6,6,26,493,9,2,1,12,495,505,353,32,271,12
20,1000,70,5.13,10.3,18,37,62,957,22,8,13,43,7.895041079,301,397,98.24362323,72.64488968,9.440609009,6.386126933,461,18,5,10,33,496,4,3,3,10,494,506,366,31,287,14
17,1000,70,5.13,10.3,18,37,67,963,26,6,5,37,7.75614049,311,411,115.7218568,71.75746209,8.952889333,6.559391648,475,16,4,5,25,488,10,2,0,12,500,500,385,26,305,6
19,1000,70,5.13,10.3,18,37,62,962,26,7,5,38,7.808045951,234,333,74.81630544,45.04726229,8.298078603,7.279299701,496,15,5,3,23,466,11,2,2,15,519,481,307,26,222,12
24,1000,70,5.13,10.3,18,37,33,968,17,9,6,32,7.481041992,139,269,28.40020472,15.91731949,7.362100557,7.600460146,485,10,5,1,16,483,7,4,5,16,501,499,211,58,117,22
18,1000,70,5.13,10.3,18,37,66,956,28,10,6,44,7.640150058,286,379,91.54929419,67.34810566,9.09493471,6.095378727,484,20,7,4,31,472,8,3,2,13,515,485,351,28,269,17
22,1000,70,5.13,10.3,18,37,63,965,27,2,6,35,7.414481616,262,376,72.95765982,45.1392078,8.53198983,6.340797254,465,19,1,5,25,500,8,1,1,10,490,510,355,21,252,10
23,1000,70,5.13,10.3,18,37,62,964,19,11,6,36,7.539771052,218,338,57.40830637,34.42702484,8.747444845,6.262519345,488,13,8,5,26,476,6,3,1,10,514,486,303,35,204,14
21,1000,70,5.13,10.3,18,37,65,962,24,8,6,38,7.410683703,290,396,240.3001893,136.4531805,8.735453071,6.112147392,470,14,6,5,25,492,10,2,1,13,495,505,372,24,282,8
17,1000,70,5.13,10.3,18,37,68,963,26,6,5,37,7.755653443,316,398,123.4613923,76.37293417,8.982663617,6.528643268,475,16,4,5,25,488,10,2,0,12,500,500,381,17,308,8
20,1000,70,5.13,10.3,18,37,63,955,22,10,13,45,7.915698638,272,398,101.9872998,75.15867812,9.500720684,6.368266048,460,18,6,10,34,495,4,4,3,11,494,506,369,29,262,10
19,1000,70,5.13,10.3,18,37,63,962,26,7,5,38,7.814106141,225,339,80.68386265,48.5012872,8.328101029,7.259504588,496,15,5,3,23,466,11,2,2,15,519,481,311,28,216,9
18,1000,70,5.13,10.3,18,37,67,957,28,9,6,43,7.633921934,291,382,98.0414023,73.63551127,9.159375993,6.014109892,484,20,6,5,31,473,8,3,1,12,515,485,350,32,278,13
24,1000,70,5.13,10.3,18,37,34,968,18,8,6,32,7.488509457,153,265,29.10580629,16.3343874,7.418163374,7.559137487,486,10,4,1,15,482,8,4,5,17,501,499,213,52,128,25
22,1000,70,5.13,10.3,18,37,64,965,27,2,6,35,7.400034848,305,366,76.35742821,47.07384598,8.576554399,6.269653319,464,20,1,5,26,501,7,1,1,9,490,510,340,26,282,23
23,1000,70,5.13,10.3,18,37,63,964,20,10,6,36,7.552561036,249,337,58.7846857,35.20053394,8.78427929,6.24987959,488,14,7,5,26,476,6,3,1,10,514,486,307,30,228,21
21,1000,70,5.13,10.3,18,37,66,962,24,8,6,38,7.410877456,299,401,271.9411405,154.3346434,8.812022423,6.037477933,469,15,6,5,26,493,9,2,1,12,495,505,365,36,293,6
17,1000,70,5.13,10.3,18,37,69,964,25,6,5,36,7.760331816,332,408,132.7415543,81.73571662,9.04974577,6.470917863,475,16,4,5,25,489,9,2,0,11,500,500,385,23,318,14
20,1000,70,5.13,10.3,18,37,64,955,22,10,13,45,7.887109197,295,386,106.5468826,78.21328537,9.523214996,6.289804326,461,17,6,10,33,494,5,4,3,12,494,506,369,17,279,16
19,1000,70,5.13,10.3,18,37,64,961,27,7,5,39,7.834027232,235,355,84.73846095,51.29956186,8.395507177,7.228189203,496,15,5,3,23,465,12,2,2,16,519,481,324,31,221,14
18,1000,70,5.13,10.3,18,37,68,957,27,10,6,43,7.667945133,279,388,105.806563,79.77038545,9.18439281,6.057696569,484,20,6,5,31,473,7,4,1,12,515,485,357,31,271,8
22,1000,70,5.13,10.3,18,37,65,966,26,2,6,34,7.380240051,275,371,80.25453311,49.0874667,8.583696176,6.223978283,465,19,1,5,25,501,7,1,1,9,490,510,343,28,263,12
23,1000,70,5.13,10.3,18,37,64,963,21,10,6,37,7.553903647,222,341,60.81198547,36.4199574,8.818632894,6.21630934,488,14,7,5,26,475,7,3,1,11,514,486,311,30,214,8
21,1000,70,5.13,10.3,18,37,67,963,23,8,6,37,7.405710014,308,414,333.442614,187.1528637,8.876172588,5.964365511,469,15,6,5,26,494,8,2,1,11,495,505,385,29,293,15
24,1000,70,5.13,10.3,18,37,35,968,18,8,6,32,7.513593345,154,268,29.75298456,16.74801605,7.482871186,7.544438638,486,10,4,1,15,482,8,4,5,17,501,499,229,39,136,18
17,1000,70,5.13,10.3,18,37,70,964,25,6,5,36,7.737937374,323,405,142.8008464,87.86044199,9.136656314,6.339218435,474,17,4,5,26,490,8,2,0,10,500,500,379,26,314,9
20,1000,70,5.13,10.3,18,37,65,955,21,12,12,45,7.882496478,300,388,110.2890711,80.44011834,9.588871836,6.216588519,461,16,7,10,33,494,5,5,2,12,494,506,367,21,295,5
19,1000,70,5.13,10.3,18,37,65,961,25,9,5,39,7.82731511,265,367,88.8585874,54.39112348,8.421525185,7.186161203,496,14,6,3,23,465,11,3,2,16,519,481,341,26,246,19
18,1000,70,5.13,10.3,18,37,69,958,27,9,6,42,7.631319621,291,404,116.104508,89.77474858,9.201514879,5.963998884,484,20,6,5,31,474,7,3,1,11,515,485,370,34,278,13
22,1000,70,5.13,10.3,18,37,66,967,25,2,6,33,7.383151567,268,379,83.26952051,50.76975884,8.654169238,6.161977726,465,19,1,5,25,502,6,1,1,8,490,510,355,24,259,9
23,1000,70,5.13,10.3,18,37,65,962,22,10,6,38,7.544880389,232,338,63.29486013,37.86763083,8.845439421,6.169392031,487,15,7,5,27,475,7,3,1,11,514,486,307,31,222,10
21,1000,70,5.13,10.3,18,37,68,962,24,8,6,38,7.396714269,299,400,393.6985124,219.2870344,8.917741005,5.905806875,468,16,6,5,27,494,8,2,1,11,495,505,379,21,287,12
17,1000,70,5.13,10.3,18,37,71,964,25,6,5,36,7.71675273,335,415,151.1114679,92.76656167,9.156785552,6.276719908,474,17,4,5,26,490,8,2,0,10,500,500,388,27,323,12
24,1000,70,5.13,10.3,18,37,36,968,17,9,6,32,7.494618652,162,259,30.62895141,17.23225125,7.48371551,7.505565493,486,10,4,1,15,482,7,5,5,17,501,499,204,55,145,17
20,1000,70,5.13,10.3,18,37,66,955,21,13,11,45,7.852758412,315,395,117.4148808,84.74703051,9.631970271,6.1157413,461,16,8,9,33,494,5,5,2,12,494,506,372,23,301,14
19,1000,70,5.13,10.3,18,37,66,962,25,8,5,38,7.806809431,263,367,93.10112314,57.17264109,8.500221066,7.058616835,496,14,6,3,23,466,11,2,2,15,519,481,333,34,250,13
18,1000,70,5.13,10.3,18,37,70,958,27,9,6,42,7.63239809,301,395,123.2851466,96.07062917,9.244593017,5.920479765,484,20,6,5,31,474,7,3,1,11,515,485,366,29,289,12
22,1000,70,5.13,10.3,18,37,67,968,24,2,6,32,7.337004247,269,382,87.89268138,53.55826998,8.662660384,6.063334625,466,18,1,5,24,502,6,1,1,8,490,510,352,30,261,8
21,1000,70,5.13,10.3,18,37,69,962,25,8,5,38,7.4076584,312,392,447.8174711,247.3652242,8.98123224,5.865244438,468,16,6,5,27,494,9,2,0,11,495,505,367,25,296,16
23,1000,70,5.13,10.3,18,37,66,962,21,11,6,38,7.580888419,242,372,66.70351236,40.00010239,8.91480195,6.170123901,487,14,8,5,27,475,7,3,1,11,514,486,342,30,231,11
17,1000,70,5.13,10.3,18,37,72,965,24,6,5,35,7.698759878,339,395,159.1962574,97.87865852,9.22609905,6.171420705,474,17,4,5,26,491,7,2,0,9,500,500,375,20,332,7
20,1000,70,5.13,10.3,18,37,67,955,21,13,11,45,7.880689578,323,404,125.2068019,91.41891218,9.722376118,6.082679399,461,16,8,9,33,494,5,5,2,12,494,506,373,31,313,10
24,1000,70,5.13,10.3,18,37,37,968,17,9,6,32,7.515390937,165,255,31.49385546,17.73463914,7.539125152,7.491561596,486,10,4,1,15,482,7,5,5,17,501,499,215,40,146,19
18,1000,70,5.13,10.3,18,37,71,958,27,9,6,42,7.623038092,306,392,131.0202641,103.7400343,9.322360457,5.818603003,484,20,6,5,31,474,7,3,1,11,515,485,369,23,294,12
19,1000,70,5.13,10.3,18,37,67,963,24,8,5,37,7.801817147,276,380,98.99819067,60.42468527,8.529502997,7.016642601,496,14,6,3,23,467,10,2,2,14,519,481,342,38,265,11
21,1000,70,5.13,10.3,18,37,70,962,25,8,5,38,7.388635693,314,413,515.5021855,282.0517764,9.025438042,5.784245272,468,16,6,5,27,494,9,2,0,11,495,505,388,25,298,16
22,1000,70,5.13,10.3,18,37,68,969,23,2,6,31,7.313831508,287,393,92.64536216,56.43200122,8.676369355,6.004726518,465,19,1,5,25,504,4,1,1,6,490,510,368,25,281,6
23,1000,70,5.13,10.3,18,37,67,961,21,12,6,39,7.577664014,244,360,69.96246619,42.12385028,8.947584199,6.128818386,486,14,9,5,28,475,7,3,1,11,514,486,337,23,232,12
17,1000,70,5.13,10.3,18,37,73,965,24,6,5,35,7.688683124,325,417,168.6770729,103.837929,9.271168461,6.106197787,474,17,4,5,26,491,7,2,0,9,500,500,394,23,317,8
20,1000,70,5.13,10.3,18,37,68,954,22,13,11,46,7.872144523,313,397,131.7880728,95.18850581,9.758396284,6.030626005,460,17,8,9,34,494,5,5,2,12,494,506,377,20,302,11
24,1000,70,5.13,10.3,18,37,38,967,17,10,6,33,7.537850996,144,270,32.86070703,18.54434794,7.565727301,7.509862963,486,10,4,1,15,481,7,6,5,18,501,499,218,52,125,19
18,1000,70,5.13,10.3,18,37,72,960,26,8,6,40,7.579217462,292,405,138.596134,110.2392794,9.318006299,5.732874676,484,20,6,5,31,476,6,2,1,9,515,485,369,36,281,11
19,1000,70,5.13,10.3,18,37,68,964,24,7,5,36,7.820832747,263,383,104.0807225,63.48088386,8.600873976,6.979166639,496,14,6,3,23,468,10,1,2,13,519,481,347,36,254,9
21,1000,70,5.13,10.3,18,37,71,962,24,9,5,38,7.390825282,310,417,568.6144346,310.3335901,9.050529385,5.763986607,468,15,7,5,27,494,9,2,0,11,495,505,398,19,297,13
23,1000,70,5.13,10.3,18,37,68,960,23,11,6,40,7.570665,242,361,73.55309703,44.48638636,9.012912335,6.045325227,484,16,9,5,30,476,7,2,1,10,514,486,334,27,235,7
22,1000,70,5.13,10.3,18,37,69,969,23,2,6,31,7.329806846,284,408,98.33307489,60.15226043,8.69340779,6.019680448,465,19,1,5,25,504,4,1,1,6,490,510,380,28,273,11
17,1000,70,5.13,10.3,18,37,74,965,24,6,5,35,7.693485393,325,414,179.4479529,110.5816545,9.347233091,6.039737695,474,17,4,5,26,491,7,2,0,9,500,500,397,17,315,10
20,1000,70,5.13,10.3,18,37,69,954,22,13,11,46,7.83093614,310,404,138.5737889,99.35541322,9.778878346,5.929190191,460,17,8,9,34,494,5,5,2,12,494,506,377,27,302,8
24,1000,70,5.13,10.3,18,37,39,969,16,9,6,31,7.546048284,154,253,34.08990133,19.23978333,7.613078312,7.478749599,487,9,4,1,14,482,7,5,5,17,501,499,210,43,142,12
18,1000,70,5.13,10.3,18,37,73,960,26,8,6,40,7.580591666,297,400,145.9689396,116.956107,9.350021839,5.701712203,484,20,6,5,31,476,6,2,1,9,515,485,379,21,286,11
21,1000,70,5.13,10.3,18,37,72,962,24,9,5,38,7.410562984,327,413,603.5543802,327.4426174,9.109807413,5.74496696,468,15,7,5,27,494,9,2,0,11,495,505,394,19,320,7
23,1000,70,5.13,10.3,18,37,69,960,23,11,6,40,7.530596221,259,373,77.62024723,47.06859386,9.020969484,5.954357833,484,16,9,5,30,476,7,2,1,10,514,486,345,28,245,14
19,1000,70,5.13,10.3,18,37,69,962,26,6,6,38,7.811086291,259,377,111.6349338,67.82501811,8.665837597,6.888807855,494,16,5,4,25,468,10,1,2,13,519,481,348,29,251,8
22,1000,70,5.13,10.3,18,37,70,968,23,2,7,32,7.315565037,301,404,102.860509,62.95028817,8.727960128,5.958557989,465,19,1,5,25,503,4,1,2,7,490,510,380,24,289,12
17,1000,70,5.13,10.3,18,37,75,964,25,5,6,36,7.707400276,350,426,190.5659335,116.6478753,9.412705622,6.002094931,473,18,3,6,27,491,7,2,0,9,500,500,402,24,335,15
20,1000,70,5.13,10.3,18,37,70,953,23,13,11,47,7.819658821,322,418,145.5197379,103.3791829,9.807822906,5.878644873,459,18,8,9,35,494,5,5,2,12,494,506,398,20,312,10
18,1000,70,5.13,10.3,18,37,74,959,27,8,6,41,7.589668901,307,415,156.6931271,125.4617522,9.441844573,5.622925663,483,21,6,5,32,476,6,2,1,9,515,485,379,36,289,18
24,1000,70,5.13,10.3,18,37,40,970,15,8,7,30,7.554710567,156,260,36.06328141,20.28699688,7.675254319,7.433683674,487,9,3,2,14,483,6,5,5,16,501,499,222,38,148,8
21,1000,70,5.13,10.3,18,37,73,962,24,9,5,38,7.41384972,316,425,662.5836177,354.5081174,9.173444684,5.689098221,468,15,7,5,27,494,9,2,0,11,495,505,394,31,302,14
23,1000,70,5.13,10.3,18,37,70,960,22,12,6,40,7.575613009,246,373,81.82458247,49.8163466,9.106289809,5.956749069,484,16,9,5,30,476,6,3,1,10,514,486,349,24,237,9
22,1000,70,5.13,10.3,18,37,71,967,23,3,7,33,7.339388757,292,397,107.4556143,65.65130001,8.819413234,5.917404455,464,20,1,5,26,503,3,2,2,7,490,510,368,29,283,9
19,1000,70,5.13,10.3,18,37,70,961,26,7,6,39,7.786713828,281,365,118.3133229,71.75843592,8.741094206,6.756935416,493,16,6,4,26,468,10,1,2,13,519,481,344,21,268,13
17,1000,70,5.13,10.3,18,37,76,964,25,5,6,36,7.696896168,366,426,201.5022896,122.4133347,9.458198822,5.935593513,473,18,3,6,27,491,7,2,0,9,500,500,396,30,354,12
20,1000,70,5.13,10.3,18,37,71,954,22,13,11,46,7.802578448,320,415,159.1162251,113.5216585,9.817893486,5.835057442,459,18,8,9,35,495,4,5,2,11,494,506,390,25,305,15
18,1000,70,5.13,10.3,18,37,75,960,27,7,6,40,7.594315596,314,418,165.5354522,133.8386633,9.50855644,5.561668102,483,21,6,5,32,477,6,1,1,8,515,485,393,25,301,13
24,1000,70,5.13,10.3,18,37,41,970,15,8,7,30,7.578151178,192,276,38.47964899,21.63688016,7.70830862,7.447472062,487,9,3,2,14,483,6,5,5,16,501,499,234,42,172,20
21,1000,70,5.13,10.3,18,37,74,961,25,9,5,39,7.402165303,333,419,673.3628489,361.471412,9.231638828,5.608918976,467,16,7,5,28,494,9,2,0,11,495,505,404,15,321,12
23,1000,70,5.13,10.3,18,37,71,959,22,13,6,41,7.591762846,264,377,86.40462278,52.64858072,9.182261353,5.90963068,483,17,9,5,31,476,5,4,1,10,514,486,352,25,257,7
22,1000,70,5.13,10.3,18,37,72,966,24,3,7,34,7.332652521,296,422,114.0406003,70.19486258,8.872596077,5.853098908,462,22,1,5,28,504,2,2,2,6,490,510,394,28,282,14
19,1000,70,5.13,10.3,18,37,71,961,26,7,6,39,7.738687337,293,392,122.7856758,74.12270332,8.709800505,6.69085421,493,16,6,4,26,468,10,1,2,13,519,481,362,30,270,23
17,1000,70,5.13,10.3,18,37,77,964,25,5,6,36,7.632847456,344,444,212.9989546,129.0121004,9.472961773,5.79273314,473,18,3,6,27,491,7,2,0,9,500,500,415,29,336,8
20,1000,70,5.13,10.3,18,37,72,954,22,13,11,46,7.76467827,346,410,171.5365421,121.6156402,9.845842717,5.732869501,459,18,8,9,35,495,4,5,2,11,494,506,394,16,335,11
18,1000,70,5.13,10.3,18,37,76,961,26,7,6,39,7.575937295,330,402,175.704924,143.5518874,9.513983393,5.518012057,484,20,6,5,31,477,6,1,1,8,515,485,387,15,308,22
21,1000,70,5.13,10.3,18,37,75,961,24,9,6,39,7.440385414,346,410,745.5931562,394.1466896,9.312015851,5.605816965,467,16,7,5,28,494,8,2,1,11,495,505,391,19,339,7
23,1000,70,5.13,10.3,18,37,72,960,22,11,7,40,7.588486825,274,386,89.30043046,54.37573591,9.219425867,5.863584216,483,17,9,5,31,477,5,2,2,9,514,486,364,22,260,14
24,1000,70,5.13,10.3,18,37,42,970,15,8,7,30,7.59632558,170,292,40.97964413,22.94533491,7.743882643,7.448177106,487,9,3,2,14,483,6,5,5,16,501,499,240,52,162,8
22,1000,70,5.13,10.3,18,37,73,967,24,3,6,33,7.261749962,321,404,121.5878659,74.43034573,8.890284152,5.697079857,461,23,1,5,29,506,1,2,1,4,490,510,384,20,315,6
17,1000,70,5.13,10.3,18,37,78,964,25,5,6,36,7.610111075,350,431,226.0637872,135.8421727,9.481846333,5.738375818,473,18,3,6,27,491,7,2,0,9,500,500,407,24,339,11
19,1000,70,5.13,10.3,18,37,72,958,29,7,6,42,7.746400848,279,370,129.7288558,77.76066731,8.757221177,6.655723612,493,16,6,4,26,465,13,1,2,16,519,481,346,24,269,10
20,1000,70,5.13,10.3,18,37,73,954,22,13,11,46,7.73080882,347,425,188.4151109,137.1785471,9.875784419,5.636702207,459,18,8,9,35,495,4,5,2,11,494,506,397,28,334,13
18,1000,70,5.13,10.3,18,37,77,960,27,7,6,40,7.563069183,326,406,184.5320787,151.393307,9.560117209,5.442492413,483,21,6,5,32,477,6,1,1,8,515,485,392,14,315,11
21,1000,70,5.13,10.3,18,37,76,960,25,9,6,40,7.436952688,334,432,813.2905635,425.9480676,9.305881833,5.60503204,467,16,7,5,28,493,9,2,1,12,495,505,416,16,325,9
23,1000,70,5.13,10.3,18,37,73,961,21,11,7,39,7.555237096,272,370,94.20258322,57.30806715,9.258346077,5.75400661,483,17,9,5,31,478,4,2,2,8,514,486,349,21,258,14
22,1000,70,5.13,10.3,18,37,74,967,24,3,6,33,7.210813628,332,409,128.8049278,78.44225212,8.886699246,5.600649016,461,23,1,5,29,506,1,2,1,4,490,510,388,21,317,15
24,1000,70,5.13,10.3,18,37,43,971,15,8,6,29,7.600802358,183,291,43.4286761,24.12025114,7.76764538,7.433290627,487,9,3,2,14,484,6,5,4,15,501,499,248,43,169,14
17,1000,70,5.13,10.3,18,37,79,965,25,4,6,35,7.597356455,370,434,239.5527359,143.0442476,9.539455387,5.655257523,473,18,3,6,27,492,7,1,0,8,500,500,410,24,360,10
19,1000,70,5.13,10.3,18,37,73,959,29,7,5,41,7.745373187,296,396,136.510952,81.48168848,8.789758913,6.618478817,493,16,6,4,26,466,13,1,1,15,519,481,361,35,281,15
20,1000,70,5.13,10.3,18,37,74,953,24,11,12,47,7.741492602,339,433,200.1787462,143.3844751,9.90514981,5.629147422,458,19,7,10,36,495,5,4,2,11,494,506,411,22,329,10
18,1000,70,5.13,10.3,18,37,78,960,27,7,6,40,7.561668288,336,415,193.6774908,158.51041,9.599650234,5.397625604,483,21,6,5,32,477,6,1,1,8,515,485,391,24,323,13
21,1000,70,5.13,10.3,18,37,77,961,24,9,6,39,7.478954353,329,432,860.0183067,449.0582021,9.351468019,5.643520165,468,15,7,5,27,493,9,2,1,12,495,505,413,19,321,8
23,1000,70,5.13,10.3,18,37,74,961,21,11,7,39,7.506005845,282,384,98.2477844,59.76429054,9.253753259,5.657565165,483,17,9,5,31,478,4,2,2,8,514,486,366,18,271,11
22,1000,70,5.13,10.3,18,37,75,967,24,3,6,33,7.201346897,317,405,136.647646,82.59375813,8.903413491,5.566028013,461,23,1,5,29,506,1,2,1,4,490,510,389,16,302,15
17,1000,70,5.13,10.3,18,37,80,964,26,3,7,36,7.558647688,356,449,252.2128725,149.7229297,9.552114906,5.56518047,472,19,2,7,28,492,7,1,0,8,500,500,426,23,347,9
24,1000,70,5.13,10.3,18,37,44,971,15,8,6,29,7.570026685,174,287,45.35204301,25.24652634,7.768231355,7.371027608,487,9,2,3,14,484,6,6,3,15,501,499,251,36,159,15
19,1000,70,5.13,10.3,18,37,74,959,29,7,5,41,7.718807498,291,380,144.282932,85.67553411,8.82375933,6.526562175,493,16,6,4,26,466,13,1,1,15,519,481,364,16,278,13
20,1000,70,5.13,10.3,18,37,75,955,22,11,12,45,7.721409091,341,431,213.5888753,150.5714935,9.968207023,5.527894904,458,18,8,10,36,497,4,3,2,9,494,506,411,20,330,11
18,1000,70,5.13,10.3,18,37,79,959,28,7,6,41,7.579167856,341,430,204.8848922,166.9487061,9.662214837,5.36727261,482,22,6,5,33,477,6,1,1,8,515,485,403,27,328,13
21,1000,70,5.13,10.3,18,37,78,961,24,9,6,39,7.437241855,345,443,937.0749637,486.9632202,9.378118884,5.534798036,468,15,7,5,27,493,9,2,1,12,495,505,417,26,334,11
23,1000,70,5.13,10.3,18,37,75,961,22,10,7,39,7.522137503,279,388,103.7644165,63.36230268,9.320942412,5.619697744,482,18,9,5,32,479,4,1,2,7,514,486,369,19,269,10
22,1000,70,5.13,10.3,18,37,76,965,26,3,6,35,7.178377831,335,439,145.7824397,87.58839792,8.924706431,5.500532706,459,25,1,5,31,506,1,2,1,4,490,510,410,29,329,6
17,1000,70,5.13,10.3,18,37,81,963,27,3,7,37,7.561716838,380,452,265.7551596,157.325047,9.613784818,5.509648858,471,20,2,7,29,492,7,1,0,8,500,500,430,22,364,16
24,1000,70,5.13,10.3,18,37,45,971,15,7,7,29,7.586162098,196,320,48.02775595,26.63583007,7.79021929,7.381287042,487,9,2,3,14,484,6,5,4,15,501,499,274,46,180,16
19,1000,70,5.13,10.3,18,37,75,960,28,7,5,40,7.686571054,286,392,151.5245735,89.26958922,8.862045132,6.418232081,493,16,6,4,26,467,12,1,1,14,519,481,372,20,281,5
20,1000,70,5.13,10.3,18,37,76,954,23,11,12,46,7.712088673,353,421,224.4626879,156.3790102,9.996717358,5.481640905,457,19,8,10,37,497,4,3,2,9,494,506,407,14,342,11
18,1000,70,5.13,10.3,18,37,80,959,28,7,6,41,7.579066239,341,432,216.3077689,177.2954284,9.671805947,5.356878713,482,22,6,5,33,477,6,1,1,8,515,485,404,28,326,15
21,1000,70,5.13,10.3,18,37,79,959,26,9,6,41,7.461884082,357,443,1115.703796,580.5146836,9.461503349,5.501861237,466,17,7,5,29,493,9,2,1,12,495,505,424,19,347,10
23,1000,70,5.13,10.3,18,37,76,961,23,10,6,39,7.512188862,286,394,110.1970937,67.42784685,9.310846722,5.609904623,482,19,9,4,32,479,4,1,2,7,514,486,375,19,274,12
22,1000,70,5.13,10.3,18,37,77,964,27,3,6,36,7.172806344,341,420,153.0040202,91.8029754,8.995732797,5.421367203,458,26,1,5,32,506,1,2,1,4,490,510,400,20,327,14
17,1000,70,5.13,10.3,18,37,82,963,27,3,7,37,7.568955896,368,458,284.920951,167.7466741,9.624295232,5.51361656,471,20,2,7,29,492,7,1,0,8,500,500,438,20,355,13
24,1000,70,5.13,10.3,18,37,46,970,16,7,7,30,7.605165527,187,306,51.68369168,28.50243167,7.797678314,7.411881146,487,9,2,3,14,483,7,5,4,16,501,499,263,43,171,16
20,1000,70,5.13,10.3,18,37,77,957,21,10,12,43,7.686667516,360,438,243.8908942,169.7727226,10.01791655,5.410705022,457,19,8,10,37,500,2,2,2,6,494,506,412,26,351,9
19,1000,70,5.13,10.3,18,37,76,960,29,6,5,40,7.654858097,285,387,158.8897761,93.52235541,8.920762826,6.288944263,492,17,6,4,27,468,12,0,1,13,519,481,366,21,271,14
18,1000,70,5.13,10.3,18,37,81,960,26,8,6,40,7.598613127,337,436,229.3288849,190.1283452,9.712245724,5.354240368,483,20,7,5,32,477,6,1,1,8,515,485,411,25,325,12
21,1000,70,5.13,10.3,18,37,80,959,26,9,6,41,7.450087302,357,448,1330.527795,685.4806268,9.485664643,5.454818424,466,17,7,5,29,493,9,2,1,12,495,505,426,22,349,8
23,1000,70,5.13,10.3,18,37,77,961,23,10,6,39,7.509205759,277,394,116.275956,71.44829016,9.339686703,5.573265007,482,19,9,4,32,479,4,1,2,7,514,486,378,16,267,10
17,1000,70,5.13,10.3,18,37,83,962,28,3,7,38,7.572054329,367,435,296.7518628,175.2079707,9.654884873,5.489223785,471,20,2,7,29,491,8,1,0,9,500,500,420,15,359,8
22,1000,70,5.13,10.3,18,37,78,960,31,3,6,40,7.167810615,336,450,160.9062284,96.55456583,9.04505498,5.364183677,455,29,1,5,35,505,2,2,1,5,490,510,427,23,327,9
20,1000,70,5.13,10.3,18,37,78,957,21,10,12,43,7.659928557,365,438,258.5890601,178.2791461,10.03789282,5.338358705,457,19,8,10,37,500,2,2,2,6,494,506,419,19,355,10
19,1000,70,5.13,10.3,18,37,77,961,26,7,6,39,7.659350846,289,379,171.0960678,99.72708272,8.974177265,6.240650406,492,16,7,4,27,469,10,0,2,12,519,481,364,15,281,8
24,1000,70,5.13,10.3,18,37,47,970,16,7,7,30,7.611689518,196,291,55.18492918,30.18111697,7.857213677,7.365181295,487,9,2,3,14,483,7,5,4,16,501,499,254,37,180,16
18,1000,70,5.13,10.3,18,37,82,960,26,8,6,40,7.596123474,341,423,242.0075087,199.9829919,9.766974059,5.290993471,483,20,7,5,32,477,6,1,1,8,515,485,397,26,335,6
21,1000,70,5.13,10.3,18,37,81,957,27,10,6,43,7.478046719,356,448,1524.13079,776.9330547,9.550202232,5.446923989,465,18,7,5,30,492,9,3,1,13,495,505,422,26,347,9
23,1000,70,5.13,10.3,18,37,78,960,24,10,6,40,7.495028798,298,398,123.8918074,76.17455238,9.393652506,5.487019362,481,20,9,4,33,479,4,1,2,7,514,486,372,26,284,14
17,1000,70,5.13,10.3,18,37,84,961,28,4,7,39,7.59533384,367,456,314.2364673,184.7060862,9.77285251,5.417815171,470,20,3,7,30,491,8,1,0,9,500,500,438,18,362,5
22,1000,70,5.13,10.3,18,37,79,960,31,3,6,40,7.133689268,341,430,171.6922206,102.4519335,9.061135532,5.281829133,456,28,1,5,34,504,3,2,1,6,490,510,407,23,333,8
20,1000,70,5.13,10.3,18,37,79,957,21,10,12,43,7.653946518,357,454,271.6603461,188.9158884,10.07490543,5.290401654,457,19,8,10,37,500,2,2,2,6,494,506,433,21,349,8
19,1000,70,5.13,10.3,18,37,78,962,25,6,7,38,7.653978215,321,409,181.0423265,105.3119226,9.055517609,6.141714295,492,16,6,5,27,470,9,0,2,11,519,481,389,20,314,7
18,1000,70,5.13,10.3,18,37,83,960,26,8,6,40,7.557744478,341,425,256.8757615,213.3841451,9.807142878,5.169208032,483,20,7,5,32,477,6,1,1,8,515,485,410,15,329,12
24,1000,70,5.13,10.3,18,37,48,970,15,9,6,30,7.613774498,197,306,58.86805234,31.89204904,7.896578277,7.329837236,488,7,3,3,13,482,8,6,3,17,501,499,270,36,187,10
21,1000,70,5.13,10.3,18,37,82,957,27,10,6,43,7.487205597,373,447,1764.909963,899.6535539,9.62309213,5.393613847,465,18,7,5,30,492,9,3,1,13,495,505,429,18,358,15
23,1000,70,5.13,10.3,18,37,79,958,27,9,6,42,7.511574611,310,409,129.4375459,79.61110757,9.459831117,5.451072873,480,21,8,5,34,478,6,1,1,8,514,486,386,23,297,13
17,1000,70,5.13,10.3,18,37,85,962,27,4,7,38,7.577401903,388,457,328.4324527,193.1819791,9.786814063,5.367989742,471,19,3,7,29,491,8,1,0,9,500,500,438,19,374,14
22,1000,70,5.13,10.3,18,37,80,961,30,3,6,39,7.079005883,357,435,184.0502773,108.7899468,9.065592807,5.170324328,456,28,1,5,34,505,2,2,1,5,490,510,419,16,349,8
20,1000,70,5.13,10.3,18,37,80,957,21,10,12,43,7.660456519,358,445,287.1467659,198.0808623,10.08349274,5.294883608,457,19,8,10,37,500,2,2,2,6,494,506,422,23,349,9
18,1000,70,5.13,10.3,18,37,84,958,26,8,8,42,7.547577231,347,426,272.6677978,231.1723948,9.879359454,5.071561055,481,20,7,7,34,477,6,1,1,8,515,485,406,20,334,13
19,1000,70,5.13,10.3,18,37,79,962,24,7,7,38,7.648874641,316,398,191.9990719,111.6150484,9.075137768,6.109933761,492,16,6,5,27,470,8,1,2,11,519,481,380,18,303,13
21,1000,70,5.13,10.3,18,37,83,955,29,10,6,45,7.484464479,356,463,1942.484988,988.0452851,9.735868873,5.277642351,463,20,7,5,32,492,9,3,1,13,495,505,430,33,348,8
24,1000,70,5.13,10.3,18,37,49,971,15,8,6,29,7.651750428,198,293,62.74089898,33.68976209,7.972999896,7.329213387,488,7,3,3,13,483,8,5,3,16,501,499,254,39,185,13
23,1000,70,5.13,10.3,18,37,80,957,28,9,6,43,7.499597783,318,431,136.9017953,84.15047234,9.488139947,5.396489403,479,22,8,5,35,478,6,1,1,8,514,486,410,21,310,8
17,1000,70,5.13,10.3,18,37,86,961,28,4,7,39,7.554625353,399,461,342.0904603,201.6637776,9.809854767,5.299395938,471,19,3,7,29,490,9,1,0,10,500,500,444,17,387,12
22,1000,70,5.13,10.3,18,37,81,961,30,3,6,39,7.098723116,339,452,200.325489,117.2546316,9.092425392,5.183205244,456,28,1,5,34,505,2,2,1,5,490,510,430,22,326,13
18,1000,70,5.13,10.3,18,37,85,957,27,7,9,43,7.558108601,353,452,294.7225949,256.5591929,9.950789369,5.017426962,481,20,6,8,34,476,7,1,1,9,515,485,425,27,342,11
20,1000,70,5.13,10.3,18,37,81,954,24,10,12,46,7.674072721,378,448,306.9178994,210.4517839,10.17017039,5.237171045,455,21,8,10,39,499,3,2,2,7,494,506,426,22,369,9
21,1000,70,5.13,10.3,18,37,84,954,29,10,7,46,7.51584148,388,442,1970.93315,1005.991483,9.824355057,5.253041044,462,20,8,5,33,492,9,2,2,13,495,505,429,13,375,13
19,1000,70,5.13,10.3,18,37,80,963,22,8,7,37,7.618447548,309,409,204.2729105,117.9559267,9.110272073,6.008765784,492,15,7,5,27,471,7,1,2,10,519,481,386,23,302,7
23,1000,70,5.13,10.3,18,37,81,957,28,9,6,43,7.51133522,297,418,150.5925923,92.82319431,9.51611177,5.39105714,479,22,8,5,35,478,6,1,1,8,514,486,393,25,287,10
24,1000,70,5.13,10.3,18,37,50,972,15,7,6,28,7.655520565,210,322,67.69971663,35.94740674,8.008562037,7.301064097,488,7,3,3,13,484,8,4,3,15,501,499,282,40,198,12
17,1000,70,5.13,10.3,18,37,87,963,26,4,7,37,7.485026979,389,455,359.5461641,212.321267,9.813502446,5.156551511,471,19,3,7,29,492,7,1,0,8,500,500,439,16,377,12
22,1000,70,5.13,10.3,18,37,82,960,30,4,6,40,7.084708191,359,439,215.8558876,126.4114761,9.129452615,5.120149823,455,28,2,5,35,505,2,2,1,5,490,510,422,17,344,15
18,1000,70,5.13,10.3,18,37,86,957,27,7,9,43,7.545277118,353,441,313.8905966,275.139067,9.963273335,4.977714125,481,20,6,8,34,476,7,1,1,9,515,485,415,26,348,5
20,1000,70,5.13,10.3,18,37,82,953,23,12,12,47,7.696083226,373,443,328.5283343,224.0753466,10.2367826,5.215637591,455,19,10,10,39,498,4,2,2,8,494,506,433,10,364,9
21,1000,70,5.13,10.3,18,37,85,955,29,9,7,45,7.486358017,364,445,2100.747767,1077.959435,9.846861025,5.172597643,462,20,8,5,33,493,9,1,2,12,495,505,429,16,357,7
19,1000,70,5.13,10.3,18,37,81,963,22,8,7,37,7.601620569,299,394,216.3110066,125.3947254,9.120384395,5.962871244,492,15,7,5,27,471,7,1,2,10,519,481,375,19,293,6
23,1000,70,5.13,10.3,18,37,82,958,27,9,6,42,7.501393739,313,413,160.5723776,98.76209026,9.564788319,5.31912046,479,22,8,5,35,479,5,1,1,7,514,486,393,20,303,10
17,1000,70,5.13,10.3,18,37,88,964,25,4,7,36,7.456171185,396,465,377.1392676,223.5514377,9.826543154,5.085799215,471,19,3,7,29,493,6,1,0,7,500,500,440,25,387,9
24,1000,70,5.13,10.3,18,37,51,971,16,7,6,29,7.654087903,219,331,72.79362105,38.18392819,8.038159348,7.268477094,487,8,3,3,14,484,8,4,3,15,501,499,300,31,208,11
22,1000,70,5.13,10.3,18,37,83,960,30,4,6,40,7.093548558,362,446,227.8913324,134.3514966,9.207240254,5.062746731,455,28,2,5,35,505,2,2,1,5,490,510,425,21,356,6
18,1000,70,5.13,10.3,18,37,87,959,26,6,9,41,7.523941358,356,433,336.833163,294.6523797,10.02464998,4.868549723,481,20,6,8,34,478,6,0,1,7,515,485,410,23,344,12
21,1000,70,5.13,10.3,18,37,86,955,29,9,7,45,7.496957514,386,463,2369.025402,1224.906743,9.896359863,5.145068084,462,20,8,5,33,493,9,1,2,12,495,505,443,20,372,14
20,1000,70,5.13,10.3,18,37,83,952,24,12,12,48,7.703195124,368,452,349.5168701,236.3802994,10.29838332,5.169552897,454,20,10,10,40,498,4,2,2,8,494,506,432,20,362,6
19,1000,70,5.13,10.3,18,37,82,965,21,8,6,35,7.59887257,323,407,232.0843997,134.63337,9.174580955,5.898679947,492,15,7,5,27,473,6,1,1,8,519,481,385,22,316,7
23,1000,70,5.13,10.3,18,37,83,959,26,9,6,41,7.479707992,313,410,172.9672174,106.3179991,9.584206323,5.253962844,479,22,8,5,35,480,4,1,1,6,514,486,396,14,304,9
17,1000,70,5.13,10.3,18,37,89,964,25,4,7,36,7.421155294,395,460,405.3911635,238.7418403,9.846833411,4.995477178,471,19,3,7,29,493,6,1,0,7,500,500,443,17,387,8
24,1000,70,5.13,10.3,18,37,52,971,16,7,6,29,7.644191255,215,320,74.28719474,39.04665381,8.064465979,7.222232063,487,8,3,3,14,484,8,4,3,15,501,499,278,42,198,17
22,1000,70,5.13,10.3,18,37,84,960,29,5,6,40,7.114425893,362,459,243.1536885,143.8470154,9.237640147,5.074474943,455,27,3,5,35,505,2,2,1,5,490,510,432,27,350,12
18,1000,70,5.13,10.3,18,37,88,960,25,6,9,40,7.503371127,365,442,359.1962854,316.254775,10.04412464,4.805457604,481,20,6,8,34,479,5,0,1,6,515,485,426,16,354,11
21,1000,70,5.13,10.3,18,37,87,955,29,9,7,45,7.450261755,390,458,2592.971308,1338.268541,9.904045543,5.045067745,462,20,8,5,33,493,9,1,2,12,495,505,437,21,382,8
20,1000,70,5.13,10.3,18,37,84,951,25,11,13,49,7.700550678,385,465,364.0544108,245.7565633,10.38394245,5.080796658,453,21,9,11,41,498,4,2,2,8,494,506,437,28,373,12
19,1000,70,5.13,10.3,18,37,83,965,21,8,6,35,7.591782602,330,409,244.8395692,142.106248,9.21187235,5.843702396,492,15,7,5,27,473,6,1,1,8,519,481,386,23,321,9
23,1000,70,5.13,10.3,18,37,84,959,26,9,6,41,7.456587834,340,423,182.5745393,111.7909068,9.604315355,5.185122926,479,22,8,5,35,480,4,1,1,6,514,486,397,26,326,14
17,1000,70,5.13,10.3,18,37,90,963,26,4,7,37,7.428735236,393,458,431.9924076,253.5059387,9.919141803,4.938328668,470,20,3,7,30,493,6,1,0,7,500,500,440,18,385,8
22,1000,70,5.13,10.3,18,37,85,961,30,3,6,39,7.073804992,372,434,258.7242573,152.8181217,9.234619739,4.997728079,455,27,3,5,35,506,3,0,1,4,490,510,416,18,361,11
24,1000,70,5.13,10.3,18,37,53,971,17,6,6,29,7.647744127,222,292,76.20318412,40.14658556,8.121099373,7.172491666,486,9,3,3,15,485,8,3,3,14,501,499,269,23,209,13
18,1000,70,5.13,10.3,18,37,89,959,26,6,9,41,7.493832065,369,444,387.9627678,350.1039322,10.05934561,4.769626964,480,21,6,8,35,479,5,0,1,6,515,485,420,24,363,6
21,1000,70,5.13,10.3,18,37,88,956,27,9,8,44,7.450141765,383,455,2703.918538,1389.781519,9.937804723,5.01173946,463,19,7,6,32,493,8,2,2,12,495,505,438,17,374,9
20,1000,70,5.13,10.3,18,37,85,951,25,11,13,49,7.666626501,401,445,403.2573962,268.9616253,10.41209414,4.986268769,452,22,9,11,42,499,3,2,2,7,494,506,429,16,388,13
19,1000,70,5.13,10.3,18,37,84,964,22,8,6,36,7.577464589,346,420,266.5431476,154.0573461,9.269527897,5.751724762,491,16,7,5,28,473,6,1,1,8,519,481,393,27,335,11
23,1000,70,5.13,10.3,18,37,85,959,26,9,6,41,7.417910684,328,424,198.0282315,121.0477678,9.626386687,5.08219738,478,23,8,5,36,481,3,1,1,5,514,486,407,17,320,8
17,1000,70,5.13,10.3,18,37,91,961,27,4,8,39,7.461710869,401,454,466.939616,272.8793375,9.959967252,4.963454486,468,22,3,7,32,493,5,1,1,7,500,500,437,17,393,8
22,1000,70,5.13,10.3,18,37,86,960,31,3,6,40,7.031506314,367,455,279.5387771,163.9639079,9.258573345,4.891775245,454,28,3,5,36,506,3,0,1,4,490,510,436,19,356,11
18,1000,70,5.13,10.3,18,37,90,958,26,7,9,42,7.470812791,379,442,414.0970573,375.6034256,10.09869342,4.680382843,479,21,7,8,36,479,5,0,1,6,515,485,420,22,369,10
21,1000,70,5.13,10.3,18,37,89,955,26,11,8,45,7.439634254,386,459,3048.202513,1576.284438,9.98750892,4.942212552,462,18,9,6,33,493,8,2,2,12,495,505,444,15,376,10
24,1000,70,5.13,10.3,18,37,54,969,18,7,6,31,7.673124766,236,328,78.18821825,41.44634725,8.149969382,7.19436895,484,11,3,3,17,485,7,4,3,14,501,499,289,39,214,22
20,1000,70,5.13,10.3,18,37,86,951,25,11,13,49,7.655057717,391,465,425.2099644,285.4291801,10.43706162,4.939030192,452,22,9,11,42,499,3,2,2,7,494,506,452,13,383,8
19,1000,70,5.13,10.3,18,37,85,964,22,8,6,36,7.596511658,337,438,285.8615064,165.7852978,9.324804964,5.731679589,491,16,7,5,28,473,6,1,1,8,519,481,406,32,328,9
17,1000,70,5.13,10.3,18,37,92,960,28,4,8,40,7.460729738,407,475,497.4139357,287.6079679,9.994840194,4.926619283,468,22,3,7,32,492,6,1,1,8,500,500,462,13,398,9
23,1000,70,5.13,10.3,18,37,86,958,26,10,6,42,7.399911528,325,434,216.2632612,131.2495719,9.6636688,5.005732027,478,22,9,5,36,480,4,1,1,6,514,486,408,26,319,6
22,1000,70,5.13,10.3,18,37,87,960,31,3,6,40,7.012884236,382,474,299.5652064,176.1113363,9.28012116,4.834558563,454,28,3,5,36,506,3,0,1,4,490,510,454,20,370,12
18,1000,70,5.13,10.3,18,37,91,960,25,7,8,40,7.448267925,387,449,454.5879016,422.7165213,10.12802466,4.602753038,479,21,7,8,36,481,4,0,0,4,515,485,429,20,384,3
21,1000,70,5.13,10.3,18,37,90,954,27,11,8,46,7.406911251,386,455,3449.372389,1769.67775,10.0076915,4.857631601,461,19,9,6,34,493,8,2,2,12,495,505,444,11,380,6
24,1000,70,5.13,10.3,18,37,55,969,19,7,5,31,7.676290061,234,328,80.78985678,42.97354279,8.178014595,7.172554608,484,11,3,3,17,485,8,4,2,14,501,499,282,46,214,20
20,1000,70,5.13,10.3,18,37,87,950,26,11,13,50,7.639883387,389,463,441.5392757,295.0267646,10.44804144,4.898321968,451,23,9,11,43,499,3,2,2,7,494,506,440,23,378,11
19,1000,70,5.13,10.3,18,37,86,963,23,8,6,37,7.579439336,358,423,298.5129165,174.3618445,9.333209607,5.687117567,491,16,7,5,28,472,7,1,1,9,519,481,400,23,346,12
17,1000,70,5.13,10.3,18,37,93,960,28,4,8,40,7.484717019,406,476,527.9697445,304.3559185,10.02556019,4.943873847,468,22,3,7,32,492,6,1,1,8,500,500,457,19,400,6
23,1000,70,5.13,10.3,18,37,87,957,27,10,6,43,7.382048047,332,435,231.9000713,140.4274561,9.703762019,4.926572776,477,23,9,5,37,480,4,1,1,6,514,486,409,26,323,9
22,1000,70,5.13,10.3,18,37,88,959,32,3,6,41,7.004513703,391,456,325.5080141,191.6514918,9.334480143,4.765918496,453,29,3,5,37,506,3,0,1,4,490,510,445,11,383,8
18,1000,70,5.13,10.3,18,37,92,960,25,7,8,40,7.458082836,380,454,496.9485034,476.26726,10.17565801,4.572410229,479,21,7,8,36,481,4,0,0,4,515,485,440,14,370,10
21,1000,70,5.13,10.3,18,37,91,953,28,11,8,47,7.403512562,393,478,4147.635102,2121.183873,10.04211753,4.817157196,460,20,9,6,35,493,8,2,2,12,495,505,451,27,387,6
20,1000,70,5.13,10.3,18,37,88,950,25,12,13,50,7.630181324,385,458,468.5563913,309.3392501,10.4752252,4.852608847,451,22,10,11,43,499,3,2,2,7,494,506,438,20,373,12
19,1000,70,5.13,10.3,18,37,87,963,22,8,7,37,7.562460008,335,412,320.5461577,186.0820539,9.388986809,5.591633792,491,16,7,5,28,472,6,1,2,9,519,481,393,19,329,6
17,1000,70,5.13,10.3,18,37,94,960,28,4,8,40,7.467153346,407,473,569.7889461,326.447177,10.05620648,4.87810021,468,22,3,7,32,492,6,1,1,8,500,500,460,13,403,4
24,1000,70,5.13,10.3,18,37,56,968,20,7,5,32,7.681857804,218,326,85.99242699,45.50956872,8.249521245,7.111919159,483,12,3,3,18,485,8,4,2,14,501,499,302,24,208,10
23,1000,70,5.13,10.3,18,37,88,958,27,10,5,42,7.377231038,339,429,242.6126238,146.7504684,9.764370513,4.852560892,477,23,9,5,37,481,4,1,0,5,514,486,410,19,330,9
22,1000,70,5.13,10.3,18,37,89,958,32,4,6,42,7.012984019,373,456,360.4094851,212.5578366,9.383624819,4.735309525,452,29,4,5,38,506,3,0,1,4,490,510,438,18,365,8
18,1000,70,5.13,10.3,18,37,93,961,22,9,8,39,7.43934433,380,449,532.4550893,515.5746923,10.20859017,4.498804933,478,20,9,8,37,483,2,0,0,2,515,485,436,13,374,6
21,1000,70,5.13,10.3,18,37,92,955,26,11,8,45,7.365258627,389,461,4582.685514,2342.318445,10.0722056,4.711914563,460,20,9,6,35,495,6,2,2,10,495,505,451,10,382,7
19,1000,70,5.13,10.3,18,37,88,963,23,8,6,37,7.577866233,342,428,337.8994498,197.0964472,9.421128173,5.588982767,491,16,7,5,28,472,7,1,1,9,519,481,411,17,330,12
20,1000,70,5.13,10.3,18,37,89,950,25,12,13,50,7.610401666,400,458,496.6124307,325.4154249,10.48624376,4.802761359,451,22,10,11,43,499,3,2,2,7,494,506,441,17,386,14
17,1000,70,5.13,10.3,18,37,95,960,28,4,8,40,7.472689901,412,480,607.8381138,348.0517518,10.11788088,4.827498926,468,22,3,7,32,492,6,1,1,8,500,500,465,15,400,12
23,1000,70,5.13,10.3,18,37,89,958,27,10,5,42,7.401896814,353,437,254.6122163,153.6094449,9.836818209,4.826691881,477,23,9,5,37,481,4,1,0,5,514,486,420,17,348,5
24,1000,70,5.13,10.3,18,37,57,969,19,7,5,31,7.699285096,224,330,89.35260955,47.49515183,8.344244421,7.051740765,483,12,3,3,18,486,7,4,2,13,501,499,296,34,211,13
22,1000,70,5.13,10.3,18,37,90,958,32,4,6,42,7.010138479,393,461,387.2776013,230.0629352,9.389128088,4.72444258,452,29,4,5,38,506,3,0,1,4,490,510,444,17,385,8
18,1000,70,5.13,10.3,18,37,94,962,20,10,8,38,7.433760969,393,453,570.900755,557.8886279,10.26198879,4.430591221,478,19,10,8,37,484,1,0,0,1,515,485,433,20,385,8
21,1000,70,5.13,10.3,18,37,93,954,27,11,8,46,7.384107899,406,477,4632.033138,2371.660167,10.1485151,4.674441436,459,21,9,6,36,495,6,2,2,10,495,505,459,18,391,15
19,1000,70,5.13,10.3,18,37,89,962,24,9,5,38,7.565126942,354,428,362.1650317,212.027104,9.487351705,5.491042426,490,17,7,5,29,472,7,2,0,9,519,481,413,15,339,15
20,1000,70,5.13,10.3,18,37,90,950,24,13,13,50,7.58514366,407,469,523.015137,340.2957608,10.52114516,4.71877065,451,22,10,11,43,499,2,3,2,7,494,506,455,14,398,9
17,1000,70,5.13,10.3,18,37,96,960,28,4,8,40,7.426596705,418,473,627.6893475,359.8820169,10.15439154,4.698801873,468,22,3,7,32,492,6,1,1,8,500,500,459,14,411,7
23,1000,70,5.13,10.3,18,37,90,957,28,10,5,43,7.41522703,347,435,279.5005331,167.548417,9.895777158,4.791764549,476,24,9,5,38,481,4,1,0,5,514,486,416,19,343,4
24,1000,70,5.13,10.3,18,37,58,970,18,7,5,30,7.687347986,239,347,94.19171638,49.96609477,8.397880885,6.973967259,483,12,3,3,18,487,6,4,2,12,501,499,319,28,229,10
22,1000,70,5.13,10.3,18,37,91,957,33,4,6,43,7.019851527,402,464,423.3382349,252.9865856,9.421167156,4.712705138,451,30,4,5,39,506,3,0,1,4,490,510,452,12,387,15
18,1000,70,5.13,10.3,18,37,95,962,20,10,8,38,7.440256372,390,453,613.2978666,603.422344,10.29194179,4.412178044,478,19,10,8,37,484,1,0,0,1,515,485,430,23,383,7
21,1000,70,5.13,10.3,18,37,94,954,29,9,8,46,7.367904419,409,471,4686.006203,2404.342316,10.23221691,4.56031099,458,22,8,7,37,496,7,1,1,9,495,505,456,15,403,6
19,1000,70,5.13,10.3,18,37,90,961,25,9,5,39,7.569533506,337,439,385.6957709,228.8770157,9.530399526,5.453754993,489,18,7,5,30,472,7,2,0,9,519,481,413,26,330,7
20,1000,70,5.13,10.3,18,37,91,950,24,13,13,50,7.55702604,403,465,566.3645818,363.2814911,10.52711151,4.657377381,451,22,10,11,43,499,2,3,2,7,494,506,444,21,395,8
17,1000,70,5.13,10.3,18,37,97,960,27,5,8,40,7.43351365,408,483,652.1029814,374.7866843,10.17561545,4.691411847,468,21,4,7,32,492,6,1,1,8,500,500,470,13,402,6
23,1000,70,5.13,10.3,18,37,91,955,28,12,5,45,7.437282291,356,445,305.1396319,182.3093103,9.961429086,4.7677114,474,24,11,5,40,481,4,1,0,5,514,486,423,22,345,11
22,1000,70,5.13,10.3,18,37,92,958,30,7,5,42,7.014631839,386,465,459.7235932,275.2186678,9.490069416,4.636270245,451,27,7,5,39,507,3,0,0,3,490,510,449,16,379,7
24,1000,70,5.13,10.3,18,37,59,970,18,7,5,30,7.688850967,242,351,97.73823835,52.08666896,8.500041171,6.874409499,481,14,3,3,20,489,4,4,2,10,501,499,316,35,230,12
21,1000,70,5.13,10.3,18,37,95,953,30,8,9,47,7.402144486,412,469,4741.430883,2437.702652,10.31334049,4.548595926,457,23,7,8,38,496,7,1,1,9,495,505,458,11,402,10
18,1000,70,5.13,10.3,18,37,96,962,20,10,8,38,7.423338932,381,451,685.7398152,693.7998514,10.32582652,4.341316032,478,19,10,8,37,484,1,0,0,1,515,485,434,17,370,11
19,1000,70,5.13,10.3,18,37,91,962,24,9,5,38,7.558706032,360,429,416.4018166,247.976554,9.567683642,5.391015014,489,18,7,5,30,473,6,2,0,8,519,481,410,19,347,13
20,1000,70,5.13,10.3,18,37,92,950,23,14,13,50,7.512610192,395,459,597.3071464,380.5467197,10.53640013,4.560530688,451,21,11,11,43,499,2,3,2,7,494,506,445,14,388,7
17,1000,70,5.13,10.3,18,37,98,961,26,5,8,39,7.413295258,420,476,697.8755762,402.0622096,10.21419458,4.612395932,468,21,4,7,32,493,5,1,1,7,500,500,462,14,408,12
23,1000,70,5.13,10.3,18,37,92,954,29,12,5,46,7.439737727,359,438,331.5351614,197.9628771,10.0279599,4.702399875,473,25,11,5,41,481,4,1,0,5,514,486,424,14,348,11
21,1000,70,5.13,10.3,18,37,96,954,28,9,9,46,7.358068283,415,475,5210.526477,2677.878383,10.33625513,4.438855431,457,22,8,8,38,497,6,1,1,8,495,505,460,15,412,3
22,1000,70,5.13,10.3,18,37,93,959,29,7,5,41,7.003162342,399,475,494.0067354,298.312551,9.494270477,4.609744722,452,26,7,5,38,507,3,0,0,3,490,510,460,15,388,11
18,1000,70,5.13,10.3,18,37,97,962,20,10,8,38,7.426704678,398,442,713.4508936,713.5670641,10.39473592,4.275083874,478,19,10,8,37,484,1,0,0,1,515,485,431,11,387,11
24,1000,70,5.13,10.3,18,37,60,970,17,8,5,30,7.7136934,242,342,103.2149327,55.12572481,8.54703924,6.877007497,481,13,4,3,20,489,4,4,2,10,501,499,313,29,230,12
19,1000,70,5.13,10.3,18,37,92,961,25,7,7,39,7.558618913,350,434,446.6364084,267.6552014,9.605861369,5.349640048,488,19,6,6,31,473,6,1,1,8,519,481,415,19,346,4
20,1000,70,5.13,10.3,18,37,93,950,22,15,13,50,7.539997603,410,473,644.0230607,404.1452393,10.60100193,4.551586262,451,20,12,11,43,499,2,3,2,7,494,506,460,13,401,9
17,1000,70,5.13,10.3,18,37,99,960,27,5,8,40,7.394210486,431,482,728.3963863,419.3352672,10.25562537,4.532795597,467,22,4,7,33,493,5,1,1,7,500,500,469,13,421,10
23,1000,70,5.13,10.3,18,37,93,953,29,12,6,47,7.445023504,378,431,343.3748592,204.805991,10.07073522,4.668036214,473,24,11,6,41,480,5,1,0,6,514,486,419,12,367,11
21,1000,70,5.13,10.3,18,37,97,954,27,10,9,46,7.362717021,427,476,5455.678556,2794.029913,10.38300578,4.402235956,456,22,9,8,39,498,5,1,1,7,495,505,467,9,422,5
18,1000,70,5.13,10.3,18,37,98,960,22,10,8,40,7.460837764,391,456,743.7226526,737.21452,10.44745941,4.289476638,477,20,10,8,38,483,2,0,0,2,515,485,437,19,385,6
22,1000,70,5.13,10.3,18,37,94,959,29,7,5,41,6.993142021,411,487,521.8070072,313.9961282,9.533442408,4.552461256,452,26,7,5,38,507,3,0,0,3,490,510,468,19,403,8
24,1000,70,5.13,10.3,18,37,61,969,17,9,5,31,7.714308672,249,356,109.2268011,58.46518973,8.593093918,6.832001241,480,13,5,3,21,489,4,4,2,10,501,499,333,23,234,15
19,1000,70,5.13,10.3,18,37,93,962,24,7,7,38,7.529702911,364,448,479.5397383,285.6534047,9.623242171,5.270769698,488,19,6,6,31,474,5,1,1,7,519,481,429,19,350,14
20,1000,70,5.13,10.3,18,37,94,949,23,15,13,51,7.520022399,429,474,675.8728832,420.9482591,10.65871734,4.455762908,450,21,12,11,44,499,2,3,2,7,494,506,455,19,414,15
17,1000,70,5.13,10.3,18,37,100,960,27,5,8,40,7.372561734,422,488,772.9218653,444.0637335,10.28470864,4.460414825,467,22,4,7,33,493,5,1,1,7,500,500,472,16,418,4
23,1000,70,5.13,10.3,18,37,94,951,31,12,6,49,7.423099226,375,446,371.1954651,220.7162524,10.12898047,4.561323589,472,25,11,6,42,479,6,1,0,7,514,486,425,21,366,9
21,1000,70,5.13,10.3,18,37,98,956,27,9,8,44,7.325959327,421,491,6054.532252,3092.293848,10.39681339,4.31591426,457,22,8,8,38,499,5,1,0,6,495,505,468,23,414,7
18,1000,70,5.13,10.3,18,37,99,960,21,11,8,40,7.486349768,404,459,791.3945402,774.6684906,10.51992667,4.265128933,477,19,11,8,38,483,2,0,0,2,515,485,446,13,393,11
22,1000,70,5.13,10.3,18,37,95,959,28,7,6,41,6.997987219,397,478,552.2073951,331.2407357,9.58474605,4.51266991,452,25,7,6,38,507,3,0,0,3,490,510,467,11,392,5
20,1000,70,5.13,10.3,18,37,95,949,23,15,13,51,7.526141329,420,483,702.5315148,437.3213294,10.67341355,4.453507971,449,22,12,11,45,500,1,3,2,6,494,506,469,14,413,7
17,1000,70,5.13,10.3,18,37,101,960,27,5,8,40,7.36985543,435,483,813.3510684,468.4881296,10.29084865,4.448862213,467,22,4,7,33,493,5,1,1,7,500,500,469,14,419,16
23,1000,70,5.13,10.3,18,37,95,951,31,12,6,49,7.425808644,373,443,394.2158772,233.6105332,10.13721272,4.558191985,472,25,11,6,42,479,6,1,0,7,514,486,426,17,362,11
19,1000,70,5.13,10.3,18,37,94,962,25,7,6,38,7.496007393,353,442,525.8300874,311.5834215,9.645228293,5.176993573,488,19,6,6,31,474,6,1,0,7,519,481,422,20,339,14
24,1000,70,5.13,10.3,18,37,62,969,17,9,5,31,7.713752355,267,374,115.8966186,62.14827524,8.613207535,6.810692145,480,13,5,3,21,489,4,4,2,10,501,499,338,36,257,10
21,1000,70,5.13,10.3,18,37,99,957,24,11,8,43,7.305972567,429,481,6684.951226,3405.508204,10.43227281,4.241579258,458,19,10,8,37,499,5,1,0,6,495,505,463,18,414,15
18,1000,70,5.13,10.3,18,37,100,959,21,12,8,41,7.486994292,417,462,833.2129101,804.066239,10.54811658,4.236524234,476,19,12,8,39,483,2,0,0,2,515,485,449,13,403,14
22,1000,70,5.13,10.3,18,37,96,958,29,7,6,42,6.95830677,419,480,583.538996,348.7638417,9.593952523,4.426019673,451,26,7,6,39,507,3,0,0,3,490,510,463,17,410,9
17,1000,70,5.13,10.3,18,37,102,959,28,5,8,41,7.369699551,432,477,857.3814864,492.9243315,10.35254059,4.38685851,466,23,4,7,34,493,5,1,1,7,500,500,466,11,426,6
20,1000,70,5.13,10.3,18,37,96,949,23,15,13,51,7.511961232,427,471,731.3624177,456.2265611,10.70224031,4.397340943,449,22,12,11,45,500,1,3,2,6,494,506,457,14,418,9
23,1000,70,5.13,10.3,18,37,96,951,31,12,6,49,7.444626028,375,451,403.5698362,239.1838228,10.18943995,4.541674678,472,25,11,6,42,479,6,1,0,7,514,486,430,21,365,10
19,1000,70,5.13,10.3,18,37,95,963,24,7,6,37,7.46600517,379,445,547.6341228,323.4683717,9.727827466,5.02549421,487,20,6,6,32,476,4,1,0,5,519,481,426,19,366,13
24,1000,70,5.13,10.3,18,37,63,968,18,9,5,32,7.713230929,253,378,121.0326124,65.24472336,8.647550911,6.775166178,480,13,5,3,21,488,5,4,2,11,501,499,346,32,242,11
21,1000,70,5.13,10.3,18,37,100,957,23,12,8,43,7.306325882,431,475,7381.465443,3753.717297,10.46255636,4.212595019,458,18,11,8,37,499,5,1,0,6,495,505,464,11,424,7
18,1000,70,5.13,10.3,18,37,101,958,22,12,8,42,7.492791808,415,456,868.6616174,826.6720792,10.59215552,4.201714875,475,20,12,8,40,483,2,0,0,2,515,485,447,9,408,7
22,1000,70,5.13,10.3,18,37,97,957,30,7,6,43,6.960810316,420,486,623.3567016,370.5585954,9.660230692,4.367249563,450,27,7,6,40,507,3,0,0,3,490,510,468,18,409,11
17,1000,70,5.13,10.3,18,37,103,958,28,6,8,42,7.353939595,428,484,916.5794971,529.9921379,10.37150755,4.336371643,465,23,5,7,35,493,5,1,1,7,500,500,474,10,426,2
20,1000,70,5.13,10.3,18,37,97,948,25,13,14,52,7.511094321,423,475,769.0507192,477.3414937,10.76315462,4.336157982,447,24,11,12,47,501,1,2,2,5,494,506,467,8,416,7
23,1000,70,5.13,10.3,18,37,97,952,29,13,6,48,7.438552775,366,460,436.3872111,258.0186851,10.21452748,4.502645374,472,24,12,6,42,480,5,1,0,6,514,486,441,19,362,4
19,1000,70,5.13,10.3,18,37,96,963,24,6,7,37,7.449501403,383,443,569.3782992,336.9894335,9.809936104,4.902587452,487,20,5,7,32,476,4,1,0,5,519,481,430,13,371,12
24,1000,70,5.13,10.3,18,37,64,969,18,8,5,31,7.68568971,262,379,124.7753062,67.62913947,8.66216784,6.705297839,480,13,5,3,21,489,5,3,2,10,501,499,349,30,252,10
21,1000,70,5.13,10.3,18,37,101,957,23,12,8,43,7.295811073,423,483,7490.516989,3812.537294,10.4877276,4.16710081,458,18,11,8,37,499,5,1,0,6,495,505,464,19,415,8
18,1000,70,5.13,10.3,18,37,102,957,23,11,9,43,7.473931203,408,463,919.2010454,865.2170041,10.6165118,4.136964176,474,21,11,9,41,483,2,0,0,2,515,485,446,17,396,12
22,1000,70,5.13,10.3,18,37,98,956,30,8,6,44,6.953520257,421,483,645.445672,381.7705046,9.683165335,4.330920083,450,27,7,6,40,506,3,1,0,4,490,510,468,15,416,5
17,1000,70,5.13,10.3,18,37,104,955,31,6,8,45,7.362688955,431,490,974.1340982,562.4077901,10.42440012,4.300977789,462,26,5,7,38,493,5,1,1,7,500,500,479,11,421,10
20,1000,70,5.13,10.3,18,37,98,947,26,13,14,53,7.49223043,428,495,802.9034941,496.6708786,10.74724892,4.314406055,446,25,11,12,48,501,1,2,2,5,494,506,476,19,415,13
25,1000,70,5.13,10.3,18,37,0,944,27,15,14,56,7.135,102,176,17.53139223,9.082180251,6.176229508,8.048828125,472,10,3,3,16,472,17,12,11,40,488,512,95,81,74,28
23,1000,70,5.13,10.3,18,37,98,951,30,13,6,49,7.454664243,382,443,471.7167571,279.1918725,10.25842894,4.489365777,472,24,12,6,42,479,6,1,0,7,514,486,429,14,375,7
19,1000,70,5.13,10.3,18,37,97,960,27,6,7,40,7.463796656,372,451,587.3454246,349.7324475,9.907886081,4.826619086,484,23,5,7,35,476,4,1,0,5,519,481,434,17,364,8
21,1000,70,5.13,10.3,18,37,102,957,23,12,8,43,7.317444216,436,490,8252.885514,4193.461845,10.5759903,4.123423796,458,18,11,8,37,499,5,1,0,6,495,505,474,16,425,11
24,1000,70,5.13,10.3,18,37,65,968,20,7,5,32,7.677801508,276,371,132.6006226,71.89127327,8.719387469,6.632040853,478,15,5,3,23,490,5,2,2,9,501,499,341,30,263,13
18,1000,70,5.13,10.3,18,37,103,957,23,11,9,43,7.462258958,406,463,972.4016732,905.8519462,10.64642301,4.081136305,474,21,11,9,41,483,2,0,0,2,515,485,449,14,399,7
22,1000,70,5.13,10.3,18,37,99,956,30,8,6,44,6.920492329,431,496,687.5895992,405.4581079,9.722759494,4.228117995,450,27,7,6,40,506,3,1,0,4,490,510,480,16,426,5
23,1000,70,5.13,10.3,18,37,99,950,30,13,7,50,7.453571274,387,454,502.586961,297.1347426,10.33417839,4.407003254,470,24,13,7,44,480,6,0,0,6,514,486,439,15,380,7
20,1000,70,5.13,10.3,18,37,99,947,25,13,15,53,7.506713418,424,477,881.5628455,538.9115528,10.8399518,4.25252417,446,24,11,13,48,501,1,2,2,5,494,506,462,15,416,8
25,1000,70,5.13,10.3,18,37,1,941,30,15,14,59,7.20631224,77,201,17.57184592,9.164511774,6.281698024,8.087585165,469,13,3,3,19,472,17,12,11,40,488,512,122,79,56,21
19,1000,70,5.13,10.3,18,37,98,959,28,6,7,41,7.459569823,381,451,630.524891,376.7243468,9.949559017,4.772866305,483,24,5,7,36,476,4,1,0,5,519,481,430,21,370,11
21,1000,70,5.13,10.3,18,37,103,955,25,12,8,45,7.311526944,431,481,8794.344622,4488.936779,10.64631824,4.042771115,456,20,11,8,39,499,5,1,0,6,495,505,468,13,424,7
18,1000,70,5.13,10.3,18,37,104,956,24,11,9,44,7.472179821,410,475,1060.885528,988.7682615,10.69795338,4.046873878,473,22,11,9,42,483,2,0,0,2,515,485,456,19,405,5
26,1000,70,5.13,10.3,18,37,0,938,32,17,13,62,7.054,99,187,17.48752041,8.951915308,6.224448898,7.880239521,474,14,6,5,25,464,18,11,8,37,499,501,117,70,66,33
24,1000,70,5.13,10.3,18,37,66,968,20,7,5,32,7.687521756,300,369,136.4975132,74.29215983,8.774537201,6.596149536,478,15,5,3,23,490,5,2,2,9,501,499,349,20,287,13
22,1000,70,5.13,10.3,18,37,100,956,30,8,6,44,6.927668172,420,492,750.5390627,439.9251277,9.774230115,4.19273611,450,27,7,6,40,506,3,1,0,4,490,510,480,12,416,4
23,1000,70,5.13,10.3,18,37,100,951,29,13,7,49,7.447615718,386,452,555.7261733,328.9453185,10.35224884,4.375637475,469,25,13,7,45,482,4,0,0,4,514,486,433,19,380,6
20,1000,70,5.13,10.3,18,37,100,947,25,13,15,53,7.51300579,436,486,931.2503982,572.3052618,10.87024086,4.235388944,446,24,11,13,48,501,1,2,2,5,494,506,467,19,426,10
25,1000,70,5.13,10.3,18,37,2,943,29,14,14,57,7.216817579,101,167,17.63290397,9.239891704,6.312322367,8.078914578,469,13,3,3,19,474,16,11,11,38,488,512,97,70,73,28
19,1000,70,5.13,10.3,18,37,99,960,27,6,7,40,7.446454536,381,442,672.8235808,404.9585207,9.992413039,4.699360017,482,25,5,7,37,478,2,1,0,3,519,481,423,19,375,6
21,1000,70,5.13,10.3,18,37,104,957,23,12,8,43,7.310322234,446,472,8885.828163,4544.64146,10.70759824,3.98031902,456,20,11,8,39,501,3,1,0,4,495,505,457,15,435,11
27,1000,70,5.13,10.3,18,37,0,937,38,17,8,63,7.153,97,192,17.51952589,9.106652699,6.219315895,8.07554672,477,15,5,0,20,460,23,12,8,43,497,503,112,80,61,36
26,1000,70,5.13,10.3,18,37,1,935,35,17,13,65,7.117220713,91,202,17.50444506,8.993646593,6.292924108,7.938226712,473,15,6,5,26,462,20,11,8,39,499,501,108,94,64,27
22,1000,70,5.13,10.3,18,37,101,956,29,9,6,44,6.916463364,430,476,784.9700616,458.6476748,9.800586665,4.145442937,450,26,8,6,40,506,3,1,0,4,490,510,469,7,422,8
24,1000,70,5.13,10.3,18,37,67,969,19,7,5,31,7.715385695,284,390,141.1619423,76.8698079,8.810964328,6.615415966,478,15,5,3,23,491,4,2,2,8,501,499,355,35,273,11
23,1000,70,5.13,10.3,18,37,101,949,30,14,7,51,7.440922298,400,455,638.3500004,376.726978,10.42531451,4.284589796,468,25,14,7,46,481,5,0,0,5,514,486,439,16,388,12
20,1000,70,5.13,10.3,18,37,101,946,25,14,15,54,7.476783642,437,477,988.5712623,613.1604914,10.91986564,4.115355766,445,24,12,13,49,501,1,2,2,5,494,506,468,9,434,3
25,1000,70,5.13,10.3,18,37,3,943,30,15,12,57,7.224476881,96,169,17.71560016,9.305098617,6.3567079,8.05156919,469,13,3,3,19,474,17,12,9,38,488,512,101,68,65,31
19,1000,70,5.13,10.3,18,37,100,959,28,6,7,41,7.439427799,381,459,714.7787812,438.1898336,10.02901712,4.645255542,481,26,5,7,38,478,2,1,0,3,519,481,443,16,371,10
26,1000,70,5.13,10.3,18,37,2,936,34,17,13,64,7.123772819,94,182,17.56792824,9.071527683,6.313968335,7.93034455,474,14,6,5,25,462,20,11,8,39,499,501,101,81,65,29
27,1000,70,5.13,10.3,18,37,1,939,35,18,8,61,7.167467349,92,197,17.59926905,9.185453298,6.246921301,8.077032728,477,15,5,0,20,462,20,13,8,41,497,503,113,84,64,28
22,1000,70,5.13,10.3,18,37,102,955,30,9,6,45,6.911815346,435,492,860.0425575,500.1355206,9.832302102,4.105857484,449,27,8,6,41,506,3,1,0,4,490,510,482,10,427,8
23,1000,70,5.13,10.3,18,37,102,950,29,14,7,50,7.434182656,397,457,663.3367387,391.3024871,10.45963498,4.23442444,468,25,14,7,46,482,4,0,0,4,514,486,444,13,386,11
24,1000,70,5.13,10.3,18,37,68,968,20,7,5,32,7.744128755,278,381,148.5918942,81.02396758,8.856600173,6.627198534,477,16,5,3,24,491,4,2,2,8,501,499,358,23,262,16
20,1000,70,5.13,10.3,18,37,102,944,26,15,15,56,7.476290707,445,483,1075.651281,677.0954771,10.99363364,4.042363025,442,25,14,13,52,502,1,1,2,4,494,506,473,10,434,11
25,1000,70,5.13,10.3,18,37,4,944,29,15,12,56,7.25187332,87,199,17.7819269,9.369408879,6.350780834,8.110727095,470,12,3,3,18,474,17,12,9,38,488,512,107,92,58,29
19,1000,70,5.13,10.3,18,37,101,958,30,6,6,42,7.399944064,383,461,769.7410826,471.3163913,10.01742145,4.575680519,480,28,5,6,39,478,2,1,0,3,519,481,443,18,374,9
26,1000,70,5.13,10.3,18,37,3,938,34,15,13,62,7.115336913,107,171,17.68906713,9.189441305,6.303820424,7.923613814,475,14,5,5,24,463,20,10,8,38,499,501,98,73,76,31
27,1000,70,5.13,10.3,18,37,2,939,35,17,9,61,7.208775899,101,183,17.637346,9.245648628,6.339020618,8.068156367,477,15,5,0,20,462,20,12,9,41,497,503,104,79,67,34
22,1000,70,5.13,10.3,18,37,103,953,32,9,6,47,6.919635209,432,496,894.9352876,523.4593815,9.899998806,4.056148616,447,29,8,6,43,506,3,1,0,4,490,510,486,10,428,4
23,1000,70,5.13,10.3,18,37,103,950,29,14,7,50,7.396290533,394,472,689.0056015,406.1921646,10.50486256,4.108623825,468,25,14,7,46,482,4,0,0,4,514,486,450,22,387,7
24,1000,70,5.13,10.3,18,37,69,967,22,7,4,33,7.722529513,284,391,154.1950812,84.04394239,8.917975495,6.522292164,476,17,5,3,25,491,5,2,1,8,501,499,368,23,276,8
20,1000,70,5.13,10.3,18,37,103,945,24,16,15,55,7.457244982,440,485,1147.805046,722.5629264,11.05634586,3.943498273,442,24,15,13,52,503,0,1,2,3,494,506,469,16,435,5
25,1000,70,5.13,10.3,18,37,5,944,29,15,12,56,7.301584438,111,181,17.87472841,9.455266135,6.386009349,8.174241944,470,12,3,3,18,474,17,12,9,38,488,512,117,64,81,30
19,1000,70,5.13,10.3,18,37,102,959,29,6,6,41,7.380918905,382,460,805.8318894,503.4229798,10.05146907,4.499389729,480,28,5,6,39,479,1,1,0,2,519,481,443,17,378,4
26,1000,70,5.13,10.3,18,37,4,940,34,14,12,60,7.118794675,96,207,17.75638166,9.275789212,6.287090701,7.947178474,477,13,4,5,22,463,21,10,7,38,499,501,122,85,63,33
22,1000,70,5.13,10.3,18,37,104,953,31,10,6,47,6.901158368,444,487,959.7138656,566.6481837,9.944839876,3.976836919,447,28,9,6,43,506,3,1,0,4,490,510,481,6,434,10
28,1000,70,5.13,10.3,18,37,0,940,31,15,14,60,7.4,94,159,17.54283101,8.925510395,6.983706721,7.801571709,466,12,3,10,25,474,19,12,4,35,491,509,89,70,67,27
27,1000,70,5.13,10.3,18,37,3,939,35,17,9,61,7.229074786,102,207,17.6861272,9.331097072,6.41104534,8.037346425,477,15,5,0,20,462,20,12,9,41,497,503,117,90,70,32
23,1000,70,5.13,10.3,18,37,104,950,29,14,7,50,7.387306591,397,469,744.658219,438.8218631,10.55921165,4.032658029,468,25,14,7,46,482,4,0,0,4,514,486,452,17,391,6
29,1000,70,5.13,10.3,18,37,0,950,24,11,15,50,7.187,90,176,17.55421519,8.770107916,6.481707317,7.87007874,472,13,3,4,20,478,11,8,11,30,492,508,90,86,63,27
20,1000,70,5.13,10.3,18,37,104,944,25,16,15,56,7.488791425,450,481,1208.744111,758.1739378,11.11883108,3.944839666,441,25,15,13,53,503,0,1,2,3,494,506,468,13,443,7
24,1000,70,5.13,10.3,18,37,70,968,22,6,4,32,7.694884547,280,387,163.5970119,89.15889245,8.951293166,6.433440223,476,17,5,3,25,492,5,1,1,7,501,499,362,25,271,9
30,1000,70,5.13,10.3,18,37,0,946,28,15,11,54,6.838,95,181,17.5558477,9.019227445,6.09394572,7.522072937,459,11,5,4,20,487,17,10,7,34,479,521,100,81,66,29
25,1000,70,5.13,10.3,18,37,6,946,28,14,12,54,7.323961581,93,156,17.96464069,9.537961569,6.419596018,8.185935007,470,12,3,3,18,476,16,11,9,36,488,512,106,50,65,28
19,1000,70,5.13,10.3,18,37,103,957,31,6,6,43,7.382275372,393,450,896.5167878,568.5584864,10.13252032,4.41475536,478,30,5,6,41,479,1,1,0,2,519,481,436,14,384,9
26,1000,70,5.13,10.3,18,37,5,941,34,14,11,59,7.131174313,96,179,17.80633999,9.324379878,6.320774739,7.938338759,476,14,4,5,23,465,20,10,6,36,499,501,106,73,63,33
28,1000,70,5.13,10.3,18,37,1,939,32,16,13,61,7.447859047,85,179,17.60619307,8.984728842,7.010111127,7.870126688,466,12,4,9,25,473,20,12,4,36,491,509,99,80,59,26
27,1000,70,5.13,10.3,18,37,4,940,34,17,9,60,7.251108877,106,182,17.78185228,9.424694505,6.433682252,8.058784886,477,15,5,0,20,463,19,12,9,40,497,503,110,72,72,34
29,1000,70,5.13,10.3,18,37,1,951,23,11,15,49,7.170131561,101,178,17.63467456,8.868025369,6.501389792,7.817810596,472,13,3,4,20,479,10,8,11,29,492,508,104,74,71,30
25,1000,70,5.13,10.3,18,37,7,949,26,13,12,51,7.336389384,98,199,18.11474436,9.666325099,6.447805647,8.183320759,470,12,3,3,18,479,14,10,9,33,488,512,122,77,71,27
30,1000,70,5.13,10.3,18,37,1,946,29,15,10,54,6.865959868,85,196,17.62558634,9.074598436,6.14295528,7.530680018,459,11,5,4,20,487,18,10,6,34,479,521,113,83,59,26
24,1000,70,5.13,10.3,18,37,71,970,20,6,4,30,7.677030455,305,400,173.3522967,94.55514667,9.000373247,6.348383684,476,17,5,3,25,494,3,1,1,5,501,499,374,26,296,9
19,1000,70,5.13,10.3,18,37,104,957,31,6,6,43,7.370508486,390,457,972.032283,626.1864223,10.14665788,4.375037522,478,30,5,6,41,479,1,1,0,2,519,481,443,14,381,9
31,1000,70,5.13,10.3,18,37,0,935,22,25,18,65,7.575,111,177,17.58495443,9.096642653,7.04742268,8.07184466,455,13,10,7,30,480,9,15,11,35,485,515,98,79,70,41
26,1000,70,5.13,10.3,18,37,6,944,34,11,11,56,7.095723502,91,180,17.89284686,9.452515989,6.290665644,7.897567555,477,14,4,4,22,467,20,7,7,34,499,501,118,62,67,24
27,1000,70,5.13,10.3,18,37,5,940,34,17,9,60,7.294903483,99,181,17.85360732,9.488529082,6.505216296,8.075170942,477,15,5,0,20,463,19,12,9,40,497,503,108,73,71,28
29,1000,70,5.13,10.3,18,37,2,951,23,11,15,49,7.193962598,119,193,17.66173727,8.917859873,6.504117138,7.862080641,472,14,2,4,20,479,9,9,11,29,492,508,118,75,81,38
28,1000,70,5.13,10.3,18,37,2,938,33,16,13,62,7.491724332,100,164,17.70338814,9.086420926,7.059025647,7.909121296,465,13,4,9,26,473,20,12,4,36,491,509,92,72,73,27
25,1000,70,5.13,10.3,18,37,8,948,27,13,12,52,7.349620818,103,215,18.17682725,9.742138746,6.47549419,8.182772761,470,12,3,3,18,478,15,10,9,34,488,512,144,71,73,30
30,1000,70,5.13,10.3,18,37,2,947,28,14,11,53,6.890639784,84,182,17.67007459,9.130635796,6.17373104,7.549755501,460,10,4,5,19,487,18,10,6,34,479,521,109,73,60,24
26,1000,70,5.13,10.3,18,37,7,944,32,12,12,56,7.146216902,95,187,17.94932581,9.514282983,6.346291468,7.942949021,477,13,4,5,22,467,19,8,7,34,499,501,106,81,61,34
24,1000,70,5.13,10.3,18,37,72,970,20,6,4,30,7.656650025,301,415,182.3900928,99.39123623,9.01093191,6.296940157,476,17,5,3,25,494,3,1,1,5,501,499,388,27,289,12
31,1000,70,5.13,10.3,18,37,1,935,23,25,17,65,7.616246034,93,212,17.6289371,9.127142108,7.119311697,8.084232739,454,14,10,7,31,481,9,15,10,34,485,515,120,92,66,27
27,1000,70,5.13,10.3,18,37,6,942,33,16,9,58,7.313462116,95,191,17.95889008,9.568951036,6.553348658,8.064508614,477,15,5,0,20,465,18,11,9,38,497,503,122,69,68,27
29,1000,70,5.13,10.3,18,37,3,950,24,11,15,50,7.212140638,97,194,17.76240587,9.003647263,6.525341172,7.877308625,471,15,2,4,21,479,9,9,11,29,492,508,106,88,68,29
28,1000,70,5.13,10.3,18,37,3,940,31,16,13,60,7.499146442,104,187,17.79693202,9.15146516,7.111892679,7.872705573,465,12,5,9,26,475,19,11,4,34,491,509,108,79,78,26
25,1000,70,5.13,10.3,18,37,9,948,27,12,13,52,7.395352461,101,157,18.28928067,9.850802322,6.52574703,8.224195139,470,12,2,4,18,478,15,10,9,34,488,512,102,55,79,22
26,1000,70,5.13,10.3,18,37,8,944,31,13,12,56,7.144003992,94,209,18.09070947,9.610588191,6.353176363,7.931674625,477,13,4,5,22,467,18,9,7,34,499,501,130,79,64,30
30,1000,70,5.13,10.3,18,37,3,946,29,15,10,54,6.897363128,79,187,17.76015075,9.219373213,6.176986663,7.559667018,460,10,4,5,19,486,19,11,5,35,479,521,107,80,53,26
24,1000,70,5.13,10.3,18,37,73,969,21,6,4,31,7.645280081,308,407,191.4802909,104.9065121,9.033044233,6.251953747,475,18,5,3,26,494,3,1,1,5,501,499,383,24,300,8
31,1000,70,5.13,10.3,18,37,2,936,23,23,18,64,7.612329169,102,189,17.65638136,9.177878164,7.125132717,8.071145245,456,13,8,8,29,480,10,15,10,35,485,515,107,82,70,32
27,1000,70,5.13,10.3,18,37,7,945,31,15,9,55,7.31309825,101,188,18.082945,9.67460662,6.591512263,8.02607685,478,15,4,0,19,467,16,11,9,36,497,503,110,78,79,22
29,1000,70,5.13,10.3,18,37,4,953,22,9,16,47,7.249042614,80,168,17.78909121,9.052288466,6.574052212,7.902773475,471,15,2,4,21,482,7,7,12,26,492,508,97,71,59,21
28,1000,70,5.13,10.3,18,37,4,942,30,15,13,58,7.52287884,87,190,17.86690568,9.204204119,7.144663733,7.887718952,466,12,4,9,25,476,18,11,4,33,491,509,110,80,59,28
25,1000,70,5.13,10.3,18,37,10,947,28,12,13,53,7.43221833,105,172,18.36760769,9.927794954,6.592713331,8.232371533,470,12,2,4,18,477,16,10,9,35,488,512,114,58,78,27
26,1000,70,5.13,10.3,18,37,9,945,30,13,12,55,7.148208451,108,189,18.18107563,9.685331702,6.352871294,7.940370608,478,12,4,5,21,467,18,9,7,34,499,501,116,73,75,33
30,1000,70,5.13,10.3,18,37,4,946,30,14,10,54,6.91868247,98,173,17.89765926,9.341822295,6.241129985,7.541614602,459,11,4,5,20,487,19,10,5,34,479,521,114,59,69,29
31,1000,70,5.13,10.3,18,37,3,935,23,24,18,65,7.646883399,87,184,17.69977756,9.216910436,7.158582447,8.106739635,456,13,8,8,29,479,10,16,10,36,485,515,113,71,55,32
24,1000,70,5.13,10.3,18,37,74,969,21,6,4,31,7.619526594,324,394,200.6733449,110.2727119,9.052825364,6.18048314,475,18,5,3,26,494,3,1,1,5,501,499,373,21,314,10
27,1000,70,5.13,10.3,18,37,8,946,30,14,10,54,7.337758395,105,206,18.25702984,9.801154092,6.611577479,8.055277112,479,14,4,0,18,467,16,10,10,36,497,503,126,80,75,30
29,1000,70,5.13,10.3,18,37,5,955,21,9,15,45,7.227067345,88,190,17.89928161,9.140329462,6.564743164,7.868530923,472,15,2,3,20,483,6,7,12,25,492,508,117,73,61,27
25,1000,70,5.13,10.3,18,37,11,947,28,13,12,53,7.410087259,100,206,18.4772569,10.02091476,6.603030277,8.179313444,470,12,2,4,18,477,16,11,8,35,488,512,122,84,73,27
28,1000,70,5.13,10.3,18,37,5,944,28,15,13,56,7.547115409,91,171,17.9197016,9.249839112,7.174696334,7.906364458,468,11,3,9,23,476,17,12,4,33,491,509,97,74,70,21
26,1000,70,5.13,10.3,18,37,10,947,28,13,12,53,7.15368643,104,182,18.33185884,9.799761198,6.39988551,7.904478165,479,11,4,5,20,468,17,9,7,33,499,501,114,68,76,28
30,1000,70,5.13,10.3,18,37,5,946,29,14,11,54,6.98127478,110,177,18.07474181,9.482713407,6.29031846,7.616530207,459,11,3,6,20,487,18,11,5,34,479,521,108,69,80,30
31,1000,70,5.13,10.3,18,37,4,936,23,22,19,64,7.646726075,105,202,17.7495371,9.2667819,7.196111282,8.071091464,456,13,7,9,29,480,10,15,10,35,485,515,112,90,68,37
24,1000,70,5.13,10.3,18,37,75,967,23,6,4,33,7.621985887,319,410,213.4740305,117.6995863,9.101789453,6.136251243,473,20,5,3,28,494,3,1,1,5,501,499,387,23,311,8
27,1000,70,5.13,10.3,18,37,9,948,28,14,10,52,7.366742843,102,187,18.38706184,9.898931704,6.647985377,8.076926662,479,14,4,0,18,469,14,10,10,34,497,503,112,75,77,25
29,1000,70,5.13,10.3,18,37,6,955,21,9,15,45,7.26060033,102,164,17.96380787,9.214950071,6.639253902,7.862376791,472,15,2,3,20,483,6,7,12,25,492,508,100,64,72,30
25,1000,70,5.13,10.3,18,37,12,948,29,11,12,52,7.446889857,104,197,18.61235994,10.12567555,6.685221575,8.172854938,470,12,2,4,18,478,17,9,8,34,488,512,142,55,75,29
28,1000,70,5.13,10.3,18,37,6,944,29,15,12,56,7.549891301,100,188,17.99130591,9.337683639,7.207185903,7.880477451,468,11,3,9,23,476,18,12,3,33,491,509,125,63,68,32
26,1000,70,5.13,10.3,18,37,11,947,29,13,11,53,7.126371214,103,217,18.44625998,9.913219083,6.400363667,7.849480527,479,11,4,5,20,468,18,9,6,33,499,501,134,83,77,26
30,1000,70,5.13,10.3,18,37,6,949,27,14,10,51,6.946427926,79,171,18.17640172,9.545133763,6.305990505,7.535236995,460,11,3,5,19,489,16,11,5,32,479,521,98,73,53,26
31,1000,70,5.13,10.3,18,37,5,935,24,22,19,65,7.684991682,108,201,17.83648079,9.336424064,7.246225242,8.098198911,456,13,7,9,29,479,11,15,10,36,485,515,112,89,79,29
24,1000,70,5.13,10.3,18,37,76,966,24,7,3,34,7.604716462,313,410,225.5039019,124.6682864,9.189817535,6.013262279,472,20,6,3,29,494,4,1,0,5,501,499,391,19,303,10
27,1000,70,5.13,10.3,18,37,10,950,27,14,9,50,7.382919396,105,183,18.53060798,10.00095587,6.703499574,8.054234806,479,14,4,0,18,471,13,10,9,32,497,503,124,59,71,34
29,1000,70,5.13,10.3,18,37,7,955,22,8,15,45,7.297169102,100,187,18.01787318,9.266949181,6.65446352,7.919631989,472,15,2,3,20,483,7,6,12,25,492,508,120,67,68,32
25,1000,70,5.13,10.3,18,37,13,950,26,12,12,50,7.491679908,106,184,18.74608459,10.22286127,6.778082109,8.17182781,470,12,2,4,18,480,14,10,8,32,488,512,127,57,88,18
28,1000,70,5.13,10.3,18,37,7,945,27,15,13,55,7.587659867,108,198,18.08589799,9.436260709,7.245300929,7.917911809,468,11,3,9,23,477,16,12,4,32,491,509,115,83,78,30
26,1000,70,5.13,10.3,18,37,12,947,30,12,11,53,7.174024962,115,198,18.56129973,10.01840446,6.501339552,7.844025001,478,12,4,5,21,469,18,8,6,32,499,501,125,73,83,32
30,1000,70,5.13,10.3,18,37,7,949,28,13,10,51,6.967951067,99,189,18.25031062,9.633501246,6.340994399,7.544366123,459,12,3,5,20,490,16,10,5,31,479,521,118,71,75,24
31,1000,70,5.13,10.3,18,37,6,935,25,22,18,65,7.710541433,109,185,17.89894773,9.405587888,7.313451656,8.084499766,456,13,7,9,29,479,12,15,9,36,485,515,112,73,78,31
27,1000,70,5.13,10.3,18,37,11,951,26,14,9,49,7.383727627,100,195,18.70369274,10.14019741,6.709053833,8.050353623,480,13,4,0,17,471,13,10,9,32,497,503,133,62,77,23
29,1000,70,5.13,10.3,18,37,8,954,24,8,14,46,7.334143827,98,188,18.08798852,9.361306619,6.715835807,7.932977579,472,15,2,3,20,482,9,6,11,26,492,508,120,68,66,32
25,1000,70,5.13,10.3,18,37,14,949,27,12,12,51,7.50127763,108,200,18.91727387,10.35699435,6.793185192,8.176178236,470,12,2,4,18,479,15,10,8,33,488,512,133,67,87,21
24,1000,70,5.13,10.3,18,37,77,965,25,7,3,35,7.574631968,329,415,244.1489411,134.4500023,9.203622123,5.939112795,471,21,6,3,30,494,4,1,0,5,501,499,395,20,317,12
28,1000,70,5.13,10.3,18,37,8,946,27,14,13,54,7.594813328,110,160,18.16740491,9.519596654,7.25910725,7.918647679,468,11,3,9,23,478,16,11,4,31,491,509,101,59,79,31
26,1000,70,5.13,10.3,18,37,13,947,30,12,11,53,7.184356693,107,196,18.77773269,10.17571784,6.508587204,7.8574285,477,13,4,5,22,470,17,8,6,31,499,501,128,68,80,27
30,1000,70,5.13,10.3,18,37,8,946,32,11,11,54,6.996544337,99,174,18.36826269,9.72993845,6.376424331,7.566673863,459,12,2,6,20,487,20,9,5,34,479,521,115,59,72,27
27,1000,70,5.13,10.3,18,37,12,951,27,13,9,49,7.396360214,105,202,18.82478598,10.22415195,6.798728703,7.986862919,479,14,4,0,18,472,13,9,9,31,497,503,125,77,80,25
29,1000,70,5.13,10.3,18,37,9,954,24,8,14,46,7.356246525,116,175,18.19089024,9.452205121,6.739542845,7.953526467,472,15,2,3,20,482,9,6,11,26,492,508,106,69,84,32
31,1000,70,5.13,10.3,18,37,7,935,25,23,17,65,7.754001262,100,207,17.95976041,9.454481669,7.361711761,8.123438948,456,13,8,8,29,479,12,15,9,36,485,515,124,83,73,27
25,1000,70,5.13,10.3,18,37,15,951,26,12,11,49,7.497584433,109,205,19.07224769,10.47426679,6.842744941,8.121728325,470,12,2,4,18,481,14,10,7,31,488,512,148,57,84,25
28,1000,70,5.13,10.3,18,37,9,946,27,14,13,54,7.633841583,103,179,18.24862149,9.588629271,7.345970192,7.911532847,468,11,3,9,23,478,16,11,4,31,491,509,105,74,78,25
24,1000,70,5.13,10.3,18,37,78,965,25,7,3,35,7.589302382,329,432,251.3743168,139.0983775,9.214470638,5.957620426,471,21,6,3,30,494,4,1,0,5,501,499,406,26,311,18
30,1000,70,5.13,10.3,18,37,9,947,31,10,12,53,7.004742288,98,200,18.49446725,9.819300433,6.350233883,7.60648802,460,11,2,6,19,487,20,8,6,34,479,521,127,73,80,18
26,1000,70,5.13,10.3,18,37,14,949,28,12,11,51,7.196046022,114,196,18.87584566,10.24776435,6.530272889,7.859161377,477,13,4,5,22,472,15,8,6,29,499,501,127,69,79,35
27,1000,70,5.13,10.3,18,37,13,952,27,13,8,48,7.39060538,119,226,18.950772,10.3376606,6.81483404,7.959508672,479,14,4,0,18,473,13,9,8,30,497,503,160,66,94,25
29,1000,70,5.13,10.3,18,37,10,954,25,8,13,46,7.371169641,98,172,18.34128442,9.548392865,6.770961553,7.952473537,472,15,2,3,20,482,10,6,10,26,492,508,108,64,68,30
25,1000,70,5.13,10.3,18,37,16,951,27,11,11,49,7.509163396,113,206,19.2538221,10.58765016,6.883248868,8.10573818,470,13,1,4,18,481,14,10,7,31,488,512,150,56,90,23
31,1000,70,5.13,10.3,18,37,8,935,25,23,17,65,7.813634157,99,172,18.02003747,9.514473219,7.416262201,8.187858231,456,13,8,8,29,479,12,15,9,36,485,515,114,58,71,28
28,1000,70,5.13,10.3,18,37,10,945,28,14,13,55,7.677986485,111,190,18.39457337,9.690358171,7.405509102,7.940828127,468,11,3,9,23,477,17,11,4,32,491,509,130,60,79,32
24,1000,70,5.13,10.3,18,37,79,963,27,7,3,37,7.584106051,342,423,262.5602821,146.379268,9.265476748,5.895996392,470,22,6,3,31,493,5,1,0,6,501,499,408,15,327,15
30,1000,70,5.13,10.3,18,37,10,949,29,9,13,51,7.003230196,99,176,18.64007416,9.918452434,6.360553935,7.594097621,460,11,2,6,19,489,18,7,7,32,479,521,110,66,72,27
26,1000,70,5.13,10.3,18,37,15,950,27,12,11,50,7.192432305,89,193,19.03101483,10.38330922,6.573176796,7.809215735,477,13,4,5,22,473,14,8,6,28,499,501,124,69,64,25
27,1000,70,5.13,10.3,18,37,14,953,26,13,8,47,7.392438058,108,198,19.03555287,10.41654968,6.852195629,7.926236243,479,14,4,0,18,474,12,9,8,29,497,503,136,62,84,24
29,1000,70,5.13,10.3,18,37,11,954,25,8,13,46,7.387809172,113,185,18.48904712,9.659857236,6.781861461,7.974671916,472,15,2,3,20,482,10,6,10,26,492,508,121,64,87,26
25,1000,70,5.13,10.3,18,37,17,951,27,12,10,49,7.527324403,120,221,19.49669827,10.76076722,6.928285647,8.098283217,470,13,1,4,18,481,14,11,6,31,488,512,156,65,93,27
31,1000,70,5.13,10.3,18,37,9,936,24,23,17,64,7.841479387,96,201,18.11176947,9.576229349,7.445125502,8.214744697,456,13,8,8,29,480,11,15,9,35,485,515,125,76,71,25
28,1000,70,5.13,10.3,18,37,11,945,28,14,13,55,7.682151341,108,184,18.50260523,9.804923081,7.419541747,7.935474151,468,11,3,9,23,477,17,11,4,32,491,509,115,69,79,29
26,1000,70,5.13,10.3,18,37,16,952,27,9,12,48,7.170203845,96,192,19.23634358,10.51866495,6.567806608,7.770196304,477,13,4,5,22,475,14,5,7,26,499,501,131,61,83,13
30,1000,70,5.13,10.3,18,37,11,950,29,8,13,50,7.035177903,95,196,18.78887301,10.0184931,6.409516956,7.610401691,460,11,2,6,19,490,18,6,7,31,479,521,131,65,73,22
24,1000,70,5.13,10.3,18,37,80,964,25,8,3,36,7.570337491,332,420,278.416979,155.4649914,9.304075361,5.829650772,470,21,7,3,31,494,4,1,0,5,501,499,396,24,326,6
27,1000,70,5.13,10.3,18,37,15,954,26,12,8,46,7.402218359,109,204,19.23370297,10.5738311,6.8550439,7.942865887,480,14,3,0,17,474,12,9,8,29,497,503,129,75,84,25
29,1000,70,5.13,10.3,18,37,12,955,24,8,13,45,7.397533925,124,193,18.59673404,9.730638973,6.805639329,7.970786171,473,14,2,3,19,482,10,6,10,26,492,508,124,69,92,32
25,1000,70,5.13,10.3,18,37,18,950,29,12,9,50,7.54814638,107,207,19.75366792,10.91386535,6.929442699,8.137848325,470,14,1,3,18,480,15,11,6,32,488,512,141,66,89,18
31,1000,70,5.13,10.3,18,37,10,938,23,22,17,62,7.864740517,110,186,18.17721878,9.62956977,7.489422819,8.218195047,456,13,8,8,29,482,10,14,9,33,485,515,113,73,81,29
28,1000,70,5.13,10.3,18,37,12,946,26,15,13,54,7.670307004,102,193,18.64855864,9.94453537,7.409487507,7.921903022,468,11,3,9,23,478,15,12,4,31,491,509,128,65,74,28
26,1000,70,5.13,10.3,18,37,17,950,29,9,12,50,7.176740786,117,196,19.39927389,10.60557599,6.576670067,7.774416012,476,14,4,5,23,474,15,5,7,27,499,501,129,67,90,27
30,1000,70,5.13,10.3,18,37,12,949,30,8,13,51,7.076216992,104,193,18.94151251,10.15543015,6.460618386,7.642189606,460,11,2,6,19,489,19,6,7,32,479,521,122,71,77,27
24,1000,70,5.13,10.3,18,37,81,964,25,8,3,36,7.571499769,339,428,291.5513902,163.6493078,9.365269538,5.770540543,470,21,7,3,31,494,4,1,0,5,501,499,401,27,332,7
27,1000,70,5.13,10.3,18,37,16,956,25,11,8,44,7.417992049,122,188,19.40495027,10.69654025,6.911336584,7.918603909,480,14,3,0,17,476,11,8,8,27,497,503,129,59,103,19
29,1000,70,5.13,10.3,18,37,13,955,23,9,13,45,7.43204366,107,177,18.68257951,9.824718224,6.87069212,7.975714836,473,14,2,3,19,482,9,7,10,26,492,508,125,52,77,30
25,1000,70,5.13,10.3,18,37,19,950,29,12,9,50,7.567002815,122,197,19.99885013,11.06414724,6.94596337,8.158931036,469,15,1,3,19,481,14,11,6,31,488,512,141,56,92,30
31,1000,70,5.13,10.3,18,37,11,938,23,22,17,62,7.869630569,98,195,18.30103624,9.701493428,7.515037645,8.203567595,456,13,8,8,29,482,10,14,9,33,485,515,122,73,72,26
28,1000,70,5.13,10.3,18,37,13,946,27,15,12,54,7.699735048,111,180,18.84812378,10.06939714,7.457768695,7.933144633,468,11,3,9,23,478,16,12,3,31,491,509,115,65,83,28
26,1000,70,5.13,10.3,18,37,18,949,30,9,12,51,7.175294809,123,213,19.66013568,10.79875261,6.615776814,7.732579199,475,15,4,5,24,474,15,5,7,27,499,501,143,70,98,25
30,1000,70,5.13,10.3,18,37,13,949,31,7,13,51,7.09288756,117,177,19.08620384,10.27133458,6.48547514,7.651333912,460,11,2,6,19,489,20,5,7,32,479,521,118,59,89,28
24,1000,70,5.13,10.3,18,37,82,965,24,8,3,35,7.580811577,344,436,306.7217069,173.437379,9.40143551,5.752890555,470,21,7,3,31,495,3,1,0,4,501,499,409,27,341,3
27,1000,70,5.13,10.3,18,37,17,958,23,11,8,42,7.438546425,114,183,19.60762391,10.85961036,6.956557273,7.914786203,480,14,3,0,17,478,9,8,8,25,497,503,123,60,89,25
25,1000,70,5.13,10.3,18,37,20,951,29,11,9,49,7.561931204,124,227,20.24102243,11.1907257,6.996858455,8.100516168,469,15,1,3,19,482,14,10,6,30,488,512,168,59,93,31
29,1000,70,5.13,10.3,18,37,14,955,25,9,11,45,7.433894795,99,231,18.84191042,9.941386931,6.916817473,7.934686217,473,14,2,3,19,482,11,7,8,26,492,508,150,81,78,21
31,1000,70,5.13,10.3,18,37,12,937,25,21,17,63,7.894952775,87,195,18.39467173,9.772888695,7.553133441,8.216860303,455,14,8,8,30,482,11,13,9,33,485,515,131,64,66,21
28,1000,70,5.13,10.3,18,37,14,947,27,15,11,53,7.726615283,90,206,18.97634404,10.14699422,7.52133767,7.924633569,468,12,3,8,23,479,15,12,3,30,491,509,133,73,70,20
26,1000,70,5.13,10.3,18,37,19,949,30,9,12,51,7.197620554,102,188,19.84246029,10.93004629,6.641983396,7.7510396,475,15,4,5,24,474,15,5,7,27,499,501,128,60,74,28
30,1000,70,5.13,10.3,18,37,14,951,29,7,13,49,7.069667263,100,205,19.19844978,10.3529195,6.505237797,7.588595698,460,11,2,6,19,491,18,5,7,30,479,521,140,65,81,19
27,1000,70,5.13,10.3,18,37,18,959,23,10,8,41,7.442701295,127,189,19.75937028,10.96388919,6.969450299,7.910307149,480,14,3,0,17,479,9,7,8,24,497,503,142,47,101,26
24,1000,70,5.13,10.3,18,37,83,965,24,8,3,35,7.575306976,347,432,325.3575589,185.7434931,9.430345973,5.712832953,470,21,7,3,31,495,3,1,0,4,501,499,415,17,336,11
25,1000,70,5.13,10.3,18,37,21,952,29,10,9,48,7.622360712,114,218,20.45482772,11.32583485,7.133492629,8.088313105,469,15,1,3,19,483,14,9,6,29,488,512,152,66,94,20
29,1000,70,5.13,10.3,18,37,15,957,24,8,11,43,7.443281946,114,204,19.045804,10.08728191,6.960617581,7.910744283,473,14,2,3,19,484,10,6,8,24,492,508,139,65,89,25
31,1000,70,5.13,10.3,18,37,13,941,22,20,17,59,7.895704348,86,186,18.56528509,9.883247016,7.557763259,8.213959547,456,13,8,8,29,485,9,12,9,30,485,515,119,67,65,21
28,1000,70,5.13,10.3,18,37,15,947,27,15,11,53,7.749509338,121,191,19.16439701,10.26873768,7.542342185,7.949350344,468,12,3,8,23,479,15,12,3,30,491,509,132,59,89,32
26,1000,70,5.13,10.3,18,37,20,948,32,9,11,52,7.229287201,109,233,20.05546825,11.09923673,6.67242335,7.783928042,475,15,4,5,24,473,17,5,6,28,499,501,162,71,82,27
30,1000,70,5.13,10.3,18,37,15,952,29,6,13,48,7.056152773,111,187,19.48869496,10.50886719,6.531762825,7.538269442,460,11,2,6,19,492,18,4,7,29,479,521,124,63,82,29
27,1000,70,5.13,10.3,18,37,19,959,24,9,8,41,7.438508217,122,199,20.01779536,11.1676243,6.993052114,7.878650729,480,14,3,0,17,479,10,6,8,24,497,503,133,66,92,30
29,1000,70,5.13,10.3,18,37,16,956,26,7,11,44,7.479320669,106,191,19.27397303,10.26858794,6.993849644,7.949501267,472,15,2,3,20,484,11,5,8,24,492,508,133,58,85,21
25,1000,70,5.13,10.3,18,37,22,953,28,10,9,47,7.619690412,128,201,20.64201368,11.46779767,7.167698053,8.05049563,469,14,2,3,19,484,14,8,6,28,488,512,146,55,109,19
24,1000,70,5.13,10.3,18,37,84,965,23,9,3,35,7.581383655,343,425,344.2931631,198.0311263,9.482700732,5.672446069,470,21,7,3,31,495,2,2,0,4,501,499,410,15,338,5
31,1000,70,5.13,10.3,18,37,14,942,22,18,18,58,7.903748406,111,188,18.72656332,10.00764074,7.620274111,8.170709635,456,13,7,9,29,486,9,11,9,29,485,515,140,48,87,24
28,1000,70,5.13,10.3,18,37,16,946,28,15,11,54,7.785482348,93,206,19.29513331,10.35107613,7.589600155,7.974437469,468,12,3,8,23,478,16,12,3,31,491,509,147,59,68,25
26,1000,70,5.13,10.3,18,37,21,947,33,9,11,53,7.229348181,115,196,20.28230296,11.26394479,6.685642767,7.770883113,475,15,4,5,24,472,18,5,6,29,499,501,137,59,91,24
30,1000,70,5.13,10.3,18,37,16,951,29,7,13,49,7.103320831,124,217,19.66916754,10.63546409,6.580636031,7.583869813,459,12,2,6,20,492,17,5,7,29,479,521,143,74,98,26
27,1000,70,5.13,10.3,18,37,20,957,27,9,7,43,7.450615112,99,220,20.20456505,11.28102017,7.01825349,7.877819338,480,14,3,0,17,477,13,6,7,26,497,503,156,64,80,19
25,1000,70,5.13,10.3,18,37,23,954,27,10,9,46,7.584102353,118,202,20.88682532,11.62798686,7.17302656,7.975908967,469,14,2,3,19,485,13,8,6,27,488,512,154,48,94,24
29,1000,70,5.13,10.3,18,37,17,957,24,8,11,43,7.502385304,114,197,19.52496472,10.41967493,7.079782913,7.911677384,472,14,3,3,20,485,10,5,8,23,492,508,139,58,93,21
24,1000,70,5.13,10.3,18,37,85,964,24,9,3,36,7.542195064,337,443,364.7438414,210.7809929,9.523639617,5.552808849,469,22,7,3,32,495,2,2,0,4,501,499,424,19,332,5
31,1000,70,5.13,10.3,18,37,15,945,21,16,18,55,7.898361735,103,199,18.87489512,10.11675167,7.630251421,8.150853972,457,13,6,9,28,488,8,10,9,27,485,515,141,58,84,19
28,1000,70,5.13,10.3,18,37,17,947,27,16,10,53,7.764153643,114,185,19.48648667,10.46874191,7.554091418,7.966787341,469,11,4,7,22,478,16,12,3,31,491,509,131,54,85,29
26,1000,70,5.13,10.3,18,37,22,947,32,10,11,53,7.250900605,120,202,20.45818554,11.38785479,6.749965459,7.749836009,475,14,5,5,24,472,18,5,6,29,499,501,141,61,96,24
30,1000,70,5.13,10.3,18,37,17,951,30,6,13,49,7.096121995,118,217,19.87861605,10.79496717,6.572755467,7.577297748,459,12,2,6,20,492,18,4,7,29,479,521,150,67,90,28
27,1000,70,5.13,10.3,18,37,21,959,26,9,6,41,7.435314938,120,199,20.40463145,11.42640207,7.037215053,7.828666118,480,14,3,0,17,479,12,6,6,24,497,503,145,54,96,24
25,1000,70,5.13,10.3,18,37,24,954,28,10,8,46,7.598593485,121,231,21.16083389,11.83423502,7.195887314,7.982422804,469,14,2,3,19,485,14,8,5,27,488,512,176,55,98,23
29,1000,70,5.13,10.3,18,37,18,956,26,8,10,44,7.511362154,117,189,19.81089696,10.6271455,7.123861211,7.886658343,472,14,3,3,20,484,12,5,7,24,492,508,133,56,89,28
28,1000,70,5.13,10.3,18,37,18,947,28,15,10,53,7.81459864,98,168,19.66192005,10.58275042,7.619160517,8.003125394,467,13,4,7,24,480,15,11,3,29,491,509,115,53,78,20
26,1000,70,5.13,10.3,18,37,23,950,31,9,10,50,7.233741267,125,211,20.68502097,11.54851996,6.808023571,7.657759492,475,14,5,5,24,475,17,4,5,26,499,501,149,62,98,27
24,1000,70,5.13,10.3,18,37,86,965,24,7,4,35,7.509865771,360,441,374.7663671,216.3142849,9.531664167,5.479963975,469,22,6,4,32,496,2,1,0,3,501,499,417,24,356,4
31,1000,70,5.13,10.3,18,37,16,948,18,16,18,52,7.879699658,91,202,18.99376149,10.21591678,7.596979782,8.145950416,459,11,6,9,26,489,7,10,9,26,485,515,135,67,70,21
30,1000,70,5.13,10.3,18,37,18,952,29,6,13,48,7.112035314,103,207,20.0372533,10.94336575,6.575110121,7.605676711,459,12,2,6,20,493,17,4,7,28,479,521,150,57,80,23
27,1000,70,5.13,10.3,18,37,22,960,25,9,6,40,7.417978949,119,207,20.52033327,11.53981694,7.060118514,7.77157067,480,14,3,0,17,480,11,6,6,23,497,503,143,64,102,17
25,1000,70,5.13,10.3,18,37,25,956,28,9,7,44,7.601697515,127,229,21.47903796,12.05975024,7.248873507,7.937982897,468,14,3,3,20,488,14,6,4,24,488,512,166,63,103,24
29,1000,70,5.13,10.3,18,37,19,955,26,9,10,45,7.544267538,110,222,20.06378515,10.80615213,7.192942438,7.88452728,471,14,4,3,21,484,12,5,7,24,492,508,151,71,85,25
26,1000,70,5.13,10.3,18,37,24,951,30,9,10,49,7.273492689,100,215,20.91278303,11.70279726,6.880024593,7.665390055,475,14,5,5,24,476,16,4,5,25,499,501,151,64,84,16
28,1000,70,5.13,10.3,18,37,19,949,28,14,9,51,7.805857872,100,203,19.89282013,10.71486864,7.637841576,7.96793253,468,12,4,7,23,481,16,10,2,28,491,509,139,64,74,26
31,1000,70,5.13,10.3,18,37,17,950,16,16,18,50,7.875135626,105,194,19.18214958,10.34864155,7.606040787,8.128555037,460,9,7,9,25,490,7,9,9,25,485,515,138,56,80,25
24,1000,70,5.13,10.3,18,37,87,964,25,6,5,36,7.538214489,366,446,398.8298992,230.0224442,9.618798965,5.449290997,468,23,6,4,33,496,2,0,1,3,501,499,423,23,358,8
30,1000,70,5.13,10.3,18,37,19,952,29,6,13,48,7.158202514,100,196,20.21438185,11.07031356,6.620134683,7.652894436,459,12,2,6,20,493,17,4,7,28,479,521,139,57,80,20
27,1000,70,5.13,10.3,18,37,23,960,25,9,6,40,7.451408848,116,200,20.70648644,11.6536714,7.107074048,7.791636275,481,13,3,0,16,479,12,6,6,24,497,503,144,56,98,18
25,1000,70,5.13,10.3,18,37,26,956,29,8,7,44,7.561402513,128,218,21.83283366,12.28457653,7.238130596,7.869521059,468,14,3,3,20,488,15,5,4,24,488,512,162,56,112,16
29,1000,70,5.13,10.3,18,37,20,955,27,9,9,45,7.584884239,127,229,20.36156753,11.01092262,7.248154757,7.911008069,471,14,4,3,21,484,13,5,6,24,492,508,168,61,105,22
26,1000,70,5.13,10.3,18,37,25,953,28,9,10,47,7.298650046,131,215,21.16706819,11.8386894,6.941111439,7.654761353,474,14,6,5,25,479,14,3,5,22,499,501,166,49,105,26
28,1000,70,5.13,10.3,18,37,20,950,28,12,10,50,7.812169873,112,199,20.15816581,10.90145587,7.631021885,7.986911842,468,12,4,7,23,482,16,8,3,27,491,509,145,54,87,25
30,1000,70,5.13,10.3,18,37,20,951,31,7,11,49,7.141580771,118,224,20.42782814,11.21030641,6.659963584,7.584372772,459,12,2,6,20,492,19,5,5,29,479,521,166,58,97,21
31,1000,70,5.13,10.3,18,37,18,949,17,16,18,51,7.899617146,122,197,19.32721418,10.46704604,7.653735558,8.131175534,459,10,7,9,26,490,7,9,9,25,485,515,131,66,94,28
24,1000,70,5.13,10.3,18,37,88,964,25,6,5,36,7.537680537,363,452,422.2904656,244.6537315,9.632013657,5.434953296,469,22,6,4,32,495,3,0,1,4,501,499,432,20,355,8
27,1000,70,5.13,10.3,18,37,24,961,25,8,6,39,7.45724361,118,208,20.99918345,11.83790251,7.151694412,7.759148087,481,13,3,0,16,480,12,5,6,23,497,503,152,56,97,21
25,1000,70,5.13,10.3,18,37,27,957,28,8,7,43,7.56479338,132,228,22.03891552,12.42901556,7.272540667,7.843346748,468,14,3,3,20,489,14,5,4,23,488,512,172,56,103,29
29,1000,70,5.13,10.3,18,37,21,956,27,9,8,44,7.630822684,97,209,20.68002981,11.19057938,7.301022119,7.950235829,471,14,4,3,21,485,13,5,5,23,492,508,156,53,79,18
26,1000,70,5.13,10.3,18,37,26,952,30,9,9,48,7.318246733,117,229,21.54157302,12.07867559,6.962885885,7.672188974,474,14,6,5,25,478,16,3,4,23,499,501,167,62,97,20
28,1000,70,5.13,10.3,18,37,21,951,28,10,11,49,7.813531227,129,205,20.41729906,11.09578679,7.653822405,7.967592193,468,12,4,7,23,483,16,6,4,26,491,509,154,51,100,29
30,1000,70,5.13,10.3,18,37,21,951,31,8,10,49,7.166943799,121,202,20.69955054,11.33285744,6.625275941,7.664945534,459,13,2,5,20,492,18,6,5,29,479,521,153,49,94,27
31,1000,70,5.13,10.3,18,37,19,951,18,14,17,49,7.887340053,109,170,19.51735454,10.59968621,7.665922107,8.095859866,460,10,6,9,25,491,8,8,8,24,485,515,113,57,88,21
24,1000,70,5.13,10.3,18,37,89,965,24,6,5,35,7.530656178,374,440,454.3684693,263.6731812,9.653679745,5.399123498,469,22,6,4,32,496,2,0,1,3,501,499,427,13,364,10
27,1000,70,5.13,10.3,18,37,25,960,26,8,6,40,7.484415757,115,207,21.20366801,11.98513857,7.208751087,7.75679218,480,14,3,0,17,480,12,5,6,23,497,503,149,58,95,20
25,1000,70,5.13,10.3,18,37,28,956,29,8,7,44,7.597980915,128,209,22.38023233,12.66375739,7.348417193,7.835846338,468,14,3,3,20,488,15,5,4,24,488,512,158,51,106,22
29,1000,70,5.13,10.3,18,37,22,957,27,8,8,43,7.660497745,126,204,21.0068443,11.39102255,7.369632484,7.942201894,471,14,4,3,21,486,13,4,5,22,492,508,151,53,103,23
26,1000,70,5.13,10.3,18,37,27,953,30,9,8,47,7.311302412,124,240,21.79511208,12.25175165,6.995286751,7.626056534,474,14,6,5,25,479,16,3,3,22,499,501,180,60,99,25
28,1000,70,5.13,10.3,18,37,22,952,28,9,11,48,7.80363774,107,212,20.73867511,11.30530933,7.674877031,7.927845026,469,12,3,7,22,483,16,6,4,26,491,509,158,54,84,23
30,1000,70,5.13,10.3,18,37,22,953,29,9,9,47,7.183641231,134,201,20.96912249,11.48514607,6.686725485,7.64049851,459,13,3,4,20,494,16,6,5,27,479,521,143,58,110,24
31,1000,70,5.13,10.3,18,37,20,951,18,14,17,49,7.901278816,111,198,19.78722272,10.81358532,7.683805995,8.106083317,460,10,6,9,25,491,8,8,8,24,485,515,140,58,92,19
27,1000,70,5.13,10.3,18,37,26,961,25,8,6,39,7.515311931,115,218,21.5044026,12.16231871,7.283481334,7.744377153,480,14,3,0,17,481,11,5,6,22,497,503,164,54,97,18
25,1000,70,5.13,10.3,18,37,29,957,28,9,6,43,7.617906096,133,222,22.74595252,12.93349969,7.381719863,7.8430211,469,13,4,2,19,488,15,5,4,24,488,512,172,50,106,27
24,1000,70,5.13,10.3,18,37,90,964,25,5,6,36,7.531744065,372,444,490.9498359,286.4199034,9.708454711,5.346309129,469,22,5,5,32,495,3,0,1,4,501,499,433,11,364,8
29,1000,70,5.13,10.3,18,37,23,956,29,8,7,44,7.655481542,105,199,21.35535858,11.58107887,7.384882407,7.917557869,470,15,4,3,22,486,14,4,4,22,492,508,141,58,88,17
26,1000,70,5.13,10.3,18,37,28,956,27,9,8,44,7.298924282,119,228,22.18474542,12.49783728,7.044324373,7.552507825,474,14,6,5,25,482,13,3,3,19,499,501,174,54,100,19
28,1000,70,5.13,10.3,18,37,23,950,29,10,11,50,7.796011796,127,243,21.00820017,11.48290041,7.698459479,7.890114325,469,12,3,7,22,481,17,7,4,28,491,509,177,66,104,23
30,1000,70,5.13,10.3,18,37,23,952,28,11,9,48,7.200648441,114,222,21.29561284,11.67298272,6.736166267,7.627686754,458,13,4,4,21,494,15,7,5,27,479,521,160,62,91,23
31,1000,70,5.13,10.3,18,37,21,950,20,13,17,50,7.878021578,127,195,19.96043504,10.9250651,7.697194292,8.048315235,460,10,6,9,25,490,10,7,8,25,485,515,145,50,108,19
27,1000,70,5.13,10.3,18,37,27,959,26,9,6,41,7.581265272,138,230,21.82550259,12.35760096,7.389939166,7.770309159,478,15,4,0,19,481,11,5,6,22,497,503,176,54,116,22
25,1000,70,5.13,10.3,18,37,30,958,27,9,6,42,7.599284566,132,233,23.21361217,13.1748215,7.386279778,7.802304754,469,13,4,2,19,489,14,5,4,23,488,512,185,48,109,23
24,1000,70,5.13,10.3,18,37,91,964,25,5,6,36,7.551099284,376,460,525.7794119,306.0820486,9.718521092,5.374990415,469,22,5,5,32,495,3,0,1,4,501,499,435,25,368,8
29,1000,70,5.13,10.3,18,37,24,956,30,7,7,44,7.691748367,127,236,21.6436224,11.7847636,7.408978197,7.965612389,470,15,4,3,22,486,15,3,4,22,492,508,175,61,103,24
26,1000,70,5.13,10.3,18,37,29,956,27,9,8,44,7.290294867,130,235,22.71276941,12.83828656,7.048550848,7.53107384,474,14,6,5,25,482,13,3,3,19,499,501,185,50,99,31
28,1000,70,5.13,10.3,18,37,24,951,29,10,10,49,7.781920815,132,223,21.30335175,11.68097973,7.685468806,7.874961947,469,12,3,7,22,482,17,7,3,27,491,509,168,55,115,17
30,1000,70,5.13,10.3,18,37,24,952,27,11,10,48,7.202288663,119,231,21.62577002,11.87594769,6.76521462,7.60412833,458,12,4,5,21,494,15,7,5,27,479,521,164,67,91,28
31,1000,70,5.13,10.3,18,37,22,950,20,13,17,50,7.88176643,116,202,20.15120599,11.07060623,7.676374958,8.075193351,461,9,6,9,24,489,11,7,8,26,485,515,140,62,88,28
27,1000,70,5.13,10.3,18,37,28,960,25,9,6,40,7.612813038,125,225,22.262849,12.619811,7.456722148,7.767042008,478,15,4,0,19,482,10,5,6,21,497,503,176,49,103,22
25,1000,70,5.13,10.3,18,37,31,958,28,9,5,42,7.603345512,138,225,23.69210912,13.49619332,7.425681131,7.772681874,467,14,5,2,21,491,14,4,3,21,488,512,182,43,105,33
29,1000,70,5.13,10.3,18,37,25,955,31,7,7,45,7.695826973,129,211,22.03707737,12.04609724,7.417509571,7.965378473,470,15,4,3,22,485,16,3,4,23,492,508,159,52,107,22
26,1000,70,5.13,10.3,18,37,30,957,26,9,8,43,7.305711131,141,239,23.36034374,13.22857917,7.127452889,7.483257764,474,14,6,5,25,483,12,3,3,18,499,501,189,50,117,24
24,1000,70,5.13,10.3,18,37,92,963,25,5,7,37,7.536793849,389,451,553.7174704,323.0174225,9.758626489,5.306056068,468,22,5,6,33,495,3,0,1,4,501,499,430,21,381,8
28,1000,70,5.13,10.3,18,37,25,952,28,10,10,48,7.830274547,126,235,21.63222997,11.88737467,7.748655714,7.909007057,469,12,3,7,22,483,16,7,3,26,491,509,180,55,102,24
30,1000,70,5.13,10.3,18,37,25,954,25,12,9,46,7.215132269,130,239,21.87694077,12.02776329,6.785798183,7.60985593,458,12,4,5,21,496,13,8,4,25,479,521,178,61,117,13
27,1000,70,5.13,10.3,18,37,29,962,26,8,4,38,7.60458,136,239,22.65183826,12.90241104,7.461476189,7.745976806,477,16,4,0,20,485,10,4,4,18,497,503,180,59,114,22
31,1000,70,5.13,10.3,18,37,23,950,20,13,17,50,7.918796092,135,191,20.4006183,11.26645001,7.738595218,8.088499827,461,9,6,9,24,489,11,7,8,26,485,515,143,48,104,31
25,1000,70,5.13,10.3,18,37,32,957,29,9,5,43,7.629772799,135,250,24.11493318,13.78633756,7.505354534,7.748358957,466,15,5,2,22,491,14,4,3,21,488,512,204,46,115,20
29,1000,70,5.13,10.3,18,37,26,956,30,8,6,44,7.703512381,149,204,22.32050608,12.25550818,7.454329516,7.944846968,470,14,5,3,22,486,16,3,3,22,492,508,163,41,123,26
26,1000,70,5.13,10.3,18,37,31,958,25,8,9,42,7.303796451,133,220,24.02658619,13.60233472,7.163367951,7.443664359,474,14,5,6,25,484,11,3,3,17,499,501,174,46,115,18
24,1000,70,5.13,10.3,18,37,93,963,25,5,7,37,7.546099002,390,455,601.9021841,350.5990217,9.825715398,5.257345867,468,22,5,6,33,495,3,0,1,4,501,499,442,13,377,13
28,1000,70,5.13,10.3,18,37,26,952,28,9,11,48,7.864062976,117,233,22.00020321,12.13991685,7.807884378,7.918254905,469,12,3,7,22,483,16,6,4,26,491,509,168,65,97,20
30,1000,70,5.13,10.3,18,37,26,955,24,12,9,45,7.208379201,128,221,22.12279333,12.17606103,6.799682948,7.584128731,458,12,4,5,21,497,12,8,4,24,479,521,169,52,108,20
27,1000,70,5.13,10.3,18,37,30,961,27,8,4,39,7.622040292,118,260,22.94726481,13.0905815,7.510388858,7.732359901,476,17,4,0,21,485,10,4,4,18,497,503,198,62,100,18
31,1000,70,5.13,10.3,18,37,24,951,19,13,17,49,7.92439293,123,192,20.69553352,11.47138184,7.772319834,8.0676074,462,8,6,9,23,489,11,7,8,26,485,515,138,54,102,21
25,1000,70,5.13,10.3,18,37,33,960,27,8,5,40,7.596821772,128,262,24.56288632,14.1005762,7.505354534,7.684001484,466,15,5,2,22,494,12,3,3,18,488,512,214,48,111,17
26,1000,70,5.13,10.3,18,37,32,957,25,9,9,43,7.350373626,135,239,24.84425245,14.06207768,7.204525146,7.495639877,473,15,5,6,26,484,10,4,3,17,499,501,189,50,120,15
29,1000,70,5.13,10.3,18,37,27,954,32,8,6,46,7.71015307,120,248,22.67994731,12.4962086,7.509865903,7.90413198,468,16,5,3,24,486,16,3,3,22,492,508,199,49,105,15
28,1000,70,5.13,10.3,18,37,27,952,28,9,11,48,7.875905677,121,242,22.30420533,12.32669889,7.843031952,7.907616873,469,12,3,7,22,483,16,6,4,26,491,509,188,54,102,19
30,1000,70,5.13,10.3,18,37,27,954,26,11,9,46,7.225366325,127,243,22.51553859,12.41198837,6.804420866,7.6123776,457,13,4,5,22,497,13,7,4,24,479,521,184,59,108,19
24,1000,70,5.13,10.3,18,37,94,963,25,5,7,37,7.508113492,401,465,628.5405236,365.1473958,9.823900674,5.183044598,468,22,5,6,33,495,3,0,1,4,501,499,444,21,390,11
27,1000,70,5.13,10.3,18,37,31,962,28,8,2,38,7.614732433,144,236,23.30632381,13.31169619,7.574103456,7.65487677,476,17,4,0,21,486,11,4,2,17,497,503,179,57,122,22
31,1000,70,5.13,10.3,18,37,25,952,18,13,17,48,7.92307204,139,219,20.99954761,11.65532326,7.790508502,8.047913431,462,8,6,9,23,490,10,7,8,25,485,515,170,49,108,31
25,1000,70,5.13,10.3,18,37,34,960,26,9,5,40,7.62894828,143,252,25.06991933,14.44164024,7.579268913,7.676298926,465,16,5,2,23,495,10,4,3,17,488,512,198,54,128,15
26,1000,70,5.13,10.3,18,37,33,957,25,9,9,43,7.356874647,140,267,25.49613358,14.44599847,7.240099966,7.473183161,473,15,5,6,26,484,10,4,3,17,499,501,205,62,118,22
29,1000,70,5.13,10.3,18,37,28,953,33,8,6,47,7.728115703,132,217,23.2200734,12.81213831,7.586160838,7.865599548,467,17,5,3,25,486,16,3,3,22,492,508,175,42,111,21
28,1000,70,5.13,10.3,18,37,28,954,26,9,11,46,7.869721243,114,240,22.63517453,12.52539527,7.878277449,7.861467614,469,12,3,7,22,485,14,6,4,24,491,509,191,49,100,14
30,1000,70,5.13,10.3,18,37,28,955,25,11,9,45,7.207581134,120,243,22.98433953,12.7657098,6.807854152,7.575084444,457,13,4,5,22,498,12,7,4,23,479,521,188,55,98,22
27,1000,70,5.13,10.3,18,37,32,960,29,9,2,40,7.640115657,144,231,23.72301332,13.55169946,7.655754871,7.624662993,475,17,5,0,22,485,12,4,2,18,497,503,189,42,122,22
24,1000,70,5.13,10.3,18,37,95,963,24,6,7,37,7.48152732,405,461,672.4003885,391.0772419,9.834370978,5.119253426,468,21,6,6,33,495,3,0,1,4,501,499,448,13,400,5
31,1000,70,5.13,10.3,18,37,26,955,17,12,16,45,7.912722972,110,218,21.29183783,11.86579197,7.77806873,8.039533279,463,8,5,9,22,492,9,7,7,23,485,515,170,48,93,17
25,1000,70,5.13,10.3,18,37,35,961,26,9,4,39,7.64560742,140,268,25.69988191,14.83862185,7.614859955,7.674913598,465,16,5,2,23,496,10,4,2,16,488,512,230,38,130,10
26,1000,70,5.13,10.3,18,37,34,958,24,9,9,42,7.354334264,138,257,26.21352312,14.90507815,7.266225088,7.442091707,473,14,6,6,26,485,10,3,3,16,499,501,208,49,117,21
29,1000,70,5.13,10.3,18,37,29,953,33,8,6,47,7.741702011,140,235,23.60270787,13.01407621,7.645481021,7.834892418,467,17,5,3,25,486,16,3,3,22,492,508,184,51,120,20
28,1000,70,5.13,10.3,18,37,29,954,25,10,11,46,7.868937141,139,241,23.08555611,12.78226531,7.922758714,7.817018886,468,12,4,7,23,486,13,6,4,23,491,509,181,60,116,23
30,1000,70,5.13,10.3,18,37,29,953,27,9,11,47,7.243757934,146,230,23.35413355,13.01691131,6.851906033,7.604021006,456,14,3,6,23,497,13,6,5,24,479,521,162,68,114,32
27,1000,70,5.13,10.3,18,37,33,962,29,6,3,38,7.629763854,140,230,24.19279845,13.83497948,7.701602598,7.558782033,474,18,5,0,23,488,11,1,3,15,497,503,185,45,124,16
31,1000,70,5.13,10.3,18,37,27,954,17,13,16,46,7.936120326,123,220,21.5850515,12.06880574,7.820359542,8.045137764,463,8,5,9,22,491,9,8,7,24,485,515,167,53,105,18
25,1000,70,5.13,10.3,18,37,36,960,25,12,3,40,7.668078205,160,255,26.37569715,15.34379109,7.680019948,7.656696232,465,16,5,2,23,495,9,7,1,17,488,512,218,37,139,21
24,1000,70,5.13,10.3,18,37,96,963,24,6,7,37,7.471276369,393,462,721.7033185,418.3235145,9.867343808,5.065605454,468,21,6,6,33,495,3,0,1,4,501,499,450,12,389,4
26,1000,70,5.13,10.3,18,37,35,960,22,9,9,40,7.339314255,158,261,27.10524082,15.48335474,7.35819228,7.320511592,473,14,6,6,26,487,8,3,3,14,499,501,199,62,141,17
29,1000,70,5.13,10.3,18,37,30,953,33,8,6,47,7.75960452,140,226,24.18682497,13.35125008,7.690648041,7.826389142,467,17,5,3,25,486,16,3,3,22,492,508,180,46,121,19
28,1000,70,5.13,10.3,18,37,30,953,26,10,11,47,7.855709962,134,237,23.36346498,12.97102136,7.950047934,7.764708107,466,14,4,7,25,487,12,6,4,22,491,509,188,49,111,23
30,1000,70,5.13,10.3,18,37,30,953,27,9,11,47,7.249283619,154,237,23.74489953,13.28728848,6.883986687,7.585132429,456,14,3,6,23,497,13,6,5,24,479,521,186,51,128,26
27,1000,70,5.13,10.3,18,37,34,964,27,6,3,36,7.619729329,139,247,24.59563671,14.15107048,7.725872909,7.514851876,475,16,6,0,22,489,11,0,3,14,497,503,208,39,119,20
31,1000,70,5.13,10.3,18,37,28,954,17,13,16,46,7.901203149,128,211,21.97240877,12.34996067,7.814219519,7.983119772,463,8,5,9,22,491,9,8,7,24,485,515,167,44,112,16
25,1000,70,5.13,10.3,18,37,37,960,24,13,3,40,7.678986948,154,266,27.13204905,15.8807451,7.70233345,7.656734814,465,15,6,2,23,495,9,7,1,17,488,512,225,41,135,19
24,1000,70,5.13,10.3,18,37,97,962,24,7,7,38,7.473710497,398,464,755.8248675,439.1068804,9.922664815,5.01494073,468,20,7,6,33,494,4,0,1,5,501,499,446,18,393,5
26,1000,70,5.13,10.3,18,37,36,960,22,9,9,40,7.325754366,160,258,28.06272889,16.02281667,7.367688638,7.283987497,473,14,6,6,26,487,8,3,3,14,499,501,214,44,138,22
29,1000,70,5.13,10.3,18,37,31,952,35,8,5,48,7.751818135,134,245,24.57385982,13.57245833,7.690694816,7.811016311,467,18,5,2,25,485,17,3,3,23,492,508,187,58,121,13
28,1000,70,5.13,10.3,18,37,31,953,26,10,11,47,7.896357629,131,236,23.6872584,13.20005307,8.021998514,7.775159841,466,14,4,7,25,487,12,6,4,22,491,509,178,58,114,17
30,1000,70,5.13,10.3,18,37,31,953,26,10,11,47,7.278330848,125,255,24.22954702,13.56409931,6.91001086,7.616959014,456,14,3,6,23,497,12,7,5,24,479,521,194,61,100,25
27,1000,70,5.13,10.3,18,37,35,963,28,6,3,37,7.645821545,150,246,25.18165244,14.50208729,7.789920062,7.503441898,474,17,6,0,23,489,11,0,3,14,497,503,200,46,131,19
31,1000,70,5.13,10.3,18,37,29,955,19,12,14,45,7.89561515,128,217,22.34335786,12.58343258,7.758164157,8.025059288,463,9,5,8,22,492,10,7,6,23,485,515,168,49,102,26
25,1000,70,5.13,10.3,18,37,38,960,24,13,3,40,7.672740598,152,271,27.85897791,16.36374785,7.748661794,7.600378208,464,15,7,2,24,496,9,6,1,16,488,512,233,38,136,16
26,1000,70,5.13,10.3,18,37,37,960,23,9,8,40,7.341839358,151,253,28.84458973,16.53315632,7.401130273,7.282785133,473,14,6,6,26,487,9,3,2,14,499,501,213,40,130,21
24,1000,70,5.13,10.3,18,37,98,961,25,7,7,39,7.474600826,411,456,791.0506702,458.3706917,9.963511504,4.975714554,467,21,7,6,34,494,4,0,1,5,501,499,439,17,401,10
29,1000,70,5.13,10.3,18,37,32,952,35,8,5,48,7.743934743,126,243,25.2890312,14.04121631,7.718228548,7.768831294,467,18,5,2,25,485,17,3,3,23,492,508,195,48,107,19
30,1000,70,5.13,10.3,18,37,32,954,25,10,11,46,7.281623459,152,220,24.73097761,13.90049624,6.949245027,7.587207468,455,15,3,6,24,499,10,7,5,22,479,521,178,42,132,20
28,1000,70,5.13,10.3,18,37,32,953,25,11,11,47,7.900158194,143,255,24.31830532,13.5673522,8.039005546,7.766220965,466,13,5,7,25,487,12,6,4,22,491,509,202,53,117,26
27,1000,70,5.13,10.3,18,37,36,962,31,7,0,38,7.586893472,158,266,25.95130167,14.98828293,7.806348636,7.370056063,474,17,6,0,23,488,14,1,0,15,497,503,222,44,136,22
31,1000,70,5.13,10.3,18,37,30,954,20,12,14,46,7.881903384,124,252,22.75900062,12.85761833,7.750086111,8.006041981,463,9,5,8,22,491,11,7,6,24,485,515,208,44,106,18
25,1000,70,5.13,10.3,18,37,39,961,24,12,3,39,7.642950327,172,280,28.75948679,16.97750814,7.778275036,7.513968964,464,15,7,2,24,497,9,5,1,15,488,512,237,43,149,23
26,1000,70,5.13,10.3,18,37,38,960,23,9,8,40,7.35947297,146,277,29.943362,17.15789458,7.417368247,7.301808811,473,14,6,6,26,487,9,3,2,14,499,501,231,46,129,17
29,1000,70,5.13,10.3,18,37,33,955,32,8,5,45,7.711620631,143,239,26.12317255,14.5854352,7.722429085,7.7011526,467,18,5,2,25,488,14,3,3,20,492,508,197,42,126,17
24,1000,70,5.13,10.3,18,37,99,961,25,7,7,39,7.449632242,409,469,841.9601524,486.2652389,9.999981035,4.88906161,466,22,7,6,35,495,3,0,1,4,501,499,444,25,396,13
27,1000,70,5.13,10.3,18,37,37,961,31,8,0,39,7.60842285,159,232,26.5539858,15.36054293,7.862986198,7.356896042,473,18,6,0,24,488,13,2,0,15,497,503,194,38,134,25
30,1000,70,5.13,10.3,18,37,33,956,23,10,11,44,7.300396763,133,240,25.28319799,14.25063813,7.033631388,7.54565706,455,14,4,6,24,501,9,6,5,20,479,521,194,46,114,19
28,1000,70,5.13,10.3,18,37,33,952,25,12,11,48,7.935029377,127,268,24.86206981,13.90238723,8.097155617,7.778636483,465,14,5,7,26,487,11,7,4,22,491,509,219,49,115,12
25,1000,70,5.13,10.3,18,37,40,961,25,10,4,39,7.651594409,167,293,29.72312267,17.556663,7.808846849,7.501713177,463,16,7,2,25,498,9,3,2,14,488,512,252,41,147,20
31,1000,70,5.13,10.3,18,37,31,954,21,11,14,46,7.905038249,152,259,23.10596602,13.08812851,7.803555624,8.000609264,463,9,5,8,22,491,12,6,6,24,485,515,211,48,131,21
26,1000,70,5.13,10.3,18,37,39,961,23,9,7,39,7.430194145,154,240,30.96520805,17.76132742,7.501059512,7.359611673,473,14,6,6,26,488,9,3,1,13,499,501,202,38,137,17
29,1000,70,5.13,10.3,18,37,34,956,31,8,5,44,7.721423837,155,257,26.91024045,15.0500152,7.755954309,7.68798094,467,18,5,2,25,489,13,3,3,19,492,508,207,50,136,19
24,1000,70,5.13,10.3,18,37,100,961,24,8,7,39,7.441377152,402,478,879.9640787,505.9247274,10.02009407,4.852324695,466,22,7,6,35,495,2,1,1,4,501,499,465,13,396,6
27,1000,70,5.13,10.3,18,37,38,957,35,8,0,43,7.661941186,159,260,27.38748679,15.8121,7.935165207,7.391976298,472,19,6,0,25,485,16,2,0,18,497,503,215,45,139,20
30,1000,70,5.13,10.3,18,37,34,957,23,10,10,43,7.295304766,136,262,25.89193036,14.65435294,7.063003905,7.508878878,455,13,5,6,24,502,10,5,4,19,479,521,212,50,119,17
28,1000,70,5.13,10.3,18,37,34,952,25,12,11,48,7.971952122,138,250,25.45462688,14.24336806,8.170680882,7.780251098,465,14,5,7,26,487,11,7,4,22,491,509,202,48,122,16
25,1000,70,5.13,10.3,18,37,41,961,25,10,4,39,7.658785894,185,308,30.74034801,18.19875432,7.86887657,7.458543218,463,16,7,2,25,498,9,3,2,14,488,512,265,43,166,19
31,1000,70,5.13,10.3,18,37,32,953,21,12,14,47,7.909522628,144,233,23.51581275,13.3490344,7.850040558,7.965539723,462,9,6,8,23,491,12,6,6,24,485,515,185,48,119,25
26,1000,70,5.13,10.3,18,37,40,960,24,9,7,40,7.44657755,154,281,31.7474749,18.22005071,7.558361549,7.335239794,473,14,6,6,26,487,10,3,1,14,499,501,238,43,138,16
29,1000,70,5.13,10.3,18,37,35,955,32,7,6,45,7.75043895,137,254,27.64947538,15.5105764,7.810281734,7.692480979,466,19,5,2,26,489,13,2,4,19,492,508,207,47,124,13
27,1000,70,5.13,10.3,18,37,39,958,34,8,0,42,7.661191444,154,274,28.45866627,16.38712843,7.996753818,7.329631802,472,19,6,0,25,486,15,2,0,17,497,503,227,47,139,15
24,1000,70,5.13,10.3,18,37,101,960,25,8,7,40,7.435006554,409,460,927.6250434,535.6563048,10.08095936,4.778448726,465,23,7,6,36,495,2,1,1,4,501,499,451,9,398,11
30,1000,70,5.13,10.3,18,37,35,955,24,11,10,45,7.314143013,148,255,26.4599882,15.01525175,7.118751403,7.493783285,454,13,6,6,25,501,11,5,4,20,479,521,213,42,134,14
28,1000,70,5.13,10.3,18,37,35,952,25,12,11,48,7.967126413,145,269,26.09020238,14.63656431,8.190236596,7.751906177,465,14,5,7,26,487,11,7,4,22,491,509,207,62,123,22
25,1000,70,5.13,10.3,18,37,42,961,25,10,4,39,7.683082835,157,309,31.585832,18.68885005,7.903165022,7.473317001,463,16,7,2,25,498,9,3,2,14,488,512,266,43,138,19
31,1000,70,5.13,10.3,18,37,33,953,21,13,13,47,7.895200666,130,246,23.95510312,13.64170001,7.867403769,7.921378327,462,9,6,8,23,491,12,7,5,24,485,515,194,52,118,12
26,1000,70,5.13,10.3,18,37,41,960,23,9,8,40,7.46207332,184,270,32.96650532,18.87788582,7.620827689,7.303952702,474,13,5,7,25,486,10,4,1,15,499,501,225,45,155,29
29,1000,70,5.13,10.3,18,37,36,956,31,7,6,44,7.736791594,149,273,28.36515499,15.99588072,7.829469801,7.647032386,466,19,5,2,26,490,12,2,4,18,492,508,229,44,128,21
27,1000,70,5.13,10.3,18,37,40,958,33,8,1,42,7.685171276,159,265,29.78200833,17.1340199,8.048887708,7.32579341,472,19,5,1,25,486,14,3,0,17,497,503,213,52,145,14
30,1000,70,5.13,10.3,18,37,36,955,24,11,10,45,7.33332979,146,269,27.033329,15.38492981,7.128806637,7.521365472,454,13,6,6,25,501,11,5,4,20,479,521,215,54,128,18
24,1000,70,5.13,10.3,18,37,102,960,26,8,6,40,7.443019244,417,465,972.1455369,561.5119635,10.12994163,4.745327632,464,24,7,6,37,496,2,1,0,3,501,499,458,7,409,8
28,1000,70,5.13,10.3,18,37,36,951,26,12,11,49,8.006407481,144,257,26.73736594,15.06056675,8.254045873,7.767526439,465,14,5,7,26,486,12,7,4,23,491,509,207,50,122,22
25,1000,70,5.13,10.3,18,37,43,961,24,11,4,39,7.719207855,162,302,32.77398416,19.43270895,7.953520551,7.495878567,463,15,8,2,25,498,9,3,2,14,488,512,251,51,143,19
31,1000,70,5.13,10.3,18,37,34,952,20,15,13,48,7.931566464,145,245,24.37537505,13.92483518,7.919005894,7.94339535,462,8,7,8,23,490,12,8,5,25,485,515,190,55,128,17
26,1000,70,5.13,10.3,18,37,42,960,23,9,8,40,7.460890237,182,298,34.35299824,19.63052709,7.614836385,7.307558644,474,13,5,7,25,486,10,4,1,15,499,501,251,47,171,11
29,1000,70,5.13,10.3,18,37,37,955,32,7,6,45,7.746669765,164,249,29.33091799,16.53827165,7.893245806,7.604710292,465,20,5,2,27,490,12,2,4,18,492,508,213,36,144,20
27,1000,70,5.13,10.3,18,37,41,958,33,8,1,42,7.700974933,171,288,30.68924811,17.65311208,8.095747182,7.310911698,472,19,5,1,25,486,14,3,0,17,497,503,241,47,151,20
30,1000,70,5.13,10.3,18,37,37,954,25,10,11,46,7.323428231,170,259,27.65528238,15.82063401,7.13740726,7.494453269,454,13,6,6,25,500,12,4,5,21,479,521,211,48,148,22
28,1000,70,5.13,10.3,18,37,37,954,25,11,10,46,7.986803184,150,274,27.50291909,15.56678627,8.278613902,7.705311902,465,14,5,7,26,489,11,6,3,20,491,509,233,41,131,19
25,1000,70,5.13,10.3,18,37,44,960,25,11,4,40,7.715248299,193,296,33.93967604,20.07149869,7.967545444,7.474777583,464,14,8,2,24,496,11,3,2,16,488,512,267,29,171,22
31,1000,70,5.13,10.3,18,37,35,952,20,15,13,48,7.957173004,135,250,24.9795691,14.25763258,8.013624658,7.904009795,462,8,7,8,23,490,12,8,5,25,485,515,200,50,125,10
24,1000,70,5.13,10.3,18,37,103,959,26,9,6,41,7.440897303,414,472,1027.165876,592.6992114,10.18198952,4.688818741,463,24,8,6,38,496,2,1,0,3,501,499,462,10,408,6
26,1000,70,5.13,10.3,18,37,43,963,20,9,8,37,7.462282072,193,297,35.88671479,20.52961121,7.686593735,7.238865865,474,13,5,7,25,489,7,4,1,12,499,501,254,43,172,21
29,1000,70,5.13,10.3,18,37,38,956,32,7,5,44,7.722347358,177,277,30.07365673,16.98933126,7.92617052,7.524943823,464,21,5,2,28,492,11,2,3,16,492,508,229,48,158,19
27,1000,70,5.13,10.3,18,37,42,957,34,8,1,43,7.724483527,170,290,31.76431166,18.32460082,8.134338964,7.319517021,472,19,5,1,25,485,15,3,0,18,497,503,247,43,153,17
30,1000,70,5.13,10.3,18,37,38,954,24,10,12,46,7.339634757,169,272,28.30415777,16.29674454,7.164806858,7.500369043,454,13,5,7,25,500,11,5,5,21,479,521,237,35,151,18
25,1000,70,5.13,10.3,18,37,45,960,24,12,4,40,7.736262121,176,320,35.08894028,20.7285179,7.978954342,7.504946097,465,12,9,2,23,495,12,3,2,17,488,512,278,42,167,9
28,1000,70,5.13,10.3,18,37,38,953,26,11,10,47,8.016780961,156,257,28.44940844,16.11588482,8.309879532,7.734047369,464,15,5,7,27,489,11,6,3,20,491,509,217,40,141,15
31,1000,70,5.13,10.3,18,37,36,952,20,15,13,48,7.938579671,144,258,25.65656571,14.6480566,8.034513548,7.848234176,461,9,7,8,24,491,11,8,5,24,485,515,208,50,129,15
26,1000,70,5.13,10.3,18,37,44,964,20,8,8,36,7.461184064,190,284,37.83233662,21.75085177,7.71454763,7.208831929,474,13,5,7,25,490,7,3,1,11,499,501,247,37,171,19
24,1000,70,5.13,10.3,18,37,104,959,26,9,6,41,7.403210167,422,474,1068.65853,617.227076,10.22068871,4.574439128,463,24,8,6,38,496,2,1,0,3,501,499,460,14,416,6
32,1000,70,5.13,10.3,18,37,0,944,28,17,11,56,7.216,85,177,17.52263565,9.028368808,6.601609658,7.82306163,476,9,8,4,21,468,19,9,7,35,497,503,107,70,53,32
29,1000,70,5.13,10.3,18,37,39,955,33,7,5,45,7.734423536,163,280,31.10064186,17.62649021,7.977608413,7.498898024,463,22,5,2,29,492,11,2,3,16,492,508,239,41,146,17
30,1000,70,5.13,10.3,18,37,39,954,23,11,12,46,7.342278043,169,269,28.96784908,16.75117526,7.185464568,7.486450123,454,12,6,7,25,500,11,5,5,21,479,521,227,42,147,22
27,1000,70,5.13,10.3,18,37,43,958,33,8,1,42,7.742869089,176,302,32.78401889,18.84791168,8.173541324,7.317334097,473,18,5,1,24,485,15,3,0,18,497,503,245,57,153,23
25,1000,70,5.13,10.3,18,37,46,961,23,12,4,39,7.747898647,216,325,36.43149591,21.49427023,8.00779537,7.500184583,465,12,9,2,23,496,11,3,2,16,488,512,295,30,190,26
28,1000,70,5.13,10.3,18,37,39,953,26,11,10,47,7.994950349,170,278,29.53194955,16.78572899,8.326703908,7.674928744,464,15,5,7,27,489,11,6,3,20,491,509,232,46,149,21
31,1000,70,5.13,10.3,18,37,37,954,20,14,12,46,7.946401439,165,258,26.44216946,15.07584358,8.072368184,7.827772564,462,9,7,7,23,492,11,7,5,23,485,515,213,45,138,27
26,1000,70,5.13,10.3,18,37,45,964,20,8,8,36,7.449597262,196,291,39.24421239,22.5560607,7.727066153,7.173236031,474,13,5,7,25,490,7,3,1,11,499,501,252,39,173,23
32,1000,70,5.13,10.3,18,37,1,946,28,16,10,54,7.220797819,107,178,17.55056543,9.080225433,6.623626861,7.810845466,476,9,8,4,21,470,19,8,6,33,497,503,108,70,77,30
29,1000,70,5.13,10.3,18,37,40,954,34,7,5,46,7.743840721,183,283,32.20063175,18.31088957,8.029079026,7.467586299,462,23,5,2,30,492,11,2,3,16,492,508,244,39,161,22
30,1000,70,5.13,10.3,18,37,40,954,23,11,12,46,7.372979846,170,283,29.86499323,17.28927121,7.233396919,7.501310406,454,12,6,7,25,500,11,5,5,21,479,521,239,44,154,16
25,1000,70,5.13,10.3,18,37,47,960,24,13,3,40,7.782294187,198,291,37.79728292,22.33607827,8.067801272,7.510170247,464,13,9,2,24,496,11,4,1,16,488,512,264,27,183,15
27,1000,70,5.13,10.3,18,37,44,959,32,8,1,41,7.723831967,192,282,33.7153612,19.41982678,8.189796747,7.263425415,472,19,5,1,25,487,13,3,0,16,497,503,247,35,176,16
28,1000,70,5.13,10.3,18,37,40,953,26,11,10,47,8.022590179,159,287,30.62998931,17.43559585,8.381819184,7.676064753,464,15,5,7,27,489,11,6,3,20,491,509,237,50,140,19
31,1000,70,5.13,10.3,18,37,38,953,23,14,10,47,7.934652295,137,268,27.20001312,15.49313383,8.111185013,7.768403037,460,11,7,7,25,493,12,7,3,22,485,515,222,46,118,19
26,1000,70,5.13,10.3,18,37,46,964,20,8,8,36,7.44757214,192,314,40.86893111,23.4110013,7.749751148,7.146599436,474,13,5,7,25,490,7,3,1,11,499,501,277,37,175,17
32,1000,70,5.13,10.3,18,37,2,947,27,16,10,53,7.242289446,115,175,17.64563409,9.148843339,6.652725191,7.824821125,476,9,8,4,21,471,18,8,6,32,497,503,97,78,77,38
29,1000,70,5.13,10.3,18,37,41,954,34,7,5,46,7.772832503,159,290,33.69073022,19.17458254,8.086900286,7.46865662,462,23,5,2,30,492,11,2,3,16,492,508,240,50,149,10
30,1000,70,5.13,10.3,18,37,41,955,23,11,11,45,7.367545331,181,282,30.91498883,17.94350614,7.273482722,7.454025157,454,12,6,7,25,501,11,5,4,20,479,521,230,52,164,17
25,1000,70,5.13,10.3,18,37,48,961,23,13,3,39,7.743852489,198,332,39.48343051,23.40192748,8.100047618,7.404354005,464,13,9,2,24,497,10,4,1,15,488,512,296,36,183,15
28,1000,70,5.13,10.3,18,37,41,954,26,11,9,46,8.032116501,185,267,31.8151061,18.08405533,8.40436877,7.67302836,464,16,5,6,27,490,10,6,3,19,491,509,235,32,162,23
27,1000,70,5.13,10.3,18,37,45,960,30,9,1,40,7.719777373,177,305,34.80248302,20.12584017,8.215786161,7.229685189,473,18,5,1,24,487,12,4,0,16,497,503,258,47,166,11
26,1000,70,5.13,10.3,18,37,47,962,21,9,8,38,7.495847947,170,317,43.48745049,24.82151135,7.795908713,7.196985028,473,14,5,7,26,489,7,4,1,12,499,501,274,43,155,15
31,1000,70,5.13,10.3,18,37,39,953,24,13,10,47,7.920461946,153,274,28.0194353,16.01684226,8.133833528,7.719519777,460,11,7,7,25,493,13,6,3,22,485,515,226,48,135,18
29,1000,70,5.13,10.3,18,37,42,954,34,7,5,46,7.790374928,171,299,35.22389488,20.11546231,8.126509951,7.464826835,462,23,5,2,30,492,11,2,3,16,492,508,252,47,157,14
32,1000,70,5.13,10.3,18,37,3,948,27,15,10,52,7.265824475,101,188,17.66015879,9.20852255,6.688289312,7.836470551,476,9,8,4,21,472,18,7,6,31,497,503,104,84,69,32
30,1000,70,5.13,10.3,18,37,42,951,27,11,11,49,7.386183466,177,283,31.91156275,18.55935033,7.320672285,7.446413515,453,13,6,7,26,498,14,5,4,23,479,521,251,32,156,21
25,1000,70,5.13,10.3,18,37,49,962,22,13,3,38,7.710336713,242,334,41.16475659,24.50022767,8.106512107,7.332732041,464,13,9,2,24,498,9,4,1,14,488,512,296,38,220,22
28,1000,70,5.13,10.3,18,37,42,954,26,11,9,46,8.043752518,185,279,32.77138785,18.67038024,8.438068703,7.663380716,464,16,5,6,27,490,10,6,3,19,491,509,249,30,169,16
27,1000,70,5.13,10.3,18,37,46,960,30,9,1,40,7.705635725,190,310,36.23593705,20.92098748,8.247776124,7.16996221,473,18,5,1,24,487,12,4,0,16,497,503,268,42,174,16
26,1000,70,5.13,10.3,18,37,48,963,21,8,8,37,7.473480122,196,318,45.48385135,25.88231797,7.831840364,7.11655046,473,14,5,7,26,490,7,3,1,11,499,501,277,41,182,14
31,1000,70,5.13,10.3,18,37,40,955,23,13,9,45,7.915182951,156,254,28.98477946,16.65849772,8.127169081,7.715545527,462,10,7,6,23,493,13,6,3,22,485,515,215,39,136,20
29,1000,70,5.13,10.3,18,37,43,953,33,8,6,47,7.804729727,179,289,36.78781997,21.03573653,8.191389373,7.430248338,461,22,6,3,31,492,11,2,3,16,492,508,252,37,165,14
32,1000,70,5.13,10.3,18,37,4,951,27,13,9,49,7.279776644,93,179,17.73016406,9.288156503,6.686984011,7.865498193,476,10,8,3,21,475,17,5,6,28,497,503,112,67,63,30
25,1000,70,5.13,10.3,18,37,50,963,21,13,3,37,7.674669875,235,329,43.00167929,25.54019765,8.120232047,7.249993431,463,14,9,2,25,500,7,4,1,12,488,512,300,29,216,19
30,1000,70,5.13,10.3,18,37,43,952,27,10,11,48,7.371560008,196,288,33.07856513,19.31010918,7.339546593,7.400992686,453,13,6,7,26,499,14,4,4,22,479,521,250,38,182,14
28,1000,70,5.13,10.3,18,37,43,954,26,11,9,46,8.035695473,195,316,34.09143688,19.48259414,8.458834085,7.627520506,464,16,5,6,27,490,10,6,3,19,491,509,269,47,178,17
26,1000,70,5.13,10.3,18,37,49,962,23,8,7,38,7.483556843,221,311,47.28654141,26.95952749,7.875057752,7.093618813,473,15,5,6,26,489,8,3,1,12,499,501,270,41,202,19
27,1000,70,5.13,10.3,18,37,47,959,31,9,1,41,7.699162881,193,294,38.15736784,21.92365352,8.270222007,7.134915594,472,19,5,1,25,487,12,4,0,16,497,503,260,34,178,15
31,1000,70,5.13,10.3,18,37,41,955,23,13,9,45,7.933430423,151,262,30.32800686,17.58477267,8.159846826,7.720203325,462,10,7,6,23,493,13,6,3,22,485,515,226,36,136,15
29,1000,70,5.13,10.3,18,37,44,954,32,8,6,46,7.807465521,175,309,38.25425351,21.94726618,8.2631388,7.366144156,461,22,6,3,31,493,10,2,3,15,492,508,270,39,167,8
25,1000,70,5.13,10.3,18,37,51,965,20,12,3,35,7.669532004,217,335,45.43401352,26.87093043,8.156758276,7.205144464,463,14,9,2,25,502,6,3,1,10,488,512,306,29,205,12
30,1000,70,5.13,10.3,18,37,44,954,25,9,12,46,7.376966575,188,315,34.05619126,19.90068384,7.351232241,7.400626355,454,12,6,7,25,500,13,3,5,21,479,521,269,46,170,18
32,1000,70,5.13,10.3,18,37,5,955,25,10,10,45,7.269003023,107,159,17.82923686,9.37740648,6.729668647,7.801903988,476,10,8,3,21,479,15,2,7,24,497,503,97,62,66,41
28,1000,70,5.13,10.3,18,37,44,956,24,11,9,44,8.022829441,185,315,35.70490011,20.38382287,8.509220828,7.553638535,463,17,5,6,28,493,7,6,3,16,491,509,276,39,174,11
26,1000,70,5.13,10.3,18,37,50,963,22,8,7,37,7.466046206,195,309,49.14988328,28.10396047,7.963668972,6.970409958,473,15,5,6,26,490,7,3,1,11,499,501,274,35,180,15
27,1000,70,5.13,10.3,18,37,48,959,31,9,1,41,7.675941898,192,312,40.10649222,22.97280229,8.287763648,7.071418221,472,19,5,1,25,487,12,4,0,16,497,503,268,44,172,20
31,1000,70,5.13,10.3,18,37,42,955,23,12,10,45,7.938966736,173,272,31.62377725,18.34783874,8.161530556,7.729367799,462,10,7,6,23,493,13,5,4,22,485,515,230,42,156,17
29,1000,70,5.13,10.3,18,37,45,955,31,8,6,45,7.818798649,185,297,39.99322048,22.9638561,8.300619975,7.352152799,461,22,6,3,31,494,9,2,3,14,492,508,255,42,169,16
25,1000,70,5.13,10.3,18,37,52,966,18,13,3,34,7.663265643,229,339,48.46667596,28.49708939,8.193559733,7.157829089,463,13,10,2,25,503,5,3,1,9,488,512,310,29,214,15
30,1000,70,5.13,10.3,18,37,45,955,25,9,11,45,7.384149489,202,312,35.28183611,20.6216856,7.394898128,7.374267343,454,12,6,7,25,501,13,3,4,20,479,521,263,49,187,15
32,1000,70,5.13,10.3,18,37,6,957,23,10,10,43,7.309497802,105,179,17.9251029,9.466631974,6.782372335,7.83033549,476,10,8,3,21,481,13,2,7,22,497,503,105,74,82,23
28,1000,70,5.13,10.3,18,37,45,956,25,10,9,44,7.993275804,192,323,37.31517768,21.38464587,8.519179005,7.485970358,463,17,5,6,28,493,8,5,3,16,491,509,291,32,176,16
26,1000,70,5.13,10.3,18,37,51,963,22,8,7,37,7.475054451,219,330,50.84343655,29.20259917,7.993486784,6.958691708,473,15,5,6,26,490,7,3,1,11,499,501,289,41,203,16
27,1000,70,5.13,10.3,18,37,49,956,34,9,1,44,7.685274195,185,296,42.21341522,24.08403014,8.349693615,7.028780256,470,21,5,1,27,486,13,4,0,17,497,503,259,37,168,17
31,1000,70,5.13,10.3,18,37,43,955,23,12,10,45,7.940036693,175,275,33.13458456,19.19835629,8.189562209,7.705046644,461,11,7,6,24,494,12,5,4,21,485,515,236,39,157,18
29,1000,70,5.13,10.3,18,37,46,956,30,8,6,44,7.778565411,201,316,42.22372795,24.27081999,8.330578858,7.243938215,461,22,6,3,31,495,8,2,3,13,492,508,273,43,186,15
25,1000,70,5.13,10.3,18,37,53,965,19,12,4,35,7.65218145,219,346,51.40446817,30.17942304,8.221515337,7.109535089,463,13,9,3,25,502,6,3,1,10,488,512,309,37,203,16
30,1000,70,5.13,10.3,18,37,46,957,23,9,11,43,7.327412376,196,312,36.33018968,21.36782603,7.413207356,7.248533689,454,12,6,7,25,503,11,3,4,18,479,521,269,43,178,18
28,1000,70,5.13,10.3,18,37,46,957,23,11,9,43,7.990552166,208,324,39.18954367,22.53282624,8.578632228,7.423268648,463,16,6,6,28,494,7,5,3,15,491,509,282,42,185,23
26,1000,70,5.13,10.3,18,37,52,964,20,9,7,36,7.457626105,210,340,52.75509602,30.32826725,8.026765742,6.890758483,473,14,6,6,26,491,6,3,1,10,499,501,310,30,193,17
32,1000,70,5.13,10.3,18,37,7,958,21,11,10,42,7.333415864,86,179,18.05970374,9.59589343,6.84884106,7.812210452,476,9,9,3,21,482,12,2,7,21,497,503,115,64,67,19
27,1000,70,5.13,10.3,18,37,50,955,33,11,1,45,7.737181426,184,335,44.33810636,25.36552517,8.408712529,7.073660635,469,21,6,1,28,486,12,5,0,17,497,503,294,41,174,10
31,1000,70,5.13,10.3,18,37,44,953,24,12,11,47,7.98232867,161,283,34.87881925,20.13434188,8.240392216,7.739297951,460,12,7,6,25,493,12,5,5,22,485,515,247,36,149,12
29,1000,70,5.13,10.3,18,37,47,957,29,9,5,43,7.725978619,208,309,44.33827421,25.6463988,8.369400331,7.102822158,460,22,7,3,32,497,7,2,2,11,492,508,268,41,188,20
25,1000,70,5.13,10.3,18,37,54,966,19,11,4,34,7.657438766,213,357,54.08982701,31.77932859,8.251419869,7.091300527,463,13,9,3,25,503,6,2,1,9,488,512,331,26,204,9
30,1000,70,5.13,10.3,18,37,47,958,22,10,10,42,7.350286275,195,310,37.93257236,22.31820308,7.50236951,7.21046311,454,12,6,7,25,504,10,4,3,17,479,521,284,26,178,17
26,1000,70,5.13,10.3,18,37,53,963,20,10,7,37,7.468887794,226,333,54.36174354,31.23548862,8.081204915,6.859015052,473,14,6,6,26,490,6,4,1,11,499,501,304,29,210,16
28,1000,70,5.13,10.3,18,37,47,957,24,11,8,43,7.945251721,189,339,41.97172557,24.20860824,8.586205097,7.326964672,463,16,6,6,28,494,8,5,2,15,491,509,297,42,173,16
27,1000,70,5.13,10.3,18,37,51,957,32,9,2,43,7.701038049,210,327,45.51056508,26.08877017,8.440208105,6.970685131,469,21,6,1,28,488,11,3,1,15,497,503,293,34,197,13
32,1000,70,5.13,10.3,18,37,8,958,21,11,10,42,7.362959975,104,206,18.09178349,9.635265674,6.881476724,7.838699887,476,9,9,3,21,482,12,2,7,21,497,503,125,81,71,33
31,1000,70,5.13,10.3,18,37,45,952,23,14,11,48,8.00000536,192,298,36.89056211,21.18321583,8.303606385,7.714089832,459,12,8,6,26,493,11,6,5,22,485,515,260,38,175,17
29,1000,70,5.13,10.3,18,37,48,956,29,10,5,44,7.706430519,227,329,46.54175454,27.01049115,8.404565161,7.03028437,460,21,8,3,32,496,8,2,2,12,492,508,299,30,210,17
25,1000,70,5.13,10.3,18,37,55,966,19,11,4,34,7.640888477,260,367,57.59206836,33.87447547,8.248611328,7.061652635,463,13,9,3,25,503,6,2,1,9,488,512,322,45,242,18
30,1000,70,5.13,10.3,18,37,48,958,22,10,10,42,7.323080183,199,330,39.69027082,23.32602036,7.503288043,7.157399636,453,13,6,7,26,505,9,4,3,16,479,521,299,31,181,18
26,1000,70,5.13,10.3,18,37,54,963,20,10,7,37,7.474002147,213,329,56.76691938,32.55491296,8.089307679,6.861152925,473,14,6,6,26,490,6,4,1,11,499,501,303,26,203,10
28,1000,70,5.13,10.3,18,37,48,957,24,11,8,43,7.943600739,194,332,44.03427156,25.41480484,8.63374862,7.277858874,462,17,6,6,29,495,7,5,2,14,491,509,287,45,170,24
27,1000,70,5.13,10.3,18,37,52,957,31,10,2,43,7.704722011,202,319,48.21537673,27.53754852,8.506303812,6.912701821,469,20,7,1,28,488,11,3,1,15,497,503,285,34,187,15
31,1000,70,5.13,10.3,18,37,46,952,23,14,11,48,7.988763677,180,290,39.02056322,22.33645347,8.336986395,7.660825779,459,12,8,6,26,493,11,6,5,22,485,515,257,33,166,14
32,1000,70,5.13,10.3,18,37,9,958,21,11,10,42,7.384568358,95,181,18.15331583,9.68974128,6.914783308,7.84874961,476,9,9,3,21,482,12,2,7,21,497,503,110,71,69,26
29,1000,70,5.13,10.3,18,37,49,957,28,10,5,43,7.6921857,220,359,48.50353271,28.30423826,8.452808901,6.955519134,460,21,8,3,32,497,7,2,2,11,492,508,319,40,208,12
25,1000,70,5.13,10.3,18,37,56,967,19,10,4,33,7.623963192,246,359,61.08363705,35.87081614,8.288380101,6.990690826,463,13,9,3,25,504,6,1,1,8,488,512,321,38,229,17
30,1000,70,5.13,10.3,18,37,49,959,20,11,10,41,7.323308508,211,314,41.68860804,24.53913903,7.555153628,7.110153397,453,12,7,7,26,506,8,4,3,15,479,521,280,34,194,17
26,1000,70,5.13,10.3,18,37,55,963,20,10,7,37,7.49584433,229,357,59.55228387,34.05335705,8.149873532,6.844426023,474,13,6,6,25,489,7,4,1,12,499,501,319,38,214,15
28,1000,70,5.13,10.3,18,37,49,957,22,11,10,43,7.964256662,206,321,46.43200201,26.80041841,8.709513985,7.245354215,462,16,6,7,29,495,6,5,3,14,491,509,283,38,184,22
27,1000,70,5.13,10.3,18,37,53,957,31,10,2,43,7.701853556,212,348,50.4151058,28.7439243,8.517768232,6.895671461,469,20,7,1,28,488,11,3,1,15,497,503,305,43,197,15
31,1000,70,5.13,10.3,18,37,47,953,22,14,11,47,7.957715722,194,307,40.59509238,23.29969899,8.331897941,7.605330525,459,12,8,6,26,494,10,6,5,21,485,515,273,34,178,16
32,1000,70,5.13,10.3,18,37,10,958,21,11,10,42,7.425317361,99,164,18.31117628,9.841666172,6.955138721,7.889887509,476,9,9,3,21,482,12,2,7,21,497,503,116,48,62,37
25,1000,70,5.13,10.3,18,37,57,967,19,10,4,33,7.642289492,255,362,64.69792818,37.92858299,8.334458851,6.982565571,463,13,9,3,25,504,6,1,1,8,488,512,335,27,242,13
29,1000,70,5.13,10.3,18,37,50,956,29,10,5,44,7.712821419,208,348,50.88776448,29.80011875,8.492465126,6.957733419,460,21,8,3,32,496,8,2,2,12,492,508,311,37,191,17
30,1000,70,5.13,10.3,18,37,50,959,20,11,10,41,7.332554063,220,333,43.64590325,25.89077146,7.60616918,7.080996211,453,12,7,7,26,506,8,4,3,15,479,521,304,29,205,15
26,1000,70,5.13,10.3,18,37,56,964,19,9,8,36,7.474111414,235,344,62.70618001,35.83975535,8.23173164,6.71951562,474,12,6,7,25,490,7,3,1,11,499,501,313,31,221,14
28,1000,70,5.13,10.3,18,37,50,959,22,9,10,41,7.931972175,205,317,50.1653686,28.92632585,8.743980504,7.148679269,462,17,5,7,29,497,5,4,3,12,491,509,282,35,195,10
27,1000,70,5.13,10.3,18,37,54,958,31,9,2,42,7.681654099,231,331,52.26890176,29.81781668,8.561315481,6.812485697,469,20,7,1,28,489,11,2,1,14,497,503,294,37,213,18
31,1000,70,5.13,10.3,18,37,48,952,23,14,11,48,7.960443544,221,318,42.51566585,24.41667166,8.359043036,7.585063441,458,13,8,6,27,494,10,6,5,21,485,515,274,44,205,16
29,1000,70,5.13,10.3,18,37,51,956,28,11,5,44,7.746033531,221,347,53.44510333,31.37297799,8.557014186,6.960595573,460,20,9,3,32,496,8,2,2,12,492,508,311,36,208,13
25,1000,70,5.13,10.3,18,37,58,966,20,10,4,34,7.591728374,261,376,68.82605711,40.1924283,8.35540828,6.863845964,463,13,9,3,25,503,7,1,1,9,488,512,353,23,245,16
32,1000,70,5.13,10.3,18,37,11,957,21,12,10,43,7.433947045,108,184,18.39895882,9.903161877,7.000169775,7.862550034,476,8,10,3,21,481,13,2,7,22,497,503,115,69,81,27
30,1000,70,5.13,10.3,18,37,51,959,20,11,10,41,7.352601707,224,337,45.35263497,26.89383853,7.657683879,7.072113492,453,12,7,7,26,506,8,4,3,15,479,521,308,29,214,10
26,1000,70,5.13,10.3,18,37,57,964,20,9,7,36,7.474242569,263,359,65.78631795,37.60912219,8.304398376,6.647400757,473,14,6,6,26,491,6,3,1,10,499,501,336,23,242,21
27,1000,70,5.13,10.3,18,37,55,958,31,9,2,42,7.695981776,211,328,54.69753424,31.31317702,8.603084151,6.799699707,469,20,7,1,28,489,11,2,1,14,497,503,295,33,198,13
28,1000,70,5.13,10.3,18,37,51,959,22,9,10,41,7.924062394,219,333,53.5276465,30.83190603,8.737709341,7.139188816,462,17,5,7,29,497,5,4,3,12,491,509,300,33,199,20
31,1000,70,5.13,10.3,18,37,49,952,24,14,10,48,7.962424658,195,303,45.19316892,25.90322398,8.403937289,7.546631209,458,13,8,6,27,494,11,6,4,21,485,515,273,30,182,13
25,1000,70,5.13,10.3,18,37,59,966,19,11,4,34,7.623930321,261,385,72.93921987,42.35659046,8.438679469,6.847372539,463,12,10,3,25,503,7,1,1,9,488,512,355,30,247,14
29,1000,70,5.13,10.3,18,37,52,955,29,11,5,45,7.73185149,237,321,56.0345797,32.85670891,8.564002768,6.925909701,460,20,9,3,32,495,9,2,2,13,492,508,295,26,222,15
30,1000,70,5.13,10.3,18,37,52,959,20,11,10,41,7.36041252,222,345,47.55755959,28.23379656,7.718578516,7.031119791,453,12,7,7,26,506,8,4,3,15,479,521,308,37,210,12
26,1000,70,5.13,10.3,18,37,58,964,20,9,7,36,7.498360388,235,358,68.99386047,39.51029447,8.383927178,6.616328795,473,14,6,6,26,491,6,3,1,10,499,501,318,40,222,13
32,1000,70,5.13,10.3,18,37,12,957,20,13,10,43,7.446332577,114,194,18.55848671,10.02977221,7.025522124,7.862123423,477,7,10,3,20,480,13,3,7,23,497,503,123,71,88,26
27,1000,70,5.13,10.3,18,37,56,958,31,8,3,42,7.693538806,213,335,56.84556552,32.55804321,8.644210313,6.754207317,469,20,6,2,28,489,11,2,1,14,497,503,306,29,204,9
28,1000,70,5.13,10.3,18,37,52,959,22,9,10,41,7.904968087,212,346,57.27121684,33.05992685,8.734556443,7.104716844,462,17,5,7,29,497,5,4,3,12,491,509,307,39,199,13
31,1000,70,5.13,10.3,18,37,50,952,24,14,10,48,7.970711295,220,305,47.99840079,27.42779079,8.466922339,7.503405749,457,14,8,6,28,495,10,6,4,20,485,515,263,42,209,11
25,1000,70,5.13,10.3,18,37,60,964,21,11,4,36,7.615276258,258,379,77.77941286,45.25633681,8.477080383,6.793869202,461,14,10,3,27,503,7,1,1,9,488,512,342,37,245,13
29,1000,70,5.13,10.3,18,37,53,955,29,11,5,45,7.738448874,236,374,59.02894177,34.48066353,8.618518209,6.886098259,460,20,9,3,32,495,9,2,2,13,492,508,332,42,216,20
30,1000,70,5.13,10.3,18,37,53,959,20,11,10,41,7.35795634,235,374,49.3647889,29.34948533,7.725227229,7.020292701,453,12,7,7,26,506,8,4,3,15,479,521,340,34,217,18
26,1000,70,5.13,10.3,18,37,59,964,20,9,7,36,7.48668424,248,369,72.60552747,41.81104132,8.44782618,6.529379194,472,15,6,6,27,492,5,3,1,9,499,501,335,34,233,15
32,1000,70,5.13,10.3,18,37,13,957,19,14,10,43,7.461145987,109,203,18.7333721,10.16092234,7.048139204,7.869226248,477,7,10,3,20,480,12,4,7,23,497,503,138,65,88,21
27,1000,70,5.13,10.3,18,37,57,958,31,8,3,42,7.678889949,236,354,60.46505269,34.60549345,8.688442307,6.681379965,469,20,6,2,28,489,11,2,1,14,497,503,316,38,224,12
28,1000,70,5.13,10.3,18,37,53,958,23,9,10,42,7.885304327,229,333,61.09323867,35.26872071,8.754934035,7.046427732,462,17,5,7,29,496,6,4,3,13,491,509,299,34,217,12
25,1000,70,5.13,10.3,18,37,61,964,21,11,4,36,7.570298667,295,401,81.86013843,47.75653645,8.459907492,6.722390256,461,14,10,3,27,503,7,1,1,9,488,512,374,27,279,16
31,1000,70,5.13,10.3,18,37,51,953,23,14,10,47,7.918825858,222,313,50.20981748,28.65562457,8.539587919,7.334224693,457,13,9,6,28,496,10,5,4,19,485,515,280,33,206,16
29,1000,70,5.13,10.3,18,37,54,955,29,11,5,45,7.698685722,226,355,61.2259355,35.85736897,8.620858344,6.805557908,460,20,9,3,32,495,9,2,2,13,492,508,329,26,219,7
26,1000,70,5.13,10.3,18,37,60,966,18,9,7,34,7.474553366,257,365,76.75542303,44.29725932,8.534504906,6.41883317,472,14,7,6,27,494,4,2,1,7,499,501,341,24,245,12
30,1000,70,5.13,10.3,18,37,54,959,20,11,10,41,7.377774314,221,363,52.2683234,31.10152917,7.773868328,7.013611103,453,12,7,7,26,506,8,4,3,15,479,521,330,33,212,9
27,1000,70,5.13,10.3,18,37,58,959,30,8,3,41,7.64281037,249,347,62.70485568,35.80147318,8.70020628,6.598027534,470,19,6,2,27,489,11,2,1,14,497,503,320,27,235,14
32,1000,70,5.13,10.3,18,37,14,958,18,14,10,42,7.462733446,99,192,18.87046683,10.27703985,7.043292391,7.877171229,477,7,10,3,20,481,11,4,7,22,497,503,135,57,77,22
28,1000,70,5.13,10.3,18,37,54,957,23,10,10,43,7.887366107,228,341,63.96731178,36.76945052,8.784253515,7.022195738,461,17,6,7,30,496,6,4,3,13,491,509,300,41,217,11
25,1000,70,5.13,10.3,18,37,62,964,19,13,4,36,7.559328703,285,396,86.29829749,50.39325245,8.535713934,6.628711531,460,14,11,3,28,504,5,2,1,8,488,512,372,24,268,17
26,1000,70,5.13,10.3,18,37,61,965,20,8,7,35,7.450158846,261,390,80.76109565,46.52522131,8.55862853,6.34611419,471,16,6,6,28,494,4,2,1,7,499,501,350,40,242,19
29,1000,70,5.13,10.3,18,37,55,955,29,11,5,45,7.679705416,233,350,63.89189775,37.22711965,8.631859798,6.757540148,460,20,9,3,32,495,9,2,2,13,492,508,326,24,219,14
30,1000,70,5.13,10.3,18,37,55,960,20,10,10,40,7.343608764,243,367,54.60523804,32.52943464,7.786897741,6.936055174,453,12,7,7,26,507,8,3,3,14,479,521,334,33,226,17
31,1000,70,5.13,10.3,18,37,52,951,25,14,10,49,7.961455605,217,324,52.35906991,29.94858809,8.631633942,7.330316783,455,15,9,6,30,496,10,5,4,19,485,515,293,31,203,14
27,1000,70,5.13,10.3,18,37,59,959,30,8,3,41,7.635295631,238,346,66.12414587,37.60453921,8.726047597,6.557554624,470,19,6,2,27,489,11,2,1,14,497,503,320,26,225,13
28,1000,70,5.13,10.3,18,37,55,957,23,10,10,43,7.868823155,228,367,67.31060428,38.69095019,8.840249589,6.931749718,460,17,7,7,31,497,6,3,3,12,491,509,327,40,217,11
32,1000,70,5.13,10.3,18,37,15,959,16,15,10,41,7.486668169,120,197,19.02373255,10.40959581,7.061162593,7.907098131,477,7,10,3,20,482,9,5,7,21,497,503,131,66,94,26
25,1000,70,5.13,10.3,18,37,63,964,19,13,4,36,7.571362656,287,406,91.6842837,53.6432083,8.607589279,6.583709155,460,14,11,3,28,504,5,2,1,8,488,512,384,22,275,12
26,1000,70,5.13,10.3,18,37,62,963,23,8,6,37,7.414184062,262,371,84.12732357,48.43825809,8.558722359,6.27421478,469,19,6,5,30,494,4,2,1,7,499,501,343,28,252,10
29,1000,70,5.13,10.3,18,37,56,955,29,12,4,45,7.661724873,252,354,67.3946289,39.20157706,8.663555564,6.691447905,461,19,10,2,31,494,10,2,2,14,492,508,329,25,240,12
30,1000,70,5.13,10.3,18,37,56,960,20,9,11,40,7.353016384,258,362,56.97286813,33.86243961,7.822766367,6.921134921,453,12,6,8,26,507,8,3,3,14,479,521,330,32,246,12
31,1000,70,5.13,10.3,18,37,53,953,25,14,8,47,7.93693214,220,340,54.90977899,31.47526171,8.642815292,7.272168395,455,15,9,6,30,498,10,5,2,17,485,515,307,33,209,11
27,1000,70,5.13,10.3,18,37,60,958,30,9,3,42,7.621624351,261,378,69.24335223,39.46012707,8.796422866,6.460839337,469,19,7,2,28,489,11,2,1,14,497,503,342,36,249,12
28,1000,70,5.13,10.3,18,37,56,958,22,10,10,42,7.874998475,236,340,70.12426388,40.20805858,8.898808877,6.887393549,460,17,7,7,31,498,5,3,3,11,491,509,309,31,219,17
32,1000,70,5.13,10.3,18,37,16,962,16,12,10,38,7.438242361,109,193,19.2129606,10.5478474,7.072196005,7.79992236,477,7,10,3,20,485,9,2,7,18,497,503,121,72,76,33
25,1000,70,5.13,10.3,18,37,64,964,19,12,5,36,7.567431861,295,406,98.15583242,57.65837812,8.63201235,6.552753583,460,14,10,4,28,504,5,2,1,8,488,512,380,26,283,12
26,1000,70,5.13,10.3,18,37,63,963,23,8,6,37,7.420266493,266,392,88.40249951,51.23719464,8.585610658,6.2595744,469,19,6,5,30,494,4,2,1,7,499,501,359,33,251,15
29,1000,70,5.13,10.3,18,37,57,956,30,11,3,44,7.667277594,251,349,70.41320583,40.85374257,8.711903201,6.65555358,460,20,10,2,32,496,10,1,1,12,492,508,327,22,238,13
30,1000,70,5.13,10.3,18,37,57,961,19,9,11,39,7.324518,257,361,60.24864992,35.76499683,7.827760974,6.861843557,454,11,6,8,25,507,8,3,3,14,479,521,331,30,242,15
31,1000,70,5.13,10.3,18,37,54,952,26,14,8,48,7.92996066,223,318,57.79702242,33.11733444,8.69117029,7.213093338,453,17,9,6,32,499,9,5,2,16,485,515,291,27,205,18
27,1000,70,5.13,10.3,18,37,61,958,30,9,3,42,7.62064371,254,374,71.88351177,40.98550946,8.837936625,6.417871188,469,19,7,2,28,489,11,2,1,14,497,503,342,32,238,16
28,1000,70,5.13,10.3,18,37,57,957,23,10,10,43,7.86779022,231,364,74.33317581,42.446179,8.929585106,6.843544073,460,17,7,7,31,497,6,3,3,12,491,509,337,27,220,11
32,1000,70,5.13,10.3,18,37,17,961,18,12,9,39,7.433394663,129,179,19.3871741,10.67275643,7.095144777,7.767609759,476,8,10,3,21,485,10,2,6,18,497,503,125,54,101,28
25,1000,70,5.13,10.3,18,37,65,965,18,12,5,35,7.553040903,295,414,105.5030377,62.35259612,8.643145136,6.514035306,460,14,10,4,28,505,4,2,1,7,488,512,383,31,281,14
26,1000,70,5.13,10.3,18,37,64,962,24,8,6,38,7.427620593,278,386,92.49395076,53.8103483,8.620348346,6.239654228,468,20,6,5,31,494,4,2,1,7,499,501,355,31,266,12
30,1000,70,5.13,10.3,18,37,58,960,19,10,11,40,7.340543059,264,360,65.01063689,38.76828406,7.889820276,6.835545387,453,11,7,8,26,507,8,3,3,14,479,521,328,32,249,15
29,1000,70,5.13,10.3,18,37,58,956,30,11,3,44,7.635970817,270,390,74.18924458,42.92135913,8.745280116,6.561600394,460,20,10,2,32,496,10,1,1,12,492,508,353,37,254,16
27,1000,70,5.13,10.3,18,37,62,957,31,9,3,43,7.595119613,273,367,74.60751744,42.60154562,8.889906257,6.315777739,468,20,7,2,29,489,11,2,1,14,497,503,344,23,261,12
31,1000,70,5.13,10.3,18,37,55,954,24,14,8,46,7.881738701,232,315,60.81782664,34.76218729,8.711805792,7.100025032,454,16,9,6,31,500,8,5,2,15,485,515,295,20,215,17
28,1000,70,5.13,10.3,18,37,58,956,25,10,9,44,7.854120697,259,352,78.89863676,44.98836692,8.987515558,6.760806598,459,18,7,7,32,497,7,3,2,12,491,509,331,21,241,18
26,1000,70,5.13,10.3,18,37,65,962,24,8,6,38,7.429322326,279,373,97.14430662,56.96458021,8.664257529,6.199317004,468,20,6,5,31,494,4,2,1,7,499,501,341,32,263,16
32,1000,70,5.13,10.3,18,37,18,962,18,11,9,38,7.443294394,120,205,19.62413596,10.8229119,7.128832969,7.754004788,476,8,10,3,21,486,10,1,6,17,497,503,141,64,99,21
25,1000,70,5.13,10.3,18,37,66,965,18,11,6,35,7.528217624,313,412,112.7695836,66.53909028,8.698400839,6.412886747,460,14,9,5,28,505,4,2,1,7,488,512,392,20,303,10
30,1000,70,5.13,10.3,18,37,59,960,19,10,11,40,7.354119064,262,403,70.29507908,42.00912772,7.944662341,6.811181963,453,11,7,8,26,507,8,3,3,14,479,521,370,33,252,10
29,1000,70,5.13,10.3,18,37,59,956,30,11,3,44,7.611636268,271,365,79.50549069,45.9712922,8.778318043,6.481700377,460,20,10,2,32,496,10,1,1,12,492,508,330,35,258,13
27,1000,70,5.13,10.3,18,37,63,957,31,9,3,43,7.578307788,273,390,77.80778158,44.57769,8.909913561,6.262585981,468,20,7,2,29,489,11,2,1,14,497,503,355,35,264,9
31,1000,70,5.13,10.3,18,37,56,954,24,14,8,46,7.89545552,242,339,64.2354988,36.68718804,8.771290136,7.070640397,454,16,9,6,31,500,8,5,2,15,485,515,310,29,230,12
28,1000,70,5.13,10.3,18,37,59,954,26,11,9,46,7.849479048,248,364,82.83657389,46.97623097,9.038095602,6.702896085,457,19,8,7,34,497,7,3,2,12,491,509,336,28,235,13
26,1000,70,5.13,10.3,18,37,66,961,25,8,6,39,7.423775691,288,395,103.0708335,60.24058821,8.701340007,6.151311432,468,20,6,5,31,493,5,2,1,8,499,501,367,28,271,17
25,1000,70,5.13,10.3,18,37,67,965,18,11,6,35,7.521211598,320,412,118.1965126,69.61910574,8.77818561,6.323158243,460,14,9,5,28,505,4,2,1,7,488,512,396,16,309,11
32,1000,70,5.13,10.3,18,37,19,962,18,11,9,38,7.463354082,123,206,19.86751875,11.00807918,7.17529359,7.747978464,476,8,10,3,21,486,10,1,6,17,497,503,147,59,101,22
30,1000,70,5.13,10.3,18,37,60,960,18,11,11,40,7.390441308,283,391,76.29532411,45.97921365,8.077849814,6.758447692,452,11,8,8,27,508,7,3,3,13,479,521,356,35,267,16
29,1000,70,5.13,10.3,18,37,60,957,29,11,3,43,7.571346672,292,378,84.57859823,48.84280431,8.810538761,6.371184255,460,20,10,2,32,497,9,1,1,11,492,508,353,25,272,20
27,1000,70,5.13,10.3,18,37,64,957,31,9,3,43,7.551340198,274,399,81.94456932,46.88463339,8.913278483,6.205647698,468,20,7,2,29,489,11,2,1,14,497,503,365,34,256,18
31,1000,70,5.13,10.3,18,37,57,954,22,16,8,46,7.897705066,242,354,67.67654877,38.5650844,8.817402408,7.031582326,454,15,10,6,31,500,7,6,2,15,485,515,323,31,223,19
28,1000,70,5.13,10.3,18,37,60,954,25,12,9,46,7.817448023,261,384,86.3302435,48.96579021,9.066696524,6.612377267,457,18,9,7,34,497,7,3,2,12,491,509,352,32,250,11
26,1000,70,5.13,10.3,18,37,67,963,25,7,5,37,7.368799427,300,408,109.3087249,63.86513384,8.704986143,6.03794679,469,20,6,4,30,494,5,1,1,7,499,501,380,28,286,14
25,1000,70,5.13,10.3,18,37,68,962,20,12,6,38,7.521584831,310,410,125.7971004,74.09901928,8.849114796,6.256282832,459,14,10,5,29,503,6,2,1,9,488,512,388,22,298,12
30,1000,70,5.13,10.3,18,37,61,960,18,11,11,40,7.343470068,276,375,82.93519309,50.18362015,8.094216729,6.65324425,452,11,8,8,27,508,7,3,3,13,479,521,350,25,264,12
29,1000,70,5.13,10.3,18,37,61,957,29,11,3,43,7.562700975,285,388,90.24728266,51.79348212,8.842543099,6.323168838,460,20,10,2,32,497,9,1,1,11,492,508,368,20,273,12
32,1000,70,5.13,10.3,18,37,20,960,20,10,10,40,7.470674607,117,202,20.10084452,11.14498367,7.213903737,7.724382604,475,9,9,4,22,485,11,1,6,18,497,503,140,62,91,26
27,1000,70,5.13,10.3,18,37,65,956,32,9,3,44,7.541999811,282,365,85.09814508,48.94402536,8.963546647,6.137409797,467,20,8,2,30,489,12,1,1,14,497,503,346,19,270,12
31,1000,70,5.13,10.3,18,37,58,954,21,17,8,46,7.869935475,251,352,70.42157601,40.07239968,8.859956366,6.937585704,454,14,11,6,31,500,7,6,2,15,485,515,334,18,232,19
28,1000,70,5.13,10.3,18,37,61,952,27,12,9,48,7.78298901,259,365,90.60308485,51.54296284,9.105819613,6.506938271,455,20,9,7,36,497,7,3,2,12,491,509,341,24,246,13
26,1000,70,5.13,10.3,18,37,68,963,25,7,5,37,7.399062785,295,405,115.3593637,68.10371696,8.776849663,6.026776055,469,20,6,4,30,494,5,1,1,7,499,501,378,27,290,5
25,1000,70,5.13,10.3,18,37,69,962,20,12,6,38,7.507423604,313,422,133.6692154,78.32456961,8.87468282,6.204254665,459,14,10,5,29,503,6,2,1,9,488,512,402,20,303,10
30,1000,70,5.13,10.3,18,37,62,960,18,11,11,40,7.336413667,289,400,91.27185628,54.52609934,8.172883528,6.567375158,451,12,8,8,28,509,6,3,3,12,479,521,371,29,279,10
29,1000,70,5.13,10.3,18,37,62,957,29,11,3,43,7.527348143,304,395,95.18529493,54.56372423,8.867194202,6.229701961,460,20,10,2,32,497,9,1,1,11,492,508,373,22,289,15
27,1000,70,5.13,10.3,18,37,66,957,31,9,3,43,7.525854109,263,378,89.76345282,51.50183667,8.997305626,6.071954697,467,20,8,2,30,490,11,1,1,13,497,503,353,25,249,14
31,1000,70,5.13,10.3,18,37,59,954,21,17,8,46,7.848547793,254,378,74.17760827,42.11026613,8.897626612,6.860580361,454,14,11,6,31,500,7,6,2,15,485,515,347,31,240,14
32,1000,70,5.13,10.3,18,37,21,959,21,10,10,41,7.482732702,102,197,20.33187589,11.3297426,7.274858747,7.688127047,474,10,9,4,23,485,11,1,6,18,497,503,142,55,85,17
28,1000,70,5.13,10.3,18,37,62,951,28,12,9,49,7.778184695,276,388,94.57762772,53.84576759,9.140650163,6.463900716,455,20,9,7,36,496,8,3,2,13,491,509,366,22,261,15
26,1000,70,5.13,10.3,18,37,69,963,25,7,5,37,7.403274922,300,408,122.7675559,72.24729781,8.80170146,6.010430925,469,20,6,4,30,494,5,1,1,7,499,501,384,24,287,13
25,1000,70,5.13,10.3,18,37,70,962,20,12,6,38,7.519957292,324,434,142.3815369,83.32610267,8.911453806,6.193687176,459,14,10,5,29,503,6,2,1,9,488,512,408,26,316,8
30,1000,70,5.13,10.3,18,37,63,960,17,12,11,40,7.343731143,288,393,101.1047216,59.81258343,8.227083168,6.531589837,451,12,8,8,28,509,5,4,3,12,479,521,367,26,279,9
29,1000,70,5.13,10.3,18,37,63,957,29,11,3,43,7.537959969,292,388,99.93988437,57.07536332,8.896699346,6.222015533,460,20,10,2,32,497,9,1,1,11,492,508,360,28,275,17
27,1000,70,5.13,10.3,18,37,67,955,33,9,3,45,7.522918669,290,384,94.99132988,54.63967882,9.049511495,6.014535698,466,21,8,2,31,489,12,1,1,14,497,503,360,24,281,9
31,1000,70,5.13,10.3,18,37,60,954,21,17,8,46,7.849089901,259,370,77.47828572,44.30518056,8.917676873,6.842750714,454,14,11,6,31,500,7,6,2,15,485,515,339,31,246,13
32,1000,70,5.13,10.3,18,37,22,961,18,11,10,39,7.484598823,131,199,20.58161135,11.51439201,7.35276986,7.614855274,474,9,10,4,23,487,9,1,6,16,497,503,143,56,109,22
28,1000,70,5.13,10.3,18,37,63,951,28,12,9,49,7.773182104,272,387,99.75491099,56.81931816,9.19054442,6.40594262,455,20,9,7,36,496,8,3,2,13,491,509,362,25,260,12
26,1000,70,5.13,10.3,18,37,70,965,22,8,5,35,7.360826743,305,430,127.8801995,75.5129397,8.8048978,5.922520441,470,18,7,4,29,495,4,1,1,6,499,501,398,32,287,18
25,1000,70,5.13,10.3,18,37,71,963,20,11,6,37,7.466174783,328,437,153.4396023,89.33209256,8.920593227,6.079932203,459,14,10,5,29,504,6,1,1,8,488,512,412,25,323,5
30,1000,70,5.13,10.3,18,37,64,961,16,12,11,39,7.328745191,298,411,110.6181428,65.42189835,8.241754463,6.489337435,451,12,8,8,28,510,4,4,3,11,479,521,386,25,284,14
29,1000,70,5.13,10.3,18,37,64,957,28,12,3,43,7.524430529,304,391,106.9434329,60.97385212,8.927095899,6.165943595,460,20,10,2,32,497,8,2,1,11,492,508,371,20,289,15
27,1000,70,5.13,10.3,18,37,68,957,29,10,4,43,7.532896836,289,383,99.37565746,57.23570489,9.169925634,5.91539522,466,19,9,3,31,491,10,1,1,12,497,503,361,22,276,13
31,1000,70,5.13,10.3,18,37,61,951,24,17,8,49,7.860212922,252,381,80.35020707,45.99842656,8.997979297,6.788724199,451,17,11,6,34,500,7,6,2,15,485,515,345,36,241,11
32,1000,70,5.13,10.3,18,37,23,960,19,11,10,40,7.503316628,124,205,20.81253797,11.65418451,7.41820476,7.587413245,473,10,10,4,24,487,9,1,6,16,497,503,158,47,98,26
28,1000,70,5.13,10.3,18,37,64,951,28,12,9,49,7.78832322,286,363,105.296573,60.22251753,9.236069129,6.391774613,455,20,9,7,36,496,8,3,2,13,491,509,343,20,275,11
26,1000,70,5.13,10.3,18,37,71,966,21,8,5,34,7.35284922,306,432,133.0181526,78.8408758,8.843145159,5.868502565,470,18,7,4,29,496,3,1,1,5,499,501,393,39,298,8
25,1000,70,5.13,10.3,18,37,72,964,20,10,6,36,7.456762281,328,430,168.1087112,97.7183507,8.99184489,5.993636669,459,14,10,5,29,505,6,0,1,7,488,512,406,24,313,15
30,1000,70,5.13,10.3,18,37,65,962,16,11,11,38,7.261687149,293,401,119.4368887,70.78306382,8.261914557,6.342092277,451,12,8,8,28,511,4,3,3,10,479,521,378,23,283,10
29,1000,70,5.13,10.3,18,37,65,957,28,12,3,43,7.531998067,293,422,115.2924791,65.60854587,8.974992104,6.134452661,460,20,10,2,32,497,8,2,1,11,492,508,390,32,283,10
27,1000,70,5.13,10.3,18,37,69,956,29,11,4,44,7.557008385,292,401,105.5614296,60.76540774,9.284279843,5.850340564,465,19,10,3,32,491,10,1,1,12,497,503,373,28,281,11
31,1000,70,5.13,10.3,18,37,62,951,24,17,8,49,7.836841818,260,373,83.31638021,48.03317907,9.058713957,6.686146696,450,17,12,6,35,501,7,5,2,14,485,515,349,24,244,16
25,1000,70,5.13,10.3,18,37,73,963,20,10,7,37,7.438538227,337,455,184.1348913,106.6228884,9.07446359,5.879296865,458,14,10,6,30,505,6,0,1,7,488,512,436,19,326,11
26,1000,70,5.13,10.3,18,37,72,964,23,8,5,36,7.349521114,315,406,138.839275,82.52920196,8.916524737,5.788772994,468,20,7,4,31,496,3,1,1,5,499,501,392,14,302,13
28,1000,70,5.13,10.3,18,37,65,949,30,12,9,51,7.777222938,303,407,111.4049624,63.61612766,9.280363451,6.32723867,453,22,9,7,38,496,8,3,2,13,491,509,368,39,293,10
32,1000,70,5.13,10.3,18,37,24,960,19,11,10,40,7.451159671,119,213,21.03260161,11.80530366,7.375971693,7.525450775,473,10,10,4,24,487,9,1,6,16,497,503,167,46,95,24
30,1000,70,5.13,10.3,18,37,66,963,16,11,10,37,7.224319411,351,412,132.1500763,79.17461094,8.277292251,6.256231137,451,12,8,8,28,512,4,3,2,9,479,521,391,21,330,21
29,1000,70,5.13,10.3,18,37,66,958,27,11,4,42,7.521181869,303,402,122.266253,69.51032139,9.02156232,6.068057496,460,20,9,3,32,498,7,2,1,10,492,508,381,21,294,9
27,1000,70,5.13,10.3,18,37,70,954,31,11,4,46,7.575584979,298,408,113.9948664,65.45980722,9.347103009,5.825198376,464,20,10,3,33,490,11,1,1,13,497,503,383,25,287,11
31,1000,70,5.13,10.3,18,37,63,951,25,15,9,49,7.85427547,276,362,86.70363023,50.4394037,9.128100343,6.654653989,449,18,11,7,36,502,7,4,2,13,485,515,335,27,254,22
25,1000,70,5.13,10.3,18,37,74,962,21,9,8,38,7.404448221,329,431,199.9049996,115.5030683,9.11347235,5.775534597,458,14,9,7,30,504,7,0,1,8,488,512,417,14,319,10
26,1000,70,5.13,10.3,18,37,73,963,23,9,5,37,7.33903421,318,415,147.5399054,88.76352049,8.941301954,5.743162744,468,19,8,4,31,495,4,1,1,6,499,501,391,24,301,17
28,1000,70,5.13,10.3,18,37,66,951,28,12,9,49,7.775565794,282,396,118.5006144,67.67685563,9.268709227,6.335225075,455,20,9,7,36,496,8,3,2,13,491,509,372,24,268,14
32,1000,70,5.13,10.3,18,37,25,960,19,11,10,40,7.495370651,120,195,21.26017777,12.00429565,7.465052097,7.525327551,473,10,10,4,24,487,9,1,6,16,497,503,155,40,101,19
30,1000,70,5.13,10.3,18,37,67,963,16,11,10,37,7.22054801,319,416,152.8067319,92.30282413,8.307043504,6.221639485,451,12,8,8,28,512,4,3,2,9,479,521,388,28,300,19
29,1000,70,5.13,10.3,18,37,67,958,27,11,4,42,7.517023738,285,429,129.1635505,73.44946511,9.035103169,6.046757833,460,20,9,3,32,498,7,2,1,10,492,508,398,31,279,6
27,1000,70,5.13,10.3,18,37,71,953,32,11,4,47,7.574475463,309,407,119.5339783,69.00658632,9.371007447,5.799373284,463,21,10,3,34,490,11,1,1,13,497,503,380,27,303,6
31,1000,70,5.13,10.3,18,37,64,950,26,15,9,50,7.801976452,280,385,90.11145075,52.74077522,9.157385551,6.525523222,449,18,11,7,36,501,8,4,2,14,485,515,359,26,265,15
25,1000,70,5.13,10.3,18,37,75,962,21,9,8,38,7.420627844,340,430,218.8977589,125.716028,9.156002263,5.766599101,458,14,9,7,30,504,7,0,1,8,488,512,416,14,333,7
26,1000,70,5.13,10.3,18,37,74,963,23,10,4,37,7.328703734,343,415,158.5128374,95.890199,9.009746859,5.65437136,467,19,9,4,32,496,4,1,0,5,499,501,388,27,332,11
28,1000,70,5.13,10.3,18,37,67,950,29,12,9,50,7.784393865,299,404,128.0977793,72.6080503,9.315721941,6.307218844,454,21,9,7,37,496,8,3,2,13,491,509,368,36,290,9
30,1000,70,5.13,10.3,18,37,68,964,16,10,10,36,7.170008073,331,429,171.6785034,105.914896,8.343102108,6.091482078,451,12,8,8,28,513,4,2,2,8,479,521,395,34,324,7
29,1000,70,5.13,10.3,18,37,68,957,27,12,4,43,7.536582062,307,418,135.7486557,77.31029323,9.104350644,6.018192018,459,20,10,3,33,498,7,2,1,10,492,508,395,23,296,11
32,1000,70,5.13,10.3,18,37,26,960,19,11,10,40,7.507673058,118,214,21.46275201,12.12722248,7.491707673,7.523448,473,10,10,4,24,487,9,1,6,16,497,503,164,50,91,27
27,1000,70,5.13,10.3,18,37,72,952,34,10,4,48,7.578232223,314,404,128.6354453,74.39711853,9.444681029,5.73404722,462,22,9,4,35,490,12,1,0,13,497,503,381,23,298,16
31,1000,70,5.13,10.3,18,37,65,951,26,15,8,49,7.802748468,266,374,94.41440939,55.53720333,9.219534901,6.468493283,449,18,11,7,36,502,8,4,1,13,485,515,350,24,248,18
25,1000,70,5.13,10.3,18,37,76,961,22,9,8,39,7.446419345,348,441,234.451699,134.5185691,9.206306669,5.76902674,457,15,9,7,31,504,7,0,1,8,488,512,428,13,343,5
26,1000,70,5.13,10.3,18,37,75,963,23,9,5,37,7.326409392,332,433,173.6214468,104.8221626,9.050380074,5.609320828,467,19,8,5,32,496,4,1,0,5,499,501,405,28,324,8
28,1000,70,5.13,10.3,18,37,68,950,29,12,9,50,7.766854159,303,405,136.2131262,77.3830521,9.359864082,6.230178575,454,21,9,7,37,496,8,3,2,13,491,509,383,22,297,6
30,1000,70,5.13,10.3,18,37,69,964,15,11,10,36,7.197653449,341,429,183.7790276,114.0769216,8.406257264,6.086480268,451,11,9,8,28,513,4,2,2,8,479,521,404,25,330,11
29,1000,70,5.13,10.3,18,37,69,957,28,12,3,43,7.520309036,320,422,142.8569464,81.48314804,9.130982452,5.96036549,459,20,10,3,33,498,8,2,0,10,492,508,398,24,307,13
27,1000,70,5.13,10.3,18,37,73,952,34,10,4,48,7.590773142,314,429,138.071391,80.54235028,9.535511718,5.669232243,462,22,9,4,35,490,12,1,0,13,497,503,391,38,301,13
32,1000,70,5.13,10.3,18,37,27,960,19,11,10,40,7.538868155,138,211,21.72287391,12.28766658,7.517393707,7.560086446,473,10,10,4,24,487,9,1,6,16,497,503,150,61,118,20
31,1000,70,5.13,10.3,18,37,66,949,28,15,8,51,7.825113917,283,392,98.38913767,58.37836413,9.301135941,6.435073758,447,20,11,7,38,502,8,4,1,13,485,515,355,37,273,10
26,1000,70,5.13,10.3,18,37,76,961,25,9,5,39,7.324749666,349,438,186.7104996,113.1653573,9.062554116,5.593882559,466,20,8,5,33,495,5,1,0,6,499,501,408,30,334,15
25,1000,70,5.13,10.3,18,37,77,961,22,9,8,39,7.445548828,364,443,251.9173026,144.3826256,9.240533305,5.734704248,456,16,9,7,32,505,6,0,1,7,488,512,425,18,352,12
28,1000,70,5.13,10.3,18,37,69,953,26,13,8,47,7.745109116,305,408,145.6593685,82.76872043,9.391320741,6.157113226,455,20,9,7,36,498,6,4,1,11,491,509,389,19,295,10
30,1000,70,5.13,10.3,18,37,70,966,13,11,10,34,7.126549784,335,423,199.8654079,126.3848963,8.404232791,5.951866175,451,11,9,8,28,515,2,2,2,6,479,521,393,30,325,10
27,1000,70,5.13,10.3,18,37,74,950,36,10,4,50,7.560402527,316,438,146.776076,86.57688938,9.568237536,5.576517836,460,24,9,4,37,490,12,1,0,13,497,503,404,34,307,9
29,1000,70,5.13,10.3,18,37,70,957,28,12,3,43,7.525641162,313,436,153.2830114,87.45123908,9.191516812,5.912234036,459,20,10,3,33,498,8,2,0,10,492,508,409,27,305,8
31,1000,70,5.13,10.3,18,37,67,950,28,14,8,50,7.787597456,281,408,102.0833106,60.74894066,9.318836614,6.345556696,447,20,11,7,38,503,8,3,1,12,485,515,378,30,271,10
32,1000,70,5.13,10.3,18,37,28,960,19,11,10,40,7.580088366,135,222,22.09578248,12.55823928,7.570415655,7.589645696,473,10,10,4,24,487,9,1,6,16,497,503,168,54,112,23
26,1000,70,5.13,10.3,18,37,77,960,26,9,5,40,7.33335689,331,440,203.2282122,122.2255856,9.123117799,5.550740735,465,21,8,5,34,495,5,1,0,6,499,501,413,27,316,15
25,1000,70,5.13,10.3,18,37,78,961,21,10,8,39,7.433776874,374,458,271.9797792,155.8062724,9.320801414,5.635206609,456,15,10,7,32,505,6,0,1,7,488,512,435,23,364,10
28,1000,70,5.13,10.3,18,37,70,954,25,13,8,46,7.756573282,309,392,153.3744212,86.96560075,9.436538198,6.136017735,455,20,9,7,36,499,5,4,1,10,491,509,370,22,298,11
30,1000,70,5.13,10.3,18,37,71,965,14,12,9,35,7.066980764,352,425,223.8828496,146.5154786,8.423665573,5.819664021,451,10,10,8,28,514,4,2,1,7,479,521,403,22,340,12
27,1000,70,5.13,10.3,18,37,75,949,37,10,4,51,7.557526775,322,428,155.3263118,92.70955059,9.64661893,5.493354209,459,25,9,4,38,490,12,1,0,13,497,503,398,30,317,5
29,1000,70,5.13,10.3,18,37,71,958,27,12,3,42,7.513661581,323,425,162.841183,92.86470255,9.224169224,5.857028195,459,20,10,3,33,499,7,2,0,9,492,508,405,20,311,12
31,1000,70,5.13,10.3,18,37,68,948,29,16,7,52,7.796993169,282,406,106.4673744,63.25403267,9.395671075,6.29144213,446,20,12,7,39,502,9,4,0,13,485,515,381,25,274,8
32,1000,70,5.13,10.3,18,37,29,961,19,11,9,39,7.566868403,122,220,22.44352018,12.81556159,7.582824465,7.551102671,473,10,10,4,24,488,9,1,5,15,497,503,173,47,103,19
26,1000,70,5.13,10.3,18,37,78,960,26,9,5,40,7.323573547,352,447,218.6567109,130.9838348,9.178315529,5.476235725,464,22,8,5,35,496,4,1,0,5,499,501,425,22,342,10
25,1000,70,5.13,10.3,18,37,79,962,20,10,8,38,7.419270552,373,455,289.8672496,166.2025559,9.370679173,5.55933421,456,15,10,7,32,506,5,0,1,6,488,512,440,15,363,10
28,1000,70,5.13,10.3,18,37,71,954,25,13,8,46,7.73795202,324,405,160.835606,91.45629972,9.46538945,6.071602751,456,19,9,7,35,498,6,4,1,11,491,509,385,20,312,12
30,1000,70,5.13,10.3,18,37,72,965,14,12,9,35,7.067825946,348,429,245.1946255,160.700889,8.497469796,5.753431697,451,10,10,8,28,514,4,2,1,7,479,521,410,19,337,11
27,1000,70,5.13,10.3,18,37,76,951,35,10,4,49,7.557815253,331,435,166.5734369,100.0247037,9.667298985,5.473494348,460,24,9,4,37,491,11,1,0,12,497,503,416,19,322,9
29,1000,70,5.13,10.3,18,37,72,960,24,13,3,40,7.483923688,338,427,173.2021706,98.61371903,9.287596814,5.737059165,459,19,11,3,33,501,5,2,0,7,492,508,404,23,332,6
31,1000,70,5.13,10.3,18,37,69,947,30,16,7,53,7.79135083,295,398,111.2848723,66.18536127,9.440608635,6.238166296,445,21,12,7,40,502,9,4,0,13,485,515,378,20,280,15
25,1000,70,5.13,10.3,18,37,80,962,20,10,8,38,7.391438109,368,443,315.858703,180.1976585,9.408668859,5.46876505,456,15,10,7,32,506,5,0,1,6,488,512,424,19,359,9
26,1000,70,5.13,10.3,18,37,79,959,26,9,6,41,7.303514522,355,445,230.8207415,137.9712168,9.20554625,5.409075734,463,22,8,6,36,496,4,1,0,5,499,501,413,32,339,16
32,1000,70,5.13,10.3,18,37,30,959,21,11,9,41,7.588663344,120,224,22.91296571,13.09349983,7.61331236,7.564308352,473,10,10,4,24,486,11,1,5,17,497,503,173,51,102,18
28,1000,70,5.13,10.3,18,37,72,954,24,14,8,46,7.760391568,306,411,170.6653421,96.83140674,9.494926266,6.087196015,456,19,9,7,35,498,5,5,1,11,491,509,391,20,295,11
30,1000,70,5.13,10.3,18,37,73,965,14,12,9,35,7.059116702,341,431,265.231054,174.0254846,8.533594232,5.703503004,451,10,10,8,28,514,4,2,1,7,479,521,410,21,328,13
27,1000,70,5.13,10.3,18,37,77,950,35,11,4,50,7.544088134,334,432,176.0352634,105.3197659,9.67760366,5.436022096,459,24,10,4,38,491,11,1,0,12,497,503,411,21,319,15
29,1000,70,5.13,10.3,18,37,73,961,23,13,3,39,7.482804153,345,429,185.7980651,105.658775,9.345626519,5.678653357,460,18,11,3,32,501,5,2,0,7,492,508,410,19,334,11
31,1000,70,5.13,10.3,18,37,70,949,28,16,7,51,7.749264504,314,398,117.5271989,69.66943656,9.481834429,6.117620982,444,21,13,7,41,505,7,3,0,10,485,515,377,21,304,10
25,1000,70,5.13,10.3,18,37,81,961,21,10,8,39,7.37455583,378,457,335.2849585,191.4739064,9.413654724,5.431039696,455,16,10,7,33,506,5,0,1,6,488,512,436,21,364,14
26,1000,70,5.13,10.3,18,37,80,956,29,9,6,44,7.297590275,362,445,249.2034419,149.2696555,9.287055653,5.316066875,460,25,8,6,39,496,4,1,0,5,499,501,422,23,351,11
32,1000,70,5.13,10.3,18,37,31,958,21,12,9,42,7.599546567,134,220,23.3348219,13.35021133,7.6480764,7.551595618,472,11,10,4,25,486,10,2,5,17,497,503,170,50,121,13
28,1000,70,5.13,10.3,18,37,73,954,23,15,8,46,7.77215549,310,416,181.4303894,102.7425628,9.573782356,6.034240378,456,18,10,7,35,498,5,5,1,11,491,509,392,24,307,3
30,1000,70,5.13,10.3,18,37,74,965,14,12,9,35,7.041689626,357,437,289.1445291,188.7865836,8.562085552,5.643859206,449,12,10,8,30,516,2,2,1,5,479,521,419,18,346,11
27,1000,70,5.13,10.3,18,37,78,951,35,10,4,49,7.516205166,343,442,186.8619954,111.9716075,9.736091657,5.322798435,459,24,10,4,38,492,11,0,0,11,497,503,418,24,333,10
29,1000,70,5.13,10.3,18,37,74,962,23,12,3,38,7.493435595,341,435,195.3632746,111.1029769,9.403945166,5.643099554,460,18,11,3,32,502,5,1,0,6,492,508,416,19,323,18
31,1000,70,5.13,10.3,18,37,71,948,29,16,7,52,7.727359405,309,403,124.6645693,73.87570268,9.50520255,6.053079939,443,22,13,7,42,505,7,3,0,10,485,515,383,20,297,12
25,1000,70,5.13,10.3,18,37,82,960,20,12,8,40,7.365628699,393,472,360.4259032,206.2882013,9.462411144,5.367132932,453,16,12,7,35,507,4,0,1,5,488,512,452,20,380,13
26,1000,70,5.13,10.3,18,37,81,957,29,8,6,43,7.270402225,354,448,260.3025322,155.3123597,9.318110823,5.230868112,460,25,8,6,39,497,4,0,0,4,499,501,421,27,345,9
30,1000,70,5.13,10.3,18,37,75,965,14,12,9,35,7.007332585,345,448,327.120917,216.1670491,8.58237415,5.559261741,449,12,10,8,30,516,2,2,1,5,479,521,429,19,336,9
28,1000,70,5.13,10.3,18,37,74,955,21,16,8,45,7.763277804,330,429,194.1618495,109.1779415,9.591617757,5.999594273,457,16,11,7,34,498,5,5,1,11,491,509,409,20,317,13
27,1000,70,5.13,10.3,18,37,79,949,37,10,4,51,7.505501109,355,433,200.0538237,119.4461463,9.800119924,5.238253492,457,26,10,4,40,492,11,0,0,11,497,503,406,27,344,11
32,1000,70,5.13,10.3,18,37,32,958,21,12,9,42,7.56772071,154,232,23.87961098,13.67651141,7.64467272,7.491686616,472,11,10,4,25,486,10,2,5,17,497,503,174,58,131,23
29,1000,70,5.13,10.3,18,37,75,962,23,12,3,38,7.493904702,359,440,208.8199414,118.7830573,9.464989086,5.584901716,460,18,11,3,32,502,5,1,0,6,492,508,426,14,344,15
25,1000,70,5.13,10.3,18,37,83,960,20,12,8,40,7.34112106,380,463,383.6964075,219.4439862,9.491185451,5.291840936,453,16,12,7,35,507,4,0,1,5,488,512,443,20,376,4
31,1000,70,5.13,10.3,18,37,72,947,29,16,8,53,7.765001588,313,415,131.0587418,77.7865566,9.585769895,6.050297455,443,21,14,7,42,504,8,2,1,11,485,515,389,26,301,12
26,1000,70,5.13,10.3,18,37,82,957,29,8,6,43,7.256791117,357,445,272.5882948,161.7489268,9.3472331,5.174694212,460,25,8,6,39,497,4,0,0,4,499,501,428,17,351,6
30,1000,70,5.13,10.3,18,37,76,964,15,12,9,36,7.023782489,356,449,368.1384359,246.1313673,8.633076113,5.544220788,448,13,10,8,31,516,2,2,1,5,479,521,434,15,341,15
28,1000,70,5.13,10.3,18,37,75,956,20,16,8,44,7.737595399,312,421,206.0741589,115.8517165,9.65381366,5.889141242,457,16,11,7,34,499,4,5,1,10,491,509,401,20,300,12
27,1000,70,5.13,10.3,18,37,80,948,39,10,3,52,7.480498372,349,445,213.9156099,127.3855737,9.80144138,5.187240569,457,27,10,3,40,491,12,0,0,12,497,503,415,30,335,14
29,1000,70,5.13,10.3,18,37,76,962,23,12,3,38,7.46075882,363,452,222.70943,127.1565524,9.496229054,5.489397885,460,18,11,3,32,502,5,1,0,6,492,508,431,21,352,11
32,1000,70,5.13,10.3,18,37,33,959,21,12,8,41,7.571736688,138,231,24.40997821,13.99706191,7.694131805,7.450801552,472,11,10,4,25,487,10,2,4,16,497,503,190,41,125,13
25,1000,70,5.13,10.3,18,37,84,961,19,12,8,39,7.351287564,403,469,413.2076903,235.2358609,9.540583579,5.264614799,453,16,12,7,35,508,3,0,1,4,488,512,451,18,395,8
26,1000,70,5.13,10.3,18,37,83,958,27,9,6,42,7.277660911,375,456,287.2705539,170.2796694,9.436906413,5.127035152,460,24,9,6,39,498,3,0,0,3,499,501,433,23,362,13
31,1000,70,5.13,10.3,18,37,73,947,28,17,8,53,7.776704694,314,423,137.5407653,81.80083737,9.619089384,6.041643383,443,21,14,7,42,504,7,3,1,11,485,515,393,30,303,11
30,1000,70,5.13,10.3,18,37,77,963,16,12,9,37,7.030455241,356,453,406.427352,268.7434649,8.672298511,5.520967857,447,14,10,8,32,516,2,2,1,5,479,521,429,24,348,8
28,1000,70,5.13,10.3,18,37,76,956,20,16,8,44,7.745654403,333,424,225.3799908,126.4797877,9.717909031,5.843145518,457,16,11,7,34,499,4,5,1,10,491,509,411,13,325,8
27,1000,70,5.13,10.3,18,37,81,946,41,10,3,54,7.469206972,360,451,230.6210136,135.9562595,9.838761415,5.127917592,455,29,10,3,42,491,12,0,0,12,497,503,426,25,351,9
29,1000,70,5.13,10.3,18,37,77,962,23,12,3,38,7.478883236,361,446,235.7208273,134.2759199,9.606911923,5.417879074,460,18,11,3,32,502,5,1,0,6,492,508,431,15,350,11
32,1000,70,5.13,10.3,18,37,34,956,24,12,8,44,7.593428993,148,239,24.964071,14.36752964,7.749746228,7.438976378,470,13,10,4,27,486,11,2,4,17,497,503,202,37,129,19
25,1000,70,5.13,10.3,18,37,85,960,20,12,8,40,7.301376788,395,461,441.0660922,249.7527194,9.56828724,5.140727763,453,16,12,7,35,507,4,0,1,5,488,512,443,18,384,11
26,1000,70,5.13,10.3,18,37,84,956,29,8,7,44,7.268420694,380,462,304.4216903,181.3125475,9.501420839,5.044334722,458,26,8,7,41,498,3,0,0,3,499,501,441,21,370,10
31,1000,70,5.13,10.3,18,37,74,947,28,18,7,53,7.754397559,321,439,145.7444369,86.30964694,9.66219804,5.957731088,443,20,15,7,42,504,8,3,0,11,485,515,417,22,307,14
30,1000,70,5.13,10.3,18,37,78,964,15,12,9,36,6.979181039,381,448,448.0472973,293.6846386,8.698835141,5.398155483,447,14,10,8,32,517,1,2,1,4,479,521,433,15,369,12
27,1000,70,5.13,10.3,18,37,82,946,40,11,3,54,7.445348278,347,450,246.3927671,144.6024088,9.850251847,5.069131431,455,29,10,3,42,491,11,1,0,12,497,503,430,20,339,8
28,1000,70,5.13,10.3,18,37,77,956,20,16,8,44,7.735265535,346,447,249.9527617,138.7700627,9.737671455,5.803671613,457,16,11,7,34,499,4,5,1,10,491,509,415,32,336,10
29,1000,70,5.13,10.3,18,37,78,962,23,12,3,38,7.449464148,362,456,248.0034312,141.5157759,9.639049201,5.328842404,460,18,11,3,32,502,5,1,0,6,492,508,431,25,353,9
32,1000,70,5.13,10.3,18,37,35,958,22,12,8,42,7.537949886,163,237,25.67719022,14.81384027,7.748210659,7.330197193,470,13,10,4,27,488,9,2,4,15,497,503,189,48,144,19
25,1000,70,5.13,10.3,18,37,86,960,20,12,8,40,7.260985104,407,474,464.7172976,263.1824503,9.607892285,5.024089198,453,16,12,7,35,507,4,0,1,5,488,512,456,18,388,19
26,1000,70,5.13,10.3,18,37,85,956,29,8,7,44,7.223223249,392,445,319.5146872,190.260968,9.54077453,4.91492367,457,27,8,7,42,499,2,0,0,2,499,501,427,18,381,11
31,1000,70,5.13,10.3,18,37,75,947,28,17,8,53,7.764010869,324,427,155.5465561,92.42169653,9.703694926,5.937318117,443,20,14,8,42,504,8,3,0,11,485,515,402,25,309,15
30,1000,70,5.13,10.3,18,37,79,965,14,12,9,35,6.968225236,380,463,487.4171096,320.1056665,8.754407724,5.326034426,447,14,10,8,32,518,0,2,1,3,479,521,442,21,368,12
27,1000,70,5.13,10.3,18,37,83,947,40,10,3,53,7.449499658,345,427,266.511355,156.1881388,9.915933421,5.012486577,456,29,9,3,41,491,11,1,0,12,497,503,407,20,339,6
28,1000,70,5.13,10.3,18,37,78,957,19,16,8,43,7.70165837,351,416,278.4428976,153.1507807,9.820074557,5.658156705,457,15,12,7,34,500,4,4,1,9,491,509,396,20,336,15
29,1000,70,5.13,10.3,18,37,79,960,25,11,4,40,7.443308439,368,462,263.3062641,150.1735807,9.727730352,5.230836823,458,20,10,4,34,502,5,1,0,6,492,508,445,17,359,9
25,1000,70,5.13,10.3,18,37,87,960,19,13,8,40,7.244725702,407,479,503.4256757,285.1471208,9.678155693,4.925362741,452,16,13,7,36,508,3,0,1,4,488,512,455,24,398,9
26,1000,70,5.13,10.3,18,37,86,956,29,8,7,44,7.208377363,376,443,331.9979968,198.3000526,9.57706737,4.849143204,457,27,8,7,42,499,2,0,0,2,499,501,428,15,364,12
32,1000,70,5.13,10.3,18,37,36,958,21,13,8,42,7.560692545,156,245,26.44603009,15.3029035,7.810315822,7.314046881,470,12,11,4,27,488,9,2,4,15,497,503,201,44,137,19
31,1000,70,5.13,10.3,18,37,76,948,27,17,8,52,7.752590625,339,430,166.9813781,99.14227655,9.743343686,5.877803762,443,20,14,8,42,505,7,3,0,10,485,515,409,21,325,14
30,1000,70,5.13,10.3,18,37,80,965,14,12,9,35,6.925364177,375,456,538.1274181,340.9797308,8.78240934,5.218023231,447,14,10,8,32,518,0,2,1,3,479,521,438,18,366,9
27,1000,70,5.13,10.3,18,37,84,946,41,9,4,54,7.46458655,361,447,279.655058,163.1840506,9.946171677,5.012602837,455,30,8,4,42,491,11,1,0,12,497,503,425,22,351,10
28,1000,70,5.13,10.3,18,37,79,957,19,15,9,43,7.688083082,362,444,322.5971,176.1835964,9.862106882,5.590940281,456,15,12,8,35,501,4,3,1,8,491,509,423,21,354,8
29,1000,70,5.13,10.3,18,37,80,962,23,11,4,38,7.418088853,374,468,281.2559176,160.505563,9.776061618,5.134382948,459,19,10,4,33,503,4,1,0,5,492,508,451,17,369,5
25,1000,70,5.13,10.3,18,37,88,959,20,13,8,41,7.219134304,405,475,532.8349715,302.3642338,9.692366062,4.861835284,451,17,13,7,37,508,3,0,1,4,488,512,454,21,392,13
26,1000,70,5.13,10.3,18,37,87,956,29,8,7,44,7.171524284,381,465,354.8813205,210.7878318,9.594640115,4.758081571,457,27,8,7,42,499,2,0,0,2,499,501,442,23,370,11
31,1000,70,5.13,10.3,18,37,77,947,28,17,8,53,7.764739706,346,440,178.138974,106.0397275,9.776465078,5.87020222,443,20,14,8,42,504,8,3,0,11,485,515,414,26,331,15
32,1000,70,5.13,10.3,18,37,37,957,22,13,8,43,7.55156724,168,262,27.17478213,15.76160604,7.852063085,7.254655838,469,13,11,4,28,488,9,2,4,15,497,503,212,50,148,20
30,1000,70,5.13,10.3,18,37,81,964,15,12,9,36,6.921917934,371,460,597.5802248,378.6789959,8.825759222,5.171553295,447,14,10,8,32,517,1,2,1,4,479,521,443,17,360,11
27,1000,70,5.13,10.3,18,37,85,947,40,9,4,53,7.405589405,361,438,292.8471552,170.0498868,9.964934579,4.876773199,455,30,8,4,42,492,10,1,0,11,497,503,423,15,351,10
28,1000,70,5.13,10.3,18,37,80,957,19,15,9,43,7.685186889,346,435,368.5305022,197.8632351,9.881283106,5.566752227,456,15,12,8,35,501,4,3,1,8,491,509,414,21,340,6
29,1000,70,5.13,10.3,18,37,81,963,22,11,4,37,7.414077246,381,462,297.7626721,170.6594603,9.803546883,5.099866495,459,19,10,4,33,504,3,1,0,4,492,508,443,19,372,9
25,1000,70,5.13,10.3,18,37,89,959,20,13,8,41,7.224516806,413,477,567.120445,322.0915886,9.759470425,4.808389138,451,17,13,7,37,508,3,0,1,4,488,512,462,15,406,7
26,1000,70,5.13,10.3,18,37,88,956,29,8,7,44,7.184749561,385,454,380.5026023,225.4124338,9.615840875,4.763363203,457,27,8,7,42,499,2,0,0,2,499,501,437,17,379,6
31,1000,70,5.13,10.3,18,37,78,948,27,17,8,52,7.742558415,343,428,188.6243635,112.8796791,9.814737975,5.791088343,443,20,14,8,42,505,7,3,0,10,485,515,411,17,336,7
32,1000,70,5.13,10.3,18,37,38,958,21,13,8,42,7.547983168,158,264,28.02443492,16.26245319,7.904172241,7.19604287,469,13,11,4,28,489,8,2,4,14,497,503,217,47,143,15
30,1000,70,5.13,10.3,18,37,82,964,15,11,10,36,6.918404078,382,468,657.4959075,417.8833226,8.877360428,5.117367435,447,14,10,8,32,517,1,1,2,4,479,521,446,22,379,3
27,1000,70,5.13,10.3,18,37,86,946,41,9,4,54,7.40904288,378,433,308.1995672,177.7443959,10.01999103,4.829239242,454,31,8,4,43,492,10,1,0,11,497,503,420,13,362,16
29,1000,70,5.13,10.3,18,37,82,963,22,11,4,37,7.398389443,381,470,312.7496232,179.1279571,9.840676722,5.033024597,459,19,10,4,33,504,3,1,0,4,492,508,447,23,373,8
28,1000,70,5.13,10.3,18,37,81,957,19,15,9,43,7.627358658,357,434,430.0628107,226.2486263,9.912480801,5.423046335,456,15,12,8,35,501,4,3,1,8,491,509,418,16,349,8
25,1000,70,5.13,10.3,18,37,90,959,20,13,8,41,7.207899404,415,483,609.8749996,345.1359643,9.760849656,4.774618696,451,17,13,7,37,508,3,0,1,4,488,512,463,20,405,10
26,1000,70,5.13,10.3,18,37,89,955,30,8,7,45,7.187000986,379,459,406.2569161,239.3007318,9.661099586,4.722779026,456,28,8,7,43,499,2,0,0,2,499,501,441,18,371,8
31,1000,70,5.13,10.3,18,37,79,948,27,16,9,52,7.717678638,339,450,198.1360828,118.3367573,9.881661801,5.679752746,443,19,14,9,42,505,8,2,0,10,485,515,424,26,330,9
30,1000,70,5.13,10.3,18,37,83,965,15,10,10,35,6.920424011,384,466,711.2034024,442.4207406,8.915628208,5.08606161,447,14,10,8,32,518,1,0,2,3,479,521,446,20,368,16
27,1000,70,5.13,10.3,18,37,87,946,41,9,4,54,7.419550373,370,448,320.1580757,183.8431982,10.06351298,4.807126082,453,32,8,4,44,493,9,1,0,10,497,503,429,19,364,6
32,1000,70,5.13,10.3,18,37,39,960,21,11,8,40,7.503543161,146,274,28.85158491,16.76754916,7.890782348,7.12092313,469,13,11,4,28,491,8,0,4,12,497,503,236,38,130,16
29,1000,70,5.13,10.3,18,37,83,964,21,11,4,36,7.362308872,385,474,332.2572434,190.5630806,9.871845563,4.931812707,460,18,10,4,32,504,3,1,0,4,492,508,454,20,376,9
28,1000,70,5.13,10.3,18,37,82,957,19,13,11,43,7.642159906,355,441,489.6545993,253.1162064,9.980057606,5.386938353,456,15,11,9,35,501,4,2,2,8,491,509,424,17,346,9
25,1000,70,5.13,10.3,18,37,91,959,20,13,8,41,7.216850673,420,479,649.4384179,367.2610858,9.826538466,4.729491995,451,17,13,7,37,508,3,0,1,4,488,512,460,19,412,8
26,1000,70,5.13,10.3,18,37,90,955,30,8,7,45,7.154986564,387,462,441.3063504,257.3977149,9.711826579,4.608353494,455,29,8,7,44,500,1,0,0,1,499,501,448,14,381,6
31,1000,70,5.13,10.3,18,37,80,946,29,16,9,54,7.726788979,354,452,211.457107,126.0331818,9.929937034,5.651979646,442,20,14,9,43,504,9,2,0,11,485,515,436,16,346,8
30,1000,70,5.13,10.3,18,37,84,964,16,10,10,36,6.895973285,390,477,803.4810794,498.2761884,9.008113385,4.954101676,446,15,10,8,33,518,1,0,2,3,479,521,456,21,381,9
27,1000,70,5.13,10.3,18,37,88,948,39,9,4,52,7.395737036,387,459,342.3949994,195.3690767,10.09549212,4.728185787,454,31,8,4,43,494,8,1,0,9,497,503,439,20,378,9
29,1000,70,5.13,10.3,18,37,84,964,21,11,4,36,7.370799435,391,465,354.2643064,203.594363,9.979101975,4.844648157,460,18,10,4,32,504,3,1,0,4,492,508,449,16,383,8
28,1000,70,5.13,10.3,18,37,83,956,20,13,11,44,7.639418941,360,433,564.9944737,290.7119248,9.999742845,5.362564252,455,16,11,9,36,501,4,2,2,8,491,509,417,16,351,9
32,1000,70,5.13,10.3,18,37,40,960,21,11,8,40,7.509761295,168,264,30.01967422,17.45946413,7.941314541,7.0833558,468,14,11,4,29,492,7,0,4,11,497,503,222,42,155,13
25,1000,70,5.13,10.3,18,37,92,958,21,13,8,42,7.213922562,424,482,687.8721172,389.3990358,9.884674159,4.668362446,450,18,13,7,38,508,3,0,1,4,488,512,468,14,409,15
26,1000,70,5.13,10.3,18,37,91,956,28,9,7,44,7.144794344,409,459,486.524305,281.3635946,9.754430178,4.545576217,455,28,9,7,44,501,0,0,0,0,499,501,446,13,399,10
31,1000,70,5.13,10.3,18,37,81,947,29,15,9,53,7.694644982,369,448,224.172249,133.4985737,9.969872929,5.551954586,442,20,14,9,43,505,9,1,0,10,485,515,430,18,358,11
30,1000,70,5.13,10.3,18,37,85,964,16,10,10,36,6.903721934,386,468,874.8269201,530.5464543,9.055032468,4.925837585,446,15,10,8,33,518,1,0,2,3,479,521,451,17,381,5
27,1000,70,5.13,10.3,18,37,89,947,38,9,6,53,7.409965434,370,458,362.0781748,205.0148055,10.16092881,4.691816729,453,31,8,5,44,494,7,1,1,9,497,503,440,18,361,9
29,1000,70,5.13,10.3,18,37,85,963,21,12,4,37,7.369294974,404,482,372.8088152,214.5130269,10.05800009,4.765273487,459,18,11,4,33,504,3,1,0,4,492,508,454,28,393,11
28,1000,70,5.13,10.3,18,37,84,954,22,13,11,46,7.621120902,373,447,640.3406911,327.3306657,10.03896746,5.288777756,454,17,11,9,37,500,5,2,2,9,491,509,429,18,362,11
32,1000,70,5.13,10.3,18,37,41,958,23,11,8,42,7.557069533,169,285,31.13830502,18.12845625,8.02645545,7.093282653,467,15,11,4,30,491,8,0,4,12,497,503,246,39,147,22
25,1000,70,5.13,10.3,18,37,93,956,23,13,8,44,7.214932344,431,497,732.9584611,415.8596513,9.929779931,4.627343237,448,20,13,7,40,508,3,0,1,4,488,512,474,23,419,12
26,1000,70,5.13,10.3,18,37,92,956,28,9,7,44,7.149071645,393,461,522.6927034,301.9189714,9.788832749,4.519848508,455,28,9,7,44,501,0,0,0,0,499,501,444,17,382,11
31,1000,70,5.13,10.3,18,37,82,948,28,15,9,52,7.67193559,358,449,245.8823662,145.7378763,10.02769068,5.453408952,442,20,14,9,43,506,8,1,0,9,485,515,431,18,352,6
30,1000,70,5.13,10.3,18,37,86,962,18,10,10,38,6.873946709,413,474,985.3887707,596.8088798,9.083889281,4.842156897,445,16,10,8,34,517,2,0,2,4,479,521,457,17,403,10
27,1000,70,5.13,10.3,18,37,90,946,38,9,7,54,7.433429877,383,464,374.6490686,211.5663358,10.23612612,4.664165394,452,31,8,6,45,494,7,1,1,9,497,503,446,18,371,12
29,1000,70,5.13,10.3,18,37,86,963,20,13,4,37,7.351612082,399,477,392.0795974,225.5214691,10.09835842,4.691377437,459,17,12,4,33,504,3,1,0,4,492,508,461,16,390,9
28,1000,70,5.13,10.3,18,37,85,954,22,13,11,46,7.613062211,384,462,767.78541,386.8248501,10.1328853,5.182348778,454,17,11,9,37,500,5,2,2,9,491,509,441,21,373,11
25,1000,70,5.13,10.3,18,37,94,955,24,13,8,45,7.177375439,424,487,781.9871514,445.848694,9.961140408,4.524099454,447,21,13,7,41,508,3,0,1,4,488,512,464,23,415,9
26,1000,70,5.13,10.3,18,37,93,955,29,9,7,45,7.138975836,396,472,547.434747,314.3589693,9.831047576,4.45765089,454,29,9,7,45,501,0,0,0,0,499,501,455,17,387,9
32,1000,70,5.13,10.3,18,37,42,958,23,11,8,42,7.566628442,166,272,32.37505418,18.8305988,8.064362958,7.074831118,467,15,11,4,30,491,8,0,4,12,497,503,231,41,155,11
31,1000,70,5.13,10.3,18,37,83,949,27,15,9,51,7.666955019,367,452,262.1556591,155.3617107,10.08857154,5.386403537,442,20,14,9,43,507,7,1,0,8,485,515,439,13,360,7
30,1000,70,5.13,10.3,18,37,87,962,18,10,10,38,6.841228371,414,484,1096.313209,650.0634339,9.111331079,4.754128184,445,16,10,8,34,517,2,0,2,4,479,521,468,16,403,11
27,1000,70,5.13,10.3,18,37,91,944,39,9,8,56,7.457017555,401,456,396.9904023,222.8061003,10.29771906,4.650201153,450,32,8,7,47,494,7,1,1,9,497,503,439,17,391,10
29,1000,70,5.13,10.3,18,37,87,963,20,13,4,37,7.342994221,402,467,418.9832873,241.2645454,10.11097182,4.662197014,459,17,12,4,33,504,3,1,0,4,492,508,457,10,389,13
28,1000,70,5.13,10.3,18,37,86,954,22,13,11,46,7.609507176,365,471,980.8576286,498.3105422,10.14892624,5.159890751,454,17,11,9,37,500,5,2,2,9,491,509,446,25,357,8
25,1000,70,5.13,10.3,18,37,95,953,26,13,8,47,7.161219876,418,498,823.7959506,472.4771248,10.00589444,4.449889428,446,22,13,7,42,507,4,0,1,5,488,512,478,20,412,6
26,1000,70,5.13,10.3,18,37,94,955,29,9,7,45,7.107394745,409,482,569.8236319,325.0079694,9.831189151,4.39447377,454,29,9,7,45,501,0,0,0,0,499,501,457,25,398,11
32,1000,70,5.13,10.3,18,37,43,959,21,12,8,41,7.539022459,165,281,33.76192557,19.60580274,8.086327513,6.998245894,467,14,12,4,30,492,7,0,4,11,497,503,245,36,150,15
31,1000,70,5.13,10.3,18,37,84,949,27,15,9,51,7.669370966,380,454,282.3290416,166.7225957,10.13612836,5.346308181,442,20,14,9,43,507,7,1,0,8,485,515,436,18,367,13
30,1000,70,5.13,10.3,18,37,88,962,18,10,10,38,6.802637013,400,471,1255.822825,744.6476171,9.135253601,4.658062453,445,16,10,8,34,517,2,0,2,4,479,521,457,14,391,9
27,1000,70,5.13,10.3,18,37,92,945,36,11,8,55,7.439786199,392,459,414.8983937,232.2588795,10.34268748,4.571511974,450,30,10,7,47,495,6,1,1,8,497,503,444,15,380,12
29,1000,70,5.13,10.3,18,37,88,962,21,13,4,38,7.330173625,419,478,442.298822,254.9908173,10.19641177,4.5542107,458,18,12,4,34,504,3,1,0,4,492,508,463,15,410,9
28,1000,70,5.13,10.3,18,37,87,955,20,14,11,45,7.562096187,379,466,1444.773124,716.6903672,10.15566509,5.060244851,454,17,11,9,37,501,3,3,2,8,491,509,448,18,367,12
25,1000,70,5.13,10.3,18,37,96,951,28,13,8,49,7.176849319,432,485,882.4384987,507.4702286,10.07264082,4.416798042,444,24,13,7,44,507,4,0,1,5,488,512,471,14,424,8
26,1000,70,5.13,10.3,18,37,95,955,29,9,7,45,7.101231388,410,482,596.7528324,341.3961137,9.885792411,4.327786376,454,29,9,7,45,501,0,0,0,0,499,501,459,23,403,7
31,1000,70,5.13,10.3,18,37,85,948,28,15,9,52,7.672851522,370,454,305.6679394,181.5936144,10.16516287,5.325723361,441,21,14,9,44,507,7,1,0,8,485,515,439,15,359,11
32,1000,70,5.13,10.3,18,37,44,959,21,13,7,41,7.516387858,171,287,35.13889759,20.40259158,8.109703101,6.930149934,466,14,13,4,31,493,7,0,3,10,497,503,246,41,153,18
30,1000,70,5.13,10.3,18,37,89,961,19,10,10,39,6.795101143,405,484,1446.574122,857.3750661,9.172768396,4.609107641,444,17,10,8,35,517,2,0,2,4,479,521,467,17,396,9
27,1000,70,5.13,10.3,18,37,93,946,35,11,8,54,7.470317402,397,450,450.2505159,250.9454048,10.40085403,4.574737478,450,30,10,7,47,496,5,1,1,7,497,503,437,13,388,9
29,1000,70,5.13,10.3,18,37,89,962,20,14,4,38,7.340289203,426,473,475.0487675,274.8398969,10.28827438,4.485153955,458,17,13,4,34,504,3,1,0,4,492,508,455,18,411,15
28,1000,70,5.13,10.3,18,37,88,957,20,12,11,43,7.501995015,387,466,2038.068804,1006.754228,10.19532339,4.903912041,454,17,11,9,37,503,3,1,2,6,491,509,449,17,376,11
25,1000,70,5.13,10.3,18,37,97,951,28,13,8,49,7.182768296,434,490,954.9730224,548.5426271,10.12601072,4.377490364,444,24,13,7,44,507,4,0,1,5,488,512,475,15,428,6
26,1000,70,5.13,10.3,18,37,96,955,28,10,7,45,7.086144626,409,467,634.5271749,362.5368338,9.930969951,4.25267589,454,28,10,7,45,501,0,0,0,0,499,501,452,15,403,6
31,1000,70,5.13,10.3,18,37,86,947,29,15,9,53,7.687446618,379,460,332.9699533,198.652165,10.25034866,5.273839842,440,22,14,9,45,507,7,1,0,8,485,515,437,23,370,9
30,1000,70,5.13,10.3,18,37,90,960,20,9,11,40,6.761666928,414,478,1674.560227,991.3671818,9.190255345,4.528857231,444,17,9,9,35,516,3,0,2,5,479,521,463,15,405,9
27,1000,70,5.13,10.3,18,37,94,947,35,11,7,53,7.504093519,388,469,480.2661835,266.9799087,10.51023678,4.533808826,450,30,10,7,47,497,5,1,0,6,497,503,449,20,381,7
32,1000,70,5.13,10.3,18,37,45,959,20,14,7,41,7.514594191,184,275,35.97309688,20.8685349,8.162738243,6.874181481,466,13,14,4,31,493,7,0,3,10,497,503,237,38,161,23
29,1000,70,5.13,10.3,18,37,90,962,20,14,4,38,7.299651188,411,495,510.8266736,295.3756612,10.29733489,4.396382718,458,17,13,4,34,504,3,1,0,4,492,508,475,20,403,8
28,1000,70,5.13,10.3,18,37,89,956,21,12,11,44,7.502018699,393,473,2924.866355,1424.601336,10.24714649,4.853968115,453,18,11,9,38,503,3,1,2,6,491,509,458,15,377,16
25,1000,70,5.13,10.3,18,37,98,950,29,14,7,50,7.201690207,438,500,1024.756122,588.1604472,10.14661661,4.394807226,444,24,13,7,44,506,5,1,0,6,488,512,479,21,430,8
26,1000,70,5.13,10.3,18,37,97,955,28,10,7,45,7.072499652,418,482,685.4935704,386.8933677,9.927463074,4.228933288,454,28,10,7,45,501,0,0,0,0,499,501,462,20,413,5
31,1000,70,5.13,10.3,18,37,87,949,27,15,9,51,7.649190813,390,472,360.8878367,215.3889719,10.29618393,5.15639147,440,22,14,9,45,509,5,1,0,6,485,515,444,28,381,9
30,1000,70,5.13,10.3,18,37,91,962,17,10,11,38,6.735219044,415,493,1997.518495,1157.286971,9.251836804,4.421476419,444,16,10,9,35,518,1,0,2,3,479,521,474,19,406,9
27,1000,70,5.13,10.3,18,37,95,947,35,11,7,53,7.470331185,424,461,515.557554,285.0360686,10.51023678,4.46668689,450,30,10,7,47,497,5,1,0,6,497,503,450,11,408,16
32,1000,70,5.13,10.3,18,37,46,960,18,14,8,40,7.58525513,190,299,37.16444151,21.56946983,8.277852098,6.900919757,466,12,14,5,31,494,6,0,3,9,497,503,256,43,176,14
29,1000,70,5.13,10.3,18,37,91,962,20,14,4,38,7.309761889,430,485,546.3883246,316.3889036,10.3374588,4.377425512,458,17,13,4,34,504,3,1,0,4,492,508,471,14,422,8
28,1000,70,5.13,10.3,18,37,90,956,21,12,11,44,7.455251747,399,463,3869.189475,1825.505158,10.27576566,4.734480961,453,18,11,9,38,503,3,1,2,6,491,509,450,13,388,11
26,1000,70,5.13,10.3,18,37,98,954,28,11,7,46,7.078616194,409,474,750.7733983,417.4100049,9.983180129,4.185647324,453,28,11,7,46,501,0,0,0,0,499,501,450,24,402,7
25,1000,70,5.13,10.3,18,37,99,950,29,14,7,50,7.205238683,445,501,1107.405039,632.480863,10.21544785,4.33613307,444,24,13,7,44,506,5,1,0,6,488,512,480,21,436,9
31,1000,70,5.13,10.3,18,37,88,950,26,15,9,50,7.615996058,373,475,388.460347,232.2911656,10.31565604,5.073597822,440,22,14,9,45,510,4,1,0,5,485,515,456,19,372,1
27,1000,70,5.13,10.3,18,37,96,947,35,11,7,53,7.498323022,400,479,544.9009006,300.8860724,10.57804551,4.455336782,450,30,10,7,47,497,5,1,0,6,497,503,458,21,386,14
30,1000,70,5.13,10.3,18,37,92,959,19,11,11,41,6.742916666,411,476,2327.523769,1353.210849,9.333242412,4.361407966,441,18,11,9,38,518,1,0,2,3,479,521,467,9,405,6
29,1000,70,5.13,10.3,18,37,92,962,20,14,4,38,7.314584485,429,486,597.6101889,348.5392537,10.37456638,4.350979974,458,17,13,4,34,504,3,1,0,4,492,508,468,18,419,10
26,1000,70,5.13,10.3,18,37,99,954,28,11,7,46,7.091778858,411,485,820.0049345,454.2252069,10.00360832,4.191573464,453,28,11,7,46,501,0,0,0,0,499,501,469,16,402,9
25,1000,70,5.13,10.3,18,37,100,950,28,15,7,50,7.212156427,438,487,1180.77456,672.6221303,10.25980113,4.307370073,444,23,14,7,44,506,5,1,0,6,488,512,477,10,429,9
28,1000,70,5.13,10.3,18,37,91,956,21,12,11,44,7.440663601,401,460,4412.879909,2028.447442,10.31527389,4.667709476,453,18,11,9,38,503,3,1,2,6,491,509,447,13,391,10
32,1000,70,5.13,10.3,18,37,47,958,21,14,7,42,7.592032653,188,300,38.38006331,22.39265116,8.341039232,6.851960546,465,13,14,5,32,493,8,0,2,10,497,503,267,33,170,18
31,1000,70,5.13,10.3,18,37,89,950,26,15,9,50,7.620882859,393,478,409.3043837,246.3419501,10.35028367,5.050476267,440,22,14,9,45,510,4,1,0,5,485,515,462,16,386,7
27,1000,70,5.13,10.3,18,37,97,947,34,12,7,53,7.458833361,416,464,580.2164217,320.117831,10.61379754,4.341502946,450,29,11,7,47,497,5,1,0,6,497,503,452,12,405,11
30,1000,70,5.13,10.3,18,37,93,959,19,11,11,41,6.744776222,424,487,2573.817027,1461.562894,9.359207625,4.341105125,441,18,11,9,38,518,1,0,2,3,479,521,478,9,417,7
26,1000,70,5.13,10.3,18,37,100,954,28,10,8,46,7.074578454,425,475,902.6740084,498.5713515,10.04558729,4.115429935,453,28,10,8,46,501,0,0,0,0,499,501,460,15,416,9
29,1000,70,5.13,10.3,18,37,93,962,20,14,4,38,7.309545732,422,493,662.948553,390.7593579,10.41886625,4.298156573,458,17,13,4,34,504,3,1,0,4,492,508,476,17,420,2
25,1000,70,5.13,10.3,18,37,101,947,31,15,7,53,7.236983062,434,490,1270.358133,723.57749,10.31783144,4.300549451,442,25,14,7,46,505,6,1,0,7,488,512,478,12,431,3
28,1000,70,5.13,10.3,18,37,92,956,21,12,11,44,7.427620027,413,462,5486.851374,2383.016691,10.36788156,4.59133631,453,18,11,9,38,503,3,1,2,6,491,509,447,15,402,11
32,1000,70,5.13,10.3,18,37,48,959,21,13,7,41,7.610076443,183,302,39.43590076,23.00306163,8.370625717,6.858599327,466,13,13,5,31,493,8,0,2,10,497,503,259,43,173,10
31,1000,70,5.13,10.3,18,37,90,950,26,15,9,50,7.621087382,398,469,436.5271929,265.793192,10.40371888,5.000550922,440,22,14,9,45,510,4,1,0,5,485,515,451,18,386,12
27,1000,70,5.13,10.3,18,37,98,948,33,12,7,52,7.423217787,410,465,617.6745079,341.2472106,10.65762153,4.227395397,450,29,11,7,47,498,4,1,0,5,497,503,453,12,403,7
30,1000,70,5.13,10.3,18,37,94,959,18,12,11,41,6.740941037,432,484,2836.81889,1598.837532,9.418413068,4.27931128,441,17,12,9,38,518,1,0,2,3,479,521,474,10,424,8
26,1000,70,5.13,10.3,18,37,101,953,28,11,8,47,7.075842831,421,480,949.7594846,525.6618529,10.08293807,4.080751966,452,28,11,8,47,501,0,0,0,0,499,501,461,19,413,8
25,1000,70,5.13,10.3,18,37,102,946,32,15,7,54,7.242651801,434,491,1332.493187,757.8132747,10.41021711,4.223566113,441,26,14,7,47,505,6,1,0,7,488,512,479,12,427,7
29,1000,70,5.13,10.3,18,37,94,961,21,14,4,39,7.319488286,422,480,744.2871999,442.7245768,10.4478229,4.289683896,457,18,13,4,35,504,3,1,0,4,492,508,471,9,416,6
28,1000,70,5.13,10.3,18,37,93,956,22,11,11,44,7.400221671,413,476,7786.534452,3159.933423,10.39473199,4.511607595,453,19,10,9,38,503,3,1,2,6,491,509,460,16,404,9
32,1000,70,5.13,10.3,18,37,49,957,23,13,7,43,7.643847093,201,295,40.8820395,23.78548653,8.424388532,6.872616287,465,14,13,5,32,492,9,0,2,11,497,503,260,35,183,18
31,1000,70,5.13,10.3,18,37,91,949,26,16,9,51,7.622283385,400,478,469.8847128,284.3849941,10.46301263,4.94703351,439,22,15,9,46,510,4,1,0,5,485,515,466,12,392,8
27,1000,70,5.13,10.3,18,37,99,946,35,12,7,54,7.469361306,400,466,652.2552749,361.4898469,10.76012344,4.217852794,448,31,11,7,49,498,4,1,0,5,497,503,452,14,395,5
30,1000,70,5.13,10.3,18,37,95,959,18,12,11,41,6.724873854,414,501,3119.423249,1722.155275,9.460973221,4.209342958,441,17,12,9,38,518,1,0,2,3,479,521,484,17,407,7
26,1000,70,5.13,10.3,18,37,102,951,30,11,8,49,7.057846558,424,482,995.601729,550.8324708,10.11784705,4.010061635,450,30,11,8,49,501,0,0,0,0,499,501,467,15,418,6
25,1000,70,5.13,10.3,18,37,103,946,32,15,7,54,7.273340003,449,503,1405.349326,798.3056237,10.4649261,4.231359501,441,26,14,7,47,505,6,1,0,7,488,512,486,17,439,10
29,1000,70,5.13,10.3,18,37,95,960,21,14,5,40,7.324195644,432,485,793.4060991,471.0273604,10.51758046,4.231389878,456,18,13,5,36,504,3,1,0,4,492,508,472,13,425,7
28,1000,70,5.13,10.3,18,37,94,957,21,12,10,43,7.37088302,418,471,12602.81907,4587.047434,10.43464309,4.415468104,453,18,11,9,38,504,3,1,1,5,491,509,458,13,408,10
31,1000,70,5.13,10.3,18,37,92,949,26,15,10,51,7.600448637,416,470,504.1555595,303.4917304,10.50605022,4.864105402,439,22,14,10,46,510,4,1,0,5,485,515,458,12,407,9
32,1000,70,5.13,10.3,18,37,50,957,23,13,7,43,7.624841104,215,308,42.41687961,24.59667293,8.456938815,6.802669011,465,14,13,5,32,492,9,0,2,11,497,503,290,18,202,13
27,1000,70,5.13,10.3,18,37,100,945,36,12,7,55,7.465861911,412,473,690.1543123,381.8641188,10.78800635,4.183345438,447,32,11,7,50,498,4,1,0,5,497,503,460,13,401,11
30,1000,70,5.13,10.3,18,37,96,959,18,12,11,41,6.695355422,440,504,3438.267536,1863.8142,9.498800303,4.117908017,441,17,12,9,38,518,1,0,2,3,479,521,489,15,426,14
26,1000,70,5.13,10.3,18,37,103,950,31,11,8,50,7.044924853,424,481,1070.797811,596.2718053,10.15508576,3.947179754,449,31,11,8,50,501,0,0,0,0,499,501,467,14,414,10
25,1000,70,5.13,10.3,18,37,104,946,32,15,7,54,7.274198294,458,500,1493.425724,846.8463669,10.53795221,4.163432839,441,26,14,7,47,505,6,1,0,7,488,512,485,15,448,10
33,1000,70,5.13,10.3,18,37,0,932,36,22,10,68,7.111,88,168,17.5597781,9.084589447,6.043824701,8.186746988,476,18,7,1,26,456,18,15,9,42,502,498,93,75,62,26
29,1000,70,5.13,10.3,18,37,96,960,21,14,5,40,7.332053191,439,493,857.5414941,508.8813378,10.58985517,4.176859146,456,18,13,5,36,504,3,1,0,4,492,508,475,18,428,11
28,1000,70,5.13,10.3,18,37,95,957,21,12,10,43,7.37400866,410,481,19486.2565,6315.177763,10.49395864,4.364390897,453,18,11,9,38,504,3,1,1,5,491,509,466,15,406,4
31,1000,70,5.13,10.3,18,37,93,949,26,15,10,51,7.571306782,414,466,546.5399845,325.9337219,10.51802669,4.79624046,439,22,14,10,46,510,4,1,0,5,485,515,453,13,407,7
27,1000,70,5.13,10.3,18,37,101,945,36,12,7,55,7.427359202,414,473,737.5463382,407.2723982,10.78800635,4.106799297,447,32,11,7,50,498,4,1,0,5,497,503,459,14,406,8
30,1000,70,5.13,10.3,18,37,97,958,18,12,12,42,6.716120048,444,491,3749.015642,1998.569948,9.583461833,4.079926737,440,17,12,10,39,518,1,0,2,3,479,521,483,8,435,9
32,1000,70,5.13,10.3,18,37,51,957,23,13,7,43,7.637125562,191,331,44.12481046,25.47639106,8.522500178,6.762312075,465,14,13,5,32,492,9,0,2,11,497,503,296,35,179,12
26,1000,70,5.13,10.3,18,37,104,950,31,10,9,50,7.011674618,431,487,1167.319951,645.4650701,10.18400737,3.85200587,449,31,10,9,50,501,0,0,0,0,499,501,464,23,423,8
34,1000,70,5.13,10.3,18,37,0,935,34,15,16,65,6.977,90,195,17.4276226,9.159606658,6.048355899,7.971014493,500,7,6,4,17,435,27,9,12,48,517,483,94,101,61,29
28,1000,70,5.13,10.3,18,37,96,957,20,13,10,43,7.357692074,405,489,25086.47151,7760.887604,10.52323435,4.304094323,453,17,12,9,38,504,3,1,1,5,491,509,477,12,399,6
29,1000,70,5.13,10.3,18,37,97,960,21,14,5,40,7.343314579,429,492,949.5073243,564.9151806,10.66155521,4.129585464,456,18,13,5,36,504,3,1,0,4,492,508,478,14,425,4
33,1000,70,5.13,10.3,18,37,1,932,36,22,10,68,7.159970414,87,179,17.58095732,9.132701401,6.103924132,8.224498995,476,18,7,1,26,456,18,15,9,42,502,498,102,77,61,26
31,1000,70,5.13,10.3,18,37,94,949,26,15,10,51,7.569833487,412,488,585.9378865,348.0509655,10.55316003,4.760292959,439,22,14,10,46,510,4,1,0,5,485,515,474,14,404,8
27,1000,70,5.13,10.3,18,37,102,942,39,12,7,58,7.446836497,422,481,771.007617,427.1223635,10.8797805,4.054842127,444,35,11,7,53,498,4,1,0,5,497,503,464,17,413,9
30,1000,70,5.13,10.3,18,37,98,960,16,13,11,40,6.676808421,435,507,4350.372003,2370.474316,9.590747008,3.997774673,441,15,13,10,38,519,1,0,1,2,479,521,493,14,428,7
32,1000,70,5.13,10.3,18,37,52,956,23,14,7,44,7.647211928,188,324,45.78416215,26.4257005,8.543196887,6.761914662,465,13,14,5,32,491,10,0,2,12,497,503,293,31,174,14
28,1000,70,5.13,10.3,18,37,97,956,21,13,10,44,7.336097574,419,483,32516.15335,9562.531209,10.56184441,4.224424297,452,18,12,9,39,504,3,1,1,5,491,509,467,16,409,10
29,1000,70,5.13,10.3,18,37,98,960,21,13,6,40,7.361005117,445,500,1065.718945,636.0759405,10.74373999,4.084813075,456,18,12,6,36,504,3,1,0,4,492,508,489,11,433,12
34,1000,70,5.13,10.3,18,37,1,934,35,15,16,66,7.037195682,91,194,17.49253243,9.234951837,6.098322447,8.042159372,500,7,6,4,17,434,28,9,12,49,517,483,107,87,59,32
33,1000,70,5.13,10.3,18,37,2,935,34,21,10,65,7.142113969,104,188,17.60964218,9.169265124,6.104746947,8.187813256,476,18,7,1,26,459,16,14,9,39,502,498,98,90,67,37
31,1000,70,5.13,10.3,18,37,95,948,27,14,11,52,7.550497012,418,485,624.9772694,369.8119949,10.57819356,4.699171142,438,22,14,11,47,510,5,0,0,5,485,515,466,19,410,8
27,1000,70,5.13,10.3,18,37,103,943,38,12,7,57,7.389382305,430,473,822.5195161,455.2707661,10.9014318,3.919226048,444,35,11,7,53,499,3,1,0,4,497,503,466,7,418,12
30,1000,70,5.13,10.3,18,37,99,959,18,11,12,41,6.664511307,435,504,4715.829821,2526.490697,9.659060225,3.911365566,440,17,11,11,39,519,1,0,1,2,479,521,486,18,427,8
28,1000,70,5.13,10.3,18,37,98,955,21,14,10,45,7.352189468,413,491,41791.33686,12571.54352,10.62230483,4.197716692,451,18,13,9,40,504,3,1,1,5,491,509,472,19,403,10
29,1000,70,5.13,10.3,18,37,99,960,21,13,6,40,7.339662915,453,498,1154.25169,692.3929916,10.79409678,3.994030118,455,19,12,6,37,505,2,1,0,3,492,508,476,22,447,6
34,1000,70,5.13,10.3,18,37,2,936,34,15,15,64,7.058538715,108,176,17.52413832,9.299943825,6.161243537,8.018997528,501,6,6,4,16,435,28,9,11,48,517,483,104,72,71,37
32,1000,70,5.13,10.3,18,37,53,957,21,15,7,43,7.702258352,228,346,47.8049291,27.62769378,8.633600968,6.782025191,464,14,14,5,33,493,7,1,2,10,497,503,309,37,211,17
33,1000,70,5.13,10.3,18,37,3,935,34,21,10,65,7.16366572,94,204,17.70771012,9.26658769,6.120966193,8.214740343,476,18,7,1,26,459,16,14,9,39,502,498,117,87,68,26
31,1000,70,5.13,10.3,18,37,96,948,26,15,11,52,7.503160631,421,475,674.8762247,397.6745965,10.61104492,4.576318144,438,21,15,11,47,510,5,0,0,5,485,515,461,14,415,6
27,1000,70,5.13,10.3,18,37,104,943,38,12,7,57,7.400514738,422,484,882.4591507,488.0215904,10.94285119,3.9004328,444,35,11,7,53,499,3,1,0,4,497,503,470,14,411,11
35,1000,70,5.13,10.3,18,37,0,941,28,12,19,59,7.193,98,200,17.51903369,9.065465002,6.548387097,7.827380952,477,10,3,6,19,464,18,9,13,40,496,504,117,83,69,29
30,1000,70,5.13,10.3,18,37,100,959,18,11,12,41,6.649974648,443,501,4988.646985,2708.030542,9.710725927,3.835963396,440,17,11,11,39,519,1,0,1,2,479,521,489,12,436,7
28,1000,70,5.13,10.3,18,37,99,954,22,14,10,46,7.338255502,425,485,55653.34115,16285.24146,10.64655931,4.146944758,450,19,13,9,41,504,3,1,1,5,491,509,465,20,420,5
29,1000,70,5.13,10.3,18,37,100,960,21,13,6,40,7.320752317,455,492,1248.720395,743.3909444,10.80635945,3.944928086,455,19,12,6,37,505,2,1,0,3,492,508,479,13,445,10
34,1000,70,5.13,10.3,18,37,3,936,34,14,16,64,7.096988362,86,167,17.61456573,9.372404879,6.229050836,8.026022941,501,6,6,4,16,435,28,8,12,48,517,483,95,72,54,32
32,1000,70,5.13,10.3,18,37,54,957,21,15,7,43,7.70607796,214,337,49.15506821,28.4374794,8.661372421,6.762178662,464,14,14,5,33,493,7,1,2,10,497,503,313,24,199,15
33,1000,70,5.13,10.3,18,37,4,935,34,20,11,65,7.179133174,114,201,17.77695253,9.341842682,6.122771827,8.243979351,476,18,6,2,26,459,16,14,9,39,502,498,116,85,73,41
31,1000,70,5.13,10.3,18,37,97,949,25,15,11,51,7.46280476,414,482,713.8338012,419.6627818,10.62260647,4.487069173,438,21,15,11,47,511,4,0,0,4,485,515,469,13,407,7
30,1000,70,5.13,10.3,18,37,101,959,18,11,12,41,6.650158609,443,508,5362.069392,2911.111671,9.76200192,3.789174068,440,17,11,11,39,519,1,0,1,2,479,521,496,12,435,8
35,1000,70,5.13,10.3,18,37,1,944,26,11,19,56,7.210874461,105,175,17.49651031,9.0842862,6.606753539,7.805406162,478,9,3,6,18,466,17,8,13,38,496,504,93,82,63,42
28,1000,70,5.13,10.3,18,37,100,954,22,14,10,46,7.330364759,423,475,63529.77916,18968.40289,10.69294441,4.086697555,450,19,13,9,41,504,3,1,1,5,491,509,463,12,420,3
29,1000,70,5.13,10.3,18,37,101,961,21,12,6,39,7.311903019,450,503,1381.40582,819.4648575,10.85696907,3.878492597,455,19,12,6,37,506,2,0,0,2,492,508,488,15,443,7
34,1000,70,5.13,10.3,18,37,4,939,31,15,15,61,7.095647528,83,187,17.71062785,9.458912578,6.292061781,7.955800387,501,6,6,4,16,438,25,9,11,45,517,483,111,76,57,26
33,1000,70,5.13,10.3,18,37,5,936,32,20,12,64,7.169282921,91,190,17.89033537,9.432976993,6.122156041,8.224820458,476,18,6,2,26,460,14,14,10,38,502,498,118,72,62,29
31,1000,70,5.13,10.3,18,37,98,949,24,16,11,51,7.474553694,422,482,745.2003997,436.1661636,10.67983451,4.455988262,438,20,16,11,47,511,4,0,0,4,485,515,469,13,413,9
32,1000,70,5.13,10.3,18,37,55,957,21,15,7,43,7.70491172,218,350,51.45898006,29.73215521,8.687033228,6.734505379,463,15,14,5,34,494,6,1,2,9,497,503,312,38,205,13
30,1000,70,5.13,10.3,18,37,102,959,18,11,12,41,6.639554801,446,508,6152.367042,3218.29062,9.795249315,3.738254087,440,17,11,11,39,519,1,0,1,2,479,521,488,20,441,5
35,1000,70,5.13,10.3,18,37,2,946,23,12,19,54,7.215366735,97,184,17.61222642,9.181428025,6.633995119,7.78751023,479,7,4,6,17,467,16,8,13,37,496,504,107,77,70,27
28,1000,70,5.13,10.3,18,37,101,954,22,14,10,46,7.355019807,416,478,72244.34416,23595.47073,10.75724077,4.073113139,450,19,13,9,41,504,3,1,1,5,491,509,472,6,408,8
29,1000,70,5.13,10.3,18,37,102,961,21,12,6,39,7.307413077,457,506,1523.373957,901.4534033,10.88346626,3.843991487,455,19,12,6,37,506,2,0,0,2,492,508,486,20,447,10
34,1000,70,5.13,10.3,18,37,5,940,30,15,15,60,7.124519771,91,192,17.769901,9.526817193,6.312120326,7.994106754,501,6,6,4,16,439,24,9,11,44,517,483,111,81,61,30
33,1000,70,5.13,10.3,18,37,6,939,30,20,11,61,7.16522611,97,171,17.98648069,9.518943161,6.144146306,8.194507359,477,18,6,1,25,462,12,14,10,36,502,498,111,60,63,34
31,1000,70,5.13,10.3,18,37,99,949,24,16,11,51,7.44632621,443,484,795.9133452,466.6684389,10.69244541,4.389301332,438,20,16,11,47,511,4,0,0,4,485,515,468,16,429,14
30,1000,70,5.13,10.3,18,37,103,958,18,12,12,42,6.64212717,451,507,6937.836733,3538.843353,9.847051062,3.695565664,439,17,12,11,40,519,1,0,1,2,479,521,493,14,442,9
32,1000,70,5.13,10.3,18,37,56,957,19,17,7,43,7.709092729,242,340,53.99560617,31.19641733,8.723751381,6.706537361,463,14,15,5,34,494,5,2,2,9,497,503,317,23,225,17
35,1000,70,5.13,10.3,18,37,3,947,23,9,21,53,7.235998287,91,167,17.65934872,9.250664869,6.657196414,7.805612829,479,7,4,6,17,468,16,5,15,36,496,504,98,69,63,28
28,1000,70,5.13,10.3,18,37,102,954,23,13,10,46,7.337654191,432,486,88293.11853,30311.52292,10.77992201,4.01711686,449,20,13,9,42,505,3,0,1,4,491,509,476,10,420,12
29,1000,70,5.13,10.3,18,37,103,961,21,12,6,39,7.310870349,464,497,1638.873032,969.452062,10.92832595,3.807350361,455,19,12,6,37,506,2,0,0,2,492,508,490,7,456,8
34,1000,70,5.13,10.3,18,37,6,943,29,14,14,57,7.103373413,103,171,17.84881683,9.600459734,6.331110538,7.929998477,501,6,6,4,16,442,23,8,10,41,517,483,97,74,67,36
33,1000,70,5.13,10.3,18,37,7,940,30,19,11,60,7.175168177,100,183,18.07213523,9.581935989,6.172084532,8.186308719,477,18,5,2,25,463,12,14,9,35,502,498,110,73,70,30
31,1000,70,5.13,10.3,18,37,100,949,24,15,12,51,7.432738247,430,486,857.664595,499.2064921,10.74342935,4.314902935,438,20,15,12,47,511,4,0,0,4,485,515,474,12,423,7
30,1000,70,5.13,10.3,18,37,104,956,20,12,12,44,6.667483291,460,504,8140.791126,4022.413585,9.92476275,3.672786821,437,19,12,11,42,519,1,0,1,2,479,521,490,14,454,6
36,1000,70,5.13,10.3,18,37,0,940,33,14,13,60,7.207,90,165,17.5316248,9.049150805,6.222003929,8.228105906,496,8,4,1,13,444,25,10,12,47,509,491,101,64,64,26
35,1000,70,5.13,10.3,18,37,4,946,24,10,20,54,7.275889895,105,188,17.72453342,9.309361319,6.68057934,7.861751077,478,8,4,6,18,468,16,6,14,36,496,504,118,70,71,34
32,1000,70,5.13,10.3,18,37,57,958,18,16,8,42,7.707652045,220,337,56.36798079,32.60347028,8.777718277,6.650350023,463,14,14,6,34,495,4,2,2,8,497,503,312,25,206,14
28,1000,70,5.13,10.3,18,37,103,953,24,13,10,47,7.34099762,436,485,133570.8638,45639.74233,10.81303203,3.991746352,448,21,13,9,43,505,3,0,1,4,491,509,467,18,431,5
29,1000,70,5.13,10.3,18,37,104,962,20,12,6,38,7.274659183,457,502,1755.391176,1036.718142,10.96092919,3.704492167,455,19,12,6,37,507,1,0,0,1,492,508,488,14,452,5
37,1000,70,5.13,10.3,18,37,0,941,27,16,16,59,7.32,81,163,17.54931206,9.021812503,6.661190965,7.945419103,465,10,7,5,22,476,17,9,11,37,487,513,93,70,51,30
34,1000,70,5.13,10.3,18,37,7,943,29,14,14,57,7.137985001,108,177,17.91875508,9.69887013,6.368953509,7.961151215,501,6,6,4,16,442,23,8,10,41,517,483,111,66,79,29
33,1000,70,5.13,10.3,18,37,8,941,29,20,10,59,7.205889685,97,186,18.1608485,9.654221096,6.245305255,8.174189652,477,16,7,2,25,464,13,13,8,34,502,498,115,71,72,25
31,1000,70,5.13,10.3,18,37,101,949,23,16,12,51,7.399618659,430,488,922.1268312,534.2692192,10.76933076,4.226200465,437,20,16,12,48,512,3,0,0,3,485,515,473,15,426,4
35,1000,70,5.13,10.3,18,37,5,946,23,10,21,54,7.331118181,96,210,17.77356437,9.390964662,6.772596561,7.880774379,478,7,5,6,18,468,16,5,15,36,496,504,132,78,69,27
36,1000,70,5.13,10.3,18,37,1,941,33,13,13,59,7.227096318,105,184,17.58420624,9.108535205,6.268388995,8.220949734,496,8,4,1,13,445,25,9,12,46,509,491,97,87,74,31
28,1000,70,5.13,10.3,18,37,104,952,25,13,10,48,7.329741012,441,485,164832.7754,59293.41357,10.8702988,3.914389592,447,22,13,9,44,505,3,0,1,4,491,509,472,13,435,6
32,1000,70,5.13,10.3,18,37,58,959,17,15,9,41,7.700593081,248,369,58.08119545,33.71073204,8.819778971,6.594757321,463,14,13,7,34,496,3,2,2,7,497,503,337,32,236,12
38,1000,70,5.13,10.3,18,37,0,956,24,4,16,44,6.961,100,181,17.55679983,8.778609176,5.99382716,7.875486381,472,8,2,4,14,484,16,2,12,30,486,514,98,83,66,34
37,1000,70,5.13,10.3,18,37,1,942,27,17,14,58,7.349965229,94,203,17.60241956,9.093660118,6.732267462,7.936356675,465,9,9,4,22,477,18,8,10,36,487,513,113,90,57,37
34,1000,70,5.13,10.3,18,37,8,945,28,13,14,55,7.158730297,102,161,18.00804729,9.797230659,6.434251885,7.934207189,501,6,6,4,16,444,22,7,10,39,517,483,107,54,74,28
33,1000,70,5.13,10.3,18,37,9,940,30,20,10,60,7.230511486,102,187,18.23348657,9.735100328,6.277802479,8.190872775,477,16,7,2,25,463,14,13,8,35,502,498,128,59,79,23
31,1000,70,5.13,10.3,18,37,102,949,23,16,12,51,7.387530332,438,479,976.0747886,562.6737411,10.77872989,4.193876379,437,20,16,12,48,512,3,0,0,3,485,515,469,10,429,9
35,1000,70,5.13,10.3,18,37,6,946,23,10,21,54,7.35301351,97,195,17.80301357,9.453023405,6.799520281,7.897721134,478,7,5,6,18,468,16,5,15,36,496,504,118,77,63,34
36,1000,70,5.13,10.3,18,37,2,943,31,13,13,57,7.253458695,95,185,17.65320248,9.200964853,6.339108186,8.201329182,496,8,4,1,13,447,23,9,12,44,509,491,100,85,65,30
38,1000,70,5.13,10.3,18,37,1,956,23,5,16,44,6.94921858,99,178,17.61857603,8.829203202,6.007632672,7.83951187,471,8,3,4,15,485,15,2,12,29,486,514,104,74,63,36
32,1000,70,5.13,10.3,18,37,59,958,16,16,10,42,7.687419052,244,369,60.09509635,35.01008678,8.857822969,6.530976215,463,12,14,8,34,495,4,2,2,8,497,503,343,26,232,12
34,1000,70,5.13,10.3,18,37,9,947,26,13,14,53,7.197956993,111,183,18.17684474,9.946479851,6.519208147,7.924485261,501,6,6,4,16,446,20,7,10,37,517,483,107,76,81,30
37,1000,70,5.13,10.3,18,37,2,944,25,17,14,56,7.367576131,96,174,17.71744339,9.203272917,6.781114214,7.924314832,466,9,8,4,21,478,16,9,10,35,487,513,101,73,68,28
33,1000,70,5.13,10.3,18,37,10,942,29,18,11,58,7.217294377,104,184,18.34893638,9.865881407,6.352977644,8.088553413,478,15,6,3,24,464,14,12,8,34,502,498,133,51,78,26
31,1000,70,5.13,10.3,18,37,103,949,23,16,12,51,7.365551262,446,493,1033.718572,595.295916,10.80505152,4.126410244,437,20,16,12,48,512,3,0,0,3,485,515,481,12,437,9
35,1000,70,5.13,10.3,18,37,7,945,26,10,19,55,7.331421642,104,164,17.8976536,9.559674258,6.797996559,7.856379661,478,8,5,5,18,467,18,5,14,37,496,504,94,70,69,35
36,1000,70,5.13,10.3,18,37,3,944,31,13,12,56,7.237824561,90,155,17.73720637,9.307719699,6.351465547,8.156677388,496,8,4,1,13,448,23,9,11,43,509,491,84,71,60,30
38,1000,70,5.13,10.3,18,37,2,956,23,5,16,44,6.99861083,91,167,17.66921017,8.88867678,6.11141204,7.837479724,471,8,3,4,15,485,15,2,12,29,486,514,88,79,63,28
34,1000,70,5.13,10.3,18,37,10,952,22,13,13,48,7.177355689,114,184,18.26610043,10.04064836,6.539825233,7.859764065,502,5,6,4,15,450,17,7,9,33,517,483,128,56,84,30
37,1000,70,5.13,10.3,18,37,3,942,27,17,14,58,7.436486672,95,167,17.75379854,9.25948073,6.849403356,7.993815277,466,9,8,4,21,476,18,9,10,37,487,513,91,76,61,34
32,1000,70,5.13,10.3,18,37,60,957,18,16,9,43,7.649781669,258,367,63.03957404,36.85690961,8.870482189,6.44364219,462,14,14,7,35,495,4,2,2,8,497,503,336,31,242,16
33,1000,70,5.13,10.3,18,37,11,944,27,18,11,56,7.226934412,95,189,18.43399371,9.948520972,6.390785401,8.06979948,478,15,6,3,24,466,12,12,8,32,502,498,122,67,74,21
31,1000,70,5.13,10.3,18,37,104,949,23,16,12,51,7.332008624,445,489,1097.738024,631.9654991,10.82549339,4.042027825,437,20,16,12,48,512,3,0,0,3,485,515,478,11,435,10
39,1000,70,5.13,10.3,18,37,0,940,35,13,12,60,7.243,99,183,17.39542678,8.982754142,6.545279383,7.995841996,501,11,4,3,18,439,24,9,9,42,519,481,108,75,67,32
35,1000,70,5.13,10.3,18,37,8,945,26,11,18,55,7.32398468,91,173,18.01039464,9.671163861,6.831831501,7.808325904,478,8,5,5,18,467,18,6,13,37,496,504,101,72,67,24
36,1000,70,5.13,10.3,18,37,4,946,28,14,12,54,7.255313628,108,186,17.84925664,9.40406031,6.363684714,8.179629549,496,8,4,1,13,450,20,10,11,41,509,491,109,77,74,34
38,1000,70,5.13,10.3,18,37,3,956,23,5,16,44,7.018475615,93,170,17.74716957,8.937558438,6.157884155,7.832186607,471,8,3,4,15,485,15,2,12,29,486,514,100,70,69,24
34,1000,70,5.13,10.3,18,37,11,952,22,13,13,48,7.204687931,92,185,18.38548366,10.17831868,6.578141959,7.875338589,502,5,6,4,15,450,17,7,9,33,517,483,122,63,73,19
37,1000,70,5.13,10.3,18,37,4,942,27,18,13,58,7.474781543,97,160,17.81715659,9.318921942,6.881963476,8.037554249,466,9,8,4,21,476,18,10,9,37,487,513,108,52,71,26
33,1000,70,5.13,10.3,18,37,12,945,26,18,11,55,7.239302361,98,170,18.49157188,10.01951551,6.420807938,8.064371037,478,15,6,3,24,467,11,12,8,31,502,498,103,67,70,28
32,1000,70,5.13,10.3,18,37,61,957,18,16,9,43,7.634495937,249,387,65.52145623,38.42755407,8.922732891,6.361625626,462,14,14,7,35,495,4,2,2,8,497,503,356,31,229,20
39,1000,70,5.13,10.3,18,37,1,941,34,13,12,59,7.231407701,95,182,17.41430342,9.022532365,6.551764269,7.964744377,501,11,4,3,18,440,23,9,9,41,519,481,100,82,59,36
35,1000,70,5.13,10.3,18,37,9,945,26,11,18,55,7.337762961,126,187,18.1576205,9.794031769,6.883346165,7.784966791,477,9,5,5,19,468,17,6,13,36,496,504,116,71,99,27
36,1000,70,5.13,10.3,18,37,5,948,27,14,11,52,7.272386848,106,183,17.94227742,9.500905318,6.426042134,8.149758456,496,8,4,1,13,452,19,10,10,39,509,491,105,78,65,41
38,1000,70,5.13,10.3,18,37,4,957,23,5,15,43,7.014285195,94,170,17.83817041,9.012725049,6.149301147,7.83214949,472,8,3,3,14,485,15,2,12,29,486,514,106,64,68,26
34,1000,70,5.13,10.3,18,37,12,955,20,14,11,45,7.210955697,94,181,18.58754872,10.35872986,6.617928964,7.845727583,502,5,6,4,15,453,15,8,7,30,517,483,116,65,68,26
37,1000,70,5.13,10.3,18,37,5,944,25,18,13,56,7.494119685,103,182,17.89811173,9.411026543,6.93359989,8.02623107,466,9,8,4,21,478,16,10,9,35,487,513,118,64,73,30
33,1000,70,5.13,10.3,18,37,13,947,26,17,10,53,7.224743983,124,199,18.58136435,10.10827816,6.456051943,7.999610257,478,15,6,3,24,469,11,11,7,29,502,498,132,67,87,37
32,1000,70,5.13,10.3,18,37,62,957,18,16,9,43,7.640455362,259,368,67.66307732,39.96473771,8.963733873,6.332961486,462,14,14,7,35,495,4,2,2,8,497,503,349,19,248,11
35,1000,70,5.13,10.3,18,37,10,945,26,11,18,55,7.327701925,99,177,18.28758462,9.909614014,6.890662625,7.757804093,477,9,5,5,19,468,17,6,13,36,496,504,116,61,65,34
39,1000,70,5.13,10.3,18,37,2,943,33,12,12,57,7.237142278,92,174,17.51998871,9.12459724,6.57481137,7.951798704,501,11,4,3,18,442,22,8,9,39,519,481,95,79,63,29
36,1000,70,5.13,10.3,18,37,6,948,29,12,11,52,7.280337324,98,191,18.00201717,9.562717508,6.453122766,8.137877466,496,8,4,1,13,452,21,8,10,39,509,491,111,80,71,27
38,1000,70,5.13,10.3,18,37,5,958,23,4,15,42,6.996821055,92,196,17.92714192,9.094461971,6.1193069,7.826532882,473,7,3,3,13,485,16,1,12,29,486,514,122,74,71,21
34,1000,70,5.13,10.3,18,37,13,958,18,13,11,42,7.224954815,109,186,18.77784226,10.55958329,6.656375182,7.833558687,503,5,5,4,14,455,13,8,7,28,517,483,124,62,88,21
37,1000,70,5.13,10.3,18,37,6,945,25,17,13,55,7.521183575,110,177,17.98726979,9.501063599,7.000498498,8.015479154,466,9,8,4,21,479,16,9,9,34,487,513,116,61,78,32
33,1000,70,5.13,10.3,18,37,14,948,26,14,12,52,7.232081829,93,183,18.64373569,10.17971004,6.541793139,7.927915006,478,15,4,5,24,470,11,10,7,28,502,498,120,63,76,17
35,1000,70,5.13,10.3,18,37,11,948,24,11,17,52,7.292261871,114,206,18.40520705,10.00013168,6.876138111,7.701780493,477,8,6,5,19,471,16,5,12,33,496,504,135,71,79,35
39,1000,70,5.13,10.3,18,37,3,944,32,12,12,56,7.271276916,94,187,17.57055876,9.173724987,6.631017071,7.962118619,501,11,4,3,18,443,21,8,9,38,519,481,101,86,67,27
32,1000,70,5.13,10.3,18,37,63,957,18,16,9,43,7.634558548,268,377,70.85118265,42.05800313,9.021278379,6.264380107,462,14,14,7,35,495,4,2,2,8,497,503,356,21,259,9
36,1000,70,5.13,10.3,18,37,7,949,29,11,11,51,7.268325761,98,200,18.092123,9.668752673,6.42751037,8.139965342,497,8,3,1,12,452,21,8,10,39,509,491,129,71,64,34
38,1000,70,5.13,10.3,18,37,6,957,25,3,15,43,7.040771746,108,184,18.06914197,9.205807201,6.176548401,7.857916777,471,9,3,3,15,486,16,0,12,28,486,514,125,59,76,32
34,1000,70,5.13,10.3,18,37,14,958,18,14,10,42,7.262111288,123,223,18.90940152,10.68075877,6.709810829,7.853290042,502,6,5,4,15,456,12,9,6,27,517,483,140,83,92,31
37,1000,70,5.13,10.3,18,37,7,946,24,17,13,54,7.528223772,101,182,18.04593095,9.538367923,7.043784324,7.988110732,466,9,8,4,21,480,15,9,9,33,487,513,125,57,72,29
33,1000,70,5.13,10.3,18,37,15,949,26,13,12,51,7.247362677,109,174,18.77322825,10.26457652,6.612475995,7.88734885,478,15,4,5,24,471,11,9,7,27,502,498,111,63,92,17
35,1000,70,5.13,10.3,18,37,12,948,24,11,17,52,7.309150933,103,191,18.59426038,10.16718891,6.896933802,7.714824935,477,8,6,5,19,471,16,5,12,33,496,504,125,66,84,19
39,1000,70,5.13,10.3,18,37,4,947,31,10,12,53,7.271452992,101,182,17.61651779,9.248954117,6.672855758,7.917340653,501,11,4,3,18,446,20,6,9,35,519,481,100,82,62,39
36,1000,70,5.13,10.3,18,37,8,950,28,11,11,50,7.314959919,98,180,18.20407108,9.793592594,6.498398724,8.161456147,498,7,3,1,11,452,21,8,10,39,509,491,109,71,76,22
32,1000,70,5.13,10.3,18,37,64,958,17,17,8,42,7.636777767,259,385,73.98075869,44.18776286,9.073152902,6.217536331,462,14,14,7,35,496,3,3,1,7,497,503,355,30,241,18
38,1000,70,5.13,10.3,18,37,7,956,26,3,15,44,7.113851817,104,177,18.18125163,9.27798953,6.225440689,7.953867008,471,9,3,3,15,485,17,0,12,29,486,514,113,64,80,24
34,1000,70,5.13,10.3,18,37,15,960,17,13,10,40,7.276874634,103,183,19.07073673,10.80314883,6.745415597,7.845744866,502,6,5,4,15,458,11,8,6,25,517,483,127,56,78,25
37,1000,70,5.13,10.3,18,37,8,946,23,18,13,54,7.545991319,113,199,18.15019171,9.603079932,7.049682889,8.017145716,466,8,9,4,21,480,15,9,9,33,487,513,137,62,82,31
33,1000,70,5.13,10.3,18,37,16,949,26,13,12,51,7.257205002,94,201,18.95216405,10.42294468,6.649548078,7.869742703,478,15,4,5,24,471,11,9,7,27,502,498,128,73,67,27
35,1000,70,5.13,10.3,18,37,13,950,22,11,17,50,7.301578942,113,201,18.66024901,10.20204995,6.938790719,7.658608621,477,8,6,5,19,473,14,5,12,31,496,504,119,82,89,24
39,1000,70,5.13,10.3,18,37,5,948,30,10,12,52,7.302402269,112,160,17.67093622,9.319472831,6.684769256,7.968829574,501,11,4,3,18,447,19,6,9,34,519,481,91,69,81,31
36,1000,70,5.13,10.3,18,37,9,953,25,11,11,47,7.314831046,104,174,18.28457629,9.89024489,6.537829495,8.120317378,498,7,3,1,11,455,18,8,10,36,509,491,102,72,79,25
32,1000,70,5.13,10.3,18,37,65,957,18,17,8,43,7.687078237,263,383,77.88854524,46.78642383,9.180708085,6.211265047,461,15,14,7,36,496,3,3,1,7,497,503,362,21,250,13
34,1000,70,5.13,10.3,18,37,16,960,17,13,10,40,7.262790324,120,190,19.22366816,10.92710873,6.736420813,7.826212761,502,6,5,4,15,458,11,8,6,25,517,483,125,65,94,26
38,1000,70,5.13,10.3,18,37,8,955,27,3,15,45,7.157030721,93,175,18.27354966,9.375275854,6.28652996,7.980111208,470,10,3,3,16,485,17,0,12,29,486,514,116,59,71,22
33,1000,70,5.13,10.3,18,37,17,951,26,12,11,49,7.263345708,89,195,19.10990185,10.55303702,6.69068873,7.84060234,478,15,4,5,24,473,11,8,6,25,502,498,136,59,79,10
37,1000,70,5.13,10.3,18,37,9,946,24,17,13,54,7.553678994,108,175,18.26879653,9.726451635,7.086426612,7.997249968,465,9,9,4,22,481,15,8,9,32,487,513,103,72,80,28
35,1000,70,5.13,10.3,18,37,14,951,23,10,16,49,7.282366576,118,193,18.81874,10.32091932,6.945264147,7.614118173,478,8,5,5,18,473,15,5,11,31,496,504,122,71,91,27
39,1000,70,5.13,10.3,18,37,6,947,32,9,12,53,7.362596527,82,193,17.71997583,9.360127232,6.716804594,8.059407365,500,12,4,3,19,447,20,5,9,34,519,481,114,79,56,26
36,1000,70,5.13,10.3,18,37,10,954,24,11,11,46,7.327170859,94,177,18.40259914,10.00393508,6.555421966,8.127211971,498,7,3,1,11,456,17,8,10,35,509,491,122,55,79,15
34,1000,70,5.13,10.3,18,37,17,961,16,13,10,39,7.296426115,124,226,19.35978195,11.05063531,6.779699756,7.849526586,502,6,5,4,15,459,10,8,6,24,517,483,147,79,93,31
38,1000,70,5.13,10.3,18,37,9,956,26,3,15,44,7.18620747,117,177,18.37802833,9.442777875,6.341264092,7.985122805,470,10,3,3,16,486,16,0,12,28,486,514,122,55,82,35
32,1000,70,5.13,10.3,18,37,66,958,18,16,8,42,7.71719605,295,384,82.24271902,49.59743501,9.246989919,6.205650219,461,15,14,7,36,497,3,2,1,6,497,503,360,24,279,16
33,1000,70,5.13,10.3,18,37,18,951,26,11,12,49,7.282010799,106,188,19.23756903,10.66746803,6.754838244,7.813417672,478,15,3,6,24,473,11,8,6,25,502,498,128,60,84,22
37,1000,70,5.13,10.3,18,37,10,947,23,16,14,53,7.577326574,97,180,18.45801758,9.874985444,7.169875728,7.96412689,465,9,8,5,22,482,14,8,9,31,487,513,119,61,67,30
35,1000,70,5.13,10.3,18,37,15,951,23,10,16,49,7.301595662,109,190,18.91355263,10.40700273,7.009964959,7.588597307,478,8,5,5,18,473,15,5,11,31,496,504,132,58,85,24
39,1000,70,5.13,10.3,18,37,7,947,32,9,12,53,7.412653611,100,193,17.82468355,9.468120884,6.779109779,8.096248723,500,12,4,3,19,447,20,5,9,34,519,481,112,81,74,26
36,1000,70,5.13,10.3,18,37,11,955,24,10,11,45,7.345552744,122,177,18.44862004,10.05953036,6.584068105,8.134953317,498,7,3,1,11,457,17,7,10,34,509,491,116,61,87,35
34,1000,70,5.13,10.3,18,37,18,960,16,12,12,40,7.325514023,105,166,19.47133268,11.16842494,6.818309797,7.868422066,502,6,4,5,15,458,10,8,7,25,517,483,116,50,93,12
38,1000,70,5.13,10.3,18,37,10,957,25,3,15,43,7.141838433,105,187,18.45628662,9.514599999,6.355029905,7.885785796,469,11,3,3,17,488,14,0,12,26,486,514,128,59,78,27
33,1000,70,5.13,10.3,18,37,19,950,27,11,12,50,7.295689857,107,199,19.39282023,10.75865729,6.754960939,7.840761978,477,16,3,6,25,473,11,8,6,25,502,498,141,58,85,22
37,1000,70,5.13,10.3,18,37,11,947,23,16,14,53,7.637539411,123,217,18.63574543,9.983676327,7.238915786,8.01595989,465,9,8,5,22,482,14,8,9,31,487,513,155,62,95,28
32,1000,70,5.13,10.3,18,37,67,957,19,16,8,43,7.693361154,285,404,86.92840066,52.48467131,9.293171416,6.112634115,460,16,14,7,37,497,3,2,1,6,497,503,376,28,273,12
35,1000,70,5.13,10.3,18,37,16,950,24,10,16,50,7.318531522,112,205,19.0782476,10.52178381,7.045293479,7.587432453,477,9,5,5,19,473,15,5,11,31,496,504,139,66,90,22
36,1000,70,5.13,10.3,18,37,12,956,22,11,11,44,7.357563698,80,176,18.51318946,10.1163549,6.608796175,8.133780947,498,6,4,1,11,458,16,7,10,33,509,491,128,48,61,19
39,1000,70,5.13,10.3,18,37,8,948,31,9,12,52,7.432123007,101,180,17.94315364,9.574746582,6.822236123,8.090192222,500,11,5,3,19,448,20,4,9,33,519,481,123,57,70,31
34,1000,70,5.13,10.3,18,37,19,960,18,11,11,40,7.314125881,117,197,19.62634655,11.3028963,6.871943708,7.787434749,502,6,4,5,15,458,12,7,6,25,517,483,123,74,91,26
38,1000,70,5.13,10.3,18,37,11,958,24,3,15,42,7.156559232,119,171,18.58002779,9.61059175,6.385143178,7.885952621,470,10,3,3,16,488,14,0,12,26,486,514,112,59,86,33
33,1000,70,5.13,10.3,18,37,20,951,26,11,12,49,7.289498204,114,188,19.52774519,10.89467458,6.747229935,7.836122041,478,15,3,6,24,473,11,8,6,25,502,498,130,58,87,27
37,1000,70,5.13,10.3,18,37,12,949,21,17,13,51,7.672173656,110,205,18.79091159,10.12783102,7.286697116,8.038113374,466,8,8,5,21,483,13,9,8,30,487,513,138,67,79,31
32,1000,70,5.13,10.3,18,37,68,955,19,18,8,45,7.709357095,291,408,91.43997889,55.50547735,9.354028965,6.084303578,461,15,14,7,36,494,4,4,1,9,497,503,375,33,280,11
35,1000,70,5.13,10.3,18,37,17,949,25,10,16,51,7.354836531,110,177,19.29731351,10.6945905,7.114019142,7.591831421,476,10,5,5,20,473,15,5,11,31,496,504,127,50,84,26
36,1000,70,5.13,10.3,18,37,13,956,23,11,10,44,7.394686923,110,202,18.62432082,10.2034222,6.663752258,8.152417562,497,7,4,1,12,459,16,7,9,32,509,491,131,71,83,27
39,1000,70,5.13,10.3,18,37,9,951,28,9,12,49,7.42214241,105,184,18.03201275,9.679309253,6.83628007,8.054289094,500,11,5,3,19,451,17,4,9,30,519,481,106,78,73,32
34,1000,70,5.13,10.3,18,37,20,956,22,11,11,44,7.406691385,121,209,19.86202489,11.48186222,6.969678837,7.87446672,500,8,4,5,17,456,14,7,6,27,517,483,144,65,97,24
38,1000,70,5.13,10.3,18,37,12,958,24,3,15,42,7.177198473,88,174,18.73177433,9.740990759,6.40522408,7.907119786,470,10,3,3,16,488,14,0,12,26,486,514,118,56,66,22
33,1000,70,5.13,10.3,18,37,21,951,26,11,12,49,7.300686833,132,209,19.74338568,11.05930543,6.786251393,7.819254283,478,15,3,6,24,473,11,8,6,25,502,498,145,64,105,27
37,1000,70,5.13,10.3,18,37,13,949,21,17,13,51,7.704923523,115,198,18.9675245,10.2897367,7.352192414,8.039777421,466,8,8,5,21,483,13,9,8,30,487,513,126,72,87,28
35,1000,70,5.13,10.3,18,37,18,949,26,10,15,51,7.342369886,105,189,19.47195332,10.84313785,7.129401597,7.551957725,476,10,5,5,20,473,16,5,10,31,496,504,129,60,77,28
32,1000,70,5.13,10.3,18,37,69,954,20,18,8,46,7.705217559,302,409,96.72747562,58.82707368,9.424794714,6.006152258,460,16,14,7,37,494,4,4,1,9,497,503,388,21,290,12
36,1000,70,5.13,10.3,18,37,14,957,23,9,11,43,7.394538099,100,169,18.79592201,10.33163864,6.679549094,8.135738513,497,7,4,1,12,460,16,5,10,31,509,491,113,56,75,25
39,1000,70,5.13,10.3,18,37,10,950,29,8,13,50,7.453118298,101,171,18.18971767,9.811193592,6.86373407,8.089065105,500,11,4,4,19,450,18,4,9,31,519,481,107,64,72,29
34,1000,70,5.13,10.3,18,37,21,955,23,11,11,45,7.447195397,125,204,20.02832408,11.59969237,6.959385407,7.969343979,500,8,4,5,17,455,15,7,6,28,517,483,141,63,98,27
38,1000,70,5.13,10.3,18,37,13,958,24,3,15,42,7.194935203,101,177,18.9018803,9.865442967,6.43496465,7.913506582,470,10,3,3,16,488,14,0,12,26,486,514,115,62,76,25
33,1000,70,5.13,10.3,18,37,22,952,25,10,13,48,7.308905368,109,211,19.97530335,11.25385012,6.861854132,7.759547376,478,15,3,6,24,474,10,7,7,24,502,498,150,61,86,23
37,1000,70,5.13,10.3,18,37,14,951,19,17,13,49,7.711071142,111,188,19.15697886,10.42598121,7.388087767,8.01768499,466,8,8,5,21,485,11,9,8,28,487,513,134,54,81,30
35,1000,70,5.13,10.3,18,37,19,951,27,9,13,49,7.330326354,108,199,19.7069788,10.99771358,7.184360377,7.473975411,476,10,5,5,20,475,17,4,8,29,496,504,143,56,89,19
36,1000,70,5.13,10.3,18,37,15,958,21,10,11,42,7.383269065,120,196,18.94097569,10.46831327,6.677769772,8.114631876,497,7,4,1,12,461,14,6,10,30,509,491,126,70,93,27
39,1000,70,5.13,10.3,18,37,11,950,30,8,12,50,7.46592344,104,186,18.29534028,9.893455409,6.899218598,8.077399143,499,12,4,4,20,451,18,4,8,30,519,481,119,67,83,21
32,1000,70,5.13,10.3,18,37,70,953,21,18,8,47,7.700506293,295,402,102.0697159,61.96452228,9.482876927,5.93939654,459,17,14,7,38,494,4,4,1,9,497,503,379,23,285,10
34,1000,70,5.13,10.3,18,37,22,956,22,11,11,44,7.452500732,115,192,20.24245297,11.74678579,6.968622718,7.970440553,499,9,4,5,18,457,13,7,6,26,517,483,139,53,95,20
33,1000,70,5.13,10.3,18,37,23,954,24,10,12,46,7.291891303,135,195,20.19127779,11.4270737,6.888192872,7.698832292,478,15,3,6,24,476,9,7,6,22,502,498,147,48,108,27
38,1000,70,5.13,10.3,18,37,14,959,22,4,15,41,7.220477787,114,194,19.14385467,10.03982563,6.45462146,7.944614315,470,10,3,3,16,489,12,1,12,25,486,514,131,63,93,21
37,1000,70,5.13,10.3,18,37,15,951,19,18,12,49,7.730668513,119,199,19.36608926,10.57366173,7.460786933,7.986871883,466,8,8,5,21,485,11,10,7,28,487,513,133,66,95,24
35,1000,70,5.13,10.3,18,37,20,951,27,9,13,49,7.375931012,103,199,19.8868047,11.14252351,7.267043346,7.483090302,476,10,5,5,20,475,17,4,8,29,496,504,146,53,81,22
36,1000,70,5.13,10.3,18,37,16,959,22,9,10,41,7.408037499,100,214,19.10628547,10.56681853,6.756240084,8.083729728,497,7,4,1,12,462,15,5,9,29,509,491,150,64,78,22
39,1000,70,5.13,10.3,18,37,12,950,30,9,11,50,7.461345785,106,177,18.35852443,9.961422121,6.936513673,8.027640725,499,12,4,4,20,451,18,5,7,30,519,481,99,78,84,22
34,1000,70,5.13,10.3,18,37,23,956,23,10,11,44,7.473794694,123,200,20.56958654,11.98481201,7.054721128,7.922368263,498,10,4,5,19,458,13,6,6,25,517,483,151,49,97,26
32,1000,70,5.13,10.3,18,37,71,952,22,17,9,48,7.713878497,305,444,110.5301094,67.77179153,9.525451111,5.923915099,458,18,13,8,39,494,4,4,1,9,497,503,407,37,292,13
33,1000,70,5.13,10.3,18,37,24,957,23,10,10,43,7.304162612,108,199,20.39754884,11.58630421,6.925570141,7.685795985,478,16,2,6,24,479,7,8,4,19,502,498,142,57,89,19
38,1000,70,5.13,10.3,18,37,15,958,23,4,15,42,7.232624045,114,183,19.40003027,10.20695024,6.515458171,7.910722517,469,11,3,3,17,489,12,1,12,25,486,514,125,58,89,25
37,1000,70,5.13,10.3,18,37,16,952,19,17,12,48,7.75893457,95,212,19.53028625,10.71561234,7.526230854,7.979844335,466,8,8,5,21,486,11,9,7,27,487,513,151,61,77,18
35,1000,70,5.13,10.3,18,37,21,953,25,9,13,47,7.370191823,112,215,20.07447823,11.31012883,7.271473356,7.46734333,477,9,5,5,19,476,16,4,8,28,496,504,138,77,91,21
36,1000,70,5.13,10.3,18,37,17,959,22,9,10,41,7.403099666,112,196,19.28401859,10.6881531,6.793324858,8.035228744,497,7,4,1,12,462,15,5,9,29,509,491,138,58,90,22
39,1000,70,5.13,10.3,18,37,13,950,29,9,12,50,7.492683923,111,181,18.52876869,10.08167585,6.961314434,8.066032707,499,12,3,5,20,451,17,6,7,30,519,481,114,67,81,30
34,1000,70,5.13,10.3,18,37,24,957,22,10,11,43,7.498489571,110,228,20.78357868,12.18191336,7.105929442,7.918683333,498,10,4,5,19,459,12,6,6,24,517,483,165,63,98,12
32,1000,70,5.13,10.3,18,37,72,952,22,17,9,48,7.727789935,310,421,117.6760907,71.91246874,9.578461033,5.899194436,458,18,13,8,39,494,4,4,1,9,497,503,393,28,298,12
33,1000,70,5.13,10.3,18,37,25,959,25,7,9,41,7.267702554,105,203,20.69359567,11.80717371,6.927503213,7.61063442,478,17,1,6,24,481,8,6,3,17,502,498,149,54,88,17
38,1000,70,5.13,10.3,18,37,16,957,24,4,15,43,7.269852056,101,207,19.56814256,10.33990467,6.593605048,7.909260706,468,12,3,3,18,489,12,1,12,25,486,514,135,72,77,24
37,1000,70,5.13,10.3,18,37,17,952,19,17,12,48,7.776926284,108,187,19.76293523,10.88452138,7.579002773,7.964818584,466,8,8,5,21,486,11,9,7,27,487,513,123,64,87,21
35,1000,70,5.13,10.3,18,37,22,953,25,9,13,47,7.413542882,132,213,20.35745701,11.52721842,7.312706132,7.512779049,477,9,5,5,19,476,16,4,8,28,496,504,156,57,111,21
36,1000,70,5.13,10.3,18,37,18,960,22,8,10,40,7.439551238,96,198,19.47490615,10.80916329,6.860085476,8.040260143,497,7,4,1,12,463,15,4,9,28,509,491,141,57,77,19
39,1000,70,5.13,10.3,18,37,14,953,25,10,12,47,7.486211423,96,193,18.7635151,10.22861598,6.986293461,8.025623943,499,12,3,5,20,454,13,7,7,27,519,481,122,71,75,21
34,1000,70,5.13,10.3,18,37,25,958,21,10,11,42,7.539734084,121,221,21.03576138,12.38714023,7.187191655,7.917093165,498,10,4,5,19,460,11,6,6,23,517,483,151,70,101,20
33,1000,70,5.13,10.3,18,37,26,957,27,7,9,43,7.337213216,122,237,21.02124527,12.0424953,7.032958148,7.643912101,477,18,1,6,25,480,9,6,3,18,502,498,178,59,101,21
38,1000,70,5.13,10.3,18,37,17,958,24,4,14,42,7.243954344,107,202,19.77166263,10.48426051,6.613764296,7.839814974,468,12,3,3,18,490,12,1,11,24,486,514,142,60,77,30
32,1000,70,5.13,10.3,18,37,73,950,23,17,10,50,7.746840899,320,417,126.1534757,77.08374033,9.624602253,5.89147829,457,19,13,8,40,493,4,4,2,10,497,503,395,22,312,8
37,1000,70,5.13,10.3,18,37,18,951,20,17,12,49,7.804510771,113,185,19.90463185,10.98202148,7.615306446,7.984125794,466,8,8,5,21,485,12,9,7,28,487,513,124,61,94,19
35,1000,70,5.13,10.3,18,37,23,953,24,10,13,47,7.439128987,108,205,20.54279129,11.67115237,7.353926809,7.522978749,477,9,5,5,19,476,15,5,8,28,496,504,149,56,90,18
36,1000,70,5.13,10.3,18,37,19,961,22,7,10,39,7.45516555,108,203,19.69294243,10.95462942,6.91069057,8.019600916,497,7,4,1,12,464,15,3,9,27,509,491,144,59,83,25
39,1000,70,5.13,10.3,18,37,15,954,25,10,11,46,7.458391454,117,201,18.89362432,10.35468645,6.988023838,7.965919091,499,12,3,5,20,455,13,7,6,26,519,481,140,61,89,28
34,1000,70,5.13,10.3,18,37,26,955,25,10,10,45,7.579024029,129,217,21.38955738,12.66378418,7.25289762,7.928107577,498,10,4,5,19,457,15,6,5,26,517,483,154,63,101,28
33,1000,70,5.13,10.3,18,37,27,957,26,8,9,43,7.371448869,118,228,21.31486632,12.28554911,7.074276832,7.671007831,477,17,2,6,25,480,9,6,3,18,502,498,169,59,101,17
38,1000,70,5.13,10.3,18,37,18,958,24,4,14,42,7.276393795,103,201,19.95503416,10.61004917,6.662439967,7.856902667,468,12,3,3,18,490,12,1,11,24,486,514,135,66,86,17
37,1000,70,5.13,10.3,18,37,19,952,20,16,12,48,7.792397059,127,197,20.11500957,11.11685073,7.636409922,7.940478415,466,8,8,5,21,486,12,8,7,27,487,513,145,52,103,24
32,1000,70,5.13,10.3,18,37,74,948,25,16,11,52,7.78877658,320,428,132.7626996,81.25171925,9.715457846,5.885077595,455,21,12,9,42,493,4,4,2,10,497,503,405,23,310,10
35,1000,70,5.13,10.3,18,37,24,952,25,10,13,48,7.469900042,122,224,20.7549026,11.82117712,7.40039348,7.538303325,476,10,5,5,20,476,15,5,8,28,496,504,164,60,94,28
36,1000,70,5.13,10.3,18,37,20,962,22,7,9,38,7.434462581,120,192,19.88999024,11.10053474,6.915319493,7.972637392,497,7,4,1,12,465,15,3,8,26,509,491,139,53,94,26
39,1000,70,5.13,10.3,18,37,16,953,25,11,11,47,7.491164584,98,180,19.06827653,10.48407367,7.033650136,7.984823625,498,13,3,5,21,455,12,8,6,26,519,481,117,63,78,20
34,1000,70,5.13,10.3,18,37,27,956,24,10,10,44,7.585462849,121,227,21.7847023,12.92852261,7.262772966,7.930867961,499,9,4,5,18,457,15,6,5,26,517,483,180,47,103,18
33,1000,70,5.13,10.3,18,37,28,958,26,8,8,42,7.357028744,133,226,21.59282924,12.50551226,7.090313716,7.625886061,478,16,2,6,24,480,10,6,2,18,502,498,177,49,114,19
38,1000,70,5.13,10.3,18,37,19,958,24,5,13,42,7.304749372,107,196,20.19662865,10.75357021,6.712125052,7.865090656,468,12,3,3,18,490,12,2,10,24,486,514,140,56,87,20
37,1000,70,5.13,10.3,18,37,20,952,20,16,12,48,7.820539002,119,213,20.36034387,11.29339619,7.698487781,7.936404391,466,8,8,5,21,486,12,8,7,27,487,513,143,70,94,25
35,1000,70,5.13,10.3,18,37,25,953,24,10,13,47,7.462032491,116,221,20.93080617,11.95807092,7.421786084,7.501640067,476,10,5,5,20,477,14,5,8,27,496,504,156,65,98,18
32,1000,70,5.13,10.3,18,37,75,947,24,18,11,53,7.775703715,333,434,137.1904571,84.2384417,9.751401206,5.823573191,454,20,14,9,43,493,4,4,2,10,497,503,410,24,322,11
36,1000,70,5.13,10.3,18,37,21,963,22,6,9,37,7.42794137,126,209,20.17191322,11.3225603,6.899497429,7.975758001,497,8,3,1,12,466,14,3,8,25,509,491,149,60,101,25
39,1000,70,5.13,10.3,18,37,17,953,24,12,11,47,7.528987561,122,207,19.22554396,10.62905972,7.124527398,7.965400918,497,13,4,5,22,456,11,8,6,25,519,481,135,72,97,25
34,1000,70,5.13,10.3,18,37,28,955,26,10,9,45,7.595552633,139,249,22.21909979,13.28532453,7.311263188,7.899854172,498,10,4,5,19,457,16,6,4,26,517,483,178,71,122,17
33,1000,70,5.13,10.3,18,37,29,958,26,9,7,42,7.363505892,122,237,21.95066204,12.76243576,7.148548616,7.580189732,478,16,2,6,24,480,10,7,1,18,502,498,177,60,97,25
37,1000,70,5.13,10.3,18,37,21,953,19,16,12,47,7.826619254,106,200,20.62722875,11.47509056,7.745861676,7.903283855,466,8,8,5,21,487,11,8,7,26,487,513,145,55,86,20
38,1000,70,5.13,10.3,18,37,20,958,24,5,13,42,7.31864957,103,200,20.59071675,10.99196702,6.75889413,7.847912497,467,13,3,3,19,491,11,2,10,23,486,514,151,49,82,21
35,1000,70,5.13,10.3,18,37,26,953,24,10,13,47,7.472791347,112,232,21.21799708,12.17205,7.427289411,7.517571031,476,10,5,5,20,477,14,5,8,27,496,504,169,63,88,24
36,1000,70,5.13,10.3,18,37,22,962,23,6,9,38,7.418729139,118,198,20.47375625,11.52249928,6.934117151,7.921106942,496,9,3,1,13,466,14,3,8,25,509,491,146,52,97,21
32,1000,70,5.13,10.3,18,37,76,949,22,19,10,51,7.783958887,332,424,143.4869871,88.10460174,9.788953131,5.802881075,454,19,15,9,43,495,3,4,1,8,497,503,406,18,320,12
39,1000,70,5.13,10.3,18,37,18,953,24,12,11,47,7.543663963,106,205,19.36871869,10.73532868,7.126310761,7.993988936,497,13,4,5,22,456,11,8,6,25,519,481,139,66,84,22
34,1000,70,5.13,10.3,18,37,29,956,25,10,9,44,7.612003193,119,222,22.84698688,13.78540568,7.393740624,7.84563,497,11,4,5,20,459,14,6,4,24,517,483,170,52,102,17
33,1000,70,5.13,10.3,18,37,30,957,26,10,7,43,7.368052428,125,240,22.36133875,13.05003972,7.207297769,7.53009829,477,16,3,6,25,480,10,7,1,18,502,498,190,50,110,15
37,1000,70,5.13,10.3,18,37,22,952,20,16,12,48,7.869852613,120,221,20.9743415,11.69968557,7.815384894,7.921559784,465,9,8,5,22,487,11,8,7,26,487,513,167,54,95,25
38,1000,70,5.13,10.3,18,37,21,959,24,5,12,41,7.328090352,111,188,20.97459965,11.22340353,6.789348405,7.837484488,467,13,3,3,19,492,11,2,9,22,486,514,143,45,95,16
35,1000,70,5.13,10.3,18,37,27,955,23,9,13,45,7.474390527,116,200,21.61215348,12.42950185,7.42678433,7.52124107,477,9,4,6,19,478,14,5,7,26,496,504,162,38,95,21
36,1000,70,5.13,10.3,18,37,23,962,21,7,10,38,7.458022822,130,206,20.77024919,11.69916342,7.006122699,7.926489548,496,8,4,1,13,466,13,3,9,25,509,491,149,57,105,25
39,1000,70,5.13,10.3,18,37,19,954,24,12,10,46,7.523684733,116,209,19.56631754,10.87521385,7.112230384,7.96764483,498,13,3,5,21,456,11,9,5,25,519,481,149,60,88,28
34,1000,70,5.13,10.3,18,37,30,957,23,11,9,43,7.615945388,142,240,23.47627298,14.32796187,7.408448392,7.838048799,498,10,4,5,19,459,13,7,4,24,517,483,173,67,118,24
32,1000,70,5.13,10.3,18,37,77,947,24,19,10,53,7.817633287,339,422,148.7568503,91.51173874,9.876677347,5.783150388,452,21,15,9,45,495,3,4,1,8,497,503,400,22,327,12
33,1000,70,5.13,10.3,18,37,31,959,26,8,7,41,7.404143697,135,238,22.94327013,13.45948094,7.300059851,7.509063557,477,16,3,6,25,482,10,5,1,16,502,498,179,59,122,13
37,1000,70,5.13,10.3,18,37,23,953,21,17,9,47,7.820434257,109,218,21.30413799,11.91087313,7.831180523,7.810232636,465,9,8,5,22,488,12,9,4,25,487,513,161,57,94,15
38,1000,70,5.13,10.3,18,37,22,960,23,5,12,40,7.368058068,129,197,21.51236921,11.55057074,6.874228015,7.834986872,467,13,3,3,19,493,10,2,9,21,486,514,149,48,106,23
35,1000,70,5.13,10.3,18,37,28,954,23,10,13,46,7.458670604,142,220,21.84858727,12.64818942,7.434249997,7.482703583,477,9,4,6,19,477,14,6,7,27,496,504,166,54,121,21
36,1000,70,5.13,10.3,18,37,24,962,22,7,9,38,7.456115503,110,217,21.09548983,11.94512912,7.051447901,7.875618169,496,8,4,1,13,466,14,3,8,25,509,491,151,66,94,16
39,1000,70,5.13,10.3,18,37,20,953,25,12,10,47,7.533889739,104,192,19.79456637,11.00102091,7.16206302,7.935091542,497,14,3,5,22,456,11,9,5,25,519,481,137,55,79,25
34,1000,70,5.13,10.3,18,37,31,956,24,11,9,44,7.626913129,148,235,24.04994457,14.83594295,7.437384219,7.829783618,498,10,4,5,19,458,14,7,4,25,517,483,177,58,123,25
33,1000,70,5.13,10.3,18,37,32,959,24,10,7,41,7.439041982,127,207,23.40858291,13.82468276,7.341898025,7.536966211,477,15,4,6,25,482,9,6,1,16,502,498,167,40,108,19
32,1000,70,5.13,10.3,18,37,78,946,25,19,10,54,7.771022021,340,440,155.8560407,95.94173998,9.907749552,5.659782293,451,22,15,9,46,495,3,4,1,8,497,503,419,21,330,10
37,1000,70,5.13,10.3,18,37,24,955,19,17,9,45,7.815858305,132,217,21.52525263,12.04447346,7.899063401,7.736870232,465,9,8,5,22,490,10,9,4,23,487,513,168,49,115,17
38,1000,70,5.13,10.3,18,37,23,962,23,4,11,38,7.39520654,124,218,21.99115221,11.84247757,6.933929158,7.831355971,467,13,3,3,19,495,10,1,8,19,486,514,168,50,104,20
35,1000,70,5.13,10.3,18,37,29,955,22,10,13,45,7.465115263,126,218,22.16688858,12.88706517,7.454375269,7.475684782,477,9,4,6,19,478,13,6,7,26,496,504,169,49,115,11
36,1000,70,5.13,10.3,18,37,25,961,23,8,8,39,7.430774447,122,229,21.36980939,12.12055676,7.065781894,7.809147582,496,8,4,1,13,465,15,4,7,26,509,491,173,56,99,23
39,1000,70,5.13,10.3,18,37,21,952,26,12,10,48,7.558030479,109,189,20.00385183,11.14825386,7.215995038,7.92708743,496,15,3,5,23,456,11,9,5,25,519,481,131,58,87,22
34,1000,70,5.13,10.3,18,37,32,957,25,10,8,43,7.60808458,130,211,24.58536797,15.27489627,7.43388912,7.794542245,498,10,4,5,19,459,15,6,3,24,517,483,155,56,115,15
33,1000,70,5.13,10.3,18,37,33,960,24,8,8,40,7.487313412,123,236,23.96095296,14.24355793,7.405448609,7.569835763,477,15,3,7,25,483,9,5,1,15,502,498,191,45,104,19
32,1000,70,5.13,10.3,18,37,79,945,25,20,10,55,7.75662737,358,441,160.4498217,98.94506922,9.947841623,5.591550861,451,21,16,9,46,494,4,4,1,9,497,503,422,19,344,14
37,1000,70,5.13,10.3,18,37,25,957,18,17,8,43,7.804764652,110,210,22.02356484,12.33640355,7.900715353,7.71367695,465,9,8,5,22,492,9,9,3,21,487,513,156,54,95,15
38,1000,70,5.13,10.3,18,37,24,962,24,4,10,38,7.433666746,111,223,22.38715477,12.07031726,7.062721968,7.784404415,466,14,3,3,20,496,10,1,7,18,486,514,171,52,101,10
35,1000,70,5.13,10.3,18,37,30,954,23,9,14,46,7.461661062,123,235,22.45590597,13.1208754,7.47484052,7.448690802,476,10,3,7,20,478,13,6,7,26,496,504,189,46,104,19
36,1000,70,5.13,10.3,18,37,26,962,22,8,8,38,7.450655471,125,209,21.64053679,12.34073098,7.106790692,7.807126291,496,8,4,1,13,466,14,4,7,25,509,491,165,44,106,19
39,1000,70,5.13,10.3,18,37,22,953,25,12,10,47,7.570129582,105,213,20.24938604,11.31103639,7.227534207,7.939790705,496,15,3,5,23,457,10,9,5,24,519,481,150,63,75,30
34,1000,70,5.13,10.3,18,37,33,960,23,9,8,40,7.581635799,164,239,25.25530578,15.77383028,7.425293783,7.748983258,499,10,3,5,18,461,13,6,3,22,517,483,196,43,142,22
33,1000,70,5.13,10.3,18,37,34,961,24,6,9,39,7.513291462,149,224,24.60861202,14.73964885,7.447797475,7.579311505,477,15,3,7,25,484,9,3,2,14,502,498,174,50,137,12
32,1000,70,5.13,10.3,18,37,80,945,25,20,10,55,7.754974794,358,447,167.0333751,102.8333569,10.01093116,5.525928447,451,21,16,9,46,494,4,4,1,9,497,503,426,21,346,12
37,1000,70,5.13,10.3,18,37,26,958,18,16,8,42,7.805589614,141,237,22.4690399,12.60746233,7.916313683,7.700477291,467,8,7,5,20,491,10,9,3,22,487,513,189,48,123,18
35,1000,70,5.13,10.3,18,37,31,955,23,9,13,45,7.491630503,132,223,22.79167591,13.34198702,7.508679262,7.474852359,476,10,3,7,20,479,13,6,6,25,496,504,180,43,106,26
38,1000,70,5.13,10.3,18,37,25,961,25,4,10,39,7.455890252,118,240,22.80957496,12.38099276,7.107266942,7.785522408,465,15,3,3,21,496,10,1,7,18,486,514,181,59,96,22
36,1000,70,5.13,10.3,18,37,27,962,22,8,8,38,7.471545044,117,235,21.9836749,12.58850151,7.195601406,7.757604742,495,8,5,1,14,467,14,3,7,24,509,491,178,57,102,15
39,1000,70,5.13,10.3,18,37,23,952,26,12,10,48,7.573057704,130,218,20.56132042,11.51446513,7.260835342,7.909946282,496,15,3,5,23,456,11,9,5,25,519,481,165,53,101,29
34,1000,70,5.13,10.3,18,37,34,962,22,8,8,38,7.579002114,169,263,25.80485452,16.17588792,7.482735799,7.68204494,499,10,3,5,18,463,12,5,3,20,517,483,197,66,142,27
33,1000,70,5.13,10.3,18,37,35,962,23,6,9,38,7.487098994,145,242,25.40167921,15.44706426,7.47201416,7.502304992,477,15,3,7,25,485,8,3,2,13,502,498,190,52,132,13
37,1000,70,5.13,10.3,18,37,27,958,19,15,8,42,7.840826218,132,237,22.88732159,12.87293643,7.991329444,7.697950836,467,8,7,5,20,491,11,8,3,22,487,513,179,58,117,15
35,1000,70,5.13,10.3,18,37,32,955,23,9,13,45,7.486068718,143,237,23.21670643,13.63444551,7.521901969,7.450804249,476,10,3,7,20,479,13,6,6,25,496,504,177,60,120,23
32,1000,70,5.13,10.3,18,37,81,946,24,20,10,54,7.757850825,357,443,175.4633716,108.322143,10.05556276,5.487546988,451,20,17,9,46,495,4,3,1,8,497,503,428,15,344,13
38,1000,70,5.13,10.3,18,37,26,961,25,4,10,39,7.483802509,124,245,23.36975504,12.69758585,7.149821203,7.799590282,465,15,3,3,21,496,10,1,7,18,486,514,191,54,100,24
36,1000,70,5.13,10.3,18,37,28,961,23,8,8,39,7.501574066,138,216,22.36197874,12.84436054,7.245201985,7.767344716,494,9,5,1,15,467,14,3,7,24,509,491,160,56,115,23
39,1000,70,5.13,10.3,18,37,24,952,27,11,10,48,7.572514475,109,204,20.92235578,11.71152754,7.333343888,7.830580035,496,15,3,5,23,456,12,8,5,25,519,481,141,63,93,16
34,1000,70,5.13,10.3,18,37,35,961,23,8,8,39,7.619100155,139,249,26.25964476,16.45821069,7.533601551,7.710617295,498,11,3,5,19,463,12,5,3,20,517,483,199,50,123,16
33,1000,70,5.13,10.3,18,37,36,962,23,6,9,38,7.51459669,137,233,26.13373889,16.04332779,7.506259747,7.523000598,477,15,3,7,25,485,8,3,2,13,502,498,187,46,120,17
37,1000,70,5.13,10.3,18,37,28,958,19,14,9,42,7.857481436,136,239,23.43861493,13.21459833,8.020402187,7.702817877,467,8,6,6,20,491,11,8,3,22,487,513,183,56,109,27
35,1000,70,5.13,10.3,18,37,33,954,24,8,14,46,7.491218382,137,243,23.64422576,13.91628135,7.541383071,7.441849958,475,11,3,7,21,479,13,5,7,25,496,504,194,49,114,23
38,1000,70,5.13,10.3,18,37,27,960,26,4,10,40,7.532768018,124,222,23.67635552,12.91127524,7.223679841,7.825018707,464,16,3,3,22,496,10,1,7,18,486,514,165,57,106,18
32,1000,70,5.13,10.3,18,37,82,944,26,20,10,56,7.748111214,367,450,183.2749753,113.0995893,10.09315685,5.431038291,450,21,17,9,47,494,5,3,1,9,497,503,432,18,352,15
36,1000,70,5.13,10.3,18,37,29,962,21,9,8,38,7.487545623,132,234,22.81808279,13.12970016,7.277843174,7.704935739,495,8,4,2,14,467,13,5,6,24,509,491,184,50,115,17
39,1000,70,5.13,10.3,18,37,25,952,27,11,10,48,7.590083471,125,212,21.31793153,11.96852666,7.345457411,7.854035498,496,15,3,5,23,456,12,8,5,25,519,481,163,49,104,21
34,1000,70,5.13,10.3,18,37,36,962,23,7,8,38,7.645432921,168,240,26.81472432,16.89922746,7.618701233,7.674046342,498,11,3,5,19,464,12,4,3,19,517,483,192,48,149,19
33,1000,70,5.13,10.3,18,37,37,958,27,5,10,42,7.549841012,139,238,27.16541748,17.03394566,7.574888223,7.524592619,475,17,2,8,27,483,10,3,2,15,502,498,184,54,124,15
37,1000,70,5.13,10.3,18,37,29,959,19,14,8,41,7.844200777,142,250,24.10045119,13.60797271,8.040008834,7.658316715,467,8,6,6,20,492,11,8,2,21,487,513,194,56,114,28
35,1000,70,5.13,10.3,18,37,34,955,24,8,13,45,7.474136759,137,254,24.26079932,14.33765676,7.550687133,7.39880147,475,11,3,7,21,480,13,5,6,24,496,504,199,55,117,20
38,1000,70,5.13,10.3,18,37,28,961,25,4,10,39,7.529376269,153,248,24.18752767,13.21490547,7.256245688,7.787628142,464,16,3,3,22,497,9,1,7,17,486,514,202,46,132,21
36,1000,70,5.13,10.3,18,37,30,961,21,10,8,39,7.548523071,131,216,23.39915227,13.4566109,7.365740617,7.738006308,495,7,5,2,14,466,14,5,6,25,509,491,177,39,104,27
39,1000,70,5.13,10.3,18,37,26,951,29,11,9,49,7.563483106,135,197,21.67330416,12.22634519,7.332290965,7.812939906,496,15,3,5,23,455,14,8,4,26,519,481,143,54,106,29
34,1000,70,5.13,10.3,18,37,37,962,23,7,8,38,7.629319503,140,239,27.46996109,17.36426688,7.626443734,7.632397707,498,11,3,5,19,464,12,4,3,19,517,483,191,48,124,16
32,1000,70,5.13,10.3,18,37,83,945,25,20,10,55,7.742912281,364,448,191.5700921,118.1046072,10.1570467,5.357574696,450,21,17,9,47,495,4,3,1,8,497,503,435,13,354,10
33,1000,70,5.13,10.3,18,37,38,958,27,5,10,42,7.585023722,155,265,27.9079371,17.65836738,7.592171071,7.577818965,475,17,2,8,27,483,10,3,2,15,502,498,220,45,135,20
37,1000,70,5.13,10.3,18,37,30,959,19,14,8,41,7.903294907,143,226,24.77049226,14.01153134,8.142588943,7.676128834,467,8,6,6,20,492,11,8,2,21,487,513,187,39,125,18
35,1000,70,5.13,10.3,18,37,35,956,23,8,13,44,7.457316491,152,235,24.80007488,14.73217398,7.554021787,7.3621462,475,11,3,7,21,481,12,5,6,23,496,504,187,48,134,18
38,1000,70,5.13,10.3,18,37,29,962,24,4,10,38,7.508173189,128,240,24.82178642,13.59671156,7.266691652,7.736500091,464,16,3,3,22,498,8,1,7,16,486,514,193,47,114,14
36,1000,70,5.13,10.3,18,37,31,961,21,10,8,39,7.550542457,151,241,24.09343259,13.91379931,7.37320464,7.734381457,495,7,5,2,14,466,14,5,6,25,509,491,190,51,131,20
39,1000,70,5.13,10.3,18,37,27,951,28,12,9,49,7.585707779,125,211,22.16465029,12.48958793,7.345490302,7.844902935,496,15,3,5,23,455,13,9,4,26,519,481,157,54,108,17
34,1000,70,5.13,10.3,18,37,38,963,24,6,7,37,7.58686647,162,263,28.2539046,17.85156069,7.652520772,7.51659054,498,11,3,5,19,465,13,3,2,18,517,483,213,50,141,21
33,1000,70,5.13,10.3,18,37,39,959,27,4,10,41,7.600318942,152,267,28.72106189,18.29554008,7.66663422,7.533471012,475,17,2,8,27,484,10,2,2,14,502,498,226,41,137,15
32,1000,70,5.13,10.3,18,37,84,942,29,19,10,58,7.74595031,368,450,203.5171069,125.1447487,10.23553239,5.286065036,447,24,16,10,50,495,5,3,0,8,497,503,436,14,360,8
37,1000,70,5.13,10.3,18,37,31,963,18,11,8,37,7.865544172,149,233,25.55135271,14.47230925,8.182729528,7.564434488,467,8,6,6,20,496,10,5,2,17,487,513,189,44,124,25
35,1000,70,5.13,10.3,18,37,36,957,22,8,13,43,7.450007252,148,248,25.36620102,15.18086868,7.581031943,7.321062319,476,10,3,7,20,481,12,5,6,23,496,504,210,38,126,22
38,1000,70,5.13,10.3,18,37,30,962,24,4,10,38,7.515404377,129,256,25.4882972,13.95411005,7.284615725,7.733620884,464,16,3,3,22,498,8,1,7,16,486,514,200,56,116,13
36,1000,70,5.13,10.3,18,37,32,962,21,10,7,38,7.560426078,152,227,24.91546194,14.42810449,7.427797841,7.69791645,494,8,5,2,15,468,13,5,5,23,509,491,182,45,134,18
34,1000,70,5.13,10.3,18,37,39,962,25,6,7,38,7.600524513,146,258,29.20478176,18.4774193,7.684568692,7.51056418,497,12,3,5,20,465,13,3,2,18,517,483,215,43,126,20
39,1000,70,5.13,10.3,18,37,28,953,28,10,9,47,7.588907636,127,208,22.58817464,12.73362295,7.402307803,7.790249244,496,15,3,5,23,457,13,7,4,24,519,481,164,44,105,22
33,1000,70,5.13,10.3,18,37,40,959,27,4,10,41,7.606199203,152,239,30.10997555,19.72008112,7.686785304,7.524965824,475,17,2,8,27,484,10,2,2,14,502,498,206,33,129,23
32,1000,70,5.13,10.3,18,37,85,940,31,19,10,60,7.764807181,374,449,213.5866947,131.9166974,10.32639049,5.233779542,445,26,16,10,52,495,5,3,0,8,497,503,430,19,367,7
37,1000,70,5.13,10.3,18,37,32,964,17,10,9,36,7.849769958,148,234,26.45046391,14.99674106,8.198957407,7.518280118,467,8,5,7,20,497,9,5,2,16,487,513,197,37,127,21
35,1000,70,5.13,10.3,18,37,37,957,20,10,13,43,7.470171216,145,244,26.00974494,15.66466931,7.597447893,7.344914803,476,9,4,7,20,481,11,6,6,23,496,504,205,39,121,24
34,1000,70,5.13,10.3,18,37,40,963,24,6,7,37,7.614345804,177,299,30.06996632,19.03262052,7.782622201,7.434223865,497,12,3,5,20,466,12,3,2,17,517,483,240,59,165,12
38,1000,70,5.13,10.3,18,37,31,964,23,3,10,36,7.548762582,139,244,26.18443044,14.34505064,7.355628518,7.731375724,466,15,2,3,20,498,8,1,7,16,486,514,199,45,123,16
36,1000,70,5.13,10.3,18,37,33,964,19,10,7,36,7.559068605,146,251,25.72445138,14.93205159,7.445488596,7.676812443,494,8,5,2,15,470,11,5,5,21,509,491,197,54,124,22
39,1000,70,5.13,10.3,18,37,29,953,28,10,9,47,7.588763626,134,229,23.1095094,13.03845327,7.454532064,7.733599761,496,15,3,5,23,457,13,7,4,24,519,481,173,56,114,20
33,1000,70,5.13,10.3,18,37,41,960,25,5,10,40,7.621523377,155,275,31.40356275,20.99782467,7.716936617,7.525343767,475,17,2,8,27,485,8,3,2,13,502,498,227,48,141,14
32,1000,70,5.13,10.3,18,37,86,939,32,19,10,61,7.772192979,372,459,225.9307987,139.5865012,10.36739261,5.207949999,444,27,16,10,53,495,5,3,0,8,497,503,439,20,365,7
37,1000,70,5.13,10.3,18,37,33,964,18,9,9,36,7.846001466,158,258,27.53903932,15.69145796,8.200011916,7.509933065,467,8,5,7,20,497,10,4,2,16,487,513,212,46,127,31
35,1000,70,5.13,10.3,18,37,38,957,20,10,13,43,7.489920133,149,261,26.60623329,16.11178738,7.655455269,7.327012539,476,9,4,7,20,481,11,6,6,23,496,504,219,42,129,20
34,1000,70,5.13,10.3,18,37,41,962,24,6,8,38,7.689005965,159,262,31.33113812,19.81738187,7.852896222,7.513578919,496,13,3,5,21,466,11,3,3,17,517,483,224,38,144,15
36,1000,70,5.13,10.3,18,37,34,965,19,9,7,35,7.536022349,162,252,26.63672395,15.48910291,7.46083278,7.613968358,494,8,5,2,15,471,11,4,5,20,509,491,203,49,147,15
38,1000,70,5.13,10.3,18,37,32,964,23,3,10,36,7.557867325,151,231,27.02159045,14.79727139,7.400416153,7.706741391,467,14,2,3,19,497,9,1,7,17,486,514,191,40,133,18
39,1000,70,5.13,10.3,18,37,30,952,30,10,8,48,7.586092581,119,225,23.71378196,13.38014243,7.484029868,7.696218459,495,16,3,5,24,457,14,7,3,24,519,481,178,47,107,12
33,1000,70,5.13,10.3,18,37,42,961,25,3,11,39,7.620654836,153,278,32.72667563,22.42021273,7.769361677,7.470753563,475,17,2,8,27,486,8,1,3,12,502,498,231,47,136,17
37,1000,70,5.13,10.3,18,37,34,963,19,8,10,37,7.863645592,140,262,28.76184037,16.5747242,8.253334362,7.49370713,466,9,4,8,21,497,10,4,2,16,487,513,211,51,125,15
35,1000,70,5.13,10.3,18,37,39,958,20,9,13,42,7.501295346,155,252,27.23958608,16.54024779,7.678179192,7.32721918,476,9,4,7,20,482,11,5,6,22,496,504,211,41,135,20
32,1000,70,5.13,10.3,18,37,87,938,33,19,10,62,7.786658109,378,473,234.9899144,145.1068491,10.45569525,5.149458388,443,28,16,10,54,495,5,3,0,8,497,503,454,19,369,9
34,1000,70,5.13,10.3,18,37,42,961,24,7,8,39,7.6910909,172,260,32.36247269,20.47336681,7.879515866,7.489402064,495,14,3,5,22,466,10,4,3,17,517,483,225,35,157,15
36,1000,70,5.13,10.3,18,37,35,967,18,8,7,33,7.536875756,144,256,27.39527228,15.97970566,7.471772609,7.604365575,495,8,4,2,14,472,10,4,5,19,509,491,198,58,127,17
38,1000,70,5.13,10.3,18,37,33,964,23,3,10,36,7.535441715,170,254,28.18272029,15.4232717,7.393854709,7.669315811,467,14,2,3,19,497,9,1,7,17,486,514,209,45,146,24
39,1000,70,5.13,10.3,18,37,31,952,30,10,8,48,7.593825876,145,229,24.33957895,13.76837337,7.504426416,7.690288079,495,16,3,5,24,457,14,7,3,24,519,481,186,43,124,21
33,1000,70,5.13,10.3,18,37,43,961,24,4,11,39,7.638223479,158,282,34.09455662,23.78624468,7.7935242,7.481675363,475,16,3,8,27,486,8,1,3,12,502,498,240,42,142,16
37,1000,70,5.13,10.3,18,37,35,961,21,8,10,39,7.871985897,164,254,29.6108128,17.26382194,8.313427802,7.452917266,464,11,4,8,23,497,10,4,2,16,487,513,203,51,137,27
35,1000,70,5.13,10.3,18,37,40,957,20,9,14,43,7.540281223,166,278,27.96824245,16.98022155,7.746162714,7.337667691,475,9,5,7,21,482,11,4,7,22,496,504,237,41,144,22
34,1000,70,5.13,10.3,18,37,43,961,24,7,8,39,7.714271947,164,292,33.77631249,21.42202178,7.906003863,7.509043374,495,14,3,5,22,466,10,4,3,17,517,483,249,43,150,14
32,1000,70,5.13,10.3,18,37,88,937,34,19,10,63,7.780540327,385,458,247.2881076,152.3401479,10.50222023,5.091325793,442,29,16,10,55,495,5,3,0,8,497,503,445,13,377,8
36,1000,70,5.13,10.3,18,37,36,967,18,8,7,33,7.569818356,157,232,28.20579633,16.52020073,7.516106422,7.625499363,495,8,4,2,14,472,10,4,5,19,509,491,184,48,135,22
39,1000,70,5.13,10.3,18,37,32,953,30,9,8,47,7.597002345,133,262,24.99643242,14.18690043,7.562453834,7.634280259,494,17,3,5,25,459,13,6,3,22,519,481,202,60,112,21
38,1000,70,5.13,10.3,18,37,34,962,25,3,10,38,7.536143674,137,221,29.62736269,16.21335982,7.407030213,7.658223716,467,14,2,3,19,495,11,1,7,19,486,514,175,46,116,21
33,1000,70,5.13,10.3,18,37,44,961,24,4,11,39,7.642619985,180,287,35.08169422,24.58597829,7.839619102,7.444038545,475,16,3,8,27,486,8,1,3,12,502,498,247,40,169,11
35,1000,70,5.13,10.3,18,37,41,958,21,8,13,42,7.551809356,171,278,28.65238719,17.39495245,7.76155228,7.345395684,476,9,5,6,20,482,12,3,7,22,496,504,230,48,147,24
37,1000,70,5.13,10.3,18,37,36,960,22,8,10,40,7.907428329,138,275,30.8546168,18.10362807,8.36603229,7.472067453,464,11,4,8,23,496,11,4,2,17,487,513,229,46,123,15
34,1000,70,5.13,10.3,18,37,44,961,24,7,8,39,7.735225217,186,279,34.90900764,22.18319838,7.938548085,7.517589765,495,14,3,5,22,466,10,4,3,17,517,483,245,34,169,17
36,1000,70,5.13,10.3,18,37,37,968,18,7,7,32,7.549683533,153,269,29.37718127,17.29378261,7.538025789,7.561768648,495,8,4,2,14,473,10,3,5,18,509,491,210,59,143,10
39,1000,70,5.13,10.3,18,37,33,953,30,9,8,47,7.596008074,151,239,25.83323381,14.68181564,7.592480913,7.599813888,494,17,3,5,25,459,13,6,3,22,519,481,186,53,127,24
32,1000,70,5.13,10.3,18,37,89,935,35,19,11,65,7.795020481,395,474,254.9785107,157.244036,10.56110794,5.061928099,441,29,16,11,56,494,6,3,0,9,497,503,456,18,388,7
38,1000,70,5.13,10.3,18,37,35,963,24,3,10,37,7.538993562,148,252,31.76141892,17.27145904,7.39148062,7.67847078,468,13,2,3,18,495,11,1,7,19,486,514,213,39,127,21
33,1000,70,5.13,10.3,18,37,45,962,23,6,9,38,7.632838947,165,269,36.16534205,25.31855049,7.849578838,7.414358173,475,16,5,6,27,487,7,1,3,11,502,498,239,30,148,17
35,1000,70,5.13,10.3,18,37,42,958,21,8,13,42,7.579378532,168,288,29.51097584,17.95402974,7.80787009,7.354513825,476,9,5,6,20,482,12,3,7,22,496,504,235,53,153,15
37,1000,70,5.13,10.3,18,37,37,961,22,7,10,39,7.885811627,176,258,32.24291493,19.27332348,8.369677122,7.426469529,464,11,4,8,23,497,11,3,2,16,487,513,220,38,160,16
34,1000,70,5.13,10.3,18,37,45,962,23,8,7,38,7.724689919,193,284,35.97544941,22.99403277,7.965193458,7.467256524,495,14,4,4,22,467,9,4,3,16,517,483,231,53,179,14
36,1000,70,5.13,10.3,18,37,38,969,18,6,7,31,7.502400803,176,254,30.55638689,18.08320805,7.532930856,7.470751522,495,8,4,2,14,474,10,2,5,17,509,491,211,43,147,29
39,1000,70,5.13,10.3,18,37,34,953,29,10,8,47,7.61086418,154,258,26.54289433,15.16964973,7.586096373,7.637588695,494,17,3,5,25,459,12,7,3,22,519,481,200,58,137,17
38,1000,70,5.13,10.3,18,37,36,963,24,3,10,37,7.548563595,158,252,33.93956734,18.43701956,7.430172033,7.660505811,468,13,2,3,18,495,11,1,7,19,486,514,212,40,140,18
33,1000,70,5.13,10.3,18,37,46,960,25,6,9,40,7.651749655,185,278,37.46477741,26.5016749,7.891055347,7.41052183,474,17,5,6,28,486,8,1,3,12,502,498,235,43,170,15
32,1000,70,5.13,10.3,18,37,90,936,35,18,11,64,7.750314894,394,468,266.5542196,163.6086718,10.5593439,4.974793189,442,29,15,11,55,494,6,3,0,9,497,503,450,18,385,9
35,1000,70,5.13,10.3,18,37,43,960,20,7,13,40,7.591230832,168,283,30.36267537,18.56410915,7.844522272,7.341959891,477,9,4,6,19,483,11,3,7,21,496,504,245,38,153,15
37,1000,70,5.13,10.3,18,37,38,961,22,7,10,39,7.918739266,184,257,33.46307477,20.31563384,8.425892073,7.43729011,463,12,4,8,24,498,10,3,2,15,487,513,203,54,163,21
34,1000,70,5.13,10.3,18,37,46,959,26,8,7,41,7.729783636,185,287,37.28943387,23.86727011,8.017297831,7.422030346,494,15,4,4,23,465,11,4,3,18,517,483,250,37,170,15
36,1000,70,5.13,10.3,18,37,39,969,17,7,7,31,7.500681147,178,263,31.41245048,18.64419047,7.565137835,7.433861484,494,9,4,2,15,475,8,3,5,16,509,491,217,46,163,15
39,1000,70,5.13,10.3,18,37,35,954,29,9,8,46,7.579175123,150,239,27.56249759,15.79115767,7.601988052,7.554559926,494,17,3,5,25,460,12,6,3,21,519,481,205,34,132,18
33,1000,70,5.13,10.3,18,37,47,960,25,6,9,40,7.697944371,166,276,38.84378409,27.9152806,7.951874198,7.441974948,474,17,5,6,28,486,8,1,3,12,502,498,234,42,150,16
38,1000,70,5.13,10.3,18,37,37,962,24,4,10,38,7.53980281,164,293,36.8282271,19.87249066,7.47634427,7.599804465,467,13,3,3,19,495,11,1,7,19,486,514,233,60,150,14
32,1000,70,5.13,10.3,18,37,91,935,36,18,11,65,7.707606111,391,473,281.5373252,172.6555961,10.58903071,4.860552382,441,30,15,11,56,494,6,3,0,9,497,503,457,16,384,7
35,1000,70,5.13,10.3,18,37,44,959,20,8,13,41,7.616786699,162,279,31.15556246,19.18092822,7.896562966,7.341451326,477,8,5,6,19,482,12,3,7,22,496,504,236,43,144,18
37,1000,70,5.13,10.3,18,37,39,961,22,7,10,39,7.91403139,187,263,34.67530472,21.23087328,8.462868602,7.39301049,463,12,4,8,24,498,10,3,2,15,487,513,222,41,169,18
34,1000,70,5.13,10.3,18,37,47,960,25,7,8,40,7.751554766,192,276,38.66846731,24.72515301,8.103353993,7.374991204,494,15,3,5,23,466,10,4,3,17,517,483,240,36,176,16
36,1000,70,5.13,10.3,18,37,40,971,17,6,6,29,7.492757283,183,289,32.82478385,19.56507879,7.583940657,7.398231138,494,10,3,2,15,477,7,3,4,14,509,491,246,43,162,21
39,1000,70,5.13,10.3,18,37,36,954,30,10,6,46,7.579333592,152,257,28.66761184,16.49654871,7.685165753,7.465140471,493,18,4,4,26,461,12,6,2,20,519,481,217,40,137,15
33,1000,70,5.13,10.3,18,37,48,961,25,6,8,39,7.688391062,175,287,40.60272653,29.58794848,8.001434686,7.372833032,474,17,5,6,28,487,8,1,2,11,502,498,246,41,169,6
38,1000,70,5.13,10.3,18,37,38,961,26,4,9,39,7.530436673,160,253,41.06150282,22.00877058,7.494282413,7.564621441,466,14,3,3,20,495,12,1,6,19,486,514,212,41,148,12
32,1000,70,5.13,10.3,18,37,92,935,35,18,12,65,7.697760728,399,475,294.6247098,180.4425268,10.6219005,4.808501347,441,29,15,12,56,494,6,3,0,9,497,503,458,17,391,8
35,1000,70,5.13,10.3,18,37,45,962,17,8,13,38,7.585178825,176,314,32.39692406,20.11340063,7.917219588,7.25840855,477,8,5,6,19,485,9,3,7,19,496,504,270,44,163,13
37,1000,70,5.13,10.3,18,37,40,961,22,7,10,39,7.96493164,177,280,35.87595531,22.18957417,8.537998058,7.420909524,463,12,4,8,24,498,10,3,2,15,487,513,240,40,157,20
34,1000,70,5.13,10.3,18,37,48,956,29,8,7,44,7.73461732,186,307,40.11767374,25.6977184,8.173965862,7.264341551,492,16,4,5,25,464,13,4,2,19,517,483,258,49,173,13
36,1000,70,5.13,10.3,18,37,41,970,18,6,6,30,7.485207136,181,285,34.30369022,20.56177544,7.624470004,7.340838908,494,10,3,2,15,476,8,3,4,15,509,491,242,43,165,16
39,1000,70,5.13,10.3,18,37,37,957,26,11,6,43,7.554293335,179,270,29.79785769,17.19334297,7.725034784,7.370062957,492,19,4,4,27,465,7,7,2,16,519,481,221,49,152,27
33,1000,70,5.13,10.3,18,37,49,961,25,6,8,39,7.658811407,205,289,42.10679461,30.57711341,7.993452126,7.32148281,474,17,5,6,28,487,8,1,2,11,502,498,244,45,183,22
38,1000,70,5.13,10.3,18,37,39,962,25,4,9,38,7.519762704,181,255,45.57713959,24.28058269,7.521253854,7.518352783,466,14,3,3,20,496,11,1,6,18,486,514,222,33,159,22
35,1000,70,5.13,10.3,18,37,46,961,18,8,13,39,7.614412672,176,307,33.80182534,21.16055534,7.96644112,7.267971977,477,8,5,6,19,484,10,3,7,20,496,504,262,45,160,16
32,1000,70,5.13,10.3,18,37,93,936,36,17,11,64,7.628670264,402,490,314.3611862,192.2186264,10.59461784,4.69810178,442,30,14,11,55,494,6,3,0,9,497,503,467,23,393,9
34,1000,70,5.13,10.3,18,37,49,956,29,8,7,44,7.741213092,218,290,41.64991285,26.6028968,8.190713276,7.260071073,492,16,4,5,25,464,13,4,2,19,517,483,252,38,194,24
37,1000,70,5.13,10.3,18,37,41,961,22,7,10,39,7.969968392,185,279,37.27168731,23.51763194,8.585725686,7.385419071,463,12,4,8,24,498,10,3,2,15,487,513,246,33,168,17
36,1000,70,5.13,10.3,18,37,42,970,19,5,6,30,7.445196964,183,300,36.22916015,21.75726987,7.653441358,7.229318357,493,11,3,2,16,477,8,2,4,14,509,491,252,48,168,15
33,1000,70,5.13,10.3,18,37,50,960,26,6,8,40,7.675122011,210,282,44.05990326,31.80142324,8.03924531,7.308074028,474,17,5,6,28,486,9,1,2,12,502,498,251,31,184,26
39,1000,70,5.13,10.3,18,37,38,957,27,11,5,43,7.522490117,171,278,30.80106296,17.80828781,7.743727513,7.283774507,492,19,4,4,27,465,8,7,1,16,519,481,228,50,155,16
38,1000,70,5.13,10.3,18,37,40,962,25,4,9,38,7.535043412,193,302,47.00709369,25.08047309,7.609293364,7.464838205,466,14,3,3,20,496,11,1,6,18,486,514,265,37,170,23
35,1000,70,5.13,10.3,18,37,47,963,18,7,12,37,7.601869218,187,308,34.97927054,21.98606088,7.974657244,7.234998463,478,8,4,6,18,485,10,3,6,19,496,504,255,53,172,15
34,1000,70,5.13,10.3,18,37,50,956,29,8,7,44,7.734056226,207,316,43.04216173,27.49964641,8.23407129,7.198843414,492,16,4,5,25,464,13,4,2,19,517,483,273,43,192,15
32,1000,70,5.13,10.3,18,37,94,935,35,19,11,65,7.653333927,418,481,339.1756675,208.563151,10.6432884,4.699044911,441,30,15,11,56,494,5,4,0,9,497,503,467,14,401,17
37,1000,70,5.13,10.3,18,37,42,962,21,7,10,38,7.981525119,181,300,38.50830286,24.5171737,8.610354845,7.384565905,464,11,4,8,23,498,10,3,2,15,487,513,248,52,165,16
36,1000,70,5.13,10.3,18,37,43,971,19,5,5,29,7.420357348,188,287,38.02922252,22.93994541,7.689119427,7.141742484,493,11,3,2,16,478,8,2,3,13,509,491,243,44,169,19
39,1000,70,5.13,10.3,18,37,39,958,26,11,5,42,7.511326339,158,254,31.84312461,18.38400362,7.770506409,7.231670505,492,19,4,4,27,466,7,7,1,15,519,481,205,49,147,11
33,1000,70,5.13,10.3,18,37,51,959,27,6,8,41,7.701734218,196,300,45.89851082,33.2735327,8.10927339,7.29092164,474,17,5,6,28,485,10,1,2,13,502,498,274,26,184,12
38,1000,70,5.13,10.3,18,37,41,963,25,4,8,37,7.520987503,167,287,51.13234982,27.14750326,7.608757951,7.437998324,466,14,3,3,20,497,11,1,5,17,486,514,245,42,152,15
35,1000,70,5.13,10.3,18,37,48,963,17,7,13,37,7.587774532,199,293,36.63551485,23.12867991,8.004533503,7.177630783,478,7,4,7,18,485,10,3,6,19,496,504,255,38,182,17
34,1000,70,5.13,10.3,18,37,51,956,30,8,6,44,7.714879747,215,309,44.5945569,28.52953733,8.235307166,7.157817685,492,16,4,5,25,464,14,4,1,19,517,483,280,29,194,21
37,1000,70,5.13,10.3,18,37,43,961,22,6,11,39,7.973094744,198,284,40.3816406,26.2288666,8.635248274,7.344500651,463,12,3,9,24,498,10,3,2,15,487,513,253,31,179,19
36,1000,70,5.13,10.3,18,37,44,970,20,5,5,30,7.4551447,197,287,39.93905937,24.11535148,7.768516021,7.130285224,492,12,3,2,17,478,8,2,3,13,509,491,250,37,176,21
32,1000,70,5.13,10.3,18,37,95,935,35,19,11,65,7.63649286,415,480,361.8912089,222.1182854,10.6719185,4.637275079,441,30,15,11,56,494,5,4,0,9,497,503,467,13,408,7
39,1000,70,5.13,10.3,18,37,40,959,26,10,5,41,7.511964588,161,250,33.063243,19.0075446,7.812625044,7.187551332,492,19,4,4,27,467,7,6,1,14,519,481,212,38,145,16
33,1000,70,5.13,10.3,18,37,52,959,27,6,8,41,7.69432098,214,309,48.17307816,35.024531,8.142161495,7.242883352,474,17,5,6,28,485,10,1,2,13,502,498,273,36,192,22
38,1000,70,5.13,10.3,18,37,42,963,25,4,8,37,7.551569796,180,282,54.53618302,28.92847856,7.663727558,7.445521796,466,14,3,3,20,497,11,1,5,17,486,514,244,38,166,14
35,1000,70,5.13,10.3,18,37,49,963,17,7,13,37,7.58591887,202,312,38.51330454,24.4557341,8.024966734,7.15384002,478,7,4,7,18,485,10,3,6,19,496,504,279,33,179,23
34,1000,70,5.13,10.3,18,37,52,958,29,7,6,42,7.708914083,220,318,46.54421737,29.72537605,8.257947666,7.121232174,493,16,3,5,24,465,13,4,1,18,517,483,285,33,204,16
37,1000,70,5.13,10.3,18,37,44,961,23,6,10,39,7.962465562,173,288,41.49848208,26.98240217,8.638985124,7.32023354,462,14,3,8,25,499,9,3,2,14,487,513,253,35,153,20
36,1000,70,5.13,10.3,18,37,45,970,21,5,4,30,7.462265518,185,303,41.6078162,25.08827505,7.795553165,7.116759587,492,12,3,2,17,478,9,2,2,13,509,491,260,43,170,15
39,1000,70,5.13,10.3,18,37,41,959,26,10,5,41,7.503349434,179,263,34.24361456,19.69669855,7.834140525,7.146425159,492,19,4,4,27,467,7,6,1,14,519,481,216,47,163,16
33,1000,70,5.13,10.3,18,37,53,959,26,6,9,41,7.690176311,200,332,50.42069647,36.81446367,8.202961439,7.173272426,474,16,5,7,28,485,10,1,2,13,502,498,298,34,189,11
32,1000,70,5.13,10.3,18,37,96,935,35,19,11,65,7.624610478,414,472,389.31744,239.1473849,10.7009389,4.584977823,441,30,15,11,56,494,5,4,0,9,497,503,460,12,408,6
38,1000,70,5.13,10.3,18,37,43,963,25,4,8,37,7.566237921,189,280,57.75596495,30.51106218,7.722236595,7.418737229,466,14,3,3,20,497,11,1,5,17,486,514,245,35,175,14
35,1000,70,5.13,10.3,18,37,50,964,17,7,12,36,7.56128451,194,319,40.13535429,25.58293956,8.048213896,7.082084162,478,7,4,7,18,486,10,3,5,18,496,504,278,41,177,17
34,1000,70,5.13,10.3,18,37,53,958,28,8,6,42,7.727000134,212,315,48.45083316,30.97714779,8.306359762,7.106857427,493,15,4,5,24,465,13,4,1,18,517,483,267,48,204,8
37,1000,70,5.13,10.3,18,37,45,961,23,6,10,39,7.951768026,191,304,43.24713388,28.48889378,8.656076664,7.283155342,462,14,3,8,25,499,9,3,2,14,487,513,271,33,169,22
36,1000,70,5.13,10.3,18,37,46,970,21,5,4,30,7.44171366,206,314,43.96283031,26.4892867,7.842142481,7.026605168,491,13,3,2,18,479,8,2,2,12,509,491,274,40,193,13
39,1000,70,5.13,10.3,18,37,42,957,27,11,5,43,7.514863611,188,268,35.61764236,20.4326347,7.884028579,7.116533843,490,20,5,4,29,467,7,6,1,14,519,481,233,35,165,23
33,1000,70,5.13,10.3,18,37,54,960,25,6,9,40,7.688378501,187,313,54.02442116,39.7119036,8.255625853,7.116574947,474,16,5,7,28,486,9,1,2,12,502,498,285,28,178,9
32,1000,70,5.13,10.3,18,37,97,935,34,20,11,65,7.645501757,422,490,410.6070454,252.4707836,10.7501458,4.577891247,441,29,16,11,56,494,5,4,0,9,497,503,472,18,412,10
38,1000,70,5.13,10.3,18,37,44,962,24,6,8,38,7.59429883,191,288,62.67763346,32.97726234,7.78346195,7.415440316,466,12,5,3,20,496,12,1,5,18,486,514,255,33,176,15
35,1000,70,5.13,10.3,18,37,51,963,18,7,12,37,7.568460475,212,329,42.09275041,26.95003064,8.097763658,7.047558929,477,8,4,7,19,486,10,3,5,18,496,504,293,36,195,17
34,1000,70,5.13,10.3,18,37,54,960,27,8,5,40,7.680548274,218,335,49.96644653,31.95554987,8.33527121,6.979737181,493,15,4,5,24,467,12,4,0,16,517,483,300,35,204,14
37,1000,70,5.13,10.3,18,37,46,961,24,5,10,39,7.964158339,186,315,44.93949633,30.10525022,8.681321561,7.283342572,462,14,3,8,25,499,10,2,2,14,487,513,278,37,176,10
36,1000,70,5.13,10.3,18,37,47,971,20,5,4,29,7.413502985,217,301,46.07762974,27.82443239,7.859216142,6.951450039,492,12,3,2,17,479,8,2,2,12,509,491,268,33,195,22
39,1000,70,5.13,10.3,18,37,43,956,28,11,5,44,7.500818353,183,271,37.18532555,21.30256407,7.907097866,7.062441913,489,21,5,4,30,467,7,6,1,14,519,481,229,42,167,16
33,1000,70,5.13,10.3,18,37,55,959,26,6,9,41,7.696338582,210,321,57.02414564,42.26219109,8.288046094,7.099878399,474,16,5,7,28,485,10,1,2,13,502,498,285,36,191,19
38,1000,70,5.13,10.3,18,37,45,962,24,6,8,38,7.600004296,176,303,66.64096024,35.24304438,7.805126566,7.406056001,466,12,5,3,20,496,12,1,5,18,486,514,269,34,162,14
32,1000,70,5.13,10.3,18,37,98,934,34,21,11,66,7.652549228,417,485,430.4037255,265.6662304,10.847459,4.495749716,439,30,17,11,58,495,4,4,0,8,497,503,469,16,410,7
35,1000,70,5.13,10.3,18,37,52,963,18,7,12,37,7.575041736,203,341,44.26568229,28.328687,8.153240987,7.00602025,477,8,4,7,19,486,10,3,5,18,496,504,301,40,186,17
34,1000,70,5.13,10.3,18,37,55,960,27,8,5,40,7.714851955,205,321,52.81425785,33.70398106,8.408023637,6.97288558,493,15,4,5,24,467,12,4,0,16,517,483,283,38,195,10
37,1000,70,5.13,10.3,18,37,47,962,25,3,10,38,7.939830998,192,312,46.9825786,31.8637398,8.729997153,7.18971225,463,15,1,8,24,499,10,2,2,14,487,513,270,42,179,13
36,1000,70,5.13,10.3,18,37,48,971,21,5,3,29,7.440833259,216,317,48.89267291,29.40610814,7.939766507,6.92360918,492,12,3,2,17,479,9,2,1,12,509,491,277,40,200,16
39,1000,70,5.13,10.3,18,37,44,955,29,11,5,45,7.504864924,198,286,38.95277788,22.27097667,7.940264741,7.035067615,488,22,5,4,31,467,7,6,1,14,519,481,240,46,176,22
33,1000,70,5.13,10.3,18,37,56,958,27,6,9,42,7.682098137,229,350,60.49435488,45.09203862,8.309701856,7.049453425,473,17,5,7,29,485,10,1,2,13,502,498,303,47,216,13
38,1000,70,5.13,10.3,18,37,46,962,24,6,8,38,7.62335592,195,321,72.02572786,38.39351074,7.813302348,7.443756768,466,12,5,3,20,496,12,1,5,18,486,514,275,46,177,18
35,1000,70,5.13,10.3,18,37,53,963,19,7,11,37,7.609845778,196,327,46.83304275,29.87157785,8.24454335,6.985222771,477,8,4,7,19,486,11,3,4,18,496,504,287,40,185,11
32,1000,70,5.13,10.3,18,37,99,934,33,22,11,66,7.614534689,433,489,457.5759751,281.7755085,10.87420151,4.393750576,438,30,18,11,59,496,3,4,0,7,497,503,474,15,422,11
34,1000,70,5.13,10.3,18,37,56,961,26,7,6,39,7.718492175,228,342,55.71696921,35.44178018,8.455067141,6.930067212,493,15,4,5,24,468,11,3,1,15,517,483,306,36,210,18
37,1000,70,5.13,10.3,18,37,48,964,23,3,10,36,7.923428202,215,316,48.3288061,32.65677443,8.753742898,7.135195732,463,15,1,8,24,501,8,2,2,12,487,513,286,30,198,17
36,1000,70,5.13,10.3,18,37,49,972,20,5,3,28,7.434862282,209,304,51.33370641,30.76625632,8.017639368,6.83072066,492,12,3,2,17,480,8,2,1,11,509,491,271,33,192,17
39,1000,70,5.13,10.3,18,37,45,955,29,11,5,45,7.548446218,175,307,41.03637857,23.46599775,8.003285869,7.05767329,488,22,5,4,31,467,7,6,1,14,519,481,266,41,167,8
33,1000,70,5.13,10.3,18,37,57,956,29,5,10,44,7.686972118,216,327,63.49528197,47.62580224,8.37287931,6.995555632,472,18,5,7,30,484,11,0,3,14,502,498,301,26,203,13
38,1000,70,5.13,10.3,18,37,47,962,23,7,8,38,7.621591735,182,301,76.69371134,40.92998249,7.843301785,7.411959274,466,11,6,3,20,496,12,1,5,18,486,514,273,28,169,13
35,1000,70,5.13,10.3,18,37,54,964,18,7,11,36,7.60539252,234,341,50.20751303,31.86679389,8.290329963,6.931327099,476,8,5,7,20,488,10,2,4,16,496,504,307,34,217,17
34,1000,70,5.13,10.3,18,37,57,961,26,7,6,39,7.722609437,228,327,58.73619326,37.34004172,8.488499452,6.90280584,493,15,4,5,24,468,11,3,1,15,517,483,292,35,219,9
32,1000,70,5.13,10.3,18,37,100,934,32,23,11,66,7.61516206,432,487,481.3325376,295.8547344,10.91431566,4.355362177,438,29,19,11,59,496,3,4,0,7,497,503,474,13,426,6
36,1000,70,5.13,10.3,18,37,50,972,20,4,4,28,7.451137477,205,335,53.59947157,32.09092379,8.074402683,6.805023445,492,12,2,3,17,480,8,2,1,11,509,491,283,52,195,10
37,1000,70,5.13,10.3,18,37,49,964,23,3,10,36,7.903138796,214,330,49.66905131,33.46808693,8.765088773,7.084874393,463,15,1,8,24,501,8,2,2,12,487,513,297,33,199,15
39,1000,70,5.13,10.3,18,37,46,955,29,11,5,45,7.560065874,196,280,45.40485795,25.86906925,8.074785686,7.004682128,487,23,5,4,32,468,6,6,1,13,519,481,238,42,180,16
33,1000,70,5.13,10.3,18,37,58,956,29,6,9,44,7.677228684,245,334,65.85422899,49.23656536,8.439277796,6.909058696,472,17,6,7,30,484,12,0,2,14,502,498,307,27,229,16
38,1000,70,5.13,10.3,18,37,48,963,22,7,8,37,7.621190267,180,308,82.61278108,44.33342334,7.893270697,7.363931338,466,11,6,3,20,497,11,1,5,17,486,514,276,32,173,7
35,1000,70,5.13,10.3,18,37,55,963,17,8,12,37,7.651106553,206,330,54.54687787,34.57437741,8.382331423,6.931488427,476,7,5,8,20,487,10,3,4,17,496,504,301,29,191,15
34,1000,70,5.13,10.3,18,37,58,962,24,8,6,38,7.714889639,253,352,60.59780974,38.43566672,8.540830165,6.830808371,493,15,4,5,24,469,9,4,1,14,517,483,316,36,235,18
36,1000,70,5.13,10.3,18,37,51,972,19,5,4,28,7.457951448,225,315,56.26630968,33.69595272,8.135069302,6.756010536,492,12,2,3,17,480,7,3,1,11,509,491,277,38,208,17
37,1000,70,5.13,10.3,18,37,50,966,21,4,9,34,7.903398595,235,342,51.82937079,35.39783487,8.822257157,7.031109862,463,15,1,8,24,503,6,3,1,10,487,513,307,35,222,13
32,1000,70,5.13,10.3,18,37,101,934,32,23,11,66,7.570133542,434,478,513.5252555,315.6247199,10.95253179,4.228081997,438,29,19,11,59,496,3,4,0,7,497,503,468,10,426,8
33,1000,70,5.13,10.3,18,37,59,954,30,7,9,46,7.685442959,241,344,68.92378483,51.22155009,8.50683158,6.85745684,471,17,7,7,31,483,13,0,2,15,502,498,313,31,223,18
39,1000,70,5.13,10.3,18,37,47,954,30,12,4,46,7.584880735,183,294,50.35340413,28.6588013,8.159757527,6.964587481,485,24,6,4,34,469,6,6,0,12,519,481,258,36,168,15
38,1000,70,5.13,10.3,18,37,49,963,22,7,8,37,7.654501637,201,326,87.37319616,47.04627739,7.938316952,7.386147077,466,11,6,3,20,497,11,1,5,17,486,514,286,40,187,14
35,1000,70,5.13,10.3,18,37,56,963,17,8,12,37,7.656793033,228,347,59.19562242,37.35248979,8.411241173,6.914320261,476,7,5,8,20,487,10,3,4,17,496,504,314,33,214,14
34,1000,70,5.13,10.3,18,37,59,963,23,8,6,37,7.689417576,236,357,62.77968101,39.96673846,8.539952472,6.779010659,493,15,4,5,24,470,8,4,1,13,517,483,330,27,220,16
36,1000,70,5.13,10.3,18,37,52,973,17,6,4,27,7.416175112,222,328,58.80190024,35.28284564,8.176874144,6.627588945,492,11,3,3,17,481,6,3,1,10,509,491,290,38,202,20
37,1000,70,5.13,10.3,18,37,51,964,22,5,9,36,7.958596049,209,325,54.26806149,37.34163988,8.928978998,7.037394302,461,16,2,8,26,503,6,3,1,10,487,513,288,37,195,14
33,1000,70,5.13,10.3,18,37,60,954,29,7,10,46,7.676541217,233,347,72.0571623,53.36154418,8.547891424,6.798192213,471,16,7,8,31,483,13,0,2,15,502,498,321,26,223,10
39,1000,70,5.13,10.3,18,37,48,954,29,13,4,46,7.653498855,185,298,54.73976222,31.11517193,8.292572559,6.963937001,485,24,6,4,34,469,5,7,0,12,519,481,263,35,166,19
32,1000,70,5.13,10.3,18,37,102,937,32,20,11,63,7.561752994,436,484,537.5533577,329.703863,11.0236756,4.141125687,439,29,18,11,58,498,3,2,0,5,497,503,477,7,428,8
38,1000,70,5.13,10.3,18,37,50,963,21,9,7,37,7.62545169,222,318,95.25308246,51.35549185,7.96777559,7.301775785,466,10,7,3,20,497,11,2,4,17,486,514,280,38,211,11
35,1000,70,5.13,10.3,18,37,57,963,17,8,12,37,7.644483028,202,342,64.52253111,40.45647671,8.423340917,6.877987964,476,7,5,8,20,487,10,3,4,17,496,504,305,37,196,6
34,1000,70,5.13,10.3,18,37,60,964,23,7,6,36,7.681042669,256,356,66.75898586,42.81671465,8.606340964,6.690609504,493,15,4,5,24,471,8,3,1,12,517,483,324,32,242,14
36,1000,70,5.13,10.3,18,37,53,974,16,6,4,26,7.396784636,217,329,61.42736009,36.71310877,8.194459964,6.569866629,492,11,3,3,17,482,5,3,1,9,509,491,295,34,211,6
37,1000,70,5.13,10.3,18,37,52,964,23,5,8,36,7.945373842,234,340,56.55787109,38.76078461,8.988756094,6.954872562,461,16,2,8,26,503,7,3,0,10,487,513,303,37,222,12
33,1000,70,5.13,10.3,18,37,61,954,29,7,10,46,7.665441223,240,341,75.76393258,56.42493354,8.548652385,6.775135995,471,16,7,8,31,483,13,0,2,15,502,498,305,36,226,14
39,1000,70,5.13,10.3,18,37,49,955,28,13,4,45,7.659289804,179,308,61.87232267,35.15180202,8.32973774,6.935875088,485,24,6,4,34,470,4,7,0,11,519,481,264,44,164,15
32,1000,70,5.13,10.3,18,37,103,937,32,20,11,63,7.57813061,435,490,568.9619068,350.2494242,11.06474404,4.133107006,439,29,18,11,58,498,3,2,0,5,497,503,476,14,425,10
35,1000,70,5.13,10.3,18,37,58,961,19,9,11,39,7.620401158,249,340,70.91107697,44.11435162,8.475730983,6.778647997,474,9,5,8,22,487,10,4,3,17,496,504,315,25,235,14
38,1000,70,5.13,10.3,18,37,51,965,18,10,7,35,7.622030834,187,335,100.7292947,54.44026625,7.999470974,7.265151634,466,9,8,3,20,499,9,2,4,15,486,514,296,39,175,12
34,1000,70,5.13,10.3,18,37,61,964,23,7,6,36,7.680795006,258,335,69.79469149,44.73319179,8.639456612,6.654649975,493,15,4,5,24,471,8,3,1,12,517,483,311,24,240,18
36,1000,70,5.13,10.3,18,37,54,973,17,6,4,27,7.39088144,236,356,63.77903485,38.10993472,8.220276254,6.531081114,491,12,3,3,18,482,5,3,1,9,509,491,317,39,218,18
37,1000,70,5.13,10.3,18,37,53,964,23,5,8,36,7.944534177,242,341,58.9672322,40.18642357,9.046590762,6.898332311,461,16,2,8,26,503,7,3,0,10,487,513,303,38,229,13
33,1000,70,5.13,10.3,18,37,62,953,30,7,10,47,7.696392687,237,357,80.82833141,61.17700364,8.605538291,6.77994471,470,17,7,8,32,483,13,0,2,15,502,498,326,31,224,13
39,1000,70,5.13,10.3,18,37,50,956,29,11,4,44,7.622943693,208,317,67.31024138,39.01353713,8.361553622,6.825982044,484,25,6,4,35,472,4,5,0,9,519,481,282,35,191,17
32,1000,70,5.13,10.3,18,37,104,936,33,20,11,64,7.607764047,444,490,606.5421295,373.5020306,11.14876207,4.109004566,438,30,18,11,59,498,3,2,0,5,497,503,474,16,436,8
40,1000,70,5.13,10.3,18,37,0,931,26,20,23,69,7.731,102,177,17.60050641,9.406806194,6.378881988,8.994197292,466,11,2,4,17,465,15,18,19,52,483,517,106,71,66,36
35,1000,70,5.13,10.3,18,37,59,962,18,9,11,38,7.609140494,245,346,77.65034196,47.96377615,8.511371795,6.721230325,474,9,5,8,22,488,9,4,3,16,496,504,322,24,233,12
38,1000,70,5.13,10.3,18,37,52,966,16,11,7,34,7.612322983,230,323,110.6920294,59.98551509,8.050903663,7.197633858,465,9,9,3,21,501,7,2,4,13,486,514,293,30,219,11
34,1000,70,5.13,10.3,18,37,62,965,22,7,6,35,7.697826524,260,370,72.72124931,46.4904224,8.693605964,6.631950808,493,15,4,5,24,472,7,3,1,11,517,483,339,31,244,16
36,1000,70,5.13,10.3,18,37,55,972,18,6,4,28,7.385125192,239,348,67.03919969,39.95697225,8.277538766,6.459995845,490,13,3,3,19,482,5,3,1,9,509,491,315,33,220,19
37,1000,70,5.13,10.3,18,37,54,963,24,5,8,37,7.945426115,226,359,61.41132347,41.51141663,9.066382529,6.881282307,461,16,2,8,26,502,8,3,0,11,487,513,331,28,214,12
33,1000,70,5.13,10.3,18,37,63,953,30,7,10,47,7.714529208,272,372,84.78554993,63.9007687,8.641040428,6.78057613,470,17,7,8,32,483,13,0,2,15,502,498,342,30,251,21
39,1000,70,5.13,10.3,18,37,51,956,28,11,5,44,7.625707036,210,333,77.6054504,45.44049716,8.400105869,6.790129085,484,24,7,4,35,472,4,4,1,9,519,481,299,34,194,16
35,1000,70,5.13,10.3,18,37,60,961,19,9,11,39,7.591105371,280,364,84.58766831,52.28026279,8.573960139,6.623851473,473,10,5,8,23,488,9,4,3,16,496,504,335,29,267,13
38,1000,70,5.13,10.3,18,37,53,967,14,13,6,33,7.590424204,230,336,117.6075067,63.89181517,8.057397303,7.148889328,466,7,10,3,20,501,7,3,3,13,486,514,302,34,211,19
34,1000,70,5.13,10.3,18,37,63,965,22,7,6,35,7.659984796,259,365,76.86985856,49.17176787,8.705467704,6.540906818,493,15,4,5,24,472,7,3,1,11,517,483,325,40,246,13
40,1000,70,5.13,10.3,18,37,1,932,25,21,22,68,7.74502095,104,174,17.64955787,9.475773345,6.397007162,9.004383928,467,9,3,4,16,465,16,18,18,52,483,517,108,66,68,36
36,1000,70,5.13,10.3,18,37,56,974,16,5,5,26,7.363416916,232,352,71.65633658,42.53291324,8.295270423,6.397401773,491,12,2,4,18,483,4,3,1,8,509,491,319,33,220,12
37,1000,70,5.13,10.3,18,37,55,963,24,5,8,37,7.942822403,233,357,64.01573118,42.92983432,9.119984535,6.825321509,461,16,2,8,26,502,8,3,0,11,487,513,326,31,215,18
33,1000,70,5.13,10.3,18,37,64,953,30,7,10,47,7.725977968,243,370,88.79212744,66.72339922,8.674595383,6.769741136,470,17,7,8,32,483,13,0,2,15,502,498,344,26,229,14
39,1000,70,5.13,10.3,18,37,52,956,28,11,5,44,7.601929194,224,342,83.8116108,49.50601268,8.407647391,6.732557584,484,24,7,4,35,472,4,4,1,9,519,481,292,50,210,14
35,1000,70,5.13,10.3,18,37,61,960,20,9,11,40,7.565355748,263,377,94.85837616,58.26892199,8.580226282,6.566594271,473,10,5,8,23,487,10,4,3,17,496,504,347,30,248,15
34,1000,70,5.13,10.3,18,37,64,963,24,7,6,37,7.664582254,275,353,81.13822073,51.99868786,8.72818278,6.526111296,492,16,4,5,25,471,8,3,1,12,517,483,324,29,267,8
38,1000,70,5.13,10.3,18,37,54,967,12,14,7,33,7.587174649,250,330,125.8919893,68.96698733,8.092260725,7.10960299,466,6,11,3,20,501,6,3,4,13,486,514,304,26,237,13
36,1000,70,5.13,10.3,18,37,57,974,16,5,5,26,7.367311768,248,355,74.45813854,44.19532818,8.356371584,6.341993141,491,12,2,4,18,483,4,3,1,8,509,491,316,39,232,16
40,1000,70,5.13,10.3,18,37,2,932,25,21,22,68,7.765000505,106,167,17.69542108,9.547921583,6.422089511,9.01959627,467,9,3,4,16,465,16,18,18,52,483,517,97,70,76,30
37,1000,70,5.13,10.3,18,37,56,963,24,5,8,37,7.877229502,244,361,66.78460897,44.48531691,9.112854371,6.704228895,461,16,2,8,26,502,8,3,0,11,487,513,333,28,227,17
33,1000,70,5.13,10.3,18,37,65,954,29,7,10,46,7.722754565,264,362,94.35204055,71.38717541,8.737806809,6.699549291,470,17,7,8,32,484,12,0,2,14,502,498,340,22,254,10
39,1000,70,5.13,10.3,18,37,53,955,27,13,5,45,7.608862216,235,329,91.95467288,54.45044774,8.468405772,6.681412932,484,22,9,4,35,471,5,4,1,10,519,481,291,38,212,23
35,1000,70,5.13,10.3,18,37,62,959,22,8,11,41,7.599225057,258,374,103.9417001,63.48546778,8.648692658,6.566415671,473,10,5,8,23,486,12,3,3,18,496,504,347,27,244,14
34,1000,70,5.13,10.3,18,37,65,964,23,7,6,36,7.655196781,255,371,85.02641828,54.87642908,8.758402194,6.474333015,492,16,4,5,25,472,7,3,1,11,517,483,340,31,251,4
38,1000,70,5.13,10.3,18,37,55,967,12,14,7,33,7.560669306,249,345,138.6158092,75.91582425,8.10135131,7.049440796,466,6,11,3,20,501,6,3,4,13,486,514,319,26,227,22
36,1000,70,5.13,10.3,18,37,58,973,17,5,5,27,7.401443002,261,344,78.11946944,46.36083134,8.415373603,6.350341829,490,13,2,4,19,483,4,3,1,8,509,491,317,27,247,14
37,1000,70,5.13,10.3,18,37,57,962,25,5,8,38,7.889089702,250,367,70.41245196,46.40997282,9.145995559,6.695886676,460,17,2,8,27,502,8,3,0,11,487,513,329,38,236,14
40,1000,70,5.13,10.3,18,37,3,935,24,18,23,65,7.725600959,91,159,17.76093938,9.630849158,6.45054234,8.916806593,467,9,3,4,16,468,15,15,19,49,483,517,97,62,64,27
33,1000,70,5.13,10.3,18,37,66,954,29,7,10,46,7.683438989,256,373,100.7902277,77.11144616,8.766594194,6.591583742,470,17,7,8,32,484,12,0,2,14,502,498,351,22,242,14
39,1000,70,5.13,10.3,18,37,54,957,25,13,5,43,7.617976627,217,325,106.4920965,63.01548933,8.502952636,6.663085674,484,21,10,4,35,473,4,3,1,8,519,481,288,37,201,16
35,1000,70,5.13,10.3,18,37,63,960,21,8,11,40,7.560862109,254,373,116.5230001,70.91666408,8.657727762,6.481407022,473,10,5,8,23,487,11,3,3,17,496,504,337,36,243,11
34,1000,70,5.13,10.3,18,37,66,962,25,7,6,38,7.639100329,276,354,88.88436836,57.05689723,8.815140622,6.380274592,490,18,4,5,27,472,7,3,1,11,517,483,327,27,266,10
38,1000,70,5.13,10.3,18,37,56,967,12,14,7,33,7.572839652,235,343,155.7172804,85.49129681,8.139793306,7.036770634,466,6,11,3,20,501,6,3,4,13,486,514,313,30,226,9
36,1000,70,5.13,10.3,18,37,59,972,18,5,5,28,7.401276628,253,358,82.31374129,48.84281864,8.444927373,6.319365775,490,13,2,4,19,482,5,3,1,9,509,491,327,31,236,17
37,1000,70,5.13,10.3,18,37,58,963,25,4,8,37,7.859003078,260,368,73.28446151,48.10126842,9.165419736,6.61879857,460,17,2,8,27,503,8,2,0,10,487,513,339,29,246,14
33,1000,70,5.13,10.3,18,37,67,954,29,7,10,46,7.650667768,272,369,106.7479975,82.61934276,8.789265288,6.502924886,470,17,7,8,32,484,12,0,2,14,502,498,343,26,261,11
39,1000,70,5.13,10.3,18,37,55,956,24,13,7,44,7.650975414,218,343,120.7071603,70.90103519,8.575310646,6.653615777,483,21,10,5,36,473,3,3,2,8,519,481,310,33,208,10
40,1000,70,5.13,10.3,18,37,4,937,24,17,22,63,7.713241241,93,170,17.81849392,9.694241798,6.508701303,8.838565787,467,9,3,4,16,470,15,14,18,47,483,517,106,64,65,28
35,1000,70,5.13,10.3,18,37,64,960,21,8,11,40,7.555320189,285,364,128.3868701,77.96322806,8.753283348,6.376372319,473,10,5,8,23,487,11,3,3,17,496,504,344,20,267,18
34,1000,70,5.13,10.3,18,37,67,962,25,7,6,38,7.662381995,277,385,93.71435543,60.00062103,8.904627862,6.332690248,490,18,4,5,27,472,7,3,1,11,517,483,346,39,268,9
38,1000,70,5.13,10.3,18,37,57,967,12,13,8,33,7.562778221,232,349,168.6043311,92.50549124,8.200550278,6.959748612,466,6,10,4,20,501,6,3,4,13,486,514,318,31,217,15
36,1000,70,5.13,10.3,18,37,60,972,18,5,5,28,7.38760534,242,349,85.59611625,50.74736667,8.458961053,6.276973858,490,13,2,4,19,482,5,3,1,9,509,491,318,31,229,13
37,1000,70,5.13,10.3,18,37,59,963,25,4,8,37,7.840985009,253,391,76.15620003,49.74980368,9.212204182,6.539262324,460,17,2,8,27,503,8,2,0,10,487,513,360,31,242,11
33,1000,70,5.13,10.3,18,37,68,954,27,9,10,46,7.628415625,274,372,111.3018407,86.18208157,8.843369373,6.403703212,469,16,9,8,33,485,11,0,2,13,502,498,351,21,262,12
39,1000,70,5.13,10.3,18,37,56,955,25,13,7,45,7.667362344,239,335,135.3931945,78.46712106,8.637099352,6.621014096,483,21,10,5,36,472,4,3,2,9,519,481,306,29,218,21
40,1000,70,5.13,10.3,18,37,5,937,24,17,22,63,7.738544263,100,184,17.9059727,9.757145034,6.574329751,8.826195345,466,10,3,4,17,471,14,14,18,46,483,517,107,77,75,25
35,1000,70,5.13,10.3,18,37,65,960,21,8,11,40,7.540079052,271,390,137.8379227,83.136185,8.779298074,6.320530175,473,10,5,8,23,487,11,3,3,17,496,504,358,32,252,19
34,1000,70,5.13,10.3,18,37,68,962,25,7,6,38,7.643255629,282,385,97.93824013,62.59502118,8.923967909,6.27238969,490,18,4,5,27,472,7,3,1,11,517,483,351,34,269,13
36,1000,70,5.13,10.3,18,37,61,975,17,4,4,25,7.368833711,262,359,89.6510803,53.21938088,8.490016128,6.206548884,490,13,2,4,19,485,4,2,0,6,509,491,330,29,247,15
38,1000,70,5.13,10.3,18,37,58,966,13,13,8,34,7.568328328,263,366,179.8683429,98.68473202,8.266900242,6.907810916,466,6,10,4,20,500,7,3,4,14,486,514,335,31,247,16
37,1000,70,5.13,10.3,18,37,60,963,24,5,8,37,7.820407425,267,386,79.5498946,52.29722759,9.191911816,6.518413977,460,17,2,8,27,503,7,3,0,10,487,513,352,34,248,19
33,1000,70,5.13,10.3,18,37,69,954,27,9,10,46,7.621911927,289,392,117.5286416,90.96118987,8.893429229,6.340181635,469,16,9,8,33,485,11,0,2,13,502,498,371,21,278,11
39,1000,70,5.13,10.3,18,37,57,953,27,13,7,47,7.699601898,247,340,159.2171147,89.73262463,8.702622479,6.617340606,482,22,10,5,37,471,5,3,2,10,519,481,299,41,233,14
35,1000,70,5.13,10.3,18,37,66,959,21,9,11,41,7.54115135,277,386,158.5307309,94.18663111,8.807059068,6.295337405,473,10,5,8,23,486,11,4,3,18,496,504,363,23,261,16
40,1000,70,5.13,10.3,18,37,6,937,25,17,21,63,7.751811263,91,198,18.00377014,9.836463824,6.544034429,8.880159833,466,11,3,3,17,471,14,14,18,46,483,517,125,73,66,25
34,1000,70,5.13,10.3,18,37,69,961,25,8,6,39,7.653089625,293,381,102.9555982,65.45473289,8.976388637,6.236639129,489,18,5,5,28,472,7,3,1,11,517,483,361,20,282,11
36,1000,70,5.13,10.3,18,37,62,976,16,4,4,24,7.360974621,276,354,93.73848879,55.50080677,8.522577316,6.156787714,490,13,2,4,19,486,3,2,0,5,509,491,325,29,264,12
38,1000,70,5.13,10.3,18,37,59,967,13,12,8,33,7.57551293,258,393,194.3095581,106.7870654,8.30135511,6.889210792,466,6,10,4,20,501,7,2,4,13,486,514,353,40,246,12
33,1000,70,5.13,10.3,18,37,70,954,28,9,9,46,7.535278309,277,391,125.3509752,96.59825714,8.925253805,6.134138352,468,17,9,8,34,486,11,0,1,12,502,498,365,26,267,10
37,1000,70,5.13,10.3,18,37,61,961,26,5,8,39,7.831108764,271,393,83.0837728,54.35367123,9.235089012,6.49828541,460,17,2,8,27,501,9,3,0,12,487,513,361,32,264,7
39,1000,70,5.13,10.3,18,37,58,953,28,13,6,47,7.711274393,244,353,184.1697892,100.9917661,8.72724532,6.615039652,483,22,10,4,36,470,6,3,2,11,519,481,306,47,232,12
35,1000,70,5.13,10.3,18,37,67,960,20,9,11,40,7.541584012,288,412,170.241356,100.9911774,8.840696599,6.26309226,473,10,5,8,23,487,10,4,3,17,496,504,386,26,278,10
34,1000,70,5.13,10.3,18,37,70,959,27,8,6,41,7.667131653,305,405,109.7933138,69.99312401,9.048545393,6.188475537,487,20,5,5,30,472,7,3,1,11,517,483,370,35,287,18
40,1000,70,5.13,10.3,18,37,7,937,25,18,20,63,7.757300221,113,193,18.15009643,9.953982003,6.564066551,8.872062045,466,11,3,3,17,471,14,15,17,46,483,517,118,75,78,35
36,1000,70,5.13,10.3,18,37,63,975,16,5,4,25,7.365933743,280,364,97.16533934,57.74195754,8.580738999,6.106593874,488,14,3,4,21,487,2,2,0,4,509,491,335,29,269,11
38,1000,70,5.13,10.3,18,37,60,966,15,11,8,34,7.545361848,260,365,203.4253555,111.9460113,8.303571765,6.828455195,465,7,10,4,21,501,8,1,4,13,486,514,339,26,247,13
33,1000,70,5.13,10.3,18,37,71,957,25,9,9,43,7.476802633,292,405,131.4438593,101.1944841,8.89381738,6.048406242,470,15,9,8,32,487,10,0,1,11,502,498,377,28,270,22
37,1000,70,5.13,10.3,18,37,62,961,26,5,8,39,7.83791919,276,378,86.19373722,57.08401394,9.271348187,6.477139617,459,18,2,8,28,502,8,3,0,11,487,513,351,27,254,22
39,1000,70,5.13,10.3,18,37,59,954,27,13,6,46,7.702228239,262,351,195.7495569,106.0114558,8.724991652,6.598664391,484,21,10,4,35,470,6,3,2,11,519,481,312,39,243,19
35,1000,70,5.13,10.3,18,37,68,960,20,9,11,40,7.521996865,282,399,185.4631933,109.309478,8.875449166,6.190027934,472,11,5,8,24,488,9,4,3,16,496,504,373,26,268,14
34,1000,70,5.13,10.3,18,37,71,959,27,8,6,41,7.656303556,299,401,116.0280189,73.87684584,9.070299533,6.14277163,487,20,5,5,30,472,7,3,1,11,517,483,368,33,293,6
36,1000,70,5.13,10.3,18,37,64,975,16,5,4,25,7.347843354,286,388,101.259458,60.55405458,8.590840393,6.059278195,488,14,3,4,21,487,2,2,0,4,509,491,353,35,274,12
38,1000,70,5.13,10.3,18,37,61,965,17,10,8,35,7.560514787,274,371,215.0523208,118.6875594,8.336611161,6.826696036,465,8,9,4,21,500,9,1,4,14,486,514,349,22,261,13
40,1000,70,5.13,10.3,18,37,8,939,25,16,20,61,7.77225545,97,185,18.23989568,10.03997784,6.620252546,8.84849801,466,11,3,3,17,473,14,13,17,44,483,517,126,59,73,24
33,1000,70,5.13,10.3,18,37,72,957,25,9,9,43,7.451956676,306,395,139.9600235,108.25937,8.900671162,5.991605929,470,15,9,8,32,487,10,0,1,11,502,498,378,17,294,12
37,1000,70,5.13,10.3,18,37,63,961,26,5,8,39,7.816457059,290,400,90.3996263,60.32418032,9.281436654,6.425725943,459,18,2,8,28,502,8,3,0,11,487,513,374,26,276,14
39,1000,70,5.13,10.3,18,37,60,953,27,13,7,47,7.701757005,271,348,217.2618286,116.1410066,8.764531603,6.555021003,484,20,10,5,35,469,7,3,2,12,519,481,314,34,256,15
35,1000,70,5.13,10.3,18,37,69,960,21,9,10,40,7.501101641,303,397,214.0623864,125.2093692,8.91717809,6.107502596,472,11,5,8,24,488,10,4,2,16,496,504,372,25,293,10
34,1000,70,5.13,10.3,18,37,72,959,27,8,6,41,7.644874414,317,392,124.2948144,78.73137235,9.089662985,6.098382299,486,21,5,5,31,473,6,3,1,10,517,483,363,29,304,13
36,1000,70,5.13,10.3,18,37,65,975,16,5,4,25,7.38167612,275,380,104.2528255,62.58955156,8.698675963,6.016395224,488,14,3,4,21,487,2,2,0,4,509,491,352,28,260,15
38,1000,70,5.13,10.3,18,37,62,965,17,10,8,35,7.55297639,278,375,232.2068927,128.2994855,8.384218742,6.767015723,463,10,9,4,23,502,7,1,4,12,486,514,346,29,265,13
33,1000,70,5.13,10.3,18,37,73,957,26,9,8,43,7.473870228,293,394,147.7712685,113.9083796,8.933656529,6.002358736,470,15,9,8,32,487,11,0,0,11,502,498,376,18,280,13
40,1000,70,5.13,10.3,18,37,9,941,23,16,20,59,7.779686275,90,175,18.3428951,10.12905878,6.628046103,8.855589955,467,10,3,3,16,474,13,13,17,43,483,517,114,61,69,21
37,1000,70,5.13,10.3,18,37,64,961,26,6,7,39,7.799084634,297,388,94.0941588,62.55113235,9.245497833,6.425978926,459,18,3,7,28,502,8,3,0,11,487,513,371,17,279,18
39,1000,70,5.13,10.3,18,37,61,951,28,14,7,49,7.750344164,254,358,249.6712298,131.5574666,8.825768454,6.589959119,483,20,11,5,36,468,8,3,2,13,519,481,333,25,241,13
34,1000,70,5.13,10.3,18,37,73,960,27,7,6,40,7.642221732,303,401,129.8904579,81.83077176,9.133965417,6.045469174,486,21,5,5,31,474,6,2,1,9,517,483,379,22,295,8
35,1000,70,5.13,10.3,18,37,70,961,20,9,10,39,7.497243852,285,398,242.489252,140.9244386,8.983650006,6.034431447,472,11,5,8,24,489,9,4,2,15,496,504,375,23,272,13
36,1000,70,5.13,10.3,18,37,66,975,15,6,4,25,7.374087837,282,391,107.5626748,64.54468711,8.743651793,5.954315833,488,13,4,4,21,487,2,2,0,4,509,491,367,24,267,15
38,1000,70,5.13,10.3,18,37,63,967,17,9,7,33,7.462187424,286,386,244.4702664,134.6229393,8.41067925,6.565364413,463,10,9,4,23,504,7,0,3,10,486,514,357,29,267,19
33,1000,70,5.13,10.3,18,37,74,957,25,10,8,43,7.451944444,319,402,154.8770311,119.7707795,8.977254937,5.914382462,470,15,9,8,32,487,10,1,0,11,502,498,377,25,305,14
37,1000,70,5.13,10.3,18,37,65,960,25,7,8,40,7.796733265,282,400,98.08574334,65.88898582,9.291158513,6.378048867,458,18,4,7,29,502,7,3,1,11,487,513,376,24,273,9
39,1000,70,5.13,10.3,18,37,62,951,28,14,7,49,7.715760841,259,344,292.3087487,150.634539,8.819524236,6.524797844,483,21,10,5,36,468,7,4,2,13,519,481,319,25,247,12
40,1000,70,5.13,10.3,18,37,10,941,23,16,20,59,7.847627126,84,210,18.45058708,10.22504152,6.668857498,8.948876122,467,10,3,3,16,474,13,13,17,43,483,517,144,66,66,18
34,1000,70,5.13,10.3,18,37,74,959,28,7,6,41,7.621499962,318,410,139.6079681,87.1619024,9.137016341,5.999301271,486,21,5,5,31,473,7,2,1,10,517,483,379,31,306,12
35,1000,70,5.13,10.3,18,37,71,960,21,10,9,40,7.484546937,310,413,274.6643535,159.6289161,9.006286042,5.986962421,471,12,6,7,25,489,9,4,2,15,496,504,386,27,300,10
36,1000,70,5.13,10.3,18,37,67,976,15,5,4,24,7.364622272,290,381,111.2912249,66.82486414,8.769344832,5.908402755,488,13,4,4,21,488,2,1,0,3,509,491,356,25,273,17
38,1000,70,5.13,10.3,18,37,64,966,18,9,7,34,7.445872603,270,377,252.2491173,139.2193472,8.448809838,6.497570081,462,11,9,4,24,504,7,0,3,10,486,514,355,22,257,13
33,1000,70,5.13,10.3,18,37,75,957,25,10,8,43,7.442380553,312,408,160.9177818,124.366643,8.999540702,5.872713094,470,15,9,8,32,487,10,1,0,11,502,498,385,23,303,9
37,1000,70,5.13,10.3,18,37,66,961,24,7,8,39,7.745846703,310,416,102.6015032,68.47167091,9.306075024,6.264694282,458,18,4,7,29,503,6,3,1,10,487,513,391,25,298,12
39,1000,70,5.13,10.3,18,37,63,951,29,14,6,49,7.724927011,266,357,319.5416594,164.603037,8.876230274,6.482668397,483,21,10,5,36,468,8,4,1,13,519,481,334,23,247,19
40,1000,70,5.13,10.3,18,37,11,942,24,14,20,58,7.86712841,108,187,18.55310808,10.3523325,6.708118209,8.949917438,467,10,3,3,16,475,14,11,17,42,483,517,116,71,77,31
34,1000,70,5.13,10.3,18,37,75,959,28,7,6,41,7.628024346,335,401,146.8901065,91.37236271,9.205370287,5.939643702,486,21,5,5,31,473,7,2,1,10,517,483,381,20,319,16
35,1000,70,5.13,10.3,18,37,72,960,22,9,9,40,7.484091703,309,433,305.8297034,177.335081,9.070427671,5.922935671,470,13,6,7,26,490,9,3,2,14,496,504,403,30,297,12
36,1000,70,5.13,10.3,18,37,68,975,16,5,4,25,7.37223641,284,399,116.4276431,70.09031877,8.838422875,5.852299729,487,14,4,4,22,488,2,1,0,3,509,491,373,26,270,14
38,1000,70,5.13,10.3,18,37,65,963,21,9,7,37,7.433283813,294,389,258.6435278,142.6160333,8.479865902,6.443713978,460,13,9,4,26,503,8,0,3,11,486,514,362,27,283,11
33,1000,70,5.13,10.3,18,37,76,958,24,10,8,42,7.438545883,321,410,173.9050308,136.4997948,9.049084803,5.815070907,470,15,9,8,32,488,9,1,0,10,502,498,389,21,312,9
37,1000,70,5.13,10.3,18,37,67,961,24,7,8,39,7.719202493,294,413,109.0683037,72.15419759,9.309912481,6.209113284,458,18,4,7,29,503,6,3,1,10,487,513,385,28,285,9
39,1000,70,5.13,10.3,18,37,64,954,27,13,6,46,7.723262024,258,365,375.8503049,189.1186897,8.903290769,6.450008555,484,20,10,5,35,470,7,3,1,11,519,481,342,23,246,12
34,1000,70,5.13,10.3,18,37,76,958,29,7,6,42,7.608945954,305,409,153.8871052,95.71447802,9.26832992,5.83275235,485,22,5,5,32,473,7,2,1,10,517,483,382,27,299,6
35,1000,70,5.13,10.3,18,37,73,960,22,9,9,40,7.491848961,329,408,340.2404842,196.868436,9.129961167,5.879738535,469,14,6,7,27,491,8,3,2,13,496,504,382,26,310,19
36,1000,70,5.13,10.3,18,37,69,975,16,5,4,25,7.377648812,293,398,119.9253612,72.45653811,8.894840714,5.80483684,487,14,4,4,22,488,2,1,0,3,509,491,368,30,277,16
40,1000,70,5.13,10.3,18,37,12,944,22,14,20,56,7.850333568,114,169,18.65329417,10.44578783,6.739742945,8.887887282,467,10,3,3,16,477,12,11,17,40,483,517,113,56,90,24
38,1000,70,5.13,10.3,18,37,66,962,22,9,7,38,7.433696475,283,405,265.100347,146.7432044,8.528437734,6.398590927,459,14,9,4,27,503,8,0,3,11,486,514,371,34,272,11
33,1000,70,5.13,10.3,18,37,77,957,25,10,8,43,7.41837847,323,420,182.7058953,142.2477768,9.097422807,5.725847834,469,16,9,8,33,488,9,1,0,10,502,498,406,14,310,13
37,1000,70,5.13,10.3,18,37,68,958,27,7,8,42,7.751408004,312,416,117.2577371,77.96631597,9.389139477,6.196680465,457,19,4,7,30,501,8,3,1,12,487,513,389,27,297,15
39,1000,70,5.13,10.3,18,37,65,956,27,11,6,44,7.723536196,267,350,446.4907211,218.6838008,8.981886962,6.365773104,484,20,10,5,35,472,7,1,1,9,519,481,336,14,257,10
34,1000,70,5.13,10.3,18,37,77,958,29,7,6,42,7.576158108,323,412,161.6607314,101.2104137,9.298833751,5.732217512,485,22,5,5,32,473,7,2,1,10,517,483,391,21,308,15
35,1000,70,5.13,10.3,18,37,74,961,21,9,9,39,7.474083706,322,414,364.9292375,211.638342,9.168640784,5.806424359,469,13,7,7,27,492,8,2,2,12,496,504,393,21,312,10
36,1000,70,5.13,10.3,18,37,70,974,17,5,4,26,7.388854749,293,395,125.6080975,76.19878539,8.957949568,5.762237106,486,15,4,4,23,488,2,1,0,3,509,491,373,22,281,12
38,1000,70,5.13,10.3,18,37,67,962,23,8,7,38,7.403260262,290,395,271.3465672,150.5937572,8.556557327,6.312788718,459,15,8,4,27,503,8,0,3,11,486,514,373,22,277,13
40,1000,70,5.13,10.3,18,37,13,942,24,13,21,58,7.85258621,125,218,18.76047105,10.54044178,6.750076561,8.882590388,467,10,3,3,16,475,14,10,18,42,483,517,136,82,89,36
33,1000,70,5.13,10.3,18,37,78,958,25,8,9,42,7.418551932,316,427,192.9314311,149.1255009,9.166198855,5.656867684,469,16,8,9,33,489,9,0,0,9,502,498,407,20,307,9
37,1000,70,5.13,10.3,18,37,69,957,27,8,8,43,7.766055543,314,422,123.9586763,81.70731153,9.438466249,6.178406392,456,20,4,7,31,501,7,4,1,12,487,513,393,29,303,11
39,1000,70,5.13,10.3,18,37,66,956,26,12,6,44,7.701737222,268,366,492.7043185,239.9084497,9.032975983,6.265327831,483,20,11,5,36,473,6,1,1,8,519,481,334,32,258,10
34,1000,70,5.13,10.3,18,37,78,959,28,7,6,41,7.536663915,322,416,171.4612934,107.2920616,9.32663905,5.62068639,485,22,5,5,32,474,6,2,1,9,517,483,388,28,313,9
35,1000,70,5.13,10.3,18,37,75,962,20,9,9,38,7.469984498,323,423,400.267646,231.5333224,9.215895689,5.751786184,470,12,7,7,26,492,8,2,2,12,496,504,398,25,313,10
36,1000,70,5.13,10.3,18,37,71,973,18,5,4,27,7.382285023,294,398,130.6498569,79.55228558,9.004628742,5.70046638,485,16,4,4,24,488,2,1,0,3,509,491,370,28,284,10
38,1000,70,5.13,10.3,18,37,68,963,21,9,7,37,7.415127099,280,397,307.8169821,172.3045669,8.589032099,6.305170232,458,16,8,4,28,505,5,1,3,9,486,514,372,25,268,12
33,1000,70,5.13,10.3,18,37,79,957,26,8,9,43,7.455265925,340,435,205.735779,158.22779,9.217961246,5.678412408,469,16,8,9,33,488,10,0,0,10,502,498,416,19,327,13
40,1000,70,5.13,10.3,18,37,14,940,26,12,22,60,7.877527717,121,234,18.98265451,10.71748637,6.798940783,8.885182435,466,11,3,3,17,474,15,9,19,43,483,517,160,74,99,22
37,1000,70,5.13,10.3,18,37,70,956,28,8,8,44,7.757512346,314,423,130.8498264,85.70130891,9.45284017,6.14810757,456,20,4,7,31,500,8,4,1,13,487,513,404,19,303,11
39,1000,70,5.13,10.3,18,37,67,957,25,12,6,43,7.681698489,285,358,578.0823262,277.9537949,9.011318923,6.247035276,483,20,11,5,36,474,5,1,1,7,519,481,330,28,266,19
34,1000,70,5.13,10.3,18,37,79,960,27,7,6,40,7.520342536,324,421,181.2017925,112.9652976,9.300832189,5.614518209,486,21,5,5,31,474,6,2,1,9,517,483,398,23,316,8
35,1000,70,5.13,10.3,18,37,76,961,21,9,9,39,7.429309972,324,426,426.5656091,246.0162915,9.226799296,5.660352223,470,12,7,7,26,491,9,2,2,13,496,504,406,20,311,13
36,1000,70,5.13,10.3,18,37,72,972,19,5,4,28,7.405576997,285,396,134.8613542,82.35556151,9.056395734,5.694239447,484,17,4,4,25,488,2,1,0,3,509,491,372,24,278,7
38,1000,70,5.13,10.3,18,37,69,962,22,9,7,38,7.425429695,293,392,315.1652235,177.8988294,8.649998263,6.267569142,457,17,8,4,29,505,5,1,3,9,486,514,369,23,281,12
33,1000,70,5.13,10.3,18,37,80,956,28,8,8,44,7.450168174,338,438,218.130411,167.8054557,9.224850083,5.661231792,468,18,8,8,34,488,10,0,0,10,502,498,408,30,323,15
37,1000,70,5.13,10.3,18,37,71,958,27,7,8,42,7.737349832,314,433,138.2008869,90.26212057,9.495105286,6.0686814,456,20,4,7,31,502,7,3,1,11,487,513,409,24,306,8
40,1000,70,5.13,10.3,18,37,15,941,25,13,21,59,7.918714285,106,213,19.14994814,10.86990862,6.862576125,8.905396551,466,11,3,3,17,475,14,10,18,42,483,517,149,64,83,23
39,1000,70,5.13,10.3,18,37,68,957,25,12,6,43,7.672100889,286,374,603.4013632,291.9043328,9.055736538,6.179155147,483,20,11,5,36,474,5,1,1,7,519,481,347,27,270,16
34,1000,70,5.13,10.3,18,37,80,960,26,8,6,40,7.533211003,335,416,192.6170889,119.7440956,9.349419344,5.589153628,486,20,6,5,31,474,6,2,1,9,517,483,393,23,326,9
35,1000,70,5.13,10.3,18,37,77,961,21,9,9,39,7.425951446,320,433,456.7831333,262.0637924,9.234703631,5.645909613,470,12,7,7,26,491,9,2,2,13,496,504,405,28,312,8
36,1000,70,5.13,10.3,18,37,73,970,20,6,4,30,7.454225854,301,396,143.2500223,87.2344366,9.163189383,5.682611932,482,18,5,4,27,488,2,1,0,3,509,491,365,31,287,14
38,1000,70,5.13,10.3,18,37,70,961,23,9,7,39,7.465028605,311,391,325.169667,184.14459,8.738291215,6.261126603,456,18,8,4,30,505,5,1,3,9,486,514,371,20,293,18
33,1000,70,5.13,10.3,18,37,81,956,27,9,8,44,7.421389471,336,446,227.875316,175.0021438,9.276947441,5.550927421,467,18,9,8,35,489,9,0,0,9,502,498,415,31,326,10
37,1000,70,5.13,10.3,18,37,72,959,26,7,8,41,7.690606768,326,425,145.7310027,95.69622375,9.527498155,5.94681319,456,20,4,7,31,503,6,3,1,10,487,513,400,25,319,7
39,1000,70,5.13,10.3,18,37,69,957,26,12,5,43,7.674693972,292,395,686.9995243,329.6697137,9.061934298,6.177858776,483,20,11,5,36,474,6,1,0,7,519,481,366,29,279,13
34,1000,70,5.13,10.3,18,37,81,960,26,8,6,40,7.51750342,342,425,206.0478195,128.2877174,9.392016728,5.511036795,486,20,6,5,31,474,6,2,1,9,517,483,405,20,330,12
40,1000,70,5.13,10.3,18,37,16,944,23,13,20,56,7.932631707,111,212,19.27490664,10.99676538,6.884599758,8.911740858,467,10,3,3,16,477,13,10,17,40,483,517,152,60,87,24
35,1000,70,5.13,10.3,18,37,78,963,19,9,9,37,7.410079691,335,426,487.0384846,276.9912915,9.282973859,5.566914002,470,12,7,7,26,493,7,2,2,11,496,504,404,22,321,14
36,1000,70,5.13,10.3,18,37,74,971,20,5,4,29,7.43963644,317,408,153.8716684,93.91497761,9.186272046,5.628969387,482,18,5,4,27,489,2,0,0,2,509,491,382,26,308,9
38,1000,70,5.13,10.3,18,37,71,961,24,9,6,39,7.45194377,305,400,350.6719821,200.1494678,8.762187145,6.213075521,455,19,8,4,31,506,5,1,2,8,486,514,378,22,295,10
33,1000,70,5.13,10.3,18,37,82,957,26,9,8,43,7.40635829,347,429,242.2454956,185.0466911,9.30465071,5.492818541,467,18,9,8,35,490,8,0,0,8,502,498,409,20,332,15
37,1000,70,5.13,10.3,18,37,73,958,26,8,8,42,7.717113741,333,424,154.7085084,102.4658041,9.627058447,5.903969351,455,21,4,7,32,503,5,4,1,10,487,513,402,22,319,14
39,1000,70,5.13,10.3,18,37,70,957,26,12,5,43,7.613331752,301,374,740.0701473,353.716047,9.052920167,6.060012859,483,20,11,5,36,474,6,1,0,7,519,481,348,26,286,15
34,1000,70,5.13,10.3,18,37,82,960,26,8,6,40,7.536550642,334,408,219.4443593,136.386009,9.463840151,5.473592721,486,20,6,5,31,474,6,2,1,9,517,483,390,18,327,7
35,1000,70,5.13,10.3,18,37,79,964,17,10,9,36,7.382295003,343,437,535.6448059,305.6363698,9.329465086,5.466032382,469,13,7,7,27,495,4,3,2,9,496,504,410,27,331,12
36,1000,70,5.13,10.3,18,37,75,971,19,6,4,29,7.420850172,326,405,161.8765107,98.98592544,9.213176142,5.562817752,482,17,6,4,27,489,2,0,0,2,509,491,380,25,308,18
40,1000,70,5.13,10.3,18,37,17,946,21,13,20,54,7.948836901,115,205,19.48410815,11.14657382,6.867705526,8.958868726,468,9,3,3,15,478,12,10,17,39,483,517,148,57,91,24
38,1000,70,5.13,10.3,18,37,72,961,24,9,6,39,7.406694266,307,398,376.0824481,215.7484351,8.762187145,6.125041466,455,19,8,4,31,506,5,1,2,8,486,514,376,22,300,7
33,1000,70,5.13,10.3,18,37,83,957,26,9,8,43,7.371033001,354,439,254.2890307,192.7584513,9.314990532,5.411461353,467,18,9,8,35,490,8,0,0,8,502,498,418,21,347,7
37,1000,70,5.13,10.3,18,37,74,958,26,8,8,42,7.705015825,339,428,162.9422789,107.6929184,9.64842242,5.86010547,455,21,4,7,32,503,5,4,1,10,487,513,412,16,325,14
39,1000,70,5.13,10.3,18,37,71,957,26,12,5,43,7.595412216,294,386,852.9972397,397.7837065,9.090614119,5.982086254,483,20,11,5,36,474,6,1,0,7,519,481,356,30,284,10
34,1000,70,5.13,10.3,18,37,83,961,26,7,6,39,7.516373623,337,413,233.3202611,144.7878228,9.494951357,5.398517125,486,20,6,5,31,475,6,1,1,8,517,483,391,22,325,12
35,1000,70,5.13,10.3,18,37,80,963,18,10,9,37,7.387961505,343,431,575.3338901,331.5154546,9.389869211,5.417830111,468,14,7,7,28,495,4,3,2,9,496,504,402,29,329,14
36,1000,70,5.13,10.3,18,37,76,971,19,6,4,29,7.400475393,320,413,170.4648422,104.1707936,9.244664494,5.488678545,482,17,6,4,27,489,2,0,0,2,509,491,390,23,308,12
40,1000,70,5.13,10.3,18,37,18,946,22,12,20,54,7.968557245,116,185,19.6711129,11.25918052,6.915018787,8.952810776,468,9,3,3,15,478,13,9,17,39,483,517,135,50,89,27
38,1000,70,5.13,10.3,18,37,73,963,22,9,6,37,7.417806587,311,412,387.5328575,221.8257186,8.842599074,6.070629256,455,19,8,4,31,508,3,1,2,6,486,514,389,23,301,10
33,1000,70,5.13,10.3,18,37,84,958,25,9,8,42,7.371892219,353,436,266.9874143,202.2333153,9.360656273,5.367154156,467,18,9,8,35,491,7,0,0,7,502,498,420,16,343,10
37,1000,70,5.13,10.3,18,37,75,957,27,8,8,43,7.73315799,348,439,174.6831911,115.8859874,9.720433577,5.846602024,454,22,4,7,33,503,5,4,1,10,487,513,418,21,337,11
39,1000,70,5.13,10.3,18,37,72,958,25,12,5,42,7.583361881,301,368,954.2651994,442.1145822,9.105889088,5.940551859,483,20,11,5,36,475,5,1,0,6,519,481,348,20,292,9
34,1000,70,5.13,10.3,18,37,84,961,25,8,6,39,7.506988651,356,416,243.4301629,150.6394545,9.54761985,5.322710535,486,19,7,5,31,475,6,1,1,8,517,483,401,15,344,12
35,1000,70,5.13,10.3,18,37,81,963,18,10,9,37,7.365753896,345,436,624.9858672,357.2818343,9.37674881,5.386679536,468,14,7,7,28,495,4,3,2,9,496,504,415,21,335,10
36,1000,70,5.13,10.3,18,37,77,970,20,6,4,30,7.404768839,325,418,180.4340654,110.0675114,9.302752785,5.437205034,481,18,6,4,28,489,2,0,0,2,509,491,394,24,315,10
38,1000,70,5.13,10.3,18,37,74,962,23,9,6,38,7.40939158,309,426,402.0038337,230.4523181,8.89341689,6.006208115,455,19,8,4,31,507,4,1,2,7,486,514,408,18,295,14
33,1000,70,5.13,10.3,18,37,85,958,24,10,8,42,7.32763867,361,440,286.0001837,217.485493,9.389297441,5.24942039,467,18,9,8,35,491,6,1,0,7,502,498,425,15,352,9
40,1000,70,5.13,10.3,18,37,19,945,24,11,20,55,7.987334009,113,203,19.84666487,11.39401695,6.944559436,8.961531531,468,9,3,3,15,477,15,8,17,40,483,517,153,50,82,31
37,1000,70,5.13,10.3,18,37,76,957,27,8,8,43,7.753185197,338,437,186.3020054,123.9800763,9.785410433,5.82395773,454,22,4,7,33,503,5,4,1,10,487,513,417,20,333,5
39,1000,70,5.13,10.3,18,37,73,957,26,12,5,43,7.581024328,310,389,1055.494141,490.5786613,9.139261606,5.899683066,483,20,11,5,36,474,6,1,0,7,519,481,366,23,299,11
34,1000,70,5.13,10.3,18,37,85,960,26,8,6,40,7.474782787,348,417,256.980876,158.5797509,9.573656553,5.228162214,484,21,7,5,33,476,5,1,1,7,517,483,402,15,339,9
35,1000,70,5.13,10.3,18,37,82,964,18,10,8,36,7.340837943,344,449,683.0145436,385.8300874,9.452396335,5.262796351,467,15,7,7,29,497,3,3,1,7,496,504,432,17,333,11
36,1000,70,5.13,10.3,18,37,78,971,19,6,4,29,7.370634432,334,410,191.3053337,116.6526259,9.346905597,5.321913407,481,18,6,4,28,490,1,0,0,1,509,491,394,16,325,9
38,1000,70,5.13,10.3,18,37,75,960,25,10,5,40,7.389252214,321,428,417.2283718,239.0821996,8.909629221,5.951697301,453,21,9,3,33,507,4,1,2,7,486,514,403,25,312,9
33,1000,70,5.13,10.3,18,37,86,957,25,10,8,43,7.294133463,356,434,306.3208124,233.9524842,9.410689936,5.160576536,467,18,9,8,35,490,7,1,0,8,502,498,413,21,345,11
40,1000,70,5.13,10.3,18,37,20,943,27,10,20,57,7.979548814,104,192,20.07394353,11.55333715,6.955869577,8.935906786,467,10,3,3,16,476,17,7,17,41,483,517,132,60,82,22
37,1000,70,5.13,10.3,18,37,77,957,27,8,8,43,7.708195124,344,447,197.681659,132.3336765,9.795732036,5.726459303,454,22,4,7,33,503,5,4,1,10,487,513,428,19,336,8
39,1000,70,5.13,10.3,18,37,74,958,26,11,5,42,7.575208234,321,401,1117.918164,522.1962333,9.126529555,5.901329304,484,20,10,5,35,474,6,1,0,7,519,481,372,29,303,18
34,1000,70,5.13,10.3,18,37,86,960,26,8,6,40,7.471592557,371,423,271.9453832,167.1619296,9.627948126,5.163443842,483,22,7,5,34,477,4,1,1,6,517,483,404,19,358,13
35,1000,70,5.13,10.3,18,37,83,963,18,10,9,37,7.338624736,346,441,718.0636693,406.9230441,9.523275284,5.18865118,467,15,7,7,29,496,3,3,2,8,496,504,423,18,334,12
36,1000,70,5.13,10.3,18,37,79,971,19,6,4,29,7.362324249,328,402,201.4000121,122.6964208,9.403860829,5.245945187,481,18,6,4,28,490,1,0,0,1,509,491,389,13,320,8
38,1000,70,5.13,10.3,18,37,76,958,27,11,4,42,7.388623115,331,427,434.6347914,248.4093306,9.008950211,5.856562864,452,22,9,3,34,506,5,2,1,8,486,514,404,23,323,8
33,1000,70,5.13,10.3,18,37,87,957,25,10,8,43,7.268514663,359,443,330.0920474,252.6925539,9.420705569,5.099037082,467,18,9,8,35,490,7,1,0,8,502,498,418,25,347,12
37,1000,70,5.13,10.3,18,37,78,955,29,8,8,45,7.711934453,357,450,209.7516409,141.2172077,9.852586276,5.679775705,452,24,4,7,35,503,5,4,1,10,487,513,431,19,348,9
40,1000,70,5.13,10.3,18,37,21,943,27,9,21,57,7.983422708,120,193,20.37178781,11.74426973,6.982780516,8.918258644,467,10,3,3,16,476,17,6,18,41,483,517,135,58,102,18
39,1000,70,5.13,10.3,18,37,75,958,26,11,5,42,7.53747939,303,402,1224.211748,565.1555222,9.170184542,5.775787136,484,20,10,5,35,474,6,1,0,7,519,481,375,27,297,6
34,1000,70,5.13,10.3,18,37,87,959,27,8,6,41,7.463247001,376,437,294.1844349,179.2199078,9.688640903,5.081200111,482,23,7,5,35,477,4,1,1,6,517,483,418,19,360,16
35,1000,70,5.13,10.3,18,37,84,963,18,10,9,37,7.319889049,353,455,777.4314016,438.4927907,9.529200653,5.145645883,467,15,7,7,29,496,3,3,2,8,496,504,437,18,339,14
36,1000,70,5.13,10.3,18,37,80,971,19,6,4,29,7.378404445,343,410,217.4613604,132.6966539,9.463590054,5.216776186,481,18,6,4,28,490,1,0,0,1,509,491,400,10,332,11
38,1000,70,5.13,10.3,18,37,77,958,26,12,4,42,7.362055423,327,423,451.7417464,258.0884399,9.014134027,5.799973318,452,21,10,3,34,506,5,2,1,8,486,514,407,16,320,7
33,1000,70,5.13,10.3,18,37,88,957,25,10,8,43,7.270058211,347,455,358.323845,277.8963977,9.415461795,5.10742247,467,18,9,8,35,490,7,1,0,8,502,498,436,19,333,14
37,1000,70,5.13,10.3,18,37,79,955,29,8,8,45,7.685652908,355,436,217.2581465,145.9667628,9.888182739,5.59475227,451,25,4,7,36,504,4,4,1,9,487,513,419,17,346,9
39,1000,70,5.13,10.3,18,37,76,957,27,11,5,43,7.564972572,312,412,1443.897671,673.819292,9.229142539,5.769329717,483,21,10,5,36,474,6,1,0,7,519,481,378,34,303,9
34,1000,70,5.13,10.3,18,37,88,960,28,8,4,40,7.443355972,370,434,321.3438367,195.1297392,9.698965918,5.028966029,482,24,7,4,35,478,4,1,0,5,517,483,417,17,359,11
35,1000,70,5.13,10.3,18,37,85,963,18,10,9,37,7.28945699,362,443,820.5634517,460.7327335,9.538600445,5.076014225,467,15,7,7,29,496,3,3,2,8,496,504,428,15,351,11
40,1000,70,5.13,10.3,18,37,22,944,28,8,20,56,8.002973156,122,204,20.59951838,11.9374735,7.037650322,8.904812477,467,10,3,3,16,477,18,5,17,40,483,517,147,57,105,17
36,1000,70,5.13,10.3,18,37,81,971,19,6,4,29,7.413674054,327,445,233.0500908,142.1375199,9.521725389,5.228341814,481,18,6,4,28,490,1,0,0,1,509,491,422,23,316,11
38,1000,70,5.13,10.3,18,37,78,957,27,10,6,43,7.391555826,336,415,468.683906,268.6077827,9.155623986,5.723584764,451,22,8,5,35,506,5,2,1,8,486,514,399,16,323,13
33,1000,70,5.13,10.3,18,37,89,957,24,10,9,43,7.2416231,370,451,380.7045807,292.5893606,9.423668077,5.042051657,467,18,8,9,35,490,6,2,0,8,502,498,432,19,365,5
37,1000,70,5.13,10.3,18,37,80,955,29,8,8,45,7.731608898,345,474,225.4370111,150.7040384,9.961699441,5.614544387,451,25,4,7,36,504,4,4,1,9,487,513,452,22,336,9
39,1000,70,5.13,10.3,18,37,77,955,30,10,5,45,7.573280035,317,418,1552.231363,724.2010274,9.274582753,5.737570865,481,24,9,5,38,474,6,1,0,7,519,481,389,29,309,8
34,1000,70,5.13,10.3,18,37,89,959,29,8,4,41,7.425906635,365,428,336.3619549,204.2450914,9.70246862,4.989089769,481,25,7,4,36,478,4,1,0,5,517,483,411,17,354,11
35,1000,70,5.13,10.3,18,37,86,963,18,10,9,37,7.282170391,358,450,890.955646,498.7959023,9.575685597,5.025060188,467,15,7,7,29,496,3,3,2,8,496,504,437,13,350,8
36,1000,70,5.13,10.3,18,37,82,971,19,6,4,29,7.430859662,341,444,242.5813845,148.4403461,9.594536527,5.187862668,481,18,6,4,28,490,1,0,0,1,509,491,428,16,330,11
40,1000,70,5.13,10.3,18,37,23,946,27,8,19,54,7.993239279,123,228,20.89472148,12.14006194,7.087051486,8.839832516,467,10,3,3,16,479,17,5,16,38,483,517,172,56,104,19
38,1000,70,5.13,10.3,18,37,79,956,28,10,6,44,7.398717126,346,430,504.9093454,289.5653638,9.201902218,5.693760016,451,22,8,5,35,505,6,2,1,9,486,514,410,20,336,10
33,1000,70,5.13,10.3,18,37,90,958,24,10,8,42,7.230840604,373,450,405.3004148,312.6690101,9.429481451,5.014539991,468,18,8,8,34,490,6,2,0,8,502,498,437,13,363,10
37,1000,70,5.13,10.3,18,37,81,954,32,7,7,46,7.69772136,356,456,237.8506825,158.2402149,10.03913386,5.474976944,449,27,4,7,38,505,5,3,0,8,487,513,436,20,348,8
34,1000,70,5.13,10.3,18,37,90,958,30,8,4,42,7.43085735,366,440,359.8552308,217.7931477,9.731895688,4.967841158,481,25,7,4,36,477,5,1,0,6,517,483,417,23,360,6
39,1000,70,5.13,10.3,18,37,78,955,30,10,5,45,7.543916642,338,408,1805.245125,855.3283856,9.309876092,5.638442725,481,24,9,5,38,474,6,1,0,7,519,481,386,22,325,13
35,1000,70,5.13,10.3,18,37,87,962,19,9,10,38,7.283870511,368,444,957.0020764,534.2877718,9.647428009,4.957829799,466,16,6,8,30,496,3,3,2,8,496,504,435,9,362,6
36,1000,70,5.13,10.3,18,37,83,970,19,5,6,30,7.439648747,352,430,251.6206422,154.2946029,9.65597181,5.142075551,480,18,5,6,29,490,1,0,0,1,509,491,415,15,346,6
33,1000,70,5.13,10.3,18,37,91,958,24,10,8,42,7.187184933,374,454,427.6083513,329.5842448,9.429481451,4.926878002,468,18,8,8,34,490,6,2,0,8,502,498,438,16,367,7
40,1000,70,5.13,10.3,18,37,24,946,27,9,18,54,8.000562181,129,208,21.16359542,12.3538162,7.12497664,8.818565695,466,11,3,3,17,480,16,6,15,37,483,517,158,50,110,19
38,1000,70,5.13,10.3,18,37,80,958,27,9,6,42,7.361249012,339,425,523.2661158,298.5770588,9.302512376,5.525735403,452,21,8,5,34,506,6,1,1,8,486,514,411,14,332,7
37,1000,70,5.13,10.3,18,37,82,954,31,8,7,46,7.679568441,367,456,252.5515955,165.8393212,10.09199914,5.389405181,449,26,5,7,38,505,5,3,0,8,487,513,443,13,359,8
34,1000,70,5.13,10.3,18,37,91,956,32,7,5,44,7.459805012,383,440,384.2888056,232.1136298,9.799153024,4.9557824,480,26,6,5,37,476,6,1,0,7,517,483,420,20,374,9
39,1000,70,5.13,10.3,18,37,79,955,30,10,5,45,7.521343569,326,398,1915.783996,939.3376331,9.322397373,5.57800277,481,24,9,5,38,474,6,1,0,7,519,481,376,22,317,9
35,1000,70,5.13,10.3,18,37,88,963,19,9,9,37,7.252241925,377,455,1018.480103,565.8352011,9.674215295,4.868712576,466,16,6,8,30,497,3,3,1,7,496,504,437,18,367,10
36,1000,70,5.13,10.3,18,37,84,970,19,5,6,30,7.419470873,360,430,270.0791298,166.0809515,9.693005768,5.062588467,480,18,5,6,29,490,1,0,0,1,509,491,414,16,356,4
33,1000,70,5.13,10.3,18,37,92,958,25,10,7,42,7.167214349,386,477,453.9098782,344.984303,9.425525256,4.890764399,468,19,8,7,34,490,6,2,0,8,502,498,460,17,374,12
38,1000,70,5.13,10.3,18,37,81,958,27,9,6,42,7.330659143,354,437,544.2830912,308.3059945,9.327858867,5.44225629,452,21,8,5,34,506,6,1,1,8,486,514,421,16,342,12
40,1000,70,5.13,10.3,18,37,25,948,27,8,17,52,8.010461709,121,235,21.53139044,12.58141976,7.178653738,8.787566641,466,11,3,3,17,482,16,5,14,35,483,517,168,67,104,17
34,1000,70,5.13,10.3,18,37,92,955,32,7,6,45,7.438332052,379,435,418.1885249,253.5657871,9.804123832,4.906004205,479,27,6,5,38,476,5,1,1,7,517,483,417,18,370,9
37,1000,70,5.13,10.3,18,37,83,951,32,9,8,49,7.650558155,379,466,268.6299884,174.2330897,10.16016171,5.268146982,446,27,6,8,41,505,5,3,0,8,487,513,447,19,369,10
39,1000,70,5.13,10.3,18,37,80,957,28,10,5,43,7.502622546,323,422,2047.114036,1008.685982,9.321911633,5.539605838,482,23,9,5,37,475,5,1,0,6,519,481,397,25,309,14
35,1000,70,5.13,10.3,18,37,89,959,23,9,9,41,7.267081519,372,463,1037.727056,577.586144,9.728212483,4.845016125,462,20,6,8,34,497,3,3,1,7,496,504,444,19,360,12
36,1000,70,5.13,10.3,18,37,85,969,20,5,6,31,7.452566342,352,438,282.5419598,175.3557097,9.776972306,5.042947939,480,18,5,6,29,489,2,0,0,2,509,491,415,23,346,6
33,1000,70,5.13,10.3,18,37,93,958,25,9,8,42,7.166803095,383,463,472.0330716,355.5017969,9.481537507,4.833476439,468,19,7,8,34,490,6,2,0,8,502,498,450,13,378,5
38,1000,70,5.13,10.3,18,37,82,959,26,10,5,41,7.334353574,364,451,592.8999289,335.044413,9.361704749,5.417441762,452,20,9,5,34,507,6,1,0,7,486,514,428,23,350,14
40,1000,70,5.13,10.3,18,37,26,947,28,10,15,53,7.996003024,138,211,21.7921217,12.8304,7.230738192,8.710940962,466,10,4,3,17,481,18,6,12,36,483,517,164,47,120,18
34,1000,70,5.13,10.3,18,37,93,955,31,8,6,45,7.413464555,394,435,449.3871856,272.7854673,9.824354795,4.832863615,479,26,7,5,38,476,5,1,1,7,517,483,423,12,381,13
37,1000,70,5.13,10.3,18,37,84,950,32,10,8,50,7.63877749,349,459,282.5235443,181.6847231,10.19994034,5.207420161,445,27,7,8,42,505,5,3,0,8,487,513,445,14,340,9
39,1000,70,5.13,10.3,18,37,81,957,28,10,5,43,7.53223432,337,417,2219.483049,1120.678719,9.340549387,5.581058602,482,23,9,5,37,475,5,1,0,6,519,481,390,27,323,14
35,1000,70,5.13,10.3,18,37,90,960,23,9,8,40,7.193993446,390,459,1121.868244,630.4724614,9.712499003,4.715464169,463,20,6,7,33,497,3,3,1,7,496,504,443,16,376,14
36,1000,70,5.13,10.3,18,37,86,969,20,5,6,31,7.417159963,368,430,311.4935375,194.0427782,9.816674213,4.929679814,480,18,5,6,29,489,2,0,0,2,509,491,410,20,357,11
38,1000,70,5.13,10.3,18,37,83,958,27,10,5,42,7.31819515,354,439,626.5774767,353.1910913,9.419012264,5.331819436,451,21,9,5,35,507,6,1,0,7,486,514,428,11,341,13
33,1000,70,5.13,10.3,18,37,94,958,24,10,8,42,7.14351934,387,468,492.9884212,367.6797202,9.531398112,4.736460819,467,19,8,8,35,491,5,2,0,7,502,498,442,26,380,7
40,1000,70,5.13,10.3,18,37,27,947,28,10,15,53,8.003085732,123,241,22.07144014,13.0636961,7.261922026,8.69550753,466,10,4,3,17,481,18,6,12,36,483,517,186,55,108,15
34,1000,70,5.13,10.3,18,37,94,953,33,8,6,47,7.43286835,370,452,482.4687041,291.3480495,9.879302105,4.814221868,477,28,7,5,40,476,5,1,1,7,517,483,439,13,365,5
37,1000,70,5.13,10.3,18,37,85,950,32,10,8,50,7.647668136,365,459,301.8558721,192.3391637,10.26593371,5.162102186,445,27,7,8,42,505,5,3,0,8,487,513,441,18,352,13
39,1000,70,5.13,10.3,18,37,82,957,28,10,5,43,7.507186262,337,427,2538.200654,1301.070118,9.344011614,5.525247888,482,23,9,5,37,475,5,1,0,6,519,481,401,26,324,13
35,1000,70,5.13,10.3,18,37,91,960,22,10,8,40,7.185136064,388,466,1265.083432,711.796748,9.75321679,4.657818524,463,19,7,7,33,497,3,3,1,7,496,504,445,21,381,7
36,1000,70,5.13,10.3,18,37,87,969,20,5,6,31,7.460364828,367,433,342.8842703,213.4894508,9.876629823,4.955519854,480,18,5,6,29,489,2,0,0,2,509,491,416,17,355,12
38,1000,70,5.13,10.3,18,37,84,957,28,10,5,43,7.339180681,376,452,656.3626335,370.3667058,9.507140594,5.289319752,450,22,9,5,36,507,6,1,0,7,486,514,432,20,359,17
33,1000,70,5.13,10.3,18,37,95,959,24,9,8,41,7.13078493,397,460,521.2141298,385.0646866,9.560177554,4.681879111,467,19,8,8,35,492,5,1,0,6,502,498,445,15,389,8
34,1000,70,5.13,10.3,18,37,95,951,34,9,6,49,7.457419837,382,449,526.471618,320.4477285,9.941175326,4.798824417,475,29,8,5,42,476,5,1,1,7,517,483,435,14,372,10
39,1000,70,5.13,10.3,18,37,83,957,28,10,5,43,7.500325384,330,424,2945.895029,1518.723831,9.358418835,5.495438688,482,23,9,5,37,475,5,1,0,6,519,481,398,26,320,10
37,1000,70,5.13,10.3,18,37,86,950,32,10,8,50,7.630352967,385,479,319.2816463,202.3005908,10.25701595,5.136815206,445,27,7,8,42,505,5,3,0,8,487,513,451,28,375,10
40,1000,70,5.13,10.3,18,37,28,946,27,11,16,54,8.059987684,148,233,22.34429133,13.26595548,7.31133161,8.759409122,465,11,4,3,18,481,16,7,13,36,483,517,187,46,120,28
35,1000,70,5.13,10.3,18,37,92,959,23,10,8,41,7.206096473,389,457,1378.599161,775.2638512,9.79787931,4.655453046,462,20,7,7,34,497,3,3,1,7,496,504,447,10,379,10
36,1000,70,5.13,10.3,18,37,88,968,20,5,7,32,7.443239533,372,443,363.3454948,227.8759336,9.907457751,4.888683376,479,18,5,7,30,489,2,0,0,2,509,491,427,16,363,9
38,1000,70,5.13,10.3,18,37,85,959,26,10,5,41,7.307138715,362,452,699.5962541,391.0143215,9.536502073,5.199219276,450,21,10,5,36,509,5,0,0,5,486,514,431,21,350,12
33,1000,70,5.13,10.3,18,37,96,957,26,8,9,43,7.13368893,403,462,550.9080647,406.5090174,9.620311001,4.62709399,465,21,8,8,37,492,5,0,1,6,502,498,450,12,395,8
34,1000,70,5.13,10.3,18,37,96,951,34,9,6,49,7.448919404,375,438,566.4963358,345.4489169,9.973888499,4.746209213,475,29,8,5,42,476,5,1,1,7,517,483,422,16,366,9
39,1000,70,5.13,10.3,18,37,84,957,28,10,5,43,7.467328911,339,425,3131.769978,1601.734509,9.388016901,5.394902576,482,23,9,5,37,475,5,1,0,6,519,481,406,19,335,4
37,1000,70,5.13,10.3,18,37,87,950,32,10,8,50,7.607470741,386,463,339.161509,213.3336983,10.26669472,5.083022247,445,27,7,8,42,505,5,3,0,8,487,513,442,21,378,8
35,1000,70,5.13,10.3,18,37,93,957,24,10,9,43,7.221667102,395,463,1438.218828,812.2582274,9.850488527,4.634573002,461,20,7,8,35,496,4,3,1,8,496,504,448,15,388,7
36,1000,70,5.13,10.3,18,37,89,965,22,4,9,35,7.442168301,373,448,393.4656122,248.8581909,10.01019346,4.779999656,476,20,4,9,33,489,2,0,0,2,509,491,427,21,368,5
40,1000,70,5.13,10.3,18,37,29,947,26,10,17,53,8.076933873,135,214,22.67402876,13.48496285,7.348128647,8.757809935,465,11,4,3,18,482,15,6,14,35,483,517,171,43,118,17
38,1000,70,5.13,10.3,18,37,86,959,25,10,6,41,7.309733473,373,454,753.2986476,421.8787242,9.609492908,5.135252762,450,20,10,6,36,509,5,0,0,5,486,514,441,13,363,10
33,1000,70,5.13,10.3,18,37,97,957,26,8,9,43,7.126163907,398,468,583.2788224,428.5291957,9.653396318,4.57863244,465,21,8,8,37,492,5,0,1,6,502,498,451,17,393,5
34,1000,70,5.13,10.3,18,37,97,951,34,7,8,49,7.444711662,387,437,588.3473048,359.1495116,10.02955435,4.677913172,475,29,6,7,42,476,5,1,1,7,517,483,423,14,383,4
39,1000,70,5.13,10.3,18,37,85,957,28,10,5,43,7.483413001,344,412,3652.022952,1902.451065,9.47888831,5.330290994,482,23,9,5,37,475,5,1,0,6,519,481,395,17,333,11
35,1000,70,5.13,10.3,18,37,94,957,24,9,10,43,7.197318433,403,469,1497.017368,848.9906256,9.886067508,4.551247914,461,20,6,9,35,496,4,3,1,8,496,504,447,22,394,9
37,1000,70,5.13,10.3,18,37,88,950,32,10,8,50,7.5987661,379,461,359.9022763,224.8631642,10.31161951,5.023406239,445,27,7,8,42,505,5,3,0,8,487,513,451,10,374,5
36,1000,70,5.13,10.3,18,37,90,964,23,4,9,36,7.446113386,372,451,416.1450762,266.0171752,10.09940788,4.695549439,475,21,4,9,34,489,2,0,0,2,509,491,432,19,363,9
40,1000,70,5.13,10.3,18,37,30,948,25,10,17,52,8.084224278,161,232,23.03613765,13.71104275,7.42007283,8.704698455,465,10,5,3,18,483,15,5,14,34,483,517,183,49,133,28
38,1000,70,5.13,10.3,18,37,87,959,25,10,6,41,7.299838057,382,456,811.7779776,458.0073331,9.680557699,5.048807422,450,20,10,6,36,509,5,0,0,5,486,514,433,23,368,14
33,1000,70,5.13,10.3,18,37,98,956,27,8,9,44,7.103971036,401,469,610.943544,450.039566,9.698908839,4.488190358,464,22,8,8,38,492,5,0,1,6,502,498,455,14,394,7
34,1000,70,5.13,10.3,18,37,98,950,34,8,8,50,7.445098159,387,447,639.3191226,390.4778906,10.09321171,4.610574959,474,29,7,7,43,476,5,1,1,7,517,483,433,14,381,6
39,1000,70,5.13,10.3,18,37,86,956,29,10,5,44,7.478568559,363,423,4170.446771,2161.60958,9.53422857,5.260507135,481,24,9,5,38,475,5,1,0,6,519,481,399,24,348,15
35,1000,70,5.13,10.3,18,37,95,956,24,10,10,44,7.20752796,407,478,1567.338476,890.4711457,9.948652253,4.509913578,461,19,7,9,35,495,5,3,1,9,496,504,459,19,398,9
37,1000,70,5.13,10.3,18,37,89,949,33,9,9,51,7.657324848,397,482,385.346752,239.0066456,10.47144822,4.98582761,444,28,7,8,43,505,5,2,1,8,487,513,460,22,392,5
36,1000,70,5.13,10.3,18,37,91,964,23,4,9,36,7.430767133,374,448,439.8509056,284.9575015,10.12354141,4.639276082,475,21,4,9,34,489,2,0,0,2,509,491,429,19,362,12
38,1000,70,5.13,10.3,18,37,88,957,27,10,6,43,7.300920936,376,470,870.6665611,486.5659,9.709153466,5.023876169,449,21,10,6,37,508,6,0,0,6,486,514,448,22,367,9
33,1000,70,5.13,10.3,18,37,99,956,26,9,9,44,7.104931264,416,481,639.0559993,468.6218504,9.746120406,4.442527751,463,22,9,8,39,493,4,0,1,5,502,498,467,14,409,7
40,1000,70,5.13,10.3,18,37,31,948,25,10,17,52,8.084432788,157,234,23.44222223,14.02468042,7.444936902,8.681872853,465,10,5,3,18,483,15,5,14,34,483,517,189,45,136,21
34,1000,70,5.13,10.3,18,37,99,948,36,8,8,52,7.465186775,382,459,671.6807454,411.2470013,10.175097,4.564516826,472,31,7,7,45,476,5,1,1,7,517,483,438,21,376,6
39,1000,70,5.13,10.3,18,37,87,953,32,10,5,47,7.480244381,335,421,4848.569904,2499.361691,9.591184974,5.202535092,480,25,9,5,39,473,7,1,0,8,519,481,397,24,328,7
35,1000,70,5.13,10.3,18,37,96,956,24,9,11,44,7.200609745,404,471,1606.23033,912.5272104,9.948652253,4.496186959,461,19,7,9,35,495,5,2,2,9,496,504,449,22,394,10
37,1000,70,5.13,10.3,18,37,90,945,36,9,10,55,7.712354564,403,467,408.1041956,252.1143288,10.54699296,5.021382047,441,30,8,8,46,504,6,1,2,9,487,513,456,11,394,9
36,1000,70,5.13,10.3,18,37,92,962,24,5,9,38,7.448299529,383,458,459.974358,302.2079548,10.1551471,4.642219253,473,22,5,9,36,489,2,0,0,2,509,491,443,15,374,9
38,1000,70,5.13,10.3,18,37,89,958,26,10,6,42,7.261190363,385,464,908.4608477,501.6897685,9.714528539,4.941497069,449,21,10,6,37,509,5,0,0,5,486,514,454,10,375,10
33,1000,70,5.13,10.3,18,37,100,956,26,9,9,44,7.055284998,405,471,680.4589897,496.4747044,9.764690014,4.324117692,463,22,9,8,39,493,4,0,1,5,502,498,455,16,398,7
40,1000,70,5.13,10.3,18,37,32,949,24,9,18,51,8.089851895,157,226,23.88659314,14.34440591,7.506716713,8.63463776,465,9,5,4,18,484,15,4,14,33,483,517,187,39,129,28
34,1000,70,5.13,10.3,18,37,100,948,36,8,8,52,7.432358147,400,447,714.585695,434.852231,10.18739198,4.483388188,472,31,7,7,45,476,5,1,1,7,517,483,435,12,390,10
39,1000,70,5.13,10.3,18,37,88,953,32,10,5,47,7.466145869,365,429,5554.130357,2823.285236,9.64791811,5.112009084,480,25,9,5,39,473,7,1,0,8,519,481,409,20,351,14
35,1000,70,5.13,10.3,18,37,97,954,26,9,11,46,7.248870335,420,471,1721.964452,969.5785089,10.02546112,4.516352424,460,20,7,9,36,494,6,2,2,10,496,504,459,12,410,10
37,1000,70,5.13,10.3,18,37,91,944,37,9,10,56,7.704323962,399,476,434.6575568,268.0543485,10.59965712,4.955732838,440,31,8,8,47,504,6,1,2,9,487,513,456,20,386,13
36,1000,70,5.13,10.3,18,37,93,962,24,5,9,38,7.475446773,388,456,496.2695319,338.4669101,10.18157257,4.670114737,473,22,5,9,36,489,2,0,0,2,509,491,438,18,375,13
38,1000,70,5.13,10.3,18,37,90,959,25,10,6,41,7.269975749,396,467,961.2965228,526.2603075,9.788637,4.888517836,449,21,10,6,37,510,4,0,0,4,486,514,453,14,385,11
33,1000,70,5.13,10.3,18,37,101,955,27,9,9,45,7.048821073,413,473,732.6977922,534.3455014,9.815038139,4.260385396,462,23,9,8,40,493,4,0,1,5,502,498,460,13,404,9
34,1000,70,5.13,10.3,18,37,101,948,36,8,8,52,7.439019755,404,447,791.9366662,484.5527368,10.24220617,4.438507589,472,31,7,7,45,476,5,1,1,7,517,483,434,13,395,9
40,1000,70,5.13,10.3,18,37,33,948,26,8,18,52,8.103010687,150,254,24.46456405,14.68958264,7.564696153,8.605923491,465,9,4,5,18,483,17,4,13,34,483,517,218,36,131,19
39,1000,70,5.13,10.3,18,37,89,951,34,10,5,49,7.488589138,359,431,5766.308279,2954.809036,9.707489251,5.094391303,478,27,9,5,41,473,7,1,0,8,519,481,414,17,352,7
35,1000,70,5.13,10.3,18,37,98,955,25,9,11,45,7.173665705,421,482,1895.389097,1062.246597,10.03221826,4.360487004,460,20,7,9,36,495,5,2,2,9,496,504,458,24,412,9
36,1000,70,5.13,10.3,18,37,94,961,24,6,9,39,7.498538742,382,457,528.2989623,361.7640684,10.29752046,4.596946698,472,22,6,9,37,489,2,0,0,2,509,491,434,23,372,10
37,1000,70,5.13,10.3,18,37,92,944,35,10,11,56,7.703930134,410,478,456.6940606,279.8366548,10.66380278,4.894070523,439,30,9,9,48,505,5,1,2,8,487,513,466,12,395,15
33,1000,70,5.13,10.3,18,37,102,954,29,9,8,46,7.021455316,420,466,785.6883224,574.7234228,9.848185895,4.172020073,462,23,9,8,40,492,6,0,0,6,502,498,456,10,415,5
38,1000,70,5.13,10.3,18,37,91,957,26,10,7,43,7.272537182,395,471,1014.963383,548.8448506,9.846130146,4.839139944,447,22,10,7,39,510,4,0,0,4,486,514,455,16,388,7
34,1000,70,5.13,10.3,18,37,102,948,36,7,9,52,7.467597127,392,451,869.180382,535.4797278,10.34051869,4.392440925,472,31,6,8,45,476,5,1,1,7,517,483,435,16,387,5
35,1000,70,5.13,10.3,18,37,99,954,27,8,11,46,7.14316372,415,477,2025.110512,1131.720901,10.046261,4.286147349,460,20,7,9,36,494,7,1,2,10,496,504,463,14,405,10
39,1000,70,5.13,10.3,18,37,90,950,35,10,5,50,7.513288418,359,444,6281.045858,3187.493002,9.80466326,5.040890199,477,28,9,5,42,473,7,1,0,8,519,481,424,20,348,11
40,1000,70,5.13,10.3,18,37,34,948,26,7,19,52,8.115390363,151,236,25.11584088,15.09305239,7.604999315,8.592216043,465,9,4,5,18,483,17,3,14,34,483,517,198,38,137,14
36,1000,70,5.13,10.3,18,37,95,961,23,7,9,39,7.491518433,376,469,564.3315568,391.5230811,10.31016072,4.569545068,472,21,7,9,37,489,2,0,0,2,509,491,447,22,372,4
37,1000,70,5.13,10.3,18,37,93,942,37,10,11,58,7.671889981,406,482,493.6066517,301.584902,10.6694307,4.826271402,438,31,9,9,49,504,6,1,2,9,487,513,467,15,396,10
33,1000,70,5.13,10.3,18,37,103,954,28,10,8,46,7.005228351,413,479,844.7380193,619.4536735,9.894880206,4.092366442,462,22,10,8,40,492,6,0,0,6,502,498,465,14,404,9
38,1000,70,5.13,10.3,18,37,92,956,25,12,7,44,7.263332798,394,468,1075.944426,575.6150594,9.884821962,4.784648492,447,20,12,7,39,509,5,0,0,5,486,514,451,17,385,9
34,1000,70,5.13,10.3,18,37,103,947,37,7,9,53,7.474983823,402,454,971.6942533,598.64303,10.39272703,4.351850825,471,32,6,8,46,476,5,1,1,7,517,483,435,19,396,6
35,1000,70,5.13,10.3,18,37,100,952,28,8,12,48,7.15417341,413,483,2166.14156,1209.109395,10.08691563,4.267982651,459,20,7,10,37,493,8,1,2,11,496,504,468,15,408,5
39,1000,70,5.13,10.3,18,37,91,951,33,11,5,49,7.488965592,366,452,6578.122196,3349.534362,9.816440608,4.977615211,477,28,9,5,42,474,5,2,0,7,519,481,431,21,353,13
36,1000,70,5.13,10.3,18,37,96,961,22,7,10,39,7.49323871,385,464,612.8916476,430.4508825,10.31900783,4.563877237,472,20,7,10,37,489,2,0,0,2,509,491,450,14,377,8
37,1000,70,5.13,10.3,18,37,94,941,37,10,12,59,7.668442381,415,478,523.1707695,318.5884543,10.7210085,4.770587213,437,31,10,9,50,504,6,0,3,9,487,513,466,12,408,7
40,1000,70,5.13,10.3,18,37,35,949,26,7,18,51,8.132835019,143,239,25.66779432,15.46691258,7.662612946,8.572133397,465,9,4,5,18,484,17,3,13,33,483,517,187,52,129,14
33,1000,70,5.13,10.3,18,37,104,955,27,11,7,45,6.979276996,415,477,926.0645177,680.0479527,9.926058973,4.008826088,463,21,11,7,39,492,6,0,0,6,502,498,462,15,407,8
41,1000,70,5.13,10.3,18,37,0,928,38,17,17,72,7.282,92,167,17.44316612,9.237472486,6.271653543,8.325203252,485,12,5,6,23,443,26,12,11,49,508,492,95,72,67,25
38,1000,70,5.13,10.3,18,37,93,955,26,12,7,45,7.267924123,394,475,1183.001096,626.5002835,9.949951435,4.731999466,447,20,12,7,39,508,6,0,0,6,486,514,457,18,389,5
34,1000,70,5.13,10.3,18,37,104,945,39,7,9,55,7.481315944,408,459,1083.530968,668.0890786,10.43826253,4.31621991,469,34,6,8,48,476,5,1,1,7,517,483,440,19,398,10
42,1000,70,5.13,10.3,18,37,0,951,22,13,14,49,6.879,91,184,17.43492106,8.729249642,6.17221135,7.617586912,495,9,3,4,16,456,13,10,10,33,511,489,111,73,55,36
35,1000,70,5.13,10.3,18,37,101,953,27,8,12,47,7.106021258,427,471,2516.70065,1396.638831,10.09879707,4.160749828,459,20,7,10,37,494,7,1,2,10,496,504,455,16,414,13
39,1000,70,5.13,10.3,18,37,92,952,32,11,5,48,7.476272442,368,446,7484.289387,3805.839734,9.863561779,4.900382284,478,27,9,5,41,474,5,2,0,7,519,481,425,21,356,12
36,1000,70,5.13,10.3,18,37,97,960,22,8,10,40,7.508001281,394,454,649.9983699,447.3945891,10.37536717,4.535518107,471,20,8,10,38,489,2,0,0,2,509,491,442,12,388,6
37,1000,70,5.13,10.3,18,37,95,940,38,10,12,60,7.647048832,412,477,556.5952493,337.4874729,10.76002739,4.691843065,436,32,10,9,51,504,6,0,3,9,487,513,464,13,410,2
40,1000,70,5.13,10.3,18,37,36,947,28,7,18,53,8.138701797,150,259,26.28245986,15.90592465,7.689986137,8.55790811,464,10,4,5,19,483,18,3,13,34,483,517,224,35,130,20
38,1000,70,5.13,10.3,18,37,94,955,25,13,7,45,7.245267313,407,473,1286.962484,671.7802272,10.03320845,4.609198458,446,20,13,7,40,509,5,0,0,5,486,514,459,14,397,10
41,1000,70,5.13,10.3,18,37,1,928,38,17,17,72,7.32941033,104,175,17.4816319,9.301063747,6.323112367,8.368433429,485,12,5,6,23,443,26,12,11,49,508,492,95,80,73,31
42,1000,70,5.13,10.3,18,37,1,950,24,12,14,50,6.867969037,77,177,17.44275815,8.764334392,6.154656011,7.613373857,495,10,2,4,16,455,14,10,10,34,511,489,103,74,50,27
35,1000,70,5.13,10.3,18,37,102,952,27,9,12,48,7.104660226,431,493,2651.726095,1472.959088,10.16110609,4.096729381,458,21,7,10,38,494,6,2,2,10,496,504,477,16,423,8
39,1000,70,5.13,10.3,18,37,93,952,32,11,5,48,7.480520281,371,438,8816.373774,4439.05194,9.907918542,4.86135251,477,28,9,5,42,475,4,2,0,6,519,481,421,17,358,13
36,1000,70,5.13,10.3,18,37,98,959,23,8,10,41,7.529832014,393,460,713.8058267,496.2253197,10.44004578,4.512930163,470,21,8,10,39,489,2,0,0,2,509,491,447,13,389,4
37,1000,70,5.13,10.3,18,37,96,940,38,10,12,60,7.667252312,424,489,592.9676447,357.5059605,10.80977523,4.683999562,435,33,10,9,52,505,5,0,3,8,487,513,475,14,415,9
38,1000,70,5.13,10.3,18,37,95,955,25,13,7,45,7.215769344,416,474,1438.173393,749.8070771,10.07789736,4.509554916,446,20,13,7,40,509,5,0,0,5,486,514,458,16,405,11
40,1000,70,5.13,10.3,18,37,37,949,29,7,15,51,8.071748996,169,256,27.10351865,16.48893512,7.69235436,8.426193114,464,10,4,5,19,485,19,3,10,32,483,517,217,39,156,13
41,1000,70,5.13,10.3,18,37,2,928,39,16,17,72,7.408579683,100,174,17.53571752,9.357128552,6.414891047,8.434583396,484,13,5,6,24,444,26,11,11,48,508,492,102,72,76,24
35,1000,70,5.13,10.3,18,37,103,951,28,9,12,49,7.100594623,431,480,2833.019284,1585.261189,10.18821949,4.061979679,458,21,7,10,38,493,7,2,2,11,496,504,468,12,426,5
39,1000,70,5.13,10.3,18,37,94,951,33,11,5,49,7.454897466,362,443,10468.04692,5212.326602,9.918100111,4.797096692,477,28,9,5,42,474,5,2,0,7,519,481,424,19,353,9
42,1000,70,5.13,10.3,18,37,2,950,25,12,13,50,6.909614666,74,192,17.51432322,8.842360491,6.193094906,7.658370488,495,10,2,4,16,455,15,10,9,34,511,489,111,81,59,15
36,1000,70,5.13,10.3,18,37,99,958,24,8,10,42,7.51131759,407,467,804.2905853,549.9552233,10.48045818,4.433328673,469,22,8,10,40,489,2,0,0,2,509,491,451,16,400,7
37,1000,70,5.13,10.3,18,37,97,940,38,10,12,60,7.649280401,421,486,636.5974175,381.6723986,10.8345486,4.6254488,435,33,10,9,52,505,5,0,3,8,487,513,471,15,413,8
38,1000,70,5.13,10.3,18,37,96,955,25,13,7,45,7.220538709,406,478,1570.048872,822.5144166,10.12024004,4.478797766,446,20,13,7,40,509,5,0,0,5,486,514,466,12,397,9
40,1000,70,5.13,10.3,18,37,38,948,30,7,15,52,8.098624152,150,263,27.78617935,16.93906561,7.728053284,8.444824788,463,11,4,5,20,485,19,3,10,32,483,517,225,38,136,14
41,1000,70,5.13,10.3,18,37,3,929,39,15,17,71,7.408708661,105,187,17.54745521,9.410705748,6.482374128,8.365167895,484,13,5,6,24,445,26,10,11,47,508,492,107,80,77,28
39,1000,70,5.13,10.3,18,37,95,948,36,11,5,52,7.430152997,385,435,11633.51791,5875.457255,9.934608697,4.72784009,475,30,9,5,44,473,6,2,0,8,519,481,423,12,372,13
35,1000,70,5.13,10.3,18,37,104,950,29,9,12,50,7.110767237,429,480,2974.455748,1674.131881,10.23150204,4.039567906,457,22,7,10,39,493,7,2,2,11,496,504,474,6,418,11
43,1000,70,5.13,10.3,18,37,0,953,27,6,14,47,6.978,89,165,17.49280458,8.615683546,6.087649402,7.875502008,483,11,3,5,19,470,16,3,9,28,502,498,84,81,63,26
42,1000,70,5.13,10.3,18,37,3,949,27,12,12,51,6.944500233,89,178,17.53114056,8.864882658,6.272877289,7.646339343,495,10,2,4,16,454,17,10,8,35,511,489,104,74,67,22
36,1000,70,5.13,10.3,18,37,100,959,23,8,10,41,7.481281622,402,465,851.2843675,586.139999,10.48515384,4.367287815,469,22,8,10,40,490,1,0,0,1,509,491,447,18,390,12
37,1000,70,5.13,10.3,18,37,98,938,39,12,11,62,7.690723095,421,493,681.1873515,407.5277725,10.9543857,4.592470287,433,33,12,9,54,505,6,0,2,8,487,513,477,16,415,6
38,1000,70,5.13,10.3,18,37,97,955,25,13,7,45,7.195719595,409,478,1771.472605,922.1970786,10.14232255,4.409631972,446,20,13,7,40,509,5,0,0,5,486,514,464,14,395,14
41,1000,70,5.13,10.3,18,37,4,932,37,14,17,68,7.37620481,108,211,17.59656172,9.491707645,6.529504777,8.250439804,484,13,5,6,24,448,24,9,11,44,508,492,117,94,78,30
40,1000,70,5.13,10.3,18,37,39,949,29,7,15,51,8.077528682,177,271,28.54926523,17.46284946,7.766977441,8.367656824,463,11,4,5,20,486,18,3,10,31,483,517,236,35,162,15
39,1000,70,5.13,10.3,18,37,96,947,36,12,5,53,7.410983403,375,442,13890.00819,6839.777314,9.995367396,4.622427702,474,30,10,5,45,473,6,2,0,8,519,481,425,17,365,10
42,1000,70,5.13,10.3,18,37,4,949,26,13,12,51,7.020934926,97,173,17.63917842,8.935056257,6.377930602,7.692867869,495,9,3,4,16,454,17,10,8,35,511,489,92,81,73,24
36,1000,70,5.13,10.3,18,37,101,958,24,8,10,42,7.471181631,394,471,899.9740369,611.0529824,10.49081838,4.340845369,469,22,8,10,40,489,2,0,0,2,509,491,456,15,385,9
43,1000,70,5.13,10.3,18,37,1,953,27,6,14,47,6.997375768,92,190,17.51763748,8.667443304,6.108243725,7.893649434,483,11,3,5,19,470,16,3,9,28,502,498,99,91,71,21
37,1000,70,5.13,10.3,18,37,99,936,41,12,11,64,7.711720532,438,494,733.6345884,438.8010786,11.00775401,4.582737485,432,34,12,9,55,504,7,0,2,9,487,513,479,15,429,9
38,1000,70,5.13,10.3,18,37,98,954,25,13,8,46,7.208822157,427,487,2003.760063,1041.720173,10.19781996,4.38264914,445,20,13,8,41,509,5,0,0,5,486,514,472,15,423,4
41,1000,70,5.13,10.3,18,37,5,936,34,14,16,64,7.331579712,101,173,17.71216378,9.59796462,6.583068465,8.104432789,484,13,5,6,24,452,21,9,10,40,508,492,110,63,69,32
39,1000,70,5.13,10.3,18,37,97,947,36,12,5,53,7.38255678,385,444,15097.30162,7386.940809,9.973162795,4.587287503,474,30,10,5,45,473,6,2,0,8,519,481,423,21,375,10
40,1000,70,5.13,10.3,18,37,40,949,30,7,14,51,8.003398881,175,281,29.47200448,18.04114684,7.787687282,8.204924417,463,11,4,5,20,486,19,3,9,31,483,517,232,49,156,19
42,1000,70,5.13,10.3,18,37,5,947,28,13,12,53,7.052628399,76,191,17.74068672,9.024855744,6.381807915,7.753628945,495,9,3,4,16,452,19,10,8,37,511,489,98,93,53,23
36,1000,70,5.13,10.3,18,37,102,958,24,8,10,42,7.453422215,410,467,959.4725913,642.7864252,10.53212851,4.261850928,469,22,8,10,40,489,2,0,0,2,509,491,453,14,396,14
37,1000,70,5.13,10.3,18,37,100,936,41,12,11,64,7.739560049,443,491,787.3416259,467.9555289,11.0610278,4.586431798,432,34,12,9,55,504,7,0,2,9,487,513,478,13,433,10
43,1000,70,5.13,10.3,18,37,2,955,26,6,13,45,7.01518136,85,194,17.56485396,8.716166663,6.15099803,7.886305922,483,11,3,5,19,472,15,3,8,26,502,498,111,83,59,26
38,1000,70,5.13,10.3,18,37,99,954,25,13,8,46,7.216555916,423,481,2165.944686,1109.694546,10.24230302,4.355635504,445,20,13,8,41,509,5,0,0,5,486,514,463,18,417,6
41,1000,70,5.13,10.3,18,37,6,939,32,13,16,61,7.316224622,121,173,17.80605995,9.707398851,6.610248317,8.045159505,484,13,5,6,24,455,19,8,10,37,508,492,107,66,82,39
39,1000,70,5.13,10.3,18,37,98,948,35,12,5,52,7.351263738,392,443,15968.98611,7741.298951,9.952862876,4.54413286,475,29,10,5,44,473,6,2,0,8,519,481,427,16,375,17
42,1000,70,5.13,10.3,18,37,6,948,27,13,12,52,7.063149902,114,180,17.86601367,9.10588406,6.424575296,7.730453836,495,9,3,4,16,453,18,10,8,36,511,489,114,66,80,34
36,1000,70,5.13,10.3,18,37,103,958,24,8,10,42,7.486254656,415,457,989.8506045,659.8423703,10.58303188,4.275949962,469,22,8,10,40,489,2,0,0,2,509,491,449,8,412,3
40,1000,70,5.13,10.3,18,37,41,949,30,7,14,51,8.01465747,168,279,30.29884752,18.63800082,7.848848235,8.169562423,462,12,4,5,21,487,18,3,9,30,483,517,241,38,155,13
37,1000,70,5.13,10.3,18,37,101,936,41,12,11,64,7.736573751,418,497,840.3973307,501.0786816,11.13704456,4.508446495,432,34,12,9,55,504,7,0,2,9,487,513,482,15,415,3
43,1000,70,5.13,10.3,18,37,3,956,26,5,13,44,7.050544846,82,176,17.62152749,8.777205371,6.215168635,7.892630906,483,11,3,5,19,473,15,2,8,25,502,498,108,68,51,31
38,1000,70,5.13,10.3,18,37,100,955,24,13,8,45,7.208064634,426,480,2385.023556,1213.720094,10.29457009,4.289695663,445,20,13,8,41,510,4,0,0,4,486,514,472,8,423,3
41,1000,70,5.13,10.3,18,37,7,939,32,13,16,61,7.353573552,83,190,17.91980716,9.821525991,6.659878824,8.069827458,484,13,5,6,24,455,19,8,10,37,508,492,116,74,61,22
39,1000,70,5.13,10.3,18,37,99,947,35,13,5,53,7.3704295,385,453,17226.18195,8241.328388,10.05901816,4.469436747,473,30,11,5,46,474,5,2,0,7,519,481,426,27,379,6
42,1000,70,5.13,10.3,18,37,7,952,25,11,12,48,7.059981302,90,187,17.96941249,9.202007724,6.446471335,7.701092944,495,9,3,4,16,457,16,8,8,32,511,489,107,80,61,29
36,1000,70,5.13,10.3,18,37,104,957,25,8,10,43,7.526897446,408,471,1076.411441,710.5868338,10.62845061,4.311641724,469,22,8,10,40,488,3,0,0,3,509,491,461,10,401,7
44,1000,70,5.13,10.3,18,37,0,931,37,16,16,69,7.474,98,178,17.49678094,9.24191777,6.802469136,8.108949416,462,14,6,4,24,469,23,10,12,45,486,514,93,85,67,31
43,1000,70,5.13,10.3,18,37,4,956,24,7,13,44,7.043508469,99,166,17.69088061,8.84135466,6.207798117,7.885931354,483,11,3,5,19,473,13,4,8,25,502,498,105,61,69,30
37,1000,70,5.13,10.3,18,37,102,936,41,12,11,64,7.757474114,433,490,901.0660651,536.2148642,11.20075893,4.488702757,432,34,12,9,55,504,7,0,2,9,487,513,482,8,425,8
38,1000,70,5.13,10.3,18,37,101,955,24,13,8,45,7.228087682,418,485,2542.822055,1280.66362,10.36526415,4.261807989,445,20,13,8,41,510,4,0,0,4,486,514,473,12,413,5
40,1000,70,5.13,10.3,18,37,42,952,28,7,13,48,8.008557055,185,286,31.1507179,19.20232203,7.921936588,8.089481011,462,12,4,5,21,490,16,3,8,27,483,517,246,40,169,16
41,1000,70,5.13,10.3,18,37,8,948,26,9,17,52,7.307980998,112,198,18.03538059,9.953542218,6.649832156,7.987533055,485,12,5,6,23,463,14,4,11,29,508,492,116,82,87,25
39,1000,70,5.13,10.3,18,37,100,948,35,12,5,52,7.358519378,394,450,18801.79319,8957.698688,10.07144373,4.431268358,474,30,10,5,45,474,5,2,0,7,519,481,433,17,384,10
42,1000,70,5.13,10.3,18,37,8,953,25,10,12,47,7.099568274,100,177,18.07572274,9.273206331,6.514000753,7.711480345,495,9,3,4,16,458,16,7,8,31,511,489,115,62,75,25
44,1000,70,5.13,10.3,18,37,1,933,35,16,16,67,7.484122244,78,198,17.63780633,9.330729899,6.816852988,8.115042203,462,14,6,4,24,471,21,10,12,43,486,514,112,86,60,18
43,1000,70,5.13,10.3,18,37,5,956,24,7,13,44,7.097120915,98,187,17.74095662,8.890213615,6.29899102,7.901661493,483,11,3,5,19,473,13,4,8,25,502,498,109,78,66,32
37,1000,70,5.13,10.3,18,37,103,935,42,12,11,65,7.719185252,444,507,975.3022975,578.6180272,11.23420041,4.382319006,431,35,12,9,56,504,7,0,2,9,487,513,488,19,433,11
38,1000,70,5.13,10.3,18,37,102,954,25,13,8,46,7.217611414,429,493,2725.263295,1383.456981,10.40794197,4.201073186,444,21,13,8,42,510,4,0,0,4,486,514,480,13,421,8
40,1000,70,5.13,10.3,18,37,43,950,30,8,12,50,7.986494048,200,299,32.57667222,20.28629052,7.957368365,8.01370431,461,13,4,5,22,489,17,4,7,28,483,517,255,44,184,16
41,1000,70,5.13,10.3,18,37,9,948,27,9,16,52,7.335819944,106,196,18.18359574,10.08376105,6.692799059,7.999752078,485,12,5,6,23,463,15,4,10,29,508,492,123,73,76,30
42,1000,70,5.13,10.3,18,37,9,956,23,9,12,44,7.099970827,96,199,18.20853529,9.370382503,6.530503368,7.695058499,495,9,3,4,16,461,14,6,8,28,511,489,127,72,67,29
39,1000,70,5.13,10.3,18,37,101,947,36,12,5,53,7.31612089,401,459,25027.37891,11165.24465,10.10941765,4.302147875,473,31,10,5,46,474,5,2,0,7,519,481,442,17,386,15
43,1000,70,5.13,10.3,18,37,6,956,24,6,14,44,7.10350729,96,184,17.80099467,8.939544944,6.347200902,7.865888427,483,11,2,6,19,473,13,4,8,25,502,498,109,75,61,35
37,1000,70,5.13,10.3,18,37,104,935,42,12,11,65,7.717642646,434,505,1042.818033,617.7249686,11.29183042,4.324602792,430,36,12,9,57,505,6,0,2,8,487,513,486,19,432,2
45,1000,70,5.13,10.3,18,37,0,946,28,15,11,54,6.978,88,167,17.40505082,8.657925149,6.291746641,7.724425887,502,13,3,3,19,444,15,12,8,35,521,479,88,79,57,31
44,1000,70,5.13,10.3,18,37,2,935,33,16,16,65,7.525323078,110,194,17.69998358,9.410589177,6.854970586,8.159158313,462,14,6,4,24,473,19,10,12,41,486,514,120,74,78,32
38,1000,70,5.13,10.3,18,37,103,952,27,13,8,48,7.210784285,434,490,2880.701683,1469.673671,10.4568498,4.141547245,443,22,13,8,43,509,5,0,0,5,486,514,473,17,421,13
40,1000,70,5.13,10.3,18,37,44,951,29,8,12,49,8.00742462,183,283,34.0613835,21.23682317,8.00939201,8.005586614,462,12,4,5,21,489,17,4,7,28,483,517,249,34,167,16
41,1000,70,5.13,10.3,18,37,10,947,28,9,16,53,7.384184651,109,191,18.2958391,10.18701848,6.728246539,8.061454084,485,12,5,6,23,462,16,4,10,30,508,492,110,81,78,31
42,1000,70,5.13,10.3,18,37,10,956,23,9,12,44,7.139147771,85,170,18.32318632,9.443130738,6.599216863,7.703370049,495,9,3,4,16,461,14,6,8,28,511,489,118,52,65,20
39,1000,70,5.13,10.3,18,37,102,947,36,12,5,53,7.324643314,399,452,30545.06724,13231.47242,10.16866209,4.255941145,473,31,10,5,46,474,5,2,0,7,519,481,436,16,393,6
43,1000,70,5.13,10.3,18,37,7,957,23,6,14,43,7.114136484,100,216,17.87323611,9.01575293,6.36707178,7.867201708,484,10,2,6,18,473,13,4,8,25,502,498,123,93,72,28
44,1000,70,5.13,10.3,18,37,3,936,31,17,16,64,7.552843737,107,185,17.77249544,9.480362533,6.906029362,8.164423088,462,13,7,4,24,474,18,10,12,40,486,514,114,71,67,40
45,1000,70,5.13,10.3,18,37,1,947,27,15,11,53,6.993751592,93,177,17.41606019,8.707449042,6.300546639,7.747738609,502,13,3,3,19,445,14,12,8,34,521,479,97,80,55,38
38,1000,70,5.13,10.3,18,37,104,952,27,13,8,48,7.179418864,434,494,3296.518025,1694.806966,10.4999223,4.039798881,443,22,13,8,43,509,5,0,0,5,486,514,480,14,426,8
46,1000,70,5.13,10.3,18,37,0,940,31,11,18,60,7.146,101,174,17.68241956,9.099621922,6.170575693,8.007532957,446,15,5,3,23,494,16,6,15,37,469,531,104,70,63,38
41,1000,70,5.13,10.3,18,37,11,948,26,10,16,52,7.377251387,116,208,18.38416176,10.24869596,6.756391709,8.018301624,485,11,6,6,23,463,15,4,10,29,508,492,137,71,84,32
40,1000,70,5.13,10.3,18,37,45,949,31,8,12,51,8.040113502,187,293,35.49901606,22.20626966,8.048768544,8.03202765,461,13,4,5,22,488,18,4,7,29,483,517,255,38,176,11
42,1000,70,5.13,10.3,18,37,11,954,25,9,12,46,7.179300725,101,196,18.47590037,9.535619561,6.646929841,7.735622856,494,10,3,4,17,460,15,6,8,29,511,489,128,68,83,18
39,1000,70,5.13,10.3,18,37,103,947,34,13,6,53,7.331994777,400,459,33204.1049,14184.83486,10.25154901,4.181789687,473,29,11,6,46,474,5,2,0,7,519,481,441,18,388,12
43,1000,70,5.13,10.3,18,37,8,958,22,6,14,42,7.140289193,81,187,17.9470634,9.093588999,6.436164608,7.850069398,484,10,2,6,18,474,12,4,8,24,502,498,113,74,64,17
44,1000,70,5.13,10.3,18,37,4,938,31,16,15,62,7.519273343,102,191,17.86853523,9.58662585,6.888133639,8.116031896,462,13,7,4,24,476,18,9,11,38,486,514,118,73,65,37
45,1000,70,5.13,10.3,18,37,2,951,25,13,11,49,6.996809151,91,193,17.41933501,8.752026487,6.34597478,7.704710418,503,12,3,3,18,448,13,10,8,31,521,479,108,85,55,36
46,1000,70,5.13,10.3,18,37,1,944,28,10,18,56,7.114474247,98,190,17.73957219,9.157520669,6.16240617,7.955378067,448,13,5,3,21,496,15,5,15,35,469,531,113,77,73,25
41,1000,70,5.13,10.3,18,37,12,948,26,10,16,52,7.371174051,95,190,18.51925693,10.35409025,6.778133681,7.983500288,485,11,6,6,23,463,15,4,10,29,508,492,117,73,72,23
42,1000,70,5.13,10.3,18,37,12,955,24,9,12,45,7.158942979,104,202,18.57474316,9.598762419,6.679316684,7.660147554,494,9,3,5,17,461,15,6,7,28,511,489,128,74,82,22
39,1000,70,5.13,10.3,18,37,104,946,34,14,6,54,7.353622433,380,447,35240.55191,14891.97894,10.29561386,4.179207567,473,29,11,6,46,473,5,3,0,8,519,481,433,14,375,5
47,1000,70,5.13,10.3,18,37,0,944,31,14,11,56,7.166,91,198,17.40651926,8.775414364,6.457692308,7.933333333,501,13,5,1,19,443,18,9,10,37,520,480,111,87,58,33
40,1000,70,5.13,10.3,18,37,46,948,31,9,12,52,8.0515653,180,296,36.96341595,23.23314273,8.100291586,8.006043451,460,14,4,5,23,488,17,5,7,29,483,517,258,38,170,10
43,1000,70,5.13,10.3,18,37,9,958,22,6,14,42,7.16400152,83,173,18.02152366,9.185027602,6.453285391,7.880426213,484,10,2,6,18,474,12,4,8,24,502,498,114,59,61,22
44,1000,70,5.13,10.3,18,37,5,938,31,16,15,62,7.555809552,109,179,17.93274446,9.661108496,6.947919804,8.130584683,462,13,7,4,24,476,18,9,11,38,486,514,121,58,83,26
45,1000,70,5.13,10.3,18,37,3,951,24,13,12,49,7.058862915,91,181,17.48547424,8.820691892,6.417303564,7.756675903,503,12,3,3,18,448,12,10,9,31,521,479,101,80,59,32
46,1000,70,5.13,10.3,18,37,2,945,28,10,17,55,7.138348949,93,184,17.83175961,9.21168606,6.199915548,7.967210089,448,13,5,3,21,497,15,5,14,34,469,531,108,76,71,22
41,1000,70,5.13,10.3,18,37,13,950,24,10,16,50,7.396486115,106,204,18.66377356,10.46208841,6.808845895,8.003236586,485,11,6,6,23,465,13,4,10,27,508,492,134,70,80,26
42,1000,70,5.13,10.3,18,37,13,954,26,9,11,46,7.184378373,84,183,18.74914237,9.743947855,6.725601254,7.663795772,494,9,3,5,17,460,17,6,6,29,511,489,121,62,71,13
47,1000,70,5.13,10.3,18,37,1,945,31,13,11,55,7.156701979,94,178,17.45802938,8.836258766,6.471499026,7.899005179,501,13,5,1,19,444,18,8,10,36,520,480,95,83,71,23
43,1000,70,5.13,10.3,18,37,10,957,24,6,13,43,7.233614766,110,170,18.10652156,9.242421642,6.529101099,7.943787177,483,11,2,6,19,474,13,4,7,24,502,498,102,68,86,24
40,1000,70,5.13,10.3,18,37,47,947,33,8,12,53,8.029365199,186,311,38.73359993,24.39729537,8.157176115,7.909959642,459,15,3,6,24,488,18,5,6,29,483,517,267,44,171,15
44,1000,70,5.13,10.3,18,37,6,939,31,15,15,61,7.564403578,97,191,17.96570874,9.713515647,6.946596123,8.148556153,463,13,6,4,23,476,18,9,11,38,486,514,118,73,70,27
45,1000,70,5.13,10.3,18,37,4,951,24,12,13,49,7.069673193,88,187,17.50081824,8.874133965,6.446632165,7.747344124,503,12,3,3,18,448,12,9,10,31,521,479,98,89,58,30
46,1000,70,5.13,10.3,18,37,3,944,29,9,18,56,7.190872317,99,189,17.87232159,9.25945049,6.195107798,8.070370546,448,13,4,4,21,496,16,5,14,35,469,531,111,78,64,35
41,1000,70,5.13,10.3,18,37,14,950,24,10,16,50,7.368605457,128,209,18.84558584,10.58641429,6.81472701,7.940496212,485,11,6,6,23,465,13,4,10,27,508,492,141,68,100,28
42,1000,70,5.13,10.3,18,37,14,954,26,8,12,46,7.226200809,110,158,18.88732254,9.854656024,6.753918958,7.719730515,494,9,3,5,17,460,17,5,7,29,511,489,99,59,88,22
47,1000,70,5.13,10.3,18,37,2,949,30,10,11,51,7.14546921,95,181,17.47494868,8.883895004,6.511759652,7.831987899,502,13,4,1,18,447,17,6,10,33,520,480,110,71,60,35
43,1000,70,5.13,10.3,18,37,11,958,24,5,13,42,7.227311607,98,194,18.23332252,9.318922204,6.570410913,7.889488612,484,10,2,6,18,474,14,3,7,24,502,498,122,72,69,29
44,1000,70,5.13,10.3,18,37,7,939,32,16,13,61,7.590636729,109,174,18.05718978,9.78269879,6.974990977,8.172745359,463,14,6,3,23,476,18,10,10,38,486,514,106,68,82,27
40,1000,70,5.13,10.3,18,37,48,950,32,7,11,50,8.003963025,197,319,40.34292484,25.46196056,8.243890327,7.779814307,459,15,3,6,24,491,17,4,5,26,483,517,273,46,183,14
45,1000,70,5.13,10.3,18,37,5,951,24,12,13,49,7.102364004,103,175,17.56119481,8.95296925,6.473782894,7.786060786,503,12,3,3,18,448,12,9,10,31,521,479,93,82,67,36
46,1000,70,5.13,10.3,18,37,4,942,31,8,19,58,7.216052201,109,168,17.95380065,9.324682641,6.20852204,8.105942305,448,13,3,5,21,494,18,5,14,37,469,531,109,59,71,38
41,1000,70,5.13,10.3,18,37,15,949,25,11,15,51,7.33979381,140,199,18.95285206,10.67284254,6.815017338,7.881636183,485,11,6,6,23,464,14,5,9,28,508,492,120,79,109,31
42,1000,70,5.13,10.3,18,37,15,955,25,8,12,45,7.235707434,100,212,19.09995097,10.00238175,6.768387064,7.724052441,494,9,3,5,17,461,16,5,7,28,511,489,129,83,77,23
47,1000,70,5.13,10.3,18,37,3,949,30,10,11,51,7.184433866,107,207,17.51179149,8.94195691,6.526031145,7.89770348,502,13,4,1,18,447,17,6,10,33,520,480,119,88,67,40
43,1000,70,5.13,10.3,18,37,12,959,23,5,13,41,7.233651102,80,184,18.35823824,9.431670162,6.617858417,7.854389913,484,10,2,6,18,475,13,3,7,23,502,498,111,73,59,21
44,1000,70,5.13,10.3,18,37,8,940,32,15,13,60,7.626972778,90,188,18.16947161,9.890845388,7.027427866,8.193857656,463,14,6,3,23,477,18,9,10,37,486,514,120,68,65,25
45,1000,70,5.13,10.3,18,37,6,951,24,12,13,49,7.139917431,89,173,17.57833782,9.002236437,6.528407746,7.805045919,503,12,3,3,18,448,12,9,10,31,521,479,100,73,53,36
40,1000,70,5.13,10.3,18,37,49,950,31,9,10,50,8.009555248,197,303,42.04771398,26.61453658,8.283119295,7.753981874,458,15,4,6,25,492,16,5,4,25,483,517,272,31,185,12
46,1000,70,5.13,10.3,18,37,5,944,28,9,19,56,7.2101758,102,220,18.02207945,9.369496832,6.25635057,8.052631606,448,12,4,5,21,496,16,5,14,35,469,531,129,91,70,32
41,1000,70,5.13,10.3,18,37,16,950,24,12,14,50,7.380060494,108,202,19.06455808,10.77870725,6.873268037,7.903334008,485,10,7,6,23,465,14,5,8,27,508,492,137,65,81,27
42,1000,70,5.13,10.3,18,37,16,955,25,8,12,45,7.244936164,110,193,19.30209979,10.14765952,6.815986289,7.693184398,494,9,3,5,17,461,16,5,7,28,511,489,137,56,85,25
47,1000,70,5.13,10.3,18,37,4,950,29,10,11,50,7.187500159,97,177,17.51118398,8.968868868,6.555152564,7.872543386,502,13,4,1,18,448,16,6,10,32,520,480,92,85,63,34
43,1000,70,5.13,10.3,18,37,13,959,23,5,13,41,7.26052975,98,182,18.48042824,9.512692336,6.683061104,7.842636698,484,10,2,6,18,475,13,3,7,23,502,498,120,62,77,21
44,1000,70,5.13,10.3,18,37,9,940,32,15,13,60,7.658008568,90,183,18.2471169,9.951527264,7.091306854,8.19383937,463,14,6,3,23,477,18,9,10,37,486,514,113,70,70,20
45,1000,70,5.13,10.3,18,37,7,951,26,11,12,49,7.146823218,98,176,17.64494256,9.065025598,6.564061816,7.780682696,503,12,3,3,18,448,14,8,9,31,521,479,108,68,62,36
46,1000,70,5.13,10.3,18,37,6,946,28,8,18,54,7.232819093,83,203,18.06200906,9.410568321,6.265678413,8.087035627,449,12,3,5,20,497,16,5,13,34,469,531,122,81,56,27
40,1000,70,5.13,10.3,18,37,50,949,32,9,10,51,8.032709117,220,322,44.90876083,28.66064092,8.341560817,7.744168748,458,15,4,6,25,491,17,5,4,26,483,517,280,42,208,12
41,1000,70,5.13,10.3,18,37,17,950,24,12,14,50,7.40302788,124,192,19.22346157,10.90132425,6.932253907,7.889111576,485,10,7,6,23,465,14,5,8,27,508,492,129,63,93,31
42,1000,70,5.13,10.3,18,37,17,952,28,8,12,48,7.283648358,106,192,19.63423583,10.33744392,6.885365369,7.69985001,492,11,3,5,19,460,17,5,7,29,511,489,135,57,89,17
47,1000,70,5.13,10.3,18,37,5,949,29,11,11,51,7.207880065,86,171,17.6335408,9.076519243,6.552110897,7.918296664,502,12,5,1,18,447,17,6,10,33,520,480,105,66,65,21
43,1000,70,5.13,10.3,18,37,14,960,21,6,13,40,7.310791076,109,205,18.67693943,9.624434462,6.718532654,7.907806595,485,9,2,6,17,475,12,4,7,23,502,498,140,65,85,24
44,1000,70,5.13,10.3,18,37,10,943,30,15,12,57,7.653542601,104,188,18.30050335,9.999089229,7.09979544,8.177124547,465,12,6,3,21,478,18,9,9,36,486,514,124,64,75,29
45,1000,70,5.13,10.3,18,37,8,951,25,12,12,49,7.14879325,87,186,17.75750846,9.149256995,6.583937519,7.76317704,503,12,3,3,18,448,13,9,9,31,521,479,110,76,55,32
46,1000,70,5.13,10.3,18,37,7,950,24,9,17,50,7.215294215,103,183,18.12891918,9.453549997,6.239839999,8.076853587,451,11,3,4,18,499,13,6,13,32,469,531,118,65,70,33
41,1000,70,5.13,10.3,18,37,18,950,24,12,14,50,7.429554513,132,208,19.35961172,11.0055487,6.978973352,7.894788719,485,10,7,6,23,465,14,5,8,27,508,492,148,60,107,25
42,1000,70,5.13,10.3,18,37,18,954,27,7,12,46,7.287854101,95,225,19.81051558,10.48706702,6.907018569,7.685823338,493,10,3,5,18,461,17,4,7,28,511,489,150,75,80,15
40,1000,70,5.13,10.3,18,37,51,949,31,10,10,51,8.037958782,233,312,46.73951202,29.84231743,8.355948087,7.740881733,458,15,4,6,25,491,16,6,4,26,483,517,292,20,218,15
47,1000,70,5.13,10.3,18,37,6,948,30,11,11,52,7.266438512,102,196,17.71983463,9.133195014,6.612863624,7.974477974,502,12,5,1,18,446,18,6,10,34,520,480,113,83,69,33
43,1000,70,5.13,10.3,18,37,15,959,22,6,13,41,7.303470444,105,188,18.75779856,9.693338815,6.766116915,7.845140067,484,10,2,6,18,475,12,4,7,23,502,498,127,61,79,26
44,1000,70,5.13,10.3,18,37,11,942,32,15,11,58,7.708901065,95,181,18.38774686,10.10598531,7.234880937,8.157099084,465,12,6,3,21,477,20,9,8,37,486,514,111,70,66,29
45,1000,70,5.13,10.3,18,37,9,950,28,11,11,50,7.181537608,94,159,17.82773918,9.203062787,6.640940053,7.769536202,503,13,2,3,18,447,15,9,8,32,521,479,98,61,66,28
46,1000,70,5.13,10.3,18,37,8,951,24,8,17,49,7.20477365,104,192,18.24354671,9.525187037,6.234425817,8.061822866,451,11,3,4,18,500,13,5,13,31,469,531,124,68,76,28
41,1000,70,5.13,10.3,18,37,19,951,24,12,13,49,7.428527038,127,192,19.51427697,11.14736451,7.019717047,7.850631662,484,11,7,6,24,467,13,5,7,25,508,492,136,56,92,35
42,1000,70,5.13,10.3,18,37,19,954,27,7,12,46,7.326014955,106,210,20.05019117,10.65116137,6.958365613,7.710204758,493,10,3,5,18,461,17,4,7,28,511,489,143,67,85,21
40,1000,70,5.13,10.3,18,37,52,948,32,10,10,52,8.011364063,212,335,48.87860721,31.32030726,8.417785479,7.631670555,457,16,4,6,26,491,16,6,4,26,483,517,305,30,202,10
47,1000,70,5.13,10.3,18,37,7,949,29,11,11,51,7.274150646,108,177,17.76741929,9.183048697,6.616202146,7.986928189,503,11,5,1,17,446,18,6,10,34,520,480,107,70,71,37
43,1000,70,5.13,10.3,18,37,16,959,22,6,13,41,7.310738317,86,177,18.98851403,9.831235385,6.7843198,7.841385096,484,10,2,6,18,475,12,4,7,23,502,498,123,54,68,18
44,1000,70,5.13,10.3,18,37,12,939,33,17,11,61,7.766753454,98,198,18.52894413,10.21093429,7.330529384,8.179214344,463,13,7,3,23,476,20,10,8,38,486,514,140,58,75,23
45,1000,70,5.13,10.3,18,37,10,952,28,9,11,48,7.21285716,92,175,17.99240145,9.317145901,6.731129356,7.736824145,503,13,2,3,18,449,15,7,8,30,521,479,108,67,62,30
46,1000,70,5.13,10.3,18,37,9,952,23,8,17,48,7.192297448,100,213,18.33925913,9.604763531,6.238557893,8.034677583,451,11,3,4,18,501,12,5,13,30,469,531,138,75,80,20
42,1000,70,5.13,10.3,18,37,20,956,26,7,11,44,7.322536705,91,192,20.42248892,10.90647025,6.969021685,7.691956287,494,10,2,5,17,462,16,5,6,27,511,489,134,58,63,28
41,1000,70,5.13,10.3,18,37,20,952,23,12,13,48,7.439538509,111,188,19.74274853,11.31709232,7.06298107,7.828341719,484,10,8,6,24,468,13,4,7,24,508,492,134,54,88,23
43,1000,70,5.13,10.3,18,37,17,960,21,6,13,40,7.325289497,97,218,19.11657227,9.921601684,6.801173099,7.853615666,485,9,2,6,17,475,12,4,7,23,502,498,150,68,73,24
47,1000,70,5.13,10.3,18,37,8,950,28,11,11,50,7.289943548,85,185,17.86079759,9.245167039,6.645260827,7.98834983,503,11,5,1,17,447,17,6,10,33,520,480,114,71,56,29
40,1000,70,5.13,10.3,18,37,53,949,31,10,10,51,8.019311653,206,343,51.75766857,33.21662325,8.490134606,7.579451911,457,16,4,6,26,492,15,6,4,25,483,517,315,28,194,12
44,1000,70,5.13,10.3,18,37,13,939,34,16,11,61,7.782179126,118,199,18.65855352,10.28684711,7.369201046,8.172660346,463,13,7,3,23,476,21,9,8,38,486,514,139,60,90,28
45,1000,70,5.13,10.3,18,37,11,952,28,9,11,48,7.21484494,99,168,18.11337305,9.395187913,6.748794611,7.721759806,503,13,2,3,18,449,15,7,8,30,521,479,109,59,76,23
46,1000,70,5.13,10.3,18,37,10,952,23,8,17,48,7.219126313,93,193,18.46810247,9.696965217,6.266248231,8.060745561,451,11,3,4,18,501,12,5,13,30,469,531,127,66,74,19
42,1000,70,5.13,10.3,18,37,21,958,25,6,11,42,7.324738263,121,206,20.72601192,11.13830549,7.021571115,7.641544832,494,10,2,5,17,464,15,4,6,25,511,489,152,54,98,23
41,1000,70,5.13,10.3,18,37,21,953,23,12,12,47,7.471607166,118,215,20.05040317,11.52980007,7.151087752,7.802549976,484,11,7,6,24,469,12,5,6,23,508,492,154,61,99,19
43,1000,70,5.13,10.3,18,37,18,961,21,5,13,39,7.328977133,114,181,19.31948239,10.05253107,6.841674175,7.820194172,485,9,2,6,17,476,12,3,7,22,502,498,127,54,80,34
47,1000,70,5.13,10.3,18,37,9,951,28,10,11,49,7.315842902,83,179,17.94501751,9.304322938,6.700805491,7.982133431,503,11,5,1,17,448,17,5,10,32,520,480,112,67,58,25
40,1000,70,5.13,10.3,18,37,54,950,30,10,10,50,8.043360607,218,358,54.35206295,35.0710466,8.555012985,7.565356549,458,15,4,6,25,492,15,6,4,25,483,517,322,36,206,12
44,1000,70,5.13,10.3,18,37,14,937,37,16,10,63,7.791430646,117,183,18.77684094,10.41468558,7.403475454,8.158252091,462,14,7,3,24,475,23,9,7,39,486,514,136,47,91,26
45,1000,70,5.13,10.3,18,37,12,954,26,9,11,46,7.207368374,105,189,18.2221445,9.462980854,6.767921382,7.685347253,503,13,2,3,18,451,13,7,8,28,521,479,121,68,76,29
46,1000,70,5.13,10.3,18,37,11,952,24,7,17,48,7.256880358,87,192,18.60864695,9.781918367,6.308294742,8.094708332,451,11,3,4,18,501,13,4,13,30,469,531,132,60,61,26
42,1000,70,5.13,10.3,18,37,22,958,25,6,11,42,7.324705983,113,203,21.21996721,11.493637,7.036250056,7.626139476,494,10,2,5,17,464,15,4,6,25,511,489,147,56,96,17
41,1000,70,5.13,10.3,18,37,22,956,21,11,12,44,7.457999865,116,215,20.3473275,11.7049447,7.165747011,7.759756876,485,11,6,6,23,471,10,5,6,21,508,492,153,62,95,21
43,1000,70,5.13,10.3,18,37,19,961,21,5,13,39,7.365053871,112,198,19.50302584,10.17081082,6.923576435,7.81007731,485,9,2,6,17,476,12,3,7,22,502,498,138,60,86,26
47,1000,70,5.13,10.3,18,37,10,951,28,9,12,49,7.317514045,87,188,17.99907975,9.374462499,6.724694565,7.959735147,503,11,5,1,17,448,17,4,11,32,520,480,114,74,63,24
40,1000,70,5.13,10.3,18,37,55,950,30,10,10,50,7.999653404,251,344,57.15222947,36.95415884,8.551765321,7.483850589,458,15,4,6,25,492,15,6,4,25,483,517,319,25,234,17
44,1000,70,5.13,10.3,18,37,15,938,36,16,10,62,7.780751615,118,209,18.88467241,10.51916603,7.396926487,8.143667981,462,14,7,3,24,476,22,9,7,38,486,514,151,58,91,27
45,1000,70,5.13,10.3,18,37,13,956,24,9,11,44,7.202267477,109,179,18.33285469,9.555039898,6.760871289,7.682366462,504,12,2,3,17,452,12,7,8,27,521,479,118,61,80,29
46,1000,70,5.13,10.3,18,37,12,953,25,6,16,47,7.291742099,109,185,18.70112131,9.877163816,6.321677274,8.148541351,451,11,3,4,18,502,14,3,12,29,469,531,133,52,83,26
42,1000,70,5.13,10.3,18,37,23,960,22,7,11,40,7.345316573,119,202,21.71902116,11.79209357,7.045576933,7.658541432,495,9,2,5,16,465,13,5,6,24,511,489,146,56,92,27
41,1000,70,5.13,10.3,18,37,23,956,22,11,11,44,7.444876126,127,183,20.65258568,11.91213727,7.180545894,7.717802464,485,11,6,6,23,471,11,5,5,21,508,492,130,53,104,23
43,1000,70,5.13,10.3,18,37,20,961,21,5,13,39,7.37484583,115,207,19.74399437,10.32488668,6.959505129,7.793522601,484,10,2,6,18,477,11,3,7,21,502,498,136,71,94,21
47,1000,70,5.13,10.3,18,37,11,950,30,9,11,50,7.35865541,104,170,18.04861127,9.450753256,6.775755451,7.990130365,503,12,5,0,17,447,18,4,11,33,520,480,105,65,76,28
44,1000,70,5.13,10.3,18,37,16,937,38,15,10,63,7.788493802,99,193,19.01774908,10.61545155,7.447242331,8.1111557,461,15,7,3,25,476,23,8,7,38,486,514,125,68,77,22
40,1000,70,5.13,10.3,18,37,56,949,30,11,10,51,7.991848877,234,363,59.93170518,38.52996037,8.571434713,7.450378938,458,15,4,6,25,491,15,7,4,26,483,517,337,26,214,20
45,1000,70,5.13,10.3,18,37,14,957,23,9,11,43,7.215354082,84,196,18.46931017,9.672496341,6.789372382,7.678686996,505,11,2,3,16,452,12,7,8,27,521,479,132,64,65,19
42,1000,70,5.13,10.3,18,37,24,960,22,7,11,40,7.382102871,111,212,22.12852648,12.07336626,7.08170738,7.696013087,495,9,2,5,16,465,13,5,6,24,511,489,146,66,89,22
46,1000,70,5.13,10.3,18,37,13,954,25,5,16,46,7.337750804,114,210,18.92069671,10.01380089,6.379353385,8.184244945,452,11,2,4,17,502,14,3,12,29,469,531,141,69,85,29
41,1000,70,5.13,10.3,18,37,24,955,22,12,11,45,7.492517358,129,191,21.0552597,12.17475947,7.226380488,7.767309085,485,11,6,6,23,470,11,6,5,22,508,492,152,39,103,26
43,1000,70,5.13,10.3,18,37,21,963,20,5,12,37,7.3894039,115,193,19.98823334,10.49088002,7.009856105,7.772000271,484,10,2,6,18,479,10,3,6,19,502,498,141,52,88,27
47,1000,70,5.13,10.3,18,37,12,950,30,9,11,50,7.378721332,105,175,18.18668341,9.529389009,6.80007437,8.005588875,503,12,5,0,17,447,18,4,11,33,520,480,111,64,74,31
44,1000,70,5.13,10.3,18,37,17,939,36,15,10,61,7.791528534,116,222,19.09853906,10.72707313,7.490584498,8.076078732,462,14,7,3,24,477,22,8,7,37,486,514,159,63,87,29
45,1000,70,5.13,10.3,18,37,15,958,22,9,11,42,7.257380209,92,202,18.57359357,9.752327066,6.805021238,7.749403223,505,11,2,3,16,453,11,7,8,26,521,479,131,71,67,25
42,1000,70,5.13,10.3,18,37,25,961,21,7,11,39,7.34125957,133,227,22.53647917,12.36064789,7.05788261,7.637385595,495,9,2,5,16,466,12,5,6,23,511,489,160,67,103,30
40,1000,70,5.13,10.3,18,37,57,950,28,12,10,50,7.946000258,258,355,63.31842299,40.45047842,8.604870917,7.330459584,458,14,5,6,25,492,14,7,4,25,483,517,324,31,244,14
41,1000,70,5.13,10.3,18,37,25,956,21,12,11,44,7.527338055,117,221,21.41917058,12.43082092,7.273539344,7.789390382,485,11,6,6,23,471,10,6,5,21,508,492,158,63,99,18
46,1000,70,5.13,10.3,18,37,14,956,24,4,16,44,7.347398843,120,201,19.0767484,10.1233203,6.376954452,8.204533342,453,10,2,4,16,503,14,2,12,28,469,531,138,63,90,30
43,1000,70,5.13,10.3,18,37,22,962,20,6,12,38,7.427384904,105,191,20.25560305,10.66877578,7.067317241,7.790344678,483,10,3,6,19,479,10,3,6,19,502,498,137,54,80,25
47,1000,70,5.13,10.3,18,37,13,950,30,9,11,50,7.391953744,87,200,18.28183237,9.60901008,6.862462591,7.965569161,503,12,5,0,17,447,18,4,11,33,520,480,129,71,68,19
44,1000,70,5.13,10.3,18,37,18,937,38,15,10,63,7.83367388,108,208,19.26028089,10.85149237,7.557644476,8.094666664,462,14,7,3,24,475,24,8,7,39,486,514,140,68,87,21
45,1000,70,5.13,10.3,18,37,16,959,21,9,11,41,7.272940256,97,192,18.64786335,9.813277553,6.828026969,7.756864729,505,11,2,3,16,454,10,7,8,25,521,479,124,68,78,19
42,1000,70,5.13,10.3,18,37,26,961,22,6,11,39,7.398485853,105,237,23.06525456,12.65977426,7.095210784,7.715405198,496,9,1,5,15,465,13,5,6,24,511,489,172,65,87,18
41,1000,70,5.13,10.3,18,37,26,955,22,11,12,45,7.573719551,117,212,21.85193692,12.71739801,7.351570495,7.803092965,485,11,5,7,23,470,11,6,5,22,508,492,162,50,97,20
46,1000,70,5.13,10.3,18,37,15,953,26,5,16,47,7.39099044,112,205,19.30837878,10.26866969,6.430096016,8.239690035,450,12,3,4,19,503,14,2,12,28,469,531,139,66,89,23
40,1000,70,5.13,10.3,18,37,58,948,30,12,10,52,7.920999846,247,346,65.98501821,41.95792517,8.622353442,7.265770084,456,16,5,6,27,492,14,7,4,25,483,517,325,21,239,8
43,1000,70,5.13,10.3,18,37,23,963,19,6,12,37,7.42989933,114,211,20.54561092,10.87982792,7.080828486,7.781773956,484,9,3,6,18,479,10,3,6,19,502,498,156,55,98,16
47,1000,70,5.13,10.3,18,37,14,950,30,9,11,50,7.406843376,107,191,18.40120445,9.684979408,6.878138073,7.979607453,503,12,5,0,17,447,18,4,11,33,520,480,130,61,77,30
44,1000,70,5.13,10.3,18,37,19,937,38,14,11,63,7.858685931,124,192,19.35966026,10.92522847,7.575503448,8.126442132,462,14,6,4,24,475,24,8,7,39,486,514,146,46,98,26
45,1000,70,5.13,10.3,18,37,17,960,21,8,11,40,7.299108093,98,187,18.73963907,9.874130584,6.876671012,7.758585587,505,11,2,3,16,455,10,6,8,24,521,479,123,64,73,25
42,1000,70,5.13,10.3,18,37,27,961,22,6,11,39,7.409544742,127,222,23.5746364,13.01218834,7.124456861,7.707458662,496,9,1,5,15,465,13,5,6,24,511,489,173,49,112,15
41,1000,70,5.13,10.3,18,37,27,954,23,11,12,46,7.620946699,114,228,22.22468854,12.96147832,7.411473351,7.837232189,485,11,5,7,23,469,12,6,5,23,508,492,171,57,100,14
46,1000,70,5.13,10.3,18,37,16,955,23,6,16,45,7.40425779,107,170,19.57530006,10.43415892,6.46859715,8.230669918,450,12,3,4,19,505,11,3,12,26,469,531,118,52,81,26
43,1000,70,5.13,10.3,18,37,24,962,20,6,12,38,7.432214069,118,199,20.88559717,11.11086201,7.067489153,7.799868502,484,9,3,6,18,478,11,3,6,20,502,498,149,50,100,18
40,1000,70,5.13,10.3,18,37,59,947,29,14,10,53,7.895436388,247,364,68.95785347,43.69601715,8.650568176,7.189965104,455,16,6,6,28,492,13,8,4,25,483,517,335,29,238,9
47,1000,70,5.13,10.3,18,37,15,950,29,10,11,50,7.429573613,96,169,18.57667418,9.811612695,6.907764989,7.99486629,503,11,6,0,17,447,18,4,11,33,520,480,120,49,67,29
44,1000,70,5.13,10.3,18,37,20,937,37,15,11,63,7.887395516,113,216,19.55922249,11.04376119,7.591097433,8.167552848,462,13,7,4,24,475,24,8,7,39,486,514,164,52,88,25
45,1000,70,5.13,10.3,18,37,18,963,21,7,9,37,7.268603747,117,200,18.86703038,10.01311872,6.87844008,7.692978008,506,10,2,3,15,457,11,5,6,22,521,479,143,57,92,25
42,1000,70,5.13,10.3,18,37,28,963,22,4,11,37,7.39790083,127,215,24.09039726,13.29908947,7.142556771,7.66473276,496,9,1,5,15,467,13,3,6,22,511,489,167,48,117,10
41,1000,70,5.13,10.3,18,37,28,954,23,10,13,46,7.65122967,115,209,22.65421719,13.23976954,7.464462668,7.844070395,485,11,5,7,23,469,12,5,6,23,508,492,163,46,100,15
43,1000,70,5.13,10.3,18,37,25,963,20,5,12,37,7.420562837,110,214,21.0745161,11.26623406,7.074484898,7.769420518,484,9,3,6,18,479,11,2,6,19,502,498,152,62,96,14
46,1000,70,5.13,10.3,18,37,17,956,21,6,17,44,7.40755399,101,204,19.81206697,10.58801879,6.481037516,8.225889633,451,10,3,5,18,505,11,3,12,26,469,531,137,67,79,22
47,1000,70,5.13,10.3,18,37,16,952,28,9,11,48,7.414589864,115,191,18.66694896,9.885055499,6.909986081,7.961243962,504,11,5,0,16,448,17,4,11,32,520,480,120,71,93,22
40,1000,70,5.13,10.3,18,37,60,947,30,14,9,53,7.890839197,252,353,72.26357165,45.68224853,8.718564112,7.117548801,454,17,6,6,29,493,13,8,3,24,483,517,327,26,244,8
44,1000,70,5.13,10.3,18,37,21,938,37,14,11,62,7.890508619,109,192,19.76683966,11.19315609,7.650640551,8.117309943,461,14,7,4,25,477,23,7,7,37,486,514,142,50,89,20
42,1000,70,5.13,10.3,18,37,29,965,19,5,11,35,7.377660713,122,247,24.60097426,13.55415304,7.155850542,7.609450073,496,9,1,5,15,469,10,4,6,20,511,489,196,51,105,17
45,1000,70,5.13,10.3,18,37,19,962,22,7,9,38,7.348499734,103,212,18.98575527,10.11172338,6.96955165,7.760674998,505,11,2,3,16,457,11,5,6,22,521,479,141,71,78,25
41,1000,70,5.13,10.3,18,37,29,952,25,10,13,48,7.698228503,139,222,23.09156907,13.54291306,7.534110792,7.867683376,484,12,5,7,24,468,13,5,6,24,508,492,170,52,117,22
43,1000,70,5.13,10.3,18,37,26,962,21,5,12,38,7.48868489,124,200,21.35614263,11.42960505,7.132802294,7.847425981,483,10,3,6,19,479,11,2,6,19,502,498,146,54,96,28
46,1000,70,5.13,10.3,18,37,18,956,20,7,17,44,7.420257276,111,202,20.08124557,10.73918527,6.534645982,8.202463861,451,9,4,5,18,505,11,3,12,26,469,531,144,58,97,14
47,1000,70,5.13,10.3,18,37,17,951,29,9,11,49,7.424928347,107,192,18.78028542,10.00087187,6.955911504,7.933029927,504,11,5,0,16,447,18,4,11,33,520,480,127,65,84,23
40,1000,70,5.13,10.3,18,37,61,947,31,14,8,53,7.915618497,266,374,76.14482716,48.02190625,8.797616808,7.091623943,453,18,6,6,30,494,13,8,2,23,483,517,347,27,254,12
44,1000,70,5.13,10.3,18,37,22,939,36,14,11,61,7.896349935,113,196,19.96484621,11.3583426,7.671291347,8.109148523,462,14,6,4,24,477,22,8,7,37,486,514,140,56,94,19
42,1000,70,5.13,10.3,18,37,30,965,19,5,11,35,7.429805529,143,218,24.97118699,13.73596601,7.237198205,7.631078214,496,9,1,5,15,469,10,4,6,20,511,489,165,53,123,20
45,1000,70,5.13,10.3,18,37,20,960,24,7,9,40,7.376108922,110,192,19.15164007,10.23500054,6.985818168,7.800621412,505,11,2,3,16,455,13,5,6,24,521,479,146,46,83,27
41,1000,70,5.13,10.3,18,37,30,951,27,10,12,49,7.721160769,133,241,23.46372624,13.82685196,7.593267947,7.853212708,483,14,5,6,25,468,13,5,6,24,508,492,170,71,113,20
43,1000,70,5.13,10.3,18,37,27,961,22,6,11,39,7.486526366,114,232,21.64549251,11.61148202,7.153295824,7.822433458,482,10,4,6,20,479,12,2,5,19,502,498,185,47,98,16
46,1000,70,5.13,10.3,18,37,19,955,20,8,17,45,7.474749506,110,214,20.25058185,10.85792513,6.611780379,8.236957643,451,9,4,5,18,504,11,4,12,27,469,531,151,63,89,21
47,1000,70,5.13,10.3,18,37,18,950,30,9,11,50,7.452699981,99,186,18.90146327,10.06044809,6.95514088,7.991722341,503,12,5,0,17,447,18,4,11,33,520,480,123,63,77,22
42,1000,70,5.13,10.3,18,37,31,965,19,5,11,35,7.447767078,123,233,25.35976633,13.96094625,7.279710341,7.623384649,495,10,1,5,16,470,9,4,6,19,511,489,198,35,109,14
44,1000,70,5.13,10.3,18,37,23,940,36,13,11,60,7.892083532,121,205,20.20868593,11.51503132,7.679103192,8.09346183,463,14,6,3,23,477,22,7,8,37,486,514,142,63,94,27
40,1000,70,5.13,10.3,18,37,62,947,31,14,8,53,7.910008762,276,403,81.4619777,51.30543247,8.871751657,7.011513949,452,19,6,6,31,495,12,8,2,22,483,517,379,24,268,8
45,1000,70,5.13,10.3,18,37,21,958,27,6,9,42,7.381014405,110,194,19.32695178,10.36441807,7.039745629,7.752206539,504,12,2,3,17,454,15,4,6,25,521,479,128,66,93,17
41,1000,70,5.13,10.3,18,37,31,953,26,9,12,47,7.691167178,143,234,23.8821663,14.15610815,7.619149093,7.765527315,483,14,5,6,25,470,12,4,6,22,508,492,179,55,116,27
43,1000,70,5.13,10.3,18,37,28,961,23,6,10,39,7.495395924,126,219,22.10882527,11.87820569,7.182352551,7.810953702,482,10,4,6,20,479,13,2,4,19,502,498,162,57,106,20
46,1000,70,5.13,10.3,18,37,20,955,20,8,17,45,7.502566576,100,207,20.41600816,10.97886155,6.636441492,8.267562177,451,9,4,5,18,504,11,4,12,27,469,531,157,50,81,19
47,1000,70,5.13,10.3,18,37,19,950,31,8,11,50,7.461727918,120,195,19.03065635,10.1641649,6.979901573,7.983706458,503,12,5,0,17,447,19,3,11,33,520,480,127,68,87,33
42,1000,70,5.13,10.3,18,37,32,967,18,4,11,33,7.450163224,149,244,26.03559692,14.35731641,7.32000938,7.58617266,495,10,1,5,16,472,8,3,6,17,511,489,199,45,123,26
44,1000,70,5.13,10.3,18,37,24,942,35,12,11,58,7.900551108,130,195,20.43260674,11.689431,7.721510173,8.06983884,464,14,5,3,22,478,21,7,8,36,486,514,154,41,110,20
45,1000,70,5.13,10.3,18,37,22,958,27,6,9,42,7.392819984,103,191,19.48799315,10.50132171,7.078226443,7.734997927,503,13,2,3,18,455,14,4,6,24,521,479,138,53,86,17
41,1000,70,5.13,10.3,18,37,32,953,27,8,12,47,7.697360508,148,227,24.41687493,14.54080449,7.645738829,7.750660941,483,14,5,6,25,470,13,3,6,22,508,492,180,47,127,21
40,1000,70,5.13,10.3,18,37,63,948,29,15,8,52,7.900098444,283,372,87.67709344,55.04561303,8.931095666,6.936903748,452,18,7,6,31,496,11,8,2,21,483,517,349,23,270,13
43,1000,70,5.13,10.3,18,37,29,963,22,5,10,37,7.507400395,130,218,22.54270331,12.13711353,7.235454322,7.781530775,482,10,4,6,20,481,12,1,4,17,502,498,177,41,110,20
46,1000,70,5.13,10.3,18,37,21,954,20,9,17,46,7.483660393,109,214,20.56890154,11.12093112,6.640833178,8.228078405,451,9,4,5,18,503,11,5,12,28,469,531,161,53,88,21
47,1000,70,5.13,10.3,18,37,20,950,30,9,11,50,7.495604415,101,192,19.18981977,10.28050507,7.012271023,8.019215589,503,11,6,0,17,447,19,3,11,33,520,480,131,61,80,21
42,1000,70,5.13,10.3,18,37,33,968,18,4,10,32,7.430053217,130,240,26.4539168,14.65009319,7.329458452,7.535173717,495,10,1,5,16,473,8,3,5,16,511,489,193,47,115,15
44,1000,70,5.13,10.3,18,37,25,942,35,12,11,58,7.931123173,122,204,20.61802338,11.83068469,7.794514004,8.060290597,464,14,5,3,22,478,21,7,8,36,486,514,152,52,92,30
45,1000,70,5.13,10.3,18,37,23,958,26,7,9,42,7.431936554,113,193,19.63664059,10.64359917,7.156057249,7.732005692,503,13,2,3,18,455,13,5,6,24,521,479,140,53,87,26
41,1000,70,5.13,10.3,18,37,33,952,28,8,12,48,7.708064432,133,237,24.91945186,14.86663285,7.665423989,7.752091557,482,15,5,6,26,470,13,3,6,22,508,492,190,47,115,18
43,1000,70,5.13,10.3,18,37,30,964,21,5,10,36,7.516566935,120,238,22.96629206,12.41619917,7.269486177,7.765632277,482,10,4,6,20,482,11,1,4,16,502,498,185,53,99,21
46,1000,70,5.13,10.3,18,37,22,951,23,9,17,49,7.529579478,125,222,20.73389665,11.26998506,6.721658608,8.243166838,449,11,4,5,20,502,12,5,12,29,469,531,163,59,98,27
40,1000,70,5.13,10.3,18,37,64,950,28,15,7,50,7.873292257,268,387,94.0056772,58.74440284,8.946241277,6.870904682,452,18,7,6,31,498,10,8,1,19,483,517,361,26,261,7
47,1000,70,5.13,10.3,18,37,21,951,29,8,12,49,7.516007035,102,207,19.3852085,10.41138788,7.054152331,8.016349632,503,11,6,0,17,448,18,2,12,32,520,480,138,69,79,23
42,1000,70,5.13,10.3,18,37,34,969,17,4,10,31,7.428236238,134,253,27.04152833,14.99630289,7.363053692,7.496351332,495,9,2,5,16,474,8,2,5,15,511,489,200,53,115,19
44,1000,70,5.13,10.3,18,37,26,944,33,12,11,56,7.919470303,115,201,20.82703151,12.01518492,7.801410795,8.031098553,464,14,5,3,22,480,19,7,8,34,486,514,148,53,94,21
45,1000,70,5.13,10.3,18,37,24,957,27,7,9,43,7.450098908,130,208,19.93301462,10.86315313,7.224723151,7.695236214,502,14,2,3,19,455,13,5,6,24,521,479,141,67,99,31
43,1000,70,5.13,10.3,18,37,31,963,24,4,9,37,7.521892019,145,231,23.50183806,12.76960621,7.331216158,7.714099413,481,12,3,6,21,482,12,1,3,16,502,498,184,47,127,18
41,1000,70,5.13,10.3,18,37,34,955,25,8,12,45,7.711719303,144,279,25.57533209,15.30624559,7.679000235,7.745502406,482,15,5,6,26,473,10,3,6,19,508,492,214,65,127,17
46,1000,70,5.13,10.3,18,37,23,951,23,9,17,49,7.604385051,107,212,20.91363134,11.40231348,6.802173803,8.312929449,449,11,4,5,20,502,12,5,12,29,469,531,164,48,89,18
40,1000,70,5.13,10.3,18,37,65,948,30,15,7,52,7.842350682,300,393,99.5391132,62.16148486,9.013575047,6.748150743,450,20,7,6,33,498,10,8,1,19,483,517,369,24,289,11
47,1000,70,5.13,10.3,18,37,22,951,32,6,11,49,7.491043363,118,214,19.62962007,10.57964196,7.083447016,7.932606072,502,13,5,0,18,449,19,1,11,31,520,480,143,71,93,25
42,1000,70,5.13,10.3,18,37,35,969,17,4,10,31,7.447104299,136,257,27.86678327,15.58548885,7.407116618,7.488891016,496,8,2,5,15,473,9,2,5,16,511,489,207,50,127,9
44,1000,70,5.13,10.3,18,37,27,945,33,11,11,55,7.967233964,105,216,21.0466081,12.19749799,7.838058654,8.089372486,465,14,4,3,21,480,19,7,8,34,486,514,164,52,82,23
45,1000,70,5.13,10.3,18,37,25,957,27,7,9,43,7.466307242,119,209,20.15328998,11.0077599,7.28927953,7.658857216,502,14,2,3,19,455,13,5,6,24,521,479,155,54,89,30
43,1000,70,5.13,10.3,18,37,32,964,23,4,9,36,7.533146342,124,235,24.06301422,13.09534922,7.385525318,7.681953077,481,12,3,6,21,483,11,1,3,15,502,498,181,54,108,16
41,1000,70,5.13,10.3,18,37,35,956,25,8,11,44,7.72483339,151,238,26.32503294,15.79548322,7.719028024,7.730827548,482,15,5,6,26,474,10,3,5,18,508,492,185,53,132,19
46,1000,70,5.13,10.3,18,37,24,951,23,9,17,49,7.612165979,130,217,21.10536228,11.53206638,6.849655448,8.285645147,449,11,4,5,20,502,12,5,12,29,469,531,164,53,104,26
40,1000,70,5.13,10.3,18,37,66,947,31,15,7,53,7.853850259,304,390,106.4514339,65.94848936,9.091432461,6.697656441,449,21,7,6,34,498,10,8,1,19,483,517,366,24,289,15
47,1000,70,5.13,10.3,18,37,23,951,31,7,11,49,7.521549629,110,192,19.94320147,10.75437253,7.108521852,7.968996387,502,13,5,0,18,449,18,2,11,31,520,480,140,52,88,22
42,1000,70,5.13,10.3,18,37,36,971,15,4,10,29,7.442208342,149,239,28.83266344,16.29215082,7.419789774,7.465635516,496,7,3,5,15,475,8,1,5,14,511,489,195,44,125,24
44,1000,70,5.13,10.3,18,37,28,947,31,11,11,53,7.946671547,132,212,21.31605909,12.43461661,7.819593038,8.066827491,465,14,4,3,21,482,17,7,8,32,486,514,154,58,107,25
45,1000,70,5.13,10.3,18,37,26,957,27,7,9,43,7.469266156,120,210,20.41791509,11.17822286,7.318981541,7.632728127,502,14,2,3,19,455,13,5,6,24,521,479,158,52,93,27
43,1000,70,5.13,10.3,18,37,33,964,24,3,9,36,7.530739837,148,248,24.56214786,13.39369355,7.471003469,7.590956015,481,12,2,7,21,483,12,1,2,15,502,498,193,55,127,21
41,1000,70,5.13,10.3,18,37,36,956,25,8,11,44,7.755026247,141,246,27.12371986,16.3620838,7.725867665,7.785133074,482,15,5,6,26,474,10,3,5,18,508,492,207,39,125,16
46,1000,70,5.13,10.3,18,37,25,951,23,9,17,49,7.625405056,122,217,21.42060392,11.71902808,6.866676796,8.295543576,449,11,4,5,20,502,12,5,12,29,469,531,160,57,95,27
47,1000,70,5.13,10.3,18,37,24,953,30,7,10,47,7.5127362,98,205,20.24829674,10.93963683,7.126249317,7.931430323,502,13,5,0,18,451,17,2,10,29,520,480,141,64,83,15
42,1000,70,5.13,10.3,18,37,37,970,15,4,11,30,7.451893462,144,252,29.47193689,16.71997376,7.463358822,7.439912279,496,7,3,5,15,474,8,1,6,15,511,489,207,45,118,26
40,1000,70,5.13,10.3,18,37,67,945,33,15,7,55,7.869125614,296,395,115.2660751,70.83503147,9.103629945,6.715807255,448,22,7,6,35,497,11,8,1,20,483,517,379,16,283,13
44,1000,70,5.13,10.3,18,37,29,949,31,9,11,51,7.937283778,129,228,21.63330353,12.65778525,7.834768046,8.034214995,466,14,3,3,20,483,17,6,8,31,486,514,181,47,111,18
45,1000,70,5.13,10.3,18,37,27,955,29,7,9,45,7.478181906,115,200,20.67404391,11.37658515,7.358825196,7.60800413,501,15,2,3,20,454,14,5,6,25,521,479,145,55,94,21
43,1000,70,5.13,10.3,18,37,34,964,24,3,9,36,7.547610721,134,250,25.07718406,13.69864265,7.517082449,7.578384201,482,11,2,7,20,482,13,1,2,16,502,498,209,41,123,11
41,1000,70,5.13,10.3,18,37,37,954,27,8,11,46,7.761478555,161,252,27.91715103,16.91919457,7.774405741,7.748130974,480,17,5,6,28,474,10,3,5,18,508,492,202,50,146,15
46,1000,70,5.13,10.3,18,37,26,951,23,9,17,49,7.591015909,125,225,21.67201013,11.91467621,6.869077053,8.228660587,449,11,4,5,20,502,12,5,12,29,469,531,166,59,107,18
47,1000,70,5.13,10.3,18,37,25,954,29,7,10,46,7.500990792,105,226,20.52352512,11.14896039,7.161613617,7.868649398,502,13,5,0,18,452,16,2,10,28,520,480,152,74,87,18
42,1000,70,5.13,10.3,18,37,38,971,15,3,11,29,7.4816637,151,261,30.20164303,17.25084134,7.533963544,7.427010899,496,7,2,6,15,475,8,1,5,14,511,489,226,35,128,23
40,1000,70,5.13,10.3,18,37,68,947,32,14,7,53,7.817895195,313,398,121.1421065,74.07655136,9.098154141,6.621831227,448,22,7,6,35,499,10,7,1,18,483,517,373,25,299,14
44,1000,70,5.13,10.3,18,37,30,952,28,9,11,48,7.911150418,137,227,22.02372581,12.91674897,7.833039218,7.985006532,467,13,3,3,19,485,15,6,8,29,486,514,189,38,115,22
43,1000,70,5.13,10.3,18,37,35,964,24,3,9,36,7.568960517,133,248,25.74035499,14.12875548,7.533053598,7.605155845,482,11,2,7,20,482,13,1,2,16,502,498,209,39,107,26
45,1000,70,5.13,10.3,18,37,28,956,29,6,9,44,7.50240666,130,225,20.89156555,11.52908312,7.391436033,7.623107488,501,15,2,3,20,455,14,4,6,24,521,479,169,56,106,24
41,1000,70,5.13,10.3,18,37,38,955,27,8,10,45,7.781379504,174,272,28.96779218,17.63475896,7.879890448,7.679664952,480,17,5,6,28,475,10,3,4,17,508,492,231,41,154,20
46,1000,70,5.13,10.3,18,37,27,951,23,9,17,49,7.580873744,127,226,21.96643417,12.13181828,6.842892452,8.232687729,450,10,4,5,19,501,13,5,12,30,469,531,172,54,108,19
42,1000,70,5.13,10.3,18,37,39,972,14,3,11,28,7.47810921,160,251,30.96091519,17.84409124,7.562506435,7.389914972,496,7,2,6,15,476,7,1,5,13,511,489,203,48,139,21
47,1000,70,5.13,10.3,18,37,26,954,29,7,10,46,7.509994441,124,234,20.84684301,11.37727713,7.238183608,7.804456178,502,13,5,0,18,452,16,2,10,28,520,480,173,61,99,25
44,1000,70,5.13,10.3,18,37,31,952,30,9,9,48,7.896887264,145,225,22.35790588,13.13460036,7.877714084,7.915015991,467,13,3,3,19,485,17,6,6,29,486,514,174,51,128,17
43,1000,70,5.13,10.3,18,37,36,964,24,3,9,36,7.558131994,162,267,26.50298852,14.58915568,7.550488787,7.565836592,482,11,2,7,20,482,13,1,2,16,502,498,224,43,144,18
40,1000,70,5.13,10.3,18,37,69,945,34,14,7,55,7.83268467,310,410,129.3505816,78.48809698,9.130793338,6.619944851,447,23,7,6,36,498,11,7,1,19,483,517,390,20,302,8
45,1000,70,5.13,10.3,18,37,29,956,29,6,9,44,7.538190373,122,214,21.11508064,11.67188685,7.42860194,7.657387813,501,15,2,3,20,455,14,4,6,24,521,479,159,55,98,24
41,1000,70,5.13,10.3,18,37,39,956,27,8,9,44,7.760999487,176,272,30.16956072,18.38284004,7.91324637,7.603801487,481,16,5,6,27,475,11,3,3,17,508,492,218,54,158,18
46,1000,70,5.13,10.3,18,37,28,951,23,9,17,49,7.595978513,122,213,22.30963458,12.30444483,6.870267475,8.236954929,450,10,4,5,19,501,13,5,12,30,469,531,160,53,107,15
42,1000,70,5.13,10.3,18,37,40,974,12,3,11,26,7.500341162,148,267,31.71761461,18.3450524,7.579496492,7.417624652,497,6,2,6,14,477,6,1,5,12,511,489,224,43,136,12
47,1000,70,5.13,10.3,18,37,27,953,30,7,10,47,7.550052524,130,202,21.14937141,11.55560157,7.293128611,7.828386763,501,14,5,0,19,452,16,2,10,28,520,480,150,52,103,27
44,1000,70,5.13,10.3,18,37,32,951,31,9,9,49,7.884103692,121,223,22.73472,13.41818887,7.884339652,7.883880586,466,14,3,3,20,485,17,6,6,29,486,514,180,43,104,17
43,1000,70,5.13,10.3,18,37,37,964,24,3,9,36,7.524123138,143,271,27.30049596,15.06232106,7.570635157,7.477237529,482,11,2,7,20,482,13,1,2,16,502,498,226,45,131,12
41,1000,70,5.13,10.3,18,37,40,955,28,8,9,45,7.773928485,171,277,30.94193722,18.9170678,7.9565403,7.585378073,480,17,5,6,28,475,11,3,3,17,508,492,231,46,153,18
45,1000,70,5.13,10.3,18,37,30,958,28,5,9,42,7.534908874,141,220,21.36377219,11.8301489,7.419755306,7.660159415,502,14,2,3,19,456,14,3,6,23,521,479,171,49,114,27
40,1000,70,5.13,10.3,18,37,70,947,33,13,7,53,7.786355831,302,406,141.1540343,85.55472859,9.178839832,6.485447179,447,23,7,6,36,500,10,6,1,17,483,517,382,24,292,10
46,1000,70,5.13,10.3,18,37,29,952,24,7,17,48,7.579713764,120,226,22.69805826,12.51172585,6.889356034,8.189464755,451,10,3,5,18,501,14,4,12,30,469,531,174,52,100,20
42,1000,70,5.13,10.3,18,37,41,974,12,3,11,26,7.485178533,146,270,32.49207385,18.85451872,7.592862728,7.372649651,497,6,2,6,14,477,6,1,5,12,511,489,234,36,129,17
47,1000,70,5.13,10.3,18,37,28,954,29,7,10,46,7.540395377,123,236,21.52661834,11.77896092,7.301199925,7.799523782,501,14,5,0,19,453,15,2,10,27,520,480,167,69,102,21
44,1000,70,5.13,10.3,18,37,33,952,30,9,9,48,7.861929398,130,209,23.08850025,13.68401434,7.911638747,7.814927952,466,14,3,3,20,486,16,6,6,28,486,514,166,43,115,15
43,1000,70,5.13,10.3,18,37,38,965,23,3,9,35,7.541011529,151,247,27.96476261,15.48485494,7.626770108,7.454564126,483,10,2,7,19,482,13,1,2,16,502,498,205,42,131,20
41,1000,70,5.13,10.3,18,37,41,956,27,8,9,44,7.724824708,160,261,31.82438331,19.53687577,7.979573503,7.4617914,480,17,5,6,28,476,10,3,3,16,508,492,219,42,143,17
45,1000,70,5.13,10.3,18,37,31,957,29,5,9,43,7.562558683,125,247,21.82584276,12.13990577,7.480720139,7.651573049,501,15,2,3,20,456,14,3,6,23,521,479,192,55,107,18
40,1000,70,5.13,10.3,18,37,71,947,33,13,7,53,7.796635638,340,409,150.3765204,91.87483388,9.231826132,6.455829045,446,24,7,6,37,501,9,6,1,16,483,517,391,18,329,11
46,1000,70,5.13,10.3,18,37,30,954,24,6,16,46,7.603404821,137,238,22.93463129,12.62346962,6.942943018,8.186750556,452,10,3,4,17,502,14,3,12,29,469,531,181,57,113,24
42,1000,70,5.13,10.3,18,37,42,974,12,3,11,26,7.511460484,165,275,33.30892937,19.41316817,7.661944377,7.354206355,497,6,2,6,14,477,6,1,5,12,511,489,237,38,150,15
47,1000,70,5.13,10.3,18,37,29,953,28,9,10,47,7.576538345,109,213,21.91437716,12.04044391,7.348341442,7.823751657,501,13,6,0,19,452,15,3,10,28,520,480,157,56,90,19
44,1000,70,5.13,10.3,18,37,34,953,31,8,8,47,7.856306559,137,230,23.67870278,14.11191471,7.947143835,7.770417617,465,15,3,3,21,488,16,5,5,26,486,514,192,38,124,13
43,1000,70,5.13,10.3,18,37,39,965,23,4,8,35,7.56297333,151,284,28.72858225,15.97137608,7.679712957,7.445296035,482,11,2,7,20,483,12,2,1,15,502,498,232,52,137,14
41,1000,70,5.13,10.3,18,37,42,955,28,8,9,45,7.74373681,181,281,32.68617251,20.15072664,8.055708839,7.421619348,479,18,5,6,29,476,10,3,3,16,508,492,239,42,168,13
45,1000,70,5.13,10.3,18,37,32,956,30,6,8,44,7.563552208,137,224,22.42412741,12.52960455,7.520209808,7.610694985,500,16,2,3,21,456,14,4,5,23,521,479,177,47,113,24
40,1000,70,5.13,10.3,18,37,72,947,31,15,7,53,7.811094097,335,424,164.9952057,100.0141329,9.278367925,6.4403141,445,24,8,6,38,502,7,7,1,15,483,517,399,25,318,17
46,1000,70,5.13,10.3,18,37,31,956,25,6,13,44,7.563510122,126,235,23.34328142,12.89542033,6.9537121,8.102107622,452,10,3,4,17,504,15,3,9,27,469,531,186,49,107,19
42,1000,70,5.13,10.3,18,37,43,972,15,3,10,28,7.501746638,164,260,34.2985528,20.11459066,7.703321409,7.291103064,495,8,2,6,16,477,7,1,4,12,511,489,225,35,151,13
47,1000,70,5.13,10.3,18,37,30,954,27,9,10,46,7.600550088,122,209,22.3860941,12.34547001,7.382503748,7.836766956,501,13,6,0,19,453,14,3,10,27,520,480,147,62,104,18
43,1000,70,5.13,10.3,18,37,40,965,23,4,8,35,7.568045178,138,281,29.81190793,16.57241421,7.734081339,7.400675392,482,11,2,7,20,483,12,2,1,15,502,498,231,50,128,10
44,1000,70,5.13,10.3,18,37,35,954,30,8,8,46,7.827215279,154,240,24.12692296,14.42309314,7.970602118,7.691639397,465,15,3,3,21,489,15,5,5,25,486,514,185,55,135,19
41,1000,70,5.13,10.3,18,37,43,954,29,8,9,46,7.721730311,179,273,33.52950121,20.75660976,8.076022768,7.355916148,479,18,5,6,29,475,11,3,3,17,508,492,231,42,161,18
45,1000,70,5.13,10.3,18,37,33,956,30,6,8,44,7.604671254,137,249,22.87446788,12.81758947,7.555827303,7.657797973,500,16,2,3,21,456,14,4,5,23,521,479,199,50,127,10
46,1000,70,5.13,10.3,18,37,32,956,25,6,13,44,7.59110042,141,228,23.75040845,13.16699648,6.989422893,8.12252558,452,10,3,4,17,504,15,3,9,27,469,531,180,48,119,22
42,1000,70,5.13,10.3,18,37,44,972,15,3,10,28,7.478618523,185,299,35.44898711,20.8224658,7.730171064,7.215748689,495,8,2,6,16,477,7,1,4,12,511,489,260,39,165,20
40,1000,70,5.13,10.3,18,37,73,947,30,16,7,53,7.784051518,336,423,180.0147148,108.7388116,9.315883785,6.352958703,445,23,9,6,38,502,7,7,1,15,483,517,401,22,326,10
47,1000,70,5.13,10.3,18,37,31,954,27,9,10,46,7.597142454,128,243,22.6520058,12.54553153,7.402281434,7.808241893,501,13,6,0,19,453,14,3,10,27,520,480,187,56,108,20
43,1000,70,5.13,10.3,18,37,41,965,23,5,7,35,7.573325077,156,255,31.02535549,17.31219213,7.816141609,7.328558211,482,10,3,7,20,483,13,2,0,15,502,498,219,36,138,18
44,1000,70,5.13,10.3,18,37,36,954,31,7,8,46,7.839877008,158,236,24.75111745,14.84564213,8.017020594,7.672383268,464,16,3,3,22,490,15,4,5,24,486,514,203,33,138,20
41,1000,70,5.13,10.3,18,37,44,954,29,8,9,46,7.737343101,183,307,34.73818998,21.61077819,8.118525343,7.34376469,479,18,5,6,29,475,11,3,3,17,508,492,254,53,166,17
45,1000,70,5.13,10.3,18,37,34,961,27,6,6,39,7.603288977,145,224,23.45030754,13.17489015,7.585580406,7.622550284,501,15,2,3,20,460,12,4,3,19,521,479,171,53,122,23
42,1000,70,5.13,10.3,18,37,45,970,18,3,9,30,7.469694473,179,308,36.49715872,21.46424046,7.757072548,7.169387322,494,10,2,5,17,476,8,1,4,13,511,489,256,52,163,16
46,1000,70,5.13,10.3,18,37,33,956,26,6,12,44,7.586178365,145,237,24.21106594,13.44686691,7.017795645,8.088196247,451,11,3,4,18,505,15,3,8,26,469,531,192,45,123,22
47,1000,70,5.13,10.3,18,37,32,955,25,11,9,45,7.609861197,126,215,23.09300678,12.8171419,7.454941396,7.777690981,500,14,6,0,20,455,11,5,9,25,520,480,167,48,109,17
40,1000,70,5.13,10.3,18,37,74,948,30,15,7,52,7.787024494,339,439,193.5898922,117.6881126,9.372191386,6.306104553,445,23,9,6,38,503,7,6,1,14,483,517,409,30,328,11
43,1000,70,5.13,10.3,18,37,42,966,22,5,7,34,7.565250353,167,295,32.37500847,18.11503254,7.866762894,7.261316025,482,10,3,7,20,484,12,2,0,14,502,498,244,51,146,21
44,1000,70,5.13,10.3,18,37,37,955,30,7,8,45,7.833266015,146,270,25.41792265,15.3008079,8.05173329,7.626699681,463,17,3,3,23,492,13,4,5,22,486,514,224,46,130,16
41,1000,70,5.13,10.3,18,37,45,953,30,8,9,47,7.749247221,185,288,36.01616783,22.46031242,8.148774145,7.336727551,478,19,5,6,30,475,11,3,3,17,508,492,243,45,171,14
45,1000,70,5.13,10.3,18,37,35,960,28,6,6,40,7.598800444,144,250,23.97922793,13.49444128,7.61599288,7.580100528,501,15,2,3,20,459,13,4,3,20,521,479,191,59,128,16
42,1000,70,5.13,10.3,18,37,46,971,17,3,9,29,7.430927335,192,300,37.83874341,22.302962,7.756160315,7.091062197,494,10,2,5,17,477,7,1,4,12,511,489,267,33,174,18
46,1000,70,5.13,10.3,18,37,34,957,25,6,12,43,7.585494477,142,248,24.74427182,13.79260046,7.050073518,8.058399241,451,11,3,4,18,506,14,3,8,25,469,531,200,48,122,20
47,1000,70,5.13,10.3,18,37,33,957,25,10,8,43,7.624136287,126,234,23.6378562,13.08120381,7.483663565,7.77631507,500,14,6,0,20,457,11,4,8,23,520,480,188,46,105,21
43,1000,70,5.13,10.3,18,37,43,968,20,5,7,32,7.575750296,168,271,33.57307377,18.8311773,7.889923756,7.259053354,483,9,3,7,19,485,11,2,0,13,502,498,233,38,148,20
44,1000,70,5.13,10.3,18,37,38,958,29,5,8,42,7.817967592,145,248,26.11955555,15.72665878,8.087898239,7.562741338,463,17,3,3,23,495,12,2,5,19,486,514,200,48,134,11
40,1000,70,5.13,10.3,18,37,75,951,28,14,7,49,7.715156327,356,427,212.1872489,128.4989472,9.396842114,6.144064964,446,22,9,6,37,505,6,5,1,12,483,517,406,21,342,14
41,1000,70,5.13,10.3,18,37,46,953,30,8,9,47,7.737216807,194,283,37.14565223,23.23711713,8.177100402,7.283028054,478,19,5,6,30,475,11,3,3,17,508,492,242,41,179,15
45,1000,70,5.13,10.3,18,37,36,959,29,6,6,41,7.626852736,146,229,24.52541865,13.88813076,7.701001598,7.546202304,500,16,2,3,21,459,13,4,3,20,521,479,183,46,121,25
42,1000,70,5.13,10.3,18,37,47,970,18,3,9,30,7.452608521,169,278,39.38182437,23.14512416,7.822179697,7.066410422,493,11,2,5,18,477,7,1,4,12,511,489,248,30,159,10
46,1000,70,5.13,10.3,18,37,35,957,25,6,12,43,7.624146457,140,255,25.22139755,14.07949048,7.102358368,8.085010136,450,11,4,4,19,507,14,2,8,24,469,531,203,52,122,18
47,1000,70,5.13,10.3,18,37,34,958,25,10,7,42,7.629839696,128,233,24.374389,13.50782871,7.520396194,7.748403489,499,15,6,0,21,459,10,4,7,21,520,480,187,46,114,14
43,1000,70,5.13,10.3,18,37,44,970,18,5,7,30,7.555703099,182,276,35.01019476,19.75579881,7.925793613,7.18263997,482,10,3,7,20,488,8,2,0,10,502,498,235,41,162,20
44,1000,70,5.13,10.3,18,37,39,957,30,5,8,43,7.820693719,176,263,26.74988759,16.15085685,8.111871314,7.545377938,462,18,3,3,24,495,12,2,5,19,486,514,214,49,156,20
41,1000,70,5.13,10.3,18,37,47,953,30,8,9,47,7.712867683,190,297,37.98030807,23.77768029,8.19853131,7.211410116,478,19,5,6,30,475,11,3,3,17,508,492,261,36,175,15
40,1000,70,5.13,10.3,18,37,76,952,27,14,7,48,7.674477593,341,437,226.9020425,136.5000722,9.396326304,6.06586458,447,21,9,6,36,505,6,5,1,12,483,517,417,20,330,11
45,1000,70,5.13,10.3,18,37,37,958,30,6,6,42,7.664478066,148,233,25.2328927,14.37009037,7.793700994,7.523924526,500,16,2,3,21,458,14,4,3,21,521,479,202,31,129,19
42,1000,70,5.13,10.3,18,37,48,970,17,4,9,30,7.471130288,189,284,40.69807084,23.87794101,7.884998994,7.038641722,493,10,3,5,18,477,7,1,4,12,511,489,254,30,178,11
47,1000,70,5.13,10.3,18,37,35,959,24,11,6,41,7.618579226,139,242,24.98153948,13.89874578,7.531652518,7.712749825,499,15,6,0,21,460,9,5,6,20,520,480,187,55,117,22
46,1000,70,5.13,10.3,18,37,36,956,26,6,12,44,7.63059872,155,267,25.78298258,14.39519205,7.148854682,8.056093925,449,12,4,4,20,507,14,2,8,24,469,531,216,51,138,17
43,1000,70,5.13,10.3,18,37,45,970,18,5,7,30,7.584860958,175,287,36.93851826,20.91830029,7.998995695,7.167399838,481,11,3,7,21,489,7,2,0,9,502,498,252,35,158,17
44,1000,70,5.13,10.3,18,37,40,958,28,6,8,42,7.81091608,149,263,27.63086523,16.72557158,8.122491421,7.516313716,462,18,3,3,24,496,10,3,5,18,486,514,220,43,136,13
41,1000,70,5.13,10.3,18,37,48,952,30,8,10,48,7.750608598,188,287,39.00458969,24.4715222,8.27797368,7.206093433,478,18,5,7,30,474,12,3,3,18,508,492,247,40,169,19
45,1000,70,5.13,10.3,18,37,38,959,30,6,5,41,7.659134123,145,257,25.88168612,14.83894237,7.815965478,7.488551375,500,17,2,2,21,459,13,4,3,20,521,479,211,46,121,24
40,1000,70,5.13,10.3,18,37,77,950,29,14,7,50,7.708821968,338,441,246.1474743,147.0163721,9.508584506,6.027419055,446,22,9,6,37,504,7,5,1,13,483,517,411,30,328,10
42,1000,70,5.13,10.3,18,37,49,970,17,4,9,30,7.468265315,184,304,42.19178458,24.70985083,7.922963395,6.99311047,493,10,3,5,18,477,7,1,4,12,511,489,272,32,172,12
47,1000,70,5.13,10.3,18,37,36,960,23,10,7,40,7.650973126,145,248,25.87610325,14.38901515,7.620683514,7.683786871,499,15,5,1,21,461,8,5,6,19,520,480,186,62,120,25
46,1000,70,5.13,10.3,18,37,37,958,25,6,11,42,7.639605716,136,244,26.3457831,14.75176271,7.230704547,8.000763245,449,12,4,4,20,509,13,2,7,22,469,531,203,41,123,13
43,1000,70,5.13,10.3,18,37,46,970,18,5,7,30,7.620614047,195,284,38.23243873,21.72637327,8.036779484,7.201105917,481,11,3,7,21,489,7,2,0,9,502,498,249,35,175,20
44,1000,70,5.13,10.3,18,37,41,957,29,6,8,43,7.830834216,169,268,28.38256015,17.2451604,8.162604983,7.517136566,462,18,3,3,24,495,11,3,5,19,486,514,231,37,147,22
41,1000,70,5.13,10.3,18,37,49,952,29,9,10,48,7.732873025,200,281,40.08061937,25.24370028,8.305749604,7.141366313,478,17,6,7,30,474,12,3,3,18,508,492,251,30,184,16
45,1000,70,5.13,10.3,18,37,39,957,32,6,5,43,7.667054811,143,262,26.59477239,15.31392932,7.85161177,7.466315405,498,19,2,2,23,459,13,4,3,20,521,479,223,39,122,21
40,1000,70,5.13,10.3,18,37,78,951,27,15,7,49,7.687611998,346,443,261.5127735,156.839998,9.559050092,5.939247202,446,21,10,6,37,505,6,5,1,12,483,517,425,18,335,11
42,1000,70,5.13,10.3,18,37,50,969,18,4,9,31,7.458251064,179,309,43.69776315,25.62675834,7.925282861,6.970207611,492,11,3,5,19,477,7,1,4,12,511,489,263,46,167,12
47,1000,70,5.13,10.3,18,37,37,961,23,9,7,39,7.653933174,136,234,26.63881451,14.83912309,7.627182981,7.682912548,499,15,5,1,21,462,8,4,6,18,520,480,187,47,124,12
46,1000,70,5.13,10.3,18,37,38,958,25,6,11,42,7.638608736,155,263,27.08377982,15.24617173,7.262914761,7.970436372,449,12,4,4,20,509,13,2,7,22,469,531,229,34,141,14
43,1000,70,5.13,10.3,18,37,47,969,20,5,6,31,7.595855021,197,299,39.87377045,22.71941018,8.052479283,7.135563095,480,13,3,6,22,489,7,2,0,9,502,498,258,41,182,15
44,1000,70,5.13,10.3,18,37,42,958,28,6,8,42,7.824246677,175,267,29.31901339,17.88400317,8.160401186,7.506404086,462,18,3,3,24,496,10,3,5,18,486,514,227,40,159,16
41,1000,70,5.13,10.3,18,37,50,953,29,8,10,47,7.717625372,221,314,41.08920356,26.01729322,8.344593864,7.070267661,478,17,6,7,30,475,12,2,3,17,508,492,275,39,205,16
45,1000,70,5.13,10.3,18,37,40,957,32,6,5,43,7.657467834,151,257,27.30532045,15.71795952,7.884381476,7.410657798,498,19,2,2,23,459,13,4,3,20,521,479,210,47,137,14
42,1000,70,5.13,10.3,18,37,51,967,20,4,9,33,7.446188833,182,312,44.76510007,26.2585994,7.949573556,6.920156945,492,11,3,5,19,475,9,1,4,14,511,489,287,25,171,11
40,1000,70,5.13,10.3,18,37,79,952,27,14,7,48,7.692021451,345,446,277.7303688,166.9492156,9.588635797,5.920136095,446,21,10,6,37,506,6,4,1,11,483,517,432,14,339,6
47,1000,70,5.13,10.3,18,37,38,960,25,9,6,40,7.647867876,160,257,27.01468109,15.0856444,7.642836816,7.653318191,499,15,5,1,21,461,10,4,5,19,520,480,202,55,142,18
43,1000,70,5.13,10.3,18,37,48,970,19,5,6,30,7.592952426,193,297,41.45823388,23.6605965,8.064254056,7.117865242,481,12,3,6,21,489,7,2,0,9,502,498,257,40,177,16
46,1000,70,5.13,10.3,18,37,39,958,25,6,11,42,7.654833624,145,260,27.89530552,15.73744146,7.281667177,7.984428847,450,11,4,4,19,508,14,2,7,23,469,531,215,45,131,14
44,1000,70,5.13,10.3,18,37,43,958,28,6,8,42,7.817157931,180,287,30.43097963,18.56517817,8.186415315,7.468015735,462,18,3,3,24,496,10,3,5,18,486,514,238,49,165,15
41,1000,70,5.13,10.3,18,37,51,952,29,9,10,48,7.736516079,200,310,42.60530649,26.98853572,8.380163789,7.071936736,477,18,6,7,31,475,11,3,3,17,508,492,271,39,187,13
45,1000,70,5.13,10.3,18,37,41,955,34,6,5,45,7.690589391,173,256,28.3198097,16.37977722,7.92197353,7.438916873,496,21,2,2,25,459,13,4,3,20,521,479,221,35,151,22
42,1000,70,5.13,10.3,18,37,52,968,19,4,9,32,7.434871562,196,314,46.45151166,27.29810733,7.995274064,6.849256677,492,11,3,5,19,476,8,1,4,13,511,489,284,30,174,22
40,1000,70,5.13,10.3,18,37,80,954,26,13,7,46,7.674222005,356,446,293.5155335,177.4802669,9.648752644,5.829544444,446,21,10,6,37,508,5,3,1,9,483,517,422,24,345,11
47,1000,70,5.13,10.3,18,37,39,959,26,9,6,41,7.62482523,144,244,27.6992905,15.49067706,7.650816274,7.596668265,499,15,5,1,21,460,11,4,5,20,520,480,211,33,127,17
43,1000,70,5.13,10.3,18,37,49,970,19,5,6,30,7.596173772,201,319,43.54884794,24.9219911,8.130950865,7.057101282,481,12,3,6,21,489,7,2,0,9,502,498,280,39,185,16
46,1000,70,5.13,10.3,18,37,40,958,24,7,11,42,7.6776526,166,267,28.70868915,16.26116445,7.334526004,7.980715451,450,11,4,4,19,508,13,3,7,23,469,531,222,45,148,18
44,1000,70,5.13,10.3,18,37,44,958,29,5,8,42,7.8420183,160,291,31.33097554,19.19846433,8.240106674,7.465615674,461,19,3,3,25,497,10,2,5,17,486,514,256,35,144,16
41,1000,70,5.13,10.3,18,37,52,953,29,8,10,47,7.73679919,205,326,44.59712373,28.32762908,8.451287185,6.999075814,477,18,6,7,31,476,11,2,3,16,508,492,284,42,189,16
45,1000,70,5.13,10.3,18,37,42,955,34,6,5,45,7.668388212,140,257,29.55758632,17.38841865,7.937899949,7.375244965,496,21,2,2,25,459,13,4,3,20,521,479,217,40,126,14
42,1000,70,5.13,10.3,18,37,53,968,18,5,9,32,7.44092667,210,311,48.18446363,28.38715338,8.013458499,6.842636762,491,12,3,5,20,477,6,2,4,12,511,489,276,35,200,10
47,1000,70,5.13,10.3,18,37,40,961,26,8,5,39,7.608454869,137,244,28.43739322,15.94670453,7.675485768,7.535838062,499,15,5,1,21,462,11,3,4,18,520,480,201,43,117,20
43,1000,70,5.13,10.3,18,37,50,967,21,6,6,33,7.645587122,190,325,45.39774879,26.06277162,8.2012052,7.085506247,479,14,3,6,23,488,7,3,0,10,502,498,280,45,176,14
40,1000,70,5.13,10.3,18,37,81,954,26,12,8,46,7.705540322,363,454,316.030783,191.0371308,9.721877725,5.821805379,446,21,9,7,37,508,5,3,1,9,483,517,436,18,354,9
46,1000,70,5.13,10.3,18,37,41,958,24,7,11,42,7.649583214,180,277,29.52496304,16.77209332,7.343310489,7.920095283,450,11,4,4,19,508,13,3,7,23,469,531,230,47,162,18
44,1000,70,5.13,10.3,18,37,45,958,29,5,8,42,7.879713512,186,282,32.35467906,19.84916567,8.29326186,7.488693089,461,19,3,3,25,497,10,2,5,17,486,514,246,36,157,29
41,1000,70,5.13,10.3,18,37,53,952,30,8,10,48,7.722967858,214,303,47.44726113,30.36258115,8.46314106,6.958723983,477,18,6,7,31,475,12,2,3,17,508,492,271,32,198,16
45,1000,70,5.13,10.3,18,37,43,956,33,6,5,44,7.715343134,156,277,30.84946788,18.46518482,8.026830509,7.376543713,496,21,2,2,25,460,12,4,3,19,521,479,244,33,136,20
42,1000,70,5.13,10.3,18,37,54,969,17,5,9,31,7.438471215,212,339,49.83510316,29.44656518,8.053789455,6.795469946,491,12,3,5,20,478,5,2,4,11,511,489,298,41,200,12
47,1000,70,5.13,10.3,18,37,41,962,25,9,4,38,7.618484677,149,240,28.77925892,16.17960583,7.707379984,7.522181428,499,15,5,1,21,463,10,4,3,17,520,480,205,35,132,17
43,1000,70,5.13,10.3,18,37,51,966,22,6,6,34,7.70105208,192,313,47.49905091,27.34304189,8.284168176,7.113252321,478,15,3,6,24,488,7,3,0,10,502,498,278,35,174,18
46,1000,70,5.13,10.3,18,37,42,959,23,7,11,41,7.662882217,166,280,30.51759348,17.4498422,7.376963097,7.915417184,450,11,4,4,19,509,12,3,7,22,469,531,244,36,151,15
44,1000,70,5.13,10.3,18,37,46,957,30,5,8,43,7.858674209,177,291,33.640207,20.64784921,8.303864233,7.437735781,460,20,3,3,26,497,10,2,5,17,486,514,256,35,160,17
40,1000,70,5.13,10.3,18,37,82,954,26,12,8,46,7.685381549,354,457,338.207191,204.6931244,9.736154807,5.769475391,446,21,9,7,37,508,5,3,1,9,483,517,433,24,347,7
41,1000,70,5.13,10.3,18,37,54,954,27,9,10,46,7.725404952,220,328,49.96563557,32.07781321,8.546951537,6.877141406,476,19,6,7,32,478,8,3,3,14,508,492,296,32,198,22
45,1000,70,5.13,10.3,18,37,44,956,33,6,5,44,7.718425468,171,277,32.15858237,19.41789471,8.044617121,7.36363246,496,21,2,2,25,460,12,4,3,19,521,479,235,42,158,13
42,1000,70,5.13,10.3,18,37,55,968,18,4,10,32,7.381243936,213,335,52.42645914,30.93370091,8.093288728,6.637164408,491,12,2,6,20,477,6,2,4,12,511,489,311,24,203,10
47,1000,70,5.13,10.3,18,37,42,962,25,8,5,38,7.612419905,165,259,29.46643363,16.62638367,7.738703774,7.475612379,498,16,5,1,22,464,9,3,4,16,520,480,214,45,139,26
43,1000,70,5.13,10.3,18,37,52,965,23,6,6,35,7.679654833,217,318,49.26322437,28.37290418,8.290624067,7.063778215,478,15,3,6,24,487,8,3,0,11,502,498,283,35,203,14
46,1000,70,5.13,10.3,18,37,43,960,23,7,10,40,7.634260232,186,284,31.51628575,18.08858278,7.409513409,7.832765429,450,11,4,4,19,510,12,3,6,21,469,531,246,38,175,11
44,1000,70,5.13,10.3,18,37,47,958,29,5,8,42,7.820221368,176,304,35.12890419,21.68232556,8.330392524,7.337841637,459,20,4,3,27,499,9,1,5,15,486,514,269,35,162,14
41,1000,70,5.13,10.3,18,37,55,953,28,9,10,47,7.743884194,214,339,51.66518971,33.32431857,8.574591608,6.886161903,475,20,6,7,33,478,8,3,3,14,508,492,302,37,197,17
45,1000,70,5.13,10.3,18,37,45,956,31,8,5,44,7.735066931,182,266,33.36360743,20.33467139,8.083904945,7.355641867,496,20,3,2,25,460,11,5,3,19,521,479,230,36,167,15
40,1000,70,5.13,10.3,18,37,83,953,27,12,8,47,7.668324965,378,440,367.9559649,221.087958,9.766907824,5.707753358,445,22,9,7,38,508,5,3,1,9,483,517,423,17,368,10
42,1000,70,5.13,10.3,18,37,56,969,17,4,10,31,7.37701948,222,331,55.77820096,32.81787576,8.139280859,6.580464134,491,12,2,6,20,478,5,2,4,11,511,489,304,27,214,8
43,1000,70,5.13,10.3,18,37,53,965,23,6,6,35,7.670519024,204,317,51.06547099,29.49716542,8.290862496,7.045192874,478,15,3,6,24,487,8,3,0,11,502,498,282,35,187,17
47,1000,70,5.13,10.3,18,37,43,964,22,9,5,36,7.578691199,159,248,30.37213547,17.18655561,7.736809897,7.407395943,499,15,5,1,21,465,7,4,4,15,520,480,208,40,143,16
46,1000,70,5.13,10.3,18,37,44,958,25,7,10,42,7.641463417,174,278,32.4764241,18.76208859,7.435447263,7.823424954,449,12,4,4,20,509,13,3,6,22,469,531,245,33,156,18
44,1000,70,5.13,10.3,18,37,48,958,28,5,9,42,7.810133967,182,292,36.89110184,22.84239172,8.357811394,7.292291108,459,19,4,4,27,499,9,1,5,15,486,514,261,31,173,9
41,1000,70,5.13,10.3,18,37,56,953,27,9,11,47,7.758315637,239,331,53.04403602,34.51144361,8.643246341,6.844606699,475,19,6,8,33,478,8,3,3,14,508,492,293,38,226,13
45,1000,70,5.13,10.3,18,37,46,955,32,7,6,45,7.779473883,178,293,35.00186885,21.61553353,8.143616766,7.38340198,496,20,3,2,25,459,12,4,4,20,521,479,252,41,159,19
40,1000,70,5.13,10.3,18,37,84,953,27,12,8,47,7.655403794,369,454,388.2498854,232.0060518,9.799519213,5.652294032,445,22,9,7,38,508,5,3,1,9,483,517,436,18,361,8
42,1000,70,5.13,10.3,18,37,57,970,17,4,9,30,7.387230043,223,322,58.75723854,34.69661446,8.180244233,6.558538322,491,12,2,6,20,479,5,2,3,10,511,489,291,31,212,11
43,1000,70,5.13,10.3,18,37,54,965,22,7,6,35,7.694798955,203,324,53.32932614,30.86096129,8.394624142,6.989352681,478,14,4,6,24,487,8,3,0,11,502,498,292,32,195,8
47,1000,70,5.13,10.3,18,37,44,964,22,9,5,36,7.561017007,162,258,31.0936769,17.56558955,7.782459055,7.321121455,499,15,5,1,21,465,7,4,4,15,520,480,207,51,147,15
44,1000,70,5.13,10.3,18,37,49,958,28,5,9,42,7.810706593,187,339,39.16673223,24.24720601,8.395586141,7.257688187,458,20,4,4,28,500,8,1,5,14,486,514,297,42,174,13
46,1000,70,5.13,10.3,18,37,45,958,25,7,10,42,7.645163585,190,301,33.48713364,19.40379704,7.484701177,7.786890269,449,12,4,4,20,509,13,3,6,22,469,531,262,39,181,9
41,1000,70,5.13,10.3,18,37,57,953,27,9,11,47,7.763876471,237,339,54.71882233,35.79231964,8.673489788,6.824682232,475,19,6,8,33,478,8,3,3,14,508,492,308,31,224,13
45,1000,70,5.13,10.3,18,37,47,955,33,6,6,45,7.759213333,178,264,36.67007139,22.75643444,8.16383755,7.319110584,496,20,3,2,25,459,13,3,4,20,521,479,234,30,162,16
42,1000,70,5.13,10.3,18,37,58,970,17,4,9,30,7.434348035,229,304,62.14733455,36.83535042,8.276698713,6.55410019,491,12,2,6,20,479,5,2,3,10,511,489,289,15,216,13
40,1000,70,5.13,10.3,18,37,85,951,29,12,8,49,7.624074118,382,457,420.2810995,248.2191529,9.865744492,5.529825006,443,24,9,7,40,508,5,3,1,9,483,517,443,14,370,12
43,1000,70,5.13,10.3,18,37,55,965,22,7,6,35,7.682435784,220,336,55.37506627,32.14464699,8.409404536,6.949627926,478,14,4,6,24,487,8,3,0,11,502,498,305,31,198,22
47,1000,70,5.13,10.3,18,37,45,965,20,10,5,35,7.550549302,150,245,31.86800775,18.07154711,7.818431706,7.260343364,500,14,5,1,20,465,6,5,4,15,520,480,200,45,138,12
44,1000,70,5.13,10.3,18,37,50,958,28,6,8,42,7.807976364,203,329,41.14874358,25.44976465,8.442147184,7.208351814,458,20,4,4,28,500,8,2,4,14,486,514,296,33,188,15
41,1000,70,5.13,10.3,18,37,58,954,27,8,11,46,7.743930765,218,352,56.88425092,37.24396695,8.687731684,6.769437134,476,19,5,8,32,478,8,3,3,14,508,492,325,27,198,20
46,1000,70,5.13,10.3,18,37,46,960,24,7,9,40,7.649407673,195,301,34.47439367,19.99152694,7.503021046,7.778702075,450,11,4,4,19,510,13,3,5,21,469,531,263,38,171,24
45,1000,70,5.13,10.3,18,37,48,957,31,7,5,43,7.719076197,181,289,38.09084959,23.52810556,8.196948966,7.199302267,496,20,3,2,25,461,11,4,3,18,521,479,247,42,167,14
42,1000,70,5.13,10.3,18,37,59,969,18,4,9,31,7.449646972,226,357,65.70717551,39.01008273,8.303732148,6.557136697,491,12,2,6,20,478,6,2,3,11,511,489,327,30,215,11
40,1000,70,5.13,10.3,18,37,86,951,29,12,8,49,7.605232901,371,476,445.0114609,261.1642425,9.899068589,5.462249078,443,24,9,7,40,508,5,3,1,9,483,517,454,22,362,9
43,1000,70,5.13,10.3,18,37,56,964,23,7,6,36,7.678509341,232,338,57.5405032,33.5138131,8.427856022,6.923143811,478,14,4,6,24,486,9,3,0,12,502,498,310,28,220,12
47,1000,70,5.13,10.3,18,37,46,967,19,9,5,33,7.524306148,160,284,33.18607131,18.78719577,7.881850819,7.136966087,500,14,5,1,20,467,5,4,4,13,520,480,234,50,148,12
41,1000,70,5.13,10.3,18,37,59,955,26,7,12,45,7.733863051,239,338,59.78593571,39.49525369,8.71890024,6.716792133,476,19,4,9,32,479,7,3,3,13,508,492,307,31,225,14
44,1000,70,5.13,10.3,18,37,51,959,28,6,7,41,7.811115568,181,326,43.43606333,26.80673502,8.501742962,7.158109901,458,20,4,4,28,501,8,2,3,13,486,514,293,33,166,15
46,1000,70,5.13,10.3,18,37,47,960,24,7,9,40,7.661208628,181,305,35.55939521,20.67952738,7.535586777,7.772162768,449,12,4,4,20,511,12,3,5,20,469,531,279,26,164,17
45,1000,70,5.13,10.3,18,37,49,956,32,7,5,44,7.746967371,202,302,39.62243334,24.6708954,8.245595031,7.204618705,496,20,3,2,25,460,12,4,3,19,521,479,257,45,184,18
42,1000,70,5.13,10.3,18,37,60,969,18,4,9,31,7.436068396,222,361,69.07383333,41.24045428,8.321895911,6.5103877,491,12,2,6,20,478,6,2,3,11,511,489,330,31,214,8
43,1000,70,5.13,10.3,18,37,57,962,25,7,6,38,7.673156888,219,339,60.39376384,35.33122002,8.491874349,6.847863383,477,15,4,6,25,485,10,3,0,13,502,498,313,26,205,14
40,1000,70,5.13,10.3,18,37,87,951,29,12,8,49,7.592111605,376,470,474.3561231,277.84738,9.940949221,5.397743001,442,25,9,7,41,509,4,3,1,8,483,517,447,23,372,4
41,1000,70,5.13,10.3,18,37,60,955,26,7,12,45,7.711266251,262,340,62.70333933,41.31543711,8.741314686,6.647720306,476,19,4,9,32,479,7,3,3,13,508,492,316,24,243,19
47,1000,70,5.13,10.3,18,37,47,965,21,9,5,35,7.553592379,183,273,34.08146404,19.29737911,7.931895151,7.143764377,500,14,5,1,20,465,7,4,4,15,520,480,235,38,163,20
44,1000,70,5.13,10.3,18,37,52,959,28,6,7,41,7.841298197,216,351,46.77373826,28.8115008,8.567907938,7.15427031,458,20,4,4,28,501,8,2,3,13,486,514,308,43,203,13
46,1000,70,5.13,10.3,18,37,48,960,23,8,9,40,7.698418862,190,304,36.81495694,21.46522852,7.53867653,7.839509547,449,12,4,4,20,511,11,4,5,20,469,531,265,39,178,12
45,1000,70,5.13,10.3,18,37,50,956,32,7,5,44,7.737948034,191,325,41.66559234,25.92039168,8.256687834,7.173723741,497,19,3,2,24,459,13,4,3,20,521,479,286,39,174,17
42,1000,70,5.13,10.3,18,37,61,969,18,4,9,31,7.418731266,241,358,72.93121034,43.51882271,8.363872255,6.431068596,491,12,2,6,20,478,6,2,3,11,511,489,316,42,225,16
43,1000,70,5.13,10.3,18,37,58,963,25,6,6,37,7.663206857,236,357,63.8431948,37.55413362,8.522809205,6.796700071,477,15,4,6,25,486,10,2,0,12,502,498,329,28,224,12
40,1000,70,5.13,10.3,18,37,88,952,28,12,8,48,7.575255706,381,470,490.4340269,288.9682018,9.986990644,5.322126161,443,24,9,7,40,509,4,3,1,8,483,517,449,21,372,9
41,1000,70,5.13,10.3,18,37,61,956,25,7,12,44,7.719844532,258,351,65.47124503,43.04179404,8.772253525,6.633210857,476,19,4,9,32,480,6,3,3,12,508,492,322,29,249,9
44,1000,70,5.13,10.3,18,37,53,957,30,6,7,43,7.857713289,215,319,49.39331845,30.41760644,8.598892958,7.156909166,457,21,4,4,29,500,9,2,3,14,486,514,298,21,204,11
47,1000,70,5.13,10.3,18,37,48,964,23,9,4,36,7.562731785,173,259,34.96563096,19.79407812,8.028163598,7.058513988,498,16,5,1,22,466,7,4,3,14,520,480,217,42,163,10
46,1000,70,5.13,10.3,18,37,49,960,23,8,9,40,7.665902823,192,323,38.18269852,22.39542842,7.556299886,7.762708431,449,12,4,4,20,511,11,4,5,20,469,531,289,34,179,13
42,1000,70,5.13,10.3,18,37,62,969,17,5,9,31,7.436867452,257,367,77.26463797,45.958259,8.449826485,6.378335619,490,12,3,6,21,479,5,2,3,10,511,489,334,33,242,15
45,1000,70,5.13,10.3,18,37,51,956,32,7,5,44,7.743432311,194,299,43.19029436,26.73317473,8.316251767,7.120386515,497,19,3,2,24,459,13,4,3,20,521,479,265,34,183,11
43,1000,70,5.13,10.3,18,37,59,965,24,5,6,35,7.664612045,218,353,66.79863424,39.49028008,8.577332221,6.744560784,477,15,4,6,25,488,9,1,0,10,502,498,323,30,206,12
41,1000,70,5.13,10.3,18,37,62,956,24,8,12,44,7.712679914,257,345,68.60272739,45.34383459,8.80926076,6.580437902,476,19,4,9,32,480,5,4,3,12,508,492,323,22,239,18
44,1000,70,5.13,10.3,18,37,54,957,30,6,7,43,7.833411711,236,347,53.28755615,32.82160905,8.612108404,7.097134293,457,21,4,4,29,500,9,2,3,14,486,514,317,30,226,10
47,1000,70,5.13,10.3,18,37,49,964,23,9,4,36,7.556636891,178,286,36.09691094,20.47829706,8.040701694,7.032233354,498,16,5,1,22,466,7,4,3,14,520,480,244,42,162,16
40,1000,70,5.13,10.3,18,37,89,952,28,12,8,48,7.533554688,390,464,519.4157742,304.6735405,10.04559149,5.186719534,442,24,10,7,41,510,4,2,1,7,483,517,449,15,384,6
46,1000,70,5.13,10.3,18,37,50,959,24,9,8,41,7.666783611,200,324,39.79323928,23.45738312,7.615193176,7.712350303,448,13,4,4,21,511,11,5,4,20,469,531,284,40,187,13
42,1000,70,5.13,10.3,18,37,63,969,18,5,8,31,7.437180188,257,355,81.97749872,48.91104081,8.523105067,6.302399794,490,12,3,6,21,479,6,2,2,10,511,489,330,25,243,14
45,1000,70,5.13,10.3,18,37,52,955,33,7,5,45,7.74159525,205,303,45.11690413,27.77258934,8.365832288,7.062623439,497,19,3,2,24,458,14,4,3,21,521,479,270,33,188,17
43,1000,70,5.13,10.3,18,37,60,962,27,5,6,38,7.653279313,246,370,70.62287049,41.9358234,8.610325808,6.688545698,476,16,4,6,26,486,11,1,0,12,502,498,334,36,226,20
41,1000,70,5.13,10.3,18,37,63,954,26,8,12,46,7.722878885,250,364,71.79055611,47.73663538,8.853899696,6.555076909,474,21,4,9,34,480,5,4,3,12,508,492,330,34,240,10
44,1000,70,5.13,10.3,18,37,55,957,30,6,7,43,7.809800131,223,346,57.25381257,35.32121511,8.638998015,7.025772558,456,22,4,4,30,501,8,2,3,13,486,514,308,38,207,16
47,1000,70,5.13,10.3,18,37,50,964,24,9,3,36,7.556495619,176,294,37.63830068,21.30323813,8.060550793,7.010435847,498,16,5,1,22,466,8,4,2,14,520,480,251,43,160,16
46,1000,70,5.13,10.3,18,37,51,961,24,8,7,39,7.659721599,210,310,41.38997215,24.54217331,7.608881875,7.704625234,448,13,4,4,21,513,11,4,3,18,469,531,276,34,195,15
42,1000,70,5.13,10.3,18,37,64,969,18,5,8,31,7.438099457,245,361,87.73224824,52.02533546,8.572467299,6.252696661,490,12,3,6,21,479,6,2,2,10,511,489,334,27,237,8
40,1000,70,5.13,10.3,18,37,90,952,28,12,8,48,7.539788247,395,470,555.3604157,326.36789,10.08622993,5.160810815,442,24,10,7,41,510,4,2,1,7,483,517,454,16,385,10
45,1000,70,5.13,10.3,18,37,53,956,32,6,6,44,7.764001329,198,312,47.76491347,29.57572117,8.440100089,7.028620423,497,19,3,2,24,459,13,3,4,20,521,479,281,31,186,12
43,1000,70,5.13,10.3,18,37,61,962,27,5,6,38,7.649332479,248,362,74.81627678,44.68658524,8.638915969,6.651800527,476,16,4,6,26,486,11,1,0,12,502,498,333,29,234,14
41,1000,70,5.13,10.3,18,37,64,955,26,7,12,45,7.721729645,270,363,74.78277701,49.58053092,8.877315721,6.528563534,474,21,4,9,34,481,5,3,3,11,508,492,342,21,254,16
44,1000,70,5.13,10.3,18,37,56,957,31,6,6,43,7.803685532,229,337,60.99559971,37.70114105,8.692408098,6.963375868,455,23,4,4,31,502,8,2,2,12,486,514,304,33,220,9
47,1000,70,5.13,10.3,18,37,51,965,23,9,3,35,7.540001078,170,307,39.0664844,22.15167011,8.09938289,6.934004114,498,16,5,1,22,467,7,4,2,13,520,480,267,40,151,19
46,1000,70,5.13,10.3,18,37,52,960,24,9,7,40,7.690155488,219,337,43.02564828,25.64185269,7.655435609,7.720821445,447,14,4,4,22,513,10,5,3,18,469,531,309,28,202,17
42,1000,70,5.13,10.3,18,37,65,969,17,6,8,31,7.433356257,261,369,94.37992694,55.92074833,8.632440704,6.180325271,489,13,3,6,22,480,4,3,2,9,511,489,341,28,251,10
45,1000,70,5.13,10.3,18,37,54,956,33,5,6,44,7.763303768,211,333,51.01276811,31.68367468,8.508755868,6.952488436,497,19,2,3,24,459,14,3,3,20,521,479,294,39,198,13
40,1000,70,5.13,10.3,18,37,91,953,27,12,8,47,7.517868445,396,470,587.3374974,344.399976,10.11846993,5.088292978,442,24,10,7,41,511,3,2,1,6,483,517,450,20,391,5
43,1000,70,5.13,10.3,18,37,62,962,27,5,6,38,7.655506622,240,368,79.48155357,47.7720064,8.691926848,6.610761735,476,16,4,6,26,486,11,1,0,12,502,498,331,37,229,11
41,1000,70,5.13,10.3,18,37,65,953,28,7,12,47,7.708585461,283,370,77.44898469,51.62839454,8.92433592,6.453298401,472,23,4,9,36,481,5,3,3,11,508,492,343,27,268,15
44,1000,70,5.13,10.3,18,37,57,956,31,7,6,44,7.792690575,252,351,65.55254379,40.4638506,8.75979784,6.878266196,454,24,4,4,32,502,7,3,2,12,486,514,323,28,239,13
47,1000,70,5.13,10.3,18,37,52,965,24,9,2,35,7.535465411,194,310,40.76767695,23.11022491,8.140420715,6.880097166,497,17,5,1,23,468,7,4,1,12,520,480,268,42,178,16
42,1000,70,5.13,10.3,18,37,66,967,18,7,8,33,7.432431997,256,381,100.2628693,59.15081865,8.656156503,6.153652401,488,14,3,6,23,479,4,4,2,10,511,489,361,20,246,10
46,1000,70,5.13,10.3,18,37,53,962,22,10,6,38,7.679651724,206,340,44.82523048,27.01703882,7.712376479,7.650747937,447,14,4,4,22,515,8,6,2,16,469,531,311,29,195,11
45,1000,70,5.13,10.3,18,37,55,956,33,5,6,44,7.794811092,215,338,53.93944441,33.17509306,8.540886359,6.983317953,497,19,2,3,24,459,14,3,3,20,521,479,301,37,194,21
40,1000,70,5.13,10.3,18,37,92,951,29,12,8,49,7.501054883,406,480,621.4437446,362.0838724,10.14623425,5.029833156,441,25,10,7,42,510,4,2,1,7,483,517,463,17,400,6
43,1000,70,5.13,10.3,18,37,63,962,27,5,6,38,7.682153243,250,374,85.37279477,51.40197616,8.73911762,6.616699192,476,16,4,6,26,486,11,1,0,12,502,498,342,32,236,14
41,1000,70,5.13,10.3,18,37,66,955,27,6,12,45,7.648438496,288,374,80.77785879,54.18348997,8.934280374,6.320780623,472,23,4,9,36,483,4,2,3,9,508,492,356,18,274,14
44,1000,70,5.13,10.3,18,37,58,955,32,7,6,45,7.765968819,243,358,68.75886669,42.27268285,8.814123957,6.774911626,453,25,4,4,33,502,7,3,2,12,486,514,328,30,229,14
47,1000,70,5.13,10.3,18,37,53,965,24,9,2,35,7.558987913,187,303,41.86617073,23.87935103,8.184714959,6.881116947,497,17,5,1,23,468,7,4,1,12,520,480,262,41,173,14
42,1000,70,5.13,10.3,18,37,67,965,20,7,8,35,7.486632355,269,373,104.4720263,61.82954794,8.770782441,6.144708647,486,16,3,6,25,479,4,4,2,10,511,489,349,24,264,5
46,1000,70,5.13,10.3,18,37,54,961,23,10,6,39,7.720812777,222,343,47.75353111,29.18057174,7.761089643,7.685238672,447,14,4,4,22,514,9,6,2,17,469,531,309,34,210,12
45,1000,70,5.13,10.3,18,37,56,957,32,4,7,43,7.794673329,233,302,56.27435242,34.6316857,8.606274604,6.911908685,497,19,2,3,24,460,13,2,4,19,521,479,272,30,220,13
43,1000,70,5.13,10.3,18,37,64,963,26,5,6,37,7.674631798,280,373,90.23835077,54.45598486,8.760403297,6.580139244,476,16,4,6,26,487,10,1,0,11,502,498,342,31,268,12
40,1000,70,5.13,10.3,18,37,93,951,30,11,8,49,7.510533499,401,481,666.0892032,384.2831009,10.19318931,5.004299922,440,26,10,7,43,511,4,1,1,6,483,517,467,14,395,6
41,1000,70,5.13,10.3,18,37,67,955,27,6,12,45,7.635625877,286,368,84.80329695,56.96585753,8.984074797,6.243324959,472,23,4,9,36,483,4,2,3,9,508,492,335,33,271,15
44,1000,70,5.13,10.3,18,37,59,955,32,7,6,45,7.743603601,235,364,74.54243469,45.81268292,8.824424781,6.72165984,453,25,4,4,33,502,7,3,2,12,486,514,335,29,218,17
47,1000,70,5.13,10.3,18,37,54,966,24,8,2,34,7.516137143,196,307,43.89125238,25.12642197,8.219492108,6.754169264,497,17,5,1,23,469,7,3,1,11,520,480,270,37,180,16
42,1000,70,5.13,10.3,18,37,68,965,20,7,8,35,7.512347339,275,390,108.5105065,64.48760139,8.866157258,6.097629817,485,17,3,6,26,480,3,4,2,9,511,489,363,27,265,10
46,1000,70,5.13,10.3,18,37,55,963,22,9,6,37,7.683112796,234,358,51.22639218,31.5174199,7.788847663,7.58972362,447,14,4,4,22,516,8,5,2,15,469,531,323,35,219,15
45,1000,70,5.13,10.3,18,37,57,959,29,5,7,41,7.784253285,222,331,59.28026451,36.31779785,8.648286612,6.844459208,497,18,3,3,24,462,11,2,4,17,521,479,295,36,207,15
43,1000,70,5.13,10.3,18,37,65,963,26,5,6,37,7.663281852,285,371,96.36413515,58.46848554,8.791267817,6.526235759,475,17,4,6,27,488,9,1,0,10,502,498,355,16,276,9
41,1000,70,5.13,10.3,18,37,68,956,25,7,12,44,7.631753833,274,390,89.59473855,60.1728608,9.054132767,6.163118674,472,22,5,9,36,484,3,2,3,8,508,492,359,31,263,11
40,1000,70,5.13,10.3,18,37,94,951,31,10,8,49,7.460392224,419,479,709.9065059,405.7747429,10.20303858,4.898113328,440,26,10,7,43,511,5,0,1,6,483,517,464,15,408,11
44,1000,70,5.13,10.3,18,37,60,955,33,7,5,45,7.701071628,252,372,80.90158524,49.80154942,8.880185168,6.586189953,453,25,4,4,33,502,8,3,1,12,486,514,339,33,245,7
47,1000,70,5.13,10.3,18,37,55,963,27,8,2,37,7.551431736,188,305,45.02027064,25.93688126,8.288141031,6.75333,496,18,5,1,24,467,9,3,1,13,520,480,269,36,177,11
42,1000,70,5.13,10.3,18,37,69,963,22,7,8,37,7.523256819,285,386,114.5749174,68.510054,8.919278547,6.064428388,484,18,3,6,27,479,4,4,2,10,511,489,361,25,268,17
46,1000,70,5.13,10.3,18,37,56,963,21,10,6,37,7.683707348,228,354,55.20877246,34.08454298,7.840593598,7.545139267,447,13,5,4,22,516,8,5,2,15,469,531,323,31,214,14
43,1000,70,5.13,10.3,18,37,66,963,26,5,6,37,7.626264167,270,385,106.6189891,65.28476165,8.821273026,6.421656844,474,18,4,6,28,489,8,1,0,9,502,498,356,29,259,11
45,1000,70,5.13,10.3,18,37,58,959,29,5,7,41,7.748259455,234,345,62.74684706,38.22638716,8.658739253,6.757946355,496,19,3,3,25,463,10,2,4,16,521,479,310,35,224,10
41,1000,70,5.13,10.3,18,37,69,956,24,8,12,44,7.615190741,281,377,93.3460174,62.62859588,9.100011845,6.082082771,472,21,6,9,36,484,3,2,3,8,508,492,362,15,265,16
44,1000,70,5.13,10.3,18,37,61,956,31,8,5,44,7.707738754,261,386,85.74520045,52.80462364,8.900366474,6.580079081,453,24,5,4,33,503,7,3,1,11,486,514,355,31,247,14
47,1000,70,5.13,10.3,18,37,56,963,27,8,2,37,7.554579397,205,306,46.71015274,27.05754313,8.342501495,6.700997125,496,18,5,1,24,467,9,3,1,13,520,480,265,41,191,14
40,1000,70,5.13,10.3,18,37,95,952,30,10,8,48,7.423940849,431,488,766.0006087,434.0367363,10.18674335,4.842831358,441,25,10,7,42,511,5,0,1,6,483,517,471,17,417,14
42,1000,70,5.13,10.3,18,37,70,963,22,7,8,37,7.522066423,282,386,121.2984301,73.20632764,8.96145252,6.017922669,484,18,3,6,27,479,4,4,2,10,511,489,367,19,277,5
46,1000,70,5.13,10.3,18,37,57,962,22,10,6,38,7.682331511,245,386,58.17102975,36.03370881,7.876922692,7.510460957,447,13,5,4,22,515,9,5,2,16,469,531,349,37,230,15
43,1000,70,5.13,10.3,18,37,67,963,26,4,7,37,7.606435275,282,404,110.5777653,67.80756885,8.836037482,6.366956745,474,18,4,6,28,489,8,0,1,9,502,498,375,29,271,11
45,1000,70,5.13,10.3,18,37,59,959,29,5,7,41,7.764980662,211,328,67.39490311,40.68015441,8.689923199,6.758936692,496,19,3,3,25,463,10,2,4,16,521,479,295,33,195,16
41,1000,70,5.13,10.3,18,37,70,956,23,9,12,44,7.623471645,280,381,97.68285517,65.51239858,9.139001873,6.058655882,472,20,7,9,36,484,3,2,3,8,508,492,362,19,271,9
44,1000,70,5.13,10.3,18,37,62,956,32,8,4,44,7.658176902,264,374,93.8959185,57.71714695,8.900366474,6.483655245,453,24,5,4,33,503,8,3,0,11,486,514,341,33,254,10
47,1000,70,5.13,10.3,18,37,57,962,27,9,2,38,7.556628261,216,337,48.46328369,28.25748743,8.411777274,6.63021683,494,20,5,1,26,468,7,4,1,12,520,480,283,54,202,14
42,1000,70,5.13,10.3,18,37,71,963,22,7,8,37,7.536978278,287,406,128.582913,78.17042013,8.976815148,6.032363471,484,18,3,6,27,479,4,4,2,10,511,489,377,29,275,12
40,1000,70,5.13,10.3,18,37,96,949,33,10,8,51,7.414315107,409,483,808.3366551,457.0535742,10.21768936,4.795302022,440,26,10,7,43,509,7,0,1,8,483,517,466,17,403,6
46,1000,70,5.13,10.3,18,37,58,960,24,10,6,40,7.673199423,244,372,62.68414224,38.7918357,7.949032893,7.429572497,445,15,5,4,24,515,9,5,2,16,469,531,343,29,231,13
43,1000,70,5.13,10.3,18,37,68,964,25,4,7,36,7.590991282,278,394,116.3446033,71.27120894,8.850468422,6.32139786,474,18,4,6,28,490,7,0,1,8,502,498,362,32,265,13
45,1000,70,5.13,10.3,18,37,60,958,30,5,7,42,7.768280722,240,345,71.92006852,43.58747916,8.720674658,6.732378342,495,20,3,3,26,463,10,2,4,16,521,479,313,32,223,17
41,1000,70,5.13,10.3,18,37,71,957,22,10,11,43,7.601025575,297,392,102.6652321,69.17135263,9.215590794,5.933954169,472,19,8,9,36,485,3,2,2,7,508,492,362,30,285,12
47,1000,70,5.13,10.3,18,37,58,960,29,9,2,40,7.575567023,217,319,50.89628032,29.82910227,8.451717874,6.626403601,492,22,5,1,28,468,7,4,1,12,520,480,280,39,205,12
42,1000,70,5.13,10.3,18,37,72,962,21,9,8,38,7.544188906,286,398,136.1775051,83.0124034,9.012619469,6.009693982,483,18,4,6,28,479,3,5,2,10,511,489,378,20,278,8
44,1000,70,5.13,10.3,18,37,63,956,31,7,6,44,7.707413816,267,407,98.07136737,60.38650271,9.022997728,6.463495954,453,23,4,6,33,503,8,3,0,11,486,514,368,39,258,9
46,1000,70,5.13,10.3,18,37,59,961,24,10,5,39,7.619466707,244,373,68.44266579,42.45810167,7.977329391,7.303388367,445,15,5,4,24,516,9,5,1,15,469,531,335,38,232,12
40,1000,70,5.13,10.3,18,37,97,950,31,10,9,50,7.414967806,417,492,870.8454019,488.9676289,10.24203031,4.773824308,440,25,10,8,43,510,6,0,1,7,483,517,471,21,413,4
43,1000,70,5.13,10.3,18,37,69,966,23,4,7,34,7.575828619,292,410,124.1194103,76.2175458,8.886476741,6.254653202,474,18,4,6,28,492,5,0,1,6,502,498,385,25,276,16
45,1000,70,5.13,10.3,18,37,61,957,31,5,7,43,7.764383682,245,351,75.67367132,46.07620941,8.742858832,6.700113215,494,21,3,3,27,463,10,2,4,16,521,479,314,37,233,12
41,1000,70,5.13,10.3,18,37,72,958,21,10,11,42,7.589050501,286,379,107.8602592,72.53474666,9.25903034,5.864762374,472,19,8,9,36,486,2,2,2,6,508,492,367,12,274,12
47,1000,70,5.13,10.3,18,37,59,960,29,9,2,40,7.530481331,208,336,52.73574973,31.18134142,8.442612887,6.542338811,492,22,5,1,28,468,7,4,1,12,520,480,307,29,191,17
42,1000,70,5.13,10.3,18,37,73,962,21,9,8,38,7.547099205,304,397,142.3965172,86.9831484,9.039795017,5.987247344,483,18,4,6,28,479,3,5,2,10,511,489,374,23,295,9
44,1000,70,5.13,10.3,18,37,64,955,32,7,6,45,7.710438684,270,357,106.436827,65.22972834,9.082744466,6.412888859,452,24,4,6,34,503,8,3,0,11,486,514,338,19,261,9
46,1000,70,5.13,10.3,18,37,60,959,26,9,6,41,7.622385541,260,377,73.10847488,45.8330708,8.047334743,7.247053759,443,16,5,5,26,516,10,4,1,15,469,531,342,35,247,13
43,1000,70,5.13,10.3,18,37,70,966,23,4,7,34,7.563242764,278,399,130.5782444,80.55448255,8.937156024,6.178294056,474,18,4,6,28,492,5,0,1,6,502,498,372,27,274,4
40,1000,70,5.13,10.3,18,37,98,950,31,10,9,50,7.386607513,425,484,957.4158436,531.5192556,10.27395111,4.689147244,440,25,10,8,43,510,6,0,1,7,483,517,473,11,417,8
45,1000,70,5.13,10.3,18,37,62,956,32,5,7,44,7.780927162,245,342,84.12868469,50.44839934,8.749186405,6.727768361,493,22,3,3,28,463,10,2,4,16,521,479,311,31,226,19
41,1000,70,5.13,10.3,18,37,73,957,22,10,11,43,7.575002567,300,385,114.869495,76.62348102,9.321905475,5.771289809,472,19,8,9,36,485,3,2,2,7,508,492,371,14,289,11
42,1000,70,5.13,10.3,18,37,74,961,21,10,8,39,7.528912841,314,407,150.6165899,91.8522367,9.075193759,5.913065091,482,18,5,6,29,479,3,5,2,10,511,489,378,29,307,7
47,1000,70,5.13,10.3,18,37,60,960,29,9,2,40,7.522449405,229,336,55.3203485,32.83998119,8.435591203,6.533212457,492,22,5,1,28,468,7,4,1,12,520,480,301,35,212,17
44,1000,70,5.13,10.3,18,37,65,956,31,7,6,44,7.697022375,287,392,115.8732772,70.83491239,9.159806079,6.313923386,452,23,5,6,34,504,8,2,0,10,486,514,370,22,273,14
46,1000,70,5.13,10.3,18,37,61,957,28,9,6,43,7.606664355,254,395,77.4416497,48.44850069,8.114791776,7.157866313,443,16,5,5,26,514,12,4,1,17,469,531,369,26,246,8
43,1000,70,5.13,10.3,18,37,71,966,23,4,7,34,7.544154961,291,401,136.8749088,84.73013666,8.981464485,6.095300782,474,18,4,6,28,492,5,0,1,6,502,498,369,32,282,9
45,1000,70,5.13,10.3,18,37,63,957,33,5,5,43,7.75566128,243,354,92.23648194,55.35228365,8.770136115,6.65223458,492,23,3,3,29,465,10,2,2,14,521,479,318,36,228,15
40,1000,70,5.13,10.3,18,37,99,949,30,12,9,51,7.369456825,426,486,1032.219391,572.4550374,10.31313119,4.619370326,440,23,12,8,43,509,7,0,1,8,483,517,477,9,419,7
41,1000,70,5.13,10.3,18,37,74,956,23,10,11,44,7.597949018,287,395,121.6437144,81.36601838,9.391158344,5.746423942,471,20,8,9,37,485,3,2,2,7,508,492,376,19,277,10
42,1000,70,5.13,10.3,18,37,75,958,24,11,7,42,7.520629235,305,401,162.8860727,99.40007911,9.087662221,5.883095787,480,20,6,5,31,478,4,5,2,11,511,489,379,22,296,9
47,1000,70,5.13,10.3,18,37,61,960,29,9,2,40,7.518852499,229,338,58.15974281,34.66941912,8.473918415,6.484197757,491,23,5,1,29,469,6,4,1,11,520,480,304,34,214,15
44,1000,70,5.13,10.3,18,37,66,955,31,8,6,45,7.694413053,276,394,123.0295732,75.79012047,9.209385584,6.261968209,451,24,5,6,35,504,7,3,0,10,486,514,362,32,265,11
46,1000,70,5.13,10.3,18,37,62,958,27,9,6,42,7.592661856,268,385,82.65365016,51.73135594,8.137595392,7.111355212,443,16,5,5,26,515,11,4,1,16,469,531,360,25,256,12
43,1000,70,5.13,10.3,18,37,72,966,24,4,6,34,7.539521753,314,425,146.5084236,91.2260669,9.014502857,6.052693411,474,19,4,5,28,492,5,0,1,6,502,498,398,27,303,11
45,1000,70,5.13,10.3,18,37,64,957,33,5,5,43,7.754992922,251,359,99.50903562,59.61579333,8.779445658,6.640713433,492,23,3,3,29,465,10,2,2,14,521,479,332,27,236,15
41,1000,70,5.13,10.3,18,37,75,956,23,10,11,44,7.561998546,315,390,128.559516,86.20620814,9.412700818,5.651110834,471,20,8,9,37,485,3,2,2,7,508,492,370,20,300,15
40,1000,70,5.13,10.3,18,37,100,948,31,12,9,52,7.354118959,432,485,1103.185331,608.258847,10.33573551,4.568585509,440,23,12,8,43,508,8,0,1,9,483,517,476,9,423,9
42,1000,70,5.13,10.3,18,37,76,958,24,11,7,42,7.522621412,319,399,173.6237424,105.718487,9.1036547,5.870457792,480,20,6,5,31,478,4,5,2,11,511,489,380,19,305,14
47,1000,70,5.13,10.3,18,37,62,959,30,8,3,41,7.528263276,219,359,61.22840441,36.78283407,8.552119378,6.419085831,490,24,4,2,30,469,6,4,1,11,520,480,321,38,213,6
44,1000,70,5.13,10.3,18,37,67,954,32,8,6,46,7.691760417,285,407,130.5167713,80.58474631,9.272888397,6.196763921,449,26,5,6,37,505,6,3,0,9,486,514,379,28,277,8
46,1000,70,5.13,10.3,18,37,63,957,28,9,6,43,7.578404356,262,399,88.79230525,55.33958736,8.138837067,7.083408232,443,16,5,5,26,514,12,4,1,17,469,531,374,25,250,12
43,1000,70,5.13,10.3,18,37,73,966,23,5,6,34,7.48437682,330,393,153.0403313,95.59111276,9.026510923,5.929856097,474,18,5,5,28,492,5,0,1,6,502,498,370,23,315,15
45,1000,70,5.13,10.3,18,37,65,956,32,7,5,44,7.764601547,239,355,106.2466253,63.73694241,8.845377347,6.589060436,491,23,4,3,30,465,9,3,2,14,521,479,323,32,230,9
41,1000,70,5.13,10.3,18,37,76,955,24,10,11,45,7.532709556,319,391,135.5780931,90.34769343,9.42184623,5.582137543,470,21,8,9,38,485,3,2,2,7,508,492,381,10,310,9
42,1000,70,5.13,10.3,18,37,77,957,25,11,7,43,7.524373206,315,411,184.4672163,111.8464774,9.158374098,5.816858981,479,21,6,5,32,478,4,5,2,11,511,489,395,16,307,8
40,1000,70,5.13,10.3,18,37,101,947,30,14,9,53,7.363326209,441,491,1163.149166,641.1942385,10.39474935,4.531261648,440,22,13,8,43,507,8,1,1,10,483,517,476,15,434,7
44,1000,70,5.13,10.3,18,37,68,953,33,7,7,47,7.698102677,302,405,136.1353624,84.38300267,9.308813001,6.175135327,448,27,4,7,38,505,6,3,0,9,486,514,379,26,286,16
47,1000,70,5.13,10.3,18,37,63,961,29,6,4,39,7.487946981,248,350,65.0099817,39.38706636,8.564422961,6.32176467,489,25,4,2,31,472,4,2,2,8,520,480,316,34,229,19
46,1000,70,5.13,10.3,18,37,64,957,27,10,6,43,7.574760837,253,406,94.72666756,58.85855911,8.162750716,7.055425143,443,16,5,5,26,514,11,5,1,17,469,531,380,26,244,9
43,1000,70,5.13,10.3,18,37,74,966,23,5,6,34,7.506299696,323,419,164.7754138,102.7169486,9.0591714,5.940955127,474,18,5,5,28,492,5,0,1,6,502,498,393,26,306,17
45,1000,70,5.13,10.3,18,37,66,956,32,7,5,44,7.779887337,260,364,113.6950442,68.06334643,8.887524257,6.575129852,491,23,4,3,30,465,9,3,2,14,521,479,343,21,250,10
41,1000,70,5.13,10.3,18,37,77,955,25,10,10,45,7.507880253,333,414,145.687019,97.27467658,9.490344482,5.460945641,470,21,8,9,38,485,4,2,1,7,508,492,389,25,322,11
42,1000,70,5.13,10.3,18,37,78,956,25,12,7,44,7.523349047,321,412,199.7992322,120.7570161,9.206057044,5.764936395,478,21,7,5,33,478,4,5,2,11,511,489,394,18,303,18
44,1000,70,5.13,10.3,18,37,69,954,32,7,7,46,7.732646338,296,413,143.0227267,88.89397837,9.401017767,6.155158955,448,27,4,7,38,506,5,3,0,8,486,514,390,23,287,9
47,1000,70,5.13,10.3,18,37,64,960,30,6,4,40,7.520664026,251,354,67.7277314,41.2394206,8.62594729,6.323273823,488,26,4,2,32,472,4,2,2,8,520,480,316,38,237,14
40,1000,70,5.13,10.3,18,37,102,945,31,15,9,55,7.379249094,436,484,1286.366899,705.8240376,10.45574364,4.505077204,438,23,14,8,45,507,8,1,1,10,483,517,468,16,431,5
46,1000,70,5.13,10.3,18,37,65,957,27,10,6,43,7.542581184,279,407,102.2802721,63.34344763,8.17281489,6.985934088,443,16,5,5,26,514,11,5,1,17,469,531,381,26,268,11
43,1000,70,5.13,10.3,18,37,75,967,22,5,6,33,7.491166952,338,424,172.2519099,107.8221264,9.07156533,5.89807461,474,18,5,5,28,493,4,0,1,5,502,498,401,23,328,10
45,1000,70,5.13,10.3,18,37,67,955,31,9,5,45,7.800240183,263,365,122.3725358,73.21654325,8.916845262,6.585728186,490,23,5,3,31,465,8,4,2,14,521,479,335,30,250,13
41,1000,70,5.13,10.3,18,37,78,956,25,9,10,44,7.514497555,321,409,156.0386517,104.2944877,9.553055742,5.409644794,470,21,8,9,38,486,4,1,1,6,508,492,386,23,313,8
42,1000,70,5.13,10.3,18,37,79,956,26,11,7,44,7.516827602,326,416,211.3419473,127.5737445,9.264234038,5.690805744,477,22,7,5,34,479,4,4,2,10,511,489,395,21,317,9
44,1000,70,5.13,10.3,18,37,70,950,36,7,7,50,7.759033624,308,411,149.7631273,93.32591736,9.450217202,6.159976778,446,29,4,7,40,504,7,3,0,10,486,514,387,24,295,13
47,1000,70,5.13,10.3,18,37,65,960,30,6,4,40,7.511238328,247,342,69.98665878,42.53630752,8.656554067,6.270479611,488,26,4,2,32,472,4,2,2,8,520,480,309,33,233,14
46,1000,70,5.13,10.3,18,37,66,957,27,10,6,43,7.532536844,275,404,111.2123606,69.44165263,8.217213392,6.927803697,443,16,5,5,26,514,11,5,1,17,469,531,380,24,260,15
40,1000,70,5.13,10.3,18,37,103,943,33,15,9,57,7.383133971,453,483,1419.496985,771.9665194,10.51264353,4.459433549,437,24,14,8,46,506,9,1,1,11,483,517,472,11,442,11
43,1000,70,5.13,10.3,18,37,76,966,22,6,6,34,7.480690541,311,424,188.8562962,118.8467603,9.101451516,5.846911406,473,18,6,5,29,493,4,0,1,5,502,498,401,23,300,11
45,1000,70,5.13,10.3,18,37,68,954,32,9,5,46,7.822117248,247,385,135.1204083,82.56621322,8.987716345,6.554315308,490,23,5,3,31,464,9,4,2,15,521,479,356,29,235,12
41,1000,70,5.13,10.3,18,37,79,956,25,9,10,44,7.483333604,321,399,165.1607218,110.9383709,9.561715091,5.337362474,469,22,8,9,39,487,3,1,1,5,508,492,381,18,310,11
42,1000,70,5.13,10.3,18,37,80,956,27,11,6,44,7.48929899,336,413,226.3348417,136.8214491,9.317476874,5.578871795,476,23,7,5,35,480,4,4,1,9,511,489,383,30,325,11
44,1000,70,5.13,10.3,18,37,71,951,36,6,7,49,7.744939817,314,414,157.5670311,98.54625983,9.495664049,6.089585776,446,29,4,7,40,505,7,2,0,9,486,514,392,22,305,9
47,1000,70,5.13,10.3,18,37,66,960,30,6,4,40,7.505660503,243,373,72.20212249,43.88680054,8.706969542,6.204242376,488,26,4,2,32,472,4,2,2,8,520,480,338,35,230,13
43,1000,70,5.13,10.3,18,37,77,966,22,6,6,34,7.463374403,330,425,203.0541401,127.8199459,9.128191847,5.785184932,473,18,6,5,29,493,4,0,1,5,502,498,405,20,321,9
46,1000,70,5.13,10.3,18,37,67,959,27,8,6,41,7.497471949,287,403,120.3688089,75.48224438,8.273431709,6.812113893,443,16,5,5,26,516,11,3,1,15,469,531,382,21,277,10
40,1000,70,5.13,10.3,18,37,104,943,32,16,9,57,7.395735359,450,487,1566.540471,844.8500645,10.55477663,4.44444535,437,23,15,8,46,506,9,1,1,11,483,517,475,12,445,5
48,1000,70,5.13,10.3,18,37,0,933,28,18,21,67,7.473,91,184,17.4301866,9.267191312,6.327345309,8.623246493,478,10,7,6,23,455,18,11,15,44,501,499,108,76,61,30
45,1000,70,5.13,10.3,18,37,69,954,31,10,5,46,7.813089501,268,370,151.1208494,97.07091255,9.019616164,6.500771356,490,22,6,3,31,464,9,4,2,15,521,479,346,24,252,16
41,1000,70,5.13,10.3,18,37,80,956,25,9,10,44,7.478054044,326,426,174.4805874,117.9785216,9.595564179,5.291681791,469,22,8,9,39,487,3,1,1,5,508,492,405,21,314,12
42,1000,70,5.13,10.3,18,37,81,956,27,11,6,44,7.473394479,321,422,248.4137596,149.8006306,9.347979354,5.514472453,476,23,7,5,35,480,4,4,1,9,511,489,405,17,311,10
44,1000,70,5.13,10.3,18,37,72,951,35,7,7,49,7.762027393,306,417,166.2198418,104.3441119,9.540846216,6.080109205,446,28,5,7,40,505,7,2,0,9,486,514,396,21,296,10
47,1000,70,5.13,10.3,18,37,67,961,28,7,4,39,7.519689378,234,359,74.70238444,45.42440484,8.745187218,6.192066718,488,25,5,2,32,473,3,2,2,7,520,480,336,23,226,8
46,1000,70,5.13,10.3,18,37,68,959,26,9,6,41,7.497010086,297,423,125.7274188,78.69021135,8.312706109,6.776555406,443,15,6,5,26,516,11,3,1,15,469,531,401,22,285,12
43,1000,70,5.13,10.3,18,37,78,965,22,7,6,35,7.463171834,339,434,219.1847082,137.3026408,9.161484598,5.751218004,473,18,6,5,29,492,4,1,1,6,502,498,413,21,328,11
45,1000,70,5.13,10.3,18,37,70,954,32,10,4,46,7.821347202,269,375,162.0070947,106.4674941,9.083931321,6.448056335,489,23,6,3,32,465,9,4,1,14,521,479,356,19,259,10
41,1000,70,5.13,10.3,18,37,81,955,26,9,10,45,7.443398714,342,424,185.7708688,125.5832183,9.623449892,5.192451564,468,23,8,9,40,487,3,1,1,5,508,492,400,24,334,8
48,1000,70,5.13,10.3,18,37,1,934,27,18,21,66,7.513865245,93,157,17.45861295,9.33668183,6.393849927,8.638369603,478,10,7,6,23,456,17,11,15,43,501,499,82,75,71,22
42,1000,70,5.13,10.3,18,37,82,955,28,11,6,45,7.490773681,342,425,277.0994782,166.960821,9.395756827,5.500085772,475,24,7,5,36,480,4,4,1,9,511,489,403,22,328,14
44,1000,70,5.13,10.3,18,37,73,950,35,8,7,50,7.769508078,326,426,177.511504,111.1594238,9.573050713,6.064212901,446,27,6,7,40,504,8,2,0,10,486,514,406,20,313,13
47,1000,70,5.13,10.3,18,37,68,960,29,7,4,40,7.514755351,256,367,76.97994517,46.78154246,8.783798641,6.139958454,487,26,5,2,33,473,3,2,2,7,520,480,338,29,240,16
43,1000,70,5.13,10.3,18,37,79,965,20,9,6,35,7.447103856,335,438,234.6453624,146.4795119,9.241371459,5.638424465,473,16,8,5,29,492,4,1,1,6,502,498,414,24,328,7
46,1000,70,5.13,10.3,18,37,69,960,25,9,6,40,7.479321808,297,417,135.6916757,84.9879923,8.376115678,6.687238333,443,14,7,5,26,517,11,2,1,14,469,531,398,19,288,9
45,1000,70,5.13,10.3,18,37,71,954,31,11,4,46,7.788048262,272,382,175.8139352,120.3198752,9.098530045,6.362659934,488,23,7,3,33,466,8,4,1,13,521,479,361,21,252,20
41,1000,70,5.13,10.3,18,37,82,954,27,9,10,46,7.440024068,338,412,197.235169,133.1924383,9.650343668,5.157824155,466,25,8,9,42,488,2,1,1,4,508,492,398,14,327,11
48,1000,70,5.13,10.3,18,37,2,934,27,18,21,66,7.517295209,100,183,17.49039402,9.36658514,6.422357694,8.616621251,478,10,7,6,23,456,17,11,15,43,501,499,102,81,69,31
42,1000,70,5.13,10.3,18,37,83,955,26,13,6,45,7.474424521,345,413,298.5477371,181.4349501,9.434449321,5.426218647,475,22,9,5,36,480,4,4,1,9,511,489,395,18,334,11
44,1000,70,5.13,10.3,18,37,74,948,34,10,8,52,7.791415482,319,426,189.170914,119.3102746,9.623757802,6.058889475,445,26,8,7,41,503,8,2,1,11,486,514,409,17,311,8
47,1000,70,5.13,10.3,18,37,69,961,28,7,4,39,7.503308301,268,350,80.10721109,48.65620532,8.801886335,6.096515431,487,26,5,2,33,474,2,2,2,6,520,480,323,27,254,14
43,1000,70,5.13,10.3,18,37,80,965,18,11,6,35,7.424888307,329,429,262.8159883,163.8898672,9.249800303,5.585318383,473,15,9,5,29,492,3,2,1,6,502,498,411,18,324,5
46,1000,70,5.13,10.3,18,37,70,961,24,9,6,39,7.457942113,318,412,145.1004497,91.26758912,8.401846264,6.624248994,443,14,7,5,26,518,10,2,1,13,469,531,394,18,303,15
45,1000,70,5.13,10.3,18,37,72,955,30,11,4,45,7.770870154,276,384,185.6003931,126.1313758,9.127030442,6.295798108,488,23,7,3,33,467,7,4,1,12,521,479,353,31,263,13
41,1000,70,5.13,10.3,18,37,83,953,28,9,10,47,7.462907614,341,427,208.7014194,140.6021006,9.708976255,5.143796091,465,26,8,9,43,488,2,1,1,4,508,492,401,26,333,8
42,1000,70,5.13,10.3,18,37,84,955,25,14,6,45,7.45209032,349,418,320.1052597,194.7469849,9.506479132,5.305275017,475,21,10,5,36,480,4,4,1,9,511,489,404,14,342,7
44,1000,70,5.13,10.3,18,37,75,949,34,10,7,51,7.806124168,330,442,200.3931525,126.4398538,9.65011909,6.06258033,446,26,8,6,40,503,8,2,1,11,486,514,409,33,315,15
47,1000,70,5.13,10.3,18,37,70,960,28,8,4,40,7.528359711,261,378,84.07136521,50.91061356,8.879393674,6.064739585,486,26,6,2,34,474,2,2,2,6,520,480,342,36,247,14
48,1000,70,5.13,10.3,18,37,3,937,27,15,21,63,7.493920872,100,155,17.53223805,9.4408563,6.43354256,8.558549198,479,10,7,5,22,458,17,8,16,41,501,499,82,73,70,30
43,1000,70,5.13,10.3,18,37,81,962,23,11,4,38,7.401039173,341,444,276.9096104,173.1312535,9.289373132,5.497537873,471,18,9,4,31,491,5,2,0,7,502,498,425,19,326,15
46,1000,70,5.13,10.3,18,37,71,961,24,9,6,39,7.462924911,311,429,151.3091359,95.2675033,8.440746049,6.599274979,443,14,7,5,26,518,10,2,1,13,469,531,406,23,301,10
45,1000,70,5.13,10.3,18,37,73,957,28,11,4,43,7.760516383,277,391,201.7459552,136.2957799,9.160493617,6.237785405,488,23,7,3,33,469,5,4,1,10,521,479,374,17,267,10
41,1000,70,5.13,10.3,18,37,84,953,29,9,9,47,7.465549484,339,434,223.5000336,149.2481214,9.747669965,5.109213704,465,26,8,9,43,488,3,1,0,4,508,492,409,25,332,7
42,1000,70,5.13,10.3,18,37,85,955,25,14,6,45,7.484600661,344,447,355.4370771,214.3964918,9.594743652,5.279522811,475,21,10,5,36,480,4,4,1,9,511,489,420,27,337,7
44,1000,70,5.13,10.3,18,37,76,950,33,10,7,50,7.815385303,330,435,211.4804079,133.8009413,9.729240903,6.005786427,446,25,9,6,40,504,8,1,1,10,486,514,418,17,323,7
47,1000,70,5.13,10.3,18,37,71,960,27,9,4,40,7.518558042,261,367,88.00314796,53.16489732,8.911692415,6.009329138,486,25,7,2,34,474,2,2,2,6,520,480,342,25,246,15
43,1000,70,5.13,10.3,18,37,82,961,24,10,5,39,7.356802398,345,434,292.5855459,182.7492395,9.277554666,5.4206224,470,19,8,5,32,491,5,2,0,7,502,498,420,14,335,10
48,1000,70,5.13,10.3,18,37,4,939,26,15,20,61,7.44594192,114,181,17.62309711,9.530603701,6.400838471,8.495234159,480,9,7,5,21,459,17,8,15,40,501,499,105,76,77,37
46,1000,70,5.13,10.3,18,37,72,962,23,9,6,38,7.439109647,320,428,158.622611,99.82567528,8.450898945,6.545457706,443,14,7,5,26,519,9,2,1,12,469,531,412,16,313,7
45,1000,70,5.13,10.3,18,37,74,957,29,10,4,43,7.791074639,281,405,217.5635225,146.3252059,9.266354178,6.186438648,487,24,7,3,34,470,5,3,1,9,521,479,373,32,271,10
41,1000,70,5.13,10.3,18,37,85,954,28,9,9,46,7.497892965,338,432,233.1767136,156.1966706,9.768126216,5.153830991,466,25,8,9,42,488,3,1,0,4,508,492,413,19,326,12
42,1000,70,5.13,10.3,18,37,86,957,24,13,6,43,7.45833842,344,427,377.9924529,228.7400342,9.63880832,5.179769671,474,21,11,5,37,483,3,2,1,6,511,489,410,17,341,3
44,1000,70,5.13,10.3,18,37,77,950,33,10,7,50,7.78633672,338,432,224.4095605,142.7106427,9.770791623,5.90998442,446,25,9,6,40,504,8,1,1,10,486,514,412,20,328,10
47,1000,70,5.13,10.3,18,37,72,960,27,9,4,40,7.538104662,273,374,92.53153295,56.49919448,8.966287733,5.990906334,486,25,7,2,34,474,2,2,2,6,520,480,349,25,262,11
43,1000,70,5.13,10.3,18,37,83,963,22,10,5,37,7.343821345,360,444,331.0420465,207.1760858,9.340774213,5.330828695,470,19,8,5,32,493,3,2,0,5,502,498,425,19,348,12
46,1000,70,5.13,10.3,18,37,73,961,23,10,6,39,7.396534707,310,434,166.086982,104.411906,8.516454429,6.40737774,442,14,8,5,27,519,9,2,1,12,469,531,413,21,303,7
48,1000,70,5.13,10.3,18,37,5,939,26,15,20,61,7.491911602,103,192,17.69099477,9.630812711,6.468777333,8.519146609,480,9,7,5,21,459,17,8,15,40,501,499,115,77,77,26
45,1000,70,5.13,10.3,18,37,75,956,30,9,5,44,7.818409784,287,402,232.4377636,158.8108042,9.37553368,6.124753105,486,25,6,4,35,470,5,3,1,9,521,479,376,26,274,13
41,1000,70,5.13,10.3,18,37,86,955,26,10,9,45,7.470614394,343,427,243.9777314,162.2078023,9.775703334,5.090563213,466,25,8,9,42,489,1,2,0,3,508,492,410,17,335,8
42,1000,70,5.13,10.3,18,37,87,956,24,14,6,44,7.46989332,353,443,426.6564683,257.6310924,9.712296035,5.126605411,473,22,11,5,38,483,2,3,1,6,511,489,423,20,343,10
44,1000,70,5.13,10.3,18,37,78,950,33,10,7,50,7.798946985,336,452,234.0471491,149.6619001,9.811448699,5.896075715,445,26,9,6,41,505,7,1,1,9,486,514,431,21,322,14
47,1000,70,5.13,10.3,18,37,73,960,26,10,4,40,7.560618064,263,381,98.05129423,60.19322839,9.004556989,5.996350896,486,24,8,2,34,474,2,2,2,6,520,480,348,33,252,11
43,1000,70,5.13,10.3,18,37,84,963,22,10,5,37,7.323143723,363,446,377.1669839,236.423132,9.387562731,5.242143036,470,19,8,5,32,493,3,2,0,5,502,498,420,26,349,14
46,1000,70,5.13,10.3,18,37,74,961,23,10,6,39,7.370981247,332,442,175.6948794,110.6961549,8.550977172,6.328762624,442,14,8,5,27,519,9,2,1,12,469,531,419,23,323,9
45,1000,70,5.13,10.3,18,37,76,956,30,9,5,44,7.832198857,291,399,252.7943652,176.9978191,9.422937567,6.101979927,486,25,6,4,35,470,5,3,1,9,521,479,375,24,279,12
41,1000,70,5.13,10.3,18,37,87,955,26,10,9,45,7.486285743,359,427,253.2796021,168.5209166,9.81918406,5.077520814,466,25,8,9,42,489,1,2,0,3,508,492,407,20,354,5
48,1000,70,5.13,10.3,18,37,6,943,23,14,20,57,7.482907444,98,221,17.75791109,9.718766961,6.468854189,8.501025041,481,8,7,5,20,462,15,7,15,37,501,499,141,80,72,26
42,1000,70,5.13,10.3,18,37,88,955,25,14,6,45,7.470530365,364,452,484.1149032,295.1834274,9.779645495,5.057528664,472,23,11,5,39,483,2,3,1,6,511,489,429,23,358,6
44,1000,70,5.13,10.3,18,37,79,950,33,10,7,50,7.779426987,338,450,245.951396,157.9064296,9.830087546,5.840475563,445,26,9,6,41,505,7,1,1,9,486,514,429,21,328,10
47,1000,70,5.13,10.3,18,37,74,960,28,10,2,40,7.573056255,291,381,104.5609207,64.5219113,9.074557754,5.946429631,486,25,8,1,34,474,3,2,1,6,520,480,350,31,278,13
43,1000,70,5.13,10.3,18,37,85,962,22,11,5,38,7.341755102,358,435,442.571518,279.6382377,9.441073538,5.225574671,469,19,9,5,33,493,3,2,0,5,502,498,421,14,348,10
46,1000,70,5.13,10.3,18,37,75,959,25,10,6,41,7.376778129,336,452,185.334303,116.9366559,8.592316908,6.303166666,441,15,8,5,28,518,10,2,1,13,469,531,423,29,325,11
45,1000,70,5.13,10.3,18,37,77,956,30,9,5,44,7.820553738,302,401,274.2009308,193.7212026,9.444292292,6.054441448,486,25,6,4,35,470,5,3,1,9,521,479,374,27,291,11
41,1000,70,5.13,10.3,18,37,88,955,25,10,10,45,7.470179476,357,443,266.4015976,178.0441243,9.841277953,5.021972106,466,24,8,10,42,489,1,2,0,3,508,492,425,18,347,10
42,1000,70,5.13,10.3,18,37,89,953,27,14,6,47,7.516149671,362,449,531.6753368,326.8555113,9.879186632,5.046800208,470,25,11,5,41,483,2,3,1,6,511,489,428,21,350,12
48,1000,70,5.13,10.3,18,37,7,943,22,15,20,57,7.505997023,111,182,17.82882709,9.802053129,6.492333516,8.52372331,481,8,7,5,20,462,14,8,15,37,501,499,116,66,70,41
44,1000,70,5.13,10.3,18,37,80,952,31,10,7,48,7.745769333,359,457,260.6805325,166.9547115,9.844334406,5.76152298,445,26,9,6,41,507,5,1,1,7,486,514,430,27,354,5
47,1000,70,5.13,10.3,18,37,75,960,28,9,3,40,7.565910959,281,386,112.3124854,68.96832344,9.1104048,5.892709299,486,25,8,1,34,474,3,1,2,6,520,480,356,30,267,14
43,1000,70,5.13,10.3,18,37,86,963,21,11,5,37,7.302088557,358,442,528.419421,336.0737835,9.441073538,5.145922973,469,19,9,5,33,494,2,2,0,4,502,498,425,17,354,4
46,1000,70,5.13,10.3,18,37,76,959,25,10,6,41,7.352208706,354,436,194.0341823,122.9934554,8.576296315,6.271046581,442,14,8,5,27,517,11,2,1,14,469,531,419,17,341,13
45,1000,70,5.13,10.3,18,37,78,954,32,9,5,46,7.798818276,298,422,301.5180379,214.2672733,9.485376624,5.964377986,485,26,6,4,36,469,6,3,1,10,521,479,392,30,289,9
41,1000,70,5.13,10.3,18,37,89,954,25,11,10,46,7.496510314,357,432,280.2885284,189.042826,9.918711616,4.995538237,465,24,9,10,43,489,1,2,0,3,508,492,411,21,352,5
42,1000,70,5.13,10.3,18,37,90,953,27,14,6,47,7.515727001,355,444,563.0595322,348.512286,9.908186828,5.015630944,470,25,11,5,41,483,2,3,1,6,511,489,424,20,343,12
44,1000,70,5.13,10.3,18,37,81,952,31,10,7,48,7.743161373,368,453,270.3780156,172.584402,9.889491469,5.713751983,445,26,9,6,41,507,5,1,1,7,486,514,432,21,357,11
47,1000,70,5.13,10.3,18,37,76,959,29,9,3,41,7.563575111,292,367,122.893399,74.9341204,9.154238522,5.840356415,485,26,8,1,35,474,3,1,2,6,520,480,343,24,283,9
48,1000,70,5.13,10.3,18,37,8,946,22,13,19,54,7.512075986,101,206,17.92493808,9.878744038,6.483350891,8.544924227,483,8,5,5,18,463,14,8,14,36,501,499,130,76,76,25
43,1000,70,5.13,10.3,18,37,87,963,21,11,5,37,7.302599862,355,452,585.4843259,373.8754455,9.501475611,5.08606246,469,19,9,5,33,494,2,2,0,4,502,498,433,19,348,7
46,1000,70,5.13,10.3,18,37,77,960,24,9,7,40,7.38045412,342,447,205.041335,129.7895706,8.655021199,6.25470655,442,14,8,5,27,518,10,1,2,13,469,531,425,22,332,10
45,1000,70,5.13,10.3,18,37,79,952,33,10,5,48,7.793770862,316,420,322.1350899,235.5168407,9.551026003,5.882434893,483,28,6,4,38,469,5,4,1,10,521,479,392,28,301,15
41,1000,70,5.13,10.3,18,37,90,954,25,11,10,46,7.500413692,356,437,295.7518894,199.6286376,9.949721123,4.971453985,465,24,9,10,43,489,1,2,0,3,508,492,424,13,348,8
42,1000,70,5.13,10.3,18,37,91,954,27,13,6,46,7.503774173,370,442,603.1325316,375.8777032,9.96120263,4.935786563,471,25,10,5,40,483,2,3,1,6,511,489,426,16,361,9
44,1000,70,5.13,10.3,18,37,82,952,30,11,7,48,7.744209015,361,466,281.8269293,178.9732,9.927176394,5.680158146,445,26,9,6,41,507,4,2,1,7,486,514,443,23,352,9
47,1000,70,5.13,10.3,18,37,77,959,30,8,3,41,7.542553045,300,393,135.6682976,82.15785268,9.156245836,5.794385854,484,27,8,1,36,475,3,0,2,5,520,480,371,22,285,15
43,1000,70,5.13,10.3,18,37,88,965,20,10,5,35,7.263109536,361,451,618.5324832,394.804367,9.548335418,4.959528426,469,19,9,5,33,496,1,1,0,2,502,498,434,17,354,7
48,1000,70,5.13,10.3,18,37,9,947,22,12,19,53,7.538295781,117,193,17.99692833,9.937626598,6.527137799,8.553506499,483,8,5,5,18,464,14,7,14,35,501,499,124,69,91,26
46,1000,70,5.13,10.3,18,37,78,960,23,10,7,40,7.373318964,363,473,215.6361115,136.6738675,8.688602855,6.211608709,442,14,8,5,27,518,9,2,2,13,469,531,441,32,352,11
45,1000,70,5.13,10.3,18,37,80,952,32,11,5,48,7.783066847,329,406,347.7671635,250.7528497,9.581410719,5.82703938,482,28,7,4,39,470,4,4,1,9,521,479,386,20,319,10
41,1000,70,5.13,10.3,18,37,91,953,26,10,11,47,7.487889288,368,450,312.0485316,212.4347705,9.977559426,4.917254267,465,24,9,10,43,488,2,1,1,4,508,492,433,17,355,13
42,1000,70,5.13,10.3,18,37,92,952,29,13,6,48,7.497993264,374,462,635.5197897,397.5707028,9.979366253,4.904983862,470,26,10,5,41,482,3,3,1,7,511,489,439,23,362,12
44,1000,70,5.13,10.3,18,37,83,952,30,11,7,48,7.72801216,373,464,304.012255,192.362179,9.944728448,5.632050844,445,26,9,6,41,507,4,2,1,7,486,514,443,21,364,9
43,1000,70,5.13,10.3,18,37,89,965,20,10,5,35,7.251526678,362,460,637.214823,407.2365374,9.579807334,4.904544972,469,19,9,5,33,496,1,1,0,2,502,498,444,16,351,11
47,1000,70,5.13,10.3,18,37,78,959,30,8,3,41,7.551640231,314,403,144.7427052,87.33118141,9.191979473,5.774606052,484,27,8,1,36,475,3,0,2,5,520,480,375,28,298,16
46,1000,70,5.13,10.3,18,37,79,962,21,10,7,38,7.349691534,356,465,225.6607678,143.3501022,8.703264446,6.154162917,442,14,8,5,27,520,7,2,2,11,469,531,441,24,344,12
45,1000,70,5.13,10.3,18,37,81,952,32,11,5,48,7.800791357,321,414,369.8259546,264.0966019,9.644141394,5.795811463,482,28,7,4,39,470,4,4,1,9,521,479,394,20,307,14
48,1000,70,5.13,10.3,18,37,10,948,23,11,18,52,7.546253813,111,184,18.15105004,10.09470951,6.576493136,8.519901307,482,9,5,5,19,466,14,6,13,33,501,499,112,72,80,31
41,1000,70,5.13,10.3,18,37,92,952,25,12,11,48,7.550564557,369,447,332.5282112,223.9518291,10.09076278,4.92775826,464,23,11,10,44,488,2,1,1,4,508,492,428,19,359,10
42,1000,70,5.13,10.3,18,37,93,954,27,13,6,46,7.453445267,376,444,658.9645381,410.0692353,9.994900577,4.797650455,470,25,11,5,41,484,2,2,1,5,511,489,424,20,365,11
44,1000,70,5.13,10.3,18,37,84,951,30,12,7,49,7.720153806,383,464,325.1253938,205.2889252,10.02817769,5.537858849,444,26,10,6,42,507,4,2,1,7,486,514,442,22,374,9
43,1000,70,5.13,10.3,18,37,90,964,21,10,5,36,7.224182047,367,452,716.7122108,457.9355501,9.627629026,4.801430272,468,20,9,5,34,496,1,1,0,2,502,498,435,17,365,2
47,1000,70,5.13,10.3,18,37,79,959,30,8,3,41,7.54769432,297,397,160.3463894,96.05747719,9.232145695,5.722871996,484,27,8,1,36,475,3,0,2,5,520,480,368,29,290,7
46,1000,70,5.13,10.3,18,37,80,963,20,10,7,37,7.300038316,352,455,237.2158429,151.3818321,8.735123443,6.032514918,442,14,8,5,27,521,6,2,2,10,469,531,437,18,343,9
45,1000,70,5.13,10.3,18,37,82,953,30,12,5,47,7.798534468,320,428,387.3384066,274.4036811,9.70079329,5.72948051,482,27,8,4,39,471,3,4,1,8,521,479,406,22,308,12
41,1000,70,5.13,10.3,18,37,93,951,26,12,11,49,7.621642012,363,446,352.8022082,239.7385499,10.21217273,4.94686639,463,24,11,10,45,488,2,1,1,4,508,492,432,14,359,4
48,1000,70,5.13,10.3,18,37,11,950,21,11,18,50,7.533290036,115,174,18.25768926,10.19930485,6.5953573,8.47498202,482,9,5,5,19,468,12,6,13,31,501,499,108,66,76,39
42,1000,70,5.13,10.3,18,37,94,953,29,13,5,47,7.436535099,384,463,709.9741868,442.391449,10.0225524,4.73417346,468,27,11,5,43,485,2,2,0,4,511,489,441,22,378,6
44,1000,70,5.13,10.3,18,37,85,948,33,11,8,52,7.682922307,392,463,344.0408203,216.754508,10.05282221,5.442122013,443,27,10,6,43,505,6,1,2,9,486,514,445,18,372,20
43,1000,70,5.13,10.3,18,37,91,964,21,10,5,36,7.208392324,376,455,743.7814424,475.6119372,9.678898774,4.718042449,468,20,9,5,34,496,1,1,0,2,502,498,437,18,371,5
47,1000,70,5.13,10.3,18,37,80,959,30,8,3,41,7.541550444,311,408,168.9189429,101.7750027,9.264916444,5.67457061,484,27,8,1,36,475,3,0,2,5,520,480,382,26,301,10
46,1000,70,5.13,10.3,18,37,81,965,18,10,7,35,7.304741117,362,462,256.3031327,164.3711242,8.786211757,5.996248216,442,14,8,5,27,523,4,2,2,8,469,531,440,22,351,11
45,1000,70,5.13,10.3,18,37,83,954,29,12,5,46,7.753747111,341,418,408.9840049,287.3762327,9.70951454,5.626492768,483,26,8,4,38,471,3,4,1,8,521,479,398,20,326,15
41,1000,70,5.13,10.3,18,37,94,951,26,12,11,49,7.599011704,375,449,372.4996277,253.507593,10.22803894,4.884487649,463,24,11,10,45,488,2,1,1,4,508,492,428,21,366,9
42,1000,70,5.13,10.3,18,37,95,952,30,13,5,48,7.465212031,387,458,754.3857889,471.9223856,10.06224334,4.751340865,467,28,11,5,44,485,2,2,0,4,511,489,443,15,377,10
48,1000,70,5.13,10.3,18,37,12,952,22,9,17,48,7.538630838,103,174,18.40165097,10.29936387,6.604848156,8.476156137,482,10,5,4,19,470,12,4,13,29,501,499,112,62,75,28
44,1000,70,5.13,10.3,18,37,86,948,34,10,8,52,7.653072545,390,471,363.765034,227.5384296,10.10978008,5.330193432,443,27,9,7,43,505,7,1,1,9,486,514,448,23,380,10
43,1000,70,5.13,10.3,18,37,92,964,21,10,5,36,7.188890599,365,464,767.957385,491.3405082,9.748532871,4.608688952,468,20,9,5,34,496,1,1,0,2,502,498,445,19,359,6
47,1000,70,5.13,10.3,18,37,81,958,31,8,3,42,7.557582085,316,409,180.547069,108.8376756,9.341904758,5.624565856,483,28,8,1,37,475,3,0,2,5,520,480,386,23,297,19
46,1000,70,5.13,10.3,18,37,82,965,18,10,7,35,7.295010109,371,460,269.1589134,172.531661,8.812689691,5.954536053,442,14,8,5,27,523,4,2,2,8,469,531,443,17,360,11
45,1000,70,5.13,10.3,18,37,84,955,25,14,6,45,7.802374404,326,436,433.2501664,302.6004974,9.81266855,5.615812294,483,24,10,4,38,472,1,4,2,7,521,479,409,27,319,7
41,1000,70,5.13,10.3,18,37,95,951,26,11,12,49,7.55253553,366,451,393.48255,266.2749883,10.25358356,4.763648538,463,24,10,11,45,488,2,1,1,4,508,492,436,15,361,5
42,1000,70,5.13,10.3,18,37,96,953,28,14,5,47,7.446372912,386,457,790.132209,492.0063786,10.06541733,4.709498272,468,27,11,5,43,485,1,3,0,4,511,489,444,13,376,10
44,1000,70,5.13,10.3,18,37,87,947,35,10,8,53,7.647984412,401,471,389.3065866,242.6033334,10.16971126,5.263627902,442,28,9,7,44,505,7,1,1,9,486,514,448,23,387,14
48,1000,70,5.13,10.3,18,37,13,952,23,9,16,48,7.530646897,102,194,18.55647406,10.47278892,6.626276459,8.438642067,482,10,5,4,19,470,13,4,12,29,501,499,116,78,77,25
43,1000,70,5.13,10.3,18,37,93,963,22,10,5,37,7.186257659,385,466,804.9737566,512.5686116,9.772252765,4.579491509,468,20,9,5,34,495,2,1,0,3,502,498,446,20,372,13
47,1000,70,5.13,10.3,18,37,82,957,32,8,3,43,7.525130311,299,402,202.6214179,120.6279984,9.367833223,5.528868822,482,29,8,1,38,475,3,0,2,5,520,480,381,21,292,7
46,1000,70,5.13,10.3,18,37,83,965,18,10,7,35,7.283622882,366,473,283.9961726,182.5237415,8.857413649,5.893589229,442,14,8,5,27,523,4,2,2,8,469,531,458,15,361,5
45,1000,70,5.13,10.3,18,37,85,955,25,14,6,45,7.798442344,339,432,473.42476,326.4340071,9.87648606,5.538190202,483,24,10,4,38,472,1,4,2,7,521,479,406,26,331,8
41,1000,70,5.13,10.3,18,37,96,951,26,11,12,49,7.575597811,374,447,425.099633,284.9917085,10.33868018,4.722659105,463,24,10,11,45,488,2,1,1,4,508,492,431,16,365,9
42,1000,70,5.13,10.3,18,37,97,953,28,14,5,47,7.456899776,373,455,811.3380697,504.0407282,10.13002666,4.663509509,468,27,11,5,43,485,1,3,0,4,511,489,436,19,370,3
44,1000,70,5.13,10.3,18,37,88,946,35,10,9,54,7.625010882,386,476,423.1601394,262.4143522,10.22088178,5.170549296,441,28,9,8,45,505,7,1,1,9,486,514,458,18,380,6
43,1000,70,5.13,10.3,18,37,94,963,22,10,5,37,7.165740477,378,469,842.6681215,533.9132428,9.789853112,4.520550632,468,20,9,5,34,495,2,1,0,3,502,498,453,16,372,6
47,1000,70,5.13,10.3,18,37,83,957,32,8,3,43,7.536796398,322,415,217.3729705,128.1464375,9.380484374,5.539467757,482,29,8,1,38,475,3,0,2,5,520,480,395,20,312,10
48,1000,70,5.13,10.3,18,37,14,953,23,8,16,47,7.53594167,116,214,18.74200486,10.60666413,6.681122298,8.394187171,483,10,4,4,18,470,13,4,12,29,501,499,125,89,89,27
46,1000,70,5.13,10.3,18,37,84,967,17,9,7,33,7.254064477,366,475,300.355241,192.3433905,8.888501491,5.810465683,442,14,8,5,27,525,3,1,2,6,469,531,454,21,352,14
45,1000,70,5.13,10.3,18,37,86,955,26,13,6,45,7.771584773,339,443,501.8416247,343.2354733,9.901698526,5.454696953,482,25,10,4,39,473,1,3,2,6,521,479,411,32,334,5
41,1000,70,5.13,10.3,18,37,97,951,23,14,12,49,7.612757341,394,458,442.1189935,295.846893,10.42548916,4.708554573,463,21,13,11,45,488,2,1,1,4,508,492,438,20,379,15
42,1000,70,5.13,10.3,18,37,98,954,28,13,5,46,7.432279921,388,454,852.0451226,526.6781791,10.1637098,4.577963624,468,27,11,5,43,486,1,2,0,3,511,489,441,13,384,4
43,1000,70,5.13,10.3,18,37,95,961,23,11,5,39,7.171695735,393,459,884.647173,558.4278548,9.851506949,4.470359933,466,21,10,5,36,495,2,1,0,3,502,498,445,14,388,5
44,1000,70,5.13,10.3,18,37,89,947,33,11,9,53,7.582025686,396,484,448.1893987,276.3447353,10.277583,5.033308069,441,27,10,8,45,506,6,1,1,8,486,514,465,19,393,3
47,1000,70,5.13,10.3,18,37,84,956,32,9,3,44,7.552586535,329,409,235.1097365,136.8134548,9.45894625,5.48736351,481,29,9,1,39,475,3,0,2,5,520,480,392,17,314,15
48,1000,70,5.13,10.3,18,37,15,951,26,8,15,49,7.558180936,98,190,18.99947135,10.83973634,6.735046191,8.384614819,482,11,4,4,19,469,15,4,11,30,501,499,128,62,82,16
46,1000,70,5.13,10.3,18,37,85,967,16,10,7,33,7.276461145,382,471,315.9283635,203.6362972,8.944132198,5.803508746,442,13,9,5,27,525,3,1,2,6,469,531,456,15,371,11
45,1000,70,5.13,10.3,18,37,87,954,27,13,6,46,7.721436141,341,427,563.8618021,380.638714,9.92268851,5.327172082,481,26,10,4,40,473,1,3,2,6,521,479,407,20,330,11
41,1000,70,5.13,10.3,18,37,98,950,25,14,11,50,7.598408509,386,450,465.6081816,308.4118036,10.45297015,4.651015593,462,22,13,11,46,488,3,1,0,4,508,492,435,15,379,7
42,1000,70,5.13,10.3,18,37,99,952,30,13,5,48,7.442934848,387,464,906.2793241,554.9679004,10.20300575,4.55868898,467,28,11,5,44,485,2,2,0,4,511,489,449,15,384,3
43,1000,70,5.13,10.3,18,37,96,961,23,11,5,39,7.180899022,391,469,1032.373232,653.1612532,9.907058134,4.432843049,466,21,10,5,36,495,2,1,0,3,502,498,450,19,387,4
44,1000,70,5.13,10.3,18,37,90,947,33,11,9,53,7.597866951,398,488,481.3295228,295.4155813,10.35458871,4.99131681,441,27,10,8,45,506,6,1,1,8,486,514,468,20,389,9
47,1000,70,5.13,10.3,18,37,85,957,30,10,3,43,7.53979375,327,416,258.3138078,148.194889,9.51380915,5.401277067,482,27,10,1,38,475,3,0,2,5,520,480,388,28,315,12
45,1000,70,5.13,10.3,18,37,88,954,27,14,5,46,7.696165471,336,428,599.5361773,401.8852973,9.952792127,5.24167176,481,25,11,4,40,473,2,3,1,6,521,479,416,12,329,7
46,1000,70,5.13,10.3,18,37,86,967,16,10,7,33,7.245211881,384,479,336.2588885,217.6394201,8.956038555,5.734142747,442,13,9,5,27,525,3,1,2,6,469,531,470,9,377,7
48,1000,70,5.13,10.3,18,37,16,951,27,7,15,49,7.541101224,109,220,19.18513241,10.98028366,6.795410647,8.28978054,482,11,4,4,19,469,16,3,11,30,501,499,142,78,78,31
41,1000,70,5.13,10.3,18,37,99,951,24,14,11,49,7.578158727,388,471,492.1242995,325.1840948,10.51661112,4.544146904,462,22,13,11,46,489,2,1,0,3,508,492,452,19,379,9
42,1000,70,5.13,10.3,18,37,100,952,30,13,5,48,7.443146374,408,467,950.6609133,579.2049147,10.2535651,4.506287546,467,28,11,5,44,485,2,2,0,4,511,489,450,17,396,12
43,1000,70,5.13,10.3,18,37,97,959,25,10,6,41,7.168753928,392,473,1210.542339,769.2589937,10.01375407,4.300902383,464,23,9,6,38,495,2,1,0,3,502,498,457,16,384,8
44,1000,70,5.13,10.3,18,37,91,945,35,11,9,55,7.616196693,417,475,524.6694832,319.3744133,10.4225312,4.962736442,440,28,10,8,46,505,7,1,1,9,486,514,461,14,405,12
47,1000,70,5.13,10.3,18,37,86,956,32,10,2,44,7.508516412,337,405,273.1720617,156.001356,9.565992268,5.279584233,482,27,10,1,38,474,5,0,1,6,520,480,384,21,317,20
45,1000,70,5.13,10.3,18,37,89,954,27,14,5,46,7.669698483,363,449,629.5403492,417.8368751,9.950467163,5.188945911,481,25,11,4,40,473,2,3,1,6,521,479,422,27,350,13
46,1000,70,5.13,10.3,18,37,87,967,16,10,7,33,7.229604233,401,488,361.7516296,233.8821254,8.992890997,5.672200293,442,13,9,5,27,525,3,1,2,6,469,531,468,20,391,10
41,1000,70,5.13,10.3,18,37,100,950,24,15,11,50,7.590372649,396,454,514.5435685,338.6185873,10.59631949,4.486671442,462,21,14,11,46,488,3,1,0,4,508,492,443,11,391,5
48,1000,70,5.13,10.3,18,37,17,954,24,7,15,46,7.543276139,120,192,19.34304692,11.09167409,6.820262209,8.26918792,483,10,4,4,18,471,14,3,11,28,501,499,133,59,90,30
42,1000,70,5.13,10.3,18,37,101,952,30,13,5,48,7.438872466,401,457,998.4193169,605.624487,10.31165755,4.43684143,467,28,11,5,44,485,2,2,0,4,511,489,444,13,392,9
43,1000,70,5.13,10.3,18,37,98,958,25,10,7,42,7.170470502,409,479,1381.928404,879.5437762,10.06191271,4.255803859,463,23,9,7,39,495,2,1,0,3,502,498,459,20,395,14
44,1000,70,5.13,10.3,18,37,92,947,33,11,9,53,7.634010765,414,480,562.4054701,341.2324421,10.47594665,4.946888512,440,27,11,8,46,507,6,0,1,7,486,514,462,18,411,3
47,1000,70,5.13,10.3,18,37,87,956,33,10,1,44,7.492916058,355,432,300.2140163,170.1031226,9.61365802,5.1954456,481,28,10,1,39,475,5,0,0,5,520,480,412,20,344,11
45,1000,70,5.13,10.3,18,37,90,952,29,14,5,48,7.687885669,356,454,656.7914396,431.7235395,10.04532246,5.123742525,479,27,11,4,42,473,2,3,1,6,521,479,431,23,343,13
46,1000,70,5.13,10.3,18,37,88,967,16,10,7,33,7.186336602,409,479,386.1806906,252.3425446,9.021193716,5.565718925,442,13,9,5,27,525,3,1,2,6,469,531,464,15,400,9
41,1000,70,5.13,10.3,18,37,101,950,24,15,11,50,7.55371334,390,467,543.8986795,359.2488423,10.60408823,4.404139264,462,21,14,11,46,488,3,1,0,4,508,492,449,18,382,8
42,1000,70,5.13,10.3,18,37,102,952,30,13,5,48,7.406707316,421,464,1059.212117,639.7355527,10.34483459,4.33639436,467,28,11,5,44,485,2,2,0,4,511,489,451,13,411,10
48,1000,70,5.13,10.3,18,37,18,954,24,6,16,46,7.558052256,121,193,19.51856274,11.24671807,6.851113548,8.267824385,483,10,4,4,18,471,14,2,12,28,501,499,132,61,90,31
43,1000,70,5.13,10.3,18,37,99,960,25,9,6,40,7.160179302,399,463,1563.192492,999.7087086,10.08726477,4.209583103,465,23,8,6,37,495,2,1,0,3,502,498,453,10,388,11
44,1000,70,5.13,10.3,18,37,93,947,33,11,9,53,7.634012734,414,482,610.0442079,371.1566911,10.51761915,4.90748994,440,27,11,8,46,507,6,0,1,7,486,514,464,18,409,5
47,1000,70,5.13,10.3,18,37,88,956,33,10,1,44,7.485027059,340,423,324.8091509,184.3480431,9.680315692,5.106797706,481,28,10,1,39,475,5,0,0,5,520,480,405,18,333,7
45,1000,70,5.13,10.3,18,37,91,951,30,14,5,49,7.699965762,356,433,705.4253231,470.6766699,10.09180236,5.098406542,479,27,11,4,42,472,3,3,1,7,521,479,412,21,348,8
41,1000,70,5.13,10.3,18,37,102,949,25,15,11,51,7.551275175,398,461,565.3313029,375.0357708,10.63957141,4.362546546,461,22,14,11,47,488,3,1,0,4,508,492,445,16,392,6
46,1000,70,5.13,10.3,18,37,89,967,16,10,7,33,7.201004614,391,484,419.9025906,275.6742208,9.080133987,5.541283945,442,13,9,5,27,525,3,1,2,6,469,531,473,11,384,7
42,1000,70,5.13,10.3,18,37,103,952,30,12,6,48,7.409808157,412,465,1150.885741,690.1466691,10.39350882,4.291871476,467,28,10,6,44,485,2,2,0,4,511,489,452,13,402,10
43,1000,70,5.13,10.3,18,37,100,957,27,10,6,43,7.149836436,409,473,1796.122992,1153.083877,10.15658048,4.118941838,462,25,9,6,40,495,2,1,0,3,502,498,464,9,399,10
44,1000,70,5.13,10.3,18,37,94,947,33,11,9,53,7.673701542,413,483,651.2431695,394.6440055,10.57027837,4.934914893,440,27,11,8,46,507,6,0,1,7,486,514,464,19,398,15
48,1000,70,5.13,10.3,18,37,19,954,24,6,16,46,7.56601129,124,214,19.76751278,11.40846468,6.878452097,8.256326231,483,10,4,4,18,471,14,2,12,28,501,499,149,65,105,19
47,1000,70,5.13,10.3,18,37,89,956,33,10,1,44,7.472650744,330,431,357.2005849,199.2769634,9.722191308,5.035648467,480,29,10,1,40,476,4,0,0,4,520,480,413,18,319,11
45,1000,70,5.13,10.3,18,37,92,951,29,15,5,49,7.703490435,355,446,768.0634863,506.8634633,10.16121776,5.030263013,479,26,12,4,42,472,3,3,1,7,521,479,422,24,345,10
41,1000,70,5.13,10.3,18,37,103,949,25,15,11,51,7.529056724,410,466,601.0424038,396.1608227,10.67692498,4.278818771,461,22,14,11,47,488,3,1,0,4,508,492,454,12,398,12
46,1000,70,5.13,10.3,18,37,90,964,19,10,7,36,7.229321699,405,485,453.5103139,298.2604105,9.170485293,5.514809975,440,15,9,5,29,524,4,1,2,7,469,531,468,17,396,9
42,1000,70,5.13,10.3,18,37,104,952,30,12,6,48,7.418784519,411,460,1252.833163,747.6791408,10.4607728,4.239937868,467,28,10,6,44,485,2,2,0,4,511,489,450,10,407,4
49,1000,70,5.13,10.3,18,37,0,940,31,16,13,60,7.077,79,176,17.52923258,8.977823092,6.41025641,7.762677485,484,13,7,3,23,456,18,9,10,37,507,493,103,73,54,25
43,1000,70,5.13,10.3,18,37,101,957,27,10,6,43,7.12294785,408,469,2076.037541,1332.252919,10.16637605,4.055074445,462,25,9,6,40,495,2,1,0,3,502,498,454,15,401,7
44,1000,70,5.13,10.3,18,37,95,946,34,11,9,54,7.632771734,407,493,700.7424907,423.7870074,10.59663107,4.830367772,439,28,11,8,47,507,6,0,1,7,486,514,472,21,399,8
47,1000,70,5.13,10.3,18,37,90,956,33,10,1,44,7.474297771,356,440,383.2785276,212.550078,9.761636109,4.996347905,480,29,10,1,40,476,4,0,0,4,520,480,416,24,349,7
48,1000,70,5.13,10.3,18,37,20,956,23,6,15,44,7.559075027,114,206,20.01653004,11.57440821,6.883240228,8.237618582,484,10,4,3,17,472,13,2,12,27,501,499,145,61,87,27
45,1000,70,5.13,10.3,18,37,93,952,28,15,5,48,7.666009739,360,452,808.7457823,530.4965024,10.16121776,4.952015213,479,26,12,4,42,473,2,3,1,6,521,479,434,18,353,7
41,1000,70,5.13,10.3,18,37,104,949,25,15,11,51,7.529818899,392,462,638.3114086,418.591856,10.72602124,4.229675016,461,22,14,11,47,488,3,1,0,4,508,492,447,15,386,6
50,1000,70,5.13,10.3,18,37,0,934,28,26,12,66,7.336,81,185,17.50869052,9.193686745,6.870967742,7.793650794,472,11,9,4,24,462,17,17,8,42,496,504,100,85,59,22
46,1000,70,5.13,10.3,18,37,91,963,19,11,7,37,7.22496755,401,490,488.227901,323.8533457,9.257785748,5.42950289,439,15,10,5,30,524,4,1,2,7,469,531,476,14,395,6
43,1000,70,5.13,10.3,18,37,102,957,27,10,6,43,7.123178264,399,471,2260.048161,1452.732183,10.19467025,4.027015656,462,25,9,6,40,495,2,1,0,3,502,498,459,12,393,6
49,1000,70,5.13,10.3,18,37,1,939,34,16,11,61,7.049643925,105,162,17.59676522,9.047941668,6.416865422,7.700391797,484,13,7,3,23,455,21,9,8,38,507,493,97,65,73,32
44,1000,70,5.13,10.3,18,37,96,946,34,10,10,54,7.622763242,426,491,753.1019107,453.3374609,10.62636277,4.782783922,439,28,10,9,47,507,6,0,1,7,486,514,475,16,419,7
47,1000,70,5.13,10.3,18,37,91,956,33,10,1,44,7.467419669,361,431,412.2090288,227.6184398,9.778923645,4.963290361,480,29,10,1,40,476,4,0,0,4,520,480,413,18,353,8
48,1000,70,5.13,10.3,18,37,21,956,24,6,14,44,7.583886856,109,199,20.27699574,11.76808672,6.933902685,8.236476174,484,10,4,3,17,472,14,2,11,27,501,499,139,60,84,25
45,1000,70,5.13,10.3,18,37,94,949,30,16,5,51,7.662732324,359,457,834.3570252,543.9256077,10.21753306,4.88391983,477,27,13,4,44,472,3,3,1,7,521,479,442,15,351,8
46,1000,70,5.13,10.3,18,37,92,961,21,11,7,39,7.232750142,424,494,535.5323032,356.3435263,9.314250718,5.394287297,437,17,10,5,32,524,4,1,2,7,469,531,474,20,409,15
50,1000,70,5.13,10.3,18,37,1,934,28,25,13,66,7.333447303,92,197,17.57800698,9.269290335,6.871531571,7.788031038,472,11,9,4,24,462,17,16,9,42,496,504,114,83,65,27
43,1000,70,5.13,10.3,18,37,103,956,27,11,6,44,7.097540596,409,472,2330.820782,1500.286572,10.19750984,3.972672,462,25,9,6,40,494,2,2,0,4,502,498,462,10,403,6
49,1000,70,5.13,10.3,18,37,2,941,32,16,11,59,7.058618845,95,159,17.67248417,9.154412477,6.498000088,7.635157809,484,13,7,3,23,457,19,9,8,36,507,493,87,72,67,28
44,1000,70,5.13,10.3,18,37,97,946,33,11,10,54,7.603726219,425,488,815.1117159,488.0124271,10.65973194,4.714195522,439,27,11,9,47,507,6,0,1,7,486,514,480,8,416,9
47,1000,70,5.13,10.3,18,37,92,955,33,11,1,45,7.464022021,353,426,457.5178145,248.5866842,9.830740536,4.900076964,479,29,11,1,41,476,4,0,0,4,520,480,413,13,341,12
45,1000,70,5.13,10.3,18,37,95,949,30,15,6,51,7.674713619,377,442,872.6872017,572.1159453,10.29664043,4.822889255,477,27,12,5,44,472,3,3,1,7,521,479,427,15,370,7
46,1000,70,5.13,10.3,18,37,93,959,23,11,7,41,7.217249679,417,493,568.9093098,378.8009859,9.374107474,5.312228388,437,17,10,5,32,522,6,1,2,9,469,531,479,14,405,12
48,1000,70,5.13,10.3,18,37,22,956,24,6,14,44,7.605565229,104,214,20.55559661,12.01756338,6.987557931,8.22604951,483,11,4,3,18,473,13,2,11,26,501,499,152,62,79,25
50,1000,70,5.13,10.3,18,37,2,934,28,25,13,66,7.38251473,107,180,17.63873667,9.324542141,6.931136564,7.826728162,472,11,9,4,24,462,17,16,9,42,496,504,104,76,76,31
43,1000,70,5.13,10.3,18,37,104,956,26,12,6,44,7.109309265,405,478,2700.96184,1743.618139,10.26324959,3.930036084,462,24,10,6,40,494,2,2,0,4,502,498,459,19,401,4
44,1000,70,5.13,10.3,18,37,98,945,32,13,10,55,7.611719661,414,483,833.9759003,499.2224661,10.71676794,4.675817983,438,26,13,9,48,507,6,0,1,7,486,514,472,11,409,5
49,1000,70,5.13,10.3,18,37,3,940,33,16,11,60,7.08930848,95,155,17.73664316,9.219997326,6.536316644,7.658003939,483,14,7,3,24,457,19,9,8,36,507,493,96,59,57,38
47,1000,70,5.13,10.3,18,37,93,955,33,10,2,45,7.48706729,377,432,491.7178449,265.8319288,9.860812861,4.915509589,480,28,10,2,40,475,5,0,0,5,520,480,415,17,363,14
45,1000,70,5.13,10.3,18,37,96,949,30,15,6,51,7.669187649,377,458,930.2126292,614.806966,10.33787666,4.766500851,477,27,12,5,44,472,3,3,1,7,521,479,437,21,371,6
46,1000,70,5.13,10.3,18,37,94,959,23,11,7,41,7.166759612,417,482,597.8475038,398.2863757,9.436647753,5.161905491,436,18,10,5,33,523,5,1,2,8,469,531,476,6,409,8
48,1000,70,5.13,10.3,18,37,23,956,24,6,14,44,7.661818277,146,226,20.86264875,12.24332267,7.034830254,8.291319278,483,11,4,3,18,473,13,2,11,26,501,499,168,58,122,24
50,1000,70,5.13,10.3,18,37,3,934,28,25,13,66,7.416883735,80,166,17.68719577,9.393830492,6.974673476,7.852074784,472,11,9,4,24,462,17,16,9,42,496,504,91,75,59,21
49,1000,70,5.13,10.3,18,37,4,942,32,14,12,58,7.134997961,82,153,17.8228574,9.302264706,6.62459509,7.659895032,483,14,5,5,24,459,18,9,7,34,507,493,93,60,62,20
44,1000,70,5.13,10.3,18,37,99,946,31,13,10,54,7.575488605,429,499,877.5000658,527.1250092,10.72185955,4.600515298,438,26,13,9,48,508,5,0,1,6,486,514,482,17,417,12
47,1000,70,5.13,10.3,18,37,94,955,32,11,2,45,7.478668819,349,431,516.558013,281.371536,9.90734022,4.847608136,480,27,11,2,40,475,5,0,0,5,520,480,419,12,344,5
45,1000,70,5.13,10.3,18,37,97,948,31,15,6,52,7.673877448,379,452,1037.777132,687.8989464,10.34722538,4.76612323,477,27,12,5,44,471,4,3,1,8,521,479,431,21,367,12
46,1000,70,5.13,10.3,18,37,95,958,23,12,7,42,7.156660295,418,496,639.9142249,425.3462682,9.459742716,5.122487686,436,18,10,5,33,522,5,2,2,9,469,531,484,12,413,5
50,1000,70,5.13,10.3,18,37,4,935,27,25,13,65,7.410381011,99,211,17.78773633,9.501533502,6.954532347,7.858993982,472,11,9,4,24,463,16,16,9,41,496,504,132,79,70,29
48,1000,70,5.13,10.3,18,37,24,957,23,6,14,43,7.691072705,131,236,21.17194501,12.47802562,7.098204214,8.286317422,483,11,4,3,18,474,12,2,11,25,501,499,173,63,106,25
49,1000,70,5.13,10.3,18,37,5,943,31,14,12,57,7.150351547,100,167,17.90634999,9.405134338,6.651501752,7.663367461,483,14,5,5,24,460,17,9,7,33,507,493,96,71,73,27
44,1000,70,5.13,10.3,18,37,100,945,32,13,10,55,7.536720675,439,497,938.7623699,562.9970656,10.74390651,4.50424535,437,27,13,9,49,508,5,0,1,6,486,514,482,15,430,9
47,1000,70,5.13,10.3,18,37,95,954,34,11,1,46,7.498156367,374,455,534.9865143,294.0625126,9.966102508,4.824548049,479,29,11,1,41,475,5,0,0,5,520,480,433,22,364,10
45,1000,70,5.13,10.3,18,37,98,946,32,16,6,54,7.708874645,378,462,1100.042356,721.2566709,10.47615502,4.698951735,475,28,13,5,46,471,4,3,1,8,521,479,443,19,373,5
46,1000,70,5.13,10.3,18,37,96,958,23,12,7,42,7.131332089,434,499,677.2612135,452.4259521,9.473686463,5.062472953,436,18,10,5,33,522,5,2,2,9,469,531,488,11,430,4
50,1000,70,5.13,10.3,18,37,5,934,28,25,13,66,7.430799234,88,187,17.84369564,9.572628476,6.981206159,7.873255911,471,12,9,4,25,463,16,16,9,41,496,504,112,75,61,27
49,1000,70,5.13,10.3,18,37,6,945,29,14,12,55,7.184598263,103,197,17.99986166,9.533946082,6.694225467,7.688896452,483,14,5,5,24,462,15,9,7,31,507,493,103,94,72,31
44,1000,70,5.13,10.3,18,37,101,943,34,13,10,57,7.519188846,442,493,1007.958982,602.4485173,10.79615661,4.420732948,435,29,13,9,51,508,5,0,1,6,486,514,481,12,435,7
48,1000,70,5.13,10.3,18,37,25,960,22,6,12,40,7.647700804,156,216,21.41375372,12.69383939,7.099305526,8.198294059,484,11,3,3,17,476,11,3,9,23,501,499,167,49,126,30
47,1000,70,5.13,10.3,18,37,96,953,34,12,1,47,7.508457078,371,456,575.2903074,317.4283501,10.00499708,4.803872081,478,29,12,1,42,475,5,0,0,5,520,480,429,27,356,15
45,1000,70,5.13,10.3,18,37,99,946,32,16,6,54,7.706572097,390,460,1152.433738,751.0868776,10.53804681,4.626826111,475,28,13,5,46,471,4,3,1,8,521,479,447,13,379,11
46,1000,70,5.13,10.3,18,37,97,958,23,12,7,42,7.111656667,421,505,700.5013969,466.6742952,9.497406753,5.004468737,436,18,10,5,33,522,5,2,2,9,469,531,491,14,417,4
50,1000,70,5.13,10.3,18,37,6,933,30,25,12,67,7.462902863,114,178,17.90272474,9.645416101,7.044288777,7.874872281,470,13,9,4,26,463,17,16,8,41,496,504,105,73,85,29
49,1000,70,5.13,10.3,18,37,7,946,31,12,11,54,7.213279452,96,231,18.16433151,9.666586329,6.713320963,7.727435546,484,14,4,5,23,462,17,8,6,31,507,493,134,97,66,30
44,1000,70,5.13,10.3,18,37,102,942,36,13,9,58,7.489260964,438,488,1094.019185,652.2212859,10.85624686,4.305690639,434,30,13,9,52,508,6,0,0,6,486,514,476,12,431,7
47,1000,70,5.13,10.3,18,37,97,953,34,12,1,47,7.547529454,373,442,606.4298633,338.6857123,10.07271799,4.811908544,478,29,12,1,42,475,5,0,0,5,520,480,424,18,365,8
48,1000,70,5.13,10.3,18,37,26,960,22,6,12,40,7.643934453,134,222,21.67407782,12.87838991,7.110975552,8.179029461,484,11,3,3,17,476,11,3,9,23,501,499,171,51,110,24
45,1000,70,5.13,10.3,18,37,100,946,31,17,6,54,7.725766205,385,455,1240.540054,813.6766537,10.58269186,4.61833767,476,27,13,5,45,470,4,4,1,9,521,479,440,15,374,11
46,1000,70,5.13,10.3,18,37,98,958,23,12,7,42,7.095453973,420,510,746.4803975,492.4334221,9.582148948,4.899107563,436,18,10,5,33,522,5,2,2,9,469,531,494,16,414,6
50,1000,70,5.13,10.3,18,37,7,936,30,22,12,64,7.477769096,101,167,17.9529217,9.72740977,7.084417657,7.864876862,470,13,9,4,26,466,17,13,8,38,496,504,107,60,67,34
49,1000,70,5.13,10.3,18,37,8,947,28,14,11,53,7.217013605,111,185,18.24134327,9.745021069,6.767679535,7.679107669,484,13,5,5,23,463,15,9,6,30,507,493,117,68,77,34
44,1000,70,5.13,10.3,18,37,103,942,36,13,9,58,7.478454775,449,505,1129.588596,674.7863302,10.87703891,4.265007517,434,30,13,9,52,508,6,0,0,6,486,514,488,17,439,10
47,1000,70,5.13,10.3,18,37,98,952,35,12,1,48,7.563143784,375,464,659.0880064,369.1382607,10.11170842,4.802198758,477,30,12,1,43,475,5,0,0,5,520,480,445,19,364,11
45,1000,70,5.13,10.3,18,37,101,945,31,18,6,55,7.723884684,400,462,1309.047705,869.1882175,10.61466876,4.579628931,475,27,14,5,46,470,4,4,1,9,521,479,451,11,390,10
48,1000,70,5.13,10.3,18,37,27,959,23,6,12,41,7.654501468,133,222,21.95061446,13.0582552,7.119390163,8.191757507,484,11,3,3,17,475,12,3,9,24,501,499,171,51,108,25
46,1000,70,5.13,10.3,18,37,99,956,24,13,7,44,7.126300754,431,506,787.476101,523.1201834,9.705113901,4.848591968,434,19,11,5,35,522,5,2,2,9,469,531,493,13,424,7
49,1000,70,5.13,10.3,18,37,9,947,28,14,11,53,7.237174503,94,192,18.36303143,9.840725083,6.82858663,7.657365278,484,13,5,5,23,463,15,9,6,30,507,493,124,68,71,23
50,1000,70,5.13,10.3,18,37,8,936,31,21,12,64,7.516044278,126,197,18.04912103,9.835392275,7.148931478,7.877329891,469,14,9,4,27,467,17,12,8,37,496,504,128,69,88,38
44,1000,70,5.13,10.3,18,37,104,943,35,13,9,57,7.443475372,445,495,1178.968936,707.9378708,10.92764833,4.149101718,434,30,13,9,52,509,5,0,0,5,486,514,485,10,439,6
47,1000,70,5.13,10.3,18,37,99,951,36,12,1,49,7.549661159,372,457,680.5423914,381.9398715,10.19358698,4.685408188,476,31,12,1,44,475,5,0,0,5,520,480,439,18,367,5
45,1000,70,5.13,10.3,18,37,102,944,32,18,6,56,7.735316641,408,467,1336.328745,886.9860743,10.69025999,4.52127596,474,28,14,5,47,470,4,4,1,9,521,479,445,22,397,11
48,1000,70,5.13,10.3,18,37,28,960,22,6,12,40,7.684942373,132,218,22.153389,13.19947987,7.180750463,8.191155092,484,11,3,3,17,476,11,3,9,23,501,499,175,43,110,22
46,1000,70,5.13,10.3,18,37,100,957,23,12,8,43,7.100112765,441,514,863.1456025,577.4622442,9.735563851,4.772379132,434,19,10,6,35,523,4,2,2,8,469,531,498,16,432,9
49,1000,70,5.13,10.3,18,37,10,945,30,14,11,55,7.252518203,106,194,18.48237335,9.943243869,6.86918532,7.646736808,485,13,4,5,22,460,17,10,6,33,507,493,124,70,72,34
50,1000,70,5.13,10.3,18,37,9,937,30,21,12,63,7.537750221,110,211,18.13498407,9.929312403,7.189764633,7.880212227,469,14,9,4,27,468,16,12,8,36,496,504,131,80,84,26
47,1000,70,5.13,10.3,18,37,100,950,37,12,1,50,7.541027896,373,447,733.9540109,410.859049,10.26555955,4.589451935,474,33,12,1,46,476,4,0,0,4,520,480,433,14,365,8
45,1000,70,5.13,10.3,18,37,103,944,31,19,6,56,7.739927241,409,469,1426.432926,943.9901293,10.73378199,4.483563313,474,27,15,5,47,470,4,4,1,9,521,479,449,20,403,6
46,1000,70,5.13,10.3,18,37,101,958,23,12,7,42,7.100864861,437,503,929.4248031,626.8873835,9.768901326,4.744350544,434,19,10,6,35,524,4,2,1,7,469,531,494,9,430,7
48,1000,70,5.13,10.3,18,37,29,960,22,6,12,40,7.715946924,136,223,22.3912303,13.38217385,7.194022854,8.239962873,485,10,3,3,16,475,12,3,9,24,501,499,173,50,108,28
49,1000,70,5.13,10.3,18,37,11,947,30,12,11,53,7.324129212,97,166,18.63874882,10.07239759,6.947030264,7.711936852,486,13,3,5,21,461,17,9,6,32,507,493,108,58,69,28
50,1000,70,5.13,10.3,18,37,10,937,30,21,12,63,7.548608982,127,207,18.18576208,10.01094083,7.21430138,7.877610114,469,14,9,4,27,468,16,12,8,36,496,504,126,81,95,32
47,1000,70,5.13,10.3,18,37,101,950,37,12,1,50,7.53499621,384,454,782.4798701,436.019378,10.27621249,4.565345235,473,34,12,1,47,477,3,0,0,3,520,480,435,19,371,13
45,1000,70,5.13,10.3,18,37,104,943,33,18,6,57,7.715173952,409,470,1478.609102,976.7973836,10.78277952,4.378592526,472,29,15,5,49,471,4,3,1,8,521,479,449,21,401,8
46,1000,70,5.13,10.3,18,37,102,958,23,12,7,42,7.117374896,434,504,992.4749133,665.3713787,9.826755628,4.724343704,434,19,10,6,35,524,4,2,1,7,469,531,492,12,427,7
50,1000,70,5.13,10.3,18,37,11,939,30,20,11,61,7.564119803,99,178,18.26689756,10.08849743,7.230967107,7.89198436,470,14,8,4,26,469,16,12,7,35,496,504,114,64,70,29
48,1000,70,5.13,10.3,18,37,30,959,23,6,12,41,7.728924308,129,249,22.62649415,13.5649863,7.221882194,8.237998655,485,10,3,3,16,474,13,3,9,25,501,499,187,62,111,18
49,1000,70,5.13,10.3,18,37,12,948,28,13,11,52,7.330520149,128,198,18.7112182,10.14286144,6.971105555,7.700141244,486,13,3,5,21,462,15,10,6,31,507,493,125,73,100,28
47,1000,70,5.13,10.3,18,37,102,948,37,13,2,52,7.52645092,381,443,838.1699205,464.0597816,10.28921015,4.533461758,473,33,12,2,47,475,4,1,0,5,520,480,431,12,375,6
46,1000,70,5.13,10.3,18,37,103,957,24,12,7,43,7.126668508,438,519,1088.0339,734.5615604,9.894363136,4.682132198,434,19,10,6,35,523,5,2,1,8,469,531,502,17,433,5
49,1000,70,5.13,10.3,18,37,13,949,28,12,11,51,7.336538202,95,195,18.7919738,10.234271,6.995557594,7.68720183,486,13,3,5,21,463,15,9,6,30,507,493,121,74,71,24
50,1000,70,5.13,10.3,18,37,12,942,29,18,11,58,7.538379132,91,186,18.31352534,10.15377377,7.253106054,7.819124066,470,14,7,5,26,472,15,11,6,32,496,504,119,67,69,22
48,1000,70,5.13,10.3,18,37,31,958,24,6,12,42,7.731097558,135,233,22.95181249,13.7800915,7.257461186,8.206632272,484,11,3,3,17,474,13,3,9,25,501,499,180,53,110,25
47,1000,70,5.13,10.3,18,37,103,945,39,14,2,55,7.552714013,394,454,862.5620049,480.8779577,10.3787119,4.491216307,470,35,13,2,50,475,4,1,0,5,520,480,443,11,388,6
49,1000,70,5.13,10.3,18,37,14,950,28,12,10,50,7.317642258,108,158,18.94147749,10.36564952,7.017686319,7.626116215,486,12,4,5,21,464,16,8,5,29,507,493,110,48,82,26
46,1000,70,5.13,10.3,18,37,104,957,24,12,7,43,7.097048939,438,512,1153.367228,787.3467184,9.902412798,4.619241689,433,20,10,6,36,524,4,2,1,7,469,531,494,18,435,3
50,1000,70,5.13,10.3,18,37,13,941,30,18,11,59,7.536615786,107,201,18.3974524,10.26832258,7.268598342,7.800378985,469,15,7,5,27,472,15,11,6,32,496,504,135,66,74,33
48,1000,70,5.13,10.3,18,37,32,957,26,6,11,43,7.7394782,145,239,23.27040589,14.02991488,7.356958979,8.123530564,482,13,3,3,19,475,13,3,8,24,501,499,193,46,116,29
47,1000,70,5.13,10.3,18,37,104,945,38,15,2,55,7.568088767,394,460,909.9650202,512.8494272,10.42075154,4.477704098,470,34,14,2,50,475,4,1,0,5,520,480,441,19,385,9
49,1000,70,5.13,10.3,18,37,15,951,27,12,10,49,7.324353955,109,177,19.07193044,10.45375296,7.045953648,7.610660152,486,12,4,5,21,465,15,8,5,28,507,493,119,58,81,28
50,1000,70,5.13,10.3,18,37,14,943,26,20,11,57,7.536260066,107,198,18.53031911,10.3936084,7.289635724,7.778969736,470,13,8,5,26,473,13,12,6,31,496,504,131,67,83,24
48,1000,70,5.13,10.3,18,37,33,958,26,5,11,42,7.749789145,143,221,23.67383395,14.36432037,7.410623627,8.090314044,481,14,3,3,20,477,12,2,8,22,501,499,173,48,118,25
49,1000,70,5.13,10.3,18,37,16,951,29,11,9,49,7.325175158,111,201,19.20070161,10.53906095,7.069695356,7.587909964,487,12,3,5,20,464,17,8,4,29,507,493,135,66,79,32
50,1000,70,5.13,10.3,18,37,15,943,26,20,11,57,7.575592407,113,193,18.62125461,10.47310763,7.344584448,7.802933573,471,12,8,5,25,472,14,12,6,32,496,504,132,61,89,24
48,1000,70,5.13,10.3,18,37,34,960,25,5,10,40,7.752622905,162,227,24.09668229,14.68509472,7.493272039,8.013013254,481,14,3,3,20,479,11,2,7,20,501,499,189,38,137,25
49,1000,70,5.13,10.3,18,37,17,953,29,9,9,47,7.291868562,103,207,19.30547987,10.65268398,7.05008645,7.540516697,488,12,2,5,19,465,17,7,4,28,507,493,139,68,87,16
50,1000,70,5.13,10.3,18,37,16,946,24,20,10,54,7.564958873,101,191,18.75398141,10.58034255,7.329378957,7.796799425,473,10,8,5,23,473,14,12,5,31,496,504,130,61,73,28
48,1000,70,5.13,10.3,18,37,35,959,26,5,10,41,7.749053044,147,244,24.6424907,15.07996507,7.525133723,7.973869837,481,14,3,3,20,478,12,2,7,21,501,499,190,54,131,16
49,1000,70,5.13,10.3,18,37,18,951,30,10,9,49,7.30825486,117,196,19.46637359,10.75808902,7.073570966,7.549603206,488,12,2,5,19,463,18,8,4,30,507,493,132,64,87,30
50,1000,70,5.13,10.3,18,37,17,948,23,21,8,52,7.551397745,110,215,18.88462973,10.69388438,7.324419498,7.774773163,474,10,8,4,22,474,13,13,4,30,496,504,146,69,80,30
49,1000,70,5.13,10.3,18,37,19,951,29,11,9,49,7.329985852,106,213,19.64928985,10.86961192,7.142198565,7.52310584,487,12,3,5,20,464,17,8,4,29,507,493,148,65,87,19
48,1000,70,5.13,10.3,18,37,36,960,26,4,10,40,7.75321266,140,250,25.17197659,15.46418996,7.576484045,7.930649605,481,14,2,4,20,479,12,2,6,20,501,499,207,43,122,18
50,1000,70,5.13,10.3,18,37,18,951,23,17,9,49,7.538995059,127,201,19.0209813,10.80463915,7.294246425,7.779858794,476,10,6,4,20,475,13,11,5,29,496,504,136,65,97,30
49,1000,70,5.13,10.3,18,37,20,951,30,11,8,49,7.314744221,116,206,19.87074296,11.05390116,7.106787055,7.528606865,487,13,3,4,20,464,17,8,4,29,507,493,147,59,90,26
48,1000,70,5.13,10.3,18,37,37,960,26,4,10,40,7.781114073,170,260,25.76294733,15.79389026,7.601950735,7.960995501,481,14,2,4,20,479,12,2,6,20,501,499,208,52,146,24
50,1000,70,5.13,10.3,18,37,19,952,22,17,9,48,7.58538611,108,190,19.27026472,11.02441986,7.34193166,7.824976203,476,10,6,4,20,476,12,11,5,28,496,504,139,51,88,20
49,1000,70,5.13,10.3,18,37,21,955,26,11,8,45,7.320939389,117,208,19.96393277,11.17708822,7.147817208,7.498977818,487,13,3,4,20,468,13,8,4,25,507,493,151,57,86,31
48,1000,70,5.13,10.3,18,37,38,961,25,4,10,39,7.795901136,160,254,26.41771171,16.23161901,7.646808336,7.945591503,481,14,2,4,20,480,11,2,6,19,501,499,208,46,139,21
50,1000,70,5.13,10.3,18,37,20,955,20,16,9,45,7.568619452,134,189,19.44935702,11.15923284,7.383361107,7.750937189,476,10,6,4,20,479,10,10,5,25,496,504,133,56,113,21
49,1000,70,5.13,10.3,18,37,22,955,26,11,8,45,7.341216444,125,200,20.11437161,11.33072319,7.169074608,7.518246689,487,13,3,4,20,468,13,8,4,25,507,493,132,68,108,17
50,1000,70,5.13,10.3,18,37,21,955,20,15,10,45,7.572584403,130,208,19.65086306,11.32467161,7.410414996,7.732179693,476,10,6,4,20,479,10,9,6,25,496,504,155,53,108,22
48,1000,70,5.13,10.3,18,37,39,962,23,5,10,38,7.795139386,161,264,27.03258998,16.63842531,7.704085966,7.88655775,481,13,3,4,20,481,10,2,6,18,501,499,213,51,146,15
49,1000,70,5.13,10.3,18,37,23,956,26,11,7,44,7.330189586,113,227,20.33918242,11.48026246,7.1705241,7.494389184,487,13,3,4,20,469,13,8,3,24,507,493,155,72,92,21
50,1000,70,5.13,10.3,18,37,22,954,21,15,10,46,7.600010994,103,210,19.85577954,11.49638799,7.455982842,7.741752986,476,10,6,4,20,478,11,9,6,26,496,504,164,46,91,12
48,1000,70,5.13,10.3,18,37,40,962,23,5,10,38,7.797586201,152,268,27.9016807,17.21718271,7.747529347,7.847843684,481,13,3,4,20,481,10,2,6,18,501,499,218,50,137,15
49,1000,70,5.13,10.3,18,37,24,957,25,11,7,43,7.353927837,126,213,20.50639235,11.60611479,7.227967902,7.483464726,487,13,3,4,20,470,12,8,3,23,507,493,156,57,99,27
50,1000,70,5.13,10.3,18,37,23,953,22,15,10,47,7.614690284,120,208,20.00975677,11.64115717,7.484220554,7.743089066,475,11,6,4,21,478,11,9,6,26,496,504,150,58,98,22
48,1000,70,5.13,10.3,18,37,41,962,23,5,10,38,7.82172463,168,251,28.91201227,17.97250735,7.853057896,7.790265779,481,13,3,4,20,481,10,2,6,18,501,499,218,33,152,16
49,1000,70,5.13,10.3,18,37,25,957,26,10,7,43,7.363900198,114,201,20.71947386,11.80158531,7.305497139,7.423961761,487,13,3,4,20,470,13,7,3,23,507,493,138,63,96,18
50,1000,70,5.13,10.3,18,37,24,952,24,14,10,48,7.622523845,130,206,20.23372777,11.81891766,7.463885474,7.778644147,475,11,6,4,21,477,13,8,6,27,496,504,153,53,106,24
48,1000,70,5.13,10.3,18,37,42,961,25,5,9,39,7.799546062,163,276,29.87545747,18.6180229,7.88695447,7.711787321,481,13,3,4,20,480,12,2,5,19,501,499,229,47,144,19
49,1000,70,5.13,10.3,18,37,26,956,27,10,7,44,7.366349883,118,216,21.07035532,12.03605243,7.310053738,7.424244702,486,14,3,4,21,470,13,7,3,23,507,493,167,49,91,27
50,1000,70,5.13,10.3,18,37,25,950,25,16,9,50,7.615680648,120,213,20.4466645,11.98004525,7.485570164,7.743725887,473,12,8,3,23,477,13,8,6,27,496,504,168,45,100,20
49,1000,70,5.13,10.3,18,37,27,954,28,10,8,46,7.398037763,126,210,21.47007634,12.33237275,7.35465707,7.442650363,485,15,2,5,22,469,13,8,3,24,507,493,150,60,102,24
48,1000,70,5.13,10.3,18,37,43,960,27,4,9,40,7.796452109,170,284,31.11519638,19.52848593,7.940184434,7.652143702,479,15,3,4,22,481,12,1,5,18,501,499,241,43,152,18
50,1000,70,5.13,10.3,18,37,26,950,25,16,9,50,7.595946093,139,213,20.72673368,12.1709171,7.504043853,7.686389568,472,13,8,3,24,478,12,8,6,26,496,504,162,51,119,20
49,1000,70,5.13,10.3,18,37,28,954,28,10,8,46,7.397134184,133,224,21.81683613,12.52430284,7.385245304,7.40936068,485,15,2,5,22,469,13,8,3,24,507,493,162,62,111,22
48,1000,70,5.13,10.3,18,37,44,961,26,4,9,39,7.776807534,189,254,32.60649675,20.60141444,7.961168823,7.591707323,479,15,3,4,22,482,11,1,5,17,501,499,228,26,172,17
50,1000,70,5.13,10.3,18,37,27,951,25,15,9,49,7.655857837,138,188,21.07456656,12.41721705,7.573026339,7.73737455,472,13,8,3,24,479,12,7,6,25,496,504,142,46,111,27
49,1000,70,5.13,10.3,18,37,29,955,27,10,8,45,7.378721107,118,208,22.26649168,12.81973633,7.415743855,7.340647003,485,15,2,5,22,470,12,8,3,23,507,493,156,52,101,17
50,1000,70,5.13,10.3,18,37,28,953,25,13,9,47,7.636176788,113,233,21.55314005,12.71700324,7.566849042,7.704404093,473,13,7,3,23,480,12,6,6,24,496,504,188,45,95,18
48,1000,70,5.13,10.3,18,37,45,959,28,4,9,41,7.820539867,185,292,33.85847587,21.42971179,8.037787315,7.602421688,477,17,3,4,24,482,11,1,5,17,501,499,257,35,169,16
49,1000,70,5.13,10.3,18,37,30,954,28,10,8,46,7.387169507,137,213,22.5658103,13.00927762,7.46655173,7.305533023,484,16,2,5,23,470,12,8,3,23,507,493,157,56,115,22
50,1000,70,5.13,10.3,18,37,29,952,25,14,9,48,7.642372054,132,238,21.89436306,12.9271605,7.581143977,7.702628257,473,13,7,3,23,479,12,7,6,25,496,504,186,52,107,25
48,1000,70,5.13,10.3,18,37,46,959,27,5,9,41,7.777022328,196,319,35.38765629,22.43006124,8.071133355,7.4817325,478,15,4,4,23,481,12,1,5,18,501,499,273,46,181,15
49,1000,70,5.13,10.3,18,37,31,954,28,10,8,46,7.391247268,138,242,22.85806765,13.19492396,7.486224251,7.29357317,484,16,2,5,23,470,12,8,3,23,507,493,182,60,114,24
50,1000,70,5.13,10.3,18,37,30,954,25,12,9,46,7.640873023,121,214,22.39099751,13.24763042,7.626310569,7.655204327,473,13,7,3,23,481,12,5,6,23,496,504,171,43,103,18
48,1000,70,5.13,10.3,18,37,47,959,27,5,9,41,7.785844411,197,288,36.69648965,23.2610788,8.078945211,7.491568857,478,15,4,4,23,481,12,1,5,18,501,499,256,32,178,19
49,1000,70,5.13,10.3,18,37,32,954,27,11,8,46,7.439284931,145,225,23.30877241,13.53522463,7.526265482,7.349834345,484,15,3,5,23,470,12,8,3,23,507,493,174,51,126,19
50,1000,70,5.13,10.3,18,37,31,955,25,12,8,45,7.597740396,135,219,22.87471078,13.55224592,7.634896854,7.561173724,473,13,7,3,23,482,12,5,5,22,496,504,172,47,115,20
48,1000,70,5.13,10.3,18,37,48,959,27,5,9,41,7.763187659,199,288,37.97705804,24.06078639,8.106050104,7.418951015,478,15,4,4,23,481,12,1,5,18,501,499,247,41,178,21
49,1000,70,5.13,10.3,18,37,33,953,28,11,8,47,7.457048857,142,241,23.7192785,13.79894941,7.578198476,7.332458884,483,16,3,5,24,470,12,8,3,23,507,493,187,54,118,24
50,1000,70,5.13,10.3,18,37,32,956,23,13,8,44,7.605741615,149,220,23.28841201,13.84056624,7.670340422,7.542168186,473,12,8,3,23,483,11,5,5,21,496,504,169,51,126,23
49,1000,70,5.13,10.3,18,37,34,953,28,11,8,47,7.499061754,130,226,24.2390054,14.19659106,7.645695532,7.348263933,483,16,3,5,24,470,12,8,3,23,507,493,178,48,109,21
48,1000,70,5.13,10.3,18,37,49,958,28,5,9,42,7.772837141,201,317,39.52584807,25.08457695,8.16148931,7.382627248,477,16,4,4,24,481,12,1,5,18,501,499,276,41,189,12
50,1000,70,5.13,10.3,18,37,33,956,22,14,8,44,7.631890207,146,222,23.66908195,14.10965293,7.721748318,7.543458415,473,11,9,3,23,483,11,5,5,21,496,504,178,44,127,19
49,1000,70,5.13,10.3,18,37,35,953,28,11,8,47,7.4992155,139,253,24.83508459,14.66167704,7.710896088,7.281523699,482,17,3,5,25,471,11,8,3,22,507,493,195,58,115,24
48,1000,70,5.13,10.3,18,37,50,958,28,5,9,42,7.775904408,213,307,40.66180423,25.80239661,8.16634345,7.38390048,477,16,4,4,24,481,12,1,5,18,501,499,274,33,195,18
50,1000,70,5.13,10.3,18,37,34,958,20,15,7,42,7.618864059,142,245,24.00845059,14.35658237,7.764832454,7.475212622,473,11,9,3,23,485,9,6,4,19,496,504,197,48,123,19
49,1000,70,5.13,10.3,18,37,36,951,29,11,9,49,7.544862816,145,246,25.49817222,15.16311268,7.755955405,7.327775712,482,16,4,5,25,469,13,7,4,24,507,493,200,46,123,22
48,1000,70,5.13,10.3,18,37,51,957,29,5,9,43,7.808126587,226,318,42.12459831,26.6979285,8.229688102,7.384875446,477,16,4,4,24,480,13,1,5,19,501,499,284,34,210,16
50,1000,70,5.13,10.3,18,37,35,958,20,15,7,42,7.616392876,169,227,24.5527925,14.71756045,7.777227368,7.458111311,473,11,9,3,23,485,9,6,4,19,496,504,171,56,150,19
49,1000,70,5.13,10.3,18,37,37,951,29,11,9,49,7.559091797,140,249,26.18480337,15.64354723,7.761306808,7.351134371,482,16,4,5,25,469,13,7,4,24,507,493,204,45,117,23
50,1000,70,5.13,10.3,18,37,36,958,22,13,7,42,7.61306229,137,244,25.13666923,15.12133304,7.818155788,7.411224245,472,12,9,3,24,486,10,4,4,18,496,504,197,47,113,24
48,1000,70,5.13,10.3,18,37,52,957,30,5,8,43,7.83398679,199,306,44.16559279,27.9232674,8.31335663,7.352695628,476,17,4,4,25,481,13,1,4,18,501,499,269,37,187,12
49,1000,70,5.13,10.3,18,37,38,949,31,11,9,51,7.589857853,144,223,26.97570756,16.27990498,7.810545866,7.362902837,480,18,4,5,27,469,13,7,4,24,507,493,176,47,125,19
50,1000,70,5.13,10.3,18,37,37,958,23,12,7,42,7.634499305,138,259,25.67906962,15.50361966,7.862586872,7.410032176,472,12,9,3,24,486,11,3,4,18,496,504,215,44,122,16
48,1000,70,5.13,10.3,18,37,53,956,31,5,8,44,7.848374002,217,298,46.14447112,29.31564121,8.38239827,7.312209355,475,18,4,4,26,481,13,1,4,18,501,499,268,30,203,14
49,1000,70,5.13,10.3,18,37,39,948,31,12,9,52,7.568644128,164,258,27.7828493,16.94418638,7.783925156,7.347249643,480,18,4,5,27,468,13,8,4,25,507,493,210,48,137,27
50,1000,70,5.13,10.3,18,37,38,956,26,11,7,44,7.634249476,186,243,26.34199211,15.90913517,7.926570018,7.346568941,471,13,8,4,25,485,13,3,3,19,496,504,204,39,161,25
48,1000,70,5.13,10.3,18,37,54,956,32,4,8,44,7.829024806,234,322,49.17246537,31.36427692,8.412854303,7.242855311,474,19,4,4,27,482,13,0,4,17,501,499,284,38,221,13
49,1000,70,5.13,10.3,18,37,40,948,31,12,9,52,7.589919651,160,273,28.82431161,17.80748376,7.836190984,7.336654811,480,18,4,5,27,468,13,8,4,25,507,493,217,56,138,22
50,1000,70,5.13,10.3,18,37,39,955,27,10,8,45,7.630384131,170,266,27.09583813,16.40508745,7.945458151,7.320311286,470,14,7,5,26,485,13,3,3,19,496,504,221,45,153,17
48,1000,70,5.13,10.3,18,37,55,956,31,5,8,44,7.815451498,225,309,50.9864302,32.64099127,8.433350751,7.195075694,474,19,4,4,27,482,12,1,4,17,501,499,279,30,212,13
49,1000,70,5.13,10.3,18,37,41,950,31,11,8,50,7.585245936,145,255,29.96079969,18.74645021,7.87535675,7.28689668,480,18,4,5,27,470,13,7,3,23,507,493,215,40,120,25
50,1000,70,5.13,10.3,18,37,40,956,27,9,8,44,7.637932301,167,265,27.91437892,16.89385205,7.973749003,7.307446023,470,14,7,5,26,486,13,2,3,18,496,504,224,41,148,19
49,1000,70,5.13,10.3,18,37,42,950,31,11,8,50,7.5672969,168,258,31.18646505,19.49145957,7.879279984,7.246454255,480,18,4,5,27,470,13,7,3,23,507,493,212,46,146,22
48,1000,70,5.13,10.3,18,37,56,957,31,5,7,43,7.805887196,231,329,53.34319728,34.22090347,8.464985535,7.144147181,473,20,4,4,28,484,11,1,3,15,501,499,300,29,216,15
50,1000,70,5.13,10.3,18,37,41,957,26,9,8,43,7.628526784,168,265,28.75027483,17.37208937,8.021481686,7.241809261,470,14,7,5,26,487,12,2,3,17,496,504,217,48,146,22
49,1000,70,5.13,10.3,18,37,43,952,30,10,8,48,7.550403242,154,268,32.28753685,20.14878777,7.940240852,7.149495193,480,18,4,5,27,472,12,6,3,21,507,493,218,50,134,20
48,1000,70,5.13,10.3,18,37,57,959,29,5,7,41,7.803985795,235,336,55.87964815,36.23768545,8.52596336,7.079114532,473,20,4,4,28,486,9,1,3,13,501,499,301,35,219,16
50,1000,70,5.13,10.3,18,37,42,959,25,9,7,41,7.606399616,188,255,29.3959432,17.76874978,8.080334235,7.139987769,470,14,7,5,26,489,11,2,2,15,496,504,218,37,176,12
49,1000,70,5.13,10.3,18,37,44,953,30,9,8,47,7.539145593,174,272,33.04744214,20.62265554,7.967969204,7.098144435,480,18,4,5,27,473,12,5,3,20,507,493,229,43,156,18
48,1000,70,5.13,10.3,18,37,58,958,29,6,7,42,7.820059641,235,367,58.46672399,38.08119585,8.567308462,7.069815834,472,20,5,4,29,486,9,1,3,13,501,499,324,43,218,17
50,1000,70,5.13,10.3,18,37,43,958,27,9,6,42,7.5895466,176,253,30.12813455,18.18499587,8.098436273,7.088734541,469,15,7,5,27,489,12,2,1,15,496,504,211,42,155,21
49,1000,70,5.13,10.3,18,37,45,953,29,10,8,47,7.556918251,153,262,34.54207694,21.57708259,8.028334866,7.072114551,480,18,4,5,27,473,11,6,3,20,507,493,229,33,140,13
48,1000,70,5.13,10.3,18,37,59,958,29,6,7,42,7.842613497,230,353,61.52876628,40.04044686,8.611482638,7.070662716,472,20,5,4,29,486,9,1,3,13,501,499,323,30,218,12
50,1000,70,5.13,10.3,18,37,44,957,28,9,6,43,7.603351548,173,263,30.86157219,18.62487485,8.154124352,7.061321169,468,16,7,5,28,489,12,2,1,15,496,504,237,26,158,15
49,1000,70,5.13,10.3,18,37,46,956,27,9,8,44,7.5357577,172,292,36.08674976,22.54519162,8.064488328,6.992012409,481,17,4,5,26,475,10,5,3,18,507,493,246,46,149,23
48,1000,70,5.13,10.3,18,37,60,958,29,6,7,42,7.788074763,259,353,65.49103267,42.78694733,8.655894369,6.916776923,472,20,5,4,29,486,9,1,3,13,501,499,331,22,240,19
50,1000,70,5.13,10.3,18,37,45,956,29,9,6,44,7.624358488,180,289,31.70723307,19.10998316,8.228678197,7.029631155,467,17,7,5,29,489,12,2,1,15,496,504,245,44,166,14
49,1000,70,5.13,10.3,18,37,47,956,26,10,8,44,7.543173082,170,297,37.96563795,23.70348335,8.103596055,6.966835461,480,18,4,5,27,476,8,6,3,17,507,493,251,46,157,13
50,1000,70,5.13,10.3,18,37,46,956,28,10,6,44,7.620673154,185,297,32.7886891,19.7279908,8.260228527,6.991269454,467,17,7,5,29,489,11,3,1,15,496,504,251,46,165,20
48,1000,70,5.13,10.3,18,37,61,958,29,6,7,42,7.792040096,255,351,68.55685313,44.87363066,8.693384121,6.887083469,472,20,5,4,29,486,9,1,3,13,501,499,311,40,247,8
49,1000,70,5.13,10.3,18,37,48,955,27,10,8,45,7.571619934,155,296,39.88429831,24.83180861,8.164031155,6.962385677,480,18,4,5,27,475,9,6,3,18,507,493,262,34,145,10
50,1000,70,5.13,10.3,18,37,47,957,26,11,6,43,7.617015918,184,299,33.89155808,20.40569249,8.308388144,6.936617855,467,16,8,5,29,490,10,3,1,14,496,504,254,45,172,12
49,1000,70,5.13,10.3,18,37,49,957,25,10,8,43,7.578815233,174,293,41.99291193,26.05587587,8.231499439,6.907596385,480,17,5,5,27,477,8,5,3,16,507,493,267,26,161,13
48,1000,70,5.13,10.3,18,37,62,961,27,6,6,39,7.755398601,263,374,72.49128542,47.50718003,8.738131963,6.768726427,472,20,5,4,29,489,7,1,2,10,501,499,345,29,248,15
50,1000,70,5.13,10.3,18,37,48,958,26,11,5,42,7.607470515,196,300,35.01196535,21.09996814,8.335175821,6.891316087,467,16,8,5,29,491,10,3,0,13,496,504,257,43,183,13
49,1000,70,5.13,10.3,18,37,50,957,25,10,8,43,7.604678866,195,286,44.71689571,27.80899614,8.294067125,6.895713659,479,18,5,5,28,478,7,5,3,15,507,493,243,43,174,21
48,1000,70,5.13,10.3,18,37,63,959,28,6,7,41,7.756930502,265,373,75.0993635,49.30295405,8.777512809,6.732257684,471,20,5,5,30,488,8,1,2,11,501,499,347,26,252,13
50,1000,70,5.13,10.3,18,37,49,957,27,11,5,43,7.588547935,213,294,36.18686358,21.82236698,8.355571847,6.833699006,466,17,8,5,30,491,10,3,0,13,496,504,272,22,198,15
49,1000,70,5.13,10.3,18,37,51,957,25,10,8,43,7.636380567,204,306,47.22465878,29.1094551,8.332167762,6.92083471,479,18,5,5,28,478,7,5,3,15,507,493,264,42,192,12
48,1000,70,5.13,10.3,18,37,64,959,28,6,7,41,7.756174804,281,385,78.34605845,51.61114445,8.812804752,6.695309866,471,20,5,5,30,488,8,1,2,11,501,499,353,32,270,11
50,1000,70,5.13,10.3,18,37,50,958,24,13,5,42,7.563338237,190,324,37.45695254,22.6200635,8.396205158,6.743691426,466,16,9,5,30,492,8,4,0,12,496,504,286,38,177,13
49,1000,70,5.13,10.3,18,37,52,958,25,9,8,42,7.662050028,189,307,50.48799118,30.96572365,8.40521376,6.897782255,479,18,5,5,28,479,7,4,3,14,507,493,271,36,172,17
48,1000,70,5.13,10.3,18,37,65,959,28,6,7,41,7.77963475,286,387,81.99600365,53.89078207,8.877243402,6.677626864,471,20,5,5,30,488,8,1,2,11,501,499,351,36,270,16
50,1000,70,5.13,10.3,18,37,51,958,23,13,6,42,7.580679384,216,304,38.72587131,23.39831936,8.431175187,6.743683515,466,15,9,6,30,492,8,4,0,12,496,504,267,37,199,17
49,1000,70,5.13,10.3,18,37,53,957,26,9,8,43,7.624267549,219,298,53.8824027,32.94158382,8.429987785,6.79566682,478,19,5,5,29,479,7,4,3,14,507,493,272,26,205,14
48,1000,70,5.13,10.3,18,37,66,959,28,6,7,41,7.765286774,279,382,86.57512838,56.75299281,8.897375294,6.628660825,471,20,5,5,30,488,8,1,2,11,501,499,341,41,266,13
50,1000,70,5.13,10.3,18,37,52,959,22,13,6,41,7.572605209,218,320,40.06826869,24.20591078,8.47704891,6.682517758,466,15,9,6,30,493,7,4,0,11,496,504,292,28,202,16
49,1000,70,5.13,10.3,18,37,54,956,27,9,8,44,7.609829287,204,323,58.13873922,35.46118415,8.448926791,6.746903456,478,19,5,5,29,478,8,4,3,15,507,493,292,31,188,16
48,1000,70,5.13,10.3,18,37,67,959,28,6,7,41,7.750463144,285,393,92.09172444,60.30202455,8.964417332,6.531643408,471,20,5,5,30,488,8,1,2,11,501,499,373,20,273,12
50,1000,70,5.13,10.3,18,37,53,959,22,13,6,41,7.56576,216,325,41.68084593,25.16805859,8.485265695,6.660849633,466,15,9,6,30,493,7,4,0,11,496,504,292,33,200,16
49,1000,70,5.13,10.3,18,37,55,955,28,9,8,45,7.621457489,199,322,61.00102587,37.1975247,8.478259349,6.740324542,477,20,5,5,30,478,8,4,3,15,507,493,286,36,184,15
50,1000,70,5.13,10.3,18,37,54,958,23,13,6,42,7.572231285,241,334,43.52274612,26.25893248,8.540030329,6.61979413,466,15,9,6,30,492,8,4,0,12,496,504,306,28,228,13
48,1000,70,5.13,10.3,18,37,68,960,27,6,7,40,7.74090486,295,396,96.45368171,63.09761006,9.01940093,6.457284556,471,20,5,5,30,489,7,1,2,10,501,499,373,23,283,12
49,1000,70,5.13,10.3,18,37,56,955,28,9,8,45,7.638656918,230,338,64.78026391,39.3684251,8.541033371,6.71065517,477,20,5,5,30,478,8,4,3,15,507,493,312,26,206,24
50,1000,70,5.13,10.3,18,37,55,957,24,13,6,43,7.596178522,233,317,45.50668552,27.44278552,8.584327923,6.623714032,465,16,9,6,31,492,8,4,0,12,496,504,283,34,216,17
48,1000,70,5.13,10.3,18,37,69,959,27,7,7,41,7.748105117,286,406,102.1251643,66.78675193,9.061353932,6.429592779,470,20,6,5,31,489,7,1,2,10,501,499,378,28,275,11
49,1000,70,5.13,10.3,18,37,57,955,28,9,8,45,7.642933985,227,332,69.51323532,41.95574904,8.571034522,6.688477651,477,20,5,5,30,478,8,4,3,15,507,493,299,33,212,15
50,1000,70,5.13,10.3,18,37,56,955,26,12,7,45,7.593000044,218,358,47.17606608,28.47553257,8.637314782,6.565261731,463,18,8,7,33,492,8,4,0,12,496,504,319,39,205,13
48,1000,70,5.13,10.3,18,37,70,959,27,7,7,41,7.756609298,292,396,108.3331243,71.24548773,9.092009229,6.415857064,470,20,6,5,31,489,7,1,2,10,501,499,370,26,285,7
49,1000,70,5.13,10.3,18,37,58,958,26,8,8,42,7.609442072,231,347,72.47314614,44.0318722,8.607532034,6.583008785,477,20,5,5,30,481,6,3,3,12,507,493,307,40,211,20
50,1000,70,5.13,10.3,18,37,57,957,24,12,7,43,7.580647581,227,349,49.22163494,29.70239027,8.72931658,6.450211424,462,18,9,7,34,495,6,3,0,9,496,504,319,30,217,10
49,1000,70,5.13,10.3,18,37,59,957,25,10,8,43,7.61071215,228,339,78.58001891,47.82372886,8.658800214,6.532860936,476,19,7,5,31,481,6,3,3,12,507,493,308,31,211,17
48,1000,70,5.13,10.3,18,37,71,957,28,8,7,43,7.759760911,305,401,114.386999,75.15631594,9.146809091,6.367153419,468,21,7,5,33,489,7,1,2,10,501,499,377,24,291,14
50,1000,70,5.13,10.3,18,37,58,957,24,10,9,43,7.577651341,246,351,51.13258163,30.91361038,8.781116604,6.393288701,462,18,7,9,34,495,6,3,0,9,496,504,318,33,236,10
49,1000,70,5.13,10.3,18,37,60,957,24,10,9,43,7.618287646,239,349,85.32539576,51.82884249,8.713713104,6.491754772,476,18,7,6,31,481,6,3,3,12,507,493,314,35,228,11
48,1000,70,5.13,10.3,18,37,72,958,28,7,7,42,7.714623428,318,412,121.0198533,79.20667659,9.156543187,6.266924432,467,22,7,5,34,491,6,0,2,8,501,499,389,23,299,19
50,1000,70,5.13,10.3,18,37,59,957,24,9,10,43,7.581080425,249,367,53.00765423,32.06367879,8.845910187,6.336327325,462,18,6,10,34,495,6,3,0,9,496,504,331,36,243,6
49,1000,70,5.13,10.3,18,37,61,956,25,10,9,44,7.642490052,236,345,91.05077448,55.45124079,8.774229366,6.478612097,476,18,7,6,31,480,7,3,3,13,507,493,311,34,225,11
48,1000,70,5.13,10.3,18,37,73,956,30,7,7,44,7.707148154,308,407,127.9321912,83.78856807,9.190966766,6.217382374,466,23,7,5,35,490,7,0,2,9,501,499,386,21,298,10
50,1000,70,5.13,10.3,18,37,60,957,23,9,11,43,7.564959743,247,362,55.1384507,33.29728497,8.873276799,6.277409623,462,17,6,11,34,495,6,3,0,9,496,504,336,26,235,12
49,1000,70,5.13,10.3,18,37,62,957,25,10,8,43,7.651857732,242,337,98.21867933,59.80894614,8.838972386,6.431031912,476,18,7,6,31,481,7,3,2,12,507,493,314,23,230,12
48,1000,70,5.13,10.3,18,37,74,956,30,7,7,44,7.709010657,311,397,135.0752809,88.31588814,9.253668413,6.158161888,466,23,7,5,35,490,7,0,2,9,501,499,378,19,301,10
50,1000,70,5.13,10.3,18,37,61,957,22,10,11,43,7.562143662,246,375,57.25910296,34.68187999,8.902321271,6.243238714,462,16,7,11,34,495,6,3,0,9,496,504,338,37,237,9
49,1000,70,5.13,10.3,18,37,63,957,25,10,8,43,7.672567185,276,372,109.3967625,66.47094941,8.877016208,6.433914741,476,18,7,6,31,481,7,3,2,12,507,493,345,27,260,16
48,1000,70,5.13,10.3,18,37,75,955,31,6,8,45,7.682363061,313,417,142.5287083,92.81763749,9.322619526,6.035532421,465,24,6,6,36,490,7,0,2,9,501,499,394,23,299,14
50,1000,70,5.13,10.3,18,37,62,956,23,10,11,44,7.535161867,257,358,59.78317121,36.1948749,8.9134372,6.17876392,461,17,7,11,35,495,6,3,0,9,496,504,335,23,246,11
49,1000,70,5.13,10.3,18,37,64,957,25,10,8,43,7.667434021,252,363,121.5633966,74.01556738,8.912642669,6.386864479,476,18,7,6,31,481,7,3,2,12,507,493,334,29,240,12
48,1000,70,5.13,10.3,18,37,76,956,29,7,8,44,7.681969846,320,420,152.2092622,99.37168536,9.354458353,6.002777979,465,23,7,6,36,491,6,0,2,8,501,499,394,26,309,11
50,1000,70,5.13,10.3,18,37,63,956,23,10,11,44,7.485201493,275,373,61.81860114,37.49013222,8.911092578,6.081943599,461,17,7,11,35,495,6,3,0,9,496,504,347,26,261,14
49,1000,70,5.13,10.3,18,37,65,957,25,10,8,43,7.673215561,253,374,131.4564385,80.11853853,8.982174901,6.327084962,476,18,7,6,31,481,7,3,2,12,507,493,353,21,240,13
50,1000,70,5.13,10.3,18,37,64,957,22,10,11,43,7.490658876,274,362,64.2313812,39.09019897,8.93712073,6.067156735,461,17,7,11,35,496,5,3,0,8,496,504,336,26,265,9
48,1000,70,5.13,10.3,18,37,77,955,30,7,8,45,7.653762201,335,416,162.7617244,105.7842843,9.403102979,5.897410037,464,24,7,6,37,491,6,0,2,8,501,499,394,22,323,12
49,1000,70,5.13,10.3,18,37,66,956,25,10,9,44,7.68573801,263,396,142.9779759,87.40608464,9.020897611,6.312663126,476,17,7,7,31,480,8,3,2,13,507,493,356,40,253,10
50,1000,70,5.13,10.3,18,37,65,956,23,10,11,44,7.487782162,268,386,66.96847329,40.88242961,9.003864169,5.995764949,460,18,7,11,36,496,5,3,0,8,496,504,355,31,254,14
48,1000,70,5.13,10.3,18,37,78,955,30,7,8,45,7.666822644,332,417,174.4111888,112.4641317,9.427172864,5.899416911,464,24,7,6,37,491,6,0,2,8,501,499,391,26,318,14
49,1000,70,5.13,10.3,18,37,67,955,26,10,9,45,7.674907423,255,382,152.8880511,93.23227325,9.075724261,6.234310797,475,18,7,7,32,480,8,3,2,13,507,493,355,27,238,17
50,1000,70,5.13,10.3,18,37,66,957,22,10,11,43,7.471171604,288,387,69.63078975,42.64586018,9.029806393,5.93727705,460,18,7,11,36,497,4,3,0,7,496,504,362,25,278,10
48,1000,70,5.13,10.3,18,37,79,955,30,7,8,45,7.675921209,344,426,184.6905102,118.4292198,9.525698075,5.818730408,463,25,7,6,38,492,5,0,2,7,501,499,409,17,337,7
49,1000,70,5.13,10.3,18,37,68,955,26,10,9,45,7.687534453,276,388,167.177478,101.5609116,9.103811584,6.2310385,475,18,7,7,32,480,8,3,2,13,507,493,352,36,261,15
50,1000,70,5.13,10.3,18,37,67,957,22,10,11,43,7.462875442,283,376,72.4980968,44.53348398,9.07571248,5.875638993,460,18,7,11,36,497,4,3,0,7,496,504,356,20,278,5
48,1000,70,5.13,10.3,18,37,80,956,29,7,8,44,7.655947233,352,421,201.5736872,128.4842194,9.592188675,5.711945305,463,25,7,6,38,493,4,0,2,6,501,499,404,17,340,12
49,1000,70,5.13,10.3,18,37,69,954,28,10,8,46,7.657917236,286,379,177.2764411,108.2916747,9.095501596,6.17950898,475,19,7,6,32,479,9,3,2,14,507,493,354,25,272,14
50,1000,70,5.13,10.3,18,37,68,957,23,9,11,43,7.484427917,285,379,75.92962406,46.66809458,9.09598127,5.898454776,460,18,7,11,36,497,5,2,0,7,496,504,358,21,274,11
48,1000,70,5.13,10.3,18,37,81,956,29,7,8,44,7.627682643,347,435,219.5452218,138.7036423,9.678182936,5.568963912,463,25,7,6,38,493,4,0,2,6,501,499,421,14,339,8
49,1000,70,5.13,10.3,18,37,70,953,29,10,8,47,7.653582542,281,404,189.5292754,115.1171708,9.136759016,6.128287466,475,19,7,6,32,478,10,3,2,15,507,493,376,28,267,14
50,1000,70,5.13,10.3,18,37,69,957,23,9,11,43,7.513132792,308,392,79.63103181,49.10655205,9.144467885,5.907691907,460,18,7,11,36,497,5,2,0,7,496,504,369,23,295,13
48,1000,70,5.13,10.3,18,37,82,956,28,8,8,44,7.606030424,354,445,235.7827114,147.6655707,9.697624081,5.506053626,463,24,8,6,38,493,4,0,2,6,501,499,423,22,345,9
49,1000,70,5.13,10.3,18,37,71,953,29,10,8,47,7.654016429,298,396,197.9617481,120.5987041,9.168584873,6.096437928,475,19,7,6,32,478,10,3,2,15,507,493,373,23,292,6
50,1000,70,5.13,10.3,18,37,70,957,23,9,11,43,7.53050066,296,397,83.03731625,51.18759109,9.202710266,5.884834064,460,18,7,11,36,497,5,2,0,7,496,504,371,26,283,13
49,1000,70,5.13,10.3,18,37,72,954,29,10,7,46,7.632761831,303,397,206.0480932,125.802836,9.19255451,6.028674837,475,19,7,6,32,479,10,3,1,14,507,493,372,25,292,11
48,1000,70,5.13,10.3,18,37,83,955,29,8,8,45,7.631357075,364,439,257.5457086,159.5015399,9.764383156,5.489781791,463,24,8,6,38,492,5,0,2,7,501,499,418,21,355,9
50,1000,70,5.13,10.3,18,37,71,956,24,9,11,44,7.498793667,322,396,87.31054201,54.10465926,9.232855171,5.792256948,460,18,7,11,36,496,6,2,0,8,496,504,378,18,310,12
48,1000,70,5.13,10.3,18,37,84,952,32,8,8,48,7.630908813,351,441,273.7012376,169.3349248,9.856642669,5.396254179,460,27,8,6,41,492,5,0,2,7,501,499,418,23,344,7
49,1000,70,5.13,10.3,18,37,73,954,29,10,7,46,7.594074724,308,413,218.9706238,133.1938186,9.209305522,5.932975302,475,19,7,6,32,479,10,3,1,14,507,493,384,29,286,22
50,1000,70,5.13,10.3,18,37,72,956,24,9,11,44,7.501275976,302,433,91.79650677,57.05654222,9.263266288,5.767253765,460,18,7,11,36,496,6,2,0,8,496,504,408,25,292,10
49,1000,70,5.13,10.3,18,37,74,954,29,10,7,46,7.613100311,311,417,229.5699347,139.2550447,9.262031232,5.917343764,475,19,7,6,32,479,10,3,1,14,507,493,390,27,298,13
48,1000,70,5.13,10.3,18,37,85,952,31,9,8,48,7.598640535,366,441,293.4516923,179.371258,9.901179256,5.286873201,460,26,9,6,41,492,5,0,2,7,501,499,416,25,360,6
50,1000,70,5.13,10.3,18,37,73,955,25,9,11,45,7.478376281,319,418,95.6498505,59.74081337,9.295059615,5.69052919,460,18,7,11,36,495,7,2,0,9,496,504,396,22,308,11
49,1000,70,5.13,10.3,18,37,75,954,29,10,7,46,7.602929769,306,417,244.328849,147.6044081,9.294552084,5.863269497,473,21,7,6,34,481,8,3,1,12,507,493,388,29,297,9
48,1000,70,5.13,10.3,18,37,86,952,31,9,8,48,7.619007164,375,450,316.886177,189.5233043,9.950951364,5.277716495,460,26,9,6,41,492,5,0,2,7,501,499,432,18,365,10
50,1000,70,5.13,10.3,18,37,74,954,26,9,11,46,7.483303528,330,411,100.162333,62.42610806,9.348000212,5.648205203,458,20,7,11,38,496,6,2,0,8,496,504,393,18,324,6
49,1000,70,5.13,10.3,18,37,76,954,29,10,7,46,7.609593538,296,419,260.4104802,156.618774,9.331500215,5.838788903,473,21,7,6,34,481,8,3,1,12,507,493,402,17,287,9
48,1000,70,5.13,10.3,18,37,87,954,30,9,7,46,7.579939019,372,462,340.4995715,202.0697427,9.933734836,5.216709151,460,27,9,5,41,494,3,0,2,5,501,499,442,20,360,12
50,1000,70,5.13,10.3,18,37,75,955,25,9,11,45,7.462674555,319,422,103.9416485,64.90877944,9.386781387,5.569109102,458,20,7,11,38,497,5,2,0,7,496,504,392,30,310,9
49,1000,70,5.13,10.3,18,37,77,954,29,10,7,46,7.593702658,298,416,271.7848194,162.8512258,9.384818439,5.751723549,473,21,7,6,34,481,8,3,1,12,507,493,400,16,294,4
48,1000,70,5.13,10.3,18,37,88,954,29,10,7,46,7.564914882,385,452,357.4651776,212.8390913,9.962790383,5.157428657,460,26,10,5,41,494,3,0,2,5,501,499,443,9,366,19
50,1000,70,5.13,10.3,18,37,76,954,26,9,11,46,7.479565421,328,420,109.079461,68.05370471,9.448009918,5.542366074,457,21,7,11,39,497,5,2,0,7,496,504,398,22,320,8
49,1000,70,5.13,10.3,18,37,78,955,28,10,7,45,7.603087687,322,425,283.34863,169.3851348,9.461443448,5.691959146,473,20,8,6,34,482,8,2,1,11,507,493,404,21,312,10
50,1000,70,5.13,10.3,18,37,77,954,26,9,11,46,7.457706868,336,421,113.6739621,71.09346184,9.471925204,5.475460251,457,21,7,11,39,497,5,2,0,7,496,504,403,18,331,5
48,1000,70,5.13,10.3,18,37,89,954,30,10,6,46,7.554637761,371,454,386.2100212,228.1397591,9.984805404,5.114729967,460,26,10,5,41,494,4,0,1,5,501,499,443,11,363,8
49,1000,70,5.13,10.3,18,37,79,953,30,10,7,47,7.603088025,337,430,302.880652,180.7015901,9.544033197,5.607024734,471,22,8,6,36,482,8,2,1,11,507,493,412,18,323,14
50,1000,70,5.13,10.3,18,37,78,954,26,9,11,46,7.475754762,336,416,118.9663225,74.26471115,9.544994792,5.439359812,456,22,7,11,40,498,4,2,0,6,496,504,400,16,322,14
48,1000,70,5.13,10.3,18,37,90,952,32,10,6,48,7.549181518,379,461,404.7442943,240.7495753,10.00341648,5.085109947,458,28,10,5,43,494,4,0,1,5,501,499,443,18,370,9
49,1000,70,5.13,10.3,18,37,80,951,32,10,7,49,7.604335801,322,437,333.577981,199.1538145,9.589738989,5.562551995,469,24,8,6,38,482,8,2,1,11,507,493,420,17,308,14
50,1000,70,5.13,10.3,18,37,79,954,26,9,11,46,7.458737515,347,424,123.9679279,77.22544463,9.619063298,5.332702616,456,22,7,11,40,498,4,2,0,6,496,504,408,16,337,10
48,1000,70,5.13,10.3,18,37,91,952,32,10,6,48,7.529410121,371,462,433.4794785,257.2254856,10.02808464,5.020720877,458,28,10,5,43,494,4,0,1,5,501,499,445,17,368,3
49,1000,70,5.13,10.3,18,37,81,950,32,10,8,50,7.653907777,338,424,367.1723517,220.0387173,9.638072066,5.613398053,469,23,8,7,38,481,9,2,1,12,507,493,410,14,322,16
50,1000,70,5.13,10.3,18,37,80,952,28,9,11,48,7.460843809,345,419,130.7505316,81.35267907,9.672116899,5.284670293,454,24,7,11,42,498,4,2,0,6,496,504,402,17,336,9
48,1000,70,5.13,10.3,18,37,92,953,32,10,5,47,7.513393301,391,466,455.71321,271.8714001,10.08005078,4.936448617,458,28,10,5,43,495,4,0,0,4,501,499,451,15,380,11
49,1000,70,5.13,10.3,18,37,82,950,32,10,8,50,7.644845735,351,435,404.6850386,243.6117856,9.66723357,5.565027007,469,23,8,7,38,481,9,2,1,12,507,493,417,18,340,11
50,1000,70,5.13,10.3,18,37,81,954,27,8,11,46,7.448358012,341,440,136.1746666,84.52665003,9.733962151,5.199033304,454,24,7,11,42,500,3,1,0,4,496,504,415,25,334,7
49,1000,70,5.13,10.3,18,37,83,952,30,10,8,48,7.622769829,358,448,431.0283791,260.8703772,9.713856638,5.472301244,469,23,8,7,38,483,7,2,1,10,507,493,423,25,344,14
48,1000,70,5.13,10.3,18,37,93,954,31,10,5,46,7.52141245,401,464,485.0468423,287.0489019,10.11553237,4.916895253,459,27,10,5,42,495,4,0,0,4,501,499,448,16,395,6
50,1000,70,5.13,10.3,18,37,82,953,28,7,12,47,7.436644087,354,437,142.7539466,88.05764457,9.761685718,5.14850788,453,25,6,12,43,500,3,1,0,4,496,504,418,19,348,6
49,1000,70,5.13,10.3,18,37,84,951,30,11,8,49,7.566644847,358,454,453.346029,272.6437586,9.757340007,5.313739278,468,24,8,7,39,483,6,3,1,10,507,493,429,25,347,11
48,1000,70,5.13,10.3,18,37,94,954,31,10,5,46,7.522171657,388,465,515.1264423,302.913153,10.15844453,4.875332563,458,28,10,5,43,496,3,0,0,3,501,499,452,13,378,10
50,1000,70,5.13,10.3,18,37,83,953,28,7,12,47,7.417033,361,443,149.4605121,91.99291639,9.834513428,5.037925276,453,25,6,12,43,500,3,1,0,4,496,504,434,9,351,10
49,1000,70,5.13,10.3,18,37,85,951,30,11,8,49,7.582187669,354,455,496.0997262,298.184947,9.804309198,5.296963297,468,24,8,7,39,483,6,3,1,10,507,493,433,22,345,9
48,1000,70,5.13,10.3,18,37,95,954,30,11,5,46,7.514171655,403,471,547.9681522,321.1686228,10.16994607,4.847752856,458,27,11,5,43,496,3,0,0,3,501,499,456,15,390,13
50,1000,70,5.13,10.3,18,37,84,952,29,7,12,48,7.414572069,357,436,156.2374033,96.03739951,9.873548972,4.994626545,452,26,6,12,44,500,3,1,0,4,496,504,415,21,349,8
49,1000,70,5.13,10.3,18,37,86,952,29,11,8,48,7.547095125,366,441,559.4580549,333.7945513,9.841755646,5.18727183,468,24,8,7,39,484,5,3,1,9,507,493,423,18,357,9
48,1000,70,5.13,10.3,18,37,96,953,31,11,5,47,7.480819999,408,475,570.6581282,336.9642137,10.19861138,4.75213567,457,28,11,5,44,496,3,0,0,3,501,499,461,14,396,12
50,1000,70,5.13,10.3,18,37,85,950,31,7,12,50,7.441513667,355,437,163.7444395,100.4088717,9.954415025,4.968499633,450,28,6,12,46,500,3,1,0,4,496,504,424,13,342,13
49,1000,70,5.13,10.3,18,37,87,952,29,11,8,48,7.538406409,370,459,671.3341794,396.0645557,9.878612247,5.131744421,468,24,8,7,39,484,5,3,1,9,507,493,436,23,358,12
48,1000,70,5.13,10.3,18,37,97,953,30,12,5,47,7.473707584,400,475,603.0631406,355.0819356,10.2223831,4.714015329,457,27,12,5,44,496,3,0,0,3,501,499,458,17,391,9
50,1000,70,5.13,10.3,18,37,86,948,33,7,12,52,7.442428743,365,450,173.0148826,106.563322,10.00363817,4.92187343,450,28,6,12,46,498,5,1,0,6,496,504,433,17,354,11
49,1000,70,5.13,10.3,18,37,88,952,29,11,8,48,7.520234032,368,450,784.9269122,458.7102173,9.914988396,5.057474474,468,24,8,7,39,484,5,3,1,9,507,493,432,18,352,16
50,1000,70,5.13,10.3,18,37,87,947,33,7,13,53,7.490962956,378,452,183.1935284,113.2447231,10.13873095,4.885223024,449,28,6,13,47,498,5,1,0,6,496,504,435,17,366,12
48,1000,70,5.13,10.3,18,37,98,953,30,12,5,47,7.461334976,411,474,640.2295651,373.9036936,10.22405986,4.687537048,457,27,12,5,44,496,3,0,0,3,501,499,459,15,404,7
49,1000,70,5.13,10.3,18,37,89,952,29,10,9,48,7.501131267,369,448,869.0098756,507.6106235,9.950089245,4.982628843,468,24,8,7,39,484,5,2,2,9,507,493,431,17,360,9
50,1000,70,5.13,10.3,18,37,88,948,32,7,13,52,7.463517695,369,457,194.1214393,120.2844349,10.15080124,4.818889441,449,28,6,13,47,499,4,1,0,5,496,504,436,21,359,10
48,1000,70,5.13,10.3,18,37,99,952,31,12,5,48,7.443301792,403,481,692.7350371,399.6028608,10.22258281,4.652881369,457,27,12,5,44,495,4,0,0,4,501,499,465,16,393,10
49,1000,70,5.13,10.3,18,37,90,951,30,9,10,49,7.505024102,374,449,997.9254388,583.9939777,9.980736936,4.959007051,467,25,7,8,40,484,5,2,2,9,507,493,434,15,363,11
50,1000,70,5.13,10.3,18,37,89,948,32,7,13,52,7.477966617,377,464,203.7163241,125.7092298,10.2147682,4.784606327,448,29,6,13,48,500,3,1,0,4,496,504,443,21,372,5
48,1000,70,5.13,10.3,18,37,100,951,31,12,6,49,7.49797426,420,475,744.5229458,430.2581752,10.30106066,4.683653041,456,27,12,6,45,495,4,0,0,4,501,499,463,12,411,9
49,1000,70,5.13,10.3,18,37,91,951,30,9,10,49,7.491976491,378,465,1059.294722,625.8355411,9.997160417,4.91565144,467,25,7,8,40,484,5,2,2,9,507,493,443,22,371,7
50,1000,70,5.13,10.3,18,37,90,946,34,6,14,54,7.512343791,383,468,214.3452272,131.9783258,10.2809249,4.787708413,446,31,5,14,50,500,3,1,0,4,496,504,446,22,371,12
48,1000,70,5.13,10.3,18,37,101,950,32,12,6,50,7.506323904,435,486,777.2194636,454.1534197,10.36060012,4.640607699,455,28,12,6,46,495,4,0,0,4,501,499,466,20,423,12
49,1000,70,5.13,10.3,18,37,92,951,30,10,9,49,7.45935288,389,457,1177.981958,696.5660111,10.044348,4.800950191,467,24,8,8,40,484,6,2,1,9,507,493,442,15,374,15
50,1000,70,5.13,10.3,18,37,91,943,37,6,14,57,7.550041989,382,457,227.2858863,139.5689756,10.37444771,4.770468104,444,33,5,14,52,499,4,1,0,5,496,504,437,20,376,6
48,1000,70,5.13,10.3,18,37,102,950,31,13,6,50,7.504515301,424,488,809.2731823,475.1849872,10.38914476,4.608324205,455,28,12,6,46,495,3,1,0,4,501,499,473,15,416,8
49,1000,70,5.13,10.3,18,37,93,949,31,11,9,51,7.474851844,382,465,1286.431931,761.7844536,10.08429431,4.791307565,465,25,9,8,42,484,6,2,1,9,507,493,444,21,377,5
50,1000,70,5.13,10.3,18,37,92,940,41,5,14,60,7.536282371,393,465,241.365167,147.6315426,10.41081798,4.707374312,442,35,5,14,54,498,6,0,0,6,496,504,446,19,382,11
49,1000,70,5.13,10.3,18,37,94,948,32,11,9,52,7.437929025,386,457,1428.433039,842.5900204,10.11833002,4.681411165,464,26,9,8,43,484,6,2,1,9,507,493,446,11,378,8
48,1000,70,5.13,10.3,18,37,103,950,31,13,6,50,7.531110822,431,486,845.694587,502.3886621,10.42217081,4.628463415,455,28,12,6,46,495,3,1,0,4,501,499,472,14,417,14
50,1000,70,5.13,10.3,18,37,93,941,40,4,15,59,7.547788734,375,459,258.1314811,156.8249976,10.49075181,4.651539359,442,35,4,15,54,499,5,0,0,5,496,504,448,11,370,5
49,1000,70,5.13,10.3,18,37,95,947,33,11,9,53,7.435685407,401,462,1636.917542,942.9080152,10.15296429,4.64124242,463,27,9,8,44,484,6,2,1,9,507,493,446,16,390,11
48,1000,70,5.13,10.3,18,37,104,951,31,12,6,49,7.537251609,419,477,904.2520395,538.6760379,10.41483308,4.648136749,456,28,11,6,45,495,3,1,0,4,501,499,468,9,413,6
50,1000,70,5.13,10.3,18,37,94,941,40,4,15,59,7.518673028,379,464,274.4046909,166.4491439,10.5117543,4.573100979,442,35,4,15,54,499,5,0,0,5,496,504,448,16,371,8
49,1000,70,5.13,10.3,18,37,96,947,33,11,9,53,7.449829186,398,461,1982.158229,1117.695336,10.20236473,4.619128333,463,27,9,8,44,484,6,2,1,9,507,493,451,10,387,11
50,1000,70,5.13,10.3,18,37,95,940,41,4,15,60,7.506678492,400,456,289.0571941,175.0261922,10.54105992,4.520461852,441,36,4,15,55,499,5,0,0,5,496,504,445,11,391,9
49,1000,70,5.13,10.3,18,37,97,947,33,11,9,53,7.444186152,401,464,2258.258123,1249.226574,10.25164135,4.557006058,463,27,9,8,44,484,6,2,1,9,507,493,446,18,391,10
50,1000,70,5.13,10.3,18,37,96,941,40,4,15,59,7.522585326,401,468,302.6471642,183.6698514,10.65286381,4.441993806,441,36,4,15,55,500,4,0,0,4,496,504,452,16,395,6
49,1000,70,5.13,10.3,18,37,98,947,33,11,9,53,7.404682179,395,474,2406.750769,1347.620309,10.26715645,4.460920605,463,27,9,8,44,484,6,2,1,9,507,493,455,19,387,8
50,1000,70,5.13,10.3,18,37,97,942,39,4,15,58,7.521728967,399,478,321.2181262,194.7807361,10.69292799,4.40086644,442,35,4,15,54,500,4,0,0,4,496,504,458,20,390,9
49,1000,70,5.13,10.3,18,37,99,948,32,11,9,52,7.412810894,398,470,2712.559069,1593.436774,10.3210705,4.42196379,463,27,9,8,44,485,5,2,1,8,507,493,452,18,392,6
50,1000,70,5.13,10.3,18,37,98,939,42,4,15,61,7.528172595,410,469,336.9333506,204.0528976,10.73586977,4.371391245,439,38,4,15,57,500,4,0,0,4,496,504,456,13,402,8
49,1000,70,5.13,10.3,18,37,100,948,32,9,11,52,7.38433966,416,462,2833.671457,1679.593431,10.3434597,4.341187814,463,27,7,10,44,485,5,2,1,8,507,493,451,11,404,12
50,1000,70,5.13,10.3,18,37,99,939,41,5,15,61,7.514075764,411,469,356.4942359,216.2935531,10.77255142,4.307321939,439,37,5,15,57,500,4,0,0,4,496,504,461,8,403,8
49,1000,70,5.13,10.3,18,37,101,948,32,9,11,52,7.361394419,404,476,2966.928195,1807.485227,10.36256226,4.275000715,463,27,7,10,44,485,5,2,1,8,507,493,458,18,394,10
50,1000,70,5.13,10.3,18,37,100,939,39,6,16,61,7.52209754,406,478,378.4085481,229.3652592,10.82884041,4.267842656,439,35,6,16,57,500,4,0,0,4,496,504,460,18,402,4
49,1000,70,5.13,10.3,18,37,102,947,34,9,10,53,7.347193398,417,475,3209.883679,2016.963866,10.40852115,4.198931389,463,27,7,10,44,484,7,2,0,9,507,493,459,16,403,14
50,1000,70,5.13,10.3,18,37,101,938,39,7,16,62,7.509554813,417,478,410.5952171,248.8315838,10.89070952,4.182069226,438,35,7,16,58,500,4,0,0,4,496,504,464,14,407,10
49,1000,70,5.13,10.3,18,37,103,947,34,9,10,53,7.336345744,400,474,3368.199579,2098.979117,10.42068987,4.164413753,463,27,7,10,44,484,7,2,0,9,507,493,460,14,389,11
50,1000,70,5.13,10.3,18,37,102,938,37,9,16,62,7.509267792,424,484,438.2665662,266.6204901,10.97272607,4.100785039,437,34,9,16,59,501,3,0,0,3,496,504,472,12,414,10
49,1000,70,5.13,10.3,18,37,104,946,34,10,10,54,7.344015006,412,475,3623.020184,2270.808228,10.47171305,4.127497956,462,27,8,10,45,484,7,2,0,9,507,493,458,17,402,10
50,1000,70,5.13,10.3,18,37,103,937,39,9,15,63,7.507423063,422,484,465.3072241,282.8478523,11.00892771,4.06149786,436,36,9,15,60,501,3,0,0,3,496,504,469,15,415,7
50,1000,70,5.13,10.3,18,37,104,937,39,9,15,63,7.498626452,426,476,496.5682473,302.0702506,11.04101187,4.012469373,436,36,9,15,60,501,3,0,0,3,496,504,465,11,420,6
