[run number],initial-people,environment,healthy-treatment-chance-men,healthy-treatment-chance-women,dep-treatment-chance-men,dep-treatment-chance-women,[step],"count turtles with [ severity = ""No Depression"" ]","count turtles with [ severity = ""Mild Depression"" ]","count turtles with [ severity = ""Moderate Depression"" ]","count turtles with [ severity = ""Severe Depression"" ]","count turtles with [ severity != ""No Depression"" ]",mean [ dep-score ] of turtles,count turtles with [ treatment? ],count turtles with [ talks? ],mean [ prob-of-talking ] of turtles,mean [ prob-of-treatment ] of turtles,"mean [ dep-score ] of turtles with [ gender? = ""male"" ]","mean [ dep-score ] of turtles with [ gender? = ""female"" ]","count turtles with [ severity = ""No Depression"" and gender? = ""male"" ]","count turtles with [ severity = ""Mild Depression"" and gender? = ""male"" ]","count turtles with [ severity = ""Moderate Depression"" and gender? = ""male"" ]","count turtles with [ severity = ""Severe Depression"" and gender? = ""male"" ]","count turtles with [ severity != ""No Depression"" and gender? = ""male"" ]","count turtles with [ severity = ""No Depression"" and gender? = ""female"" ]","count turtles with [ severity = ""Mild Depression"" and gender? = ""female"" ]","count turtles with [ severity = ""Moderate Depression"" and gender? = ""female"" ]","count turtles with [ severity = ""Severe Depression"" and gender? = ""female"" ]","count turtles with [ severity != ""No Depression"" and gender? = ""female"" ]","count turtles with [ gender? = ""male"" ]","count turtles with [ gender? = ""female"" ]","count turtles with [ talks? = TRUE and gender? = ""female"" ]","count turtles with [ talks? = TRUE and gender? = ""male"" ]","count turtles with [ treatment? = TRUE and gender? = ""female"" ]","count turtles with [ treatment? = TRUE and gender? = ""male"" ]"
3,1000,50,5.13,10.3,18,37,0,952,27,12,9,48,7.139,104,115,12.37619276,8.69241836,6.770114943,7.541841004,499,12,6,5,23,453,15,6,4,25,522,478,70,45,56,48
7,1000,50,5.13,10.3,18,37,0,951,25,10,14,49,7.255,86,117,12.49310638,8.855503175,6.477227723,8.048484848,489,6,5,5,16,462,19,5,9,33,505,495,64,53,61,25
4,1000,50,5.13,10.3,18,37,0,936,32,12,20,64,7.435,93,123,12.46952402,9.041763432,6.451737452,8.491701245,495,17,3,3,23,441,15,9,17,41,518,482,71,52,63,30
6,1000,50,5.13,10.3,18,37,0,971,14,9,6,29,6.546,87,135,12.55398896,8.318378638,5.802040816,7.260784314,481,4,5,0,9,490,10,4,6,20,490,510,75,60,60,27
8,1000,50,5.13,10.3,18,37,0,936,28,17,19,64,7.433,113,120,12.56222794,9.275386644,6.654244306,8.160541586,457,14,7,5,26,479,14,10,14,38,483,517,78,42,74,39
5,1000,50,5.13,10.3,18,37,0,949,31,14,6,51,7.003,89,126,12.45802996,8.676790043,6.451612903,7.617336152,508,10,8,1,19,441,21,6,5,32,527,473,76,50,61,28
2,1000,50,5.13,10.3,18,37,0,939,30,20,11,61,7.178,84,128,12.5239217,8.893375186,6.336520076,8.100628931,500,13,8,2,23,439,17,12,9,38,523,477,65,63,60,24
1,1000,50,5.13,10.3,18,37,0,929,28,23,20,71,7.418,92,108,12.49029646,9.398142987,6.338709677,8.48015873,481,7,4,4,15,448,21,19,16,56,496,504,58,50,74,18
4,1000,50,5.13,10.3,18,37,1,936,32,12,20,64,7.440381149,108,119,12.47818601,9.073471895,6.479244337,8.473304113,495,17,3,3,23,441,15,9,17,41,518,482,65,54,72,36
3,1000,50,5.13,10.3,18,37,1,952,27,11,10,48,7.183488703,101,129,12.41528962,8.72667761,6.839343173,7.559312901,498,13,5,6,24,454,14,6,4,24,522,478,67,62,60,41
5,1000,50,5.13,10.3,18,37,1,951,28,15,6,49,7.031195511,109,136,12.48368083,8.721335019,6.510360602,7.611491488,509,8,9,1,18,442,20,6,5,31,527,473,76,60,67,42
7,1000,50,5.13,10.3,18,37,1,953,23,10,14,47,7.261082288,91,135,12.50015741,8.890652441,6.487080213,8.050720769,489,6,5,5,16,464,17,5,9,31,505,495,81,54,64,27
6,1000,50,5.13,10.3,18,37,1,972,14,8,6,28,6.552560364,96,143,12.58459222,8.368609441,5.799281324,7.27629905,482,4,4,0,8,490,10,4,6,20,490,510,91,52,68,28
2,1000,50,5.13,10.3,18,37,1,941,27,21,11,59,7.199926087,98,135,12.53826853,8.914905696,6.374142081,8.105345447,501,11,9,2,22,440,16,12,9,37,523,477,76,59,64,34
8,1000,50,5.13,10.3,18,37,1,935,29,17,19,65,7.456567592,117,126,12.62630207,9.329996499,6.692471202,8.170413929,456,15,7,5,27,479,14,10,14,38,483,517,71,55,73,44
1,1000,50,5.13,10.3,18,37,1,932,29,20,19,68,7.397976998,102,133,12.50808595,9.456683398,6.389500742,8.390445694,481,7,4,4,15,451,22,16,15,53,496,504,76,57,70,32
4,1000,50,5.13,10.3,18,37,2,936,32,12,20,64,7.465761325,93,131,12.49869462,9.101254062,6.490313895,8.51406375,495,17,3,3,23,441,15,9,17,41,518,482,73,58,69,24
3,1000,50,5.13,10.3,18,37,2,951,28,11,10,49,7.208925913,88,125,12.47340802,8.77430255,6.888261655,7.559107384,497,14,5,6,25,454,14,6,4,24,522,478,74,51,57,31
7,1000,50,5.13,10.3,18,37,2,953,23,10,14,47,7.247644416,93,130,12.54049363,8.955411412,6.494805743,8.01569195,489,6,5,5,16,464,17,5,9,31,505,495,69,61,59,34
5,1000,50,5.13,10.3,18,37,2,954,26,14,6,46,7.026946782,85,119,12.520944,8.768767874,6.515182685,7.597136379,509,8,9,1,18,445,18,5,5,28,527,473,57,62,61,24
6,1000,50,5.13,10.3,18,37,2,972,14,8,6,28,6.586801063,97,132,12.60156665,8.393415393,5.814420972,7.328891739,482,4,4,0,8,490,10,4,6,20,490,510,69,63,62,35
2,1000,50,5.13,10.3,18,37,2,941,27,21,11,59,7.243265485,87,117,12.53508286,8.932881566,6.396425677,8.171771186,501,11,9,2,22,440,16,12,9,37,523,477,64,53,46,41
8,1000,50,5.13,10.3,18,37,2,939,28,17,16,61,7.445252401,84,135,12.68703846,9.372556361,6.703139611,8.138560869,457,13,8,5,26,482,15,9,11,35,483,517,79,56,62,22
1,1000,50,5.13,10.3,18,37,2,932,29,20,19,68,7.425452201,87,126,12.53817565,9.491256333,6.441202771,8.394078625,481,7,4,4,15,451,22,16,15,53,496,504,76,50,61,26
4,1000,50,5.13,10.3,18,37,3,934,34,12,20,66,7.478612617,106,139,12.56656958,9.170587643,6.545740838,8.481159467,493,19,3,3,25,441,15,9,17,41,518,482,77,62,74,32
3,1000,50,5.13,10.3,18,37,3,951,28,11,10,49,7.219865258,95,113,12.4650446,8.807838761,6.896075831,7.57345957,497,14,5,6,25,454,14,6,4,24,522,478,62,51,65,30
6,1000,50,5.13,10.3,18,37,3,973,13,8,6,27,6.589116509,95,126,12.63498486,8.424044715,5.821993501,7.326156262,482,4,4,0,8,491,9,4,6,19,490,510,73,53,60,35
5,1000,50,5.13,10.3,18,37,3,954,27,13,6,46,7.039328396,86,128,12.52997046,8.800898078,6.568978258,7.563376012,508,9,9,1,19,446,18,4,5,27,527,473,54,74,50,36
7,1000,50,5.13,10.3,18,37,3,952,24,10,14,48,7.281361186,81,135,12.55899848,8.997642292,6.515373665,8.062823203,488,7,5,5,17,464,17,5,9,31,505,495,72,63,55,26
2,1000,50,5.13,10.3,18,37,3,941,27,20,12,59,7.280019853,94,131,12.55481712,8.968165495,6.417711448,8.225485882,501,11,9,2,22,440,16,11,10,37,523,477,72,59,66,28
8,1000,50,5.13,10.3,18,37,3,939,28,17,16,61,7.446741894,95,129,12.74960368,9.42764704,6.74859588,8.098975017,456,14,8,5,27,483,14,9,11,34,483,517,77,52,70,25
1,1000,50,5.13,10.3,18,37,3,934,28,20,18,66,7.417562945,87,135,12.56922838,9.54312562,6.457308328,8.362575424,482,6,4,4,14,452,22,16,14,52,496,504,80,55,59,28
4,1000,50,5.13,10.3,18,37,4,937,30,13,20,63,7.480290343,87,125,12.59214238,9.223338709,6.553807145,8.475971457,494,17,4,3,24,443,13,9,17,39,518,482,69,56,59,28
5,1000,50,5.13,10.3,18,37,4,955,26,13,6,45,7.03309084,119,121,12.64240014,8.888176492,6.566500942,7.55294893,508,9,9,1,19,447,17,4,5,26,527,473,59,62,87,32
3,1000,50,5.13,10.3,18,37,4,952,28,10,10,48,7.225792611,90,118,12.49692551,8.848694945,6.934206313,7.544219489,497,14,5,6,25,455,14,5,4,23,522,478,74,44,54,36
6,1000,50,5.13,10.3,18,37,4,971,15,8,6,29,6.612001539,77,138,12.70081767,8.507953259,5.870703416,7.324229148,481,5,4,0,9,490,10,4,6,20,490,510,75,63,50,27
7,1000,50,5.13,10.3,18,37,4,953,22,11,14,47,7.286216788,92,156,12.59528502,9.052821445,6.504240447,8.08399063,489,6,5,5,16,464,16,6,9,31,505,495,80,76,65,27
2,1000,50,5.13,10.3,18,37,4,941,27,20,12,59,7.292402106,84,142,12.54109965,8.974574086,6.487259482,8.175189511,501,11,9,2,22,440,16,11,10,37,523,477,87,55,62,22
8,1000,50,5.13,10.3,18,37,4,940,28,16,16,60,7.461188275,104,145,12.76310791,9.470928417,6.810425554,8.069154222,456,14,8,5,27,484,14,8,11,33,483,517,79,66,68,36
1,1000,50,5.13,10.3,18,37,4,937,27,18,18,63,7.449964056,111,139,12.63080331,9.594231527,6.473121444,8.41130123,483,6,3,4,13,454,21,15,14,50,496,504,82,57,81,30
4,1000,50,5.13,10.3,18,37,5,937,30,13,20,63,7.484458529,85,125,12.62152445,9.25294179,6.564890758,8.472707709,494,17,4,3,24,443,13,9,17,39,518,482,71,54,57,28
5,1000,50,5.13,10.3,18,37,5,955,26,13,6,45,7.064417692,96,119,12.69735632,8.947350014,6.601096456,7.580633953,508,9,9,1,19,447,17,4,5,26,527,473,75,44,66,30
3,1000,50,5.13,10.3,18,37,5,952,27,10,11,48,7.256098999,92,115,12.54130142,8.902600332,6.956810859,7.582936675,497,14,4,7,25,455,13,6,4,23,522,478,62,53,66,26
6,1000,50,5.13,10.3,18,37,5,972,15,7,6,28,6.67283567,99,121,12.75025425,8.569002744,5.990540239,7.328374418,481,5,4,0,9,491,10,3,6,19,490,510,75,46,67,32
7,1000,50,5.13,10.3,18,37,5,954,21,11,14,46,7.32877389,91,134,12.62851568,9.122725844,6.565814428,8.107146675,489,6,5,5,16,465,15,6,9,30,505,495,77,57,68,23
8,1000,50,5.13,10.3,18,37,5,939,28,17,16,61,7.51209053,96,136,12.8305523,9.510248183,6.873242781,8.108925081,455,14,9,5,28,484,14,8,11,33,483,517,89,47,63,33
2,1000,50,5.13,10.3,18,37,5,943,25,20,12,57,7.300514035,108,127,12.60039052,9.011114059,6.512009721,8.165058597,502,10,9,2,21,441,15,11,10,36,523,477,70,57,77,31
5,1000,50,5.13,10.3,18,37,6,955,26,13,6,45,7.09025531,101,128,12.72852839,8.999375699,6.613846182,7.621053641,508,9,9,1,19,447,17,4,5,26,527,473,63,65,60,41
1,1000,50,5.13,10.3,18,37,5,938,28,18,16,62,7.447274129,92,126,12.68975457,9.672243942,6.539019701,8.34111182,483,6,3,4,13,455,22,15,12,49,496,504,74,52,66,26
4,1000,50,5.13,10.3,18,37,6,939,29,13,19,61,7.469571149,109,145,12.65027351,9.324356808,6.576566998,8.429272706,494,17,4,3,24,445,12,9,16,37,518,482,80,65,81,28
6,1000,50,5.13,10.3,18,37,6,972,15,7,6,28,6.709317216,83,131,12.85973037,8.658932027,6.037983977,7.354323662,481,5,4,0,9,491,10,3,6,19,490,510,80,51,52,31
3,1000,50,5.13,10.3,18,37,6,953,27,9,11,47,7.271368158,106,127,12.58640238,8.94134938,7.005867669,7.561308023,497,14,4,7,25,456,13,5,4,22,522,478,75,52,73,33
8,1000,50,5.13,10.3,18,37,6,938,29,17,16,62,7.556240148,84,121,12.88426772,9.585452517,6.92513219,8.145843907,455,14,9,5,28,483,15,8,11,34,483,517,77,44,57,27
2,1000,50,5.13,10.3,18,37,6,942,26,20,12,58,7.303387509,71,114,12.67436619,9.06834265,6.517378186,8.165196474,502,10,9,2,21,440,16,11,10,37,523,477,66,48,45,26
7,1000,50,5.13,10.3,18,37,6,955,23,10,12,45,7.310717527,102,143,12.70527031,9.197145238,6.575779839,8.060502441,490,5,5,5,15,465,18,5,7,30,505,495,80,63,68,34
5,1000,50,5.13,10.3,18,37,7,956,24,13,7,44,7.079138928,91,123,12.74360738,9.049892476,6.606030804,7.606259395,509,8,8,2,18,447,16,5,5,26,527,473,79,44,57,34
1,1000,50,5.13,10.3,18,37,6,941,27,15,17,59,7.428997417,113,139,12.74345375,9.775893155,6.561003108,8.283214037,483,6,3,4,13,458,21,12,13,46,496,504,77,62,74,39
4,1000,50,5.13,10.3,18,37,7,938,30,12,20,62,7.490330107,97,130,12.67827581,9.374983755,6.6090016,8.43748398,493,18,4,3,25,445,12,8,17,37,518,482,79,51,73,24
6,1000,50,5.13,10.3,18,37,7,971,16,6,7,29,6.732061918,83,146,12.94391547,8.730774208,6.088359136,7.350521454,480,6,3,1,10,491,10,3,6,19,490,510,94,52,56,27
8,1000,50,5.13,10.3,18,37,7,940,28,16,16,60,7.571727624,97,129,12.93062179,9.646851048,6.944800113,8.15742586,456,13,9,5,27,484,15,7,11,33,483,517,83,46,64,33
3,1000,50,5.13,10.3,18,37,7,954,26,10,10,46,7.273893522,88,131,12.6066826,8.988549481,6.999388574,7.573666708,498,13,5,6,24,456,13,5,4,22,522,478,81,50,52,36
2,1000,50,5.13,10.3,18,37,7,943,25,20,12,57,7.331732359,100,148,12.69325333,9.129737322,6.556320655,8.181921711,502,10,9,2,21,441,15,11,10,36,523,477,86,62,68,32
7,1000,50,5.13,10.3,18,37,7,957,21,10,12,43,7.325241361,107,110,12.74713401,9.220628731,6.611602714,8.053296951,490,5,5,5,15,467,16,5,7,28,505,495,57,53,72,35
5,1000,50,5.13,10.3,18,37,8,957,23,13,7,43,7.100969043,84,122,12.78789432,9.089821177,6.624240858,7.632122855,509,8,8,2,18,448,15,5,5,25,527,473,66,56,54,30
4,1000,50,5.13,10.3,18,37,8,938,30,13,19,62,7.477997216,95,118,12.71564031,9.413768086,6.639542967,8.379074605,493,18,4,3,25,445,12,9,16,37,518,482,58,60,60,35
6,1000,50,5.13,10.3,18,37,8,973,14,6,7,27,6.772418642,87,124,12.97976995,8.787484527,6.107080108,7.411665469,480,6,3,1,10,493,8,3,6,17,490,510,70,54,63,24
1,1000,50,5.13,10.3,18,37,7,941,27,15,17,59,7.43993092,107,133,12.78329518,9.797627763,6.599395006,8.267124995,482,7,3,4,14,459,20,12,13,45,496,504,82,51,78,29
8,1000,50,5.13,10.3,18,37,8,940,29,14,17,60,7.608114002,110,151,12.96086395,9.726667028,7.001461264,8.174870815,455,14,8,6,28,485,15,6,11,32,483,517,95,56,86,24
2,1000,50,5.13,10.3,18,37,8,943,26,20,11,57,7.368998322,88,112,12.74128441,9.174808449,6.608112397,8.203261088,502,10,9,2,21,441,16,11,9,36,523,477,67,45,63,25
3,1000,50,5.13,10.3,18,37,8,953,26,11,10,47,7.302027481,100,125,12.65239479,9.040569844,7.054434337,7.572411626,497,13,6,6,25,456,13,5,4,22,522,478,78,47,67,33
7,1000,50,5.13,10.3,18,37,8,957,21,10,12,43,7.371051414,98,140,12.79152291,9.278586601,6.646655169,8.110081927,490,5,5,5,15,467,16,5,7,28,505,495,93,47,67,31
5,1000,50,5.13,10.3,18,37,9,957,23,12,8,43,7.120760857,99,131,12.81972509,9.11997721,6.660824493,7.633205811,509,8,7,3,18,448,15,5,5,25,527,473,69,62,60,39
4,1000,50,5.13,10.3,18,37,9,938,30,13,19,62,7.518835494,100,151,12.75561878,9.487428253,6.689058372,8.41058767,493,18,4,3,25,445,12,9,16,37,518,482,85,66,71,29
6,1000,50,5.13,10.3,18,37,9,973,14,6,7,27,6.827487863,86,143,13.06834552,8.858151305,6.148443472,7.479903062,480,6,3,1,10,493,8,3,6,17,490,510,96,47,57,29
8,1000,50,5.13,10.3,18,37,9,940,29,15,16,60,7.631059961,109,163,13.03585054,9.770322815,7.053446306,8.170687418,455,14,8,6,28,485,15,7,10,32,483,517,98,65,75,34
2,1000,50,5.13,10.3,18,37,9,944,26,19,11,56,7.415262778,88,137,12.78910114,9.236853218,6.665929343,8.236858975,502,10,9,2,21,442,16,10,9,35,523,477,77,60,63,25
1,1000,50,5.13,10.3,18,37,8,942,27,13,18,58,7.480753013,112,118,12.83064726,9.845962572,6.650223862,8.298099161,482,7,3,4,14,460,20,10,14,44,496,504,72,46,77,35
3,1000,50,5.13,10.3,18,37,9,953,26,11,10,47,7.325003129,91,150,12.68342368,9.070594723,7.046944302,7.628657329,497,13,6,6,25,456,13,5,4,22,522,478,85,65,65,26
7,1000,50,5.13,10.3,18,37,9,954,23,11,12,46,7.43112771,105,129,12.84527604,9.33346915,6.717928865,8.158734611,489,5,6,5,16,465,18,5,7,30,505,495,72,57,77,28
5,1000,50,5.13,10.3,18,37,10,959,21,12,8,41,7.115388577,107,135,12.86309478,9.156941653,6.693529003,7.585409708,509,8,7,3,18,450,13,5,5,23,527,473,78,57,81,26
8,1000,50,5.13,10.3,18,37,10,941,29,14,16,59,7.669077461,109,164,13.10839415,9.844242684,7.144592935,8.159069774,455,14,8,6,28,486,15,6,10,31,483,517,104,60,79,30
4,1000,50,5.13,10.3,18,37,10,938,32,10,20,62,7.524823381,104,129,12.7740338,9.558160323,6.712308559,8.398023957,492,19,4,3,26,446,13,6,17,36,518,482,83,46,81,23
6,1000,50,5.13,10.3,18,37,10,972,15,6,7,28,6.840703525,90,138,13.11795657,8.912721265,6.157111865,7.49748767,479,7,3,1,11,493,8,3,6,17,490,510,89,49,67,23
2,1000,50,5.13,10.3,18,37,10,942,29,18,11,58,7.409298071,98,137,12.82433281,9.254852509,6.685718569,8.202656729,500,12,9,2,23,442,17,9,9,35,523,477,84,53,66,32
3,1000,50,5.13,10.3,18,37,10,955,24,11,10,45,7.326088949,99,145,12.69213643,9.077741292,7.055775282,7.621285047,498,12,6,6,24,457,12,5,4,21,522,478,81,64,67,32
1,1000,50,5.13,10.3,18,37,9,942,27,14,17,58,7.542664207,109,120,12.86750009,9.87520452,6.730336766,8.342097562,482,7,3,4,14,460,20,11,13,44,496,504,69,51,78,31
7,1000,50,5.13,10.3,18,37,10,953,24,11,12,47,7.433616866,104,147,12.87900658,9.373871078,6.729572739,8.151884107,489,5,6,5,16,464,19,5,7,31,505,495,80,67,76,28
5,1000,50,5.13,10.3,18,37,11,959,21,12,8,41,7.138923959,87,135,12.88702271,9.205633136,6.709373796,7.617513676,509,8,7,3,18,450,13,5,5,23,527,473,68,67,60,27
6,1000,50,5.13,10.3,18,37,11,974,14,5,7,26,6.867588943,93,145,13.15331667,8.938261291,6.219346613,7.490410005,479,7,3,1,11,495,7,2,6,15,490,510,88,57,69,24
8,1000,50,5.13,10.3,18,37,11,940,30,14,16,60,7.684998382,99,148,13.15489164,9.894908392,7.179413046,8.157334392,455,14,8,6,28,485,16,6,10,32,483,517,92,56,80,19
4,1000,50,5.13,10.3,18,37,11,939,32,10,19,61,7.51948724,105,145,12.85162741,9.659433269,6.748647203,8.347900391,492,19,4,3,26,447,13,6,16,35,518,482,85,60,81,24
2,1000,50,5.13,10.3,18,37,11,944,28,18,10,56,7.413249854,116,126,12.85245707,9.296765719,6.698498135,8.19692941,501,11,9,2,22,443,17,9,8,34,523,477,76,50,80,36
3,1000,50,5.13,10.3,18,37,11,955,24,11,10,45,7.359341009,102,127,12.72577196,9.134019203,7.064063312,7.68179908,498,12,6,6,24,457,12,5,4,21,522,478,76,51,75,27
1,1000,50,5.13,10.3,18,37,10,943,27,13,17,57,7.523479873,115,132,12.90625338,9.94706595,6.768491171,8.266484627,482,7,3,4,14,461,20,10,13,43,496,504,69,63,84,31
7,1000,50,5.13,10.3,18,37,11,955,23,10,12,45,7.432117025,103,151,12.91108278,9.419859597,6.74884935,8.129188087,490,5,5,5,15,465,18,5,7,30,505,495,82,69,70,33
5,1000,50,5.13,10.3,18,37,12,960,21,12,7,40,7.140913061,96,143,12.90030855,9.242260267,6.754471115,7.571473116,509,8,7,3,18,451,13,5,4,22,527,473,87,56,69,27
6,1000,50,5.13,10.3,18,37,12,974,15,4,7,26,6.85935514,106,149,13.19226407,8.985955034,6.225691884,7.468168857,479,8,2,1,11,495,7,2,6,15,490,510,84,65,75,31
4,1000,50,5.13,10.3,18,37,12,937,35,10,18,63,7.524142003,109,132,12.8880868,9.71597464,6.820766015,8.280052298,490,21,4,3,28,447,14,6,15,35,518,482,79,53,71,38
8,1000,50,5.13,10.3,18,37,12,941,29,14,16,59,7.682292868,84,132,13.21432965,9.973420004,7.224303772,8.110162759,455,14,8,6,28,486,15,6,10,31,483,517,86,46,59,25
3,1000,50,5.13,10.3,18,37,12,954,25,10,11,46,7.412442541,104,113,12.79456603,9.201946156,7.146712192,7.702633423,497,13,6,6,25,457,12,4,5,21,522,478,62,51,67,37
2,1000,50,5.13,10.3,18,37,12,944,28,18,10,56,7.449096094,82,147,12.91118606,9.38416103,6.688478392,8.28306477,502,10,9,2,21,442,18,9,8,35,523,477,87,60,54,28
7,1000,50,5.13,10.3,18,37,12,956,22,10,12,44,7.445795577,95,125,12.98382031,9.48161224,6.793448292,8.111321595,490,5,5,5,15,466,17,5,7,29,505,495,75,50,71,24
1,1000,50,5.13,10.3,18,37,11,946,24,12,18,54,7.535439696,90,124,12.9562779,9.98584647,6.798791947,8.260394623,483,6,3,4,13,463,18,9,14,41,496,504,75,49,72,18
5,1000,50,5.13,10.3,18,37,13,960,21,12,7,40,7.192815856,93,118,12.9784765,9.285402277,6.82244135,7.605474131,509,8,7,3,18,451,13,5,4,22,527,473,68,50,57,36
6,1000,50,5.13,10.3,18,37,13,973,16,4,7,27,6.89491024,83,138,13.28871661,9.084877134,6.263979729,7.501098377,479,8,2,1,11,494,8,2,6,16,490,510,98,40,55,28
4,1000,50,5.13,10.3,18,37,13,937,35,11,17,63,7.522354081,99,136,12.94247999,9.773524496,6.831026475,8.265316115,490,20,5,3,28,447,15,6,14,35,518,482,79,57,76,23
8,1000,50,5.13,10.3,18,37,13,941,29,15,15,59,7.692560949,105,134,13.27746072,10.07725839,7.255038425,8.101310232,455,14,8,6,28,486,15,7,9,31,483,517,86,48,70,35
3,1000,50,5.13,10.3,18,37,13,953,28,10,9,47,7.429603205,93,137,12.86071606,9.287008006,7.174648866,7.708026145,496,14,6,6,26,457,14,4,3,21,522,478,84,53,63,30
2,1000,50,5.13,10.3,18,37,13,946,28,16,10,54,7.458111689,97,123,12.93599281,9.44461704,6.717289232,8.270376145,503,10,8,2,20,443,18,8,8,34,523,477,83,40,63,34
7,1000,50,5.13,10.3,18,37,13,955,23,10,12,45,7.426697154,103,136,12.99381489,9.533927745,6.792254035,8.073957306,490,5,5,5,15,465,18,5,7,30,505,495,82,54,72,31
5,1000,50,5.13,10.3,18,37,14,963,18,12,7,37,7.188073027,83,126,13.00657575,9.337599888,6.826581483,7.590834219,510,7,7,3,17,453,11,5,4,20,527,473,78,48,62,21
1,1000,50,5.13,10.3,18,37,12,947,23,12,18,53,7.543730779,99,142,13.02384736,10.09096174,6.817314909,8.258616238,483,6,3,4,13,464,17,9,14,40,496,504,89,53,69,30
6,1000,50,5.13,10.3,18,37,14,973,16,5,6,27,6.936183348,92,131,13.33235261,9.158166721,6.330168203,7.518433192,479,8,2,1,11,494,8,3,5,16,490,510,85,46,71,21
4,1000,50,5.13,10.3,18,37,14,935,37,11,17,65,7.568229261,105,144,13.01471107,9.835364237,6.916159997,8.269000792,489,21,5,3,29,446,16,6,14,36,518,482,89,55,85,20
8,1000,50,5.13,10.3,18,37,14,942,28,16,14,58,7.697222444,125,132,13.33037944,10.1387303,7.296795097,8.071316078,456,13,8,6,27,486,15,8,8,31,483,517,91,41,94,31
2,1000,50,5.13,10.3,18,37,14,947,28,15,10,53,7.459313719,103,144,12.98561666,9.498313595,6.71673577,8.273502959,504,10,7,2,19,443,18,8,8,34,523,477,86,58,77,26
3,1000,50,5.13,10.3,18,37,14,949,32,9,10,51,7.508953639,99,136,12.92922972,9.384133015,7.258520833,7.782438837,496,14,5,7,26,453,18,4,3,25,522,478,87,49,76,23
7,1000,50,5.13,10.3,18,37,14,956,22,10,12,44,7.477909757,97,136,13.03758507,9.612842514,6.828360237,8.14058149,490,5,5,5,15,466,17,5,7,29,505,495,82,54,69,28
5,1000,50,5.13,10.3,18,37,15,964,17,12,7,36,7.217353116,91,143,13.08649299,9.444908065,6.872770721,7.601274727,510,7,7,3,17,454,10,5,4,19,527,473,91,52,66,25
6,1000,50,5.13,10.3,18,37,15,973,15,6,6,27,6.942271481,86,136,13.3988831,9.24520425,6.332011352,7.52859984,479,7,3,1,11,494,8,3,5,16,490,510,83,53,59,27
1,1000,50,5.13,10.3,18,37,13,948,22,12,18,52,7.576813691,102,131,13.04675743,10.1383641,6.853485568,8.288660415,483,6,3,4,13,465,16,9,14,39,496,504,81,50,78,24
4,1000,50,5.13,10.3,18,37,15,937,35,11,17,63,7.566845982,103,137,13.10418723,9.90784342,6.949635044,8.230155663,489,21,5,3,29,448,14,6,14,34,518,482,85,52,81,22
8,1000,50,5.13,10.3,18,37,15,940,30,16,14,60,7.771978594,117,160,13.38521064,10.17340847,7.39450852,8.124624717,455,14,8,6,28,485,16,8,8,32,483,517,114,46,84,33
2,1000,50,5.13,10.3,18,37,15,950,26,14,10,50,7.441938764,98,119,13.01355057,9.52912481,6.774806277,8.173406879,504,10,7,2,19,446,16,7,8,31,523,477,73,46,74,24
3,1000,50,5.13,10.3,18,37,15,950,31,9,10,50,7.520294727,92,137,12.99721903,9.445196917,7.283036577,7.779392539,496,14,5,7,26,454,17,4,3,24,522,478,85,52,64,28
5,1000,50,5.13,10.3,18,37,16,965,17,11,7,35,7.22783015,92,136,13.13075843,9.510437838,6.907955687,7.584223051,511,7,6,3,16,454,10,5,4,19,527,473,91,45,64,28
7,1000,50,5.13,10.3,18,37,15,956,21,11,12,44,7.51402175,105,132,13.0752537,9.682314672,6.887926795,8.152765089,490,5,5,5,15,466,16,6,7,29,505,495,84,48,76,29
6,1000,50,5.13,10.3,18,37,16,973,15,6,6,27,6.970852067,91,125,13.46797447,9.319920032,6.385804983,7.532956128,479,7,3,1,11,494,8,3,5,16,490,510,84,41,71,20
1,1000,50,5.13,10.3,18,37,14,949,21,12,18,51,7.552371578,107,128,13.11554674,10.22120369,6.856362858,8.23733254,483,6,3,4,13,466,15,9,14,38,496,504,87,41,82,25
4,1000,50,5.13,10.3,18,37,16,938,35,11,16,62,7.581311673,108,126,13.15076157,9.981143107,6.954293895,8.255160655,490,21,4,3,28,448,14,7,13,34,518,482,71,55,81,27
8,1000,50,5.13,10.3,18,37,16,939,32,15,14,61,7.78722476,98,138,13.47096486,10.25538666,7.409990374,8.139650696,454,15,8,6,29,485,17,7,8,32,483,517,96,42,72,26
2,1000,50,5.13,10.3,18,37,16,953,25,12,10,47,7.434771849,91,130,13.09001398,9.631268238,6.797522825,8.133474657,504,10,7,2,19,449,15,5,8,28,523,477,80,50,62,29
3,1000,50,5.13,10.3,18,37,16,952,29,9,10,48,7.540651124,89,144,13.05594134,9.524114339,7.333320412,7.767066672,496,14,5,7,26,456,15,4,3,22,522,478,99,45,70,19
5,1000,50,5.13,10.3,18,37,17,967,17,9,7,33,7.220377293,118,151,13.18615874,9.571103944,6.907418076,7.569065469,512,8,4,3,15,455,9,5,4,18,527,473,100,51,85,33
7,1000,50,5.13,10.3,18,37,16,957,20,11,12,43,7.519758621,110,126,13.13146041,9.752642608,6.906431026,8.145476672,490,5,5,5,15,467,15,6,7,28,505,495,82,44,78,32
6,1000,50,5.13,10.3,18,37,17,973,15,6,6,27,7.034503489,108,126,13.59044271,9.433920313,6.461365621,7.585165362,479,7,3,1,11,494,8,3,5,16,490,510,86,40,82,26
4,1000,50,5.13,10.3,18,37,17,938,35,11,16,62,7.610530445,96,113,13.26208159,10.07357589,7.000357942,8.266275998,490,21,4,3,28,448,14,7,13,34,518,482,67,46,74,22
1,1000,50,5.13,10.3,18,37,15,950,21,11,18,50,7.592005771,109,148,13.1467966,10.25650599,6.898934605,8.274075808,483,6,3,4,13,467,15,8,14,37,496,504,87,61,85,24
8,1000,50,5.13,10.3,18,37,17,939,32,15,14,61,7.824409638,106,147,13.52237785,10.30522044,7.455426501,8.16912696,454,15,8,6,29,485,17,7,8,32,483,517,97,50,83,23
2,1000,50,5.13,10.3,18,37,17,956,26,10,8,44,7.45993937,94,126,13.14057123,9.676987346,6.862926548,8.114525755,505,10,6,2,18,451,16,4,6,26,523,477,76,50,68,26
3,1000,50,5.13,10.3,18,37,17,954,27,9,10,46,7.544668928,88,145,13.10662144,9.588031611,7.36121818,7.745006356,497,13,5,7,25,457,14,4,3,21,522,478,93,52,64,24
5,1000,50,5.13,10.3,18,37,18,969,15,9,7,31,7.242924818,113,145,13.2966278,9.673057537,6.958097198,7.560269757,513,7,4,3,14,456,8,5,4,17,527,473,91,54,81,32
7,1000,50,5.13,10.3,18,37,17,958,17,12,13,42,7.519929207,107,144,13.20859276,9.826852425,6.927565641,8.124259714,490,4,5,6,15,468,13,7,7,27,505,495,82,62,75,32
6,1000,50,5.13,10.3,18,37,18,972,17,6,5,28,7.032347473,105,158,13.63688395,9.461452226,6.488875751,7.554506578,478,8,3,1,12,494,9,3,4,16,490,510,101,57,83,22
4,1000,50,5.13,10.3,18,37,18,939,35,10,16,61,7.648067625,103,146,13.3703652,10.1712993,7.069680161,8.269654152,490,21,4,3,28,449,14,6,13,33,518,482,94,52,81,22
2,1000,50,5.13,10.3,18,37,18,956,26,11,7,44,7.454577511,118,131,13.18397289,9.726811512,6.87097417,8.094461258,504,11,7,1,19,452,15,4,6,25,523,477,90,41,70,48
8,1000,50,5.13,10.3,18,37,18,939,33,14,14,61,7.835779061,103,135,13.63158602,10.40518374,7.477466923,8.170527152,453,16,8,6,30,486,17,6,8,31,483,517,98,37,77,26
1,1000,50,5.13,10.3,18,37,16,949,22,11,18,51,7.597610871,96,144,13.19601023,10.35113076,6.909545043,8.27475502,482,7,3,4,14,467,15,8,14,37,496,504,96,48,66,30
3,1000,50,5.13,10.3,18,37,18,954,27,9,10,46,7.553059379,111,151,13.20247154,9.635265852,7.386760409,7.734666204,497,13,5,7,25,457,14,4,3,21,522,478,86,65,71,40
5,1000,50,5.13,10.3,18,37,19,968,16,9,7,32,7.265328596,102,152,13.36490403,9.766228225,6.984700749,7.577994294,513,7,4,3,14,455,9,5,4,18,527,473,79,73,71,31
7,1000,50,5.13,10.3,18,37,18,960,15,12,13,40,7.524708155,92,130,13.25032814,9.86506396,6.939691389,8.121543442,490,4,5,6,15,470,11,7,7,25,505,495,85,45,70,22
6,1000,50,5.13,10.3,18,37,19,971,18,6,5,29,7.068002467,85,157,13.7213731,9.560012119,6.553264339,7.562554785,477,9,3,1,13,494,9,3,4,16,490,510,106,51,62,23
4,1000,50,5.13,10.3,18,37,19,940,35,10,15,60,7.654704734,117,143,13.48605797,10.28879774,7.094164999,8.257110507,490,21,4,3,28,450,14,6,12,32,518,482,91,52,86,31
8,1000,50,5.13,10.3,18,37,19,940,32,14,14,60,7.86189819,110,146,13.74155412,10.51591739,7.547531544,8.15559082,454,15,8,6,29,486,17,6,8,31,483,517,106,40,80,30
2,1000,50,5.13,10.3,18,37,19,953,29,11,7,47,7.504418272,95,139,13.26142853,9.819118455,6.91829534,8.147064589,504,11,7,1,19,449,18,4,6,28,523,477,90,49,73,22
3,1000,50,5.13,10.3,18,37,19,955,26,10,9,45,7.583449506,104,130,13.31226466,9.719457489,7.398792072,7.785104696,498,12,5,7,24,457,14,5,2,21,522,478,74,56,74,30
1,1000,50,5.13,10.3,18,37,17,950,22,9,19,50,7.618662943,114,118,13.24763838,10.44663597,6.984133502,8.243120488,482,7,3,4,14,468,15,6,15,36,496,504,84,34,86,28
5,1000,50,5.13,10.3,18,37,20,966,18,9,7,34,7.33117189,104,135,13.4399193,9.874745867,7.090821236,7.598962154,512,8,4,3,15,454,10,5,4,19,527,473,84,51,77,27
6,1000,50,5.13,10.3,18,37,20,973,16,7,4,27,7.017875219,104,159,13.77839656,9.613064609,6.543263893,7.473874335,477,9,3,1,13,496,7,4,3,14,490,510,97,62,73,31
7,1000,50,5.13,10.3,18,37,19,960,14,12,14,40,7.58717236,98,141,13.31973244,9.936242044,7.031583863,8.153984866,490,4,5,6,15,470,10,7,8,25,505,495,96,45,70,28
4,1000,50,5.13,10.3,18,37,20,939,36,10,15,61,7.698026435,103,131,13.56717457,10.36599643,7.156450569,8.28005195,490,21,4,3,28,449,15,6,12,33,518,482,98,33,78,25
8,1000,50,5.13,10.3,18,37,20,940,31,15,14,60,7.886285822,122,139,13.84545755,10.62801393,7.57147632,8.180392185,454,14,9,6,29,486,17,6,8,31,483,517,98,41,97,25
2,1000,50,5.13,10.3,18,37,20,953,29,10,8,47,7.523246876,107,155,13.32299786,9.882125668,6.965815771,8.13443444,504,11,6,2,19,449,18,4,6,28,523,477,100,55,80,27
3,1000,50,5.13,10.3,18,37,20,955,26,10,9,45,7.586827209,87,152,13.39821338,9.818096909,7.415996742,7.773382656,498,12,5,7,24,457,14,5,2,21,522,478,84,68,62,25
1,1000,50,5.13,10.3,18,37,18,950,22,9,19,50,7.638710327,91,138,13.29762959,10.5187371,6.991353421,8.275791726,482,7,3,4,14,468,15,6,15,36,496,504,89,49,74,17
5,1000,50,5.13,10.3,18,37,21,968,17,6,9,32,7.343449452,79,132,13.51372693,9.96263672,7.10929389,7.604337361,513,8,3,3,14,455,9,3,6,18,527,473,76,56,69,10
6,1000,50,5.13,10.3,18,37,21,975,14,7,4,25,7.048787724,109,147,13.84145168,9.68179852,6.579071385,7.500083815,478,8,3,1,12,497,6,4,3,13,490,510,101,46,82,27
7,1000,50,5.13,10.3,18,37,20,962,14,11,13,38,7.592351967,107,136,13.34399265,9.984365541,7.116699471,8.077613605,490,4,5,6,15,472,10,6,7,23,505,495,87,49,84,23
4,1000,50,5.13,10.3,18,37,21,942,32,11,15,58,7.701429509,95,128,13.64461449,10.45933521,7.159465057,8.283872633,492,18,5,3,26,450,14,6,12,32,518,482,79,49,76,19
2,1000,50,5.13,10.3,18,37,21,951,31,10,8,49,7.51957423,118,118,13.41609215,9.96902688,7.010300572,8.077960231,504,11,6,2,19,447,20,4,6,30,523,477,69,49,92,26
8,1000,50,5.13,10.3,18,37,21,940,32,14,14,60,7.888590566,113,132,13.94272764,10.73195229,7.611120122,8.147813436,453,15,9,6,30,487,17,5,8,30,483,517,92,40,87,26
3,1000,50,5.13,10.3,18,37,21,954,27,10,9,46,7.613318844,91,150,13.47957338,9.879722986,7.456931301,7.784101894,497,13,5,7,25,457,14,5,2,21,522,478,98,52,76,15
5,1000,50,5.13,10.3,18,37,22,970,16,6,8,30,7.383701014,104,139,13.60576678,10.07831583,7.200686807,7.58760902,513,8,3,3,14,457,8,3,5,16,527,473,88,51,82,22
1,1000,50,5.13,10.3,18,37,19,952,23,8,17,48,7.661082298,115,122,13.37405596,10.61700591,7.08682116,8.226228179,482,7,3,4,14,470,16,5,13,34,496,504,77,45,93,22
6,1000,50,5.13,10.3,18,37,22,975,15,6,4,25,7.084019333,91,126,13.93256455,9.748765283,6.617454879,7.532287141,479,8,2,1,11,496,7,4,3,14,490,510,91,35,69,22
7,1000,50,5.13,10.3,18,37,21,963,14,10,13,37,7.604858786,94,137,13.42826133,10.06583138,7.168417159,8.050117416,490,4,5,6,15,473,10,5,7,22,505,495,90,47,76,18
4,1000,50,5.13,10.3,18,37,22,945,29,11,15,55,7.716088053,109,125,13.7169227,10.55035389,7.16962023,8.3033709,493,17,5,3,25,452,12,6,12,30,518,482,88,37,82,27
2,1000,50,5.13,10.3,18,37,22,950,31,11,8,50,7.530453554,123,133,13.46565026,10.04708298,7.065226467,8.040545308,504,10,7,2,19,446,21,4,6,31,523,477,101,32,96,27
8,1000,50,5.13,10.3,18,37,22,941,31,12,16,59,7.911259671,114,163,14.08410613,10.84232484,7.660195096,8.145813229,453,15,8,7,30,488,16,4,9,29,483,517,115,48,91,23
3,1000,50,5.13,10.3,18,37,22,953,27,11,9,47,7.642561788,121,134,13.56751137,9.977242117,7.511543611,7.785640215,497,12,6,7,25,456,15,5,2,22,522,478,95,39,97,24
5,1000,50,5.13,10.3,18,37,23,970,16,6,8,30,7.364632168,115,141,13.70095789,10.17843975,7.210015712,7.536900396,513,8,3,3,14,457,8,3,5,16,527,473,91,50,89,26
6,1000,50,5.13,10.3,18,37,23,972,18,6,4,28,7.125903613,96,141,14.01541174,9.817259165,6.636885758,7.595744297,479,8,2,1,11,493,10,4,3,17,490,510,108,33,69,27
1,1000,50,5.13,10.3,18,37,20,951,24,8,17,49,7.667171733,117,144,13.43651748,10.69587649,7.079148251,8.245861509,481,8,3,4,15,470,16,5,13,34,496,504,95,49,88,29
7,1000,50,5.13,10.3,18,37,22,963,14,10,13,37,7.650532483,126,152,13.47384667,10.15129956,7.247762839,8.061438887,490,4,5,6,15,473,10,5,7,22,505,495,111,41,93,33
4,1000,50,5.13,10.3,18,37,23,945,29,12,14,55,7.728816003,118,157,13.8943016,10.71319887,7.231136707,8.263666367,493,17,5,3,25,452,12,7,11,30,518,482,106,51,92,26
2,1000,50,5.13,10.3,18,37,23,950,31,11,8,50,7.577220821,91,138,13.52369101,10.10960176,7.11175438,8.087575011,504,10,7,2,19,446,21,4,6,31,523,477,88,50,67,24
8,1000,50,5.13,10.3,18,37,23,943,30,12,15,57,7.929435417,102,152,14.16227781,10.90677908,7.720077847,8.125024791,453,15,8,7,30,490,15,4,8,27,483,517,108,44,85,17
3,1000,50,5.13,10.3,18,37,23,953,27,11,9,47,7.659381254,100,123,13.65141452,10.04168731,7.552815528,7.775756377,497,12,6,7,25,456,15,5,2,22,522,478,81,42,74,26
5,1000,50,5.13,10.3,18,37,24,970,16,6,8,30,7.415189788,121,148,13.83256089,10.2847056,7.276498234,7.569715049,513,8,3,3,14,457,8,3,5,16,527,473,85,63,87,34
6,1000,50,5.13,10.3,18,37,24,971,19,6,4,29,7.192750686,101,145,14.11973402,9.926499568,6.687121446,7.678551328,478,9,2,1,12,493,10,4,3,17,490,510,92,53,80,21
7,1000,50,5.13,10.3,18,37,23,964,14,10,12,36,7.655377653,113,139,13.54292835,10.22370037,7.282946563,8.035332604,490,4,5,6,15,474,10,5,6,21,505,495,96,43,79,34
1,1000,50,5.13,10.3,18,37,21,951,24,8,17,49,7.676642488,119,143,13.50243855,10.74558486,7.086150789,8.257761303,481,8,3,4,15,470,16,5,13,34,496,504,86,57,78,41
4,1000,50,5.13,10.3,18,37,24,944,29,13,14,56,7.733919366,110,146,14.01494949,10.85066151,7.231688638,8.273661104,493,17,5,3,25,451,12,8,11,31,518,482,89,57,78,32
2,1000,50,5.13,10.3,18,37,24,950,30,12,8,50,7.635533961,99,143,13.61733678,10.20782151,7.183747697,8.130888712,504,10,7,2,19,446,20,5,6,31,523,477,93,50,78,21
8,1000,50,5.13,10.3,18,37,24,942,31,12,15,58,7.972509908,104,142,14.27337125,11.00139923,7.818839669,8.116074174,452,16,8,7,31,490,15,4,8,27,483,517,91,51,84,20
5,1000,50,5.13,10.3,18,37,25,969,17,6,8,31,7.440053636,100,151,13.91835378,10.39331663,7.310408568,7.58449962,513,8,3,3,14,456,9,3,5,17,527,473,96,55,72,28
3,1000,50,5.13,10.3,18,37,24,953,27,11,9,47,7.674654506,120,140,13.76739046,10.14610059,7.545785201,7.815386258,497,12,6,7,25,456,15,5,2,22,522,478,89,51,77,43
6,1000,50,5.13,10.3,18,37,25,971,19,5,5,29,7.203324694,120,137,14.24590836,10.03374986,6.700338693,7.686585754,478,9,1,2,12,493,10,4,3,17,490,510,103,34,93,27
7,1000,50,5.13,10.3,18,37,24,964,14,10,12,36,7.670132538,111,127,13.63145091,10.29732976,7.314179755,8.033276286,490,4,5,6,15,474,10,5,6,21,505,495,82,45,92,19
4,1000,50,5.13,10.3,18,37,25,945,29,12,14,55,7.757975125,97,160,14.16570163,11.00044019,7.274992223,8.27703144,493,17,4,4,25,452,12,8,10,30,518,482,109,51,75,22
2,1000,50,5.13,10.3,18,37,25,949,30,13,8,51,7.696551925,116,133,13.7681945,10.32666023,7.297946413,8.133597382,504,9,8,2,19,445,21,5,6,32,523,477,84,49,98,18
1,1000,50,5.13,10.3,18,37,22,950,25,8,17,50,7.681216391,112,136,13.57435779,10.83430516,7.096792833,8.256363383,481,8,3,4,15,469,17,5,13,35,496,504,92,44,84,28
8,1000,50,5.13,10.3,18,37,25,941,32,12,15,59,7.956203565,118,159,14.39301187,11.13245005,7.805342138,8.097143736,452,16,8,7,31,489,16,4,8,28,483,517,122,37,87,31
5,1000,50,5.13,10.3,18,37,26,968,18,6,8,32,7.47593267,101,141,14.15699015,10.62410649,7.35923941,7.605948205,512,9,3,3,15,456,9,3,5,17,527,473,100,41,75,26
3,1000,50,5.13,10.3,18,37,25,956,25,10,9,44,7.656140139,103,132,13.84784017,10.23167113,7.584161977,7.734743905,497,12,6,7,25,459,13,4,2,19,522,478,78,54,78,25
6,1000,50,5.13,10.3,18,37,26,971,20,5,4,29,7.211559207,100,157,14.36620574,10.1170429,6.733641284,7.670735251,478,9,1,2,12,493,11,4,2,17,490,510,113,44,79,21
4,1000,50,5.13,10.3,18,37,26,946,29,12,13,54,7.783914297,120,158,14.25850049,11.10345403,7.35063382,8.249555972,493,17,4,4,25,453,12,8,9,29,518,482,103,55,102,18
7,1000,50,5.13,10.3,18,37,25,964,15,9,12,36,7.698975642,120,134,13.70512092,10.40070973,7.347922785,8.057120477,490,4,5,6,15,474,11,4,6,21,505,495,91,43,89,31
2,1000,50,5.13,10.3,18,37,26,950,29,13,8,50,7.684462411,99,139,13.9179664,10.44013667,7.337593586,8.064781899,504,9,8,2,19,446,20,5,6,31,523,477,95,44,74,25
8,1000,50,5.13,10.3,18,37,26,941,31,13,15,59,7.975035909,121,158,14.5317766,11.25046341,7.814237495,8.125259572,452,16,8,7,31,489,15,5,8,28,483,517,110,48,99,22
1,1000,50,5.13,10.3,18,37,23,949,26,8,17,51,7.745809221,111,148,13.63576707,10.9086022,7.170277625,8.312205396,480,9,3,4,16,469,17,5,13,35,496,504,106,42,90,21
5,1000,50,5.13,10.3,18,37,27,968,18,6,8,32,7.457967027,102,142,14.36626133,10.80329099,7.331956298,7.598363758,512,9,3,3,15,456,9,3,5,17,527,473,104,38,79,23
3,1000,50,5.13,10.3,18,37,26,954,26,11,9,46,7.68334422,112,150,13.92803379,10.30263474,7.628049617,7.743728703,496,12,7,7,26,458,14,4,2,20,522,478,99,51,77,35
6,1000,50,5.13,10.3,18,37,27,971,19,7,3,29,7.256401115,104,145,14.53954356,10.2637433,6.776588949,7.717397117,478,9,2,1,12,493,10,5,2,17,490,510,101,44,79,25
4,1000,50,5.13,10.3,18,37,27,947,30,11,12,53,7.770937574,137,142,14.45523087,11.26759435,7.360398592,8.212139219,493,17,4,4,25,454,13,7,8,28,518,482,91,51,101,36
7,1000,50,5.13,10.3,18,37,26,966,13,9,12,34,7.698606587,106,152,13.74430597,10.44047317,7.410894608,7.992130929,490,4,5,6,15,476,9,4,6,19,505,495,110,42,85,21
2,1000,50,5.13,10.3,18,37,27,952,27,13,8,48,7.707739205,108,147,14.05259354,10.53142422,7.412578111,8.031364471,504,9,8,2,19,448,18,5,6,29,523,477,102,45,83,25
8,1000,50,5.13,10.3,18,37,27,941,31,13,15,59,8.007471677,105,142,14.67012536,11.380811,7.887849217,8.119227283,452,16,8,7,31,489,15,5,8,28,483,517,99,43,86,19
5,1000,50,5.13,10.3,18,37,28,967,20,6,7,33,7.460589337,117,156,14.69662208,11.05232469,7.339043812,7.596011095,511,11,3,2,16,456,9,3,5,17,527,473,93,63,89,28
1,1000,50,5.13,10.3,18,37,24,948,27,8,17,52,7.747433813,125,134,13.71592682,10.99641015,7.193757052,8.292322055,480,9,3,4,16,468,18,5,13,36,496,504,87,47,102,23
3,1000,50,5.13,10.3,18,37,27,954,26,10,10,46,7.680923727,108,133,13.98076844,10.3624079,7.654785985,7.709467454,496,12,6,8,26,458,14,4,2,20,522,478,98,35,82,26
6,1000,50,5.13,10.3,18,37,28,970,20,7,3,30,7.318542207,85,153,14.71501489,10.37806066,6.852596398,7.766215631,477,10,2,1,13,493,10,5,2,17,490,510,105,48,67,18
4,1000,50,5.13,10.3,18,37,28,947,30,11,12,53,7.788668669,119,155,14.63958399,11.43960895,7.379120456,8.228805545,493,17,4,4,25,454,13,7,8,28,518,482,103,52,94,25
7,1000,50,5.13,10.3,18,37,27,968,12,8,12,32,7.698152114,114,144,13.78506519,10.50604137,7.447180293,7.954194072,491,4,4,6,14,477,8,4,6,18,505,495,103,41,89,25
2,1000,50,5.13,10.3,18,37,28,953,28,11,8,47,7.718846384,110,149,14.18639112,10.64561212,7.444743753,8.019382393,504,10,7,2,19,449,18,4,6,28,523,477,99,50,84,26
8,1000,50,5.13,10.3,18,37,28,946,27,13,14,54,7.974320979,113,146,14.788138,11.49047033,7.922010462,8.023191346,452,16,8,7,31,494,11,5,7,23,483,517,110,36,102,11
5,1000,50,5.13,10.3,18,37,29,967,19,7,7,33,7.452703386,115,141,14.81872722,11.14068513,7.329431778,7.590048285,511,11,3,2,16,456,8,4,5,17,527,473,103,38,91,24
3,1000,50,5.13,10.3,18,37,28,953,27,10,10,47,7.726515079,105,144,14.07606767,10.4672869,7.699540722,7.755972431,495,13,6,8,27,458,14,4,2,20,522,478,103,41,81,24
1,1000,50,5.13,10.3,18,37,25,949,27,7,17,51,7.734024102,119,146,13.827655,11.08959499,7.203059261,8.256560929,480,9,3,4,16,469,18,4,13,35,496,504,97,49,95,24
6,1000,50,5.13,10.3,18,37,29,968,21,8,3,32,7.355066709,115,150,14.87192496,10.50958339,6.922518792,7.770651964,476,11,2,1,14,492,10,6,2,18,490,510,111,39,95,20
4,1000,50,5.13,10.3,18,37,29,947,29,11,13,53,7.797983669,116,147,14.87973691,11.66574279,7.419606549,8.204621321,492,17,5,4,26,455,12,6,9,27,518,482,102,45,99,17
7,1000,50,5.13,10.3,18,37,28,970,12,7,11,30,7.701016995,128,128,13.90296391,10.63275863,7.466810358,7.93995508,492,4,4,5,13,478,8,3,6,17,505,495,93,35,99,29
2,1000,50,5.13,10.3,18,37,29,954,27,10,9,46,7.720732744,119,145,14.34773069,10.77031415,7.47929221,7.985456851,504,10,6,3,19,450,17,4,6,27,523,477,109,36,95,24
8,1000,50,5.13,10.3,18,37,29,945,27,13,15,55,7.992098305,124,147,14.94578472,11.65392119,7.975579017,8.007531219,451,17,8,7,32,494,10,5,8,23,483,517,112,35,107,17
5,1000,50,5.13,10.3,18,37,30,969,18,5,8,31,7.43084101,126,134,14.94014869,11.2653136,7.32973702,7.543487527,512,11,2,2,15,457,7,3,6,16,527,473,108,26,96,30
3,1000,50,5.13,10.3,18,37,29,953,28,10,9,47,7.718970405,118,123,14.17413779,10.54815282,7.720045288,7.717796578,495,14,6,7,27,458,14,4,2,20,522,478,85,38,90,28
6,1000,50,5.13,10.3,18,37,30,969,21,7,3,31,7.360415944,120,154,15.04667429,10.62188523,6.992233931,7.714159446,476,11,2,1,14,493,10,5,2,17,490,510,116,38,101,19
1,1000,50,5.13,10.3,18,37,26,950,27,6,17,50,7.755685215,105,132,13.91814522,11.17914031,7.212808233,8.289945102,481,9,2,4,15,469,18,4,13,35,496,504,87,45,82,23
4,1000,50,5.13,10.3,18,37,30,948,29,11,12,52,7.784190845,119,148,15.10100209,11.8725352,7.427850125,8.167146225,492,17,5,4,26,456,12,6,8,26,518,482,110,38,87,32
7,1000,50,5.13,10.3,18,37,29,972,12,5,11,28,7.707267791,124,137,13.97445027,10.7042123,7.502722843,7.915944961,492,4,4,5,13,480,8,1,6,15,505,495,98,39,99,25
2,1000,50,5.13,10.3,18,37,30,955,26,10,9,45,7.73783497,110,131,14.48924493,10.87849106,7.553427654,7.940025801,503,11,6,3,20,452,15,4,6,25,523,477,96,35,85,25
5,1000,50,5.13,10.3,18,37,31,969,18,5,8,31,7.436378203,102,129,15.03297453,11.36794557,7.340618612,7.543070178,512,11,2,2,15,457,7,3,6,16,527,473,93,36,79,23
8,1000,50,5.13,10.3,18,37,30,945,27,13,15,55,8.012224466,132,156,15.06272497,11.79166679,8.005887536,8.018144654,451,17,8,7,32,494,10,5,8,23,483,517,118,38,115,17
3,1000,50,5.13,10.3,18,37,30,954,27,10,9,46,7.731597674,109,176,14.23524775,10.61065247,7.729041965,7.734388637,496,13,6,7,26,458,14,4,2,20,522,478,126,50,79,30
6,1000,50,5.13,10.3,18,37,31,968,22,7,3,32,7.370658312,99,145,15.21976733,10.75868451,7.033228673,7.694855417,475,12,2,1,15,493,10,5,2,17,490,510,110,35,79,20
1,1000,50,5.13,10.3,18,37,27,949,28,6,17,51,7.779460755,111,150,14.03226178,11.27535959,7.263262168,8.287465713,481,9,2,4,15,468,19,4,13,36,496,504,98,52,93,18
4,1000,50,5.13,10.3,18,37,31,951,28,10,11,49,7.757199669,116,148,15.35782468,12.09146237,7.47612369,8.059268874,492,17,5,4,26,459,11,5,7,23,518,482,102,46,88,28
2,1000,50,5.13,10.3,18,37,31,957,25,9,9,43,7.73452489,118,138,14.65513053,11.00783438,7.580718349,7.903163927,503,11,6,3,20,454,14,3,6,23,523,477,106,32,98,20
7,1000,50,5.13,10.3,18,37,30,971,14,5,10,29,7.717177051,118,133,14.00768424,10.76301941,7.588502512,7.848451076,491,5,3,6,14,480,9,2,4,15,505,495,83,50,93,25
5,1000,50,5.13,10.3,18,37,32,969,18,5,8,31,7.492443334,122,167,15.18018407,11.49989622,7.431849834,7.559954485,512,11,2,2,15,457,7,3,6,16,527,473,120,47,97,25
8,1000,50,5.13,10.3,18,37,31,945,27,12,16,55,8.022779147,119,158,15.2667004,11.98683009,8.019494859,8.025847446,451,17,7,8,32,494,10,5,8,23,483,517,116,42,96,23
3,1000,50,5.13,10.3,18,37,31,954,27,10,9,46,7.731270989,98,112,14.30093457,10.68402606,7.759113518,7.700865549,496,13,6,7,26,458,14,4,2,20,522,478,82,30,82,16
6,1000,50,5.13,10.3,18,37,32,967,22,8,3,33,7.37602175,117,160,15.3700457,10.88383513,7.033478003,7.705132408,475,12,2,1,15,492,10,6,2,18,490,510,126,34,86,31
1,1000,50,5.13,10.3,18,37,28,950,28,6,16,50,7.787780821,121,157,14.17887485,11.42805564,7.298241648,8.269549531,481,9,2,4,15,469,19,4,12,35,496,504,118,39,94,27
4,1000,50,5.13,10.3,18,37,32,952,27,10,11,48,7.761973797,129,146,15.58035585,12.28032001,7.522090447,8.019773746,492,17,5,4,26,460,10,5,7,22,518,482,109,37,101,28
2,1000,50,5.13,10.3,18,37,32,958,24,9,9,42,7.745858887,109,150,14.82714834,11.13719694,7.610983714,7.89374089,503,11,6,3,20,455,13,3,6,22,523,477,106,44,89,20
7,1000,50,5.13,10.3,18,37,31,971,14,5,10,29,7.74380742,115,149,14.0977435,10.88891875,7.64898425,7.840546209,491,5,3,6,14,480,9,2,4,15,505,495,106,43,96,19
8,1000,50,5.13,10.3,18,37,32,944,28,11,17,56,8.043467719,122,155,15.53235657,12.26113878,8.057353471,8.03049515,450,18,7,8,33,494,10,4,9,23,483,517,122,33,106,16
5,1000,50,5.13,10.3,18,37,33,969,18,5,8,31,7.527907306,120,153,15.3458,11.6411293,7.52427892,7.531949926,512,11,2,2,15,457,7,3,6,16,527,473,107,46,93,27
6,1000,50,5.13,10.3,18,37,33,967,22,7,4,33,7.404841306,107,160,15.57360353,11.04729709,7.062828439,7.733441904,475,12,2,1,15,492,10,5,3,18,490,510,119,41,85,22
3,1000,50,5.13,10.3,18,37,32,956,25,10,9,44,7.728758088,122,150,14.42052174,10.83452612,7.808373178,7.641814412,496,13,6,7,26,460,12,4,2,18,522,478,95,55,99,23
1,1000,50,5.13,10.3,18,37,29,951,27,6,16,49,7.780478331,119,169,14.35894774,11.61384662,7.327816648,8.225954907,480,10,2,4,16,471,17,4,12,33,496,504,128,41,99,20
2,1000,50,5.13,10.3,18,37,33,960,22,9,9,40,7.753803328,129,154,14.94011166,11.24790416,7.701039903,7.811655049,503,11,6,3,20,457,11,3,6,20,523,477,107,47,103,26
4,1000,50,5.13,10.3,18,37,33,953,26,10,11,47,7.778972945,126,156,15.82005911,12.48279793,7.545269297,8.030131637,493,16,5,4,25,460,10,5,7,22,518,482,122,34,106,20
7,1000,50,5.13,10.3,18,37,32,971,14,5,10,29,7.772190966,113,147,14.19973419,10.98473542,7.70906379,7.836593438,491,5,3,6,14,480,9,2,4,15,505,495,104,43,82,31
5,1000,50,5.13,10.3,18,37,34,969,18,5,8,31,7.559063727,117,156,15.51053357,11.80846083,7.568377779,7.548686338,512,11,2,2,15,457,7,3,6,16,527,473,117,39,99,18
8,1000,50,5.13,10.3,18,37,33,944,29,10,17,56,8.070347429,120,150,15.75147254,12.48331261,8.123266319,8.020908699,450,18,7,8,33,494,11,3,9,23,483,517,113,37,100,20
6,1000,50,5.13,10.3,18,37,34,968,21,7,4,32,7.423216772,110,176,15.77341161,11.23125188,7.118825091,7.715671524,475,12,2,1,15,493,9,5,3,17,490,510,132,44,96,14
3,1000,50,5.13,10.3,18,37,33,956,26,10,8,44,7.728752652,130,147,14.52784709,10.94317045,7.870700535,7.573738436,495,13,7,7,27,461,13,3,1,17,522,478,100,47,108,22
2,1000,50,5.13,10.3,18,37,34,961,21,9,9,39,7.760017278,120,155,15.1075771,11.3967081,7.720820975,7.802993517,503,11,6,3,20,458,10,3,6,19,523,477,116,39,96,24
4,1000,50,5.13,10.3,18,37,34,950,28,11,11,50,7.826872908,125,155,16.26998227,12.87725037,7.582846014,8.089125877,493,16,5,4,25,457,12,6,7,25,518,482,113,42,96,29
1,1000,50,5.13,10.3,18,37,30,953,25,6,16,47,7.790516709,139,129,14.46124865,11.74157087,7.363605953,8.210651104,481,9,2,4,15,472,16,4,12,32,496,504,96,33,105,34
7,1000,50,5.13,10.3,18,37,33,971,14,5,10,29,7.780016917,134,162,14.30985578,11.07043432,7.748864564,7.811798611,491,5,3,6,14,480,9,2,4,15,505,495,124,38,109,25
5,1000,50,5.13,10.3,18,37,35,969,18,4,9,31,7.588778453,122,156,15.69297208,11.94570846,7.592584369,7.584538035,512,11,2,2,15,457,7,2,7,16,527,473,105,51,97,25
6,1000,50,5.13,10.3,18,37,35,968,21,7,4,32,7.430246178,118,170,15.97468464,11.40231304,7.158223129,7.691601656,475,12,2,1,15,493,9,5,3,17,490,510,135,35,96,22
8,1000,50,5.13,10.3,18,37,34,944,29,10,17,56,8.115944691,127,156,15.85651036,12.61919762,8.202191402,8.03536991,450,18,7,8,33,494,11,3,9,23,483,517,124,32,104,23
3,1000,50,5.13,10.3,18,37,34,956,27,9,8,44,7.725161978,131,136,14.62848236,11.0590265,7.887646016,7.547721251,494,14,7,7,28,462,13,2,1,16,522,478,87,49,99,32
2,1000,50,5.13,10.3,18,37,35,961,22,9,8,39,7.7629133,109,149,15.31126663,11.53280082,7.747428951,7.779890899,503,11,6,3,20,458,11,3,5,19,523,477,108,41,92,17
4,1000,50,5.13,10.3,18,37,35,953,27,9,11,47,7.781589034,106,175,16.64549643,13.19742254,7.561541263,8.01807191,494,16,4,4,24,459,11,5,7,23,518,482,125,50,82,24
7,1000,50,5.13,10.3,18,37,34,971,14,5,10,29,7.802605622,117,164,14.40130198,11.20510725,7.794117325,7.811265399,491,5,3,6,14,480,9,2,4,15,505,495,116,48,94,23
5,1000,50,5.13,10.3,18,37,36,970,17,4,9,30,7.587640003,128,151,15.90623666,12.19537032,7.634475872,7.535457121,512,11,2,2,15,458,6,2,7,15,527,473,102,49,110,18
1,1000,50,5.13,10.3,18,37,31,953,27,6,14,47,7.756720184,110,149,14.54315064,11.83715822,7.401555167,8.106247662,480,10,2,4,16,473,17,4,10,31,496,504,106,43,93,17
6,1000,50,5.13,10.3,18,37,36,968,21,7,4,32,7.460056347,113,159,16.12316085,11.55715629,7.201091813,7.708865409,476,11,2,1,14,492,10,5,3,18,490,510,120,39,90,23
8,1000,50,5.13,10.3,18,37,35,944,29,10,17,56,8.110359419,121,186,16.22032713,13.01048383,8.217342191,8.010412264,450,18,7,8,33,494,11,3,9,23,483,517,142,44,101,20
3,1000,50,5.13,10.3,18,37,35,955,28,9,8,45,7.764143146,110,137,14.75983689,11.20875198,7.924734695,7.588769111,494,14,7,7,28,461,14,2,1,17,522,478,96,41,91,19
2,1000,50,5.13,10.3,18,37,36,963,20,9,8,37,7.756004348,119,155,15.4960604,11.66742324,7.747428951,7.765406723,503,11,6,3,20,460,9,3,5,17,523,477,118,37,96,23
4,1000,50,5.13,10.3,18,37,36,953,26,11,10,47,7.781047527,130,160,17.06401809,13.56441003,7.602193809,7.973259614,494,16,4,4,24,459,10,7,6,23,518,482,121,39,107,23
7,1000,50,5.13,10.3,18,37,35,971,14,4,11,29,7.825297999,109,148,14.52157598,11.32019107,7.794117325,7.857108585,491,5,3,6,14,480,9,1,5,15,505,495,102,46,88,21
5,1000,50,5.13,10.3,18,37,37,969,18,4,9,31,7.609669215,128,156,16.09695472,12.38674623,7.666846495,7.545964296,512,11,2,2,15,457,7,2,7,16,527,473,105,51,100,28
6,1000,50,5.13,10.3,18,37,37,969,22,5,4,31,7.464253812,105,163,16.29702316,11.70349294,7.236093392,7.683466765,477,11,1,1,13,492,11,4,3,18,490,510,127,36,86,19
1,1000,50,5.13,10.3,18,37,32,951,30,6,13,49,7.786555504,126,129,14.67019428,11.97142007,7.442218117,8.125427217,480,10,2,4,16,471,20,4,9,33,496,504,98,31,114,12
3,1000,50,5.13,10.3,18,37,36,955,28,9,8,45,7.776088529,133,153,14.84679081,11.2975322,7.956268242,7.579323236,494,14,7,7,28,461,14,2,1,17,522,478,108,45,96,37
8,1000,50,5.13,10.3,18,37,36,947,28,10,15,53,8.085114001,146,174,16.5358527,13.37614601,8.243964715,7.936709949,450,18,7,8,33,497,10,3,7,20,483,517,139,35,120,26
2,1000,50,5.13,10.3,18,37,37,961,22,9,8,39,7.823969318,132,151,15.75832093,11.8698825,7.857016115,7.787735618,502,12,6,3,21,459,10,3,5,18,523,477,120,31,110,22
4,1000,50,5.13,10.3,18,37,37,953,26,11,10,47,7.818597203,126,146,17.50380902,13.9389531,7.652689309,7.996896557,494,16,4,4,24,459,10,7,6,23,518,482,100,46,104,22
7,1000,50,5.13,10.3,18,37,36,971,15,4,10,29,7.806947053,109,146,14.61382686,11.42568623,7.803368885,7.810597508,491,5,3,6,14,480,10,1,4,15,505,495,109,37,92,17
5,1000,50,5.13,10.3,18,37,38,969,18,4,9,31,7.615150951,131,162,16.48994406,12.75310952,7.725900122,7.491758112,512,11,2,2,15,457,7,2,7,16,527,473,121,41,104,27
6,1000,50,5.13,10.3,18,37,38,969,22,5,4,31,7.479597363,134,161,16.47943011,11.85548813,7.267595201,7.683285714,477,11,1,1,13,492,11,4,3,18,490,510,128,33,111,23
3,1000,50,5.13,10.3,18,37,37,955,27,10,8,45,7.788717796,120,151,14.99508257,11.42771859,7.995809302,7.562563475,494,13,8,7,28,461,14,2,1,17,522,478,112,39,103,17
8,1000,50,5.13,10.3,18,37,37,949,27,9,15,51,8.03660653,138,162,16.83771716,13.7137099,8.269512675,7.81901723,450,18,7,8,33,499,9,2,7,18,483,517,120,42,114,24
1,1000,50,5.13,10.3,18,37,33,952,29,6,13,48,7.788169906,130,159,14.78549464,12.10011768,7.504379141,8.067456055,480,9,3,4,16,472,20,3,9,32,496,504,110,49,115,15
2,1000,50,5.13,10.3,18,37,38,960,22,10,8,40,7.865139992,119,188,15.98310583,12.0428828,7.915471209,7.80995503,502,12,6,3,21,458,10,4,5,19,523,477,145,43,99,20
4,1000,50,5.13,10.3,18,37,38,952,28,11,9,48,7.8053532,152,168,17.87413947,14.27700788,7.663545076,7.957752802,493,17,4,4,25,459,11,7,5,23,518,482,123,45,117,35
7,1000,50,5.13,10.3,18,37,37,970,16,4,10,30,7.821058526,118,170,14.68965547,11.53097365,7.817164791,7.825030923,491,5,3,6,14,479,11,1,4,16,505,495,125,45,100,18
5,1000,50,5.13,10.3,18,37,39,970,18,4,8,30,7.657373624,135,181,16.91231367,13.16635516,7.765343815,7.537077027,512,11,2,2,15,458,7,2,6,15,527,473,140,41,114,21
6,1000,50,5.13,10.3,18,37,39,968,22,6,4,32,7.449913545,138,172,16.7090942,12.02950035,7.28518169,7.608185327,476,11,2,1,14,492,11,4,3,18,490,510,138,34,121,17
3,1000,50,5.13,10.3,18,37,38,958,23,10,9,42,7.796369611,122,165,15.11797085,11.55614892,8.046461037,7.523257217,493,13,9,7,29,465,10,1,2,13,522,478,115,50,95,27
8,1000,50,5.13,10.3,18,37,38,948,27,10,15,52,8.013701201,133,165,17.21978139,14.10822732,8.231507481,7.810218739,450,18,7,8,33,498,9,3,7,19,483,517,134,31,108,25
1,1000,50,5.13,10.3,18,37,34,954,29,5,12,46,7.792822397,121,158,14.8856211,12.22412087,7.554141593,8.027714617,480,9,3,4,16,474,20,2,8,30,496,504,124,34,98,23
2,1000,50,5.13,10.3,18,37,39,960,21,10,9,40,7.8493187,129,178,16.42138358,12.35160796,7.944112351,7.745383524,502,12,6,3,21,458,9,4,6,19,523,477,131,47,106,23
4,1000,50,5.13,10.3,18,37,39,952,28,11,9,48,7.819307007,142,146,18.27313702,14.65320036,7.679001383,7.970091889,493,17,4,4,25,459,11,7,5,23,518,482,112,34,121,21
7,1000,50,5.13,10.3,18,37,38,972,13,5,10,28,7.82345601,121,144,14.79122415,11.65415401,7.825481694,7.821389403,492,3,4,6,13,480,10,1,4,15,505,495,107,37,100,21
5,1000,50,5.13,10.3,18,37,40,970,19,4,7,30,7.649858319,132,159,17.23266645,13.50860628,7.779031984,7.505937555,511,12,2,2,16,459,7,2,5,14,527,473,122,37,113,19
6,1000,50,5.13,10.3,18,37,40,968,21,7,4,32,7.48286402,117,177,16.94412018,12.21857158,7.352232633,7.608372608,476,11,2,1,14,492,10,5,3,18,490,510,149,28,98,19
3,1000,50,5.13,10.3,18,37,39,956,24,11,9,44,7.836811144,118,145,15.29615799,11.7181877,8.075861827,7.575755796,494,11,10,7,28,462,13,1,2,16,522,478,115,30,98,20
8,1000,50,5.13,10.3,18,37,39,945,30,10,15,55,8.041069287,137,175,17.68480072,14.58150265,8.280299982,7.817571366,449,19,7,8,34,496,11,3,7,21,483,517,130,45,121,16
1,1000,50,5.13,10.3,18,37,35,952,30,6,12,48,7.836584762,135,177,15.04973966,12.42208789,7.647472772,8.022694975,480,8,4,4,16,472,22,2,8,32,496,504,135,42,113,22
2,1000,50,5.13,10.3,18,37,40,960,21,10,9,40,7.864320038,135,166,16.64928793,12.53299571,7.992864076,7.723379721,502,12,6,3,21,458,9,4,6,19,523,477,127,39,110,25
4,1000,50,5.13,10.3,18,37,40,953,28,11,8,47,7.806966521,143,161,18.62131578,14.95899984,7.671435002,7.952620726,493,18,4,3,25,460,10,7,5,22,518,482,129,32,115,28
7,1000,50,5.13,10.3,18,37,39,973,12,5,10,27,7.815041035,120,173,14.92688178,11.81228714,7.851277255,7.778072769,492,3,4,6,13,481,9,1,4,14,505,495,133,40,97,23
5,1000,50,5.13,10.3,18,37,41,970,19,4,7,30,7.635248959,129,175,17.55927093,13.84010575,7.823582935,7.425413853,510,13,2,2,17,460,6,2,5,13,527,473,139,36,112,17
6,1000,50,5.13,10.3,18,37,41,968,21,7,4,32,7.517668737,125,174,17.19894083,12.44157669,7.427555843,7.604247791,476,11,2,1,14,492,10,5,3,18,490,510,148,26,107,18
3,1000,50,5.13,10.3,18,37,40,956,24,11,9,44,7.856337433,121,163,15.48337902,11.88482286,8.123452939,7.564633889,494,11,10,7,28,462,13,1,2,16,522,478,129,34,102,19
8,1000,50,5.13,10.3,18,37,40,944,32,10,14,56,8.040826886,140,187,17.93099522,14.82249547,8.313842517,7.785765861,449,19,7,8,34,495,13,3,6,22,483,517,146,41,114,26
2,1000,50,5.13,10.3,18,37,41,960,21,10,9,40,7.857252808,120,170,16.82379582,12.68341552,8.027581011,7.670498825,502,12,6,3,21,458,9,4,6,19,523,477,124,46,102,18
1,1000,50,5.13,10.3,18,37,36,951,31,6,12,49,7.863074047,135,179,15.20432423,12.55700205,7.690942029,8.032473811,480,8,4,4,16,471,23,2,8,33,496,504,128,51,103,32
5,1000,50,5.13,10.3,18,37,42,971,19,4,6,29,7.696319901,130,159,17.97549829,14.2929045,7.888300577,7.48242177,510,13,2,2,17,461,6,2,4,12,527,473,114,45,115,15
4,1000,50,5.13,10.3,18,37,41,953,28,11,8,47,7.800739072,149,178,19.02471875,15.30072688,7.683576225,7.926652671,493,18,4,3,25,460,10,7,5,22,518,482,134,44,125,24
6,1000,50,5.13,10.3,18,37,42,967,22,7,4,33,7.577371244,130,187,17.65484912,12.76463703,7.54174205,7.611603214,475,12,2,1,15,492,10,5,3,18,490,510,152,35,111,19
7,1000,50,5.13,10.3,18,37,40,972,12,6,10,28,7.81623225,118,158,15.04777649,11.93456439,7.891930788,7.739004449,491,4,4,6,14,481,8,2,4,14,505,495,120,38,96,22
3,1000,50,5.13,10.3,18,37,41,956,24,11,9,44,7.870748324,131,148,15.66680174,12.02433768,8.182021108,7.530822816,494,11,10,7,28,462,13,1,2,16,522,478,114,34,110,21
8,1000,50,5.13,10.3,18,37,41,944,32,10,14,56,8.05681659,148,180,18.08289535,14.97687668,8.337823916,7.794289437,449,19,7,8,34,495,13,3,6,22,483,517,139,41,130,18
2,1000,50,5.13,10.3,18,37,42,958,23,10,9,42,7.878005458,125,174,17.05128931,12.87693054,8.082950348,7.653296491,501,13,6,3,22,457,10,4,6,20,523,477,134,40,102,23
5,1000,50,5.13,10.3,18,37,43,969,21,4,6,31,7.684027024,124,185,18.53635485,14.79942882,7.901355043,7.441887772,508,15,2,2,19,461,6,2,4,12,527,473,143,42,103,21
4,1000,50,5.13,10.3,18,37,42,955,28,9,8,45,7.792143346,150,179,19.80274385,15.97278632,7.702554533,7.88842344,493,18,4,3,25,462,10,5,5,20,518,482,140,39,127,23
6,1000,50,5.13,10.3,18,37,43,966,24,7,3,34,7.568743694,130,194,18.01370941,13.01565053,7.550378573,7.586388615,475,12,2,1,15,491,12,5,2,19,490,510,156,38,116,14
7,1000,50,5.13,10.3,18,37,41,972,12,6,10,28,7.85713133,128,146,15.25743857,12.12347021,7.949347068,7.763052647,491,4,4,6,14,481,8,2,4,14,505,495,117,29,107,21
1,1000,50,5.13,10.3,18,37,37,951,31,6,12,49,7.884445333,130,164,15.29775792,12.6761784,7.713734347,8.052446621,480,8,4,4,16,471,23,2,8,33,496,504,124,40,107,23
3,1000,50,5.13,10.3,18,37,42,955,25,11,9,45,7.900512214,115,158,15.90424039,12.19431036,8.234813357,7.53543858,494,11,10,7,28,461,14,1,2,17,522,478,120,38,102,13
8,1000,50,5.13,10.3,18,37,42,945,31,10,14,55,8.064399214,119,181,18.32263686,15.19477639,8.391254671,7.759039087,449,19,7,8,34,496,12,3,6,21,483,517,144,37,105,14
2,1000,50,5.13,10.3,18,37,43,957,24,10,9,43,7.891470474,136,155,17.28187001,13.06673971,8.133854582,7.625711797,500,14,6,3,23,457,10,4,6,20,523,477,129,26,114,22
5,1000,50,5.13,10.3,18,37,44,968,22,4,6,32,7.671368251,148,183,18.87316574,15.04484531,7.898273101,7.418558831,507,16,2,2,20,461,6,2,4,12,527,473,138,45,122,26
4,1000,50,5.13,10.3,18,37,43,955,28,9,8,45,7.803391236,145,183,20.44879712,16.55265975,7.743314676,7.867954842,493,18,4,3,25,462,10,5,5,20,518,482,138,45,127,18
6,1000,50,5.13,10.3,18,37,44,967,23,7,3,33,7.583850219,127,172,18.28897173,13.22116021,7.610175411,7.558557388,475,12,2,1,15,492,11,5,2,18,490,510,143,29,105,22
7,1000,50,5.13,10.3,18,37,42,970,14,6,10,30,7.852396193,116,166,15.39121623,12.23563388,7.950273134,7.752541942,489,6,4,6,16,481,8,2,4,14,505,495,124,42,96,20
1,1000,50,5.13,10.3,18,37,38,949,33,6,12,51,7.918415696,133,147,15.44381314,12.86749369,7.762816062,8.071545494,479,9,4,4,17,470,24,2,8,34,496,504,109,38,116,17
3,1000,50,5.13,10.3,18,37,43,957,23,11,9,43,7.888854127,132,171,16.08319986,12.36192456,8.241689013,7.503540716,494,11,10,7,28,463,12,1,2,15,522,478,124,47,109,23
8,1000,50,5.13,10.3,18,37,43,942,33,11,14,58,8.11455736,145,187,18.55326098,15.3892945,8.448548517,7.802530806,448,19,8,8,35,494,14,3,6,23,483,517,153,34,124,21
2,1000,50,5.13,10.3,18,37,44,957,24,11,8,43,7.880777593,134,169,17.60154194,13.30217755,8.160252651,7.574351062,500,14,6,3,23,457,10,5,5,20,523,477,127,42,112,22
5,1000,50,5.13,10.3,18,37,45,968,22,5,5,32,7.672432798,127,174,19.37005074,15.50793549,7.924241595,7.391876274,507,15,3,2,20,461,7,2,3,12,527,473,153,21,109,18
4,1000,50,5.13,10.3,18,37,44,956,27,9,8,44,7.792861487,152,174,21.35159112,17.35244914,7.770000595,7.817429831,494,17,4,3,24,462,10,5,5,20,518,482,140,34,133,19
6,1000,50,5.13,10.3,18,37,45,966,24,7,3,34,7.614279839,128,195,18.54081583,13.42385179,7.655755862,7.574430327,474,13,2,1,16,492,11,5,2,18,490,510,151,44,110,18
7,1000,50,5.13,10.3,18,37,43,968,16,6,10,32,7.882398342,114,172,15.52886299,12.39309461,7.993480197,7.769072408,488,7,4,6,17,480,9,2,4,15,505,495,125,47,95,19
1,1000,50,5.13,10.3,18,37,39,951,31,6,12,49,7.88316187,159,148,15.67724587,13.06919823,7.776882563,7.987754204,479,9,4,4,17,472,22,2,8,32,496,504,118,30,134,25
3,1000,50,5.13,10.3,18,37,44,958,24,11,7,42,7.858571068,127,164,16.4237532,12.6621576,8.294366981,7.38266005,494,11,10,7,28,464,13,1,0,14,522,478,124,40,107,20
8,1000,50,5.13,10.3,18,37,44,942,33,11,14,58,8.091623776,142,192,18.78071748,15.60230338,8.459328897,7.748100423,448,19,8,8,35,494,14,3,6,23,483,517,152,40,122,20
2,1000,50,5.13,10.3,18,37,45,956,26,10,8,44,7.892842682,130,175,18.15445854,13.73232025,8.196995921,7.559358103,498,16,6,3,25,458,10,4,5,19,523,477,136,39,111,19
5,1000,50,5.13,10.3,18,37,46,968,22,5,5,32,7.711336644,129,178,19.93066937,16.04352591,7.988913321,7.402070451,507,15,3,2,20,461,7,2,3,12,527,473,137,41,109,20
6,1000,50,5.13,10.3,18,37,46,966,24,7,3,34,7.626707227,135,210,18.98663542,13.75402561,7.705854175,7.550664081,474,13,2,1,16,492,11,5,2,18,490,510,168,42,115,20
4,1000,50,5.13,10.3,18,37,45,957,26,9,8,43,7.765797697,146,183,22.16060445,18.06405472,7.780861051,7.749609279,494,17,4,3,24,463,9,5,5,19,518,482,136,47,128,18
7,1000,50,5.13,10.3,18,37,44,968,17,6,9,32,7.884992436,123,171,15.6504603,12.52552015,8.008063932,7.759434647,488,7,4,6,17,480,10,2,3,15,505,495,134,37,101,22
3,1000,50,5.13,10.3,18,37,45,959,22,12,7,41,7.883489712,127,180,16.73648563,12.90284536,8.388504113,7.331988628,494,10,11,7,28,465,12,1,0,13,522,478,144,36,114,13
1,1000,50,5.13,10.3,18,37,40,952,29,7,12,48,7.90432556,149,155,15.86060828,13.2479238,7.773575307,8.033000413,479,9,4,4,17,473,20,3,8,31,496,504,123,32,129,20
8,1000,50,5.13,10.3,18,37,45,943,33,10,14,57,8.136109817,157,184,18.91418294,15.71321266,8.535743705,7.762757461,448,19,8,8,35,495,14,2,6,22,483,517,152,32,130,27
5,1000,50,5.13,10.3,18,37,47,968,22,5,5,32,7.679191499,141,188,20.48181504,16.52236821,8.000299732,7.321423975,507,15,3,2,20,461,7,2,3,12,527,473,148,40,123,18
2,1000,50,5.13,10.3,18,37,46,955,27,10,8,45,7.885317874,124,179,18.46790562,14.04549356,8.225182879,7.512677629,497,17,6,3,26,458,10,4,5,19,523,477,139,40,106,18
6,1000,50,5.13,10.3,18,37,47,967,24,6,3,33,7.634040898,129,176,19.31424831,13.98223594,7.725586446,7.546085371,474,13,2,1,16,493,11,4,2,17,490,510,141,35,114,15
4,1000,50,5.13,10.3,18,37,46,957,26,9,8,43,7.763015278,141,192,23.00371183,18.75190255,7.812159381,7.71020066,494,17,4,3,24,463,9,5,5,19,518,482,155,37,122,19
7,1000,50,5.13,10.3,18,37,45,968,17,6,9,32,7.916584143,128,164,15.79654143,12.6356615,8.053799097,7.77659717,488,7,4,6,17,480,10,2,3,15,505,495,132,32,108,20
3,1000,50,5.13,10.3,18,37,46,959,22,12,7,41,7.897013256,127,187,17.19395425,13.27470083,8.432636821,7.31208543,494,10,11,7,28,465,12,1,0,13,522,478,138,49,115,12
8,1000,50,5.13,10.3,18,37,46,943,32,11,14,57,8.146049311,144,185,19.15161903,15.94270923,8.556134942,7.76293256,448,18,9,8,35,495,14,2,6,22,483,517,163,22,130,14
1,1000,50,5.13,10.3,18,37,41,956,26,7,11,44,7.922794381,145,150,16.00465437,13.41425789,7.796843886,8.046745662,480,8,4,4,16,476,18,3,7,28,496,504,116,34,123,22
5,1000,50,5.13,10.3,18,37,48,968,22,5,5,32,7.667154947,142,183,21.06875847,16.93764898,8.010490895,7.284622083,507,15,3,2,20,461,7,2,3,12,527,473,154,29,117,25
2,1000,50,5.13,10.3,18,37,47,955,27,10,8,45,7.906319959,139,174,18.95614955,14.39126756,8.316713233,7.456349975,497,17,6,3,26,458,10,4,5,19,523,477,135,39,118,21
6,1000,50,5.13,10.3,18,37,48,967,24,6,3,33,7.639348328,134,174,19.67267778,14.25644544,7.775985033,7.508069926,474,13,2,1,16,493,11,4,2,17,490,510,146,28,117,17
4,1000,50,5.13,10.3,18,37,47,958,26,8,8,42,7.749606622,162,194,24.39057021,19.92111686,7.837089331,7.655589936,494,17,4,3,24,464,9,4,5,18,518,482,153,41,140,22
7,1000,50,5.13,10.3,18,37,46,968,16,7,9,32,7.947557552,154,140,15.97144248,12.79147893,8.094452907,7.797694613,488,6,5,6,17,480,10,2,3,15,505,495,111,29,130,24
3,1000,50,5.13,10.3,18,37,47,958,23,12,7,42,7.93617004,145,185,17.45874904,13.53276484,8.505717197,7.314195948,494,10,11,7,28,464,13,1,0,14,522,478,146,39,124,21
8,1000,50,5.13,10.3,18,37,47,944,33,10,13,56,8.145628109,146,181,19.34710329,16.1170566,8.638016266,7.685621378,447,20,9,7,36,497,13,1,6,20,483,517,149,32,130,16
1,1000,50,5.13,10.3,18,37,42,956,26,7,11,44,7.92992148,149,178,16.18829227,13.56428669,7.838254711,8.02013322,479,8,5,4,17,477,18,2,7,27,496,504,135,43,127,22
5,1000,50,5.13,10.3,18,37,49,968,22,5,5,32,7.714873374,132,179,21.67408928,17.51782297,8.074221086,7.314500765,507,15,3,2,20,461,7,2,3,12,527,473,134,45,115,17
2,1000,50,5.13,10.3,18,37,48,953,29,10,8,47,7.958120827,146,186,19.41679282,14.77866267,8.358672108,7.51894196,496,18,6,3,27,457,11,4,5,20,523,477,141,45,124,22
6,1000,50,5.13,10.3,18,37,49,966,25,6,3,34,7.671657581,140,211,20.12747958,14.60867834,7.789987713,7.557967847,473,14,2,1,17,493,11,4,2,17,490,510,164,47,113,27
4,1000,50,5.13,10.3,18,37,48,957,27,8,8,43,7.766654772,133,193,25.28871294,20.70628493,7.873667967,7.65164889,494,17,4,3,24,463,10,4,5,19,518,482,158,35,123,10
7,1000,50,5.13,10.3,18,37,47,969,16,6,9,31,7.959855358,120,174,16.11022331,12.91746142,8.117907752,7.798609985,488,6,5,6,17,481,10,1,3,14,505,495,131,43,107,13
3,1000,50,5.13,10.3,18,37,48,958,23,12,7,42,7.950537935,125,183,17.87891973,13.88647572,8.530737864,7.316930481,494,10,11,7,28,464,13,1,0,14,522,478,147,36,102,23
8,1000,50,5.13,10.3,18,37,48,943,34,10,13,57,8.157951808,141,183,19.5952748,16.36452206,8.662429912,7.686650213,447,20,9,7,36,496,14,1,6,21,483,517,149,34,131,10
5,1000,50,5.13,10.3,18,37,50,965,24,6,5,35,7.759756426,143,193,22.50420275,18.23329572,8.124661203,7.353192329,506,16,3,2,21,459,8,3,3,14,527,473,155,38,127,16
1,1000,50,5.13,10.3,18,37,43,956,26,7,11,44,7.911825193,135,160,16.39246075,13.77313469,7.846469021,7.976143965,479,8,5,4,17,477,18,2,7,27,496,504,126,34,123,12
2,1000,50,5.13,10.3,18,37,49,951,30,11,8,49,7.992739325,138,197,19.76971834,15.08034057,8.452446604,7.488699688,494,19,7,3,29,457,11,4,5,20,523,477,150,47,125,13
6,1000,50,5.13,10.3,18,37,50,963,28,7,2,37,7.674182164,137,183,20.67859746,15.02305613,7.850516573,7.50476283,470,17,2,1,20,493,11,5,1,17,490,510,152,31,120,17
4,1000,50,5.13,10.3,18,37,49,956,27,9,8,44,7.789490756,164,193,26.32053657,21.59678753,7.930655443,7.637782647,493,18,4,3,25,463,9,5,5,19,518,482,153,40,145,19
7,1000,50,5.13,10.3,18,37,48,969,15,7,9,31,7.961896818,124,166,16.24530194,13.04435263,8.145628731,7.77445315,488,5,6,6,17,481,10,1,3,14,505,495,125,41,105,19
3,1000,50,5.13,10.3,18,37,49,958,23,12,7,42,7.970912677,143,192,18.26756304,14.21057134,8.557409507,7.33042869,493,11,11,7,29,465,12,1,0,13,522,478,149,43,122,21
8,1000,50,5.13,10.3,18,37,49,943,34,10,13,57,8.201455839,168,193,19.83414899,16.60404992,8.698411257,7.73718221,447,20,9,7,36,496,14,1,6,21,483,517,156,37,143,25
5,1000,50,5.13,10.3,18,37,51,965,24,6,5,35,7.769239054,137,177,23.19101851,18.76590508,8.210647936,7.277436769,506,16,3,2,21,459,8,3,3,14,527,473,146,31,118,19
2,1000,50,5.13,10.3,18,37,50,950,31,11,8,50,8.003718149,147,184,20.35092112,15.57836517,8.490715787,7.469756379,494,19,7,3,29,456,12,4,5,21,523,477,152,32,122,25
1,1000,50,5.13,10.3,18,37,44,957,24,7,12,43,7.894750343,132,169,16.66103942,14.02135273,7.853933796,7.934919008,479,8,5,4,17,478,16,2,8,26,496,504,137,32,119,13
6,1000,50,5.13,10.3,18,37,51,964,27,6,3,36,7.687197416,164,190,21.48261207,15.61089883,7.891095904,7.491294948,470,17,1,2,20,494,10,5,1,16,490,510,151,39,148,16
4,1000,50,5.13,10.3,18,37,50,958,27,9,6,42,7.745041746,160,197,27.70082998,22.78433164,7.940598244,7.534879369,493,18,4,3,25,465,9,5,3,17,518,482,165,32,137,23
7,1000,50,5.13,10.3,18,37,49,970,14,7,9,30,7.986085504,135,180,16.42202771,13.19588791,8.190327377,7.777717533,488,5,6,6,17,482,9,1,3,13,505,495,137,43,118,17
3,1000,50,5.13,10.3,18,37,50,958,23,12,7,42,7.994374772,124,203,18.81873031,14.63902401,8.603352726,7.329340269,493,11,11,7,29,465,12,1,0,13,522,478,157,46,110,14
8,1000,50,5.13,10.3,18,37,50,943,35,10,12,57,8.171698092,155,169,20.10290429,16.80604441,8.712424216,7.666532292,447,20,9,7,36,496,15,1,5,21,483,517,141,28,139,16
5,1000,50,5.13,10.3,18,37,52,966,23,7,4,34,7.777113376,145,207,23.83591838,19.4420407,8.262467534,7.236348806,506,16,3,2,21,460,7,4,2,13,527,473,164,43,134,11
2,1000,50,5.13,10.3,18,37,51,950,30,12,8,50,8.05893897,142,190,21.11405233,16.14729859,8.568356311,7.50039543,494,18,8,3,29,456,12,4,5,21,523,477,164,26,118,24
4,1000,50,5.13,10.3,18,37,51,958,27,9,6,42,7.794178375,181,206,28.51270629,23.42249006,8.019934735,7.551560544,493,18,4,3,25,465,9,5,3,17,518,482,163,43,163,18
6,1000,50,5.13,10.3,18,37,52,966,24,7,3,34,7.70948046,162,220,22.02167991,16.0098282,7.931578067,7.496092563,471,15,2,2,19,495,9,5,1,15,490,510,185,35,144,18
1,1000,50,5.13,10.3,18,37,45,959,22,7,12,41,7.898116268,135,187,16.82141599,14.13912747,7.892989278,7.903161876,479,8,5,4,17,480,14,2,8,24,496,504,146,41,112,23
7,1000,50,5.13,10.3,18,37,50,967,17,7,9,33,8.002604836,135,154,16.59087367,13.31681845,8.23696332,7.763511837,487,6,6,6,18,480,11,1,3,15,505,495,125,29,111,24
3,1000,50,5.13,10.3,18,37,51,958,22,12,8,42,8.017946658,143,191,19.11698439,14.8645435,8.610726733,7.370601053,494,9,11,8,28,464,13,1,0,14,522,478,159,32,119,24
8,1000,50,5.13,10.3,18,37,51,942,36,10,12,58,8.199526214,167,193,20.39912004,17.08108982,8.785430168,7.652153661,446,21,9,7,37,496,15,1,5,21,483,517,162,31,143,24
5,1000,50,5.13,10.3,18,37,53,966,23,7,4,34,7.781080697,153,191,24.8595914,20.66134447,8.305052412,7.197289801,506,16,3,2,21,460,7,4,2,13,527,473,157,34,137,16
2,1000,50,5.13,10.3,18,37,52,950,29,13,8,50,8.052419613,143,191,21.86647351,16.72300947,8.587641272,7.465583287,494,18,8,3,29,456,11,5,5,21,523,477,166,25,124,19
6,1000,50,5.13,10.3,18,37,53,965,25,7,3,35,7.732766965,155,215,22.78736256,16.56589859,7.974721081,7.500301247,471,15,2,2,19,494,10,5,1,16,490,510,176,39,140,15
4,1000,50,5.13,10.3,18,37,52,961,26,7,6,39,7.754087931,185,218,29.38930767,24.17874893,8.05223467,7.433672972,494,18,3,3,24,467,8,4,3,15,518,482,185,33,165,20
1,1000,50,5.13,10.3,18,37,46,959,22,7,12,41,7.917639983,151,159,17.06784249,14.38772237,7.954449061,7.881415176,479,8,5,4,17,480,14,2,8,24,496,504,137,22,130,21
7,1000,50,5.13,10.3,18,37,51,966,18,7,9,34,8.055524981,121,181,16.75418866,13.47714369,8.285113213,7.821298602,487,6,6,6,18,479,12,1,3,16,505,495,146,35,105,16
3,1000,50,5.13,10.3,18,37,52,957,23,12,8,43,8.032258504,160,194,19.38005949,15.09986691,8.614707471,7.396194988,493,10,11,8,29,464,13,1,0,14,522,478,156,38,145,15
8,1000,50,5.13,10.3,18,37,52,941,37,10,12,59,8.222530623,148,197,20.87291534,17.45583211,8.894272566,7.594965134,445,22,9,7,38,496,15,1,5,21,483,517,164,33,136,12
5,1000,50,5.13,10.3,18,37,54,965,24,7,4,35,7.778064221,152,184,25.83025803,21.61817696,8.31690915,7.177702113,506,16,3,2,21,459,8,4,2,14,527,473,153,31,132,20
2,1000,50,5.13,10.3,18,37,53,950,29,13,8,50,8.046430913,153,201,22.48697803,17.20321314,8.591916472,7.448340878,494,18,8,3,29,456,11,5,5,21,523,477,162,39,126,27
6,1000,50,5.13,10.3,18,37,54,965,24,7,4,35,7.720140761,159,233,23.4142445,17.01062193,7.997812062,7.45335853,470,16,1,3,20,495,8,6,1,15,490,510,204,29,139,20
4,1000,50,5.13,10.3,18,37,53,962,25,7,6,38,7.799393912,172,222,30.92226171,25.40042804,8.129001571,7.445168255,494,18,3,3,24,468,7,4,3,14,518,482,192,30,150,22
1,1000,50,5.13,10.3,18,37,47,959,22,7,12,41,7.962187854,140,161,17.29891936,14.58744403,7.990434914,7.934389159,479,8,5,4,17,480,14,2,8,24,496,504,134,27,122,18
3,1000,50,5.13,10.3,18,37,53,956,24,12,8,44,8.039286438,144,175,19.90488228,15.5140308,8.60387592,7.422726377,493,10,11,8,29,463,14,1,0,15,522,478,143,32,121,23
7,1000,50,5.13,10.3,18,37,52,966,18,7,9,34,8.068991119,139,186,16.85525966,13.5649461,8.330550899,7.802147303,487,6,6,6,18,479,12,1,3,16,505,495,150,36,113,26
8,1000,50,5.13,10.3,18,37,53,942,36,9,13,58,8.223712308,169,219,21.20219286,17.74518677,8.932320286,7.561705241,445,22,8,8,38,497,14,1,5,20,483,517,185,34,151,18
5,1000,50,5.13,10.3,18,37,55,964,25,7,4,36,7.822428021,154,215,26.78142233,22.39939219,8.399869649,7.179062824,505,17,3,2,22,459,8,4,2,14,527,473,174,41,133,21
2,1000,50,5.13,10.3,18,37,54,948,30,14,8,52,8.082648529,154,193,23.10111646,17.70914934,8.659757976,7.449884921,493,19,8,3,30,455,11,6,5,22,523,477,161,32,140,14
4,1000,50,5.13,10.3,18,37,54,963,24,7,6,37,7.814483856,173,203,31.66826486,25.98287012,8.182533418,7.418945115,494,18,3,3,24,469,6,4,3,13,518,482,174,29,154,19
6,1000,50,5.13,10.3,18,37,55,965,24,7,4,35,7.703548062,158,212,23.9165789,17.39375629,8.006034069,7.412924252,470,16,1,3,20,495,8,6,1,15,490,510,183,29,138,20
1,1000,50,5.13,10.3,18,37,48,961,21,7,11,39,7.964381266,160,188,17.56752937,14.77871833,8.02723698,7.902523261,479,8,5,4,17,482,13,2,7,22,496,504,146,42,138,22
3,1000,50,5.13,10.3,18,37,54,953,26,13,8,47,8.089374125,139,181,20.31266801,15.89225387,8.691217199,7.43213127,491,11,12,8,31,462,15,1,0,16,522,478,150,31,122,17
7,1000,50,5.13,10.3,18,37,53,965,19,7,9,35,8.076131568,143,160,17.04405795,13.74727634,8.353230756,7.793434416,486,7,6,6,19,479,12,1,3,16,505,495,125,35,128,15
8,1000,50,5.13,10.3,18,37,54,944,32,11,13,56,8.214217289,159,219,21.65242886,18.13938137,8.972672099,7.505641518,445,21,9,8,38,499,11,2,5,18,483,517,185,34,145,14
5,1000,50,5.13,10.3,18,37,56,962,27,7,4,38,7.886857072,158,185,28.64647962,24.6244548,8.498205598,7.205714,504,18,3,2,23,458,9,4,2,15,527,473,149,36,139,19
2,1000,50,5.13,10.3,18,37,55,948,29,15,8,52,8.069133376,151,206,23.65253458,18.2245662,8.688414803,7.390130888,493,19,8,3,30,455,10,7,5,22,523,477,176,30,139,12
6,1000,50,5.13,10.3,18,37,56,965,24,7,4,35,7.737457512,170,216,24.45655747,17.78450957,8.069987421,7.417967991,470,16,1,3,20,495,8,6,1,15,490,510,187,29,157,13
4,1000,50,5.13,10.3,18,37,55,963,25,7,5,37,7.808957129,181,223,32.71268654,26.83947566,8.233780935,7.352403744,493,19,3,3,25,470,6,4,2,12,518,482,193,30,164,17
1,1000,50,5.13,10.3,18,37,49,962,21,6,11,38,7.972300304,139,159,17.78305754,15.01343061,8.054583561,7.891323131,479,8,5,4,17,483,13,1,7,21,496,504,131,28,128,11
7,1000,50,5.13,10.3,18,37,54,965,19,7,9,35,8.088873311,150,165,17.21993046,13.93286787,8.373676249,7.798316778,486,7,6,6,19,479,12,1,3,16,505,495,137,28,131,19
3,1000,50,5.13,10.3,18,37,55,953,25,14,8,47,8.107086528,134,206,20.9753181,16.3963809,8.74203882,7.413686746,491,10,13,8,31,462,15,1,0,16,522,478,172,34,118,16
5,1000,50,5.13,10.3,18,37,57,962,27,7,4,38,7.871664711,167,206,29.78276116,25.49043425,8.517934955,7.151613087,503,19,3,2,24,459,8,4,2,14,527,473,170,36,154,13
8,1000,50,5.13,10.3,18,37,55,941,35,11,13,59,8.252449646,174,212,22.10570964,18.59821409,9.042695456,7.51417358,442,24,9,8,41,499,11,2,5,18,483,517,183,29,157,17
2,1000,50,5.13,10.3,18,37,56,948,29,14,9,52,8.080831003,157,215,24.21708898,18.71527997,8.716621139,7.383727771,493,19,7,4,30,455,10,7,5,22,523,477,187,28,138,19
6,1000,50,5.13,10.3,18,37,57,965,23,8,4,35,7.793163269,159,210,25.17442191,18.31938917,8.14370254,7.456370636,470,16,1,3,20,495,7,7,1,15,490,510,180,30,146,13
4,1000,50,5.13,10.3,18,37,56,962,26,7,5,38,7.85438884,176,221,34.34996716,28.107357,8.271187172,7.406460342,492,20,3,3,26,470,6,4,2,12,518,482,197,24,154,22
1,1000,50,5.13,10.3,18,37,50,962,21,6,11,38,7.9811632,144,185,18.08657403,15.28068031,8.078316559,7.885551958,479,8,5,4,17,483,13,1,7,21,496,504,151,34,127,17
7,1000,50,5.13,10.3,18,37,55,965,20,6,9,35,8.087946837,163,152,17.54156493,14.212269,8.410095024,7.759290606,486,7,6,6,19,479,13,0,3,16,505,495,128,24,137,26
5,1000,50,5.13,10.3,18,37,58,962,27,7,4,38,7.889610331,170,194,31.36757438,27.0963895,8.554917759,7.148348144,503,19,3,2,24,459,8,4,2,14,527,473,157,37,147,23
8,1000,50,5.13,10.3,18,37,56,941,33,13,13,59,8.228882847,154,220,22.62459739,19.06796453,9.069426677,7.44361656,442,22,11,8,41,499,11,2,5,18,483,517,192,28,133,21
3,1000,50,5.13,10.3,18,37,56,952,25,15,8,48,8.128664828,149,182,21.47233738,16.82162865,8.78604697,7.410770524,490,10,14,8,32,462,15,1,0,16,522,478,154,28,136,13
2,1000,50,5.13,10.3,18,37,57,949,28,13,10,51,8.092912592,164,196,25.05685372,19.43488482,8.750739989,7.371646914,494,18,6,5,29,455,10,7,5,22,523,477,160,36,143,21
6,1000,50,5.13,10.3,18,37,58,965,22,8,5,35,7.808462766,167,220,25.74720862,18.778724,8.194563515,7.437503224,470,15,1,4,20,495,7,7,1,15,490,510,191,29,149,18
4,1000,50,5.13,10.3,18,37,57,962,26,7,5,38,7.889274464,197,230,36.16124773,29.5355342,8.301615432,7.446136245,492,20,3,3,26,470,6,4,2,12,518,482,200,30,178,19
5,1000,50,5.13,10.3,18,37,59,962,27,7,4,38,7.904600965,167,203,32.31947226,28.3104952,8.555875863,7.17897333,503,19,3,2,24,459,8,4,2,14,527,473,173,30,149,18
7,1000,50,5.13,10.3,18,37,56,964,21,6,9,36,8.163388569,148,180,17.82916111,14.40567696,8.465783895,7.854884246,486,7,6,6,19,478,14,0,3,17,505,495,146,34,131,17
1,1000,50,5.13,10.3,18,37,51,963,19,7,11,37,7.982296921,158,200,18.30269673,15.48529403,8.13570215,7.831326697,479,7,6,4,17,484,12,1,7,20,496,504,161,39,140,18
8,1000,50,5.13,10.3,18,37,57,939,36,13,12,61,8.230898517,176,197,23.12664948,19.54039463,9.102772785,7.416362209,441,23,11,8,42,498,13,2,4,19,483,517,170,27,160,16
3,1000,50,5.13,10.3,18,37,57,950,27,15,8,50,8.147770705,162,198,22.06987762,17.27557501,8.856687886,7.373597549,489,11,14,8,33,461,16,1,0,17,522,478,164,34,145,17
2,1000,50,5.13,10.3,18,37,58,949,28,13,10,51,8.110607202,162,203,25.86588713,20.12020771,8.780167147,7.376477534,494,18,6,5,29,455,10,7,5,22,523,477,179,24,147,15
4,1000,50,5.13,10.3,18,37,58,962,26,7,5,38,7.872386752,187,226,37.53901797,30.65693256,8.321317696,7.389925696,492,20,3,3,26,470,6,4,2,12,518,482,202,24,173,14
6,1000,50,5.13,10.3,18,37,59,965,22,7,6,35,7.841717785,172,234,26.58533919,19.37744515,8.27075534,7.429505232,469,15,2,4,21,496,7,5,2,14,490,510,200,34,154,18
5,1000,50,5.13,10.3,18,37,60,963,26,7,4,37,7.892870445,168,232,33.71511742,29.95524489,8.558305778,7.151465751,504,18,3,2,23,459,8,4,2,14,527,473,200,32,153,15
7,1000,50,5.13,10.3,18,37,57,964,21,6,9,36,8.155107877,158,168,18.08057043,14.60738631,8.473993737,7.829779879,486,7,6,6,19,478,14,0,3,17,505,495,140,28,137,21
8,1000,50,5.13,10.3,18,37,58,939,35,14,12,61,8.247497845,158,190,23.5229786,19.88202717,9.161346478,7.393747575,441,23,11,8,42,498,12,3,4,19,483,517,170,20,147,11
3,1000,50,5.13,10.3,18,37,58,949,28,15,8,51,8.160314426,160,212,22.46505305,17.54655663,8.914731025,7.336453621,488,12,14,8,34,461,16,1,0,17,522,478,182,30,146,14
1,1000,50,5.13,10.3,18,37,52,962,20,7,11,38,7.982872692,149,169,18.51419764,15.68805846,8.18587837,7.783089326,478,8,6,4,18,484,12,1,7,20,496,504,140,29,128,21
2,1000,50,5.13,10.3,18,37,59,948,29,13,10,52,8.121845778,167,209,26.69719017,20.86565984,8.822479874,7.353645291,493,19,6,5,30,455,10,7,5,22,523,477,188,21,155,12
4,1000,50,5.13,10.3,18,37,59,962,26,7,5,38,7.878992178,194,246,41.01272129,33.32669624,8.366295858,7.355292373,492,20,3,3,26,470,6,4,2,12,518,482,214,32,179,15
6,1000,50,5.13,10.3,18,37,60,965,21,7,7,35,7.867045993,168,231,27.18379414,19.86376633,8.29633288,7.454593885,469,15,2,4,21,496,6,5,3,14,490,510,202,29,158,10
5,1000,50,5.13,10.3,18,37,61,962,27,7,4,38,7.894283062,166,197,35.30939941,31.24187883,8.585448273,7.12421104,504,18,3,2,23,458,9,4,2,15,527,473,174,23,151,15
7,1000,50,5.13,10.3,18,37,58,965,21,6,8,35,8.126891462,150,199,18.36194124,14.83905766,8.497292806,7.749007262,486,7,6,6,19,479,14,0,2,16,505,495,163,36,138,12
8,1000,50,5.13,10.3,18,37,59,940,34,14,12,60,8.28462833,189,224,24.26324526,20.52977234,9.227549311,7.403717626,441,23,11,8,42,499,11,3,4,18,483,517,191,33,170,19
2,1000,50,5.13,10.3,18,37,60,950,30,11,9,50,8.123600368,167,232,27.59705454,21.5617209,8.872333673,7.302662175,492,20,6,5,31,458,10,5,4,19,523,477,201,31,154,13
3,1000,50,5.13,10.3,18,37,59,948,29,15,8,52,8.175033428,182,203,22.9394735,17.93014924,8.965443257,7.31186621,487,13,14,8,35,461,16,1,0,17,522,478,173,30,162,20
4,1000,50,5.13,10.3,18,37,60,962,25,8,5,38,7.921958718,203,242,42.77587344,34.6779721,8.462540113,7.34100195,492,19,4,3,26,470,6,4,2,12,518,482,211,31,185,18
1,1000,50,5.13,10.3,18,37,53,962,20,7,11,38,7.986742936,149,194,18.77539936,15.96986543,8.233134611,7.74426224,478,8,6,4,18,484,12,1,7,20,496,504,161,33,133,16
6,1000,50,5.13,10.3,18,37,61,963,23,7,7,37,7.871043303,189,243,27.90571076,20.4279703,8.355315577,7.405762099,467,17,2,4,23,496,6,5,3,14,490,510,213,30,171,18
5,1000,50,5.13,10.3,18,37,62,962,27,7,4,38,7.866556875,183,223,36.89977414,32.72505178,8.588848505,7.061804891,504,18,3,2,23,458,9,4,2,15,527,473,193,30,166,17
7,1000,50,5.13,10.3,18,37,59,966,19,7,8,34,8.170222201,138,167,18.59581598,15.05740164,8.573277796,7.759024068,486,6,7,6,19,480,13,0,2,15,505,495,137,30,126,12
2,1000,50,5.13,10.3,18,37,61,950,30,11,9,50,8.098920118,171,225,28.71995475,22.51520583,8.889179611,7.232451114,492,20,6,5,31,458,10,5,4,19,523,477,191,34,156,15
8,1000,50,5.13,10.3,18,37,60,941,33,14,12,59,8.270846032,189,231,24.80856099,21.03709474,9.248584959,7.35740715,441,23,11,8,42,500,10,3,4,17,483,517,206,25,169,20
3,1000,50,5.13,10.3,18,37,60,949,28,15,8,51,8.15046829,176,196,23.53268926,18.44598571,8.9977806,7.225160704,488,12,14,8,34,461,16,1,0,17,522,478,163,33,155,21
4,1000,50,5.13,10.3,18,37,61,963,23,9,5,37,7.935480154,217,234,44.28617964,35.98026214,8.524886642,7.302051605,492,18,5,3,26,471,5,4,2,11,518,482,206,28,197,20
6,1000,50,5.13,10.3,18,37,62,962,23,8,7,38,7.909683792,176,247,28.45625571,20.86139598,8.428978721,7.41075337,467,16,3,4,23,495,7,5,3,15,490,510,216,31,158,18
1,1000,50,5.13,10.3,18,37,54,964,19,7,10,36,7.948730093,162,198,19.01692583,16.21418441,8.258887183,7.643496131,478,8,6,4,18,486,11,1,6,18,496,504,168,30,140,22
5,1000,50,5.13,10.3,18,37,63,962,27,7,4,38,7.847864567,169,223,38.72441211,34.35332399,8.610809388,6.997818223,504,18,3,2,23,458,9,4,2,15,527,473,189,34,157,12
7,1000,50,5.13,10.3,18,37,60,966,19,7,8,34,8.174873013,162,169,18.98162203,15.31810836,8.596847342,7.744373949,486,6,7,6,19,480,13,0,2,15,505,495,147,22,142,20
2,1000,50,5.13,10.3,18,37,62,953,28,10,9,47,8.079385236,181,224,29.60445515,23.24201394,8.926265186,7.150835522,492,19,7,5,31,461,9,3,4,16,523,477,194,30,163,18
3,1000,50,5.13,10.3,18,37,61,951,26,15,8,49,8.132070961,164,215,24.24937538,19.06438584,9.035890983,7.145054116,488,12,14,8,34,463,14,1,0,15,522,478,178,37,150,14
8,1000,50,5.13,10.3,18,37,61,940,34,14,12,60,8.307351551,187,227,25.40563622,21.53776952,9.269246838,7.408714367,440,24,11,8,43,500,10,3,4,17,483,517,202,25,167,20
4,1000,50,5.13,10.3,18,37,62,962,24,9,5,38,7.927063098,204,222,45.85796576,37.30956823,8.605493102,7.197961974,491,19,5,3,27,471,5,4,2,11,518,482,203,19,191,13
6,1000,50,5.13,10.3,18,37,63,962,23,8,7,38,7.933939154,185,225,29.14159388,21.38234051,8.500458635,7.389636123,467,16,3,4,23,495,7,5,3,15,490,510,195,30,171,14
1,1000,50,5.13,10.3,18,37,55,964,19,7,10,36,7.942521543,155,181,19.29863147,16.47095942,8.286051399,7.604444542,478,8,6,4,18,486,11,1,6,18,496,504,149,32,140,15
5,1000,50,5.13,10.3,18,37,64,963,27,6,4,37,7.902992843,181,227,41.54595247,37.08728229,8.670443892,7.047925818,504,18,3,2,23,459,9,3,2,14,527,473,200,27,169,12
7,1000,50,5.13,10.3,18,37,61,965,20,8,7,35,8.193234169,155,199,19.30743659,15.58756712,8.648974906,7.728286548,485,7,8,5,20,480,13,0,2,15,505,495,167,32,141,14
3,1000,50,5.13,10.3,18,37,62,951,26,15,8,49,8.107185466,167,215,24.86986644,19.54210256,9.046813715,7.081064241,488,12,14,8,34,463,14,1,0,15,522,478,184,31,151,16
2,1000,50,5.13,10.3,18,37,63,949,31,12,8,51,8.153344711,183,258,30.49225967,23.96375635,9.065719312,7.1529843,488,21,9,5,35,461,10,3,3,16,523,477,207,51,168,15
6,1000,50,5.13,10.3,18,37,64,961,23,9,7,39,7.920726152,174,242,30.24556347,22.24033083,8.519588862,7.345348254,466,16,4,4,24,495,7,5,3,15,490,510,208,34,163,11
8,1000,50,5.13,10.3,18,37,62,941,33,14,12,59,8.305228864,175,216,25.91073601,22.05296476,9.298233182,7.377528504,441,23,11,8,42,500,10,3,4,17,483,517,187,29,158,17
4,1000,50,5.13,10.3,18,37,63,962,24,9,5,38,7.907536192,214,247,48.45526664,39.49488652,8.635957354,7.12471013,491,19,5,3,27,471,5,4,2,11,518,482,221,26,196,18
1,1000,50,5.13,10.3,18,37,56,962,21,7,10,38,7.99725971,157,216,19.58155615,16.72395306,8.34729828,7.652777308,476,10,6,4,20,486,11,1,6,18,496,504,176,40,141,16
5,1000,50,5.13,10.3,18,37,65,963,28,6,3,37,7.93442363,171,224,44.05998008,39.14786744,8.708377554,7.072111329,503,20,2,2,24,460,8,4,1,13,527,473,196,28,159,12
7,1000,50,5.13,10.3,18,37,62,966,20,7,7,34,8.196971652,161,187,19.57318577,15.83995613,8.674135866,7.710167757,485,7,7,6,20,481,13,0,1,14,505,495,165,22,142,19
3,1000,50,5.13,10.3,18,37,63,951,26,15,8,49,8.129980164,186,204,25.57864896,20.12728567,9.108976306,7.060867222,488,12,14,8,34,463,14,1,0,15,522,478,183,21,166,20
2,1000,50,5.13,10.3,18,37,64,949,31,12,8,51,8.135841593,181,231,31.53568285,24.77090412,9.101464478,7.077097843,487,22,9,5,36,462,9,3,3,15,523,477,197,34,166,15
6,1000,50,5.13,10.3,18,37,65,961,23,9,7,39,7.922044002,193,242,31.31395482,23.06046494,8.53158378,7.336407744,466,16,4,4,24,495,7,5,3,15,490,510,211,31,175,18
8,1000,50,5.13,10.3,18,37,63,941,33,14,12,59,8.314875018,181,246,26.5158018,22.5688958,9.344666877,7.352806416,441,23,11,8,42,500,10,3,4,17,483,517,211,35,166,15
4,1000,50,5.13,10.3,18,37,64,963,24,8,5,37,7.930825136,225,232,50.47340656,40.96852756,8.668166898,7.138412205,491,19,5,3,27,472,5,3,2,10,518,482,206,26,198,27
1,1000,50,5.13,10.3,18,37,57,960,23,7,10,40,7.999815547,175,205,19.78874664,16.90473901,8.362864707,7.642529072,475,11,6,4,21,485,12,1,6,19,496,504,173,32,155,20
5,1000,50,5.13,10.3,18,37,66,963,28,6,3,37,7.949978728,188,232,46.66101655,40.62667448,8.736806375,7.073322978,503,20,2,2,24,460,8,4,1,13,527,473,198,34,172,16
7,1000,50,5.13,10.3,18,37,63,965,21,7,7,35,8.239740816,175,197,19.94431756,16.1628391,8.729129372,7.740465623,485,7,7,6,20,480,14,0,1,15,505,495,165,32,152,23
3,1000,50,5.13,10.3,18,37,64,952,26,14,8,48,8.137704446,171,211,26.40519617,20.72746709,9.134248649,7.049428141,489,12,13,8,33,463,14,1,0,15,522,478,188,23,154,17
6,1000,50,5.13,10.3,18,37,66,962,23,8,7,38,7.906601659,196,261,32.06105798,23.61710455,8.541054475,7.297029347,466,16,4,4,24,496,7,4,3,14,490,510,227,34,176,20
2,1000,50,5.13,10.3,18,37,65,949,30,13,8,51,8.159953053,177,257,33.04921911,26.01820571,9.136631882,7.089087167,487,21,10,5,36,462,9,3,3,15,523,477,226,31,160,17
8,1000,50,5.13,10.3,18,37,64,943,31,13,13,57,8.302717693,187,237,27.31659585,23.29158613,9.34301302,7.330836371,442,22,11,8,41,501,9,2,5,16,483,517,202,35,171,16
4,1000,50,5.13,10.3,18,37,65,967,23,5,5,33,7.880812795,202,266,51.66085532,41.9507933,8.674008776,7.02837396,493,19,3,3,25,474,4,2,2,8,518,482,237,29,186,16
5,1000,50,5.13,10.3,18,37,67,963,28,6,3,37,7.917672039,209,239,51.49091798,45.17447548,8.757395218,6.982081943,502,21,2,2,25,461,7,4,1,12,527,473,201,38,188,21
1,1000,50,5.13,10.3,18,37,58,959,24,7,10,41,7.990084599,170,213,20.04383186,17.13292776,8.372438114,7.613800188,474,12,6,4,22,485,12,1,6,19,496,504,178,35,148,22
7,1000,50,5.13,10.3,18,37,64,963,23,7,7,37,8.294023787,143,198,20.29333727,16.42826381,8.787224938,7.790858977,485,7,7,6,20,478,16,0,1,17,505,495,169,29,130,13
3,1000,50,5.13,10.3,18,37,65,954,24,14,8,46,8.13302848,186,215,27.31069486,21.43117523,9.176002769,6.99404819,489,12,13,8,33,465,12,1,0,13,522,478,186,29,167,19
6,1000,50,5.13,10.3,18,37,67,961,23,9,7,39,7.92951705,200,244,33.23626408,24.47171312,8.598966149,7.286320858,465,16,5,4,25,496,7,4,3,14,490,510,217,27,187,13
2,1000,50,5.13,10.3,18,37,66,948,31,13,8,52,8.149615051,191,245,34.18512073,26.91344093,9.183603902,7.015912391,486,22,10,5,37,462,9,3,3,15,523,477,209,36,170,21
8,1000,50,5.13,10.3,18,37,65,943,30,14,13,57,8.322157948,196,248,28.03140856,23.91850145,9.38786245,7.326538461,441,23,11,8,42,502,7,3,5,15,483,517,213,35,179,17
4,1000,50,5.13,10.3,18,37,66,967,21,6,6,33,7.937734887,225,259,53.85570779,43.6622004,8.773583367,7.039457891,493,17,4,4,25,474,4,2,2,8,518,482,225,34,208,17
5,1000,50,5.13,10.3,18,37,68,963,28,6,3,37,7.923211839,202,216,54.32166765,47.21899656,8.797611699,6.948986203,502,21,2,2,25,461,7,4,1,12,527,473,200,16,185,17
7,1000,50,5.13,10.3,18,37,65,964,22,7,7,36,8.281348045,155,206,20.69779096,16.76982339,8.803631794,7.74851311,485,7,7,6,20,479,15,0,1,16,505,495,173,33,135,20
1,1000,50,5.13,10.3,18,37,59,959,24,6,11,41,8.00275222,169,212,20.30830682,17.38793796,8.427645947,7.584602838,474,12,5,5,22,485,12,1,6,19,496,504,176,36,156,13
2,1000,50,5.13,10.3,18,37,67,949,30,13,8,51,8.143556133,203,243,35.30307803,27.71780463,9.214522607,6.969309875,486,22,10,5,37,463,8,3,3,14,523,477,210,33,177,26
3,1000,50,5.13,10.3,18,37,66,954,24,14,8,46,8.169965872,189,229,28.25378716,22.12174642,9.226835765,7.015810884,489,12,13,8,33,465,12,1,0,13,522,478,199,30,168,21
4,1000,50,5.13,10.3,18,37,67,966,22,6,6,34,7.955957429,218,267,55.93219895,45.47086405,8.806135893,7.042280158,492,18,4,4,26,474,4,2,2,8,518,482,237,30,204,14
6,1000,50,5.13,10.3,18,37,68,961,23,9,7,39,7.915138431,198,239,34.04789653,25.14331182,8.621465313,7.236510643,465,16,5,4,25,496,7,4,3,14,490,510,218,21,181,17
8,1000,50,5.13,10.3,18,37,66,944,30,14,12,56,8.332621909,196,240,29.06528668,24.74656526,9.454205748,7.284797936,441,23,11,8,42,503,7,3,4,14,483,517,217,23,182,14
5,1000,50,5.13,10.3,18,37,69,963,28,6,3,37,7.921513694,200,241,57.0845486,48.88487188,8.832806555,6.906183171,502,21,2,2,25,461,7,4,1,12,527,473,207,34,181,19
7,1000,50,5.13,10.3,18,37,66,965,20,8,7,35,8.270480202,183,199,21.15824251,17.1612103,8.854327092,7.674838425,485,6,8,6,20,480,14,0,1,15,505,495,174,25,159,24
1,1000,50,5.13,10.3,18,37,60,958,25,5,12,42,8.020986595,160,226,20.60908497,17.70020689,8.490384956,7.559039002,473,13,5,5,23,485,12,0,7,19,496,504,196,30,147,13
6,1000,50,5.13,10.3,18,37,69,961,23,9,7,39,7.942147608,196,243,35.22980038,26.02225794,8.669331949,7.243480299,465,16,5,4,25,496,7,4,3,14,490,510,218,25,176,20
3,1000,50,5.13,10.3,18,37,67,952,25,15,8,48,8.14395465,181,216,29.4258735,23.06203244,9.249014301,6.937174028,488,13,13,8,34,464,12,2,0,14,522,478,196,20,165,16
2,1000,50,5.13,10.3,18,37,68,950,30,12,8,50,8.143124811,208,255,37.00851693,29.11804552,9.263315919,6.914906887,486,22,10,5,37,464,8,2,3,13,523,477,219,36,190,18
4,1000,50,5.13,10.3,18,37,68,966,22,6,6,34,7.971707274,230,272,58.0234183,47.3435648,8.865417172,7.011247259,492,18,4,4,26,474,4,2,2,8,518,482,240,32,212,18
8,1000,50,5.13,10.3,18,37,67,945,30,14,11,55,8.316861401,204,263,30.12898387,25.72815611,9.440517535,7.267101415,442,23,11,7,41,503,7,3,4,14,483,517,234,29,187,17
5,1000,50,5.13,10.3,18,37,70,962,29,6,3,38,7.926078385,206,253,61.65032037,52.38287692,8.889817857,6.852313688,501,22,2,2,26,461,7,4,1,12,527,473,226,27,198,8
7,1000,50,5.13,10.3,18,37,67,962,23,8,7,38,8.313274594,165,221,21.57043289,17.51431284,8.934563018,7.679434887,482,9,8,6,23,480,14,0,1,15,505,495,194,27,146,19
6,1000,50,5.13,10.3,18,37,70,961,24,9,6,39,7.934236069,190,269,36.83733745,27.28907142,8.738832914,7.161192042,464,16,6,4,26,497,8,3,2,13,490,510,243,26,177,13
3,1000,50,5.13,10.3,18,37,68,953,25,14,8,47,8.126121931,194,222,30.65398373,24.03915664,9.26213443,6.885539244,489,13,12,8,33,464,12,2,0,14,522,478,200,22,182,12
2,1000,50,5.13,10.3,18,37,69,950,30,12,8,50,8.146511703,194,239,39.3596554,31.21642768,9.288442406,6.894457704,486,22,10,5,37,464,8,2,3,13,523,477,210,29,173,21
1,1000,50,5.13,10.3,18,37,61,957,25,6,12,43,8.021947576,185,202,20.97044713,18.09291789,8.522017471,7.529815299,472,14,5,5,24,485,11,1,7,19,496,504,174,28,168,17
4,1000,50,5.13,10.3,18,37,69,967,21,6,6,33,7.988090969,226,282,60.4989941,49.31798985,8.920841023,6.985674936,492,18,4,4,26,475,3,2,2,7,518,482,248,34,210,16
8,1000,50,5.13,10.3,18,37,68,945,29,15,11,55,8.333683162,200,240,30.98111515,26.47772872,9.463962812,7.277735249,442,22,12,7,41,503,7,3,4,14,483,517,217,23,194,6
5,1000,50,5.13,10.3,18,37,71,962,28,7,3,38,7.927624465,190,245,66.30767923,56.33156277,8.949947987,6.788587476,501,21,3,2,26,461,7,4,1,12,527,473,218,27,179,11
7,1000,50,5.13,10.3,18,37,68,961,23,8,8,39,8.330568689,187,211,22.14942454,18.00930866,8.982228322,7.665744214,481,10,7,7,24,480,13,1,1,15,505,495,187,24,172,15
6,1000,50,5.13,10.3,18,37,71,960,25,9,6,40,7.957404831,214,274,38.65751812,28.6057666,8.793746236,7.153861128,463,17,6,4,27,497,8,3,2,13,490,510,235,39,200,14
2,1000,50,5.13,10.3,18,37,70,949,30,13,8,51,8.159633101,200,231,41.26229156,32.72912807,9.32958987,6.876850312,486,21,11,5,37,463,9,2,3,14,523,477,205,26,182,18
3,1000,50,5.13,10.3,18,37,69,953,25,14,8,47,8.115494864,209,257,31.73732574,24.89995697,9.28507065,6.838259383,489,13,12,8,33,464,12,2,0,14,522,478,229,28,187,22
4,1000,50,5.13,10.3,18,37,70,967,22,5,6,33,7.986779025,228,267,63.54623789,51.90673925,8.977040056,6.922556589,491,19,4,4,27,476,3,1,2,6,518,482,249,18,217,11
1,1000,50,5.13,10.3,18,37,62,957,25,6,12,43,8.035888876,184,215,21.49926761,18.60937712,8.600203089,7.480532031,472,14,5,5,24,485,11,1,7,19,496,504,174,41,163,21
8,1000,50,5.13,10.3,18,37,69,946,29,14,11,54,8.294759594,209,279,31.78617553,27.32213785,9.488309113,7.179702695,442,22,12,7,41,504,7,2,4,13,483,517,247,32,198,11
5,1000,50,5.13,10.3,18,37,72,962,28,7,3,38,7.901934044,194,260,72.75100523,61.71842763,8.988119856,6.691743932,501,21,3,2,26,461,7,4,1,12,527,473,232,28,183,11
7,1000,50,5.13,10.3,18,37,69,961,23,8,8,39,8.35036803,192,207,22.72285948,18.47800663,9.051000697,7.635581168,481,10,7,7,24,480,13,1,1,15,505,495,179,28,175,17
6,1000,50,5.13,10.3,18,37,72,961,24,9,6,39,7.967865886,209,260,40.48306401,30.00094503,8.842307723,7.127715886,463,17,6,4,27,498,7,3,2,12,490,510,239,21,196,13
3,1000,50,5.13,10.3,18,37,70,954,23,14,9,46,8.14667935,211,234,32.97489247,25.80056261,9.354086807,6.828129782,490,11,12,9,32,464,12,2,0,14,522,478,202,32,196,15
2,1000,50,5.13,10.3,18,37,71,952,28,12,8,48,8.079402272,216,255,43.19804631,34.4288909,9.30794824,6.732380174,488,20,10,5,35,464,8,2,3,13,523,477,227,28,200,16
4,1000,50,5.13,10.3,18,37,71,966,23,5,6,34,7.955082737,239,284,66.70022973,54.41700023,8.976163129,6.857739079,490,20,4,4,28,476,3,1,2,6,518,482,257,27,227,12
8,1000,50,5.13,10.3,18,37,70,945,30,14,11,55,8.317567872,212,244,33.01711034,28.42129418,9.575378699,7.142475745,441,23,12,7,42,504,7,2,4,13,483,517,217,27,199,13
1,1000,50,5.13,10.3,18,37,63,957,25,6,12,43,8.075111131,183,204,21.92383523,19.05983447,8.669794245,7.489867433,471,14,5,6,25,486,11,1,6,18,496,504,175,29,163,20
5,1000,50,5.13,10.3,18,37,73,961,29,7,3,39,7.937189725,203,250,80.12538254,67.54273905,9.058318271,6.688067645,500,22,3,2,27,461,7,4,1,12,527,473,226,24,191,12
7,1000,50,5.13,10.3,18,37,70,961,23,8,8,39,8.33781484,183,245,23.45393241,19.07213017,9.087199898,7.57329069,481,10,7,7,24,480,13,1,1,15,505,495,221,24,170,13
6,1000,50,5.13,10.3,18,37,73,960,26,8,6,40,7.97042494,222,287,42.11046771,31.3470944,8.876405407,7.099973119,462,18,6,4,28,498,8,2,2,12,490,510,258,29,207,15
3,1000,50,5.13,10.3,18,37,71,955,20,16,9,45,8.159511519,201,259,34.49696666,26.96968544,9.409881802,6.79404439,490,9,14,9,32,465,11,2,0,13,522,478,231,28,186,15
2,1000,50,5.13,10.3,18,37,72,952,28,12,8,48,8.065565018,212,259,45.35704542,36.34700336,9.323499611,6.686320171,488,20,10,5,35,464,8,2,3,13,523,477,231,28,199,13
4,1000,50,5.13,10.3,18,37,72,967,22,4,7,33,7.962084036,226,287,69.44702913,56.73935199,9.051486909,6.791314973,490,20,3,5,28,477,2,1,2,5,518,482,260,27,210,16
8,1000,50,5.13,10.3,18,37,71,946,29,14,11,54,8.320060058,218,251,33.94656314,29.19693458,9.605361764,7.119284964,441,23,12,7,42,505,6,2,4,12,483,517,226,25,200,18
1,1000,50,5.13,10.3,18,37,64,956,25,8,11,44,8.057147962,181,219,22.55022481,19.63053539,8.70678359,7.417824011,470,14,6,6,26,486,11,2,5,18,496,504,196,23,167,14
5,1000,50,5.13,10.3,18,37,74,961,29,7,3,39,7.935196677,210,254,84.01791388,71.1352076,9.074379664,6.665958972,500,22,3,2,27,461,7,4,1,12,527,473,222,32,194,16
6,1000,50,5.13,10.3,18,37,74,960,25,9,6,40,7.976842697,241,274,44.13185785,32.99051995,8.928394101,7.062607034,462,17,7,4,28,498,8,2,2,12,490,510,251,23,226,15
7,1000,50,5.13,10.3,18,37,71,961,23,8,8,39,8.338553919,177,220,24.05528895,19.51583933,9.115283072,7.546133267,480,11,7,7,25,481,12,1,1,14,505,495,189,31,164,13
4,1000,50,5.13,10.3,18,37,73,967,22,5,6,33,7.933664637,238,295,71.80881959,58.91539374,9.060625024,6.722532935,490,20,3,5,28,477,2,2,1,5,518,482,262,33,223,15
2,1000,50,5.13,10.3,18,37,73,954,27,11,8,46,8.052999546,203,252,47.13048223,38.00145085,9.34233703,6.639323436,489,20,9,5,34,465,7,2,3,12,523,477,230,22,186,17
3,1000,50,5.13,10.3,18,37,72,956,19,16,9,44,8.134435063,219,264,35.86658816,28.0652098,9.417425703,6.733344867,490,9,14,9,32,466,10,2,0,12,522,478,234,30,201,18
8,1000,50,5.13,10.3,18,37,72,946,27,16,11,54,8.357387384,210,254,35.17112274,30.16580878,9.681027105,7.120795537,441,22,13,7,42,505,5,3,4,12,483,517,235,19,198,12
5,1000,50,5.13,10.3,18,37,75,961,29,8,2,39,7.923169162,219,251,90.43340193,79.73535634,9.090769584,6.622269749,501,21,3,2,26,460,8,5,0,13,527,473,225,26,208,11
1,1000,50,5.13,10.3,18,37,65,955,26,9,10,45,8.0847046,191,210,23.19532566,20.25446236,8.774849649,7.405514234,470,14,6,6,26,485,12,3,4,19,496,504,185,25,173,18
6,1000,50,5.13,10.3,18,37,75,959,26,9,6,41,7.983250408,224,290,45.94859336,34.27778294,8.933443018,7.070320254,462,17,7,4,28,497,9,2,2,13,490,510,256,34,203,21
7,1000,50,5.13,10.3,18,37,72,961,22,9,8,39,8.356759425,201,237,24.52222936,19.94681429,9.208469853,7.487842726,479,11,8,7,26,482,11,1,1,13,505,495,203,34,183,18
4,1000,50,5.13,10.3,18,37,74,966,24,4,6,34,7.949628383,251,291,75.35149178,61.86467775,9.127241437,6.684060827,488,22,3,5,30,478,2,1,1,4,518,482,267,24,238,13
2,1000,50,5.13,10.3,18,37,74,955,29,9,7,45,8.07309113,238,254,49.18706718,39.67397,9.400077525,6.618135397,489,22,7,5,34,466,7,2,2,11,523,477,229,25,220,18
3,1000,50,5.13,10.3,18,37,73,955,21,15,9,45,8.114579746,198,250,37.87342645,29.51715977,9.450216625,6.655997213,490,10,13,9,32,465,11,2,0,13,522,478,226,24,189,9
8,1000,50,5.13,10.3,18,37,73,947,25,17,11,53,8.333018659,228,263,36.89373733,31.72561462,9.718550587,7.038604886,440,22,14,7,43,507,3,3,4,10,483,517,247,16,216,12
5,1000,50,5.13,10.3,18,37,76,962,28,8,2,38,7.955859243,219,277,101.5505974,91.38601985,9.160330313,6.613879848,500,22,3,2,27,462,6,5,0,11,527,473,251,26,204,15
6,1000,50,5.13,10.3,18,37,76,959,26,9,6,41,8.005491186,226,271,47.41043349,35.28934427,8.986268937,7.063175308,462,17,7,4,28,497,9,2,2,13,490,510,241,30,216,10
1,1000,50,5.13,10.3,18,37,66,954,27,9,10,46,8.109189407,186,213,23.94810796,20.93612015,8.832768223,7.397095968,469,15,6,6,27,485,12,3,4,19,496,504,191,22,173,13
7,1000,50,5.13,10.3,18,37,73,960,23,9,8,40,8.362739409,190,231,25.14328664,20.40480814,9.248960498,7.458614864,477,13,8,7,28,483,10,1,1,12,505,495,204,27,178,12
4,1000,50,5.13,10.3,18,37,75,966,24,4,6,34,7.95437404,244,288,80.92667888,66.00416228,9.173946529,6.643713149,488,22,3,5,30,478,2,1,1,4,518,482,265,23,230,14
3,1000,50,5.13,10.3,18,37,74,954,22,15,9,46,8.145591975,219,275,39.37188184,30.71851763,9.50620909,6.65972977,489,11,13,9,33,465,11,2,0,13,522,478,246,29,208,11
2,1000,50,5.13,10.3,18,37,75,955,29,9,7,45,8.09129527,228,251,52.95746967,42.98774321,9.464334505,6.585845542,488,23,7,5,35,467,6,2,2,10,523,477,230,21,212,16
8,1000,50,5.13,10.3,18,37,74,948,25,17,10,52,8.311448326,222,283,38.7207342,33.39074089,9.723105146,6.992627739,440,22,14,7,43,508,3,3,3,9,483,517,259,24,212,10
5,1000,50,5.13,10.3,18,37,77,961,28,9,2,39,7.971488834,212,279,104.8284375,94.63525423,9.216736663,6.584077405,499,22,4,2,28,462,6,5,0,11,527,473,254,25,204,8
6,1000,50,5.13,10.3,18,37,77,959,24,11,6,41,8.014805005,224,299,48.53707449,36.1898018,9.048486571,7.021659971,462,16,8,4,28,497,8,3,2,13,490,510,274,25,214,10
7,1000,50,5.13,10.3,18,37,74,959,23,10,8,41,8.367337399,202,218,25.75335159,20.8501359,9.316198442,7.399307446,476,14,8,7,29,483,9,2,1,12,505,495,199,19,185,17
1,1000,50,5.13,10.3,18,37,67,956,26,9,9,44,8.089915751,200,237,24.75473977,21.69466848,8.854860623,7.33711286,469,15,6,6,27,487,11,3,3,17,496,504,213,24,183,17
4,1000,50,5.13,10.3,18,37,76,966,24,4,6,34,7.944731552,245,273,85.94232422,69.81754598,9.18454306,6.612320013,488,22,3,5,30,478,2,1,1,4,518,482,250,23,235,10
3,1000,50,5.13,10.3,18,37,75,954,22,14,10,46,8.142201732,224,248,40.54587407,31.64373408,9.532221579,6.624230268,489,11,12,10,33,465,11,2,0,13,522,478,221,27,212,12
2,1000,50,5.13,10.3,18,37,76,955,28,10,7,45,8.084531615,232,265,56.65425391,46.66769548,9.45755087,6.579103796,489,22,7,5,34,466,6,3,2,11,523,477,240,25,215,17
8,1000,50,5.13,10.3,18,37,75,949,25,16,10,51,8.255191138,232,263,40.90414123,35.44371953,9.729589035,6.877755578,440,22,14,7,43,509,3,2,3,8,483,517,244,19,221,11
5,1000,50,5.13,10.3,18,37,78,961,28,9,2,39,7.987828704,233,272,108.7759924,101.2306433,9.268787619,6.560629237,499,22,4,2,28,462,6,5,0,11,527,473,247,25,225,8
6,1000,50,5.13,10.3,18,37,78,959,24,11,6,41,8.008513747,229,289,50.1446303,37.32240091,9.08925036,6.970158961,462,16,8,4,28,497,8,3,2,13,490,510,266,23,219,10
7,1000,50,5.13,10.3,18,37,75,959,23,10,8,41,8.317982706,199,249,26.54391746,21.45928881,9.341138899,7.274156691,475,15,8,7,30,484,8,2,1,11,505,495,225,24,176,23
4,1000,50,5.13,10.3,18,37,77,964,26,4,6,36,7.942475117,252,305,90.39214714,73.50654096,9.25462095,6.532326692,486,24,3,5,32,478,2,1,1,4,518,482,281,24,244,8
3,1000,50,5.13,10.3,18,37,76,953,22,15,10,47,8.206864052,233,262,42.41512146,33.06387697,9.59826605,6.687383209,489,10,13,10,33,464,12,2,0,14,522,478,228,34,215,18
2,1000,50,5.13,10.3,18,37,77,955,26,12,7,45,8.088492702,226,287,58.48660416,48.20190456,9.497442141,6.543669733,489,21,8,5,34,466,5,4,2,11,523,477,256,31,210,16
1,1000,50,5.13,10.3,18,37,68,955,27,9,9,45,8.132141262,192,229,25.57148271,22.46005499,8.921741855,7.355074012,468,16,6,6,28,487,11,3,3,17,496,504,204,25,176,16
8,1000,50,5.13,10.3,18,37,76,949,25,16,10,51,8.253007446,220,266,42.26147927,36.5790416,9.738276675,6.865415497,441,21,14,7,42,508,4,2,3,9,483,517,249,17,207,13
5,1000,50,5.13,10.3,18,37,79,961,28,9,2,39,8.008015122,238,284,114.0234407,105.7718796,9.35374578,6.508649252,498,22,5,2,29,463,6,4,0,10,527,473,258,26,224,14
6,1000,50,5.13,10.3,18,37,79,958,25,11,6,42,8.012979078,249,303,51.88406262,38.55362584,9.098735821,6.969801032,462,16,8,4,28,496,9,3,2,14,490,510,282,21,234,15
7,1000,50,5.13,10.3,18,37,76,958,24,10,8,42,8.329743925,188,229,27.30761123,22.00684521,9.374292823,7.26409303,475,15,8,7,30,483,9,2,1,12,505,495,202,27,179,9
4,1000,50,5.13,10.3,18,37,78,964,26,4,6,36,7.949359125,256,280,95.19481008,77.60159385,9.252884613,6.548474886,486,24,3,5,32,478,2,1,1,4,518,482,255,25,240,16
3,1000,50,5.13,10.3,18,37,77,953,22,15,10,47,8.234863346,225,280,44.60468146,34.80237602,9.61799521,6.724413904,489,10,13,10,33,464,12,2,0,14,522,478,257,23,207,18
2,1000,50,5.13,10.3,18,37,78,955,25,13,7,45,8.115501491,230,275,61.41937837,51.14386968,9.551777251,6.540716959,489,20,9,5,34,466,5,4,2,11,523,477,252,23,217,13
1,1000,50,5.13,10.3,18,37,69,953,29,9,9,47,8.139365142,211,239,26.32884881,23.12647209,8.950592526,7.341014383,466,18,6,6,30,487,11,3,3,17,496,504,209,30,194,17
8,1000,50,5.13,10.3,18,37,77,949,25,16,10,51,8.20504821,225,296,44.01125155,38.06440057,9.754920819,6.757101458,441,21,14,7,42,508,4,2,3,9,483,517,271,25,216,9
5,1000,50,5.13,10.3,18,37,80,960,29,9,2,40,7.994337606,234,282,118.7174169,108.5306788,9.387005308,6.442676128,497,23,5,2,30,463,6,4,0,10,527,473,257,25,217,17
6,1000,50,5.13,10.3,18,37,80,958,24,12,6,42,7.968371623,240,314,53.89984442,40.00687741,9.100318984,6.880814355,461,17,8,4,29,497,7,4,2,13,490,510,288,26,230,10
7,1000,50,5.13,10.3,18,37,77,957,25,10,8,43,8.34629001,207,256,27.97594026,22.55062562,9.449515261,7.22077738,474,16,8,7,31,483,9,2,1,12,505,495,229,27,188,19
4,1000,50,5.13,10.3,18,37,79,961,28,5,6,39,7.965835076,269,299,103.9706761,84.06937335,9.31142496,6.519744703,485,25,3,5,33,476,3,2,1,6,518,482,267,32,252,17
3,1000,50,5.13,10.3,18,37,78,953,22,15,10,47,8.243348826,232,279,46.28589731,36.29311308,9.638967247,6.719263438,489,10,13,10,33,464,12,2,0,14,522,478,247,32,222,10
2,1000,50,5.13,10.3,18,37,79,955,26,13,6,45,8.079378466,232,286,64.80819386,54.88770712,9.556853256,6.45942183,489,20,9,5,34,466,6,4,1,11,523,477,253,33,214,18
8,1000,50,5.13,10.3,18,37,78,949,25,16,10,51,8.193882869,231,264,46.45582455,40.25607872,9.78229224,6.709933688,441,21,14,7,42,508,4,2,3,9,483,517,244,20,220,11
5,1000,50,5.13,10.3,18,37,81,960,29,9,2,40,8.00346006,234,298,132.4937014,123.0803845,9.409153287,6.437285999,497,23,5,2,30,463,6,4,0,10,527,473,267,31,222,12
1,1000,50,5.13,10.3,18,37,70,954,28,9,9,46,8.140440843,183,225,26.77916493,23.51836385,8.996863874,7.297611828,466,18,6,6,30,488,10,3,3,16,496,504,191,34,172,11
6,1000,50,5.13,10.3,18,37,81,958,24,13,5,42,7.93368369,263,324,55.72479885,41.30150121,9.121810424,6.792150162,461,16,9,4,29,497,8,4,1,13,490,510,293,31,247,16
7,1000,50,5.13,10.3,18,37,78,957,25,10,8,43,8.350214962,220,259,29.1198074,23.40890275,9.480256741,7.197344056,474,16,8,7,31,483,9,2,1,12,505,495,235,24,203,17
4,1000,50,5.13,10.3,18,37,80,961,28,5,6,39,7.936058612,277,308,111.8664815,90.5384711,9.334500785,6.433168476,485,25,3,5,33,476,3,2,1,6,518,482,282,26,264,13
3,1000,50,5.13,10.3,18,37,79,952,23,15,10,48,8.232062429,240,272,48.44450428,38.16110294,9.639896656,6.694636766,489,10,13,10,33,463,13,2,0,15,522,478,251,21,227,13
2,1000,50,5.13,10.3,18,37,80,955,26,12,7,45,8.050256248,231,268,67.80030371,57.92197418,9.591918298,6.359922386,488,21,8,6,35,467,5,4,1,10,523,477,249,19,219,12
5,1000,50,5.13,10.3,18,37,82,959,30,9,2,41,7.998462823,249,277,137.4710969,128.8555724,9.440262109,6.392060658,495,25,5,2,32,464,5,4,0,9,527,473,268,9,236,13
8,1000,50,5.13,10.3,18,37,79,949,25,16,10,51,8.170855066,255,286,48.19662009,41.67949759,9.818585226,6.631486271,441,21,14,7,42,508,4,2,3,9,483,517,266,20,241,14
1,1000,50,5.13,10.3,18,37,71,954,29,8,9,46,8.12547881,215,247,27.49599076,24.15106019,9.021813051,7.243372096,466,19,5,6,30,488,10,3,3,16,496,504,218,29,198,17
6,1000,50,5.13,10.3,18,37,82,958,23,13,6,42,7.925043299,262,308,57.90209319,43.07469703,9.148870234,6.749209578,461,15,9,5,29,497,8,4,1,13,490,510,291,17,246,16
7,1000,50,5.13,10.3,18,37,79,956,26,10,8,44,8.348338001,212,278,30.08034414,24.21334549,9.518127317,7.154916577,473,17,8,7,32,483,9,2,1,12,505,495,254,24,197,15
3,1000,50,5.13,10.3,18,37,80,951,23,16,10,49,8.222410649,229,280,50.72627729,40.05270747,9.682589537,6.627821989,487,11,14,10,35,464,12,2,0,14,522,478,262,18,218,11
4,1000,50,5.13,10.3,18,37,81,961,28,4,7,39,7.920976531,284,290,118.071192,96.56835524,9.380729786,6.352196062,485,25,3,5,33,476,3,1,2,6,518,482,275,15,263,21
2,1000,50,5.13,10.3,18,37,81,955,24,13,8,45,8.093859796,241,281,69.48714886,59.75955491,9.638027101,6.400779082,488,20,8,7,35,467,4,5,1,10,523,477,256,25,230,11
5,1000,50,5.13,10.3,18,37,83,959,30,9,2,41,7.985439329,258,283,148.2619689,143.357318,9.477037801,6.323552658,495,25,5,2,32,464,5,4,0,9,527,473,265,18,246,12
8,1000,50,5.13,10.3,18,37,80,949,25,16,10,51,8.14441434,260,289,51.29122948,44.47072943,9.854298507,6.546979035,441,21,14,7,42,508,4,2,3,9,483,517,268,21,247,13
1,1000,50,5.13,10.3,18,37,72,956,29,8,7,44,8.113169365,202,220,28.1964454,24.80252101,9.065832555,7.175627813,465,19,6,6,31,491,10,2,1,13,496,504,197,23,196,6
6,1000,50,5.13,10.3,18,37,83,958,23,13,6,42,7.915189267,269,335,60.51022711,44.89932195,9.159819921,6.719367659,461,15,9,5,29,497,8,4,1,13,490,510,307,28,253,16
7,1000,50,5.13,10.3,18,37,80,957,25,9,9,43,8.339081815,207,262,31.28488071,25.17205968,9.56530072,7.088090811,473,17,7,8,32,484,8,2,1,11,505,495,237,25,192,15
4,1000,50,5.13,10.3,18,37,82,961,28,4,7,39,7.919117889,268,300,120.5192414,99.38791542,9.384169165,6.344643697,485,25,3,5,33,476,3,1,2,6,518,482,281,19,259,9
3,1000,50,5.13,10.3,18,37,81,953,22,14,11,47,8.213078419,247,284,53.38849865,42.27931086,9.698781851,6.590615676,488,11,13,10,34,465,11,1,1,13,522,478,256,28,236,11
2,1000,50,5.13,10.3,18,37,82,953,26,13,8,47,8.139180207,231,297,72.67940742,62.68390472,9.701645707,6.426036692,485,22,9,7,38,468,4,4,1,9,523,477,277,20,224,7
5,1000,50,5.13,10.3,18,37,84,960,30,8,2,40,7.990652977,224,288,166.5950632,167.8912245,9.524622775,6.281557664,495,25,5,2,32,465,5,3,0,8,527,473,259,29,216,8
8,1000,50,5.13,10.3,18,37,81,949,26,16,9,51,8.110115892,257,310,54.19428219,47.09912621,9.889471764,6.447777621,441,21,14,7,42,508,5,2,2,9,483,517,293,17,245,12
6,1000,50,5.13,10.3,18,37,84,959,21,14,6,41,7.921827624,274,327,63.10161087,46.89226111,9.185852861,6.707372004,462,14,9,5,28,497,7,5,1,13,490,510,312,15,256,18
1,1000,50,5.13,10.3,18,37,73,957,27,9,7,43,8.112263946,198,252,29.11392251,25.60403327,9.098211441,7.141966411,465,18,7,6,31,492,9,2,1,12,496,504,229,23,189,9
7,1000,50,5.13,10.3,18,37,81,958,25,8,9,42,8.320730594,222,276,32.13786168,25.8955484,9.599448163,7.016180347,473,17,7,8,32,485,8,1,1,10,505,495,250,26,207,15
4,1000,50,5.13,10.3,18,37,83,962,27,4,7,38,7.91609132,286,305,129.88088,107.3748438,9.425243709,6.294222154,486,24,3,5,32,476,3,1,2,6,518,482,285,20,277,9
3,1000,50,5.13,10.3,18,37,82,952,22,14,12,48,8.239363812,233,288,56.46625778,45.01764443,9.791061193,6.544832362,487,11,13,11,35,465,11,1,1,13,522,478,255,33,217,16
2,1000,50,5.13,10.3,18,37,83,953,25,14,8,47,8.144259864,228,301,77.01152608,66.65913845,9.756556784,6.376479385,485,21,10,7,38,468,4,4,1,9,523,477,278,23,220,8
5,1000,50,5.13,10.3,18,37,85,960,30,8,2,40,7.971505343,247,297,191.5660091,203.2678555,9.529904415,6.235191789,495,25,5,2,32,465,5,3,0,8,527,473,278,19,237,10
8,1000,50,5.13,10.3,18,37,82,947,29,16,8,53,8.081668409,261,300,57.262049,49.90754948,9.905058165,6.378192099,439,24,14,6,44,508,5,2,2,9,483,517,277,23,245,16
6,1000,50,5.13,10.3,18,37,85,959,21,14,6,41,7.891781189,273,334,66.09140516,49.16126688,9.182312625,6.65185883,462,14,9,5,28,497,7,5,1,13,490,510,319,15,257,16
1,1000,50,5.13,10.3,18,37,74,957,27,9,7,43,8.146541003,220,247,29.84840194,26.33412043,9.1309262,7.177780968,465,18,7,6,31,492,9,2,1,12,496,504,220,27,206,14
7,1000,50,5.13,10.3,18,37,82,958,25,7,10,42,8.30918637,232,293,33.22893983,26.73301684,9.65093579,6.940330902,473,17,6,9,32,485,8,1,1,10,505,495,265,28,215,17
4,1000,50,5.13,10.3,18,37,84,961,28,4,7,39,7.9440054,280,334,134.0021156,111.9562417,9.521178627,6.249035002,485,24,4,5,33,476,4,0,2,6,518,482,306,28,270,10
3,1000,50,5.13,10.3,18,37,83,951,23,14,12,49,8.249514677,262,290,59.81244777,47.93927101,9.825522059,6.528435485,487,11,13,11,35,464,12,1,1,14,522,478,269,21,250,12
2,1000,50,5.13,10.3,18,37,84,954,24,13,9,46,8.122466473,257,288,80.39261319,70.0789365,9.77151179,6.314393726,485,21,9,8,38,469,3,4,1,8,523,477,263,25,240,17
5,1000,50,5.13,10.3,18,37,86,960,30,8,2,40,8.010920427,239,311,212.7544423,227.8814282,9.605380071,6.23442945,494,25,6,2,33,466,5,2,0,7,527,473,278,33,228,11
8,1000,50,5.13,10.3,18,37,83,947,29,16,8,53,8.061188864,251,318,60.55074003,52.79361649,9.931629329,6.313756089,439,24,14,6,44,508,5,2,2,9,483,517,297,21,243,8
6,1000,50,5.13,10.3,18,37,86,959,22,14,5,41,7.864147173,283,318,69.75871855,52.00354425,9.209121769,6.571916679,462,14,9,5,28,497,8,5,0,13,490,510,305,13,267,16
1,1000,50,5.13,10.3,18,37,75,954,30,9,7,46,8.152244457,211,253,30.45922679,26.93631954,9.181828899,7.139002625,463,20,7,6,33,491,10,2,1,13,496,504,227,26,196,15
4,1000,50,5.13,10.3,18,37,85,961,28,4,7,39,7.952132788,265,307,142.4112558,118.6688188,9.592917697,6.188799628,485,24,4,5,33,476,4,0,2,6,518,482,290,17,254,11
7,1000,50,5.13,10.3,18,37,83,957,26,7,10,43,8.287839433,231,279,34.85572997,27.95286819,9.690315339,6.857030681,472,18,6,9,33,485,8,1,1,10,505,495,248,31,215,16
2,1000,50,5.13,10.3,18,37,85,954,23,14,9,46,8.124111181,250,297,83.54922783,73.55380554,9.802716435,6.283627852,485,20,10,8,38,469,3,4,1,8,523,477,275,22,242,8
3,1000,50,5.13,10.3,18,37,84,952,21,15,12,48,8.249662385,243,283,62.85393122,50.21438694,9.86218277,6.48870916,487,10,14,11,35,465,11,1,1,13,522,478,262,21,232,11
5,1000,50,5.13,10.3,18,37,87,960,29,9,2,40,8.024776218,247,298,244.4251604,256.7617868,9.64699643,6.217355389,494,24,7,2,33,466,5,2,0,7,527,473,278,20,233,14
8,1000,50,5.13,10.3,18,37,84,947,29,16,8,53,8.080853409,255,303,64.62466991,56.4127192,10.01468,6.274203034,438,25,14,6,45,509,4,2,2,8,483,517,282,21,245,10
6,1000,50,5.13,10.3,18,37,87,957,23,14,6,43,7.854674055,288,344,73.25998506,54.64804501,9.274908063,6.490135499,461,15,9,5,29,496,8,5,1,14,490,510,321,23,277,11
4,1000,50,5.13,10.3,18,37,86,961,28,4,7,39,7.952162036,288,326,153.4132911,127.9232819,9.59115231,6.19075755,485,24,4,5,33,476,4,0,2,6,518,482,304,22,270,18
7,1000,50,5.13,10.3,18,37,84,957,27,7,9,43,8.262169854,234,266,36.46907229,29.37176737,9.708842094,6.786271912,472,19,6,8,33,485,8,1,1,10,505,495,248,18,223,11
1,1000,50,5.13,10.3,18,37,76,956,28,9,7,44,8.110924037,234,264,31.18266108,27.64352754,9.21651648,7.022880681,463,20,7,6,33,493,8,2,1,11,496,504,234,30,219,15
2,1000,50,5.13,10.3,18,37,86,954,23,14,9,46,8.113929143,260,282,87.66220043,77.56581748,9.797413676,6.268095996,485,20,10,8,38,469,3,4,1,8,523,477,268,14,245,15
3,1000,50,5.13,10.3,18,37,85,952,20,16,12,48,8.245838995,260,289,66.45765099,52.87023251,9.945960835,6.389220583,487,9,15,11,35,465,11,1,1,13,522,478,276,13,243,17
5,1000,50,5.13,10.3,18,37,88,958,30,10,2,42,8.002663481,248,310,262.9173228,272.4004772,9.69407534,6.118151748,492,25,8,2,35,466,5,2,0,7,527,473,288,22,237,11
8,1000,50,5.13,10.3,18,37,85,948,28,16,8,52,8.097373564,289,323,68.60462651,59.89411364,10.05476467,6.268708368,438,25,14,6,45,510,3,2,2,7,483,517,307,16,275,14
6,1000,50,5.13,10.3,18,37,88,957,23,14,6,43,7.820804186,285,347,76.34626543,57.08501651,9.280552651,6.418300758,461,15,9,5,29,496,8,5,1,14,490,510,325,22,270,15
4,1000,50,5.13,10.3,18,37,87,959,31,4,6,41,7.928399419,297,335,169.7392986,139.9367667,9.60952993,6.121707293,484,26,4,4,34,475,5,0,2,7,518,482,315,20,281,16
2,1000,50,5.13,10.3,18,37,87,954,23,14,9,46,8.10793883,256,292,91.7865968,81.5029795,9.848489231,6.199536608,485,20,10,8,38,469,3,4,1,8,523,477,274,18,245,11
7,1000,50,5.13,10.3,18,37,85,955,29,7,9,45,8.289103285,235,280,38.40213066,30.94972082,9.791521868,6.756332812,471,20,6,8,34,484,9,1,1,11,505,495,257,23,221,14
3,1000,50,5.13,10.3,18,37,86,953,20,15,12,47,8.263172502,260,294,69.50938362,55.61000087,9.97834103,6.390122351,488,9,14,11,34,465,11,1,1,13,522,478,275,19,248,12
1,1000,50,5.13,10.3,18,37,77,955,29,9,7,45,8.085310216,238,268,32.19478187,28.52518157,9.227332658,6.961415115,462,21,7,6,34,493,8,2,1,11,496,504,245,23,221,17
5,1000,50,5.13,10.3,18,37,89,958,30,10,2,42,8.007104867,283,309,293.9647912,302.4994755,9.789422231,6.021309411,492,25,8,2,35,466,5,2,0,7,527,473,287,22,267,16
8,1000,50,5.13,10.3,18,37,86,947,29,16,8,53,8.070391972,273,329,71.90181818,63.09839696,10.07216624,6.200262432,437,26,14,6,46,510,3,2,2,7,483,517,309,20,259,14
6,1000,50,5.13,10.3,18,37,89,957,23,14,6,43,7.831190785,285,344,80.93381007,60.75224193,9.322714682,6.39815802,461,15,9,5,29,496,8,5,1,14,490,510,323,21,276,9
4,1000,50,5.13,10.3,18,37,88,958,31,5,6,42,7.911384209,287,321,189.5470228,154.6508581,9.654889849,6.037658231,483,26,5,4,35,475,5,0,2,7,518,482,304,17,276,11
2,1000,50,5.13,10.3,18,37,88,956,23,12,9,44,8.113365176,263,291,96.42976573,86.34544965,9.90676906,6.14701249,485,20,10,8,38,471,3,2,1,6,523,477,271,20,250,13
7,1000,50,5.13,10.3,18,37,86,955,29,7,9,45,8.258052255,237,294,40.74513183,32.90364279,9.808246042,6.676541421,471,20,6,8,34,484,9,1,1,11,505,495,279,15,227,10
5,1000,50,5.13,10.3,18,37,90,958,30,10,2,42,8.026081596,252,320,313.9325558,331.3216741,9.858728193,5.984211074,491,26,8,2,36,467,4,2,0,6,527,473,308,12,240,12
3,1000,50,5.13,10.3,18,37,87,953,20,15,12,47,8.256382194,274,301,73.15258611,58.69084667,9.983125878,6.370691393,488,9,14,11,34,465,11,1,1,13,522,478,279,22,255,19
1,1000,50,5.13,10.3,18,37,78,954,30,9,7,46,8.093777716,240,271,33.43337324,29.55867857,9.289924848,6.916617047,462,21,7,6,34,492,9,2,1,12,496,504,247,24,229,11
8,1000,50,5.13,10.3,18,37,87,943,31,18,8,57,8.107817706,273,330,74.70886147,65.39793691,10.13117218,6.217527167,435,26,16,6,48,508,5,2,2,9,483,517,308,22,255,18
6,1000,50,5.13,10.3,18,37,90,958,22,14,6,42,7.856916778,277,364,85.58478551,64.05066363,9.395945167,6.378242444,461,15,9,5,29,497,7,5,1,13,490,510,350,14,267,10
4,1000,50,5.13,10.3,18,37,89,958,32,5,5,42,7.912140016,301,329,203.6129587,166.2891648,9.69824802,5.992629754,482,27,5,4,36,476,5,0,1,6,518,482,320,9,289,12
2,1000,50,5.13,10.3,18,37,89,954,25,12,9,46,8.169260392,269,311,101.7725205,91.79667311,9.982242148,6.181441822,483,22,10,8,40,471,3,2,1,6,523,477,292,19,256,13
5,1000,50,5.13,10.3,18,37,91,958,30,10,2,42,8.00122539,281,319,362.5891749,392.4729097,9.855931659,5.934776757,491,26,8,2,36,467,4,2,0,6,527,473,297,22,267,14
7,1000,50,5.13,10.3,18,37,87,955,29,7,9,45,8.254974412,237,294,43.15900641,34.76840777,9.820492137,6.657830067,471,20,6,8,34,484,9,1,1,11,505,495,266,28,224,13
3,1000,50,5.13,10.3,18,37,88,954,20,13,13,46,8.247166222,276,300,76.7180287,61.34372853,10.04402513,6.284906073,488,9,13,12,34,466,11,0,1,12,522,478,279,21,267,9
1,1000,50,5.13,10.3,18,37,79,951,31,11,7,49,8.124247446,231,281,34.68984401,30.74074161,9.401246863,6.867517861,460,21,9,6,36,491,10,2,1,13,496,504,261,20,223,8
8,1000,50,5.13,10.3,18,37,88,942,31,18,9,58,8.105697672,274,325,78.68183038,69.40108396,10.17254151,6.174777803,435,25,16,7,48,507,6,2,2,10,483,517,308,17,267,7
6,1000,50,5.13,10.3,18,37,91,958,22,14,6,42,7.878957256,286,357,90.03767521,67.27146741,9.444275924,6.375023634,461,15,9,5,29,497,7,5,1,13,490,510,337,20,270,16
4,1000,50,5.13,10.3,18,37,90,958,31,6,5,42,7.950371149,307,347,223.941763,181.9101478,9.74436833,6.022382476,482,26,6,4,36,476,5,0,1,6,518,482,322,25,296,11
2,1000,50,5.13,10.3,18,37,90,953,25,13,9,47,8.193441945,269,309,108.0498568,96.7079679,10.0267402,6.183347637,483,22,10,8,40,470,3,3,1,7,523,477,290,19,253,16
5,1000,50,5.13,10.3,18,37,92,957,31,10,2,43,8.025249947,273,319,378.2311675,414.6773399,9.911519269,5.923634867,490,27,8,2,37,467,4,2,0,6,527,473,295,24,258,15
7,1000,50,5.13,10.3,18,37,88,954,28,8,10,46,8.265985752,244,306,46.57423222,37.47299768,9.872608782,6.626905691,470,19,7,9,35,484,9,1,1,11,505,495,280,26,232,12
3,1000,50,5.13,10.3,18,37,89,955,20,13,12,45,8.215725573,270,328,79.22428766,63.11061286,10.07007006,6.190688292,488,9,13,12,34,467,11,0,0,11,522,478,302,26,256,14
1,1000,50,5.13,10.3,18,37,80,950,30,13,7,50,8.12871968,229,285,35.97568057,31.92447812,9.443807112,6.834506652,459,20,11,6,37,491,10,2,1,13,496,504,264,21,217,12
8,1000,50,5.13,10.3,18,37,89,941,31,19,9,59,8.120972384,288,340,84.05687351,74.46728667,10.24625159,6.135460087,434,25,17,7,49,507,6,2,2,10,483,517,321,19,277,11
6,1000,50,5.13,10.3,18,37,92,959,22,13,6,41,7.848384127,306,366,94.79250423,70.62009667,9.495747935,6.265622821,461,15,9,5,29,498,7,4,1,12,490,510,343,23,297,9
4,1000,50,5.13,10.3,18,37,91,958,30,7,5,42,7.934526721,312,345,249.994727,201.881379,9.778658539,5.952658918,482,25,7,4,36,476,5,0,1,6,518,482,316,29,299,13
2,1000,50,5.13,10.3,18,37,91,953,25,13,9,47,8.203658267,253,316,112.4089691,100.2111814,10.07626714,6.150462376,483,22,10,8,40,470,3,3,1,7,523,477,297,19,241,12
5,1000,50,5.13,10.3,18,37,93,957,31,10,2,43,8.046635141,269,325,447.2783928,475.658348,9.936865431,5.940606889,490,27,8,2,37,467,4,2,0,6,527,473,306,19,254,15
3,1000,50,5.13,10.3,18,37,90,954,21,12,13,46,8.213212817,269,334,81.41642898,64.76937067,10.12910853,6.120958508,486,11,12,13,36,468,10,0,0,10,522,478,307,27,260,9
7,1000,50,5.13,10.3,18,37,89,954,29,7,10,46,8.255057135,261,317,49.71954481,39.92679011,9.883221855,6.594000199,470,20,6,9,35,484,9,1,1,11,505,495,288,29,241,20
6,1000,50,5.13,10.3,18,37,93,958,23,13,6,42,7.85039321,295,384,99.56247151,74.16955239,9.558113594,6.209642252,460,16,9,5,30,498,7,4,1,12,490,510,372,12,289,6
8,1000,50,5.13,10.3,18,37,90,938,34,19,9,62,8.092055662,288,330,88.87869271,79.05538411,10.25283597,6.07337696,433,26,17,7,50,505,8,2,2,12,483,517,309,21,272,16
1,1000,50,5.13,10.3,18,37,81,949,31,13,7,51,8.147226772,256,285,37.02884672,32.91665805,9.503440561,6.812540186,459,20,11,6,37,490,11,2,1,14,496,504,258,27,242,14
4,1000,50,5.13,10.3,18,37,92,957,31,7,5,43,7.923792455,308,341,266.4488103,216.5919729,9.806862231,5.900078464,481,26,7,4,37,476,5,0,1,6,518,482,317,24,295,13
2,1000,50,5.13,10.3,18,37,92,953,25,13,9,47,8.174923784,288,317,117.6022953,104.3322233,10.1205455,6.041673979,483,22,10,8,40,470,3,3,1,7,523,477,293,24,281,7
5,1000,50,5.13,10.3,18,37,94,956,32,10,2,44,8.039293263,279,334,478.5252451,507.8942178,9.980311541,5.876678819,490,27,8,2,37,466,5,2,0,7,527,473,308,26,264,15
3,1000,50,5.13,10.3,18,37,91,954,20,13,13,46,8.176595668,283,312,85.73574613,67.79599279,10.10197536,6.073984373,485,11,13,13,37,469,9,0,0,9,522,478,285,27,268,15
7,1000,50,5.13,10.3,18,37,90,954,30,7,9,46,8.261872509,262,303,53.83490039,43.08983978,9.944346891,6.545408745,469,21,6,9,36,485,9,1,0,10,505,495,285,18,250,12
6,1000,50,5.13,10.3,18,37,94,959,23,12,6,41,7.845734266,305,365,103.8290517,77.69444334,9.602513771,6.157848074,460,16,9,5,30,499,7,3,1,11,490,510,350,15,293,12
8,1000,50,5.13,10.3,18,37,91,938,34,18,10,62,8.0632489,291,346,95.31556483,84.95627893,10.27267139,5.999126922,433,26,16,8,50,505,8,2,2,12,483,517,323,23,281,10
1,1000,50,5.13,10.3,18,37,82,948,32,13,7,52,8.123768749,246,291,38.40634661,34.30089721,9.522223258,6.747511931,458,21,11,6,38,490,11,2,1,14,496,504,274,17,232,14
4,1000,50,5.13,10.3,18,37,93,957,30,8,5,43,7.912120524,307,348,278.6315013,229.8734444,9.85371154,5.825514412,481,25,8,4,37,476,5,0,1,6,518,482,325,23,292,15
2,1000,50,5.13,10.3,18,37,93,953,25,13,9,47,8.162303288,293,310,123.9108918,109.2482078,10.14656924,5.986682551,483,22,10,8,40,470,3,3,1,7,523,477,285,25,282,11
5,1000,50,5.13,10.3,18,37,95,957,32,9,2,43,8.020467122,282,354,527.4605439,544.7503311,9.993000828,5.822739294,490,27,8,2,37,467,5,1,0,6,527,473,330,24,271,11
3,1000,50,5.13,10.3,18,37,92,954,19,14,13,46,8.207521913,278,319,91.5427583,72.13080291,10.18400248,6.049105894,485,10,14,13,37,469,9,0,0,9,522,478,292,27,266,12
7,1000,50,5.13,10.3,18,37,91,952,32,7,9,48,8.282704382,263,307,56.79310645,45.60024542,10.03534582,6.494656045,467,23,6,9,38,485,9,1,0,10,505,495,291,16,252,11
6,1000,50,5.13,10.3,18,37,95,960,21,13,6,40,7.846804843,317,388,109.1190816,81.70727734,9.648082466,6.116165558,460,16,9,5,30,500,5,4,1,10,490,510,372,16,299,18
8,1000,50,5.13,10.3,18,37,92,938,34,18,10,62,8.045097063,308,343,101.8899539,90.95359122,10.33989013,5.90121882,433,26,16,8,50,505,8,2,2,12,483,517,327,16,295,13
1,1000,50,5.13,10.3,18,37,83,948,31,13,8,52,8.13981347,257,285,39.85351119,35.71798957,9.547941209,6.754036965,458,21,11,6,38,490,10,2,2,14,496,504,266,19,242,15
4,1000,50,5.13,10.3,18,37,94,956,31,8,5,44,7.907183907,325,338,296.3059444,244.5549954,9.859520482,5.809029663,481,25,8,4,37,475,6,0,1,7,518,482,325,13,311,14
2,1000,50,5.13,10.3,18,37,94,954,24,13,9,46,8.174994042,284,338,130.2640311,115.4353564,10.18118548,5.975333405,484,21,10,8,39,470,3,3,1,7,523,477,318,20,268,16
5,1000,50,5.13,10.3,18,37,96,957,31,10,2,43,8.047150726,289,352,581.7122956,601.7801966,10.04318362,5.823240924,489,27,9,2,38,468,4,1,0,5,527,473,329,23,284,5
3,1000,50,5.13,10.3,18,37,93,953,20,14,13,47,8.185062845,275,310,95.79300087,75.26864987,10.22191056,5.960722869,484,11,14,13,38,469,9,0,0,9,522,478,295,15,261,14
7,1000,50,5.13,10.3,18,37,92,952,32,5,11,48,8.251181937,265,325,59.89979178,47.89896677,10.08485924,6.38046065,467,23,4,11,38,485,9,1,0,10,505,495,296,29,251,14
6,1000,50,5.13,10.3,18,37,96,961,21,12,6,39,7.850915638,330,383,113.3926802,84.63870808,9.706199481,6.068388024,460,16,9,5,30,501,5,3,1,9,490,510,364,19,322,8
8,1000,50,5.13,10.3,18,37,93,938,33,19,10,62,8.038732208,298,337,110.3340747,98.41478424,10.37919361,5.852188965,433,26,16,8,50,505,7,3,2,12,483,517,324,13,286,12
4,1000,50,5.13,10.3,18,37,95,956,31,8,5,44,7.888442998,335,370,314.3506864,260.5858347,9.887073453,5.74053724,481,25,8,4,37,475,6,0,1,7,518,482,344,26,316,19
2,1000,50,5.13,10.3,18,37,95,954,24,13,9,46,8.190026152,299,337,136.7305639,121.9370295,10.22755211,5.956009222,484,21,10,8,39,470,3,3,1,7,523,477,315,22,289,10
1,1000,50,5.13,10.3,18,37,84,948,31,13,8,52,8.173824432,262,312,40.97059967,36.92636489,9.605917004,6.764463487,458,21,11,6,38,490,10,2,2,14,496,504,293,19,254,8
5,1000,50,5.13,10.3,18,37,97,957,31,10,2,43,8.012428109,292,335,613.7822225,632.1605358,10.07723339,5.711894529,489,27,9,2,38,468,4,1,0,5,527,473,312,23,281,11
3,1000,50,5.13,10.3,18,37,94,955,19,14,12,45,8.161494203,280,336,102.3445357,79.5649301,10.21701889,5.916758038,486,10,14,12,36,469,9,0,0,9,522,478,313,23,266,14
7,1000,50,5.13,10.3,18,37,93,951,32,6,11,49,8.239661396,276,312,63.59645478,50.83033117,10.10408935,6.33756823,466,23,5,11,39,485,9,1,0,10,505,495,298,14,258,18
6,1000,50,5.13,10.3,18,37,97,961,22,12,5,39,7.823744664,314,380,121.9148887,90.76868998,9.714924328,6.006728909,460,17,9,4,30,501,5,3,1,9,490,510,362,18,308,6
8,1000,50,5.13,10.3,18,37,94,938,33,19,10,62,8.001106357,316,366,117.8390135,104.6781959,10.38763232,5.771527941,433,26,16,8,50,505,7,3,2,12,483,517,350,16,307,9
4,1000,50,5.13,10.3,18,37,96,956,31,8,5,44,7.879893038,305,355,330.1840116,274.4256581,9.948591846,5.656685605,480,26,8,4,38,476,5,0,1,6,518,482,337,18,294,11
2,1000,50,5.13,10.3,18,37,96,953,26,13,8,47,8.16465407,296,332,143.6470886,128.4225747,10.23061805,5.899456662,483,23,10,7,40,470,3,3,1,7,523,477,308,24,285,11
5,1000,50,5.13,10.3,18,37,98,956,32,10,2,44,8.037160908,277,354,685.8849146,700.5269753,10.1291096,5.706385089,488,28,9,2,39,468,4,1,0,5,527,473,330,24,264,13
1,1000,50,5.13,10.3,18,37,85,948,31,13,8,52,8.119472981,263,307,42.6742293,38.40486331,9.63157,6.631377502,458,21,11,6,38,490,10,2,2,14,496,504,291,16,251,12
3,1000,50,5.13,10.3,18,37,95,955,19,13,13,45,8.157668251,288,338,106.59499,83.04705311,10.26893534,5.852058586,486,10,13,13,36,469,9,0,0,9,522,478,315,23,272,16
7,1000,50,5.13,10.3,18,37,94,951,32,6,11,49,8.203713139,277,334,68.45658157,54.51372261,10.15061338,6.217481585,465,24,5,11,40,486,8,1,0,9,505,495,312,22,261,16
6,1000,50,5.13,10.3,18,37,98,960,23,12,5,40,7.846108572,325,386,129.4097537,96.21388192,9.796216533,5.972475434,459,18,9,4,31,501,5,3,1,9,490,510,368,18,314,11
8,1000,50,5.13,10.3,18,37,95,938,33,19,10,62,8.009459638,316,349,125.4522902,110.6065664,10.41671095,5.760518856,433,26,16,8,50,505,7,3,2,12,483,517,334,15,306,10
4,1000,50,5.13,10.3,18,37,97,952,35,8,5,48,7.940224316,327,364,350.9517161,292.5226558,10.06472998,5.657041875,476,30,8,4,42,476,5,0,1,6,518,482,338,26,315,12
2,1000,50,5.13,10.3,18,37,97,952,27,12,9,48,8.174219794,288,334,151.5467472,135.9040824,10.2800779,5.86528103,482,24,9,8,41,470,3,3,1,7,523,477,316,18,281,7
5,1000,50,5.13,10.3,18,37,99,953,35,10,2,47,8.037696453,304,349,736.1358769,763.0098393,10.18628077,5.64381921,486,30,9,2,41,467,5,1,0,6,527,473,327,22,291,13
1,1000,50,5.13,10.3,18,37,86,947,32,13,8,53,8.125054271,258,324,44.72107849,40.31409289,9.656136012,6.618275415,457,22,11,6,39,490,10,2,2,14,496,504,295,29,243,15
3,1000,50,5.13,10.3,18,37,96,955,19,13,13,45,8.149106418,294,339,112.9470522,87.69991715,10.29391036,5.806872825,486,10,13,13,36,469,9,0,0,9,522,478,320,19,283,11
7,1000,50,5.13,10.3,18,37,95,949,34,6,11,51,8.201960596,285,327,73.32802301,58.49976997,10.19354346,6.170143736,464,25,5,11,41,485,9,1,0,10,505,495,308,19,272,13
6,1000,50,5.13,10.3,18,37,99,960,23,12,5,40,7.82811755,330,375,136.5842555,101.6809063,9.826595405,5.908011376,459,18,9,4,31,501,5,3,1,9,490,510,360,15,320,10
8,1000,50,5.13,10.3,18,37,96,937,34,19,10,63,8.032153948,334,351,135.1175879,118.5378604,10.4753679,5.749615572,433,26,16,8,50,504,8,3,2,13,483,517,339,12,319,15
4,1000,50,5.13,10.3,18,37,98,951,36,8,5,49,7.943954997,338,357,381.0315664,315.1210815,10.11772314,5.607830727,475,31,8,4,43,476,5,0,1,6,518,482,337,20,321,17
2,1000,50,5.13,10.3,18,37,98,952,27,12,9,48,8.166727033,289,331,165.2279072,148.1090695,10.28265001,5.846752787,482,24,9,8,41,470,3,3,1,7,523,477,317,14,280,9
5,1000,50,5.13,10.3,18,37,100,953,35,10,2,47,8.024015594,309,342,772.544996,803.2883911,10.24084994,5.554096565,486,30,9,2,41,467,5,1,0,6,527,473,328,14,295,14
3,1000,50,5.13,10.3,18,37,97,954,20,13,13,46,8.122126863,277,341,119.1142746,92.33367593,10.32115974,5.720672549,485,11,13,13,37,469,9,0,0,9,522,478,322,19,266,11
1,1000,50,5.13,10.3,18,37,87,947,31,15,7,53,8.069026664,264,319,45.96571567,41.43379414,9.700315791,6.463631016,457,21,12,6,39,490,10,3,1,14,496,504,300,19,250,14
7,1000,50,5.13,10.3,18,37,96,947,36,6,11,53,8.244528924,283,321,80.95373479,64.86447853,10.23256235,6.216333208,463,26,5,11,42,484,10,1,0,11,505,495,303,18,271,12
6,1000,50,5.13,10.3,18,37,100,959,24,12,5,41,7.831208937,335,389,144.7518315,106.9446825,9.843330376,5.897994221,458,19,9,4,32,501,5,3,1,9,490,510,375,14,326,9
8,1000,50,5.13,10.3,18,37,97,936,35,18,11,64,8.053338012,327,375,144.6550493,126.9013016,10.52999831,5.739552862,432,27,15,9,51,504,8,3,2,13,483,517,358,17,319,8
4,1000,50,5.13,10.3,18,37,99,950,37,8,5,50,7.980683989,328,360,405.1704893,337.0945155,10.20723808,5.587831253,474,32,8,4,44,476,5,0,1,6,518,482,341,19,317,11
2,1000,50,5.13,10.3,18,37,99,950,28,13,9,50,8.157641108,292,340,171.5171867,152.6980498,10.33245071,5.773101443,481,24,10,8,42,469,4,3,1,8,523,477,329,11,278,14
5,1000,50,5.13,10.3,18,37,101,952,36,10,2,48,8.014819276,300,339,822.199482,871.8818726,10.28607789,5.484262635,485,31,9,2,42,467,5,1,0,6,527,473,322,17,289,11
3,1000,50,5.13,10.3,18,37,98,955,19,13,13,45,8.085112434,305,335,126.2396657,97.53980308,10.33839694,5.624412615,485,11,13,13,37,470,8,0,0,8,522,478,319,16,295,10
1,1000,50,5.13,10.3,18,37,88,947,31,14,8,53,8.053301664,290,319,47.14004593,42.73571553,9.738576266,6.394777452,457,21,11,7,39,490,10,3,1,14,496,504,299,20,274,16
7,1000,50,5.13,10.3,18,37,97,946,37,6,11,54,8.221496247,290,347,88.33372338,70.68834184,10.31144325,6.089328093,461,28,5,11,44,485,9,1,0,10,505,495,324,23,280,10
6,1000,50,5.13,10.3,18,37,101,958,24,13,5,42,7.836412671,344,383,155.6191626,114.8615032,9.857186506,5.894884868,458,19,9,4,32,500,5,4,1,10,490,510,368,15,333,11
8,1000,50,5.13,10.3,18,37,98,936,34,19,11,64,8.06091425,324,367,155.8606039,137.8378276,10.59872387,5.690001202,432,26,16,9,51,504,8,3,2,13,483,517,355,12,306,18
4,1000,50,5.13,10.3,18,37,100,950,38,8,4,50,7.930890339,344,375,427.1295199,351.8458349,10.19810108,5.494344351,474,32,8,4,44,476,6,0,0,6,518,482,353,22,335,9
2,1000,50,5.13,10.3,18,37,100,950,28,13,9,50,8.162399911,301,337,180.285353,158.6604207,10.40340458,5.705281583,481,24,10,8,42,469,4,3,1,8,523,477,319,18,292,9
5,1000,50,5.13,10.3,18,37,102,951,37,11,1,49,7.992522173,323,357,893.6544691,957.0275665,10.2723383,5.452431059,485,32,9,1,42,466,5,2,0,7,527,473,337,20,310,13
3,1000,50,5.13,10.3,18,37,99,955,19,13,13,45,8.050941237,310,336,132.0758345,103.0091639,10.37641319,5.511409102,485,11,13,13,37,470,8,0,0,8,522,478,319,17,297,13
6,1000,50,5.13,10.3,18,37,102,959,23,13,5,41,7.7958406,351,401,169.6284373,124.5493006,9.881018963,5.792433937,458,18,10,4,32,501,5,3,1,9,490,510,384,17,333,18
7,1000,50,5.13,10.3,18,37,98,946,37,6,11,54,8.208333985,304,329,96.79156705,77.89189425,10.33904438,6.034578939,461,28,5,11,44,485,9,1,0,10,505,495,316,13,292,12
1,1000,50,5.13,10.3,18,37,89,947,30,15,8,53,8.047404162,279,329,48.852323,44.22569784,9.773345,6.348859211,457,20,12,7,39,490,10,3,1,14,496,504,301,28,268,11
8,1000,50,5.13,10.3,18,37,99,936,34,18,12,64,8.051446609,328,366,163.6096054,144.2574156,10.65322155,5.620774858,432,26,15,10,51,504,8,3,2,13,483,517,346,20,322,6
4,1000,50,5.13,10.3,18,37,101,950,38,8,4,50,7.939033739,336,374,454.342484,374.665509,10.20915092,5.499364235,474,32,8,4,44,476,6,0,0,6,518,482,348,26,329,7
2,1000,50,5.13,10.3,18,37,101,950,27,13,10,50,8.202134243,299,351,190.1666252,167.9735994,10.49849576,5.684320666,481,23,10,9,42,469,4,3,1,8,523,477,331,20,283,16
5,1000,50,5.13,10.3,18,37,103,952,38,8,2,48,7.960199535,296,359,944.2254689,1012.46479,10.32732296,5.322833689,484,33,8,2,43,468,5,0,0,5,527,473,339,20,289,7
3,1000,50,5.13,10.3,18,37,100,956,18,13,13,44,8.042519985,307,358,136.0078086,106.7361689,10.43454318,5.430310551,485,11,13,13,37,471,7,0,0,7,522,478,342,16,295,12
6,1000,50,5.13,10.3,18,37,103,959,23,13,5,41,7.769627137,359,385,185.2696563,135.9968781,9.902585414,5.720314281,457,19,10,4,33,502,4,3,1,8,490,510,375,10,355,4
7,1000,50,5.13,10.3,18,37,99,946,37,6,11,54,8.196155961,281,363,109.3132059,89.20575326,10.35537896,5.993312291,461,28,5,11,44,485,9,1,0,10,505,495,344,19,270,11
8,1000,50,5.13,10.3,18,37,100,936,34,17,13,64,8.040556237,341,394,172.4973811,152.1813659,10.68866643,5.566596429,432,26,14,11,51,504,8,3,2,13,483,517,368,26,326,15
1,1000,50,5.13,10.3,18,37,90,947,30,14,9,53,8.06628434,282,341,51.25125553,46.4931298,9.819499055,6.340898429,457,20,11,8,39,490,10,3,1,14,496,504,320,21,269,13
4,1000,50,5.13,10.3,18,37,102,949,39,8,4,51,7.965598558,331,378,484.4746565,400.8883712,10.27680075,5.48177546,474,32,8,4,44,475,7,0,0,7,518,482,359,19,321,10
2,1000,50,5.13,10.3,18,37,102,950,28,12,10,50,8.205512213,322,353,201.512635,178.8653767,10.56313456,5.620530054,481,23,10,9,42,469,5,2,1,8,523,477,337,16,310,12
5,1000,50,5.13,10.3,18,37,104,951,39,8,2,49,7.968030762,314,364,992.0067466,1064.489227,10.37722159,5.283794893,484,33,8,2,43,467,6,0,0,6,527,473,349,15,304,10
9,1000,50,5.13,10.3,18,37,0,938,35,12,15,62,7.559,95,112,12.55659066,9.039351849,6.774590164,8.306640625,466,15,2,5,22,472,20,10,10,40,488,512,67,45,64,31
3,1000,50,5.13,10.3,18,37,101,956,18,13,13,44,8.030799681,308,350,140.3117188,110.2186352,10.46867095,5.36852185,485,11,13,13,37,471,7,0,0,7,522,478,329,21,294,14
6,1000,50,5.13,10.3,18,37,104,959,23,13,5,41,7.767309971,357,405,196.1305299,144.0253951,9.972274795,5.648814355,457,19,10,4,33,502,4,3,1,8,490,510,391,14,341,16
10,1000,50,5.13,10.3,18,37,0,931,35,15,19,69,7.18,111,130,12.57080147,9.438002125,5.808641975,8.476653696,471,8,4,3,15,460,27,11,16,54,486,514,80,50,79,32
7,1000,50,5.13,10.3,18,37,100,947,36,6,11,53,8.151974902,294,346,116.4715892,95.70848031,10.35934811,5.900008299,461,28,5,11,44,486,8,1,0,9,505,495,320,26,287,7
8,1000,50,5.13,10.3,18,37,101,934,35,18,13,66,8.058689936,335,360,183.8844818,161.550024,10.75947496,5.5355194,430,27,15,11,53,504,8,3,2,13,483,517,354,6,329,6
1,1000,50,5.13,10.3,18,37,91,947,30,14,9,53,8.063519383,296,315,53.61442233,48.8529948,9.868222347,6.287462499,457,20,11,8,39,490,10,3,1,14,496,504,295,20,285,11
4,1000,50,5.13,10.3,18,37,103,950,38,7,5,50,7.946499561,342,384,509.0231396,430.6813238,10.30257431,5.414452421,475,31,7,5,43,475,7,0,0,7,518,482,366,18,331,11
2,1000,50,5.13,10.3,18,37,103,950,27,13,10,50,8.24152701,335,361,211.7155243,188.5928233,10.61448497,5.639730333,481,22,11,9,42,469,5,2,1,8,523,477,342,19,317,18
9,1000,50,5.13,10.3,18,37,1,937,35,14,14,63,7.584561569,95,132,12.61261829,9.110130631,6.79270649,8.339298441,466,15,2,5,22,471,20,12,9,41,488,512,79,53,67,28
3,1000,50,5.13,10.3,18,37,102,956,17,14,13,44,8.028385254,321,351,146.2024951,114.2052005,10.50772738,5.320819168,485,10,14,13,37,471,7,0,0,7,522,478,334,17,311,10
7,1000,50,5.13,10.3,18,37,101,948,36,5,11,52,8.137158532,300,335,128.4795215,105.939863,10.3726569,5.856498584,461,28,5,11,44,487,8,0,0,8,505,495,316,19,289,11
10,1000,50,5.13,10.3,18,37,1,934,32,16,18,66,7.132956832,103,116,12.60753966,9.50479087,5.820187474,8.374213462,471,7,5,3,15,463,25,11,15,51,486,514,68,48,73,30
8,1000,50,5.13,10.3,18,37,102,934,35,18,13,66,8.038127638,354,394,196.224174,172.3158016,10.76373036,5.49177152,430,27,15,11,53,504,8,3,2,13,483,517,382,12,345,9
4,1000,50,5.13,10.3,18,37,104,949,39,7,5,51,7.974279222,370,388,531.0537321,453.4493354,10.38954331,5.378621967,474,32,7,5,44,475,7,0,0,7,518,482,364,24,358,12
2,1000,50,5.13,10.3,18,37,104,950,27,14,9,50,8.221517951,326,348,220.324465,197.2851871,10.66789822,5.539218415,481,22,11,9,42,469,5,3,0,8,523,477,330,18,317,9
11,1000,50,5.13,10.3,18,37,0,951,28,11,10,49,6.88,95,131,12.40901676,8.539115719,6.487475915,7.303534304,494,16,5,4,25,457,12,6,6,24,519,481,77,54,57,38
12,1000,50,5.13,10.3,18,37,0,949,27,8,16,51,6.762,107,126,12.52754915,8.969181539,5.737672584,7.815415822,493,12,0,2,14,456,15,8,14,37,507,493,68,58,70,37
1,1000,50,5.13,10.3,18,37,92,945,32,14,9,55,8.051200193,318,332,56.86534236,51.60188095,9.920651707,6.211422512,456,21,11,8,40,489,11,3,1,15,496,504,317,15,307,11
9,1000,50,5.13,10.3,18,37,2,937,35,13,15,63,7.582957225,93,132,12.63935342,9.161555115,6.819105546,8.311003357,466,15,2,5,22,471,20,11,10,41,488,512,63,69,67,26
3,1000,50,5.13,10.3,18,37,103,956,16,15,13,44,8.075842502,308,346,155.0344766,121.2904809,10.55938813,5.36368598,485,9,15,13,37,471,7,0,0,7,522,478,330,16,300,8
7,1000,50,5.13,10.3,18,37,102,948,35,6,11,52,8.118141692,310,356,146.6479397,121.8501817,10.42140256,5.768350301,461,27,6,11,44,487,8,0,0,8,505,495,335,21,295,15
8,1000,50,5.13,10.3,18,37,103,933,37,18,12,67,7.992874651,351,394,208.9138702,182.4587824,10.76910101,5.399224102,429,28,15,11,54,504,9,3,1,13,483,517,374,20,344,7
10,1000,50,5.13,10.3,18,37,2,933,34,15,18,67,7.164002598,104,145,12.63414231,9.561620915,5.890313867,8.368307507,470,8,5,3,16,463,26,10,15,51,486,514,80,65,81,23
12,1000,50,5.13,10.3,18,37,1,950,26,8,16,50,6.773104897,105,119,12.55995018,9.007528648,5.713628773,7.862667563,494,11,0,2,13,456,15,8,14,37,507,493,68,51,67,38
11,1000,50,5.13,10.3,18,37,1,955,26,10,9,45,6.899395044,97,121,12.45843149,8.616939349,6.568409918,7.256528683,494,16,5,4,25,461,10,5,5,20,519,481,64,57,73,24
1,1000,50,5.13,10.3,18,37,93,945,32,14,9,55,8.038070969,292,349,59.48336478,54.12814408,9.980356904,6.126614969,456,21,11,8,40,489,11,3,1,15,496,504,336,13,284,8
9,1000,50,5.13,10.3,18,37,3,936,36,13,15,64,7.616555859,110,130,12.71143472,9.228412497,6.877241811,8.32121456,466,15,2,5,22,470,21,11,10,42,488,512,74,56,82,28
3,1000,50,5.13,10.3,18,37,104,954,17,16,13,46,8.131787315,313,365,163.8821452,127.8684531,10.65948569,5.37141377,483,10,16,13,39,471,7,0,0,7,522,478,349,16,301,12
13,1000,50,5.13,10.3,18,37,0,948,32,10,10,52,7.02,93,135,12.38784803,8.708227512,6.669187146,7.414012739,505,16,3,5,24,443,16,7,5,28,529,471,65,70,61,32
8,1000,50,5.13,10.3,18,37,104,934,37,17,12,66,7.952806601,353,395,221.6217462,193.0996344,10.79043037,5.301796387,429,28,15,11,54,505,9,2,1,12,483,517,384,11,345,8
7,1000,50,5.13,10.3,18,37,103,946,37,6,11,54,8.121199142,332,350,159.3558709,132.9687317,10.44489412,5.750560833,460,28,6,11,45,486,9,0,0,9,505,495,340,10,320,12
14,1000,50,5.13,10.3,18,37,0,952,23,12,13,48,7.17,94,118,12.48104063,8.854527368,6.202020202,8.118811881,484,5,3,3,11,468,18,9,10,37,495,505,68,50,57,37
10,1000,50,5.13,10.3,18,37,3,933,35,15,17,67,7.16952723,101,133,12.69154824,9.628456406,5.889552551,8.379775663,470,8,5,3,16,463,27,10,14,51,486,514,78,55,65,36
11,1000,50,5.13,10.3,18,37,2,959,23,10,8,41,6.912119267,88,121,12.51243729,8.664005287,6.607693161,7.240595668,496,14,5,4,23,463,9,5,4,18,519,481,67,54,53,35
12,1000,50,5.13,10.3,18,37,2,950,26,8,16,50,6.793511527,110,132,12.56603297,9.01287698,5.753500739,7.86305609,494,11,0,2,13,456,15,8,14,37,507,493,79,53,82,28
1,1000,50,5.13,10.3,18,37,94,946,31,14,9,54,8.025465388,305,359,61.37018796,55.73131432,10.03574003,6.047099868,456,21,11,8,40,490,10,3,1,14,496,504,338,21,290,15
9,1000,50,5.13,10.3,18,37,4,936,36,13,15,64,7.626672806,91,135,12.75559615,9.272930099,6.878215127,8.340046532,466,15,2,5,22,470,21,11,10,42,488,512,76,59,63,28
13,1000,50,5.13,10.3,18,37,1,947,33,10,10,53,7.064034409,104,122,12.42411546,8.749995469,6.681081967,7.494144476,505,16,3,5,24,442,17,7,5,29,529,471,60,62,69,35
14,1000,50,5.13,10.3,18,37,1,953,23,11,13,47,7.181432657,109,121,12.50376836,8.872127371,6.238975709,8.10522709,484,5,3,3,11,469,18,8,10,36,495,505,66,55,70,39
7,1000,50,5.13,10.3,18,37,104,944,39,6,11,56,8.133019625,318,373,169.3809568,140.7958869,10.51368464,5.704260372,458,30,6,11,47,486,9,0,0,9,505,495,351,22,311,7
10,1000,50,5.13,10.3,18,37,4,934,35,15,16,66,7.187740523,93,128,12.75192392,9.693103704,5.928583101,8.378305712,470,8,5,3,16,464,27,10,13,50,486,514,78,50,66,27
15,1000,50,5.13,10.3,18,37,0,928,38,20,14,72,7.548,95,144,12.63192188,9.497463478,6.354906054,8.644913628,458,11,5,5,21,470,27,15,9,51,479,521,85,59,65,30
11,1000,50,5.13,10.3,18,37,3,958,24,10,8,42,6.928976006,91,113,12.5442719,8.70308017,6.649271999,7.230777211,495,15,5,4,24,463,9,5,4,18,519,481,56,57,64,27
12,1000,50,5.13,10.3,18,37,3,950,25,9,16,50,6.79299696,109,116,12.63583072,9.105359299,5.758279812,7.857097555,494,11,0,2,13,456,14,9,14,37,507,493,69,47,78,31
9,1000,50,5.13,10.3,18,37,5,938,34,13,15,62,7.624552818,98,132,12.78848435,9.286200286,6.90836143,8.307172735,466,15,2,5,22,472,19,11,10,40,488,512,68,64,70,28
1,1000,50,5.13,10.3,18,37,95,946,30,15,9,54,8.053287995,306,347,63.67308265,57.75016829,10.09354136,6.045419604,456,21,11,8,40,490,9,4,1,14,496,504,336,11,292,14
13,1000,50,5.13,10.3,18,37,2,947,33,10,10,53,7.099359516,84,134,12.43724492,8.77201061,6.704896907,7.542397138,505,16,3,5,24,442,17,7,5,29,529,471,75,59,53,31
14,1000,50,5.13,10.3,18,37,2,954,23,10,13,46,7.208162802,104,132,12.5286358,8.916557507,6.259175483,8.138358291,484,5,3,3,11,470,18,7,10,35,495,505,86,46,68,36
10,1000,50,5.13,10.3,18,37,5,935,34,15,16,65,7.203927611,103,136,12.78313296,9.751858365,5.962533993,8.377696674,470,8,5,3,16,465,26,10,13,49,486,514,87,49,79,24
15,1000,50,5.13,10.3,18,37,1,929,37,20,14,71,7.556036839,83,142,12.63136432,9.524780632,6.365369619,8.650719369,458,11,5,5,21,471,26,15,9,50,479,521,93,49,57,26
11,1000,50,5.13,10.3,18,37,4,958,24,10,8,42,6.950262848,95,128,12.58366975,8.73729584,6.693592919,7.227210235,495,15,5,4,24,463,9,5,4,18,519,481,69,59,66,29
12,1000,50,5.13,10.3,18,37,4,950,24,10,16,50,6.800192588,98,133,12.64053318,9.122903506,5.756773768,7.873241964,494,11,0,2,13,456,13,10,14,37,507,493,78,55,60,38
9,1000,50,5.13,10.3,18,37,6,940,34,11,15,60,7.631985869,95,147,12.81674516,9.337145931,6.955756943,8.276516564,465,15,3,5,23,475,19,8,10,37,488,512,88,59,71,24
1,1000,50,5.13,10.3,18,37,96,946,30,14,10,54,8.057122626,303,375,66.38605224,60.03993861,10.13456261,6.012657883,456,21,10,9,40,490,9,4,1,14,496,504,362,13,296,7
14,1000,50,5.13,10.3,18,37,3,955,23,9,13,45,7.203638274,89,118,12.54272775,8.96621402,6.289102893,8.100064044,484,5,3,3,11,471,18,6,10,34,495,505,59,59,54,35
13,1000,50,5.13,10.3,18,37,3,947,33,10,10,53,7.120479131,85,130,12.47810703,8.789918892,6.732948556,7.555731093,505,16,3,5,24,442,17,7,5,29,529,471,73,57,53,32
10,1000,50,5.13,10.3,18,37,6,935,34,14,17,65,7.254665106,101,118,12.82531408,9.791542684,5.997104992,8.44372,470,8,5,3,16,465,26,9,14,49,486,514,82,36,73,28
11,1000,50,5.13,10.3,18,37,5,958,24,10,8,42,6.966870389,95,129,12.59554205,8.737987249,6.72145138,7.231678009,495,15,5,4,24,463,9,5,4,18,519,481,63,66,70,25
15,1000,50,5.13,10.3,18,37,2,932,32,22,14,68,7.572608417,99,124,12.63747847,9.559512979,6.403488734,8.647480448,458,10,6,5,21,474,22,16,9,47,479,521,80,44,75,24
9,1000,50,5.13,10.3,18,37,7,938,36,11,15,62,7.703165398,99,138,12.86897272,9.381097757,7.057828288,8.318252332,463,17,3,5,25,475,19,8,10,37,488,512,82,56,73,26
12,1000,50,5.13,10.3,18,37,5,951,24,9,16,49,6.835508997,115,137,12.70343918,9.189030347,5.815573728,7.884407945,494,11,0,2,13,457,13,9,14,36,507,493,71,66,81,34
14,1000,50,5.13,10.3,18,37,4,956,22,9,13,44,7.189740495,106,133,12.60337814,9.041791927,6.294584846,8.067170289,484,5,3,3,11,472,17,6,10,33,495,505,82,51,73,33
1,1000,50,5.13,10.3,18,37,97,946,30,14,10,54,8.045484168,320,385,70.00805388,62.95466217,10.18332585,5.941576482,456,21,10,9,40,490,9,4,1,14,496,504,355,30,312,8
13,1000,50,5.13,10.3,18,37,4,947,33,10,10,53,7.180671649,88,133,12.52656346,8.839087202,6.835075813,7.568824934,505,16,3,5,24,442,17,7,5,29,529,471,71,62,64,24
10,1000,50,5.13,10.3,18,37,7,936,34,13,17,64,7.279829119,95,151,12.86636066,9.848921571,5.995261371,8.494420414,471,8,5,2,15,465,26,8,15,49,486,514,97,54,70,25
11,1000,50,5.13,10.3,18,37,6,958,24,10,8,42,6.979297917,102,135,12.63235438,8.772072883,6.738944027,7.238640265,495,15,5,4,24,463,9,5,4,18,519,481,89,46,69,33
15,1000,50,5.13,10.3,18,37,3,932,32,22,14,68,7.591250117,96,142,12.68318582,9.626144491,6.395476036,8.690627823,459,9,6,5,20,473,23,16,9,48,479,521,89,53,72,24
9,1000,50,5.13,10.3,18,37,8,940,34,11,15,60,7.704872322,105,128,12.9293047,9.447687378,7.035532266,8.342837063,464,16,3,5,24,476,18,8,10,36,488,512,71,57,68,37
12,1000,50,5.13,10.3,18,37,6,952,24,9,15,48,6.848946671,83,124,12.74466999,9.249538638,5.860725324,7.865231098,494,11,0,2,13,458,13,9,13,35,507,493,71,53,68,15
14,1000,50,5.13,10.3,18,37,5,957,21,9,13,43,7.217151178,95,151,12.66118855,9.117767759,6.33861884,8.078286836,484,5,3,3,11,473,16,6,10,32,495,505,93,58,69,26
1,1000,50,5.13,10.3,18,37,98,946,30,14,10,54,8.031119231,331,368,73.58353498,65.97249561,10.23168612,5.865481975,456,21,10,9,40,490,9,4,1,14,496,504,349,19,322,9
13,1000,50,5.13,10.3,18,37,5,948,32,11,9,52,7.221314502,90,141,12.53899883,8.87957292,6.833756095,7.656597723,506,16,3,4,23,442,16,8,5,29,529,471,75,66,64,26
10,1000,50,5.13,10.3,18,37,8,936,35,13,16,64,7.288584273,92,125,12.91691334,9.891639883,6.004878843,8.502360225,471,8,5,2,15,465,27,8,14,49,486,514,72,53,71,21
11,1000,50,5.13,10.3,18,37,7,957,25,10,8,43,6.983353001,99,136,12.66281001,8.822771913,6.741133656,7.244708177,495,15,5,4,24,462,10,5,4,19,519,481,75,61,67,32
15,1000,50,5.13,10.3,18,37,4,931,35,21,13,69,7.603672002,74,141,12.75079432,9.695532387,6.419989115,8.691933236,458,10,6,5,21,473,25,15,8,48,479,521,74,67,56,18
9,1000,50,5.13,10.3,18,37,9,940,32,13,15,60,7.768822072,89,143,12.96798775,9.504475342,7.131206276,8.376549628,464,15,4,5,24,476,17,9,10,36,488,512,90,53,66,23
12,1000,50,5.13,10.3,18,37,7,955,23,7,15,45,6.857748642,98,117,12.78734441,9.30650351,5.891424517,7.851514021,494,11,0,2,13,461,12,7,13,32,507,493,55,62,63,35
14,1000,50,5.13,10.3,18,37,6,959,19,9,13,41,7.235640019,100,135,12.72023874,9.149265605,6.384521176,8.069905024,484,5,3,3,11,475,14,6,10,30,495,505,79,56,70,30
10,1000,50,5.13,10.3,18,37,9,938,35,12,15,62,7.26613085,105,141,12.95767114,9.956486356,6.03618014,8.429080355,472,8,4,2,14,466,27,8,13,48,486,514,91,50,87,18
13,1000,50,5.13,10.3,18,37,6,949,31,11,9,51,7.229326173,87,132,12.57092553,8.932986876,6.850997094,7.654243545,506,16,3,4,23,443,15,8,5,28,529,471,72,60,67,20
1,1000,50,5.13,10.3,18,37,99,945,31,14,10,55,8.041050608,324,388,75.94683568,68.3399471,10.28759298,5.830167643,455,22,10,9,41,490,9,4,1,14,496,504,369,19,314,10
11,1000,50,5.13,10.3,18,37,8,959,23,10,8,41,6.973521051,88,135,12.66907677,8.845217852,6.742423498,7.222875791,497,13,5,4,22,462,10,5,4,19,519,481,76,59,58,30
9,1000,50,5.13,10.3,18,37,10,941,31,12,16,59,7.810932067,97,137,13.01970672,9.566810056,7.186407042,8.406182481,464,15,4,5,24,477,16,8,11,35,488,512,90,47,68,29
12,1000,50,5.13,10.3,18,37,8,955,23,7,15,45,6.872686764,97,150,12.81271019,9.373588447,5.908778941,7.863967222,494,11,0,2,13,461,12,7,13,32,507,493,92,58,61,36
15,1000,50,5.13,10.3,18,37,5,934,33,22,11,66,7.598116247,101,140,12.82817781,9.786338622,6.39220863,8.706810582,459,9,7,4,20,475,24,15,7,46,479,521,86,54,76,25
14,1000,50,5.13,10.3,18,37,7,958,21,9,12,42,7.235700205,107,115,12.80152233,9.212968572,6.406618453,8.048364497,484,5,3,3,11,474,16,6,9,31,495,505,72,43,71,36
10,1000,50,5.13,10.3,18,37,10,939,34,12,15,61,7.239824756,97,130,12.99416345,10.06262958,6.037936823,8.376240195,472,8,4,2,14,467,26,8,13,47,486,514,85,45,80,17
13,1000,50,5.13,10.3,18,37,7,950,32,10,8,50,7.207652627,94,105,12.56033747,8.959734785,6.850565777,7.608711956,506,17,3,3,23,444,15,7,5,27,529,471,63,42,65,29
11,1000,50,5.13,10.3,18,37,9,960,22,10,8,40,7.011525148,104,128,12.67993466,8.864520029,6.812739882,7.226014863,497,13,5,4,22,463,9,5,4,18,519,481,68,60,66,38
1,1000,50,5.13,10.3,18,37,100,945,33,13,9,55,8.025454034,323,388,79.08684864,71.86264879,10.31473094,5.772514855,455,22,10,9,41,490,11,3,0,14,496,504,363,25,318,5
9,1000,50,5.13,10.3,18,37,11,943,29,11,17,57,7.829269773,90,134,13.09063251,9.646841383,7.202198382,8.426947192,464,15,4,5,24,479,14,7,12,33,488,512,84,50,67,23
14,1000,50,5.13,10.3,18,37,8,957,22,9,12,43,7.247133494,111,112,12.83479275,9.273308813,6.431568609,8.04654858,484,5,3,3,11,473,17,6,9,32,495,505,64,48,77,34
12,1000,50,5.13,10.3,18,37,9,954,22,9,15,46,6.903802603,107,125,12.86305327,9.458925004,5.9203161,7.91521773,494,11,0,2,13,460,11,9,13,33,507,493,71,54,79,28
15,1000,50,5.13,10.3,18,37,6,934,33,22,11,66,7.6090542,95,120,12.86630355,9.857468104,6.387756526,8.731897934,460,8,7,4,19,474,25,15,7,47,479,521,74,46,63,32
10,1000,50,5.13,10.3,18,37,11,940,34,11,15,60,7.245345804,100,147,12.99440834,10.100398,6.062587934,8.363673283,472,9,3,2,14,468,25,8,13,46,486,514,97,50,73,27
13,1000,50,5.13,10.3,18,37,8,951,31,10,8,49,7.266644169,92,116,12.60571632,8.993646702,6.921529161,7.654257416,506,17,3,3,23,445,14,7,5,26,529,471,68,48,68,24
11,1000,50,5.13,10.3,18,37,10,960,22,10,8,40,7.02543718,89,132,12.69283263,8.909540253,6.822755889,7.244130715,497,13,5,4,22,463,9,5,4,18,519,481,77,55,65,24
9,1000,50,5.13,10.3,18,37,12,944,28,10,18,56,7.827455318,102,141,13.13234319,9.721283167,7.18296047,8.44173947,465,15,3,5,23,479,13,7,13,33,488,512,90,51,72,30
1,1000,50,5.13,10.3,18,37,101,946,33,12,9,54,8.010318621,342,379,82.91215997,75.04538409,10.34022051,5.717399299,455,22,10,9,41,491,11,2,0,13,496,504,370,9,335,7
14,1000,50,5.13,10.3,18,37,9,956,23,9,12,44,7.250344799,107,124,12.89272161,9.37546496,6.4629528,8.022144876,483,6,3,3,12,473,17,6,9,32,495,505,70,54,81,26
12,1000,50,5.13,10.3,18,37,10,955,21,9,15,45,6.936502507,106,137,12.91970522,9.53345958,5.961451653,7.939242432,494,11,0,2,13,461,10,9,13,32,507,493,82,55,82,24
15,1000,50,5.13,10.3,18,37,7,935,33,21,11,65,7.63907066,102,143,12.8997809,9.903602352,6.431565405,8.74923384,460,8,7,4,19,475,25,14,7,46,479,521,93,50,77,25
10,1000,50,5.13,10.3,18,37,12,941,35,11,13,59,7.26957567,87,134,13.04273798,10.17009051,6.098563973,8.376796846,472,9,3,2,14,469,26,8,11,45,486,514,91,43,72,15
11,1000,50,5.13,10.3,18,37,11,961,20,11,8,39,7.031888367,107,125,12.72551074,8.958435232,6.839510051,7.239464969,497,12,6,4,22,464,8,5,4,17,519,481,78,47,73,34
13,1000,50,5.13,10.3,18,37,9,953,30,9,8,47,7.274997001,83,125,12.63970221,9.021551097,6.949346067,7.640749323,505,18,3,3,24,448,12,6,5,23,529,471,70,55,55,28
9,1000,50,5.13,10.3,18,37,13,944,27,11,18,56,7.822514765,118,134,13.19854296,9.78023786,7.18296047,8.432089953,465,15,3,5,23,479,12,8,13,33,488,512,76,58,81,37
14,1000,50,5.13,10.3,18,37,10,957,24,7,12,43,7.255587257,105,132,12.94699191,9.430097585,6.50893528,7.987454046,482,7,3,3,13,475,17,4,9,30,495,505,78,54,66,39
1,1000,50,5.13,10.3,18,37,102,950,31,10,9,50,7.951292565,337,374,87.01923058,78.73344874,10.34902383,5.591620528,456,22,9,9,40,494,9,1,0,10,496,504,358,16,326,11
12,1000,50,5.13,10.3,18,37,11,957,21,7,15,43,6.925029098,84,141,12.95342995,9.573120999,5.991941352,7.884614265,494,11,0,2,13,463,10,7,13,30,507,493,87,54,59,25
10,1000,50,5.13,10.3,18,37,13,941,35,11,13,59,7.273395016,107,139,13.06065312,10.20373206,6.12811269,8.356288422,472,9,3,2,14,469,26,8,11,45,486,514,89,50,83,24
11,1000,50,5.13,10.3,18,37,12,959,21,12,8,41,7.045384305,96,118,12.8020282,9.014448724,6.864363421,7.240706216,496,13,6,4,23,463,8,6,4,18,519,481,73,45,63,33
15,1000,50,5.13,10.3,18,37,8,939,30,20,11,61,7.646994854,102,108,12.99678691,9.97535838,6.408982695,8.785205649,462,7,6,4,17,477,23,14,7,44,479,521,69,39,68,34
9,1000,50,5.13,10.3,18,37,14,943,26,12,19,57,7.852294904,107,118,13.26335934,9.832568236,7.222190497,8.452863168,464,15,4,5,24,479,11,8,14,33,488,512,82,36,84,23
13,1000,50,5.13,10.3,18,37,10,952,31,9,8,48,7.329711475,95,123,12.65333762,9.048726096,7.036435075,7.659102591,504,19,3,3,25,448,12,6,5,23,529,471,75,48,67,28
14,1000,50,5.13,10.3,18,37,11,957,24,8,11,43,7.241448178,84,122,13.00488821,9.478756083,6.505451221,7.962870938,482,7,3,3,13,475,17,5,8,30,495,505,73,49,63,21
1,1000,50,5.13,10.3,18,37,103,951,31,9,9,49,7.927017812,348,394,90.80007708,82.42373441,10.34792581,5.544536927,456,23,9,8,40,495,8,0,1,9,496,504,377,17,329,19
12,1000,50,5.13,10.3,18,37,12,957,21,7,15,43,6.946331674,92,133,12.99032742,9.636161211,6.027999774,7.890741965,494,11,0,2,13,463,10,7,13,30,507,493,76,57,74,18
10,1000,50,5.13,10.3,18,37,14,942,34,11,13,58,7.282097382,114,141,13.11181753,10.25465683,6.176785687,8.327197544,472,9,3,2,14,470,25,8,11,44,486,514,91,50,91,23
11,1000,50,5.13,10.3,18,37,13,959,22,12,7,41,7.047061381,98,135,12.87730683,9.070132097,6.881308247,7.225909357,496,14,6,3,23,463,8,6,4,18,519,481,74,61,69,29
9,1000,50,5.13,10.3,18,37,15,943,24,14,19,57,7.874645805,98,152,13.34070403,9.916470676,7.25683376,8.46349791,464,14,5,5,24,479,10,9,14,33,488,512,99,53,71,27
13,1000,50,5.13,10.3,18,37,11,953,32,8,7,47,7.340192488,96,131,12.67809295,9.088885132,7.091390773,7.619632207,503,20,3,3,26,450,12,5,4,21,529,471,74,57,68,28
15,1000,50,5.13,10.3,18,37,9,941,27,20,12,59,7.695401818,96,134,13.07138029,10.06790123,6.505909689,8.789003987,462,7,5,5,17,479,20,15,7,42,479,521,87,47,70,26
14,1000,50,5.13,10.3,18,37,12,957,24,8,11,43,7.251308466,96,123,13.06969707,9.565884475,6.507008986,7.980869343,482,7,3,3,13,475,17,5,8,30,495,505,80,43,65,31
1,1000,50,5.13,10.3,18,37,104,950,32,9,9,50,7.911756339,358,394,95.91178775,87.0509589,10.37279685,5.489779961,455,24,9,8,41,495,8,0,1,9,496,504,385,9,346,12
16,1000,50,5.13,10.3,18,37,0,944,32,10,14,56,7.259,101,142,12.53660326,9.190274692,6.392033543,8.049713193,459,11,4,3,18,485,21,6,11,38,477,523,72,70,62,39
12,1000,50,5.13,10.3,18,37,13,957,21,7,15,43,6.980985484,100,135,13.04401397,9.699799651,6.106384011,7.88042351,494,11,0,2,13,463,10,7,13,30,507,493,82,53,78,22
10,1000,50,5.13,10.3,18,37,15,943,33,11,13,57,7.311294474,116,130,13.18558568,10.35256605,6.235151617,8.328814762,472,9,3,2,14,471,24,8,11,43,486,514,79,51,92,24
11,1000,50,5.13,10.3,18,37,14,958,23,12,7,42,7.079874569,93,117,12.91882121,9.123219764,6.922494898,7.249687561,496,14,6,3,23,462,9,6,4,19,519,481,75,42,64,29
9,1000,50,5.13,10.3,18,37,16,943,24,14,19,57,7.897495217,109,142,13.41654506,10.01467111,7.313154174,8.454445274,464,14,5,5,24,479,10,9,14,33,488,512,79,63,73,36
13,1000,50,5.13,10.3,18,37,12,953,31,9,7,47,7.326893061,102,102,12.68727449,9.11297261,7.095730287,7.586521738,503,20,3,3,26,450,11,6,4,21,529,471,66,36,69,33
15,1000,50,5.13,10.3,18,37,10,942,27,19,12,58,7.692270254,107,129,13.09238063,10.13913664,6.549194529,8.74319784,461,8,5,5,18,481,19,14,7,40,479,521,84,45,85,22
14,1000,50,5.13,10.3,18,37,13,954,26,9,11,46,7.283800478,97,131,13.12579037,9.624568564,6.541867951,8.011041272,481,8,3,3,14,473,18,6,8,32,495,505,85,46,70,27
12,1000,50,5.13,10.3,18,37,14,957,21,7,15,43,7.006687888,97,139,13.09668443,9.746683332,6.152037402,7.885608368,494,11,0,2,13,463,10,7,13,30,507,493,84,55,66,31
16,1000,50,5.13,10.3,18,37,1,946,31,9,14,54,7.289146087,101,139,12.59944008,9.263710133,6.403482367,8.096912041,460,11,3,3,17,486,20,6,11,37,477,523,81,58,66,35
11,1000,50,5.13,10.3,18,37,15,958,23,11,8,42,7.107109695,90,151,12.96273401,9.180842141,6.977008628,7.247489018,496,14,5,4,23,462,9,6,4,19,519,481,95,56,69,21
10,1000,50,5.13,10.3,18,37,16,947,29,11,13,53,7.299633999,127,121,13.23576553,10.42019942,6.298111111,8.246599219,472,9,3,2,14,475,20,8,11,39,486,514,86,35,99,28
9,1000,50,5.13,10.3,18,37,17,944,22,14,20,56,7.93427031,108,138,13.50666325,10.09309084,7.35859528,8.482960573,464,13,6,5,24,480,9,8,15,32,488,512,97,41,75,33
13,1000,50,5.13,10.3,18,37,13,955,28,10,7,45,7.369732425,95,133,12.71733409,9.160964271,7.145188788,7.62192687,504,17,4,4,25,451,11,6,3,20,529,471,77,56,62,33
14,1000,50,5.13,10.3,18,37,14,954,27,8,11,46,7.303186952,93,132,13.16903648,9.694594331,6.593710852,7.99861402,480,9,3,3,15,474,18,5,8,31,495,505,76,56,69,24
15,1000,50,5.13,10.3,18,37,11,943,27,18,12,57,7.749197255,94,132,13.14287891,10.23130958,6.606750351,8.799546712,461,8,5,5,18,482,19,13,7,39,479,521,88,44,68,26
12,1000,50,5.13,10.3,18,37,15,956,23,6,15,44,7.039159357,93,120,13.18730998,9.820713833,6.214408411,7.887331223,492,13,0,2,15,464,10,6,13,29,507,493,82,38,66,27
11,1000,50,5.13,10.3,18,37,16,960,24,8,8,40,7.10297685,108,134,13.0324334,9.254418122,6.967549269,7.249103491,496,14,5,4,23,464,10,3,4,17,519,481,79,55,71,37
10,1000,50,5.13,10.3,18,37,17,948,28,11,13,52,7.313043054,126,134,13.3203115,10.52449812,6.335723435,8.237123472,472,9,3,2,14,476,19,8,11,38,486,514,81,53,101,25
16,1000,50,5.13,10.3,18,37,2,947,30,10,13,53,7.302180562,112,125,12.62803783,9.302319615,6.437962237,8.090387334,461,10,3,3,16,486,20,7,10,37,477,523,70,55,78,34
9,1000,50,5.13,10.3,18,37,18,943,23,14,20,57,7.946539904,118,130,13.5578278,10.16763696,7.383534005,8.483154902,463,14,6,5,25,480,9,8,15,32,488,512,88,42,90,28
14,1000,50,5.13,10.3,18,37,15,957,26,6,11,43,7.274192745,102,152,13.20759492,9.758457678,6.616846043,7.91852268,480,9,3,3,15,477,17,3,8,28,495,505,100,52,72,30
13,1000,50,5.13,10.3,18,37,14,954,29,10,7,46,7.41353396,103,155,12.76275594,9.200918667,7.202524267,7.650527861,503,18,4,4,26,451,11,6,3,20,529,471,93,62,70,33
15,1000,50,5.13,10.3,18,37,12,945,27,15,13,55,7.735074394,120,145,13.23344836,10.29835917,6.647479917,8.734993308,461,8,5,5,18,484,19,10,8,37,479,521,94,51,92,28
12,1000,50,5.13,10.3,18,37,16,957,23,6,14,43,7.037742293,113,145,13.2419093,9.889061041,6.225698533,7.872846118,493,12,0,2,14,464,11,6,12,29,507,493,96,49,81,32
11,1000,50,5.13,10.3,18,37,17,961,24,7,8,39,7.132886066,98,148,13.0902141,9.317355075,6.973135251,7.305257528,497,14,4,4,22,464,10,3,4,17,519,481,84,64,67,31
10,1000,50,5.13,10.3,18,37,18,947,29,11,13,53,7.37002267,90,144,13.3738909,10.59627725,6.399356973,8.287811637,471,10,3,2,15,476,19,8,11,38,486,514,90,54,76,14
9,1000,50,5.13,10.3,18,37,19,945,23,12,20,55,7.927373523,114,153,13.62715271,10.23296315,7.426276904,8.404981237,463,14,6,5,25,482,9,6,15,30,488,512,92,61,86,28
16,1000,50,5.13,10.3,18,37,3,947,30,10,13,53,7.338771429,95,142,12.67997014,9.342227489,6.51227735,8.092571955,461,10,3,3,16,486,20,7,10,37,477,523,81,61,64,31
14,1000,50,5.13,10.3,18,37,16,958,25,6,11,42,7.339964485,91,131,13.28275139,9.859242786,6.702690158,7.964619518,480,9,3,3,15,478,16,3,8,27,495,505,82,49,68,23
13,1000,50,5.13,10.3,18,37,15,955,29,9,7,45,7.434933701,92,125,12.79720969,9.238693624,7.22697694,7.668498725,504,18,3,4,25,451,11,6,3,20,529,471,74,51,60,32
15,1000,50,5.13,10.3,18,37,13,946,28,14,12,54,7.72701301,102,128,13.30622491,10.38910256,6.658945219,8.708979367,462,8,5,4,17,484,20,9,8,37,479,521,82,46,79,23
12,1000,50,5.13,10.3,18,37,17,959,21,6,14,41,7.030243331,108,124,13.26836458,9.933493945,6.230804593,7.852384183,494,11,0,2,13,465,10,6,12,28,507,493,74,50,79,29
11,1000,50,5.13,10.3,18,37,18,960,25,6,9,40,7.151093148,95,138,13.15130339,9.378011371,7.000218623,7.313887074,497,14,4,4,22,463,11,2,5,18,519,481,89,49,69,26
10,1000,50,5.13,10.3,18,37,19,947,29,12,12,53,7.364063448,109,135,13.43348672,10.68298042,6.447902354,8.230316934,471,10,3,2,15,476,19,9,10,38,486,514,95,40,78,31
9,1000,50,5.13,10.3,18,37,20,948,21,10,21,52,7.916793202,108,138,13.69937769,10.30793188,7.481461268,8.331718952,463,14,5,6,25,485,7,5,15,27,488,512,92,46,79,29
14,1000,50,5.13,10.3,18,37,17,962,21,6,11,38,7.308302662,116,156,13.37238985,9.935121168,6.720551932,7.884414763,480,9,3,3,15,482,12,3,8,23,495,505,109,47,89,27
13,1000,50,5.13,10.3,18,37,16,956,29,8,7,44,7.450895142,95,128,12.81071996,9.254268053,7.238493445,7.689452462,504,18,3,4,25,452,11,5,3,19,529,471,74,54,59,36
16,1000,50,5.13,10.3,18,37,4,950,28,8,14,50,7.333281422,110,107,12.74160438,9.439147737,6.555449041,8.042700248,461,10,2,4,16,489,18,6,10,34,477,523,69,38,83,27
15,1000,50,5.13,10.3,18,37,14,947,27,14,12,53,7.776872281,106,130,13.36736954,10.46721347,6.708947595,8.75870707,462,8,5,4,17,485,19,9,8,36,479,521,82,48,85,21
12,1000,50,5.13,10.3,18,37,18,959,21,6,14,41,7.032410802,105,126,13.33003541,10.01197184,6.241169488,7.846121445,494,11,0,2,13,465,10,6,12,28,507,493,79,47,69,36
10,1000,50,5.13,10.3,18,37,20,946,30,12,12,54,7.376924414,115,152,13.53039344,10.80187177,6.480699962,8.224327301,471,10,3,2,15,475,20,9,10,39,486,514,108,44,93,22
11,1000,50,5.13,10.3,18,37,19,962,24,6,8,38,7.178439326,92,129,13.2071131,9.428900295,7.054883814,7.311755981,498,13,4,4,21,464,11,2,4,17,519,481,84,45,61,31
9,1000,50,5.13,10.3,18,37,21,948,22,10,20,52,7.937419768,115,130,13.76677329,10.39527299,7.498761372,8.355516052,462,15,5,6,26,486,7,5,14,26,488,512,89,41,87,28
14,1000,50,5.13,10.3,18,37,18,963,21,6,10,37,7.330049238,106,150,13.44522965,10.01275295,6.752578054,7.896085349,479,10,3,3,16,484,11,3,7,21,495,505,100,50,79,27
13,1000,50,5.13,10.3,18,37,17,956,29,8,7,44,7.459886624,88,144,12.83323864,9.302917074,7.245117982,7.70110236,504,18,3,4,25,452,11,5,3,19,529,471,96,48,65,23
16,1000,50,5.13,10.3,18,37,5,950,29,8,13,50,7.348590757,104,137,12.75944614,9.507225675,6.581695455,8.048034466,460,10,3,4,17,490,19,5,9,33,477,523,83,54,67,37
15,1000,50,5.13,10.3,18,37,15,947,27,14,12,53,7.768484435,114,156,13.44783188,10.53466469,6.719094226,8.733278887,462,8,5,4,17,485,19,9,8,36,479,521,103,53,93,21
12,1000,50,5.13,10.3,18,37,19,959,21,7,13,41,7.03074266,99,153,13.38954649,10.07143257,6.262462054,7.820840564,494,10,1,2,13,465,11,6,11,28,507,493,89,64,75,24
10,1000,50,5.13,10.3,18,37,21,949,27,13,11,51,7.369350138,124,154,13.5860005,10.88888192,6.57755797,8.118009658,471,10,3,2,15,478,17,10,9,36,486,514,107,47,104,20
11,1000,50,5.13,10.3,18,37,20,962,25,5,8,38,7.17187552,93,143,13.25694063,9.476978238,7.080338175,7.270644505,498,13,4,4,21,464,12,1,4,17,519,481,93,50,74,19
9,1000,50,5.13,10.3,18,37,22,950,22,10,18,50,7.910542319,110,151,13.8411256,10.47861679,7.523631883,8.27931633,462,16,5,5,26,488,6,5,13,24,488,512,102,49,86,24
14,1000,50,5.13,10.3,18,37,19,963,23,6,8,37,7.343650873,97,150,13.52708478,10.09067251,6.791351289,7.885013832,479,10,3,3,16,484,13,3,5,21,495,505,104,46,72,25
13,1000,50,5.13,10.3,18,37,18,956,28,9,7,44,7.512294184,98,133,12.86852538,9.37421684,7.305298413,7.74477988,504,18,3,4,25,452,10,6,3,19,529,471,90,43,71,27
15,1000,50,5.13,10.3,18,37,16,949,26,14,11,51,7.729849071,116,133,13.5122175,10.60981127,6.701313174,8.675470366,463,7,5,4,16,486,19,9,7,35,479,521,93,40,85,31
16,1000,50,5.13,10.3,18,37,6,951,27,9,13,49,7.348932386,98,152,12.8292931,9.597454814,6.543017807,8.083963465,461,9,3,4,16,490,18,6,9,33,477,523,91,61,63,35
12,1000,50,5.13,10.3,18,37,20,960,22,7,11,40,7.029844572,104,155,13.45691431,10.14293523,6.326187747,7.753483537,494,10,1,2,13,466,12,6,9,27,507,493,98,57,76,28
11,1000,50,5.13,10.3,18,37,21,961,26,5,8,39,7.215836362,101,120,13.28507771,9.549477126,7.139729953,7.297955335,497,14,4,4,22,464,12,1,4,17,519,481,86,34,79,22
10,1000,50,5.13,10.3,18,37,22,952,25,12,11,48,7.360194471,122,144,13.69214777,10.98822845,6.58788784,8.090429924,471,10,3,2,15,481,15,9,9,33,486,514,98,46,99,23
9,1000,50,5.13,10.3,18,37,23,950,22,10,18,50,7.936787486,110,128,13.93554726,10.55941328,7.567370665,8.288887894,462,16,5,5,26,488,6,5,13,24,488,512,94,34,85,25
14,1000,50,5.13,10.3,18,37,20,963,23,5,9,37,7.37599517,86,140,13.61528707,10.17418691,6.806334059,7.934375863,479,10,3,3,16,484,13,2,6,21,495,505,83,57,69,17
13,1000,50,5.13,10.3,18,37,19,958,26,9,7,42,7.527506313,100,123,12.89651341,9.41073092,7.36908516,7.705435804,504,18,3,4,25,454,8,6,3,17,529,471,78,45,78,22
15,1000,50,5.13,10.3,18,37,17,950,26,13,11,50,7.75593875,115,142,13.5708805,10.68037223,6.727929164,8.701076162,464,7,4,4,15,486,19,9,7,35,479,521,100,42,92,23
12,1000,50,5.13,10.3,18,37,21,960,23,6,11,40,7.043828321,115,141,13.48730236,10.2167747,6.402815327,7.703044523,493,11,1,2,14,467,12,5,9,26,507,493,92,49,89,26
16,1000,50,5.13,10.3,18,37,7,951,28,8,13,49,7.34810916,118,117,12.84341651,9.63127857,6.566249194,8.061201328,461,9,3,4,16,490,19,5,9,33,477,523,79,38,88,30
11,1000,50,5.13,10.3,18,37,22,961,26,5,8,39,7.254188913,91,123,13.31108186,9.623431357,7.223949738,7.286817045,497,14,4,4,22,464,12,1,4,17,519,481,78,45,67,24
10,1000,50,5.13,10.3,18,37,23,951,26,12,11,49,7.407708984,112,153,13.77036421,11.06480892,6.620860064,8.151694538,471,10,3,2,15,480,16,9,9,34,486,514,112,41,87,25
9,1000,50,5.13,10.3,18,37,24,950,22,10,18,50,7.913369721,121,142,14.01087491,10.64449035,7.586103865,8.225294991,462,16,5,5,26,488,6,5,13,24,488,512,101,41,89,32
14,1000,50,5.13,10.3,18,37,21,965,20,6,9,35,7.382230184,93,139,13.67479179,10.2203388,6.863076485,7.891103612,479,9,4,3,16,486,11,2,6,19,495,505,91,48,77,16
13,1000,50,5.13,10.3,18,37,20,957,27,9,7,43,7.532965133,95,144,12.93670968,9.45986649,7.396276707,7.68648568,503,19,3,4,26,454,8,6,3,17,529,471,92,52,69,26
15,1000,50,5.13,10.3,18,37,18,952,26,11,11,48,7.773420158,105,156,13.66014069,10.78266161,6.797195048,8.670947657,464,7,4,4,15,488,19,7,7,33,479,521,108,48,86,19
12,1000,50,5.13,10.3,18,37,22,960,23,7,10,40,7.047579369,106,128,13.55374126,10.29977407,6.428758127,7.683973628,493,11,1,2,14,467,12,6,8,26,507,493,84,44,82,24
11,1000,50,5.13,10.3,18,37,23,959,28,5,8,41,7.290270944,96,148,13.38073367,9.705045032,7.238406726,7.346232544,497,14,4,4,22,462,14,1,4,19,519,481,99,49,72,24
16,1000,50,5.13,10.3,18,37,8,951,28,8,13,49,7.388624773,111,132,12.92121602,9.719830933,6.636543081,8.074557788,461,9,3,4,16,490,19,5,9,33,477,523,83,49,84,27
10,1000,50,5.13,10.3,18,37,24,953,25,11,11,47,7.399610804,117,157,13.85739607,11.16671674,6.66165819,8.097363665,471,10,3,2,15,482,15,8,9,32,486,514,110,47,100,17
9,1000,50,5.13,10.3,18,37,25,950,22,10,18,50,7.950646203,120,138,14.08946444,10.74320812,7.671836735,8.216386477,462,16,5,5,26,488,6,5,13,24,488,512,93,45,90,30
14,1000,50,5.13,10.3,18,37,22,967,18,6,9,33,7.383015703,107,137,13.72200045,10.30888337,6.918794953,7.838043963,479,9,4,3,16,488,9,2,6,17,495,505,93,44,74,33
13,1000,50,5.13,10.3,18,37,21,957,27,9,7,43,7.536836048,87,125,12.97001314,9.514565733,7.420602787,7.667382534,503,19,3,4,26,454,8,6,3,17,529,471,89,36,63,24
12,1000,50,5.13,10.3,18,37,23,960,23,7,10,40,7.072766052,113,121,13.59141787,10.36150257,6.483665892,7.678595222,492,12,1,2,15,468,11,6,8,25,507,493,74,47,88,25
15,1000,50,5.13,10.3,18,37,19,952,26,11,11,48,7.796252937,103,139,13.79636593,10.90934543,6.820573709,8.693278561,464,7,4,4,15,488,19,7,7,33,479,521,98,41,84,19
11,1000,50,5.13,10.3,18,37,24,959,29,5,7,41,7.286820116,97,149,13.45573108,9.76153487,7.249937927,7.326616074,497,14,4,4,22,462,15,1,3,19,519,481,94,55,63,34
10,1000,50,5.13,10.3,18,37,25,955,24,12,9,45,7.381957766,113,149,13.95596121,11.27992615,6.708166042,8.019044883,471,10,3,2,15,484,14,9,7,30,486,514,101,48,94,19
16,1000,50,5.13,10.3,18,37,9,949,30,8,13,51,7.421355231,105,114,12.97306241,9.778296054,6.684448572,8.09344792,460,10,3,4,17,489,20,5,9,34,477,523,70,44,79,26
9,1000,50,5.13,10.3,18,37,26,950,22,10,18,50,7.993646603,95,160,14.18960972,10.85760724,7.718111686,8.256265821,462,16,5,5,26,488,6,5,13,24,488,512,107,53,75,20
14,1000,50,5.13,10.3,18,37,23,966,18,5,11,34,7.405972396,109,138,13.81651565,10.42522358,6.984563018,7.819037033,479,9,4,3,16,487,9,1,8,18,495,505,99,39,86,23
13,1000,50,5.13,10.3,18,37,22,957,27,9,7,43,7.556851936,104,152,13.00528912,9.588324225,7.461174199,7.664311646,503,19,3,4,26,454,8,6,3,17,529,471,90,62,80,24
12,1000,50,5.13,10.3,18,37,24,962,22,6,10,38,7.0918302,119,143,13.65281902,10.45149525,6.547300069,7.651823662,492,12,1,2,15,470,10,5,8,23,507,493,102,41,94,25
15,1000,50,5.13,10.3,18,37,20,954,24,11,11,46,7.79399083,116,153,13.87920496,11.00104307,6.833047533,8.677468448,464,7,4,4,15,490,17,7,7,31,479,521,104,49,90,26
11,1000,50,5.13,10.3,18,37,25,961,27,5,7,39,7.317964092,80,120,13.57570583,9.871182636,7.272919766,7.366567013,497,14,4,4,22,464,13,1,3,17,519,481,82,38,60,20
9,1000,50,5.13,10.3,18,37,27,950,22,10,18,50,8.030309022,107,140,14.29715128,10.95058995,7.774421392,8.274201919,462,16,5,5,26,488,6,5,13,24,488,512,93,47,81,26
10,1000,50,5.13,10.3,18,37,26,953,25,12,10,47,7.396280086,135,142,14.09621198,11.39345064,6.744419441,8.012630814,470,11,3,2,16,483,14,9,8,31,486,514,98,44,114,21
16,1000,50,5.13,10.3,18,37,10,950,29,7,14,50,7.43055266,100,149,13.04929063,9.903243561,6.681139973,8.114051422,460,10,3,4,17,490,19,4,10,33,477,523,96,53,75,25
14,1000,50,5.13,10.3,18,37,24,967,17,6,10,33,7.391067549,113,153,13.89325581,10.51635418,6.981378635,7.792643811,479,8,5,3,16,488,9,1,7,17,495,505,106,47,94,19
13,1000,50,5.13,10.3,18,37,23,956,28,9,7,44,7.600322281,105,140,13.05193752,9.637818475,7.518509601,7.692209558,503,19,3,4,26,453,9,6,3,18,529,471,85,55,71,34
12,1000,50,5.13,10.3,18,37,25,963,22,5,10,37,7.113910673,114,124,13.73660902,10.54541326,6.585445347,7.657383128,492,12,1,2,15,471,10,4,8,22,507,493,83,41,89,25
15,1000,50,5.13,10.3,18,37,21,954,24,10,12,46,7.806774321,108,154,13.94731134,11.05361159,6.84893102,8.687401847,464,7,3,5,15,490,17,7,7,31,479,521,103,51,89,19
11,1000,50,5.13,10.3,18,37,26,962,27,5,6,38,7.331525878,87,145,13.66221734,9.94849322,7.269180305,7.39879688,498,14,4,3,21,464,13,1,3,17,519,481,90,55,66,21
9,1000,50,5.13,10.3,18,37,28,949,23,10,18,51,8.055152993,106,147,14.37959448,11.04787313,7.817708274,8.28146749,462,16,5,5,26,487,7,5,13,25,488,512,107,40,86,20
10,1000,50,5.13,10.3,18,37,27,955,25,10,10,45,7.388271627,118,161,14.24685665,11.5208549,6.78330355,7.960284244,470,11,3,2,16,485,14,7,8,29,486,514,119,42,91,27
14,1000,50,5.13,10.3,18,37,25,966,18,6,10,34,7.404055427,115,155,13.96029483,10.61027777,7.021847119,7.778695253,479,8,5,3,16,487,10,1,7,18,495,505,95,60,89,26
16,1000,50,5.13,10.3,18,37,11,949,30,7,14,51,7.483871067,105,117,13.11001169,9.989131634,6.776518612,8.129008966,459,11,3,4,18,490,19,4,10,33,477,523,83,34,80,25
13,1000,50,5.13,10.3,18,37,24,955,29,9,7,45,7.63462792,111,138,13.14313313,9.727779902,7.517151844,7.766570265,503,19,3,4,26,452,10,6,3,19,529,471,97,41,87,24
12,1000,50,5.13,10.3,18,37,26,962,24,5,9,38,7.113506757,114,140,13.84509485,10.65762299,6.646272963,7.594008854,492,12,1,2,15,470,12,4,7,23,507,493,99,41,85,29
15,1000,50,5.13,10.3,18,37,22,954,24,10,12,46,7.838190608,116,130,14.03695501,11.11917303,6.861765059,8.73590239,464,7,3,5,15,490,17,7,7,31,479,521,91,39,91,25
11,1000,50,5.13,10.3,18,37,27,962,26,5,7,38,7.362683323,114,157,13.75933271,10.02827039,7.320873144,7.407796593,498,13,4,4,21,464,13,1,3,17,519,481,103,54,90,24
9,1000,50,5.13,10.3,18,37,29,950,23,9,18,50,8.050857114,105,143,14.45259012,11.12746606,7.85658332,8.236024325,462,16,5,5,26,488,7,4,13,24,488,512,105,38,78,27
10,1000,50,5.13,10.3,18,37,28,955,25,10,10,45,7.429662033,114,134,14.34537012,11.60965583,6.83358675,7.993266289,470,11,3,2,16,485,14,7,8,29,486,514,96,38,86,28
14,1000,50,5.13,10.3,18,37,26,967,18,6,9,33,7.415260499,98,129,14.05898584,10.71194913,7.037672332,7.785371673,479,8,5,3,16,488,10,1,6,17,495,505,92,37,85,13
13,1000,50,5.13,10.3,18,37,25,954,29,9,8,46,7.66645498,103,126,13.21514537,9.818969971,7.571764899,7.772805412,503,19,3,4,26,451,10,6,4,20,529,471,89,37,82,21
16,1000,50,5.13,10.3,18,37,12,949,31,6,14,51,7.474764054,119,141,13.18524798,10.06621586,6.804977697,8.085639947,458,12,3,4,19,491,19,3,10,32,477,523,88,53,100,19
12,1000,50,5.13,10.3,18,37,27,963,23,5,9,37,7.109707127,114,139,13.91258188,10.73976116,6.68456398,7.546923304,492,12,1,2,15,471,11,4,7,22,507,493,101,38,90,24
15,1000,50,5.13,10.3,18,37,23,956,23,9,12,44,7.792664813,116,141,14.1250076,11.201878,6.884946184,8.627208427,464,7,3,5,15,492,16,6,7,29,479,521,100,41,97,19
11,1000,50,5.13,10.3,18,37,28,961,25,7,7,39,7.407488759,111,142,13.82788044,10.08800212,7.379952957,7.437199945,498,12,5,4,21,463,13,2,3,18,519,481,90,52,88,23
10,1000,50,5.13,10.3,18,37,29,953,26,11,10,47,7.448468337,118,176,14.47050788,11.6985877,6.862316334,8.002689881,469,11,4,2,17,484,15,7,8,30,486,514,124,52,100,18
9,1000,50,5.13,10.3,18,37,30,950,25,8,17,50,8.029851329,108,154,14.65560461,11.32700799,7.899875368,8.153734667,462,16,5,5,26,488,9,3,12,24,488,512,112,42,95,13
14,1000,50,5.13,10.3,18,37,27,966,19,7,8,34,7.427436621,117,158,14.19271599,10.85339283,7.081600017,7.766424976,478,9,5,3,17,488,10,2,5,17,495,505,118,40,97,20
13,1000,50,5.13,10.3,18,37,26,955,28,9,8,45,7.683145906,97,138,13.24718968,9.87632404,7.579982537,7.799013045,503,19,3,4,26,452,9,6,4,19,529,471,96,42,77,20
16,1000,50,5.13,10.3,18,37,13,952,29,6,13,48,7.442810059,107,134,13.24434565,10.16853846,6.845993427,7.987134215,458,12,3,4,19,494,17,3,9,29,477,523,90,44,78,29
12,1000,50,5.13,10.3,18,37,28,963,23,5,9,37,7.137026666,96,165,13.99782451,10.82614867,6.733435659,7.552078675,492,12,1,2,15,471,11,4,7,22,507,493,113,52,77,19
15,1000,50,5.13,10.3,18,37,24,955,24,9,12,45,7.846104448,101,161,14.2101854,11.29877495,6.934919083,8.683835331,463,8,3,5,16,492,16,6,7,29,479,521,109,52,79,22
11,1000,50,5.13,10.3,18,37,29,962,25,6,7,38,7.385037132,103,146,13.92880341,10.17692117,7.349203124,7.423702102,499,12,4,4,20,463,13,2,3,18,519,481,94,52,85,18
10,1000,50,5.13,10.3,18,37,30,953,26,11,10,47,7.492868461,142,170,14.59948864,11.82033671,6.951398625,8.004841886,468,12,4,2,18,485,14,7,8,29,486,514,123,47,114,28
9,1000,50,5.13,10.3,18,37,31,950,26,8,16,50,8.023882794,121,140,14.78024158,11.41558908,7.909445357,8.132955977,462,16,5,5,26,488,10,3,11,24,488,512,104,36,95,26
14,1000,50,5.13,10.3,18,37,28,966,19,6,9,34,7.468773777,107,136,14.31702922,10.95036162,7.119017953,7.811603743,478,9,5,3,17,488,10,1,6,17,495,505,97,39,83,24
13,1000,50,5.13,10.3,18,37,27,955,28,9,8,45,7.67334416,94,149,13.30368504,9.945100652,7.598180618,7.75776351,503,19,3,4,26,452,9,6,4,19,529,471,93,56,68,26
12,1000,50,5.13,10.3,18,37,29,965,23,4,8,35,7.111370458,114,144,14.03631492,10.90906106,6.73556407,7.497848833,493,11,1,2,14,472,12,3,6,21,507,493,102,42,95,19
16,1000,50,5.13,10.3,18,37,14,953,29,5,13,47,7.426048586,117,127,13.30980062,10.2388485,6.872473575,7.930934399,458,12,3,4,19,495,17,2,9,28,477,523,97,30,87,30
15,1000,50,5.13,10.3,18,37,25,956,23,9,12,44,7.85205549,118,153,14.2969867,11.39948887,6.947171879,8.68399263,465,6,3,5,14,491,17,6,7,30,479,521,102,51,96,22
11,1000,50,5.13,10.3,18,37,30,964,23,6,7,36,7.378533403,110,147,14.02616592,10.2541858,7.364949355,7.393190619,499,12,4,4,20,465,11,2,3,16,519,481,108,39,76,34
10,1000,50,5.13,10.3,18,37,31,953,26,11,10,47,7.512655814,133,140,14.67282949,11.90588304,7.01396146,7.984183939,468,12,4,2,18,485,14,7,8,29,486,514,103,37,107,26
9,1000,50,5.13,10.3,18,37,32,951,26,8,15,49,8.008405201,117,141,14.89666686,11.50282724,7.950155368,8.063924572,462,16,5,5,26,489,10,3,10,23,488,512,103,38,101,16
14,1000,50,5.13,10.3,18,37,29,967,18,6,9,33,7.460703934,118,154,14.45037912,11.08329942,7.100836831,7.813444955,478,9,5,3,17,489,9,1,6,16,495,505,119,35,97,21
13,1000,50,5.13,10.3,18,37,28,954,29,9,8,46,7.713553878,95,147,13.41159539,10.02469704,7.639794622,7.796396015,503,19,3,4,26,451,10,6,4,20,529,471,103,44,69,26
12,1000,50,5.13,10.3,18,37,30,964,24,4,8,36,7.144915012,115,143,14.13336083,11.02794512,6.797092172,7.502615175,492,12,1,2,15,472,12,3,6,21,507,493,100,43,93,22
11,1000,50,5.13,10.3,18,37,31,965,22,6,7,35,7.415168808,94,151,14.13038385,10.34915447,7.436378588,7.392283412,499,12,4,4,20,466,10,2,3,15,519,481,108,43,69,25
15,1000,50,5.13,10.3,18,37,26,956,23,8,13,44,7.8792427,109,127,14.46278991,11.56183751,6.97750088,8.708291323,465,6,2,6,14,491,17,6,7,30,479,521,87,40,89,20
16,1000,50,5.13,10.3,18,37,15,952,32,4,12,48,7.43397869,112,124,13.34666142,10.30353379,6.860497721,7.957019651,458,13,3,3,19,494,19,1,9,29,477,523,78,46,89,23
10,1000,50,5.13,10.3,18,37,32,953,26,11,10,47,7.520506206,115,157,14.72991065,11.99419623,7.027238138,7.986903641,468,12,4,2,18,485,14,7,8,29,486,514,113,44,90,25
9,1000,50,5.13,10.3,18,37,33,951,27,8,14,49,8.021035976,123,156,15.01197569,11.61043829,7.988890521,8.051674613,462,16,5,5,26,489,11,3,9,23,488,512,110,46,100,23
14,1000,50,5.13,10.3,18,37,30,967,18,6,9,33,7.452278285,127,140,14.62917228,11.23645912,7.095812058,7.801685776,478,9,5,3,17,489,9,1,6,16,495,505,100,40,106,21
13,1000,50,5.13,10.3,18,37,29,956,27,9,8,44,7.723928909,102,158,13.46622891,10.08908683,7.657296393,7.798766703,504,18,3,4,25,452,9,6,4,19,529,471,111,47,84,18
12,1000,50,5.13,10.3,18,37,31,965,23,6,6,35,7.167001637,131,150,14.22208431,11.12498573,6.814336759,7.52968134,492,12,2,1,15,473,11,4,5,20,507,493,103,47,96,35
11,1000,50,5.13,10.3,18,37,32,965,22,6,7,35,7.4466044,113,135,14.23306829,10.42321123,7.474493533,7.416511967,499,12,4,4,20,466,10,2,3,15,519,481,98,37,87,26
15,1000,50,5.13,10.3,18,37,27,957,23,8,12,43,7.883984801,141,150,14.62432073,11.73070395,6.995812385,8.700557905,465,6,2,6,14,492,17,6,6,29,479,521,106,44,112,29
16,1000,50,5.13,10.3,18,37,16,953,31,4,12,47,7.441306909,105,138,13.41962007,10.40726479,6.878881554,7.954264642,458,13,3,3,19,495,18,1,9,28,477,523,98,40,78,27
10,1000,50,5.13,10.3,18,37,33,953,26,11,10,47,7.546808494,127,146,14.83094638,12.10371357,7.036762327,8.029070046,468,12,4,2,18,485,14,7,8,29,486,514,113,33,109,18
9,1000,50,5.13,10.3,18,37,34,952,26,8,14,48,8.024477452,113,157,15.14533586,11.74607438,8.01191594,8.036450143,462,16,5,5,26,490,10,3,9,22,488,512,115,42,99,14
14,1000,50,5.13,10.3,18,37,31,967,18,6,9,33,7.451039446,125,132,14.78088409,11.38117388,7.114712687,7.78070627,478,9,5,3,17,489,9,1,6,16,495,505,94,38,105,20
13,1000,50,5.13,10.3,18,37,30,956,27,9,8,44,7.752764312,100,135,13.60281491,10.19430973,7.741052338,7.765918526,504,18,3,4,25,452,9,6,4,19,529,471,86,49,81,19
12,1000,50,5.13,10.3,18,37,32,967,21,6,6,33,7.158403318,131,142,14.32024114,11.20286042,6.827286611,7.498922933,493,11,2,1,14,474,10,4,5,19,507,493,97,45,107,24
11,1000,50,5.13,10.3,18,37,33,963,24,6,7,37,7.483472377,116,145,14.32180219,10.52005278,7.537592396,7.425076763,498,14,3,4,21,465,10,3,3,16,519,481,94,51,87,29
15,1000,50,5.13,10.3,18,37,28,958,23,7,12,42,7.891507877,147,148,14.78123965,11.88442485,7.033901176,8.679979296,465,6,2,6,14,493,17,5,6,28,479,521,108,40,119,28
10,1000,50,5.13,10.3,18,37,34,953,27,10,10,47,7.577879183,128,157,14.99094201,12.23021814,7.106922568,8.023180574,467,13,4,2,19,486,14,6,8,28,486,514,122,35,107,21
9,1000,50,5.13,10.3,18,37,35,951,26,9,14,49,8.057770243,133,141,15.29066398,11.91977909,8.038777915,8.075872306,462,16,5,5,26,489,10,4,9,23,488,512,106,35,111,22
16,1000,50,5.13,10.3,18,37,17,953,31,4,12,47,7.477728638,110,145,13.54819889,10.49550399,6.938044549,7.969945293,458,13,3,3,19,495,18,1,9,28,477,523,99,46,88,22
14,1000,50,5.13,10.3,18,37,32,968,17,6,9,32,7.451108638,136,146,14.86679493,11.49505905,7.148582011,7.747644639,479,8,5,3,16,489,9,1,6,16,495,505,103,43,114,22
13,1000,50,5.13,10.3,18,37,31,955,28,9,8,45,7.748106889,106,145,13.71158926,10.28521405,7.775248843,7.717622613,504,18,3,4,25,451,10,6,4,20,529,471,95,50,87,19
12,1000,50,5.13,10.3,18,37,33,968,20,5,7,32,7.231051935,112,153,14.42481137,11.28346553,6.9589103,7.510921731,493,11,1,2,14,475,9,4,5,18,507,493,101,52,89,23
11,1000,50,5.13,10.3,18,37,34,964,23,6,7,36,7.520226889,109,136,14.40369578,10.59424767,7.61604775,7.416835981,499,13,3,4,20,465,10,3,3,16,519,481,98,38,83,26
15,1000,50,5.13,10.3,18,37,29,959,24,6,11,41,7.875439457,124,139,14.91808312,12.00268302,7.053858044,8.630789738,464,7,2,6,15,495,17,4,5,26,479,521,113,26,98,26
9,1000,50,5.13,10.3,18,37,36,951,26,9,14,49,8.048366334,149,154,15.44787137,12.0776993,8.020732931,8.074704421,462,16,5,5,26,489,10,4,9,23,488,512,121,33,123,26
10,1000,50,5.13,10.3,18,37,35,955,26,9,10,45,7.57203751,135,159,15.13221482,12.33574564,7.138477624,7.981979347,468,13,3,2,18,487,13,6,8,27,486,514,113,46,114,21
14,1000,50,5.13,10.3,18,37,33,968,19,5,8,32,7.422058939,129,155,14.97253413,11.57613116,7.16419355,7.674818082,480,8,4,3,15,488,11,1,5,17,495,505,120,35,110,19
13,1000,50,5.13,10.3,18,37,32,955,28,9,8,45,7.784879435,106,139,13.78857523,10.33770654,7.852302504,7.709153737,504,18,3,4,25,451,10,6,4,20,529,471,96,43,81,25
16,1000,50,5.13,10.3,18,37,18,955,31,3,11,45,7.481738556,113,147,13.63599105,10.59203465,6.927374805,7.987343736,459,13,2,3,18,496,18,1,8,27,477,523,101,46,88,25
12,1000,50,5.13,10.3,18,37,34,969,20,5,6,31,7.214295109,112,147,14.57931895,11.41031128,6.961058003,7.474723532,493,11,1,2,14,476,9,4,4,17,507,493,97,50,93,19
11,1000,50,5.13,10.3,18,37,35,962,25,6,7,38,7.564672309,104,137,14.48441475,10.6713455,7.689321705,7.430175352,498,14,3,4,21,464,11,3,3,17,519,481,100,37,78,26
15,1000,50,5.13,10.3,18,37,30,960,23,6,11,40,7.902961381,127,147,15.05445346,12.14009772,7.118221656,8.624439939,464,7,2,6,15,496,16,4,5,25,479,521,107,40,111,16
9,1000,50,5.13,10.3,18,37,37,950,27,9,14,50,8.051414779,123,157,15.58902175,12.20405733,8.014528552,8.086571965,462,16,5,5,26,488,11,4,9,24,488,512,109,48,97,26
10,1000,50,5.13,10.3,18,37,36,954,26,10,10,46,7.591541992,129,157,15.29614766,12.47610993,7.182043412,7.978733257,468,12,4,2,18,486,14,6,8,28,486,514,120,37,103,26
14,1000,50,5.13,10.3,18,37,34,968,19,5,8,32,7.459207259,108,148,15.07156246,11.70603851,7.222153105,7.691567272,480,8,4,3,15,488,11,1,5,17,495,505,113,35,89,19
13,1000,50,5.13,10.3,18,37,33,954,29,9,8,46,7.798788912,99,162,13.93175308,10.48018293,7.870944504,7.717747917,503,19,3,4,26,451,10,6,4,20,529,471,112,50,81,18
16,1000,50,5.13,10.3,18,37,19,957,29,3,11,43,7.440491872,108,142,13.67998348,10.65020421,6.919572981,7.915593805,459,13,2,3,18,498,16,1,8,25,477,523,92,50,88,20
12,1000,50,5.13,10.3,18,37,35,970,20,5,5,30,7.208952761,132,133,14.75116359,11.54746813,7.010895289,7.412634583,493,11,1,2,14,477,9,4,3,16,507,493,104,29,112,20
11,1000,50,5.13,10.3,18,37,36,962,24,7,7,38,7.589913021,104,161,14.55202106,10.77256991,7.76327865,7.402851147,498,14,3,4,21,464,10,4,3,17,519,481,116,45,83,21
15,1000,50,5.13,10.3,18,37,31,960,24,6,10,40,7.911984136,131,169,15.22266493,12.27954496,7.179295114,8.585608015,463,8,2,6,16,497,16,4,4,24,479,521,133,36,107,24
9,1000,50,5.13,10.3,18,37,38,948,29,9,14,52,8.127251445,124,154,15.79943079,12.38837246,8.113953713,8.139925846,462,16,5,5,26,486,13,4,9,26,488,512,101,53,99,25
10,1000,50,5.13,10.3,18,37,37,953,28,10,9,47,7.620018026,131,165,15.48382965,12.62980482,7.238360449,7.980884918,467,13,4,2,19,486,15,6,7,28,486,514,128,37,113,18
13,1000,50,5.13,10.3,18,37,34,956,28,8,8,44,7.791152984,97,131,14.05327442,10.5946299,7.873213116,7.698987783,504,18,3,4,25,452,10,5,4,19,529,471,100,31,76,21
14,1000,50,5.13,10.3,18,37,35,969,19,4,8,31,7.449732979,130,177,15.22233184,11.83137916,7.21789881,7.676976373,481,8,3,3,14,488,11,1,5,17,495,505,136,41,109,21
16,1000,50,5.13,10.3,18,37,20,956,30,3,11,44,7.493839616,113,159,13.75465497,10.72526313,7.013370218,7.932049754,458,14,2,3,19,498,16,1,8,25,477,523,104,55,92,21
12,1000,50,5.13,10.3,18,37,36,970,20,5,5,30,7.206521837,132,140,14.93326333,11.70209284,7.058936869,7.35829786,493,11,1,2,14,477,9,4,3,16,507,493,102,38,108,24
11,1000,50,5.13,10.3,18,37,37,961,25,7,7,39,7.629979015,115,169,14.67428556,10.88581328,7.813966502,7.431456133,498,14,3,4,21,463,11,4,3,18,519,481,128,41,91,24
9,1000,50,5.13,10.3,18,37,39,949,27,10,14,51,8.119013354,129,152,16.06697982,12.6229763,8.151194565,8.088340637,462,15,6,5,26,487,12,4,9,25,488,512,117,35,103,26
15,1000,50,5.13,10.3,18,37,32,959,25,6,10,41,7.925511758,115,155,15.35955699,12.39986232,7.188769543,8.602862086,463,8,2,6,16,496,17,4,4,25,479,521,112,43,88,27
10,1000,50,5.13,10.3,18,37,38,954,28,9,9,46,7.63913777,129,167,15.66928637,12.823807,7.28080953,7.977946184,467,13,4,2,19,487,15,5,7,27,486,514,123,44,102,27
13,1000,50,5.13,10.3,18,37,35,956,28,8,8,44,7.800066478,133,150,14.20053579,10.74240302,7.894489147,7.694016388,504,18,3,4,25,452,10,5,4,19,529,471,122,28,106,27
14,1000,50,5.13,10.3,18,37,36,970,18,4,8,30,7.473676098,143,166,15.38870514,11.98325812,7.25440538,7.688604821,481,8,3,3,14,489,10,1,5,16,495,505,124,42,111,32
12,1000,50,5.13,10.3,18,37,37,969,21,4,6,31,7.231860983,135,165,15.07669137,11.84913898,7.119765039,7.347140179,492,12,1,2,15,477,9,3,4,16,507,493,125,40,113,22
16,1000,50,5.13,10.3,18,37,21,956,31,3,10,44,7.479569329,125,153,13.93231291,10.87691856,7.050864682,7.87056764,458,14,2,3,19,498,17,1,7,25,477,523,112,41,95,30
11,1000,50,5.13,10.3,18,37,38,965,22,6,7,35,7.62470583,128,149,14.80177169,11.0006668,7.861679727,7.369010503,498,14,3,4,21,467,8,3,3,14,519,481,108,41,101,27
9,1000,50,5.13,10.3,18,37,40,949,27,10,14,51,8.120838876,132,169,16.26102044,12.77798985,8.156207273,8.087128372,462,15,6,5,26,487,12,4,9,25,488,512,119,50,108,24
15,1000,50,5.13,10.3,18,37,33,959,24,7,10,41,7.941524558,117,145,15.47119077,12.5310757,7.238055033,8.588284447,463,8,2,6,16,496,16,5,4,25,479,521,116,29,99,18
10,1000,50,5.13,10.3,18,37,39,954,28,10,8,46,7.602301206,116,158,15.84551282,13.02201022,7.331387286,7.858457169,467,12,5,2,19,487,16,5,6,27,486,514,122,36,106,10
13,1000,50,5.13,10.3,18,37,36,956,28,8,8,44,7.791626576,125,143,14.31332917,10.85242863,7.920786744,7.646561334,504,18,3,4,25,452,10,5,4,19,529,471,107,36,99,26
14,1000,50,5.13,10.3,18,37,37,972,16,4,8,28,7.449402653,121,152,15.56013937,12.17451481,7.262665818,7.632441727,482,7,3,3,13,490,9,1,5,15,495,505,119,33,94,27
12,1000,50,5.13,10.3,18,37,38,969,23,3,5,31,7.228527512,114,167,15.21129446,11.97141352,7.177185712,7.281327294,491,13,1,2,16,478,10,2,3,15,507,493,129,38,100,14
11,1000,50,5.13,10.3,18,37,39,965,22,5,8,35,7.656779024,110,153,14.96336803,11.1658452,7.904571494,7.389410433,498,14,3,4,21,467,8,2,4,14,519,481,121,32,85,25
16,1000,50,5.13,10.3,18,37,22,955,32,3,10,45,7.519019093,120,145,14.01080057,10.95510515,7.123692554,7.879575037,457,15,2,3,20,498,17,1,7,25,477,523,97,48,103,17
9,1000,50,5.13,10.3,18,37,41,950,26,10,14,50,8.163543085,135,152,16.43285114,12.99341032,8.199955655,8.128837353,462,15,6,5,26,488,11,4,9,24,488,512,123,29,116,19
15,1000,50,5.13,10.3,18,37,34,959,23,9,9,41,7.922982563,133,153,15.57784947,12.63933166,7.28020224,8.513945662,462,8,3,6,17,497,15,6,3,24,479,521,114,39,111,22
10,1000,50,5.13,10.3,18,37,40,955,28,10,7,45,7.583560821,133,165,15.99030123,13.15914132,7.36115472,7.793851415,467,12,5,2,19,488,16,5,5,26,486,514,126,39,110,23
13,1000,50,5.13,10.3,18,37,37,957,26,9,8,43,7.830672612,119,127,14.39759401,10.95050073,7.964125478,7.68078606,504,18,3,4,25,453,8,6,4,18,529,471,88,39,92,27
14,1000,50,5.13,10.3,18,37,38,972,16,5,7,28,7.452310515,145,157,15.66535457,12.27690249,7.259574069,7.641230398,482,7,4,2,13,490,9,1,5,15,495,505,124,33,117,28
12,1000,50,5.13,10.3,18,37,39,967,25,3,5,33,7.270997728,128,170,15.34264798,12.12776293,7.210433048,7.333282297,491,13,1,2,16,476,12,2,3,17,507,493,135,35,99,29
11,1000,50,5.13,10.3,18,37,40,964,23,5,8,36,7.655560377,126,179,15.1036781,11.31928261,7.934450933,7.354636888,497,15,3,4,22,467,8,2,4,14,519,481,124,55,99,27
9,1000,50,5.13,10.3,18,37,42,950,27,10,13,50,8.151638032,142,172,16.64503456,13.20678098,8.240957684,8.066505239,462,15,6,5,26,488,12,4,8,24,488,512,131,41,122,20
16,1000,50,5.13,10.3,18,37,23,955,32,3,10,45,7.534305637,122,142,14.15423224,11.13895271,7.170720438,7.865912023,457,15,2,3,20,498,17,1,7,25,477,523,106,36,93,29
10,1000,50,5.13,10.3,18,37,41,955,29,9,7,45,7.595352986,132,185,16.2392292,13.38338839,7.395386927,7.784425952,467,12,5,2,19,488,17,4,5,26,486,514,144,41,114,18
15,1000,50,5.13,10.3,18,37,35,959,23,9,9,41,7.975383336,115,157,15.66461199,12.74812633,7.325312109,8.573049588,462,8,3,6,17,497,15,6,3,24,479,521,112,45,94,21
13,1000,50,5.13,10.3,18,37,38,955,27,9,9,45,7.855541103,104,161,14.59073025,11.1376729,8.019617898,7.671259522,502,19,3,5,27,453,8,6,4,18,529,471,123,38,90,14
14,1000,50,5.13,10.3,18,37,39,971,17,5,7,29,7.489576248,129,167,15.90775465,12.53976911,7.304259327,7.671223527,483,6,4,2,12,488,11,1,5,17,495,505,133,34,110,19
12,1000,50,5.13,10.3,18,37,40,966,26,3,5,34,7.315182591,136,156,15.48123105,12.29178624,7.260646577,7.371267296,490,14,1,2,17,476,12,2,3,17,507,493,118,38,112,24
11,1000,50,5.13,10.3,18,37,41,964,22,6,8,36,7.674415179,115,167,15.2397381,11.45886101,7.991523954,7.332254152,497,14,4,4,22,467,8,2,4,14,519,481,124,43,95,20
9,1000,50,5.13,10.3,18,37,43,949,28,10,13,51,8.162858168,136,152,16.90904772,13.4579354,8.27614064,8.054885812,462,15,6,5,26,487,13,4,8,25,488,512,120,32,120,16
10,1000,50,5.13,10.3,18,37,42,955,29,9,7,45,7.627472421,144,165,16.46974775,13.63235868,7.4525568,7.792859564,467,12,5,2,19,488,17,4,5,26,486,514,135,30,128,16
13,1000,50,5.13,10.3,18,37,39,956,27,8,9,44,7.864376858,130,154,14.6880687,11.20867128,8.068716567,7.634874297,502,19,3,5,27,454,8,5,4,17,529,471,109,45,111,19
15,1000,50,5.13,10.3,18,37,36,959,22,10,9,41,7.992529888,127,155,15.83792762,12.93308899,7.337895188,8.594391733,463,7,3,6,16,496,15,7,3,25,479,521,121,34,107,20
16,1000,50,5.13,10.3,18,37,24,954,32,4,10,46,7.574059789,112,133,14.24903113,11.22993402,7.234202624,7.88402512,456,16,2,3,21,498,16,2,7,25,477,523,85,48,86,26
14,1000,50,5.13,10.3,18,37,40,971,17,5,7,29,7.507778795,128,172,16.09665543,12.71775796,7.349031448,7.663382631,483,6,4,2,12,488,11,1,5,17,495,505,137,35,109,19
12,1000,50,5.13,10.3,18,37,41,967,25,3,5,33,7.298992001,136,172,15.6878299,12.48663379,7.275265229,7.323392556,490,14,1,2,17,477,11,2,3,16,507,493,135,37,120,16
11,1000,50,5.13,10.3,18,37,42,963,23,6,8,37,7.708631886,122,159,15.36139243,11.55824454,8.068483642,7.320351094,495,16,4,4,24,468,7,2,4,13,519,481,134,25,103,19
9,1000,50,5.13,10.3,18,37,44,950,28,10,12,50,8.14219095,142,165,17.18918016,13.75777619,8.324830029,7.968113078,460,17,6,5,28,490,11,4,7,22,488,512,123,42,116,26
10,1000,50,5.13,10.3,18,37,43,957,27,9,7,43,7.609435393,135,165,16.7612443,13.90265255,7.488746451,7.72354984,467,12,5,2,19,490,15,4,5,24,486,514,128,37,120,15
13,1000,50,5.13,10.3,18,37,40,957,25,9,9,43,7.824011617,133,148,14.83006612,11.35774089,8.076563671,7.540359734,501,19,4,5,28,456,6,5,4,15,529,471,106,42,97,36
15,1000,50,5.13,10.3,18,37,37,957,24,11,8,43,7.985717963,142,178,16.01087664,13.0864828,7.3799535,8.542649206,462,8,3,6,17,495,16,8,2,26,479,521,141,37,119,23
14,1000,50,5.13,10.3,18,37,41,971,17,5,7,29,7.505567039,120,171,16.2563871,12.85116584,7.390505772,7.618349864,482,7,4,2,13,489,10,1,5,16,495,505,130,41,95,25
16,1000,50,5.13,10.3,18,37,25,956,31,4,9,44,7.584678859,121,162,14.35154868,11.33861744,7.29303458,7.850671826,456,16,2,3,21,500,15,2,6,23,477,523,108,54,100,21
12,1000,50,5.13,10.3,18,37,42,967,25,3,5,33,7.306536925,148,157,15.88947173,12.67642837,7.32230585,7.2903202,490,14,1,2,17,477,11,2,3,16,507,493,118,39,123,25
11,1000,50,5.13,10.3,18,37,43,963,21,8,8,37,7.774295382,125,177,15.53512713,11.73314474,8.149565885,7.369377729,495,15,5,4,24,468,6,3,4,13,519,481,139,38,98,27
9,1000,50,5.13,10.3,18,37,45,951,26,11,12,49,8.145109402,122,169,17.60521252,14.17939354,8.369378075,7.931353322,460,16,7,5,28,491,10,4,7,21,488,512,133,36,104,18
10,1000,50,5.13,10.3,18,37,44,958,28,8,6,42,7.593432914,142,163,17.06045194,14.21454823,7.531675773,7.651825853,467,12,5,2,19,491,16,3,4,23,486,514,135,28,127,15
13,1000,50,5.13,10.3,18,37,41,957,25,9,9,43,7.819820261,106,149,14.94228129,11.4739046,8.073613765,7.534774053,502,18,4,5,27,455,7,5,4,16,529,471,109,40,85,21
14,1000,50,5.13,10.3,18,37,42,972,16,5,7,28,7.507380157,144,163,16.46825551,13.02526255,7.439616454,7.573802005,482,7,4,2,13,490,9,1,5,15,495,505,130,33,117,27
15,1000,50,5.13,10.3,18,37,38,955,25,12,8,45,8.02824662,126,175,16.17897115,13.27337497,7.420828525,8.586698189,462,7,4,6,17,493,18,8,2,28,479,521,139,36,111,15
16,1000,50,5.13,10.3,18,37,26,956,31,4,9,44,7.590730304,109,137,14.42194275,11.43964462,7.326117095,7.832069694,456,16,2,3,21,500,15,2,6,23,477,523,95,42,90,19
12,1000,50,5.13,10.3,18,37,43,967,25,3,5,33,7.37297366,117,170,16.05603934,12.82228833,7.399720707,7.345467062,490,14,1,2,17,477,11,2,3,16,507,493,133,37,104,13
11,1000,50,5.13,10.3,18,37,44,963,21,8,8,37,7.77746691,104,150,15.72143311,11.91988183,8.182421694,7.340519855,495,15,5,4,24,468,6,3,4,13,519,481,117,33,83,21
9,1000,50,5.13,10.3,18,37,46,953,25,10,12,47,8.133039003,131,192,17.97822929,14.6423535,8.406908253,7.872007374,460,16,7,5,28,493,9,3,7,19,488,512,141,51,116,15
10,1000,50,5.13,10.3,18,37,45,958,28,8,6,42,7.622312742,151,174,17.31433106,14.43799393,7.592435866,7.650562084,467,12,5,2,19,491,16,3,4,23,486,514,142,32,129,22
13,1000,50,5.13,10.3,18,37,42,958,23,10,9,42,7.825534744,133,146,15.07093142,11.60211961,8.111064438,7.504844282,502,17,5,5,27,456,6,5,4,15,529,471,103,43,102,31
14,1000,50,5.13,10.3,18,37,43,971,18,5,6,29,7.522661486,142,181,16.63928325,13.19184681,7.525900852,7.519486266,480,8,5,2,15,491,10,0,4,14,495,505,150,31,122,20
15,1000,50,5.13,10.3,18,37,39,955,27,10,8,45,8.037553248,125,165,16.39742119,13.47825629,7.459994295,8.568552746,462,7,4,6,17,493,20,6,2,28,479,521,125,40,106,19
12,1000,50,5.13,10.3,18,37,44,965,28,2,5,35,7.389198211,131,161,16.27032251,13.03514514,7.427457381,7.349852574,489,15,1,2,18,476,13,1,3,17,507,493,127,34,115,16
16,1000,50,5.13,10.3,18,37,27,957,30,4,9,43,7.584408782,118,130,14.49932389,11.52491452,7.347829925,7.800179556,456,16,2,3,21,501,14,2,6,22,477,523,91,39,92,26
11,1000,50,5.13,10.3,18,37,45,963,22,7,8,37,7.799125191,132,152,15.88347742,12.02726349,8.218121619,7.347027174,494,16,5,4,25,469,6,2,4,12,519,481,116,36,109,23
9,1000,50,5.13,10.3,18,37,47,952,26,10,12,48,8.162794124,139,174,18.34985141,15.04798195,8.442563492,7.896138945,460,16,7,5,28,492,10,3,7,20,488,512,148,26,123,16
10,1000,50,5.13,10.3,18,37,46,958,28,8,6,42,7.628534909,157,204,17.58051118,14.66869902,7.632010941,7.625248234,467,12,5,2,19,491,16,3,4,23,486,514,165,39,136,21
13,1000,50,5.13,10.3,18,37,43,957,24,10,9,43,7.843300508,121,146,15.24251108,11.72184416,8.13381811,7.517007915,502,17,5,5,27,455,7,5,4,16,529,471,103,43,98,23
14,1000,50,5.13,10.3,18,37,44,971,18,5,6,29,7.55366407,132,170,16.89183604,13.37781216,7.598217935,7.509992459,480,8,5,2,15,491,10,0,4,14,495,505,135,35,114,18
15,1000,50,5.13,10.3,18,37,40,956,25,11,8,44,8.040173066,133,158,16.686896,13.73784592,7.520246027,8.5181866,462,7,4,6,17,494,18,7,2,27,479,521,132,26,117,16
12,1000,50,5.13,10.3,18,37,45,967,26,2,5,33,7.417688049,115,165,16.5314324,13.29399667,7.48140676,7.352159881,490,14,1,2,17,477,12,1,3,16,507,493,131,34,95,20
11,1000,50,5.13,10.3,18,37,46,962,22,8,8,38,7.832354273,136,180,16.14003794,12.22224415,8.272336757,7.357612257,493,16,6,4,26,469,6,2,4,12,519,481,134,46,114,22
16,1000,50,5.13,10.3,18,37,28,957,31,3,9,43,7.587045488,95,155,14.65356905,11.657275,7.357109801,7.796757387,456,17,1,3,21,501,14,2,6,22,477,523,115,40,77,18
9,1000,50,5.13,10.3,18,37,48,952,26,10,12,48,8.176951237,158,172,18.79935837,15.59545771,8.461977847,7.905285249,460,16,7,5,28,492,10,3,7,20,488,512,148,24,139,19
10,1000,50,5.13,10.3,18,37,47,959,27,8,6,41,7.62031826,167,198,17.78449061,14.86638971,7.672918144,7.57058374,467,12,5,2,19,492,15,3,4,22,486,514,165,33,154,13
13,1000,50,5.13,10.3,18,37,44,959,22,10,9,41,7.853012998,122,163,15.43187316,11.90339047,8.143620885,7.526619001,503,16,5,5,26,456,6,5,4,15,529,471,124,39,99,23
14,1000,50,5.13,10.3,18,37,45,971,18,5,6,29,7.582366754,139,179,17.2312539,13.6651938,7.6427018,7.523226462,480,8,5,2,15,491,10,0,4,14,495,505,144,35,119,20
15,1000,50,5.13,10.3,18,37,41,957,26,9,8,43,8.020503088,142,181,16.92646259,13.91934384,7.564098808,8.440114701,461,8,4,6,18,496,18,5,2,25,479,521,138,43,114,28
12,1000,50,5.13,10.3,18,37,46,965,28,2,5,35,7.402549414,153,182,16.80431426,13.59509554,7.521724518,7.279990028,489,15,1,2,18,476,13,1,3,17,507,493,139,43,132,21
11,1000,50,5.13,10.3,18,37,47,963,20,9,8,37,7.875892741,118,163,16.27365096,12.33880651,8.339036714,7.376159432,493,15,7,4,26,470,5,2,4,11,519,481,131,32,91,27
9,1000,50,5.13,10.3,18,37,49,954,25,10,11,46,8.133491407,158,186,19.36305729,16.16718725,8.44185663,7.839580804,461,15,7,5,27,493,10,3,6,19,488,512,154,32,139,19
16,1000,50,5.13,10.3,18,37,29,959,31,2,8,41,7.575193448,148,147,14.81083455,11.81574026,7.354240803,7.7767124,456,17,1,3,21,503,14,1,5,20,477,523,108,39,130,18
10,1000,50,5.13,10.3,18,37,48,957,30,8,5,43,7.636027643,155,182,18.03069866,15.06349575,7.72750629,7.549532269,467,12,5,2,19,490,18,3,3,24,486,514,143,39,132,23
13,1000,50,5.13,10.3,18,37,45,960,22,10,8,40,7.870952449,114,153,15.58142765,12.0224651,8.160719478,7.545502856,503,16,5,5,26,457,6,5,3,14,529,471,115,38,91,23
14,1000,50,5.13,10.3,18,37,46,970,20,5,5,30,7.609201655,135,193,17.45126896,13.84396322,7.702138879,7.518104772,480,8,5,2,15,490,12,0,3,15,495,505,163,30,118,17
15,1000,50,5.13,10.3,18,37,42,960,24,8,8,40,7.980701213,139,160,17.12613048,14.1554476,7.566942809,8.361104813,461,8,4,6,18,499,16,4,2,22,479,521,132,28,122,17
12,1000,50,5.13,10.3,18,37,47,966,27,3,4,34,7.406391796,130,175,17.09947175,13.86772593,7.573426777,7.234613429,489,14,2,2,18,477,13,1,2,16,507,493,136,39,117,13
11,1000,50,5.13,10.3,18,37,48,963,20,9,8,37,7.905159216,130,163,16.42756528,12.48233143,8.389109762,7.382975571,493,15,7,4,26,470,5,2,4,11,519,481,134,29,114,16
9,1000,50,5.13,10.3,18,37,50,953,26,10,11,47,8.146538727,152,190,19.67132558,16.47538324,8.469840864,7.838391377,460,16,7,5,28,493,10,3,6,19,488,512,153,37,133,19
13,1000,50,5.13,10.3,18,37,46,961,22,9,8,39,7.864243544,105,165,15.77241319,12.21506407,8.217745943,7.467210064,503,16,5,5,26,458,6,4,3,13,529,471,130,35,89,16
10,1000,50,5.13,10.3,18,37,49,958,28,9,5,42,7.657746552,153,161,18.33310757,15.34878486,7.792499272,7.530334446,467,12,5,2,19,491,16,4,3,23,486,514,135,26,138,15
16,1000,50,5.13,10.3,18,37,30,960,31,2,7,40,7.574855052,125,177,15.00619852,12.0360553,7.384051833,7.748876343,456,17,1,3,21,504,14,1,4,19,477,523,129,48,104,21
14,1000,50,5.13,10.3,18,37,47,971,18,6,5,29,7.629414582,150,169,17.58630919,14.00775588,7.744181957,7.516919829,480,8,5,2,15,491,10,1,3,14,495,505,143,26,136,14
15,1000,50,5.13,10.3,18,37,43,960,25,7,8,40,7.998517924,146,180,17.35548771,14.34157838,7.622264126,8.344440322,461,8,4,6,18,499,17,3,2,22,479,521,150,30,125,21
12,1000,50,5.13,10.3,18,37,48,967,25,3,5,33,7.405496391,153,174,17.46294776,14.20001729,7.628508206,7.176151584,488,14,2,3,19,479,11,1,2,14,507,493,140,34,134,19
11,1000,50,5.13,10.3,18,37,49,964,19,9,8,36,7.916650048,122,172,16.64499352,12.66701074,8.409280839,7.385100401,494,14,7,4,25,470,5,2,4,11,519,481,129,43,104,18
9,1000,50,5.13,10.3,18,37,51,954,25,9,12,46,8.160558197,145,189,20.13932195,17.05549638,8.521475463,7.816558927,460,16,7,5,28,494,9,2,7,18,488,512,166,23,130,15
13,1000,50,5.13,10.3,18,37,47,958,25,9,8,42,7.885415744,144,162,15.8893467,12.28571597,8.258830442,7.46601792,501,18,5,5,28,457,7,4,3,14,529,471,127,35,122,22
10,1000,50,5.13,10.3,18,37,50,957,29,9,5,43,7.701743545,146,189,18.66433018,15.65129702,7.857153469,7.554799532,466,13,5,2,20,491,16,4,3,23,486,514,160,29,133,13
14,1000,50,5.13,10.3,18,37,48,967,21,6,6,33,7.664842325,130,168,17.81932145,14.2041201,7.828702542,7.504226865,477,10,5,3,18,490,11,1,3,15,495,505,144,24,112,18
16,1000,50,5.13,10.3,18,37,31,960,31,2,7,40,7.599113784,123,138,15.14505284,12.18578992,7.390072737,7.789768811,456,17,1,3,21,504,14,1,4,19,477,523,97,41,102,21
15,1000,50,5.13,10.3,18,37,44,961,26,5,8,39,7.956839846,153,182,17.61040022,14.57153803,7.643983445,8.244475577,462,8,3,6,17,499,18,2,2,22,479,521,156,26,129,24
12,1000,50,5.13,10.3,18,37,49,967,24,4,5,33,7.404279623,150,158,17.7904235,14.46736921,7.666719212,7.134387389,488,14,2,3,19,479,10,2,2,14,507,493,137,21,132,18
11,1000,50,5.13,10.3,18,37,50,965,19,7,9,35,7.920593572,128,158,16.81272296,12.80184696,8.457265168,7.341523805,494,14,6,5,25,471,5,1,4,10,519,481,123,35,112,16
9,1000,50,5.13,10.3,18,37,52,952,25,11,12,48,8.17099896,155,169,20.68276153,17.60955765,8.581486542,7.779752982,459,16,8,5,29,493,9,3,7,19,488,512,143,26,135,20
13,1000,50,5.13,10.3,18,37,48,958,25,9,8,42,7.890336154,143,153,16.0952161,12.47018457,8.297326324,7.433228299,501,18,5,5,28,457,7,4,3,14,529,471,115,38,119,24
10,1000,50,5.13,10.3,18,37,51,955,31,9,5,45,7.705580514,163,186,18.92411119,15.90955769,7.91225372,7.51016577,465,14,5,2,21,490,17,4,3,24,486,514,155,31,148,15
14,1000,50,5.13,10.3,18,37,49,968,20,6,6,32,7.668302005,145,190,18.07393339,14.47337514,7.833056416,7.506810058,478,9,5,3,17,490,11,1,3,15,495,505,147,43,124,21
16,1000,50,5.13,10.3,18,37,32,961,30,2,7,39,7.634589347,122,153,15.33777763,12.37382387,7.466504263,7.787890657,457,16,1,3,20,504,14,1,4,19,477,523,115,38,105,17
12,1000,50,5.13,10.3,18,37,50,967,24,4,5,33,7.412484587,140,190,18.18881021,14.92027204,7.689822249,7.127271211,488,14,2,3,19,479,10,2,2,14,507,493,161,29,125,15
15,1000,50,5.13,10.3,18,37,45,961,25,6,8,39,8.016115453,138,184,17.9130322,14.90372407,7.723700934,8.284957208,462,8,3,6,17,499,17,3,2,22,479,521,145,39,116,22
11,1000,50,5.13,10.3,18,37,51,965,18,8,9,35,7.922147736,149,171,16.99379278,12.93663963,8.492268268,7.306986497,494,13,7,5,25,471,5,1,4,10,519,481,132,39,122,27
9,1000,50,5.13,10.3,18,37,53,950,28,11,11,50,8.210972528,173,177,21.28941527,18.11450607,8.651031254,7.791541555,458,17,8,5,30,492,11,3,6,20,488,512,145,32,155,18
13,1000,50,5.13,10.3,18,37,49,957,26,9,8,43,7.913096067,141,168,16.30811638,12.65168875,8.338285081,7.435548321,500,19,5,5,29,457,7,4,3,14,529,471,127,41,120,21
10,1000,50,5.13,10.3,18,37,52,956,31,9,4,44,7.701330804,162,195,19.19494592,16.17887359,7.935193974,7.480207262,465,14,5,2,21,491,17,4,2,23,486,514,158,37,143,19
14,1000,50,5.13,10.3,18,37,50,969,19,6,6,31,7.683606162,164,201,18.37322418,14.72444256,7.887775857,7.483479432,478,9,5,3,17,491,10,1,3,14,495,505,167,34,152,12
12,1000,50,5.13,10.3,18,37,51,967,24,4,5,33,7.407775664,141,188,18.45774741,15.20661601,7.715276057,7.091543008,487,15,2,3,20,480,9,2,2,13,507,493,157,31,120,21
15,1000,50,5.13,10.3,18,37,46,960,26,6,8,40,8.024453892,154,184,18.28065584,15.23802411,7.771524068,8.25699398,461,9,3,6,18,499,17,3,2,22,479,521,149,35,128,26
16,1000,50,5.13,10.3,18,37,33,961,30,2,7,39,7.641945487,128,145,15.57980311,12.63757922,7.485260393,7.784849483,457,16,1,3,20,504,14,1,4,19,477,523,110,35,104,24
11,1000,50,5.13,10.3,18,37,52,965,18,8,9,35,7.937594846,134,176,17.27265632,13.14742153,8.52183699,7.307196357,494,13,7,5,25,471,5,1,4,10,519,481,149,27,118,16
9,1000,50,5.13,10.3,18,37,54,951,27,11,11,49,8.174878798,165,198,22.01871195,18.88753633,8.620692801,7.749962326,459,16,8,5,29,492,11,3,6,20,488,512,161,37,149,16
13,1000,50,5.13,10.3,18,37,50,958,25,9,8,42,7.90093584,136,172,16.53417832,12.88784397,8.329547126,7.419544395,500,19,5,5,29,458,6,4,3,13,529,471,134,38,119,17
10,1000,50,5.13,10.3,18,37,53,956,31,8,5,44,7.732397269,147,173,19.74889366,16.62311701,7.990959989,7.487919677,465,14,4,3,21,491,17,4,2,23,486,514,138,35,132,15
14,1000,50,5.13,10.3,18,37,51,967,21,6,6,33,7.713726718,150,200,18.64498814,14.97312563,7.937006187,7.494868624,476,11,5,3,19,491,10,1,3,14,495,505,172,28,133,17
12,1000,50,5.13,10.3,18,37,52,965,26,4,5,35,7.416221844,147,185,18.86642285,15.57980863,7.757193021,7.065567915,485,17,2,3,22,480,9,2,2,13,507,493,149,36,123,24
15,1000,50,5.13,10.3,18,37,47,959,27,6,8,41,8.056993149,161,214,18.53787344,15.46572168,7.838942709,8.257465626,461,9,3,6,18,498,18,3,2,23,479,521,180,34,143,18
11,1000,50,5.13,10.3,18,37,53,966,18,8,8,34,7.987609283,143,175,17.47131305,13.31852678,8.56455943,7.365078875,494,13,7,5,25,472,5,1,3,9,519,481,141,34,118,25
16,1000,50,5.13,10.3,18,37,34,961,30,2,7,39,7.660745848,136,163,15.75371481,12.8338529,7.507379993,7.800622546,457,16,1,3,20,504,14,1,4,19,477,523,124,39,109,27
9,1000,50,5.13,10.3,18,37,55,950,28,12,10,50,8.159946925,156,190,22.74144681,19.68610148,8.661052223,7.682330939,458,16,9,5,30,492,12,3,5,20,488,512,162,28,138,18
13,1000,50,5.13,10.3,18,37,51,958,24,10,8,42,7.947091571,130,164,16.68738635,13.02328821,8.395512822,7.443450717,500,18,6,5,29,458,6,4,3,13,529,471,127,37,111,19
10,1000,50,5.13,10.3,18,37,54,955,32,9,4,45,7.741789692,174,205,20.18098075,17.03895051,8.019843569,7.478882719,465,14,4,3,21,490,18,5,1,24,486,514,181,24,159,15
14,1000,50,5.13,10.3,18,37,52,967,21,6,6,33,7.699087429,153,189,18.89385939,15.17880729,7.962949298,7.440450548,476,11,5,3,19,491,10,1,3,14,495,505,153,36,135,18
12,1000,50,5.13,10.3,18,37,53,965,26,4,5,35,7.41228372,147,209,19.28714761,15.9992068,7.774256235,7.040032066,485,17,2,3,22,480,9,2,2,13,507,493,174,35,129,18
15,1000,50,5.13,10.3,18,37,48,959,27,6,8,41,8.060875852,146,219,18.90010229,15.77571389,7.876546203,8.230345913,461,9,3,6,18,498,18,3,2,23,479,521,172,47,119,27
11,1000,50,5.13,10.3,18,37,54,966,18,8,8,34,7.997133233,143,185,17.68065416,13.45742905,8.604073829,7.342243067,494,13,7,5,25,472,5,1,3,9,519,481,149,36,121,22
9,1000,50,5.13,10.3,18,37,56,951,27,12,10,49,8.158670553,170,187,23.36249373,20.28335539,8.689913444,7.652329673,458,16,9,5,30,493,11,3,5,19,488,512,158,29,149,21
16,1000,50,5.13,10.3,18,37,35,961,30,2,7,39,7.675585914,132,160,15.99567028,13.10460572,7.556616307,7.784091656,457,16,1,3,20,504,14,1,4,19,477,523,122,38,111,21
13,1000,50,5.13,10.3,18,37,52,958,24,10,8,42,7.962522964,133,155,16.90885651,13.21176737,8.467171103,7.395731317,499,19,6,5,30,459,5,4,3,12,529,471,122,33,108,25
10,1000,50,5.13,10.3,18,37,55,953,34,9,4,47,7.774486732,193,203,20.60265638,17.43955593,8.047317337,7.516518494,463,16,4,3,23,490,18,5,1,24,486,514,177,26,171,22
14,1000,50,5.13,10.3,18,37,53,966,22,6,6,34,7.715842864,148,186,19.22717901,15.45224168,7.969546323,7.467163235,476,11,5,3,19,490,11,1,3,15,495,505,159,27,132,16
12,1000,50,5.13,10.3,18,37,54,964,27,3,6,36,7.414638164,174,199,19.78617236,16.51036893,7.819482624,6.998297107,484,18,1,4,23,480,9,2,2,13,507,493,167,32,155,19
15,1000,50,5.13,10.3,18,37,49,958,28,6,8,42,8.064054082,178,186,19.23253649,16.0684304,7.909088157,8.206527552,460,10,3,6,19,498,18,3,2,23,479,521,150,36,147,31
11,1000,50,5.13,10.3,18,37,55,966,18,8,8,34,8.002746035,155,191,17.89245481,13.65784225,8.620012444,7.336714296,494,13,7,5,25,472,5,1,3,9,519,481,154,37,134,21
9,1000,50,5.13,10.3,18,37,57,951,27,12,10,49,8.177976493,176,189,24.00612403,21.14644258,8.763010352,7.620366097,458,16,9,5,30,493,11,3,5,19,488,512,167,22,152,24
16,1000,50,5.13,10.3,18,37,36,962,29,2,7,38,7.677829211,143,164,16.2098463,13.33500024,7.589092024,7.758761598,457,16,1,3,20,505,13,1,4,18,477,523,133,31,113,30
13,1000,50,5.13,10.3,18,37,53,957,25,10,8,43,7.988584431,133,159,17.04129617,13.30820126,8.508585559,7.404549193,498,20,6,5,31,459,5,4,3,12,529,471,130,29,113,20
10,1000,50,5.13,10.3,18,37,56,953,34,9,4,47,7.764781717,190,213,20.95873772,17.73198945,8.075147417,7.471323099,463,16,4,3,23,490,18,5,1,24,486,514,185,28,166,24
14,1000,50,5.13,10.3,18,37,54,966,22,6,6,34,7.766056114,162,207,19.48398448,15.70717464,8.052394031,7.485388255,476,11,5,3,19,490,11,1,3,15,495,505,182,25,142,20
12,1000,50,5.13,10.3,18,37,55,965,26,3,6,35,7.424763504,173,189,20.3261468,16.99422256,7.878330119,6.958316701,484,17,2,4,23,481,9,1,2,12,507,493,159,30,150,23
15,1000,50,5.13,10.3,18,37,50,957,29,6,8,43,8.051508357,155,177,19.6564686,16.48700789,7.938590672,8.155323273,459,11,3,6,20,498,18,3,2,23,479,521,154,23,142,13
11,1000,50,5.13,10.3,18,37,56,965,19,8,8,35,8.019899985,130,188,18.16273213,13.89003051,8.697211779,7.289079151,493,14,7,5,26,472,5,1,3,9,519,481,155,33,112,18
9,1000,50,5.13,10.3,18,37,58,950,28,12,10,50,8.186070279,167,211,24.50509887,21.76966606,8.807547789,7.593724528,457,17,9,5,31,493,11,3,5,19,488,512,183,28,146,21
13,1000,50,5.13,10.3,18,37,54,956,26,10,8,44,7.987449524,147,177,17.28318251,13.51384018,8.539393136,7.367538334,498,20,6,5,31,458,6,4,3,13,529,471,140,37,126,21
16,1000,50,5.13,10.3,18,37,37,962,29,2,7,38,7.686027887,140,174,16.41917075,13.57380398,7.613205057,7.75244565,457,16,1,3,20,505,13,1,4,18,477,523,130,44,116,24
10,1000,50,5.13,10.3,18,37,57,955,32,9,4,45,7.74258099,173,183,21.27729797,18.03143452,8.085895982,7.417967981,463,16,4,3,23,492,16,5,1,22,486,514,163,20,156,17
14,1000,50,5.13,10.3,18,37,55,964,22,7,7,36,7.784929237,166,182,19.83602841,16.00214891,8.094924391,7.4810726,476,10,5,4,19,488,12,2,3,17,495,505,155,27,151,15
12,1000,50,5.13,10.3,18,37,56,965,27,2,6,35,7.418907339,149,218,20.75083811,17.36940708,7.898677204,6.925513178,483,18,2,4,24,482,9,0,2,11,507,493,182,36,133,16
15,1000,50,5.13,10.3,18,37,51,956,29,7,8,44,8.064281642,181,211,20.10481101,16.89173922,7.951091534,8.168347019,459,11,3,6,20,497,18,4,2,24,479,521,174,37,157,24
11,1000,50,5.13,10.3,18,37,57,966,18,8,8,34,8.014149478,137,183,18.42037368,14.11467841,8.706057074,7.267579743,493,14,7,5,26,473,4,1,3,8,519,481,156,27,122,15
9,1000,50,5.13,10.3,18,37,59,951,27,12,10,49,8.145475892,162,206,24.96124444,22.22791615,8.85383834,7.470317933,458,16,9,5,30,493,11,3,5,19,488,512,174,32,148,14
13,1000,50,5.13,10.3,18,37,55,957,25,10,8,43,8.026878344,123,178,17.53475687,13.73090741,8.600544111,7.382570082,498,19,7,5,31,459,6,3,3,12,529,471,140,38,106,17
10,1000,50,5.13,10.3,18,37,58,954,33,9,4,46,7.773725012,165,211,22.04401606,18.65590768,8.121610291,7.444790681,463,16,4,3,23,491,17,5,1,23,486,514,186,25,145,20
14,1000,50,5.13,10.3,18,37,56,962,23,8,7,38,7.812249979,138,184,20.14734151,16.28273688,8.110508134,7.519897926,476,10,5,4,19,486,13,3,3,19,495,505,161,23,119,19
16,1000,50,5.13,10.3,18,37,38,962,29,2,7,38,7.652497869,135,171,16.62975801,13.80163735,7.592682547,7.707052187,457,16,1,3,20,505,13,1,4,18,477,523,130,41,112,23
12,1000,50,5.13,10.3,18,37,57,966,26,2,6,34,7.463228572,166,212,21.19635458,17.74652225,7.973933159,6.938021218,483,18,2,4,24,483,8,0,2,10,507,493,173,39,155,11
11,1000,50,5.13,10.3,18,37,58,968,16,8,8,32,7.976239992,131,205,18.63544716,14.27326035,8.693993222,7.201782764,495,12,7,5,24,473,4,1,3,8,519,481,163,42,113,18
15,1000,50,5.13,10.3,18,37,52,958,29,6,7,42,8.038323456,178,217,20.49314635,17.27625587,7.958266359,8.111926813,458,12,3,6,21,500,17,3,1,21,479,521,186,31,156,22
9,1000,50,5.13,10.3,18,37,60,952,27,11,10,48,8.131950921,179,233,25.79341102,22.92729462,8.877200309,7.421635097,457,17,9,5,31,495,10,2,5,17,488,512,196,37,163,16
13,1000,50,5.13,10.3,18,37,56,956,26,10,8,44,8.055412282,144,168,17.92705988,14.08111373,8.622679836,7.418290125,498,19,7,5,31,458,7,3,3,13,529,471,134,34,122,22
10,1000,50,5.13,10.3,18,37,59,954,33,9,4,46,7.764699352,181,219,22.48871743,19.03681169,8.123138018,7.425786528,463,16,4,3,23,491,17,5,1,23,486,514,189,30,169,12
14,1000,50,5.13,10.3,18,37,57,963,21,10,6,37,7.793367396,160,212,20.51168673,16.62935528,8.153514197,7.440352215,476,8,7,4,19,487,13,3,2,18,495,505,187,25,142,18
12,1000,50,5.13,10.3,18,37,58,966,26,2,6,34,7.476666719,159,194,21.7905028,18.22258883,8.017667398,6.920302938,483,18,2,4,24,483,8,0,2,10,507,493,172,22,138,21
16,1000,50,5.13,10.3,18,37,39,962,28,3,7,38,7.687070043,126,165,16.81631381,14.01760612,7.674471465,7.698560524,457,15,2,3,20,505,13,1,4,18,477,523,138,27,109,17
11,1000,50,5.13,10.3,18,37,59,968,16,8,8,32,7.984519283,155,191,19.02349316,14.62247917,8.745201075,7.163742048,495,12,7,5,24,473,4,1,3,8,519,481,159,32,135,20
9,1000,50,5.13,10.3,18,37,61,955,25,11,9,45,8.117420148,163,213,26.60848449,23.61721235,8.927120044,7.345674934,457,17,9,5,31,498,8,2,4,14,488,512,190,23,146,17
15,1000,50,5.13,10.3,18,37,53,957,30,6,7,43,8.052448276,169,191,21.03004288,17.71310272,8.004572946,8.096464175,457,13,3,6,22,500,17,3,1,21,479,521,169,22,156,13
13,1000,50,5.13,10.3,18,37,57,956,26,10,8,44,8.066364743,138,188,18.24775464,14.34876415,8.677749862,7.379692284,498,19,7,5,31,458,7,3,3,13,529,471,153,35,126,12
10,1000,50,5.13,10.3,18,37,60,956,32,8,4,44,7.757240618,172,216,23.23864696,19.69480679,8.130070782,7.404720269,463,16,4,3,23,493,16,4,1,21,486,514,178,38,159,13
14,1000,50,5.13,10.3,18,37,58,965,20,9,6,35,7.797739582,162,212,20.93169422,16.96164476,8.180635483,7.422425778,477,8,6,4,18,488,12,3,2,17,495,505,189,23,146,16
12,1000,50,5.13,10.3,18,37,59,965,27,2,6,35,7.487118638,177,203,22.37107399,18.79816591,8.044324992,6.91408898,483,18,2,4,24,482,9,0,2,11,507,493,175,28,149,28
11,1000,50,5.13,10.3,18,37,60,966,18,8,8,34,7.99492218,146,187,19.38270577,14.92289946,8.81296501,7.112252266,493,14,7,5,26,473,4,1,3,8,519,481,165,22,126,20
16,1000,50,5.13,10.3,18,37,40,962,28,3,7,38,7.710131468,146,163,17.11625657,14.29244,7.731961489,7.690221486,457,15,2,3,20,505,13,1,4,18,477,523,127,36,123,23
9,1000,50,5.13,10.3,18,37,62,955,25,11,9,45,8.121296221,179,205,27.57098041,24.36660462,8.922707895,7.35745072,457,17,9,5,31,498,8,2,4,14,488,512,177,28,166,13
15,1000,50,5.13,10.3,18,37,54,956,32,5,7,44,8.040336726,174,203,21.61107133,18.23575274,8.104238175,7.981586641,457,13,3,6,22,499,19,2,1,22,479,521,169,34,152,22
13,1000,50,5.13,10.3,18,37,58,956,25,11,8,44,8.078583941,145,184,18.53319429,14.5747623,8.6924607,7.389113017,498,19,7,5,31,458,6,4,3,13,529,471,155,29,125,20
10,1000,50,5.13,10.3,18,37,61,956,32,8,4,44,7.77915249,190,227,24.02631829,20.35566828,8.175013719,7.404855685,463,16,4,3,23,493,16,4,1,21,486,514,197,30,173,17
14,1000,50,5.13,10.3,18,37,59,966,19,9,6,34,7.796940916,172,210,21.3458471,17.3281881,8.28277211,7.320730142,477,8,6,4,18,489,11,3,2,16,495,505,173,37,153,19
12,1000,50,5.13,10.3,18,37,60,965,26,3,6,35,7.484595683,172,221,22.92275729,19.30900308,8.072270219,6.88023262,482,18,3,4,25,483,8,0,2,10,507,493,182,39,157,15
11,1000,50,5.13,10.3,18,37,61,967,17,8,8,33,7.960962982,133,201,19.72181798,15.20534695,8.835033589,7.01783898,493,14,7,5,26,474,3,1,3,7,519,481,168,33,119,14
9,1000,50,5.13,10.3,18,37,63,954,26,11,9,46,8.132001885,177,237,28.61650943,25.23473896,9.000637517,7.304083547,455,19,9,5,33,499,7,2,4,13,488,512,195,42,155,22
16,1000,50,5.13,10.3,18,37,41,961,29,3,7,39,7.715760535,150,180,17.4811336,14.73920393,7.7964354,7.642181355,457,15,2,3,20,504,14,1,4,19,477,523,145,35,132,18
15,1000,50,5.13,10.3,18,37,55,959,29,5,7,41,7.975575071,163,210,22.24733554,18.78051206,8.097299231,7.863663606,458,12,3,6,21,501,17,2,1,20,479,521,172,38,145,18
13,1000,50,5.13,10.3,18,37,59,955,25,12,8,45,8.098408798,150,185,18.94831327,14.91647106,8.722007084,7.398019215,497,19,8,5,32,458,6,4,3,13,529,471,145,40,130,20
10,1000,50,5.13,10.3,18,37,62,957,31,7,5,43,7.763421925,192,210,24.74062089,21.01123631,8.192717438,7.35751216,463,16,4,3,23,494,15,3,2,20,486,514,187,23,177,15
14,1000,50,5.13,10.3,18,37,60,965,20,9,6,35,7.823292063,173,219,21.78421413,17.69287381,8.333039482,7.323638652,477,8,6,4,18,488,12,3,2,17,495,505,189,30,159,14
12,1000,50,5.13,10.3,18,37,61,966,25,3,6,34,7.518284201,181,224,23.64427865,20.02328677,8.15358742,6.864939918,482,18,3,4,25,484,7,0,2,9,507,493,198,26,157,24
11,1000,50,5.13,10.3,18,37,62,967,17,8,8,33,7.966027652,161,198,20.14146343,15.56789667,8.876342864,6.983795645,493,14,7,5,26,474,3,1,3,7,519,481,171,27,142,19
9,1000,50,5.13,10.3,18,37,64,954,26,11,9,46,8.15650856,187,234,29.46346858,25.96450459,9.054483208,7.300626475,455,19,9,5,33,499,7,2,4,13,488,512,208,26,171,16
15,1000,50,5.13,10.3,18,37,56,958,30,5,7,42,7.963489228,175,202,23.06873629,19.55175512,8.116912195,7.82243433,458,12,3,6,21,500,18,2,1,21,479,521,175,27,165,10
16,1000,50,5.13,10.3,18,37,42,963,27,3,7,37,7.708464221,134,162,17.79342441,15.09364642,7.819318575,7.607359964,457,15,2,3,20,506,12,1,4,17,477,523,129,33,116,18
13,1000,50,5.13,10.3,18,37,60,956,25,11,8,44,8.097311267,153,188,19.28511232,15.2292599,8.730081699,7.38662006,497,19,8,5,32,459,6,3,3,12,529,471,153,35,133,20
10,1000,50,5.13,10.3,18,37,63,959,29,7,5,41,7.770419251,217,219,25.54882341,21.74191437,8.239287022,7.327092915,463,16,4,3,23,496,13,3,2,18,486,514,190,29,200,17
12,1000,50,5.13,10.3,18,37,62,965,26,3,6,35,7.534401458,187,210,24.44973769,20.81545133,8.184907186,6.865422951,481,19,3,4,26,484,7,0,2,9,507,493,189,21,165,22
14,1000,50,5.13,10.3,18,37,61,965,20,9,6,35,7.808050704,167,221,22.31882396,18.20247939,8.332567833,7.293920052,477,8,6,4,18,488,12,3,2,17,495,505,196,25,147,20
11,1000,50,5.13,10.3,18,37,63,966,18,8,8,34,7.996439091,147,208,20.48519427,15.87304056,8.919146681,7.000835683,492,15,7,5,27,474,3,1,3,7,519,481,180,28,132,15
9,1000,50,5.13,10.3,18,37,65,955,25,11,9,45,8.141460086,189,236,30.93020548,27.46106424,9.059417999,7.26653145,455,19,9,5,33,500,6,2,4,12,488,512,210,26,168,21
15,1000,50,5.13,10.3,18,37,57,957,31,5,7,43,7.963235092,199,222,24.06006815,20.4483893,8.131314834,7.808704964,458,12,3,6,21,499,19,2,1,22,479,521,196,26,181,18
13,1000,50,5.13,10.3,18,37,61,956,25,10,9,44,8.130760096,153,201,19.63160186,15.51381658,8.762188356,7.421576339,497,19,7,6,32,459,6,3,3,12,529,471,171,30,138,15
16,1000,50,5.13,10.3,18,37,43,963,27,3,7,37,7.742726836,142,179,18.21961027,15.55600946,7.886898706,7.611235475,457,15,2,3,20,506,12,1,4,17,477,523,145,34,124,18
10,1000,50,5.13,10.3,18,37,64,957,31,7,5,43,7.786519808,219,210,26.42983648,22.49134501,8.319359444,7.282706457,461,18,4,3,25,496,13,3,2,18,486,514,182,28,198,21
12,1000,50,5.13,10.3,18,37,63,966,25,4,5,34,7.526381567,184,229,25.23775925,21.46224007,8.235778497,6.79683949,481,19,3,4,26,485,6,1,1,8,507,493,194,35,166,18
14,1000,50,5.13,10.3,18,37,62,965,20,9,6,35,7.807570083,180,232,22.83157931,18.61869342,8.376047258,7.250349882,477,8,6,4,18,488,12,3,2,17,495,505,200,32,165,15
11,1000,50,5.13,10.3,18,37,64,966,17,9,8,34,8.018113662,161,194,20.82202941,16.16392819,8.962193534,6.999449516,492,14,8,5,27,474,3,1,3,7,519,481,167,27,147,14
9,1000,50,5.13,10.3,18,37,66,956,26,10,8,44,8.132448623,199,226,32.89780544,29.23830556,9.084353949,7.225163859,456,19,9,4,32,500,7,1,4,12,488,512,196,30,179,20
15,1000,50,5.13,10.3,18,37,58,957,30,6,7,43,7.993183003,165,240,24.95969536,21.24804295,8.174293809,7.826672301,457,13,3,6,22,500,17,3,1,21,479,521,207,33,151,14
13,1000,50,5.13,10.3,18,37,62,956,25,10,9,44,8.126528516,153,218,19.99531401,15.87192342,8.796737413,7.373788588,497,19,7,6,32,459,6,3,3,12,529,471,178,40,130,23
10,1000,50,5.13,10.3,18,37,65,959,29,7,5,41,7.783488179,194,231,27.38758363,23.38650239,8.367984594,7.230832036,461,18,4,3,25,498,11,3,2,16,486,514,211,20,182,12
16,1000,50,5.13,10.3,18,37,44,964,26,3,7,36,7.750274396,149,175,18.61761153,16.05612757,7.931476189,7.585010046,457,15,2,3,20,507,11,1,4,16,477,523,148,27,136,13
12,1000,50,5.13,10.3,18,37,64,966,25,4,5,34,7.526285355,174,217,26.46810996,22.638661,8.267778546,6.763735563,481,19,3,4,26,485,6,1,1,8,507,493,192,25,162,12
14,1000,50,5.13,10.3,18,37,63,965,19,10,6,35,7.819584319,207,229,23.44629076,19.14928484,8.389297723,7.261152369,477,8,6,4,18,488,11,4,2,17,495,505,207,22,189,18
11,1000,50,5.13,10.3,18,37,65,966,17,9,8,34,8.012640618,151,200,21.20398289,16.45372433,9.001496244,6.945663342,491,15,8,5,28,475,2,1,3,6,519,481,180,20,136,15
9,1000,50,5.13,10.3,18,37,67,954,28,10,8,46,8.12951462,211,216,34.57942639,30.71088948,9.100173558,7.204355321,455,20,9,4,33,499,8,1,4,13,488,512,183,33,182,29
13,1000,50,5.13,10.3,18,37,63,955,26,10,9,45,8.173646374,174,199,20.51108656,16.32933332,8.870201395,7.391316,497,19,6,7,32,458,7,4,2,13,529,471,168,31,148,26
15,1000,50,5.13,10.3,18,37,59,957,31,5,7,43,8.019808458,180,205,26.06460694,22.18552805,8.263601857,7.795668269,457,13,3,6,22,500,18,2,1,21,479,521,184,21,162,18
10,1000,50,5.13,10.3,18,37,66,961,27,7,5,39,7.816978995,216,226,28.45880652,24.3407865,8.450452714,7.218013572,461,18,4,3,25,500,9,3,2,14,486,514,203,23,201,15
16,1000,50,5.13,10.3,18,37,45,964,26,3,7,36,7.73304722,125,182,18.89653493,16.36838698,7.921764659,7.560928255,457,15,2,3,20,507,11,1,4,16,477,523,161,21,111,14
12,1000,50,5.13,10.3,18,37,65,966,24,5,5,34,7.500716346,184,243,27.41987948,23.53881175,8.257916416,6.722013636,481,18,4,4,26,485,6,1,1,8,507,493,207,36,168,16
14,1000,50,5.13,10.3,18,37,64,964,19,11,6,36,7.822921951,198,232,24.07259977,19.72380881,8.419488042,7.238169049,477,8,6,4,18,487,11,5,2,18,495,505,203,29,181,17
11,1000,50,5.13,10.3,18,37,66,966,17,9,8,34,8.018260602,162,197,21.62301632,16.80322896,9.036076486,6.920035146,491,15,8,5,28,475,2,1,3,6,519,481,176,21,145,17
9,1000,50,5.13,10.3,18,37,68,954,28,10,8,46,8.124415413,191,229,36.57890958,32.43142179,9.12422104,7.171475675,455,20,9,4,33,499,8,1,4,13,488,512,212,17,176,15
13,1000,50,5.13,10.3,18,37,64,954,27,10,9,46,8.18083288,156,219,20.97865458,16.77331734,8.917232514,7.353751337,497,19,6,7,32,457,8,4,2,14,529,471,193,26,138,18
15,1000,50,5.13,10.3,18,37,60,954,34,5,7,46,8.03399782,202,233,27.45490587,23.34046205,8.30909896,7.78107374,455,15,3,6,24,499,19,2,1,22,479,521,198,35,183,19
10,1000,50,5.13,10.3,18,37,67,961,26,8,5,39,7.831475917,223,247,29.6197053,25.34879032,8.494053193,7.204992345,461,17,5,3,25,500,9,3,2,14,486,514,218,29,207,16
12,1000,50,5.13,10.3,18,37,66,965,24,6,5,35,7.520543748,205,244,28.24319623,24.33675899,8.331776142,6.686274328,480,18,5,4,27,485,6,1,1,8,507,493,213,31,189,16
16,1000,50,5.13,10.3,18,37,46,964,26,3,7,36,7.750878362,160,198,19.25184122,16.72050094,7.942937776,7.575711363,458,14,2,3,19,506,12,1,4,17,477,523,156,42,138,22
14,1000,50,5.13,10.3,18,37,65,964,19,11,6,36,7.810225661,179,235,24.64753189,20.23283185,8.482620579,7.151145494,477,8,6,4,18,487,11,5,2,18,495,505,206,29,165,14
11,1000,50,5.13,10.3,18,37,67,965,18,9,8,35,8.013220846,178,211,22.11829283,17.14013473,9.079673417,6.862516304,490,16,8,5,29,475,2,1,3,6,519,481,185,26,157,21
9,1000,50,5.13,10.3,18,37,69,950,30,10,10,50,8.155264357,201,269,38.08880203,33.7314725,9.201092714,7.158459205,452,22,9,5,36,498,8,1,5,14,488,512,237,32,188,13
13,1000,50,5.13,10.3,18,37,65,954,27,10,9,46,8.176541604,162,204,21.51838144,17.2578569,8.938539995,7.320709017,497,19,6,7,32,457,8,4,2,14,529,471,168,36,146,16
15,1000,50,5.13,10.3,18,37,61,954,34,5,7,46,8.007755561,214,235,29.01476976,24.79457109,8.34320907,7.699344369,455,15,3,6,24,499,19,2,1,22,479,521,201,34,201,13
10,1000,50,5.13,10.3,18,37,68,960,28,7,5,40,7.829618734,202,246,30.92410715,26.58305137,8.591878573,7.108882777,459,19,5,3,27,501,9,2,2,13,486,514,220,26,187,15
12,1000,50,5.13,10.3,18,37,67,966,23,6,5,34,7.506524448,203,227,29.33118013,25.38697664,8.35656203,6.632347867,480,18,5,4,27,486,5,1,1,7,507,493,193,34,189,14
11,1000,50,5.13,10.3,18,37,68,965,18,9,8,35,8.016938025,169,224,22.83168302,17.66885216,9.096613161,6.851966308,490,16,8,5,29,475,2,1,3,6,519,481,193,31,154,15
14,1000,50,5.13,10.3,18,37,66,965,19,9,7,35,7.813637797,187,245,25.16509779,20.74101184,8.533193188,7.108331027,478,8,5,4,17,487,11,4,3,18,495,505,217,28,172,15
9,1000,50,5.13,10.3,18,37,70,950,30,10,10,50,8.154255599,201,237,39.85246702,35.25392912,9.244425288,7.115187615,452,22,9,5,36,498,8,1,5,14,488,512,221,16,182,19
16,1000,50,5.13,10.3,18,37,47,965,25,3,7,35,7.751964533,177,199,19.58793636,17.03533489,7.962820117,7.559654565,458,14,2,3,19,507,11,1,4,16,477,523,163,36,153,24
13,1000,50,5.13,10.3,18,37,66,955,25,11,9,45,8.164891927,163,219,22.13136931,17.82917109,8.996820097,7.23051825,497,18,7,7,32,458,7,4,2,13,529,471,186,33,149,14
15,1000,50,5.13,10.3,18,37,62,950,39,5,6,50,8.012280817,195,252,30.11815772,25.81192967,8.396987274,7.658587165,453,18,3,5,26,497,21,2,1,24,479,521,211,41,180,15
10,1000,50,5.13,10.3,18,37,69,959,29,7,5,41,7.861805043,210,245,31.96930362,27.56774693,8.654989224,7.111829339,459,19,5,3,27,500,10,2,2,14,486,514,216,29,198,12
12,1000,50,5.13,10.3,18,37,68,965,23,7,5,35,7.51923424,199,251,30.26185706,26.39041746,8.415116831,6.597910764,479,18,6,4,28,486,5,1,1,7,507,493,221,30,179,20
11,1000,50,5.13,10.3,18,37,69,965,19,9,7,35,8.037035614,158,226,23.83392301,18.43573237,9.149631711,6.836542112,489,17,8,5,30,476,2,1,2,5,519,481,201,25,145,13
14,1000,50,5.13,10.3,18,37,67,962,22,9,7,38,7.893742436,188,237,25.8827961,21.42587897,8.630181142,7.171886674,477,9,5,4,18,485,13,4,3,20,495,505,215,22,176,12
9,1000,50,5.13,10.3,18,37,71,948,32,10,10,52,8.143034015,219,256,41.68993659,37.09807592,9.300228202,7.040083306,451,23,9,5,37,497,9,1,5,15,488,512,224,32,201,18
16,1000,50,5.13,10.3,18,37,48,966,25,2,7,34,7.72827188,166,181,19.79401914,17.24338486,7.946530809,7.529209722,458,14,2,3,19,508,11,0,4,15,477,523,157,24,144,22
13,1000,50,5.13,10.3,18,37,67,955,25,11,9,45,8.169711137,171,228,22.90135317,18.51688825,9.020244444,7.214441244,497,18,7,7,32,458,7,4,2,13,529,471,191,37,153,18
10,1000,50,5.13,10.3,18,37,70,961,28,6,5,39,7.817543802,214,262,33.1553052,28.59397897,8.698030199,6.985021645,459,19,5,3,27,502,9,1,2,12,486,514,237,25,207,7
15,1000,50,5.13,10.3,18,37,63,951,38,5,6,49,7.999262627,213,246,31.55649809,27.08075508,8.408669452,7.622859808,453,18,3,5,26,498,20,2,1,23,479,521,220,26,196,17
12,1000,50,5.13,10.3,18,37,69,965,23,7,5,35,7.516009102,212,252,31.34912546,27.19812365,8.454487854,6.550879838,479,18,6,4,28,486,5,1,1,7,507,493,223,29,193,19
11,1000,50,5.13,10.3,18,37,70,964,20,9,7,36,8.060464975,198,226,24.55762103,19.00623646,9.194183331,6.837180513,488,18,8,5,31,476,2,1,2,5,519,481,202,24,179,19
14,1000,50,5.13,10.3,18,37,68,961,23,9,7,39,7.918709962,192,249,26.70465375,22.11939639,8.668035276,7.184222774,476,10,5,4,19,485,13,4,3,20,495,505,221,28,177,15
9,1000,50,5.13,10.3,18,37,72,951,29,11,9,49,8.111343079,209,247,43.64962788,38.85288724,9.343604902,6.936843528,451,22,10,5,37,500,7,1,4,12,488,512,221,26,201,8
13,1000,50,5.13,10.3,18,37,68,955,25,10,10,45,8.206621051,188,210,23.74599231,19.28970843,9.041538399,7.268890102,497,18,7,7,32,458,7,3,3,13,529,471,175,35,163,25
16,1000,50,5.13,10.3,18,37,49,966,25,2,7,34,7.742947089,155,190,20.25705983,17.74926515,8.000779916,7.507791719,458,14,2,3,19,508,11,0,4,15,477,523,160,30,139,16
10,1000,50,5.13,10.3,18,37,71,961,27,7,5,39,7.842048834,204,254,34.56944314,29.94462363,8.734866985,6.997866692,459,19,5,3,27,502,8,2,2,12,486,514,234,20,194,10
12,1000,50,5.13,10.3,18,37,70,965,23,7,5,35,7.486841463,207,229,32.37641943,28.12028081,8.492185718,6.452947878,479,18,6,4,28,486,5,1,1,7,507,493,208,21,186,21
15,1000,50,5.13,10.3,18,37,64,953,36,5,6,47,7.942337652,193,240,32.88046153,28.11174354,8.407921314,7.514286646,453,18,3,5,26,500,18,2,1,21,479,521,216,24,178,15
11,1000,50,5.13,10.3,18,37,71,963,21,9,7,37,8.082764156,194,251,25.41147954,19.64855391,9.228478906,6.846535559,488,18,8,5,31,475,3,1,2,6,519,481,222,29,174,20
14,1000,50,5.13,10.3,18,37,69,961,22,9,8,39,7.945901299,193,241,27.67080618,22.98398043,8.730646997,7.17669512,476,9,5,5,19,485,13,4,3,20,495,505,216,25,181,12
9,1000,50,5.13,10.3,18,37,73,952,28,11,9,48,8.052828884,211,260,44.92276287,40.02292293,9.354893993,6.811798077,451,22,10,5,37,501,6,1,4,11,488,512,231,29,196,15
13,1000,50,5.13,10.3,18,37,69,956,24,10,10,44,8.234569163,184,220,24.58210453,20.07080983,9.098319127,7.264455085,498,17,7,7,31,458,7,3,3,13,529,471,190,30,166,18
16,1000,50,5.13,10.3,18,37,50,966,25,2,7,34,7.762413181,150,196,20.6882613,18.16540955,8.057539498,7.493244437,457,15,2,3,20,509,10,0,4,14,477,523,171,25,138,12
10,1000,50,5.13,10.3,18,37,72,959,28,8,5,41,7.849048226,238,245,35.9189557,31.1692023,8.773559221,6.974899697,458,20,5,3,28,501,8,3,2,13,486,514,226,19,218,20
12,1000,50,5.13,10.3,18,37,71,965,23,7,5,35,7.52342116,214,252,33.76880707,29.55402241,8.585722309,6.430953244,479,18,6,4,28,486,5,1,1,7,507,493,226,26,199,15
15,1000,50,5.13,10.3,18,37,65,951,38,5,6,49,7.969991319,223,238,34.08391642,29.30348164,8.444752243,7.533502869,453,18,3,5,26,498,20,2,1,23,479,521,212,26,205,18
11,1000,50,5.13,10.3,18,37,72,964,20,9,7,36,8.091977754,183,248,26.25981464,20.2768643,9.276870956,6.813475527,488,18,8,5,31,476,2,1,2,5,519,481,223,25,170,13
9,1000,50,5.13,10.3,18,37,74,952,27,12,9,48,8.078011549,206,258,47.12013704,42.53055422,9.385176064,6.83212037,451,21,11,5,37,501,6,1,4,11,488,512,232,26,192,14
14,1000,50,5.13,10.3,18,37,70,959,24,9,8,41,7.975150734,193,260,28.63576058,23.86497403,8.757087167,7.208698192,476,9,5,5,19,483,15,4,3,22,495,505,240,20,183,10
13,1000,50,5.13,10.3,18,37,70,954,25,11,10,46,8.25541269,181,243,25.43752017,20.91620234,9.143936542,7.257474011,497,18,7,7,32,457,7,4,3,14,529,471,207,36,161,20
10,1000,50,5.13,10.3,18,37,73,959,27,9,5,41,7.830460457,249,262,37.31180693,32.44131259,8.803322696,6.910594605,457,20,6,3,29,502,7,3,2,12,486,514,237,25,236,13
12,1000,50,5.13,10.3,18,37,72,965,23,6,6,35,7.546637082,214,247,34.73675544,30.3648036,8.669734318,6.391646618,479,18,5,5,28,486,5,1,1,7,507,493,218,29,196,18
16,1000,50,5.13,10.3,18,37,51,966,25,2,7,34,7.776961518,166,200,21.13991269,18.59618612,8.083062028,7.497783806,457,15,2,3,20,509,10,0,4,14,477,523,164,36,143,23
15,1000,50,5.13,10.3,18,37,66,951,37,6,6,49,7.969004894,228,274,35.64878587,30.6797654,8.488927239,7.490995675,453,18,3,5,26,498,19,3,1,23,479,521,236,38,214,14
11,1000,50,5.13,10.3,18,37,73,965,18,10,7,35,8.102768977,171,234,27.28231979,21.01942887,9.318297567,6.791211101,489,16,9,5,30,476,2,1,2,5,519,481,211,23,155,16
9,1000,50,5.13,10.3,18,37,75,952,27,12,9,48,8.073117862,207,269,49.32805206,44.37719218,9.377414303,6.829960317,451,21,11,5,37,501,6,1,4,11,488,512,250,19,195,12
14,1000,50,5.13,10.3,18,37,71,959,23,10,8,41,7.998268432,206,265,29.80241386,24.94574348,8.806591797,7.20595147,476,9,5,5,19,483,14,5,3,22,495,505,236,29,195,11
13,1000,50,5.13,10.3,18,37,71,954,24,12,10,46,8.270380146,165,231,26.62495274,21.91902677,9.195271829,7.231595219,496,18,8,7,33,458,6,4,3,13,529,471,205,26,152,13
10,1000,50,5.13,10.3,18,37,74,959,26,10,5,41,7.833433295,243,253,38.70656197,33.64978021,8.873731993,6.849804565,457,19,7,3,29,502,7,3,2,12,486,514,230,23,228,15
12,1000,50,5.13,10.3,18,37,73,965,23,6,6,35,7.539270123,228,261,36.07395705,31.48725878,8.646023823,6.401087313,479,18,5,5,28,486,5,1,1,7,507,493,233,28,208,20
15,1000,50,5.13,10.3,18,37,67,951,37,7,5,49,7.978146745,233,255,37.16859087,32.28503204,8.504219468,7.494482956,453,18,4,4,26,498,19,3,1,23,479,521,237,18,217,16
16,1000,50,5.13,10.3,18,37,52,965,26,2,7,35,7.807322212,160,205,21.58948967,19.05625244,8.130940567,7.512167421,457,15,2,3,20,508,11,0,4,15,477,523,170,35,144,16
11,1000,50,5.13,10.3,18,37,74,966,18,10,6,34,8.105420904,190,233,28.34726864,21.85377717,9.360297388,6.751406568,490,16,9,4,29,476,2,1,2,5,519,481,202,31,179,11
9,1000,50,5.13,10.3,18,37,76,952,27,12,9,48,8.088080289,208,268,51.9593345,46.56392651,9.418138248,6.820368797,451,21,11,5,37,501,6,1,4,11,488,512,257,11,195,13
14,1000,50,5.13,10.3,18,37,72,959,23,10,8,41,7.998964616,206,273,31.07540018,26.40516252,8.855627107,7.159265739,475,10,5,5,20,484,13,5,3,21,495,505,252,21,197,9
13,1000,50,5.13,10.3,18,37,72,952,26,12,10,48,8.280650706,202,232,27.69140468,23.0395452,9.233810579,7.210116581,495,19,8,7,34,457,7,4,3,14,529,471,212,20,190,12
10,1000,50,5.13,10.3,18,37,75,960,26,9,5,40,7.824888883,242,283,40.26074584,35.21425784,8.919566438,6.789843568,457,19,7,3,29,503,7,2,2,11,486,514,255,28,236,6
12,1000,50,5.13,10.3,18,37,74,965,22,7,6,35,7.548270914,206,251,38.40970676,33.32993864,8.684852982,6.379412682,479,18,5,5,28,486,4,2,1,7,507,493,227,24,196,10
15,1000,50,5.13,10.3,18,37,68,950,38,6,6,50,7.975386577,231,283,39.37724765,34.53342885,8.551128089,7.446058009,453,18,3,5,26,497,20,3,1,24,479,521,256,27,216,15
11,1000,50,5.13,10.3,18,37,75,965,19,10,6,35,8.166324316,212,248,29.83640192,22.95704497,9.382157234,6.854438069,491,15,9,4,28,474,4,1,2,7,519,481,222,26,195,17
9,1000,50,5.13,10.3,18,37,77,953,26,12,9,47,8.075193336,221,260,54.30733527,48.52898621,9.422933206,6.790628772,451,21,11,5,37,502,5,1,4,10,488,512,240,20,208,13
16,1000,50,5.13,10.3,18,37,53,966,24,3,7,34,7.805096993,162,200,22.21352452,19.63093822,8.17764441,7.465316653,457,14,3,3,20,509,10,0,4,14,477,523,176,24,140,22
14,1000,50,5.13,10.3,18,37,73,958,24,10,8,42,8.014528286,200,264,32.20498456,27.577975,8.892054063,7.154379257,475,10,5,5,20,483,14,5,3,22,495,505,244,20,188,12
13,1000,50,5.13,10.3,18,37,73,951,26,12,11,49,8.30800547,182,230,28.66613936,24.02354705,9.26372366,7.234597991,495,19,7,8,34,456,7,5,3,15,529,471,204,26,167,15
10,1000,50,5.13,10.3,18,37,76,962,25,9,4,38,7.810564368,247,279,42.02349109,36.94361021,8.957823533,6.725801811,457,19,7,3,29,505,6,2,1,9,486,514,256,23,232,15
12,1000,50,5.13,10.3,18,37,75,965,23,7,5,35,7.55479374,230,258,39.79400244,34.34742325,8.72991831,6.346298493,479,18,5,5,28,486,5,2,0,7,507,493,238,20,216,14
11,1000,50,5.13,10.3,18,37,76,965,19,9,7,35,8.172247572,200,242,30.84506902,23.71296912,9.437602481,6.806926994,491,15,8,5,28,474,4,1,2,7,519,481,223,19,187,13
15,1000,50,5.13,10.3,18,37,69,952,37,5,6,48,7.951987393,220,281,41.25170639,36.44425771,8.596726651,7.359223278,453,18,3,5,26,499,19,2,1,22,479,521,256,25,211,9
9,1000,50,5.13,10.3,18,37,78,952,28,12,8,48,8.085484108,222,261,55.7055307,49.61397104,9.466491256,6.769211671,449,23,11,5,39,503,5,1,3,9,488,512,238,23,207,15
14,1000,50,5.13,10.3,18,37,74,959,22,11,8,41,8.014606347,235,272,33.35845603,28.7204573,8.923442796,7.123766658,475,10,5,5,20,484,12,6,3,21,495,505,245,27,221,14
16,1000,50,5.13,10.3,18,37,54,969,21,3,7,31,7.811303147,159,202,22.81125167,20.28552315,8.216676261,7.441584265,457,14,3,3,20,512,7,0,4,11,477,523,172,30,141,18
13,1000,50,5.13,10.3,18,37,74,951,24,14,11,49,8.315929902,196,240,29.53484801,24.76880756,9.323481739,7.184305864,495,18,8,8,34,456,6,6,3,15,529,471,220,20,185,11
10,1000,50,5.13,10.3,18,37,77,963,25,8,4,37,7.790138465,267,281,43.71827333,38.58875595,9.00060295,6.645613679,457,19,7,3,29,506,6,1,1,8,486,514,259,22,254,13
12,1000,50,5.13,10.3,18,37,76,965,23,7,5,35,7.571889817,220,267,41.88869966,36.08819725,8.805339516,6.303413149,479,18,5,5,28,486,5,2,0,7,507,493,232,35,207,13
11,1000,50,5.13,10.3,18,37,77,963,21,9,7,37,8.158830282,202,273,31.71031307,24.3802101,9.472128475,6.741778801,489,17,8,5,30,474,4,1,2,7,519,481,253,20,192,10
9,1000,50,5.13,10.3,18,37,79,952,28,12,8,48,8.098152572,240,264,57.68130154,51.20788248,9.517154744,6.745666127,449,23,11,5,39,503,5,1,3,9,488,512,245,19,224,16
15,1000,50,5.13,10.3,18,37,70,950,39,5,6,50,7.987578527,230,272,43.62327804,38.98944888,8.659472221,7.369849008,452,19,3,5,27,498,20,2,1,23,479,521,254,18,212,18
14,1000,50,5.13,10.3,18,37,75,958,24,10,8,42,8.005272297,231,284,34.86539909,30.21685704,8.999771519,7.030466129,472,13,5,5,23,486,11,5,3,19,495,505,257,27,219,12
16,1000,50,5.13,10.3,18,37,55,969,21,3,7,31,7.834866654,177,223,23.41674732,20.89717268,8.267220166,7.44054041,457,14,3,3,20,512,7,0,4,11,477,523,199,24,161,16
13,1000,50,5.13,10.3,18,37,75,951,23,14,12,49,8.364759495,195,249,30.47383714,25.64633566,9.412829316,7.187627997,495,17,8,9,34,456,6,6,3,15,529,471,217,32,178,17
10,1000,50,5.13,10.3,18,37,78,962,26,8,4,38,7.786442165,246,276,45.16626979,39.85811912,9.051954214,6.589868515,456,20,7,3,30,506,6,1,1,8,486,514,256,20,237,9
12,1000,50,5.13,10.3,18,37,77,964,24,7,5,36,7.560329632,222,278,44.15829114,38.55910251,8.84998707,6.234049063,478,19,5,5,29,486,5,2,0,7,507,493,248,30,204,18
11,1000,50,5.13,10.3,18,37,78,963,21,9,7,37,8.130596271,208,260,32.92745371,25.29776893,9.496279034,6.657021731,489,17,8,5,30,474,4,1,2,7,519,481,235,25,196,12
9,1000,50,5.13,10.3,18,37,80,952,28,12,8,48,8.083434466,237,274,59.3095402,52.73903652,9.540243703,6.694913161,449,23,11,5,39,503,5,1,3,9,488,512,256,18,219,18
15,1000,50,5.13,10.3,18,37,71,952,37,5,6,48,7.994084711,246,272,45.7705063,41.12714287,8.679698608,7.363741032,452,19,3,5,27,500,18,2,1,21,479,521,245,27,232,14
14,1000,50,5.13,10.3,18,37,76,958,24,10,8,42,8.03806143,240,277,36.32950889,31.67750774,9.104135025,6.993098204,472,13,5,5,23,486,11,5,3,19,495,505,254,23,225,15
13,1000,50,5.13,10.3,18,37,76,950,24,14,12,50,8.371371953,197,248,31.75930478,26.81884727,9.447013378,7.163273622,495,17,8,9,34,455,7,6,3,16,529,471,222,26,181,16
16,1000,50,5.13,10.3,18,37,56,969,20,4,7,31,7.851552497,177,221,24.12991975,21.52886825,8.333139209,7.412323316,457,14,3,3,20,512,6,1,4,11,477,523,194,27,162,15
10,1000,50,5.13,10.3,18,37,79,963,24,9,4,37,7.772377227,269,298,47.97038909,42.3837253,9.079594796,6.536369953,457,18,8,3,29,506,6,1,1,8,486,514,271,27,254,15
12,1000,50,5.13,10.3,18,37,78,963,25,6,6,37,7.581618217,240,274,46.93386883,41.65705618,8.947982943,6.176452058,478,19,4,6,29,485,6,2,0,8,507,493,248,26,224,16
9,1000,50,5.13,10.3,18,37,81,951,28,12,9,49,8.127730867,249,305,62.88022997,55.49811379,9.616143718,6.709087368,448,23,11,6,40,503,5,1,3,9,488,512,281,24,235,14
11,1000,50,5.13,10.3,18,37,79,963,21,9,7,37,8.171556653,230,259,33.98943174,26.16542546,9.606659738,6.623077442,489,17,8,5,30,474,4,1,2,7,519,481,242,17,217,13
15,1000,50,5.13,10.3,18,37,72,951,38,6,5,49,7.967384533,237,270,47.89435116,43.22245428,8.734725831,7.261901843,451,19,4,5,28,500,19,2,0,21,479,521,251,19,220,17
14,1000,50,5.13,10.3,18,37,77,958,23,11,8,42,8.07587646,229,292,37.9591979,33.21475595,9.138989044,7.03381561,472,13,5,5,23,486,10,6,3,19,495,505,267,25,220,9
13,1000,50,5.13,10.3,18,37,77,950,24,14,12,50,8.378141706,221,280,33.33064887,27.99006346,9.478823875,7.141919057,495,17,8,9,34,455,7,6,3,16,529,471,239,41,205,16
16,1000,50,5.13,10.3,18,37,57,969,20,4,7,31,7.887956925,176,226,24.62259762,21.99425977,8.418421392,7.404148989,457,14,3,3,20,512,6,1,4,11,477,523,197,29,160,16
10,1000,50,5.13,10.3,18,37,80,963,24,9,4,37,7.74088756,276,294,49.65035951,44.10631319,9.079594796,6.475106009,457,18,8,3,29,506,6,1,1,8,486,514,274,20,259,17
12,1000,50,5.13,10.3,18,37,79,961,27,6,6,39,7.594101518,235,281,49.41373584,44.44372306,8.9915755,6.156942677,477,20,4,6,30,484,7,2,0,9,507,493,256,25,222,13
9,1000,50,5.13,10.3,18,37,82,951,28,12,9,49,8.127056182,248,305,66.39086779,58.0622282,9.645382591,6.679901322,448,23,11,6,40,503,5,1,3,9,488,512,282,23,231,17
11,1000,50,5.13,10.3,18,37,80,963,21,9,7,37,8.183775079,214,271,35.24128698,27.10829245,9.670677768,6.579403986,489,17,8,5,30,474,4,1,2,7,519,481,249,22,200,14
15,1000,50,5.13,10.3,18,37,73,956,34,5,5,44,7.900022063,236,288,50.32299771,45.59126394,8.773478043,7.096979041,451,19,4,5,28,505,15,1,0,16,479,521,258,30,229,7
14,1000,50,5.13,10.3,18,37,78,959,22,11,8,41,8.083005236,254,287,40.10872645,35.76176639,9.22316609,6.965421824,472,12,6,5,23,487,10,5,3,18,495,505,269,18,233,21
13,1000,50,5.13,10.3,18,37,78,950,23,15,12,50,8.395258891,202,252,35.05737997,29.34094231,9.531009673,7.119649202,495,16,9,9,34,455,7,6,3,16,529,471,226,26,190,12
10,1000,50,5.13,10.3,18,37,81,962,25,9,4,38,7.742808589,267,302,52.31193557,46.64104915,9.135591415,6.425897201,456,19,8,3,30,506,6,1,1,8,486,514,282,20,257,10
12,1000,50,5.13,10.3,18,37,80,961,27,6,6,39,7.581457423,229,282,52.08947449,46.91223798,8.994998436,6.127775286,477,20,4,6,30,484,7,2,0,9,507,493,249,33,213,16
16,1000,50,5.13,10.3,18,37,58,968,21,4,7,32,7.919628733,160,227,25.26344541,22.60093537,8.462007429,7.424954473,456,15,3,3,21,512,6,1,4,11,477,523,203,24,149,11
9,1000,50,5.13,10.3,18,37,83,948,31,12,9,52,8.151393732,234,299,70.08334292,60.72110412,9.728717163,6.648007338,445,26,11,6,43,503,5,1,3,9,488,512,276,23,221,13
11,1000,50,5.13,10.3,18,37,81,963,21,9,7,37,8.189625703,211,279,36.3352687,27.86440647,9.701015304,6.558833181,489,17,8,5,30,474,4,1,2,7,519,481,250,29,198,13
15,1000,50,5.13,10.3,18,37,74,957,34,4,5,43,7.900259628,247,291,53.00069895,47.76989563,8.818028914,7.056475582,450,20,4,5,29,507,14,0,0,14,479,521,275,16,232,15
14,1000,50,5.13,10.3,18,37,79,959,23,11,7,41,8.070940152,262,299,42.16514909,37.71187742,9.256308682,6.909044267,472,12,6,5,23,487,11,5,2,18,495,505,281,18,246,16
13,1000,50,5.13,10.3,18,37,79,949,24,15,12,51,8.412364189,208,272,36.83580868,30.78874323,9.585670572,7.094574216,494,17,9,9,35,455,7,6,3,16,529,471,235,37,191,17
10,1000,50,5.13,10.3,18,37,82,961,26,9,4,39,7.721516259,270,312,55.53889941,49.89357072,9.189004599,6.333968919,456,19,8,3,30,505,7,1,1,9,486,514,292,20,262,8
12,1000,50,5.13,10.3,18,37,81,962,27,5,6,38,7.573865353,239,274,55.67134368,50.79127174,9.037354339,6.068816841,477,20,4,6,30,485,7,1,0,8,507,493,253,21,226,13
9,1000,50,5.13,10.3,18,37,84,948,31,12,9,52,8.143538834,246,285,74.50934782,63.6708669,9.764037391,6.599001146,445,26,11,6,43,503,5,1,3,9,488,512,273,12,229,17
11,1000,50,5.13,10.3,18,37,82,962,22,9,7,38,8.179611293,235,285,37.64933334,28.8633903,9.744804044,6.49076506,488,18,8,5,31,474,4,1,2,7,519,481,259,26,222,13
16,1000,50,5.13,10.3,18,37,59,967,22,4,7,33,7.937962166,191,227,25.79045462,23.03068636,8.491929115,7.432718887,455,16,3,3,22,512,6,1,4,11,477,523,197,30,178,13
15,1000,50,5.13,10.3,18,37,75,958,33,4,5,42,7.882063428,243,301,55.39350602,50.34503698,8.826427608,7.013828414,450,20,4,5,29,508,13,0,0,13,479,521,271,30,232,11
14,1000,50,5.13,10.3,18,37,80,959,22,12,7,41,8.039609567,250,289,43.86129042,39.27233172,9.29630602,6.807798192,472,11,7,5,23,487,11,5,2,18,495,505,272,17,241,9
13,1000,50,5.13,10.3,18,37,80,949,24,15,12,51,8.409675595,202,265,38.70338,32.18126073,9.629531088,7.03960435,494,17,9,9,35,455,7,6,3,16,529,471,237,28,185,17
12,1000,50,5.13,10.3,18,37,82,961,27,6,6,39,7.618205538,232,284,59.8594549,55.50302279,9.078803523,6.116130126,477,20,4,6,30,484,7,2,0,9,507,493,263,21,219,13
10,1000,50,5.13,10.3,18,37,83,961,26,9,4,39,7.710548831,266,315,58.49858618,53.05396948,9.225743648,6.277893809,456,19,8,3,30,505,7,1,1,9,486,514,287,28,261,5
9,1000,50,5.13,10.3,18,37,85,947,30,13,10,53,8.164278712,256,297,80.29090338,67.63645428,9.850980947,6.556640644,444,25,12,7,44,503,5,1,3,9,488,512,277,20,243,13
11,1000,50,5.13,10.3,18,37,83,962,22,9,7,38,8.149650904,249,287,39.20556174,30.05715312,9.768642347,6.40275577,487,19,8,5,32,475,3,1,2,6,519,481,271,16,229,20
16,1000,50,5.13,10.3,18,37,60,969,20,5,6,31,7.921449961,197,230,26.6343354,23.78971698,8.50470207,7.389497273,456,15,4,2,21,513,5,1,4,10,477,523,208,22,179,18
14,1000,50,5.13,10.3,18,37,81,958,22,13,7,42,8.091363214,249,292,45.47122066,40.9136448,9.418171899,6.790827969,471,11,8,5,24,487,11,5,2,18,495,505,272,20,242,7
15,1000,50,5.13,10.3,18,37,76,957,33,5,5,43,7.897109067,254,317,57.47428515,52.36333347,8.836559387,7.033391787,450,20,4,5,29,507,13,1,0,14,479,521,291,26,240,14
13,1000,50,5.13,10.3,18,37,81,950,23,15,12,50,8.409866513,206,278,40.50665585,33.73507442,9.715882639,6.943024622,494,17,9,9,35,456,6,6,3,15,529,471,249,29,195,11
12,1000,50,5.13,10.3,18,37,83,961,26,7,6,39,7.611708427,234,284,62.74015236,58.62484392,9.111659888,6.069161995,477,19,5,6,30,484,7,2,0,9,507,493,260,24,220,14
10,1000,50,5.13,10.3,18,37,84,961,26,9,4,39,7.710038837,266,325,61.09784767,55.43656297,9.266549403,6.238318729,456,19,8,3,30,505,7,1,1,9,486,514,295,30,259,7
9,1000,50,5.13,10.3,18,37,86,948,29,13,10,52,8.161648616,252,319,87.44710467,72.62785941,9.873054855,6.530464545,445,24,12,7,43,503,5,1,3,9,488,512,296,23,239,13
11,1000,50,5.13,10.3,18,37,84,963,22,8,7,37,8.128149163,245,286,40.91376351,31.35993434,9.771604975,6.354856925,488,19,7,5,31,475,3,1,2,6,519,481,259,27,228,17
14,1000,50,5.13,10.3,18,37,82,957,23,13,7,43,8.084966916,251,298,47.93949279,43.46620332,9.475833004,6.72164273,471,11,8,5,24,486,12,5,2,19,495,505,284,14,247,4
15,1000,50,5.13,10.3,18,37,77,957,33,5,5,43,7.895309094,268,298,59.67533135,54.59069494,8.897924903,6.97351836,450,20,4,5,29,507,13,1,0,14,479,521,280,18,258,10
16,1000,50,5.13,10.3,18,37,61,970,20,4,6,30,7.91753518,199,230,27.55225956,24.54286637,8.541184674,7.348738222,456,15,4,2,21,514,5,0,4,9,477,523,195,35,188,11
13,1000,50,5.13,10.3,18,37,82,950,24,15,11,50,8.450413039,218,271,42.0637072,35.08345747,9.810481435,6.92286276,493,18,9,9,36,457,6,6,2,14,529,471,245,26,200,18
12,1000,50,5.13,10.3,18,37,84,959,28,6,7,41,7.648999899,247,293,66.26952799,61.44246712,9.174198806,6.080489055,475,21,4,7,32,484,7,2,0,9,507,493,269,24,233,14
10,1000,50,5.13,10.3,18,37,85,962,26,9,3,38,7.698264257,287,328,65.01221787,59.04346142,9.309682334,6.174627709,456,19,8,3,30,506,7,1,0,8,486,514,307,21,273,14
9,1000,50,5.13,10.3,18,37,87,948,29,13,10,52,8.243182213,254,314,91.71753695,75.32169873,9.921495336,6.643540018,445,24,12,7,43,503,5,1,3,9,488,512,292,22,244,10
11,1000,50,5.13,10.3,18,37,85,963,22,7,8,37,8.117956741,244,302,43.37569297,33.25422202,9.779281736,6.325383617,488,19,6,6,31,475,3,1,2,6,519,481,280,22,228,16
14,1000,50,5.13,10.3,18,37,83,956,24,13,7,44,8.076913694,275,300,50.59157872,46.41916323,9.498321869,6.683652216,469,13,8,5,26,487,11,5,2,18,495,505,288,12,258,17
15,1000,50,5.13,10.3,18,37,78,955,34,6,5,45,7.930790506,268,301,61.83793216,57.10327855,8.973056628,6.972545836,449,21,4,5,30,506,13,2,0,15,479,521,280,21,257,11
13,1000,50,5.13,10.3,18,37,83,949,24,15,12,51,8.472565621,235,264,43.81336246,36.57913212,9.874959736,6.897477538,492,18,10,9,37,457,6,5,3,14,529,471,236,28,223,12
16,1000,50,5.13,10.3,18,37,62,970,20,4,6,30,7.933584655,222,253,28.59938605,25.45219894,8.584908743,7.339547197,456,15,4,2,21,514,5,0,4,9,477,523,223,30,200,22
12,1000,50,5.13,10.3,18,37,85,957,30,6,7,43,7.676834126,254,305,69.76955606,64.1953717,9.233899108,6.075552288,473,23,4,7,34,484,7,2,0,9,507,493,276,29,244,10
10,1000,50,5.13,10.3,18,37,86,963,25,9,3,37,7.701520379,277,332,69.33781333,62.28189578,9.377264864,6.117061586,456,19,8,3,30,507,6,1,0,7,486,514,312,20,268,9
9,1000,50,5.13,10.3,18,37,88,948,30,13,9,52,8.241010122,254,311,98.72089476,80.96351618,9.989301734,6.57466968,444,25,12,7,44,504,5,1,2,8,488,512,289,22,249,5
11,1000,50,5.13,10.3,18,37,86,962,21,9,8,38,8.134074058,237,298,45.62488273,35.02573746,9.849128273,6.283526995,487,18,8,6,32,475,3,1,2,6,519,481,275,23,229,8
14,1000,50,5.13,10.3,18,37,84,957,23,13,7,43,8.057733302,258,336,53.25292779,48.79194511,9.518417736,6.625973313,469,13,8,5,26,488,10,5,2,17,495,505,309,27,246,12
13,1000,50,5.13,10.3,18,37,84,949,24,15,12,51,8.433532499,234,262,45.74983915,38.34320314,9.880747211,6.80810451,492,18,10,9,37,457,6,5,3,14,529,471,245,17,218,16
15,1000,50,5.13,10.3,18,37,79,955,34,6,5,45,7.93363161,269,297,64.30853279,59.57611538,9.041033926,6.91550165,448,22,4,5,31,507,12,2,0,14,479,521,277,20,255,14
16,1000,50,5.13,10.3,18,37,63,970,20,4,6,30,7.9053677,214,243,29.82335156,26.46888753,8.634251441,7.24059228,456,15,4,2,21,514,5,0,4,9,477,523,219,24,202,12
12,1000,50,5.13,10.3,18,37,86,957,29,6,8,43,7.717753548,261,320,73.45518193,66.96617487,9.346688201,6.042561115,472,23,4,8,35,485,6,2,0,8,507,493,292,28,249,12
10,1000,50,5.13,10.3,18,37,87,961,27,9,3,39,7.726968145,295,331,75.16246698,68.10716247,9.417980183,6.128073495,456,19,8,3,30,505,8,1,0,9,486,514,302,29,284,11
9,1000,50,5.13,10.3,18,37,89,947,31,13,9,53,8.258594828,275,311,103.8206682,85.18352146,10.05774833,6.543776645,443,26,12,7,45,504,5,1,2,8,488,512,289,22,255,20
11,1000,50,5.13,10.3,18,37,87,963,20,9,8,37,8.124562829,253,307,47.80313473,36.70554237,9.862160869,6.249690931,487,18,8,6,32,476,2,1,2,5,519,481,285,22,237,16
14,1000,50,5.13,10.3,18,37,85,957,24,13,6,43,8.052720692,280,326,56.22110544,51.62210694,9.576698622,6.558920542,469,13,8,5,26,488,11,5,1,17,495,505,302,24,270,10
13,1000,50,5.13,10.3,18,37,85,946,25,17,12,54,8.468056965,225,294,48.76916684,40.74107351,9.991638807,6.756857826,489,20,11,9,40,457,5,6,3,14,529,471,261,33,212,13
15,1000,50,5.13,10.3,18,37,80,955,34,6,5,45,7.906153619,288,305,65.56473238,61.05650788,9.056776956,6.848286865,448,22,4,5,31,507,12,2,0,14,479,521,283,22,272,16
12,1000,50,5.13,10.3,18,37,87,956,30,6,8,44,7.735399204,247,304,76.01349868,68.9959361,9.369338812,6.055059688,472,23,4,8,35,484,7,2,0,9,507,493,284,20,236,11
16,1000,50,5.13,10.3,18,37,64,970,20,4,6,30,7.936532682,210,242,30.97296934,27.40394654,8.690857143,7.248554159,456,15,4,2,21,514,5,0,4,9,477,523,217,25,196,14
10,1000,50,5.13,10.3,18,37,88,961,27,9,3,39,7.702675711,305,304,82.43125712,74.12305527,9.452452281,6.048217709,455,20,8,3,31,506,7,1,0,8,486,514,286,18,291,14
9,1000,50,5.13,10.3,18,37,90,948,30,13,9,52,8.231205466,264,317,108.3525642,88.90998148,10.084654,6.464637334,443,26,12,7,45,505,4,1,2,7,488,512,299,18,250,14
11,1000,50,5.13,10.3,18,37,88,964,20,9,7,36,8.147888754,243,296,49.93582151,38.44898381,9.919603977,6.236204346,487,18,8,6,32,477,2,1,1,4,519,481,273,23,233,10
14,1000,50,5.13,10.3,18,37,86,958,24,12,6,42,8.031264982,273,323,59.28092416,55.36598631,9.608070557,6.48568328,469,13,8,5,26,489,11,4,1,16,495,505,304,19,263,10
13,1000,50,5.13,10.3,18,37,86,947,25,16,12,53,8.44730118,253,282,52.11101201,43.51682469,10.02099148,6.679823114,489,20,11,9,40,458,5,5,3,13,529,471,260,22,232,21
15,1000,50,5.13,10.3,18,37,81,957,33,5,5,43,7.836267449,283,315,69.00641135,64.8012871,9.060035284,6.711152684,448,22,4,5,31,509,11,1,0,12,479,521,291,24,271,12
12,1000,50,5.13,10.3,18,37,88,956,30,6,8,44,7.739555606,284,322,78.7580851,71.40327007,9.421430345,6.009919719,472,23,4,8,35,484,7,2,0,9,507,493,300,22,271,13
9,1000,50,5.13,10.3,18,37,91,948,30,13,9,52,8.23794513,297,316,117.0112008,95.83417813,10.0887325,6.473913417,443,26,12,7,45,505,4,1,2,7,488,512,303,13,279,18
10,1000,50,5.13,10.3,18,37,89,958,28,11,3,42,7.744350195,307,345,88.79863757,80.11060369,9.571842017,6.016410457,452,21,10,3,34,506,7,1,0,8,486,514,323,22,289,18
16,1000,50,5.13,10.3,18,37,65,970,21,4,5,30,7.883635544,207,264,32.57235505,28.63396912,8.71116491,7.128890788,455,16,4,2,22,515,5,0,3,8,477,523,233,31,193,14
11,1000,50,5.13,10.3,18,37,89,964,20,9,7,36,8.164876784,259,314,52.82463593,40.63186037,9.968569207,6.21868891,487,18,8,6,32,477,2,1,1,4,519,481,292,22,238,21
14,1000,50,5.13,10.3,18,37,87,959,23,12,6,41,7.999378689,278,333,63.29122953,59.71631439,9.653565405,6.377948146,469,13,8,5,26,490,10,4,1,15,495,505,314,19,269,9
13,1000,50,5.13,10.3,18,37,87,946,26,16,12,54,8.463865224,242,301,55.97904714,46.71812372,10.0718992,6.65781433,489,20,11,9,40,457,6,5,3,14,529,471,270,31,225,17
15,1000,50,5.13,10.3,18,37,82,957,33,5,5,43,7.81834262,282,321,71.78493925,67.32196334,9.085694837,6.653156991,448,22,4,5,31,509,11,1,0,12,479,521,299,22,270,12
12,1000,50,5.13,10.3,18,37,89,957,29,6,8,43,7.720879585,275,296,82.59823512,74.37514463,9.467789155,5.924362035,472,23,4,8,35,485,6,2,0,8,507,493,272,24,258,17
9,1000,50,5.13,10.3,18,37,92,948,30,13,9,52,8.224331712,285,317,123.7531715,100.8081077,10.15807336,6.381234206,443,26,12,7,45,505,4,1,2,7,488,512,301,16,273,12
10,1000,50,5.13,10.3,18,37,90,958,28,11,3,42,7.699752941,304,345,95.14831364,85.77936663,9.582307624,5.919749875,452,21,10,3,34,506,7,1,0,8,486,514,316,29,290,14
11,1000,50,5.13,10.3,18,37,90,963,21,9,7,37,8.162983646,288,323,57.06068038,43.86339118,9.991058667,6.190486898,487,18,8,6,32,476,3,1,1,5,519,481,299,24,268,20
16,1000,50,5.13,10.3,18,37,66,970,21,4,5,30,7.935868783,218,257,34.46105128,30.22974308,8.827061238,7.123060368,455,16,4,2,22,515,5,0,3,8,477,523,227,30,203,15
14,1000,50,5.13,10.3,18,37,88,958,24,11,7,42,7.998724498,289,317,66.63603628,62.53852917,9.702324431,6.328859217,468,14,8,5,27,490,10,3,2,15,495,505,304,13,273,16
13,1000,50,5.13,10.3,18,37,88,947,26,15,12,53,8.431038633,242,302,60.75095217,49.96098036,10.11120204,6.543976123,489,20,11,9,40,458,6,4,3,13,529,471,272,30,230,12
15,1000,50,5.13,10.3,18,37,83,957,33,5,5,43,7.786622818,279,323,75.48808556,71.08955608,9.097291188,6.581612934,447,23,4,5,32,510,10,1,0,11,479,521,307,16,258,21
12,1000,50,5.13,10.3,18,37,90,958,28,6,8,42,7.716195615,283,313,84.70262317,76.08783853,9.51255099,5.868828121,472,22,5,8,35,486,6,1,0,7,507,493,294,19,268,15
9,1000,50,5.13,10.3,18,37,93,947,31,13,9,53,8.223740042,275,345,133.7936525,107.9857861,10.20840546,6.332105815,442,27,12,7,46,505,4,1,2,7,488,512,326,19,263,12
10,1000,50,5.13,10.3,18,37,91,955,31,11,3,45,7.713215227,302,354,102.4260111,92.67029792,9.651366999,5.880643707,450,23,10,3,36,505,8,1,0,9,486,514,337,17,299,3
11,1000,50,5.13,10.3,18,37,91,964,21,9,6,36,8.139383932,282,314,60.37437919,46.44631937,9.960970329,6.173888423,488,18,8,5,31,476,3,1,1,5,519,481,300,14,270,12
14,1000,50,5.13,10.3,18,37,89,958,25,10,7,42,7.980807847,281,343,71.58529982,68.01430702,9.725907348,6.270264772,467,15,8,5,28,491,10,2,2,14,495,505,321,22,269,12
16,1000,50,5.13,10.3,18,37,67,970,21,4,5,30,7.935594761,235,259,36.36192065,31.74666458,8.898908825,7.057008129,455,16,4,2,22,515,5,0,3,8,477,523,240,19,215,20
13,1000,50,5.13,10.3,18,37,89,947,26,15,12,53,8.45539052,245,276,64.10717062,52.65762715,10.17996394,6.518449253,489,20,11,9,40,458,6,4,3,13,529,471,252,24,233,12
15,1000,50,5.13,10.3,18,37,84,956,32,7,5,44,7.800108466,287,324,80.77038802,76.44611537,9.163730633,6.546413614,446,22,6,5,33,510,10,1,0,11,479,521,308,16,275,12
9,1000,50,5.13,10.3,18,37,94,945,33,13,9,55,8.203921091,289,342,144.3671118,115.5771641,10.23460004,6.268430222,440,29,12,7,48,505,4,1,2,7,488,512,323,19,277,12
12,1000,50,5.13,10.3,18,37,91,956,28,8,8,44,7.717220092,259,329,87.55740698,78.30512595,9.558935596,5.823204349,470,22,7,8,37,486,6,1,0,7,507,493,303,26,247,12
10,1000,50,5.13,10.3,18,37,92,955,31,11,3,45,7.676913193,315,346,110.0021222,99.59548317,9.677933927,5.784897478,449,24,10,3,37,506,7,1,0,8,486,514,324,22,306,9
11,1000,50,5.13,10.3,18,37,92,964,21,8,7,36,8.105706989,293,329,63.2340367,48.68372043,10.00003425,6.061723939,488,18,7,6,31,476,3,1,1,5,519,481,311,18,279,14
14,1000,50,5.13,10.3,18,37,90,958,24,11,7,42,7.974088185,289,360,77.29359885,74.54480129,9.746718072,6.236559879,467,14,9,5,28,491,10,2,2,14,495,505,338,22,282,7
13,1000,50,5.13,10.3,18,37,90,948,26,14,12,52,8.417630002,249,290,68.05616894,56.07803006,10.22216111,6.39088487,489,20,11,9,40,459,6,3,3,12,529,471,265,25,244,5
16,1000,50,5.13,10.3,18,37,68,968,22,5,5,32,7.93185887,239,275,37.97162169,33.09489087,8.960898741,6.993327286,454,17,4,2,23,514,5,1,3,9,477,523,247,28,221,18
15,1000,50,5.13,10.3,18,37,85,956,32,7,5,44,7.779145308,275,335,85.20347042,81.11182546,9.161121899,6.508575659,446,22,6,5,33,510,10,1,0,11,479,521,319,16,261,14
9,1000,50,5.13,10.3,18,37,95,946,33,12,9,54,8.158297718,292,335,154.0415033,122.3158692,10.29131613,6.125264541,440,29,12,7,48,506,4,0,2,6,488,512,315,20,275,17
12,1000,50,5.13,10.3,18,37,92,957,27,8,8,43,7.700640928,286,318,90.38314783,80.82271231,9.595577494,5.751892775,470,22,7,8,37,487,5,1,0,6,507,493,290,28,275,11
10,1000,50,5.13,10.3,18,37,93,955,31,11,3,45,7.694322859,306,361,116.541331,104.6798687,9.73126857,5.76833917,449,24,10,3,37,506,7,1,0,8,486,514,343,18,300,6
11,1000,50,5.13,10.3,18,37,93,964,21,8,7,36,8.077528231,290,316,65.97404365,50.83635474,10.00663904,5.996013653,488,18,7,6,31,476,3,1,1,5,519,481,300,16,274,16
14,1000,50,5.13,10.3,18,37,91,956,25,12,7,44,7.999467909,301,359,84.52932214,82.38460416,9.81407238,6.220796199,466,15,9,5,29,490,10,3,2,15,495,505,343,16,288,13
13,1000,50,5.13,10.3,18,37,91,948,25,15,12,52,8.427153766,264,310,73.2287568,60.54428299,10.28957529,6.335389462,488,20,12,9,41,460,5,3,3,11,529,471,292,18,254,10
16,1000,50,5.13,10.3,18,37,69,966,24,5,5,34,7.920984503,223,278,39.90189295,34.83830352,8.983789894,6.951657216,453,18,4,2,24,513,6,1,3,10,477,523,249,29,209,14
15,1000,50,5.13,10.3,18,37,86,957,31,7,5,43,7.749473781,273,323,89.5456268,85.3244125,9.150495556,6.461394261,446,22,6,5,33,511,9,1,0,10,479,521,299,24,264,9
9,1000,50,5.13,10.3,18,37,96,947,31,13,9,53,8.137123908,306,343,167.2489557,131.3902377,10.30282156,6.072943336,441,28,12,7,47,506,3,1,2,6,488,512,329,14,298,8
12,1000,50,5.13,10.3,18,37,93,956,27,9,8,44,7.689482489,273,319,93.89200627,83.84054653,9.619424786,5.704734528,469,22,8,8,38,487,5,1,0,6,507,493,302,17,262,11
10,1000,50,5.13,10.3,18,37,94,954,32,10,4,46,7.687190154,323,361,130.2797301,115.1636046,9.764035879,5.723479994,448,25,9,4,38,506,7,1,0,8,486,514,341,20,314,9
11,1000,50,5.13,10.3,18,37,94,964,21,8,7,36,8.094885852,269,339,68.91323162,53.19672045,10.05550185,5.979377117,488,18,7,6,31,476,3,1,1,5,519,481,316,23,260,9
14,1000,50,5.13,10.3,18,37,92,956,24,13,7,44,8.033665973,290,347,92.25355835,93.31180443,9.924238304,6.180530718,466,15,9,5,29,490,9,4,2,15,495,505,323,24,281,9
13,1000,50,5.13,10.3,18,37,92,946,25,17,12,54,8.476949663,261,309,76.97667518,63.38984101,10.42929363,6.284189661,487,19,14,9,42,459,6,3,3,12,529,471,282,27,248,13
16,1000,50,5.13,10.3,18,37,70,966,24,5,5,34,7.938833751,240,261,41.68847578,36.41035571,9.033496679,6.940450927,453,18,4,2,24,513,6,1,3,10,477,523,249,12,221,19
15,1000,50,5.13,10.3,18,37,87,955,34,7,4,45,7.723508445,294,311,95.10357851,90.76870426,9.174371669,6.389605405,444,25,6,4,35,511,9,1,0,10,479,521,298,13,284,10
9,1000,50,5.13,10.3,18,37,97,947,31,12,10,53,8.117007825,287,348,174.3183677,136.4914111,10.33341133,6.004498235,441,28,11,8,47,506,3,1,2,6,488,512,333,15,280,7
12,1000,50,5.13,10.3,18,37,94,955,28,9,8,45,7.718979971,290,327,98.46586561,88.377348,9.659910407,5.722931836,468,23,8,8,39,487,5,1,0,6,507,493,304,23,286,4
10,1000,50,5.13,10.3,18,37,95,954,32,10,4,46,7.696301817,326,369,142.5808238,124.6343486,9.786997245,5.719496412,448,25,9,4,38,506,7,1,0,8,486,514,346,23,317,9
11,1000,50,5.13,10.3,18,37,95,963,22,8,7,37,8.070154716,282,355,72.94271889,56.48451677,10.11504701,5.863711676,487,19,7,6,32,476,3,1,1,5,519,481,335,20,269,13
14,1000,50,5.13,10.3,18,37,93,955,25,13,7,45,8.027624757,305,349,98.98169239,102.8565086,9.979610447,6.114292249,466,15,9,5,29,489,10,4,2,16,495,505,331,18,292,13
13,1000,50,5.13,10.3,18,37,93,946,24,18,12,54,8.525090199,272,331,81.40725304,66.70316591,10.51732704,6.287524828,487,18,15,9,42,459,6,3,3,12,529,471,302,29,254,18
9,1000,50,5.13,10.3,18,37,98,945,33,12,10,55,8.074563936,311,338,183.8069386,143.2071144,10.37502497,5.881937012,439,30,11,8,49,506,3,1,2,6,488,512,324,14,300,11
15,1000,50,5.13,10.3,18,37,88,956,33,7,4,44,7.693246461,294,341,100.0861009,96.58435411,9.168366565,6.337041989,445,24,6,4,34,511,9,1,0,10,479,521,323,18,281,13
16,1000,50,5.13,10.3,18,37,71,966,24,5,5,34,7.920319067,242,290,43.27126638,38.17887582,9.040418991,6.898736535,453,18,4,2,24,513,6,1,3,10,477,523,266,24,229,13
12,1000,50,5.13,10.3,18,37,95,954,28,10,8,46,7.735112047,292,333,102.7541021,91.46934798,9.66975103,5.745534025,468,23,8,8,39,486,5,2,0,7,507,493,316,17,282,10
10,1000,50,5.13,10.3,18,37,96,953,33,10,4,47,7.684362304,317,370,155.05624,134.9498761,9.840606887,5.645578515,447,26,9,4,39,506,7,1,0,8,486,514,360,10,307,10
11,1000,50,5.13,10.3,18,37,96,961,24,8,7,39,8.08333412,296,331,76.93693373,59.65920927,10.15560512,5.8473494,485,21,7,6,34,476,3,1,1,5,519,481,310,21,283,13
14,1000,50,5.13,10.3,18,37,94,957,24,12,7,43,7.992332221,306,363,103.1707178,106.3724167,9.990045673,6.034177451,467,15,8,5,28,490,9,4,2,15,495,505,343,20,298,8
13,1000,50,5.13,10.3,18,37,94,945,25,16,14,55,8.557288381,271,319,88.00400477,71.80017991,10.60639872,6.255845983,486,19,13,11,43,459,6,3,3,12,529,471,296,23,259,12
9,1000,50,5.13,10.3,18,37,99,944,34,12,10,56,8.099493817,283,364,196.019575,152.156175,10.43894574,5.869703705,438,31,11,8,50,506,3,1,2,6,488,512,348,16,276,7
15,1000,50,5.13,10.3,18,37,89,956,32,8,4,44,7.704907324,282,343,106.3518801,104.8283383,9.181020368,6.347789958,445,23,7,4,34,511,9,1,0,10,479,521,323,20,271,11
12,1000,50,5.13,10.3,18,37,96,953,28,11,8,47,7.73301256,289,343,107.1388065,94.890875,9.689642855,5.720818727,468,22,9,8,39,485,6,2,0,8,507,493,325,18,281,8
10,1000,50,5.13,10.3,18,37,97,953,33,10,4,47,7.666870426,340,362,171.531624,148.1062796,9.865975165,5.587561276,447,26,9,4,39,506,7,1,0,8,486,514,346,16,333,7
16,1000,50,5.13,10.3,18,37,72,966,25,4,5,34,7.880461912,243,292,45.48458694,40.25548347,9.037110082,6.825545704,453,19,3,2,24,513,6,1,3,10,477,523,267,25,231,12
11,1000,50,5.13,10.3,18,37,97,961,24,8,7,39,8.095051402,283,342,80.87499425,62.2459189,10.19519015,5.828997327,485,21,7,6,34,476,3,1,1,5,519,481,323,19,270,13
14,1000,50,5.13,10.3,18,37,95,959,24,10,7,41,7.981399738,322,369,108.7775615,110.6250336,10.04471587,5.958941353,467,15,8,5,28,492,9,2,2,13,495,505,355,14,310,12
13,1000,50,5.13,10.3,18,37,95,943,27,16,14,57,8.583153289,262,330,95.62985417,78.11361898,10.65297686,6.258446979,484,21,13,11,45,459,6,3,3,12,529,471,309,21,254,8
9,1000,50,5.13,10.3,18,37,100,943,34,13,10,57,8.079204841,319,358,210.0860549,162.3428764,10.46079793,5.809248927,437,31,12,8,51,506,3,1,2,6,488,512,338,20,307,12
15,1000,50,5.13,10.3,18,37,90,954,34,8,4,46,7.66630256,309,356,109.6535962,107.4674596,9.199597521,6.25661295,444,24,7,4,35,510,10,1,0,11,479,521,335,21,300,9
10,1000,50,5.13,10.3,18,37,98,953,33,10,4,47,7.655366912,338,372,184.9149986,159.3867643,9.911816279,5.521836965,447,26,9,4,39,506,7,1,0,8,486,514,350,22,329,9
12,1000,50,5.13,10.3,18,37,97,953,28,11,8,47,7.747846513,302,348,111.5722497,97.90469228,9.710665345,5.729288405,468,22,9,8,39,485,6,2,0,8,507,493,321,27,291,11
11,1000,50,5.13,10.3,18,37,98,960,25,8,7,40,8.090149904,286,343,86.35935451,66.11402777,10.24147981,5.768860468,484,22,7,6,35,476,3,1,1,5,519,481,325,18,278,8
16,1000,50,5.13,10.3,18,37,73,966,25,4,5,34,7.877979773,242,292,47.43917739,42.13256172,9.076346515,6.785014313,453,19,3,2,24,513,6,1,3,10,477,523,268,24,235,7
14,1000,50,5.13,10.3,18,37,96,959,24,8,9,41,7.983122701,336,369,116.6089291,116.8148901,10.11482679,5.893630571,467,15,6,7,28,492,9,2,2,13,495,505,353,16,325,11
13,1000,50,5.13,10.3,18,37,96,942,27,17,14,58,8.620667118,270,324,102.2330081,83.80821711,10.73128153,6.250146898,483,21,14,11,46,459,6,3,3,12,529,471,301,23,257,13
9,1000,50,5.13,10.3,18,37,101,944,34,12,10,56,8.09603912,299,365,226.3716227,175.4012081,10.48741077,5.816763021,437,31,12,8,51,507,3,0,2,5,488,512,345,20,294,5
15,1000,50,5.13,10.3,18,37,91,955,32,9,4,45,7.647465446,312,358,114.1596215,111.0274546,9.2492641,6.174794515,444,23,8,4,35,511,9,1,0,10,479,521,336,22,300,12
10,1000,50,5.13,10.3,18,37,99,954,31,11,4,46,7.681218255,339,385,205.0898728,174.199801,9.978627621,5.508959593,447,25,10,4,39,507,6,1,0,7,486,514,368,17,330,9
12,1000,50,5.13,10.3,18,37,98,952,28,10,10,48,7.770295458,313,333,115.5143351,101.2840606,9.79286304,5.690291879,467,22,8,10,40,485,6,2,0,8,507,493,313,20,297,16
11,1000,50,5.13,10.3,18,37,99,960,24,9,7,40,8.103007882,297,343,92.0956824,70.10277339,10.28395542,5.749760956,484,21,8,6,35,476,3,1,1,5,519,481,323,20,285,12
14,1000,50,5.13,10.3,18,37,97,959,24,8,9,41,7.960080228,317,349,126.4813285,124.6938354,10.14529647,5.818135592,466,16,6,7,29,493,8,2,2,12,495,505,330,19,303,14
16,1000,50,5.13,10.3,18,37,74,962,28,5,5,38,7.882357916,254,304,49.62476904,44.19522749,9.134453559,6.740389232,452,19,4,2,25,510,9,1,3,13,477,523,277,27,239,15
13,1000,50,5.13,10.3,18,37,97,942,27,16,15,58,8.617017221,278,326,106.8517949,87.86917417,10.76968066,6.199269958,483,21,14,11,46,459,6,2,4,12,529,471,305,21,264,14
9,1000,50,5.13,10.3,18,37,102,944,34,12,10,56,8.053401706,328,367,242.2515933,187.5570305,10.48852765,5.732422294,437,31,12,8,51,507,3,0,2,5,488,512,346,21,317,11
15,1000,50,5.13,10.3,18,37,92,956,31,9,4,44,7.61107146,324,356,121.7214367,116.9842145,9.284786787,6.072281362,443,24,8,4,36,513,7,1,0,8,479,521,343,13,313,11
10,1000,50,5.13,10.3,18,37,100,954,30,11,5,46,7.693497236,346,375,229.1215623,194.0895083,10.05602872,5.459663962,447,24,11,4,39,507,6,0,1,7,486,514,361,14,338,8
12,1000,50,5.13,10.3,18,37,99,953,27,10,10,47,7.779927673,315,336,123.595382,107.6602753,9.821755843,5.680116553,467,22,8,10,40,486,5,2,0,7,507,493,321,15,303,12
11,1000,50,5.13,10.3,18,37,100,959,25,9,7,41,8.101165668,296,363,97.96792625,74.89448457,10.32247023,5.704373433,483,22,8,6,36,476,3,1,1,5,519,481,342,21,286,10
14,1000,50,5.13,10.3,18,37,98,959,24,8,9,41,7.949643149,339,375,132.890843,129.7838413,10.17922775,5.76420874,466,16,6,7,29,493,8,2,2,12,495,505,362,13,334,5
13,1000,50,5.13,10.3,18,37,98,942,28,15,15,58,8.645144347,268,343,111.8216793,91.3268512,10.82802017,6.193464282,482,22,14,11,47,460,6,1,4,11,529,471,316,27,257,11
16,1000,50,5.13,10.3,18,37,75,962,29,5,4,38,7.891393091,259,300,51.61625083,45.83767471,9.176522359,6.719296226,452,20,4,1,25,510,9,1,3,13,477,523,283,17,247,12
9,1000,50,5.13,10.3,18,37,103,944,34,12,10,56,8.049051086,348,381,261.7018913,201.0065253,10.56338279,5.652578682,437,31,12,8,51,507,3,0,2,5,488,512,364,17,335,13
10,1000,50,5.13,10.3,18,37,101,954,30,11,5,46,7.663812847,358,389,243.1700316,206.0390456,10.08710282,5.372530888,447,24,11,4,39,507,6,0,1,7,486,514,367,22,353,5
15,1000,50,5.13,10.3,18,37,93,957,30,9,4,43,7.590846367,318,365,128.7284135,124.1426811,9.308241502,6.011897672,443,24,8,4,36,514,6,1,0,7,479,521,348,17,311,7
11,1000,50,5.13,10.3,18,37,101,959,24,10,7,41,8.085753229,301,358,103.0617604,78.91975803,10.34779908,5.645001048,483,21,9,6,36,476,3,1,1,5,519,481,332,26,288,13
12,1000,50,5.13,10.3,18,37,100,954,25,11,10,46,7.76640161,305,342,129.014844,111.5274673,9.836350557,5.637671151,467,21,9,10,40,487,4,2,0,6,507,493,326,16,292,13
14,1000,50,5.13,10.3,18,37,99,959,24,8,9,41,7.933543057,340,380,139.9093142,137.2094723,10.1865979,5.725103163,465,17,6,7,30,494,7,2,2,11,495,505,363,17,332,8
13,1000,50,5.13,10.3,18,37,99,940,30,15,15,60,8.657906843,297,349,119.0697242,97.23998797,10.84097189,6.206014248,481,23,14,11,48,459,7,1,4,12,529,471,326,23,281,16
16,1000,50,5.13,10.3,18,37,76,962,29,5,4,38,7.909917994,261,310,53.54646129,47.19511155,9.208317754,6.725717831,452,20,4,1,25,510,9,1,3,13,477,523,289,21,248,13
9,1000,50,5.13,10.3,18,37,104,940,37,13,10,60,8.054683965,327,375,281.3727979,215.781289,10.57725916,5.650354487,435,32,13,8,53,505,5,0,2,7,488,512,364,11,315,12
17,1000,50,5.13,10.3,18,37,0,937,28,20,15,63,7.149,120,134,12.38592293,9.052952505,5.968688845,8.382413088,494,9,7,1,17,443,19,13,14,46,511,489,81,53,66,54
10,1000,50,5.13,10.3,18,37,102,954,28,13,5,46,7.665155093,346,381,270.1503887,225.2867213,10.1281728,5.336309556,446,23,13,4,40,508,5,0,1,6,486,514,363,18,341,5
15,1000,50,5.13,10.3,18,37,94,956,31,9,4,44,7.551544116,320,389,139.9969119,136.2146163,9.335140733,5.91173072,442,25,8,4,37,514,6,1,0,7,479,521,371,18,311,9
14,1000,50,5.13,10.3,18,37,100,959,25,7,9,41,7.932155688,329,388,148.278183,143.3604581,10.22331174,5.686369068,465,17,6,7,30,494,8,1,2,11,495,505,372,16,324,5
11,1000,50,5.13,10.3,18,37,102,960,23,10,7,40,8.050003047,308,362,110.1429988,83.92753943,10.36461551,5.55253139,483,21,9,6,36,477,2,1,1,4,519,481,338,24,298,10
12,1000,50,5.13,10.3,18,37,101,954,25,11,10,46,7.745219718,308,361,136.5368369,118.1024058,9.881556455,5.548216218,467,21,9,10,40,487,4,2,0,6,507,493,344,17,294,14
13,1000,50,5.13,10.3,18,37,100,939,31,15,15,61,8.651425974,297,325,127.2672301,103.81086,10.86436396,6.165981821,480,24,14,11,49,459,7,1,4,12,529,471,308,17,278,19
16,1000,50,5.13,10.3,18,37,77,962,27,6,5,38,7.958504872,271,300,56.31559465,49.62674326,9.274360494,6.758384162,452,19,5,1,25,510,8,1,4,13,477,523,280,20,258,13
17,1000,50,5.13,10.3,18,37,1,937,28,20,15,63,7.14908615,89,138,12.38225029,9.078367696,5.988349783,8.362043785,494,9,7,1,17,443,19,13,14,46,511,489,70,68,63,26
10,1000,50,5.13,10.3,18,37,103,951,31,13,5,49,7.681490394,362,393,285.9846984,235.8937202,10.21779755,5.283347827,443,26,13,4,43,508,5,0,1,6,486,514,384,9,349,13
15,1000,50,5.13,10.3,18,37,95,956,31,9,4,44,7.519304892,324,401,150.4897204,148.8344129,9.347798869,5.8382135,442,25,8,4,37,514,6,1,0,7,479,521,386,15,314,10
14,1000,50,5.13,10.3,18,37,101,957,27,6,10,43,7.977956897,340,380,157.0989433,150.1535447,10.297066,5.704770748,463,19,5,8,32,494,8,1,2,11,495,505,363,17,331,9
11,1000,50,5.13,10.3,18,37,103,959,24,10,7,41,8.070532847,332,365,115.9666866,88.37748945,10.44236563,5.511320345,482,22,9,6,37,477,2,1,1,4,519,481,339,26,314,18
13,1000,50,5.13,10.3,18,37,101,938,31,16,15,62,8.635793474,289,338,133.9010345,109.1474736,10.89284083,6.10080823,479,24,15,11,50,459,7,1,4,12,529,471,321,17,279,10
12,1000,50,5.13,10.3,18,37,102,952,27,11,10,48,7.746588733,308,358,143.2819783,123.4378557,9.935049132,5.495981386,465,23,9,10,42,487,4,2,0,6,507,493,344,14,294,14
16,1000,50,5.13,10.3,18,37,78,961,28,6,5,39,7.953004396,287,303,59.11359829,52.09124888,9.351845105,6.677197478,452,19,5,1,25,509,9,1,4,14,477,523,283,20,271,16
17,1000,50,5.13,10.3,18,37,2,938,27,20,15,62,7.170651526,88,122,12.41542316,9.142012823,6.076582967,8.313941983,494,9,7,1,17,444,18,13,14,45,511,489,66,56,60,28
10,1000,50,5.13,10.3,18,37,104,950,31,14,5,50,7.682606688,365,421,307.3584388,253.8447256,10.25935449,5.246226469,442,26,14,4,44,508,5,0,1,6,486,514,395,26,354,11
18,1000,50,5.13,10.3,18,37,0,942,35,9,14,58,7.17,106,118,12.45142861,8.840918954,6.649224806,7.725206612,492,17,3,4,24,450,18,6,10,34,516,484,59,59,70,36
15,1000,50,5.13,10.3,18,37,96,956,31,9,4,44,7.483252303,329,382,167.9689017,166.9357649,9.372001555,5.746763068,442,25,8,4,37,514,6,1,0,7,479,521,367,15,323,6
14,1000,50,5.13,10.3,18,37,102,957,27,6,10,43,8.006471024,369,388,162.8099681,154.7753774,10.33947447,5.719665663,463,19,5,8,32,494,8,1,2,11,495,505,370,18,354,15
11,1000,50,5.13,10.3,18,37,104,958,25,10,7,42,8.085911867,320,360,125.9789035,95.66548894,10.46599565,5.517796521,482,22,9,6,37,476,3,1,1,5,519,481,346,14,304,16
19,1000,50,5.13,10.3,18,37,0,944,35,6,15,56,7.168,77,115,12.50554234,8.7624864,6.617870722,7.778481013,500,20,1,5,26,444,15,5,10,30,526,474,71,44,52,25
13,1000,50,5.13,10.3,18,37,102,938,30,17,15,62,8.598965922,294,347,141.6705779,115.5736829,10.93418018,5.976188129,479,23,16,11,50,459,7,1,4,12,529,471,332,15,285,9
12,1000,50,5.13,10.3,18,37,103,950,29,11,10,50,7.744890931,313,370,153.9492622,132.2965323,9.9504496,5.476699766,465,23,9,10,42,485,6,2,0,8,507,493,356,14,300,13
17,1000,50,5.13,10.3,18,37,3,940,27,18,15,60,7.165320433,93,123,12.48661099,9.19196842,6.123546751,8.253963278,494,9,7,1,17,446,18,11,14,43,511,489,68,55,63,30
16,1000,50,5.13,10.3,18,37,79,960,29,6,5,40,7.976577668,280,311,61.65056535,54.63520112,9.375720722,6.700494997,452,19,5,1,25,508,10,1,4,15,477,523,286,25,265,15
18,1000,50,5.13,10.3,18,37,1,942,35,9,14,58,7.203615409,103,145,12.46244477,8.875998235,6.693558319,7.747395281,492,17,3,4,24,450,18,6,10,34,516,484,82,63,62,41
15,1000,50,5.13,10.3,18,37,97,956,31,9,4,44,7.463721684,334,389,185.449818,191.9986969,9.424711715,5.660815304,442,25,8,4,37,514,6,1,0,7,479,521,375,14,326,8
14,1000,50,5.13,10.3,18,37,103,959,25,6,10,41,7.968043274,344,385,168.0518355,158.8111768,10.3834576,5.600458932,463,19,5,8,32,496,6,1,2,9,495,505,375,10,335,9
13,1000,50,5.13,10.3,18,37,103,938,30,17,15,62,8.582765523,301,359,149.9437045,122.9415295,10.95525764,5.918119389,479,23,16,11,50,459,7,1,4,12,529,471,345,14,286,15
19,1000,50,5.13,10.3,18,37,1,944,35,6,15,56,7.152640708,90,132,12.50003459,8.800457644,6.604849254,7.760527426,500,20,1,5,26,444,15,5,10,30,526,474,73,59,59,31
12,1000,50,5.13,10.3,18,37,104,948,30,12,10,52,7.759755521,339,368,163.5164429,140.9090269,10.02233104,5.432928368,464,23,10,10,43,484,7,2,0,9,507,493,347,21,325,14
20,1000,50,5.13,10.3,18,37,0,952,21,12,15,48,7.23,94,140,12.61441398,8.749703781,6.533880903,7.890838207,469,11,3,4,18,483,10,9,11,30,487,513,79,61,65,29
17,1000,50,5.13,10.3,18,37,4,943,24,18,15,57,7.165746358,102,136,12.52744501,9.249606158,6.143482294,8.234001852,495,9,6,1,16,448,15,12,14,41,511,489,70,66,74,28
16,1000,50,5.13,10.3,18,37,80,961,28,6,5,39,7.955081392,282,315,63.80605745,56.42689675,9.420802795,6.618276211,452,18,6,1,25,509,10,0,4,14,477,523,293,22,267,15
18,1000,50,5.13,10.3,18,37,2,940,37,9,14,60,7.233318822,74,121,12.48320787,8.909870608,6.726563509,7.773578618,491,18,3,4,25,449,19,6,10,35,516,484,58,63,50,24
15,1000,50,5.13,10.3,18,37,98,957,30,9,4,43,7.461805864,341,402,200.7894618,207.3391248,9.471233054,5.614367047,443,24,8,4,36,514,6,1,0,7,479,521,387,15,334,7
14,1000,50,5.13,10.3,18,37,104,957,26,7,10,43,7.975615551,365,383,176.5699172,167.9373994,10.4520677,5.548202058,461,20,6,8,34,496,6,1,2,9,495,505,375,8,353,12
21,1000,50,5.13,10.3,18,37,0,940,33,13,14,60,6.851,96,127,12.41627103,8.687202462,6.20112782,7.58974359,507,15,7,3,25,433,18,6,11,35,532,468,66,61,53,43
13,1000,50,5.13,10.3,18,37,104,936,32,17,15,64,8.564606136,316,349,155.7806291,127.3957341,11.00267298,5.826310255,477,25,16,11,52,459,7,1,4,12,529,471,326,23,298,18
22,1000,50,5.13,10.3,18,37,0,941,29,13,17,59,7.188,99,134,12.49009383,9.033462107,6.43,7.946,481,13,3,3,19,460,16,10,14,40,500,500,82,52,73,26
19,1000,50,5.13,10.3,18,37,2,944,35,6,15,56,7.223063851,105,112,12.52317465,8.851100366,6.665303356,7.842013262,499,21,1,5,27,445,14,5,10,29,526,474,60,52,68,37
20,1000,50,5.13,10.3,18,37,1,952,21,13,14,48,7.264000721,78,138,12.67280963,8.817898353,6.568214958,7.924522488,469,11,4,3,18,483,10,9,11,30,487,513,67,71,58,20
17,1000,50,5.13,10.3,18,37,5,944,23,18,15,56,7.200088666,101,123,12.55435103,9.285182936,6.198903223,8.246317217,495,9,6,1,16,449,14,12,14,40,511,489,82,41,80,21
16,1000,50,5.13,10.3,18,37,81,959,30,6,5,41,7.969065795,280,333,67.92929927,59.85957483,9.520510104,6.55407739,451,19,6,1,26,508,11,0,4,15,477,523,315,18,269,11
15,1000,50,5.13,10.3,18,37,99,957,29,10,4,43,7.434743033,337,392,222.5640912,231.678755,9.520266022,5.517342818,443,24,8,4,36,514,5,2,0,7,479,521,377,15,329,8
18,1000,50,5.13,10.3,18,37,3,942,35,9,14,58,7.240538442,96,127,12.53901827,8.953301459,6.757327181,7.755697555,491,18,3,4,25,451,17,6,10,33,516,484,73,54,67,29
21,1000,50,5.13,10.3,18,37,1,941,33,12,14,59,6.887169206,94,153,12.41232381,8.686987634,6.256214802,7.604407973,507,15,7,3,25,434,18,5,11,34,532,468,81,72,60,34
22,1000,50,5.13,10.3,18,37,1,942,29,12,17,58,7.197379487,92,114,12.48381854,9.045529689,6.43803512,7.956723854,482,13,2,3,18,460,16,10,14,40,500,500,64,50,62,30
19,1000,50,5.13,10.3,18,37,3,944,35,7,14,56,7.235260974,93,130,12.58398556,8.900037806,6.714132429,7.813559739,499,21,1,5,27,445,14,6,9,29,526,474,70,60,64,29
20,1000,50,5.13,10.3,18,37,2,954,22,11,13,46,7.26823201,92,119,12.72407155,8.859228763,6.622196499,7.881524981,469,11,4,3,18,485,11,7,10,28,487,513,67,52,68,24
17,1000,50,5.13,10.3,18,37,6,944,22,19,15,56,7.216823998,97,121,12.62845392,9.344007694,6.216198321,8.262467599,495,8,7,1,16,449,14,12,14,40,511,489,72,49,71,26
15,1000,50,5.13,10.3,18,37,100,956,30,10,4,44,7.416907473,358,401,248.8315963,263.656757,9.587069057,5.421691736,442,25,8,4,37,514,5,2,0,7,479,521,389,12,352,6
16,1000,50,5.13,10.3,18,37,82,957,31,7,5,43,7.963553783,293,339,71.32460535,63.29965107,9.564330651,6.503571821,449,20,7,1,28,508,11,0,4,15,477,523,319,20,279,14
21,1000,50,5.13,10.3,18,37,2,943,32,11,14,57,6.901230309,104,119,12.41576902,8.693019361,6.284826571,7.601928576,508,15,6,3,24,435,17,5,11,33,532,468,62,57,73,31
18,1000,50,5.13,10.3,18,37,4,947,32,8,13,53,7.227064991,108,138,12.57097098,9.000784155,6.790765084,7.692211173,491,18,3,4,25,456,14,5,9,28,516,484,87,51,77,31
22,1000,50,5.13,10.3,18,37,2,940,30,12,18,60,7.24531995,96,144,12.52814332,9.10442489,6.500242967,7.990396933,481,13,3,3,19,459,17,9,15,41,500,500,90,54,70,26
19,1000,50,5.13,10.3,18,37,4,943,36,8,13,57,7.25947311,103,114,12.61683356,8.93846064,6.76942974,7.803276513,499,20,2,5,27,444,16,6,8,30,526,474,69,45,64,39
20,1000,50,5.13,10.3,18,37,3,954,22,11,13,46,7.269381039,85,143,12.76379958,8.913160101,6.657478678,7.850270805,469,11,4,3,18,485,11,7,10,28,487,513,90,53,58,27
15,1000,50,5.13,10.3,18,37,101,956,30,10,4,44,7.415582282,358,407,266.0888325,281.8367644,9.620473034,5.388437042,442,25,8,4,37,514,5,2,0,7,479,521,390,17,348,10
17,1000,50,5.13,10.3,18,37,7,947,20,17,16,53,7.220262776,104,139,12.6736872,9.388260281,6.218033548,8.267582071,497,7,5,2,14,450,13,12,14,39,511,489,80,59,70,34
21,1000,50,5.13,10.3,18,37,3,943,32,10,15,57,6.924760786,96,142,12.4104341,8.726317605,6.316960086,7.615679531,508,15,5,4,24,435,17,5,11,33,532,468,72,70,68,28
16,1000,50,5.13,10.3,18,37,83,957,31,6,6,43,7.926051495,285,331,74.4528405,66.06665087,9.608541857,6.391543077,449,20,6,2,28,508,11,0,4,15,477,523,316,15,267,18
18,1000,50,5.13,10.3,18,37,5,946,32,9,13,54,7.294279117,83,133,12.59581269,9.030581456,6.868321167,7.748399576,490,18,4,4,26,456,14,5,9,28,516,484,75,58,56,27
22,1000,50,5.13,10.3,18,37,3,940,29,13,18,60,7.276108892,95,120,12.5576616,9.151595812,6.521879389,8.030338394,481,13,3,3,19,459,16,10,15,41,500,500,69,51,63,32
19,1000,50,5.13,10.3,18,37,5,944,37,8,11,56,7.224826937,90,130,12.67247641,9.016895009,6.774040661,7.725066559,500,19,2,5,26,444,18,6,6,30,526,474,78,52,52,38
20,1000,50,5.13,10.3,18,37,4,954,23,11,12,46,7.284080201,97,134,12.84548104,8.97740572,6.695211621,7.84310359,469,11,4,3,18,485,12,7,9,28,487,513,82,52,68,29
15,1000,50,5.13,10.3,18,37,102,954,32,10,4,46,7.446016662,340,405,285.3627738,296.8393145,9.675620219,5.396150821,441,26,8,4,38,513,6,2,0,8,479,521,395,10,330,10
17,1000,50,5.13,10.3,18,37,8,949,20,17,14,51,7.240617307,92,121,12.72438237,9.442723694,6.26547254,8.259633618,497,7,5,2,14,452,13,12,12,37,511,489,69,52,72,20
21,1000,50,5.13,10.3,18,37,4,944,32,10,14,56,6.927163522,87,140,12.45361155,8.795906433,6.352841946,7.580024801,508,15,5,4,24,436,17,5,10,32,532,468,79,61,56,31
18,1000,50,5.13,10.3,18,37,6,948,30,9,13,52,7.287277714,96,114,12.6280115,9.080247945,6.884812822,7.716351855,491,17,4,4,25,457,13,5,9,27,516,484,67,47,63,33
22,1000,50,5.13,10.3,18,37,4,941,28,13,18,59,7.30343546,103,118,12.58431386,9.188858883,6.581715599,8.025155321,481,13,3,3,19,460,15,10,15,40,500,500,68,50,64,39
16,1000,50,5.13,10.3,18,37,84,957,31,6,6,43,7.912774229,298,346,79.11834537,69.72699274,9.654605974,6.324143747,449,20,6,2,28,508,11,0,4,15,477,523,324,22,286,12
19,1000,50,5.13,10.3,18,37,6,943,39,8,10,57,7.215143758,85,127,12.71536466,9.077900943,6.778458337,7.699735596,500,20,2,4,26,443,19,6,6,31,526,474,72,55,58,27
20,1000,50,5.13,10.3,18,37,5,954,22,12,12,46,7.327213164,90,123,12.89319526,9.030461136,6.789497835,7.837675864,468,11,5,3,19,486,11,7,9,27,487,513,71,52,61,29
17,1000,50,5.13,10.3,18,37,9,951,18,17,14,49,7.256016865,97,154,12.72880921,9.491894207,6.28196526,8.273890834,498,6,5,2,13,453,12,12,12,36,511,489,90,64,66,31
15,1000,50,5.13,10.3,18,37,103,954,32,10,4,46,7.45643386,355,421,304.9331226,313.2824638,9.759788759,5.338762082,441,26,8,4,38,513,6,2,0,8,479,521,400,21,349,6
21,1000,50,5.13,10.3,18,37,5,945,31,10,14,55,6.931163433,106,159,12.49344951,8.834428355,6.369402545,7.569746323,508,15,5,4,24,437,16,5,10,31,532,468,85,74,62,44
18,1000,50,5.13,10.3,18,37,7,949,30,9,12,51,7.312901279,103,133,12.66728521,9.145992045,6.923981558,7.7275347,491,17,4,4,25,458,13,5,8,26,516,484,83,50,62,41
22,1000,50,5.13,10.3,18,37,5,941,28,13,18,59,7.283848476,99,134,12.61838849,9.254292992,6.594624518,7.973072433,481,13,3,3,19,460,15,10,15,40,500,500,82,52,72,27
16,1000,50,5.13,10.3,18,37,85,958,30,6,6,42,7.896136293,287,349,82.53997663,73.06560808,9.688009116,6.261866051,449,20,6,2,28,509,10,0,4,14,477,523,332,17,275,12
19,1000,50,5.13,10.3,18,37,7,945,37,8,10,55,7.266333259,108,130,12.72637151,9.104188403,6.87656883,7.698856655,500,20,2,4,26,445,17,6,6,29,526,474,80,50,76,32
20,1000,50,5.13,10.3,18,37,6,954,22,12,12,46,7.350515276,88,133,12.89042816,9.051478382,6.858023424,7.818046528,468,11,5,3,19,486,11,7,9,27,487,513,81,52,62,26
17,1000,50,5.13,10.3,18,37,10,952,18,16,14,48,7.272559858,96,118,12.71324518,9.499938319,6.303606836,8.285105858,499,6,4,2,12,453,12,12,12,36,511,489,72,46,67,29
15,1000,50,5.13,10.3,18,37,104,954,32,10,4,46,7.433793182,376,432,323.6337688,327.9115254,9.786058631,5.271153739,441,26,8,4,38,513,6,2,0,8,479,521,423,9,363,13
23,1000,50,5.13,10.3,18,37,0,919,40,23,18,81,7.509,107,131,12.44113326,9.537059817,6.428571429,8.606854839,480,12,10,2,24,439,28,13,16,57,504,496,74,57,77,30
18,1000,50,5.13,10.3,18,37,8,951,28,9,12,49,7.319379298,93,133,12.72227931,9.207571462,6.943395162,7.720221889,492,16,4,4,24,459,12,5,8,25,516,484,69,64,56,37
21,1000,50,5.13,10.3,18,37,6,945,31,10,14,55,6.941899549,93,132,12.55330002,8.904095753,6.411781385,7.544512504,508,15,5,4,24,437,16,5,10,31,532,468,76,56,68,25
22,1000,50,5.13,10.3,18,37,6,938,30,14,18,62,7.329150993,92,118,12.65139883,9.293540478,6.637153965,8.02114802,480,13,4,3,20,458,17,10,15,42,500,500,69,49,60,32
19,1000,50,5.13,10.3,18,37,8,945,38,8,9,55,7.265269932,86,130,12.74602041,9.139447889,6.889125294,7.682679383,500,20,2,4,26,445,18,6,5,29,526,474,74,56,59,27
20,1000,50,5.13,10.3,18,37,7,955,22,11,12,45,7.381044455,98,137,12.94931729,9.116153059,6.902106309,7.835708934,469,11,4,3,18,486,11,7,9,27,487,513,76,61,68,30
16,1000,50,5.13,10.3,18,37,86,959,30,6,5,41,7.895441502,296,353,87.4462364,76.74981003,9.738650878,6.214349967,449,20,6,2,28,510,10,0,3,13,477,523,337,16,285,11
17,1000,50,5.13,10.3,18,37,11,952,18,16,14,48,7.323815378,78,115,12.7542585,9.546534894,6.361430641,8.329497587,499,6,4,2,12,453,12,12,12,36,511,489,70,45,56,22
18,1000,50,5.13,10.3,18,37,9,949,29,10,12,51,7.376004167,88,138,12.72003904,9.238751936,7.001579487,7.775184197,492,16,4,4,24,457,13,6,8,27,516,484,83,55,76,12
23,1000,50,5.13,10.3,18,37,1,921,38,24,17,79,7.496906146,113,123,12.47002307,9.606362416,6.468402497,8.541998563,480,12,10,2,24,441,26,14,15,55,504,496,70,53,83,30
21,1000,50,5.13,10.3,18,37,7,946,30,10,14,54,6.997618264,81,138,12.60980387,8.976161396,6.455026575,7.614410525,508,15,5,4,24,438,15,5,10,30,532,468,81,57,61,20
22,1000,50,5.13,10.3,18,37,7,938,31,14,17,62,7.336352507,99,127,12.68406872,9.33867034,6.680936178,7.991768835,479,14,4,3,21,459,17,10,14,41,500,500,68,59,69,30
20,1000,50,5.13,10.3,18,37,8,956,22,10,12,44,7.361406069,121,121,13.00809431,9.193461104,6.896593725,7.802660673,470,11,3,3,17,486,11,7,9,27,487,513,73,48,84,37
19,1000,50,5.13,10.3,18,37,9,944,39,8,9,56,7.283692215,95,123,12.75882753,9.184382155,6.890057126,7.720510901,500,20,2,4,26,444,19,6,5,30,526,474,76,47,63,32
16,1000,50,5.13,10.3,18,37,87,959,30,6,5,41,7.892480545,310,360,93.80857752,82.39419015,9.779442323,6.171484813,449,20,6,2,28,510,10,0,3,13,477,523,338,22,291,19
17,1000,50,5.13,10.3,18,37,12,953,17,16,14,47,7.362843477,112,138,12.80252663,9.618321424,6.427472844,8.340296223,499,6,4,2,12,454,11,12,12,35,511,489,86,52,85,27
18,1000,50,5.13,10.3,18,37,10,951,28,9,12,49,7.366295903,89,139,12.76039525,9.306688444,7.01604225,7.739706823,492,16,4,4,24,459,12,5,8,25,516,484,90,49,66,23
21,1000,50,5.13,10.3,18,37,8,947,29,10,14,53,7.014090767,96,117,12.62161462,9.019691994,6.483736746,7.616971833,508,15,5,4,24,439,14,5,10,29,532,468,67,50,65,31
23,1000,50,5.13,10.3,18,37,2,923,38,23,16,77,7.496800348,87,131,12.46648357,9.626292533,6.4774841,8.532557179,482,11,9,2,22,441,27,14,14,55,504,496,73,58,54,33
22,1000,50,5.13,10.3,18,37,8,940,32,13,15,60,7.305482547,99,118,12.71369848,9.409118693,6.709163739,7.901801354,479,14,4,3,21,461,18,9,12,39,500,500,75,43,69,30
20,1000,50,5.13,10.3,18,37,9,957,22,9,12,43,7.390695023,90,144,13.05962872,9.270220173,6.951404686,7.807721132,470,11,3,3,17,487,11,6,9,26,487,513,87,57,69,21
19,1000,50,5.13,10.3,18,37,10,945,39,7,9,55,7.313026936,101,138,12.81237201,9.243882754,6.929331791,7.738815218,500,20,2,4,26,445,19,5,5,29,526,474,79,59,80,21
17,1000,50,5.13,10.3,18,37,13,953,18,15,14,47,7.387381891,99,135,12.8518711,9.675860341,6.446412251,8.370685543,499,6,4,2,12,454,12,11,12,35,511,489,80,55,72,27
16,1000,50,5.13,10.3,18,37,88,959,29,7,5,41,7.863298289,310,347,98.78905799,85.96283745,9.827155279,6.072170595,449,19,7,2,28,510,10,0,3,13,477,523,336,11,302,8
18,1000,50,5.13,10.3,18,37,11,952,27,9,12,48,7.373277643,95,134,12.78803695,9.314832776,7.060044102,7.707220839,492,16,4,4,24,460,11,5,8,24,516,484,83,51,62,33
21,1000,50,5.13,10.3,18,37,9,945,31,12,12,55,7.042917378,108,135,12.67200287,9.096020275,6.537680244,7.617246771,508,15,5,4,24,437,16,7,8,31,532,468,75,60,67,41
22,1000,50,5.13,10.3,18,37,9,938,33,14,15,62,7.322832358,93,126,12.77361348,9.465114319,6.734737568,7.910927147,478,14,5,3,22,460,19,9,12,40,500,500,82,44,70,23
23,1000,50,5.13,10.3,18,37,3,924,36,25,15,76,7.502909012,105,129,12.51670452,9.699831152,6.487758665,8.534432751,482,11,9,2,22,442,25,16,13,54,504,496,77,52,71,34
20,1000,50,5.13,10.3,18,37,10,956,22,10,12,44,7.475703727,75,140,13.13183428,9.354159794,7.043834555,7.885684792,469,12,3,3,18,487,10,7,9,26,487,513,85,55,51,24
19,1000,50,5.13,10.3,18,37,11,945,39,7,9,55,7.345372284,94,137,12.83227384,9.285527703,6.959438203,7.773645126,500,20,2,4,26,445,19,5,5,29,526,474,73,64,58,36
17,1000,50,5.13,10.3,18,37,14,953,18,15,14,47,7.387500612,100,136,12.91891497,9.743723453,6.450535644,8.366619422,499,6,4,2,12,454,12,11,12,35,511,489,92,44,70,30
16,1000,50,5.13,10.3,18,37,89,961,27,7,5,39,7.821750765,317,379,104.5178836,91.33799762,9.833329742,5.987098429,449,19,7,2,28,512,8,0,3,11,477,523,364,15,302,15
18,1000,50,5.13,10.3,18,37,12,953,26,9,12,47,7.37429378,80,132,12.80714501,9.353613973,7.085226773,7.682472655,492,16,4,4,24,461,10,5,8,23,516,484,76,56,59,21
21,1000,50,5.13,10.3,18,37,10,943,33,11,13,57,7.077759664,95,142,12.68882545,9.165506945,6.571960022,7.652728487,507,16,4,5,25,436,17,7,8,32,532,468,84,58,55,40
22,1000,50,5.13,10.3,18,37,10,939,34,13,14,61,7.317863356,111,149,12.84538605,9.542631609,6.773092981,7.862633731,478,14,5,3,22,461,20,8,11,39,500,500,82,67,83,28
23,1000,50,5.13,10.3,18,37,4,926,37,22,15,74,7.500673885,106,121,12.55576643,9.800235007,6.488249266,8.529427933,483,11,8,2,21,443,26,14,13,53,504,496,72,49,72,34
20,1000,50,5.13,10.3,18,37,11,957,20,11,12,43,7.533726267,107,147,13.21829712,9.453758992,7.133535017,7.913634918,469,11,4,3,18,488,9,7,9,25,487,513,103,44,76,31
19,1000,50,5.13,10.3,18,37,12,943,41,7,9,57,7.345144108,114,122,12.83841757,9.34381852,6.958106292,7.774641769,498,22,2,4,28,445,19,5,5,29,526,474,74,48,80,34
17,1000,50,5.13,10.3,18,37,15,954,16,17,13,46,7.388216983,97,131,12.96945626,9.781169672,6.461650075,8.356469929,500,6,3,2,11,454,10,14,11,35,511,489,81,50,71,26
18,1000,50,5.13,10.3,18,37,13,953,26,9,12,47,7.403723253,103,122,12.86073123,9.421408669,7.142703692,7.682000306,492,16,4,4,24,461,10,5,8,23,516,484,79,43,77,26
21,1000,50,5.13,10.3,18,37,11,944,31,12,13,56,7.087379919,86,144,12.74382229,9.237897468,6.589131453,7.653764929,508,14,5,5,24,436,17,7,8,32,532,468,90,54,61,25
16,1000,50,5.13,10.3,18,37,90,960,28,7,5,40,7.844714893,334,388,110.2912061,97.40788162,9.86908286,5.99839841,448,20,7,2,29,512,8,0,3,11,477,523,365,23,323,11
22,1000,50,5.13,10.3,18,37,11,941,33,13,13,59,7.312732919,93,132,12.89423482,9.56533583,6.793647627,7.831818211,479,13,5,3,21,462,20,8,10,38,500,500,81,51,68,25
20,1000,50,5.13,10.3,18,37,12,958,19,11,12,42,7.534600611,91,139,13.33101553,9.570305886,7.158378817,7.891754634,469,11,4,3,18,489,8,7,9,24,487,513,90,49,71,20
19,1000,50,5.13,10.3,18,37,13,946,37,7,10,54,7.34192363,114,117,12.85986051,9.406319236,7.006988401,7.713602809,499,21,1,5,27,447,16,6,5,27,526,474,75,42,79,35
23,1000,50,5.13,10.3,18,37,5,927,37,20,16,73,7.513807384,89,139,12.62812224,9.876117567,6.578444713,8.464256549,482,12,8,2,22,445,25,12,14,51,504,496,88,51,63,26
17,1000,50,5.13,10.3,18,37,16,954,16,17,13,46,7.443368471,112,136,13.0282475,9.861824341,6.532608049,8.3951038,500,6,3,2,11,454,10,14,11,35,511,489,92,44,82,30
18,1000,50,5.13,10.3,18,37,14,954,25,9,12,46,7.425973122,92,135,12.93059716,9.476720961,7.163010236,7.706321984,492,15,5,4,24,462,10,4,8,22,516,484,82,53,59,33
21,1000,50,5.13,10.3,18,37,12,944,30,13,13,56,7.105338969,106,149,12.81792882,9.304320621,6.612774328,7.665262878,508,14,5,5,24,436,16,8,8,32,532,468,98,51,73,33
16,1000,50,5.13,10.3,18,37,91,959,29,7,5,41,7.834324259,341,375,116.6126444,104.1177703,9.916582139,5.93520952,448,20,7,2,29,511,9,0,3,12,477,523,357,18,322,19
22,1000,50,5.13,10.3,18,37,12,941,33,13,13,59,7.331237076,101,147,12.9481583,9.623832255,6.849541377,7.812932774,478,14,5,3,22,463,19,8,10,37,500,500,92,55,77,24
20,1000,50,5.13,10.3,18,37,13,959,19,10,12,41,7.549022154,97,137,13.40899615,9.639899189,7.210572091,7.870318803,469,11,4,3,18,490,8,6,9,23,487,513,83,54,75,22
19,1000,50,5.13,10.3,18,37,14,947,36,7,10,53,7.361359195,100,132,12.91850783,9.473596734,7.02498261,7.734637854,499,21,1,5,27,448,15,6,5,26,526,474,77,55,70,30
23,1000,50,5.13,10.3,18,37,6,928,37,19,16,72,7.544050901,99,138,12.63849438,9.938382599,6.610180752,8.492983472,482,12,8,2,22,446,25,11,14,50,504,496,79,59,75,24
17,1000,50,5.13,10.3,18,37,17,952,17,18,13,48,7.500232256,120,136,13.08213589,9.908906076,6.591416407,8.449935527,500,6,3,2,11,452,11,15,11,37,511,489,94,42,94,26
18,1000,50,5.13,10.3,18,37,15,953,26,9,12,47,7.435582667,103,133,13.0177149,9.554728949,7.173216337,7.715295532,493,14,5,4,23,460,12,4,8,24,516,484,87,46,74,29
21,1000,50,5.13,10.3,18,37,13,946,28,13,13,54,7.105103194,98,126,12.85122713,9.366295679,6.610526321,7.667314511,509,13,5,5,23,437,15,8,8,31,532,468,78,48,67,31
22,1000,50,5.13,10.3,18,37,13,942,30,15,13,58,7.358473854,111,160,13.02897377,9.678831412,6.893712241,7.823235467,478,13,6,3,22,464,17,9,10,36,500,500,91,69,78,33
16,1000,50,5.13,10.3,18,37,92,960,28,7,5,40,7.841080478,331,369,124.111524,111.7944835,9.942352511,5.924623959,448,20,7,2,29,512,8,0,3,11,477,523,353,16,318,13
20,1000,50,5.13,10.3,18,37,14,959,19,9,13,41,7.611601163,112,140,13.45928436,9.693826301,7.291466479,7.915510697,469,11,4,3,18,490,8,5,10,23,487,513,93,47,85,27
19,1000,50,5.13,10.3,18,37,15,947,35,8,10,53,7.395102545,109,145,13.03233628,9.615673542,7.056398087,7.770964455,499,21,1,5,27,448,14,7,5,26,526,474,82,63,76,33
23,1000,50,5.13,10.3,18,37,7,931,35,18,16,69,7.571392151,103,146,12.64456392,9.960481255,6.68011429,8.477045462,482,12,8,2,22,449,23,10,14,47,504,496,86,60,66,37
17,1000,50,5.13,10.3,18,37,18,952,19,17,12,48,7.528731033,100,133,13.15365804,9.996686137,6.654169861,8.442638516,498,8,3,2,13,454,11,14,10,35,511,489,78,55,74,26
18,1000,50,5.13,10.3,18,37,16,953,26,9,12,47,7.44943735,105,129,13.04845534,9.577983871,7.168449453,7.74900296,493,14,5,4,23,460,12,4,8,24,516,484,83,46,77,28
21,1000,50,5.13,10.3,18,37,14,946,28,13,13,54,7.133620657,84,121,12.92431104,9.439510342,6.663326812,7.668228191,509,13,5,5,23,437,15,8,8,31,532,468,72,49,49,35
22,1000,50,5.13,10.3,18,37,14,943,29,16,12,57,7.395549985,99,144,13.06961464,9.734828497,6.932451271,7.858648698,478,13,6,3,22,465,16,10,9,35,500,500,85,59,75,24
20,1000,50,5.13,10.3,18,37,15,961,18,9,12,39,7.616570763,115,150,13.55206852,9.767679308,7.328994476,7.889572033,469,11,4,3,18,492,7,5,9,21,487,513,99,51,90,25
16,1000,50,5.13,10.3,18,37,93,959,28,8,5,41,7.826859311,345,373,133.037059,121.2238924,9.988831846,5.855041149,447,21,7,2,30,512,7,1,3,11,477,523,355,18,331,14
19,1000,50,5.13,10.3,18,37,16,947,35,8,10,53,7.386113009,112,118,13.11995034,9.724908087,7.051447156,7.75749326,499,21,1,5,27,448,14,7,5,26,526,474,67,51,88,24
17,1000,50,5.13,10.3,18,37,19,955,19,15,11,45,7.527487216,112,123,13.21093809,10.06234066,6.719185737,8.372153997,498,8,3,2,13,457,11,12,9,32,511,489,79,44,93,19
23,1000,50,5.13,10.3,18,37,8,931,35,18,16,69,7.576644169,113,137,12.67896056,10.03187315,6.719118662,8.448000732,482,12,8,2,22,449,23,10,14,47,504,496,81,56,83,30
18,1000,50,5.13,10.3,18,37,17,956,24,7,13,44,7.465551484,103,135,13.10016741,9.654106797,7.193641454,7.755439037,494,13,4,5,22,462,11,3,8,22,516,484,85,50,67,36
21,1000,50,5.13,10.3,18,37,15,947,27,13,13,53,7.141862219,103,121,12.979057,9.511186447,6.667092508,7.681557701,509,13,5,5,23,438,14,8,8,30,532,468,71,50,74,29
22,1000,50,5.13,10.3,18,37,15,944,28,16,12,56,7.423127601,103,146,13.15698798,9.796146037,6.972844469,7.873410733,479,12,6,3,21,465,16,10,9,35,500,500,97,49,82,21
20,1000,50,5.13,10.3,18,37,16,961,18,9,12,39,7.643694337,104,140,13.66706526,9.837305961,7.420053002,7.856001024,469,11,4,3,18,492,7,5,9,21,487,513,98,42,76,28
19,1000,50,5.13,10.3,18,37,17,948,34,8,10,52,7.421208983,108,154,13.17573153,9.81246403,7.106526114,7.770414023,499,21,1,5,27,449,13,7,5,25,526,474,94,60,85,23
16,1000,50,5.13,10.3,18,37,94,959,27,9,5,41,7.832097894,340,381,142.9227437,130.8258437,10.02684287,5.83038976,447,20,8,2,30,512,7,1,3,11,477,523,371,10,332,8
17,1000,50,5.13,10.3,18,37,20,957,18,14,11,43,7.531169427,96,139,13.32199291,10.16351562,6.778868654,8.317316042,498,8,3,2,13,459,10,11,9,30,511,489,99,40,71,25
23,1000,50,5.13,10.3,18,37,9,931,36,17,16,69,7.596094735,106,141,12.70490941,10.09042388,6.765830463,8.439750365,482,12,8,2,22,449,24,9,14,47,504,496,77,64,67,39
18,1000,50,5.13,10.3,18,37,18,956,25,7,12,44,7.430431839,105,132,13.13549189,9.690797864,7.172438981,7.705482076,494,14,4,4,22,462,11,3,8,22,516,484,79,53,76,29
21,1000,50,5.13,10.3,18,37,16,949,26,12,13,51,7.086263369,103,138,13.06347127,9.618916051,6.6295661,7.605414966,510,13,4,5,22,439,13,8,8,29,532,468,90,48,65,38
22,1000,50,5.13,10.3,18,37,16,943,29,16,12,57,7.468846394,108,141,13.228866,9.863127487,7.000260593,7.937432195,479,12,6,3,21,464,17,10,9,36,500,500,94,47,78,30
20,1000,50,5.13,10.3,18,37,17,962,19,7,12,38,7.610679158,106,133,13.7547576,9.923143363,7.383685708,7.826168067,470,11,3,3,17,492,8,4,9,21,487,513,94,39,81,25
19,1000,50,5.13,10.3,18,37,18,949,32,9,10,51,7.466087927,108,129,13.26963046,9.888993932,7.170600818,7.793991343,499,20,2,5,27,450,12,7,5,24,526,474,80,49,84,24
17,1000,50,5.13,10.3,18,37,21,955,20,13,12,45,7.566782147,107,158,13.38967576,10.25674897,6.868043466,8.296956924,497,9,2,3,14,458,11,11,9,31,511,489,108,50,84,23
16,1000,50,5.13,10.3,18,37,95,960,27,9,4,40,7.783378242,345,383,155.3682212,145.8746908,10.02143971,5.742163478,447,20,8,2,30,513,7,1,2,10,477,523,369,14,332,13
23,1000,50,5.13,10.3,18,37,10,930,36,18,16,70,7.63222545,114,135,12.7190809,10.15328172,6.826901135,8.450538867,482,12,8,2,22,448,24,10,14,48,504,496,75,60,86,28
18,1000,50,5.13,10.3,18,37,19,955,25,8,12,45,7.443703153,92,133,13.17303148,9.763494573,7.187167731,7.717199595,493,15,4,4,23,462,10,4,8,22,516,484,91,42,71,21
21,1000,50,5.13,10.3,18,37,17,948,28,12,12,52,7.098759403,84,119,13.14147852,9.685109287,6.637070278,7.623585502,510,13,4,5,22,438,15,8,7,30,532,468,78,41,62,22
22,1000,50,5.13,10.3,18,37,17,942,30,16,12,58,7.503716837,112,141,13.30767455,9.955115514,7.066289021,7.941144653,478,13,6,3,22,464,17,10,9,36,500,500,94,47,80,32
20,1000,50,5.13,10.3,18,37,18,962,19,7,12,38,7.626934022,109,144,13.84302049,10.00367031,7.402748707,7.839757119,470,11,3,3,17,492,8,4,9,21,487,513,102,42,84,25
19,1000,50,5.13,10.3,18,37,19,950,32,9,9,50,7.481589812,93,141,13.38104493,9.971990487,7.239857702,7.749841057,499,20,2,5,27,451,12,7,4,23,526,474,95,46,72,21
17,1000,50,5.13,10.3,18,37,22,954,21,13,12,46,7.557277458,126,130,13.52591201,10.38857047,6.891657529,8.252843477,496,10,2,3,15,458,11,11,9,31,511,489,81,49,97,29
23,1000,50,5.13,10.3,18,37,11,930,36,18,16,70,7.670959358,105,140,12.77138975,10.22380651,6.901510953,8.452818222,481,13,8,2,23,449,23,10,14,47,504,496,82,58,72,33
16,1000,50,5.13,10.3,18,37,96,960,27,9,4,40,7.752717731,329,393,167.7469497,162.9655689,10.07266111,5.636822907,447,20,8,2,30,513,7,1,2,10,477,523,377,16,323,6
21,1000,50,5.13,10.3,18,37,18,948,27,13,12,52,7.106868284,93,141,13.19950359,9.768929088,6.634623776,7.643693237,510,13,4,5,22,438,14,9,7,30,532,468,79,62,63,30
18,1000,50,5.13,10.3,18,37,20,956,23,9,12,44,7.436661599,105,139,13.23533355,9.847165371,7.206026469,7.682545332,494,14,4,4,22,462,9,5,8,22,516,484,88,51,79,26
22,1000,50,5.13,10.3,18,37,18,945,29,15,11,55,7.47530106,113,144,13.41893642,10.09220409,7.094550571,7.85605155,478,13,6,3,22,467,16,9,8,33,500,500,102,42,91,22
20,1000,50,5.13,10.3,18,37,19,960,20,9,11,40,7.63446373,107,139,13.91388367,10.08618953,7.426142265,7.832226993,469,11,4,3,18,491,9,5,8,22,487,513,91,48,79,28
19,1000,50,5.13,10.3,18,37,20,950,32,9,9,50,7.518846103,110,144,13.43565424,10.04944008,7.296228466,7.765885927,499,20,2,5,27,451,12,7,4,23,526,474,93,51,87,23
17,1000,50,5.13,10.3,18,37,23,953,23,13,11,47,7.573188615,114,143,13.67222692,10.53479997,6.932530992,8.24266928,496,10,2,3,15,457,13,11,8,32,511,489,94,49,82,32
23,1000,50,5.13,10.3,18,37,12,931,35,18,16,69,7.697005255,105,142,12.85040101,10.3098017,6.941427557,8.464769689,481,13,8,2,23,450,22,10,14,46,504,496,94,48,76,29
21,1000,50,5.13,10.3,18,37,19,949,26,13,12,51,7.114779082,100,143,13.27771428,9.826050984,6.652768918,7.639970124,511,12,4,5,21,438,14,9,7,30,532,468,94,49,73,27
16,1000,50,5.13,10.3,18,37,97,957,28,11,4,43,7.76375398,353,400,181.3947243,177.0916467,10.13750824,5.598781164,444,21,10,2,33,513,7,1,2,10,477,523,382,18,344,9
18,1000,50,5.13,10.3,18,37,21,956,23,9,12,44,7.478148596,99,129,13.31040487,9.925917409,7.273963154,7.695833903,494,14,4,4,22,462,9,5,8,22,516,484,91,38,79,20
22,1000,50,5.13,10.3,18,37,19,943,30,16,11,57,7.487628999,124,134,13.5017326,10.20442309,7.102804032,7.872453965,478,12,7,3,22,465,18,9,8,35,500,500,95,39,91,33
20,1000,50,5.13,10.3,18,37,20,960,20,9,11,40,7.624046775,107,139,13.95136453,10.14584963,7.484127839,7.756874302,468,12,4,3,19,492,8,5,8,21,487,513,96,43,86,21
19,1000,50,5.13,10.3,18,37,21,948,33,10,9,52,7.581294137,112,124,13.50064968,10.13599054,7.360638324,7.826156918,498,20,3,5,28,450,13,7,4,24,526,474,80,44,90,22
17,1000,50,5.13,10.3,18,37,24,952,25,12,11,48,7.580000819,115,144,13.75106079,10.6407704,6.942585417,8.246093397,496,10,2,3,15,456,15,10,8,33,511,489,99,45,89,26
23,1000,50,5.13,10.3,18,37,13,931,36,17,16,69,7.717362689,111,128,12.91662864,10.37629772,6.994497764,8.451886725,480,14,8,2,24,451,22,9,14,45,504,496,81,47,83,28
21,1000,50,5.13,10.3,18,37,20,949,27,13,11,51,7.128519126,95,156,13.3570872,9.924547195,6.702932915,7.612305162,511,12,4,5,21,438,15,9,6,30,532,468,84,72,68,27
18,1000,50,5.13,10.3,18,37,22,958,22,8,12,42,7.519852629,103,145,13.36436634,9.986739061,7.352403108,7.698373192,494,14,4,4,22,464,8,4,8,20,516,484,86,59,80,23
16,1000,50,5.13,10.3,18,37,98,955,30,10,5,45,7.770227599,363,405,194.3826905,186.9738336,10.19443615,5.559238159,442,23,9,3,35,513,7,1,2,10,477,523,385,20,349,14
22,1000,50,5.13,10.3,18,37,20,942,31,16,11,58,7.531019189,107,149,13.65243549,10.33231486,7.187104403,7.874933975,477,13,7,3,23,465,18,9,8,35,500,500,96,53,84,23
20,1000,50,5.13,10.3,18,37,21,959,22,9,10,41,7.669384053,117,138,14.05204039,10.24374736,7.55663396,7.776419717,468,12,4,3,19,491,10,5,7,22,487,513,99,39,87,30
19,1000,50,5.13,10.3,18,37,22,948,33,10,9,52,7.618604062,102,138,13.61809546,10.24427097,7.402823215,7.85805707,498,20,3,5,28,450,13,7,4,24,526,474,94,44,83,19
17,1000,50,5.13,10.3,18,37,25,950,27,12,11,50,7.638750214,117,141,13.8278607,10.74632521,7.011322018,8.294406264,495,11,2,3,16,455,16,10,8,34,511,489,98,43,92,25
23,1000,50,5.13,10.3,18,37,14,932,34,18,16,68,7.729918567,105,155,12.99041039,10.44668475,7.018727137,8.452580827,481,14,7,2,23,451,20,11,14,45,504,496,90,65,73,32
21,1000,50,5.13,10.3,18,37,21,950,27,12,11,50,7.154984154,110,126,13.42931894,10.01753088,6.741546653,7.624960118,510,13,4,5,22,440,14,8,6,28,532,468,85,41,85,25
18,1000,50,5.13,10.3,18,37,23,957,22,9,12,43,7.554985255,109,142,13.40727337,10.04598363,7.411823398,7.70761236,494,13,5,4,22,463,9,4,8,21,516,484,92,50,79,30
22,1000,50,5.13,10.3,18,37,21,943,31,16,10,57,7.568312693,110,126,13.73222084,10.41708977,7.220015066,7.91661032,477,13,7,3,23,466,18,9,7,34,500,500,87,39,93,17
20,1000,50,5.13,10.3,18,37,22,959,22,9,10,41,7.713978358,97,121,14.08439965,10.2958097,7.595900779,7.826071498,468,12,4,3,19,491,10,5,7,22,487,513,87,34,70,27
16,1000,50,5.13,10.3,18,37,99,954,31,10,5,46,7.79008084,358,399,206.9828825,196.2271861,10.25898454,5.538327373,442,23,9,3,35,512,8,1,2,11,477,523,387,12,347,11
19,1000,50,5.13,10.3,18,37,23,949,33,9,9,51,7.635812585,110,163,13.65857035,10.31925824,7.448548411,7.843620508,498,20,3,5,28,451,13,6,4,23,526,474,108,55,82,28
17,1000,50,5.13,10.3,18,37,26,949,28,12,11,51,7.65716413,99,131,13.9637609,10.87631103,7.032788777,8.309629989,495,11,2,3,16,454,17,10,8,35,511,489,89,42,83,16
23,1000,50,5.13,10.3,18,37,15,934,32,18,16,66,7.742636748,100,136,13.01674505,10.48430969,7.049583546,8.446868228,481,14,7,2,23,453,18,11,14,43,504,496,98,38,75,25
21,1000,50,5.13,10.3,18,37,22,951,25,12,12,49,7.149590861,94,137,13.48065188,10.04010276,6.767035479,7.584461509,510,12,4,6,22,441,13,8,6,27,532,468,85,52,66,28
18,1000,50,5.13,10.3,18,37,24,955,24,9,12,45,7.6058024,101,150,13.4512454,10.12710996,7.474520463,7.745764133,492,15,5,4,24,463,9,4,8,21,516,484,102,48,80,21
22,1000,50,5.13,10.3,18,37,22,943,31,16,10,57,7.612453617,108,138,13.83979504,10.51500398,7.307981403,7.916925831,477,13,7,3,23,466,18,9,7,34,500,500,93,45,87,21
20,1000,50,5.13,10.3,18,37,23,959,22,9,10,41,7.724244686,112,161,14.15932803,10.34970464,7.624863549,7.818588962,468,12,4,3,19,491,10,5,7,22,487,513,107,54,89,23
16,1000,50,5.13,10.3,18,37,100,954,31,10,5,46,7.782917964,380,415,221.5247462,209.2868629,10.32198131,5.467175681,442,23,9,3,35,512,8,1,2,11,477,523,395,20,370,10
17,1000,50,5.13,10.3,18,37,27,952,28,10,10,48,7.643706924,117,145,14.0978602,11.00538564,7.102257364,8.209516178,494,12,2,3,17,458,16,8,7,31,511,489,100,45,86,31
19,1000,50,5.13,10.3,18,37,24,950,33,7,10,50,7.661426349,126,144,13.74933975,10.40097211,7.50698599,7.832809533,498,20,3,5,28,452,13,4,5,22,526,474,98,46,95,31
23,1000,50,5.13,10.3,18,37,16,935,31,18,16,65,7.778532687,100,122,13.084598,10.56258207,7.078807251,8.489544018,482,13,7,2,22,453,18,11,14,43,504,496,76,46,76,24
21,1000,50,5.13,10.3,18,37,23,949,27,12,12,51,7.185474911,108,143,13.60546334,10.20169202,6.82351415,7.59693458,508,14,4,6,24,441,13,8,6,27,532,468,97,46,71,37
18,1000,50,5.13,10.3,18,37,25,955,24,9,12,45,7.636276171,94,138,13.53125762,10.21173932,7.513001628,7.767701096,492,15,5,4,24,463,9,4,8,21,516,484,100,38,72,22
22,1000,50,5.13,10.3,18,37,23,943,31,16,10,57,7.61307953,111,148,13.94464619,10.63995014,7.322813562,7.903345498,477,13,7,3,23,466,18,9,7,34,500,500,98,50,79,32
20,1000,50,5.13,10.3,18,37,24,958,22,10,10,42,7.774773259,106,134,14.2634884,10.43962849,7.663830716,7.880092982,467,13,4,3,20,491,9,6,7,22,487,513,97,37,85,21
17,1000,50,5.13,10.3,18,37,28,950,30,10,10,50,7.65464961,117,142,14.21758926,11.1588428,7.150332895,8.181655421,493,13,2,3,18,457,17,8,7,32,511,489,103,39,96,21
19,1000,50,5.13,10.3,18,37,25,952,31,7,10,48,7.646579278,107,138,13.8622157,10.53371855,7.516583957,7.79083569,499,19,3,5,27,453,12,4,5,21,526,474,85,53,78,29
16,1000,50,5.13,10.3,18,37,101,955,31,10,4,45,7.780328784,385,410,233.3110284,217.9038379,10.36844013,5.419852473,442,23,9,3,35,513,8,1,1,10,477,523,398,12,371,14
23,1000,50,5.13,10.3,18,37,17,937,32,16,15,63,7.768305651,117,126,13.13063143,10.62264677,7.126786114,8.420172277,482,13,6,3,22,455,19,10,12,41,504,496,78,48,94,23
21,1000,50,5.13,10.3,18,37,24,951,25,12,12,49,7.185339225,102,140,13.6471197,10.24375131,6.870306438,7.543453418,508,14,4,6,24,443,11,8,6,25,532,468,107,33,76,26
18,1000,50,5.13,10.3,18,37,26,955,24,9,12,45,7.683933572,107,129,13.62367358,10.32245581,7.584819798,7.789600324,492,15,5,4,24,463,9,4,8,21,516,484,84,45,84,23
22,1000,50,5.13,10.3,18,37,24,943,31,16,10,57,7.639532517,137,146,14.05186108,10.72165383,7.368021123,7.911043911,477,13,7,3,23,466,18,9,7,34,500,500,104,42,95,42
20,1000,50,5.13,10.3,18,37,25,959,21,10,10,41,7.77000632,104,151,14.33790776,10.51251641,7.686136509,7.849625419,467,13,4,3,20,492,8,6,7,21,487,513,106,45,89,15
17,1000,50,5.13,10.3,18,37,29,951,30,9,10,49,7.656144005,115,138,14.3902968,11.28031891,7.167754549,8.166505992,493,13,2,3,18,458,17,7,7,31,511,489,97,41,93,22
19,1000,50,5.13,10.3,18,37,26,952,31,7,10,48,7.692611103,116,155,13.99199527,10.67659653,7.578137928,7.819642516,499,19,3,5,27,453,12,4,5,21,526,474,108,47,86,30
16,1000,50,5.13,10.3,18,37,102,955,31,9,5,45,7.787368059,379,424,246.0515393,227.8492572,10.45435311,5.354955311,442,23,8,4,35,513,8,1,1,10,477,523,408,16,370,9
23,1000,50,5.13,10.3,18,37,18,939,31,16,14,61,7.768379984,108,133,13.17386063,10.68108259,7.219072177,8.326547594,482,12,7,3,22,457,19,9,11,39,504,496,82,51,82,26
21,1000,50,5.13,10.3,18,37,25,951,23,14,12,49,7.1769069,103,160,13.75585438,10.34456375,6.868123288,7.52791733,508,13,5,6,24,443,10,9,6,25,532,468,97,63,82,21
18,1000,50,5.13,10.3,18,37,27,959,21,8,12,41,7.680641279,134,136,13.76972312,10.47595567,7.586461632,7.781047679,494,13,5,4,22,465,8,3,8,19,516,484,85,51,107,27
20,1000,50,5.13,10.3,18,37,26,960,21,10,9,40,7.756665566,112,137,14.43848504,10.61365475,7.70783639,7.803019968,467,13,4,3,20,493,8,6,6,20,487,513,94,43,89,23
22,1000,50,5.13,10.3,18,37,25,943,30,17,10,57,7.662063468,112,155,14.10623587,10.81550445,7.396917425,7.927209511,477,12,8,3,23,466,18,9,7,34,500,500,109,46,93,19
17,1000,50,5.13,10.3,18,37,30,950,31,9,10,50,7.662097202,113,135,14.47410262,11.37266856,7.17370416,8.172462937,492,14,2,3,19,458,17,7,7,31,511,489,103,32,92,21
19,1000,50,5.13,10.3,18,37,27,952,31,7,10,48,7.72951513,133,145,14.02577007,10.71184166,7.627759583,7.842433733,499,19,3,5,27,453,12,4,5,21,526,474,94,51,90,43
16,1000,50,5.13,10.3,18,37,103,956,30,9,5,44,7.779139438,365,422,258.7229222,237.24733,10.47546846,5.319963636,442,23,8,4,35,514,7,1,1,9,477,523,406,16,359,6
21,1000,50,5.13,10.3,18,37,26,951,22,15,12,49,7.159146878,128,126,13.93059618,10.47632997,6.881880809,7.474329673,508,13,5,6,24,443,9,10,6,25,532,468,91,35,105,23
23,1000,50,5.13,10.3,18,37,19,940,30,16,14,60,7.790483142,123,147,13.21452127,10.76271918,7.249675573,8.340013415,482,12,7,3,22,458,18,9,11,38,504,496,85,62,102,21
18,1000,50,5.13,10.3,18,37,28,961,20,7,12,39,7.646137003,115,146,13.85502747,10.58603542,7.651629862,7.64028098,495,12,5,4,21,466,8,2,8,18,516,484,101,45,93,22
20,1000,50,5.13,10.3,18,37,27,962,21,8,9,38,7.761192039,114,154,14.59488824,10.75128984,7.749399065,7.772387318,467,13,4,3,20,495,8,4,6,18,487,513,106,48,88,26
22,1000,50,5.13,10.3,18,37,26,941,31,18,10,59,7.710251252,107,126,14.22237654,10.94332741,7.461314163,7.959188342,476,12,9,3,24,465,19,9,7,35,500,500,89,37,85,22
17,1000,50,5.13,10.3,18,37,31,950,31,9,10,50,7.651166462,121,156,14.57758267,11.49154339,7.184311465,8.139025159,492,14,2,3,19,458,17,7,7,31,511,489,113,43,99,22
19,1000,50,5.13,10.3,18,37,28,953,30,7,10,47,7.7344793,115,162,14.12974024,10.82336571,7.632659668,7.847469018,500,18,3,5,26,453,12,4,5,21,526,474,113,49,87,28
21,1000,50,5.13,10.3,18,37,27,950,24,15,11,50,7.175180233,110,125,14.0318462,10.59157595,6.910286834,7.476298371,507,14,5,6,25,443,10,10,5,25,532,468,88,37,77,33
16,1000,50,5.13,10.3,18,37,104,956,29,10,5,44,7.762901324,373,418,268.9200774,245.8799734,10.50915624,5.25819082,442,22,9,4,35,514,7,1,1,9,477,523,408,10,369,4
23,1000,50,5.13,10.3,18,37,20,940,29,18,13,60,7.845625812,107,150,13.29402011,10.85786816,7.340759141,8.358635495,482,12,7,3,22,458,17,11,10,38,504,496,96,54,82,25
18,1000,50,5.13,10.3,18,37,29,962,20,7,11,38,7.671432913,103,128,13.97371605,10.70571615,7.696915641,7.644265377,495,12,5,4,21,467,8,2,7,17,516,484,97,31,80,23
24,1000,50,5.13,10.3,18,37,0,952,25,18,5,48,6.985,94,142,12.54858167,8.866574466,6.702258727,7.253411306,469,6,9,3,18,483,19,9,2,30,487,513,81,61,58,36
20,1000,50,5.13,10.3,18,37,28,962,22,8,8,38,7.791197348,116,147,14.80504774,10.93615581,7.853019394,7.732508582,467,13,4,3,20,495,9,4,5,18,487,513,108,39,97,19
22,1000,50,5.13,10.3,18,37,27,944,30,17,9,56,7.657755399,116,137,14.34440799,11.08230799,7.469666027,7.845844771,476,12,9,3,24,468,18,8,6,32,500,500,95,42,90,26
17,1000,50,5.13,10.3,18,37,32,947,34,9,10,53,7.690547477,115,134,14.70596219,11.61572412,7.231819627,8.16991339,491,15,2,3,20,456,19,7,7,33,511,489,98,36,91,24
19,1000,50,5.13,10.3,18,37,29,952,31,7,10,48,7.770368917,117,154,14.20835668,10.93682256,7.632411212,7.923461221,499,19,3,5,27,453,12,4,5,21,526,474,106,48,82,35
21,1000,50,5.13,10.3,18,37,28,951,24,14,11,49,7.170432717,107,132,14.15983497,10.75272599,6.921646589,7.453240879,507,14,5,6,25,444,10,9,5,24,532,468,95,37,85,22
18,1000,50,5.13,10.3,18,37,30,962,19,8,11,38,7.672750761,127,148,14.09551632,10.85236759,7.734876432,7.606517607,495,11,6,4,21,467,8,2,7,17,516,484,101,47,95,32
23,1000,50,5.13,10.3,18,37,21,942,29,16,13,58,7.846779081,127,138,13.36265794,10.96069123,7.359301569,8.342119133,482,12,7,3,22,460,17,9,10,36,504,496,80,58,100,27
20,1000,50,5.13,10.3,18,37,29,961,23,8,8,39,7.795936566,113,138,14.95251101,11.08614914,7.877266439,7.718728675,466,14,4,3,21,495,9,4,5,18,487,513,101,37,86,27
24,1000,50,5.13,10.3,18,37,1,952,24,19,5,48,7.04373441,97,122,12.56634757,8.881134011,6.754279578,7.318519017,468,7,9,3,19,484,17,10,2,29,487,513,71,51,65,32
22,1000,50,5.13,10.3,18,37,28,945,29,16,10,55,7.651591672,129,158,14.46573851,11.22479093,7.495548197,7.807635146,476,12,9,3,24,469,17,7,7,31,500,500,120,38,102,27
17,1000,50,5.13,10.3,18,37,33,951,32,8,9,49,7.688730204,126,151,14.86596732,11.76300313,7.259388339,8.137388062,493,13,2,3,18,458,19,6,6,31,511,489,105,46,111,15
19,1000,50,5.13,10.3,18,37,30,951,32,7,10,49,7.80416194,108,151,14.33714509,11.07372257,7.694536521,7.925813776,497,21,3,5,29,454,11,4,5,20,526,474,101,50,85,23
21,1000,50,5.13,10.3,18,37,29,953,24,14,9,47,7.182037912,97,148,14.24163783,10.84460595,6.96474932,7.429041184,508,13,5,6,24,445,11,9,3,23,532,468,100,48,77,20
18,1000,50,5.13,10.3,18,37,31,965,18,7,10,35,7.661320768,105,127,14.27866274,11.00025197,7.705078592,7.614669865,498,10,5,3,18,467,8,2,7,17,516,484,81,46,83,22
23,1000,50,5.13,10.3,18,37,22,944,29,15,12,56,7.813592688,144,139,13.46248562,11.0669784,7.356363714,8.278196322,483,11,7,3,21,461,18,8,9,35,504,496,100,39,112,32
20,1000,50,5.13,10.3,18,37,30,962,23,7,8,38,7.785413119,134,166,15.06018468,11.21260094,7.896134786,7.680303077,466,14,4,3,21,496,9,3,5,17,487,513,125,41,109,25
22,1000,50,5.13,10.3,18,37,29,946,28,16,10,54,7.650292379,127,162,14.61517376,11.35074168,7.50964759,7.790937168,476,12,9,3,24,470,16,7,7,30,500,500,120,42,98,29
24,1000,50,5.13,10.3,18,37,2,953,24,18,5,47,7.067262616,92,145,12.58497942,8.923711645,6.778245181,7.341631993,468,7,9,3,19,485,17,9,2,28,487,513,88,57,69,23
17,1000,50,5.13,10.3,18,37,34,953,30,8,9,47,7.710250106,119,149,15.08214523,11.94686313,7.284150769,8.155519557,494,12,2,3,17,459,18,6,6,30,511,489,106,43,91,28
19,1000,50,5.13,10.3,18,37,31,952,31,8,9,48,7.802503269,123,159,14.48807615,11.24224559,7.647906679,7.974059823,498,20,4,4,28,454,11,4,5,20,526,474,116,43,97,26
21,1000,50,5.13,10.3,18,37,30,952,25,14,9,48,7.192649648,100,138,14.38302035,10.99420608,6.972533138,7.442867561,508,13,5,6,24,444,12,9,3,24,532,468,93,45,82,18
18,1000,50,5.13,10.3,18,37,32,965,18,7,10,35,7.663938034,97,137,14.35871708,11.10140978,7.715519851,7.608945848,498,10,5,3,18,467,8,2,7,17,516,484,98,39,78,19
23,1000,50,5.13,10.3,18,37,23,944,28,17,11,56,7.826981629,113,137,13.54163655,11.16879085,7.373064882,8.288219614,484,9,8,3,20,460,19,9,8,36,504,496,86,51,83,30
20,1000,50,5.13,10.3,18,37,31,961,24,7,8,39,7.833826613,113,142,15.23686956,11.36341546,7.991330294,7.684305575,466,14,4,3,21,495,10,3,5,18,487,513,103,39,89,24
22,1000,50,5.13,10.3,18,37,30,947,27,16,10,53,7.662362707,127,155,14.74929504,11.46761912,7.570505507,7.754219908,476,12,9,3,24,471,15,7,7,29,500,500,109,46,103,24
17,1000,50,5.13,10.3,18,37,35,952,30,9,9,48,7.728985509,116,160,15.19386988,12.07620024,7.326570016,8.149505585,493,13,2,3,18,459,17,7,6,30,511,489,123,37,97,19
24,1000,50,5.13,10.3,18,37,3,953,25,18,4,47,7.093311374,90,130,12.66090429,8.990296072,6.810749059,7.361552791,468,8,9,2,19,485,17,9,2,28,487,513,75,55,62,28
19,1000,50,5.13,10.3,18,37,32,954,30,8,8,46,7.817944569,131,174,14.66117153,11.40368957,7.685004588,7.965468683,499,19,4,4,27,455,11,4,4,19,526,474,118,56,97,34
21,1000,50,5.13,10.3,18,37,31,951,26,14,9,49,7.211499922,105,142,14.48891367,11.07293842,7.0045493,7.446751483,507,14,5,6,25,444,12,9,3,24,532,468,102,40,85,20
18,1000,50,5.13,10.3,18,37,33,966,18,7,9,34,7.664133802,124,150,14.53114056,11.29979226,7.742845854,7.580217648,497,11,5,3,19,469,7,2,6,15,516,484,96,54,100,24
20,1000,50,5.13,10.3,18,37,32,960,25,7,8,40,7.826736129,121,150,15.3817913,11.50318312,8.005449432,7.65708042,465,15,4,3,22,495,10,3,5,18,487,513,109,41,94,27
23,1000,50,5.13,10.3,18,37,24,945,27,17,11,55,7.815683641,124,136,13.62449682,11.29571739,7.391503502,8.246705394,484,9,8,3,20,461,18,9,8,35,504,496,95,41,104,20
22,1000,50,5.13,10.3,18,37,31,946,26,18,10,54,7.717052956,116,147,14.88877502,11.59854554,7.623760167,7.810345745,476,10,11,3,24,470,16,7,7,30,500,500,114,33,99,17
17,1000,50,5.13,10.3,18,37,36,953,30,9,8,47,7.701202668,136,146,15.34732339,12.23588608,7.34705123,8.071287299,493,13,2,3,18,460,17,7,5,29,511,489,107,39,111,25
19,1000,50,5.13,10.3,18,37,33,953,31,7,9,47,7.875863431,133,150,14.86383088,11.65769989,7.700116232,8.070890914,499,19,4,4,27,454,12,3,5,20,526,474,105,45,102,31
24,1000,50,5.13,10.3,18,37,4,953,24,19,4,47,7.143939771,92,111,12.6798529,9.024147781,6.870483075,7.403537063,468,7,10,2,19,485,17,9,2,28,487,513,76,35,71,21
21,1000,50,5.13,10.3,18,37,32,949,28,13,10,51,7.284125883,121,136,14.58587319,11.16438841,7.068729634,7.52897803,505,16,5,6,27,444,12,8,4,24,532,468,96,40,103,18
18,1000,50,5.13,10.3,18,37,34,967,18,6,9,33,7.674859974,111,158,14.70130368,11.44895099,7.767057381,7.576566872,497,11,5,3,19,470,7,1,6,14,516,484,101,57,87,24
20,1000,50,5.13,10.3,18,37,33,961,25,6,8,39,7.816406342,135,147,15.55015408,11.67316162,8.023073317,7.620213717,465,15,4,3,22,496,10,2,5,17,487,513,103,44,106,29
23,1000,50,5.13,10.3,18,37,25,947,25,17,11,53,7.822129902,129,141,13.73867841,11.42257519,7.418470367,8.232300075,484,9,8,3,20,463,16,9,8,33,504,496,98,43,103,26
22,1000,50,5.13,10.3,18,37,32,949,24,17,10,51,7.728094128,110,140,15.04666487,11.74262365,7.67751183,7.778676425,476,10,11,3,24,473,14,6,7,27,500,500,105,35,86,24
17,1000,50,5.13,10.3,18,37,37,952,33,7,8,48,7.711043814,121,159,15.50483199,12.39108491,7.39261838,8.043795137,492,14,1,4,19,460,19,6,4,29,511,489,106,53,96,25
19,1000,50,5.13,10.3,18,37,34,951,32,8,9,49,7.863518545,115,160,15.03232974,11.82577275,7.733270507,8.008055396,497,20,5,4,29,454,12,3,5,20,526,474,112,48,94,21
24,1000,50,5.13,10.3,18,37,5,954,23,19,4,46,7.154829976,102,131,12.71762758,9.063592817,6.934366212,7.364120138,468,7,10,2,19,486,16,9,2,27,487,513,75,56,72,30
21,1000,50,5.13,10.3,18,37,33,951,25,14,10,49,7.305629742,104,137,14.73248052,11.29560312,7.083311383,7.558350612,506,14,6,6,26,445,11,8,4,23,532,468,100,37,87,17
18,1000,50,5.13,10.3,18,37,35,967,20,6,7,33,7.691958705,105,152,14.84810358,11.60371581,7.827605814,7.547343193,496,12,5,3,20,471,8,1,4,13,516,484,106,46,90,15
20,1000,50,5.13,10.3,18,37,34,962,24,7,7,38,7.825984539,132,163,15.7333716,11.80767877,8.025962174,7.636142224,465,14,5,3,22,497,10,2,4,16,487,513,124,39,104,28
23,1000,50,5.13,10.3,18,37,26,949,25,15,11,51,7.856846006,114,163,13.86089879,11.61747115,7.463492033,8.256544398,484,9,8,3,20,465,16,7,8,31,504,496,112,51,90,24
22,1000,50,5.13,10.3,18,37,33,948,25,17,10,52,7.728181257,114,149,15.20626253,11.89835507,7.677783939,7.778578576,476,10,11,3,24,472,15,6,7,28,500,500,105,44,94,20
17,1000,50,5.13,10.3,18,37,38,951,32,8,9,49,7.787384962,136,157,15.70793262,12.59598113,7.434481825,8.156165132,491,15,1,4,20,460,17,7,5,29,511,489,119,38,112,24
19,1000,50,5.13,10.3,18,37,35,951,30,10,9,49,7.910239688,103,163,15.23329934,12.03277791,7.787724939,8.046194872,496,19,7,4,30,455,11,3,5,19,526,474,109,54,87,16
21,1000,50,5.13,10.3,18,37,34,952,25,13,10,48,7.307473261,114,150,14.85025983,11.40888988,7.108171703,7.534029732,506,14,6,6,26,446,11,7,4,22,532,468,102,48,84,30
18,1000,50,5.13,10.3,18,37,36,967,20,6,7,33,7.701654861,142,164,15.03090766,11.75603063,7.831349197,7.563385693,496,12,5,3,20,471,8,1,4,13,516,484,122,42,114,28
24,1000,50,5.13,10.3,18,37,6,953,24,19,4,47,7.176914944,111,136,12.78061995,9.139982687,6.943002264,7.3989724,467,8,10,2,20,486,16,9,2,27,487,513,80,56,77,34
20,1000,50,5.13,10.3,18,37,35,962,25,7,6,38,7.843014458,109,168,15.93045583,11.95475337,8.048373407,7.648063564,465,14,5,3,22,497,11,2,3,16,487,513,126,42,89,20
22,1000,50,5.13,10.3,18,37,34,948,25,17,10,52,7.746980407,120,150,15.43450655,12.09877459,7.724737792,7.769223021,476,10,11,3,24,472,15,6,7,28,500,500,114,36,104,16
23,1000,50,5.13,10.3,18,37,27,951,25,14,10,49,7.881125786,107,147,13.91317887,11.70303336,7.51609612,8.252043027,483,10,8,3,21,468,15,6,7,28,504,496,111,36,85,22
17,1000,50,5.13,10.3,18,37,39,950,31,10,9,50,7.814248394,150,169,15.85324504,12.7434745,7.501273697,8.141303752,491,14,2,4,20,459,17,8,5,30,511,489,129,40,129,21
19,1000,50,5.13,10.3,18,37,36,950,31,10,9,50,7.942013285,133,157,15.51410268,12.29077837,7.818303918,8.079294144,496,19,7,4,30,454,12,3,5,20,526,474,112,45,111,22
21,1000,50,5.13,10.3,18,37,35,951,26,13,10,49,7.362117185,135,135,15.01218667,11.54866694,7.147393516,7.606204775,505,15,6,6,27,446,11,7,4,22,532,468,102,33,107,28
18,1000,50,5.13,10.3,18,37,37,967,20,6,7,33,7.7328715,117,152,15.24012505,11.92931561,7.878701614,7.577399725,496,12,5,3,20,471,8,1,4,13,516,484,105,47,91,26
24,1000,50,5.13,10.3,18,37,7,952,24,20,4,48,7.234419604,78,138,12.8132747,9.182451618,6.998520428,7.458362877,467,8,10,2,20,485,16,10,2,28,487,513,87,51,55,23
22,1000,50,5.13,10.3,18,37,35,949,23,18,10,51,7.79995236,119,147,15.63976502,12.27909984,7.781864287,7.818040433,476,9,12,3,24,473,14,6,7,27,500,500,112,35,102,17
20,1000,50,5.13,10.3,18,37,36,962,24,7,7,38,7.873896135,128,168,16.20220977,12.22087657,8.104449815,7.655027437,465,13,5,4,22,497,11,2,3,16,487,513,140,28,105,23
17,1000,50,5.13,10.3,18,37,40,951,29,11,9,49,7.827904738,117,161,15.98864378,12.89779492,7.53628902,8.132640181,492,12,3,4,19,459,17,8,5,30,511,489,125,36,99,18
23,1000,50,5.13,10.3,18,37,28,953,24,13,10,47,7.861366997,121,144,13.99491758,11.80906245,7.525401933,8.202750854,483,10,8,3,21,470,14,5,7,26,504,496,93,51,100,21
19,1000,50,5.13,10.3,18,37,37,949,31,11,9,51,7.982182755,132,151,15.73995493,12.47509494,7.884061702,8.091068143,495,20,7,4,31,454,11,4,5,20,526,474,112,39,115,17
21,1000,50,5.13,10.3,18,37,36,952,25,13,10,48,7.378988006,113,130,15.14930892,11.67579484,7.175648166,7.610135003,505,15,6,6,27,447,10,7,4,21,532,468,97,33,87,26
18,1000,50,5.13,10.3,18,37,38,969,18,6,7,31,7.73771849,131,148,15.42508608,12.08475029,7.891541512,7.57372535,496,12,5,3,20,473,6,1,4,11,516,484,111,37,112,19
22,1000,50,5.13,10.3,18,37,36,950,21,20,9,50,7.804570642,131,164,15.84664235,12.45294488,7.785386052,7.823755232,476,9,12,3,24,474,12,8,6,26,500,500,128,36,113,18
17,1000,50,5.13,10.3,18,37,41,952,28,11,9,48,7.813614153,129,170,16.16241313,13.02497086,7.564525032,8.073909737,492,12,3,4,19,460,16,8,5,29,511,489,124,46,113,16
23,1000,50,5.13,10.3,18,37,29,953,23,14,10,47,7.910615472,115,142,14.12617697,11.93706752,7.601238784,8.224982106,483,10,8,3,21,470,13,6,7,26,504,496,99,43,91,24
24,1000,50,5.13,10.3,18,37,8,954,23,20,3,46,7.229257688,105,145,12.86971501,9.229250136,7.034687442,7.413966674,467,8,10,2,20,487,15,10,1,26,487,513,84,61,65,40
20,1000,50,5.13,10.3,18,37,37,963,24,6,7,37,7.916127384,114,159,16.44853672,12.41946794,8.207697661,7.639334547,465,14,4,4,22,498,10,2,3,15,487,513,116,43,101,13
19,1000,50,5.13,10.3,18,37,38,949,31,11,9,51,7.981204351,138,152,15.91078067,12.63359818,7.921803714,8.047121514,495,20,7,4,31,454,11,4,5,20,526,474,111,41,114,24
21,1000,50,5.13,10.3,18,37,37,951,26,14,9,49,7.412469774,115,152,15.2588647,11.82094182,7.254399931,7.592156006,503,16,7,6,29,448,10,7,3,20,532,468,115,37,84,31
18,1000,50,5.13,10.3,18,37,39,971,17,5,7,29,7.732804118,106,161,15.55544918,12.19970272,7.925490755,7.527377868,497,12,4,3,19,474,5,1,4,10,516,484,122,39,88,18
17,1000,50,5.13,10.3,18,37,42,951,29,10,10,49,7.793651282,140,176,16.31995767,13.16307186,7.580690693,8.016192921,492,12,3,4,19,459,17,7,6,30,511,489,131,45,113,27
22,1000,50,5.13,10.3,18,37,37,950,22,19,9,50,7.802063893,140,169,16.07803707,12.67733939,7.798947962,7.805179824,475,10,12,3,25,475,12,7,6,25,500,500,129,40,118,22
23,1000,50,5.13,10.3,18,37,30,950,25,15,10,50,7.943895601,131,150,14.24095822,12.08194149,7.650269019,8.242258096,482,11,8,3,22,468,14,7,7,28,504,496,107,43,107,24
20,1000,50,5.13,10.3,18,37,38,963,24,6,7,37,7.915605399,131,177,16.70980964,12.63726944,8.250152179,7.598014207,465,14,4,4,22,498,10,2,3,15,487,513,147,30,112,19
24,1000,50,5.13,10.3,18,37,9,955,23,19,3,45,7.233521401,98,117,12.89434386,9.292855006,7.040583283,7.416680978,468,8,9,2,19,487,15,10,1,26,487,513,66,51,71,27
19,1000,50,5.13,10.3,18,37,39,949,31,11,9,51,8.007210832,132,142,16.08258073,12.80197898,7.981013951,8.036281633,494,21,7,4,32,455,10,4,5,19,526,474,120,22,104,28
21,1000,50,5.13,10.3,18,37,38,951,26,14,9,49,7.444825599,124,168,15.32926403,11.91373239,7.27845983,7.633942242,503,16,7,6,29,448,10,7,3,20,532,468,120,48,106,18
18,1000,50,5.13,10.3,18,37,40,971,17,5,7,29,7.734741267,105,173,15.72595022,12.3659466,7.946469717,7.509014241,497,12,4,3,19,474,5,1,4,10,516,484,137,36,89,16
17,1000,50,5.13,10.3,18,37,43,952,26,12,10,48,7.798991537,127,176,16.57259468,13.35138002,7.596073226,8.011039096,492,12,3,4,19,460,14,9,6,29,511,489,137,39,107,20
22,1000,50,5.13,10.3,18,37,38,952,20,19,9,48,7.756539622,125,171,16.37015331,12.92065081,7.798947962,7.714131281,475,10,12,3,25,477,10,7,6,23,500,500,128,43,105,20
23,1000,50,5.13,10.3,18,37,31,948,27,15,10,52,8.001738733,129,140,14.36515625,12.19528286,7.717126077,8.290941915,482,11,8,3,22,466,16,7,7,30,504,496,101,39,105,24
20,1000,50,5.13,10.3,18,37,39,963,24,6,7,37,7.945411217,137,162,16.90417155,12.78294283,8.30220088,7.606704461,465,13,5,4,22,498,11,1,3,15,487,513,128,34,116,21
19,1000,50,5.13,10.3,18,37,40,951,30,10,9,49,8.006981968,122,159,16.2114565,12.9197564,7.989971359,8.025858721,494,21,7,4,32,457,9,3,5,17,526,474,120,39,95,27
24,1000,50,5.13,10.3,18,37,10,954,23,20,3,46,7.257336311,92,122,12.95457292,9.339156323,7.119835878,7.387867912,468,7,10,2,19,486,16,10,1,27,487,513,75,47,73,19
21,1000,50,5.13,10.3,18,37,39,950,26,15,9,50,7.457850029,103,166,15.41780621,11.98577562,7.324605871,7.609315611,502,16,8,6,30,448,10,7,3,20,532,468,123,43,93,10
18,1000,50,5.13,10.3,18,37,41,971,17,5,7,29,7.730343448,114,150,15.95087688,12.54944139,7.987938761,7.45571704,497,12,4,3,19,474,5,1,4,10,516,484,113,37,99,15
17,1000,50,5.13,10.3,18,37,44,952,26,13,9,48,7.769866056,162,176,16.80953544,13.56130608,7.602032013,7.945250914,492,12,3,4,19,460,14,10,5,29,511,489,131,45,136,26
22,1000,50,5.13,10.3,18,37,39,953,19,18,10,47,7.787065862,136,159,16.60776799,13.13057105,7.841322998,7.732808725,475,10,12,3,25,478,9,6,7,22,500,500,124,35,112,24
23,1000,50,5.13,10.3,18,37,32,950,26,13,11,50,8.019354828,123,142,14.46568842,12.32633659,7.784160477,8.258342636,482,11,7,4,22,468,15,6,7,28,504,496,98,44,106,17
19,1000,50,5.13,10.3,18,37,41,951,30,10,9,49,8.039706338,141,153,16.5148943,13.19349572,8.029157078,8.051412902,494,21,7,4,32,457,9,3,5,17,526,474,119,34,123,18
20,1000,50,5.13,10.3,18,37,40,963,24,6,7,37,7.956916412,130,163,17.19957097,12.9948565,8.299369518,7.631819604,466,12,5,4,21,497,12,1,3,16,487,513,131,32,109,21
24,1000,50,5.13,10.3,18,37,11,955,23,18,4,45,7.268509724,100,134,12.99239259,9.390449138,7.105573684,7.423187797,469,7,9,2,18,486,16,9,2,27,487,513,87,47,67,33
21,1000,50,5.13,10.3,18,37,40,951,26,14,9,49,7.456498544,106,142,15.58557669,12.1836774,7.356192643,7.570521492,502,16,8,6,30,449,10,6,3,19,532,468,110,32,86,20
18,1000,50,5.13,10.3,18,37,42,971,16,6,7,29,7.737029825,136,153,16.12700557,12.70251725,8.036421141,7.417844042,496,12,5,3,20,475,4,1,4,9,516,484,118,35,109,27
17,1000,50,5.13,10.3,18,37,45,952,26,13,9,48,7.77897772,142,175,17.13949945,13.87124526,7.62682305,7.937977795,492,12,3,4,19,460,14,10,5,29,511,489,136,39,118,24
22,1000,50,5.13,10.3,18,37,40,955,17,18,10,45,7.794058782,142,154,16.8795023,13.35169616,7.856363466,7.731754098,476,9,12,3,24,479,8,6,7,21,500,500,125,29,125,17
23,1000,50,5.13,10.3,18,37,33,951,25,12,12,49,8.001342274,125,158,14.54787678,12.43005359,7.799155176,8.206790455,482,11,6,5,22,469,14,6,7,27,504,496,112,46,101,24
19,1000,50,5.13,10.3,18,37,42,952,29,10,9,48,8.041098969,131,174,16.78393049,13.43874858,8.078706752,7.999365438,494,21,7,4,32,458,8,3,5,16,526,474,125,49,110,21
20,1000,50,5.13,10.3,18,37,41,962,25,6,7,38,7.953829801,131,159,17.42563387,13.21874607,8.317561606,7.608532746,466,12,5,4,21,496,13,1,3,17,487,513,130,29,113,18
21,1000,50,5.13,10.3,18,37,41,951,26,14,9,49,7.513510195,128,170,15.72641132,12.35068421,7.425630783,7.613407305,502,16,8,6,30,449,10,6,3,19,532,468,127,43,107,21
24,1000,50,5.13,10.3,18,37,12,953,25,18,4,47,7.312885337,101,144,13.02156975,9.439712525,7.136363529,7.48046062,469,7,9,2,18,484,18,9,2,29,487,513,92,52,71,30
18,1000,50,5.13,10.3,18,37,43,971,16,6,7,29,7.721742113,123,174,16.41901163,12.95281583,8.033758077,7.389096994,496,12,5,3,20,475,4,1,4,9,516,484,142,32,103,20
17,1000,50,5.13,10.3,18,37,46,952,25,13,10,48,7.818500417,163,168,17.44116468,14.12822555,7.66912286,7.974598437,492,12,2,5,19,460,13,11,5,29,511,489,133,35,140,23
22,1000,50,5.13,10.3,18,37,41,955,17,18,10,45,7.801208261,134,153,17.16506786,13.60935431,7.904956945,7.697459577,476,9,12,3,24,479,8,6,7,21,500,500,116,37,111,23
23,1000,50,5.13,10.3,18,37,34,950,26,12,12,50,8.007917119,134,148,14.64219757,12.57639082,7.845822407,8.172626262,481,12,6,5,23,469,14,6,7,27,504,496,104,44,115,19
19,1000,50,5.13,10.3,18,37,43,951,29,11,9,49,8.053155981,152,162,17.08820392,13.72145501,8.107668166,7.992663557,494,21,7,4,32,457,8,4,5,17,526,474,118,44,132,20
20,1000,50,5.13,10.3,18,37,42,963,25,5,7,37,7.927604654,132,185,17.71664813,13.44667718,8.297031541,7.576901156,467,12,4,4,20,496,13,1,3,17,487,513,150,35,111,21
21,1000,50,5.13,10.3,18,37,42,951,27,12,10,49,7.543929954,121,164,15.86905512,12.49918781,7.47075126,7.627115991,502,16,8,6,30,449,11,4,4,19,532,468,118,46,102,19
18,1000,50,5.13,10.3,18,37,44,970,17,6,7,30,7.762246852,128,165,16.72773476,13.25107129,8.079325474,7.424204356,496,12,5,3,20,474,5,1,4,10,516,484,128,37,108,20
24,1000,50,5.13,10.3,18,37,13,954,24,18,4,46,7.310525768,98,123,13.0608881,9.496014591,7.125590707,7.486087902,470,6,9,2,17,484,18,9,2,29,487,513,74,49,71,27
17,1000,50,5.13,10.3,18,37,47,952,25,13,10,48,7.83925991,139,179,17.73214891,14.37189389,7.70994765,7.974389899,493,11,2,5,18,459,14,11,5,30,511,489,144,35,127,12
22,1000,50,5.13,10.3,18,37,42,955,17,18,10,45,7.828878568,136,178,17.39909748,13.80498321,7.973502287,7.684254849,476,9,12,3,24,479,8,6,7,21,500,500,134,44,118,18
23,1000,50,5.13,10.3,18,37,35,953,24,11,12,47,7.999983863,112,156,14.77602854,12.7242443,7.833147558,8.169511076,482,12,5,5,22,471,12,6,7,25,504,496,112,44,93,19
19,1000,50,5.13,10.3,18,37,44,951,29,11,9,49,8.08082703,122,172,17.3437148,13.95120803,8.12528843,8.031488009,494,21,7,4,32,457,8,4,5,17,526,474,131,41,100,22
20,1000,50,5.13,10.3,18,37,43,963,24,6,7,37,7.933812917,136,186,18.06557595,13.72272208,8.365965484,7.523562818,466,12,5,4,21,497,12,1,3,16,487,513,150,36,120,16
21,1000,50,5.13,10.3,18,37,43,954,24,12,10,46,7.558487878,121,159,16.07377948,12.70589758,7.541327962,7.577994449,503,15,8,6,29,451,9,4,4,17,532,468,114,45,102,19
18,1000,50,5.13,10.3,18,37,45,970,17,6,7,30,7.762479622,128,162,16.96603938,13.48383488,8.089154557,7.414206343,496,12,5,3,20,474,5,1,4,10,516,484,122,40,104,24
17,1000,50,5.13,10.3,18,37,48,953,24,13,10,47,7.840776946,152,197,17.97776886,14.58864083,7.765677068,7.919255551,492,12,2,5,19,461,12,11,5,28,511,489,149,48,132,20
22,1000,50,5.13,10.3,18,37,43,955,18,18,9,45,7.842034074,144,180,17.6713377,14.02376584,7.988161335,7.695906814,476,9,12,3,24,479,9,6,6,21,500,500,139,41,124,20
24,1000,50,5.13,10.3,18,37,14,957,22,16,5,43,7.333341047,99,111,13.10876959,9.580654582,7.174148533,7.484465324,469,7,9,2,18,488,15,7,3,25,487,513,65,46,75,24
23,1000,50,5.13,10.3,18,37,36,957,23,10,10,43,7.970347611,122,138,14.93522313,12.91110185,7.872017669,8.070263519,483,12,5,4,21,474,11,5,6,22,504,496,99,39,99,23
19,1000,50,5.13,10.3,18,37,45,948,32,11,9,52,8.09979021,142,174,17.71500037,14.35779147,8.178095462,8.012894509,493,22,7,4,33,455,10,4,5,19,526,474,136,38,125,17
21,1000,50,5.13,10.3,18,37,44,957,23,11,9,43,7.583989759,127,198,16.22653519,12.9479932,7.592548171,7.574260967,503,15,8,6,29,454,8,3,3,14,532,468,156,42,102,25
18,1000,50,5.13,10.3,18,37,46,970,17,6,7,30,7.773896036,132,169,17.21030094,13.69406745,8.127433911,7.396983756,496,12,5,3,20,474,5,1,4,10,516,484,134,35,109,23
20,1000,50,5.13,10.3,18,37,44,963,24,6,7,37,7.950015106,136,214,18.35040382,14.00066072,8.392338094,7.530110046,466,12,4,5,21,497,12,2,2,16,487,513,168,46,119,17
17,1000,50,5.13,10.3,18,37,49,954,24,13,9,46,7.866234721,157,168,18.2796721,14.85477589,7.801577852,7.933800488,492,12,2,5,19,462,12,11,4,27,511,489,135,33,133,24
22,1000,50,5.13,10.3,18,37,44,955,18,17,10,45,7.850838211,146,174,18.00841831,14.31494092,8.02461509,7.677061331,476,9,11,4,24,479,9,6,6,21,500,500,136,38,127,19
24,1000,50,5.13,10.3,18,37,15,956,23,16,5,44,7.367760874,126,142,13.1676211,9.61730653,7.2093278,7.518164201,468,8,9,2,19,488,15,7,3,25,487,513,94,48,102,24
23,1000,50,5.13,10.3,18,37,37,956,24,10,10,44,8.006119416,138,152,15.05246873,13.00220313,7.904205131,8.109677481,483,12,5,4,21,473,12,5,6,23,504,496,111,41,117,21
19,1000,50,5.13,10.3,18,37,46,947,33,11,9,53,8.091150558,147,190,18.07069634,14.61505552,8.187039549,7.984742101,493,22,7,4,33,454,11,4,5,20,526,474,139,51,122,25
21,1000,50,5.13,10.3,18,37,45,959,21,11,9,41,7.562039927,129,177,16.3764712,13.08287174,7.618252054,7.498140672,503,15,8,6,29,456,6,3,3,12,532,468,135,42,111,18
18,1000,50,5.13,10.3,18,37,47,969,19,5,7,31,7.811090699,143,166,17.51226363,13.98567205,8.158139175,7.441096869,496,13,4,3,20,473,6,1,4,11,516,484,136,30,114,29
20,1000,50,5.13,10.3,18,37,45,964,23,6,7,36,7.971835752,140,182,18.79549211,14.33091607,8.422028375,7.54445991,466,12,4,5,21,498,11,2,2,15,487,513,139,43,121,19
17,1000,50,5.13,10.3,18,37,50,953,22,16,9,47,7.883242443,152,180,18.62256572,15.14741972,7.826415421,7.9426261,492,12,2,5,19,461,10,14,4,28,511,489,142,38,134,18
22,1000,50,5.13,10.3,18,37,45,955,18,17,10,45,7.866980123,135,170,18.3030671,14.57786406,8.044051635,7.689908612,476,9,11,4,24,479,9,6,6,21,500,500,137,33,114,21
23,1000,50,5.13,10.3,18,37,38,957,23,10,10,43,8.006518169,124,138,15.23028497,13.13185717,7.91220407,8.102353464,483,12,5,4,21,474,11,5,6,22,504,496,98,40,100,24
19,1000,50,5.13,10.3,18,37,47,948,31,12,9,52,8.124696771,139,166,18.35773038,14.88713494,8.246777394,7.989223337,494,21,7,4,32,454,10,5,5,20,526,474,135,31,116,23
24,1000,50,5.13,10.3,18,37,16,957,21,17,5,43,7.400775506,92,152,13.22783994,9.680560121,7.267270137,7.527514521,468,7,10,2,19,489,14,7,3,24,487,513,102,50,65,27
21,1000,50,5.13,10.3,18,37,46,959,21,11,9,41,7.584334661,128,159,16.52276109,13.2271007,7.69357108,7.46015993,503,15,8,6,29,456,6,3,3,12,532,468,123,36,109,19
18,1000,50,5.13,10.3,18,37,48,969,18,6,7,31,7.823225747,148,163,17.95565373,14.36759278,8.203395557,7.417920743,496,12,5,3,20,473,6,1,4,11,516,484,126,37,129,19
17,1000,50,5.13,10.3,18,37,51,954,21,15,10,46,7.893555732,156,173,18.90684736,15.41532475,7.880276609,7.907432279,492,12,2,5,19,462,9,13,5,27,511,489,135,38,142,14
20,1000,50,5.13,10.3,18,37,46,965,23,5,7,35,8.000840559,164,200,19.03024909,14.51498298,8.457119723,7.567686654,466,12,4,5,21,499,11,1,2,14,487,513,162,38,143,21
22,1000,50,5.13,10.3,18,37,46,955,18,17,10,45,7.879946505,154,170,18.64193649,14.82655832,8.097628644,7.662264366,476,9,11,4,24,479,9,6,6,21,500,500,139,31,136,18
23,1000,50,5.13,10.3,18,37,39,957,23,10,10,43,8.039109195,142,165,15.39657381,13.3205972,7.952120027,8.127501415,482,13,5,4,22,475,10,5,6,21,504,496,129,36,117,25
19,1000,50,5.13,10.3,18,37,48,948,31,12,9,52,8.163514823,139,192,19.06687512,15.53008861,8.323812921,7.985631281,494,21,7,4,32,454,10,5,5,20,526,474,150,42,120,19
24,1000,50,5.13,10.3,18,37,17,958,20,17,5,42,7.409105726,95,145,13.27515187,9.72976978,7.284538959,7.527359168,468,7,10,2,19,490,13,7,3,23,487,513,96,49,73,22
21,1000,50,5.13,10.3,18,37,47,959,21,11,9,41,7.598191492,130,171,16.69644122,13.38651537,7.702341317,7.479798956,503,15,8,6,29,456,6,3,3,12,532,468,133,38,112,18
18,1000,50,5.13,10.3,18,37,49,970,17,6,7,30,7.810528982,139,198,18.35861574,14.7177144,8.218436112,7.375652786,496,12,5,3,20,474,5,1,4,10,516,484,154,44,120,19
17,1000,50,5.13,10.3,18,37,52,955,21,13,11,45,7.884597736,163,189,19.25789993,15.69669024,7.898493308,7.870077004,492,12,1,6,19,463,9,12,5,26,511,489,146,43,145,18
22,1000,50,5.13,10.3,18,37,47,956,17,16,11,44,7.868053169,150,201,18.98095428,15.13387993,8.110577352,7.625528985,476,9,11,4,24,480,8,5,7,20,500,500,165,36,132,18
20,1000,50,5.13,10.3,18,37,47,963,25,5,7,37,8.050514131,145,184,19.30064336,14.72861636,8.511176358,7.613199308,466,12,4,5,21,497,13,1,2,16,487,513,152,32,127,18
23,1000,50,5.13,10.3,18,37,40,960,20,10,10,40,8.017131723,138,142,15.53730776,13.47321175,7.996000846,8.038603421,483,12,5,4,21,477,8,5,6,19,504,496,101,41,112,26
19,1000,50,5.13,10.3,18,37,49,949,30,12,9,51,8.151685924,165,178,19.44813498,15.86511193,8.33292016,7.950569452,494,21,7,4,32,455,9,5,5,19,526,474,151,27,138,27
21,1000,50,5.13,10.3,18,37,48,957,23,10,10,43,7.619433055,137,185,16.84538245,13.54636611,7.75694011,7.463121615,502,16,7,7,30,455,7,3,3,13,532,468,144,41,111,26
24,1000,50,5.13,10.3,18,37,18,960,18,17,5,40,7.407813353,123,139,13.37313652,9.799452243,7.291965063,7.51779019,468,6,11,2,19,492,12,6,3,21,487,513,92,47,98,25
18,1000,50,5.13,10.3,18,37,50,970,18,6,6,30,7.793106996,143,177,18.80229752,15.08988496,8.249576956,7.306457203,497,11,5,3,19,473,7,1,3,11,516,484,139,38,125,18
17,1000,50,5.13,10.3,18,37,53,954,22,13,11,46,7.95275058,154,204,19.77692015,16.21418016,7.977190864,7.927210734,492,12,1,6,19,462,10,12,5,27,511,489,170,34,135,19
22,1000,50,5.13,10.3,18,37,48,958,16,16,10,42,7.881079278,143,183,19.46112389,15.53816439,8.17567527,7.586483286,476,9,11,4,24,482,7,5,6,18,500,500,157,26,120,23
20,1000,50,5.13,10.3,18,37,48,961,26,6,7,39,8.110512536,137,186,19.74867445,15.07732305,8.552442173,7.690980892,465,12,5,5,22,496,14,1,2,17,487,513,153,33,120,17
23,1000,50,5.13,10.3,18,37,41,960,20,10,10,40,8.041324841,144,165,15.74174304,13.69002043,8.034983191,8.047768776,483,12,5,4,21,477,8,5,6,19,504,496,132,33,118,26
19,1000,50,5.13,10.3,18,37,50,949,32,11,8,51,8.155089469,134,187,19.9359277,16.24613493,8.361789681,7.925713286,493,22,7,4,33,456,10,4,4,18,526,474,153,34,120,14
21,1000,50,5.13,10.3,18,37,49,955,25,10,10,45,7.630581509,131,177,17.16604544,13.81704754,7.761599565,7.481646454,501,17,7,7,31,454,8,3,3,14,532,468,149,28,110,21
18,1000,50,5.13,10.3,18,37,51,970,18,6,6,30,7.767001893,160,163,19.65160629,15.77734872,8.252422887,7.24948695,496,12,5,3,20,474,6,1,3,10,516,484,139,24,133,27
17,1000,50,5.13,10.3,18,37,54,955,21,13,11,45,7.916364136,178,196,20.19221504,16.55512032,7.978809004,7.851109887,492,12,1,6,19,463,9,12,5,26,511,489,152,44,153,25
24,1000,50,5.13,10.3,18,37,19,960,17,18,5,40,7.424746969,98,132,13.46389767,9.874385174,7.316739897,7.527279999,468,5,12,2,19,492,12,6,3,21,487,513,88,44,78,20
22,1000,50,5.13,10.3,18,37,49,959,16,15,10,41,7.906850466,170,192,20.00129073,15.97185112,8.232239234,7.581461699,477,9,10,4,23,482,7,5,6,18,500,500,151,41,149,21
20,1000,50,5.13,10.3,18,37,49,959,27,7,7,41,8.120665001,138,182,20.06140791,15.32169455,8.591098744,7.674073904,464,12,6,5,23,495,15,1,2,18,487,513,157,25,122,16
23,1000,50,5.13,10.3,18,37,42,961,19,10,10,39,8.018290544,140,171,15.95510064,13.94373648,8.070624316,7.965112678,483,12,5,4,21,478,7,5,6,18,504,496,131,40,117,23
19,1000,50,5.13,10.3,18,37,51,949,33,11,7,51,8.127461036,153,179,20.32266606,16.61352342,8.413618825,7.80991041,493,22,7,4,33,456,11,4,3,18,526,474,148,31,127,26
21,1000,50,5.13,10.3,18,37,50,955,25,10,10,45,7.669280147,128,168,17.29077051,13.91430738,7.803677792,7.516503337,501,17,7,7,31,454,8,3,3,14,532,468,132,36,110,18
18,1000,50,5.13,10.3,18,37,52,968,20,6,6,32,7.788299789,154,178,20.4599237,16.41498945,8.279545609,7.264574906,494,14,5,3,22,474,6,1,3,10,516,484,149,29,136,18
17,1000,50,5.13,10.3,18,37,55,956,20,13,11,44,7.925586446,175,208,20.64173729,16.93052985,8.043574961,7.802289653,492,12,1,6,19,464,8,12,5,25,511,489,172,36,155,20
22,1000,50,5.13,10.3,18,37,50,959,15,17,9,41,7.943716303,157,198,20.4524805,16.31856692,8.273574771,7.613857834,477,9,10,4,23,482,6,7,5,18,500,500,159,39,127,30
24,1000,50,5.13,10.3,18,37,20,960,16,19,5,40,7.424950253,103,131,13.54072924,9.959428413,7.333617557,7.511654002,468,4,13,2,19,492,12,6,3,21,487,513,89,42,77,26
20,1000,50,5.13,10.3,18,37,50,960,26,7,7,40,8.110094108,172,204,20.57007249,15.76553004,8.597061389,7.64780743,464,12,6,5,23,496,14,1,2,17,487,513,163,41,146,26
19,1000,50,5.13,10.3,18,37,52,949,34,11,6,51,8.128904353,153,193,20.97750968,17.28670285,8.461871504,7.759409159,492,23,7,4,34,457,11,4,2,17,526,474,146,47,131,22
23,1000,50,5.13,10.3,18,37,43,962,19,9,10,38,8.008642272,167,156,16.14470545,14.14996457,8.084808759,7.931247294,484,12,4,4,20,478,7,5,6,18,504,496,120,36,140,27
21,1000,50,5.13,10.3,18,37,51,956,24,10,10,44,7.707990717,137,186,17.52177787,14.14684993,7.855046833,7.540824363,501,17,7,7,31,455,7,3,3,13,532,468,153,33,109,28
18,1000,50,5.13,10.3,18,37,53,967,21,6,6,33,7.784917336,148,197,21.48425976,17.25969253,8.30781901,7.227443651,493,15,5,3,23,474,6,1,3,10,516,484,164,33,124,24
17,1000,50,5.13,10.3,18,37,56,955,21,13,11,45,7.962171746,176,209,21.05308345,17.26856021,8.125774091,7.791208969,491,13,1,6,20,464,8,12,5,25,511,489,179,30,163,13
22,1000,50,5.13,10.3,18,37,51,959,16,16,9,41,7.943391792,153,176,20.9212811,16.74771839,8.32417747,7.562606114,476,10,10,4,24,483,6,6,5,17,500,500,148,28,139,14
24,1000,50,5.13,10.3,18,37,21,960,16,19,5,40,7.463022953,105,140,13.5887819,10.00941287,7.348877277,7.571383468,468,4,13,2,19,492,12,6,3,21,487,513,90,50,83,22
19,1000,50,5.13,10.3,18,37,53,950,33,11,6,50,8.128518115,177,189,21.896939,18.18430501,8.482213568,7.736020628,492,23,7,4,34,458,10,4,2,16,526,474,163,26,151,26
20,1000,50,5.13,10.3,18,37,51,961,25,7,7,39,8.077330374,157,190,20.92639458,16.06291599,8.616170644,7.565799747,464,12,6,5,23,497,13,1,2,16,487,513,156,34,141,16
23,1000,50,5.13,10.3,18,37,44,962,19,8,11,38,8.037711567,147,167,16.38810124,14.38151206,8.147205674,7.926451425,484,12,4,4,20,478,7,4,7,18,504,496,136,31,132,15
21,1000,50,5.13,10.3,18,37,52,954,26,9,11,46,7.756039199,148,166,17.81444065,14.41125154,7.903282425,7.588660146,500,18,7,7,32,454,8,2,4,14,532,468,132,34,124,24
18,1000,50,5.13,10.3,18,37,54,967,20,6,7,33,7.837591373,154,178,22.28721414,17.90194814,8.416714734,7.220178863,492,15,5,4,24,475,5,1,3,9,516,484,140,38,136,18
17,1000,50,5.13,10.3,18,37,57,953,23,13,11,47,7.983657937,171,197,21.56308719,17.71285688,8.158079897,7.801388772,490,14,1,6,21,463,9,12,5,26,511,489,161,36,153,18
22,1000,50,5.13,10.3,18,37,52,959,17,16,8,41,7.924760641,162,185,21.32173739,17.06497988,8.34137239,7.508148893,475,11,11,3,25,484,6,5,5,16,500,500,155,30,140,22
24,1000,50,5.13,10.3,18,37,22,963,15,17,5,37,7.475514247,110,127,13.65976384,10.09100641,7.350581293,7.594115318,469,4,12,2,18,494,11,5,3,19,487,513,82,45,88,22
19,1000,50,5.13,10.3,18,37,54,950,33,11,6,50,8.148427549,161,203,22.86634871,18.93791084,8.496576109,7.762085476,492,23,7,4,34,458,10,4,2,16,526,474,162,41,135,26
20,1000,50,5.13,10.3,18,37,52,961,25,7,7,39,8.096737475,155,219,21.48169531,16.5120874,8.635814883,7.584981728,464,12,6,5,23,497,13,1,2,16,487,513,181,38,140,15
23,1000,50,5.13,10.3,18,37,45,961,20,8,11,39,8.079569949,132,167,16.72185717,14.71176783,8.21070609,7.946318708,483,13,4,4,21,478,7,4,7,18,504,496,129,38,120,12
21,1000,50,5.13,10.3,18,37,53,954,26,9,11,46,7.794523472,148,172,18.19383345,14.81278304,7.975620177,7.588661405,500,18,7,7,32,454,8,2,4,14,532,468,133,39,131,17
18,1000,50,5.13,10.3,18,37,55,967,20,6,7,33,7.84950231,177,211,22.76673222,18.2373627,8.442525151,7.217271347,492,15,5,4,24,475,5,1,3,9,516,484,179,32,152,25
17,1000,50,5.13,10.3,18,37,58,955,24,12,9,45,7.963619683,182,207,22.05254955,18.14890833,8.186310496,7.73091006,490,14,1,6,21,465,10,11,3,24,511,489,183,24,162,20
22,1000,50,5.13,10.3,18,37,53,958,18,16,8,42,7.943279251,180,212,21.97622459,17.59844039,8.395984423,7.490574079,474,12,11,3,26,484,6,5,5,16,500,500,179,33,169,11
19,1000,50,5.13,10.3,18,37,55,951,32,11,6,49,8.113300582,176,206,23.67589347,19.58449189,8.502863494,7.681000811,493,22,7,4,33,458,10,4,2,16,526,474,170,36,148,28
20,1000,50,5.13,10.3,18,37,53,961,24,8,7,39,8.123631624,159,202,22.0643017,16.9581393,8.683154417,7.592466711,464,12,6,5,23,497,12,2,2,16,487,513,172,30,139,20
24,1000,50,5.13,10.3,18,37,23,964,15,17,4,36,7.468017406,99,156,13.73531726,10.17766212,7.366063715,7.564803854,469,4,12,2,18,495,11,5,2,18,487,513,102,54,74,25
23,1000,50,5.13,10.3,18,37,46,961,20,8,11,39,8.117288357,147,157,16.98700448,14.99576519,8.273126528,7.958936667,483,13,4,4,21,478,7,4,7,18,504,496,130,27,121,26
21,1000,50,5.13,10.3,18,37,54,954,26,9,11,46,7.779176191,149,187,18.50370878,15.1199872,7.991903162,7.537358353,500,18,7,7,32,454,8,2,4,14,532,468,139,48,130,19
18,1000,50,5.13,10.3,18,37,56,967,20,6,7,33,7.860025512,150,205,23.76667246,19.11432345,8.491554095,7.186742973,491,16,5,4,25,476,4,1,3,8,516,484,167,38,129,21
17,1000,50,5.13,10.3,18,37,59,955,25,11,9,45,7.939744192,187,219,22.61181203,18.67077369,8.175480503,7.693402157,490,15,0,6,21,465,10,11,3,24,511,489,186,33,168,19
22,1000,50,5.13,10.3,18,37,54,960,17,16,7,40,7.922828919,166,217,22.70398462,18.25356371,8.41815542,7.427502418,475,11,11,3,25,485,6,5,4,15,500,500,184,33,147,19
19,1000,50,5.13,10.3,18,37,56,950,33,11,6,50,8.181638121,165,207,24.54983904,20.30915409,8.578305423,7.741454575,493,22,7,4,33,457,11,4,2,17,526,474,164,43,151,14
20,1000,50,5.13,10.3,18,37,54,959,26,8,7,41,8.105260518,177,221,22.60682523,17.39892944,8.701990848,7.53877383,463,13,6,5,24,496,13,2,2,17,487,513,193,28,164,13
23,1000,50,5.13,10.3,18,37,47,960,21,8,11,40,8.090283414,148,186,17.29256105,15.35526124,8.293389029,7.883901902,482,14,4,4,22,478,7,4,7,18,504,496,149,37,125,23
24,1000,50,5.13,10.3,18,37,24,962,16,18,4,38,7.497889779,111,128,13.83653693,10.27013803,7.421788212,7.570134346,468,4,13,2,19,494,12,5,2,19,487,513,85,43,85,26
21,1000,50,5.13,10.3,18,37,55,953,28,8,11,47,7.812418035,145,184,19.01057004,15.52724767,8.045295247,7.547694366,499,20,6,7,33,454,8,2,4,14,532,468,146,38,123,22
18,1000,50,5.13,10.3,18,37,57,965,22,6,7,35,7.905237515,164,203,24.9100479,20.07386906,8.548861325,7.219060065,490,17,5,4,26,475,5,1,3,9,516,484,169,34,148,16
17,1000,50,5.13,10.3,18,37,60,956,25,10,9,44,7.926133364,170,212,23.19897353,19.17063875,8.229085613,7.609551361,490,15,0,6,21,466,10,10,3,23,511,489,184,28,154,16
22,1000,50,5.13,10.3,18,37,55,961,17,14,8,39,7.927260171,165,192,23.35804375,18.85026853,8.429018617,7.425501726,475,11,11,3,25,486,6,3,5,14,500,500,171,21,144,21
19,1000,50,5.13,10.3,18,37,57,950,34,10,6,50,8.191969897,166,189,25.43292282,21.10699816,8.643242061,7.691191084,493,22,7,4,33,457,12,3,2,17,526,474,156,33,154,12
20,1000,50,5.13,10.3,18,37,55,960,26,8,6,40,8.077590082,182,215,23.30068943,17.95351334,8.72727859,7.460829257,464,13,6,4,23,496,13,2,2,17,487,513,188,27,160,22
23,1000,50,5.13,10.3,18,37,48,959,22,8,11,41,8.063614956,150,182,17.63985648,15.77579874,8.274918394,7.848903398,482,14,4,4,22,477,8,4,7,19,504,496,146,36,133,17
21,1000,50,5.13,10.3,18,37,56,952,29,8,11,48,7.854316939,151,189,19.45754243,15.93349962,8.1187182,7.553758241,498,21,6,7,34,454,8,2,4,14,532,468,155,34,128,23
17,1000,50,5.13,10.3,18,37,61,957,25,9,9,43,7.926828464,175,228,23.90787134,19.76634307,8.295969145,7.541080226,490,15,0,6,21,467,10,9,3,22,511,489,189,39,162,13
18,1000,50,5.13,10.3,18,37,58,964,23,6,7,36,7.924412971,145,208,25.4582091,20.6184251,8.651474638,7.149281111,488,19,5,4,28,476,4,1,3,8,516,484,167,41,124,21
24,1000,50,5.13,10.3,18,37,25,963,15,18,4,37,7.507570337,111,146,13.93227861,10.3697213,7.449444796,7.562749944,468,4,13,2,19,495,11,5,2,18,487,513,97,49,85,26
22,1000,50,5.13,10.3,18,37,56,961,17,14,8,39,7.953133704,182,230,24.02674191,19.38118923,8.496971587,7.409295821,475,11,11,3,25,486,6,3,5,14,500,500,192,38,162,20
20,1000,50,5.13,10.3,18,37,56,960,26,8,6,40,8.081292297,166,206,23.88645591,18.47643375,8.793277016,7.405392574,464,13,6,4,23,496,13,2,2,17,487,513,175,31,156,10
19,1000,50,5.13,10.3,18,37,58,950,33,11,6,50,8.166854848,181,200,25.87156913,21.42377606,8.645990788,7.635155471,493,22,7,4,33,457,11,4,2,17,526,474,168,32,162,19
23,1000,50,5.13,10.3,18,37,49,961,23,6,10,39,8.045694159,148,187,17.98405509,16.18818098,8.25634613,7.831644577,482,14,4,4,22,479,9,2,6,17,504,496,154,33,128,20
17,1000,50,5.13,10.3,18,37,62,956,26,9,9,44,7.95016062,191,235,24.6003749,20.43539194,8.353923274,7.528232776,489,16,0,6,22,467,10,9,3,22,511,489,202,33,172,19
18,1000,50,5.13,10.3,18,37,59,965,22,6,7,35,7.937416781,177,208,26.47467537,21.57066826,8.685108658,7.14029073,489,18,5,4,27,476,4,1,3,8,516,484,176,32,161,16
21,1000,50,5.13,10.3,18,37,57,951,30,8,11,49,7.883706768,166,178,19.91971458,16.31167082,8.16979711,7.55849296,497,22,6,7,35,454,8,2,4,14,532,468,146,32,142,24
24,1000,50,5.13,10.3,18,37,26,960,18,18,4,40,7.544878215,99,161,13.99939959,10.44411694,7.490587242,7.596417599,466,6,13,2,21,494,12,5,2,19,487,513,106,55,78,21
22,1000,50,5.13,10.3,18,37,57,960,17,15,8,40,7.95736297,201,195,24.87653772,20.11072314,8.543602808,7.371123132,475,10,12,3,25,485,7,3,5,15,500,500,164,31,186,15
20,1000,50,5.13,10.3,18,37,57,962,25,7,6,38,8.077528239,188,218,24.50986617,19.02552747,8.821628106,7.371141035,464,13,6,4,23,498,12,1,2,15,487,513,195,23,177,11
19,1000,50,5.13,10.3,18,37,59,949,34,11,6,51,8.200746409,180,211,26.82233037,22.12532283,8.729880877,7.613563433,492,23,7,4,34,457,11,4,2,17,526,474,182,29,156,24
23,1000,50,5.13,10.3,18,37,50,959,25,6,10,41,8.031510597,160,186,18.28807424,16.50168747,8.309117943,7.749425713,480,16,4,4,24,479,9,2,6,17,504,496,155,31,142,18
17,1000,50,5.13,10.3,18,37,63,956,24,11,9,44,7.921906751,188,227,25.07308431,20.91119114,8.366546597,7.457262659,489,14,2,6,22,467,10,9,3,22,511,489,202,25,174,14
18,1000,50,5.13,10.3,18,37,60,966,22,6,6,34,7.91704939,162,190,27.35936659,22.39963511,8.734931331,7.045092611,489,18,5,4,27,477,4,1,2,7,516,484,158,32,150,12
21,1000,50,5.13,10.3,18,37,58,950,31,8,11,50,7.870793858,162,203,20.34077721,16.69683965,8.215037576,7.479474075,496,23,6,7,36,454,8,2,4,14,532,468,169,34,144,18
22,1000,50,5.13,10.3,18,37,58,960,17,15,8,40,7.954029035,180,213,25.38498038,20.51113568,8.575175664,7.332882406,475,10,12,3,25,485,7,3,5,15,500,500,187,26,164,16
24,1000,50,5.13,10.3,18,37,27,959,18,19,4,41,7.580707909,101,142,14.13975479,10.61294051,7.523691025,7.634835049,465,7,13,2,22,494,11,6,2,19,487,513,99,43,85,16
20,1000,50,5.13,10.3,18,37,58,959,28,7,6,41,8.113915627,180,232,25.34687562,19.64764604,8.936921619,7.33262144,461,16,6,4,26,498,12,1,2,15,487,513,211,21,165,15
19,1000,50,5.13,10.3,18,37,60,950,35,10,5,50,8.204711055,170,216,27.65003783,22.73699107,8.753890306,7.59528429,492,24,7,3,34,458,11,3,2,16,526,474,180,36,151,19
17,1000,50,5.13,10.3,18,37,64,956,24,11,9,44,7.943064352,186,222,25.84075952,21.61118511,8.395195879,7.47059153,489,14,2,6,22,467,10,9,3,22,511,489,189,33,168,18
23,1000,50,5.13,10.3,18,37,51,960,24,6,10,40,8.024429708,163,185,18.53992124,16.75617764,8.361157449,7.682270874,480,15,5,4,24,480,9,1,6,16,504,496,154,31,139,24
21,1000,50,5.13,10.3,18,37,59,951,30,8,11,49,7.859110762,156,208,20.64206585,16.96618107,8.24643972,7.41881374,496,23,6,7,36,455,7,2,4,13,532,468,169,39,133,23
18,1000,50,5.13,10.3,18,37,61,966,23,6,5,34,7.908125943,182,204,28.45586695,23.39198862,8.777284742,6.9815021,489,18,5,4,27,477,5,1,1,7,516,484,176,28,166,16
22,1000,50,5.13,10.3,18,37,59,960,18,15,7,40,7.995341121,173,208,26.07841812,21.09376472,8.647639635,7.343042607,475,10,12,3,25,485,8,3,4,15,500,500,179,29,158,15
24,1000,50,5.13,10.3,18,37,28,962,17,17,4,38,7.586595971,129,146,14.21780034,10.68908238,7.527872379,7.642343319,467,6,12,2,20,495,11,5,2,18,487,513,100,46,97,32
20,1000,50,5.13,10.3,18,37,59,959,28,7,6,41,8.120264078,180,241,26.06848889,20.22537573,8.965596698,7.317774826,461,16,6,4,26,498,12,1,2,15,487,513,205,36,164,16
19,1000,50,5.13,10.3,18,37,61,948,37,10,5,52,8.232038972,180,217,28.49116671,23.33702529,8.8077061,7.593218487,491,25,7,3,35,457,12,3,2,17,526,474,185,32,160,20
17,1000,50,5.13,10.3,18,37,65,956,23,12,9,44,7.923108638,194,247,26.74708896,22.52569606,8.406544723,7.417922872,489,13,3,6,22,467,10,9,3,22,511,489,207,40,179,15
21,1000,50,5.13,10.3,18,37,60,951,30,8,11,49,7.858664061,148,199,21.09269693,17.50682547,8.240631097,7.424462216,496,23,6,7,36,455,7,2,4,13,532,468,168,31,128,20
23,1000,50,5.13,10.3,18,37,52,960,24,5,11,40,8.034149128,191,184,18.9062619,17.15103921,8.396790144,7.665659063,480,15,4,5,24,480,9,1,6,16,504,496,152,32,172,19
18,1000,50,5.13,10.3,18,37,62,966,23,5,6,34,7.930628322,157,215,29.27124954,24.03685025,8.846681805,6.95400932,489,18,4,5,27,477,5,1,1,7,516,484,187,28,146,11
22,1000,50,5.13,10.3,18,37,60,960,18,15,7,40,7.978402792,200,230,27.11550837,21.96730803,8.67417146,7.282634125,475,10,12,3,25,485,8,3,4,15,500,500,196,34,184,16
20,1000,50,5.13,10.3,18,37,60,959,28,7,6,41,8.142836913,174,212,26.74251426,20.78776631,9.037255395,7.293749581,461,16,6,4,26,498,12,1,2,15,487,513,188,24,166,8
24,1000,50,5.13,10.3,18,37,29,963,16,17,4,37,7.603019118,112,144,14.31444119,10.77189047,7.56757002,7.636671574,467,6,12,2,20,496,10,5,2,17,487,513,103,41,90,22
19,1000,50,5.13,10.3,18,37,62,948,36,11,5,52,8.275752683,179,209,29.53011812,24.11276826,8.871004991,7.615198434,491,25,7,3,35,457,11,4,2,17,526,474,182,27,160,19
17,1000,50,5.13,10.3,18,37,66,956,24,11,9,44,7.904658406,184,245,27.60466677,23.35084048,8.431703422,7.353901753,488,14,3,6,23,468,10,8,3,21,511,489,204,41,168,16
21,1000,50,5.13,10.3,18,37,61,950,31,8,11,50,7.85954183,166,211,21.54627079,17.86011694,8.26461146,7.399078062,496,23,6,7,36,454,8,2,4,14,532,468,177,34,144,22
18,1000,50,5.13,10.3,18,37,63,966,23,5,6,34,7.939354056,178,219,30.59727827,25.17942714,8.885186637,6.930987089,489,18,4,5,27,477,5,1,1,7,516,484,178,41,161,17
23,1000,50,5.13,10.3,18,37,53,961,23,5,11,39,8.028910069,178,189,19.24915748,17.53021125,8.435446173,7.615816932,481,14,4,5,23,480,9,1,6,16,504,496,162,27,161,17
22,1000,50,5.13,10.3,18,37,61,962,18,15,5,38,7.954037665,200,224,28.25356531,22.93076817,8.714363515,7.193711816,475,10,12,3,25,487,8,3,2,13,500,500,201,23,180,20
20,1000,50,5.13,10.3,18,37,61,961,26,8,5,39,8.119522867,197,238,27.24530329,21.19661754,9.090792161,7.197479696,461,16,6,4,26,500,10,2,1,13,487,513,215,23,181,16
19,1000,50,5.13,10.3,18,37,63,948,35,12,5,52,8.28959061,195,216,30.88065509,25.11328954,8.905525413,7.6060849,491,24,8,3,35,457,11,4,2,17,526,474,183,33,176,19
17,1000,50,5.13,10.3,18,37,67,956,24,11,9,44,7.883375913,200,253,28.32587895,24.26333764,8.455465096,7.285548566,488,14,3,6,23,468,10,8,3,21,511,489,219,34,186,14
24,1000,50,5.13,10.3,18,37,30,962,17,17,4,38,7.618579141,123,154,14.43567122,10.88759203,7.617374934,7.619722316,466,7,12,2,21,496,10,5,2,17,487,513,116,38,105,18
21,1000,50,5.13,10.3,18,37,62,951,31,7,11,49,7.867877926,165,215,22.12210879,18.29332228,8.306764523,7.36897265,496,23,6,7,36,455,8,1,4,13,532,468,178,37,142,23
18,1000,50,5.13,10.3,18,37,64,966,23,5,6,34,7.943857877,181,227,32.15682782,26.505077,8.891567911,6.933489329,489,18,4,5,27,477,5,1,1,7,516,484,200,27,165,16
23,1000,50,5.13,10.3,18,37,54,959,25,6,10,41,8.049853325,154,190,19.75652085,18.06119272,8.475662384,7.617176378,480,15,4,5,24,479,10,2,5,17,504,496,166,24,138,16
22,1000,50,5.13,10.3,18,37,62,960,20,15,5,40,7.95801567,194,231,29.37495688,23.86224266,8.791236962,7.124794377,473,12,12,3,27,487,8,3,2,13,500,500,188,43,174,20
20,1000,50,5.13,10.3,18,37,62,961,24,10,5,39,8.12642178,201,244,28.06878195,21.86622894,9.114731504,7.188201828,461,15,7,4,26,500,9,3,1,13,487,513,210,34,181,20
19,1000,50,5.13,10.3,18,37,64,949,34,12,5,51,8.263111466,177,220,32.03406484,25.93310513,8.924388149,7.529289662,491,24,8,3,35,458,10,4,2,16,526,474,185,35,159,18
17,1000,50,5.13,10.3,18,37,68,955,25,11,9,45,7.891611068,203,232,29.39597599,25.32468876,8.529856304,7.224651321,486,15,4,6,25,469,10,7,3,20,511,489,212,20,190,13
21,1000,50,5.13,10.3,18,37,63,952,30,7,11,48,7.849158735,176,189,22.56470126,18.67219449,8.319727703,7.314238454,496,23,6,7,36,456,7,1,4,12,532,468,168,21,157,19
18,1000,50,5.13,10.3,18,37,65,967,22,5,6,33,7.930731492,176,219,33.39022951,27.72928672,8.916478936,6.879810663,490,17,4,5,26,477,5,1,1,7,516,484,188,31,158,18
24,1000,50,5.13,10.3,18,37,31,964,17,15,4,36,7.588954482,112,156,14.4881122,10.98971295,7.628431227,7.551478509,467,7,11,2,20,497,10,4,2,16,487,513,111,45,96,16
23,1000,50,5.13,10.3,18,37,55,960,24,6,10,40,8.085485799,174,162,20.06039057,18.38667961,8.540612822,7.623018018,480,15,4,5,24,480,9,2,5,16,504,496,139,23,161,13
22,1000,50,5.13,10.3,18,37,63,959,21,15,5,41,7.96207883,193,208,30.35442883,24.65760686,8.848367046,7.075790615,471,14,12,3,29,488,7,3,2,12,500,500,181,27,174,19
20,1000,50,5.13,10.3,18,37,63,958,28,9,5,42,8.148543691,199,235,28.83278011,22.53886335,9.160134301,7.18822278,460,16,7,4,27,498,12,2,1,15,487,513,213,22,182,17
19,1000,50,5.13,10.3,18,37,65,950,33,12,5,50,8.284072707,186,225,33.66801535,27.05451467,8.962442871,7.531282188,491,24,8,3,35,459,9,4,2,15,526,474,193,32,172,14
17,1000,50,5.13,10.3,18,37,69,955,25,11,9,45,7.918024085,212,253,30.53672027,26.53570311,8.578751198,7.227571007,486,15,4,6,25,469,10,7,3,20,511,489,230,23,196,16
18,1000,50,5.13,10.3,18,37,66,966,22,6,6,34,7.959262721,181,202,34.20175533,28.46664351,8.987235983,6.863324284,490,16,5,5,26,476,6,1,1,8,516,484,182,20,164,17
21,1000,50,5.13,10.3,18,37,64,953,29,7,11,47,7.844770067,175,212,23.07616874,19.1586504,8.365051265,7.253339304,496,23,6,7,36,457,6,1,4,11,532,468,183,29,160,15
23,1000,50,5.13,10.3,18,37,56,963,22,5,10,37,8.082303916,173,190,20.47983503,18.82650408,8.576023321,7.580621295,480,15,4,5,24,483,7,1,5,13,504,496,160,30,153,20
24,1000,50,5.13,10.3,18,37,32,965,17,14,4,35,7.612345987,126,134,14.57177109,11.07376959,7.661254413,7.565916351,468,7,10,2,19,497,10,4,2,16,487,513,101,33,102,24
22,1000,50,5.13,10.3,18,37,64,960,19,16,5,40,7.961208118,206,243,31.71327449,25.8818607,8.90741983,7.014996405,471,13,13,3,29,489,6,3,2,11,500,500,210,33,189,17
20,1000,50,5.13,10.3,18,37,64,957,29,9,5,43,8.136379944,192,271,29.6933089,23.35298546,9.187507463,7.138525945,460,16,7,4,27,497,13,2,1,16,487,513,240,31,177,15
19,1000,50,5.13,10.3,18,37,66,949,34,12,5,51,8.313860444,191,228,34.50647058,27.95878849,8.979021251,7.575728409,490,25,8,3,36,459,9,4,2,15,526,474,191,37,172,19
17,1000,50,5.13,10.3,18,37,70,956,25,10,9,44,7.91102961,203,256,32.08062675,28.12027928,8.597440965,7.193736763,486,15,4,6,25,470,10,6,3,19,511,489,227,29,191,12
18,1000,50,5.13,10.3,18,37,67,966,21,7,6,34,7.965590654,192,232,35.60407278,29.84127265,9.049960972,6.809526429,490,15,6,5,26,476,6,1,1,8,516,484,202,30,173,19
21,1000,50,5.13,10.3,18,37,65,952,29,8,11,48,7.874950849,183,209,23.73986989,19.67253396,8.416666138,7.259154836,495,23,7,7,37,457,6,1,4,11,532,468,181,28,165,18
23,1000,50,5.13,10.3,18,37,57,962,23,5,10,38,8.133903062,154,207,20.90145493,19.24571629,8.654819699,7.604584544,480,15,4,5,24,482,8,1,5,14,504,496,170,37,138,16
24,1000,50,5.13,10.3,18,37,33,965,18,13,4,35,7.604526576,124,135,14.68446163,11.21475288,7.704978447,7.509165832,467,8,10,2,20,498,10,3,2,15,487,513,96,39,101,23
22,1000,50,5.13,10.3,18,37,65,962,19,15,4,38,7.934329645,193,226,32.87231357,26.95681904,8.946603439,6.922055851,471,13,13,3,29,491,6,2,1,9,500,500,197,29,181,12
20,1000,50,5.13,10.3,18,37,65,958,28,8,6,42,8.126091068,200,267,30.45704814,23.99842641,9.215969715,7.091449935,460,16,6,5,27,498,12,2,1,15,487,513,239,28,188,12
19,1000,50,5.13,10.3,18,37,67,949,34,12,5,51,8.311875507,201,234,35.73516819,28.91937378,9.029874504,7.515108687,490,25,8,3,36,459,9,4,2,15,526,474,213,21,183,18
17,1000,50,5.13,10.3,18,37,71,957,24,10,9,43,7.873672737,227,246,33.6449879,29.59724804,8.57621056,7.139527895,487,14,4,6,24,470,10,6,3,19,511,489,222,24,208,19
21,1000,50,5.13,10.3,18,37,66,953,29,8,10,47,7.89588709,175,210,24.2337796,20.05173113,8.484296227,7.227011745,495,23,7,7,37,458,6,1,3,10,532,468,174,36,159,16
18,1000,50,5.13,10.3,18,37,68,964,23,7,6,36,7.971558834,198,223,37.23618247,31.36979647,9.071713959,6.798666181,488,17,6,5,28,476,6,1,1,8,516,484,201,22,183,15
23,1000,50,5.13,10.3,18,37,58,962,23,5,10,38,8.156414264,174,215,21.27862097,19.57673364,8.718197176,7.585570337,480,15,4,5,24,482,8,1,5,14,504,496,188,27,160,14
22,1000,50,5.13,10.3,18,37,66,963,17,16,4,37,7.946528296,202,231,34.2055185,28.15205,9.013217113,6.87983948,471,12,14,3,29,492,5,2,1,8,500,500,205,26,182,20
24,1000,50,5.13,10.3,18,37,34,965,19,12,4,35,7.667549888,119,149,14.80678644,11.32504061,7.761670921,7.578199123,466,9,10,2,21,499,10,2,2,14,487,513,115,34,100,19
20,1000,50,5.13,10.3,18,37,66,958,27,9,6,42,8.122446564,210,256,31.3341486,24.6975729,9.271929015,7.031222484,460,16,6,5,27,498,11,3,1,15,487,513,236,20,194,16
19,1000,50,5.13,10.3,18,37,68,950,34,11,5,50,8.309452785,194,249,36.65534101,29.79056007,9.093246012,7.439673804,490,25,8,3,36,460,9,3,2,14,526,474,211,38,181,13
17,1000,50,5.13,10.3,18,37,72,957,24,10,9,43,7.874498767,233,267,35.5037227,31.51468167,8.573673349,7.143868478,487,14,4,6,24,470,10,6,3,19,511,489,237,30,217,16
18,1000,50,5.13,10.3,18,37,69,964,23,7,6,36,7.99834608,189,233,39.13242331,33.10035818,9.146549568,6.774228311,487,17,6,6,29,477,6,1,0,7,516,484,214,19,175,14
21,1000,50,5.13,10.3,18,37,67,953,28,9,10,47,7.932878125,172,204,24.67902147,20.45584955,8.585095603,7.191468513,495,22,8,7,37,458,6,1,3,10,532,468,183,21,158,14
23,1000,50,5.13,10.3,18,37,59,961,24,5,10,39,8.164750716,182,200,21.62963163,19.91511142,8.751248539,7.56879325,480,15,4,5,24,481,9,1,5,15,504,496,173,27,165,17
22,1000,50,5.13,10.3,18,37,67,964,17,16,3,36,7.906726665,209,232,35.74081812,29.58654822,8.998273116,6.815180215,472,12,14,2,28,492,5,2,1,8,500,500,198,34,192,17
24,1000,50,5.13,10.3,18,37,35,963,20,13,4,37,7.681803992,133,138,14.89424186,11.41353293,7.78911183,7.579934757,465,10,10,2,22,498,10,3,2,15,487,513,99,39,101,32
20,1000,50,5.13,10.3,18,37,67,958,26,9,7,42,8.135199032,202,270,32.07467783,25.34666388,9.358202378,6.97418026,459,16,6,6,28,499,10,3,1,14,487,513,240,30,189,13
19,1000,50,5.13,10.3,18,37,69,952,32,11,5,48,8.324623787,199,231,37.59961818,30.75344625,9.127243333,7.433953151,491,24,8,3,35,461,8,3,2,13,526,474,201,30,188,11
17,1000,50,5.13,10.3,18,37,73,957,24,10,9,43,7.863591416,240,277,37.26181463,33.45802331,8.590492861,7.103986839,486,15,4,6,25,471,9,6,3,18,511,489,252,25,222,18
18,1000,50,5.13,10.3,18,37,70,963,24,7,6,37,8.018676654,208,234,40.44583943,34.18585168,9.212457305,6.745968356,486,18,6,6,30,477,6,1,0,7,516,484,219,15,191,17
21,1000,50,5.13,10.3,18,37,68,953,26,11,10,47,7.962792828,175,230,25.28378679,20.93286737,8.656039939,7.174742693,495,20,10,7,37,458,6,1,3,10,532,468,195,35,158,17
23,1000,50,5.13,10.3,18,37,60,960,24,6,10,40,8.193457874,173,225,22.10649436,20.43518282,8.779353915,7.598111897,480,15,4,5,24,480,9,2,5,16,504,496,192,33,156,17
22,1000,50,5.13,10.3,18,37,68,964,17,16,3,36,7.874335565,196,248,37.53152036,31.37763616,9.004857951,6.74381318,472,12,14,2,28,492,5,2,1,8,500,500,211,37,181,15
20,1000,50,5.13,10.3,18,37,68,956,27,10,7,44,8.143247383,215,277,33.00464286,26.06125656,9.414139089,6.936767342,457,17,7,6,30,499,10,3,1,14,487,513,243,34,201,14
19,1000,50,5.13,10.3,18,37,70,951,32,13,4,49,8.327456302,198,241,38.93696863,32.07787294,9.140079523,7.425684542,491,24,9,2,35,460,8,4,2,14,526,474,210,31,181,17
17,1000,50,5.13,10.3,18,37,74,955,26,10,9,45,7.895402937,231,257,39.21552901,35.5834215,8.646610152,7.110399078,485,16,4,6,26,470,10,6,3,19,511,489,236,21,214,17
24,1000,50,5.13,10.3,18,37,36,963,20,13,4,37,7.686616484,110,147,15.02950385,11.541113,7.796706658,7.58210593,465,10,10,2,22,498,10,3,2,15,487,513,111,36,85,25
21,1000,50,5.13,10.3,18,37,69,952,27,11,10,48,7.979084486,186,243,26.02291366,21.57622478,8.71128525,7.146753704,494,21,10,7,38,458,6,1,3,10,532,468,209,34,164,22
18,1000,50,5.13,10.3,18,37,71,963,23,7,7,37,8.017214593,202,249,43.15199328,36.61385407,9.273557256,6.677807953,486,17,6,7,30,477,6,1,0,7,516,484,225,24,184,18
23,1000,50,5.13,10.3,18,37,61,959,25,6,10,41,8.196519003,199,229,22.4432437,20.80720017,8.814357929,7.568714932,479,16,4,5,25,480,9,2,5,16,504,496,198,31,173,26
22,1000,50,5.13,10.3,18,37,69,963,17,17,3,37,7.871792119,214,264,39.74098847,33.03682771,9.035367008,6.708217231,471,12,15,2,29,492,5,2,1,8,500,500,231,33,197,17
20,1000,50,5.13,10.3,18,37,69,956,27,10,7,44,8.113879483,227,280,33.7533178,26.73162642,9.421084804,6.872926283,457,17,7,6,30,499,10,3,1,14,487,513,259,21,209,18
17,1000,50,5.13,10.3,18,37,75,954,27,10,9,46,7.923055192,226,282,41.43224434,37.79750151,8.661612302,7.151270564,484,17,4,6,27,470,10,6,3,19,511,489,264,18,214,12
19,1000,50,5.13,10.3,18,37,71,950,33,13,4,50,8.339409363,208,223,40.62002851,33.46107478,9.194547644,7.390458443,490,25,9,2,36,460,8,4,2,14,526,474,205,18,196,12
24,1000,50,5.13,10.3,18,37,37,961,22,13,4,39,7.69609447,123,148,15.16887507,11.70389857,7.872688017,7.528451083,463,12,10,2,24,498,10,3,2,15,487,513,109,39,100,23
21,1000,50,5.13,10.3,18,37,70,952,27,11,10,48,7.958576604,176,224,26.97313439,22.312581,8.706108013,7.108818678,494,21,10,7,38,458,6,1,3,10,532,468,195,29,155,21
18,1000,50,5.13,10.3,18,37,72,962,23,7,8,38,8.016027298,195,252,45.63831474,38.57159964,9.324617445,6.620918795,485,17,6,8,31,477,6,1,0,7,516,484,225,27,177,18
23,1000,50,5.13,10.3,18,37,62,959,24,7,10,41,8.228182896,186,210,22.81703117,21.16810985,8.880332542,7.565514707,479,15,5,5,25,480,9,2,5,16,504,496,170,40,168,18
22,1000,50,5.13,10.3,18,37,70,963,17,17,3,37,7.853847446,214,260,42.01014787,34.7290277,9.050330935,6.657363958,471,12,15,2,29,492,5,2,1,8,500,500,236,24,205,9
20,1000,50,5.13,10.3,18,37,70,955,28,10,7,45,8.132904615,228,269,35.06448787,27.78857631,9.474538266,6.859267993,457,17,7,6,30,498,11,3,1,15,487,513,253,16,210,18
17,1000,50,5.13,10.3,18,37,76,954,27,10,9,46,7.946094815,247,296,43.20931757,39.43032021,8.679908519,7.179266998,484,17,4,6,27,470,10,6,3,19,511,489,260,36,232,15
19,1000,50,5.13,10.3,18,37,72,948,35,13,4,52,8.353366081,183,253,42.21236071,34.67442144,9.252215202,7.35590904,488,27,9,2,38,460,8,4,2,14,526,474,218,35,170,13
21,1000,50,5.13,10.3,18,37,71,951,28,11,10,49,7.969190633,168,232,27.82081815,23.03290339,8.752204995,7.079097384,494,21,10,7,38,457,7,1,3,11,532,468,200,32,156,12
18,1000,50,5.13,10.3,18,37,73,962,23,7,8,38,8.048735811,200,241,48.32270372,40.74479185,9.394662458,6.613822277,485,17,6,8,31,477,6,1,0,7,516,484,223,18,184,16
24,1000,50,5.13,10.3,18,37,38,961,22,13,4,39,7.738666818,141,156,15.29798739,11.87422843,7.916493336,7.56985295,463,12,10,2,24,498,10,3,2,15,487,513,126,30,119,22
23,1000,50,5.13,10.3,18,37,63,958,25,7,10,42,8.243273109,185,196,23.22955538,21.71577119,8.937250193,7.538102846,477,17,5,5,27,481,8,2,5,15,504,496,173,23,163,22
22,1000,50,5.13,10.3,18,37,71,963,17,17,3,37,7.860556421,202,224,43.79400115,36.22433027,9.076837718,6.644275123,471,12,15,2,29,492,5,2,1,8,500,500,201,23,189,13
20,1000,50,5.13,10.3,18,37,71,953,30,11,6,47,8.134168788,238,278,36.63734978,29.02694924,9.519632104,6.818923885,455,19,7,6,32,498,11,4,0,15,487,513,259,19,226,12
17,1000,50,5.13,10.3,18,37,77,954,27,10,9,46,7.930737968,254,273,45.47552418,41.42768982,8.687222565,7.140219298,484,17,4,6,27,470,10,6,3,19,511,489,251,22,236,18
19,1000,50,5.13,10.3,18,37,73,949,34,14,3,51,8.361403493,199,237,43.39007777,35.86087897,9.308953181,7.309903207,488,26,10,2,38,461,8,4,1,13,526,474,217,20,186,13
21,1000,50,5.13,10.3,18,37,72,950,27,12,11,50,7.989904951,185,255,28.69681876,23.79931088,8.808426233,7.059449135,493,20,11,8,39,457,7,1,3,11,532,468,221,34,164,21
18,1000,50,5.13,10.3,18,37,74,959,26,7,8,41,8.064956336,203,277,52.1927378,44.49421296,9.452889442,6.585259059,484,18,6,8,32,475,8,1,0,9,516,484,245,32,190,13
24,1000,50,5.13,10.3,18,37,39,961,22,13,4,39,7.762927984,117,168,15.4455998,12.036081,7.976885918,7.559813921,463,12,10,2,24,498,10,3,2,15,487,513,128,40,94,23
22,1000,50,5.13,10.3,18,37,72,964,17,16,3,36,7.839188133,211,288,45.3314515,37.51107805,9.078204321,6.600171945,472,12,14,2,28,492,5,2,1,8,500,500,252,36,198,13
23,1000,50,5.13,10.3,18,37,64,957,26,8,9,43,8.259478272,187,229,24.06965813,22.65897479,8.98640603,7.520825874,477,17,5,5,27,480,9,3,4,16,504,496,204,25,175,12
20,1000,50,5.13,10.3,18,37,72,954,29,11,6,46,8.107068843,226,298,37.94953506,30.10626298,9.533003478,6.753403799,455,19,7,6,32,499,10,4,0,14,487,513,273,25,219,7
17,1000,50,5.13,10.3,18,37,78,954,27,10,9,46,7.9069973,248,307,48.08626071,43.86072216,8.679600352,7.09963501,484,17,4,6,27,470,10,6,3,19,511,489,284,23,232,16
19,1000,50,5.13,10.3,18,37,74,948,34,15,3,52,8.387259198,231,252,44.46183817,36.93965673,9.339654705,7.330381484,487,27,10,2,39,461,7,5,1,13,526,474,226,26,217,14
21,1000,50,5.13,10.3,18,37,73,948,28,13,11,52,7.972756865,197,241,29.77788098,24.85324889,8.846504817,6.979522012,492,21,11,8,40,456,7,2,3,12,532,468,214,27,182,15
18,1000,50,5.13,10.3,18,37,75,959,26,6,9,41,8.052234951,220,264,57.31805025,49.13781309,9.493317139,6.515874601,483,19,6,8,33,476,7,0,1,8,516,484,239,25,199,21
22,1000,50,5.13,10.3,18,37,73,964,17,16,3,36,7.825815232,236,264,46.83458695,38.78478487,9.084145113,6.567485352,472,12,14,2,28,492,5,2,1,8,500,500,239,25,221,15
23,1000,50,5.13,10.3,18,37,65,956,27,8,9,44,8.219835344,189,207,24.57265798,23.25359123,9.023645459,7.403060549,476,18,5,5,28,480,9,3,4,16,504,496,182,25,174,15
24,1000,50,5.13,10.3,18,37,40,962,21,13,4,38,7.735337297,120,165,15.63434235,12.21288639,7.998254845,7.485745004,463,12,10,2,24,499,9,3,2,14,487,513,125,40,104,16
20,1000,50,5.13,10.3,18,37,73,953,30,11,6,47,8.118748849,225,310,39.21362289,31.17176021,9.599713171,6.712843148,454,20,7,6,33,499,10,4,0,14,487,513,288,22,211,14
17,1000,50,5.13,10.3,18,37,79,954,27,10,9,46,7.961692213,257,304,50.52365686,46.20641875,8.788122079,7.098081453,483,18,4,6,28,471,9,6,3,18,511,489,270,34,242,15
19,1000,50,5.13,10.3,18,37,75,945,36,16,3,55,8.397254526,219,279,45.86403833,38.67030892,9.366224732,7.321983791,486,28,10,2,40,459,8,6,1,15,526,474,250,29,209,10
18,1000,50,5.13,10.3,18,37,76,958,27,6,9,42,8.028374159,216,250,62.93121948,54.30188873,9.52598642,6.431746211,482,20,6,8,34,476,7,0,1,8,516,484,229,21,203,13
21,1000,50,5.13,10.3,18,37,74,948,28,13,11,52,7.973947425,205,230,31.12567731,26.10675684,8.887919828,6.934987344,492,21,11,8,40,456,7,2,3,12,532,468,206,24,189,16
22,1000,50,5.13,10.3,18,37,74,963,18,16,3,37,7.847581394,232,272,48.92319726,40.2708393,9.208442164,6.486720623,471,13,14,2,29,492,5,2,1,8,500,500,244,28,220,12
23,1000,50,5.13,10.3,18,37,66,957,27,7,9,43,8.227587158,209,217,25.27302928,24.14055677,9.095946285,7.345222239,476,18,5,5,28,481,9,2,4,15,504,496,188,29,194,15
24,1000,50,5.13,10.3,18,37,41,960,23,13,4,40,7.795570896,120,142,15.85149356,12.42860582,8.072710191,7.532477647,462,13,10,2,25,498,10,3,2,15,487,513,101,41,104,16
20,1000,50,5.13,10.3,18,37,74,954,29,10,7,46,8.153400409,243,312,40.87264986,32.63956687,9.69600856,6.688975127,454,20,6,7,33,500,9,4,0,13,487,513,278,34,225,18
17,1000,50,5.13,10.3,18,37,80,954,27,10,9,46,7.98489557,258,302,53.85617324,49.33236272,8.82426934,7.107758563,483,18,4,6,28,471,9,6,3,18,511,489,275,27,238,20
19,1000,50,5.13,10.3,18,37,76,945,36,16,3,55,8.404208877,216,253,47.68046133,40.62386261,9.408655327,7.289569989,486,28,10,2,40,459,8,6,1,15,526,474,228,25,201,15
18,1000,50,5.13,10.3,18,37,77,956,29,6,9,44,8.083545477,234,275,68.63453809,60.06308687,9.642155577,6.421886775,480,22,6,8,36,476,7,0,1,8,516,484,250,25,216,18
21,1000,50,5.13,10.3,18,37,75,948,28,13,11,52,7.965701094,208,243,32.26224609,27.04211211,8.897940098,6.905976414,492,21,11,8,40,456,7,2,3,12,532,468,219,24,191,17
22,1000,50,5.13,10.3,18,37,75,962,19,16,3,38,7.857613886,234,275,51.82749497,42.6405736,9.279963784,6.435263989,470,14,14,2,30,492,5,2,1,8,500,500,245,30,217,17
23,1000,50,5.13,10.3,18,37,67,957,27,7,9,43,8.225442142,205,223,26.4141683,25.29570494,9.16542685,7.27029639,476,18,5,5,28,481,9,2,4,15,504,496,204,19,185,20
20,1000,50,5.13,10.3,18,37,75,957,24,12,7,43,8.083850017,234,295,42.87696313,34.18783343,9.68807001,6.560935521,455,17,8,7,32,502,7,4,0,11,487,513,274,21,214,20
17,1000,50,5.13,10.3,18,37,81,954,27,10,9,46,8.002708358,261,318,56.99756722,51.55169667,8.845731683,7.121757602,483,18,4,6,28,471,9,6,3,18,511,489,288,30,248,13
19,1000,50,5.13,10.3,18,37,77,944,37,16,3,56,8.403212405,211,263,50.02422074,43.13280262,9.470195592,7.219176209,485,29,10,2,41,459,8,6,1,15,526,474,236,27,203,8
24,1000,50,5.13,10.3,18,37,42,960,24,13,3,40,7.790305918,144,173,16.04115906,12.63666259,8.129472798,7.468328783,462,13,10,2,25,498,11,3,1,15,487,513,140,33,114,30
18,1000,50,5.13,10.3,18,37,78,956,29,6,9,44,8.10764082,232,271,72.13816338,63.06355352,9.69903549,6.411029974,479,23,6,8,37,477,6,0,1,7,516,484,244,27,216,16
21,1000,50,5.13,10.3,18,37,76,948,28,14,10,52,7.964028707,197,256,33.59089118,28.09285983,8.951020654,6.842063503,492,20,12,8,40,456,8,2,2,12,532,468,232,24,183,14
22,1000,50,5.13,10.3,18,37,76,962,19,16,3,38,7.856594768,223,263,54.39715286,44.70630789,9.311381417,6.401808118,470,14,14,2,30,492,5,2,1,8,500,500,239,24,207,16
23,1000,50,5.13,10.3,18,37,68,955,29,7,9,45,8.273581562,194,232,27.68433682,26.65030011,9.279539868,7.251398123,474,20,5,5,30,481,9,2,4,15,504,496,206,26,176,18
20,1000,50,5.13,10.3,18,37,76,955,25,12,8,45,8.121344198,251,298,44.44386375,35.53279708,9.778810611,6.54788193,453,18,8,8,34,502,7,4,0,11,487,513,270,28,233,18
17,1000,50,5.13,10.3,18,37,82,955,26,10,9,45,7.972247205,279,321,61.23129311,54.83288184,8.870229722,7.033864657,483,18,4,6,28,472,8,6,3,17,511,489,300,21,262,17
19,1000,50,5.13,10.3,18,37,78,944,36,17,3,56,8.401375987,233,265,52.28199627,44.67850407,9.521002736,7.158920987,485,28,11,2,41,459,8,6,1,15,526,474,237,28,213,20
24,1000,50,5.13,10.3,18,37,43,959,25,13,3,41,7.803175782,129,171,16.23146381,12.83409615,8.166858947,7.457924901,461,14,10,2,26,498,11,3,1,15,487,513,129,42,111,18
18,1000,50,5.13,10.3,18,37,79,955,30,6,9,45,8.057943425,223,275,74.95515674,65.41105681,9.733383489,6.271730464,478,24,6,8,38,477,6,0,1,7,516,484,249,26,208,15
21,1000,50,5.13,10.3,18,37,77,948,27,15,10,52,7.938487607,210,246,34.69060151,29.11522414,8.965497237,6.771032215,492,19,13,8,40,456,8,2,2,12,532,468,231,15,192,18
22,1000,50,5.13,10.3,18,37,77,960,20,17,3,40,7.88190961,232,261,56.33293572,46.13592339,9.394372928,6.369446293,469,15,14,2,31,491,5,3,1,9,500,500,241,20,219,13
23,1000,50,5.13,10.3,18,37,69,953,31,7,9,47,8.316630271,201,238,29.09941366,28.05006834,9.334057737,7.282792686,473,21,5,5,31,480,10,2,4,16,504,496,217,21,190,11
20,1000,50,5.13,10.3,18,37,77,954,26,12,8,46,8.1039291,257,304,46.40247106,37.16789446,9.826917113,6.468266016,452,19,8,8,35,502,7,4,0,11,487,513,284,20,245,12
17,1000,50,5.13,10.3,18,37,83,955,27,10,8,45,7.946959082,263,289,64.19391203,57.25252708,8.908220376,6.942450859,483,18,4,6,28,472,9,6,2,17,511,489,269,20,254,9
19,1000,50,5.13,10.3,18,37,79,943,37,17,3,57,8.405902172,224,259,55.06526389,47.82869124,9.566365314,7.118130837,484,29,11,2,42,459,8,6,1,15,526,474,239,20,212,12
18,1000,50,5.13,10.3,18,37,80,955,30,6,9,45,8.063402803,243,280,80.70387016,70.63501665,9.762887692,6.251555277,478,24,6,8,38,477,6,0,1,7,516,484,253,27,223,20
24,1000,50,5.13,10.3,18,37,44,961,24,12,3,39,7.802378539,135,159,16.45193082,13.00842987,8.160563472,7.462347227,462,14,9,2,25,499,10,3,1,14,487,513,125,34,116,19
21,1000,50,5.13,10.3,18,37,78,947,28,15,10,53,7.979186759,205,229,36.63339794,30.60045746,9.021470424,6.794368575,491,20,13,8,41,456,8,2,2,12,532,468,205,24,189,16
22,1000,50,5.13,10.3,18,37,78,960,20,17,3,40,7.880479452,227,275,58.2673316,47.51269868,9.435671557,6.325287347,469,15,14,2,31,491,5,3,1,9,500,500,255,20,214,13
23,1000,50,5.13,10.3,18,37,70,952,32,7,9,48,8.341998355,213,237,30.83659284,29.84957655,9.411495764,7.255250987,472,22,5,5,32,480,10,2,4,16,504,496,214,23,192,21
20,1000,50,5.13,10.3,18,37,78,954,26,12,8,46,8.102965258,243,308,48.5110807,38.67390787,9.8706073,6.424911311,452,19,8,8,35,502,7,4,0,11,487,513,287,21,237,6
17,1000,50,5.13,10.3,18,37,84,956,27,10,7,44,7.918654226,260,315,67.73114827,60.39742741,8.929862584,6.861951832,483,18,4,6,28,473,9,6,1,16,511,489,296,19,250,10
19,1000,50,5.13,10.3,18,37,80,943,38,15,4,57,8.40592318,226,276,58.22791225,51.2372286,9.614625401,7.064620715,484,30,9,3,42,459,8,6,1,15,526,474,251,25,213,13
18,1000,50,5.13,10.3,18,37,81,955,29,7,9,45,8.103326826,241,272,86.2765021,75.90131161,9.830974107,6.261454931,478,23,7,8,38,477,6,0,1,7,516,484,249,23,228,13
21,1000,50,5.13,10.3,18,37,79,947,29,14,10,53,7.956713629,221,242,38.75914053,32.48696107,9.017037507,6.751388195,491,21,12,8,41,456,8,2,2,12,532,468,224,18,203,18
24,1000,50,5.13,10.3,18,37,45,960,26,11,3,40,7.832585948,125,174,16.69428256,13.20758026,8.202655947,7.481271932,462,14,9,2,25,498,12,2,1,15,487,513,133,41,109,16
22,1000,50,5.13,10.3,18,37,79,960,20,17,3,40,7.91167791,253,291,61.08582128,49.84260572,9.50477066,6.318585161,469,15,14,2,31,491,5,3,1,9,500,500,270,21,234,19
23,1000,50,5.13,10.3,18,37,71,952,31,7,10,48,8.337185306,218,255,32.42567215,31.70165677,9.446146313,7.210337831,473,21,5,5,31,479,10,2,5,17,504,496,229,26,202,16
20,1000,50,5.13,10.3,18,37,79,954,26,12,8,46,8.074954131,264,316,51.52877259,40.71202395,9.926485315,6.317262734,452,19,8,8,35,502,7,4,0,11,487,513,298,18,251,13
17,1000,50,5.13,10.3,18,37,85,955,29,9,7,45,7.942958256,285,317,71.34672524,63.4458684,9.013013227,6.824761752,481,20,4,6,30,474,9,5,1,15,511,489,298,19,273,12
19,1000,50,5.13,10.3,18,37,81,943,37,16,4,57,8.401805628,258,270,61.9783167,54.85836987,9.663786759,7.00137931,484,29,10,3,42,459,8,6,1,15,526,474,249,21,242,16
18,1000,50,5.13,10.3,18,37,82,955,29,7,9,45,8.107956518,255,308,90.53984785,79.35863403,9.871896864,6.227392018,478,23,7,8,38,477,6,0,1,7,516,484,278,30,237,18
21,1000,50,5.13,10.3,18,37,80,946,30,14,10,54,7.954865206,210,270,40.88146505,34.02445624,9.055106476,6.70416359,490,22,12,8,42,456,8,2,2,12,532,468,248,22,194,16
22,1000,50,5.13,10.3,18,37,80,959,21,17,3,41,7.911032402,242,298,64.48945,52.31987727,9.529745647,6.292319156,469,15,14,2,31,490,6,3,1,10,500,500,270,28,228,14
24,1000,50,5.13,10.3,18,37,46,959,28,10,3,41,7.831601682,148,173,16.87015335,13.37165509,8.240423057,7.443500298,462,14,9,2,25,497,14,1,1,16,487,513,131,42,131,17
20,1000,50,5.13,10.3,18,37,80,955,25,11,9,45,8.048366906,262,308,55.35244322,43.28115775,9.94243479,6.250294664,453,18,7,9,34,502,7,4,0,11,487,513,292,16,245,17
23,1000,50,5.13,10.3,18,37,72,951,32,8,9,49,8.339137537,246,257,33.7196789,33.00450995,9.486275087,7.173497768,472,21,6,5,32,479,11,2,4,17,504,496,243,14,231,15
17,1000,50,5.13,10.3,18,37,86,956,29,8,7,44,7.917584969,271,333,74.69167381,66.45618989,9.043181512,6.741348092,481,20,4,6,30,475,9,4,1,14,511,489,314,19,255,16
19,1000,50,5.13,10.3,18,37,82,942,38,15,5,58,8.399923438,226,295,64.40478532,56.64310204,9.702836292,6.954074996,483,30,10,3,43,459,8,5,2,15,526,474,276,19,212,14
18,1000,50,5.13,10.3,18,37,83,955,28,8,9,45,8.083645665,248,292,99.03150491,86.8059081,9.871785841,6.177281344,478,22,8,8,38,477,6,0,1,7,516,484,266,26,229,19
21,1000,50,5.13,10.3,18,37,81,945,31,14,10,55,7.934051128,226,285,43.81206488,36.29278007,9.066005786,6.647299252,489,23,12,8,43,456,8,2,2,12,532,468,258,27,209,17
22,1000,50,5.13,10.3,18,37,81,958,22,17,3,42,7.895745973,256,300,67.06212367,54.30136258,9.5614406,6.230051347,469,15,14,2,31,489,7,3,1,11,500,500,271,29,241,15
20,1000,50,5.13,10.3,18,37,81,955,25,11,9,45,8.037015789,260,318,57.62870362,44.88395894,9.976234062,6.196081483,453,18,7,9,34,502,7,4,0,11,487,513,296,22,251,9
24,1000,50,5.13,10.3,18,37,47,961,26,10,3,39,7.852688224,136,162,17.13992279,13.62337409,8.279929146,7.447100837,462,14,8,3,25,499,12,2,0,14,487,513,133,29,117,19
17,1000,50,5.13,10.3,18,37,87,956,28,9,7,44,7.925580705,287,309,79.51668097,70.57390047,9.101196696,6.697074015,481,19,5,6,30,475,9,4,1,14,511,489,295,14,269,18
23,1000,50,5.13,10.3,18,37,73,949,33,9,9,51,8.331519636,225,252,35.30427362,34.65597278,9.519290152,7.124591531,470,22,7,5,34,479,11,2,4,17,504,496,231,21,204,21
19,1000,50,5.13,10.3,18,37,83,943,37,15,5,57,8.395891794,242,274,68.8282812,60.23628575,9.750302791,6.892895625,483,30,10,3,43,460,7,5,2,14,526,474,255,19,222,20
18,1000,50,5.13,10.3,18,37,84,955,28,8,9,45,8.08440877,251,308,111.7442232,99.78682272,9.885652961,6.164074054,478,22,8,8,38,477,6,0,1,7,516,484,289,19,234,17
21,1000,50,5.13,10.3,18,37,82,947,31,13,9,53,7.939397269,225,252,45.83123437,37.55235011,9.093723245,6.627214751,491,23,11,7,41,456,8,2,2,12,532,468,234,18,212,13
22,1000,50,5.13,10.3,18,37,82,958,22,17,3,42,7.892115772,256,303,70.35593115,56.84088446,9.582166016,6.202065529,469,15,14,2,31,489,7,3,1,11,500,500,281,22,242,14
20,1000,50,5.13,10.3,18,37,82,955,25,11,9,45,8.032728858,289,319,60.35724845,46.90565742,10.00546062,6.159979599,453,18,7,9,34,502,7,4,0,11,487,513,298,21,271,18
17,1000,50,5.13,10.3,18,37,88,957,26,10,7,43,7.945877777,271,359,85.22582335,76.13165922,9.136826278,6.701348772,481,19,5,6,30,476,7,5,1,13,511,489,337,22,259,12
23,1000,50,5.13,10.3,18,37,74,949,33,10,8,51,8.285908584,225,270,37.20133995,36.55994577,9.517413441,7.034540746,469,23,8,4,35,480,10,2,4,16,504,496,249,21,208,17
24,1000,50,5.13,10.3,18,37,48,961,26,10,3,39,7.80652363,138,161,17.41560274,13.87954233,8.293629554,7.344105335,461,15,8,3,26,500,11,2,0,13,487,513,135,26,120,18
19,1000,50,5.13,10.3,18,37,84,943,38,14,5,57,8.410448877,238,294,75.06272492,64.96703421,9.800562325,6.867833533,484,30,9,3,42,459,8,5,2,15,526,474,266,28,227,11
18,1000,50,5.13,10.3,18,37,85,955,28,8,9,45,8.052300093,261,318,123.3417907,110.3694586,9.90205576,6.080246531,478,22,8,8,38,477,6,0,1,7,516,484,296,22,246,15
21,1000,50,5.13,10.3,18,37,83,946,32,13,9,54,7.941488784,226,261,47.80461301,39.25510476,9.135436772,6.584265858,491,23,11,7,41,455,9,2,2,13,532,468,241,20,208,18
22,1000,50,5.13,10.3,18,37,83,956,24,18,2,44,7.910241001,259,293,73.82904443,59.4352561,9.662101576,6.158380425,468,15,15,2,32,488,9,3,0,12,500,500,271,22,248,11
20,1000,50,5.13,10.3,18,37,83,954,26,11,9,46,8.048620657,292,322,62.83365525,48.70673461,10.0908487,6.109897346,452,19,7,9,35,502,7,4,0,11,487,513,297,25,284,8
17,1000,50,5.13,10.3,18,37,89,957,26,10,7,43,7.92622824,294,341,89.89709185,80.92214837,9.17118972,6.625256223,481,19,5,6,30,476,7,5,1,13,511,489,321,20,283,11
23,1000,50,5.13,10.3,18,37,75,950,32,10,8,50,8.316976513,203,279,38.82606765,38.25235014,9.543586728,7.070582261,469,23,8,4,35,481,9,2,4,15,504,496,245,34,189,14
19,1000,50,5.13,10.3,18,37,85,942,39,14,5,58,8.416732457,266,286,79.14632921,67.61076701,9.863852924,6.810856158,484,29,10,3,42,458,10,4,2,16,526,474,260,26,251,15
24,1000,50,5.13,10.3,18,37,49,961,26,10,3,39,7.831514708,128,168,17.72987156,14.14802639,8.343212553,7.345750868,461,15,8,3,26,500,11,2,0,13,487,513,139,29,108,20
18,1000,50,5.13,10.3,18,37,86,954,29,8,9,46,8.070649625,241,307,144.5251958,130.167414,9.961364265,6.054929058,477,23,8,8,39,477,6,0,1,7,516,484,283,24,228,13
21,1000,50,5.13,10.3,18,37,84,946,32,13,9,54,7.935922935,236,268,49.32914087,40.24020688,9.162873697,6.541184035,491,23,11,7,41,455,9,2,2,13,532,468,248,20,222,14
22,1000,50,5.13,10.3,18,37,84,954,25,19,2,46,7.929880563,252,301,78.40899851,62.98081278,9.700187737,6.15957339,467,16,15,2,33,487,9,4,0,13,500,500,280,21,244,8
17,1000,50,5.13,10.3,18,37,90,958,24,11,7,42,7.941396611,297,336,96.28694148,88.41688281,9.25113453,6.572733878,481,18,6,6,30,477,6,5,1,12,511,489,318,18,287,10
20,1000,50,5.13,10.3,18,37,84,953,27,11,9,47,8.058304757,290,345,66.94221651,51.53285397,10.13826945,6.083757376,451,20,7,9,36,502,7,4,0,11,487,513,320,25,273,17
23,1000,50,5.13,10.3,18,37,76,950,32,9,9,50,8.309484227,223,259,40.23560376,39.53170756,9.574196152,7.024373722,469,23,8,4,35,481,9,1,5,15,504,496,240,19,206,17
19,1000,50,5.13,10.3,18,37,86,942,39,13,6,58,8.426648459,245,290,81.31006315,69.47659743,9.940152148,6.74710639,483,30,9,4,43,459,9,4,2,15,526,474,269,21,238,7
24,1000,50,5.13,10.3,18,37,50,961,26,10,3,39,7.840420096,137,194,18.07187806,14.48219791,8.376008014,7.331976984,461,15,8,3,26,500,11,2,0,13,487,513,161,33,116,21
18,1000,50,5.13,10.3,18,37,87,953,29,9,9,47,8.09844632,256,325,165.651411,149.6674013,10.03494877,6.033910654,476,23,9,8,40,477,6,0,1,7,516,484,297,28,246,10
21,1000,50,5.13,10.3,18,37,85,945,33,13,9,55,7.939868403,229,283,51.37921493,41.81422766,9.190279646,6.518460752,490,24,11,7,42,455,9,2,2,13,532,468,265,18,218,11
22,1000,50,5.13,10.3,18,37,85,954,25,19,2,46,7.925752858,262,302,82.63197164,66.4668331,9.741484978,6.110020739,467,16,15,2,33,487,9,4,0,13,500,500,281,21,253,9
17,1000,50,5.13,10.3,18,37,91,957,24,12,7,43,7.958584648,314,334,104.1291466,96.7796279,9.281607044,6.576039773,480,19,6,6,31,477,5,6,1,12,511,489,313,21,300,14
20,1000,50,5.13,10.3,18,37,85,952,28,11,9,48,8.060369698,299,352,70.294377,53.83082862,10.17939407,6.048742273,450,21,7,9,37,502,7,4,0,11,487,513,337,15,286,13
23,1000,50,5.13,10.3,18,37,77,949,33,9,9,51,8.312386137,226,274,42.29124975,41.70357164,9.652401341,6.950757783,468,24,8,4,36,481,9,1,5,15,504,496,246,28,218,8
19,1000,50,5.13,10.3,18,37,87,942,40,12,6,58,8.3862547,256,305,86.98175423,74.82973988,9.914598524,6.690244464,484,30,8,4,42,458,10,4,2,16,526,474,269,36,234,22
18,1000,50,5.13,10.3,18,37,88,953,29,9,9,47,8.102106939,275,344,185.3239935,169.1995547,10.07760133,5.996001348,476,23,9,8,40,477,6,0,1,7,516,484,324,20,262,13
24,1000,50,5.13,10.3,18,37,51,960,27,10,3,40,7.846523108,152,184,18.38055608,14.81417792,8.427453315,7.295035758,460,16,8,3,27,500,11,2,0,13,487,513,147,37,129,23
21,1000,50,5.13,10.3,18,37,86,945,33,13,9,55,7.960899995,233,280,53.94985289,44.02499964,9.254270659,6.49065813,490,24,11,7,42,455,9,2,2,13,532,468,252,28,223,10
22,1000,50,5.13,10.3,18,37,86,954,25,19,2,46,7.986848855,268,314,88.08798113,70.60998941,9.835485647,6.138212063,467,16,15,2,33,487,9,4,0,13,500,500,292,22,255,13
17,1000,50,5.13,10.3,18,37,92,957,25,12,6,43,7.963403381,294,356,108.0647778,100.3527608,9.337104086,6.52790019,479,21,6,5,32,478,4,6,1,11,511,489,332,24,282,12
20,1000,50,5.13,10.3,18,37,86,951,30,11,8,49,8.040768217,298,346,72.88235526,56.0876757,10.20651814,5.984783397,449,23,7,8,38,502,7,4,0,11,487,513,322,24,284,14
23,1000,50,5.13,10.3,18,37,78,947,32,12,9,53,8.333226355,259,271,43.87645398,43.3357256,9.70028499,6.944118386,468,23,9,4,36,479,9,3,5,17,504,496,253,18,243,16
19,1000,50,5.13,10.3,18,37,88,942,41,11,6,58,8.437230686,267,307,93.83049075,80.06567736,9.976264209,6.729358042,484,31,7,4,42,458,10,4,2,16,526,474,287,20,252,15
18,1000,50,5.13,10.3,18,37,89,953,29,9,9,47,8.122649434,258,312,199.5010004,182.1616186,10.10105391,6.013441358,476,23,9,8,40,477,6,0,1,7,516,484,288,24,246,12
24,1000,50,5.13,10.3,18,37,52,958,27,12,3,42,7.888560407,139,210,18.74580224,15.23883045,8.490133464,7.317476433,458,17,9,3,29,500,10,3,0,13,487,513,171,39,124,15
21,1000,50,5.13,10.3,18,37,87,945,33,13,9,55,7.952522021,225,284,56.28876715,46.06056731,9.316673778,6.401819595,490,24,11,7,42,455,9,2,2,13,532,468,261,23,217,8
22,1000,50,5.13,10.3,18,37,87,954,25,19,2,46,7.978359659,264,330,95.28557421,76.07980674,9.87606185,6.080657468,467,16,15,2,33,487,9,4,0,13,500,500,302,28,256,8
17,1000,50,5.13,10.3,18,37,93,956,26,12,6,44,7.959919155,309,347,115.8926176,106.6627043,9.356169621,6.500851694,477,23,6,5,34,479,3,6,1,10,511,489,334,13,300,9
20,1000,50,5.13,10.3,18,37,87,950,31,11,8,50,8.031636322,317,356,75.67521905,58.27453281,10.25799534,5.91811421,448,24,7,8,39,502,7,4,0,11,487,513,334,22,299,18
23,1000,50,5.13,10.3,18,37,79,946,33,12,9,54,8.342175905,260,259,45.5466886,45.01865637,9.752577618,6.909025777,467,24,9,4,37,479,9,3,5,17,504,496,240,19,240,20
19,1000,50,5.13,10.3,18,37,89,943,40,12,5,57,8.428275775,277,303,99.06204748,85.04737052,9.997414191,6.686995592,485,29,8,4,41,458,11,4,1,16,526,474,283,20,261,16
18,1000,50,5.13,10.3,18,37,90,951,31,9,9,49,8.135270496,263,315,222.5999366,201.6062012,10.15585621,5.981092335,474,25,9,8,42,477,6,0,1,7,516,484,298,17,254,9
21,1000,50,5.13,10.3,18,37,88,943,34,12,11,57,7.995711266,239,276,58.27295081,47.70148657,9.428913406,6.366515672,487,26,10,9,45,456,8,2,2,12,532,468,264,12,231,8
22,1000,50,5.13,10.3,18,37,88,954,25,19,2,46,7.938194322,291,329,98.50888175,78.58470412,9.891647113,5.984741531,466,17,15,2,34,488,8,4,0,12,500,500,306,23,275,16
24,1000,50,5.13,10.3,18,37,53,958,28,11,3,42,7.929150041,137,167,19.01354061,15.53408671,8.555391598,7.334647822,459,17,8,3,28,499,11,3,0,14,487,513,139,28,117,20
17,1000,50,5.13,10.3,18,37,94,955,27,12,6,45,7.958028942,321,349,126.0221419,114.5776966,9.414066268,6.436484825,476,24,6,5,35,479,3,6,1,10,511,489,335,14,308,13
20,1000,50,5.13,10.3,18,37,88,948,32,11,9,52,8.027715254,292,375,78.5703792,60.59027124,10.32525925,5.846615979,446,26,7,8,41,502,6,4,1,11,487,513,348,27,286,6
23,1000,50,5.13,10.3,18,37,80,947,32,12,9,53,8.348364868,246,272,47.62682897,47.66355557,9.745957311,6.928230611,468,23,9,4,36,479,9,3,5,17,504,496,260,12,234,12
19,1000,50,5.13,10.3,18,37,90,942,41,12,5,58,8.439607058,275,313,102.7614785,88.31314198,10.07655261,6.623080977,482,32,8,4,44,460,9,4,1,14,526,474,290,23,264,11
18,1000,50,5.13,10.3,18,37,91,952,30,9,9,48,8.139490092,293,334,253.3646603,231.5935875,10.20542635,5.93696301,473,26,9,8,43,479,4,0,1,5,516,484,312,22,283,10
22,1000,50,5.13,10.3,18,37,89,954,25,19,2,46,7.952367924,284,316,103.7353714,82.69890958,9.942742373,5.961993475,466,17,15,2,34,488,8,4,0,12,500,500,301,15,272,12
21,1000,50,5.13,10.3,18,37,89,942,35,12,11,58,7.983142316,229,299,60.53871239,49.76275942,9.461347726,6.302789158,487,26,10,9,45,455,9,2,2,13,532,468,279,20,218,11
17,1000,50,5.13,10.3,18,37,95,952,30,12,6,48,7.976391612,308,358,133.1735552,121.1617798,9.483182963,6.401810058,474,26,6,5,37,478,4,6,1,11,511,489,332,26,298,10
20,1000,50,5.13,10.3,18,37,89,948,31,12,9,52,8.017804111,292,369,82.0788497,63.12699009,10.34696888,5.806686681,446,25,8,8,41,502,6,4,1,11,487,513,346,23,275,17
24,1000,50,5.13,10.3,18,37,54,958,28,11,3,42,7.949542333,167,210,19.24964703,15.81819044,8.573390108,7.357312575,459,17,8,3,28,499,11,3,0,14,487,513,178,32,152,15
19,1000,50,5.13,10.3,18,37,91,942,39,13,6,58,8.462972097,287,322,108.3101278,93.51796387,10.16216062,6.577374704,481,31,9,5,45,461,8,4,1,13,526,474,301,21,271,16
23,1000,50,5.13,10.3,18,37,81,947,32,10,11,53,8.319346379,244,282,49.99556165,50.18157677,9.808868159,6.805800054,467,24,7,6,37,480,8,3,5,16,504,496,263,19,230,14
18,1000,50,5.13,10.3,18,37,92,952,30,9,9,48,8.130805712,286,340,274.4397813,246.9193805,10.21361004,5.910295308,473,26,9,8,43,479,4,0,1,5,516,484,316,24,273,13
22,1000,50,5.13,10.3,18,37,90,954,25,19,2,46,7.961487822,291,326,108.8038581,86.77397004,10.02090907,5.902066575,465,18,15,2,35,489,7,4,0,11,500,500,312,14,282,9
21,1000,50,5.13,10.3,18,37,90,941,35,13,11,59,7.995734008,253,309,63.08633814,51.76451506,9.543192008,6.23665782,486,26,11,9,46,455,9,2,2,13,532,468,285,24,242,11
17,1000,50,5.13,10.3,18,37,96,951,31,12,6,49,8.002457922,328,348,139.9358147,127.9174934,9.556994086,6.377983525,474,26,6,5,37,477,5,6,1,12,511,489,330,18,316,12
20,1000,50,5.13,10.3,18,37,90,949,31,12,8,51,7.983599153,315,367,85.33539418,65.96940163,10.36645285,5.721513866,447,25,8,7,40,502,6,4,1,11,487,513,345,22,302,13
24,1000,50,5.13,10.3,18,37,55,958,27,11,4,42,8.00492869,153,182,19.53766403,16.10657064,8.691043222,7.353587994,459,16,8,4,28,499,11,3,0,14,487,513,157,25,139,14
19,1000,50,5.13,10.3,18,37,92,941,40,13,6,59,8.45645934,280,339,117.0628362,102.7789893,10.16854791,6.556546703,481,31,9,5,45,460,9,4,1,14,526,474,313,26,264,16
23,1000,50,5.13,10.3,18,37,82,947,32,10,11,53,8.29554166,257,289,51.73521837,51.87115936,9.828815479,6.737537618,466,25,7,6,38,481,7,3,5,15,504,496,274,15,247,10
18,1000,50,5.13,10.3,18,37,93,953,29,9,9,47,8.121089956,280,317,290.1578253,257.7644124,10.27974527,5.819713628,473,26,9,8,43,480,3,0,1,4,516,484,297,20,269,11
22,1000,50,5.13,10.3,18,37,91,950,28,20,2,50,8.023874567,279,340,114.5642169,91.71145842,10.12365902,5.924090118,462,20,16,2,38,488,8,4,0,12,500,500,314,26,266,13
17,1000,50,5.13,10.3,18,37,97,950,32,12,6,50,8.007464931,322,352,149.9577661,135.8644345,9.614374526,6.328260835,473,27,6,5,38,477,5,6,1,12,511,489,341,11,304,18
21,1000,50,5.13,10.3,18,37,91,941,35,13,11,59,7.975220491,257,293,66.59745958,54.25582362,9.56288657,6.170437683,486,26,11,9,46,455,9,2,2,13,532,468,272,21,246,11
20,1000,50,5.13,10.3,18,37,91,948,32,12,8,52,7.950332099,319,349,89.87752617,69.67972514,10.38124926,5.642619315,446,26,8,7,41,502,6,4,1,11,487,513,335,14,304,15
24,1000,50,5.13,10.3,18,37,56,958,27,11,4,42,8.040462153,147,186,19.82396583,16.37865023,8.786405926,7.332324498,458,17,8,4,29,500,10,3,0,13,487,513,156,30,137,10
19,1000,50,5.13,10.3,18,37,93,940,41,12,7,60,8.498533949,276,334,123.7650692,111.4696205,10.24904081,6.555988362,479,33,8,6,47,461,8,4,1,13,526,474,314,20,264,12
23,1000,50,5.13,10.3,18,37,83,947,32,10,11,53,8.274532364,256,300,53.65360062,53.82080009,9.906904593,6.615831551,466,25,7,6,38,481,7,3,5,15,504,496,282,18,240,16
18,1000,50,5.13,10.3,18,37,94,953,29,9,9,47,8.132720691,286,341,303.6638377,268.2931577,10.3163335,5.804736787,473,26,9,8,43,480,3,0,1,4,516,484,323,18,277,9
22,1000,50,5.13,10.3,18,37,92,950,28,19,3,50,8.05004426,296,332,123.8298413,99.52371209,10.19138867,5.908699846,462,20,15,3,38,488,8,4,0,12,500,500,314,18,286,10
17,1000,50,5.13,10.3,18,37,98,949,33,12,6,51,8.000919208,319,376,162.924598,147.2945477,9.637330722,6.290885909,473,27,6,5,38,476,6,6,1,13,511,489,360,16,314,5
21,1000,50,5.13,10.3,18,37,92,941,35,13,11,59,7.962630495,270,282,73.05962859,59.37904878,9.583726131,6.119846566,486,26,11,9,46,455,9,2,2,13,532,468,273,9,255,15
20,1000,50,5.13,10.3,18,37,92,949,32,11,8,51,7.957134124,322,362,93.77096047,73.04083299,10.45513592,5.585736707,446,26,8,7,41,503,6,3,1,10,487,513,350,12,311,11
19,1000,50,5.13,10.3,18,37,94,940,41,12,7,60,8.495182173,296,335,126.7704933,114.7406737,10.28006795,6.514486137,479,33,8,6,47,461,8,4,1,13,526,474,313,22,284,12
24,1000,50,5.13,10.3,18,37,57,957,28,11,4,43,8.082077493,142,198,20.15633527,16.67212042,8.853277738,7.349963421,457,18,8,4,30,500,10,3,0,13,487,513,172,26,127,15
23,1000,50,5.13,10.3,18,37,84,946,32,12,10,54,8.233006992,264,300,55.6879818,55.68730687,9.936529867,6.502007942,464,26,8,6,40,482,6,4,4,14,504,496,281,19,247,17
18,1000,50,5.13,10.3,18,37,95,953,29,9,9,47,8.122396867,301,339,332.2845169,293.8035002,10.35746657,5.739553956,473,26,9,8,43,480,3,0,1,4,516,484,325,14,284,17
22,1000,50,5.13,10.3,18,37,93,949,29,19,3,51,8.046076852,297,344,131.5312704,106.4528633,10.20894577,5.883207938,462,20,15,3,38,487,9,4,0,13,500,500,332,12,283,14
17,1000,50,5.13,10.3,18,37,99,949,33,12,6,51,7.96114462,325,365,177.1526326,157.6248777,9.652045726,6.194170254,473,27,6,5,38,476,6,6,1,13,511,489,352,13,319,6
21,1000,50,5.13,10.3,18,37,93,941,34,13,12,59,7.959391587,258,315,78.54493903,63.82387534,9.586645474,6.109607254,486,26,10,10,46,455,8,3,2,13,532,468,289,26,243,15
20,1000,50,5.13,10.3,18,37,93,949,32,11,8,51,7.964763962,317,365,99.58640644,78.06531161,10.479597,5.577388351,446,26,8,7,41,503,6,3,1,10,487,513,345,20,304,13
19,1000,50,5.13,10.3,18,37,95,941,40,12,7,59,8.469277435,287,323,134.3267491,122.105342,10.32830617,6.406304615,479,33,8,6,47,462,7,4,1,12,526,474,307,16,274,13
23,1000,50,5.13,10.3,18,37,85,946,32,12,10,54,8.245278014,278,333,58.48733316,58.29400865,9.941780008,6.521413083,464,26,8,6,40,482,6,4,4,14,504,496,313,20,266,12
18,1000,50,5.13,10.3,18,37,96,953,29,9,9,47,8.105291578,289,339,351.3239456,314.4803059,10.3632692,5.698026175,473,26,9,8,43,480,3,0,1,4,516,484,322,17,275,14
24,1000,50,5.13,10.3,18,37,58,957,28,12,3,43,8.041282546,165,185,20.56271992,17.04688536,8.821368087,7.300733504,457,18,9,3,30,500,10,3,0,13,487,513,163,22,150,15
22,1000,50,5.13,10.3,18,37,94,948,29,20,3,52,8.057547118,293,328,139.4285722,113.5729669,10.27873442,5.83635982,461,20,16,3,39,487,9,4,0,13,500,500,308,20,280,13
17,1000,50,5.13,10.3,18,37,100,948,34,12,6,52,7.974881465,323,376,193.0892962,171.0207787,9.731823434,6.138895072,472,28,6,5,39,476,6,6,1,13,511,489,358,18,318,5
21,1000,50,5.13,10.3,18,37,94,941,34,13,12,59,7.980277061,264,304,86.28794442,69.93398305,9.654364789,6.077254259,486,26,10,10,46,455,8,3,2,13,532,468,282,22,252,12
20,1000,50,5.13,10.3,18,37,94,949,32,9,10,51,7.976981049,329,379,107.544797,84.03362192,10.53788588,5.545868664,446,26,7,8,41,503,6,2,2,10,487,513,364,15,321,8
19,1000,50,5.13,10.3,18,37,96,940,41,12,7,60,8.472842385,296,341,141.9862862,129.7711085,10.37834439,6.35829797,478,34,8,6,48,462,7,4,1,12,526,474,325,16,283,13
23,1000,50,5.13,10.3,18,37,86,948,30,13,9,52,8.204007396,267,309,61.90861348,61.75967439,9.97078717,6.408731175,464,26,8,6,40,484,4,5,3,12,504,496,282,27,254,13
18,1000,50,5.13,10.3,18,37,97,951,31,9,9,49,8.101778086,307,341,404.2614552,356.6331281,10.38878831,5.663560573,472,27,9,8,44,479,4,0,1,5,516,484,325,16,292,15
24,1000,50,5.13,10.3,18,37,59,958,28,11,3,42,8.041510808,172,212,20.85539909,17.31263038,8.851488547,7.272584573,457,18,9,3,30,501,10,2,0,12,487,513,176,36,158,14
22,1000,50,5.13,10.3,18,37,95,946,31,20,3,54,8.051832769,309,357,144.4055766,117.774386,10.34092186,5.762743684,459,22,16,3,41,487,9,4,0,13,500,500,338,19,297,12
17,1000,50,5.13,10.3,18,37,101,947,34,13,6,53,7.98566479,339,377,210.5988795,184.6852504,9.814463127,6.074589226,471,29,6,5,40,476,5,7,1,13,511,489,357,20,330,9
21,1000,50,5.13,10.3,18,37,95,943,33,12,12,57,7.953935179,265,306,91.76717519,73.78844949,9.699002947,5.970225665,486,26,10,10,46,457,7,2,2,11,532,468,287,19,260,5
20,1000,50,5.13,10.3,18,37,95,949,32,9,10,51,7.996796693,340,372,114.6999796,89.6725774,10.58485913,5.539903109,446,26,7,8,41,503,6,2,2,10,487,513,353,19,330,10
19,1000,50,5.13,10.3,18,37,97,939,43,11,7,61,8.482223349,310,322,151.6167841,140.0059084,10.4413039,6.308222573,476,36,8,6,50,463,7,3,1,11,526,474,304,18,294,16
23,1000,50,5.13,10.3,18,37,87,947,30,14,9,53,8.183399154,285,314,64.96683445,65.34811764,9.996719578,6.340831626,464,25,9,6,40,483,5,5,3,13,504,496,298,16,272,13
18,1000,50,5.13,10.3,18,37,98,951,30,10,9,49,8.117950034,301,340,462.1965068,402.7074867,10.44733327,5.634557988,472,26,10,8,44,479,4,0,1,5,516,484,321,19,290,11
22,1000,50,5.13,10.3,18,37,96,947,30,19,4,53,8.02342758,308,354,154.5097063,125.7030589,10.3398054,5.707049759,459,22,15,4,41,488,8,4,0,12,500,500,330,24,294,14
17,1000,50,5.13,10.3,18,37,102,947,33,15,5,53,7.951317722,345,391,220.4184601,193.5296286,9.841777899,5.975806168,471,28,7,5,40,476,5,8,0,13,511,489,374,17,336,9
24,1000,50,5.13,10.3,18,37,60,958,27,12,3,42,8.041461985,165,218,21.28719941,17.66954468,8.872745256,7.252310029,457,18,9,3,30,501,9,3,0,12,487,513,194,24,152,13
21,1000,50,5.13,10.3,18,37,96,943,33,12,12,57,7.961761537,277,310,95.30189314,76.27789826,9.737131546,5.943605886,486,26,10,10,46,457,7,2,2,11,532,468,292,18,267,10
20,1000,50,5.13,10.3,18,37,96,949,32,9,10,51,7.988868324,327,391,123.8180422,96.37310147,10.6319547,5.47973954,446,26,7,8,41,503,6,2,2,10,487,513,373,18,319,8
19,1000,50,5.13,10.3,18,37,98,939,43,11,7,61,8.447546015,299,331,159.9778605,152.338967,10.46988834,6.203343352,476,36,8,6,50,463,7,3,1,11,526,474,313,18,286,13
23,1000,50,5.13,10.3,18,37,88,949,29,13,9,51,8.185679305,283,327,68.61826601,69.07076692,10.0369086,6.30459147,464,25,9,6,40,485,4,4,3,11,504,496,312,15,272,11
18,1000,50,5.13,10.3,18,37,99,951,29,11,9,49,8.14422196,320,352,530.8959007,457.51309,10.49234477,5.640851365,472,25,11,8,44,479,4,0,1,5,516,484,340,12,304,16
22,1000,50,5.13,10.3,18,37,97,948,29,19,4,52,7.985756514,314,344,162.080772,132.5328674,10.34719936,5.624313669,459,22,15,4,41,489,7,4,0,11,500,500,330,14,302,12
17,1000,50,5.13,10.3,18,37,103,947,33,15,5,53,7.9303396,345,377,239.7627675,210.5957946,9.863948731,5.909737828,471,28,7,5,40,476,5,8,0,13,511,489,360,17,335,10
21,1000,50,5.13,10.3,18,37,97,941,35,12,12,59,7.974335927,277,328,101.8712425,80.78530462,9.802893587,5.895719099,483,29,10,10,49,458,6,2,2,10,532,468,302,26,265,12
24,1000,50,5.13,10.3,18,37,61,958,28,11,3,42,8.048007345,159,210,21.71810678,18.0416481,8.914689902,7.22525022,457,19,8,3,30,501,9,3,0,12,487,513,184,26,143,16
20,1000,50,5.13,10.3,18,37,97,949,32,9,10,51,7.991169181,330,384,133.213606,103.5598826,10.67479977,5.443551058,446,26,7,8,41,503,6,2,2,10,487,513,369,15,318,12
19,1000,50,5.13,10.3,18,37,99,939,43,11,7,61,8.444262277,312,345,174.8535869,166.9914568,10.50820709,6.15389314,476,36,8,6,50,463,7,3,1,11,526,474,332,13,301,11
18,1000,50,5.13,10.3,18,37,100,950,30,10,10,50,8.133082752,315,351,577.3417879,489.4023141,10.55407483,5.552025079,471,26,10,9,45,479,4,0,1,5,516,484,339,12,306,9
23,1000,50,5.13,10.3,18,37,89,949,29,13,9,51,8.150903598,287,317,72.05472837,72.73662887,10.03772009,6.233654578,464,25,9,6,40,485,4,4,3,11,504,496,303,14,275,12
22,1000,50,5.13,10.3,18,37,98,948,29,19,4,52,7.97358377,307,357,174.1164214,140.7539169,10.37963399,5.567533551,459,22,15,4,41,489,7,4,0,11,500,500,336,21,297,10
17,1000,50,5.13,10.3,18,37,104,945,34,16,5,55,7.949829201,343,403,250.6706104,221.1494803,9.943586784,5.866372912,469,29,8,5,42,476,5,8,0,13,511,489,381,22,334,9
25,1000,50,5.13,10.3,18,37,0,944,29,11,16,56,7.208,83,112,12.58262058,8.99368679,6.534693878,7.854901961,477,7,2,4,13,467,22,9,12,43,490,510,65,47,61,22
21,1000,50,5.13,10.3,18,37,98,941,34,13,12,59,8.011427397,277,331,108.8407068,85.69594775,9.857131267,5.91331958,483,28,11,10,49,458,6,2,2,10,532,468,312,19,268,9
20,1000,50,5.13,10.3,18,37,98,949,31,10,10,51,7.976196958,330,398,140.3758484,109.4816911,10.70403575,5.386611206,446,25,8,8,41,503,6,2,2,10,487,513,373,25,319,11
24,1000,50,5.13,10.3,18,37,62,958,28,11,3,42,8.062321204,160,198,22.09526146,18.37169676,8.982985848,7.188317926,457,19,8,3,30,501,9,3,0,12,487,513,182,16,143,17
19,1000,50,5.13,10.3,18,37,100,940,42,11,7,60,8.452084394,317,357,189.0215499,176.8592715,10.55671906,6.116561538,477,36,7,6,49,463,6,4,1,11,526,474,338,19,306,11
18,1000,50,5.13,10.3,18,37,101,950,28,12,10,50,8.106049908,318,363,687.8002427,564.3015047,10.57597928,5.47281942,470,26,11,9,46,480,2,1,1,4,516,484,349,14,297,21
23,1000,50,5.13,10.3,18,37,90,950,29,12,9,50,8.14337743,292,334,73.83747783,74.32380945,10.09992158,6.15527612,464,25,9,6,40,486,4,3,3,10,504,496,317,17,280,12
22,1000,50,5.13,10.3,18,37,99,948,28,19,5,52,7.955929212,328,365,186.6033211,150.5973971,10.42159407,5.490264359,458,22,15,5,42,490,6,4,0,10,500,500,349,16,314,14
25,1000,50,5.13,10.3,18,37,1,947,28,10,15,53,7.204721644,110,140,12.63436868,9.037978569,6.553681565,7.830230739,478,6,2,4,12,469,22,8,11,41,490,510,69,71,75,35
21,1000,50,5.13,10.3,18,37,99,941,34,13,12,59,7.98884086,288,323,116.226586,90.86455828,9.86813736,5.852546549,483,28,11,10,49,458,6,2,2,10,532,468,304,19,273,15
20,1000,50,5.13,10.3,18,37,99,949,30,11,10,51,7.984565433,336,396,151.208142,118.386425,10.75176777,5.357611167,446,24,9,8,41,503,6,2,2,10,487,513,382,14,329,7
24,1000,50,5.13,10.3,18,37,63,956,28,12,4,44,8.082086146,179,232,22.62970408,18.8770531,9.030496282,7.18174358,455,19,10,3,32,501,9,2,1,12,487,513,202,30,165,14
19,1000,50,5.13,10.3,18,37,101,939,42,12,7,61,8.421745811,313,352,206.6171746,187.3737908,10.5826177,6.023816248,475,37,8,6,51,464,5,4,1,10,526,474,330,22,307,6
18,1000,50,5.13,10.3,18,37,102,949,28,13,10,51,8.117933523,322,356,743.5033973,611.6613996,10.63495788,5.434494333,470,25,12,9,46,479,3,1,1,5,516,484,348,8,308,14
23,1000,50,5.13,10.3,18,37,91,949,30,12,9,51,8.12503636,287,333,77.65597143,78.60176819,10.13114935,6.08656671,463,26,9,6,41,486,4,3,3,10,504,496,319,14,271,16
22,1000,50,5.13,10.3,18,37,100,948,28,19,5,52,7.979475288,314,354,203.3032535,163.0540472,10.47267895,5.486271623,457,23,15,5,43,491,5,4,0,9,500,500,341,13,301,13
25,1000,50,5.13,10.3,18,37,2,948,26,11,15,52,7.201772086,79,148,12.68457981,9.080639865,6.524802449,7.852193894,478,6,2,4,12,470,20,9,11,40,490,510,74,74,50,29
21,1000,50,5.13,10.3,18,37,100,941,34,13,12,59,7.968612673,264,318,125.3118552,97.29340282,9.893929909,5.780004191,483,28,11,10,49,458,6,2,2,10,532,468,294,24,260,4
20,1000,50,5.13,10.3,18,37,100,949,29,12,10,51,7.971014088,345,374,158.7238114,124.8430251,10.77179407,5.312183971,446,23,10,8,41,503,6,2,2,10,487,513,367,7,336,9
19,1000,50,5.13,10.3,18,37,102,939,42,12,7,61,8.409403441,311,363,231.18353,201.3244374,10.61314546,5.963900694,475,37,8,6,51,464,5,4,1,10,526,474,346,17,306,5
18,1000,50,5.13,10.3,18,37,103,949,28,13,10,51,8.091426264,316,386,843.8254361,693.4890963,10.68852146,5.322622296,470,25,12,9,46,479,3,1,1,5,516,484,363,23,306,10
24,1000,50,5.13,10.3,18,37,64,956,27,13,4,44,8.058796679,183,220,23.18292156,19.39211699,9.034332051,7.132703646,455,19,10,3,32,501,8,3,1,12,487,513,189,31,160,23
23,1000,50,5.13,10.3,18,37,92,949,29,12,10,51,8.078394017,304,329,80.76953527,82.74166234,10.16376237,5.959390689,463,25,9,7,41,486,4,3,3,10,504,496,310,19,288,16
22,1000,50,5.13,10.3,18,37,101,949,27,18,6,51,8.002270469,318,373,217.791764,175.6728395,10.56445588,5.440085061,457,23,15,5,43,492,4,3,1,8,500,500,355,18,310,8
25,1000,50,5.13,10.3,18,37,3,948,25,10,17,52,7.214718048,87,139,12.72239014,9.134196833,6.584115165,7.820591407,478,5,1,6,12,470,20,9,11,40,490,510,82,57,64,23
20,1000,50,5.13,10.3,18,37,101,949,29,11,11,51,7.940922623,357,403,168.3203769,132.4581866,10.82904369,5.199178065,445,24,9,9,42,504,5,2,2,9,487,513,385,18,349,8
21,1000,50,5.13,10.3,18,37,101,941,32,15,12,59,8.012317059,281,339,135.5143575,105.2238104,10.00645789,5.745473214,483,26,13,10,49,458,6,2,2,10,532,468,322,17,268,13
19,1000,50,5.13,10.3,18,37,103,937,43,13,7,63,8.403129053,314,365,257.8719397,221.0273272,10.71658672,5.835874342,472,39,9,6,54,465,4,4,1,9,526,474,352,13,307,7
18,1000,50,5.13,10.3,18,37,104,950,27,13,10,50,8.07359958,321,361,898.4471553,734.2535705,10.68852146,5.285790304,470,25,12,9,46,480,2,1,1,4,516,484,340,21,311,10
26,1000,50,5.13,10.3,18,37,0,952,29,9,10,48,6.75,84,154,12.46581849,8.831557274,5.904761905,7.608870968,491,9,2,2,13,461,20,7,8,35,504,496,79,75,61,23
23,1000,50,5.13,10.3,18,37,93,949,29,12,10,51,8.094694589,311,328,85.34924404,88.84217014,10.20290785,5.952477887,463,25,9,7,41,486,4,3,3,10,504,496,312,16,295,16
22,1000,50,5.13,10.3,18,37,102,949,26,19,6,51,7.994187535,350,392,236.2517319,190.9578939,10.60946296,5.378912109,457,22,16,5,43,492,4,3,1,8,500,500,378,14,337,13
24,1000,50,5.13,10.3,18,37,65,955,27,14,4,45,8.07840643,173,220,23.76884245,19.90265544,9.073332055,7.133905886,455,19,10,3,32,500,8,4,1,13,487,513,198,22,159,14
20,1000,50,5.13,10.3,18,37,102,949,29,11,11,51,7.954267944,360,401,177.962774,139.6315043,10.9180477,5.14069925,445,24,9,9,42,504,5,2,2,9,487,513,385,16,346,14
25,1000,50,5.13,10.3,18,37,4,949,24,10,17,51,7.24419001,96,126,12.81753411,9.202935354,6.591340876,7.871437217,478,5,1,6,12,471,19,9,11,39,490,510,71,55,68,28
21,1000,50,5.13,10.3,18,37,102,940,33,15,12,60,8.02727716,295,320,144.4399154,111.8184964,10.05871233,5.718038889,482,27,13,10,50,458,6,2,2,10,532,468,306,14,286,9
19,1000,50,5.13,10.3,18,37,104,936,43,14,7,64,8.382837394,314,351,289.3452126,240.1635094,10.74940449,5.756646906,472,39,9,6,54,464,4,5,1,10,526,474,337,14,305,9
27,1000,50,5.13,10.3,18,37,0,932,32,18,18,68,7.42,105,134,12.43480344,9.14354801,6.458733205,8.465553236,500,9,6,6,21,432,23,12,12,47,521,479,73,61,66,39
26,1000,50,5.13,10.3,18,37,1,952,29,8,11,48,6.808327631,93,126,12.50534332,8.902177374,5.964035405,7.666237474,491,9,2,2,13,461,20,6,9,35,504,496,67,59,57,36
22,1000,50,5.13,10.3,18,37,103,950,26,18,6,50,7.972256695,315,369,252.9007944,204.5128022,10.6074815,5.337031891,457,22,16,5,43,493,4,2,1,7,500,500,354,15,308,7
23,1000,50,5.13,10.3,18,37,94,947,31,12,10,53,8.101927113,288,345,90.72319385,96.43484984,10.26618625,5.902760567,461,27,9,7,43,486,4,3,3,10,504,496,326,19,275,13
24,1000,50,5.13,10.3,18,37,66,956,26,14,4,44,8.07250761,173,236,24.41960658,20.48354453,9.119690871,7.078397966,455,19,10,3,32,501,7,4,1,12,487,513,210,26,159,14
20,1000,50,5.13,10.3,18,37,103,948,30,10,12,52,7.983287955,364,401,193.55274,150.6155994,10.98862442,5.130268737,444,25,8,10,43,504,5,2,2,9,487,513,384,17,352,12
25,1000,50,5.13,10.3,18,37,5,950,24,9,17,50,7.227961133,107,140,12.87565304,9.255952887,6.586474375,7.844291547,478,5,1,6,12,472,19,8,11,38,490,510,88,52,78,29
21,1000,50,5.13,10.3,18,37,103,941,31,16,12,59,8.016883753,296,331,154.2314124,118.632285,10.11179028,5.635494281,482,26,14,10,50,459,5,2,2,9,532,468,318,13,281,15
27,1000,50,5.13,10.3,18,37,1,934,30,18,18,66,7.412711312,105,117,12.48592155,9.209089777,6.484865036,8.421913629,500,9,6,6,21,434,21,12,12,45,521,479,65,52,71,34
26,1000,50,5.13,10.3,18,37,2,954,28,7,11,46,6.829325702,97,110,12.52663088,8.963469183,5.997872631,7.674189306,491,9,2,2,13,463,19,5,9,33,504,496,59,51,72,25
22,1000,50,5.13,10.3,18,37,104,948,27,19,6,52,7.994231185,357,363,269.3318967,217.8448467,10.68764988,5.300812493,455,23,17,5,45,493,4,2,1,7,500,500,347,16,346,11
28,1000,50,5.13,10.3,18,37,0,931,32,20,17,69,7.46,101,144,12.52091751,9.14770596,6.989816701,7.913555992,463,16,6,6,28,468,16,14,11,41,491,509,83,61,69,32
23,1000,50,5.13,10.3,18,37,95,947,31,13,9,53,8.092597833,304,330,94.81267649,101.5924201,10.33778673,5.811196211,459,28,10,7,45,488,3,3,2,8,504,496,316,14,292,12
24,1000,50,5.13,10.3,18,37,67,956,26,14,4,44,8.07567287,188,232,25.13965953,21.08019149,9.125878714,7.078693832,455,19,10,3,32,501,7,4,1,12,487,513,209,23,172,16
20,1000,50,5.13,10.3,18,37,104,947,31,11,11,53,7.991844732,352,399,204.1954567,158.0996564,11.04875892,5.089861869,443,25,9,10,44,504,6,2,1,9,487,513,388,11,340,12
29,1000,50,5.13,10.3,18,37,0,936,29,16,19,64,7.322,104,136,12.46305966,8.996732477,6.423300971,8.27628866,487,17,6,5,28,449,12,10,14,36,515,485,83,53,66,38
25,1000,50,5.13,10.3,18,37,6,950,24,8,18,50,7.235095273,94,131,12.9012069,9.335903321,6.610530295,7.835167507,478,5,1,6,12,472,19,7,12,38,490,510,86,45,70,24
21,1000,50,5.13,10.3,18,37,104,941,31,16,12,59,8.030951256,304,336,162.9181129,125.0356468,10.1449024,5.627912777,482,26,14,10,50,459,5,2,2,9,532,468,313,23,291,13
30,1000,50,5.13,10.3,18,37,0,938,37,14,11,62,7.109,98,135,12.52826802,8.83230884,6.512572534,7.747412008,491,16,4,6,26,447,21,10,5,36,517,483,71,64,65,33
27,1000,50,5.13,10.3,18,37,2,934,32,17,17,66,7.413283251,97,139,12.491396,9.241198713,6.513366853,8.392106723,500,9,6,6,21,434,23,11,11,45,521,479,86,53,71,26
26,1000,50,5.13,10.3,18,37,3,954,28,7,11,46,6.859607629,105,137,12.56979896,9.011777688,6.033398118,7.699143099,491,9,2,2,13,463,19,5,9,33,504,496,83,54,74,31
23,1000,50,5.13,10.3,18,37,96,947,31,13,9,53,8.086605965,302,339,102.1413554,111.266757,10.38933419,5.746736961,459,28,10,7,45,488,3,3,2,8,504,496,326,13,289,13
28,1000,50,5.13,10.3,18,37,1,933,31,18,18,67,7.491014159,79,132,12.55735128,9.187968296,6.999351548,7.96528988,464,16,5,6,27,469,15,13,12,40,491,509,77,55,56,23
25,1000,50,5.13,10.3,18,37,7,950,24,8,18,50,7.215885056,79,137,12.91462382,9.391156544,6.623247516,7.785281909,478,5,1,6,12,472,19,7,12,38,490,510,80,57,53,26
24,1000,50,5.13,10.3,18,37,68,955,26,15,4,45,8.10162134,191,237,25.88732179,21.80523842,9.203586277,7.055506478,454,19,11,3,33,501,7,4,1,12,487,513,215,22,170,21
29,1000,50,5.13,10.3,18,37,1,937,29,15,19,63,7.357639947,99,137,12.50194382,9.061959079,6.486520229,8.282643359,487,17,6,5,28,450,12,9,14,35,515,485,77,60,71,28
30,1000,50,5.13,10.3,18,37,1,938,37,13,12,62,7.152937721,102,141,12.55782427,8.870441997,6.579739003,7.76648583,491,16,3,7,26,447,21,10,5,36,517,483,75,66,69,33
27,1000,50,5.13,10.3,18,37,3,937,29,17,17,63,7.421125111,98,123,12.49709702,9.288250196,6.518014982,8.40342235,501,8,6,6,20,436,21,11,11,43,521,479,69,54,69,29
26,1000,50,5.13,10.3,18,37,4,954,28,7,11,46,6.873284938,85,107,12.63567626,9.089354063,6.075440495,7.68399784,491,9,2,2,13,463,19,5,9,33,504,496,65,42,62,23
23,1000,50,5.13,10.3,18,37,97,947,31,13,9,53,8.061652681,318,345,108.7008568,120.5415263,10.40856059,5.676891418,459,28,10,7,45,488,3,3,2,8,504,496,326,19,301,17
28,1000,50,5.13,10.3,18,37,2,934,30,18,18,66,7.496405254,84,133,12.59791942,9.239353798,7.026293894,7.94989185,464,16,5,6,27,470,14,13,12,39,491,509,73,60,59,25
25,1000,50,5.13,10.3,18,37,8,950,25,8,17,50,7.214262687,100,141,12.98289401,9.488258199,6.663424583,7.743499297,478,5,1,6,12,472,20,7,11,38,490,510,82,59,67,33
29,1000,50,5.13,10.3,18,37,2,937,28,16,19,63,7.374173546,98,142,12.52134843,9.105940615,6.50038465,8.30201124,487,17,6,5,28,450,11,10,14,35,515,485,83,59,63,35
24,1000,50,5.13,10.3,18,37,69,954,27,15,4,46,8.116655324,185,251,26.565114,22.37092168,9.247252102,7.043359747,453,20,11,3,34,501,7,4,1,12,487,513,225,26,170,15
30,1000,50,5.13,10.3,18,37,2,939,36,12,13,61,7.170625509,87,129,12.58652602,8.91686068,6.603765597,7.777388603,492,15,3,7,25,447,21,9,6,36,517,483,72,57,58,29
27,1000,50,5.13,10.3,18,37,4,938,28,17,17,62,7.471391762,87,100,12.57490555,9.355105673,6.607469387,8.41106516,501,8,6,6,20,437,20,11,11,42,521,479,61,39,60,27
26,1000,50,5.13,10.3,18,37,5,956,28,7,9,44,6.860794771,93,121,12.67909269,9.158636221,6.109440306,7.624267857,492,8,2,2,12,464,20,5,7,32,504,496,74,47,71,22
23,1000,50,5.13,10.3,18,37,98,944,34,13,9,56,8.049525243,312,357,116.7786092,131.2034518,10.44910369,5.611243918,457,30,10,7,47,487,4,3,2,9,504,496,338,19,296,16
28,1000,50,5.13,10.3,18,37,3,935,31,18,16,65,7.518320909,90,136,12.64560149,9.291214688,7.116706102,7.905733227,464,16,5,6,27,471,15,13,10,38,491,509,79,57,62,28
25,1000,50,5.13,10.3,18,37,9,946,29,8,17,54,7.272585964,105,133,13.04647298,9.540413027,6.727933766,7.795879253,475,8,1,6,15,471,21,7,11,39,490,510,80,53,76,29
29,1000,50,5.13,10.3,18,37,3,939,27,15,19,61,7.347313059,102,133,12.53363947,9.105641915,6.523507435,8.222075731,487,17,6,5,28,452,10,9,14,33,515,485,65,68,71,31
27,1000,50,5.13,10.3,18,37,5,939,29,16,16,61,7.435437434,107,144,12.60223884,9.390995064,6.611887843,8.331198055,501,8,6,6,20,438,21,10,10,41,521,479,75,69,74,33
30,1000,50,5.13,10.3,18,37,3,939,36,12,13,61,7.204082692,79,128,12.6379737,8.98966452,6.635575209,7.812609334,492,15,3,7,25,447,21,9,6,36,517,483,77,51,53,26
24,1000,50,5.13,10.3,18,37,70,954,27,15,4,46,8.140164349,181,209,27.33421321,23.12572588,9.313373327,7.026416255,453,20,11,3,34,501,7,4,1,12,487,513,195,14,169,12
26,1000,50,5.13,10.3,18,37,6,956,28,7,9,44,6.886000428,93,143,12.72398413,9.224438301,6.110968596,7.673532774,492,8,2,2,12,464,20,5,7,32,504,496,78,65,64,29
23,1000,50,5.13,10.3,18,37,99,943,34,13,10,57,8.039099405,325,370,122.758765,138.6899466,10.46994986,5.569041688,456,31,9,8,48,487,3,4,2,9,504,496,350,20,313,12
25,1000,50,5.13,10.3,18,37,10,947,28,8,17,53,7.281957661,96,140,13.08086408,9.603029184,6.73716276,7.805388056,476,7,1,6,14,471,21,7,11,39,490,510,90,50,70,26
28,1000,50,5.13,10.3,18,37,4,935,31,18,16,65,7.567285177,96,158,12.71760973,9.382134284,7.174333759,7.946340473,464,16,5,6,27,471,15,13,10,38,491,509,85,73,63,33
27,1000,50,5.13,10.3,18,37,6,940,29,15,16,60,7.45995865,93,145,12.63456457,9.445609865,6.66189813,8.327995249,501,8,6,6,20,439,21,9,10,40,521,479,88,57,63,30
29,1000,50,5.13,10.3,18,37,4,940,26,15,19,60,7.368226236,107,124,12.56043629,9.13113895,6.541241263,8.246364919,488,16,6,5,27,452,10,9,14,33,515,485,73,51,82,25
30,1000,50,5.13,10.3,18,37,4,940,35,12,13,60,7.215282514,101,127,12.65376396,9.021197282,6.626183295,7.845850415,492,15,3,7,25,448,20,9,6,35,517,483,69,58,68,33
24,1000,50,5.13,10.3,18,37,71,955,26,15,4,45,8.126414231,206,262,28.07833064,23.79523971,9.320888487,6.99247863,454,19,11,3,33,501,7,4,1,12,487,513,239,23,184,22
26,1000,50,5.13,10.3,18,37,7,956,27,8,9,44,6.923228141,105,152,12.76949283,9.274766253,6.171634616,7.686944143,491,9,2,2,13,465,18,6,7,31,504,496,92,60,71,34
23,1000,50,5.13,10.3,18,37,100,945,32,13,10,55,8.01864377,337,369,128.3898279,144.7754809,10.51188638,5.485187575,457,29,10,8,47,488,3,3,2,8,504,496,355,14,329,8
25,1000,50,5.13,10.3,18,37,11,950,25,8,17,50,7.288491408,82,121,13.11292382,9.646832506,6.808050079,7.750091901,476,7,1,6,14,474,18,7,11,36,490,510,85,36,62,20
28,1000,50,5.13,10.3,18,37,5,936,31,17,16,64,7.607671587,95,104,12.75473767,9.454076236,7.222329623,7.979386526,464,17,4,6,27,472,14,13,10,37,491,509,60,44,66,29
27,1000,50,5.13,10.3,18,37,7,940,29,15,16,60,7.47469615,110,133,12.66806907,9.519794652,6.709489061,8.30699864,501,8,6,6,20,439,21,9,10,40,521,479,69,64,84,26
29,1000,50,5.13,10.3,18,37,5,942,27,14,17,58,7.372979908,93,129,12.59886467,9.17117743,6.567843186,8.227918902,489,16,5,5,26,453,11,9,12,32,515,485,82,47,56,37
30,1000,50,5.13,10.3,18,37,5,940,35,12,13,60,7.224491101,96,133,12.70561609,9.087293965,6.61938886,7.872188531,492,15,3,7,25,448,20,9,6,35,517,483,78,55,60,36
26,1000,50,5.13,10.3,18,37,8,957,26,8,9,43,6.953777776,89,133,12.84188497,9.332248395,6.219026907,7.700379466,491,9,2,2,13,466,17,6,7,30,504,496,75,58,61,28
24,1000,50,5.13,10.3,18,37,72,955,26,15,4,45,8.100872446,219,264,29.01243395,24.6685324,9.306207394,6.956626597,455,18,11,3,32,500,8,4,1,13,487,513,240,24,203,16
23,1000,50,5.13,10.3,18,37,101,945,32,13,10,55,8.009623098,325,364,134.5955175,150.7989055,10.56070528,5.417394431,457,29,10,8,47,488,3,3,2,8,504,496,352,12,315,10
25,1000,50,5.13,10.3,18,37,12,947,29,8,16,53,7.346051919,84,148,13.18020807,9.740738085,6.910791074,7.76424371,474,9,1,6,16,473,20,7,10,37,490,510,91,57,66,18
28,1000,50,5.13,10.3,18,37,6,937,31,16,16,63,7.616360794,106,116,12.80071371,9.501430757,7.250018927,7.969747545,464,17,4,6,27,473,14,12,10,36,491,509,68,48,70,36
27,1000,50,5.13,10.3,18,37,8,940,30,14,16,60,7.478103681,107,130,12.73031086,9.590933648,6.71311104,8.31017292,501,9,5,6,20,439,21,9,10,40,521,479,78,52,79,28
26,1000,50,5.13,10.3,18,37,9,957,26,8,9,43,6.975709147,87,136,12.89028178,9.390883142,6.281926287,7.680682052,491,9,2,2,13,466,17,6,7,30,504,496,84,52,56,31
29,1000,50,5.13,10.3,18,37,6,943,27,14,16,57,7.383805952,117,104,12.61494794,9.212635509,6.587602796,8.229258789,489,16,5,5,26,454,11,9,11,31,515,485,62,42,73,44
30,1000,50,5.13,10.3,18,37,6,941,35,12,12,59,7.256748094,99,153,12.76313023,9.123934008,6.654164116,7.901749992,493,15,3,6,24,448,20,9,6,35,517,483,89,64,62,37
24,1000,50,5.13,10.3,18,37,73,956,25,15,4,44,8.126947321,219,245,29.794195,25.3623918,9.353879227,6.962199098,455,17,12,3,32,501,8,3,1,12,487,513,225,20,197,22
25,1000,50,5.13,10.3,18,37,13,949,27,8,16,51,7.347742053,113,143,13.25461087,9.803738261,6.951808462,7.728148837,474,9,1,6,16,475,18,7,10,35,490,510,84,59,84,29
23,1000,50,5.13,10.3,18,37,102,947,31,12,10,53,7.984867564,342,375,141.4633347,157.5431613,10.59024139,5.33747158,457,29,10,8,47,490,2,2,2,6,504,496,354,21,330,12
28,1000,50,5.13,10.3,18,37,7,936,33,15,16,64,7.631558823,103,149,12.87332774,9.554827672,7.288445496,7.962538477,463,18,4,6,28,473,15,11,10,36,491,509,85,64,70,33
27,1000,50,5.13,10.3,18,37,9,944,28,12,16,56,7.438068333,110,146,12.76433317,9.626372393,6.726934309,8.211556489,503,9,3,6,18,441,19,9,10,38,521,479,87,59,75,35
26,1000,50,5.13,10.3,18,37,10,959,24,8,9,41,6.971611868,89,143,12.94519162,9.446672791,6.300343341,7.653707307,491,9,2,2,13,468,15,6,7,28,504,496,88,55,64,25
29,1000,50,5.13,10.3,18,37,7,943,28,14,15,57,7.400139659,93,125,12.66423496,9.275160827,6.6344624,8.213178398,489,16,5,5,26,454,12,9,10,31,515,485,76,49,63,30
30,1000,50,5.13,10.3,18,37,7,943,33,12,12,57,7.280466005,84,125,12.77421963,9.165727536,6.695860168,7.906224218,493,15,3,6,24,450,18,9,6,33,517,483,67,58,59,25
25,1000,50,5.13,10.3,18,37,14,949,29,8,14,51,7.366859219,89,143,13.29331959,9.870227149,7.008368787,7.711291202,474,9,1,6,16,475,20,7,8,35,490,510,96,47,76,13
23,1000,50,5.13,10.3,18,37,103,947,30,13,10,53,7.988917796,335,388,149.6317736,166.4156579,10.64689875,5.288066179,457,28,11,8,47,490,2,2,2,6,504,496,378,10,323,12
24,1000,50,5.13,10.3,18,37,74,957,25,14,4,43,8.056842189,203,266,30.6835606,26.20591711,9.363650923,6.816265477,456,17,11,3,31,501,8,3,1,12,487,513,250,16,190,13
28,1000,50,5.13,10.3,18,37,8,936,33,15,16,64,7.63041129,106,112,12.90827514,9.597526871,7.272251013,7.97590578,463,18,4,6,28,473,15,11,10,36,491,509,71,41,71,35
27,1000,50,5.13,10.3,18,37,10,945,28,12,15,55,7.436844165,96,140,12.8469999,9.730080175,6.761684082,8.171204088,503,9,3,6,18,442,19,9,9,37,521,479,90,50,73,23
26,1000,50,5.13,10.3,18,37,11,960,23,8,9,40,7.039189756,113,128,13.00660726,9.525353827,6.422833419,7.665487325,491,9,2,2,13,469,14,6,7,27,504,496,84,44,77,36
29,1000,50,5.13,10.3,18,37,8,944,27,14,15,56,7.402248755,111,132,12.69876088,9.322267984,6.635243799,8.216697317,489,15,6,5,26,455,12,8,10,30,515,485,66,66,70,41
30,1000,50,5.13,10.3,18,37,8,942,33,13,12,58,7.324243955,110,115,12.806238,9.213243049,6.725802337,7.964811898,493,14,4,6,24,449,19,9,6,34,517,483,65,50,72,38
25,1000,50,5.13,10.3,18,37,15,951,29,8,12,49,7.367531353,114,145,13.36015181,9.964735763,7.030929505,7.690933128,475,9,1,5,15,476,20,7,7,34,490,510,91,54,88,26
23,1000,50,5.13,10.3,18,37,104,946,31,13,10,54,7.951164544,348,371,159.1075765,176.5124661,10.6659351,5.192607366,456,29,11,8,48,490,2,2,2,6,504,496,357,14,332,16
31,1000,50,5.13,10.3,18,37,0,938,32,16,14,62,7.16,86,121,12.41500297,9.024777862,6.236538462,8.160416667,500,9,9,2,20,438,23,7,12,42,520,480,76,45,63,23
24,1000,50,5.13,10.3,18,37,75,957,25,13,5,43,8.064513386,202,259,31.64707294,26.99782302,9.425376648,6.772621751,456,17,10,4,31,501,8,3,1,12,487,513,239,20,181,21
28,1000,50,5.13,10.3,18,37,9,939,31,15,15,61,7.642666321,105,159,12.98427492,9.706000799,7.276626762,7.995761456,464,18,4,5,27,475,13,11,10,34,491,509,96,63,81,24
27,1000,50,5.13,10.3,18,37,11,946,27,12,15,54,7.428020039,111,144,12.91315586,9.829755158,6.81521869,8.094553447,503,9,3,6,18,443,18,9,9,36,521,479,87,57,84,27
26,1000,50,5.13,10.3,18,37,12,960,22,9,9,40,7.054918026,97,124,13.08740679,9.595379374,6.500961424,7.617809412,489,10,3,2,15,471,12,6,7,25,504,496,86,38,71,26
29,1000,50,5.13,10.3,18,37,9,944,27,14,15,56,7.421684798,87,144,12.71660059,9.33491611,6.660640999,8.229803472,489,15,6,5,26,455,12,8,10,30,515,485,76,68,64,23
30,1000,50,5.13,10.3,18,37,9,943,31,13,13,57,7.34170243,113,140,12.85964624,9.270696991,6.759923603,7.964434632,494,13,4,6,23,449,18,9,7,34,517,483,80,60,82,31
25,1000,50,5.13,10.3,18,37,16,952,29,7,12,48,7.3710752,112,148,13.44590105,10.0508694,7.054912107,7.674839739,475,9,1,5,15,477,20,6,7,33,490,510,98,50,88,24
31,1000,50,5.13,10.3,18,37,1,937,33,16,14,63,7.198271557,96,141,12.40670465,9.036057316,6.321659055,8.147935101,499,10,9,2,21,438,23,7,12,42,520,480,74,67,68,28
28,1000,50,5.13,10.3,18,37,10,939,31,15,15,61,7.652409964,103,132,13.03085568,9.777495589,7.316615645,7.976329435,464,18,4,5,27,475,13,11,10,34,491,509,79,53,77,26
27,1000,50,5.13,10.3,18,37,12,948,24,13,15,52,7.448825323,87,141,12.93201579,9.888640752,6.868403343,8.080140254,503,9,3,6,18,445,15,10,9,34,521,479,89,52,61,26
24,1000,50,5.13,10.3,18,37,76,957,25,13,5,43,8.042815626,221,272,33.00989525,28.1087928,9.462586716,6.695001745,455,18,10,4,32,502,7,3,1,11,487,513,235,37,201,20
26,1000,50,5.13,10.3,18,37,13,959,24,9,8,41,7.113250586,94,141,13.17721271,9.675616399,6.563880645,7.671481332,489,10,3,2,15,470,14,6,6,26,504,496,90,51,69,25
29,1000,50,5.13,10.3,18,37,10,944,27,14,15,56,7.446509896,95,141,12.74929453,9.390108233,6.723069547,8.214699133,489,15,6,5,26,455,12,8,10,30,515,485,77,64,69,26
30,1000,50,5.13,10.3,18,37,10,943,31,14,12,57,7.378261717,104,139,12.89899382,9.322682314,6.813594272,7.982678009,493,13,5,6,24,450,18,9,6,33,517,483,75,64,69,35
25,1000,50,5.13,10.3,18,37,17,955,28,6,11,45,7.361110793,107,151,13.48508568,10.11366867,7.073472158,7.637469481,475,9,1,5,15,480,19,5,6,30,490,510,94,57,84,23
28,1000,50,5.13,10.3,18,37,11,939,30,16,15,61,7.674083433,109,150,13.11926468,9.856749006,7.373878956,7.963671642,464,17,5,5,27,475,13,11,10,34,491,509,92,58,89,20
31,1000,50,5.13,10.3,18,37,2,937,33,16,14,63,7.22112027,91,118,12.41160849,9.083196655,6.344739797,8.170532449,499,10,9,2,21,438,23,7,12,42,520,480,62,56,56,35
27,1000,50,5.13,10.3,18,37,13,947,25,13,15,53,7.4654033,120,132,12.99248701,9.975567668,6.882268484,8.099668936,503,9,3,6,18,444,16,10,9,35,521,479,90,42,91,29
24,1000,50,5.13,10.3,18,37,77,956,26,13,5,44,8.039592698,230,268,34.39664285,29.31826496,9.492028542,6.660769586,454,19,10,4,33,502,7,3,1,11,487,513,250,18,218,12
29,1000,50,5.13,10.3,18,37,11,945,27,13,15,55,7.496187474,101,130,12.78876888,9.424980687,6.819775521,8.214439343,489,15,6,5,26,456,12,7,10,29,515,485,74,56,71,30
26,1000,50,5.13,10.3,18,37,14,958,25,9,8,42,7.154412272,101,130,13.19534754,9.712469279,6.598460732,7.719330772,489,10,3,2,15,469,15,6,6,27,504,496,82,48,76,25
30,1000,50,5.13,10.3,18,37,11,945,29,14,12,55,7.3648389,111,132,12.91488868,9.333499942,6.858364293,7.906965964,493,13,5,6,24,452,16,9,6,31,517,483,79,53,80,31
25,1000,50,5.13,10.3,18,37,18,958,27,4,11,42,7.370066621,108,125,13.57091967,10.202139,7.128275696,7.602375549,475,10,1,4,15,483,17,3,7,27,490,510,83,42,82,26
28,1000,50,5.13,10.3,18,37,12,941,31,13,15,59,7.686810672,96,129,13.15012075,9.926583062,7.429123586,7.935385051,463,18,4,6,28,478,13,9,9,31,491,509,86,43,67,29
27,1000,50,5.13,10.3,18,37,14,947,25,13,15,53,7.464935154,95,133,13.06504986,10.0653774,6.898271281,8.08128563,504,8,3,6,17,443,17,10,9,36,521,479,79,54,68,27
31,1000,50,5.13,10.3,18,37,3,938,32,16,14,62,7.261212853,93,127,12.44661813,9.132345766,6.40493492,8.188847279,499,10,9,2,21,439,22,7,12,41,520,480,75,52,67,26
24,1000,50,5.13,10.3,18,37,78,955,26,14,5,45,8.067480611,211,256,35.59297505,30.3253293,9.530853559,6.678274713,454,19,10,4,33,501,7,4,1,12,487,513,239,17,197,14
29,1000,50,5.13,10.3,18,37,12,945,27,13,15,55,7.53295758,95,131,12.83101419,9.490784712,6.875245711,8.231352656,489,15,6,5,26,456,12,7,10,29,515,485,73,58,76,19
26,1000,50,5.13,10.3,18,37,15,958,25,8,9,42,7.163928604,94,134,13.26448778,9.791383964,6.637082568,7.699272157,489,10,2,3,15,469,15,6,6,27,504,496,87,47,70,24
30,1000,50,5.13,10.3,18,37,12,945,29,14,12,55,7.387543333,104,137,12.95042802,9.368785628,6.911500039,7.897096921,493,13,5,6,24,452,16,9,6,31,517,483,76,61,73,31
25,1000,50,5.13,10.3,18,37,19,959,27,4,10,41,7.350230058,97,134,13.64049899,10.30908475,7.15859774,7.534347385,475,10,1,4,15,484,17,3,6,26,490,510,94,40,79,18
28,1000,50,5.13,10.3,18,37,13,942,31,13,14,58,7.695079451,103,134,13.23256202,10.00856848,7.413427108,7.966771593,464,18,4,5,27,478,13,9,9,31,491,509,82,52,82,21
27,1000,50,5.13,10.3,18,37,15,948,26,11,15,52,7.440773592,103,153,13.12720748,10.16700047,6.902590399,8.026146126,504,8,3,6,17,444,18,8,9,35,521,479,94,59,79,24
31,1000,50,5.13,10.3,18,37,4,938,32,16,14,62,7.28107429,92,136,12.50175603,9.170845095,6.437667469,8.194765013,499,10,9,2,21,439,22,7,12,41,520,480,76,60,59,33
29,1000,50,5.13,10.3,18,37,13,946,27,12,15,54,7.52031414,98,119,12.85548136,9.545422063,6.884122396,8.195857951,489,15,6,5,26,457,12,6,10,28,515,485,74,45,62,36
26,1000,50,5.13,10.3,18,37,16,958,25,8,9,42,7.213876117,124,122,13.30030217,9.836936674,6.693107932,7.74304379,489,9,3,3,15,469,16,5,6,27,504,496,86,36,97,27
30,1000,50,5.13,10.3,18,37,13,946,29,13,12,54,7.414546059,94,157,12.98796248,9.404638207,6.960124529,7.900955855,493,13,5,6,24,453,16,8,6,30,517,483,93,64,69,25
24,1000,50,5.13,10.3,18,37,79,955,26,14,5,45,8.057479786,237,276,36.74569356,31.29700849,9.562487976,6.628748815,454,19,10,4,33,501,7,4,1,12,487,513,255,21,220,17
25,1000,50,5.13,10.3,18,37,20,960,25,5,10,40,7.352131806,100,132,13.79650604,10.44941632,7.196118231,7.502027202,475,10,1,4,15,485,15,4,6,25,490,510,83,49,77,23
28,1000,50,5.13,10.3,18,37,14,942,29,15,14,58,7.723074279,90,132,13.35176539,10.13256059,7.468177234,7.968957283,464,17,5,5,27,478,12,10,9,31,491,509,84,48,67,23
27,1000,50,5.13,10.3,18,37,16,948,26,12,14,52,7.447643573,96,128,13.15677118,10.21284292,6.918946805,8.022697886,504,8,3,6,17,444,18,9,8,35,521,479,77,51,74,22
29,1000,50,5.13,10.3,18,37,14,946,25,14,15,54,7.579985725,114,132,12.91636145,9.587937227,7.002525393,8.193165252,489,13,8,5,26,457,12,6,10,28,515,485,83,49,90,24
31,1000,50,5.13,10.3,18,37,5,941,28,17,14,59,7.257673736,91,132,12.49003994,9.178928821,6.449017913,8.133717545,499,10,9,2,21,442,18,8,12,38,520,480,79,53,63,28
26,1000,50,5.13,10.3,18,37,17,959,24,8,9,41,7.257294678,103,137,13.37049933,9.925300216,6.737443575,7.785530477,489,9,3,3,15,470,15,5,6,26,504,496,98,39,74,29
30,1000,50,5.13,10.3,18,37,14,945,30,13,12,55,7.444355586,98,133,13.02909139,9.478825573,7.031849942,7.885898895,492,14,5,6,25,453,16,8,6,30,517,483,84,49,73,25
25,1000,50,5.13,10.3,18,37,21,961,24,6,9,39,7.384571061,112,144,13.87452228,10.52723773,7.228722542,7.534307873,474,11,2,3,16,487,13,4,6,23,490,510,101,43,91,21
24,1000,50,5.13,10.3,18,37,80,955,26,14,5,45,8.022631129,236,277,38.20656542,32.52415913,9.571065027,6.552675362,454,19,10,4,33,501,7,4,1,12,487,513,256,21,225,11
28,1000,50,5.13,10.3,18,37,15,946,26,14,14,54,7.663520469,93,151,13.43765283,10.23129826,7.45401642,7.86561573,465,16,5,5,26,481,10,9,9,28,491,509,93,58,73,20
27,1000,50,5.13,10.3,18,37,17,951,24,12,13,49,7.422170548,107,121,13.19425199,10.28158156,6.949329573,7.936471484,504,7,4,6,17,447,17,8,7,32,521,479,80,41,79,28
29,1000,50,5.13,10.3,18,37,15,945,25,15,15,55,7.614747005,92,132,12.96959747,9.65187898,7.077489547,8.185236883,488,14,8,5,27,457,11,7,10,28,515,485,84,48,74,18
26,1000,50,5.13,10.3,18,37,18,960,23,8,9,40,7.289743714,87,128,13.42845259,9.986742121,6.766143326,7.82178927,489,9,3,3,15,471,14,5,6,25,504,496,73,55,65,22
31,1000,50,5.13,10.3,18,37,6,941,29,16,14,59,7.248029734,97,137,12.55050457,9.220926328,6.479567909,8.080530045,499,10,8,3,21,442,19,8,11,38,520,480,77,60,60,37
30,1000,50,5.13,10.3,18,37,15,945,31,12,12,55,7.462385465,103,133,13.04185477,9.494113001,7.062092666,7.890856226,491,15,5,6,26,454,16,7,6,29,517,483,86,47,66,37
25,1000,50,5.13,10.3,18,37,22,962,23,6,9,38,7.398335906,110,149,13.963346,10.63377565,7.255322946,7.535740515,474,11,2,3,16,488,12,4,6,22,490,510,106,43,86,24
24,1000,50,5.13,10.3,18,37,81,955,27,13,5,45,7.997226991,254,277,39.96307254,33.89556475,9.58231565,6.492474209,453,20,10,4,34,502,7,3,1,11,487,513,258,19,244,10
28,1000,50,5.13,10.3,18,37,16,948,27,12,13,52,7.626341204,126,139,13.51945942,10.2994389,7.441188719,7.804946056,466,16,4,5,25,482,11,8,8,27,491,509,81,58,88,38
27,1000,50,5.13,10.3,18,37,18,955,24,10,11,45,7.3888336,103,137,13.23385371,10.33380823,6.96810509,7.84645271,506,6,3,6,15,449,18,7,5,30,521,479,89,48,78,25
29,1000,50,5.13,10.3,18,37,16,944,25,15,16,56,7.650620847,107,135,13.02866751,9.712286647,7.152145034,8.179930217,488,14,7,6,27,456,11,8,10,29,515,485,86,49,75,32
26,1000,50,5.13,10.3,18,37,19,960,23,8,9,40,7.297375087,113,140,13.46633783,10.059497,6.811696338,7.790887365,488,10,3,3,16,472,13,5,6,24,504,496,86,54,85,28
31,1000,50,5.13,10.3,18,37,7,942,28,16,14,58,7.271097114,103,153,12.60938587,9.268686855,6.508675292,8.097054087,499,10,8,3,21,443,18,8,11,37,520,480,89,64,64,39
30,1000,50,5.13,10.3,18,37,16,947,29,11,13,53,7.503072097,94,144,13.05776842,9.531900402,7.152215942,7.878626201,491,13,6,7,26,456,16,5,6,27,517,483,91,53,70,24
25,1000,50,5.13,10.3,18,37,23,963,22,6,9,37,7.39519722,108,131,14.04047977,10.75322742,7.29675507,7.489778893,473,12,2,3,17,490,10,4,6,20,490,510,87,44,91,17
24,1000,50,5.13,10.3,18,37,82,956,27,12,5,44,7.992095982,245,277,41.81584004,35.43451307,9.612948436,6.453391995,453,20,10,4,34,503,7,2,1,10,487,513,265,12,229,16
28,1000,50,5.13,10.3,18,37,17,950,26,10,14,50,7.675454894,90,132,13.59915375,10.36699273,7.508519634,7.836486745,468,14,3,6,23,482,12,7,8,27,491,509,91,41,69,21
27,1000,50,5.13,10.3,18,37,19,955,24,10,11,45,7.37510212,115,117,13.31039099,10.43401485,6.980899312,7.803869684,506,6,3,6,15,449,18,7,5,30,521,479,71,46,90,25
29,1000,50,5.13,10.3,18,37,17,945,25,14,16,55,7.690443251,83,117,13.08677886,9.773776438,7.205921948,8.204934943,488,14,7,6,27,457,11,7,10,28,515,485,76,41,64,19
26,1000,50,5.13,10.3,18,37,20,958,25,8,9,42,7.349300543,113,145,13.55920966,10.14201273,6.895848286,7.810066546,486,12,3,3,18,472,13,5,6,24,504,496,96,49,89,24
25,1000,50,5.13,10.3,18,37,24,966,20,5,9,34,7.409689904,133,162,14.1359755,10.85424936,7.326699505,7.489425777,474,11,2,3,16,492,9,3,6,18,490,510,115,47,104,29
31,1000,50,5.13,10.3,18,37,8,942,28,17,13,58,7.294520463,100,135,12.66333437,9.314820576,6.586210348,8.061856421,499,10,8,3,21,443,18,9,10,37,520,480,80,55,67,33
30,1000,50,5.13,10.3,18,37,17,949,28,10,13,51,7.506029078,111,135,13.13659956,9.595488491,7.185061424,7.849590728,491,13,6,7,26,458,15,4,6,25,517,483,88,47,82,29
28,1000,50,5.13,10.3,18,37,18,950,26,9,15,50,7.712117149,133,118,13.62003738,10.42770656,7.543289771,7.874974207,468,14,3,6,23,482,12,6,9,27,491,509,81,37,96,37
27,1000,50,5.13,10.3,18,37,20,956,23,10,11,44,7.368873124,122,134,13.3446765,10.48994979,6.999588433,7.770537683,506,6,3,6,15,450,17,7,5,29,521,479,81,53,94,28
24,1000,50,5.13,10.3,18,37,83,954,29,12,5,46,8.00064663,257,314,43.32067674,36.56295949,9.643669218,6.440896143,452,21,10,4,35,502,8,2,1,11,487,513,293,21,241,16
29,1000,50,5.13,10.3,18,37,18,945,26,14,15,55,7.719021815,103,116,13.18735399,9.883504729,7.267555729,8.198413638,488,14,7,6,27,457,12,7,9,28,515,485,83,33,72,31
25,1000,50,5.13,10.3,18,37,25,967,20,4,9,33,7.407096605,108,153,14.19402537,10.95230514,7.387126972,7.426283115,474,11,2,3,16,493,9,2,6,17,490,510,107,46,87,21
26,1000,50,5.13,10.3,18,37,21,958,25,8,9,42,7.375210124,122,142,13.68382915,10.25619454,6.934180481,7.823353147,486,12,3,3,18,472,13,5,6,24,504,496,97,45,92,30
31,1000,50,5.13,10.3,18,37,9,942,28,17,13,58,7.312309182,86,123,12.70805438,9.370528656,6.620350935,8.061930616,499,10,8,3,21,443,18,9,10,37,520,480,76,47,61,25
30,1000,50,5.13,10.3,18,37,18,949,28,10,13,51,7.535289809,98,118,13.21916688,9.695477165,7.222106269,7.870519396,491,13,6,7,26,458,15,4,6,25,517,483,66,52,78,20
28,1000,50,5.13,10.3,18,37,19,951,25,9,15,49,7.737172105,102,142,13.71043841,10.52355352,7.601103605,7.868428753,468,14,3,6,23,483,11,6,9,26,491,509,95,47,85,17
27,1000,50,5.13,10.3,18,37,21,956,24,9,11,44,7.375808069,107,133,13.42376082,10.56320273,7.011757452,7.771779618,506,6,3,6,15,450,18,6,5,29,521,479,84,49,82,25
24,1000,50,5.13,10.3,18,37,84,953,30,12,5,47,7.988357216,259,289,44.59292672,37.53269219,9.678915844,6.383479922,451,22,10,4,36,502,8,2,1,11,487,513,273,16,251,8
29,1000,50,5.13,10.3,18,37,19,947,25,13,15,53,7.70729007,97,156,13.28703269,9.985479669,7.257652119,8.184740677,488,14,7,6,27,459,11,6,9,26,515,485,92,64,67,30
25,1000,50,5.13,10.3,18,37,26,968,19,4,9,32,7.401290952,109,158,14.32780268,11.06184177,7.390157883,7.41198743,474,11,2,3,16,494,8,2,6,16,490,510,115,43,83,26
26,1000,50,5.13,10.3,18,37,22,959,25,7,9,41,7.353412671,116,133,13.77979033,10.35666694,6.907014235,7.807011082,487,12,2,3,17,472,13,5,6,24,504,496,91,42,85,31
30,1000,50,5.13,10.3,18,37,19,948,28,10,14,52,7.584728587,112,125,13.26766971,9.746050864,7.263280733,7.928804241,490,14,6,7,27,458,14,4,7,25,517,483,83,42,86,26
31,1000,50,5.13,10.3,18,37,10,944,27,16,13,56,7.316610932,107,151,12.77356807,9.455393846,6.651584632,8.037056091,499,10,8,3,21,445,17,8,10,35,520,480,96,55,76,31
28,1000,50,5.13,10.3,18,37,20,953,25,9,13,47,7.718424693,118,158,13.77680658,10.57472838,7.607339774,7.825581265,469,14,3,5,22,484,11,6,8,25,491,509,110,48,87,31
27,1000,50,5.13,10.3,18,37,22,956,24,8,12,44,7.384315982,108,163,13.46173984,10.62840052,7.031566168,7.767995842,506,6,3,6,15,450,18,5,6,29,521,479,100,63,75,33
29,1000,50,5.13,10.3,18,37,20,948,24,12,16,52,7.760353459,106,142,13.39536477,10.06098751,7.348838923,8.197322503,488,14,6,7,27,460,10,6,9,25,515,485,99,43,76,30
25,1000,50,5.13,10.3,18,37,27,967,20,4,9,33,7.411223974,121,154,14.41186967,11.13020891,7.42981915,7.39335802,473,12,2,3,17,494,8,2,6,16,490,510,115,39,97,24
24,1000,50,5.13,10.3,18,37,85,953,30,12,5,47,7.973911433,269,307,45.91441151,38.63470573,9.707403423,6.328276737,451,22,10,4,36,502,8,2,1,11,487,513,288,19,255,14
26,1000,50,5.13,10.3,18,37,23,958,25,8,9,42,7.402115161,108,157,13.89320794,10.46150084,6.960794436,7.850553961,487,11,3,3,17,471,14,5,6,25,504,496,100,57,92,16
30,1000,50,5.13,10.3,18,37,20,947,29,10,14,53,7.618535314,110,143,13.32297523,9.810025456,7.365060782,7.889852773,489,15,6,7,28,458,14,4,7,25,517,483,93,50,93,17
31,1000,50,5.13,10.3,18,37,11,944,26,17,13,56,7.37276694,100,135,12.83596292,9.56497754,6.712123042,8.088464496,499,9,9,3,21,445,17,8,10,35,520,480,85,50,72,28
28,1000,50,5.13,10.3,18,37,21,953,25,9,13,47,7.742193643,113,159,13.84426994,10.65404689,7.63748507,7.843199358,468,15,3,5,23,485,10,6,8,24,491,509,101,58,94,19
27,1000,50,5.13,10.3,18,37,23,954,25,9,12,46,7.411342388,112,137,13.49917697,10.67595651,7.073389934,7.778927415,504,8,3,6,17,450,17,6,6,29,521,479,87,50,92,20
25,1000,50,5.13,10.3,18,37,28,968,21,3,8,32,7.413868731,125,155,14.54367244,11.28466404,7.435424499,7.393158286,474,12,1,3,16,494,9,2,5,16,490,510,118,37,99,26
29,1000,50,5.13,10.3,18,37,21,950,23,11,16,50,7.756607896,96,140,13.45136274,10.13460763,7.361837861,8.175796695,489,13,6,7,26,461,10,5,9,24,515,485,90,50,67,29
30,1000,50,5.13,10.3,18,37,21,947,29,10,14,53,7.633767476,101,155,13.35768309,9.866206627,7.38156577,7.903722511,489,15,6,7,28,458,14,4,7,25,517,483,99,56,80,21
26,1000,50,5.13,10.3,18,37,24,957,26,9,8,43,7.408204973,101,147,13.98874159,10.54603969,7.004009359,7.818919872,486,12,3,3,18,471,14,6,5,25,504,496,102,45,80,21
31,1000,50,5.13,10.3,18,37,12,945,26,17,12,55,7.376994012,107,128,12.84946307,9.635549818,6.749903735,8.056341813,499,9,9,3,21,446,17,8,9,34,520,480,83,45,71,36
24,1000,50,5.13,10.3,18,37,86,953,30,12,5,47,7.964986637,273,293,47.42413735,39.7905685,9.718266104,6.300567338,451,22,10,4,36,502,8,2,1,11,487,513,280,13,257,16
28,1000,50,5.13,10.3,18,37,22,952,26,8,14,48,7.731506941,123,149,13.91508888,10.70934436,7.642926103,7.816955254,467,16,3,5,24,485,10,5,9,24,491,509,100,49,92,31
27,1000,50,5.13,10.3,18,37,24,956,25,8,11,44,7.422814296,107,151,13.57600054,10.76993077,7.141018209,7.729319016,504,8,3,6,17,452,17,5,5,27,521,479,104,47,81,26
25,1000,50,5.13,10.3,18,37,29,968,21,2,9,32,7.435714494,109,165,14.68315095,11.40738726,7.481092574,7.392115947,474,12,1,3,16,494,9,1,6,16,490,510,117,48,89,20
29,1000,50,5.13,10.3,18,37,22,948,24,11,17,52,7.777081224,107,144,13.56670241,10.234726,7.396154232,8.18157071,489,12,6,8,26,459,12,5,9,26,515,485,103,41,80,27
26,1000,50,5.13,10.3,18,37,25,959,26,8,7,41,7.381015091,98,148,14.10832971,10.65767728,7.01233359,7.755643069,486,13,2,3,18,473,13,6,4,23,504,496,102,46,76,22
30,1000,50,5.13,10.3,18,37,22,949,29,9,13,51,7.644417335,103,133,13.36433721,9.893645029,7.387611276,7.919300839,489,15,6,7,28,460,14,3,6,23,517,483,85,48,81,22
31,1000,50,5.13,10.3,18,37,13,943,28,17,12,57,7.393556501,109,125,12.87389047,9.694515742,6.759331691,8.080633379,498,10,9,3,22,445,18,8,9,35,520,480,70,55,77,32
24,1000,50,5.13,10.3,18,37,87,952,31,12,5,48,7.976483153,265,316,48.75884565,41.02182624,9.756903251,6.286298771,451,22,10,4,36,501,9,2,1,12,487,513,292,24,255,10
28,1000,50,5.13,10.3,18,37,23,953,25,8,14,47,7.717143326,113,136,14.03552456,10.80979187,7.639550706,7.791992003,467,16,3,5,24,486,9,5,9,23,491,509,96,40,87,26
27,1000,50,5.13,10.3,18,37,25,954,27,8,11,46,7.480037692,97,139,13.61852132,10.8552154,7.209222667,7.774598502,503,9,3,6,18,451,18,5,5,28,521,479,83,56,78,19
25,1000,50,5.13,10.3,18,37,30,966,23,1,10,34,7.462051521,115,172,14.87633239,11.56728147,7.46825584,7.456090508,474,12,1,3,16,492,11,0,7,18,490,510,120,52,97,18
29,1000,50,5.13,10.3,18,37,23,950,24,9,17,50,7.777321705,109,132,13.66999656,10.32201435,7.414101361,8.163009287,490,12,5,8,25,460,12,4,9,25,515,485,80,52,80,29
26,1000,50,5.13,10.3,18,37,26,959,26,8,7,41,7.370453031,112,128,14.21681293,10.73519105,7.016414072,7.730202295,486,13,2,3,18,473,13,6,4,23,504,496,81,47,90,22
30,1000,50,5.13,10.3,18,37,23,949,29,9,13,51,7.672511715,107,135,13.39902596,9.960552795,7.440165233,7.921213849,488,16,6,7,29,461,13,3,6,22,517,483,95,40,83,24
31,1000,50,5.13,10.3,18,37,14,943,29,17,11,57,7.383973255,94,140,12.9100543,9.732981328,6.783527884,8.034455739,498,10,9,3,22,445,19,8,8,35,520,480,84,56,72,22
28,1000,50,5.13,10.3,18,37,24,953,25,8,14,47,7.744456621,116,151,14.16534919,10.94668874,7.686859868,7.800016554,467,16,3,5,24,486,9,5,9,23,491,509,108,43,90,26
24,1000,50,5.13,10.3,18,37,88,952,31,12,5,48,7.990574299,267,320,50.22733989,42.0490746,9.817555484,6.256188653,451,22,10,4,36,501,9,2,1,12,487,513,303,17,253,14
27,1000,50,5.13,10.3,18,37,26,954,27,8,11,46,7.472003335,106,146,13.73371361,10.97940458,7.219918881,7.746191228,503,9,3,6,18,451,18,5,5,28,521,479,101,45,78,28
25,1000,50,5.13,10.3,18,37,31,966,23,1,10,34,7.444489546,120,149,15.00624109,11.690944,7.46825584,7.421655263,474,12,1,3,16,492,11,0,7,18,490,510,111,38,103,17
29,1000,50,5.13,10.3,18,37,24,952,23,9,16,48,7.762425091,103,151,13.75646468,10.41597366,7.431945487,8.113346733,490,12,5,8,25,462,11,4,8,23,515,485,103,48,82,21
26,1000,50,5.13,10.3,18,37,27,960,26,7,7,40,7.381321813,130,165,14.32433332,10.84646234,7.040318453,7.727825228,486,13,2,3,18,474,13,5,4,22,504,496,112,53,103,27
30,1000,50,5.13,10.3,18,37,24,948,30,9,13,52,7.716009968,95,145,13.42677118,9.987440074,7.483869558,7.964491526,488,16,6,7,29,460,14,3,6,23,517,483,91,54,71,24
31,1000,50,5.13,10.3,18,37,15,945,29,15,11,55,7.387393759,112,146,12.97014854,9.794206111,6.77467001,8.05117782,500,10,7,3,20,445,19,8,8,35,520,480,90,56,80,32
28,1000,50,5.13,10.3,18,37,25,953,26,8,13,47,7.721996504,117,147,14.30160693,11.08714816,7.712072007,7.731570037,467,16,3,5,24,486,10,5,8,23,491,509,99,48,97,20
27,1000,50,5.13,10.3,18,37,27,957,26,7,10,43,7.466844019,119,134,13.86333171,11.12173112,7.249495442,7.7032503,504,9,2,6,17,453,17,5,4,26,521,479,96,38,95,24
24,1000,50,5.13,10.3,18,37,89,953,30,12,5,47,7.97142048,266,307,52.43291624,43.81721068,9.813668125,6.222542111,452,21,10,4,35,501,9,2,1,12,487,513,286,21,257,9
25,1000,50,5.13,10.3,18,37,32,967,22,1,10,33,7.477940105,116,154,15.15889293,11.82755769,7.499259291,7.457456965,475,11,1,3,15,492,11,0,7,18,490,510,111,43,92,24
29,1000,50,5.13,10.3,18,37,25,953,22,9,16,47,7.757091609,123,148,13.82795903,10.49475261,7.45690353,8.075848022,490,12,5,8,25,463,10,4,8,22,515,485,111,37,94,29
26,1000,50,5.13,10.3,18,37,28,961,26,6,7,39,7.406556921,109,155,14.44751425,10.93442614,7.116748508,7.701039663,486,13,2,3,18,475,13,4,4,21,504,496,107,48,93,16
30,1000,50,5.13,10.3,18,37,25,948,30,9,13,52,7.755681978,104,133,13.49167653,10.02795688,7.518639118,8.009411085,488,16,6,7,29,460,14,3,6,23,517,483,88,45,77,27
31,1000,50,5.13,10.3,18,37,16,943,32,15,10,57,7.401846879,115,159,13.05626932,9.853327456,6.799637073,8.054240835,499,11,7,3,21,444,21,8,7,36,520,480,106,53,85,30
28,1000,50,5.13,10.3,18,37,26,953,26,8,13,47,7.714846692,123,155,14.40320008,11.22468773,7.706755665,7.722651591,467,16,3,5,24,486,10,5,8,23,491,509,120,35,94,29
27,1000,50,5.13,10.3,18,37,28,957,26,7,10,43,7.515630758,127,154,13.96581471,11.19935821,7.321117013,7.727199988,504,9,2,6,17,453,17,5,4,26,521,479,98,56,101,26
25,1000,50,5.13,10.3,18,37,33,967,22,1,10,33,7.46830963,132,156,15.32742993,11.97281826,7.532310936,7.40681818,474,12,1,3,16,493,10,0,7,17,490,510,118,38,101,31
24,1000,50,5.13,10.3,18,37,90,953,30,12,5,47,7.963437497,284,331,54.36403357,45.40351153,9.846395121,6.175912423,452,21,10,4,35,501,9,2,1,12,487,513,309,22,268,16
29,1000,50,5.13,10.3,18,37,26,954,22,8,16,46,7.749534452,109,161,13.91926997,10.60329044,7.456124336,8.061093647,491,12,4,8,24,463,10,4,8,22,515,485,110,51,84,25
26,1000,50,5.13,10.3,18,37,29,962,26,5,7,38,7.392846791,121,146,14.51962908,11.02053833,7.157550351,7.631938335,486,13,2,3,18,476,13,3,4,20,504,496,116,30,108,13
30,1000,50,5.13,10.3,18,37,26,950,28,10,12,50,7.750079336,91,135,13.56920172,10.11119572,7.546246386,7.968260775,488,16,6,7,29,462,12,4,5,21,517,483,86,49,71,20
31,1000,50,5.13,10.3,18,37,17,942,33,15,10,58,7.414503682,95,139,13.08589103,9.890239669,6.840502239,8.036338577,499,11,7,3,21,443,22,8,7,37,520,480,85,54,75,20
27,1000,50,5.13,10.3,18,37,29,957,26,7,10,43,7.514236267,123,147,14.08581076,11.32202133,7.360669494,7.681268184,504,9,2,6,17,453,17,5,4,26,521,479,98,49,100,23
28,1000,50,5.13,10.3,18,37,27,951,28,8,13,49,7.749578081,113,153,14.51805522,11.34227683,7.789088567,7.711464823,465,18,3,5,26,486,10,5,8,23,491,509,110,43,93,20
25,1000,50,5.13,10.3,18,37,34,966,23,1,10,34,7.476831884,127,148,15.44851527,12.09938114,7.587465862,7.370536493,475,11,1,3,15,491,12,0,7,19,490,510,104,44,103,24
29,1000,50,5.13,10.3,18,37,27,954,22,8,16,46,7.776095457,108,141,14.03169034,10.71202281,7.480298104,8.090189554,491,12,4,8,24,463,10,4,8,22,515,485,103,38,89,19
24,1000,50,5.13,10.3,18,37,91,954,29,12,5,46,7.961276981,283,332,57.02591658,47.57059023,9.880125781,6.139679776,452,21,10,4,35,502,8,2,1,11,487,513,318,14,276,7
26,1000,50,5.13,10.3,18,37,30,962,26,4,8,38,7.416578908,130,149,14.61918226,11.12057276,7.222195689,7.614097341,486,13,2,3,18,476,13,2,5,20,504,496,108,41,104,26
30,1000,50,5.13,10.3,18,37,27,951,27,11,11,49,7.769914623,97,155,13.6463277,10.21477297,7.627771806,7.922063352,488,16,6,7,29,463,11,5,4,20,517,483,114,41,75,22
31,1000,50,5.13,10.3,18,37,18,945,31,15,9,55,7.416451528,97,154,13.17256858,9.978207403,6.872392517,8.005848791,499,10,8,3,21,446,21,7,6,34,520,480,105,49,74,23
27,1000,50,5.13,10.3,18,37,30,958,25,7,10,42,7.552614825,129,133,14.13932864,11.4061316,7.421068984,7.695694957,504,9,2,6,17,454,16,5,4,25,521,479,96,37,102,27
28,1000,50,5.13,10.3,18,37,28,951,29,7,13,49,7.782937606,138,139,14.67743601,11.46027788,7.860713303,7.707912326,464,19,3,5,27,487,10,4,8,22,491,509,99,40,100,38
25,1000,50,5.13,10.3,18,37,35,966,23,1,10,34,7.473624891,147,168,15.54953235,12.20802916,7.611573375,7.341086153,475,11,1,3,15,491,12,0,7,19,490,510,118,50,121,26
29,1000,50,5.13,10.3,18,37,28,953,23,8,16,47,7.814036126,123,140,14.12966714,10.79919388,7.540759972,8.10421596,490,13,4,8,25,463,10,4,8,22,515,485,100,40,100,23
26,1000,50,5.13,10.3,18,37,31,963,26,4,7,37,7.419559842,130,155,14.77259535,11.24006897,7.261590648,7.580076926,486,13,2,3,18,477,13,2,4,19,504,496,116,39,113,17
30,1000,50,5.13,10.3,18,37,28,951,27,11,11,49,7.772804237,124,137,13.77314719,10.31396209,7.677348931,7.874978965,487,17,6,7,30,464,10,5,4,19,517,483,94,43,95,29
24,1000,50,5.13,10.3,18,37,92,952,30,13,5,48,8.003422538,270,311,60.28232895,50.18126052,9.976530368,6.130316275,451,22,10,4,36,501,8,3,1,12,487,513,295,16,260,10
31,1000,50,5.13,10.3,18,37,19,945,31,15,9,55,7.450716795,100,158,13.24513487,10.07544772,6.909666218,8.036854921,499,10,8,3,21,446,21,7,6,34,520,480,101,57,69,31
27,1000,50,5.13,10.3,18,37,31,959,25,7,9,41,7.604447893,131,140,14.2337381,11.54924566,7.513319276,7.703566911,504,9,2,6,17,455,16,5,3,24,521,479,108,32,108,23
28,1000,50,5.13,10.3,18,37,29,951,29,7,13,49,7.81805024,121,141,14.75818637,11.53889818,7.911661607,7.727749294,464,19,3,5,27,487,10,4,8,22,491,509,100,41,93,28
25,1000,50,5.13,10.3,18,37,36,967,21,2,10,33,7.496802456,121,152,15.69776801,12.35828286,7.663530644,7.336612628,475,10,2,3,15,492,11,0,7,18,490,510,116,36,99,22
29,1000,50,5.13,10.3,18,37,29,952,25,8,15,48,7.775617161,111,153,14.20527494,10.91433473,7.570103052,7.993843482,490,13,4,8,25,462,12,4,7,23,515,485,105,48,93,18
26,1000,50,5.13,10.3,18,37,32,962,27,4,7,38,7.42283917,127,149,14.88917475,11.35881366,7.292127699,7.555658892,485,14,2,3,19,477,13,2,4,19,504,496,103,46,103,24
30,1000,50,5.13,10.3,18,37,29,951,27,11,11,49,7.795181465,97,151,13.87664866,10.4119495,7.715442585,7.880533435,487,17,6,7,30,464,10,5,4,19,517,483,114,37,78,19
31,1000,50,5.13,10.3,18,37,20,946,29,16,9,54,7.472944443,110,135,13.29082748,10.14278673,6.951923232,8.037384089,498,11,8,3,22,448,18,8,6,32,520,480,98,37,86,24
24,1000,50,5.13,10.3,18,37,93,954,28,13,5,46,7.990436849,300,321,63.13592969,52.52994919,10.0173825,6.066221386,452,21,10,4,35,502,7,3,1,11,487,513,305,16,291,9
27,1000,50,5.13,10.3,18,37,32,959,25,7,9,41,7.640004968,108,132,14.36810799,11.66204384,7.550623115,7.737224061,504,9,2,6,17,455,16,5,3,24,521,479,94,38,91,17
28,1000,50,5.13,10.3,18,37,30,952,30,6,12,48,7.798575252,114,185,14.91463199,11.68079895,7.919106251,7.682306646,464,20,2,5,27,488,10,4,7,21,491,509,139,46,91,23
25,1000,50,5.13,10.3,18,37,37,967,21,2,10,33,7.539098267,134,179,15.89999391,12.59527876,7.726655297,7.358896414,475,10,2,3,15,492,11,0,7,18,490,510,140,39,111,23
29,1000,50,5.13,10.3,18,37,30,955,24,8,13,45,7.742095742,107,144,14.30738153,10.97876956,7.595788275,7.897453155,489,14,4,8,26,466,10,4,5,19,515,485,100,44,84,23
26,1000,50,5.13,10.3,18,37,33,963,25,5,7,37,7.43583642,117,175,15.01190996,11.4652009,7.304254002,7.569541135,485,14,2,3,19,478,11,3,4,18,504,496,124,51,102,15
30,1000,50,5.13,10.3,18,37,30,951,28,10,11,49,7.81616398,110,160,14.00434034,10.51541548,7.735855466,7.902125681,488,17,5,7,29,463,11,5,4,20,517,483,114,46,84,26
31,1000,50,5.13,10.3,18,37,21,947,29,15,9,53,7.520441604,116,136,13.32484863,10.1998075,7.033379367,8.048092362,498,10,8,4,22,449,19,7,5,31,520,480,91,45,84,32
27,1000,50,5.13,10.3,18,37,33,958,26,8,8,42,7.640142518,117,144,14.47162716,11.77974563,7.560953291,7.726275268,504,9,3,5,17,454,17,5,3,25,521,479,110,34,98,19
28,1000,50,5.13,10.3,18,37,31,953,29,6,12,47,7.836459838,117,164,15.08038606,11.78918471,7.952948753,7.724090375,464,20,2,5,27,489,9,4,7,20,491,509,112,52,91,26
24,1000,50,5.13,10.3,18,37,94,951,28,16,5,49,8.027597145,299,335,67.53177355,56.03534243,10.11847449,6.042690188,450,21,12,4,37,501,7,4,1,12,487,513,324,11,292,7
25,1000,50,5.13,10.3,18,37,38,967,21,2,10,33,7.54448798,131,158,16.06522544,12.78300033,7.742400488,7.354336747,475,10,2,3,15,492,11,0,7,18,490,510,127,31,110,21
29,1000,50,5.13,10.3,18,37,31,955,24,8,13,45,7.750378729,110,152,14.44595188,11.11337956,7.630123459,7.878072469,490,13,4,8,25,465,11,4,5,20,515,485,113,39,86,24
26,1000,50,5.13,10.3,18,37,34,964,24,5,7,36,7.440280614,128,127,15.21686572,11.60020802,7.333446163,7.548838201,485,14,2,3,19,479,10,3,4,17,504,496,96,31,110,18
30,1000,50,5.13,10.3,18,37,31,952,28,9,11,48,7.820607852,121,166,14.15589297,10.66054145,7.723895857,7.92412773,489,17,4,7,28,463,11,5,4,20,517,483,117,49,91,30
31,1000,50,5.13,10.3,18,37,22,948,28,15,9,52,7.521757203,111,148,13.39416539,10.28194426,7.037784482,8.046060984,498,10,8,4,22,450,18,7,5,30,520,480,89,59,81,30
27,1000,50,5.13,10.3,18,37,34,958,26,8,8,42,7.653808707,114,148,14.56426132,11.88932214,7.597296529,7.715276024,504,9,3,5,17,454,17,5,3,25,521,479,99,49,91,23
28,1000,50,5.13,10.3,18,37,32,954,28,6,12,46,7.853287882,103,160,15.20223073,11.89565235,7.981618554,7.729495426,464,20,2,5,27,490,8,4,7,19,491,509,124,36,90,13
24,1000,50,5.13,10.3,18,37,95,951,28,16,5,49,8.015012429,298,345,71.10930062,58.95391316,10.15477794,5.983695069,450,21,12,4,37,501,7,4,1,12,487,513,339,6,290,8
25,1000,50,5.13,10.3,18,37,39,968,19,4,9,32,7.563300385,118,157,16.25404192,12.95809529,7.788238455,7.347183416,476,9,2,3,14,492,10,2,6,18,490,510,129,28,94,24
29,1000,50,5.13,10.3,18,37,32,956,23,8,13,44,7.774757295,119,145,14.55528045,11.21564548,7.67357688,7.882196293,490,13,4,8,25,466,10,4,5,19,515,485,96,49,93,26
26,1000,50,5.13,10.3,18,37,35,962,26,5,7,38,7.458858329,124,178,15.38709127,11.72012111,7.355499765,7.563883967,484,15,2,3,20,478,11,3,4,18,504,496,124,54,102,22
30,1000,50,5.13,10.3,18,37,32,952,28,9,11,48,7.834811159,108,153,14.22341096,10.71758633,7.773668786,7.900257549,489,17,4,7,28,463,11,5,4,20,517,483,113,40,87,21
31,1000,50,5.13,10.3,18,37,23,948,28,15,9,52,7.548403361,103,159,13.49129857,10.38527195,7.080172774,8.055653163,498,10,8,4,22,450,18,7,5,30,520,480,115,44,79,24
27,1000,50,5.13,10.3,18,37,35,958,28,6,8,42,7.664129681,124,145,14.66964175,12.00893733,7.674226826,7.653147192,504,10,2,5,17,454,18,4,3,25,521,479,106,39,100,24
28,1000,50,5.13,10.3,18,37,33,953,29,7,11,47,7.844503036,126,145,15.31737048,12.0240623,8.006394047,7.68833705,464,21,2,4,27,489,8,5,7,20,491,509,106,39,113,13
25,1000,50,5.13,10.3,18,37,40,966,21,4,9,34,7.569477387,118,160,16.41390928,13.15554679,7.859828327,7.290512757,475,10,2,3,15,491,11,2,6,19,490,510,123,37,101,17
29,1000,50,5.13,10.3,18,37,33,957,23,8,12,43,7.756526225,129,145,14.65281891,11.31022895,7.692070402,7.824969005,490,13,4,8,25,467,10,4,4,18,515,485,100,45,107,22
24,1000,50,5.13,10.3,18,37,96,951,28,16,5,49,8.045180644,302,354,75.43647532,62.44405996,10.21487001,5.985456044,450,21,12,4,37,501,7,4,1,12,487,513,341,13,293,9
30,1000,50,5.13,10.3,18,37,33,954,27,7,12,46,7.819075918,108,114,14.37712354,10.85553167,7.765796446,7.876105912,489,17,4,7,28,465,10,3,5,18,517,483,91,23,88,20
26,1000,50,5.13,10.3,18,37,36,963,25,5,7,37,7.427848758,118,166,15.58736709,11.88526392,7.357352349,7.499482205,484,15,2,3,20,479,10,3,4,17,504,496,123,43,99,19
31,1000,50,5.13,10.3,18,37,24,948,27,16,9,52,7.548424204,104,136,13.58165405,10.47824861,7.146153292,7.984217691,497,11,8,4,23,451,16,8,5,29,520,480,88,48,76,28
27,1000,50,5.13,10.3,18,37,36,960,25,8,7,40,7.635672606,122,133,14.79608279,12.14369583,7.695203753,7.570921609,504,9,3,5,17,456,16,5,2,23,521,479,96,37,102,20
28,1000,50,5.13,10.3,18,37,34,953,29,7,11,47,7.853899968,110,168,15.51536378,12.14262785,8.042615846,7.671857736,464,21,2,4,27,489,8,5,7,20,491,509,126,42,89,21
25,1000,50,5.13,10.3,18,37,41,966,20,5,9,34,7.611585229,120,156,16.64876304,13.39702911,7.926910046,7.308626091,475,9,3,3,15,491,11,2,6,19,490,510,120,36,100,20
29,1000,50,5.13,10.3,18,37,34,958,24,8,10,42,7.715963776,120,151,14.8024874,11.45702502,7.7091191,7.723231834,490,13,4,8,25,468,11,4,2,17,515,485,111,40,95,25
24,1000,50,5.13,10.3,18,37,97,951,28,16,5,49,8.056548067,297,357,80.37981083,66.43152421,10.26996782,5.955309434,450,21,12,4,37,501,7,4,1,12,487,513,340,17,290,7
30,1000,50,5.13,10.3,18,37,34,956,25,6,13,44,7.840101367,104,157,14.47387596,10.96886844,7.783688012,7.900485848,489,17,4,7,28,467,8,2,6,16,517,483,108,49,82,22
26,1000,50,5.13,10.3,18,37,37,965,23,5,7,35,7.447457366,143,170,15.72185988,12.05512027,7.353875584,7.54254853,486,13,2,3,18,479,10,3,4,17,504,496,124,46,120,23
31,1000,50,5.13,10.3,18,37,25,949,27,15,9,51,7.528280931,106,142,13.66611769,10.55019633,7.164493278,7.922384222,497,11,8,4,23,452,16,7,5,28,520,480,98,44,86,20
27,1000,50,5.13,10.3,18,37,37,960,25,8,7,40,7.685628566,135,147,14.89234265,12.21674422,7.778122302,7.585024731,504,9,3,5,17,456,16,5,2,23,521,479,108,39,108,27
28,1000,50,5.13,10.3,18,37,35,953,29,6,12,47,7.885883691,119,173,15.6943832,12.30301401,8.094810397,7.684345355,464,21,2,4,27,489,8,4,8,20,491,509,132,41,99,20
25,1000,50,5.13,10.3,18,37,42,967,21,4,8,33,7.604992219,145,169,16.88176427,13.60375361,7.994891475,7.230383131,474,10,3,3,16,493,11,1,5,17,490,510,130,39,131,14
29,1000,50,5.13,10.3,18,37,35,958,24,8,10,42,7.740689047,111,147,14.95896809,11.60162827,7.740705146,7.740671952,490,13,4,8,25,468,11,4,2,17,515,485,114,33,90,21
24,1000,50,5.13,10.3,18,37,98,949,30,16,5,51,8.049277942,319,371,84.94542306,70.07162458,10.3301897,5.88396795,448,23,12,4,39,501,7,4,1,12,487,513,348,23,315,4
30,1000,50,5.13,10.3,18,37,35,954,26,7,13,46,7.871413375,104,148,14.62487575,11.09078891,7.838608182,7.906527836,488,17,5,7,29,466,9,2,6,17,517,483,111,37,83,21
26,1000,50,5.13,10.3,18,37,38,967,22,5,6,33,7.493955057,141,173,15.83195942,12.17440679,7.398439538,7.591011148,487,12,2,3,17,480,10,3,3,16,504,496,127,46,116,25
31,1000,50,5.13,10.3,18,37,26,951,26,14,9,49,7.532784994,112,135,13.71058758,10.62446152,7.191081793,7.902963463,498,10,8,4,22,453,16,6,5,27,520,480,91,44,91,21
27,1000,50,5.13,10.3,18,37,38,962,24,7,7,38,7.691913285,138,176,14.99517142,12.34135088,7.820081741,7.552506677,504,9,3,5,17,458,15,4,2,21,521,479,135,41,117,21
28,1000,50,5.13,10.3,18,37,36,956,26,6,12,44,7.901011759,120,171,15.95308896,12.52365699,8.097447585,7.711522582,467,18,2,4,24,489,8,4,8,20,491,509,122,49,96,24
25,1000,50,5.13,10.3,18,37,43,966,23,4,7,34,7.603105632,135,184,17.10908163,13.82302808,8.025275894,7.197491067,474,10,3,3,16,492,13,1,4,18,490,510,153,31,118,17
29,1000,50,5.13,10.3,18,37,36,958,23,9,10,42,7.752351298,123,176,15.07654367,11.73067318,7.806800583,7.694534017,490,12,5,8,25,468,11,4,2,17,515,485,125,51,98,25
30,1000,50,5.13,10.3,18,37,36,953,27,7,13,47,7.900356362,112,146,14.76171662,11.20990155,7.867782663,7.935223033,487,18,5,7,30,466,9,2,6,17,517,483,108,38,92,20
26,1000,50,5.13,10.3,18,37,39,967,21,4,8,33,7.509643411,127,154,16.02021242,12.3559652,7.418009346,7.602755446,487,11,2,4,17,480,10,2,4,16,504,496,121,33,99,28
24,1000,50,5.13,10.3,18,37,99,949,28,17,6,51,8.055224905,333,353,88.41054814,72.79679069,10.36107998,5.866235776,449,22,11,5,38,500,6,6,1,13,487,513,340,13,320,13
28,1000,50,5.13,10.3,18,37,37,957,25,6,12,43,7.957636159,121,164,16.1780512,12.70353183,8.152837839,7.769337486,467,18,2,4,24,490,7,4,8,19,491,509,130,34,107,14
27,1000,50,5.13,10.3,18,37,39,961,25,7,7,39,7.703490567,132,142,15.11940076,12.49072168,7.826327495,7.569882969,503,10,3,5,18,458,15,4,2,21,521,479,106,36,106,26
31,1000,50,5.13,10.3,18,37,27,951,26,13,10,49,7.56787207,111,156,13.81579059,10.74785334,7.24282888,7.920002193,498,10,7,5,22,453,16,6,5,27,520,480,109,47,89,22
25,1000,50,5.13,10.3,18,37,44,965,24,4,7,35,7.606567729,141,161,17.34414387,14.02898115,8.085780704,7.14614742,473,11,3,3,17,492,13,1,4,18,490,510,127,34,117,24
29,1000,50,5.13,10.3,18,37,37,959,22,9,10,41,7.760224237,125,142,15.29210334,11.92138676,7.835487073,7.680305967,490,12,5,8,25,469,10,4,2,16,515,485,103,39,104,21
30,1000,50,5.13,10.3,18,37,37,953,28,6,13,47,7.901257377,110,143,14.94647604,11.37024073,7.887468356,7.916017053,488,18,4,7,29,465,10,2,6,18,517,483,109,34,83,27
26,1000,50,5.13,10.3,18,37,40,965,23,4,8,35,7.541559965,119,156,16.21946068,12.52106944,7.471185521,7.613069481,486,12,2,4,18,479,11,2,4,17,504,496,121,35,89,30
28,1000,50,5.13,10.3,18,37,38,957,25,7,11,43,7.965114504,131,175,16.41508683,12.8724569,8.205144484,7.733572814,466,18,3,4,25,491,7,4,7,18,491,509,131,44,112,19
27,1000,50,5.13,10.3,18,37,40,960,26,7,7,40,7.69354882,148,147,15.22325857,12.58558702,7.819155361,7.556928761,503,10,3,5,18,457,16,4,2,22,521,479,113,34,118,30
24,1000,50,5.13,10.3,18,37,100,949,28,17,6,51,8.048979042,329,353,91.61523882,75.47730468,10.36260005,5.852617579,449,22,11,5,38,500,6,6,1,13,487,513,339,14,313,16
31,1000,50,5.13,10.3,18,37,28,953,24,14,9,47,7.566456965,107,154,13.92042827,10.86622119,7.24872879,7.910662489,499,8,8,5,21,454,16,6,4,26,520,480,103,51,86,21
25,1000,50,5.13,10.3,18,37,45,965,24,4,7,35,7.611936437,136,188,17.65388791,14.32849603,8.092080709,7.150621352,473,11,3,3,17,492,13,1,4,18,490,510,150,38,116,20
29,1000,50,5.13,10.3,18,37,38,960,21,9,10,40,7.740948113,121,152,15.45916784,12.07393898,7.844747391,7.63072826,490,12,5,8,25,470,9,4,2,15,515,485,115,37,95,26
30,1000,50,5.13,10.3,18,37,38,953,28,6,13,47,7.948870814,104,146,15.04834822,11.45656286,7.975894355,7.919944995,488,18,4,7,29,465,10,2,6,18,517,483,111,35,79,25
26,1000,50,5.13,10.3,18,37,41,965,23,4,8,35,7.524269851,134,165,16.36795481,12.67392438,7.500240955,7.54868631,486,12,2,4,18,479,11,2,4,17,504,496,125,40,114,20
28,1000,50,5.13,10.3,18,37,39,957,25,7,11,43,7.998373626,144,166,16.59205131,13.01195135,8.232024626,7.772985333,466,18,3,4,25,491,7,4,7,18,491,509,127,39,128,16
27,1000,50,5.13,10.3,18,37,41,960,25,8,7,40,7.736336182,125,157,15.32873925,12.69823395,7.889047342,7.570234901,502,10,4,5,19,458,15,4,2,21,521,479,115,42,102,23
31,1000,50,5.13,10.3,18,37,29,952,25,14,9,48,7.590213347,113,147,14.01080684,10.9544405,7.280160024,7.926104447,498,9,8,5,22,454,16,6,4,26,520,480,103,44,86,27
25,1000,50,5.13,10.3,18,37,46,965,24,4,7,35,7.615167097,136,177,17.8895596,14.53561619,8.12491444,7.125409847,473,11,3,3,17,492,13,1,4,18,490,510,145,32,116,20
24,1000,50,5.13,10.3,18,37,101,950,27,17,6,50,8.040933241,327,376,95.84172775,79.1886717,10.36985659,5.830044993,449,22,11,5,38,501,5,6,1,12,487,513,359,17,316,11
29,1000,50,5.13,10.3,18,37,39,960,22,9,9,40,7.759339582,126,158,15.7000141,12.26687228,7.909353111,7.600046865,490,12,5,8,25,470,10,4,1,15,515,485,113,45,104,22
26,1000,50,5.13,10.3,18,37,42,965,24,4,7,35,7.533618439,107,199,16.48639253,12.81791393,7.5459426,7.521095501,486,12,2,4,18,479,12,2,3,17,504,496,155,44,96,11
30,1000,50,5.13,10.3,18,37,39,953,28,6,13,47,7.93172647,111,148,15.22479394,11.60980993,7.986279996,7.873332736,488,18,4,7,29,465,10,2,6,18,517,483,102,46,91,20
28,1000,50,5.13,10.3,18,37,40,956,26,7,11,44,8.016445137,140,188,16.85846132,13.2238696,8.257726637,7.783696185,465,19,3,4,26,491,7,4,7,18,491,509,145,43,113,27
27,1000,50,5.13,10.3,18,37,42,961,24,8,7,39,7.765057571,113,154,15.49591148,12.86258742,7.94654425,7.567657655,502,10,4,5,19,459,14,4,2,20,521,479,115,39,100,13
25,1000,50,5.13,10.3,18,37,47,965,24,4,7,35,7.645149696,149,197,18.21326799,14.82114259,8.169457168,7.141403302,472,12,3,3,18,493,12,1,4,17,490,510,163,34,130,19
31,1000,50,5.13,10.3,18,37,30,952,25,14,9,48,7.609077671,101,154,14.09490342,11.05519592,7.296878102,7.947293871,498,9,8,5,22,454,16,6,4,26,520,480,113,41,81,20
29,1000,50,5.13,10.3,18,37,40,962,21,8,9,38,7.757169917,120,139,15.9981849,12.47774386,7.951104037,7.551239872,490,12,5,8,25,472,9,3,1,13,515,485,107,32,96,24
24,1000,50,5.13,10.3,18,37,102,951,26,17,6,49,8.013389314,344,386,100.3569712,83.02737785,10.36757733,5.778516872,449,22,11,5,38,502,4,6,1,11,487,513,376,10,333,11
30,1000,50,5.13,10.3,18,37,40,953,27,7,13,47,7.930907292,115,133,15.38840311,11.74803024,7.982419644,7.875768811,488,18,4,7,29,465,9,3,6,18,517,483,102,31,86,29
26,1000,50,5.13,10.3,18,37,43,965,23,5,7,35,7.581818289,132,171,16.62142253,12.96732537,7.613787227,7.549333723,486,11,3,4,18,479,12,2,3,17,504,496,123,48,114,18
28,1000,50,5.13,10.3,18,37,41,955,28,6,11,45,8.030587645,133,170,17.16760383,13.48215347,8.31653382,7.754753516,464,20,3,4,27,491,8,3,7,18,491,509,143,27,117,16
27,1000,50,5.13,10.3,18,37,43,962,23,8,7,38,7.773135315,129,158,15.61355702,12.99305098,7.984495537,7.543242464,502,10,4,5,19,460,13,4,2,19,521,479,122,36,109,20
25,1000,50,5.13,10.3,18,37,48,964,25,4,7,36,7.652329802,157,180,18.49506572,15.05728256,8.233819319,7.093643795,472,12,3,3,18,492,13,1,4,18,490,510,144,36,128,29
31,1000,50,5.13,10.3,18,37,31,952,25,14,9,48,7.600774428,103,145,14.20865631,11.17579986,7.323909197,7.900711762,498,9,8,5,22,454,16,6,4,26,520,480,101,44,83,20
29,1000,50,5.13,10.3,18,37,41,962,22,7,9,38,7.754204291,134,163,16.48305095,12.86576034,7.978192249,7.516361407,490,12,5,8,25,472,10,2,1,13,515,485,131,32,113,21
24,1000,50,5.13,10.3,18,37,103,951,26,17,6,49,8.023861788,337,372,106.3047753,88.02923019,10.39883345,5.769259061,449,22,11,5,38,502,4,6,1,11,487,513,358,14,329,8
26,1000,50,5.13,10.3,18,37,44,966,22,5,7,34,7.591250932,127,175,16.80737148,13.14019552,7.626273004,7.555663989,486,11,3,4,18,480,11,2,3,16,504,496,138,37,111,16
30,1000,50,5.13,10.3,18,37,41,953,27,7,13,47,7.925536507,134,141,15.58238454,11.9126254,8.030031426,7.813685837,488,18,4,7,29,465,9,3,6,18,517,483,106,35,110,24
28,1000,50,5.13,10.3,18,37,42,955,28,6,11,45,8.035134107,136,160,17.43457377,13.66334295,8.355315868,7.72627508,464,20,3,4,27,491,8,3,7,18,491,509,129,31,124,12
27,1000,50,5.13,10.3,18,37,44,964,21,9,6,36,7.804116394,143,169,15.76902261,13.18446485,8.039785537,7.547783151,503,9,4,5,18,461,12,5,1,18,521,479,121,48,126,17
25,1000,50,5.13,10.3,18,37,49,965,25,3,7,35,7.677040099,151,182,18.78754149,15.33104798,8.27681025,7.100790347,473,12,2,3,17,492,13,1,4,18,490,510,159,23,132,19
31,1000,50,5.13,10.3,18,37,32,953,24,13,10,47,7.616388805,121,147,14.35222721,11.32895645,7.365789083,7.887871837,498,9,7,6,22,455,15,6,4,25,520,480,104,43,101,20
29,1000,50,5.13,10.3,18,37,42,962,22,7,9,38,7.722672186,143,183,16.8157885,13.12623794,7.964560487,7.465821722,490,12,5,8,25,472,10,2,1,13,515,485,128,55,120,23
24,1000,50,5.13,10.3,18,37,104,952,24,18,6,48,8.025102748,357,380,112.4692817,93.06692778,10.48131744,5.693374571,449,21,12,5,38,503,3,6,1,10,487,513,365,15,344,13
32,1000,50,5.13,10.3,18,37,0,941,24,16,19,59,7.317,99,130,12.42919628,9.0125629,6.185185185,8.509240246,496,5,8,4,17,445,19,8,15,42,513,487,75,55,63,36
26,1000,50,5.13,10.3,18,37,45,966,22,5,7,34,7.560326843,139,168,17.06009568,13.36797856,7.631816825,7.487683797,486,11,3,4,18,480,11,2,3,16,504,496,132,36,121,18
30,1000,50,5.13,10.3,18,37,42,953,28,6,13,47,7.917697161,114,168,15.73790992,12.05573215,8.078580899,7.745488273,488,18,4,7,29,465,10,2,6,18,517,483,136,32,105,9
28,1000,50,5.13,10.3,18,37,43,955,28,6,11,45,8.032838816,123,174,17.73066167,13.90621193,8.351934941,7.725027032,464,20,3,4,27,491,8,3,7,18,491,509,147,27,103,20
27,1000,50,5.13,10.3,18,37,45,964,22,9,5,36,7.823143493,141,155,15.91724963,13.35949623,8.109426437,7.511758497,503,9,4,5,18,461,13,5,0,18,521,479,119,36,118,23
25,1000,50,5.13,10.3,18,37,50,963,26,4,7,37,7.691029039,161,175,19.10195941,15.62356665,8.317818231,7.088819814,471,13,3,3,19,492,13,1,4,18,490,510,147,28,143,18
31,1000,50,5.13,10.3,18,37,33,951,26,12,11,49,7.658879798,126,142,14.47247096,11.4334935,7.44236531,7.89343716,496,11,6,7,24,455,15,6,4,25,520,480,102,40,104,22
29,1000,50,5.13,10.3,18,37,43,962,22,7,9,38,7.7376374,109,155,17.28535681,13.5070386,7.986003864,7.473908061,490,12,5,8,25,472,10,2,1,13,515,485,126,29,90,19
26,1000,50,5.13,10.3,18,37,46,967,21,5,7,33,7.530858506,134,185,17.33804174,13.5747152,7.628235781,7.431910629,486,11,3,4,18,481,10,2,3,15,504,496,144,41,118,16
30,1000,50,5.13,10.3,18,37,43,952,28,7,13,48,7.953456239,120,159,15.84856694,12.20737584,8.121175031,7.773931155,487,19,4,7,30,465,9,3,6,18,517,483,114,45,101,19
28,1000,50,5.13,10.3,18,37,44,955,27,7,11,45,8.062793732,148,177,17.98096383,14.1154059,8.376944679,7.759752248,464,19,4,4,27,491,8,3,7,18,491,509,142,35,133,15
32,1000,50,5.13,10.3,18,37,1,940,26,16,18,60,7.334456595,85,112,12.44949144,9.042419136,6.180752542,8.549754705,496,6,8,3,17,444,20,8,15,43,513,487,60,52,58,27
27,1000,50,5.13,10.3,18,37,46,964,22,9,5,36,7.824977355,149,170,16.05030418,13.54150795,8.143646003,7.478366987,503,9,4,5,18,461,13,5,0,18,521,479,124,46,126,23
25,1000,50,5.13,10.3,18,37,51,963,26,4,7,37,7.720278738,151,222,19.42608613,15.89288849,8.384674854,7.081937372,471,13,3,3,19,492,13,1,4,18,490,510,172,50,131,20
29,1000,50,5.13,10.3,18,37,44,963,21,7,9,37,7.747260561,119,143,17.76560637,13.88665437,7.988432109,7.491171185,491,11,5,8,24,472,10,2,1,13,515,485,122,21,102,17
31,1000,50,5.13,10.3,18,37,34,952,25,11,12,48,7.678845789,128,143,14.54147888,11.53519111,7.483652729,7.890304938,496,11,6,7,24,456,14,5,5,24,520,480,105,38,107,21
26,1000,50,5.13,10.3,18,37,47,968,20,5,7,32,7.536206374,150,187,17.52249055,13.7557252,7.664019199,7.406332053,486,11,3,4,18,482,9,2,3,14,504,496,150,37,133,17
30,1000,50,5.13,10.3,18,37,44,953,28,7,12,47,7.95297024,141,156,15.95697402,12.32155769,8.173034027,7.717415421,487,19,4,7,30,466,9,3,5,17,517,483,115,41,116,25
28,1000,50,5.13,10.3,18,37,45,956,28,7,9,44,8.067476247,133,189,18.29630332,14.35694441,8.428967045,7.718769014,463,20,4,4,28,493,8,3,5,16,491,509,147,42,118,15
27,1000,50,5.13,10.3,18,37,47,963,23,9,5,37,7.849774559,158,167,16.22606074,13.70406006,8.198484758,7.470488518,502,10,4,5,19,461,13,5,0,18,521,479,120,47,133,25
25,1000,50,5.13,10.3,18,37,52,962,27,4,7,38,7.716241032,159,188,19.85336482,16.29596734,8.388832486,7.070025713,470,14,3,3,20,492,13,1,4,18,490,510,156,32,139,20
32,1000,50,5.13,10.3,18,37,2,939,27,16,18,61,7.367477932,90,130,12.48315147,9.099745492,6.240505619,8.554617145,495,7,8,3,18,444,20,8,15,43,513,487,73,57,68,22
29,1000,50,5.13,10.3,18,37,45,963,21,8,8,37,7.746371018,164,193,18.30777855,14.34143204,8.00778815,7.468783754,491,10,6,8,24,472,11,2,0,13,515,485,151,42,144,20
31,1000,50,5.13,10.3,18,37,35,953,24,11,12,47,7.706575669,119,175,14.66912298,11.67794861,7.503789701,7.926260468,496,11,6,7,24,457,13,5,5,23,520,480,128,47,92,27
26,1000,50,5.13,10.3,18,37,48,968,20,5,7,32,7.57332383,135,164,17.80549411,14.00291929,7.745035351,7.398842768,486,11,3,4,18,482,9,2,3,14,504,496,133,31,116,19
28,1000,50,5.13,10.3,18,37,46,957,27,7,9,43,8.041839459,164,182,18.66613864,14.64293745,8.460530125,7.637955143,463,19,5,4,28,494,8,2,5,15,491,509,153,29,139,25
27,1000,50,5.13,10.3,18,37,48,963,23,9,5,37,7.844129471,158,168,16.41902097,13.90763727,8.19089166,7.466962247,503,9,4,5,18,460,14,5,0,19,521,479,129,39,138,20
30,1000,50,5.13,10.3,18,37,45,955,26,7,12,45,7.956685863,116,175,16.05689448,12.40639151,8.191837941,7.704980638,487,19,4,7,30,468,7,3,5,15,517,483,133,42,99,17
25,1000,50,5.13,10.3,18,37,53,962,28,4,6,38,7.719336067,169,191,20.23329955,16.64219826,8.395981292,7.069225948,469,15,3,3,21,493,13,1,3,17,490,510,165,26,143,26
29,1000,50,5.13,10.3,18,37,46,963,21,8,8,37,7.758744813,151,169,18.88570457,14.82032811,8.042711276,7.457213415,491,10,6,8,24,472,11,2,0,13,515,485,141,28,127,24
32,1000,50,5.13,10.3,18,37,3,937,30,16,17,63,7.411671986,108,119,12.52405431,9.156119381,6.317869768,8.563870216,493,9,8,3,20,444,21,8,14,43,513,487,64,55,71,37
31,1000,50,5.13,10.3,18,37,36,954,24,10,12,46,7.701084722,112,170,14.77532351,11.77905591,7.5461621,7.868917563,496,11,6,7,24,458,13,4,5,22,520,480,124,46,86,26
28,1000,50,5.13,10.3,18,37,47,957,27,7,9,43,8.059064964,147,212,19.11725268,15.0018911,8.497591097,7.636046633,463,19,5,4,28,494,8,2,5,15,491,509,171,41,132,15
26,1000,50,5.13,10.3,18,37,49,969,18,6,7,31,7.556580911,148,184,18.19863916,14.34632179,7.760483064,7.349390014,487,9,4,4,17,482,9,2,3,14,504,496,148,36,131,17
27,1000,50,5.13,10.3,18,37,49,963,23,9,5,37,7.857255442,143,162,16.62337392,14.10016751,8.229695348,7.452159011,503,9,4,5,18,460,14,5,0,19,521,479,128,34,118,25
30,1000,50,5.13,10.3,18,37,46,955,26,7,12,45,7.967765849,136,166,16.20218744,12.54534046,8.244834004,7.671193932,487,19,4,7,30,468,7,3,5,15,517,483,131,35,115,21
25,1000,50,5.13,10.3,18,37,54,961,28,5,6,39,7.760309934,156,205,20.5340578,16.90654657,8.479637922,7.069190887,468,16,3,3,22,493,12,2,3,17,490,510,170,35,138,18
29,1000,50,5.13,10.3,18,37,47,963,20,9,8,37,7.74042287,152,157,19.40375772,15.24105482,8.033427486,7.429294256,491,10,6,8,24,472,10,3,0,13,515,485,135,22,132,20
31,1000,50,5.13,10.3,18,37,37,954,24,10,12,46,7.712203475,113,147,14.92582685,11.94029884,7.574775519,7.861083761,496,11,6,7,24,458,13,4,5,22,520,480,107,40,101,12
32,1000,50,5.13,10.3,18,37,4,939,29,16,16,61,7.413390915,101,127,12.53248239,9.189732295,6.334149752,8.550250704,493,9,8,3,20,446,20,8,13,41,513,487,75,52,73,28
28,1000,50,5.13,10.3,18,37,48,955,29,7,9,45,8.095173871,154,198,19.50525678,15.30217809,8.53362854,7.672224475,462,20,5,4,29,493,9,2,5,16,491,509,158,40,137,17
27,1000,50,5.13,10.3,18,37,50,963,23,9,5,37,7.898106257,139,155,16.86007457,14.33673535,8.295991687,7.465333169,503,9,4,5,18,460,14,5,0,19,521,479,125,30,121,18
26,1000,50,5.13,10.3,18,37,50,968,19,6,7,32,7.595869448,146,198,18.4419347,14.54258707,7.80729645,7.381032333,487,9,4,4,17,481,10,2,3,15,504,496,156,42,124,22
30,1000,50,5.13,10.3,18,37,47,955,26,7,12,45,7.973092654,123,180,16.35350028,12.67759292,8.268431413,7.656964003,487,19,4,7,30,468,7,3,5,15,517,483,137,43,102,21
25,1000,50,5.13,10.3,18,37,55,960,30,5,5,40,7.75344002,172,198,20.82279403,17.17045752,8.526899773,7.010312021,468,16,3,3,22,492,14,2,2,18,490,510,162,36,153,19
29,1000,50,5.13,10.3,18,37,48,963,21,8,8,37,7.731519537,151,181,20.09564511,15.80980229,8.078066878,7.363536279,490,11,6,8,25,473,10,2,0,12,515,485,145,36,132,19
31,1000,50,5.13,10.3,18,37,38,955,23,10,12,45,7.68899029,130,170,15.06255292,12.10012895,7.601053787,7.784254836,496,11,6,7,24,459,12,4,5,21,520,480,124,46,108,22
32,1000,50,5.13,10.3,18,37,5,939,28,17,16,61,7.445024449,106,115,12.5376645,9.202961207,6.359699643,8.588292674,493,9,8,3,20,446,19,9,13,41,513,487,67,48,85,21
28,1000,50,5.13,10.3,18,37,49,955,30,7,8,45,8.095468678,148,196,20.03280654,15.74084597,8.538450701,7.668152031,462,21,5,3,29,493,9,2,5,16,491,509,160,36,136,12
27,1000,50,5.13,10.3,18,37,51,962,24,9,5,38,7.908412441,133,197,17.1064603,14.56203177,8.339914247,7.439075404,503,9,4,5,18,459,15,5,0,20,521,479,149,48,111,22
26,1000,50,5.13,10.3,18,37,51,969,19,5,7,31,7.598069756,150,213,18.75521746,14.81520428,7.829977045,7.362422027,486,10,4,4,18,483,9,1,3,13,504,496,167,46,128,22
25,1000,50,5.13,10.3,18,37,56,963,27,5,5,37,7.738899491,175,210,21.17004207,17.42692599,8.552976001,6.956747549,469,15,3,3,21,494,12,2,2,16,490,510,183,27,155,20
30,1000,50,5.13,10.3,18,37,48,955,27,6,12,45,8.006569908,135,176,16.52339421,12.84107041,8.329831846,7.660552471,487,19,4,7,30,468,8,2,5,15,517,483,142,34,110,25
29,1000,50,5.13,10.3,18,37,49,962,22,8,8,38,7.712786693,142,190,20.80147306,16.36345421,8.111323892,7.289597709,490,11,6,8,25,472,11,2,0,13,515,485,159,31,117,25
31,1000,50,5.13,10.3,18,37,39,952,26,10,12,48,7.735060438,123,159,15.19880284,12.23166472,7.649518185,7.827731211,495,12,6,7,25,457,14,4,5,23,520,480,120,39,107,16
32,1000,50,5.13,10.3,18,37,6,940,28,17,15,60,7.428119924,101,144,12.5506083,9.219257206,6.399947529,8.511184479,493,8,9,3,20,447,20,8,12,40,513,487,67,77,78,23
28,1000,50,5.13,10.3,18,37,50,952,31,9,8,48,8.138953027,154,193,20.52569683,16.10311828,8.621021241,7.673932411,460,21,7,3,31,492,10,2,5,17,491,509,166,27,138,16
27,1000,50,5.13,10.3,18,37,52,961,23,11,5,39,7.934430706,143,191,17.44783186,14.87018029,8.390806247,7.438038937,503,8,5,5,18,458,15,6,0,21,521,479,157,34,123,20
25,1000,50,5.13,10.3,18,37,57,961,29,5,5,39,7.771061455,162,223,21.55151433,17.77404875,8.588832295,6.985360061,467,17,3,3,23,494,12,2,2,16,490,510,191,32,144,18
26,1000,50,5.13,10.3,18,37,52,967,20,6,7,33,7.63466631,139,198,19.10352266,15.13373135,7.903101911,7.361901103,484,11,5,4,20,483,9,1,3,13,504,496,165,33,129,10
30,1000,50,5.13,10.3,18,37,49,954,29,6,11,46,8.067663517,156,164,16.73722655,13.04399929,8.380243391,7.73308009,487,20,4,6,30,467,9,2,5,16,517,483,124,40,128,28
29,1000,50,5.13,10.3,18,37,50,962,21,9,8,38,7.752208518,152,190,21.50107719,16.88269814,8.146598186,7.333423612,490,10,7,8,25,472,11,2,0,13,515,485,157,33,134,18
31,1000,50,5.13,10.3,18,37,40,952,26,10,12,48,7.741051231,123,151,15.36039531,12.3745408,7.705363704,7.779712718,494,13,6,7,26,458,13,4,5,22,520,480,122,29,101,22
28,1000,50,5.13,10.3,18,37,51,951,32,10,7,49,8.173582749,161,210,21.05513859,16.48876176,8.693143403,7.672395555,460,20,8,3,31,491,12,2,4,18,491,509,165,45,145,16
27,1000,50,5.13,10.3,18,37,53,961,22,12,5,39,7.974025674,152,176,17.71691579,15.13482443,8.470761045,7.433735218,503,8,5,5,18,458,14,7,0,21,521,479,142,34,134,18
32,1000,50,5.13,10.3,18,37,7,941,28,16,15,59,7.451242016,89,125,12.59019482,9.230311225,6.431858731,8.525048229,493,9,8,3,20,448,19,8,12,39,513,487,68,57,59,30
25,1000,50,5.13,10.3,18,37,58,961,29,5,5,39,7.775354775,164,218,22.08260098,18.24712303,8.62368465,6.960292739,467,17,3,3,23,494,12,2,2,16,490,510,193,25,149,15
26,1000,50,5.13,10.3,18,37,53,968,20,5,7,32,7.595321643,179,184,19.52592627,15.50793061,7.920483548,7.264915192,484,11,5,4,20,484,9,0,3,12,504,496,158,26,160,19
30,1000,50,5.13,10.3,18,37,50,954,29,6,11,46,8.079953011,127,167,16.90467128,13.18326525,8.415665415,7.720608677,487,20,4,6,30,467,9,2,5,16,517,483,128,39,107,20
29,1000,50,5.13,10.3,18,37,51,962,21,9,8,38,7.754064307,147,181,22.3398583,17.56608206,8.165026762,7.317681493,490,10,7,8,25,472,11,2,0,13,515,485,149,32,126,21
31,1000,50,5.13,10.3,18,37,41,953,27,8,12,47,7.752595637,132,139,15.45739911,12.47133941,7.789190011,7.712951731,494,13,6,7,26,459,14,2,5,21,520,480,107,32,114,18
27,1000,50,5.13,10.3,18,37,54,962,22,11,5,38,7.961964241,154,175,18.03029866,15.44454486,8.502831984,7.373671769,503,8,5,5,18,459,14,6,0,20,521,479,142,33,140,14
28,1000,50,5.13,10.3,18,37,52,952,31,9,8,48,8.171752433,164,194,21.64839281,16.93126894,8.799518684,7.566186167,460,20,7,4,31,492,11,2,4,17,491,509,170,24,145,19
25,1000,50,5.13,10.3,18,37,59,961,28,6,5,39,7.833876061,183,212,22.47671879,18.55897862,8.719316283,6.983158985,467,16,4,3,23,494,12,2,2,16,490,510,176,36,169,14
26,1000,50,5.13,10.3,18,37,54,968,21,5,6,32,7.579512034,170,191,19.91727894,15.8089969,7.970628108,7.182087636,484,11,5,4,20,484,10,0,2,12,504,496,161,30,152,18
30,1000,50,5.13,10.3,18,37,51,954,29,6,11,46,8.088917876,141,161,17.15610668,13.39983073,8.424737305,7.729458985,487,20,4,6,30,467,9,2,5,16,517,483,129,32,122,19
32,1000,50,5.13,10.3,18,37,8,944,25,15,16,56,7.483464507,107,124,12.65306471,9.27849364,6.470518865,8.550489384,493,9,7,4,20,451,16,8,12,36,513,487,75,49,74,33
29,1000,50,5.13,10.3,18,37,52,962,21,9,8,38,7.772727596,170,206,22.89388711,18.01476674,8.209415885,7.309027661,490,10,7,8,25,472,11,2,0,13,515,485,166,40,154,16
31,1000,50,5.13,10.3,18,37,42,952,27,9,12,48,7.77807982,138,158,15.5795837,12.59102356,7.840763482,7.71017252,493,13,7,7,27,459,14,2,5,21,520,480,124,34,118,20
27,1000,50,5.13,10.3,18,37,55,962,22,11,5,38,7.992084936,163,189,18.44155578,15.78062033,8.532134775,7.404682084,503,8,5,5,18,459,14,6,0,20,521,479,164,25,137,26
28,1000,50,5.13,10.3,18,37,53,953,30,9,8,47,8.189274487,179,203,22.22094195,17.4107827,8.857127408,7.545039154,460,20,7,4,31,493,10,2,4,16,491,509,172,31,161,18
25,1000,50,5.13,10.3,18,37,60,960,29,6,5,40,7.852626208,170,209,22.91627327,18.9388934,8.755186365,6.985460567,466,17,4,3,24,494,12,2,2,16,490,510,191,18,153,17
26,1000,50,5.13,10.3,18,37,55,966,21,7,6,34,7.588848402,162,203,20.59169983,16.32753054,8.035478295,7.1350148,483,11,6,4,21,483,10,1,2,13,504,496,167,36,142,20
30,1000,50,5.13,10.3,18,37,52,954,30,6,10,46,8.061325118,143,165,17.42110957,13.63931696,8.427500478,7.669373439,487,20,4,6,30,467,10,2,4,16,517,483,130,35,122,21
32,1000,50,5.13,10.3,18,37,9,944,26,15,15,56,7.487270211,98,129,12.67690604,9.329083323,6.537530338,8.487714883,493,9,7,4,20,451,17,8,11,36,513,487,76,53,71,27
29,1000,50,5.13,10.3,18,37,53,961,22,9,8,39,7.787149609,155,186,23.78720568,18.76758994,8.278755401,7.265135211,489,11,7,8,26,472,11,2,0,13,515,485,157,29,128,27
31,1000,50,5.13,10.3,18,37,43,952,27,9,12,48,7.800315741,122,164,15.69430579,12.73914829,7.867300945,7.727748436,492,14,7,7,28,460,13,2,5,20,520,480,129,35,98,24
28,1000,50,5.13,10.3,18,37,54,952,32,9,7,48,8.182151881,179,210,22.87453842,17.95286539,8.893406599,7.496049589,459,21,7,4,32,493,11,2,3,16,491,509,179,31,163,16
27,1000,50,5.13,10.3,18,37,56,964,22,10,4,36,7.967188553,165,188,18.71745872,16.07573305,8.528040559,7.357159546,504,8,5,4,17,460,14,5,0,19,521,479,155,33,138,27
25,1000,50,5.13,10.3,18,37,61,960,28,6,6,40,7.863989006,196,227,23.41591371,19.36422253,8.812231081,6.952932894,466,16,4,4,24,494,12,2,2,16,490,510,204,23,180,16
26,1000,50,5.13,10.3,18,37,56,965,22,7,6,35,7.639874345,159,211,21.13023385,16.74024065,8.150916695,7.120589377,483,11,6,4,21,482,11,1,2,14,504,496,175,36,139,20
30,1000,50,5.13,10.3,18,37,53,954,30,6,10,46,8.095334977,143,174,17.71534522,13.8739828,8.463095645,7.701686394,487,20,4,6,30,467,10,2,4,16,517,483,130,44,119,24
29,1000,50,5.13,10.3,18,37,54,960,23,9,8,40,7.80786763,166,198,24.89810335,19.7723703,8.301553278,7.283644726,489,11,7,8,26,471,12,2,0,14,515,485,167,31,142,24
32,1000,50,5.13,10.3,18,37,10,944,27,16,13,56,7.507125437,91,130,12.72391839,9.381939032,6.583713284,8.479836802,493,9,8,3,20,451,18,8,10,36,513,487,74,56,68,23
31,1000,50,5.13,10.3,18,37,44,951,28,9,12,49,7.830120928,110,164,15.81863218,12.91089663,7.885334622,7.770306094,491,16,7,6,29,460,12,2,6,20,520,480,127,37,95,15
25,1000,50,5.13,10.3,18,37,62,961,27,6,6,39,7.854185818,181,240,23.95378378,19.77085524,8.806280976,6.939427725,466,16,4,4,24,495,11,2,2,15,490,510,212,28,161,20
28,1000,50,5.13,10.3,18,37,55,953,32,9,6,47,8.16171318,170,220,23.67078013,18.56977083,8.938254756,7.412632799,459,21,7,4,32,494,11,2,2,15,491,509,180,40,150,20
27,1000,50,5.13,10.3,18,37,57,965,21,10,4,35,7.966369465,173,189,18.92348216,16.25806724,8.564763425,7.315506723,504,8,5,4,17,461,13,5,0,18,521,479,162,27,151,22
26,1000,50,5.13,10.3,18,37,57,965,22,6,7,35,7.672185449,160,198,21.7113928,17.17122064,8.217090668,7.118491436,483,11,5,5,21,482,11,1,2,14,504,496,174,24,141,19
30,1000,50,5.13,10.3,18,37,54,955,29,6,10,45,8.134070337,146,181,18.01841599,14.12684272,8.535724398,7.704142492,486,21,4,6,31,469,8,2,4,14,517,483,151,30,128,18
29,1000,50,5.13,10.3,18,37,55,960,24,8,8,40,7.840683951,157,201,26.62665515,21.1099228,8.314534581,7.337522973,489,12,6,8,26,471,12,2,0,14,515,485,165,36,137,20
32,1000,50,5.13,10.3,18,37,11,943,28,16,13,57,7.555037516,97,155,12.77916253,9.441801352,6.653809456,8.504380422,493,9,8,3,20,450,19,8,10,37,513,487,92,63,67,30
31,1000,50,5.13,10.3,18,37,45,951,28,9,12,49,7.851546381,122,144,15.99218133,13.06871368,7.903214794,7.795572267,491,16,7,6,29,460,12,2,6,20,520,480,112,32,106,16
28,1000,50,5.13,10.3,18,37,56,952,33,9,6,48,8.138098217,179,222,24.45509876,19.17688749,8.951962625,7.353014869,458,22,7,4,33,494,11,2,2,15,491,509,187,35,163,16
25,1000,50,5.13,10.3,18,37,63,960,27,7,6,40,7.878449783,184,232,24.67573955,20.36122314,8.847105835,6.947780243,464,17,5,4,26,496,10,2,2,14,490,510,210,22,170,14
27,1000,50,5.13,10.3,18,37,58,966,20,10,4,34,7.972364784,183,191,19.28321884,16.64865581,8.597073137,7.292880334,504,8,5,4,17,462,12,5,0,17,521,479,160,31,167,16
26,1000,50,5.13,10.3,18,37,58,964,22,6,8,36,7.706841276,156,221,22.33166365,17.65394488,8.327632993,7.076036788,482,11,5,6,22,482,11,1,2,14,504,496,193,28,143,13
30,1000,50,5.13,10.3,18,37,55,956,29,5,10,44,8.140570395,139,180,18.37494512,14.41918242,8.586249458,7.663518479,486,21,4,6,31,470,8,1,4,13,517,483,141,39,119,20
29,1000,50,5.13,10.3,18,37,56,962,22,8,8,38,7.829833568,161,198,28.17106534,22.33550682,8.343020981,7.284902604,489,12,6,8,26,473,10,2,0,12,515,485,168,30,146,15
31,1000,50,5.13,10.3,18,37,46,952,28,9,11,48,7.861475899,127,161,16.18575392,13.24650833,7.927985967,7.789423325,491,16,7,6,29,461,12,2,5,19,520,480,122,39,113,14
32,1000,50,5.13,10.3,18,37,12,942,29,17,12,58,7.569982434,90,141,12.81816486,9.502166892,6.690354116,8.496572428,493,9,8,3,20,449,20,9,9,38,513,487,80,61,60,30
25,1000,50,5.13,10.3,18,37,64,959,27,9,5,41,7.858566185,189,234,25.42470767,20.95976785,8.883123613,6.87418748,464,17,5,4,26,495,10,4,1,15,490,510,203,31,169,20
28,1000,50,5.13,10.3,18,37,57,952,33,9,6,48,8.135213936,198,220,25.05657917,19.71102802,8.993118056,7.307648271,457,23,7,4,34,495,10,2,2,14,491,509,181,39,187,11
27,1000,50,5.13,10.3,18,37,59,965,20,11,4,35,7.983343484,164,198,19.70932489,17.17603033,8.60234265,7.310068817,505,7,5,4,16,460,13,6,0,19,521,479,161,37,148,16
26,1000,50,5.13,10.3,18,37,59,964,22,6,8,36,7.692240477,178,194,23.06826421,18.17715747,8.318705369,7.055671312,482,11,5,6,22,482,11,1,2,14,504,496,166,28,157,21
30,1000,50,5.13,10.3,18,37,56,954,31,5,10,46,8.168672326,180,187,18.67173554,14.64092383,8.632110497,7.672611179,485,22,4,6,32,469,9,1,4,14,517,483,148,39,152,28
29,1000,50,5.13,10.3,18,37,57,962,22,8,8,38,7.802030627,175,211,29.66216968,23.56950973,8.348151057,7.222129551,489,12,6,8,26,473,10,2,0,12,515,485,173,38,153,22
31,1000,50,5.13,10.3,18,37,47,955,25,10,10,45,7.858027695,118,173,16.37494932,13.42303693,7.975854939,7.730381514,491,15,8,6,29,464,10,2,4,16,520,480,142,31,105,13
25,1000,50,5.13,10.3,18,37,65,961,27,7,5,39,7.836140954,196,236,26.2398169,21.63105619,8.923756985,6.791176532,464,17,5,4,26,497,10,2,1,13,490,510,215,21,178,18
32,1000,50,5.13,10.3,18,37,13,945,23,20,12,55,7.616968553,107,136,12.88743111,9.548277752,6.763283174,8.516230564,493,9,8,3,20,452,14,12,9,35,513,487,83,53,85,22
28,1000,50,5.13,10.3,18,37,58,952,33,9,6,48,8.147315046,175,222,26.09752333,20.48506709,9.024923228,7.300742124,457,23,7,4,34,495,10,2,2,14,491,509,199,23,156,19
27,1000,50,5.13,10.3,18,37,60,965,20,11,4,35,8.014500679,164,213,20.09795714,17.59732585,8.633921285,7.340767619,505,7,5,4,16,460,13,6,0,19,521,479,183,30,150,14
26,1000,50,5.13,10.3,18,37,60,962,23,7,8,38,7.702936749,182,234,23.76234948,18.76978354,8.365060757,7.030133321,480,13,5,6,24,482,10,2,2,14,504,496,195,39,168,14
30,1000,50,5.13,10.3,18,37,57,954,31,5,10,46,8.174589111,148,183,19.05120063,14.93019393,8.65588509,7.659413083,485,22,4,6,32,469,9,1,4,14,517,483,155,28,133,15
29,1000,50,5.13,10.3,18,37,58,963,21,8,8,37,7.799727287,146,218,31.45882864,25.09193163,8.348944716,7.216537646,490,12,5,8,25,473,9,3,0,12,515,485,187,31,138,8
31,1000,50,5.13,10.3,18,37,48,955,25,10,10,45,7.835957279,144,197,16.51912732,13.54556097,7.95878671,7.702892061,491,15,8,6,29,464,10,2,4,16,520,480,147,50,127,17
25,1000,50,5.13,10.3,18,37,66,960,28,7,5,40,7.851009898,195,236,27.39072498,22.61690536,8.97958052,6.766696948,463,18,5,4,27,497,10,2,1,13,490,510,216,20,182,13
28,1000,50,5.13,10.3,18,37,59,952,34,8,6,48,8.151169057,195,228,26.6534963,20.93267441,9.067100724,7.267627902,457,23,7,4,34,495,11,1,2,14,491,509,202,26,176,19
27,1000,50,5.13,10.3,18,37,61,966,19,11,4,34,8.035709299,153,220,20.5863931,18.09887625,8.677252464,7.337913915,505,7,5,4,16,461,12,6,0,18,521,479,186,34,141,12
32,1000,50,5.13,10.3,18,37,14,947,23,19,11,53,7.615468281,100,127,12.91675882,9.603164382,6.791726357,8.483188214,494,8,8,3,19,453,15,11,8,34,513,487,78,49,73,27
26,1000,50,5.13,10.3,18,37,61,962,23,7,8,38,7.706029145,175,210,24.73192552,19.58131871,8.447465701,6.952633935,480,13,5,6,24,482,10,2,2,14,504,496,181,29,162,13
30,1000,50,5.13,10.3,18,37,58,954,31,5,10,46,8.17144153,160,195,19.41475253,15.20526967,8.676327311,7.631015135,485,22,4,6,32,469,9,1,4,14,517,483,167,28,137,23
29,1000,50,5.13,10.3,18,37,59,965,19,8,8,35,7.809100482,190,214,33.09526719,26.39446271,8.365048216,7.218764229,491,11,5,8,24,474,8,3,0,11,515,485,175,39,169,21
31,1000,50,5.13,10.3,18,37,49,955,25,10,10,45,7.823152784,139,177,16.76264249,13.76448705,8.036791638,7.591710692,490,16,8,6,30,465,9,2,4,15,520,480,136,41,111,28
25,1000,50,5.13,10.3,18,37,67,961,28,6,5,39,7.873770428,225,257,28.72114736,23.7213395,9.032055981,6.760907837,463,18,5,4,27,498,10,1,1,12,490,510,232,25,213,12
28,1000,50,5.13,10.3,18,37,60,951,34,9,6,49,8.178877137,193,241,27.53659187,21.58930255,9.173269922,7.21964952,455,25,7,4,36,496,9,2,2,13,491,509,202,39,171,22
27,1000,50,5.13,10.3,18,37,62,966,19,11,4,34,8.064743886,181,224,21.35572461,18.89860215,8.720291603,7.351715994,505,7,5,4,16,461,12,6,0,18,521,479,193,31,159,22
26,1000,50,5.13,10.3,18,37,62,963,22,7,8,37,7.733740911,160,201,25.76913194,20.40519327,8.534615017,6.919949481,480,13,5,6,24,483,9,2,2,13,504,496,182,19,146,14
32,1000,50,5.13,10.3,18,37,15,948,22,19,11,52,7.600282797,88,139,12.96861162,9.66034005,6.781940081,8.462315267,495,7,8,3,18,453,15,11,8,34,513,487,82,57,67,21
30,1000,50,5.13,10.3,18,37,59,953,30,7,10,47,8.201477492,155,198,19.94510237,15.61832952,8.716252591,7.650465636,484,22,5,6,33,469,8,2,4,14,517,483,164,34,135,20
29,1000,50,5.13,10.3,18,37,60,965,18,9,8,35,7.810616823,185,208,34.64855436,27.67119025,8.390214293,7.195167963,491,11,5,8,24,474,7,4,0,11,515,485,176,32,166,19
25,1000,50,5.13,10.3,18,37,68,961,27,7,5,39,7.901080306,218,247,29.66584671,24.45350819,9.125561791,6.724617702,463,17,6,4,27,498,10,1,1,12,490,510,225,22,204,14
31,1000,50,5.13,10.3,18,37,50,956,26,10,8,44,7.807397477,135,171,16.97032646,13.95129186,8.081928442,7.509988932,489,17,8,6,31,467,9,2,2,13,520,480,126,45,112,23
28,1000,50,5.13,10.3,18,37,61,951,35,8,6,49,8.205802083,185,243,28.74302337,22.40846245,9.258287596,7.190536097,456,25,6,4,35,495,10,2,2,14,491,509,208,35,173,12
27,1000,50,5.13,10.3,18,37,63,967,19,10,4,33,8.056543847,164,191,21.91125117,19.41515357,8.769370806,7.281214316,505,7,5,4,16,462,12,5,0,17,521,479,169,22,149,15
26,1000,50,5.13,10.3,18,37,63,963,22,7,8,37,7.706898071,192,215,26.57518017,21.01670102,8.530270756,6.870245181,480,13,5,6,24,483,9,2,2,13,504,496,189,26,177,15
30,1000,50,5.13,10.3,18,37,60,953,30,7,10,47,8.174912733,170,186,20.2496918,15.87469805,8.722795979,7.588462136,484,22,5,6,33,469,8,2,4,14,517,483,159,27,152,18
32,1000,50,5.13,10.3,18,37,16,948,24,18,10,52,7.603176485,98,126,13.04493105,9.725820598,6.79870389,8.450598336,495,8,8,2,18,453,16,10,8,34,513,487,88,38,72,26
29,1000,50,5.13,10.3,18,37,61,966,18,8,8,34,7.832084662,177,240,36.19834255,29.04392615,8.435101443,7.191767874,491,11,5,8,24,475,7,3,0,10,515,485,207,33,160,17
25,1000,50,5.13,10.3,18,37,69,960,28,7,5,40,7.956698678,223,268,30.9295553,25.3653487,9.212149781,6.750480951,462,18,6,4,28,498,10,1,1,12,490,510,246,22,208,15
28,1000,50,5.13,10.3,18,37,62,952,34,8,6,48,8.165821421,211,226,30.51743651,23.65224443,9.286505887,7.084768232,456,25,6,4,35,496,9,2,2,13,491,509,202,24,193,18
27,1000,50,5.13,10.3,18,37,64,965,20,11,4,35,8.07899664,191,215,22.43677888,19.95724833,8.838189143,7.25323611,501,11,5,4,20,464,9,6,0,15,521,479,185,30,173,18
31,1000,50,5.13,10.3,18,37,51,955,27,10,8,45,7.834284389,142,179,17.17592428,14.14076869,8.116945292,7.528068411,489,17,8,6,31,466,10,2,2,14,520,480,144,35,127,15
26,1000,50,5.13,10.3,18,37,64,964,19,10,7,36,7.705598888,188,215,27.28004655,21.64054162,8.565297462,6.832034207,480,12,7,5,24,484,7,3,2,12,504,496,192,23,171,17
30,1000,50,5.13,10.3,18,37,61,953,30,6,11,47,8.171905396,153,217,20.6377912,16.18503792,8.728539313,7.576088139,484,22,4,7,33,469,8,2,4,14,517,483,174,43,131,22
29,1000,50,5.13,10.3,18,37,62,965,19,8,8,35,7.814579539,183,233,37.44883819,30.03096376,8.441989157,7.148361077,490,12,5,8,25,475,7,3,0,10,515,485,202,31,165,18
32,1000,50,5.13,10.3,18,37,17,948,24,18,10,52,7.632504557,103,127,13.10800486,9.779384124,6.852490965,8.454161586,495,8,8,2,18,453,16,10,8,34,513,487,76,51,74,29
25,1000,50,5.13,10.3,18,37,70,960,28,7,5,40,7.977195928,207,255,32.43384119,26.49015217,9.274471889,6.730793535,461,19,6,4,29,499,9,1,1,11,490,510,226,29,194,13
27,1000,50,5.13,10.3,18,37,65,964,20,12,4,36,8.063387387,185,213,23.02961232,20.6671983,8.871921005,7.183959381,500,12,5,4,21,464,8,7,0,15,521,479,186,27,170,15
28,1000,50,5.13,10.3,18,37,63,952,34,8,6,48,8.164968467,198,238,32.22819928,25.01357059,9.273081994,7.096041665,456,25,6,4,35,496,9,2,2,13,491,509,214,24,188,10
31,1000,50,5.13,10.3,18,37,52,954,27,11,8,46,7.850271334,151,159,17.47516349,14.42537205,8.140493281,7.535864225,489,17,8,6,31,465,10,3,2,15,520,480,133,26,126,25
26,1000,50,5.13,10.3,18,37,65,964,19,10,7,36,7.685085832,205,238,28.30187484,22.51476467,8.598892561,6.756540285,480,12,7,5,24,484,7,3,2,12,504,496,214,24,182,23
30,1000,50,5.13,10.3,18,37,62,953,30,6,11,47,8.167899721,179,207,21.15036839,16.57882128,8.736130753,7.559668989,484,22,4,7,33,469,8,2,4,14,517,483,171,36,162,17
29,1000,50,5.13,10.3,18,37,63,964,19,9,8,36,7.819470074,191,237,39.60890352,31.82725983,8.471874217,7.126711036,489,13,5,8,26,475,6,4,0,10,515,485,209,28,168,23
32,1000,50,5.13,10.3,18,37,18,947,26,16,11,53,7.635761038,98,124,13.13635812,9.8164493,6.880774673,8.431054683,495,8,7,3,18,452,18,9,8,35,513,487,83,41,77,21
25,1000,50,5.13,10.3,18,37,71,960,28,7,5,40,7.988184855,230,265,33.76344755,27.5325992,9.318521982,6.710017812,461,19,6,4,29,499,9,1,1,11,490,510,240,25,213,17
27,1000,50,5.13,10.3,18,37,66,964,21,10,5,36,8.074419956,185,216,23.45713156,21.13987903,8.911463975,7.16398168,499,13,4,5,22,465,8,6,0,14,521,479,187,29,170,15
28,1000,50,5.13,10.3,18,37,64,953,32,8,7,47,8.1938196,179,236,33.8500741,26.33059183,9.369402755,7.059809129,456,24,6,5,35,497,8,2,2,12,491,509,208,28,169,10
31,1000,50,5.13,10.3,18,37,53,955,27,10,8,45,7.869135683,140,190,17.72393975,14.63842233,8.183335395,7.52875266,489,17,7,7,31,466,10,3,1,14,520,480,157,33,123,17
26,1000,50,5.13,10.3,18,37,66,963,20,10,7,37,7.695311008,200,218,29.07444201,23.18207942,8.668981053,6.705936607,480,12,7,5,24,483,8,3,2,13,504,496,194,24,186,14
29,1000,50,5.13,10.3,18,37,64,964,20,8,8,36,7.812675687,199,211,41.13707525,33.04225957,8.537772579,7.042727442,488,14,5,8,27,476,6,3,0,9,515,485,184,27,182,17
30,1000,50,5.13,10.3,18,37,63,953,30,6,11,47,8.205989446,154,205,21.64018247,16.96955736,8.784813875,7.586419613,484,22,4,7,33,469,8,2,4,14,517,483,164,41,141,13
25,1000,50,5.13,10.3,18,37,72,960,28,6,6,40,8.014995215,211,272,34.98510441,28.54977858,9.342248007,6.739791552,461,19,5,5,29,499,9,1,1,11,490,510,247,25,201,10
32,1000,50,5.13,10.3,18,37,19,948,27,13,12,52,7.612669918,106,140,13.19316893,9.864715667,6.881432619,8.38294658,495,8,7,3,18,453,19,6,9,34,513,487,87,53,79,27
27,1000,50,5.13,10.3,18,37,67,964,22,9,5,36,8.075003976,191,212,23.93873715,21.68643022,8.939002934,7.135247281,499,13,4,5,22,465,9,5,0,14,521,479,183,29,172,19
28,1000,50,5.13,10.3,18,37,65,954,32,7,7,46,8.16629757,211,256,36.08974848,27.99761825,9.429235297,6.948021688,456,24,6,5,35,498,8,1,2,11,491,509,231,25,192,19
31,1000,50,5.13,10.3,18,37,54,955,26,11,8,45,7.895228279,151,183,18.00805684,14.89129825,8.234929459,7.527218668,489,17,7,7,31,466,9,4,1,14,520,480,152,31,128,23
26,1000,50,5.13,10.3,18,37,67,963,20,10,7,37,7.674015829,211,237,30.09888319,24.03602882,8.696299262,6.635243954,480,12,7,5,24,483,8,3,2,13,504,496,209,28,188,23
29,1000,50,5.13,10.3,18,37,65,966,18,8,8,34,7.824183545,203,229,42.79555391,34.40170422,8.600621754,6.99971823,488,13,6,8,27,478,5,2,0,7,515,485,198,31,183,20
30,1000,50,5.13,10.3,18,37,64,954,30,5,11,46,8.233857868,188,223,22.19991041,17.40176571,8.854641861,7.569374795,484,22,3,8,33,470,8,2,3,13,517,483,196,27,165,23
25,1000,50,5.13,10.3,18,37,73,961,27,5,7,39,8.009994192,239,274,36.77054071,30.0276695,9.391014676,6.683131373,461,19,4,6,29,500,8,1,1,10,490,510,248,26,228,11
27,1000,50,5.13,10.3,18,37,68,965,21,9,5,35,8.111164423,199,202,24.39537074,22.12785597,9.034776645,7.106567414,499,13,4,5,22,466,8,5,0,13,521,479,179,23,190,9
28,1000,50,5.13,10.3,18,37,66,953,33,7,7,47,8.155842912,218,282,38.04399909,29.45350631,9.469637123,6.888509007,455,25,6,5,36,498,8,1,2,11,491,509,251,31,203,15
32,1000,50,5.13,10.3,18,37,20,947,28,12,13,53,7.643136039,102,136,13.28255444,9.952990696,6.946488866,8.376975875,494,9,6,4,19,453,19,6,9,34,513,487,91,45,80,22
31,1000,50,5.13,10.3,18,37,55,955,26,11,8,45,7.89493485,168,185,18.23484886,15.08257017,8.266888134,7.491985459,489,17,7,7,31,466,9,4,1,14,520,480,151,34,155,13
26,1000,50,5.13,10.3,18,37,68,963,20,10,7,37,7.660207226,206,260,31.06734799,24.75919956,8.73559228,6.567477252,480,12,7,5,24,483,8,3,2,13,504,496,230,30,191,15
29,1000,50,5.13,10.3,18,37,66,965,18,9,8,35,7.848934078,198,251,45.65574042,36.9310646,8.664047151,6.983401639,488,12,7,8,27,477,6,2,0,8,515,485,217,34,178,20
30,1000,50,5.13,10.3,18,37,65,954,30,5,11,46,8.290160023,168,210,22.69225043,17.76844048,8.925145301,7.610475987,484,22,3,8,33,470,8,2,3,13,517,483,181,29,153,15
25,1000,50,5.13,10.3,18,37,74,961,28,4,7,39,8.026548346,235,291,38.64669467,31.48466575,9.437539407,6.670890267,460,20,4,6,30,501,8,0,1,9,490,510,269,22,220,15
27,1000,50,5.13,10.3,18,37,69,966,20,8,6,34,8.069893501,203,220,24.94557266,22.65334305,9.003145981,7.054810949,500,12,4,5,21,466,8,4,1,13,521,479,191,29,183,20
28,1000,50,5.13,10.3,18,37,67,953,32,8,7,47,8.142344989,231,265,41.39153122,31.77331562,9.509652988,6.823389729,455,24,7,5,36,498,8,1,2,11,491,509,245,20,207,24
31,1000,50,5.13,10.3,18,37,56,956,25,11,8,44,7.914292068,147,189,18.55545197,15.37990216,8.308885073,7.486816314,489,17,7,7,31,467,8,4,1,13,520,480,165,24,136,11
32,1000,50,5.13,10.3,18,37,21,946,29,13,12,54,7.644816406,94,152,13.38564493,10.03795023,6.923416446,8.404730532,494,10,6,3,19,452,19,7,9,35,513,487,108,44,72,22
26,1000,50,5.13,10.3,18,37,69,963,21,8,8,37,7.706553901,205,231,31.93063975,25.39811582,8.837190906,6.557680815,479,13,7,5,25,484,8,1,3,12,504,496,214,17,194,11
29,1000,50,5.13,10.3,18,37,67,965,17,10,8,35,7.85761561,209,246,48.88237136,39.55815189,8.703855897,6.959030562,488,11,8,8,27,477,6,2,0,8,515,485,217,29,185,24
30,1000,50,5.13,10.3,18,37,66,950,34,5,11,50,8.313939969,185,204,23.34455773,18.26717738,8.991384376,7.588807964,481,25,3,8,36,469,9,2,3,14,517,483,180,24,169,16
25,1000,50,5.13,10.3,18,37,75,962,27,4,7,38,7.986997615,241,274,40.67197043,33.00997363,9.43216367,6.598504739,460,20,4,6,30,502,7,0,1,8,490,510,253,21,226,15
27,1000,50,5.13,10.3,18,37,70,967,19,8,6,33,8.085146462,201,252,25.66497011,23.39345047,8.987260852,7.103932272,501,11,4,5,20,466,8,4,1,13,521,479,217,35,174,27
28,1000,50,5.13,10.3,18,37,68,955,29,10,6,45,8.133861774,226,270,43.62329353,33.40852104,9.578097699,6.740699025,455,23,8,5,36,500,6,2,1,9,491,509,238,32,214,12
31,1000,50,5.13,10.3,18,37,57,956,25,11,8,44,7.954030467,141,176,18.78004109,15.63816157,8.376097043,7.496791677,489,17,7,7,31,467,8,4,1,13,520,480,142,34,125,16
26,1000,50,5.13,10.3,18,37,70,963,21,8,8,37,7.729464612,213,270,33.07742401,26.31098328,8.90041945,6.539623406,479,13,7,5,25,484,8,1,3,12,504,496,245,25,198,15
32,1000,50,5.13,10.3,18,37,22,947,27,14,12,53,7.656727687,111,145,13.45064622,10.11433381,6.950016458,8.401168878,494,10,6,3,19,453,17,8,9,34,513,487,100,45,84,27
29,1000,50,5.13,10.3,18,37,68,964,18,10,8,36,7.850929477,206,242,51.4915136,41.89303629,8.761059759,6.884502476,487,12,8,8,28,477,6,2,0,8,515,485,206,36,188,18
30,1000,50,5.13,10.3,18,37,67,950,33,7,10,50,8.284386805,171,217,24.04780715,18.82683381,9.002414798,7.5158144,481,25,3,8,36,469,8,4,2,14,517,483,181,36,156,15
25,1000,50,5.13,10.3,18,37,76,962,27,4,7,38,7.984577298,240,306,42.48220584,34.4607497,9.487378772,6.540709216,460,20,4,6,30,502,7,0,1,8,490,510,282,24,228,12
27,1000,50,5.13,10.3,18,37,71,967,19,8,6,33,8.08534492,210,247,26.48464857,24.22532351,9.031214757,7.056538688,500,12,4,5,21,467,7,4,1,12,521,479,212,35,193,17
28,1000,50,5.13,10.3,18,37,69,955,28,11,6,45,8.102235186,230,251,47.00729085,35.83689886,9.588150738,6.668866745,455,23,8,5,36,500,5,3,1,9,491,509,231,20,221,9
31,1000,50,5.13,10.3,18,37,58,956,24,12,8,44,7.935955538,167,199,19.12197319,16.00113162,8.39924287,7.434060928,488,17,8,7,32,468,7,4,1,12,520,480,166,33,150,17
26,1000,50,5.13,10.3,18,37,71,962,22,8,8,38,7.769036683,191,255,34.1515435,27.26093986,8.924596018,6.594839293,478,14,7,5,26,484,8,1,3,12,504,496,227,28,184,7
29,1000,50,5.13,10.3,18,37,69,965,17,9,9,35,7.837197209,210,250,54.78540711,44.60396136,8.755063877,6.862555282,488,11,7,9,27,477,6,2,0,8,515,485,219,31,189,21
32,1000,50,5.13,10.3,18,37,23,947,26,15,12,53,7.684707136,98,146,13.5342177,10.18019391,7.002673451,8.403153298,493,11,6,3,20,454,15,9,9,33,513,487,89,57,74,24
30,1000,50,5.13,10.3,18,37,68,951,33,7,9,49,8.292162463,181,220,25.12000788,19.66521171,9.03407778,7.498021223,481,26,3,7,36,470,7,4,2,13,517,483,194,26,163,18
25,1000,50,5.13,10.3,18,37,77,961,28,4,7,39,7.998886436,252,284,44.59784734,35.92329237,9.547576221,6.510929584,458,22,4,6,32,503,6,0,1,7,490,510,258,26,232,20
27,1000,50,5.13,10.3,18,37,72,967,19,8,6,33,8.102744339,203,239,27.2740478,24.98012205,9.068797549,7.051985002,500,12,4,5,21,467,7,4,1,12,521,479,216,23,181,22
28,1000,50,5.13,10.3,18,37,70,953,29,12,6,47,8.121183526,212,281,49.89519352,38.11160198,9.606301439,6.688584518,455,23,8,5,36,498,6,4,1,11,491,509,253,28,201,11
31,1000,50,5.13,10.3,18,37,59,955,26,12,7,45,7.957410438,152,190,19.44027526,16.29650845,8.451003037,7.422685122,488,18,8,6,32,467,8,4,1,13,520,480,159,31,136,16
26,1000,50,5.13,10.3,18,37,72,962,22,8,8,38,7.793696617,212,270,35.45945478,28.38471631,8.951999885,6.616711038,478,14,7,5,26,484,8,1,3,12,504,496,246,24,188,24
29,1000,50,5.13,10.3,18,37,70,963,19,9,9,37,7.850692704,212,268,58.5045177,47.39215964,8.800851468,6.841761233,487,12,7,9,28,476,7,2,0,9,515,485,232,36,197,15
30,1000,50,5.13,10.3,18,37,69,950,32,9,9,50,8.311460544,169,235,26.06153303,20.39763377,9.060450474,7.509746684,480,25,5,7,37,470,7,4,2,13,517,483,190,45,155,14
25,1000,50,5.13,10.3,18,37,78,960,29,4,7,40,7.984883652,276,311,46.89892776,37.62303683,9.608660143,6.424784671,457,23,4,6,33,503,6,0,1,7,490,510,293,18,253,23
32,1000,50,5.13,10.3,18,37,24,947,27,14,12,53,7.691892081,95,141,13.61260801,10.24917805,6.999806356,8.420926942,492,12,6,3,21,455,15,8,9,32,513,487,92,49,67,28
27,1000,50,5.13,10.3,18,37,73,965,21,8,6,35,8.110968815,180,242,27.99344007,25.57814169,9.124225406,7.008867178,498,14,4,5,23,467,7,4,1,12,521,479,210,32,168,12
28,1000,50,5.13,10.3,18,37,71,953,29,12,6,47,8.118703356,236,269,53.82826642,41.06676478,9.639873037,6.651327496,455,23,8,5,36,498,6,4,1,11,491,509,243,26,226,10
31,1000,50,5.13,10.3,18,37,60,954,26,13,7,46,7.969965696,160,190,19.69305904,16.55672285,8.466776654,7.431753824,488,18,8,6,32,466,8,5,1,14,520,480,166,24,140,20
26,1000,50,5.13,10.3,18,37,73,961,23,8,8,39,7.797648076,203,254,36.55225506,29.2630906,9.01751825,6.558102576,477,15,7,5,27,484,8,1,3,12,504,496,226,28,189,14
29,1000,50,5.13,10.3,18,37,71,964,19,8,9,36,7.821252724,215,256,62.1244551,50.34517419,8.809801763,6.771556322,487,12,7,9,28,477,7,1,0,8,515,485,229,27,194,21
30,1000,50,5.13,10.3,18,37,70,951,31,10,8,49,8.292459426,176,218,27.06100818,21.1815686,9.044208332,7.487792377,481,25,5,6,36,470,6,5,2,13,517,483,193,25,160,16
25,1000,50,5.13,10.3,18,37,79,960,28,5,7,40,7.989816235,256,318,48.83766422,39.12922821,9.635316657,6.408845242,457,23,4,6,33,503,5,1,1,7,490,510,296,22,243,13
27,1000,50,5.13,10.3,18,37,74,964,22,8,6,36,8.138118047,200,249,28.63585155,26.1989629,9.189607255,6.994431455,497,15,4,5,24,467,7,4,1,12,521,479,218,31,186,14
28,1000,50,5.13,10.3,18,37,72,953,29,12,6,47,8.145626684,234,280,56.09684231,42.94433135,9.658449986,6.686302045,455,23,8,5,36,498,6,4,1,11,491,509,256,24,218,16
32,1000,50,5.13,10.3,18,37,25,949,25,14,12,51,7.707853776,103,146,13.70115202,10.33418699,7.040503834,8.410832256,492,12,6,3,21,457,13,8,9,30,513,487,94,52,78,25
31,1000,50,5.13,10.3,18,37,61,956,25,12,7,44,7.992644076,179,193,20.14426274,16.9168707,8.529787336,7.410738878,489,18,7,6,31,467,7,5,1,13,520,480,163,30,163,16
26,1000,50,5.13,10.3,18,37,74,962,22,8,8,38,7.785431859,235,273,37.88555655,30.30219672,9.060164379,6.490139137,477,15,7,5,27,485,7,1,3,11,504,496,244,29,221,14
29,1000,50,5.13,10.3,18,37,72,963,19,9,9,37,7.845150671,237,246,64.600083,52.25097691,8.877056694,6.749415409,487,11,8,9,28,476,8,1,0,9,515,485,227,19,218,19
30,1000,50,5.13,10.3,18,37,71,951,31,10,8,49,8.272056325,186,240,27.78578936,21.80401492,9.07390157,7.413766487,481,25,5,6,36,470,6,5,2,13,517,483,204,36,176,10
25,1000,50,5.13,10.3,18,37,80,960,28,5,7,40,7.980584358,278,334,51.41165913,41.1344451,9.658865671,6.368117999,457,23,4,6,33,503,5,1,1,7,490,510,307,27,262,16
27,1000,50,5.13,10.3,18,37,75,964,22,8,6,36,8.181912302,193,255,29.79982868,27.3539294,9.281289959,6.986138276,497,15,4,5,24,467,7,4,1,12,521,479,228,27,181,12
28,1000,50,5.13,10.3,18,37,73,956,27,11,6,44,8.129340143,238,277,59.52323296,45.55450169,9.700507747,6.613734459,456,22,8,5,35,500,5,3,1,9,491,509,259,18,223,15
32,1000,50,5.13,10.3,18,37,26,948,25,14,13,52,7.713006472,115,158,13.78840325,10.44571797,7.094877245,8.364136438,491,12,5,5,22,457,13,9,8,30,513,487,103,55,98,17
26,1000,50,5.13,10.3,18,37,75,962,22,8,8,38,7.800014565,211,272,39.30412361,31.61256222,9.106363581,6.472595405,477,15,7,5,27,485,7,1,3,11,504,496,243,29,198,13
31,1000,50,5.13,10.3,18,37,62,956,24,12,8,44,7.991700784,171,203,20.48530419,17.20460542,8.549886981,7.38699907,489,17,8,6,31,467,7,4,2,13,520,480,171,32,151,20
29,1000,50,5.13,10.3,18,37,73,964,18,9,9,36,7.857670617,216,249,69.01027959,55.90185654,8.989668822,6.655651904,487,11,8,9,28,477,7,1,0,8,515,485,224,25,199,17
25,1000,50,5.13,10.3,18,37,81,959,29,5,7,41,7.968247222,259,315,54.36609388,43.29670031,9.721149854,6.284085869,456,24,4,6,34,503,5,1,1,7,490,510,292,23,250,9
30,1000,50,5.13,10.3,18,37,72,951,31,10,8,49,8.254353364,187,233,28.93768928,22.68780674,9.069314143,7.382024746,481,25,5,6,36,470,6,5,2,13,517,483,205,28,169,18
27,1000,50,5.13,10.3,18,37,76,964,22,8,6,36,8.187067195,207,257,31.02205136,28.53026447,9.294357693,6.982686507,497,15,4,5,24,467,7,4,1,12,521,479,231,26,190,17
28,1000,50,5.13,10.3,18,37,74,956,27,11,6,44,8.136517431,240,280,63.86353824,48.78520642,9.793266805,6.538356443,456,22,8,5,35,500,5,3,1,9,491,509,270,10,231,9
32,1000,50,5.13,10.3,18,37,27,948,25,13,14,52,7.719889016,103,141,13.88240723,10.52459448,7.131379584,8.339817842,491,12,4,6,22,457,13,9,8,30,513,487,98,43,86,17
26,1000,50,5.13,10.3,18,37,76,963,21,8,8,37,7.816325164,239,277,40.37002317,32.56258443,9.205745763,6.404494556,477,15,7,5,27,486,6,1,3,10,504,496,256,21,224,15
31,1000,50,5.13,10.3,18,37,63,955,25,12,8,45,8.041939971,175,207,20.93827799,17.60010947,8.663885141,7.368166038,487,19,8,6,33,468,6,4,2,12,520,480,176,31,152,23
29,1000,50,5.13,10.3,18,37,74,966,16,9,9,34,7.835589998,211,258,71.61982774,58.15881185,9.010956702,6.587520199,487,11,8,9,28,479,5,1,0,6,515,485,234,24,200,11
25,1000,50,5.13,10.3,18,37,82,959,29,5,7,41,7.974175321,266,311,57.18835333,45.48666918,9.768402438,6.250310051,456,24,4,6,34,503,5,1,1,7,490,510,296,15,253,13
30,1000,50,5.13,10.3,18,37,73,951,31,10,8,49,8.234996405,178,244,29.92250114,23.4675869,9.09700697,7.312306007,481,25,5,6,36,470,6,5,2,13,517,483,218,26,162,16
27,1000,50,5.13,10.3,18,37,77,964,22,8,6,36,8.181546315,191,246,32.61190238,29.97575206,9.311239258,6.952798875,497,15,4,5,24,467,7,4,1,12,521,479,223,23,179,12
28,1000,50,5.13,10.3,18,37,75,956,27,11,6,44,8.121536918,256,285,66.67905983,50.90109375,9.779167577,6.522525811,456,22,8,5,35,500,5,3,1,9,491,509,263,22,239,17
26,1000,50,5.13,10.3,18,37,77,963,21,8,8,37,7.809950281,236,271,41.8420201,33.75520446,9.233303187,6.36364007,477,15,7,5,27,486,6,1,3,10,504,496,248,23,219,17
29,1000,50,5.13,10.3,18,37,75,965,17,9,9,35,7.833778765,222,264,77.07479582,62.64244082,9.080890844,6.509525733,487,11,8,9,28,478,6,1,0,7,515,485,234,30,207,15
31,1000,50,5.13,10.3,18,37,64,953,26,13,8,47,8.096313993,175,193,21.47586543,18.03821717,8.743256826,7.395459258,485,20,9,6,35,468,6,4,2,12,520,480,169,24,162,13
32,1000,50,5.13,10.3,18,37,28,949,26,11,14,51,7.712584287,126,150,14.00107826,10.61265377,7.107145822,8.350345955,492,12,3,6,21,457,14,8,8,30,513,487,101,49,102,24
25,1000,50,5.13,10.3,18,37,83,959,29,6,6,41,7.965875309,302,323,59.73429797,47.52186749,9.807225518,6.196734911,455,24,5,6,35,504,5,1,0,6,490,510,306,17,286,16
30,1000,50,5.13,10.3,18,37,74,950,32,10,8,50,8.256916635,204,236,31.04137918,24.3569981,9.115955512,7.337407112,480,26,5,6,37,470,6,5,2,13,517,483,207,29,191,13
27,1000,50,5.13,10.3,18,37,78,965,22,7,6,35,8.163967751,212,256,33.94471245,31.21271754,9.308584228,6.918988243,497,15,4,5,24,468,7,3,1,11,521,479,233,23,194,18
28,1000,50,5.13,10.3,18,37,76,956,27,11,6,44,8.081370769,253,307,70.19979888,53.52265064,9.773003208,6.449560302,456,22,8,5,35,500,5,3,1,9,491,509,289,18,234,19
26,1000,50,5.13,10.3,18,37,78,962,22,8,8,38,7.824422693,236,288,43.24382604,34.95350256,9.277898489,6.347503739,477,15,7,5,27,485,7,1,3,11,504,496,266,22,223,13
29,1000,50,5.13,10.3,18,37,76,964,17,9,10,36,7.824954669,227,259,78.96881608,64.05360186,9.122110051,6.447562871,486,11,8,10,29,478,6,1,0,7,515,485,235,24,211,16
31,1000,50,5.13,10.3,18,37,65,954,25,13,8,46,8.085809936,182,204,22.0968439,18.54376886,8.756164359,7.359592643,485,20,9,6,35,469,5,4,2,11,520,480,177,27,166,16
32,1000,50,5.13,10.3,18,37,29,948,27,11,14,52,7.701518712,110,141,14.1138526,10.73755257,7.114480668,8.319897596,491,13,3,6,22,457,14,8,8,30,513,487,93,48,84,26
25,1000,50,5.13,10.3,18,37,84,957,31,6,6,43,7.933971891,293,326,62.35565116,49.44455377,9.77674083,6.1634684,455,24,5,6,35,502,7,1,0,8,490,510,307,19,282,11
30,1000,50,5.13,10.3,18,37,75,950,32,10,8,50,8.244670476,202,251,32.30223312,25.39023088,9.118057579,7.309802708,481,25,5,6,36,469,7,5,2,14,517,483,223,28,185,17
27,1000,50,5.13,10.3,18,37,79,965,22,7,6,35,8.13202166,199,258,35.10266135,32.44253123,9.306554556,6.854502582,497,15,4,5,24,468,7,3,1,11,521,479,236,22,186,13
28,1000,50,5.13,10.3,18,37,77,955,28,11,6,45,8.060351462,238,296,74.62303877,56.91306213,9.819985907,6.362943776,455,23,8,5,36,500,5,3,1,9,491,509,276,20,233,5
26,1000,50,5.13,10.3,18,37,79,962,21,9,8,38,7.845409699,245,273,45.04872622,36.53428596,9.319720599,6.34731959,477,14,8,5,27,485,7,1,3,11,504,496,254,19,230,15
29,1000,50,5.13,10.3,18,37,77,964,17,9,10,36,7.838058677,219,274,81.55489024,65.99185485,9.166376573,6.427576788,486,11,8,10,29,478,6,1,0,7,515,485,248,26,201,18
31,1000,50,5.13,10.3,18,37,66,955,24,13,8,45,8.073366054,180,221,22.63311178,18.97079129,8.764170995,7.324994035,486,19,9,6,34,469,5,4,2,11,520,480,194,27,166,14
25,1000,50,5.13,10.3,18,37,85,958,30,6,6,42,7.921556634,292,333,65.90221107,52.2378731,9.823634068,6.094070472,455,23,6,6,35,503,7,0,0,7,490,510,318,15,281,11
32,1000,50,5.13,10.3,18,37,30,948,28,10,14,52,7.72692344,122,141,14.25358573,10.87046239,7.199801454,8.282187463,490,14,3,6,23,458,14,7,8,29,513,487,94,47,101,21
30,1000,50,5.13,10.3,18,37,76,950,31,11,8,50,8.227086932,206,234,34.23856898,26.80558253,9.163531624,7.224722739,481,24,6,6,36,469,7,5,2,14,517,483,209,25,190,16
27,1000,50,5.13,10.3,18,37,80,965,23,6,6,35,8.099627398,217,277,36.4030653,33.68408698,9.348826879,6.740894769,497,15,4,5,24,468,8,2,1,11,521,479,252,25,209,8
28,1000,50,5.13,10.3,18,37,78,955,28,11,6,45,8.050957255,260,304,78.36182598,59.62871329,9.834181518,6.330793968,455,23,8,5,36,500,5,3,1,9,491,509,286,18,246,14
29,1000,50,5.13,10.3,18,37,78,963,18,9,10,37,7.835473185,241,253,86.09261518,69.38336907,9.156982342,6.432221193,486,11,8,10,29,477,7,1,0,8,515,485,236,17,221,20
26,1000,50,5.13,10.3,18,37,80,962,21,9,8,38,7.821841516,260,296,46.82400069,37.91760287,9.337114616,6.282128528,477,14,8,5,27,485,7,1,3,11,504,496,266,30,241,19
31,1000,50,5.13,10.3,18,37,67,954,26,12,8,46,8.084671096,191,221,23.27529296,19.52630263,8.790587856,7.31992794,486,20,8,6,34,468,6,4,2,12,520,480,194,27,172,19
25,1000,50,5.13,10.3,18,37,86,956,32,6,6,44,7.932776172,292,322,69.50864008,55.05285874,9.887591706,6.054620071,453,25,6,6,37,503,7,0,0,7,490,510,315,7,279,13
27,1000,50,5.13,10.3,18,37,81,966,22,6,6,34,8.079694107,226,270,37.64597784,34.93098352,9.35857471,6.688677836,497,15,4,5,24,469,7,2,1,10,521,479,237,33,211,15
30,1000,50,5.13,10.3,18,37,77,950,31,11,8,50,8.241940338,221,236,36.0631818,28.17101921,9.208688758,7.207139235,481,24,6,6,36,469,7,5,2,14,517,483,220,16,200,21
28,1000,50,5.13,10.3,18,37,79,954,29,10,7,46,8.038040514,269,311,83.79294346,63.61248653,9.86408417,6.276572076,455,23,7,6,36,499,6,3,1,10,491,509,287,24,260,9
32,1000,50,5.13,10.3,18,37,31,947,28,11,14,53,7.750775418,113,159,14.38979108,11.04458083,7.252740619,8.275399345,490,14,3,6,23,457,14,8,8,30,513,487,118,41,86,27
29,1000,50,5.13,10.3,18,37,79,964,18,8,10,36,7.816246923,246,268,92.14023449,74.3259154,9.168214392,6.3806526,487,11,7,10,28,477,7,1,0,8,515,485,238,30,231,15
26,1000,50,5.13,10.3,18,37,81,963,20,9,8,37,7.799396124,244,303,49.39961465,40.05155159,9.359845086,6.21377863,477,14,8,5,27,486,6,1,3,10,504,496,287,16,227,17
31,1000,50,5.13,10.3,18,37,68,954,26,12,8,46,8.087643939,175,219,24.07028683,20.18989316,8.80922008,7.305936454,486,20,8,6,34,468,6,4,2,12,520,480,181,38,165,10
25,1000,50,5.13,10.3,18,37,87,955,33,6,6,45,7.942165486,292,326,73.24722692,57.85804529,9.935717872,6.026791625,451,27,6,6,39,504,6,0,0,6,490,510,307,19,283,9
27,1000,50,5.13,10.3,18,37,82,964,23,7,6,36,8.130460406,217,287,39.177762,36.32670549,9.439704349,6.706418456,497,15,4,5,24,467,8,3,1,12,521,479,256,31,206,11
30,1000,50,5.13,10.3,18,37,78,950,31,11,8,50,8.231685912,204,243,38.06836615,29.66677175,9.247384475,7.144488901,481,24,6,6,36,469,7,5,2,14,517,483,219,24,190,14
28,1000,50,5.13,10.3,18,37,80,954,30,10,6,46,8.03491774,267,316,90.13786912,68.44414836,9.908280058,6.227803991,455,24,7,5,36,499,6,3,1,10,491,509,292,24,252,15
32,1000,50,5.13,10.3,18,37,32,947,29,11,13,53,7.76457116,103,153,14.53521252,11.17036053,7.318682486,8.234264979,490,14,3,6,23,457,15,8,7,30,513,487,106,47,86,17
29,1000,50,5.13,10.3,18,37,80,964,18,8,10,36,7.801564024,235,281,95.66949774,76.79276375,9.20741781,6.308750211,487,11,7,10,28,477,7,1,0,8,515,485,253,28,221,14
26,1000,50,5.13,10.3,18,37,82,960,22,10,8,40,7.838751236,266,316,52.84627083,42.83004933,9.45702651,6.194374749,475,15,9,5,29,485,7,1,3,11,504,496,289,27,255,11
31,1000,50,5.13,10.3,18,37,69,955,25,12,8,45,8.070825126,194,228,24.81988612,20.86661029,8.824687901,7.254140454,486,20,8,6,34,469,5,4,2,11,520,480,200,28,179,15
25,1000,50,5.13,10.3,18,37,88,955,32,7,6,45,7.946781106,291,345,76.25762187,60.03119994,9.98130531,5.992042165,451,26,7,6,39,504,6,0,0,6,490,510,328,17,275,16
27,1000,50,5.13,10.3,18,37,83,963,23,8,6,37,8.162943324,239,271,41.45281043,38.44936856,9.503685962,6.70464079,496,16,4,5,25,467,7,4,1,12,521,479,243,28,228,11
28,1000,50,5.13,10.3,18,37,81,953,30,11,6,47,8.040907259,279,307,96.15309994,72.89936871,9.985217082,6.165354954,453,25,8,5,38,500,5,3,1,9,491,509,292,15,263,16
30,1000,50,5.13,10.3,18,37,79,950,30,11,9,50,8.212321801,234,260,40.19458416,31.17791114,9.27018837,7.079988435,481,23,6,7,36,469,7,5,2,14,517,483,240,20,211,23
29,1000,50,5.13,10.3,18,37,81,963,19,8,10,37,7.775717187,236,266,99.56937756,79.43376637,9.223971852,6.23787976,486,12,7,10,29,477,7,1,0,8,515,485,243,23,221,15
32,1000,50,5.13,10.3,18,37,33,946,29,12,13,54,7.820654878,103,145,14.70722848,11.35124944,7.349819188,8.316627585,490,14,3,6,23,456,15,9,7,31,513,487,97,48,83,20
26,1000,50,5.13,10.3,18,37,83,961,22,9,8,39,7.847899471,249,309,55.67460772,45.30258145,9.48414349,6.185264419,475,15,8,6,29,486,7,1,2,10,504,496,284,25,238,11
31,1000,50,5.13,10.3,18,37,70,955,26,11,8,45,8.05821916,211,230,25.41641593,21.42329529,8.84164972,7.20950272,485,21,7,7,35,470,5,4,1,10,520,480,197,33,196,15
25,1000,50,5.13,10.3,18,37,89,955,32,7,6,45,7.966196161,321,346,80.33565286,63.08907805,10.0311149,5.982254627,451,26,7,6,39,504,6,0,0,6,490,510,321,25,307,14
27,1000,50,5.13,10.3,18,37,84,963,22,9,6,37,8.146329831,249,259,43.8511106,40.81138886,9.523401144,6.648513225,496,16,4,5,25,467,6,5,1,12,521,479,244,15,234,15
28,1000,50,5.13,10.3,18,37,82,952,31,11,6,48,8.026994993,279,330,103.4471209,78.22157025,10.0002917,6.123480882,452,26,8,5,39,500,5,3,1,9,491,509,309,21,260,19
30,1000,50,5.13,10.3,18,37,80,951,28,12,9,49,8.210734141,228,259,42.54410705,32.76087877,9.314821619,7.028926219,481,23,6,7,36,470,5,6,2,13,517,483,229,30,214,14
29,1000,50,5.13,10.3,18,37,82,963,19,8,10,37,7.777712287,257,294,105.4505494,83.72781356,9.278954052,6.183610205,486,12,7,10,29,477,7,1,0,8,515,485,263,31,242,15
26,1000,50,5.13,10.3,18,37,84,961,22,9,8,39,7.829772355,275,324,58.92953811,48.1870804,9.531192071,6.100910387,475,15,8,6,29,486,7,1,2,10,504,496,302,22,260,15
32,1000,50,5.13,10.3,18,37,34,948,28,11,13,52,7.85498628,127,140,14.84744321,11.4792521,7.394688419,8.339858565,490,14,3,6,23,458,14,8,7,29,513,487,98,42,103,24
31,1000,50,5.13,10.3,18,37,71,952,28,9,11,48,8.061460576,203,254,26.27977286,22.07798636,8.89443961,7.159066623,483,23,5,9,37,469,5,4,2,11,520,480,235,19,192,11
25,1000,50,5.13,10.3,18,37,90,954,33,7,6,46,7.950042702,302,340,84.36910649,66.36544147,10.08605467,5.897795905,450,27,7,6,40,504,6,0,0,6,490,510,328,12,298,4
27,1000,50,5.13,10.3,18,37,85,960,24,10,6,40,8.199366126,236,276,46.00813583,42.70913359,9.610905275,6.664059452,494,17,5,5,27,466,7,5,1,13,521,479,251,25,225,11
28,1000,50,5.13,10.3,18,37,83,951,33,11,5,49,8.09086538,283,330,108.255804,81.87692059,10.05420519,6.196956054,450,28,8,5,41,501,5,3,0,8,491,509,311,19,275,8
30,1000,50,5.13,10.3,18,37,81,951,29,12,8,49,8.191818745,213,260,44.96718761,34.70375623,9.334392995,6.968814838,481,23,6,7,36,470,6,6,1,13,517,483,233,27,198,15
29,1000,50,5.13,10.3,18,37,83,964,19,7,10,36,7.796780141,252,288,110.1193057,87.19409021,9.351563313,6.145824813,486,12,7,10,29,478,7,0,0,7,515,485,261,27,242,10
26,1000,50,5.13,10.3,18,37,85,961,22,9,8,39,7.826764678,273,325,63.81068887,52.08436265,9.550754174,6.074968901,475,15,8,6,29,486,7,1,2,10,504,496,301,24,263,10
32,1000,50,5.13,10.3,18,37,35,947,28,12,13,53,7.912916773,105,144,14.98614952,11.58456666,7.472174528,8.377189405,489,14,4,6,24,458,14,8,7,29,513,487,104,40,82,23
25,1000,50,5.13,10.3,18,37,91,954,33,7,6,46,7.971263926,305,358,88.65485752,69.48194423,10.14216424,5.885496961,450,27,7,6,40,504,6,0,0,6,490,510,339,19,294,11
31,1000,50,5.13,10.3,18,37,72,952,27,10,11,48,8.071779286,203,246,27.21769678,22.79500558,8.931436088,7.140484417,483,22,6,9,37,469,5,4,2,11,520,480,216,30,188,15
27,1000,50,5.13,10.3,18,37,86,959,23,12,6,41,8.202516639,258,274,48.00629138,44.6115073,9.659073247,6.618245256,493,17,6,5,28,466,6,6,1,13,521,479,257,17,245,13
28,1000,50,5.13,10.3,18,37,84,950,33,12,5,50,8.118370076,288,344,112.7936561,85.38488706,10.13917854,6.169024388,450,28,8,5,41,500,5,4,0,9,491,509,321,23,275,13
30,1000,50,5.13,10.3,18,37,82,952,28,13,7,48,8.175901426,242,275,48.37336487,37.14113717,9.356971242,6.911692118,481,22,7,7,36,471,6,6,0,12,517,483,248,27,223,19
29,1000,50,5.13,10.3,18,37,84,965,18,7,10,35,7.793913338,257,282,113.471278,89.76588552,9.406091534,6.082012779,485,13,7,10,30,480,5,0,0,5,515,485,263,19,241,16
26,1000,50,5.13,10.3,18,37,86,961,22,9,8,39,7.834367274,274,334,68.5587618,56.10954902,9.574511957,6.066155741,475,15,8,6,29,486,7,1,2,10,504,496,315,19,260,14
25,1000,50,5.13,10.3,18,37,92,953,34,7,6,47,7.976197125,311,353,93.16465505,72.92588467,10.19934873,5.840227936,450,27,7,6,40,503,7,0,0,7,490,510,339,14,305,6
31,1000,50,5.13,10.3,18,37,73,953,26,10,11,47,8.042941499,194,224,28.14004269,23.52863244,8.952502503,7.057583744,483,22,6,9,37,470,4,4,2,10,520,480,196,28,179,15
32,1000,50,5.13,10.3,18,37,36,946,29,11,14,54,7.930085873,130,174,15.12064238,11.72366256,7.481269167,8.402864047,489,14,4,6,24,457,15,7,8,30,513,487,130,44,109,21
27,1000,50,5.13,10.3,18,37,87,960,23,12,5,40,8.179410542,260,287,51.28073034,47.74215948,9.715729386,6.508383156,493,17,6,5,28,467,6,6,0,12,521,479,259,28,247,13
28,1000,50,5.13,10.3,18,37,85,948,35,11,6,52,8.151026603,287,333,120.6695702,91.52692879,10.20266422,6.171941982,449,29,8,5,42,499,6,3,1,10,491,509,311,22,276,11
30,1000,50,5.13,10.3,18,37,83,950,30,13,7,50,8.184686591,223,260,51.20395781,39.08208342,9.380904859,6.904262482,480,23,7,7,37,470,7,6,0,13,517,483,242,18,203,20
29,1000,50,5.13,10.3,18,37,85,965,18,7,10,35,7.814750047,251,304,115.8398733,91.40264585,9.479828027,6.046677553,485,13,7,10,30,480,5,0,0,5,515,485,281,23,242,9
26,1000,50,5.13,10.3,18,37,87,961,22,9,8,39,7.822154881,282,310,73.80217484,60.04626677,9.603126382,6.012458034,475,15,8,6,29,486,7,1,2,10,504,496,293,17,268,14
25,1000,50,5.13,10.3,18,37,93,953,33,8,6,47,7.976482701,318,361,97.47525076,76.32126961,10.26184711,5.780740422,450,26,8,6,40,503,7,0,0,7,490,510,342,19,305,13
31,1000,50,5.13,10.3,18,37,74,954,26,9,11,46,8.042602609,217,257,29.29691861,24.47200628,9.010594594,6.993944625,483,22,6,9,37,471,4,3,2,9,520,480,237,20,206,11
27,1000,50,5.13,10.3,18,37,88,959,22,14,5,41,8.211624354,250,296,54.4354498,50.77011487,9.794892192,6.489531362,492,16,8,5,29,467,6,6,0,12,521,479,280,16,229,21
28,1000,50,5.13,10.3,18,37,86,948,35,11,6,52,8.122285404,284,345,128.0430871,96.82820908,10.24437556,6.075239689,449,29,8,5,42,499,6,3,1,10,491,509,329,16,273,11
32,1000,50,5.13,10.3,18,37,37,946,28,12,14,54,7.946044899,134,137,15.27560278,11.85548122,7.509586529,8.405804947,489,14,4,6,24,457,14,8,8,30,513,487,108,29,107,27
30,1000,50,5.13,10.3,18,37,84,951,30,12,7,49,8.144942933,248,273,53.50833647,40.70661922,9.429554006,6.76990375,480,23,7,7,37,471,7,5,0,12,517,483,249,24,234,14
29,1000,50,5.13,10.3,18,37,86,965,18,7,10,35,7.833838277,267,297,119.5306895,93.93536359,9.549162525,6.012411498,485,13,7,10,30,480,5,0,0,5,515,485,278,19,249,18
26,1000,50,5.13,10.3,18,37,88,961,21,9,9,39,7.82313943,285,329,78.10977716,63.60904607,9.635690175,5.981353995,475,14,8,7,29,486,7,1,2,10,504,496,308,21,274,11
25,1000,50,5.13,10.3,18,37,94,954,32,8,6,46,7.937319955,322,358,102.065973,79.93244307,10.26373062,5.702141082,450,26,8,6,40,504,6,0,0,6,490,510,338,20,311,11
31,1000,50,5.13,10.3,18,37,75,954,26,9,11,46,8.0252163,204,269,30.35192485,25.33636864,9.04970021,6.91535873,483,22,6,9,37,471,4,3,2,9,520,480,243,26,190,14
27,1000,50,5.13,10.3,18,37,89,959,21,15,5,41,8.221574337,267,294,58.78161242,54.87528522,9.818252617,6.484895038,492,15,9,5,29,467,6,6,0,12,521,479,271,23,251,16
28,1000,50,5.13,10.3,18,37,87,946,36,10,8,54,8.113343899,308,340,135.4157206,102.0260646,10.28988744,6.013770461,448,30,6,7,43,498,6,4,1,11,491,509,310,30,290,18
32,1000,50,5.13,10.3,18,37,38,945,29,12,14,55,7.973452227,129,184,15.4220669,11.97216117,7.590332586,8.377025895,488,15,4,6,25,457,14,8,8,30,513,487,146,38,100,29
30,1000,50,5.13,10.3,18,37,85,950,31,11,8,50,8.1645324,237,279,56.49402552,42.75842544,9.487088865,6.748876723,480,23,6,8,37,470,8,5,0,13,517,483,255,24,224,13
29,1000,50,5.13,10.3,18,37,87,964,19,7,10,36,7.78244769,262,282,125.9094263,99.08318229,9.548584798,5.907064988,484,14,7,10,31,480,5,0,0,5,515,485,266,16,248,14
26,1000,50,5.13,10.3,18,37,89,961,21,9,9,39,7.821748081,293,334,83.17013267,67.51619306,9.67916103,5.934376859,475,14,8,7,29,486,7,1,2,10,504,496,306,28,281,12
25,1000,50,5.13,10.3,18,37,95,954,32,8,6,46,7.930843963,320,375,106.7838337,83.57930881,10.28100922,5.672842047,450,26,8,6,40,504,6,0,0,6,490,510,363,12,317,3
31,1000,50,5.13,10.3,18,37,76,952,28,9,11,48,8.050407364,228,263,31.27434043,26.121315,9.106707164,6.906082581,482,23,6,9,38,470,5,3,2,10,520,480,239,24,214,14
27,1000,50,5.13,10.3,18,37,90,957,22,16,5,43,8.224969806,263,294,62.81987074,58.76328236,9.863142643,6.443157596,490,17,9,5,31,467,5,7,0,12,521,479,276,18,249,14
28,1000,50,5.13,10.3,18,37,88,945,37,10,8,55,8.151579591,307,347,142.2632636,106.7191274,10.35031531,6.030598768,448,30,6,7,43,497,7,4,1,12,491,509,322,25,292,15
30,1000,50,5.13,10.3,18,37,86,947,33,12,8,53,8.153156368,233,313,59.70336503,44.99828501,9.521178089,6.688834981,477,25,7,8,40,470,8,5,0,13,517,483,278,35,221,12
29,1000,50,5.13,10.3,18,37,88,963,20,6,11,37,7.803679781,277,309,131.8099173,103.4385964,9.610203591,5.885412231,483,15,6,11,32,480,5,0,0,5,515,485,290,19,261,16
32,1000,50,5.13,10.3,18,37,39,946,30,11,13,54,7.97233927,123,168,15.58533631,12.12687694,7.62925887,8.333736077,488,15,4,6,25,458,15,7,7,29,513,487,133,35,103,20
26,1000,50,5.13,10.3,18,37,90,960,21,9,10,40,7.839392068,287,335,87.79502539,71.05510554,9.76931464,5.878341713,474,14,8,8,30,486,7,1,2,10,504,496,314,21,274,13
25,1000,50,5.13,10.3,18,37,96,954,31,9,6,46,7.938338218,322,371,111.0650881,87.04364641,10.36910671,5.60289398,450,25,9,6,40,504,6,0,0,6,490,510,352,19,314,8
31,1000,50,5.13,10.3,18,37,77,952,27,10,11,48,8.05485394,212,261,32.58858108,27.23900571,9.152756374,6.865459637,482,22,7,9,38,470,5,3,2,10,520,480,233,28,187,25
27,1000,50,5.13,10.3,18,37,91,957,21,17,5,43,8.243992749,258,304,67.53575229,63.12699977,9.907197855,6.434953374,490,16,10,5,31,467,5,7,0,12,521,479,287,17,249,9
28,1000,50,5.13,10.3,18,37,89,944,38,9,9,56,8.164396723,305,372,151.7404477,113.5449456,10.39644662,6.011279829,447,31,5,8,44,497,7,4,1,12,491,509,350,22,289,16
30,1000,50,5.13,10.3,18,37,87,946,34,13,7,54,8.15764736,238,287,63.20442082,47.63302336,9.572452894,6.64324889,477,25,8,7,40,469,9,5,0,14,517,483,265,22,226,12
29,1000,50,5.13,10.3,18,37,89,963,20,6,11,37,7.81819318,267,312,137.0599314,106.9420712,9.672355203,5.849340722,483,15,6,11,32,480,5,0,0,5,515,485,288,24,255,12
32,1000,50,5.13,10.3,18,37,40,948,30,10,12,52,7.93775799,118,152,15.77135001,12.27063686,7.650999968,8.239825475,487,16,4,6,26,461,14,6,6,26,513,487,117,35,97,21
26,1000,50,5.13,10.3,18,37,91,960,21,9,10,40,7.834783258,309,338,93.26133441,75.4560957,9.822159614,5.815352445,474,14,8,8,30,486,7,1,2,10,504,496,311,27,292,17
25,1000,50,5.13,10.3,18,37,97,954,30,9,7,46,7.912459187,331,377,117.3562272,91.85254972,10.41531326,5.507756253,449,25,9,7,41,505,5,0,0,5,490,510,361,16,325,6
27,1000,50,5.13,10.3,18,37,92,956,21,17,6,44,8.235502682,254,334,73.75566511,69.17674067,9.958813612,6.361087246,489,16,10,6,32,467,5,7,0,12,521,479,308,26,246,8
31,1000,50,5.13,10.3,18,37,78,949,28,12,11,51,8.049530355,236,281,33.62374525,28.15095611,9.227304094,6.773608804,480,23,8,9,40,469,5,4,2,11,520,480,252,29,221,15
28,1000,50,5.13,10.3,18,37,90,944,38,9,9,56,8.140616101,325,344,160.3764628,118.6088193,10.43108832,5.931142904,447,31,5,8,44,497,7,4,1,12,491,509,321,23,313,12
30,1000,50,5.13,10.3,18,37,88,946,34,13,7,54,8.121126971,242,291,66.68734691,50.11407487,9.588194979,6.550787095,477,25,8,7,40,469,9,5,0,14,517,483,269,22,234,8
29,1000,50,5.13,10.3,18,37,90,963,20,6,11,37,7.827013513,265,318,143.518639,111.5187198,9.703660686,5.834285072,483,15,6,11,32,480,5,0,0,5,515,485,296,22,255,10
26,1000,50,5.13,10.3,18,37,92,960,21,9,10,40,7.84128025,296,340,100.3110677,80.80499111,9.860687823,5.789301587,474,14,8,8,30,486,7,1,2,10,504,496,322,18,277,19
25,1000,50,5.13,10.3,18,37,98,955,29,9,7,45,7.871939778,327,387,124.8435778,97.74681331,10.42637738,5.417676199,449,25,9,7,41,506,4,0,0,4,490,510,366,21,316,11
32,1000,50,5.13,10.3,18,37,41,950,28,10,12,50,7.941733972,138,159,15.97176438,12.47280479,7.682632241,8.21466865,487,16,4,6,26,463,12,6,6,24,513,487,119,40,117,21
27,1000,50,5.13,10.3,18,37,93,954,23,17,6,46,8.229055464,282,336,79.05986443,74.03943563,10.01111762,6.290737339,487,18,10,6,34,467,5,7,0,12,521,479,322,14,267,15
28,1000,50,5.13,10.3,18,37,91,947,36,8,9,53,8.104424547,319,350,176.2094858,128.1821545,10.45381476,5.838116893,447,31,5,8,44,500,5,3,1,9,491,509,336,14,308,11
31,1000,50,5.13,10.3,18,37,79,948,29,10,13,52,8.067218308,236,266,34.90711699,29.21347613,9.308827212,6.722141995,479,24,7,10,41,469,5,3,3,11,520,480,245,21,227,9
30,1000,50,5.13,10.3,18,37,89,946,34,12,8,54,8.111058519,243,292,70.3201491,52.63594972,9.60935924,6.507287354,477,25,8,7,40,469,9,4,1,14,517,483,276,16,234,9
29,1000,50,5.13,10.3,18,37,91,965,18,6,11,35,7.841991509,284,326,150.3370889,116.7785012,9.747435997,5.818684474,483,15,6,11,32,482,3,0,0,3,515,485,300,26,262,22
25,1000,50,5.13,10.3,18,37,99,954,30,9,7,46,7.845177157,352,372,131.5132413,102.7128232,10.45074649,5.341787012,448,26,9,7,42,506,4,0,0,4,490,510,356,16,346,6
26,1000,50,5.13,10.3,18,37,93,960,21,9,10,40,7.838851628,300,354,107.4532543,85.96108467,9.906437178,5.737917924,474,14,8,8,30,486,7,1,2,10,504,496,329,25,285,15
32,1000,50,5.13,10.3,18,37,42,950,28,10,12,50,7.976636587,136,176,16.19253278,12.66072626,7.754498688,8.210634005,487,16,4,6,26,463,12,6,6,24,513,487,133,43,114,22
27,1000,50,5.13,10.3,18,37,94,954,23,17,6,46,8.226385933,275,329,87.32626226,81.98746094,10.03574343,6.258379135,487,18,10,6,34,467,5,7,0,12,521,479,312,17,263,12
28,1000,50,5.13,10.3,18,37,92,947,36,8,9,53,8.071146547,323,359,187.7694359,135.9936323,10.47804475,5.749364588,447,31,5,8,44,500,5,3,1,9,491,509,340,19,314,9
31,1000,50,5.13,10.3,18,37,80,947,30,11,12,53,8.052040761,228,275,36.34463083,30.36690084,9.337314854,6.659660494,479,24,7,10,41,468,6,4,2,12,520,480,251,24,218,10
29,1000,50,5.13,10.3,18,37,92,965,18,6,11,35,7.840656717,273,305,158.0457684,122.4134308,9.799690887,5.760445175,483,15,6,11,32,482,3,0,0,3,515,485,292,13,265,8
30,1000,50,5.13,10.3,18,37,90,944,35,13,8,56,8.112231092,248,303,73.80801977,55.40146171,9.662726105,6.452591503,475,26,9,7,42,469,9,4,1,14,517,483,283,20,238,10
25,1000,50,5.13,10.3,18,37,100,955,29,9,7,45,7.853036114,338,385,138.7631475,108.5871748,10.53395671,5.277249656,448,26,9,7,42,507,3,0,0,3,490,510,365,20,329,9
26,1000,50,5.13,10.3,18,37,94,959,22,9,10,41,7.824080349,295,358,115.2334174,91.83825149,9.931000134,5.683177988,473,15,8,8,31,486,7,1,2,10,504,496,341,17,278,17
27,1000,50,5.13,10.3,18,37,95,953,24,17,6,47,8.197654715,292,343,95.63514359,90.04666406,10.06594323,6.165549672,486,19,10,6,35,467,5,7,0,12,521,479,319,24,273,19
32,1000,50,5.13,10.3,18,37,43,953,27,8,12,47,7.950931042,122,149,16.35050415,12.80530486,7.771748579,8.139679714,487,16,4,6,26,466,11,4,6,21,513,487,114,35,100,22
28,1000,50,5.13,10.3,18,37,93,948,36,7,9,52,8.080256,331,347,197.7790224,143.6052314,10.54199195,5.705575548,447,31,5,8,44,501,5,2,1,8,491,509,333,14,321,10
31,1000,50,5.13,10.3,18,37,81,947,29,12,12,53,8.048121843,235,279,37.87793952,31.57908031,9.351319118,6.636324795,479,23,8,10,41,468,6,4,2,12,520,480,259,20,222,13
29,1000,50,5.13,10.3,18,37,93,965,18,6,11,35,7.859990369,284,314,175.2989091,135.4875205,9.901863573,5.69181573,483,15,6,11,32,482,3,0,0,3,515,485,295,19,268,16
30,1000,50,5.13,10.3,18,37,91,944,35,13,8,56,8.096368792,270,291,79.34110293,59.85086411,9.704322404,6.375225899,475,26,9,7,42,469,9,4,1,14,517,483,266,25,253,17
25,1000,50,5.13,10.3,18,37,101,955,29,9,7,45,7.842028239,341,390,148.6914151,116.741265,10.59167768,5.200208183,448,26,9,7,42,507,3,0,0,3,490,510,382,8,335,6
26,1000,50,5.13,10.3,18,37,95,959,23,9,9,41,7.818986597,309,365,124.2566155,98.4743246,9.973682649,5.629537383,472,16,8,8,32,487,7,1,1,9,504,496,345,20,294,15
27,1000,50,5.13,10.3,18,37,96,952,25,17,6,48,8.224787166,298,335,107.6093472,101.6104393,10.11023407,6.174019244,485,20,10,6,36,467,5,7,0,12,521,479,318,17,283,15
28,1000,50,5.13,10.3,18,37,94,949,35,7,9,51,8.046786887,314,367,216.1194125,155.899915,10.56867616,5.614080344,447,31,5,8,44,502,4,2,1,7,491,509,352,15,307,7
31,1000,50,5.13,10.3,18,37,82,946,29,13,12,54,8.090481838,247,259,39.83750396,33.25758483,9.458120995,6.60887275,479,22,9,10,41,467,7,4,2,13,520,480,239,20,231,16
32,1000,50,5.13,10.3,18,37,44,954,26,8,12,46,7.94548693,122,162,16.51121358,12.98153133,7.765190013,8.135409555,487,16,4,6,26,467,10,4,6,20,513,487,126,36,103,19
29,1000,50,5.13,10.3,18,37,94,965,18,6,11,35,7.859466341,283,326,188.8379334,145.547158,9.960640024,5.628323152,483,15,6,11,32,482,3,0,0,3,515,485,305,21,274,9
30,1000,50,5.13,10.3,18,37,92,944,35,13,8,56,8.117104133,264,306,86.19009946,64.75796495,9.746614139,6.372887418,475,26,9,7,42,469,9,4,1,14,517,483,286,20,249,15
25,1000,50,5.13,10.3,18,37,102,956,28,9,7,44,7.823140598,347,387,158.6468007,124.7690556,10.60085926,5.15435208,449,25,9,7,41,507,3,0,0,3,490,510,379,8,332,15
26,1000,50,5.13,10.3,18,37,96,958,24,9,9,42,7.801508769,320,359,138.5838725,109.0316234,10.02680966,5.540315923,472,16,8,8,32,486,8,1,1,10,504,496,338,21,305,15
27,1000,50,5.13,10.3,18,37,97,950,27,17,6,50,8.254561513,299,331,117.1544,110.3880464,10.18977154,6.149667105,484,21,10,6,37,466,6,7,0,13,521,479,313,18,288,11
28,1000,50,5.13,10.3,18,37,95,948,36,7,9,52,8.04453453,321,354,232.5607271,166.9326275,10.60069553,5.578768226,447,31,5,8,44,501,5,2,1,8,491,509,335,19,315,6
31,1000,50,5.13,10.3,18,37,83,945,30,13,12,55,8.10611192,249,303,41.94000798,35.14133175,9.513118852,6.581854411,478,23,9,10,42,467,7,4,2,13,520,480,274,29,237,12
29,1000,50,5.13,10.3,18,37,95,964,19,6,11,36,7.848290377,297,326,199.2507109,153.304125,10.01763188,5.544762805,483,15,6,11,32,481,4,0,0,4,515,485,310,16,285,12
32,1000,50,5.13,10.3,18,37,45,955,25,8,12,45,7.939035236,125,173,16.74902973,13.19877199,7.785931211,8.100313193,488,15,4,6,25,467,10,4,6,20,513,487,133,40,101,24
30,1000,50,5.13,10.3,18,37,93,944,35,13,8,56,8.115072853,270,309,91.86555462,69.02673652,9.767766857,6.346040141,475,26,9,7,42,469,9,4,1,14,517,483,292,17,259,11
25,1000,50,5.13,10.3,18,37,103,956,28,8,8,44,7.859214191,355,396,168.8663882,133.0866069,10.68739399,5.141943401,449,25,8,8,41,507,3,0,0,3,490,510,384,12,343,12
26,1000,50,5.13,10.3,18,37,97,958,24,9,9,42,7.776139083,318,351,151.3584062,117.9678375,10.07076708,5.444500956,472,16,8,8,32,486,8,1,1,10,504,496,336,15,304,14
27,1000,50,5.13,10.3,18,37,98,951,26,17,6,49,8.219169196,303,318,128.8170839,120.8236892,10.18622898,6.079632355,485,20,10,6,36,466,6,7,0,13,521,479,301,17,294,9
28,1000,50,5.13,10.3,18,37,96,947,37,7,9,53,8.070037491,312,364,249.5473137,178.2639618,10.61513823,5.614940317,446,32,5,8,45,501,5,2,1,8,491,509,346,18,301,11
29,1000,50,5.13,10.3,18,37,96,964,19,6,11,36,7.873863299,291,335,209.8354695,161.2137181,10.09422203,5.516162791,483,15,6,11,32,481,4,0,0,4,515,485,318,17,275,16
31,1000,50,5.13,10.3,18,37,84,947,29,13,11,53,8.095845098,251,292,43.92767112,37.0198066,9.53405994,6.537779019,478,23,9,10,42,469,6,4,1,11,520,480,264,28,240,11
30,1000,50,5.13,10.3,18,37,94,944,35,13,8,56,8.096042155,268,322,96.1251061,72.95166716,9.774357338,6.299584703,475,26,9,7,42,469,9,4,1,14,517,483,300,22,251,17
32,1000,50,5.13,10.3,18,37,46,956,23,9,12,44,7.935128447,130,167,16.9826065,13.39070452,7.82192597,8.054374589,488,14,5,6,25,468,9,4,6,19,513,487,130,37,118,12
25,1000,50,5.13,10.3,18,37,104,955,28,9,8,45,7.897923833,356,386,178.1559769,141.2405892,10.76897481,5.139463091,449,24,9,8,41,506,4,0,0,4,490,510,371,15,346,10
33,1000,50,5.13,10.3,18,37,0,947,23,16,14,53,7.128,89,139,12.4626428,8.846950451,6.457925636,7.828220859,489,7,9,6,22,458,16,7,8,31,511,489,77,62,59,30
26,1000,50,5.13,10.3,18,37,98,958,24,10,8,42,7.786724933,320,369,163.6771186,127.4481484,10.11588963,5.419993059,472,15,9,8,32,486,9,1,0,10,504,496,352,17,302,18
27,1000,50,5.13,10.3,18,37,99,953,24,17,6,47,8.199846673,294,339,140.8929237,131.7685749,10.25327675,5.966366358,485,20,10,6,36,468,4,7,0,11,521,479,319,20,282,12
28,1000,50,5.13,10.3,18,37,97,946,37,8,9,54,8.084154815,333,362,270.7215184,191.8217095,10.66076228,5.598665097,445,33,5,8,46,501,4,3,1,8,491,509,346,16,326,7
29,1000,50,5.13,10.3,18,37,97,964,19,6,11,36,7.892750787,298,341,224.8250893,172.939819,10.09826358,5.550814519,483,15,6,11,32,481,4,0,0,4,515,485,317,24,287,11
31,1000,50,5.13,10.3,18,37,85,947,29,13,11,53,8.10802387,250,320,46.1674019,38.87949199,9.584915419,6.508058025,478,23,9,10,42,469,6,4,1,11,520,480,293,27,239,11
30,1000,50,5.13,10.3,18,37,95,943,36,13,8,57,8.099229578,267,314,102.7166566,77.69664994,9.834274487,6.242049002,475,26,9,7,42,468,10,4,1,15,517,483,295,19,259,8
32,1000,50,5.13,10.3,18,37,47,955,23,10,12,45,7.978066905,135,162,17.30353749,13.66015609,7.869570515,8.09235571,488,14,5,6,25,467,9,5,6,20,513,487,119,43,116,19
26,1000,50,5.13,10.3,18,37,99,956,26,10,8,44,7.788774284,330,366,174.769408,135.6035021,10.1753676,5.363687529,471,16,9,8,33,485,10,1,0,11,504,496,347,19,315,15
33,1000,50,5.13,10.3,18,37,1,948,22,16,14,52,7.166520143,64,135,12.47990892,8.904731392,6.522757114,7.839245925,489,7,9,6,22,459,15,7,8,30,511,489,74,61,45,19
27,1000,50,5.13,10.3,18,37,100,952,25,17,6,48,8.215738013,297,342,170.0527049,159.2571128,10.32512235,5.921397219,484,21,10,6,37,468,4,7,0,11,521,479,323,19,283,14
28,1000,50,5.13,10.3,18,37,98,946,38,7,9,54,8.028378255,345,374,288.0918667,203.6523582,10.66569539,5.484325777,445,33,5,8,46,501,5,2,1,8,491,509,358,16,336,9
29,1000,50,5.13,10.3,18,37,98,964,18,7,11,36,7.854026308,312,352,245.0098089,189.6557468,10.12314091,5.444554096,483,14,7,11,32,481,4,0,0,4,515,485,329,23,295,17
31,1000,50,5.13,10.3,18,37,86,947,29,13,11,53,8.08222593,265,295,48.4130237,40.74354505,9.601348903,6.436509376,478,23,9,10,42,469,6,4,1,11,520,480,278,17,256,9
30,1000,50,5.13,10.3,18,37,96,941,38,13,8,59,8.085225891,281,321,110.1238443,83.81670773,9.855666779,6.190157694,474,27,9,7,43,467,11,4,1,16,517,483,296,25,271,10
26,1000,50,5.13,10.3,18,37,100,956,26,10,8,44,7.810891124,332,380,193.1693452,148.7383221,10.19922908,5.384031583,471,16,9,8,33,485,10,1,0,11,504,496,359,21,321,11
32,1000,50,5.13,10.3,18,37,48,953,25,10,12,47,7.997315924,135,180,17.54166068,13.91992256,7.918735654,8.080091445,488,14,5,6,25,465,11,5,6,22,513,487,146,34,119,16
33,1000,50,5.13,10.3,18,37,2,949,22,15,14,51,7.18654677,102,134,12.50154504,8.932681128,6.511490367,7.89197381,490,7,8,6,21,459,15,7,8,30,511,489,57,77,67,35
27,1000,50,5.13,10.3,18,37,101,953,25,16,6,47,8.202566649,295,355,193.7007744,181.8729163,10.37679777,5.837693138,484,21,10,6,37,469,4,6,0,10,521,479,331,24,283,12
28,1000,50,5.13,10.3,18,37,99,946,38,7,9,54,8.030705801,339,389,303.9347038,215.2950807,10.68566064,5.469639347,445,33,5,8,46,501,5,2,1,8,491,509,373,16,332,7
29,1000,50,5.13,10.3,18,37,99,964,18,7,11,36,7.845282956,299,357,269.1854561,208.569054,10.15955401,5.387861117,483,14,7,11,32,481,4,0,0,4,515,485,341,16,294,5
31,1000,50,5.13,10.3,18,37,87,946,30,13,11,54,8.102857706,269,296,50.64373666,42.57624524,9.637140445,6.440718073,477,24,9,10,43,469,6,4,1,11,520,480,275,21,253,16
30,1000,50,5.13,10.3,18,37,97,940,38,14,8,60,8.071647851,276,320,115.3985507,88.76237694,9.87876246,6.137324346,473,27,10,7,44,467,11,4,1,16,517,483,297,23,264,12
26,1000,50,5.13,10.3,18,37,101,960,23,9,8,40,7.762257564,344,394,213.6150895,163.4966909,10.22299969,5.261826053,472,15,9,8,32,488,8,0,0,8,504,496,382,12,331,13
27,1000,50,5.13,10.3,18,37,102,955,24,14,7,45,8.201762058,311,355,207.1438629,193.6941272,10.42169814,5.787176046,485,20,10,6,36,470,4,4,1,9,521,479,341,14,304,7
32,1000,50,5.13,10.3,18,37,49,953,26,10,11,47,8.002013887,148,175,17.83112002,14.16908462,7.945863055,8.061162504,488,14,5,6,25,465,12,5,5,22,513,487,146,29,127,21
33,1000,50,5.13,10.3,18,37,3,950,21,14,15,50,7.228579013,90,135,12.54041424,9.004417294,6.566639626,7.920298904,489,8,8,6,22,461,13,6,9,28,511,489,85,50,66,24
28,1000,50,5.13,10.3,18,37,100,948,37,6,9,52,7.998127165,358,402,330.9744596,233.6340186,10.74250382,5.350801159,446,33,4,8,45,502,4,2,1,7,491,509,382,20,345,13
29,1000,50,5.13,10.3,18,37,100,965,17,7,11,35,7.843719792,309,351,288.1828998,222.4285165,10.20852784,5.332634954,483,14,7,11,32,482,3,0,0,3,515,485,333,18,299,10
31,1000,50,5.13,10.3,18,37,88,947,30,12,11,53,8.059520606,293,306,52.50368689,44.11865792,9.671167411,6.3135699,477,24,9,10,43,470,6,3,1,10,520,480,283,23,278,15
30,1000,50,5.13,10.3,18,37,98,941,38,14,7,59,8.021807167,299,319,121.9062453,93.57413762,9.840674201,6.074903944,473,28,10,6,44,468,10,4,1,15,517,483,306,13,283,16
26,1000,50,5.13,10.3,18,37,102,960,23,9,8,40,7.766247012,345,380,229.9681468,176.3202254,10.24464298,5.24787692,472,15,9,8,32,488,8,0,0,8,504,496,359,21,332,13
27,1000,50,5.13,10.3,18,37,103,951,27,15,7,49,8.213538434,303,366,219.8707465,204.7584325,10.44957994,5.781434836,483,22,10,6,38,468,5,5,1,11,521,479,347,19,294,9
28,1000,50,5.13,10.3,18,37,101,947,38,6,9,53,7.996550315,347,396,359.6288669,251.3400222,10.79480571,5.297250906,445,34,4,8,46,502,4,2,1,7,491,509,376,20,337,10
33,1000,50,5.13,10.3,18,37,4,950,22,14,14,50,7.251583488,101,134,12.57138952,9.011433709,6.591905985,7.940939733,489,8,8,6,22,461,14,6,8,28,511,489,65,69,67,34
32,1000,50,5.13,10.3,18,37,50,955,25,10,10,45,8.022391633,142,182,18.10276031,14.45288497,7.980693941,8.066315484,490,12,5,6,23,465,13,5,4,22,513,487,153,29,125,17
29,1000,50,5.13,10.3,18,37,101,964,18,7,11,36,7.855500426,305,349,302.1738136,232.1377418,10.24358859,5.319695466,482,15,7,11,33,482,3,0,0,3,515,485,339,10,294,11
31,1000,50,5.13,10.3,18,37,89,948,29,12,11,52,8.048407829,256,329,54.9801972,46.27823747,9.711402876,6.246829862,477,24,9,10,43,471,5,3,1,9,520,480,303,26,251,5
26,1000,50,5.13,10.3,18,37,103,962,21,9,8,38,7.754958121,336,372,265.3808302,200.761333,10.24657361,5.223155283,472,15,9,8,32,490,6,0,0,6,504,496,360,12,327,9
30,1000,50,5.13,10.3,18,37,99,942,36,15,7,58,8.022835915,292,324,132.0799962,100.5630033,9.889221194,6.025069477,472,28,11,6,45,470,8,4,1,13,517,483,304,20,284,8
27,1000,50,5.13,10.3,18,37,104,951,26,16,7,49,8.196208267,318,376,245.359197,229.1185754,10.47619812,5.716302807,483,22,10,6,38,468,4,6,1,11,521,479,354,22,311,7
34,1000,50,5.13,10.3,18,37,0,941,30,9,20,59,7.169,97,131,12.47021951,9.090017624,6.259481038,8.082164329,484,11,4,2,17,457,19,5,18,42,501,499,78,53,63,34
28,1000,50,5.13,10.3,18,37,102,948,37,6,9,52,7.990600155,352,398,387.8256738,269.934371,10.83937512,5.242567727,445,34,4,8,46,503,3,2,1,6,491,509,371,27,337,15
29,1000,50,5.13,10.3,18,37,102,962,20,7,11,38,7.873537649,315,350,326.3591754,249.0949188,10.29716437,5.299995878,480,17,7,11,35,482,3,0,0,3,515,485,338,12,303,12
33,1000,50,5.13,10.3,18,37,5,950,22,14,14,50,7.293401339,98,126,12.62390145,9.071424783,6.6398005,7.976407533,489,8,8,6,22,461,14,6,8,28,511,489,73,53,65,33
32,1000,50,5.13,10.3,18,37,51,953,27,10,10,47,8.06530949,129,175,18.41289543,14.71424832,8.057815769,8.073203286,489,13,5,6,24,464,14,5,4,23,513,487,136,39,118,11
31,1000,50,5.13,10.3,18,37,90,949,29,11,11,51,8.01961487,271,312,57.78372692,48.57576741,9.734772402,6.161527543,478,24,8,10,42,471,5,3,1,9,520,480,296,16,259,12
26,1000,50,5.13,10.3,18,37,104,961,21,10,8,39,7.744926074,338,396,301.0130631,225.4660676,10.29566554,5.153045649,471,15,10,8,33,490,6,0,0,6,504,496,378,18,330,8
35,1000,50,5.13,10.3,18,37,0,939,29,20,12,61,7.144,106,140,12.53496429,9.049676777,6.291750503,7.986083499,476,7,9,5,21,463,22,11,7,40,497,503,78,62,70,36
30,1000,50,5.13,10.3,18,37,100,942,36,15,7,58,8.005542814,294,357,145.0500212,110.0349413,9.889221194,5.989265955,472,28,11,6,45,470,8,4,1,13,517,483,332,25,283,11
34,1000,50,5.13,10.3,18,37,1,941,30,9,20,59,7.185537227,90,117,12.50677334,9.110747095,6.280637213,8.094064094,484,11,4,2,17,457,19,5,18,42,501,499,66,51,60,30
28,1000,50,5.13,10.3,18,37,103,949,36,6,9,51,7.988120496,370,395,419.1547973,292.427104,10.92001207,5.159910749,445,34,4,8,46,504,2,2,1,5,491,509,379,16,359,11
29,1000,50,5.13,10.3,18,37,103,962,19,8,11,38,7.881806166,315,368,348.1857353,266.0359606,10.35555987,5.255036773,480,16,8,11,35,482,3,0,0,3,515,485,352,16,306,9
33,1000,50,5.13,10.3,18,37,6,950,21,15,14,50,7.332649612,90,117,12.66865534,9.132001197,6.681088607,8.0135242,489,8,8,6,22,461,13,7,8,28,511,489,62,55,54,36
32,1000,50,5.13,10.3,18,37,52,952,28,10,10,48,8.095858447,135,174,18.61283659,14.8803107,8.096990609,8.094665841,489,13,5,6,24,463,15,5,4,24,513,487,138,36,112,23
31,1000,50,5.13,10.3,18,37,91,948,30,10,12,52,8.017866561,272,314,61.13529335,51.18068207,9.774826301,6.114493508,477,25,7,11,43,471,5,3,1,9,520,480,293,21,260,12
30,1000,50,5.13,10.3,18,37,101,942,36,14,8,58,8.012205214,291,329,155.5980621,118.1196545,9.947129989,5.941074553,472,28,10,7,45,470,8,4,1,13,517,483,309,20,283,8
35,1000,50,5.13,10.3,18,37,1,942,28,18,12,58,7.149778111,101,135,12.55000139,9.074441257,6.328833379,7.960930262,477,7,8,5,20,465,21,10,7,38,497,503,75,60,69,32
34,1000,50,5.13,10.3,18,37,2,943,28,9,20,57,7.18121458,80,116,12.53693775,9.159734408,6.276927228,8.089126332,485,10,4,2,16,458,18,5,18,41,501,499,62,54,53,27
28,1000,50,5.13,10.3,18,37,104,948,37,5,10,52,7.948724339,366,393,445.9982824,313.6647974,10.94528227,5.058135056,444,35,3,9,47,504,2,2,1,5,491,509,384,9,357,9
36,1000,50,5.13,10.3,18,37,0,944,31,9,16,56,6.727,82,113,12.4909963,8.86685078,6.147058824,7.330612245,490,13,4,3,20,454,18,5,13,36,510,490,59,54,61,21
33,1000,50,5.13,10.3,18,37,7,952,19,15,14,48,7.333180403,102,133,12.74196016,9.18668806,6.710030885,7.984365277,489,8,8,6,22,463,11,7,8,26,511,489,72,61,74,28
29,1000,50,5.13,10.3,18,37,104,962,19,8,11,38,7.864785798,316,350,375.5662716,285.9618825,10.4171674,5.154524925,480,16,8,11,35,482,3,0,0,3,515,485,334,16,307,9
37,1000,50,5.13,10.3,18,37,0,945,27,11,17,55,7.145,92,115,12.41644711,8.773932163,6.201160542,8.155279503,494,14,3,6,23,451,13,8,11,32,517,483,59,56,60,32
31,1000,50,5.13,10.3,18,37,92,948,29,11,12,52,7.969672864,282,311,65.44154793,54.48990368,9.795118384,5.992106884,477,24,8,11,43,471,5,3,1,9,520,480,290,21,268,14
32,1000,50,5.13,10.3,18,37,53,953,27,10,10,47,8.094012609,147,183,18.98655011,15.18636418,8.139828247,8.04575096,489,13,5,6,24,464,14,5,4,23,513,487,151,32,132,15
30,1000,50,5.13,10.3,18,37,102,942,37,14,7,58,7.952243474,309,326,166.4937299,125.7353153,9.954599608,5.808934734,472,28,10,7,45,470,9,4,0,13,517,483,307,19,297,12
34,1000,50,5.13,10.3,18,37,3,944,28,8,20,56,7.202841269,113,142,12.58870615,9.205424516,6.331507592,8.077667265,485,10,4,2,16,459,18,4,18,40,501,499,75,67,78,35
35,1000,50,5.13,10.3,18,37,2,941,31,18,10,59,7.176187879,92,127,12.58486456,9.153241479,6.37081533,7.971953598,476,8,8,5,21,465,23,10,5,38,497,503,82,45,59,33
33,1000,50,5.13,10.3,18,37,8,954,18,14,14,46,7.326210073,100,117,12.80051611,9.238238981,6.733911829,7.945155682,489,8,8,6,22,465,10,6,8,24,511,489,63,54,69,31
36,1000,50,5.13,10.3,18,37,1,946,30,8,16,54,6.708410347,97,149,12.5353124,8.900141545,6.152100885,7.287426317,491,13,3,3,19,455,17,5,13,35,510,490,76,73,65,32
37,1000,50,5.13,10.3,18,37,1,946,27,10,17,54,7.181499609,77,126,12.47242484,8.815280363,6.279604093,8.146882594,494,14,3,6,23,452,13,7,11,31,517,483,75,51,52,25
31,1000,50,5.13,10.3,18,37,93,947,29,12,12,53,7.984602541,291,334,68.92553874,57.23851932,9.846318264,5.96774384,477,23,9,11,43,470,6,3,1,10,520,480,311,23,277,14
32,1000,50,5.13,10.3,18,37,54,953,27,10,10,47,8.117046911,153,206,19.29609578,15.4960035,8.174187213,8.056855998,489,13,5,6,24,464,14,5,4,23,513,487,173,33,132,21
34,1000,50,5.13,10.3,18,37,4,946,29,8,17,54,7.180666005,102,123,12.58648116,9.242813631,6.354452698,8.010190789,486,9,4,2,15,460,20,4,15,39,501,499,69,54,69,33
30,1000,50,5.13,10.3,18,37,103,943,36,13,8,57,7.924413842,295,327,179.6375911,135.9582196,9.973943701,5.73061066,473,27,10,7,44,470,9,3,1,13,517,483,312,15,281,14
33,1000,50,5.13,10.3,18,37,9,954,18,14,14,46,7.365917252,96,124,12.85813256,9.316237356,6.747172124,8.012499585,490,7,8,6,21,464,11,6,8,25,511,489,71,53,73,23
35,1000,50,5.13,10.3,18,37,3,941,31,18,10,59,7.187762818,100,139,12.61622643,9.216680132,6.403272032,7.96289586,476,8,8,5,21,465,23,10,5,38,497,503,78,61,72,28
36,1000,50,5.13,10.3,18,37,2,950,25,10,15,50,6.715880007,96,140,12.55281476,8.983312523,6.209766858,7.242650835,492,12,3,3,18,458,13,7,12,32,510,490,75,65,51,45
37,1000,50,5.13,10.3,18,37,2,948,25,10,17,52,7.219212691,91,135,12.52666285,8.8667159,6.29919392,8.203994688,495,13,3,6,22,453,12,7,11,30,517,483,78,57,58,33
31,1000,50,5.13,10.3,18,37,94,949,28,11,12,51,7.97121089,295,332,73.44185598,60.70241238,9.838994818,5.947778301,478,23,8,11,42,471,5,3,1,9,520,480,313,19,284,11
34,1000,50,5.13,10.3,18,37,5,944,30,10,16,56,7.190027534,102,121,12.61276604,9.294826322,6.390987118,7.992270516,484,11,4,2,17,460,19,6,14,39,501,499,71,50,67,35
32,1000,50,5.13,10.3,18,37,55,954,26,10,10,46,8.102180563,142,188,19.76348243,15.87149544,8.189697056,8.009991731,489,13,5,6,24,465,13,5,4,22,513,487,155,33,126,16
30,1000,50,5.13,10.3,18,37,104,941,38,12,9,59,7.977328505,295,344,195.3053198,148.9968643,10.09265063,5.713101721,471,29,9,8,46,470,9,3,1,13,517,483,332,12,288,7
38,1000,50,5.13,10.3,18,37,0,937,32,19,12,63,7.229,104,133,12.50964796,9.124415239,5.959016393,8.439453125,471,8,5,4,17,466,24,14,8,46,488,512,77,56,66,38
33,1000,50,5.13,10.3,18,37,10,954,18,14,14,46,7.38156102,95,132,12.88747227,9.350561492,6.769665242,8.020985852,490,7,8,6,21,464,11,6,8,25,511,489,72,60,72,23
35,1000,50,5.13,10.3,18,37,4,944,28,18,10,56,7.20127917,97,126,12.67611868,9.279539981,6.43437358,7.959036781,477,7,8,5,20,467,21,10,5,36,497,503,79,47,64,33
36,1000,50,5.13,10.3,18,37,3,951,24,10,15,49,6.725339956,83,141,12.57750769,9.032430742,6.264425347,7.205067406,492,11,4,3,18,459,13,6,12,31,510,490,70,71,59,24
37,1000,50,5.13,10.3,18,37,3,948,27,10,15,52,7.236219679,93,137,12.55318069,8.91958113,6.364048501,8.169785929,495,13,3,6,22,453,14,7,9,30,517,483,79,58,68,25
31,1000,50,5.13,10.3,18,37,95,951,26,11,12,49,7.931832862,295,329,76.6007145,63.25289344,9.845720436,5.858454656,478,23,8,11,42,473,3,3,1,7,520,480,307,22,283,12
34,1000,50,5.13,10.3,18,37,6,945,30,9,16,55,7.185691878,105,136,12.66649797,9.365786027,6.41746201,7.957000824,484,11,4,2,17,461,19,5,14,38,501,499,70,66,75,30
33,1000,50,5.13,10.3,18,37,11,955,17,14,14,45,7.367699162,106,137,12.89461009,9.392124646,6.804045672,7.956711296,491,6,8,6,20,464,11,6,8,25,511,489,92,45,75,31
38,1000,50,5.13,10.3,18,37,1,937,32,19,12,63,7.245057705,75,119,12.56982156,9.182353394,6.024122353,8.408761714,471,8,5,4,17,466,24,14,8,46,488,512,58,61,54,21
32,1000,50,5.13,10.3,18,37,56,954,25,11,10,46,8.105515651,161,197,20.18552164,16.17861003,8.229038917,7.975397714,489,12,6,6,24,465,13,5,4,22,513,487,161,36,137,24
35,1000,50,5.13,10.3,18,37,5,946,27,17,10,54,7.213025867,88,146,12.72080456,9.328351109,6.464077999,7.953039964,477,7,8,5,20,469,20,9,5,34,497,503,85,61,63,25
36,1000,50,5.13,10.3,18,37,4,953,22,9,16,47,6.750903562,88,126,12.5939214,9.067187197,6.322252993,7.197050072,492,11,4,3,18,461,11,5,13,29,510,490,83,43,54,34
37,1000,50,5.13,10.3,18,37,4,950,27,8,15,50,7.208034655,111,126,12.5836636,8.945213017,6.38827799,8.085496758,495,13,3,6,22,455,14,5,9,28,517,483,68,58,75,36
31,1000,50,5.13,10.3,18,37,96,952,25,11,12,48,7.928802881,301,358,79.59918217,65.58871826,9.900068344,5.793265295,478,23,8,11,42,474,2,3,1,6,520,480,327,31,289,12
34,1000,50,5.13,10.3,18,37,7,945,30,9,16,55,7.198790937,99,134,12.67210785,9.411169591,6.449686077,7.950898221,484,11,4,2,17,461,19,5,14,38,501,499,90,44,75,24
33,1000,50,5.13,10.3,18,37,12,955,17,13,15,45,7.406740549,109,143,12.91431139,9.424527188,6.873158887,7.96432793,491,6,8,6,20,464,11,5,9,25,511,489,75,68,80,29
38,1000,50,5.13,10.3,18,37,2,939,32,17,12,61,7.253106251,99,133,12.63850089,9.24329197,6.094849064,8.357070133,471,8,5,4,17,468,24,12,8,44,488,512,74,59,65,34
32,1000,50,5.13,10.3,18,37,57,955,24,11,10,45,8.073094144,164,200,20.68325201,16.67896832,8.214626113,7.924006053,489,12,6,6,24,466,12,5,4,21,513,487,172,28,148,16
35,1000,50,5.13,10.3,18,37,6,946,28,16,10,54,7.230597635,89,130,12.73717585,9.380113576,6.501223926,7.951271062,476,8,8,5,21,470,20,8,5,33,497,503,84,46,58,31
36,1000,50,5.13,10.3,18,37,5,953,22,9,16,47,6.747195945,99,131,12.60890682,9.108908554,6.341631615,7.169313922,492,11,4,3,18,461,11,5,13,29,510,490,79,52,66,33
37,1000,50,5.13,10.3,18,37,5,952,27,8,13,48,7.197994799,84,139,12.59486008,8.995476204,6.440013865,8.009332569,495,13,3,6,22,457,14,5,7,26,517,483,85,54,66,18
31,1000,50,5.13,10.3,18,37,97,951,25,12,12,49,7.922299159,288,341,83.25384553,68.46308184,9.948357498,5.727402625,477,23,9,11,43,474,2,3,1,6,520,480,322,19,281,7
34,1000,50,5.13,10.3,18,37,8,946,31,8,15,54,7.207712507,109,113,12.72290351,9.457906584,6.485567629,7.932751754,484,11,4,2,17,462,20,4,13,37,501,499,67,46,74,35
33,1000,50,5.13,10.3,18,37,13,955,17,13,15,45,7.444328976,110,129,12.99643799,9.512260851,6.882740047,8.031183664,491,6,8,6,20,464,11,5,9,25,511,489,86,43,83,27
38,1000,50,5.13,10.3,18,37,3,940,31,17,12,60,7.330708364,94,137,12.65878003,9.277238981,6.188651767,8.419231058,471,8,5,4,17,469,23,12,8,43,488,512,83,54,61,33
35,1000,50,5.13,10.3,18,37,7,945,31,15,9,55,7.245731924,114,117,12.80740578,9.439183225,6.545043699,7.938062039,475,9,8,5,22,470,22,7,4,33,497,503,59,58,72,42
32,1000,50,5.13,10.3,18,37,58,956,23,10,11,44,8.062000365,187,203,21.27602276,17.21288953,8.267794267,7.84521952,489,12,6,6,24,467,11,4,5,20,513,487,177,26,162,25
36,1000,50,5.13,10.3,18,37,6,953,22,9,16,47,6.76056493,89,110,12.67249532,9.165247802,6.347514126,7.19047495,492,11,4,3,18,461,11,5,13,29,510,490,61,49,65,24
37,1000,50,5.13,10.3,18,37,6,953,27,8,12,47,7.196122458,91,128,12.65624086,9.037823089,6.462822228,7.981042165,496,13,3,5,21,457,14,5,7,26,517,483,73,55,65,26
31,1000,50,5.13,10.3,18,37,98,952,25,11,12,48,7.92275111,302,350,87.18588103,71.90680824,10.03949433,5.629612624,477,23,9,11,43,475,2,2,1,5,520,480,333,17,289,13
34,1000,50,5.13,10.3,18,37,9,945,33,8,14,55,7.254204722,98,128,12.77326214,9.524104505,6.620734759,7.890213642,482,13,4,2,19,463,20,4,12,36,501,499,87,41,70,28
33,1000,50,5.13,10.3,18,37,14,956,16,13,15,44,7.457842187,96,122,13.04213468,9.574005717,6.930003666,8.009428044,491,6,8,6,20,465,10,5,9,24,511,489,76,46,71,25
38,1000,50,5.13,10.3,18,37,4,940,33,17,10,60,7.326738393,92,146,12.68957748,9.311403924,6.237603788,8.364819814,471,8,5,4,17,469,25,12,6,43,488,512,88,58,59,33
35,1000,50,5.13,10.3,18,37,8,946,29,16,9,54,7.254800185,104,153,12.86726806,9.492138129,6.615484124,7.886490209,475,9,8,5,22,471,20,8,4,32,497,503,93,60,72,32
37,1000,50,5.13,10.3,18,37,7,957,24,7,12,43,7.177854304,96,113,12.68234907,9.083005484,6.491415644,7.912613697,496,13,3,5,21,461,11,4,7,22,517,483,69,44,66,30
36,1000,50,5.13,10.3,18,37,7,952,23,10,15,48,6.763738933,105,127,12.73271705,9.239142867,6.390402065,7.15231404,492,11,4,3,18,460,12,6,12,30,510,490,67,60,80,25
32,1000,50,5.13,10.3,18,37,59,957,21,11,11,43,8.055136752,164,201,21.83338726,17.76497941,8.31067876,7.785951844,489,12,6,6,24,468,9,5,5,19,513,487,173,28,142,22
31,1000,50,5.13,10.3,18,37,99,951,25,12,12,49,7.924917559,306,348,92.46698033,76.06176372,10.10201295,5.566397553,476,23,10,11,44,475,2,2,1,5,520,480,331,17,295,11
34,1000,50,5.13,10.3,18,37,10,946,34,8,12,54,7.244816633,109,139,12.81367185,9.590738945,6.690843999,7.801009599,482,13,4,2,19,464,21,4,10,35,501,499,80,59,79,30
33,1000,50,5.13,10.3,18,37,15,957,14,14,15,43,7.472242254,95,146,13.08634076,9.613024885,6.943550771,8.024719448,491,6,8,6,20,466,8,6,9,23,511,489,95,51,69,26
38,1000,50,5.13,10.3,18,37,5,942,31,17,10,58,7.330678467,96,118,12.75490501,9.379581955,6.257512041,8.353540218,471,8,5,4,17,471,23,12,6,41,488,512,75,43,69,27
35,1000,50,5.13,10.3,18,37,9,945,29,17,9,55,7.282935179,103,130,12.89963378,9.509021233,6.670178695,7.888382441,473,10,9,5,24,472,19,8,4,31,497,503,88,42,83,20
36,1000,50,5.13,10.3,18,37,8,953,24,9,14,47,6.785068262,92,112,12.77508586,9.291941967,6.43502616,7.149397797,492,11,4,3,18,461,13,5,11,29,510,490,79,33,69,23
37,1000,50,5.13,10.3,18,37,8,960,22,7,11,40,7.171540249,103,134,12.72129258,9.138595747,6.436857185,7.957940133,498,12,3,4,19,462,10,4,7,21,517,483,84,50,72,31
32,1000,50,5.13,10.3,18,37,60,956,22,11,11,44,8.050067683,169,224,22.32391656,18.19127388,8.349903296,7.734224419,489,12,6,6,24,467,10,5,5,20,513,487,191,33,150,19
31,1000,50,5.13,10.3,18,37,100,950,25,13,12,50,7.895143199,307,353,98.60314574,80.62770587,10.13694103,5.466528887,475,23,11,11,45,475,2,2,1,5,520,480,335,18,303,4
34,1000,50,5.13,10.3,18,37,11,946,34,8,12,54,7.285307926,94,111,12.84182165,9.629555698,6.731163603,7.841673269,482,13,4,2,19,464,21,4,10,35,501,499,67,44,68,26
33,1000,50,5.13,10.3,18,37,16,955,16,14,15,45,7.494487744,99,112,13.15314137,9.715494155,6.984766148,8.0271416,489,8,8,6,22,466,8,6,9,23,511,489,69,43,75,24
38,1000,50,5.13,10.3,18,37,6,942,31,17,10,58,7.355681415,111,137,12.78810423,9.42259899,6.286151756,8.375076872,471,8,5,4,17,471,23,12,6,41,488,512,92,45,78,33
35,1000,50,5.13,10.3,18,37,10,946,28,17,9,54,7.283822925,87,127,12.97765346,9.577168045,6.680672866,7.87977835,474,9,9,5,23,472,19,8,4,31,497,503,84,43,60,27
37,1000,50,5.13,10.3,18,37,9,961,21,7,11,39,7.167918489,97,137,12.80145558,9.224830212,6.502112782,7.880592506,498,12,3,4,19,463,9,4,7,20,517,483,95,42,73,24
36,1000,50,5.13,10.3,18,37,9,953,25,9,13,47,6.785574293,90,146,12.84715512,9.373657764,6.489062043,7.094189085,492,11,4,3,18,461,14,5,10,29,510,490,84,62,62,28
34,1000,50,5.13,10.3,18,37,12,946,34,8,12,54,7.297746283,90,127,12.86664824,9.672524197,6.770576491,7.827028981,482,13,4,2,19,464,21,4,10,35,501,499,76,51,60,30
32,1000,50,5.13,10.3,18,37,61,957,22,11,10,43,8.064752795,168,218,23.03578198,18.85792537,8.353800027,7.760273883,489,12,6,6,24,468,10,5,4,19,513,487,184,34,143,25
31,1000,50,5.13,10.3,18,37,101,949,26,13,12,51,7.898759791,321,364,103.3631984,84.18153641,10.20902569,5.395971735,474,24,11,11,46,475,2,2,1,5,520,480,347,17,304,17
33,1000,50,5.13,10.3,18,37,17,955,16,14,15,45,7.543032,91,138,13.19335051,9.777675039,7.059976405,8.047820157,489,8,8,6,22,466,8,6,9,23,511,489,91,47,70,21
38,1000,50,5.13,10.3,18,37,7,944,31,16,9,56,7.343639225,117,144,12.85249683,9.474639815,6.307837998,8.330887271,471,8,5,4,17,473,23,11,5,39,488,512,94,50,91,26
35,1000,50,5.13,10.3,18,37,11,948,25,17,10,52,7.285824292,103,122,13.02740947,9.659012015,6.723496915,7.841443987,474,8,10,5,23,474,17,7,5,29,497,503,73,49,69,34
37,1000,50,5.13,10.3,18,37,10,964,18,7,11,36,7.147074141,110,134,12.84589136,9.267554621,6.561102918,7.774293856,498,11,4,4,19,466,7,3,7,17,517,483,86,48,78,32
36,1000,50,5.13,10.3,18,37,10,951,25,11,13,49,6.797481785,93,138,12.88492833,9.422583116,6.534276286,7.071430366,490,12,5,3,20,461,13,6,10,29,510,490,75,63,73,20
34,1000,50,5.13,10.3,18,37,13,948,32,8,12,52,7.324497919,93,119,12.88064649,9.703949576,6.802093526,7.848996117,483,12,4,2,18,465,20,4,10,34,501,499,73,46,70,23
31,1000,50,5.13,10.3,18,37,102,949,24,15,12,51,7.928408433,323,353,109.6648366,89.2291223,10.28346994,5.377091797,474,22,13,11,46,475,2,2,1,5,520,480,334,19,311,12
33,1000,50,5.13,10.3,18,37,18,957,16,12,15,43,7.554639061,92,131,13.21344491,9.835762312,7.116950367,8.012019271,489,8,8,6,22,468,8,4,9,21,511,489,77,54,68,24
32,1000,50,5.13,10.3,18,37,62,954,25,11,10,46,8.104749095,171,214,23.42396456,19.17440286,8.41195177,7.781145455,487,14,6,6,26,467,11,5,4,20,513,487,183,31,157,14
38,1000,50,5.13,10.3,18,37,8,946,27,18,9,54,7.379728651,89,132,12.9059444,9.53656526,6.323111906,8.386816487,472,7,5,4,16,474,20,13,5,38,488,512,81,51,61,28
35,1000,50,5.13,10.3,18,37,12,949,24,17,10,51,7.310954426,101,137,13.08034858,9.743219138,6.738803353,7.876280635,474,8,10,5,23,475,16,7,5,28,497,503,89,48,78,23
37,1000,50,5.13,10.3,18,37,11,964,18,7,11,36,7.176309385,104,131,12.91023728,9.333020969,6.605985939,7.786779824,498,11,4,4,19,466,7,3,7,17,517,483,76,55,71,33
36,1000,50,5.13,10.3,18,37,11,951,25,11,13,49,6.843555815,112,134,12.94097484,9.489621931,6.578843407,7.119072812,490,12,5,3,20,461,13,6,10,29,510,490,87,47,83,29
34,1000,50,5.13,10.3,18,37,14,950,30,8,12,50,7.314720879,109,151,12.93158584,9.742043702,6.816383997,7.815055103,483,12,4,2,18,467,18,4,10,32,501,499,89,62,86,23
33,1000,50,5.13,10.3,18,37,19,957,17,12,14,43,7.542377182,101,129,13.23481317,9.874364133,7.135025139,7.968055902,489,8,8,6,22,468,9,4,8,21,511,489,86,43,77,24
31,1000,50,5.13,10.3,18,37,103,948,25,15,12,52,7.919604087,319,342,117.5950001,95.63241334,10.30268479,5.337933326,474,22,13,11,46,474,3,2,1,6,520,480,330,12,310,9
32,1000,50,5.13,10.3,18,37,63,953,25,11,11,47,8.109873631,180,187,23.90805963,19.59375602,8.444727445,7.757142612,486,15,5,7,27,467,10,6,4,20,513,487,161,26,163,17
38,1000,50,5.13,10.3,18,37,9,950,23,18,9,50,7.384144102,88,125,12.93864481,9.591501381,6.388705103,8.332921898,472,6,6,4,16,478,17,12,5,34,488,512,77,48,65,23
35,1000,50,5.13,10.3,18,37,13,949,24,17,10,51,7.328362786,119,124,13.11980133,9.835855024,6.761602261,7.888362749,474,8,10,5,23,475,16,7,5,28,497,503,75,49,87,32
37,1000,50,5.13,10.3,18,37,12,964,19,7,10,36,7.205890054,99,141,12.94246025,9.399450368,6.61699275,7.836241826,498,12,4,3,19,466,7,3,7,17,517,483,78,63,66,33
36,1000,50,5.13,10.3,18,37,12,951,24,12,13,49,6.849344885,108,137,13.01324555,9.561860149,6.585199253,7.124271971,490,11,6,3,20,461,13,6,10,29,510,490,84,53,77,31
34,1000,50,5.13,10.3,18,37,15,954,27,7,12,46,7.310474723,104,157,13.01668799,9.837359702,6.851253777,7.771536234,484,12,3,2,17,470,15,4,10,29,501,499,93,64,73,31
33,1000,50,5.13,10.3,18,37,20,956,18,12,14,44,7.588335839,114,138,13.28311377,9.942120224,7.172901951,8.022460005,489,8,8,6,22,467,10,4,8,22,511,489,89,49,86,28
31,1000,50,5.13,10.3,18,37,104,947,26,15,12,53,7.945199175,324,361,122.7085519,99.80198236,10.33602312,5.355139903,474,22,13,11,46,473,4,2,1,7,520,480,344,17,313,11
39,1000,50,5.13,10.3,18,37,0,938,31,16,15,62,7.146,98,122,12.6098195,9.220523614,6.785557987,7.449355433,431,18,5,3,26,507,13,11,12,36,457,543,87,35,74,24
38,1000,50,5.13,10.3,18,37,10,951,23,17,9,49,7.398171556,111,115,13.03452907,9.657329416,6.434799973,8.316385096,472,6,6,4,16,479,17,11,5,33,488,512,75,40,73,38
32,1000,50,5.13,10.3,18,37,64,954,24,11,11,46,8.123331174,167,205,24.50913323,20.01397509,8.510212344,7.715795158,486,15,5,7,27,468,9,6,4,19,513,487,184,21,151,16
37,1000,50,5.13,10.3,18,37,13,962,21,8,9,38,7.194182274,85,129,12.97446569,9.435463206,6.672816393,7.752248859,497,13,4,3,20,465,8,4,6,18,517,483,77,52,61,24
35,1000,50,5.13,10.3,18,37,14,948,24,17,11,52,7.345423325,101,124,13.17146327,9.889581574,6.799141242,7.885189122,473,8,10,6,24,475,16,7,5,28,497,503,78,46,69,32
36,1000,50,5.13,10.3,18,37,13,952,23,12,13,48,6.868237903,95,119,13.09627234,9.626562776,6.616345252,7.130411888,490,11,6,3,20,462,12,6,10,28,510,490,70,49,77,18
34,1000,50,5.13,10.3,18,37,16,954,27,7,12,46,7.34021807,96,138,13.04244058,9.916867479,6.91332878,7.768818338,484,12,3,2,17,470,15,4,10,29,501,499,95,43,71,25
33,1000,50,5.13,10.3,18,37,21,957,17,12,14,43,7.610489961,96,139,13.32882279,10.03448899,7.221166628,8.017328864,489,8,8,6,22,468,9,4,8,21,511,489,91,48,73,23
39,1000,50,5.13,10.3,18,37,1,938,32,17,13,62,7.132830459,94,136,12.64933044,9.26149246,6.80569496,7.408154442,431,18,5,3,26,507,14,12,10,36,457,543,76,60,66,28
38,1000,50,5.13,10.3,18,37,11,950,24,17,9,50,7.455505415,88,124,13.1415567,9.731478122,6.479071674,8.386168823,472,6,6,4,16,478,18,11,5,34,488,512,83,41,66,22
37,1000,50,5.13,10.3,18,37,14,962,21,8,9,38,7.203896433,99,133,13.01853608,9.494322596,6.677958203,7.76685723,497,13,4,3,20,465,8,4,6,18,517,483,88,45,68,31
35,1000,50,5.13,10.3,18,37,15,948,24,17,11,52,7.385766075,100,135,13.27253992,9.985422041,6.810623182,7.954048417,473,8,10,6,24,475,16,7,5,28,497,503,83,52,75,25
36,1000,50,5.13,10.3,18,37,14,953,21,14,12,47,6.904145835,110,132,13.16301854,9.682865364,6.689249362,7.127813593,490,9,8,3,20,463,12,6,9,27,510,490,89,43,80,30
32,1000,50,5.13,10.3,18,37,65,954,24,11,11,46,8.133018992,158,237,25.16457384,20.51176021,8.555711043,7.687760219,486,15,5,7,27,468,9,6,4,19,513,487,209,28,148,10
34,1000,50,5.13,10.3,18,37,17,953,29,7,11,47,7.374022335,99,128,13.12187591,9.996290726,6.950070389,7.799673486,484,12,3,2,17,469,17,4,9,30,501,499,86,42,80,19
33,1000,50,5.13,10.3,18,37,22,958,15,12,15,42,7.65719979,96,148,13.38807095,10.1052819,7.295996509,8.034653525,489,7,8,7,22,469,8,4,8,20,511,489,98,50,74,22
39,1000,50,5.13,10.3,18,37,2,938,30,19,13,62,7.12763126,102,131,12.72562058,9.365000566,6.833717124,7.374995459,431,17,6,3,26,507,13,13,10,36,457,543,82,49,69,33
38,1000,50,5.13,10.3,18,37,12,950,25,16,9,50,7.482504893,101,146,13.25356748,9.81772764,6.509745236,8.409666441,472,6,6,4,16,478,19,10,5,34,488,512,92,54,79,22
37,1000,50,5.13,10.3,18,37,15,964,19,8,9,36,7.195828522,96,128,13.05833599,9.569204713,6.656755904,7.772848282,499,11,4,3,18,465,8,4,6,18,517,483,77,51,68,28
35,1000,50,5.13,10.3,18,37,16,952,21,16,11,48,7.362539707,109,134,13.37561196,10.12139633,6.801050521,7.917331209,475,7,9,6,22,477,14,7,5,26,497,503,90,44,80,29
36,1000,50,5.13,10.3,18,37,15,954,20,14,12,46,6.932500266,83,147,13.1792893,9.721136302,6.756730243,7.115444576,490,9,8,3,20,464,11,6,9,26,510,490,86,61,60,23
32,1000,50,5.13,10.3,18,37,66,952,25,12,11,48,8.193792474,181,246,26.40073398,21.47632073,8.608188564,7.757272568,484,17,5,7,29,468,8,7,4,19,513,487,220,26,165,16
34,1000,50,5.13,10.3,18,37,18,954,29,7,10,46,7.354516657,92,108,13.18756296,10.07918839,6.980359775,7.730173167,484,12,3,2,17,470,17,4,8,29,501,499,75,33,72,20
33,1000,50,5.13,10.3,18,37,23,958,15,11,16,42,7.696236669,98,123,13.40172625,10.17420321,7.374461844,8.032488071,489,7,7,8,22,469,8,4,8,20,511,489,81,42,78,20
39,1000,50,5.13,10.3,18,37,3,940,29,17,14,60,7.119508553,84,129,12.76176146,9.423014076,6.823474061,7.368657288,432,16,6,3,25,508,13,11,11,35,457,543,79,50,55,29
37,1000,50,5.13,10.3,18,37,16,965,17,9,9,35,7.2004693,98,124,13.11745679,9.624833846,6.653798751,7.785621835,499,10,5,3,18,466,7,4,6,17,517,483,69,55,73,25
38,1000,50,5.13,10.3,18,37,13,951,25,15,9,49,7.508200211,103,131,13.32470541,9.864101756,6.507953986,8.461559894,474,5,5,4,14,477,20,10,5,35,488,512,89,42,81,22
36,1000,50,5.13,10.3,18,37,16,954,20,14,12,46,6.969107204,105,132,13.19099417,9.753215537,6.803802623,7.141158911,490,9,8,3,20,464,11,6,9,26,510,490,87,45,80,25
35,1000,50,5.13,10.3,18,37,17,952,21,17,10,48,7.394809396,105,138,13.44546184,10.24093025,6.874363556,7.909047135,475,7,9,6,22,477,14,8,4,26,497,503,84,54,87,18
34,1000,50,5.13,10.3,18,37,19,956,28,7,9,44,7.360586863,113,120,13.23362305,10.13101254,6.992578008,7.730070705,484,12,3,2,17,472,16,4,7,27,501,499,75,45,90,23
33,1000,50,5.13,10.3,18,37,24,958,16,11,15,42,7.728851653,92,135,13.46130391,10.26560291,7.444129725,8.026383157,489,7,7,8,22,469,9,4,7,20,511,489,85,50,72,20
32,1000,50,5.13,10.3,18,37,67,951,26,12,11,49,8.232851798,180,231,27.4428096,22.24961181,8.640983414,7.802930815,483,18,5,7,30,468,8,7,4,19,513,487,204,27,166,14
37,1000,50,5.13,10.3,18,37,17,964,18,9,9,36,7.216020752,106,147,13.1751991,9.685292147,6.661427808,7.809653365,499,10,5,3,18,465,8,4,6,18,517,483,101,46,82,24
39,1000,50,5.13,10.3,18,37,4,941,28,18,13,59,7.121085179,94,143,12.84110634,9.49220586,6.802278771,7.389399228,433,15,6,3,24,508,13,12,10,35,457,543,89,54,62,32
38,1000,50,5.13,10.3,18,37,14,952,24,15,9,48,7.510405483,89,121,13.39931262,9.959509823,6.542294612,8.433136157,474,5,5,4,14,478,19,10,5,34,488,512,66,55,66,23
36,1000,50,5.13,10.3,18,37,17,955,19,15,11,45,6.964990729,110,144,13.2462739,9.813112694,6.859236597,7.075061356,490,8,9,3,20,465,11,6,8,25,510,490,88,56,87,23
35,1000,50,5.13,10.3,18,37,18,953,21,16,10,47,7.419639881,106,146,13.55108208,10.36406808,6.933778312,7.899705883,475,7,9,6,22,478,14,7,4,25,497,503,105,41,80,26
33,1000,50,5.13,10.3,18,37,25,958,16,11,15,42,7.726143245,102,152,13.51651575,10.3499506,7.475072384,7.988509728,489,7,7,8,22,469,9,4,7,20,511,489,102,50,84,18
34,1000,50,5.13,10.3,18,37,20,958,28,6,8,42,7.385001801,88,126,13.32050083,10.2202454,7.089153513,7.682035854,484,12,3,2,17,474,16,3,6,25,501,499,90,36,64,24
32,1000,50,5.13,10.3,18,37,68,953,26,11,10,47,8.182507352,198,237,28.81110044,23.35180088,8.671709293,7.667187854,483,18,5,7,30,470,8,6,3,17,513,487,201,36,183,15
37,1000,50,5.13,10.3,18,37,18,964,18,10,8,36,7.200692145,97,143,13.2638176,9.775726573,6.668725801,7.770105396,499,10,5,3,18,465,8,5,5,18,517,483,92,51,70,27
38,1000,50,5.13,10.3,18,37,15,952,23,17,8,48,7.538345875,107,144,13.44306254,10.04232626,6.606705959,8.42631517,474,4,7,3,14,478,19,10,5,34,488,512,101,43,78,29
39,1000,50,5.13,10.3,18,37,5,940,30,18,12,60,7.160648664,102,128,12.92299114,9.568893243,6.845666197,7.425744406,433,15,6,3,24,507,15,12,9,36,457,543,75,53,82,20
36,1000,50,5.13,10.3,18,37,18,956,18,15,11,44,6.981958954,108,146,13.29891684,9.833085605,6.929764849,7.03628343,490,8,9,3,20,466,10,6,8,24,510,490,88,58,82,26
35,1000,50,5.13,10.3,18,37,19,952,22,17,9,48,7.448803741,123,137,13.7324819,10.54784755,6.973290476,7.91864488,475,7,9,6,22,477,15,8,3,26,497,503,83,54,93,30
33,1000,50,5.13,10.3,18,37,26,959,17,10,14,41,7.734020543,115,139,13.5407175,10.4111073,7.486162787,7.993029363,489,8,7,7,22,470,9,3,7,19,511,489,94,45,84,31
34,1000,50,5.13,10.3,18,37,21,958,29,6,7,42,7.380234094,102,143,13.35834172,10.28964628,7.130778879,7.630689129,483,13,3,2,18,475,16,3,5,24,501,499,104,39,78,24
32,1000,50,5.13,10.3,18,37,69,954,26,10,10,46,8.135849141,195,234,30.04528701,24.31055628,8.681325475,7.561250867,483,18,5,7,30,471,8,5,3,16,513,487,208,26,178,17
37,1000,50,5.13,10.3,18,37,19,962,20,10,8,38,7.238394257,108,139,13.35647918,9.850749606,6.72793475,7.784786731,498,11,5,3,19,464,9,5,5,19,517,483,77,62,82,26
36,1000,50,5.13,10.3,18,37,19,955,19,13,13,45,7.039250672,108,144,13.37758942,9.911029159,7.007042088,7.072773892,489,8,9,4,21,466,11,4,9,24,510,490,90,54,85,23
39,1000,50,5.13,10.3,18,37,6,941,30,17,12,59,7.212528366,102,123,12.95049484,9.600853526,6.925274657,7.454287013,433,15,6,3,24,508,15,11,9,35,457,543,78,45,76,26
38,1000,50,5.13,10.3,18,37,16,953,22,16,9,47,7.585529883,114,143,13.54301337,10.12575868,6.699540733,8.429988292,474,4,7,3,14,479,18,9,6,33,488,512,101,42,81,33
35,1000,50,5.13,10.3,18,37,20,951,23,17,9,49,7.526601661,111,139,13.86707767,10.69351837,7.095426725,7.952633356,475,7,9,6,22,476,16,8,3,27,497,503,94,45,87,24
33,1000,50,5.13,10.3,18,37,27,961,16,10,13,39,7.721880692,84,131,13.60655146,10.51815629,7.493158234,7.960893323,489,8,7,7,22,472,8,3,6,17,511,489,87,44,73,11
34,1000,50,5.13,10.3,18,37,22,959,28,6,7,41,7.44033357,100,135,13.4177005,10.31831715,7.207455269,7.674145251,483,13,3,2,18,476,15,3,5,23,501,499,87,48,78,22
32,1000,50,5.13,10.3,18,37,70,954,27,9,10,46,8.117722058,195,249,31.36976324,25.46011185,8.741093205,7.461070315,482,19,5,7,31,472,8,4,3,15,513,487,220,29,174,21
37,1000,50,5.13,10.3,18,37,20,964,19,8,9,36,7.240565757,100,137,13.46283082,9.975917041,6.750459412,7.765172341,499,11,4,3,18,465,8,4,6,18,517,483,77,60,78,22
36,1000,50,5.13,10.3,18,37,20,956,18,13,13,44,7.056944755,112,165,13.45704874,9.978551087,7.046696426,7.067611382,489,8,9,4,21,467,10,4,9,23,510,490,98,67,76,36
38,1000,50,5.13,10.3,18,37,17,953,22,16,9,47,7.616965728,94,138,13.61444319,10.17019992,6.750136976,8.443161883,474,4,7,3,14,479,18,9,6,33,488,512,81,57,75,19
35,1000,50,5.13,10.3,18,37,21,954,22,16,8,46,7.529341428,113,150,13.99663173,10.84050174,7.096672722,7.956849077,476,7,9,5,21,478,15,7,3,25,497,503,102,48,87,26
39,1000,50,5.13,10.3,18,37,7,941,30,17,12,59,7.259880623,107,158,12.99539052,9.680938629,6.986504151,7.4899599,433,15,6,3,24,508,15,11,9,35,457,543,96,62,75,32
33,1000,50,5.13,10.3,18,37,28,960,18,9,13,40,7.747724975,112,128,13.65583008,10.58485356,7.51888789,7.986857389,489,8,7,7,22,471,10,2,6,18,511,489,85,43,82,30
34,1000,50,5.13,10.3,18,37,23,958,28,7,7,42,7.450553135,105,136,13.53035405,10.43199315,7.224904939,7.677105732,483,12,4,2,18,475,16,3,5,24,501,499,86,50,83,22
37,1000,50,5.13,10.3,18,37,21,966,17,8,9,34,7.204012524,120,132,13.51800957,10.03828735,6.735063604,7.705972341,499,11,4,3,18,467,6,4,6,16,517,483,89,43,85,35
36,1000,50,5.13,10.3,18,37,21,956,18,12,14,44,7.089160688,114,113,13.54507882,10.06146431,7.128085615,7.048646989,489,8,8,5,21,467,10,4,9,23,510,490,71,42,84,30
38,1000,50,5.13,10.3,18,37,18,954,21,16,9,46,7.628392063,102,146,13.74604516,10.29372122,6.801750301,8.416284992,474,4,7,3,14,480,17,9,6,32,488,512,90,56,82,20
32,1000,50,5.13,10.3,18,37,71,953,28,9,10,47,8.131050432,212,249,32.80614528,26.72217728,8.752760201,7.476148767,482,19,5,7,31,471,9,4,3,16,513,487,228,21,198,14
35,1000,50,5.13,10.3,18,37,22,956,21,15,8,44,7.513329473,120,130,14.07867467,10.9631274,7.111171474,7.910690358,476,7,9,5,21,480,14,6,3,23,497,503,96,34,93,27
39,1000,50,5.13,10.3,18,37,8,940,31,17,12,60,7.274608178,98,152,13.02522047,9.738621585,7.000382416,7.505402235,433,15,6,3,24,507,16,11,9,36,457,543,98,54,70,28
33,1000,50,5.13,10.3,18,37,29,960,18,9,13,40,7.766019788,115,145,13.71066908,10.64020309,7.564306022,7.976808612,489,8,7,7,22,471,10,2,6,18,511,489,96,49,92,23
34,1000,50,5.13,10.3,18,37,24,959,27,7,7,41,7.480101833,101,122,13.60305617,10.50106963,7.290145765,7.670819248,483,12,4,2,18,476,15,3,5,23,501,499,75,47,77,24
37,1000,50,5.13,10.3,18,37,22,964,19,8,9,36,7.234457222,115,151,13.61591471,10.1115044,6.787247374,7.713147681,498,12,4,3,19,466,7,4,6,17,517,483,102,49,93,22
36,1000,50,5.13,10.3,18,37,22,957,20,11,12,43,7.089562003,105,153,13.623409,10.12986284,7.152429655,7.024128324,489,9,8,4,21,468,11,3,8,22,510,490,102,51,81,24
38,1000,50,5.13,10.3,18,37,19,954,22,16,8,46,7.636462354,96,142,13.82313552,10.35931163,6.833776546,8.401522264,473,5,7,3,15,481,17,9,5,31,488,512,109,33,77,19
35,1000,50,5.13,10.3,18,37,23,956,21,15,8,44,7.523364537,113,155,14.2328078,11.13654095,7.147236192,7.895006263,476,7,9,5,21,480,14,6,3,23,497,503,113,42,89,24
39,1000,50,5.13,10.3,18,37,9,940,32,17,11,60,7.291873244,96,129,13.06855149,9.821104608,7.031004202,7.51142601,433,15,6,3,24,507,17,11,8,36,457,543,83,46,71,25
32,1000,50,5.13,10.3,18,37,72,953,28,9,10,47,8.11545545,201,223,34.55181086,28.15506463,8.790932618,7.403915845,482,19,5,7,31,471,9,4,3,16,513,487,201,22,193,8
33,1000,50,5.13,10.3,18,37,30,962,17,8,13,38,7.746812064,108,147,13.80878995,10.71506612,7.552424253,7.949945339,490,7,7,7,21,472,10,1,6,17,511,489,104,43,81,27
34,1000,50,5.13,10.3,18,37,25,958,28,7,7,42,7.508858551,119,125,13.6798305,10.60876727,7.295506497,7.723065723,482,13,4,2,19,476,15,3,5,23,501,499,84,41,91,28
37,1000,50,5.13,10.3,18,37,23,964,19,8,9,36,7.282759582,110,153,13.74005608,10.20956706,6.845710272,7.750574268,498,12,4,3,19,466,7,4,6,17,517,483,88,65,88,22
36,1000,50,5.13,10.3,18,37,23,956,21,11,12,44,7.101307081,106,149,13.7193968,10.22378931,7.182235329,7.017075639,489,9,8,4,21,467,12,3,8,23,510,490,102,47,83,23
38,1000,50,5.13,10.3,18,37,20,955,22,14,9,45,7.632430283,112,153,13.93437545,10.46316876,6.84618912,8.381816391,473,5,7,3,15,482,17,7,6,30,488,512,112,41,76,36
35,1000,50,5.13,10.3,18,37,24,956,21,14,9,44,7.519890938,119,150,14.38534912,11.33457956,7.207077754,7.828972751,475,7,9,6,22,481,14,5,3,22,497,503,113,37,98,21
39,1000,50,5.13,10.3,18,37,10,942,32,16,10,58,7.274107811,108,121,13.1450213,9.899405299,7.076064349,7.440785274,433,15,6,3,24,509,17,10,7,34,457,543,81,40,82,26
33,1000,50,5.13,10.3,18,37,31,961,17,9,13,39,7.734926631,116,141,13.88255024,10.78455055,7.592360862,7.883906401,488,8,8,7,23,473,9,1,6,16,511,489,103,38,94,22
34,1000,50,5.13,10.3,18,37,26,956,30,6,8,44,7.532104379,114,145,13.74979473,10.69748504,7.31214045,7.752949927,481,14,4,2,20,475,16,2,6,24,501,499,95,50,87,27
32,1000,50,5.13,10.3,18,37,73,953,28,9,10,47,8.120362494,212,235,36.09147004,29.66148603,8.837613549,7.364818775,482,19,5,7,31,471,9,4,3,16,513,487,210,25,194,18
37,1000,50,5.13,10.3,18,37,24,965,19,7,9,35,7.274873196,102,149,13.8226073,10.30140024,6.872096928,7.706002246,498,12,4,3,19,467,7,3,6,16,517,483,99,50,89,13
36,1000,50,5.13,10.3,18,37,24,957,21,12,10,43,7.082969283,111,153,13.82843201,10.32862323,7.175653383,6.98650216,489,9,8,4,21,468,12,4,6,22,510,490,112,41,85,26
35,1000,50,5.13,10.3,18,37,25,955,22,14,9,45,7.571407976,105,129,14.59987717,11.54319426,7.281887155,7.857475268,475,7,9,6,22,480,15,5,3,23,497,503,85,44,85,20
38,1000,50,5.13,10.3,18,37,21,953,24,14,9,47,7.639901827,92,155,14.01443143,10.54635218,6.895169038,8.349725267,473,5,7,3,15,480,19,7,6,32,488,512,102,53,68,24
39,1000,50,5.13,10.3,18,37,11,944,32,13,11,56,7.291181069,110,134,13.21136247,9.974760624,7.120590902,7.434753273,433,15,6,3,24,511,17,7,8,32,457,543,88,46,81,29
33,1000,50,5.13,10.3,18,37,32,962,17,9,12,38,7.762253345,102,137,13.98062747,10.87908698,7.646002329,7.883734468,488,8,8,7,23,474,9,1,5,15,511,489,100,37,84,18
34,1000,50,5.13,10.3,18,37,27,958,31,5,6,42,7.503439394,109,128,13.86512905,10.81416109,7.312046682,7.695599211,482,14,3,2,19,476,17,2,4,23,501,499,92,36,82,27
32,1000,50,5.13,10.3,18,37,74,953,28,9,10,47,8.088154026,233,250,37.96317581,31.40466854,8.859397688,7.275735138,482,19,5,7,31,471,9,4,3,16,513,487,230,20,218,15
37,1000,50,5.13,10.3,18,37,25,964,19,7,10,36,7.297734938,90,158,13.87597295,10.38167845,6.902817948,7.720451468,498,11,4,4,19,466,8,3,6,17,517,483,106,52,69,21
36,1000,50,5.13,10.3,18,37,25,959,21,10,10,41,7.085065148,99,137,13.96035883,10.43054171,7.184643319,6.981422563,491,9,6,4,19,468,12,4,6,22,510,490,101,36,74,25
35,1000,50,5.13,10.3,18,37,26,956,21,14,9,44,7.565808935,129,138,14.81226547,11.77719145,7.299596097,7.828846273,475,7,9,6,22,481,14,5,3,22,497,503,99,39,99,30
38,1000,50,5.13,10.3,18,37,22,954,23,14,9,46,7.651461646,112,152,14.0689221,10.60276157,6.938921058,8.330601893,473,5,7,3,15,481,18,7,6,31,488,512,104,48,86,26
39,1000,50,5.13,10.3,18,37,12,946,29,14,11,54,7.33422655,103,119,13.32496351,10.07586049,7.167207619,7.474793128,433,15,6,3,24,513,14,8,8,30,457,543,76,43,83,20
33,1000,50,5.13,10.3,18,37,33,961,17,10,12,39,7.79815353,105,140,14.06966417,10.96086678,7.706654336,7.893769252,487,8,9,7,24,474,9,1,5,15,511,489,101,39,88,17
34,1000,50,5.13,10.3,18,37,28,958,31,5,6,42,7.52342882,131,157,13.93641313,10.90493926,7.3423348,7.705248667,482,14,3,2,19,476,17,2,4,23,501,499,115,42,109,22
32,1000,50,5.13,10.3,18,37,75,954,27,9,10,46,8.063647375,227,289,39.89482919,33.10682275,8.845729362,7.239811523,482,19,5,7,31,472,8,4,3,15,513,487,256,33,208,19
37,1000,50,5.13,10.3,18,37,26,967,18,5,10,33,7.29597742,110,142,13.99312231,10.49767258,6.898216244,7.721738348,500,11,2,4,17,467,7,3,6,16,517,483,100,42,77,33
36,1000,50,5.13,10.3,18,37,26,958,20,12,10,42,7.132612666,125,161,14.09163344,10.50847738,7.280015995,6.979192875,490,9,7,4,20,468,11,5,6,22,510,490,107,54,96,29
35,1000,50,5.13,10.3,18,37,27,957,19,15,9,43,7.584291497,134,144,14.96754187,11.96386691,7.35209964,7.81371367,475,6,10,6,22,482,13,5,3,21,497,503,96,48,104,30
38,1000,50,5.13,10.3,18,37,23,955,24,12,9,45,7.661334878,95,148,14.19836347,10.6926971,6.929096666,8.359249424,474,5,6,3,14,481,19,6,6,31,488,512,107,41,69,26
33,1000,50,5.13,10.3,18,37,34,962,17,9,12,38,7.826196836,118,160,14.21501431,11.07260167,7.764347568,7.890828689,488,8,8,7,23,474,9,1,5,15,511,489,119,41,83,35
39,1000,50,5.13,10.3,18,37,13,947,30,13,10,53,7.338759919,114,162,13.41980003,10.18128947,7.21063539,7.446592165,432,16,6,3,25,515,14,7,7,28,457,543,101,61,90,24
34,1000,50,5.13,10.3,18,37,29,959,30,5,6,41,7.516446242,110,166,14.0240217,11.01219169,7.354258531,7.679284003,483,13,3,2,18,476,17,2,4,23,501,499,121,45,87,23
37,1000,50,5.13,10.3,18,37,27,967,18,5,10,33,7.327396832,123,149,14.11194341,10.60160075,6.935732207,7.746632052,500,11,2,4,17,467,7,3,6,16,517,483,105,44,100,23
32,1000,50,5.13,10.3,18,37,76,954,27,9,10,46,8.032154568,227,277,42.58963658,35.5643132,8.861767825,7.158249843,482,19,5,7,31,472,8,4,3,15,513,487,254,23,216,11
36,1000,50,5.13,10.3,18,37,27,959,19,12,10,41,7.141991272,100,159,14.24045284,10.62099609,7.277232779,7.001229703,491,8,7,4,19,468,11,5,6,22,510,490,107,52,81,19
35,1000,50,5.13,10.3,18,37,28,957,19,15,9,43,7.580167234,118,139,15.11884074,12.14206166,7.379220468,7.778717021,475,6,10,6,22,482,13,5,3,21,497,503,106,33,89,29
38,1000,50,5.13,10.3,18,37,24,957,22,10,11,43,7.657323551,118,146,14.29750781,10.77854071,6.975954167,8.306753746,474,5,5,4,14,483,17,5,7,29,488,512,106,40,96,22
33,1000,50,5.13,10.3,18,37,35,961,18,9,12,39,7.858178692,120,151,14.33119046,11.22090663,7.840127993,7.877041487,487,9,8,7,24,474,9,1,5,15,511,489,115,36,96,24
39,1000,50,5.13,10.3,18,37,14,948,31,11,10,52,7.341068564,123,151,13.48900294,10.22894609,7.231476217,7.433303743,431,17,6,3,26,517,14,5,7,26,457,543,97,54,98,25
34,1000,50,5.13,10.3,18,37,30,959,30,5,6,41,7.542688844,95,125,14.13423561,11.13576232,7.36998608,7.716083803,483,13,3,2,18,476,17,2,4,23,501,499,96,29,80,15
37,1000,50,5.13,10.3,18,37,28,967,18,5,10,33,7.366951454,98,143,14.20260286,10.70132528,6.993001809,7.767224677,500,11,2,4,17,467,7,3,6,16,517,483,108,35,78,20
36,1000,50,5.13,10.3,18,37,28,958,20,12,10,42,7.142307331,116,154,14.37135692,10.76982147,7.319136976,6.958260149,490,9,7,4,20,468,11,5,6,22,510,490,113,41,90,26
32,1000,50,5.13,10.3,18,37,77,953,26,11,10,47,8.053541744,226,269,44.67719305,37.67099137,8.939340493,7.120451893,482,18,6,7,31,471,8,5,3,16,513,487,243,26,211,15
35,1000,50,5.13,10.3,18,37,29,957,19,15,9,43,7.632381335,116,138,15.31037735,12.29436064,7.429031425,7.833305599,475,6,10,6,22,482,13,5,3,21,497,503,97,41,97,19
38,1000,50,5.13,10.3,18,37,25,956,23,9,12,44,7.690968036,123,153,14.45160163,10.89039201,7.016886784,8.333451729,474,5,5,4,14,482,18,4,8,30,488,512,104,49,104,19
33,1000,50,5.13,10.3,18,37,36,961,18,9,12,39,7.841834814,119,155,14.48440762,11.38617384,7.843318116,7.840284778,487,9,8,7,24,474,9,1,5,15,511,489,111,44,96,23
39,1000,50,5.13,10.3,18,37,15,949,32,10,9,51,7.371569035,101,149,13.56265416,10.31711278,7.297296835,7.434078051,431,17,6,3,26,518,15,4,6,25,457,543,104,45,78,23
34,1000,50,5.13,10.3,18,37,31,958,32,5,5,42,7.592915778,124,152,14.24000625,11.23532804,7.424487367,7.762019254,483,13,3,2,18,475,19,2,3,24,501,499,111,41,98,26
37,1000,50,5.13,10.3,18,37,29,966,19,5,10,34,7.39280262,118,131,14.34528754,10.86522081,7.026014764,7.785409911,500,11,2,4,17,466,8,3,6,17,517,483,95,36,94,24
36,1000,50,5.13,10.3,18,37,29,958,20,12,10,42,7.159193468,119,165,14.45901023,10.84275463,7.357540149,6.952751004,490,9,7,4,20,468,11,5,6,22,510,490,119,46,100,19
35,1000,50,5.13,10.3,18,37,30,959,17,15,9,41,7.633643083,122,164,15.63368877,12.6282822,7.432017398,7.83286369,475,6,10,6,22,484,11,5,3,19,497,503,125,39,102,20
38,1000,50,5.13,10.3,18,37,26,954,24,10,12,46,7.717061642,98,152,14.60699887,11.03709184,7.055602028,8.347515338,473,6,5,4,15,481,18,5,8,31,488,512,114,38,79,19
33,1000,50,5.13,10.3,18,37,37,960,18,10,12,40,7.875746359,116,149,14.59826914,11.4879591,7.884323453,7.866783384,487,9,8,7,24,473,9,2,5,16,511,489,103,46,100,16
32,1000,50,5.13,10.3,18,37,78,953,26,11,10,47,8.056240336,245,279,47.00705631,39.95698102,8.993216907,7.069240375,482,18,6,7,31,471,8,5,3,16,513,487,259,20,231,14
34,1000,50,5.13,10.3,18,37,32,958,30,7,5,42,7.595783376,126,149,14.3606549,11.3632654,7.448634339,7.743522188,482,13,4,2,19,476,17,3,3,23,501,499,104,45,104,22
39,1000,50,5.13,10.3,18,37,16,950,32,10,8,50,7.368286655,118,122,13.63926337,10.36207994,7.281148921,7.441623569,432,16,6,3,25,518,16,4,5,25,457,543,91,31,84,34
37,1000,50,5.13,10.3,18,37,30,966,18,6,10,34,7.390601942,119,152,14.45226122,10.96546581,7.029532327,7.777088465,500,11,2,4,17,466,7,4,6,17,517,483,96,56,93,26
36,1000,50,5.13,10.3,18,37,30,957,20,13,10,43,7.199747355,122,135,14.61041549,10.97088728,7.412317032,6.978501364,489,10,7,4,21,468,10,6,6,22,510,490,99,36,97,25
35,1000,50,5.13,10.3,18,37,31,959,18,14,9,41,7.651128335,124,156,15.83401683,12.91228216,7.455980385,7.843948478,475,6,10,6,22,484,12,4,3,19,497,503,112,44,103,21
33,1000,50,5.13,10.3,18,37,38,960,18,10,12,40,7.824740395,143,158,14.71675065,11.61866172,7.862641227,7.785134414,487,9,8,7,24,473,9,2,5,16,511,489,117,41,122,21
38,1000,50,5.13,10.3,18,37,27,957,23,8,12,43,7.686926507,118,145,14.7402436,11.18259921,7.084159512,8.261438798,473,6,5,4,15,484,17,3,8,28,488,512,112,33,106,12
34,1000,50,5.13,10.3,18,37,33,958,30,7,5,42,7.601387867,124,162,14.46181341,11.45997619,7.483755047,7.719492162,482,13,4,2,19,476,17,3,3,23,501,499,111,51,96,28
32,1000,50,5.13,10.3,18,37,79,953,26,11,10,47,8.005399188,229,293,49.67276968,42.49097163,9.001224094,6.956409093,482,18,6,7,31,471,8,5,3,16,513,487,268,25,212,17
39,1000,50,5.13,10.3,18,37,17,952,30,10,8,48,7.374144836,116,133,13.71657409,10.43428843,7.316356946,7.422780316,432,16,6,3,25,520,14,4,5,23,457,543,91,42,94,22
37,1000,50,5.13,10.3,18,37,31,967,16,7,10,33,7.396108861,121,152,14.65103485,11.12141523,7.086813315,7.727176763,500,10,3,4,17,467,6,4,6,16,517,483,107,45,96,25
36,1000,50,5.13,10.3,18,37,31,958,21,12,9,42,7.17495934,114,140,14.74071463,11.11419088,7.377249867,6.964412056,490,11,6,3,20,468,10,6,6,22,510,490,106,34,88,26
35,1000,50,5.13,10.3,18,37,32,957,20,14,9,43,7.634958474,123,155,16.10312199,13.24605137,7.437352599,7.83020722,475,6,10,6,22,482,14,4,3,21,497,503,124,31,98,25
33,1000,50,5.13,10.3,18,37,39,960,18,10,12,40,7.848858866,133,151,14.86099566,11.74725693,7.887087184,7.808910665,487,9,8,7,24,473,9,2,5,16,511,489,108,43,113,20
38,1000,50,5.13,10.3,18,37,28,958,22,8,12,42,7.698234631,114,164,14.90586558,11.35446385,7.120109336,8.249260302,473,6,5,4,15,485,16,3,8,27,488,512,116,48,105,9
34,1000,50,5.13,10.3,18,37,34,958,30,7,5,42,7.601807071,118,161,14.59448474,11.59349059,7.516711116,7.687244091,482,13,4,2,19,476,17,3,3,23,501,499,115,46,93,25
39,1000,50,5.13,10.3,18,37,18,952,30,10,8,48,7.398900353,102,145,13.91509248,10.63621607,7.373426852,7.420339377,432,16,6,3,25,520,14,4,5,23,457,543,98,47,77,25
32,1000,50,5.13,10.3,18,37,80,953,26,11,10,47,8.00454843,247,282,52.22595979,44.88044351,9.035017859,6.919064206,482,18,6,7,31,471,8,5,3,16,513,487,262,20,232,15
37,1000,50,5.13,10.3,18,37,32,968,15,7,10,32,7.388989972,114,171,14.74827595,11.21127853,7.11641946,7.680747642,500,10,3,4,17,468,5,4,6,15,517,483,128,43,92,22
36,1000,50,5.13,10.3,18,37,32,960,21,9,10,40,7.201554505,111,146,14.92069861,11.30154741,7.407332587,6.987377318,491,11,5,3,19,469,10,4,7,21,510,490,110,36,93,18
33,1000,50,5.13,10.3,18,37,40,960,18,10,12,40,7.872219455,112,149,15.00185686,11.84521881,7.914211074,7.828338643,487,9,8,7,24,473,9,2,5,16,511,489,111,38,101,11
35,1000,50,5.13,10.3,18,37,33,959,20,12,9,41,7.636655035,135,176,16.44451649,13.63716271,7.462345579,7.808885252,476,6,9,6,21,483,14,3,3,20,497,503,128,48,106,29
38,1000,50,5.13,10.3,18,37,29,957,23,8,12,43,7.701829145,119,144,15.07796115,11.5224074,7.196460553,8.183508584,471,8,5,4,17,486,15,3,8,26,488,512,98,46,101,18
34,1000,50,5.13,10.3,18,37,35,959,30,6,5,41,7.608242585,131,163,14.76929563,11.76417523,7.525522494,7.69129422,483,13,3,2,18,476,17,3,3,23,501,499,118,45,114,17
39,1000,50,5.13,10.3,18,37,19,953,29,10,8,47,7.38076287,115,147,14.04550644,10.73089068,7.399888855,7.364666046,432,16,6,3,25,521,13,4,5,22,457,543,115,32,97,18
32,1000,50,5.13,10.3,18,37,81,954,25,11,10,46,7.97498904,243,276,55.32782632,47.81038347,9.04975508,6.842843292,483,17,6,7,30,471,8,5,3,16,513,487,260,16,228,15
37,1000,50,5.13,10.3,18,37,33,968,16,6,10,32,7.400494615,119,151,14.91280111,11.37067304,7.169297954,7.64796599,500,10,3,4,17,468,6,3,6,15,517,483,106,45,101,18
36,1000,50,5.13,10.3,18,37,33,959,21,10,10,41,7.261064187,132,167,15.15116828,11.49840546,7.455707707,7.058476033,490,11,6,3,20,469,10,4,7,21,510,490,122,45,104,28
33,1000,50,5.13,10.3,18,37,41,960,18,10,12,40,7.89688696,137,158,15.13418076,11.96311436,7.967917918,7.822660335,487,9,8,7,24,473,9,2,5,16,511,489,119,39,113,24
35,1000,50,5.13,10.3,18,37,34,959,19,13,9,41,7.632528388,141,183,16.79877641,14.13250025,7.465964225,7.797105703,475,7,9,6,22,484,12,4,3,19,497,503,140,43,118,23
38,1000,50,5.13,10.3,18,37,30,957,24,8,11,43,7.70435631,124,175,15.20658441,11.64421893,7.25035004,8.137081038,470,9,5,4,18,487,15,3,7,25,488,512,132,43,93,31
34,1000,50,5.13,10.3,18,37,36,959,30,6,5,41,7.603670434,116,161,14.88956516,11.87820294,7.565761456,7.641731352,483,13,3,2,18,476,17,3,3,23,501,499,120,41,97,19
39,1000,50,5.13,10.3,18,37,20,956,25,11,8,44,7.355772504,126,140,14.1962026,10.89152814,7.385497705,7.330755161,434,13,7,3,23,522,12,4,5,21,457,543,101,39,104,22
37,1000,50,5.13,10.3,18,37,34,968,17,5,10,32,7.410865176,127,160,15.0193036,11.49001583,7.221085948,7.614003605,500,10,3,4,17,468,7,2,6,15,517,483,117,43,104,23
36,1000,50,5.13,10.3,18,37,34,958,22,10,10,42,7.308222681,127,173,15.37799293,11.69098918,7.50309463,7.105396774,489,12,6,3,21,469,10,4,7,21,510,490,133,40,104,23
32,1000,50,5.13,10.3,18,37,82,953,26,11,10,47,7.982564637,255,294,57.91162736,50.40661791,9.064742839,6.842611008,483,17,6,7,30,470,9,5,3,17,513,487,278,16,240,15
33,1000,50,5.13,10.3,18,37,42,962,17,9,12,38,7.895974366,123,169,15.24353611,12.11311333,8.011369961,7.775387148,487,9,8,7,24,475,8,1,5,14,511,489,125,44,104,19
35,1000,50,5.13,10.3,18,37,35,958,20,13,9,42,7.647681626,133,178,17.0406865,14.42275644,7.521793766,7.772067842,474,8,9,6,23,484,12,4,3,19,497,503,133,45,106,27
38,1000,50,5.13,10.3,18,37,31,957,23,9,11,43,7.730113735,121,151,15.36526606,11.79661211,7.286357153,8.153069227,470,9,5,4,18,487,14,4,7,25,488,512,115,36,99,22
34,1000,50,5.13,10.3,18,37,37,960,28,7,5,40,7.592222276,139,144,14.96233615,11.96820203,7.56179579,7.622770712,483,13,3,2,18,477,15,4,3,22,501,499,110,34,113,26
39,1000,50,5.13,10.3,18,37,21,956,25,11,8,44,7.389136403,112,164,14.30298877,10.9816446,7.400142941,7.379873075,434,13,7,3,23,522,12,4,5,21,457,543,115,49,86,26
37,1000,50,5.13,10.3,18,37,35,968,18,5,9,32,7.425304301,125,162,15.147617,11.6269731,7.240552357,7.623061558,500,10,3,4,17,468,8,2,5,15,517,483,117,45,97,28
36,1000,50,5.13,10.3,18,37,35,958,22,10,10,42,7.305429179,145,172,15.61321908,11.85676171,7.543551706,7.057587365,489,12,6,3,21,469,10,4,7,21,510,490,129,43,119,26
32,1000,50,5.13,10.3,18,37,83,952,28,11,9,48,7.980109287,259,301,60.93258753,53.64388198,9.094052968,6.80669428,482,18,6,7,31,470,10,5,2,17,513,487,272,29,248,11
33,1000,50,5.13,10.3,18,37,43,959,20,10,11,41,7.954050092,136,145,15.40251333,12.26099193,8.133184283,7.766856694,484,12,9,6,27,475,8,1,5,14,511,489,115,30,111,25
35,1000,50,5.13,10.3,18,37,36,957,20,14,9,43,7.699051686,140,183,17.38790491,14.92497091,7.573394559,7.823209921,474,8,9,6,23,483,12,5,3,20,497,503,142,41,112,28
38,1000,50,5.13,10.3,18,37,32,957,22,10,11,43,7.714914272,114,170,15.50578635,11.91606499,7.332260003,8.079631622,470,8,6,4,18,487,14,4,7,25,488,512,130,40,95,19
34,1000,50,5.13,10.3,18,37,38,960,27,8,5,40,7.606823917,135,143,15.13138913,12.11938812,7.587940487,7.625783032,483,13,3,2,18,477,14,5,3,22,501,499,107,36,111,24
39,1000,50,5.13,10.3,18,37,22,957,24,11,8,43,7.398078438,115,141,14.41071861,11.09875418,7.479749663,7.32934225,434,13,7,3,23,523,11,4,5,20,457,543,101,40,91,24
37,1000,50,5.13,10.3,18,37,36,968,18,5,9,32,7.442076926,127,158,15.2991732,11.75847652,7.283113926,7.612229869,500,10,3,4,17,468,8,2,5,15,517,483,118,40,102,25
36,1000,50,5.13,10.3,18,37,36,958,24,9,9,42,7.335942164,121,155,15.8948931,12.05983201,7.588064285,7.073529345,490,12,5,3,20,468,12,4,6,22,510,490,126,29,105,16
33,1000,50,5.13,10.3,18,37,44,959,20,10,11,41,7.97325555,129,149,15.49827528,12.36642736,8.176330854,7.761043933,484,12,9,6,27,475,8,1,5,14,511,489,107,42,103,26
32,1000,50,5.13,10.3,18,37,84,952,28,11,9,48,7.979944345,256,300,65.04917986,57.71840219,9.102955956,6.796977288,482,18,6,7,31,470,10,5,2,17,513,487,281,19,247,9
35,1000,50,5.13,10.3,18,37,37,957,19,14,10,43,7.71866524,140,182,17.71707177,15.40878805,7.625280517,7.810936029,474,8,8,7,23,483,11,6,3,20,497,503,143,39,119,21
38,1000,50,5.13,10.3,18,37,33,956,23,10,11,44,7.747154146,109,168,15.7391368,12.16215116,7.384297867,8.093001538,469,9,6,4,19,487,14,4,7,25,488,512,124,44,90,19
34,1000,50,5.13,10.3,18,37,39,960,26,9,5,40,7.624360698,130,160,15.28142906,12.26077608,7.621500904,7.627231955,483,13,3,2,18,477,13,6,3,22,501,499,122,38,114,16
39,1000,50,5.13,10.3,18,37,23,958,23,11,8,42,7.416746023,125,153,14.56312681,11.20762121,7.518917399,7.330756485,435,12,7,3,22,523,11,4,5,20,457,543,121,32,102,23
37,1000,50,5.13,10.3,18,37,37,968,18,5,9,32,7.459222898,119,152,15.44086627,11.86473519,7.338702383,7.588227258,499,11,3,4,18,469,7,2,5,14,517,483,118,34,101,18
36,1000,50,5.13,10.3,18,37,37,960,23,8,9,40,7.354181697,114,180,16.14137623,12.22769874,7.616479457,7.081177906,490,12,5,3,20,470,11,3,6,20,510,490,135,45,91,23
33,1000,50,5.13,10.3,18,37,45,959,20,10,11,41,7.946316375,129,152,15.66033994,12.52422812,8.180374504,7.701728023,484,12,9,6,27,475,8,1,5,14,511,489,117,35,106,23
35,1000,50,5.13,10.3,18,37,38,956,20,14,10,44,7.738121256,142,186,17.99739336,15.66474543,7.662576364,7.812765015,473,9,8,7,24,483,11,6,3,20,497,503,134,52,117,25
38,1000,50,5.13,10.3,18,37,34,956,23,10,11,44,7.724763964,131,150,15.96977118,12.38968548,7.382328346,8.051147912,469,9,6,4,19,487,14,4,7,25,488,512,115,35,113,18
32,1000,50,5.13,10.3,18,37,85,952,28,11,9,48,7.967435591,270,312,70.04698044,62.1026436,9.159610996,6.711612218,481,19,6,7,32,471,9,5,2,16,513,487,286,26,252,18
34,1000,50,5.13,10.3,18,37,40,960,26,9,5,40,7.6372669,114,167,15.46824816,12.4726209,7.65759359,7.616858741,483,13,3,2,18,477,13,6,3,22,501,499,127,40,90,24
37,1000,50,5.13,10.3,18,37,38,967,19,5,9,33,7.499142665,111,153,15.63817138,12.0800438,7.401130614,7.604054114,498,12,3,4,19,469,7,2,5,14,517,483,117,36,91,20
39,1000,50,5.13,10.3,18,37,24,959,23,11,7,41,7.40762424,124,164,14.67021193,11.36670723,7.538340102,7.297611075,435,12,7,3,22,524,11,4,4,19,457,543,111,53,103,21
36,1000,50,5.13,10.3,18,37,38,960,23,8,9,40,7.338947245,133,141,16.57342395,12.49036007,7.593723028,7.07377245,490,12,5,3,20,470,11,3,6,20,510,490,113,28,104,29
33,1000,50,5.13,10.3,18,37,46,958,22,11,9,42,7.925346563,119,184,15.81452344,12.67545979,8.224279517,7.612964683,483,13,9,6,28,475,9,2,3,14,511,489,140,44,96,23
35,1000,50,5.13,10.3,18,37,39,955,21,15,9,45,7.740677725,133,170,18.20185595,15.87571876,7.700106629,7.78076487,473,9,8,7,24,482,12,7,2,21,497,503,140,30,114,19
38,1000,50,5.13,10.3,18,37,35,956,23,10,11,44,7.733073853,141,162,16.2358148,12.63267606,7.419995506,8.031476652,469,9,6,4,19,487,14,4,7,25,488,512,132,30,122,19
34,1000,50,5.13,10.3,18,37,41,961,25,9,5,39,7.654579136,129,170,15.67099761,12.65944624,7.710265792,7.598669287,483,13,3,2,18,478,12,6,3,21,501,499,130,40,113,16
32,1000,50,5.13,10.3,18,37,86,953,26,12,9,47,7.964304815,282,325,74.84008336,65.72850318,9.193941986,6.669019664,481,18,7,7,32,472,8,5,2,15,513,487,302,23,263,19
37,1000,50,5.13,10.3,18,37,39,967,19,5,9,33,7.499865945,133,157,15.81569493,12.22902911,7.416519634,7.589079283,498,12,3,4,19,469,7,2,5,14,517,483,126,31,115,18
39,1000,50,5.13,10.3,18,37,25,959,24,10,7,41,7.418965077,118,156,14.83014901,11.50659106,7.579447827,7.283899484,435,12,7,3,22,524,12,3,4,19,457,543,122,34,93,25
36,1000,50,5.13,10.3,18,37,39,960,23,8,9,40,7.360929411,130,173,17.00552162,12.76383433,7.618762478,7.092572547,490,12,5,3,20,470,11,3,6,20,510,490,128,45,112,18
33,1000,50,5.13,10.3,18,37,47,958,23,11,8,42,7.961158808,146,161,15.93745808,12.80655475,8.300376242,7.606680058,482,14,9,6,29,476,9,2,2,13,511,489,123,38,117,29
35,1000,50,5.13,10.3,18,37,40,956,20,14,10,44,7.740628188,145,182,18.87304595,16.6370394,7.755224461,7.726206025,473,9,8,7,24,483,11,6,3,20,497,503,144,38,125,20
38,1000,50,5.13,10.3,18,37,36,956,23,10,11,44,7.729219355,129,168,16.46535183,12.87531088,7.450070726,7.995282893,469,9,6,4,19,487,14,4,7,25,488,512,130,38,112,17
34,1000,50,5.13,10.3,18,37,42,962,24,9,5,38,7.65864095,137,134,15.90436586,12.88154311,7.737365316,7.579601055,482,14,3,2,19,480,10,6,3,19,501,499,105,29,120,17
37,1000,50,5.13,10.3,18,37,40,966,19,6,9,34,7.534651959,121,144,15.95443548,12.36768195,7.44282949,7.632938122,497,13,3,4,20,469,6,3,5,14,517,483,109,35,103,18
32,1000,50,5.13,10.3,18,37,87,952,27,12,9,48,7.965562445,276,315,80.5113506,71.00437597,9.263699171,6.598120678,479,20,7,7,34,473,7,5,2,14,513,487,300,15,262,14
39,1000,50,5.13,10.3,18,37,26,959,24,10,7,41,7.408620955,113,163,14.98942703,11.64938386,7.56323879,7.278491395,435,12,7,3,22,524,12,3,4,19,457,543,124,39,94,19
36,1000,50,5.13,10.3,18,37,40,958,25,8,9,42,7.399384797,134,153,17.37821412,13.04180794,7.658079708,7.13013091,489,13,5,3,21,469,12,3,6,21,510,490,117,36,116,18
33,1000,50,5.13,10.3,18,37,48,958,23,11,8,42,7.980170696,119,152,16.07493572,12.91249081,8.376662149,7.565841182,482,14,9,6,29,476,9,2,2,13,511,489,120,32,105,14
38,1000,50,5.13,10.3,18,37,37,955,24,10,11,45,7.737978141,132,187,16.66386232,13.06927414,7.478687439,7.985114591,468,10,6,4,20,487,14,4,7,25,488,512,138,49,114,18
35,1000,50,5.13,10.3,18,37,41,958,19,13,10,42,7.744865461,149,169,19.35503516,17.08736639,7.773212818,7.716856242,473,9,8,7,24,485,10,5,3,18,497,503,138,31,130,19
34,1000,50,5.13,10.3,18,37,43,963,23,9,5,37,7.68239711,149,162,16.12103965,13.07046162,7.808814054,7.555473485,482,13,4,2,19,481,10,5,3,18,501,499,130,32,129,20
37,1000,50,5.13,10.3,18,37,41,967,19,5,9,33,7.538560323,145,185,16.07376504,12.49300834,7.464755999,7.617559984,497,13,3,4,20,470,6,2,5,13,517,483,145,40,125,20
39,1000,50,5.13,10.3,18,37,27,956,27,10,7,44,7.461459701,104,183,15.1799109,11.79097845,7.615504804,7.331812165,435,12,7,3,22,521,15,3,4,22,457,543,132,51,85,19
32,1000,50,5.13,10.3,18,37,88,950,29,12,9,50,7.982092073,268,323,84.56727379,74.38624542,9.342830006,6.548706941,477,22,7,7,36,473,7,5,2,14,513,487,310,13,260,8
33,1000,50,5.13,10.3,18,37,49,959,23,10,8,41,7.992995033,140,169,16.29944179,13.11185843,8.407194554,7.560160768,483,14,8,6,28,476,9,2,2,13,511,489,138,31,122,18
36,1000,50,5.13,10.3,18,37,41,960,25,6,9,40,7.4113026,123,179,17.78746501,13.29329311,7.701522576,7.109236911,490,13,4,3,20,470,12,2,6,20,510,490,131,48,110,13
38,1000,50,5.13,10.3,18,37,38,955,24,10,11,45,7.760705782,132,161,16.97925627,13.42202004,7.534189541,7.976604075,467,11,6,4,21,488,13,4,7,24,488,512,122,39,112,20
34,1000,50,5.13,10.3,18,37,44,963,23,9,5,37,7.703246607,122,176,16.31625101,13.22975375,7.839628592,7.566318001,482,13,4,2,19,481,10,5,3,18,501,499,145,31,109,13
35,1000,50,5.13,10.3,18,37,42,959,19,12,10,41,7.732918532,153,169,19.89020168,17.51113794,7.802320962,7.664343963,473,9,8,7,24,486,10,4,3,17,497,503,137,32,129,24
37,1000,50,5.13,10.3,18,37,42,968,18,6,8,32,7.536215034,133,156,16.2608644,12.68002612,7.504559463,7.570098947,497,12,4,4,20,471,6,2,4,12,517,483,114,42,110,23
39,1000,50,5.13,10.3,18,37,28,953,29,11,7,47,7.453042079,119,166,15.39852946,11.95096717,7.673378856,7.267602103,433,14,7,3,24,520,15,4,4,23,457,543,116,50,96,23
32,1000,50,5.13,10.3,18,37,89,949,30,12,9,51,8.005256292,297,327,89.38572289,78.62833314,9.372234425,6.565297807,477,22,7,7,36,472,8,5,2,15,513,487,307,20,280,17
33,1000,50,5.13,10.3,18,37,50,959,23,10,8,41,8.035717286,128,177,16.52915168,13.27782445,8.471839329,7.579974211,483,14,8,6,28,476,9,2,2,13,511,489,144,33,115,13
36,1000,50,5.13,10.3,18,37,42,961,23,7,9,39,7.443890291,115,187,18.07391239,13.52947678,7.783417924,7.090504387,490,12,5,3,20,471,11,2,6,19,510,490,138,49,95,20
38,1000,50,5.13,10.3,18,37,39,954,25,10,11,46,7.780713376,142,196,17.31316668,13.75356529,7.586625675,7.965703217,466,12,6,4,22,488,13,4,7,24,488,512,148,48,125,17
34,1000,50,5.13,10.3,18,37,45,964,22,10,4,36,7.683368418,138,179,16.55308808,13.43817913,7.86230256,7.503717105,482,13,4,2,19,482,9,6,2,17,501,499,142,37,117,21
35,1000,50,5.13,10.3,18,37,43,958,20,12,10,42,7.731588601,135,170,20.79633739,18.57332922,7.837669261,7.626773317,472,10,8,7,25,486,10,4,3,17,497,503,139,31,114,21
37,1000,50,5.13,10.3,18,37,43,968,18,6,8,32,7.566910623,168,163,16.41458889,12.79258246,7.533738648,7.602417685,497,12,4,4,20,471,6,2,4,12,517,483,128,35,140,28
39,1000,50,5.13,10.3,18,37,29,955,27,11,7,45,7.44556411,122,137,15.6193955,12.13280756,7.672805587,7.254312996,434,13,7,3,23,521,14,4,4,22,457,543,100,37,98,24
33,1000,50,5.13,10.3,18,37,51,959,23,10,8,41,8.071774725,128,164,16.6888574,13.44202369,8.559319639,7.562295276,483,14,8,6,28,476,9,2,2,13,511,489,127,37,119,9
32,1000,50,5.13,10.3,18,37,90,949,30,12,9,51,7.996485992,291,335,94.10818361,82.98704266,9.422045403,6.494818686,477,22,7,7,36,472,8,5,2,15,513,487,316,19,277,14
38,1000,50,5.13,10.3,18,37,40,953,26,9,12,47,7.796698229,138,168,17.7424222,14.20306547,7.64381113,7.942418745,466,12,5,5,22,487,14,4,7,25,488,512,129,39,115,23
34,1000,50,5.13,10.3,18,37,46,964,22,10,4,36,7.706566835,143,168,16.77949842,13.65153995,7.882164915,7.530264955,482,13,4,2,19,482,9,6,2,17,501,499,136,32,127,16
36,1000,50,5.13,10.3,18,37,43,962,22,7,9,38,7.457299875,141,165,18.39739405,13.86862401,7.819500299,7.08031576,490,12,5,3,20,472,10,2,6,18,510,490,136,29,128,13
35,1000,50,5.13,10.3,18,37,44,959,21,11,9,41,7.720599258,159,183,21.62680914,19.38680617,7.882825968,7.560307657,472,10,8,7,25,487,11,3,2,16,497,503,154,29,142,17
37,1000,50,5.13,10.3,18,37,44,967,20,5,8,33,7.548978228,144,179,16.56569177,12.89702204,7.548261392,7.549745524,497,13,3,4,20,470,7,2,4,13,517,483,143,36,122,22
39,1000,50,5.13,10.3,18,37,30,954,28,11,7,46,7.441839249,124,162,15.78413525,12.2751539,7.713671678,7.213059469,434,13,7,3,23,520,15,4,4,23,457,543,123,39,106,18
33,1000,50,5.13,10.3,18,37,52,960,23,9,8,40,8.088379702,133,161,16.84490031,13.62284901,8.57361083,7.581318135,483,14,8,6,28,477,9,1,2,12,511,489,136,25,111,22
38,1000,50,5.13,10.3,18,37,41,953,26,9,12,47,7.81192815,145,194,18.09316573,14.61978432,7.649678135,7.966572696,466,12,5,5,22,487,14,4,7,25,488,512,159,35,124,21
32,1000,50,5.13,10.3,18,37,91,950,29,12,9,50,7.994878144,296,344,99.38965266,87.39316825,9.475427362,6.435285231,478,21,7,7,35,472,8,5,2,15,513,487,330,14,281,15
34,1000,50,5.13,10.3,18,37,47,965,23,8,4,35,7.716995296,155,174,17.04519888,13.9567369,7.952529367,7.480517201,482,13,4,2,19,483,10,4,2,16,501,499,138,36,135,20
35,1000,50,5.13,10.3,18,37,45,959,21,11,9,41,7.725803946,141,192,22.73782113,20.58049093,7.924512039,7.529466129,472,10,8,7,25,487,11,3,2,16,497,503,162,30,129,12
36,1000,50,5.13,10.3,18,37,44,961,23,7,9,39,7.489371622,142,189,18.69196499,14.07009272,7.895576595,7.066586853,490,12,5,3,20,471,11,2,6,19,510,490,147,42,119,23
37,1000,50,5.13,10.3,18,37,45,967,20,5,8,33,7.569138791,133,170,16.78143332,13.07232887,7.581323612,7.556096241,497,13,3,4,20,470,7,2,4,13,517,483,142,28,110,23
39,1000,50,5.13,10.3,18,37,31,956,27,10,7,44,7.425775857,102,160,15.89595902,12.39122467,7.674562594,7.216391807,435,12,7,3,22,521,15,3,4,22,457,543,128,32,80,22
33,1000,50,5.13,10.3,18,37,53,960,24,9,7,40,8.109061136,141,180,17.15062563,13.90726794,8.63940081,7.554861598,482,15,8,6,29,478,9,1,1,11,511,489,154,26,126,15
38,1000,50,5.13,10.3,18,37,42,955,24,10,11,45,7.778680386,156,158,18.4225102,14.98636413,7.650321934,7.901022035,466,12,5,5,22,489,12,5,6,23,488,512,122,36,140,16
34,1000,50,5.13,10.3,18,37,48,966,23,7,4,34,7.734192514,141,155,17.34023813,14.21821149,7.971897385,7.495534917,482,13,4,2,19,484,10,3,2,15,501,499,123,32,123,18
35,1000,50,5.13,10.3,18,37,46,960,20,11,9,40,7.723893949,162,205,23.88309611,21.59207324,7.956272009,7.494287794,472,10,8,7,25,488,10,3,2,15,497,503,177,28,141,21
32,1000,50,5.13,10.3,18,37,92,950,29,12,9,50,7.929399749,298,353,104.3485285,91.96572141,9.485768197,6.289939763,478,21,7,7,35,472,8,5,2,15,513,487,338,15,284,14
36,1000,50,5.13,10.3,18,37,45,960,23,8,9,40,7.559505299,128,188,19.00177102,14.31195589,7.970194485,7.13205329,489,12,6,3,21,471,11,2,6,19,510,490,145,43,107,21
37,1000,50,5.13,10.3,18,37,46,966,21,5,8,34,7.565822616,133,165,16.99618061,13.27823997,7.587188075,7.54295317,497,13,3,4,20,469,8,2,4,14,517,483,132,33,112,21
39,1000,50,5.13,10.3,18,37,32,956,27,10,7,44,7.439572999,116,172,16.07403692,12.5343941,7.696614603,7.223241484,435,12,7,3,22,521,15,3,4,22,457,543,134,38,96,20
33,1000,50,5.13,10.3,18,37,54,961,23,9,7,39,8.09084521,153,176,17.39327135,14.14347225,8.676151067,7.479206575,482,15,8,6,29,479,8,1,1,10,511,489,149,27,130,23
38,1000,50,5.13,10.3,18,37,43,956,23,10,11,44,7.813163894,143,185,18.85961928,15.44642619,7.7410956,7.881853986,465,12,6,5,23,491,11,4,6,21,488,512,147,38,123,20
34,1000,50,5.13,10.3,18,37,49,965,24,7,4,35,7.722399902,134,182,17.5840257,14.47609418,7.990143554,7.453583128,482,13,4,2,19,483,11,3,2,16,501,499,146,36,126,8
35,1000,50,5.13,10.3,18,37,47,960,20,11,9,40,7.712027076,162,196,24.8746714,22.46576548,7.980636989,7.446621258,472,10,8,7,25,488,10,3,2,15,497,503,157,39,143,19
36,1000,50,5.13,10.3,18,37,46,961,22,8,9,39,7.575211708,133,183,19.38592323,14.62034283,8.023327132,7.108805859,490,11,6,3,20,471,11,2,6,19,510,490,143,40,112,21
32,1000,50,5.13,10.3,18,37,93,948,29,14,9,52,8.000503633,304,357,110.8823583,97.28563553,9.606965485,6.308275851,476,21,9,7,37,472,8,5,2,15,513,487,339,18,296,8
37,1000,50,5.13,10.3,18,37,47,965,22,5,8,35,7.577581457,146,158,17.29282543,13.53395086,7.639166547,7.511661185,497,13,3,4,20,468,9,2,4,15,517,483,132,26,121,25
39,1000,50,5.13,10.3,18,37,33,956,27,10,7,44,7.468161629,125,161,16.34496446,12.72368887,7.705019583,7.268817089,435,12,7,3,22,521,15,3,4,22,457,543,118,43,106,19
33,1000,50,5.13,10.3,18,37,55,961,23,9,7,39,8.095263487,151,203,17.61396032,14.30674369,8.697101409,7.466349013,482,15,8,6,29,479,8,1,1,10,511,489,171,32,130,21
38,1000,50,5.13,10.3,18,37,44,958,22,10,10,42,7.827232391,161,198,19.34720253,15.95976196,7.805294745,7.84814171,465,12,6,5,23,493,10,4,5,19,488,512,169,29,138,23
34,1000,50,5.13,10.3,18,37,50,966,24,6,4,34,7.729502494,159,166,17.83096107,14.7221201,8.024499962,7.433322671,482,13,4,2,19,484,11,2,2,15,501,499,135,31,132,27
35,1000,50,5.13,10.3,18,37,48,962,19,10,9,38,7.703241636,179,218,25.83757824,23.31736301,8.034084323,7.376345383,473,9,8,7,24,489,10,2,2,14,497,503,182,36,152,27
36,1000,50,5.13,10.3,18,37,47,959,24,6,11,41,7.604575681,144,172,19.75529687,14.93472512,8.083579884,7.106020287,490,11,4,5,20,469,13,2,6,21,510,490,138,34,124,20
37,1000,50,5.13,10.3,18,37,48,965,22,5,8,35,7.606080178,165,192,17.48602824,13.71554553,7.693431379,7.512580031,497,13,3,4,20,468,9,2,4,15,517,483,148,44,139,26
32,1000,50,5.13,10.3,18,37,94,948,29,14,9,52,7.950837704,311,346,116.6645835,102.7782203,9.606901411,6.206359919,476,21,9,7,37,472,8,5,2,15,513,487,334,12,305,6
39,1000,50,5.13,10.3,18,37,34,957,26,10,7,43,7.47774499,140,176,16.65349154,12.99329796,7.765995578,7.23514735,435,12,7,3,22,522,14,3,4,21,457,543,136,40,117,23
33,1000,50,5.13,10.3,18,37,56,960,23,10,7,40,8.09792753,141,166,17.8951366,14.5373729,8.732082903,7.43524165,481,15,9,6,30,479,8,1,1,10,511,489,137,29,123,18
38,1000,50,5.13,10.3,18,37,45,958,22,10,10,42,7.820637439,139,183,19.81090845,16.39024541,7.858819055,7.784245587,465,12,6,5,23,493,10,4,5,19,488,512,148,35,128,11
34,1000,50,5.13,10.3,18,37,51,965,24,7,4,35,7.75311066,150,182,18.21926896,15.10557656,8.0854556,7.419433677,481,13,5,2,20,484,11,2,2,15,501,499,151,31,125,25
35,1000,50,5.13,10.3,18,37,49,962,19,10,9,38,7.700256979,171,192,26.87022049,24.27606864,8.032681937,7.371797329,473,9,8,7,24,489,10,2,2,14,497,503,162,30,144,27
37,1000,50,5.13,10.3,18,37,49,967,21,4,8,33,7.631269236,134,169,17.90199593,13.99213777,7.742552991,7.512151843,497,13,3,4,20,470,8,1,4,13,517,483,141,28,112,22
36,1000,50,5.13,10.3,18,37,48,960,23,7,10,40,7.611130762,140,175,20.11000899,15.25350107,8.110311388,7.091575417,490,11,5,4,20,470,12,2,6,20,510,490,144,31,123,17
32,1000,50,5.13,10.3,18,37,95,950,28,13,9,50,7.917350485,312,354,121.9698569,109.0586165,9.64555042,6.096885255,477,20,9,7,36,473,8,4,2,14,513,487,333,21,300,12
39,1000,50,5.13,10.3,18,37,35,955,29,10,6,45,7.509440576,138,143,16.82129246,13.14329877,7.846293685,7.22593805,434,13,7,3,23,521,16,3,3,22,457,543,110,33,115,23
33,1000,50,5.13,10.3,18,37,57,960,22,11,7,40,8.106812704,153,193,18.20545747,14.79959416,8.796656277,7.385933223,481,14,10,6,30,479,8,1,1,10,511,489,166,27,136,17
38,1000,50,5.13,10.3,18,37,46,958,21,10,11,42,7.829182549,150,181,20.42187946,16.98396663,7.880680645,7.780098426,465,11,6,6,23,493,10,4,5,19,488,512,152,29,130,20
34,1000,50,5.13,10.3,18,37,52,965,24,6,5,35,7.803644644,133,200,18.58721529,15.42424622,8.167852728,7.437976808,480,14,4,3,21,485,10,2,2,14,501,499,163,37,124,9
35,1000,50,5.13,10.3,18,37,50,961,19,11,9,39,7.720811661,182,200,27.54078401,24.8670958,8.073000648,7.372823736,472,9,9,7,25,489,10,2,2,14,497,503,177,23,164,18
37,1000,50,5.13,10.3,18,37,50,966,22,4,8,34,7.643003072,153,174,18.16182762,14.21267934,7.759489662,7.518316598,496,14,3,4,21,470,8,1,4,13,517,483,142,32,131,22
36,1000,50,5.13,10.3,18,37,49,960,23,7,10,40,7.63120262,141,186,20.56214263,15.60373328,8.127810167,7.114325377,490,11,5,4,20,470,12,2,6,20,510,490,149,37,128,13
32,1000,50,5.13,10.3,18,37,96,952,28,11,9,48,7.889370722,316,352,130.4731955,117.1014628,9.682054339,6.000979151,478,20,8,7,35,474,8,3,2,13,513,487,333,19,305,11
33,1000,50,5.13,10.3,18,37,58,961,22,10,7,39,8.055269764,163,198,18.4578858,15.03003866,8.777013534,7.301054904,481,14,10,6,30,480,8,0,1,9,511,489,160,38,138,25
39,1000,50,5.13,10.3,18,37,36,957,29,9,5,43,7.514175259,124,173,17.08027687,13.3647863,7.881434158,7.205082594,434,13,7,3,23,523,16,2,2,20,457,543,136,37,108,16
38,1000,50,5.13,10.3,18,37,47,958,21,10,11,42,7.855068295,148,200,21.03870624,17.57168032,7.895126903,7.816887434,465,11,6,6,23,493,10,4,5,19,488,512,165,35,133,15
34,1000,50,5.13,10.3,18,37,53,968,22,6,4,32,7.781139772,164,196,19.09115115,15.86012855,8.190034051,7.370606638,480,14,4,3,21,488,8,2,1,11,501,499,168,28,140,24
35,1000,50,5.13,10.3,18,37,51,960,19,11,10,40,7.772865609,156,212,28.04696048,25.28907506,8.148888962,7.401327623,471,9,9,8,26,489,10,2,2,14,497,503,185,27,142,14
37,1000,50,5.13,10.3,18,37,51,966,22,4,8,34,7.645054016,152,182,18.44485492,14.4530379,7.816666281,7.461361385,496,14,3,4,21,470,8,1,4,13,517,483,142,40,131,21
36,1000,50,5.13,10.3,18,37,50,958,24,8,10,42,7.664212761,167,181,21.12133294,16.10566496,8.222473291,7.083166086,489,11,6,4,21,469,13,2,6,21,510,490,145,36,148,19
33,1000,50,5.13,10.3,18,37,59,961,21,10,8,39,8.05778058,153,180,18.76297209,15.3020107,8.805229997,7.276703583,481,13,10,7,30,480,8,0,1,9,511,489,151,29,140,13
39,1000,50,5.13,10.3,18,37,37,957,30,8,5,43,7.532672483,137,177,17.53586511,13.7508648,7.915277305,7.210664373,434,13,7,3,23,523,17,1,2,20,457,543,135,42,112,25
38,1000,50,5.13,10.3,18,37,48,959,20,10,11,41,7.907611661,144,203,21.62703677,18.10829085,7.961184038,7.85655049,465,11,6,6,23,494,9,4,5,18,488,512,161,42,131,13
32,1000,50,5.13,10.3,18,37,97,953,28,10,9,47,7.839981128,324,356,137.8864198,125.1140212,9.713746314,5.866179197,478,20,7,8,35,475,8,3,1,12,513,487,339,17,315,9
34,1000,50,5.13,10.3,18,37,54,966,24,6,4,34,7.807407583,166,183,19.60773752,16.30316228,8.265258656,7.347721436,479,15,4,3,22,487,9,2,1,12,501,499,155,28,151,15
35,1000,50,5.13,10.3,18,37,52,960,19,11,10,40,7.791901733,159,191,29.31658802,26.43755098,8.191276282,7.397291095,471,9,9,8,26,489,10,2,2,14,497,503,165,26,141,18
37,1000,50,5.13,10.3,18,37,52,967,21,4,8,33,7.647074677,162,168,18.71629152,14.66313499,7.845879755,7.434275038,496,14,3,4,21,471,7,1,4,12,517,483,130,38,140,22
36,1000,50,5.13,10.3,18,37,51,958,25,8,9,42,7.678635807,147,202,21.61359784,16.45552069,8.246151023,7.087956705,489,11,6,4,21,469,14,2,5,21,510,490,165,37,120,27
33,1000,50,5.13,10.3,18,37,60,962,21,9,8,38,8.041162422,146,194,19.11012492,15.62571027,8.786790011,7.261989214,482,13,9,7,29,480,8,0,1,9,511,489,162,32,138,8
38,1000,50,5.13,10.3,18,37,49,959,19,11,11,41,7.898003279,162,192,22.14061454,18.6893955,8.004466543,7.79653048,465,10,7,6,23,494,9,4,5,18,488,512,159,33,145,17
39,1000,50,5.13,10.3,18,37,38,956,31,8,5,44,7.5878649,124,179,17.76145992,13.96015099,8.012894059,7.230151593,434,13,7,3,23,522,18,1,2,21,457,543,148,31,108,16
34,1000,50,5.13,10.3,18,37,55,965,25,6,4,35,7.813093614,146,197,20.12376117,16.81826489,8.308089583,7.316113692,478,16,4,3,23,487,9,2,1,12,501,499,164,33,135,11
32,1000,50,5.13,10.3,18,37,98,952,29,10,9,48,7.867901714,327,369,147.3251742,134.3688812,9.726415303,5.910165633,478,20,7,8,35,474,9,3,1,13,513,487,351,18,313,14
35,1000,50,5.13,10.3,18,37,53,960,19,11,10,40,7.800026371,172,215,30.78750501,27.77402435,8.22008273,7.384980624,471,9,9,8,26,489,10,2,2,14,497,503,184,31,151,21
37,1000,50,5.13,10.3,18,37,53,966,23,4,7,34,7.645908794,152,186,19.11116157,14.95267135,7.877785107,7.397709926,495,15,3,4,22,471,8,1,3,12,517,483,143,43,135,17
36,1000,50,5.13,10.3,18,37,52,958,26,8,8,42,7.662067525,142,201,22.05655638,16.81995796,8.275858307,7.023224058,489,11,6,4,21,469,15,2,4,21,510,490,175,26,128,14
33,1000,50,5.13,10.3,18,37,61,961,21,10,8,39,8.058827245,160,185,19.36597692,15.85020863,8.812330693,7.271423846,482,13,9,7,29,479,8,1,1,10,511,489,151,34,150,10
38,1000,50,5.13,10.3,18,37,50,959,19,11,11,41,7.860506944,166,201,22.60986664,19.23877004,8.017412245,7.710956579,465,10,7,6,23,494,9,4,5,18,488,512,166,35,143,23
39,1000,50,5.13,10.3,18,37,39,955,32,8,5,45,7.616433241,136,162,18.05429056,14.21722945,8.051582632,7.250202538,434,13,7,3,23,521,19,1,2,22,457,543,130,32,123,13
34,1000,50,5.13,10.3,18,37,56,965,25,6,4,35,7.821515615,143,205,20.58747032,17.30658236,8.339039939,7.301917044,478,16,4,3,23,487,9,2,1,12,501,499,179,26,132,11
35,1000,50,5.13,10.3,18,37,54,961,19,11,9,39,7.741769987,189,224,31.53584444,28.59184961,8.188241532,7.300624146,471,9,9,8,26,490,10,2,1,13,497,503,196,28,168,21
32,1000,50,5.13,10.3,18,37,99,950,31,10,9,50,7.891748521,332,357,156.5515839,145.5038729,9.785239298,5.897167888,476,22,7,8,37,474,9,3,1,13,513,487,342,15,320,12
37,1000,50,5.13,10.3,18,37,54,965,24,4,7,35,7.685692949,143,201,19.53522801,15.31822878,7.968169467,7.383331956,495,15,3,4,22,470,9,1,3,13,517,483,166,35,124,19
33,1000,50,5.13,10.3,18,37,62,960,22,10,8,40,8.085768616,171,181,19.60811122,16.08714849,8.854356689,7.282601938,481,14,9,7,30,479,8,1,1,10,511,489,155,26,153,18
36,1000,50,5.13,10.3,18,37,53,960,24,8,8,40,7.690573213,159,182,22.39059435,17.1432119,8.327761157,7.027377597,490,11,5,4,20,470,13,3,4,20,510,490,153,29,135,24
38,1000,50,5.13,10.3,18,37,51,958,19,12,11,42,7.865769714,165,196,23.42974325,20.11997236,8.079740406,7.661828897,464,10,8,6,24,494,9,4,5,18,488,512,168,28,147,18
39,1000,50,5.13,10.3,18,37,40,955,32,8,5,45,7.654438725,154,175,18.36901465,14.50197725,8.075555346,7.30001829,434,13,7,3,23,521,19,1,2,22,457,543,151,24,136,18
34,1000,50,5.13,10.3,18,37,57,966,24,6,4,34,7.795306069,172,196,21.18256813,17.8076383,8.377046921,7.211233589,477,16,5,3,24,489,8,1,1,10,501,499,164,32,157,15
35,1000,50,5.13,10.3,18,37,55,960,20,11,9,40,7.738577906,192,234,32.64715141,29.41769679,8.230262975,7.252757867,470,10,9,8,27,490,10,2,1,13,497,503,192,42,174,18
37,1000,50,5.13,10.3,18,37,55,964,25,4,7,36,7.713515979,144,181,20.06039265,15.72601492,8.036724694,7.367555512,494,16,3,4,23,470,9,1,3,13,517,483,151,30,128,16
32,1000,50,5.13,10.3,18,37,100,949,33,10,8,51,7.864658935,330,381,168.296166,158.6013596,9.788611665,5.837990043,476,23,7,7,37,473,10,3,1,14,513,487,358,23,320,10
33,1000,50,5.13,10.3,18,37,63,960,22,10,8,40,8.100813156,161,209,19.92146532,16.37480116,8.890997679,7.27507841,481,14,9,7,30,479,8,1,1,10,511,489,177,32,146,15
38,1000,50,5.13,10.3,18,37,52,958,19,11,12,42,7.85883101,165,218,24.16195368,21.13933038,8.1007146,7.628285712,464,10,7,7,24,494,9,4,5,18,488,512,191,27,141,24
36,1000,50,5.13,10.3,18,37,54,960,24,8,8,40,7.691403168,157,196,22.96884522,17.58101337,8.353673173,7.002101733,490,11,5,4,20,470,13,3,4,20,510,490,176,20,139,18
39,1000,50,5.13,10.3,18,37,41,955,30,10,5,45,7.689966767,140,167,18.69812846,14.7953946,8.097294659,7.347151212,433,13,8,3,24,522,17,2,2,21,457,543,120,47,127,13
34,1000,50,5.13,10.3,18,37,58,967,23,6,4,33,7.748300278,174,193,21.6730749,18.18881852,8.373337809,7.120757587,477,16,5,3,24,490,7,1,1,9,501,499,161,32,154,20
35,1000,50,5.13,10.3,18,37,56,961,19,11,9,39,7.740068084,193,217,34.02365485,30.86704777,8.256018938,7.230271713,470,10,9,8,27,491,9,2,1,12,497,503,195,22,175,18
37,1000,50,5.13,10.3,18,37,56,964,24,5,7,36,7.740911189,158,186,20.575918,16.13701215,8.097586378,7.35912843,494,15,4,4,23,470,9,1,3,13,517,483,152,34,137,21
32,1000,50,5.13,10.3,18,37,101,949,33,10,8,51,7.873900168,347,393,182.4717848,173.0207505,9.840732005,5.802062935,475,24,7,7,38,474,9,3,1,13,513,487,371,22,338,9
33,1000,50,5.13,10.3,18,37,64,959,24,10,7,41,8.136176776,173,203,20.23560211,16.64517653,8.949568206,7.286191049,481,15,9,6,30,478,9,1,1,11,511,489,172,31,150,23
38,1000,50,5.13,10.3,18,37,53,957,20,10,13,43,7.869394856,164,220,25.24503189,21.96698546,8.15565855,7.596549773,464,10,7,7,24,493,10,3,6,19,488,512,195,25,145,19
36,1000,50,5.13,10.3,18,37,55,961,24,7,8,39,7.66654198,160,193,23.3395892,17.93587956,8.384187678,6.919604622,490,11,5,4,20,471,13,2,4,19,510,490,162,31,148,12
39,1000,50,5.13,10.3,18,37,42,958,28,9,5,42,7.658068832,144,190,19.10866428,15.13997983,8.058424418,7.321121312,434,13,7,3,23,524,15,2,2,19,457,543,163,27,124,20
34,1000,50,5.13,10.3,18,37,59,967,23,6,4,33,7.76355736,177,206,22.26208841,18.69678077,8.411643385,7.112873795,477,16,5,3,24,490,7,1,1,9,501,499,182,24,164,13
35,1000,50,5.13,10.3,18,37,57,962,16,13,9,38,7.729956246,195,225,35.32004131,32.21593708,8.28826535,7.178306893,470,9,10,8,27,492,7,3,1,11,497,503,193,32,181,14
37,1000,50,5.13,10.3,18,37,57,963,24,6,7,37,7.773758928,153,185,21.44375834,16.80657981,8.137932412,7.383950044,494,14,5,4,23,469,10,1,3,14,517,483,151,34,131,22
33,1000,50,5.13,10.3,18,37,65,956,27,10,7,44,8.154484088,167,211,20.58034144,16.90860097,8.964101002,7.308442692,480,16,9,6,31,476,11,1,1,13,511,489,176,35,146,21
32,1000,50,5.13,10.3,18,37,102,948,34,10,8,52,7.892704642,336,380,198.4237468,189.2455184,9.900952122,5.777240665,474,25,7,7,39,474,9,3,1,13,513,487,362,18,322,14
38,1000,50,5.13,10.3,18,37,54,958,19,10,13,42,7.901482808,171,204,25.93912333,22.6418503,8.235610571,7.583017285,464,10,7,7,24,494,9,3,6,18,488,512,172,32,149,22
36,1000,50,5.13,10.3,18,37,56,961,24,7,8,39,7.670292892,176,225,23.94844022,18.4173078,8.458298405,6.850123888,490,11,5,4,20,471,13,2,4,19,510,490,186,39,158,18
34,1000,50,5.13,10.3,18,37,60,966,24,6,4,34,7.792766363,164,217,22.96578953,19.25295736,8.516278191,7.066354689,476,17,5,3,25,490,7,1,1,9,501,499,187,30,151,13
39,1000,50,5.13,10.3,18,37,43,959,28,9,4,41,7.691212698,156,181,19.60352053,15.57164731,8.142740583,7.311197516,434,13,7,3,23,525,15,2,1,18,457,543,159,22,137,19
35,1000,50,5.13,10.3,18,37,58,962,16,13,9,38,7.728784693,197,223,36.4845438,33.18596929,8.329569693,7.135166115,470,9,10,8,27,492,7,3,1,11,497,503,195,28,181,16
37,1000,50,5.13,10.3,18,37,58,963,24,6,7,37,7.777357565,153,219,22.16451597,17.34343679,8.194002819,7.331383245,494,14,5,4,23,469,10,1,3,14,517,483,177,42,137,16
33,1000,50,5.13,10.3,18,37,66,955,26,12,7,45,8.168736339,165,200,21.00277959,17.24943432,9.003952905,7.295943567,479,17,9,6,32,476,9,3,1,13,511,489,173,27,154,11
38,1000,50,5.13,10.3,18,37,55,959,17,11,13,41,7.902413813,164,210,26.67135925,23.29260865,8.230386595,7.589814755,464,10,7,7,24,495,7,4,6,17,488,512,182,28,148,16
32,1000,50,5.13,10.3,18,37,103,949,33,10,8,51,7.911748547,350,386,215.7366825,208.4982098,9.936933748,5.778442574,474,25,7,7,39,475,8,3,1,12,513,487,370,16,343,7
34,1000,50,5.13,10.3,18,37,61,966,23,6,5,34,7.815693747,177,214,23.88809449,20.10258684,8.5837934,7.044515539,476,16,5,4,25,490,7,1,1,9,501,499,188,26,160,17
36,1000,50,5.13,10.3,18,37,57,961,24,7,8,39,7.682032529,152,225,24.31244032,18.73818901,8.489941429,6.841147756,490,11,5,4,20,471,13,2,4,19,510,490,191,34,135,17
39,1000,50,5.13,10.3,18,37,44,958,28,10,4,42,7.702074445,137,206,20.12449334,15.99257094,8.153425076,7.322208445,434,13,7,3,23,524,15,3,1,19,457,543,167,39,118,19
35,1000,50,5.13,10.3,18,37,59,961,17,13,9,39,7.77418197,190,223,38.46366486,34.74337143,8.364933257,7.190477418,470,9,10,8,27,491,8,3,1,12,497,503,199,24,174,16
37,1000,50,5.13,10.3,18,37,59,963,24,6,7,37,7.810374842,171,205,22.90989374,17.90579382,8.262056325,7.326897976,494,14,5,4,23,469,10,1,3,14,517,483,180,25,152,19
33,1000,50,5.13,10.3,18,37,67,955,26,12,7,45,8.191204651,157,202,21.4273149,17.58674549,9.039130219,7.305131103,479,17,9,6,32,476,9,3,1,13,511,489,177,25,138,19
38,1000,50,5.13,10.3,18,37,56,961,15,11,13,39,7.871777519,189,211,27.53346732,23.95475297,8.269828752,7.492384937,464,9,8,7,24,497,6,3,6,15,488,512,187,24,175,14
34,1000,50,5.13,10.3,18,37,62,965,24,6,5,35,7.878389243,180,211,24.73969316,20.76257257,8.654074638,7.099594889,475,17,5,4,26,490,7,1,1,9,501,499,185,26,162,18
32,1000,50,5.13,10.3,18,37,104,948,34,10,8,52,7.887189335,356,393,234.462153,226.7721456,9.975049313,5.687862499,472,27,7,7,41,476,7,3,1,11,513,487,369,24,343,13
39,1000,50,5.13,10.3,18,37,45,959,28,9,4,41,7.698349738,180,197,20.78305865,16.53599827,8.160831353,7.309115672,434,13,7,3,23,525,15,2,1,18,457,543,166,31,154,26
35,1000,50,5.13,10.3,18,37,60,961,16,14,9,39,7.775976572,208,242,40.11941631,36.34772601,8.427708222,7.132019058,470,9,10,8,27,491,7,4,1,12,497,503,205,37,190,18
40,1000,50,5.13,10.3,18,37,0,949,25,12,14,51,7.083,101,113,12.46057787,8.789789652,6.318359375,7.885245902,492,13,5,2,20,457,12,7,12,31,512,488,65,48,66,35
36,1000,50,5.13,10.3,18,37,58,962,23,7,8,38,7.681188376,170,205,24.88851259,19.2084995,8.50652471,6.822164846,490,11,5,4,20,472,12,2,4,18,510,490,172,33,149,21
37,1000,50,5.13,10.3,18,37,60,963,24,6,7,37,7.794940802,184,202,23.64825487,18.47364874,8.296978088,7.257563417,495,13,5,4,22,468,11,1,3,15,517,483,177,25,163,21
33,1000,50,5.13,10.3,18,37,68,956,25,12,7,44,8.1693381,167,237,21.71608992,17.86265358,9.095159325,7.201864387,479,17,9,6,32,477,8,3,1,12,511,489,201,36,161,6
38,1000,50,5.13,10.3,18,37,57,959,16,11,14,41,7.909409032,205,227,28.96860557,25.25428863,8.314874841,7.522949432,463,10,8,7,25,496,6,3,7,16,488,512,196,31,185,20
34,1000,50,5.13,10.3,18,37,63,964,25,6,5,36,7.884389561,185,216,25.53537759,21.53338346,8.695438081,7.070090346,474,18,5,4,27,490,7,1,1,9,501,499,189,27,171,14
35,1000,50,5.13,10.3,18,37,61,962,16,14,8,38,7.756365033,207,236,41.83988102,38.0731866,8.464231767,7.056942038,470,10,10,7,27,492,6,4,1,11,497,503,211,25,197,10
39,1000,50,5.13,10.3,18,37,46,958,28,10,4,42,7.707145659,168,190,21.63837926,17.1745351,8.226615582,7.269949057,433,14,7,3,24,525,14,3,1,18,457,543,159,31,147,21
36,1000,50,5.13,10.3,18,37,59,962,22,8,8,38,7.71477817,184,217,25.55892898,19.81339977,8.571557425,6.823028332,490,10,6,4,20,472,12,2,4,18,510,490,185,32,167,17
40,1000,50,5.13,10.3,18,37,1,949,24,13,14,51,7.097065884,88,132,12.52606301,8.842594169,6.330469535,7.901363693,492,12,6,2,20,457,12,7,12,31,512,488,84,48,56,32
37,1000,50,5.13,10.3,18,37,61,962,25,6,7,38,7.84300427,178,210,24.46521429,19.13757612,8.380754594,7.267399887,494,14,5,4,23,468,11,1,3,15,517,483,173,37,162,16
33,1000,50,5.13,10.3,18,37,69,956,25,12,7,44,8.182904572,177,216,22.13702567,18.19498952,9.142425485,7.180215029,479,17,9,6,32,477,8,3,1,12,511,489,182,34,159,18
38,1000,50,5.13,10.3,18,37,58,958,18,10,14,42,7.877980369,198,217,29.46285069,25.59014051,8.327556761,7.44947787,462,11,8,7,26,496,7,2,7,16,488,512,188,29,183,15
34,1000,50,5.13,10.3,18,37,64,964,24,7,5,36,7.884156133,186,217,26.56603985,22.49796818,8.722081934,7.042871911,474,17,6,4,27,490,7,1,1,9,501,499,187,30,170,16
35,1000,50,5.13,10.3,18,37,62,963,15,14,8,37,7.753833894,201,236,44.72070103,40.79403997,8.511023001,7.005676863,470,10,10,7,27,493,5,4,1,10,497,503,209,27,185,16
39,1000,50,5.13,10.3,18,37,47,959,28,9,4,41,7.718924167,173,201,22.73825226,18.00911678,8.263111743,7.260924679,433,15,6,3,24,526,13,3,1,17,457,543,163,38,155,18
36,1000,50,5.13,10.3,18,37,60,963,22,8,7,37,7.697387209,170,219,26.2124877,20.26679071,8.613008629,6.744393486,490,10,6,4,20,473,12,2,3,17,510,490,189,30,157,13
37,1000,50,5.13,10.3,18,37,62,962,25,6,7,38,7.84938486,174,217,25.06276577,19.62663717,8.436606432,7.220826778,494,14,5,4,23,468,11,1,3,15,517,483,175,42,156,18
40,1000,50,5.13,10.3,18,37,2,951,23,12,14,49,7.068792153,93,125,12.55193707,8.8843594,6.333894514,7.839832299,492,12,6,2,20,459,11,6,12,29,512,488,72,53,59,34
33,1000,50,5.13,10.3,18,37,70,955,26,11,8,45,8.192716299,179,227,22.72213849,18.72230089,9.186807623,7.153901031,479,17,8,7,32,476,9,3,1,13,511,489,201,26,162,17
38,1000,50,5.13,10.3,18,37,59,956,21,10,13,44,7.902429246,168,229,30.25896047,26.480896,8.42446793,7.404861125,460,13,8,7,28,496,8,2,6,16,488,512,201,28,156,12
34,1000,50,5.13,10.3,18,37,65,964,23,8,5,36,7.902135159,189,211,27.8573279,23.65736225,8.801916581,6.998747399,473,17,7,4,28,491,6,1,1,8,501,499,184,27,177,12
35,1000,50,5.13,10.3,18,37,63,964,15,13,8,36,7.773955234,193,239,46.03239492,41.90461371,8.562937318,6.994384468,470,10,10,7,27,494,5,3,1,9,497,503,219,20,182,11
39,1000,50,5.13,10.3,18,37,48,959,29,8,4,41,7.698690839,164,193,23.48895503,18.65329884,8.29346448,7.198117076,432,16,6,3,25,527,13,2,1,16,457,543,154,39,144,20
36,1000,50,5.13,10.3,18,37,61,963,23,7,7,37,7.703870587,182,231,26.99801253,20.85471149,8.639614985,6.72993254,491,10,5,4,19,472,13,2,3,18,510,490,200,31,160,22
37,1000,50,5.13,10.3,18,37,63,962,26,6,6,38,7.869718208,167,233,25.79575532,20.24182661,8.467657484,7.229687968,494,14,5,4,23,468,12,1,2,15,517,483,201,32,156,11
33,1000,50,5.13,10.3,18,37,71,955,26,11,8,45,8.198264492,170,220,23.3118352,19.18443737,9.197976578,7.153575585,479,17,8,7,32,476,9,3,1,13,511,489,196,24,160,10
40,1000,50,5.13,10.3,18,37,3,951,23,12,14,49,7.084108339,95,129,12.58313208,8.941540396,6.376052491,7.826986606,492,12,6,2,20,459,11,6,12,29,512,488,82,47,55,40
38,1000,50,5.13,10.3,18,37,60,956,20,10,14,44,7.914028386,188,217,31.49860792,27.66250418,8.519852736,7.336602052,459,12,9,8,29,497,8,1,6,15,488,512,187,30,177,11
34,1000,50,5.13,10.3,18,37,66,964,24,7,5,36,7.903519061,195,209,29.10753067,24.47546024,8.869828677,6.933336461,473,17,6,5,28,491,7,1,0,8,501,499,188,21,180,15
35,1000,50,5.13,10.3,18,37,64,963,16,13,8,37,7.807276034,203,245,47.80948571,43.4115276,8.644111505,6.980422697,470,10,10,7,27,493,6,3,1,10,497,503,228,17,190,13
39,1000,50,5.13,10.3,18,37,49,959,29,8,4,41,7.711730924,157,199,24.36744032,19.33361468,8.333989028,7.188025669,432,16,6,3,25,527,13,2,1,16,457,543,168,31,145,12
36,1000,50,5.13,10.3,18,37,62,962,23,8,7,38,7.741908477,182,248,28.07512506,21.73401416,8.7160676,6.727987756,490,10,6,4,20,472,13,2,3,18,510,490,211,37,164,18
37,1000,50,5.13,10.3,18,37,64,963,26,5,6,37,7.906058907,176,221,26.45987629,20.81054752,8.557834255,7.208402892,494,14,5,4,23,469,12,0,2,14,517,483,189,32,165,11
33,1000,50,5.13,10.3,18,37,72,955,26,11,8,45,8.178971958,185,220,24.05338274,19.7908637,9.208076971,7.103567742,479,17,8,7,32,476,9,3,1,13,511,489,190,30,171,14
40,1000,50,5.13,10.3,18,37,4,953,22,11,14,47,7.090766027,97,139,12.64677977,9.018926373,6.371038985,7.84588948,493,12,5,2,19,460,10,6,12,28,512,488,81,58,68,29
38,1000,50,5.13,10.3,18,37,61,956,20,11,13,44,7.933144465,190,229,32.70100574,28.89063758,8.576665545,7.319788435,459,12,9,8,29,497,8,2,5,15,488,512,201,28,177,13
34,1000,50,5.13,10.3,18,37,67,963,25,6,6,37,7.928608565,195,238,29.96285516,25.11842386,8.946219701,6.906918827,472,18,5,6,29,491,7,1,0,8,501,499,209,29,175,20
35,1000,50,5.13,10.3,18,37,65,966,14,13,7,34,7.767030928,227,257,50.09105185,45.54285478,8.645884832,6.898660371,471,9,10,7,26,495,5,3,0,8,497,503,236,21,215,12
36,1000,50,5.13,10.3,18,37,63,964,21,8,7,36,7.712111936,197,226,28.80606971,22.34098448,8.723479667,6.659463889,491,9,6,4,19,473,12,2,3,17,510,490,197,29,180,17
39,1000,50,5.13,10.3,18,37,50,959,29,8,4,41,7.732238579,178,217,25.06917154,19.98555119,8.356562378,7.206794792,432,16,6,3,25,527,13,2,1,16,457,543,188,29,154,24
37,1000,50,5.13,10.3,18,37,65,960,28,6,6,40,7.930098009,172,236,27.0861157,21.35803522,8.583703053,7.2304835,493,15,5,4,24,467,13,1,2,16,517,483,197,39,158,14
33,1000,50,5.13,10.3,18,37,73,954,26,12,8,46,8.167800498,172,235,24.81831354,20.39047279,9.223320335,7.064793062,479,17,8,7,32,475,9,4,1,14,511,489,202,33,161,11
38,1000,50,5.13,10.3,18,37,62,956,20,10,14,44,7.92917855,162,228,34.55002891,30.82996005,8.58932971,7.299971976,459,12,8,9,29,497,8,2,5,15,488,512,198,30,149,13
40,1000,50,5.13,10.3,18,37,5,953,23,11,13,47,7.078314605,87,144,12.68935516,9.074401009,6.379140276,7.811874558,493,12,5,2,19,460,11,6,11,28,512,488,88,56,54,33
34,1000,50,5.13,10.3,18,37,68,961,27,6,6,39,7.910992457,196,238,32.01108149,26.67745447,8.975761378,6.841955924,470,20,5,6,31,491,7,1,0,8,501,499,209,29,182,14
35,1000,50,5.13,10.3,18,37,66,966,14,13,7,34,7.733896381,217,259,52.68223178,48.05737354,8.676343597,6.80269108,470,9,11,7,27,496,5,2,0,7,497,503,231,28,207,10
36,1000,50,5.13,10.3,18,37,64,963,23,8,6,37,7.704711312,192,246,29.52989219,22.96782399,8.735685786,6.631656247,491,9,6,4,19,472,14,2,2,18,510,490,217,29,177,15
37,1000,50,5.13,10.3,18,37,66,960,27,7,6,40,7.931887173,164,242,27.84993612,22.02391404,8.640649746,7.17323241,493,14,6,4,24,467,13,1,2,16,517,483,211,31,153,11
39,1000,50,5.13,10.3,18,37,51,958,28,10,4,42,7.785024057,173,208,26.06283639,20.75506681,8.445519062,7.229137838,431,17,6,3,26,527,11,4,1,16,457,543,183,25,151,22
33,1000,50,5.13,10.3,18,37,74,952,28,12,8,48,8.230433401,193,236,25.58328188,20.97765252,9.309039296,7.103301269,478,18,8,7,33,474,10,4,1,15,511,489,206,30,183,10
38,1000,50,5.13,10.3,18,37,63,955,21,10,14,45,7.921116378,178,228,36.26211684,32.84591046,8.610974927,7.263594948,458,13,8,9,30,497,8,2,5,15,488,512,205,23,166,12
34,1000,50,5.13,10.3,18,37,69,960,26,8,6,40,7.95876931,210,223,33.67546518,28.26508063,9.064651322,6.848454906,470,18,7,6,31,490,8,1,0,9,501,499,201,22,199,11
40,1000,50,5.13,10.3,18,37,6,954,23,10,13,46,7.08751967,91,120,12.71716886,9.145670063,6.417332607,7.790666754,493,12,5,2,19,461,11,5,11,27,512,488,69,51,69,22
35,1000,50,5.13,10.3,18,37,67,966,14,13,7,34,7.728638526,230,276,56.65069511,52.09532625,8.707540725,6.761413094,470,9,11,7,27,496,5,2,0,7,497,503,250,26,214,16
36,1000,50,5.13,10.3,18,37,65,964,23,7,6,36,7.698208898,188,233,30.17522669,23.5176954,8.78048018,6.571763278,491,9,6,4,19,473,14,1,2,17,510,490,202,31,173,15
37,1000,50,5.13,10.3,18,37,67,959,28,6,7,41,7.966091133,186,214,28.69280129,22.72529879,8.688851089,7.192453666,492,15,5,5,25,467,13,1,2,16,517,483,190,24,174,12
39,1000,50,5.13,10.3,18,37,52,958,28,10,4,42,7.781610656,167,216,27.12703972,21.62169015,8.499823484,7.177147927,430,18,6,3,27,528,10,4,1,15,457,543,179,37,159,8
33,1000,50,5.13,10.3,18,37,75,952,28,12,8,48,8.249840877,202,261,26.3158376,21.53583716,9.353296557,7.096740975,478,18,8,7,33,474,10,4,1,15,511,489,222,39,189,13
38,1000,50,5.13,10.3,18,37,64,955,21,10,14,45,7.945748917,201,246,38.42467576,35.37804115,8.66852373,7.256854173,458,13,8,9,30,497,8,2,5,15,488,512,220,26,181,20
34,1000,50,5.13,10.3,18,37,70,959,27,8,6,41,7.991770231,185,250,35.65341285,29.83608937,9.103725932,6.875357794,469,19,7,6,32,490,8,1,0,9,501,499,221,29,178,7
35,1000,50,5.13,10.3,18,37,68,965,15,13,7,35,7.763677409,238,261,59.09714761,54.15100204,8.752084006,6.787060949,470,9,11,7,27,495,6,2,0,8,497,503,232,29,217,21
36,1000,50,5.13,10.3,18,37,66,965,22,7,6,35,7.709329129,222,230,31.14799291,24.34292038,8.843146071,6.529233944,491,9,6,4,19,474,13,1,2,16,510,490,204,26,202,20
40,1000,50,5.13,10.3,18,37,7,954,23,10,13,46,7.137507309,96,157,12.77457831,9.188894734,6.510929653,7.794900259,493,12,5,2,19,461,11,5,11,27,512,488,102,55,71,25
37,1000,50,5.13,10.3,18,37,68,959,28,6,7,41,7.981505413,197,224,29.41409274,23.25084354,8.73123434,7.179000536,492,15,5,5,25,467,13,1,2,16,517,483,199,25,185,12
39,1000,50,5.13,10.3,18,37,53,957,29,10,4,43,7.800806943,163,224,27.97065966,22.20435018,8.553012166,7.167735511,430,18,6,3,27,527,11,4,1,16,457,543,190,34,149,14
33,1000,50,5.13,10.3,18,37,76,951,30,11,8,49,8.223932418,208,235,27.29128367,22.24854949,9.386210397,7.009363814,477,19,8,7,34,474,11,3,1,15,511,489,213,22,185,23
38,1000,50,5.13,10.3,18,37,65,955,21,10,14,45,7.954728753,214,243,40.79875904,37.85375676,8.72773032,7.217961634,458,13,8,9,30,497,8,2,5,15,488,512,204,39,200,14
34,1000,50,5.13,10.3,18,37,71,959,27,7,7,41,7.991697343,187,250,37.22106364,31.58376202,9.113214482,6.865685144,469,19,6,7,32,490,8,1,0,9,501,499,231,19,172,15
35,1000,50,5.13,10.3,18,37,69,964,16,13,7,36,7.769701349,230,260,62.82400617,57.79680593,8.80219997,6.749518815,469,10,11,7,28,495,6,2,0,8,497,503,241,19,219,11
36,1000,50,5.13,10.3,18,37,67,966,21,7,6,34,7.737751082,197,249,31.98384781,25.01997272,8.865903031,6.563552114,491,9,6,4,19,475,12,1,2,15,510,490,211,38,179,18
37,1000,50,5.13,10.3,18,37,69,957,30,6,7,43,8.005314804,186,249,30.20023894,23.88200457,8.816102843,7.137452659,490,17,5,5,27,467,13,1,2,16,517,483,216,33,173,13
40,1000,50,5.13,10.3,18,37,8,954,23,11,12,46,7.16108139,113,132,12.84735164,9.2700442,6.56342316,7.788132647,493,12,5,2,19,461,11,6,10,27,512,488,89,43,82,31
39,1000,50,5.13,10.3,18,37,54,958,29,9,4,42,7.812477656,183,222,29.30243143,23.20178873,8.599155315,7.150393512,430,18,6,3,27,528,11,3,1,15,457,543,194,28,161,22
33,1000,50,5.13,10.3,18,37,77,951,29,11,9,49,8.206212807,215,252,28.07281086,22.90491503,9.407593111,6.950782674,477,19,8,7,34,474,10,3,2,15,511,489,222,30,198,17
38,1000,50,5.13,10.3,18,37,66,956,21,9,14,44,7.914300197,200,254,43.11180835,40.26979244,8.778685598,7.090432862,458,13,7,10,30,498,8,2,4,14,488,512,230,24,189,11
34,1000,50,5.13,10.3,18,37,72,960,27,6,7,40,7.960536881,219,244,38.88122934,33.19608919,9.087450641,6.829106433,470,19,5,7,31,490,8,1,0,9,501,499,214,30,201,18
35,1000,50,5.13,10.3,18,37,70,963,17,13,7,37,7.764843135,231,286,67.07992247,61.09040712,8.862833526,6.679950045,468,11,11,7,29,495,6,2,0,8,497,503,269,17,216,15
36,1000,50,5.13,10.3,18,37,68,966,21,7,6,34,7.73225343,190,230,32.57607708,25.5402086,8.890762343,6.526458439,491,9,6,4,19,475,12,1,2,15,510,490,208,22,180,10
37,1000,50,5.13,10.3,18,37,70,960,28,5,7,40,7.999648847,203,227,31.25999216,24.75999217,8.842205241,7.097782065,491,17,4,5,26,469,11,1,2,14,517,483,199,28,183,20
39,1000,50,5.13,10.3,18,37,55,959,28,9,4,41,7.792790105,191,224,30.20027724,23.96137193,8.601766396,7.111938973,431,17,6,3,26,528,11,3,1,15,457,543,194,30,176,15
33,1000,50,5.13,10.3,18,37,78,950,30,11,9,50,8.211349871,210,240,28.80058253,23.54753178,9.44850088,6.918539716,476,20,8,7,35,474,10,3,2,15,511,489,224,16,195,15
40,1000,50,5.13,10.3,18,37,9,954,23,10,13,46,7.168633156,96,149,12.92804318,9.338954699,6.578334744,7.787962638,493,12,5,2,19,461,11,5,11,27,512,488,86,63,67,29
38,1000,50,5.13,10.3,18,37,67,959,19,9,13,41,7.914111643,199,269,45.76434499,43.50997876,8.831887152,7.039356862,458,13,7,10,30,501,6,2,3,11,488,512,240,29,188,11
34,1000,50,5.13,10.3,18,37,73,959,27,7,7,41,7.980223267,214,256,39.8442119,34.34598137,9.131910392,6.823920162,469,19,6,7,32,490,8,1,0,9,501,499,229,27,190,24
35,1000,50,5.13,10.3,18,37,71,964,17,12,7,36,7.776532994,226,288,70.46757645,64.90055263,8.935578733,6.63131285,468,11,11,7,29,496,6,1,0,7,497,503,264,24,213,13
36,1000,50,5.13,10.3,18,37,69,965,22,7,6,35,7.71131349,193,242,33.59030463,26.29776738,8.919277067,6.454045276,490,10,6,4,20,475,12,1,2,15,510,490,225,17,178,15
37,1000,50,5.13,10.3,18,37,71,959,29,5,7,41,8.014599255,205,236,32.05393636,25.34088841,8.938524832,7.025635439,490,18,4,5,27,469,11,1,2,14,517,483,208,28,197,8
33,1000,50,5.13,10.3,18,37,79,950,30,11,9,50,8.207848992,207,270,29.69521568,24.25532244,9.45210304,6.907616233,476,20,8,7,35,474,10,3,2,15,511,489,245,25,189,18
39,1000,50,5.13,10.3,18,37,56,958,29,9,4,42,7.806925906,190,207,31.31734636,24.82567674,8.648211566,7.098882543,430,18,6,3,27,528,11,3,1,15,457,543,181,26,175,15
40,1000,50,5.13,10.3,18,37,10,957,21,10,12,43,7.168318412,102,125,12.9704974,9.408051577,6.579440413,7.786157623,494,11,5,2,18,463,10,5,10,25,512,488,74,51,71,31
34,1000,50,5.13,10.3,18,37,74,959,27,7,7,41,8.004753885,216,261,41.24337684,35.46391825,9.1863979,6.818373821,469,19,6,7,32,490,8,1,0,9,501,499,240,21,201,15
38,1000,50,5.13,10.3,18,37,68,959,19,9,13,41,7.921362768,215,264,47.40604191,45.52590288,8.879651765,7.007993568,458,13,7,10,30,501,6,2,3,11,488,512,242,22,208,7
36,1000,50,5.13,10.3,18,37,70,965,22,7,6,35,7.713870559,210,254,34.67804178,27.19172793,8.974129503,6.402172474,490,10,6,4,20,475,12,1,2,15,510,490,223,31,194,16
35,1000,50,5.13,10.3,18,37,72,963,18,12,7,37,7.767656968,235,270,73.55951027,68.27820927,8.967570339,6.582056678,468,11,11,7,29,495,7,1,0,8,497,503,249,21,221,14
37,1000,50,5.13,10.3,18,37,72,960,28,4,8,40,7.994188272,205,244,32.91977427,26.00460117,8.954869737,6.965881196,491,17,3,6,26,469,11,1,2,14,517,483,221,23,188,17
33,1000,50,5.13,10.3,18,37,80,950,30,11,9,50,8.19497953,206,250,30.49059395,24.91646074,9.495991864,6.835434942,476,20,8,7,35,474,10,3,2,15,511,489,229,21,192,14
39,1000,50,5.13,10.3,18,37,57,958,28,10,4,42,7.807791221,181,243,32.68129091,25.99719223,8.713548939,7.045486843,430,18,6,3,27,528,10,4,1,15,457,543,211,32,171,10
40,1000,50,5.13,10.3,18,37,11,957,21,8,14,43,7.229236336,105,128,13.03930203,9.493408428,6.679044644,7.806486636,494,11,4,3,18,463,10,4,11,25,512,488,79,49,73,32
34,1000,50,5.13,10.3,18,37,75,960,26,7,7,40,8.012372874,223,247,43.4004281,37.4197082,9.211911368,6.808026611,469,19,6,7,32,491,7,1,0,8,501,499,227,20,213,10
38,1000,50,5.13,10.3,18,37,69,959,19,9,13,41,7.927435565,225,260,50.19257261,48.80701319,8.896861186,7.00345177,458,13,7,10,30,501,6,2,3,11,488,512,236,24,204,21
36,1000,50,5.13,10.3,18,37,71,965,22,7,6,35,7.730146854,209,255,35.7248851,27.92334721,9.004426307,6.403855996,490,10,6,4,20,475,12,1,2,15,510,490,235,20,195,14
37,1000,50,5.13,10.3,18,37,73,959,29,4,8,41,8.008189282,212,243,34.03139603,26.90590433,9.041928767,6.901681385,491,17,3,6,26,468,12,1,2,15,517,483,214,29,197,15
35,1000,50,5.13,10.3,18,37,73,963,18,12,7,37,7.727797975,255,272,77.29819857,72.78636251,8.998183032,6.472566616,468,11,11,7,29,495,7,1,0,8,497,503,248,24,247,8
33,1000,50,5.13,10.3,18,37,81,950,30,11,9,50,8.19162083,238,244,31.43840376,25.66834646,9.505668547,6.818454402,476,20,8,7,35,474,10,3,2,15,511,489,229,15,223,15
39,1000,50,5.13,10.3,18,37,58,956,30,10,4,44,7.826104925,192,242,33.54495523,26.79388193,8.778179219,7.024819562,428,20,6,3,29,528,10,4,1,15,457,543,214,28,178,14
34,1000,50,5.13,10.3,18,37,76,961,25,7,7,39,7.976782859,213,255,45.05439923,38.6263988,9.230561546,6.717979008,469,19,6,7,32,492,6,1,0,7,501,499,240,15,197,16
40,1000,50,5.13,10.3,18,37,12,957,22,9,12,43,7.220203191,93,129,13.12583482,9.560635613,6.718865379,7.746196962,494,11,4,3,18,463,11,5,9,25,512,488,80,49,59,34
38,1000,50,5.13,10.3,18,37,70,959,19,9,13,41,7.891369714,225,281,52.84098857,51.84468577,8.923834178,6.907302022,458,13,7,10,30,501,6,2,3,11,488,512,252,29,215,10
36,1000,50,5.13,10.3,18,37,72,966,21,7,6,34,7.734136124,218,254,36.67283455,28.71844291,9.039305504,6.375694524,490,10,6,4,20,476,11,1,2,14,510,490,230,24,202,16
37,1000,50,5.13,10.3,18,37,74,959,29,4,8,41,7.998523334,207,245,35.29420914,27.84687942,9.074734148,6.846554408,491,17,3,6,26,468,12,1,2,15,517,483,216,29,189,18
35,1000,50,5.13,10.3,18,37,74,963,18,12,7,37,7.70392177,256,285,83.80430687,81.32840973,9.018568823,6.404956392,468,11,11,7,29,495,7,1,0,8,497,503,265,20,239,17
33,1000,50,5.13,10.3,18,37,82,950,30,11,9,50,8.204228658,209,258,32.60916874,26.63260314,9.54775161,6.800260911,476,20,8,7,35,474,10,3,2,15,511,489,234,24,202,7
39,1000,50,5.13,10.3,18,37,59,958,29,9,4,42,7.840958974,198,250,34.82728203,27.69712935,8.793830127,7.039002959,429,21,4,3,28,529,8,5,1,14,457,543,220,30,182,16
34,1000,50,5.13,10.3,18,37,77,961,25,7,7,39,7.977623366,219,261,47.22526292,40.01152423,9.263905319,6.686185974,468,20,6,7,33,493,5,1,0,6,501,499,244,17,209,10
38,1000,50,5.13,10.3,18,37,71,959,18,10,13,41,7.882187969,230,283,55.2648077,53.79427799,8.955912447,6.858794327,458,12,8,10,30,501,6,2,3,11,488,512,259,24,219,11
40,1000,50,5.13,10.3,18,37,13,959,20,9,12,41,7.197575384,101,139,13.16233809,9.600603206,6.726792884,7.691511122,495,10,4,3,17,464,10,5,9,24,512,488,90,49,70,31
36,1000,50,5.13,10.3,18,37,73,966,20,7,7,34,7.720958172,215,245,38.12983813,29.94182873,9.05749279,6.329871121,490,10,6,4,20,476,10,1,3,14,510,490,221,24,201,14
37,1000,50,5.13,10.3,18,37,75,959,29,4,8,41,8.001937462,207,263,36.55556867,28.77633991,9.089626484,6.837682338,491,17,3,6,26,468,12,1,2,15,517,483,233,30,195,12
35,1000,50,5.13,10.3,18,37,75,964,17,12,7,36,7.740647105,268,302,88.57724779,85.7792149,9.114428907,6.383252362,468,11,11,7,29,496,6,1,0,7,497,503,279,23,255,13
33,1000,50,5.13,10.3,18,37,83,948,32,11,9,52,8.231308393,219,263,33.6677675,27.52058897,9.585545368,6.816144601,476,20,8,7,35,472,12,3,2,17,511,489,246,17,207,12
39,1000,50,5.13,10.3,18,37,60,958,28,9,5,42,7.901824429,196,266,35.95765546,28.46050674,8.879766288,7.07876839,429,20,5,3,28,529,8,4,2,14,457,543,236,30,183,13
34,1000,50,5.13,10.3,18,37,78,961,25,7,7,39,7.991803321,239,276,49.36688116,41.56666931,9.297782746,6.68058951,468,20,6,7,33,493,5,1,0,6,501,499,251,25,227,12
38,1000,50,5.13,10.3,18,37,72,959,19,10,12,41,7.859390619,251,283,58.41393008,56.67619375,8.997498923,6.774631142,458,13,8,9,30,501,6,2,3,11,488,512,251,32,234,17
36,1000,50,5.13,10.3,18,37,74,965,19,8,8,35,7.742962175,210,272,38.89155895,30.51835762,9.089753482,6.341199794,490,10,6,4,20,475,9,2,4,15,510,490,250,22,198,12
37,1000,50,5.13,10.3,18,37,76,957,31,4,8,43,8.009865614,234,270,37.63774348,29.63750598,9.16877814,6.769373324,489,19,3,6,28,468,12,1,2,15,517,483,246,24,215,19
40,1000,50,5.13,10.3,18,37,14,960,19,9,12,40,7.214913362,109,141,13.20815151,9.646404245,6.758144123,7.694146662,496,9,4,3,16,464,10,5,9,24,512,488,88,53,76,33
35,1000,50,5.13,10.3,18,37,76,964,17,12,7,36,7.705752472,262,288,93.22544505,91.57783523,9.112856866,6.315432623,468,11,11,7,29,496,6,1,0,7,497,503,273,15,253,9
33,1000,50,5.13,10.3,18,37,84,947,33,11,9,53,8.21579455,230,274,34.47146642,28.27225956,9.612391524,6.756364991,476,20,8,7,35,471,13,3,2,18,511,489,249,25,218,12
39,1000,50,5.13,10.3,18,37,61,957,29,9,5,43,7.90078023,190,244,37.08473372,29.35198491,8.907111812,7.053830813,428,21,5,3,29,529,8,4,2,14,457,543,219,25,173,17
34,1000,50,5.13,10.3,18,37,79,963,24,6,7,37,7.978123393,236,275,52.41904869,43.47305387,9.307783351,6.643134137,470,19,5,7,31,493,5,1,0,6,501,499,253,22,228,8
38,1000,50,5.13,10.3,18,37,73,958,21,9,12,42,7.880665701,240,283,60.76854118,58.73797399,9.049987654,6.766155714,457,15,7,9,31,501,6,2,3,11,488,512,258,25,230,10
36,1000,50,5.13,10.3,18,37,75,964,19,9,8,36,7.76439518,212,270,40.2846656,31.62251865,9.160743833,6.311052704,489,11,6,4,21,475,8,3,4,15,510,490,246,24,203,9
37,1000,50,5.13,10.3,18,37,77,959,29,4,8,41,8.01780188,215,270,39.00759597,30.74087498,9.203029021,6.749142601,490,18,3,6,27,469,11,1,2,14,517,483,246,24,201,14
35,1000,50,5.13,10.3,18,37,77,963,18,12,7,37,7.725668007,256,304,96.75114997,94.25650355,9.163151177,6.305331754,467,12,11,7,30,496,6,1,0,7,497,503,287,17,244,12
40,1000,50,5.13,10.3,18,37,15,960,20,8,12,40,7.216195968,97,136,13.25921334,9.692197299,6.764029555,7.690600074,496,9,4,3,16,464,11,4,9,24,512,488,86,50,74,23
33,1000,50,5.13,10.3,18,37,85,949,32,11,8,51,8.163061723,237,273,35.71680405,29.48785992,9.645937027,6.613472193,476,20,8,7,35,473,12,3,1,16,511,489,259,14,223,14
39,1000,50,5.13,10.3,18,37,62,956,29,10,5,44,7.903737654,226,271,38.33809387,30.3505716,8.963630169,7.011710251,427,21,6,3,30,529,8,4,2,14,457,543,250,21,215,11
34,1000,50,5.13,10.3,18,37,80,963,24,6,7,37,7.976367186,230,275,54.66314891,44.96111827,9.325682623,6.621643671,470,19,5,7,31,493,5,1,0,6,501,499,260,15,222,8
36,1000,50,5.13,10.3,18,37,76,965,18,9,8,35,7.749807035,221,257,41.60125131,32.76646792,9.166994901,6.274774766,490,10,6,4,20,475,8,3,4,15,510,490,239,18,202,19
38,1000,50,5.13,10.3,18,37,74,958,21,9,12,42,7.845080495,248,278,63.46899114,61.0006575,9.084313388,6.663936644,457,15,7,9,31,501,6,2,3,11,488,512,245,33,228,20
37,1000,50,5.13,10.3,18,37,78,957,30,5,8,43,8.034667362,217,263,40.57097535,31.85275363,9.257568426,6.725682164,489,19,3,6,28,468,11,2,2,15,517,483,241,22,208,9
35,1000,50,5.13,10.3,18,37,78,963,17,13,7,37,7.687544078,284,317,100.3882476,98.36143221,9.202140037,6.191014869,467,11,12,7,30,496,6,1,0,7,497,503,291,26,269,15
33,1000,50,5.13,10.3,18,37,86,950,30,12,8,50,8.130725394,227,281,37.20931609,30.82777944,9.675611311,6.516335407,475,20,9,7,36,475,10,3,1,14,511,489,269,12,223,4
40,1000,50,5.13,10.3,18,37,16,960,21,8,11,40,7.212455458,97,152,13.28163136,9.733318882,6.808712665,7.636054454,496,9,4,3,16,464,12,4,8,24,512,488,106,46,67,30
39,1000,50,5.13,10.3,18,37,63,956,29,10,5,44,7.888184825,215,267,39.41490792,31.28082487,8.963630169,6.983067842,427,21,6,3,30,529,8,4,2,14,457,543,243,24,200,15
34,1000,50,5.13,10.3,18,37,81,963,23,8,6,37,7.956351469,247,279,57.67189036,47.42125108,9.317080034,6.590169082,470,19,6,6,31,493,4,2,0,6,501,499,261,18,233,14
36,1000,50,5.13,10.3,18,37,77,966,18,9,7,34,7.742567313,226,275,43.00757307,33.99653778,9.204053914,6.221428198,490,10,6,4,20,476,8,3,3,14,510,490,259,16,221,5
38,1000,50,5.13,10.3,18,37,75,958,21,9,12,42,7.8202965,254,289,67.37937656,64.88888392,9.07933606,6.62027442,457,15,7,9,31,501,6,2,3,11,488,512,263,26,245,9
37,1000,50,5.13,10.3,18,37,79,957,30,5,8,43,8.043427908,243,281,41.76693662,32.84462015,9.312068479,6.685483447,489,19,3,6,28,468,11,2,2,15,517,483,257,24,230,13
33,1000,50,5.13,10.3,18,37,87,949,31,12,8,51,8.136651371,227,289,38.97305312,32.44338815,9.734369895,6.467051851,475,20,9,7,36,474,11,3,1,15,511,489,266,23,219,8
35,1000,50,5.13,10.3,18,37,79,963,17,14,6,37,7.691677596,269,311,102.6533223,100.1148951,9.242921996,6.158937105,467,11,13,6,30,496,6,1,0,7,497,503,295,16,254,15
40,1000,50,5.13,10.3,18,37,17,960,20,8,12,40,7.240108786,109,143,13.34768253,9.794724503,6.876180766,7.621934905,496,9,3,4,16,464,11,5,8,24,512,488,97,46,83,26
39,1000,50,5.13,10.3,18,37,64,956,29,10,5,44,7.874064335,219,253,40.43018462,32.12786194,8.973142382,6.949057581,427,21,6,3,30,529,8,4,2,14,457,543,215,38,203,16
34,1000,50,5.13,10.3,18,37,82,963,23,8,6,37,7.929655201,237,282,60.70190957,49.16928556,9.336544413,6.517127154,471,18,6,6,30,492,5,2,0,7,501,499,265,17,220,17
36,1000,50,5.13,10.3,18,37,78,966,17,10,7,34,7.765799965,237,283,44.19019027,34.95355427,9.225306715,6.24672151,490,10,6,4,20,476,7,4,3,14,510,490,260,23,224,13
37,1000,50,5.13,10.3,18,37,80,958,29,5,8,42,8.041562164,221,280,43.66692555,34.21496436,9.328622483,6.663901325,489,19,3,6,28,469,10,2,2,14,517,483,247,33,212,9
38,1000,50,5.13,10.3,18,37,76,956,23,8,13,44,7.85971964,242,292,72.36332966,68.71964753,9.159667172,6.620707149,455,17,6,10,33,501,6,2,3,11,488,512,271,21,235,7
33,1000,50,5.13,10.3,18,37,88,949,31,12,8,51,8.128931356,223,288,40.50266063,33.79406788,9.766314149,6.417883078,475,20,9,7,36,474,11,3,1,15,511,489,266,22,213,10
35,1000,50,5.13,10.3,18,37,80,962,18,12,8,38,7.703125042,275,347,105.2665615,102.3350542,9.315470774,6.110012063,466,12,11,8,31,496,6,1,0,7,497,503,323,24,267,8
40,1000,50,5.13,10.3,18,37,18,961,19,8,12,39,7.253471551,101,136,13.38929345,9.825974039,6.923472082,7.599700503,496,9,3,4,16,465,10,5,8,23,512,488,90,46,79,22
34,1000,50,5.13,10.3,18,37,83,962,24,8,6,38,7.934288904,246,283,63.6859436,51.09514332,9.353641907,6.509247112,470,19,6,6,31,492,5,2,0,7,501,499,264,19,229,17
39,1000,50,5.13,10.3,18,37,65,955,30,11,4,45,7.885889118,235,279,42.5333099,33.90338309,9.06309541,6.895128022,426,21,7,3,31,529,9,4,1,14,457,543,249,30,218,17
36,1000,50,5.13,10.3,18,37,79,966,17,10,7,34,7.758578095,231,274,45.58080431,35.98912895,9.271883099,6.18350554,490,10,6,4,20,476,7,4,3,14,510,490,254,20,220,11
37,1000,50,5.13,10.3,18,37,81,958,29,5,8,42,8.058050822,235,292,45.106825,35.38832377,9.394399911,6.627631611,489,19,3,6,28,469,10,2,2,14,517,483,264,28,220,15
38,1000,50,5.13,10.3,18,37,77,956,23,8,13,44,7.851764838,238,294,76.54797,72.13014016,9.187059078,6.579062515,455,17,6,10,33,501,6,2,3,11,488,512,267,27,232,6
33,1000,50,5.13,10.3,18,37,89,949,32,10,9,51,8.14513483,235,295,42.31806929,35.46030003,9.801201853,6.414561724,475,20,8,8,36,474,12,2,1,15,511,489,276,19,221,14
35,1000,50,5.13,10.3,18,37,81,961,19,12,8,39,7.713057992,290,333,109.4595794,107.0293098,9.393266675,6.052891559,465,13,11,8,32,496,6,1,0,7,497,503,308,25,274,16
34,1000,50,5.13,10.3,18,37,84,962,23,9,6,38,7.952096323,264,287,66.05919036,52.90418202,9.413174405,6.485162218,470,18,7,6,31,492,5,2,0,7,501,499,268,19,247,17
39,1000,50,5.13,10.3,18,37,66,954,31,11,4,46,7.867941714,218,254,44.51875663,35.44411481,9.097738222,6.832919606,425,22,7,3,32,529,9,4,1,14,457,543,229,25,201,17
36,1000,50,5.13,10.3,18,37,80,965,18,11,6,35,7.768740977,242,296,47.21840814,37.09085036,9.329073868,6.144721029,488,11,7,4,22,477,7,4,2,13,510,490,272,24,227,15
40,1000,50,5.13,10.3,18,37,19,959,21,8,12,41,7.289174423,102,131,13.49976439,9.919516292,6.950846513,7.644141411,495,10,3,4,17,464,11,5,8,24,512,488,87,44,77,25
37,1000,50,5.13,10.3,18,37,82,957,30,5,8,43,8.051168795,244,272,47.02493721,36.79545988,9.409365409,6.597364138,488,20,3,6,29,469,10,2,2,14,517,483,252,20,232,12
38,1000,50,5.13,10.3,18,37,78,956,23,8,13,44,7.86114124,260,313,79.52114567,74.6706291,9.217502851,6.56835908,455,17,6,10,33,501,6,2,3,11,488,512,285,28,252,8
33,1000,50,5.13,10.3,18,37,90,950,31,10,9,50,8.127893012,247,283,44.23340123,37.30583489,9.832885756,6.346193029,475,20,8,8,36,475,11,2,1,14,511,489,264,19,239,8
35,1000,50,5.13,10.3,18,37,82,961,19,12,8,39,7.703832952,298,351,114.3941233,113.4131707,9.41935808,6.008771345,465,13,11,8,32,496,6,1,0,7,497,503,324,27,288,10
34,1000,50,5.13,10.3,18,37,85,962,22,10,6,38,7.917203428,260,310,68.40542036,54.78660834,9.452172963,6.37608171,470,17,8,6,31,492,5,2,0,7,501,499,287,23,252,8
36,1000,50,5.13,10.3,18,37,81,964,18,12,6,36,7.786377714,254,283,48.99240548,38.5386188,9.353595743,6.155191602,487,11,8,4,23,477,7,4,2,13,510,490,262,21,242,12
39,1000,50,5.13,10.3,18,37,67,953,32,11,4,47,7.902424239,224,273,46.68781151,37.24104207,9.150229185,6.852245859,425,22,7,3,32,528,10,4,1,15,457,543,250,23,216,8
37,1000,50,5.13,10.3,18,37,83,956,30,6,8,44,8.055788128,242,294,49.01678216,38.38815044,9.455117866,6.557954847,487,20,4,6,30,469,10,2,2,14,517,483,277,17,224,18
40,1000,50,5.13,10.3,18,37,20,960,20,8,12,40,7.304712105,82,157,13.59296483,10.03579623,7.014840876,7.608839296,495,9,4,4,17,465,11,4,8,23,512,488,105,52,67,15
38,1000,50,5.13,10.3,18,37,79,957,22,8,13,43,7.824824218,276,320,84.58603604,78.64866209,9.237373161,6.478488508,455,17,6,10,33,502,5,2,3,10,488,512,294,26,262,14
33,1000,50,5.13,10.3,18,37,91,949,32,10,9,51,8.132173264,241,283,46.47495671,39.17066811,9.90342802,6.281230155,475,20,8,8,36,474,12,2,1,15,511,489,265,18,230,11
35,1000,50,5.13,10.3,18,37,83,961,18,11,10,39,7.699866589,284,336,117.4507941,116.9108357,9.488729565,5.932341939,464,13,10,10,33,497,5,1,0,6,497,503,311,25,276,8
34,1000,50,5.13,10.3,18,37,86,961,23,10,6,39,7.928937685,263,312,71.16036312,57.30386341,9.48651217,6.365120416,469,18,8,6,32,492,5,2,0,7,501,499,289,23,249,14
36,1000,50,5.13,10.3,18,37,82,965,17,12,6,35,7.787762186,239,311,50.75134908,40.00142924,9.420992172,6.087869751,487,11,8,4,23,478,6,4,2,12,510,490,292,19,224,15
39,1000,50,5.13,10.3,18,37,68,953,32,11,4,47,7.902760383,235,285,50.08906755,39.69338277,9.208150462,6.804117167,425,22,7,3,32,528,10,4,1,15,457,543,259,26,220,15
37,1000,50,5.13,10.3,18,37,84,957,30,5,8,43,8.066097967,263,295,51.74277034,40.38457058,9.513650965,6.516646828,487,20,4,6,30,470,10,1,2,13,517,483,275,20,244,19
38,1000,50,5.13,10.3,18,37,80,956,23,8,13,44,7.842068205,271,318,90.49854529,84.33334552,9.31252204,6.440541894,454,18,6,10,34,502,5,2,3,10,488,512,294,24,260,11
33,1000,50,5.13,10.3,18,37,92,951,30,10,9,49,8.151504215,262,298,48.71098674,41.00243711,9.947849221,6.274342052,475,20,8,8,36,476,10,2,1,13,511,489,286,12,248,14
40,1000,50,5.13,10.3,18,37,21,961,20,8,11,39,7.291083669,100,117,13.68180479,10.14391605,7.011524489,7.584391661,496,9,4,3,16,465,11,4,8,23,512,488,78,39,70,30
35,1000,50,5.13,10.3,18,37,84,961,18,11,10,39,7.704298748,301,336,122.9216517,121.0517751,9.578244908,5.852705822,464,13,10,10,33,497,5,1,0,6,497,503,314,22,289,12
34,1000,50,5.13,10.3,18,37,87,959,25,10,6,41,7.90915975,269,321,74.78113927,59.70564627,9.518405815,6.2934638,467,20,8,6,34,492,5,2,0,7,501,499,300,21,255,14
36,1000,50,5.13,10.3,18,37,83,963,18,13,6,37,7.809046921,260,305,52.47374148,41.48003133,9.481608344,6.068217686,485,12,9,4,25,478,6,4,2,12,510,490,286,19,249,11
39,1000,50,5.13,10.3,18,37,69,952,31,13,4,48,7.919469182,230,290,54.40087703,43.10788529,9.260269408,6.791024056,424,21,9,3,33,528,10,4,1,15,457,543,270,20,215,15
37,1000,50,5.13,10.3,18,37,85,955,32,5,8,45,8.064345625,245,302,53.84702062,42.19745083,9.519124881,6.507159548,486,21,4,6,31,469,11,1,2,14,517,483,278,24,232,13
33,1000,50,5.13,10.3,18,37,93,949,31,11,9,51,8.19684012,253,319,50.95317847,42.9329406,10.04682804,6.263621658,473,22,8,8,38,476,9,3,1,13,511,489,296,23,243,10
38,1000,50,5.13,10.3,18,37,81,957,22,8,13,43,7.834015928,281,303,94.84073836,88.41306428,9.331415656,6.406806812,455,17,6,10,33,502,5,2,3,10,488,512,280,23,270,11
35,1000,50,5.13,10.3,18,37,85,959,20,11,10,41,7.712854169,309,344,130.7965909,128.1453054,9.637272659,5.811390969,462,15,10,10,35,497,5,1,0,6,497,503,318,26,294,15
40,1000,50,5.13,10.3,18,37,22,961,20,8,11,39,7.312968743,108,130,13.74218935,10.21639338,7.031350131,7.60843745,497,8,4,3,15,464,12,4,8,24,512,488,86,44,78,30
34,1000,50,5.13,10.3,18,37,88,959,25,10,6,41,7.939000197,276,323,78.64498093,62.21551939,9.583507514,6.287901668,467,20,8,6,34,492,5,2,0,7,501,499,308,15,265,11
36,1000,50,5.13,10.3,18,37,84,964,17,13,6,36,7.766722919,262,289,55.12995788,43.83377083,9.505500971,5.956974335,485,12,9,4,25,479,5,4,2,11,510,490,273,16,252,10
37,1000,50,5.13,10.3,18,37,86,955,32,5,8,45,8.046086838,236,325,56.5720998,44.1606116,9.554178675,6.431835326,486,21,4,6,31,469,11,1,2,14,517,483,292,33,231,5
39,1000,50,5.13,10.3,18,37,70,952,31,13,4,48,7.888216882,242,283,57.96048018,45.74270347,9.260269408,6.733469177,424,21,9,3,33,528,10,4,1,15,457,543,257,26,229,13
33,1000,50,5.13,10.3,18,37,94,949,31,11,9,51,8.19054505,270,309,53.7092088,45.21085228,10.08872446,6.206966974,473,22,8,8,38,476,9,3,1,13,511,489,295,14,259,11
38,1000,50,5.13,10.3,18,37,82,956,21,10,13,44,7.837084069,298,317,99.69491028,92.748312,9.366998594,6.378884288,454,16,8,10,34,502,5,2,3,10,488,512,297,20,285,13
35,1000,50,5.13,10.3,18,37,86,959,20,12,9,41,7.701585226,314,340,138.0516424,135.1973253,9.642325997,5.783994445,462,15,11,9,35,497,5,1,0,6,497,503,319,21,291,23
40,1000,50,5.13,10.3,18,37,23,960,23,7,10,40,7.324912347,117,151,13.82033201,10.28625789,7.03513128,7.628944941,496,9,4,3,16,464,14,3,7,24,512,488,101,50,86,31
34,1000,50,5.13,10.3,18,37,89,957,27,10,6,43,7.963721348,277,320,81.26340377,64.20190152,9.621049895,6.299750201,467,20,8,6,34,490,7,2,0,9,501,499,296,24,261,16
36,1000,50,5.13,10.3,18,37,85,964,17,13,6,36,7.760129588,266,301,57.78030593,46.11124332,9.536298433,5.911464055,485,12,9,4,25,479,5,4,2,11,510,490,268,33,253,13
37,1000,50,5.13,10.3,18,37,87,955,32,5,8,45,8.033228644,258,301,58.71183348,45.86028152,9.588849831,6.368102031,486,21,4,6,31,469,11,1,2,14,517,483,288,13,237,21
33,1000,50,5.13,10.3,18,37,95,950,31,10,9,50,8.186976981,268,303,55.73461719,46.95044812,10.1018733,6.185929904,473,22,8,8,38,477,9,2,1,12,511,489,283,20,254,14
39,1000,50,5.13,10.3,18,37,71,952,32,12,4,48,7.897780972,237,285,62.00567048,48.89918567,9.263762757,6.748142527,425,21,8,3,32,527,11,4,1,16,457,543,268,17,226,11
38,1000,50,5.13,10.3,18,37,83,957,21,10,12,43,7.800797938,283,316,106.0962351,98.13085279,9.370578948,6.304600413,454,16,8,10,34,503,5,2,2,9,488,512,298,18,271,12
35,1000,50,5.13,10.3,18,37,87,959,20,12,9,41,7.67623769,299,345,145.8866339,142.9534376,9.683196419,5.693218827,462,15,11,9,35,497,5,1,0,6,497,503,323,22,287,12
34,1000,50,5.13,10.3,18,37,90,956,28,10,6,44,7.977076732,293,316,85.52061451,67.473723,9.675005165,6.272342975,467,20,8,6,34,489,8,2,0,10,501,499,294,22,272,21
36,1000,50,5.13,10.3,18,37,86,962,19,13,6,38,7.762105951,250,299,60.49255287,48.3849855,9.57519254,5.875015828,483,14,9,4,27,479,5,4,2,11,510,490,279,20,235,15
40,1000,50,5.13,10.3,18,37,24,963,21,7,9,37,7.290685488,100,155,13.91472473,10.37533704,7.037773619,7.556035646,496,9,4,3,16,467,12,3,6,21,512,488,104,51,84,16
37,1000,50,5.13,10.3,18,37,88,956,32,4,8,44,8.034523646,265,316,61.2910942,47.92084986,9.654227364,6.300803518,486,21,4,6,31,470,11,0,2,13,517,483,290,26,255,10
33,1000,50,5.13,10.3,18,37,96,949,32,10,9,51,8.199240063,300,329,58.49785605,49.14307285,10.18258332,6.126666642,472,23,8,8,39,477,9,2,1,12,511,489,309,20,283,17
39,1000,50,5.13,10.3,18,37,72,952,32,12,4,48,7.893285113,254,295,66.07866479,52.34458743,9.287563385,6.719831762,425,21,8,3,32,527,11,4,1,16,457,543,270,25,245,9
35,1000,50,5.13,10.3,18,37,88,958,21,12,9,42,7.688769806,314,358,155.0974873,150.1168541,9.75722574,5.644987302,461,16,11,9,36,497,5,1,0,6,497,503,342,16,306,8
38,1000,50,5.13,10.3,18,37,84,956,21,11,12,44,7.807470543,278,321,108.7550413,100.1837568,9.442066646,6.249496133,454,16,8,10,34,502,5,3,2,10,488,512,305,16,266,12
34,1000,50,5.13,10.3,18,37,91,956,27,11,6,44,7.976124617,295,347,90.94834381,71.5735337,9.711249407,6.23404542,468,18,9,6,33,488,9,2,0,11,501,499,324,23,284,11
36,1000,50,5.13,10.3,18,37,87,961,20,13,6,39,7.782527816,257,327,62.4226181,49.89495088,9.637745967,5.851586475,482,15,9,4,28,479,5,4,2,11,510,490,300,27,246,11
40,1000,50,5.13,10.3,18,37,25,964,22,7,7,36,7.26548842,121,155,14.00258227,10.45883806,7.056748963,7.484493751,496,9,4,3,16,468,13,3,4,20,512,488,102,53,88,33
37,1000,50,5.13,10.3,18,37,89,956,33,4,7,44,8.022827134,278,318,64.80956452,50.41998676,9.67724939,6.251944513,485,22,4,6,32,471,11,0,1,12,517,483,299,19,264,14
33,1000,50,5.13,10.3,18,37,97,952,32,7,9,48,8.184817721,272,315,60.78106694,51.14664204,10.22059933,6.057446752,473,23,7,8,38,479,9,0,1,10,511,489,297,18,266,6
39,1000,50,5.13,10.3,18,37,73,952,31,12,5,48,7.934989536,253,306,71.07504578,56.53908687,9.35221612,6.742222411,425,21,8,3,32,527,10,4,2,16,457,543,277,29,241,12
35,1000,50,5.13,10.3,18,37,89,958,21,12,9,42,7.648677118,308,355,167.8794427,159.6565345,9.791061428,5.531848089,461,16,11,9,36,497,5,1,0,6,497,503,340,15,300,8
38,1000,50,5.13,10.3,18,37,85,957,20,12,11,43,7.772556207,293,338,115.8046529,106.1430063,9.484242073,6.141105615,454,15,9,10,34,503,5,3,1,9,488,512,313,25,284,9
34,1000,50,5.13,10.3,18,37,92,956,27,11,6,44,7.96914113,295,334,95.84946187,75.02138526,9.78113922,6.149880523,467,19,9,6,34,489,8,2,0,10,501,499,316,18,287,8
36,1000,50,5.13,10.3,18,37,88,961,18,14,7,39,7.780879254,277,342,64.60322733,51.61623547,9.685211236,5.798819435,482,13,10,5,28,479,5,4,2,11,510,490,313,29,262,15
37,1000,50,5.13,10.3,18,37,90,956,33,4,7,44,8.018788855,266,305,68.66258251,53.50742598,9.695991335,6.223522431,485,22,4,6,32,471,11,0,1,12,517,483,290,15,256,10
33,1000,50,5.13,10.3,18,37,98,952,32,7,9,48,8.203141318,284,332,63.42540081,53.56473571,10.27484859,6.038228404,473,23,7,8,38,479,9,0,1,10,511,489,314,18,269,15
40,1000,50,5.13,10.3,18,37,26,966,21,7,6,34,7.261390866,105,138,14.10692819,10.54133961,7.062191405,7.470387021,496,9,4,3,16,470,12,3,3,18,512,488,91,47,76,29
39,1000,50,5.13,10.3,18,37,74,951,32,12,5,49,7.948502202,247,312,73.01832706,58.60088448,9.401465888,6.725657996,425,21,8,3,32,526,11,4,2,17,457,543,293,19,237,10
35,1000,50,5.13,10.3,18,37,90,956,23,12,9,44,7.675763457,315,371,175.7468745,165.973715,9.88540161,5.492482818,459,18,11,9,38,497,5,1,0,6,497,503,351,20,295,20
38,1000,50,5.13,10.3,18,37,86,958,19,12,11,42,7.762685741,291,352,123.2616432,112.3576298,9.530843325,6.077410545,453,15,10,10,35,505,4,2,1,7,488,512,328,24,281,10
34,1000,50,5.13,10.3,18,37,93,956,26,12,6,44,7.935300372,289,355,100.6299339,78.6444261,9.823932669,6.039098405,467,18,10,6,34,489,8,2,0,10,501,499,336,19,281,8
36,1000,50,5.13,10.3,18,37,89,962,17,14,7,38,7.781132499,280,312,66.58794078,53.23240843,9.725643657,5.757253538,482,13,10,5,28,480,4,4,2,10,510,490,294,18,264,16
37,1000,50,5.13,10.3,18,37,91,954,35,4,7,46,8.033920416,288,324,73.09710416,56.73058353,9.742838378,6.204705952,483,24,4,6,34,471,11,0,1,12,517,483,302,22,264,24
33,1000,50,5.13,10.3,18,37,99,952,32,7,9,48,8.192107215,281,322,67.31876711,57.00699927,10.31063295,5.978269484,473,23,7,8,38,479,9,0,1,10,511,489,304,18,271,10
39,1000,50,5.13,10.3,18,37,75,949,32,14,5,51,7.944138379,273,314,77.21020773,61.79111306,9.468061349,6.661573374,424,21,9,3,33,525,11,5,2,18,457,543,299,15,254,19
40,1000,50,5.13,10.3,18,37,27,966,21,7,6,34,7.265190343,101,139,14.23486085,10.65285541,7.088885275,7.450166152,496,9,4,3,16,470,12,3,3,18,512,488,100,39,83,18
35,1000,50,5.13,10.3,18,37,91,955,24,12,9,45,7.639072196,341,359,184.1189322,172.4530793,9.931948901,5.373545909,458,19,11,9,39,497,5,1,0,6,497,503,337,22,324,17
38,1000,50,5.13,10.3,18,37,87,958,19,12,11,42,7.760482301,296,349,131.6920585,119.6699457,9.597466109,6.009607108,453,15,10,10,35,505,4,2,1,7,488,512,330,19,286,10
34,1000,50,5.13,10.3,18,37,94,956,26,12,6,44,7.912103936,296,358,108.1763672,84.99092761,9.848250024,5.968197744,467,18,10,6,34,489,8,2,0,10,501,499,334,24,281,15
36,1000,50,5.13,10.3,18,37,90,961,18,14,7,39,7.755164911,280,313,69.83545011,56.02806401,9.761325878,5.667119824,481,14,10,5,29,480,4,4,2,10,510,490,295,18,270,10
37,1000,50,5.13,10.3,18,37,92,954,35,5,6,46,8.010643119,286,335,78.03893876,60.38933774,9.769565739,6.127904001,483,24,4,6,34,471,11,1,0,12,517,483,307,28,275,11
33,1000,50,5.13,10.3,18,37,100,952,32,7,9,48,8.191465325,294,339,71.8605744,60.8129725,10.35231141,5.933403259,473,23,7,8,38,479,9,0,1,10,511,489,316,23,286,8
39,1000,50,5.13,10.3,18,37,76,949,31,14,6,51,7.925555957,277,326,81.40770986,65.14174327,9.487511469,6.610981981,424,21,9,3,33,525,10,5,3,18,457,543,301,25,258,19
35,1000,50,5.13,10.3,18,37,92,954,25,12,9,46,7.61019633,323,367,196.7569128,183.1932994,9.976846389,5.27177669,457,20,11,9,40,497,5,1,0,6,497,503,355,12,309,14
38,1000,50,5.13,10.3,18,37,88,957,20,12,11,43,7.743882533,311,354,136.5545242,124.4391185,9.60861465,5.966559734,453,15,10,10,35,504,5,2,1,8,488,512,335,19,302,9
40,1000,50,5.13,10.3,18,37,28,966,21,7,6,34,7.307596406,113,143,14.3418901,10.76971759,7.124205006,7.500007055,496,9,4,3,16,470,12,3,3,18,512,488,110,33,88,25
34,1000,50,5.13,10.3,18,37,95,956,26,11,7,44,7.895797936,303,359,115.2472732,91.69843015,9.880621531,5.903019136,467,18,9,7,34,489,8,2,0,10,501,499,340,19,287,16
36,1000,50,5.13,10.3,18,37,91,957,21,14,8,43,7.78576847,286,344,72.92265672,58.64090482,9.823013399,5.665370686,477,18,10,5,33,480,3,4,3,10,510,490,319,25,271,15
37,1000,50,5.13,10.3,18,37,93,953,36,5,6,47,8.029377664,281,322,81.28451184,62.74556389,9.864962353,6.064579974,483,24,4,6,34,470,12,1,0,13,517,483,295,27,268,13
33,1000,50,5.13,10.3,18,37,101,952,32,7,9,48,8.172591527,319,351,75.86151258,64.0760739,10.40093,5.844000604,472,24,7,8,39,480,8,0,1,9,511,489,330,21,307,12
39,1000,50,5.13,10.3,18,37,77,950,31,12,7,50,7.901174969,277,315,83.8559072,67.04836427,9.477731273,6.574312665,425,21,8,3,32,525,10,4,4,18,457,543,298,17,261,16
35,1000,50,5.13,10.3,18,37,93,953,26,12,9,47,7.619132951,316,373,214.859133,200.0184225,10.05203026,5.215256282,456,21,11,9,41,497,5,1,0,6,497,503,360,13,300,16
38,1000,50,5.13,10.3,18,37,89,956,20,13,11,44,7.701781688,301,341,147.933823,135.0947961,9.640384901,5.854050501,453,15,10,10,35,503,5,3,1,9,488,512,328,13,292,9
34,1000,50,5.13,10.3,18,37,96,956,25,12,7,44,7.913200882,318,360,125.0410879,99.38893593,9.984939948,5.833158253,467,17,10,7,34,489,8,2,0,10,501,499,343,17,309,9
40,1000,50,5.13,10.3,18,37,29,966,22,6,6,34,7.323729455,111,142,14.51469228,10.90461405,7.150001722,7.506001175,495,10,4,3,17,471,12,2,3,17,512,488,97,45,90,21
36,1000,50,5.13,10.3,18,37,92,955,23,14,8,45,7.798034691,297,334,76.80375806,61.84779516,9.855822474,5.656255569,476,19,10,5,34,479,4,4,3,11,510,490,309,25,280,17
37,1000,50,5.13,10.3,18,37,94,953,36,5,6,47,8.031595319,288,350,84.66911734,65.46398561,9.924244025,6.005716685,483,24,4,6,34,470,12,1,0,13,517,483,332,18,273,15
33,1000,50,5.13,10.3,18,37,102,952,32,7,9,48,8.142616416,304,350,81.56985409,68.88820531,10.42848286,5.753909353,471,25,7,8,40,481,7,0,1,8,511,489,335,15,293,11
39,1000,50,5.13,10.3,18,37,78,950,31,12,7,50,7.858613802,272,307,87.68765835,70.0475381,9.479231786,6.49466828,425,21,8,3,32,525,10,4,4,18,457,543,290,17,261,11
35,1000,50,5.13,10.3,18,37,94,952,27,12,9,48,7.610611134,353,378,229.3015788,212.8063846,10.10030211,5.150618263,455,22,11,9,42,497,5,1,0,6,497,503,356,22,344,9
38,1000,50,5.13,10.3,18,37,90,955,21,13,11,45,7.721288743,314,369,155.8375583,142.5799704,9.697859792,5.837369461,452,16,10,10,36,503,5,3,1,9,488,512,349,20,302,12
34,1000,50,5.13,10.3,18,37,97,956,25,12,7,44,7.86809104,328,366,134.8936279,106.0154822,10.00256929,5.725057772,466,18,10,7,35,490,7,2,0,9,501,499,350,16,310,18
36,1000,50,5.13,10.3,18,37,93,956,23,13,8,44,7.823949933,300,327,80.86880772,64.94055995,9.905233375,5.657716146,476,19,10,5,34,480,4,3,3,10,510,490,314,13,288,12
40,1000,50,5.13,10.3,18,37,30,963,25,6,6,37,7.369642104,109,133,14.61219104,11.00697135,7.199162677,7.548505765,493,12,4,3,19,470,13,2,3,18,512,488,95,38,83,26
37,1000,50,5.13,10.3,18,37,95,953,36,5,6,47,8.037870884,297,351,89.80918145,69.14269895,9.967643812,5.972254728,482,25,4,6,35,471,11,1,0,12,517,483,332,19,288,9
33,1000,50,5.13,10.3,18,37,103,953,32,6,9,47,8.118179134,299,347,86.61874441,73.18721217,10.44189155,5.689923424,472,25,6,8,39,481,7,0,1,8,511,489,332,15,290,9
39,1000,50,5.13,10.3,18,37,79,949,32,12,7,51,7.836454396,292,321,92.44977892,73.60345768,9.491082872,6.443884943,425,21,8,3,32,524,11,4,4,19,457,543,309,12,285,7
35,1000,50,5.13,10.3,18,37,95,951,28,12,9,49,7.597277981,329,374,238.5607616,225.769135,10.13774709,5.087112677,454,23,11,9,43,497,5,1,0,6,497,503,357,17,324,5
38,1000,50,5.13,10.3,18,37,91,956,20,13,11,44,7.705713642,312,357,168.5765537,153.9860559,9.701686514,5.803301999,453,15,10,10,35,503,5,3,1,9,488,512,342,15,296,16
34,1000,50,5.13,10.3,18,37,98,958,23,12,7,42,7.848500537,324,361,143.4723594,112.3855252,10.01629071,5.672021822,467,17,10,7,34,491,6,2,0,8,501,499,349,12,310,14
36,1000,50,5.13,10.3,18,37,94,957,22,14,7,43,7.787441313,278,339,85.34385571,68.3114358,9.914334609,5.573736045,476,18,11,5,34,481,4,3,2,9,510,490,323,16,276,2
37,1000,50,5.13,10.3,18,37,96,953,36,5,6,47,8.028579464,283,356,95.08796168,73.11141848,9.991073632,5.927938709,481,26,4,6,36,472,10,1,0,11,517,483,337,19,272,11
33,1000,50,5.13,10.3,18,37,104,953,32,6,9,47,8.090708995,310,349,91.53002663,78.25137318,10.44347023,5.632097561,473,24,6,8,38,480,8,0,1,9,511,489,336,13,301,9
40,1000,50,5.13,10.3,18,37,31,962,26,6,6,38,7.357372094,114,124,14.81979484,11.19740322,7.214836141,7.506918013,492,13,4,3,20,470,13,2,3,18,512,488,86,38,91,23
41,1000,50,5.13,10.3,18,37,0,920,41,24,15,80,7.777,108,121,12.44150385,9.423911643,6.564516129,8.970238095,466,20,6,4,30,454,21,18,11,50,496,504,59,62,81,27
39,1000,50,5.13,10.3,18,37,80,950,31,12,7,50,7.828810247,284,340,95.68143256,76.44437128,9.521409682,6.404283651,426,20,8,3,31,524,11,4,4,19,457,543,318,22,267,17
35,1000,50,5.13,10.3,18,37,96,948,30,13,9,52,7.636427279,338,364,249.6517208,239.0286092,10.21427206,5.089332135,452,24,12,9,45,496,6,1,0,7,497,503,351,13,325,13
36,1000,50,5.13,10.3,18,37,95,957,22,14,7,43,7.778512244,308,372,88.9476914,71.24737557,9.975303059,5.492056497,476,18,11,5,34,481,4,3,2,9,510,490,349,23,296,12
34,1000,50,5.13,10.3,18,37,99,958,23,12,7,42,7.84304065,340,379,153.0398959,119.4900484,10.07281715,5.60432717,466,18,10,7,35,492,5,2,0,7,501,499,363,16,327,13
38,1000,50,5.13,10.3,18,37,92,955,21,12,12,45,7.729432253,336,356,182.0120594,166.3267835,9.745324033,5.8080354,452,16,9,11,36,503,5,3,1,9,488,512,342,14,326,10
37,1000,50,5.13,10.3,18,37,97,952,37,5,6,48,8.055426057,292,344,97.62764054,75.10975701,10.08318074,5.88493088,480,27,4,6,37,472,10,1,0,11,517,483,323,21,286,6
41,1000,50,5.13,10.3,18,37,1,919,42,25,14,81,7.800701011,97,122,12.45706333,9.459602573,6.625490363,8.957257523,466,20,6,4,30,453,22,19,10,51,496,504,76,46,68,29
40,1000,50,5.13,10.3,18,37,32,960,28,6,6,40,7.384508085,116,149,14.9465612,11.31510907,7.287128745,7.486676573,489,16,4,3,23,471,12,2,3,17,512,488,105,44,87,29
39,1000,50,5.13,10.3,18,37,81,952,30,11,7,48,7.82297982,305,327,100.7985643,80.70019839,9.559823496,6.361216358,426,20,8,3,31,526,10,3,4,17,457,543,311,16,291,14
35,1000,50,5.13,10.3,18,37,97,947,31,13,9,53,7.611639748,332,386,261.9287371,249.3939876,10.25580207,4.999018131,451,25,12,9,46,496,6,1,0,7,497,503,372,14,323,9
36,1000,50,5.13,10.3,18,37,96,957,22,14,7,43,7.750921696,295,346,92.53672332,74.09639518,9.994453854,5.415816796,476,18,11,5,34,481,4,3,2,9,510,490,329,17,285,10
34,1000,50,5.13,10.3,18,37,100,958,23,12,7,42,7.82029437,332,360,162.0746709,126.1239788,10.06476389,5.566828983,466,18,10,7,35,492,5,2,0,7,501,499,345,15,321,11
38,1000,50,5.13,10.3,18,37,93,956,21,11,12,44,7.702314621,335,356,195.3611686,179.2276978,9.744558449,5.755800973,452,16,9,11,36,504,5,2,1,8,488,512,342,14,317,18
37,1000,50,5.13,10.3,18,37,98,952,37,5,6,48,8.055070228,300,360,103.3002366,79.44698462,10.11990459,5.844885206,479,28,4,6,38,473,9,1,0,10,517,483,341,19,292,8
41,1000,50,5.13,10.3,18,37,2,916,44,26,14,84,7.84657622,97,117,12.49251156,9.506418571,6.661671873,9.01267256,465,20,7,4,31,451,24,19,10,53,496,504,57,60,65,32
40,1000,50,5.13,10.3,18,37,33,961,27,5,7,39,7.369488643,113,152,15.11479203,11.45338532,7.302889356,7.439363305,490,15,3,4,22,471,12,2,3,17,512,488,109,43,90,23
39,1000,50,5.13,10.3,18,37,82,953,29,10,8,47,7.822276442,309,350,106.5084934,85.2890459,9.621530404,6.307987197,427,19,7,4,30,526,10,3,4,17,457,543,333,17,293,16
35,1000,50,5.13,10.3,18,37,98,947,31,13,9,53,7.578996727,342,378,282.4400082,273.3593367,10.2956019,4.894796384,451,25,12,9,46,496,6,1,0,7,497,503,362,16,334,8
36,1000,50,5.13,10.3,18,37,97,955,23,15,7,45,7.782664605,314,374,98.42536173,78.69515386,10.08882912,5.382370927,474,19,12,5,36,481,4,3,2,9,510,490,349,25,306,8
34,1000,50,5.13,10.3,18,37,101,958,23,12,7,42,7.802907072,327,365,172.5830006,133.2772883,10.11716201,5.479376564,466,18,10,7,35,492,5,2,0,7,501,499,349,16,318,9
38,1000,50,5.13,10.3,18,37,94,956,21,11,12,44,7.705219418,315,375,207.9293068,192.2591796,9.780523004,5.727195688,452,16,9,11,36,504,5,2,1,8,488,512,356,19,305,10
37,1000,50,5.13,10.3,18,37,99,952,37,5,6,48,8.040564733,326,358,110.4555103,84.37336862,10.17378661,5.75717817,479,28,4,6,38,473,9,1,0,10,517,483,343,15,311,15
41,1000,50,5.13,10.3,18,37,3,915,45,25,15,85,7.910366121,96,137,12.52418571,9.523481672,6.719843807,9.081991256,465,20,6,5,31,450,25,19,10,54,496,504,81,56,62,34
39,1000,50,5.13,10.3,18,37,83,952,29,11,8,48,7.851866995,289,338,111.5407081,89.6577161,9.68886459,6.305811928,426,19,8,4,31,526,10,3,4,17,457,543,320,18,281,8
35,1000,50,5.13,10.3,18,37,99,946,32,13,9,54,7.572618775,361,390,294.9988638,288.0031616,10.34738156,4.830954549,450,26,12,9,47,496,6,1,0,7,497,503,373,17,356,5
40,1000,50,5.13,10.3,18,37,34,961,26,6,7,39,7.374739882,117,136,15.23939419,11.58053888,7.309037113,7.443673934,491,13,4,4,21,470,13,2,3,18,512,488,97,39,96,21
36,1000,50,5.13,10.3,18,37,98,955,24,14,7,45,7.781024097,330,348,104.3900218,83.30461798,10.18435124,5.279601969,473,20,12,5,37,482,4,2,2,8,510,490,330,18,317,13
34,1000,50,5.13,10.3,18,37,102,958,23,11,8,42,7.803358562,331,374,184.153135,141.4263778,10.15820124,5.439077642,466,18,9,8,35,492,5,2,0,7,501,499,362,12,319,12
38,1000,50,5.13,10.3,18,37,95,956,21,11,12,44,7.704796393,334,370,214.3571751,199.6207916,9.853844396,5.656485016,452,16,9,11,36,504,5,2,1,8,488,512,351,19,324,10
37,1000,50,5.13,10.3,18,37,100,951,37,6,6,49,8.056804304,328,362,118.5369165,90.48793672,10.2238512,5.737211667,478,28,5,6,39,473,9,1,0,10,517,483,342,20,314,14
41,1000,50,5.13,10.3,18,37,4,917,44,24,15,83,7.939050523,96,128,12.57316056,9.585429352,6.777782643,9.08188558,467,19,5,5,29,450,25,19,10,54,496,504,73,55,65,31
39,1000,50,5.13,10.3,18,37,84,950,31,11,8,50,7.863616154,298,353,118.966718,95.87096681,9.750806592,6.275317756,425,20,8,4,32,525,11,3,4,18,457,543,329,24,281,17
35,1000,50,5.13,10.3,18,37,100,946,32,13,9,54,7.570675794,353,403,326.9498193,329.8276274,10.39191498,4.783089557,450,26,12,9,47,496,6,1,0,7,497,503,380,23,345,8
36,1000,50,5.13,10.3,18,37,99,955,24,14,7,45,7.75482454,324,363,109.8487983,87.91431083,10.19805742,5.211867869,473,20,12,5,37,482,4,2,2,8,510,490,342,21,316,8
34,1000,50,5.13,10.3,18,37,103,958,21,12,9,42,7.800624014,355,389,198.171369,151.2738491,10.1964502,5.395195314,465,17,10,9,36,493,4,2,0,6,501,499,370,19,349,6
40,1000,50,5.13,10.3,18,37,35,959,27,7,7,41,7.419487553,128,159,15.40594253,11.71521109,7.3468565,7.495690624,490,14,4,4,22,469,13,3,3,19,512,488,113,46,94,34
38,1000,50,5.13,10.3,18,37,96,955,20,13,12,45,7.705898495,346,385,219.4422877,205.0364513,9.908275306,5.606758097,451,15,11,11,37,504,5,2,1,8,488,512,368,17,337,9
37,1000,50,5.13,10.3,18,37,101,949,39,6,6,51,8.035924656,322,349,123.403216,94.13089691,10.23938108,5.677359497,476,30,5,6,41,473,9,1,0,10,517,483,335,14,306,16
41,1000,50,5.13,10.3,18,37,5,916,45,24,15,84,7.936573257,104,127,12.62147169,9.637636619,6.841264419,9.014496239,466,20,5,5,30,450,25,19,10,54,496,504,75,52,72,32
39,1000,50,5.13,10.3,18,37,85,949,32,11,8,51,7.872928299,293,356,125.033183,100.601324,9.789472147,6.259925466,425,20,8,4,32,524,12,3,4,19,457,543,336,20,286,7
35,1000,50,5.13,10.3,18,37,101,946,32,13,9,54,7.535313294,365,397,350.7432433,353.9264745,10.44687072,4.658486173,450,26,12,9,47,496,6,1,0,7,497,503,379,18,353,12
36,1000,50,5.13,10.3,18,37,100,953,26,14,7,47,7.742857169,329,356,113.5605182,90.86639345,10.22814765,5.15612626,472,21,12,5,38,481,5,2,2,9,510,490,338,18,313,16
34,1000,50,5.13,10.3,18,37,104,956,21,14,9,44,7.793559395,364,361,215.4181159,164.9741582,10.22769734,5.349665387,463,17,12,9,38,493,4,2,0,6,501,499,344,17,345,19
42,1000,50,5.13,10.3,18,37,0,938,29,15,18,62,7.465,96,125,12.56838423,9.268363978,6.417849899,8.483234714,474,7,7,5,19,464,22,8,13,43,493,507,59,66,66,30
40,1000,50,5.13,10.3,18,37,36,959,27,7,7,41,7.460821314,124,156,15.59177689,11.87732178,7.405197345,7.519180887,490,14,4,4,22,469,13,3,3,19,512,488,117,39,93,31
38,1000,50,5.13,10.3,18,37,97,955,19,14,12,45,7.688219638,361,373,225.0996849,210.9105417,9.934225535,5.547495267,451,14,12,11,37,504,5,2,1,8,488,512,359,14,351,10
37,1000,50,5.13,10.3,18,37,102,949,38,7,6,51,8.045307685,331,375,130.2253868,99.40705419,10.29366351,5.638682507,476,29,6,6,41,473,9,1,0,10,517,483,355,20,313,18
41,1000,50,5.13,10.3,18,37,6,918,45,22,15,82,7.927917372,94,140,12.6628414,9.727610348,6.847863271,8.990827758,467,19,5,5,29,451,26,17,10,53,496,504,84,56,63,31
39,1000,50,5.13,10.3,18,37,86,950,31,11,8,50,7.875638334,312,356,129.1072168,104.4466719,9.834396705,6.227106888,425,20,8,4,32,525,11,3,4,18,457,543,341,15,302,10
35,1000,50,5.13,10.3,18,37,102,946,32,13,9,54,7.546427136,360,397,389.2344962,409.5352297,10.46851302,4.659197149,450,26,12,9,47,496,6,1,0,7,497,503,380,17,346,14
36,1000,50,5.13,10.3,18,37,101,953,26,14,7,47,7.737876101,318,374,123.8424591,99.24295025,10.28529578,5.086480111,472,21,12,5,38,481,5,2,2,9,510,490,359,15,304,14
42,1000,50,5.13,10.3,18,37,1,937,30,15,18,63,7.535695717,93,126,12.61428974,9.303203245,6.488800545,8.553682542,474,7,7,5,19,463,23,8,13,44,493,507,73,53,64,29
37,1000,50,5.13,10.3,18,37,103,948,38,8,6,52,8.049981698,332,372,135.5482901,103.3926342,10.35321929,5.584611436,476,29,6,6,41,472,9,2,0,11,517,483,354,18,320,12
38,1000,50,5.13,10.3,18,37,98,955,19,14,12,45,7.69457763,334,373,236.6005059,220.0526166,9.994592453,5.502376002,451,14,12,11,37,504,5,2,1,8,488,512,360,13,326,8
40,1000,50,5.13,10.3,18,37,37,960,26,8,6,40,7.45149968,124,165,15.78005065,12.07496349,7.400157671,7.505366706,490,14,4,4,22,470,12,4,2,18,512,488,126,39,102,22
41,1000,50,5.13,10.3,18,37,7,920,43,22,15,80,7.931645938,96,145,12.72292375,9.793652406,6.857337564,8.988901799,467,19,5,5,29,453,24,17,10,51,496,504,88,57,76,20
39,1000,50,5.13,10.3,18,37,87,950,31,11,8,50,7.845748478,319,364,132.5895613,107.161914,9.852598853,6.156741809,425,20,8,4,32,525,11,3,4,18,457,543,351,13,307,12
36,1000,50,5.13,10.3,18,37,102,952,28,14,6,48,7.72685427,325,381,133.2539129,106.6621554,10.36289273,4.983222401,471,22,12,5,39,481,6,2,1,9,510,490,365,16,315,10
35,1000,50,5.13,10.3,18,37,103,946,32,13,9,54,7.534981938,360,392,442.6189595,484.0597491,10.50829312,4.59713769,449,27,12,9,48,497,5,1,0,6,497,503,379,13,356,4
42,1000,50,5.13,10.3,18,37,2,938,30,14,18,62,7.520629955,94,139,12.67290718,9.353205826,6.517852723,8.495717085,474,7,7,5,19,464,23,7,13,43,493,507,85,54,60,34
37,1000,50,5.13,10.3,18,37,104,949,37,8,6,51,8.051242017,319,373,140.9091961,107.6920497,10.39878887,5.538443423,476,29,6,6,41,473,8,2,0,10,517,483,352,21,305,14
43,1000,50,5.13,10.3,18,37,0,930,27,21,22,70,7.564,100,124,12.55763184,9.234065017,6.510245902,8.568359375,464,12,8,4,24,466,15,13,18,46,488,512,67,57,66,34
38,1000,50,5.13,10.3,18,37,99,955,20,14,11,45,7.63477072,345,390,246.9261684,228.5124176,9.983763743,5.395886745,451,15,12,10,37,504,5,2,1,8,488,512,373,17,333,12
40,1000,50,5.13,10.3,18,37,38,961,23,10,6,39,7.451172852,131,160,15.95233525,12.2236416,7.433543474,7.469669248,489,13,6,4,23,472,10,4,2,16,512,488,123,37,110,21
39,1000,50,5.13,10.3,18,37,88,950,30,12,8,50,7.860094399,312,363,142.8270153,116.0642983,9.877851514,6.161908393,425,19,9,4,32,525,11,3,4,18,457,543,347,16,301,11
36,1000,50,5.13,10.3,18,37,103,950,30,14,6,50,7.721843992,324,366,140.3936665,112.464172,10.41965254,4.913920812,469,24,12,5,41,481,6,2,1,9,510,490,349,17,315,9
41,1000,50,5.13,10.3,18,37,8,921,43,21,15,79,8.003020825,101,139,12.75988713,9.853393799,6.905215559,9.08340061,468,18,5,5,28,453,25,16,10,51,496,504,80,59,72,29
35,1000,50,5.13,10.3,18,37,104,946,32,13,9,54,7.528635841,379,399,477.6660877,538.3649916,10.54860505,4.544690123,449,27,12,9,48,497,5,1,0,6,497,503,382,17,368,11
44,1000,50,5.13,10.3,18,37,0,937,31,18,14,63,7.237,96,138,12.53386274,9.091827677,6.864919355,7.603174603,471,16,5,4,25,466,15,13,10,38,496,504,74,64,59,37
42,1000,50,5.13,10.3,18,37,3,940,29,13,18,60,7.476086894,120,135,12.72101151,9.390763713,6.499090045,8.426105525,474,7,7,5,19,466,22,6,13,41,493,507,86,49,85,35
43,1000,50,5.13,10.3,18,37,1,932,26,23,19,68,7.531374294,91,133,12.61994791,9.309372909,6.560470574,8.456766902,464,11,9,4,24,468,15,14,15,44,488,512,76,57,72,19
38,1000,50,5.13,10.3,18,37,100,955,20,14,11,45,7.620207095,327,397,256.7733885,235.9696866,9.997244453,5.354593364,451,15,12,10,37,504,5,2,1,8,488,512,372,25,321,6
39,1000,50,5.13,10.3,18,37,89,950,30,12,8,50,7.866293493,317,370,149.0312842,120.3033306,9.938422615,6.122346883,425,19,9,4,32,525,11,3,4,18,457,543,356,14,306,11
36,1000,50,5.13,10.3,18,37,104,948,32,14,6,52,7.733388881,331,369,151.4020542,122.0805866,10.47368144,4.881247647,468,25,12,5,42,480,7,2,1,10,510,490,350,19,320,11
45,1000,50,5.13,10.3,18,37,0,952,17,15,16,48,7.381,94,112,12.56181865,8.943972236,6.398373984,8.332677165,477,5,7,3,15,475,12,8,13,33,492,508,65,47,69,25
40,1000,50,5.13,10.3,18,37,39,961,23,10,6,39,7.462352815,147,167,16.08766093,12.3578466,7.450145071,7.47516094,489,13,6,4,23,472,10,4,2,16,512,488,121,46,117,30
44,1000,50,5.13,10.3,18,37,1,936,32,18,14,64,7.286261658,114,120,12.57989443,9.142649944,6.886547626,7.679631024,471,16,5,4,25,465,16,13,10,39,496,504,64,56,76,38
41,1000,50,5.13,10.3,18,37,9,926,38,22,14,74,7.971058441,95,144,12.81413005,9.912233861,6.921467378,9.003989328,469,16,6,5,27,457,22,16,9,47,496,504,90,54,66,29
42,1000,50,5.13,10.3,18,37,4,940,29,13,18,60,7.509685541,95,133,12.73537669,9.423787073,6.561390147,8.431795265,474,7,7,5,19,466,22,6,13,41,493,507,76,57,65,30
39,1000,50,5.13,10.3,18,37,90,952,30,10,8,48,7.832426976,325,374,161.3128156,129.6601336,9.98833832,6.017967521,425,19,9,4,32,527,11,1,4,16,457,543,359,15,316,9
45,1000,50,5.13,10.3,18,37,1,952,16,16,16,48,7.398671828,96,138,12.57620149,8.956805191,6.383333333,8.382031157,477,5,7,3,15,475,11,9,13,33,492,508,79,59,68,28
38,1000,50,5.13,10.3,18,37,101,955,20,13,12,45,7.619028501,337,397,281.0357796,256.8729831,10.04345887,5.30824331,451,15,11,11,37,504,5,2,1,8,488,512,378,19,330,7
43,1000,50,5.13,10.3,18,37,2,936,25,20,19,64,7.511227319,116,157,12.65047061,9.36801213,6.551892201,8.425593604,465,11,8,4,23,471,14,12,15,41,488,512,89,68,75,41
44,1000,50,5.13,10.3,18,37,2,937,32,18,13,63,7.275220206,94,147,12.6341904,9.199865429,6.898380429,7.6460784,471,16,5,4,25,466,16,13,9,38,496,504,85,62,65,29
41,1000,50,5.13,10.3,18,37,10,924,40,21,15,76,7.989393765,121,134,12.88516879,9.989380306,6.968780424,8.993806894,468,17,5,6,28,456,23,16,9,48,496,504,89,45,90,31
40,1000,50,5.13,10.3,18,37,40,961,23,10,6,39,7.47433525,138,158,16.25811685,12.50405155,7.467079103,7.481948256,489,13,6,4,23,472,10,4,2,16,512,488,127,31,115,23
42,1000,50,5.13,10.3,18,37,5,940,30,13,17,60,7.523173443,115,148,12.79606672,9.514158032,6.624582363,8.396951356,474,7,7,5,19,466,23,6,12,41,493,507,86,62,83,32
39,1000,50,5.13,10.3,18,37,91,952,30,10,8,48,7.799637653,319,393,169.5684331,137.1288568,10.02543545,5.926360314,425,19,9,4,32,527,11,1,4,16,457,543,371,22,306,13
45,1000,50,5.13,10.3,18,37,2,953,15,16,16,47,7.396927912,98,126,12.6153231,8.997762096,6.375250753,8.386426263,477,5,7,3,15,476,10,9,13,32,492,508,68,58,70,28
38,1000,50,5.13,10.3,18,37,102,954,21,13,12,46,7.631794975,373,398,302.856889,272.7904069,10.12852448,5.252099668,450,16,11,11,38,504,5,2,1,8,488,512,380,18,361,12
43,1000,50,5.13,10.3,18,37,3,938,23,20,19,62,7.539073818,80,126,12.67999122,9.41378084,6.636015939,8.399800859,465,11,8,4,23,473,12,12,15,39,488,512,81,45,58,22
44,1000,50,5.13,10.3,18,37,3,938,32,17,13,62,7.293586172,110,125,12.65669383,9.245125714,6.961124036,7.620771131,471,16,5,4,25,467,16,12,9,37,496,504,67,58,76,34
41,1000,50,5.13,10.3,18,37,11,923,41,22,14,77,7.990989308,114,119,12.93887067,10.03675546,6.970799525,8.994985602,468,17,6,5,28,455,24,16,9,49,496,504,84,35,87,27
40,1000,50,5.13,10.3,18,37,41,961,23,10,6,39,7.491747886,143,189,16.49736628,12.7196715,7.533605787,7.447831399,489,13,6,4,23,472,10,4,2,16,512,488,140,49,126,17
42,1000,50,5.13,10.3,18,37,6,943,28,12,17,57,7.5456945,94,128,12.78896547,9.561573867,6.639330445,8.427030752,476,6,6,5,17,467,22,6,12,40,493,507,76,52,67,27
39,1000,50,5.13,10.3,18,37,92,950,31,11,8,50,7.808660482,345,380,179.8916416,146.0591961,10.10179864,5.878708114,424,19,10,4,33,526,12,1,4,17,457,543,362,18,338,7
45,1000,50,5.13,10.3,18,37,3,954,15,15,16,46,7.44553272,101,133,12.63078885,9.02793914,6.423974773,8.434915613,478,4,7,3,14,476,11,8,13,32,492,508,88,45,66,35
38,1000,50,5.13,10.3,18,37,103,954,21,12,13,46,7.617160929,375,415,308.5358745,276.8896547,10.18257869,5.171997128,450,16,11,11,38,504,5,1,2,8,488,512,395,20,363,12
43,1000,50,5.13,10.3,18,37,4,937,26,20,17,63,7.526280773,114,128,12.71662991,9.480565709,6.607288472,8.402195309,465,12,8,3,23,472,14,12,14,40,488,512,86,42,75,39
44,1000,50,5.13,10.3,18,37,4,940,31,14,15,60,7.335731313,109,118,12.69894272,9.27935222,6.954117525,7.71128774,473,15,4,4,23,467,16,10,11,37,496,504,78,40,75,34
41,1000,50,5.13,10.3,18,37,12,924,40,21,15,76,8.008285961,103,137,12.96519903,10.1272012,6.992574988,9.007874537,469,17,4,6,27,455,23,17,9,49,496,504,69,68,77,26
42,1000,50,5.13,10.3,18,37,7,944,29,12,15,56,7.538128633,90,128,12.84416996,9.603096852,6.684413463,8.368269815,476,6,6,5,17,468,23,6,10,39,493,507,79,49,64,26
40,1000,50,5.13,10.3,18,37,42,960,24,10,6,40,7.529285695,129,169,16.7519437,12.96781999,7.565924967,7.490844492,489,13,6,4,23,471,11,4,2,17,512,488,131,38,108,21
39,1000,50,5.13,10.3,18,37,93,951,29,12,8,49,7.781116343,353,398,194.2777112,157.6620896,10.15192037,5.785798773,424,18,11,4,33,527,11,1,4,16,457,543,380,18,340,13
45,1000,50,5.13,10.3,18,37,4,952,17,15,16,48,7.468799937,80,137,12.6744757,9.068066963,6.447294775,8.458131709,477,5,7,3,15,475,12,8,13,33,492,508,91,46,54,26
38,1000,50,5.13,10.3,18,37,104,955,21,12,12,45,7.564390961,375,390,325.837109,291.1215936,10.21296623,5.039967657,450,16,11,11,38,505,5,1,1,7,488,512,380,10,365,10
46,1000,50,5.13,10.3,18,37,0,946,23,11,20,54,7.225,91,127,12.55885417,9.003158002,6.658280922,7.741873805,458,7,4,8,19,488,16,7,12,35,477,523,74,53,59,32
43,1000,50,5.13,10.3,18,37,5,936,27,20,17,64,7.554210845,95,122,12.78350093,9.56404189,6.645377545,8.420442584,464,13,8,3,24,472,14,12,14,40,488,512,69,53,71,24
44,1000,50,5.13,10.3,18,37,5,940,30,15,15,60,7.359000472,96,134,12.72018867,9.359828819,6.983803526,7.72824191,473,15,4,4,23,467,15,11,11,37,496,504,78,56,65,31
41,1000,50,5.13,10.3,18,37,13,926,39,20,15,74,8.025862174,111,146,12.9963926,10.16933076,7.002036584,9.033436564,469,17,4,6,27,457,22,16,9,47,496,504,97,49,72,39
42,1000,50,5.13,10.3,18,37,8,945,27,12,16,55,7.544985521,94,129,12.91182105,9.656527795,6.729486127,8.337966194,476,6,6,5,17,469,21,6,11,38,493,507,77,52,65,29
39,1000,50,5.13,10.3,18,37,94,950,28,14,8,50,7.810019493,340,382,206.202781,167.2287957,10.2245747,5.777880025,423,18,12,4,34,527,10,2,4,16,457,543,364,18,331,9
40,1000,50,5.13,10.3,18,37,43,960,24,10,6,40,7.506449483,143,182,16.93093104,13.15158491,7.574571862,7.434976824,489,13,6,4,23,471,11,4,2,17,512,488,150,32,117,26
45,1000,50,5.13,10.3,18,37,5,952,17,16,15,48,7.453863709,104,120,12.71531267,9.12335918,6.470653575,8.406106594,477,5,7,3,15,475,12,9,12,33,492,508,66,54,67,37
43,1000,50,5.13,10.3,18,37,6,938,26,19,17,62,7.553010269,108,135,12.78298831,9.615752458,6.649532329,8.41413768,465,12,8,3,23,473,14,11,14,39,488,512,88,47,77,31
46,1000,50,5.13,10.3,18,37,1,947,22,11,20,53,7.253066411,86,135,12.58100283,9.020677195,6.717149017,7.741847667,458,7,4,8,19,489,15,7,12,34,477,523,80,55,70,16
44,1000,50,5.13,10.3,18,37,6,942,28,15,15,58,7.376939794,97,148,12.76503815,9.409918719,7.055052289,7.693717972,474,14,4,4,22,468,14,11,11,36,496,504,90,58,70,27
41,1000,50,5.13,10.3,18,37,14,927,39,19,15,73,8.064986337,111,150,13.0308353,10.22971886,7.026478019,9.087010396,470,17,3,6,26,457,22,16,9,47,496,504,93,57,84,27
42,1000,50,5.13,10.3,18,37,9,945,27,12,16,55,7.560351392,125,129,12.95194155,9.716874068,6.770055522,8.328824496,475,7,6,5,18,470,20,6,11,37,493,507,83,46,88,37
39,1000,50,5.13,10.3,18,37,95,950,28,14,8,50,7.785825793,337,386,225.5129927,183.9027599,10.23764017,5.722328241,423,18,12,4,34,527,10,2,4,16,457,543,372,14,328,9
45,1000,50,5.13,10.3,18,37,6,954,17,14,15,46,7.452269372,98,142,12.77609284,9.22043713,6.499140199,8.375378728,478,5,6,3,14,476,12,8,12,32,492,508,82,60,70,28
40,1000,50,5.13,10.3,18,37,44,958,26,10,6,42,7.484387704,122,159,17.25146194,13.41347509,7.615538736,7.346786621,487,15,6,4,25,471,11,4,2,17,512,488,122,37,107,15
43,1000,50,5.13,10.3,18,37,7,940,25,19,16,60,7.566413174,112,122,12.83197454,9.659824633,6.711693437,8.381067922,465,12,8,3,23,475,13,11,13,37,488,512,78,44,84,28
46,1000,50,5.13,10.3,18,37,2,946,22,12,20,54,7.299355127,99,134,12.61739866,9.068152965,6.756799869,7.79419042,457,7,5,8,20,489,15,7,12,34,477,523,83,51,69,30
44,1000,50,5.13,10.3,18,37,7,945,27,13,15,55,7.411867132,97,148,12.81124363,9.476247478,7.118595728,7.700483435,474,14,4,4,22,471,13,9,11,33,496,504,97,51,64,33
41,1000,50,5.13,10.3,18,37,15,931,37,17,15,69,8.041646559,109,144,13.11092676,10.29504611,7.079838766,8.988187561,470,17,3,6,26,461,20,14,9,43,496,504,90,54,85,24
42,1000,50,5.13,10.3,18,37,10,944,28,12,16,56,7.564802104,92,116,13.01252304,9.790538835,6.778477205,8.329413889,475,7,6,5,18,469,21,6,11,38,493,507,82,34,69,23
39,1000,50,5.13,10.3,18,37,96,950,28,14,8,50,7.751332288,348,398,255.2856727,207.3991343,10.25455218,5.644570791,423,18,12,4,34,527,10,2,4,16,457,543,384,14,339,9
45,1000,50,5.13,10.3,18,37,7,954,17,14,15,46,7.521251387,82,130,12.85654856,9.29751091,6.587552934,8.425542015,478,5,6,3,14,476,12,8,12,32,492,508,81,49,57,25
43,1000,50,5.13,10.3,18,37,8,938,27,19,16,62,7.589305355,91,115,12.88900248,9.731470492,6.756765344,8.382820053,463,14,8,3,25,475,13,11,13,37,488,512,60,55,64,27
46,1000,50,5.13,10.3,18,37,3,947,21,12,20,53,7.317520316,110,135,12.66371521,9.145813266,6.757238342,7.828523187,457,7,5,8,20,490,14,7,12,33,477,523,67,68,78,32
44,1000,50,5.13,10.3,18,37,8,947,25,13,15,53,7.443475322,94,100,12.82439988,9.507269271,7.137759282,7.744338726,474,14,4,4,22,473,11,9,11,31,496,504,58,42,69,25
40,1000,50,5.13,10.3,18,37,45,958,25,11,6,42,7.480368173,135,173,17.69426745,13.78182161,7.636098636,7.316978834,487,14,7,4,25,471,11,4,2,17,512,488,134,39,115,20
41,1000,50,5.13,10.3,18,37,16,933,36,16,15,67,8.055685999,116,155,13.14818869,10.32681375,7.100861414,8.995354638,471,16,3,6,25,462,20,13,9,42,496,504,104,51,84,32
42,1000,50,5.13,10.3,18,37,11,943,29,12,16,57,7.594674375,96,141,13.06926297,9.852498407,6.834305885,8.334046497,474,8,6,5,19,469,21,6,11,38,493,507,90,51,71,25
39,1000,50,5.13,10.3,18,37,97,951,27,14,8,49,7.723385904,357,408,280.8469088,228.5025874,10.23271301,5.611484457,423,18,12,4,34,528,9,2,4,15,457,543,395,13,346,11
45,1000,50,5.13,10.3,18,37,8,954,17,14,15,46,7.560135805,89,131,12.88702524,9.338010691,6.604512804,8.485660444,478,5,6,3,14,476,12,8,12,32,492,508,79,52,65,24
43,1000,50,5.13,10.3,18,37,9,939,25,20,16,61,7.586820596,89,130,12.98602027,9.798711339,6.798004313,8.338661116,463,13,9,3,25,476,12,11,13,36,488,512,78,52,73,16
44,1000,50,5.13,10.3,18,37,9,950,23,12,15,50,7.416415945,107,131,12.81327827,9.540396725,7.12947819,7.698799133,475,13,4,4,21,475,10,8,11,29,496,504,71,60,74,33
46,1000,50,5.13,10.3,18,37,4,948,19,13,20,52,7.357419984,92,141,12.68836976,9.190773137,6.786502348,7.878123066,457,7,5,8,20,491,12,8,12,32,477,523,86,55,66,26
41,1000,50,5.13,10.3,18,37,17,932,36,17,15,68,8.090096151,96,149,13.22192498,10.37563978,7.12473507,9.04013404,471,15,4,6,25,461,21,13,9,43,496,504,91,58,69,27
40,1000,50,5.13,10.3,18,37,46,958,25,11,6,42,7.515198186,148,187,18.08046875,14.11104174,7.709061624,7.311800481,486,15,7,4,26,472,10,4,2,16,512,488,154,33,129,19
42,1000,50,5.13,10.3,18,37,12,944,29,12,15,56,7.605475109,104,146,13.13570905,9.902172477,6.872112555,8.318587021,474,8,6,5,19,470,21,6,10,37,493,507,88,58,78,26
39,1000,50,5.13,10.3,18,37,98,952,25,14,9,48,7.697193638,364,414,301.4366491,243.7952895,10.28085681,5.522729417,423,18,12,4,34,529,7,2,5,14,457,543,402,12,354,10
45,1000,50,5.13,10.3,18,37,9,956,16,13,15,44,7.560575848,109,155,12.93077279,9.377758619,6.623836412,8.46781168,478,5,6,3,14,478,11,7,12,30,492,508,92,63,77,32
43,1000,50,5.13,10.3,18,37,10,940,24,20,16,60,7.569909539,108,122,13.01834804,9.858997446,6.798716526,8.30495288,463,13,9,3,25,477,11,11,13,35,488,512,77,45,77,31
44,1000,50,5.13,10.3,18,37,10,952,21,13,14,48,7.402945798,116,138,12.8212029,9.622914927,7.143757614,7.658019885,477,11,4,4,19,475,10,9,10,29,496,504,75,63,89,27
41,1000,50,5.13,10.3,18,37,18,931,36,18,15,69,8.122352872,117,145,13.29698575,10.48263822,7.15296642,9.076352238,471,15,4,6,25,460,21,14,9,44,496,504,104,41,89,28
46,1000,50,5.13,10.3,18,37,5,948,20,12,20,52,7.386021248,89,129,12.72255242,9.241131128,6.871962169,7.854866718,456,8,5,8,21,492,12,7,12,31,477,523,68,61,65,24
40,1000,50,5.13,10.3,18,37,47,957,26,11,6,43,7.519213076,137,189,18.52543301,14.46998675,7.730780094,7.297241123,485,16,7,4,27,472,10,4,2,16,512,488,144,45,118,19
42,1000,50,5.13,10.3,18,37,13,944,30,11,15,56,7.600792746,98,140,13.23044324,9.98617,6.907312591,8.275123548,473,9,6,5,20,471,21,5,10,36,493,507,79,61,70,28
39,1000,50,5.13,10.3,18,37,99,952,25,14,9,48,7.694837494,363,407,326.3570275,266.1951198,10.29601636,5.505631712,423,18,12,4,34,529,7,2,5,14,457,543,393,14,355,8
45,1000,50,5.13,10.3,18,37,10,959,15,11,15,41,7.528512865,122,122,12.96129371,9.422548165,6.621542521,8.406917214,480,4,5,3,12,479,11,6,12,29,492,508,74,48,90,32
43,1000,50,5.13,10.3,18,37,11,939,23,20,18,61,7.604204247,110,114,13.11157589,9.946673698,6.844055982,8.328720561,463,12,10,3,25,476,11,10,15,36,488,512,66,48,83,27
44,1000,50,5.13,10.3,18,37,11,952,21,13,14,48,7.427907429,95,120,12.85423598,9.666648008,7.170881701,7.680853383,477,11,4,4,19,475,10,9,10,29,496,504,88,32,73,22
46,1000,50,5.13,10.3,18,37,6,948,20,12,20,52,7.415141233,89,122,12.76961954,9.290319543,6.905800147,7.879683677,456,8,5,8,21,492,12,7,12,31,477,523,78,44,70,19
41,1000,50,5.13,10.3,18,37,19,932,36,17,15,68,8.12080804,115,155,13.34375757,10.52931292,7.19128356,9.035578163,471,15,4,6,25,461,21,13,9,43,496,504,94,61,90,25
42,1000,50,5.13,10.3,18,37,14,943,31,12,14,57,7.585198212,105,122,13.27133738,10.03472399,6.979932197,8.173750766,471,12,5,5,22,472,19,7,9,35,493,507,84,38,82,23
40,1000,50,5.13,10.3,18,37,48,957,27,11,5,43,7.508768979,149,177,18.98648054,14.82201479,7.746606672,7.25923435,485,16,7,4,27,472,11,4,1,16,512,488,150,27,128,21
39,1000,50,5.13,10.3,18,37,100,953,24,14,9,47,7.701979532,371,426,341.7082096,278.3929269,10.32689688,5.492794946,423,18,12,4,34,530,6,2,5,13,457,543,410,16,360,11
45,1000,50,5.13,10.3,18,37,11,959,15,11,15,41,7.523730026,98,142,13.0200792,9.510217568,6.635463144,8.384019999,480,4,5,3,12,479,11,6,12,29,492,508,94,48,65,33
43,1000,50,5.13,10.3,18,37,12,939,23,19,19,61,7.637283581,115,137,13.2031735,10.01639878,6.903737753,8.336444448,463,12,10,3,25,476,11,9,16,36,488,512,86,51,83,32
44,1000,50,5.13,10.3,18,37,12,954,19,13,14,46,7.421175983,83,112,12.88373253,9.734023304,7.169953367,7.668410938,478,10,4,4,18,476,9,9,10,28,496,504,72,40,57,26
41,1000,50,5.13,10.3,18,37,20,937,33,14,16,63,8.114010842,110,148,13.39438404,10.60550137,7.205466818,9.008133533,473,13,4,6,23,464,20,10,10,40,496,504,99,49,88,22
46,1000,50,5.13,10.3,18,37,7,949,21,11,19,51,7.419949062,88,134,12.79262923,9.34172638,6.914536795,7.880908242,457,8,4,8,20,492,13,7,11,31,477,523,76,58,67,21
42,1000,50,5.13,10.3,18,37,15,942,32,12,14,58,7.637502728,119,137,13.35045762,10.11125393,7.046450675,8.212233817,471,12,5,5,22,471,20,7,9,36,493,507,92,45,80,39
39,1000,50,5.13,10.3,18,37,101,953,24,14,9,47,7.689285865,370,408,359.7288078,291.902035,10.33312445,5.46417678,423,18,12,4,34,530,6,2,5,13,457,543,393,15,365,5
45,1000,50,5.13,10.3,18,37,12,958,17,11,14,42,7.528653549,103,119,13.1009618,9.581812926,6.655040145,8.37475157,479,5,5,3,13,479,12,6,11,29,492,508,73,46,79,24
40,1000,50,5.13,10.3,18,37,49,957,27,11,5,43,7.5317612,148,186,19.37884604,15.17086687,7.768135831,7.283761586,484,16,8,4,28,473,11,3,1,15,512,488,152,34,134,14
43,1000,50,5.13,10.3,18,37,13,940,24,19,17,60,7.648626732,99,130,13.25971164,10.09768883,6.954604523,8.31011665,464,11,10,3,24,476,13,9,14,36,488,512,84,46,75,24
44,1000,50,5.13,10.3,18,37,13,954,20,13,13,46,7.446804183,118,153,12.94076379,9.768183909,7.239422182,7.650894405,477,11,4,4,19,477,9,9,9,27,496,504,87,66,83,35
41,1000,50,5.13,10.3,18,37,21,939,31,14,16,61,8.135940756,99,141,13.44092539,10.67451015,7.292711447,8.965785473,473,13,4,6,23,466,18,10,10,38,496,504,99,42,83,16
46,1000,50,5.13,10.3,18,37,8,949,21,11,19,51,7.443672029,75,123,12.82038423,9.4085704,6.974747532,7.871352688,456,9,4,8,21,493,12,7,11,30,477,523,85,38,53,22
42,1000,50,5.13,10.3,18,37,16,940,32,14,14,60,7.704546206,103,142,13.40020302,10.1697474,7.136631057,8.256779279,470,11,7,5,23,470,21,7,9,37,493,507,91,51,70,33
45,1000,50,5.13,10.3,18,37,13,958,17,11,14,42,7.546252276,110,134,13.13922466,9.631044916,6.690332348,8.375214096,479,5,5,3,13,479,12,6,11,29,492,508,87,47,86,24
39,1000,50,5.13,10.3,18,37,102,953,24,14,9,47,7.698216888,374,415,383.3053834,312.4729332,10.37739773,5.443363031,423,18,12,4,34,530,6,2,5,13,457,543,398,17,362,12
43,1000,50,5.13,10.3,18,37,14,939,25,19,17,61,7.683774782,112,130,13.30782365,10.16106759,6.996882627,8.338468867,464,11,10,3,24,475,14,9,14,37,488,512,80,50,87,25
40,1000,50,5.13,10.3,18,37,50,956,28,11,5,44,7.527805757,158,181,19.89178553,15.6478145,7.795061946,7.247405822,484,16,8,4,28,472,12,3,1,16,512,488,149,32,139,19
44,1000,50,5.13,10.3,18,37,14,954,21,12,13,46,7.480525534,99,137,13.01161605,9.840215236,7.288130265,7.669866909,477,11,4,4,19,477,10,8,9,27,496,504,94,43,62,37
41,1000,50,5.13,10.3,18,37,22,941,32,12,15,59,8.163160069,129,138,13.50409399,10.74731752,7.355406317,8.958092333,473,13,4,6,23,468,19,8,9,36,496,504,93,45,101,28
46,1000,50,5.13,10.3,18,37,9,950,20,11,19,50,7.447510091,109,140,12.89298316,9.48466409,7.039765717,7.819391672,456,9,4,8,21,494,11,7,11,29,477,523,95,45,75,34
45,1000,50,5.13,10.3,18,37,14,959,18,10,13,41,7.552587459,110,150,13.20660807,9.700904985,6.816508982,8.265482362,478,6,5,3,14,481,12,5,10,27,492,508,97,53,84,26
42,1000,50,5.13,10.3,18,37,17,941,32,14,13,59,7.731652621,107,120,13.46405881,10.22241669,7.205762835,8.243020796,470,11,7,5,23,471,21,7,8,36,493,507,69,51,91,16
39,1000,50,5.13,10.3,18,37,103,953,24,13,10,47,7.655220852,379,419,401.6229873,328.543502,10.44971097,5.303320326,423,18,11,5,34,530,6,2,5,13,457,543,405,14,365,14
43,1000,50,5.13,10.3,18,37,15,941,25,18,16,59,7.688538435,112,116,13.39071579,10.23033954,7.082790555,8.265891883,464,11,10,3,24,477,14,8,13,35,488,512,70,46,91,21
44,1000,50,5.13,10.3,18,37,15,954,22,12,12,46,7.483428901,104,138,13.07310678,9.905190797,7.308405812,7.655673847,476,12,4,4,20,478,10,8,8,26,496,504,84,54,73,31
41,1000,50,5.13,10.3,18,37,23,943,31,12,14,57,8.159784099,116,132,13.56395711,10.83261922,7.38395447,8.923298972,473,13,5,5,23,470,18,7,9,34,496,504,92,40,87,29
40,1000,50,5.13,10.3,18,37,51,958,28,9,5,42,7.550124339,149,199,20.4110574,16.07482584,7.845262207,7.240471495,485,16,7,4,27,473,12,2,1,15,512,488,158,41,130,19
46,1000,50,5.13,10.3,18,37,10,951,21,12,16,49,7.416371787,115,125,12.94649101,9.521594486,7.020033595,7.777850406,456,10,4,7,21,495,11,8,9,28,477,523,78,47,87,28
45,1000,50,5.13,10.3,18,37,15,957,20,10,13,43,7.599520938,90,144,13.32187159,9.800574569,6.883087448,8.293389594,477,7,5,3,15,480,13,5,10,28,492,508,104,40,65,25
42,1000,50,5.13,10.3,18,37,18,941,31,15,13,59,7.728084438,117,154,13.58121255,10.32807902,7.194948035,8.246499125,470,11,7,5,23,471,20,8,8,36,493,507,101,53,93,24
39,1000,50,5.13,10.3,18,37,104,953,24,13,10,47,7.653193255,384,434,437.9191236,357.184955,10.48014164,5.273975184,423,18,11,5,34,530,6,2,5,13,457,543,419,15,373,11
47,1000,50,5.13,10.3,18,37,0,943,25,15,17,57,7.346,105,130,12.59182126,9.016046131,6.33127572,8.305447471,465,9,8,4,21,478,16,7,13,36,486,514,74,56,73,32
43,1000,50,5.13,10.3,18,37,16,941,26,18,15,59,7.693031409,124,141,13.46238953,10.30258571,7.132530558,8.227258782,463,12,10,3,25,478,14,8,12,34,488,512,91,50,94,30
41,1000,50,5.13,10.3,18,37,24,945,30,11,14,55,8.149110993,113,143,13.65471516,10.96881009,7.398438539,8.887868011,473,13,5,5,23,472,17,6,9,32,496,504,99,44,83,30
44,1000,50,5.13,10.3,18,37,16,956,22,11,11,44,7.453401656,96,156,13.1532319,9.97691305,7.348063253,7.557068021,476,12,4,4,20,480,10,7,7,24,496,504,99,57,72,24
46,1000,50,5.13,10.3,18,37,11,953,22,9,16,47,7.391006438,106,129,12.98828583,9.587362369,7.000957886,7.746748617,457,10,3,7,20,496,12,6,9,27,477,523,83,46,79,27
40,1000,50,5.13,10.3,18,37,52,958,28,9,5,42,7.562966644,156,202,20.87035638,16.45863043,7.895038706,7.21456317,485,16,7,4,27,473,12,2,1,15,512,488,174,28,137,19
45,1000,50,5.13,10.3,18,37,16,958,19,10,13,42,7.600572237,104,149,13.43563175,9.924269343,6.915747851,8.263827351,478,6,4,4,14,480,13,6,9,28,492,508,95,54,79,25
42,1000,50,5.13,10.3,18,37,19,945,29,14,12,55,7.757083663,100,139,13.67576671,10.42754934,7.265191912,8.235392604,470,12,7,4,23,475,17,7,8,32,493,507,83,56,83,17
47,1000,50,5.13,10.3,18,37,1,945,23,16,16,55,7.365550136,90,140,12.57715619,9.025649342,6.373977144,8.303107479,465,9,8,4,21,480,14,8,12,34,486,514,85,55,53,37
43,1000,50,5.13,10.3,18,37,17,942,25,19,14,58,7.68510609,119,147,13.57949209,10.43031817,7.158831729,8.186711341,463,12,10,3,25,479,13,9,11,33,488,512,102,45,90,29
41,1000,50,5.13,10.3,18,37,25,947,29,10,14,53,8.17992515,119,140,13.76687234,11.10617382,7.447361835,8.900860475,473,13,5,5,23,474,16,5,9,30,496,504,99,41,96,23
44,1000,50,5.13,10.3,18,37,17,954,24,11,11,46,7.487261606,109,132,13.24729222,10.0795942,7.423211957,7.550294594,474,14,4,4,22,480,10,7,7,24,496,504,82,50,85,24
46,1000,50,5.13,10.3,18,37,12,953,23,8,16,47,7.393097117,101,136,13.08046295,9.662180103,7.013601565,7.739214476,457,10,3,7,20,496,13,5,9,27,477,523,82,54,74,27
40,1000,50,5.13,10.3,18,37,53,958,29,8,5,42,7.558936659,165,193,21.32890269,16.86558264,7.932791725,7.166695278,484,17,7,4,28,474,12,1,1,14,512,488,153,40,144,21
45,1000,50,5.13,10.3,18,37,17,956,22,10,12,44,7.625312804,83,140,13.49615238,9.998468073,6.981862956,8.248496516,477,7,4,4,15,479,15,6,8,29,492,508,84,56,65,18
42,1000,50,5.13,10.3,18,37,20,944,30,14,12,56,7.754559575,117,154,13.80660493,10.51952648,7.257613177,8.237783587,469,13,7,4,24,475,17,7,8,32,493,507,104,50,93,24
43,1000,50,5.13,10.3,18,37,18,944,23,19,14,56,7.681841271,90,147,13.69310844,10.52984392,7.211535209,8.130101736,463,12,10,3,25,481,11,9,11,31,488,512,96,51,68,22
47,1000,50,5.13,10.3,18,37,2,945,23,16,16,55,7.400364442,107,115,12.6176184,9.062925891,6.399208267,8.346982926,465,9,8,4,21,480,14,8,12,34,486,514,70,45,72,35
41,1000,50,5.13,10.3,18,37,26,948,29,10,13,52,8.146575432,112,133,13.85722623,11.19529783,7.467515093,8.814857036,473,13,5,5,23,475,16,5,8,29,496,504,94,39,91,21
44,1000,50,5.13,10.3,18,37,18,955,24,10,11,45,7.48734959,113,120,13.28937149,10.14634955,7.454683346,7.519497322,474,14,4,4,22,481,10,6,7,23,496,504,88,32,80,33
46,1000,50,5.13,10.3,18,37,13,955,21,8,16,45,7.407072171,95,121,13.13571239,9.724914723,7.04733698,7.735167173,457,10,3,7,20,498,11,5,9,25,477,523,78,43,79,16
45,1000,50,5.13,10.3,18,37,18,956,23,10,11,44,7.638314026,105,141,13.59506263,10.11475655,7.029843491,8.227620135,477,7,4,4,15,479,16,6,7,29,492,508,94,47,75,30
42,1000,50,5.13,10.3,18,37,21,946,28,15,11,54,7.742604712,104,143,13.86097943,10.58930654,7.234294357,8.236878884,470,12,7,4,23,476,16,8,7,31,493,507,91,52,82,22
40,1000,50,5.13,10.3,18,37,54,958,29,8,5,42,7.550175737,166,196,21.88722082,17.27849031,7.947315764,7.133504233,484,17,7,4,28,474,12,1,1,14,512,488,168,28,148,18
43,1000,50,5.13,10.3,18,37,19,943,25,18,14,57,7.699124536,101,136,13.76216487,10.62714382,7.258898443,8.118715031,463,13,9,3,25,480,12,9,11,32,488,512,94,42,75,26
47,1000,50,5.13,10.3,18,37,3,946,22,16,16,54,7.423887241,102,145,12.67535978,9.134431561,6.45020752,8.344526043,465,9,8,4,21,481,13,8,12,33,486,514,70,75,69,33
41,1000,50,5.13,10.3,18,37,27,948,29,10,13,52,8.146743898,103,146,13.98201722,11.33489272,7.488186559,8.794847945,473,13,5,5,23,475,16,5,8,29,496,504,101,45,86,17
44,1000,50,5.13,10.3,18,37,19,954,25,10,11,46,7.520314342,100,150,13.33972752,10.20987381,7.488602213,7.551523103,473,15,4,4,23,481,10,6,7,23,496,504,91,59,79,21
46,1000,50,5.13,10.3,18,37,14,954,21,9,16,46,7.406492208,101,129,13.21483046,9.791997417,7.071441234,7.712074072,456,10,4,7,21,498,11,5,9,25,477,523,79,50,77,24
45,1000,50,5.13,10.3,18,37,19,956,24,10,10,44,7.61236631,108,130,13.69430433,10.2096834,7.025597624,8.180654092,478,7,4,3,14,478,17,6,7,30,492,508,78,52,88,20
42,1000,50,5.13,10.3,18,37,22,947,27,15,11,53,7.767633417,96,133,13.99843671,10.70108461,7.309265215,8.213344509,470,12,7,4,23,477,15,8,7,30,493,507,103,30,67,29
40,1000,50,5.13,10.3,18,37,55,957,29,9,5,43,7.546255639,160,232,22.4645942,17.79098712,7.967123307,7.10468956,483,18,7,4,29,474,11,2,1,14,512,488,187,45,149,11
43,1000,50,5.13,10.3,18,37,20,945,23,19,13,55,7.690328641,98,137,13.87852815,10.72807054,7.28083068,8.080631384,463,13,10,2,25,482,10,9,11,30,488,512,93,44,76,22
41,1000,50,5.13,10.3,18,37,28,948,29,9,14,52,8.147784452,115,138,14.10460377,11.42788468,7.495575644,8.78964074,473,13,5,5,23,475,16,4,9,29,496,504,95,43,86,29
47,1000,50,5.13,10.3,18,37,4,946,22,16,16,54,7.434177872,106,152,12.73389426,9.224484785,6.49362769,8.323491857,465,9,8,4,21,481,13,8,12,33,486,514,92,60,76,30
44,1000,50,5.13,10.3,18,37,20,956,24,9,11,44,7.53920432,118,125,13.46216832,10.30981596,7.553465241,7.525169763,473,15,4,4,23,483,9,5,7,21,496,504,74,51,92,26
46,1000,50,5.13,10.3,18,37,15,957,20,9,14,43,7.374629172,112,124,13.28970264,9.864523191,7.073058519,7.649675447,456,10,4,7,21,501,10,5,7,22,477,523,80,44,81,31
45,1000,50,5.13,10.3,18,37,20,957,23,10,10,43,7.631648661,116,169,13.78543088,10.31801501,7.112319873,8.134620637,478,7,4,3,14,479,16,6,7,29,492,508,106,63,88,28
42,1000,50,5.13,10.3,18,37,23,946,27,15,12,54,7.777217823,110,129,14.10568393,10.81432057,7.386825314,8.156830263,469,12,7,5,24,477,15,8,7,30,493,507,90,39,83,27
43,1000,50,5.13,10.3,18,37,21,945,23,19,13,55,7.699808028,111,145,14.00063489,10.85277399,7.28887871,8.091475035,463,13,10,2,25,482,10,9,11,30,488,512,101,44,86,25
40,1000,50,5.13,10.3,18,37,56,959,27,9,5,41,7.538688216,169,207,23.16939182,18.32464874,7.98522081,7.070195003,483,18,7,4,29,476,9,2,1,12,512,488,166,41,146,23
41,1000,50,5.13,10.3,18,37,29,946,31,9,14,54,8.193206635,132,151,14.25883572,11.58324606,7.525743121,8.850075491,473,13,5,5,23,473,18,4,9,31,496,504,105,46,106,26
47,1000,50,5.13,10.3,18,37,5,947,23,15,15,53,7.491800475,81,134,12.78873372,9.29329726,6.576711607,8.357040145,466,9,7,4,20,481,14,8,11,33,486,514,85,49,61,20
44,1000,50,5.13,10.3,18,37,21,955,25,9,11,45,7.588799354,116,141,13.53161988,10.37340205,7.62273247,7.555404859,472,16,4,4,24,483,9,5,7,21,496,504,86,55,86,30
46,1000,50,5.13,10.3,18,37,16,957,22,8,13,43,7.393663617,100,131,13.34622082,9.946823838,7.093738737,7.66720887,456,10,4,7,21,501,12,4,6,22,477,523,82,49,78,22
45,1000,50,5.13,10.3,18,37,21,957,24,8,11,43,7.653204664,113,150,13.85337826,10.40983141,7.145146522,8.145260974,478,7,4,3,14,479,17,4,8,29,492,508,101,49,82,31
42,1000,50,5.13,10.3,18,37,24,949,24,15,12,51,7.738396323,116,155,14.22661681,10.9434373,7.405033823,8.062553548,468,13,7,5,25,481,11,8,7,26,493,507,114,41,88,28
43,1000,50,5.13,10.3,18,37,22,947,22,19,12,53,7.682049342,131,148,14.07974352,10.96394627,7.322390569,8.024849109,464,12,10,2,24,483,10,9,10,29,488,512,103,45,98,33
41,1000,50,5.13,10.3,18,37,30,944,32,10,14,56,8.18261791,111,130,14.35355675,11.69706465,7.55350819,8.801741761,472,14,5,5,24,472,18,5,9,32,496,504,89,41,88,23
40,1000,50,5.13,10.3,18,37,57,959,27,9,5,41,7.548941487,175,228,23.97155949,18.9572295,8.035464545,7.038491065,483,18,7,4,29,476,9,2,1,12,512,488,195,33,151,24
47,1000,50,5.13,10.3,18,37,6,948,22,15,15,52,7.496632648,91,134,12.82604004,9.359265483,6.61343915,8.331714437,466,9,7,4,20,482,13,8,11,32,486,514,92,42,56,35
44,1000,50,5.13,10.3,18,37,22,956,25,8,11,44,7.589025276,89,140,13.63158611,10.449639,7.661640528,7.517562646,472,16,4,4,24,484,9,4,7,20,496,504,90,50,71,18
46,1000,50,5.13,10.3,18,37,17,958,22,7,13,42,7.387043323,98,148,13.3693829,10.00643586,7.148878674,7.604260412,456,10,4,7,21,502,12,3,6,21,477,523,104,44,78,20
45,1000,50,5.13,10.3,18,37,22,957,24,8,11,43,7.680380147,106,116,13.94974218,10.496857,7.13400508,8.20954655,478,7,4,3,14,479,17,4,8,29,492,508,73,43,83,23
42,1000,50,5.13,10.3,18,37,25,949,25,14,12,51,7.724605143,136,152,14.36450075,11.03389171,7.40378511,8.03656624,468,13,7,5,25,481,12,7,7,26,493,507,96,56,101,35
43,1000,50,5.13,10.3,18,37,23,946,23,19,12,54,7.731074783,91,140,14.16712552,11.04582761,7.401956359,8.044765781,463,13,10,2,25,483,10,9,10,29,488,512,109,31,75,16
41,1000,50,5.13,10.3,18,37,31,946,29,11,14,54,8.178528154,112,134,14.52694006,11.84193429,7.571541063,8.77588053,472,13,6,5,24,474,16,5,9,30,496,504,97,37,90,22
44,1000,50,5.13,10.3,18,37,23,959,23,7,11,41,7.560897399,106,152,13.71863644,10.52708808,7.650604015,7.472614698,473,15,4,4,23,486,8,3,7,18,496,504,109,43,81,25
40,1000,50,5.13,10.3,18,37,58,958,28,10,4,42,7.522468631,186,235,25.00279542,19.75898569,8.056678695,6.961985941,483,17,8,4,29,475,11,2,0,13,512,488,193,42,168,18
47,1000,50,5.13,10.3,18,37,7,949,23,13,15,51,7.484768698,98,143,12.87100149,9.410540606,6.632929282,8.290204411,466,9,7,4,20,483,14,6,11,31,486,514,91,52,73,25
46,1000,50,5.13,10.3,18,37,18,958,22,7,13,42,7.423535412,105,120,13.41903591,10.08776831,7.193074081,7.633726722,456,10,4,7,21,502,12,3,6,21,477,523,78,42,83,22
45,1000,50,5.13,10.3,18,37,23,959,24,7,10,41,7.695967077,106,153,14.04885494,10.59715337,7.174777448,8.200741285,478,7,4,3,14,481,17,3,7,27,492,508,104,49,87,19
42,1000,50,5.13,10.3,18,37,26,948,25,15,12,52,7.745075243,114,158,14.4853961,11.13999653,7.445407778,8.036467866,468,12,8,5,25,480,13,7,7,27,493,507,109,49,87,27
43,1000,50,5.13,10.3,18,37,24,946,25,19,10,54,7.723119297,130,150,14.29067658,11.18888465,7.45258568,7.98097165,463,13,10,2,25,483,12,9,8,29,488,512,104,46,106,24
41,1000,50,5.13,10.3,18,37,32,948,28,11,13,52,8.174588042,121,172,14.68879913,11.94876569,7.633020974,8.707558807,472,13,6,5,24,476,15,5,8,28,496,504,127,45,101,20
44,1000,50,5.13,10.3,18,37,24,962,23,5,10,38,7.56408534,101,138,13.81592874,10.61870885,7.723568719,7.407133443,473,15,3,5,23,489,8,2,5,15,496,504,86,52,76,25
47,1000,50,5.13,10.3,18,37,8,950,22,13,15,50,7.495704549,102,117,12.9213043,9.461305785,6.682621537,8.264495101,466,9,7,4,20,484,13,6,11,30,486,514,78,39,65,37
40,1000,50,5.13,10.3,18,37,59,958,26,11,5,42,7.564516895,182,229,26.03836994,20.64986967,8.139876912,6.960860483,483,15,9,5,29,475,11,2,0,13,512,488,187,42,165,17
46,1000,50,5.13,10.3,18,37,19,957,23,7,13,43,7.466744761,117,139,13.54948085,10.17977487,7.231889644,7.680943406,456,10,4,7,21,501,13,3,6,22,477,523,95,44,92,25
45,1000,50,5.13,10.3,18,37,24,958,25,7,10,42,7.693585575,127,154,14.13142879,10.67933526,7.193308252,8.178106131,478,7,4,3,14,480,18,3,7,28,492,508,98,56,104,23
42,1000,50,5.13,10.3,18,37,27,948,24,16,12,52,7.765997294,124,130,14.6228959,11.2620721,7.482042824,8.042110812,468,12,8,5,25,480,12,8,7,27,493,507,96,34,93,31
43,1000,50,5.13,10.3,18,37,25,948,24,18,10,52,7.695608103,131,154,14.43332638,11.31886956,7.476317571,7.904619391,463,13,10,2,25,485,11,8,8,27,488,512,114,40,102,29
41,1000,50,5.13,10.3,18,37,33,948,28,11,13,52,8.145684876,136,153,14.93185998,12.18347765,7.669466507,8.614344223,472,13,6,5,24,476,15,5,8,28,496,504,112,41,107,29
44,1000,50,5.13,10.3,18,37,25,962,23,6,9,38,7.594327245,123,164,13.92813156,10.71578425,7.732108648,7.458732848,473,15,3,5,23,489,8,3,4,15,496,504,114,50,83,40
47,1000,50,5.13,10.3,18,37,9,951,22,12,15,49,7.512238264,81,126,12.95922671,9.513801459,6.710982819,8.269845552,466,9,7,4,20,485,13,5,11,29,486,514,87,39,53,28
45,1000,50,5.13,10.3,18,37,25,958,26,7,9,42,7.681078138,108,150,14.215672,10.77699898,7.2184406,8.129144416,478,7,4,3,14,480,19,3,6,28,492,508,106,44,79,29
46,1000,50,5.13,10.3,18,37,20,957,24,7,12,43,7.481536333,109,139,13.67490233,10.27854995,7.255833855,7.687387351,456,10,4,7,21,501,14,3,5,22,477,523,93,46,82,27
40,1000,50,5.13,10.3,18,37,60,958,26,11,5,42,7.58225773,159,219,27.26019529,21.62138056,8.166777195,6.968991407,483,15,9,5,29,475,11,2,0,13,512,488,191,28,145,14
42,1000,50,5.13,10.3,18,37,28,949,24,15,12,51,7.774028706,107,167,14.77509823,11.39720574,7.548348475,7.993477136,468,12,8,5,25,481,12,7,7,26,493,507,125,42,82,25
43,1000,50,5.13,10.3,18,37,26,947,25,18,10,53,7.711426876,115,153,14.54539698,11.45428835,7.502158422,7.91088587,462,14,10,2,26,485,11,8,8,27,488,512,117,36,92,23
41,1000,50,5.13,10.3,18,37,34,947,28,13,12,53,8.161076662,122,175,15.05228817,12.32950841,7.704167745,8.610733056,472,13,6,5,24,475,15,7,7,29,496,504,125,50,106,16
44,1000,50,5.13,10.3,18,37,26,964,21,6,9,36,7.590173372,112,149,14.04152114,10.83468016,7.760155502,7.42288937,473,15,3,5,23,491,6,3,4,13,496,504,100,49,90,22
47,1000,50,5.13,10.3,18,37,10,951,23,12,14,49,7.54099135,90,153,13.03309011,9.610026337,6.726169222,8.31142628,466,10,7,3,20,485,13,5,11,29,486,514,96,57,62,28
45,1000,50,5.13,10.3,18,37,26,954,29,7,10,46,7.725126604,110,154,14.26651559,10.85648381,7.283810047,8.152543428,477,8,4,3,15,477,21,3,7,31,492,508,105,49,91,19
46,1000,50,5.13,10.3,18,37,21,955,26,8,11,45,7.490476752,112,148,13.78116519,10.36002319,7.294909116,7.66884341,455,11,4,7,22,500,15,4,4,23,477,523,107,41,89,23
40,1000,50,5.13,10.3,18,37,61,956,28,11,5,44,7.610818795,180,224,28.9787804,23.03441922,8.243650934,6.946863765,481,17,9,5,31,475,11,2,0,13,512,488,204,20,170,10
42,1000,50,5.13,10.3,18,37,29,951,23,15,11,49,7.762468136,112,142,14.9722694,11.51140305,7.558083709,7.961208811,468,12,8,5,25,483,11,7,6,24,493,507,99,43,87,25
43,1000,50,5.13,10.3,18,37,27,947,24,19,10,53,7.739668465,126,167,14.63684132,11.5498992,7.531326699,7.93824421,462,14,10,2,26,485,10,9,8,27,488,512,100,67,103,23
41,1000,50,5.13,10.3,18,37,35,946,30,12,12,54,8.168596381,102,157,15.23823512,12.51592831,7.75466909,8.575953399,473,12,5,6,23,473,18,7,6,31,496,504,119,38,85,17
44,1000,50,5.13,10.3,18,37,27,963,22,6,9,37,7.624550074,110,126,14.15798054,10.95729872,7.827368973,7.424950524,472,16,3,5,24,491,6,3,4,13,496,504,89,37,86,24
47,1000,50,5.13,10.3,18,37,11,951,23,12,14,49,7.558886976,98,146,13.0801252,9.680280216,6.752281146,8.321553189,466,10,7,3,20,485,13,5,11,29,486,514,97,49,72,26
45,1000,50,5.13,10.3,18,37,27,953,29,8,10,47,7.741371528,134,148,14.33850567,10.96082955,7.326943621,8.142746588,477,8,4,3,15,476,21,4,7,32,492,508,106,42,107,27
46,1000,50,5.13,10.3,18,37,22,955,25,9,11,45,7.50323042,108,124,13.88917351,10.47004416,7.334704363,7.656933918,455,11,4,7,22,500,14,5,4,23,477,523,84,40,97,11
42,1000,50,5.13,10.3,18,37,30,953,22,14,11,47,7.723449311,122,140,15.14420181,11.65106158,7.544238329,7.897711666,468,12,8,5,25,485,10,6,6,22,493,507,95,45,99,23
40,1000,50,5.13,10.3,18,37,62,957,28,10,5,43,7.589517441,182,250,30.29971485,24.08827224,8.282281155,6.862683381,480,18,9,5,32,477,10,1,0,11,512,488,225,25,167,15
43,1000,50,5.13,10.3,18,37,28,948,23,18,11,52,7.740843591,128,171,14.73117104,11.64183483,7.573597778,7.900249758,462,14,10,2,26,486,9,8,9,26,488,512,115,56,100,28
41,1000,50,5.13,10.3,18,37,36,947,30,11,12,53,8.184229844,128,158,15.3806303,12.66520949,7.815853114,8.546759323,472,13,5,6,24,475,17,6,6,29,496,504,119,39,110,18
44,1000,50,5.13,10.3,18,37,28,963,23,5,9,37,7.601672118,118,130,14.24104198,11.06687976,7.862778093,7.344710683,471,17,3,5,25,492,6,2,4,12,496,504,99,31,98,20
47,1000,50,5.13,10.3,18,37,12,955,20,12,13,45,7.531363551,106,123,13.13496885,9.736657759,6.762644468,8.258206885,467,9,7,3,19,488,11,5,10,26,486,514,81,42,81,25
45,1000,50,5.13,10.3,18,37,28,954,28,8,10,46,7.756865902,122,139,14.4182144,11.0693008,7.345706722,8.155075186,478,8,3,3,14,476,20,5,7,32,492,508,101,38,98,24
46,1000,50,5.13,10.3,18,37,23,956,23,11,10,44,7.515633665,115,147,13.95956096,10.52020316,7.360688562,7.656950709,455,10,6,6,22,501,13,5,4,22,477,523,110,37,97,18
42,1000,50,5.13,10.3,18,37,31,953,22,14,11,47,7.756806989,119,171,15.25766464,11.77643821,7.58591762,7.922977518,467,13,8,5,26,486,9,6,6,21,493,507,129,42,96,23
43,1000,50,5.13,10.3,18,37,29,949,21,19,11,51,7.740201571,132,167,14.90735511,11.79270747,7.651715474,7.824539882,463,13,10,2,25,486,8,9,9,26,488,512,119,48,107,25
41,1000,50,5.13,10.3,18,37,37,947,31,11,11,53,8.174104295,153,162,15.64006759,12.89785712,7.855983922,8.487175139,472,13,5,6,24,475,18,6,5,29,496,504,120,42,123,30
40,1000,50,5.13,10.3,18,37,63,956,29,10,5,44,7.619811383,195,230,31.4722388,24.98879332,8.345806958,6.858111107,479,19,9,5,33,477,10,1,0,11,512,488,213,17,180,15
44,1000,50,5.13,10.3,18,37,29,963,23,5,9,37,7.617839208,135,150,14.35580516,11.19781322,7.9019605,7.338227777,471,17,3,5,25,492,6,2,4,12,496,504,107,43,106,29
47,1000,50,5.13,10.3,18,37,13,955,20,12,13,45,7.52777535,92,132,13.1898128,9.795296529,6.740504237,8.272160099,467,9,7,3,19,488,11,5,10,26,486,514,84,48,71,21
46,1000,50,5.13,10.3,18,37,24,956,23,11,10,44,7.555918771,114,127,14.04085154,10.61113279,7.412718719,7.68652379,454,11,6,6,23,502,12,5,4,21,477,523,84,43,97,17
45,1000,50,5.13,10.3,18,37,29,955,27,8,10,45,7.750787508,123,155,14.59271924,11.18587314,7.399720088,8.090797686,478,8,3,3,14,477,19,5,7,31,492,508,104,51,103,20
42,1000,50,5.13,10.3,18,37,32,956,19,14,11,44,7.736653617,130,161,15.40129923,11.94283836,7.621730633,7.848403185,468,11,9,5,25,488,8,5,6,19,493,507,120,41,114,16
43,1000,50,5.13,10.3,18,37,30,949,21,19,11,51,7.762040876,122,169,15.04119018,11.91188173,7.661219545,7.858136207,463,13,10,2,25,486,8,9,9,26,488,512,137,32,96,26
41,1000,50,5.13,10.3,18,37,38,948,31,10,11,52,8.161425438,130,149,15.95737128,13.15331234,7.908761719,8.410078621,471,14,5,6,25,477,17,5,5,27,496,504,120,29,111,19
40,1000,50,5.13,10.3,18,37,64,957,28,10,5,43,7.62908643,199,231,33.28458874,26.37103929,8.390361354,6.830371756,479,19,9,5,33,478,9,1,0,10,512,488,209,22,175,24
44,1000,50,5.13,10.3,18,37,30,965,22,4,9,35,7.641797974,132,143,14.51030007,11.34362953,7.920666235,7.367356193,472,17,2,5,24,493,5,2,4,11,496,504,110,33,108,24
47,1000,50,5.13,10.3,18,37,14,956,19,12,13,44,7.533433972,114,133,13.26312651,9.864183652,6.745641361,8.27831181,467,9,7,3,19,489,10,5,10,25,486,514,96,37,87,27
46,1000,50,5.13,10.3,18,37,25,957,22,11,10,43,7.54843633,128,144,14.1506337,10.72780231,7.409134856,7.675485667,454,11,6,6,23,503,11,5,4,20,477,523,98,46,98,30
45,1000,50,5.13,10.3,18,37,30,957,27,8,8,43,7.691516348,140,145,14.73194364,11.35277793,7.388924008,7.98457822,478,9,3,2,14,479,18,5,6,29,492,508,101,44,109,31
42,1000,50,5.13,10.3,18,37,33,956,19,14,11,44,7.750512751,112,160,15.55569338,12.07773292,7.638308371,7.859618784,468,11,9,5,25,488,8,5,6,19,493,507,124,36,91,21
43,1000,50,5.13,10.3,18,37,31,946,24,19,11,54,7.77891898,132,168,15.18828458,12.05218323,7.704775611,7.849586879,461,15,10,2,27,485,9,9,9,27,488,512,119,49,100,32
41,1000,50,5.13,10.3,18,37,39,948,32,10,10,52,8.169820775,140,185,16.3175073,13.44485197,7.959108468,8.377188442,471,14,5,6,25,477,18,5,4,27,496,504,142,43,120,20
44,1000,50,5.13,10.3,18,37,31,964,23,4,9,36,7.697195977,122,141,14.61019745,11.46235341,7.996666084,7.402479364,471,18,2,5,25,493,5,2,4,11,496,504,103,38,101,21
40,1000,50,5.13,10.3,18,37,65,957,27,11,5,43,7.6511563,184,250,34.80381285,27.55665169,8.443307313,6.82004704,479,18,10,5,33,478,9,1,0,10,512,488,223,27,173,11
46,1000,50,5.13,10.3,18,37,26,957,22,11,10,43,7.562452352,113,138,14.24970361,10.81646751,7.426237665,7.686686398,453,12,6,6,24,504,10,5,4,19,477,523,98,40,92,21
47,1000,50,5.13,10.3,18,37,15,956,19,12,13,44,7.563969972,105,138,13.36114441,9.95238213,6.814563173,8.272553055,467,9,7,3,19,489,10,5,10,25,486,514,93,45,74,31
45,1000,50,5.13,10.3,18,37,31,957,27,8,8,43,7.671977463,114,168,14.87108431,11.48272194,7.353949779,7.979988528,478,9,3,2,14,479,18,5,6,29,492,508,123,45,90,24
42,1000,50,5.13,10.3,18,37,34,955,20,14,11,45,7.756025107,127,159,15.71102264,12.24332485,7.682960047,7.827072591,467,12,9,5,26,488,8,5,6,19,493,507,117,42,101,26
43,1000,50,5.13,10.3,18,37,32,947,23,19,11,53,7.796081858,124,162,15.33351517,12.214503,7.745462903,7.84432805,462,14,10,2,26,485,9,9,9,27,488,512,119,43,100,24
41,1000,50,5.13,10.3,18,37,40,949,32,10,9,51,8.169566308,135,167,16.58554917,13.65543348,8.005781919,8.330750944,470,15,5,6,26,479,17,5,3,25,496,504,135,32,109,26
44,1000,50,5.13,10.3,18,37,32,965,22,4,9,35,7.732362556,118,167,14.74420023,11.57174482,8.027001038,7.442400876,472,17,2,5,24,493,5,2,4,11,496,504,116,51,97,21
40,1000,50,5.13,10.3,18,37,66,958,26,11,5,42,7.66293236,200,257,36.39900517,28.83216735,8.503791548,6.78071944,479,18,10,5,33,479,8,1,0,9,512,488,232,25,189,11
46,1000,50,5.13,10.3,18,37,27,955,24,11,10,45,7.588910595,99,160,14.37716548,10.90861403,7.480530843,7.687757903,452,13,6,6,25,503,11,5,4,20,477,523,111,49,75,24
47,1000,50,5.13,10.3,18,37,16,956,19,12,13,44,7.58903076,122,169,13.41778553,10.03374056,6.848919758,8.288824431,468,9,6,3,18,488,10,6,10,26,486,514,99,70,85,37
42,1000,50,5.13,10.3,18,37,35,954,21,14,11,46,7.786522159,129,166,15.91784593,12.37811621,7.712190664,7.858801107,467,12,9,5,26,487,9,5,6,20,493,507,128,38,112,17
45,1000,50,5.13,10.3,18,37,32,956,28,8,8,44,7.705614774,124,120,15.03749593,11.66217112,7.377477634,8.023416886,477,10,3,2,15,479,18,5,6,29,492,508,97,23,94,30
43,1000,50,5.13,10.3,18,37,33,948,24,18,10,52,7.821174868,106,158,15.5825264,12.45207852,7.792549098,7.848458806,463,14,9,2,25,485,10,9,8,27,488,512,112,46,88,18
41,1000,50,5.13,10.3,18,37,41,949,31,11,9,51,8.176095343,137,180,17.00850986,14.0048574,8.021226024,8.328506419,470,14,6,6,26,479,17,5,3,25,496,504,143,37,117,20
44,1000,50,5.13,10.3,18,37,33,964,22,4,10,36,7.760483056,144,141,14.87815475,11.68858065,8.100335086,7.426025503,471,17,2,6,25,493,5,2,4,11,496,504,106,35,113,31
46,1000,50,5.13,10.3,18,37,28,955,24,11,10,45,7.61268634,110,150,14.51302736,11.01754949,7.510110295,7.7062404,452,13,6,6,25,503,11,5,4,20,477,523,110,40,92,18
47,1000,50,5.13,10.3,18,37,17,956,19,12,13,44,7.587412871,115,148,13.50804323,10.12907414,6.868144988,8.267498845,468,9,6,3,18,488,10,6,10,26,486,514,102,46,89,26
40,1000,50,5.13,10.3,18,37,67,958,27,11,4,42,7.683374617,208,282,38.05525267,30.10012556,8.543216046,6.781245905,480,18,10,4,32,478,9,1,0,10,512,488,243,39,193,15
42,1000,50,5.13,10.3,18,37,36,954,21,14,11,46,7.785361141,122,150,16.14766856,12.56430084,7.735335677,7.834005231,467,12,9,5,26,487,9,5,6,20,493,507,116,34,105,17
43,1000,50,5.13,10.3,18,37,34,949,24,17,10,51,7.820574205,135,154,15.72402296,12.61820252,7.822179378,7.819044274,463,14,9,2,25,486,10,8,8,26,488,512,121,33,103,32
45,1000,50,5.13,10.3,18,37,33,956,28,8,8,44,7.722507271,122,135,15.24164001,11.90819569,7.410102382,8.025072636,477,10,3,2,15,479,18,5,6,29,492,508,91,44,99,23
41,1000,50,5.13,10.3,18,37,42,949,31,11,9,51,8.219246087,145,171,17.41735408,14.35983883,8.079792642,8.356485986,470,14,6,6,26,479,17,5,3,25,496,504,136,35,123,22
44,1000,50,5.13,10.3,18,37,34,965,21,4,10,35,7.796881793,129,170,15.06425574,11.8398589,8.155081295,7.444367998,471,17,2,6,25,494,4,2,4,10,496,504,117,53,107,22
46,1000,50,5.13,10.3,18,37,29,955,24,11,10,45,7.640760102,89,153,14.59571271,11.08893634,7.55192977,7.721777441,452,13,6,6,25,503,11,5,4,20,477,523,114,39,67,22
47,1000,50,5.13,10.3,18,37,18,956,19,12,13,44,7.594839821,101,132,13.59995236,10.21536386,6.8901264,8.261164183,468,9,6,3,18,488,10,6,10,26,486,514,88,44,89,12
40,1000,50,5.13,10.3,18,37,68,958,27,11,4,42,7.675498706,215,263,39.74438964,31.45361088,8.585602857,6.720635335,480,18,10,4,32,478,9,1,0,10,512,488,232,31,201,14
42,1000,50,5.13,10.3,18,37,37,953,23,13,11,47,7.792347077,131,169,16.37719605,12.7549645,7.748611306,7.834875154,467,13,8,5,26,486,10,5,6,21,493,507,127,42,108,23
43,1000,50,5.13,10.3,18,37,35,950,24,16,10,50,7.831118605,149,178,15.89548675,12.77572941,7.855559875,7.80782302,464,14,8,2,24,486,10,8,8,26,488,512,127,51,123,26
41,1000,50,5.13,10.3,18,37,43,951,29,11,9,49,8.233459774,138,175,17.75128007,14.63761668,8.136016422,8.329356406,470,13,7,6,26,481,16,4,3,23,496,504,142,33,117,21
45,1000,50,5.13,10.3,18,37,34,957,26,9,8,43,7.754582228,123,162,15.43385143,12.12061211,7.482714867,8.017886838,477,9,4,2,15,480,17,5,6,28,492,508,122,40,99,24
44,1000,50,5.13,10.3,18,37,35,964,24,4,8,36,7.80793934,137,167,15.2304684,12.02987782,8.204650267,7.417525413,470,19,2,5,26,494,5,2,3,10,496,504,123,44,116,21
46,1000,50,5.13,10.3,18,37,30,958,21,11,10,42,7.596481,114,140,14.70889158,11.22421426,7.545026588,7.643409785,454,10,7,6,23,504,11,4,4,19,477,523,109,31,90,24
47,1000,50,5.13,10.3,18,37,19,958,18,11,13,42,7.593574139,109,144,13.69536411,10.31699613,6.889666479,8.259136635,469,9,5,3,17,489,9,6,10,25,486,514,93,51,87,22
42,1000,50,5.13,10.3,18,37,38,954,23,13,10,46,7.793652445,122,193,16.57281821,12.92393024,7.79629654,7.791081362,467,13,8,5,26,487,10,5,5,20,493,507,154,39,107,15
40,1000,50,5.13,10.3,18,37,69,958,27,11,4,42,7.672737205,210,249,41.95842749,33.18107092,8.61495422,6.684181648,480,18,10,4,32,478,9,1,0,10,512,488,229,20,196,14
43,1000,50,5.13,10.3,18,37,36,951,23,16,10,49,7.8447253,145,174,16.10769131,13.00222211,7.890640264,7.800962599,464,14,8,2,24,487,9,8,8,25,488,512,131,43,123,22
41,1000,50,5.13,10.3,18,37,44,952,28,11,9,48,8.211465319,145,182,18.27863429,15.05378417,8.136978394,8.284769911,470,13,7,6,26,482,15,4,3,22,496,504,152,30,119,26
45,1000,50,5.13,10.3,18,37,35,959,25,9,7,41,7.763161513,139,166,15.66201683,12.31647926,7.548455099,7.97110552,477,9,4,2,15,482,16,5,5,26,492,508,119,47,110,29
44,1000,50,5.13,10.3,18,37,36,964,24,4,8,36,7.855182577,123,183,15.42847615,12.23528571,8.292075517,7.425224446,470,19,2,5,26,494,5,2,3,10,496,504,128,55,108,15
46,1000,50,5.13,10.3,18,37,31,959,21,10,10,41,7.611208486,117,161,14.84987172,11.34768685,7.580183798,7.639504426,454,10,7,6,23,505,11,3,4,18,477,523,109,52,92,25
42,1000,50,5.13,10.3,18,37,39,955,21,14,10,45,7.770917801,120,181,16.80717625,13.14031134,7.790749829,7.751633404,467,13,8,5,26,488,8,6,5,19,493,507,148,33,90,30
47,1000,50,5.13,10.3,18,37,20,960,17,10,13,40,7.60567638,121,139,13.79300067,10.40610169,6.904962426,8.268219147,469,9,5,3,17,491,8,5,10,23,486,514,98,41,94,27
43,1000,50,5.13,10.3,18,37,37,951,23,16,10,49,7.832547795,143,164,16.33752454,13.2060569,7.924731885,7.744684834,464,14,8,2,24,487,9,8,8,25,488,512,125,39,126,17
41,1000,50,5.13,10.3,18,37,45,952,28,11,9,48,8.251941371,149,163,18.66108365,15.37292153,8.198513074,8.304521599,470,13,7,6,26,482,15,4,3,22,496,504,122,41,135,14
40,1000,50,5.13,10.3,18,37,70,958,27,11,4,42,7.65729391,214,261,42.94272602,34.0224082,8.622107897,6.645030056,480,18,10,4,32,478,9,1,0,10,512,488,241,20,196,18
45,1000,50,5.13,10.3,18,37,36,960,24,9,7,40,7.781139284,143,145,15.83982821,12.47207975,7.577803525,7.978070767,478,8,4,2,14,482,16,5,5,26,492,508,113,32,117,26
44,1000,50,5.13,10.3,18,37,37,963,25,4,8,37,7.846354963,141,154,15.63548174,12.44416097,8.290744437,7.409019291,469,20,2,5,27,494,5,2,3,10,496,504,111,43,122,19
46,1000,50,5.13,10.3,18,37,32,959,21,10,10,41,7.658485216,117,143,14.94813741,11.45921421,7.602193219,7.7098261,454,10,7,6,23,505,11,3,4,18,477,523,113,30,93,24
42,1000,50,5.13,10.3,18,37,40,956,20,14,10,44,7.760241443,144,163,16.98624068,13.31836663,7.792126756,7.729236592,467,13,8,5,26,489,7,6,5,18,493,507,128,35,113,31
47,1000,50,5.13,10.3,18,37,21,958,19,10,13,42,7.641534594,101,147,13.84992606,10.45810826,7.006501961,8.241974008,467,11,5,3,19,491,8,5,10,23,486,514,104,43,79,22
43,1000,50,5.13,10.3,18,37,38,950,24,16,10,50,7.847721776,137,163,16.57199673,13.45644441,7.977814308,7.723727333,463,15,8,2,25,487,9,8,8,25,488,512,124,39,116,21
41,1000,50,5.13,10.3,18,37,46,952,27,12,9,48,8.24849087,173,195,19.2690702,15.86997447,8.248278893,8.248699482,470,12,8,6,26,482,15,4,3,22,496,504,154,41,149,24
40,1000,50,5.13,10.3,18,37,71,958,27,11,4,42,7.646076451,228,269,44.55264047,35.16312851,8.637279583,6.606125624,480,18,10,4,32,478,9,1,0,10,512,488,242,27,208,20
44,1000,50,5.13,10.3,18,37,38,961,27,4,8,39,7.823286953,137,167,15.93164437,12.67540836,8.285099104,7.368805153,468,21,2,5,28,493,6,2,3,11,496,504,132,35,114,23
45,1000,50,5.13,10.3,18,37,37,959,25,9,7,41,7.819227975,120,181,16.08566937,12.68192737,7.632797736,7.999786395,477,9,4,2,15,482,16,5,5,26,492,508,138,43,97,23
46,1000,50,5.13,10.3,18,37,33,959,21,10,10,41,7.647374557,125,158,15.13309914,11.63487624,7.607937601,7.683342871,454,10,7,6,23,505,11,3,4,18,477,523,124,34,108,17
42,1000,50,5.13,10.3,18,37,41,957,20,14,9,43,7.744694903,140,168,17.30007366,13.6037069,7.815795098,7.675558028,467,13,8,5,26,490,7,6,4,17,493,507,136,32,119,21
47,1000,50,5.13,10.3,18,37,22,958,18,11,13,42,7.661199747,117,158,13.94596116,10.5588556,7.013194841,8.273904775,467,10,6,3,19,491,8,5,10,23,486,514,116,42,99,18
43,1000,50,5.13,10.3,18,37,39,950,24,16,10,50,7.859985629,160,187,16.7714192,13.69153155,8.013041845,7.714103924,463,15,8,2,25,487,9,8,8,25,488,512,138,49,138,22
41,1000,50,5.13,10.3,18,37,47,953,26,12,9,47,8.252302644,145,190,19.70622676,16.21960101,8.272699985,8.23222907,470,12,8,6,26,483,14,4,3,21,496,504,153,37,130,15
44,1000,50,5.13,10.3,18,37,39,961,26,5,8,39,7.83323115,132,165,16.20327024,12.91108957,8.297114818,7.376710715,468,20,3,5,28,493,6,2,3,11,496,504,126,39,108,24
40,1000,50,5.13,10.3,18,37,72,958,27,11,4,42,7.652931535,225,275,46.96598362,37.04948406,8.711959852,6.541819857,480,18,10,4,32,478,9,1,0,10,512,488,253,22,208,17
45,1000,50,5.13,10.3,18,37,38,959,25,9,7,41,7.842011519,136,185,16.28575641,12.88677205,7.627533509,8.049734317,477,9,4,2,15,482,16,5,5,26,492,508,139,46,107,29
46,1000,50,5.13,10.3,18,37,34,960,21,9,10,40,7.686130179,136,158,15.33879263,11.80984387,7.639930567,7.728266346,455,10,6,6,22,505,11,3,4,18,477,523,119,39,113,23
42,1000,50,5.13,10.3,18,37,42,957,20,14,9,43,7.763759112,144,204,17.57770788,13.82819004,7.859401465,7.670757771,467,13,8,5,26,490,7,6,4,17,493,507,158,46,124,20
47,1000,50,5.13,10.3,18,37,23,960,17,10,13,40,7.665246611,123,153,14.02726337,10.619816,7.055150624,8.242107798,467,10,6,3,19,493,7,4,10,21,486,514,99,54,93,30
43,1000,50,5.13,10.3,18,37,40,948,26,15,11,52,7.896777177,141,159,16.97251439,13.86872154,8.067430291,7.734123427,461,17,8,2,27,487,9,7,9,25,488,512,125,34,123,18
41,1000,50,5.13,10.3,18,37,48,952,27,12,9,48,8.249672012,176,169,20.1309127,16.58070378,8.301897926,8.19827508,470,12,8,6,26,482,15,4,3,22,496,504,127,42,154,22
44,1000,50,5.13,10.3,18,37,40,961,26,5,8,39,7.840477157,135,185,16.39886344,13.08608577,8.353241516,7.335851916,468,20,3,5,28,493,6,2,3,11,496,504,147,38,113,22
45,1000,50,5.13,10.3,18,37,39,959,25,9,7,41,7.841556068,117,180,16.53267814,13.1080248,7.670392169,8.007328978,477,9,4,2,15,482,16,5,5,26,492,508,143,37,103,14
40,1000,50,5.13,10.3,18,37,73,958,26,12,4,42,7.661008234,219,268,49.43148426,38.87046485,8.776933443,6.490201457,479,19,10,4,33,479,7,2,0,9,512,488,244,24,204,15
46,1000,50,5.13,10.3,18,37,35,959,22,9,10,41,7.713171532,133,165,15.46179497,11.94255394,7.687127537,7.736924851,454,11,6,6,23,505,11,3,4,18,477,523,122,43,109,24
42,1000,50,5.13,10.3,18,37,43,958,20,13,9,42,7.786309527,148,173,17.9330375,14.14823872,7.906370271,7.669564069,468,13,7,5,25,490,7,6,4,17,493,507,134,39,125,23
47,1000,50,5.13,10.3,18,37,24,962,17,9,12,38,7.672340663,114,171,14.16566709,10.72820331,7.083783533,8.228836315,468,9,6,3,18,494,8,3,9,20,486,514,126,45,83,31
43,1000,50,5.13,10.3,18,37,41,946,26,16,12,54,7.911888551,159,162,17.17922805,14.08160166,8.141739807,7.692811572,459,17,10,2,29,487,9,6,10,25,488,512,127,35,133,26
41,1000,50,5.13,10.3,18,37,49,952,28,11,9,48,8.267037482,147,164,20.59233054,17.00553113,8.376067576,8.159738026,470,13,7,6,26,482,15,4,3,22,496,504,134,30,124,23
44,1000,50,5.13,10.3,18,37,41,960,26,6,8,40,7.85245667,138,180,16.6745307,13.3284639,8.387426121,7.325978797,467,20,4,5,29,493,6,2,3,11,496,504,138,42,112,26
46,1000,50,5.13,10.3,18,37,36,961,21,8,10,39,7.721725563,127,175,15.66276562,12.11213635,7.750905286,7.695112316,454,11,6,6,23,507,10,2,4,16,477,523,138,37,111,16
45,1000,50,5.13,10.3,18,37,40,959,26,8,7,41,7.857900355,144,163,16.78923851,13.33190771,7.729487627,7.982268588,477,9,4,2,15,482,17,4,5,26,492,508,129,34,113,31
40,1000,50,5.13,10.3,18,37,74,958,26,12,4,42,7.632485025,241,265,51.37125845,40.36647621,8.800255274,6.407283451,479,19,10,4,33,479,7,2,0,9,512,488,240,25,231,10
42,1000,50,5.13,10.3,18,37,44,956,22,13,9,44,7.775648061,134,178,18.21707495,14.41063034,7.922793925,7.632565396,466,15,7,5,27,490,7,6,4,17,493,507,145,33,116,18
47,1000,50,5.13,10.3,18,37,25,963,17,8,12,37,7.691567334,124,151,14.28334216,10.86164494,7.140567902,8.212551232,468,9,6,3,18,495,8,2,9,19,486,514,105,46,92,32
41,1000,50,5.13,10.3,18,37,50,954,27,10,9,46,8.243849929,187,181,21.09164762,17.44607683,8.40823308,8.082076033,470,13,7,6,26,484,14,3,3,20,496,504,159,22,167,20
43,1000,50,5.13,10.3,18,37,42,946,26,16,12,54,7.948500496,146,196,17.44042888,14.29250797,8.188130582,7.720103069,459,17,10,2,29,487,9,6,10,25,488,512,160,36,124,22
44,1000,50,5.13,10.3,18,37,42,960,26,6,8,40,7.880894588,137,181,16.89744169,13.53203686,8.403930861,7.366160478,467,20,4,5,29,493,6,2,3,11,496,504,142,39,121,16
46,1000,50,5.13,10.3,18,37,37,963,19,8,10,37,7.702611523,140,150,15.81771184,12.25158474,7.743781162,7.665062924,455,10,6,6,22,508,9,2,4,15,477,523,118,32,111,29
45,1000,50,5.13,10.3,18,37,41,959,26,8,7,41,7.867345545,136,173,16.98229657,13.54704972,7.785601157,7.946515307,477,9,4,2,15,482,17,4,5,26,492,508,135,38,111,25
40,1000,50,5.13,10.3,18,37,75,958,26,12,4,42,7.637239401,251,293,53.20247091,41.82284183,8.823149987,6.393005343,479,19,10,4,33,479,7,2,0,9,512,488,266,27,238,13
42,1000,50,5.13,10.3,18,37,45,956,22,13,9,44,7.783127042,166,177,18.49203699,14.68851581,7.980902454,7.590812885,466,15,7,5,27,490,7,6,4,17,493,507,139,38,146,20
41,1000,50,5.13,10.3,18,37,51,954,28,9,9,46,8.232266696,157,190,21.79014294,18.04922962,8.424272917,8.043308193,470,13,7,6,26,484,15,2,3,20,496,504,161,29,139,18
47,1000,50,5.13,10.3,18,37,26,963,17,8,12,37,7.705033051,125,171,14.35550934,10.92217237,7.196927004,8.18546017,468,9,6,3,18,495,8,2,9,19,486,514,129,42,99,26
43,1000,50,5.13,10.3,18,37,43,949,25,15,11,51,7.950860242,145,180,17.63298568,14.49032435,8.216587307,7.697589133,460,16,10,2,28,489,9,5,9,23,488,512,146,34,122,23
44,1000,50,5.13,10.3,18,37,43,959,27,6,8,41,7.902333505,147,193,17.10897975,13.70776007,8.493624637,7.320427946,467,20,4,5,29,492,7,2,3,12,496,504,143,50,126,21
46,1000,50,5.13,10.3,18,37,38,963,19,7,11,37,7.72514233,117,150,16.00645943,12.39516695,7.792493815,7.663714686,455,10,6,6,22,508,9,1,5,15,477,523,117,33,95,22
45,1000,50,5.13,10.3,18,37,42,959,25,9,7,41,7.852468305,137,188,17.31190194,13.88866636,7.809207728,7.894366344,477,9,4,2,15,482,16,5,5,26,492,508,147,41,120,17
42,1000,50,5.13,10.3,18,37,46,957,21,13,9,43,7.79865609,158,195,18.83483359,14.98787077,7.982894865,7.619504776,466,15,7,5,27,491,6,6,4,16,493,507,160,35,141,17
40,1000,50,5.13,10.3,18,37,76,959,25,12,4,41,7.64476337,245,297,56.20905488,44.00188666,8.866974279,6.362443728,479,19,10,4,33,480,6,2,0,8,512,488,274,23,231,14
41,1000,50,5.13,10.3,18,37,52,953,29,9,9,47,8.229022845,159,192,22.43477782,18.56395175,8.465309579,7.996486693,469,14,7,6,27,484,15,2,3,20,496,504,167,25,137,22
43,1000,50,5.13,10.3,18,37,44,948,25,15,12,52,7.991472089,150,190,17.96933853,14.8180499,8.279926818,7.716538675,460,15,11,2,28,488,10,4,10,24,488,512,152,38,131,19
47,1000,50,5.13,10.3,18,37,27,963,19,7,11,37,7.658398118,98,168,14.45703406,11.04258353,7.171480675,8.118790876,469,9,5,3,17,494,10,2,8,20,486,514,126,42,76,22
44,1000,50,5.13,10.3,18,37,44,959,27,6,8,41,7.890848714,158,170,17.4256166,14.03017513,8.550592065,7.241577479,467,20,4,5,29,492,7,2,3,12,496,504,133,37,131,27
46,1000,50,5.13,10.3,18,37,39,963,19,7,11,37,7.750202376,147,174,16.19615952,12.55028515,7.87233092,7.63881554,455,10,6,6,22,508,9,1,5,15,477,523,139,35,125,22
45,1000,50,5.13,10.3,18,37,43,960,24,8,8,40,7.88903517,121,170,17.63818725,14.20167801,7.876765643,7.900918254,477,9,3,3,15,483,15,5,5,25,492,508,126,44,106,15
42,1000,50,5.13,10.3,18,37,47,958,22,11,9,42,7.788603618,149,198,19.11905575,15.25933247,8.008519022,7.574760829,466,15,7,5,27,492,7,4,4,15,493,507,156,42,129,20
41,1000,50,5.13,10.3,18,37,53,953,29,9,9,47,8.233926039,169,184,23.33939446,19.35251962,8.486204956,7.985651549,469,14,7,6,27,484,15,2,3,20,496,504,162,22,152,17
43,1000,50,5.13,10.3,18,37,45,948,25,15,12,52,8.054061543,154,178,18.36360055,15.15931046,8.36404239,7.758611048,460,15,11,2,28,488,10,4,10,24,488,512,137,41,133,21
47,1000,50,5.13,10.3,18,37,28,968,18,6,8,32,7.637049822,112,161,14.6213661,11.20041661,7.174123329,8.074758529,469,9,5,3,17,499,9,1,5,15,486,514,117,44,87,25
40,1000,50,5.13,10.3,18,37,77,957,27,12,4,43,7.672748505,224,276,57.66554944,44.97982249,8.909995607,6.374653185,478,20,10,4,34,479,7,2,0,9,512,488,253,23,209,15
44,1000,50,5.13,10.3,18,37,45,958,28,6,8,42,7.905780085,126,166,17.82846777,14.40145829,8.567524582,7.254539469,466,21,4,5,30,492,7,2,3,12,496,504,136,30,107,19
46,1000,50,5.13,10.3,18,37,40,962,20,7,11,38,7.755382503,119,167,16.39080637,12.70283263,7.924898581,7.600776061,455,10,6,6,22,507,10,1,5,16,477,523,128,39,102,17
42,1000,50,5.13,10.3,18,37,48,958,21,12,9,42,7.80502098,153,187,19.47881199,15.60515744,8.018926039,7.59702257,467,14,7,5,26,491,7,5,4,16,493,507,158,29,130,23
45,1000,50,5.13,10.3,18,37,44,960,23,9,8,40,7.87602148,147,185,18.01366098,14.51909794,7.897261356,7.855450576,477,8,4,3,15,483,15,5,5,25,492,508,149,36,127,20
41,1000,50,5.13,10.3,18,37,54,952,31,9,8,48,8.219363866,164,210,24.11866993,20.06756216,8.519547632,7.923944922,468,15,7,6,28,484,16,2,2,20,496,504,183,27,138,26
43,1000,50,5.13,10.3,18,37,46,949,26,12,13,51,8.03412173,171,179,18.67399332,15.43852377,8.448569018,7.639101659,458,17,9,4,30,491,9,3,9,21,488,512,152,27,149,22
47,1000,50,5.13,10.3,18,37,29,968,18,7,7,32,7.648974915,132,152,14.73640333,11.32871823,7.249465329,8.026721334,469,9,5,3,17,499,9,2,4,15,486,514,111,41,111,21
40,1000,50,5.13,10.3,18,37,78,956,27,12,5,44,7.696891595,242,287,59.71255709,46.54031678,8.952380497,6.379657337,477,20,11,4,35,479,7,1,1,9,512,488,262,25,226,16
44,1000,50,5.13,10.3,18,37,46,958,28,6,8,42,7.907965425,151,183,18.29059318,14.79430547,8.621723232,7.205537106,466,21,4,5,30,492,7,2,3,12,496,504,148,35,131,20
46,1000,50,5.13,10.3,18,37,41,962,20,7,11,38,7.784488036,142,174,16.52171858,12.81702201,7.993446657,7.593908184,454,11,6,6,23,508,9,1,5,15,477,523,137,37,120,22
42,1000,50,5.13,10.3,18,37,49,958,21,12,9,42,7.846872268,160,200,19.83309615,15.8918188,8.085643412,7.614694411,467,14,7,5,26,491,7,5,4,16,493,507,162,38,140,20
45,1000,50,5.13,10.3,18,37,45,960,22,10,8,40,7.879015962,145,183,18.42097457,14.92807303,7.944110235,7.815971902,477,7,5,3,15,483,15,5,5,25,492,508,146,37,123,22
41,1000,50,5.13,10.3,18,37,55,952,31,10,7,48,8.227400653,177,201,24.83625538,20.68878843,8.56457704,7.895576273,468,15,7,6,28,484,16,3,1,20,496,504,167,34,162,15
43,1000,50,5.13,10.3,18,37,47,948,27,12,13,52,8.069465376,150,204,19.02530043,15.72635615,8.515174964,7.644648425,458,17,9,4,30,490,10,3,9,22,488,512,160,44,134,16
47,1000,50,5.13,10.3,18,37,30,969,18,6,7,31,7.670078997,118,142,14.87557423,11.47142639,7.310295862,8.010263051,469,9,5,3,17,500,9,1,4,14,486,514,108,34,92,26
46,1000,50,5.13,10.3,18,37,42,962,18,9,11,38,7.785107564,137,192,16.77006742,13.00900612,8.025582772,7.565783139,453,11,7,6,24,509,7,2,5,14,477,523,154,38,118,19
44,1000,50,5.13,10.3,18,37,47,955,30,7,8,45,7.920862078,141,180,18.68647458,15.18013842,8.670477451,7.183145363,465,21,5,5,31,490,9,2,3,14,496,504,147,33,125,16
40,1000,50,5.13,10.3,18,37,79,954,29,12,5,46,7.694832389,256,299,63.3032369,49.37928087,8.96346572,6.363807255,476,21,11,4,36,478,8,1,1,10,512,488,279,20,244,12
42,1000,50,5.13,10.3,18,37,50,957,21,13,9,43,7.870040807,145,197,20.31464421,16.31671461,8.163824215,7.584369763,466,15,7,5,27,491,6,6,4,16,493,507,161,36,125,20
41,1000,50,5.13,10.3,18,37,56,952,33,8,7,48,8.228585753,177,215,25.3472274,21.07896053,8.645281717,7.81850401,467,16,7,6,29,485,17,1,1,19,496,504,191,24,160,17
45,1000,50,5.13,10.3,18,37,46,961,21,10,8,39,7.873617606,143,178,18.77357057,15.24626252,7.977096443,7.773397946,478,6,5,3,14,483,15,5,5,25,492,508,147,31,119,24
43,1000,50,5.13,10.3,18,37,48,948,27,12,13,52,8.082394997,169,199,19.42020359,16.06248592,8.549002688,7.637659543,458,17,9,4,30,490,10,3,9,22,488,512,163,36,149,20
47,1000,50,5.13,10.3,18,37,31,969,18,6,7,31,7.669023819,116,154,15.02719685,11.59152976,7.320891786,7.998191461,469,9,5,3,17,500,9,1,4,14,486,514,110,44,93,23
46,1000,50,5.13,10.3,18,37,43,961,20,9,10,39,7.818858969,143,185,16.95437579,13.21902287,8.062806596,7.596367539,453,11,7,6,24,508,9,2,4,15,477,523,139,46,114,29
44,1000,50,5.13,10.3,18,37,48,957,29,6,8,43,7.929133753,163,194,19.09671125,15.54608185,8.714366661,7.156364859,467,20,4,5,29,490,9,2,3,14,496,504,164,30,143,20
40,1000,50,5.13,10.3,18,37,80,955,28,12,5,45,7.665501161,265,310,66.55562325,52.07899486,9.003166103,6.262049418,476,21,11,4,36,479,7,1,1,9,512,488,285,25,251,14
42,1000,50,5.13,10.3,18,37,51,956,22,13,9,44,7.863951774,165,188,20.76938655,16.76293483,8.205036269,7.532285785,465,16,7,5,28,491,6,6,4,16,493,507,159,29,147,18
41,1000,50,5.13,10.3,18,37,57,953,32,8,7,47,8.221719998,181,242,25.94918113,21.61841904,8.675585481,7.775058729,468,15,7,6,28,485,17,1,1,19,496,504,200,42,165,16
43,1000,50,5.13,10.3,18,37,49,947,28,12,13,53,8.123606913,144,195,20.08222166,16.64646416,8.609718394,7.660281908,458,17,9,4,30,489,11,3,9,23,488,512,166,29,129,15
45,1000,50,5.13,10.3,18,37,47,961,22,9,8,39,7.86534315,151,180,19.15600753,15.60979564,8.032417771,7.703530722,476,8,5,3,16,485,14,4,5,23,492,508,150,30,133,18
47,1000,50,5.13,10.3,18,37,32,969,18,6,7,31,7.660391655,135,162,15.18679538,11.75405852,7.322823916,7.979570489,469,9,5,3,17,500,9,1,4,14,486,514,123,39,106,29
46,1000,50,5.13,10.3,18,37,44,961,19,10,10,39,7.844943123,124,181,17.2888275,13.46904172,8.09436906,7.617455222,453,10,8,6,24,508,9,2,4,15,477,523,150,31,109,15
44,1000,50,5.13,10.3,18,37,49,958,29,6,7,42,7.943518777,138,188,19.46229184,15.85481153,8.762307406,7.137726792,467,20,4,5,29,491,9,2,2,13,496,504,159,29,124,14
40,1000,50,5.13,10.3,18,37,81,954,29,12,5,46,7.686277701,271,306,72.34211884,56.52203585,9.049135688,6.256393911,475,22,11,4,37,479,7,1,1,9,512,488,282,24,253,18
42,1000,50,5.13,10.3,18,37,52,954,24,13,9,46,7.88380303,160,210,21.25259397,17.2236915,8.251446007,7.526311931,464,17,7,5,29,490,7,6,4,17,493,507,174,36,141,19
41,1000,50,5.13,10.3,18,37,58,953,32,8,7,47,8.222594034,187,226,27.00801891,22.55150934,8.698799825,7.753947065,468,15,7,6,28,485,17,1,1,19,496,504,192,34,172,15
43,1000,50,5.13,10.3,18,37,50,945,30,12,13,55,8.123770467,169,226,20.59883859,17.12677278,8.621998321,7.648897044,457,18,9,4,31,488,12,3,9,24,488,512,193,33,156,13
45,1000,50,5.13,10.3,18,37,48,961,22,9,8,39,7.852267472,142,186,19.46994613,15.9443472,8.020260982,7.689565097,476,8,5,3,16,485,14,4,5,23,492,508,156,30,129,13
47,1000,50,5.13,10.3,18,37,33,969,17,7,7,31,7.652760235,96,166,15.41658374,11.94987184,7.333710813,7.954429534,469,8,6,3,17,500,9,1,4,14,486,514,120,46,81,15
46,1000,50,5.13,10.3,18,37,45,960,21,10,9,40,7.854986217,155,181,17.54679845,13.70107912,8.12747723,7.606461908,453,10,8,6,24,507,11,2,3,16,477,523,143,38,134,21
44,1000,50,5.13,10.3,18,37,50,959,28,6,7,41,7.926686844,154,192,19.93015508,16.2847847,8.756526264,7.110019478,468,19,4,5,28,491,9,2,2,13,496,504,154,38,133,21
42,1000,50,5.13,10.3,18,37,53,953,24,14,9,47,7.901842145,164,219,21.66371598,17.56806935,8.295789068,7.518773441,464,16,8,5,29,489,8,6,4,18,493,507,191,28,146,18
40,1000,50,5.13,10.3,18,37,82,954,28,13,5,46,7.729185688,261,298,77.48853465,60.48577155,9.139395993,6.249620777,476,20,12,4,36,478,8,1,1,10,512,488,279,19,245,16
41,1000,50,5.13,10.3,18,37,59,953,32,8,7,47,8.234696722,191,229,27.99057931,23.39366127,8.716283325,7.760754351,468,15,7,6,28,485,17,1,1,19,496,504,197,32,171,20
47,1000,50,5.13,10.3,18,37,34,969,17,7,7,31,7.663477897,124,169,15.64341959,12.13984069,7.333710813,7.975281015,469,8,6,3,17,500,9,1,4,14,486,514,130,39,106,18
43,1000,50,5.13,10.3,18,37,51,946,29,12,13,54,8.15827973,172,203,21.15743385,17.6295405,8.673185271,7.667510387,458,17,9,4,30,488,12,3,9,24,488,512,175,28,158,14
45,1000,50,5.13,10.3,18,37,49,962,22,9,7,38,7.874939864,149,201,19.9363216,16.36738489,8.073398968,7.682731439,476,8,5,3,16,486,14,4,4,22,492,508,166,35,129,20
46,1000,50,5.13,10.3,18,37,46,961,20,10,9,39,7.907083491,145,160,17.7753452,13.93348316,8.203835139,7.63643237,453,10,8,6,24,508,10,2,3,15,477,523,130,30,124,21
44,1000,50,5.13,10.3,18,37,51,959,28,6,7,41,7.977900173,168,205,20.2364452,16.57230166,8.844430913,7.125123889,467,20,4,5,29,492,8,2,2,12,496,504,173,32,152,16
42,1000,50,5.13,10.3,18,37,54,952,25,15,8,48,7.909563667,177,207,22.13058433,17.94567957,8.330955441,7.499807957,463,17,8,5,30,489,8,7,3,18,493,507,174,33,155,22
41,1000,50,5.13,10.3,18,37,60,953,32,8,7,47,8.253216659,191,198,28.88882534,24.25568441,8.783526429,7.731324504,467,16,7,6,29,486,16,1,1,18,496,504,174,24,172,19
40,1000,50,5.13,10.3,18,37,83,954,28,13,5,46,7.736800209,261,307,80.97595598,63.15856619,9.202234366,6.19929552,476,20,12,4,36,478,8,1,1,10,512,488,288,19,247,14
47,1000,50,5.13,10.3,18,37,35,969,18,6,7,31,7.682887499,140,179,15.87337099,12.34012659,7.35828281,7.989809442,470,8,5,3,16,499,10,1,4,15,486,514,135,44,108,32
43,1000,50,5.13,10.3,18,37,52,943,32,14,11,57,8.189076168,163,205,21.91082418,18.30171298,8.723148518,7.680038459,456,20,9,3,32,487,12,5,8,25,488,512,176,29,147,16
45,1000,50,5.13,10.3,18,37,50,961,23,9,7,39,7.894903987,154,190,20.44594533,16.82193255,8.128767124,7.668406617,476,8,5,3,16,485,15,4,4,23,492,508,156,34,134,20
46,1000,50,5.13,10.3,18,37,47,960,21,10,9,40,7.917165263,125,180,17.98582126,14.11628398,8.240466286,7.622299895,453,10,8,6,24,507,11,2,3,16,477,523,151,29,108,17
44,1000,50,5.13,10.3,18,37,52,960,27,6,7,40,7.990475707,153,193,20.57209491,16.85909322,8.829182016,7.165082196,468,19,4,5,28,492,8,2,2,12,496,504,166,27,133,20
42,1000,50,5.13,10.3,18,37,55,953,26,13,8,47,7.896502151,161,211,22.56761172,18.31708665,8.400638161,7.406287056,462,18,8,5,31,491,8,5,3,16,493,507,187,24,147,14
41,1000,50,5.13,10.3,18,37,61,955,30,8,7,45,8.270784677,190,214,29.95648319,25.20611024,8.833534355,7.716967534,467,16,7,6,29,488,14,1,1,16,496,504,184,30,177,13
40,1000,50,5.13,10.3,18,37,84,952,29,14,5,48,7.757634934,273,331,85.68957554,66.70166059,9.238561833,6.203875564,476,19,13,4,36,476,10,1,1,12,512,488,310,21,264,9
47,1000,50,5.13,10.3,18,37,36,970,17,5,8,30,7.698991945,128,160,16.07873408,12.53509756,7.354945198,8.024296846,472,7,3,4,14,498,10,2,4,16,486,514,128,32,114,14
46,1000,50,5.13,10.3,18,37,48,958,23,10,9,42,7.963986016,152,172,18.31276634,14.38287865,8.332242649,7.628119067,453,10,8,6,24,505,13,2,3,18,477,523,135,37,130,22
43,1000,50,5.13,10.3,18,37,53,944,32,12,12,56,8.235784159,181,210,22.62043238,18.86208834,8.848055844,7.65221271,456,20,8,4,32,488,12,4,8,24,488,512,178,32,162,19
45,1000,50,5.13,10.3,18,37,51,961,23,9,7,39,7.872003778,165,192,21.17884072,17.39374316,8.148554954,7.604162876,476,8,5,3,16,485,15,4,4,23,492,508,160,32,151,14
44,1000,50,5.13,10.3,18,37,53,960,27,7,6,40,7.978572764,162,193,21.04589947,17.26724255,8.80218126,7.168037419,468,19,5,4,28,492,8,2,2,12,496,504,158,35,144,18
42,1000,50,5.13,10.3,18,37,56,953,26,13,8,47,7.913464592,181,230,23.02836824,18.77888166,8.439277856,7.402170826,462,18,8,5,31,491,8,5,3,16,493,507,196,34,157,24
41,1000,50,5.13,10.3,18,37,62,955,30,8,7,45,8.253019156,206,244,31.00651327,26.20247548,8.877720639,7.638233568,467,16,7,6,29,488,14,1,1,16,496,504,212,32,187,19
47,1000,50,5.13,10.3,18,37,37,968,19,5,8,32,7.726252981,130,158,16.29376014,12.73433184,7.452208758,7.985368725,470,9,3,4,16,498,10,2,4,16,486,514,122,36,106,24
40,1000,50,5.13,10.3,18,37,85,952,28,15,5,48,7.771945354,274,309,88.97049288,69.02266567,9.313255068,6.154833523,476,18,14,4,36,476,10,1,1,12,512,488,291,18,258,16
46,1000,50,5.13,10.3,18,37,49,957,25,10,8,43,7.960646195,145,203,18.60643141,14.61842142,8.355017993,7.600961018,452,11,8,6,25,505,14,2,2,18,477,523,172,31,125,20
43,1000,50,5.13,10.3,18,37,54,945,33,11,11,55,8.250548244,169,213,23.57905354,19.62121728,8.925642465,7.607099064,455,21,8,4,33,490,12,3,7,22,488,512,181,32,152,17
44,1000,50,5.13,10.3,18,37,54,960,27,7,6,40,7.959451516,164,206,21.42543621,17.58121162,8.783293125,7.148686758,468,19,5,4,28,492,8,2,2,12,496,504,166,40,148,16
45,1000,50,5.13,10.3,18,37,52,960,24,9,7,40,7.918082877,146,200,21.710095,17.81368843,8.207158033,7.63811245,475,9,5,3,17,485,15,4,4,23,492,508,169,31,133,13
41,1000,50,5.13,10.3,18,37,63,956,28,9,7,44,8.225685005,198,232,32.66542203,27.66609774,8.916478889,7.545856103,467,15,8,6,29,489,13,1,1,15,496,504,203,29,177,21
42,1000,50,5.13,10.3,18,37,57,955,25,12,8,45,7.959509084,186,208,23.41860198,19.08664561,8.561478426,7.374162171,462,18,8,5,31,493,7,4,3,14,493,507,181,27,163,23
47,1000,50,5.13,10.3,18,37,38,969,18,5,8,31,7.725199389,135,169,16.47588564,12.89546901,7.490999386,7.946641416,470,9,3,4,16,499,9,2,4,15,486,514,126,43,110,25
46,1000,50,5.13,10.3,18,37,50,958,24,11,7,42,7.962714871,153,202,18.88335671,14.8773444,8.391720934,7.571441656,452,11,8,6,25,506,13,3,1,17,477,523,168,34,139,14
43,1000,50,5.13,10.3,18,37,55,944,34,11,11,56,8.253735194,169,227,24.46179581,20.34614956,9.034877253,7.509209168,454,22,8,4,34,490,12,3,7,22,488,512,202,25,156,13
44,1000,50,5.13,10.3,18,37,55,960,27,7,6,40,7.948384153,185,205,21.97673098,18.08481038,8.812770944,7.097717787,468,19,5,4,28,492,8,2,2,12,496,504,171,34,171,14
40,1000,50,5.13,10.3,18,37,86,953,27,15,5,47,7.73773258,273,317,93.00744256,71.9696909,9.34422697,6.052230269,476,17,15,4,36,477,10,0,1,11,512,488,297,20,261,12
45,1000,50,5.13,10.3,18,37,53,961,24,8,7,39,7.901071938,163,199,22.61082062,18.69363085,8.218350158,7.593786733,475,9,5,3,17,486,15,3,4,22,492,508,174,25,151,12
41,1000,50,5.13,10.3,18,37,64,956,27,10,7,44,8.244207547,225,249,34.34913901,29.22068705,8.982457201,7.517676142,467,15,8,6,29,489,12,2,1,15,496,504,220,29,207,18
42,1000,50,5.13,10.3,18,37,58,954,26,12,8,46,7.968735313,178,224,23.89065218,19.49009096,8.572190609,7.381943477,461,19,8,5,32,493,7,4,3,14,493,507,203,21,158,20
46,1000,50,5.13,10.3,18,37,51,959,24,10,7,41,7.960550292,159,190,19.18638421,15.13811312,8.396357401,7.563074211,453,11,7,6,24,506,13,3,1,17,477,523,161,29,144,15
47,1000,50,5.13,10.3,18,37,39,970,18,4,8,30,7.726230862,124,188,16.64508065,13.0774556,7.536719823,7.905418342,470,9,3,4,16,500,9,1,4,14,486,514,148,40,108,16
43,1000,50,5.13,10.3,18,37,56,941,37,11,11,59,8.264940539,191,226,25.03605675,20.84642769,9.072738362,7.49500824,452,24,8,4,36,489,13,3,7,23,488,512,196,30,172,19
44,1000,50,5.13,10.3,18,37,56,961,27,6,6,39,7.939842358,178,226,22.66377315,18.72881858,8.824670681,7.06905893,468,19,5,4,28,493,8,1,2,11,496,504,185,41,156,22
45,1000,50,5.13,10.3,18,37,54,961,25,7,7,39,7.91947556,165,202,23.27215232,19.28779368,8.261350252,7.588368576,475,9,5,3,17,486,16,2,4,22,492,508,173,29,149,16
40,1000,50,5.13,10.3,18,37,87,953,27,15,5,47,7.721384025,280,330,97.65290281,75.65825649,9.385685113,5.975232064,476,17,15,4,36,477,10,0,1,11,512,488,310,20,271,9
41,1000,50,5.13,10.3,18,37,65,957,27,9,7,43,8.25881174,210,244,35.89439595,30.63084181,9.038390517,7.49160723,467,15,8,6,29,490,12,1,1,14,496,504,218,26,190,20
42,1000,50,5.13,10.3,18,37,59,954,26,12,8,46,7.927210782,174,233,24.38799882,19.92291598,8.552873607,7.318824643,461,19,8,5,32,493,7,4,3,14,493,507,208,25,160,14
46,1000,50,5.13,10.3,18,37,52,959,24,10,7,41,7.980014858,135,196,19.4950399,15.40220979,8.426879022,7.572454234,453,11,7,6,24,506,13,3,1,17,477,523,169,27,128,7
47,1000,50,5.13,10.3,18,37,40,970,18,4,8,30,7.728092906,130,173,16.81397213,13.24486784,7.565226274,7.882087425,470,9,3,4,16,500,9,1,4,14,486,514,133,40,107,23
43,1000,50,5.13,10.3,18,37,57,943,36,11,10,57,8.225680029,185,226,25.91924324,21.60076674,9.09569404,7.396447924,452,25,7,4,36,491,11,4,6,21,488,512,189,37,168,17
44,1000,50,5.13,10.3,18,37,57,961,27,6,6,39,7.946757993,192,200,23.52590081,19.45772334,8.802282888,7.104812858,468,20,4,4,28,493,7,2,2,11,496,504,173,27,164,28
41,1000,50,5.13,10.3,18,37,66,958,27,9,6,42,8.233005046,210,253,38.2812807,32.50791302,9.06860388,7.410669685,467,15,8,6,29,491,12,1,0,13,496,504,226,27,196,14
45,1000,50,5.13,10.3,18,37,55,962,24,7,7,38,7.903886662,160,208,23.93333058,19.82731558,8.281487513,7.538178752,475,9,5,3,17,487,15,2,4,21,492,508,167,41,148,12
40,1000,50,5.13,10.3,18,37,88,954,26,14,6,46,7.746794477,292,307,103.0096199,79.67669802,9.445030529,5.96503862,476,17,14,5,36,478,9,0,1,10,512,488,289,18,279,13
42,1000,50,5.13,10.3,18,37,60,951,29,12,8,49,7.928339137,181,227,24.93617614,20.377804,8.596970254,7.278171207,460,20,8,5,33,491,9,4,3,16,493,507,200,27,167,14
46,1000,50,5.13,10.3,18,37,53,959,24,9,8,41,8.012807743,154,196,19.89549153,15.73562436,8.502238403,7.566424522,453,11,6,7,24,506,13,3,1,17,477,523,169,27,140,14
43,1000,50,5.13,10.3,18,37,58,944,35,11,10,56,8.240191649,198,227,26.91399445,22.39956581,9.171537697,7.352502448,453,25,6,4,35,491,10,5,6,21,488,512,194,33,176,22
47,1000,50,5.13,10.3,18,37,41,969,19,4,8,31,7.772868332,143,174,17.16167952,13.54698865,7.611669642,7.92528577,470,9,3,4,16,499,10,1,4,15,486,514,137,37,121,22
44,1000,50,5.13,10.3,18,37,58,961,27,6,6,39,7.953491919,176,206,24.39426323,20.14383517,8.839515782,7.081531927,468,20,4,4,28,493,7,2,2,11,496,504,184,22,158,18
41,1000,50,5.13,10.3,18,37,67,956,29,8,7,44,8.237640797,195,249,40.31375765,34.45701739,9.11361174,7.375574154,465,17,7,7,31,491,12,1,0,13,496,504,228,21,184,11
45,1000,50,5.13,10.3,18,37,56,962,24,7,7,38,7.876947692,178,216,24.82778255,20.58197699,8.273551473,7.492835369,475,9,5,3,17,487,15,2,4,21,492,508,183,33,157,21
42,1000,50,5.13,10.3,18,37,61,951,28,13,8,49,7.931420877,176,260,25.52489717,20.89799916,8.667022371,7.216131851,460,19,9,5,33,491,9,4,3,16,493,507,224,36,163,13
40,1000,50,5.13,10.3,18,37,89,953,26,15,6,47,7.734950826,287,356,108.5783666,83.98280777,9.488498707,5.895162885,475,18,14,5,37,478,8,1,1,10,512,488,330,26,281,6
46,1000,50,5.13,10.3,18,37,54,960,24,8,8,40,8.002026567,187,207,20.24147731,16.01259861,8.590200414,7.465585028,452,12,6,7,25,508,12,2,1,15,477,523,174,33,165,22
43,1000,50,5.13,10.3,18,37,59,944,35,10,11,56,8.21180543,204,229,27.59176504,23.01332561,9.180906024,7.288131426,453,25,6,4,35,491,10,4,7,21,488,512,198,31,185,19
47,1000,50,5.13,10.3,18,37,42,970,19,4,7,30,7.772769027,130,159,17.40567291,13.74322293,7.597850047,7.938159346,470,9,3,4,16,500,10,1,3,14,486,514,127,32,113,17
44,1000,50,5.13,10.3,18,37,59,960,27,7,6,40,7.954624801,178,239,25.62966549,21.04752524,8.884307516,7.039698955,467,21,4,4,29,493,6,3,2,11,496,504,205,34,164,14
41,1000,50,5.13,10.3,18,37,68,956,29,8,7,44,8.188885789,219,256,42.47974245,36.4919348,9.094091057,7.298048858,465,17,7,7,31,491,12,1,0,13,496,504,228,28,200,19
42,1000,50,5.13,10.3,18,37,62,950,29,13,8,50,7.943438902,207,245,26.22837248,21.46825367,8.745429391,7.163594107,459,20,9,5,34,491,9,4,3,16,493,507,219,26,187,20
45,1000,50,5.13,10.3,18,37,57,962,24,7,7,38,7.845730592,164,212,26.23575278,21.84858349,8.295476782,7.410149636,475,9,5,3,17,487,15,2,4,21,492,508,185,27,153,11
40,1000,50,5.13,10.3,18,37,90,953,26,15,6,47,7.724357048,307,332,113.4326113,87.76220563,9.515924733,5.844679477,475,18,14,5,37,478,8,1,1,10,512,488,312,20,292,15
46,1000,50,5.13,10.3,18,37,55,958,26,8,8,42,8.016738926,170,209,20.63503703,16.34557843,8.643593333,7.445018941,452,12,6,7,25,506,14,2,1,17,477,523,181,28,155,15
43,1000,50,5.13,10.3,18,37,60,944,35,10,11,56,8.230884075,195,240,28.49727553,23.72600099,9.189620483,7.317088437,453,25,6,4,35,491,10,4,7,21,488,512,213,27,181,14
47,1000,50,5.13,10.3,18,37,43,970,19,4,7,30,7.778529041,142,181,17.65183385,13.94308845,7.629512603,7.919427851,470,9,3,4,16,500,10,1,3,14,486,514,144,37,120,22
44,1000,50,5.13,10.3,18,37,60,962,25,6,7,38,7.962422164,185,225,26.83596759,21.9976879,8.921221642,7.018841726,467,21,3,5,29,495,4,3,2,9,496,504,194,31,167,18
41,1000,50,5.13,10.3,18,37,69,956,28,9,7,44,8.203360714,225,274,44.63860448,38.70021208,9.185556149,7.236755683,465,16,8,7,31,491,12,1,0,13,496,504,250,24,207,18
42,1000,50,5.13,10.3,18,37,63,950,29,14,7,50,7.917620208,189,235,26.97545155,22.15320755,8.733429494,7.124338199,459,20,9,5,34,491,9,5,2,16,493,507,216,19,173,16
45,1000,50,5.13,10.3,18,37,58,964,23,7,6,36,7.857127935,176,223,27.09932981,22.64312281,8.300976959,7.427258408,476,8,5,3,16,488,15,2,3,20,492,508,196,27,164,12
40,1000,50,5.13,10.3,18,37,91,954,25,15,6,46,7.730754585,301,367,118.5351797,91.59739293,9.551856819,5.820089946,475,18,14,5,37,479,7,1,1,9,512,488,343,24,290,11
46,1000,50,5.13,10.3,18,37,56,958,26,8,8,42,8.010355861,151,207,21.14388896,16.78842853,8.650530741,7.426486994,452,12,6,7,25,506,14,2,1,17,477,523,179,28,137,14
43,1000,50,5.13,10.3,18,37,61,946,33,10,11,54,8.223482764,209,248,29.61464178,24.77904332,9.265444527,7.230362959,453,25,6,4,35,493,8,4,7,19,488,512,223,25,200,9
41,1000,50,5.13,10.3,18,37,70,956,27,8,9,44,8.194424571,240,243,46.44176596,40.46921783,9.228979503,7.176291146,465,16,7,8,31,491,11,1,1,13,496,504,215,28,221,19
44,1000,50,5.13,10.3,18,37,61,961,25,7,7,39,7.944723319,186,219,27.51399954,22.69313115,8.932660312,6.972467865,467,21,3,5,29,494,4,4,2,10,496,504,195,24,167,19
47,1000,50,5.13,10.3,18,37,44,971,18,5,6,29,7.745070667,169,173,17.98600931,14.29410997,7.655276999,7.829972852,470,9,3,4,16,501,9,2,2,13,486,514,140,33,148,21
42,1000,50,5.13,10.3,18,37,64,950,29,15,6,50,7.873650632,212,256,27.695913,22.80907946,8.776793271,6.995446843,458,21,9,5,35,492,8,6,1,15,493,507,228,28,195,17
45,1000,50,5.13,10.3,18,37,59,965,21,8,6,35,7.875122316,193,226,28.21462954,23.67020632,8.347124243,7.417986592,476,7,6,3,16,489,14,2,3,19,492,508,199,27,173,20
46,1000,50,5.13,10.3,18,37,57,959,25,8,8,41,8.020759256,174,227,21.65706788,17.17860195,8.684548666,7.415352854,452,12,6,7,25,507,13,2,1,16,477,523,198,29,161,13
40,1000,50,5.13,10.3,18,37,92,954,24,15,7,46,7.72080337,298,347,126.0233049,97.02176193,9.612321913,5.736259325,475,17,14,6,37,479,7,1,1,9,512,488,323,24,292,6
43,1000,50,5.13,10.3,18,37,62,944,35,11,10,56,8.234606609,186,251,30.88482812,25.98315031,9.322408544,7.197795389,452,25,7,4,36,492,10,4,6,20,488,512,230,21,168,18
41,1000,50,5.13,10.3,18,37,71,956,28,8,8,44,8.19916485,235,284,48.11298321,42.03399093,9.3014511,7.114375208,464,17,7,8,32,492,11,1,0,12,496,504,254,30,221,14
44,1000,50,5.13,10.3,18,37,62,962,24,6,8,38,7.94713073,196,223,28.29589872,23.29289822,8.929391064,6.98046183,468,20,3,5,28,494,4,3,3,10,496,504,203,20,183,13
47,1000,50,5.13,10.3,18,37,45,971,19,5,5,29,7.729788679,151,159,18.41890476,14.68261716,7.721363436,7.73775496,469,10,3,4,17,502,9,2,1,12,486,514,133,26,134,17
42,1000,50,5.13,10.3,18,37,65,949,30,15,6,51,7.872115074,209,238,28.69135704,23.56687894,8.803145961,6.966793126,457,22,9,5,36,492,8,6,1,15,493,507,217,21,196,13
45,1000,50,5.13,10.3,18,37,60,963,22,9,6,37,7.865715677,174,222,28.94796476,24.34555607,8.404568484,7.343834611,474,8,7,3,18,489,14,2,3,19,492,508,199,23,159,15
46,1000,50,5.13,10.3,18,37,58,959,25,8,8,41,8.007737361,178,240,22.03645615,17.5064578,8.708017319,7.369049903,451,13,6,7,26,508,12,2,1,15,477,523,206,34,169,9
43,1000,50,5.13,10.3,18,37,63,943,35,12,10,57,8.212717356,218,236,32.46642939,27.36772692,9.326198683,7.151430467,452,25,7,4,36,491,10,5,6,21,488,512,215,21,199,19
41,1000,50,5.13,10.3,18,37,72,956,28,8,8,44,8.201836283,239,276,49.58224783,43.20288003,9.327916988,7.093629875,464,17,7,8,32,492,11,1,0,12,496,504,243,33,228,11
44,1000,50,5.13,10.3,18,37,63,961,25,6,8,39,7.937492684,194,254,29.48431869,24.27120101,8.967659455,6.923677766,468,20,3,5,28,493,5,3,3,11,496,504,218,36,177,17
40,1000,50,5.13,10.3,18,37,93,954,23,15,8,46,7.720467909,304,349,132.0623015,101.7206887,9.691549693,5.652447677,474,17,14,7,38,480,6,1,1,8,512,488,334,15,293,11
47,1000,50,5.13,10.3,18,37,46,970,20,5,5,30,7.710729774,138,191,18.83131579,15.01110906,7.738973718,7.684024411,468,11,3,4,18,502,9,2,1,12,486,514,156,35,118,20
42,1000,50,5.13,10.3,18,37,66,948,31,15,6,52,7.88085256,211,240,29.87115976,24.60621114,8.838562714,6.94958805,457,22,9,5,36,491,9,6,1,16,493,507,219,21,198,13
45,1000,50,5.13,10.3,18,37,61,962,23,9,6,38,7.860579212,174,223,30.64516365,25.82583203,8.428816068,7.31023958,474,8,7,3,18,488,15,2,3,20,492,508,209,14,159,15
46,1000,50,5.13,10.3,18,37,59,959,25,8,8,41,8.02575302,190,231,22.46378776,17.83003918,8.760403011,7.355718517,451,13,6,7,26,508,12,2,1,15,477,523,199,32,171,19
41,1000,50,5.13,10.3,18,37,73,957,27,8,8,43,8.171266812,239,265,50.97584594,44.36687092,9.355732863,7.005601809,464,17,7,8,32,493,10,1,0,11,496,504,235,30,227,12
43,1000,50,5.13,10.3,18,37,64,943,35,12,10,57,8.192200135,236,287,33.83799047,28.58519823,9.347358862,7.091189473,452,25,7,4,36,491,10,5,6,21,488,512,256,31,216,20
44,1000,50,5.13,10.3,18,37,64,958,28,6,8,42,7.947871088,203,242,30.48477948,25.069685,8.997358912,6.915041801,468,20,3,5,28,490,8,3,3,14,496,504,214,28,187,16
47,1000,50,5.13,10.3,18,37,47,973,19,3,5,27,7.685670589,152,200,19.28394998,15.4199011,7.726396086,7.647163602,470,11,1,4,16,503,8,2,1,11,486,514,164,36,131,21
42,1000,50,5.13,10.3,18,37,67,947,32,15,6,53,7.878958177,193,272,30.67834151,25.24604889,8.872409775,6.912939167,457,22,9,5,36,490,10,6,1,17,493,507,237,35,179,14
40,1000,50,5.13,10.3,18,37,94,954,23,15,8,46,7.737001743,319,349,137.956529,106.438192,9.737518197,5.638099233,474,17,14,7,38,480,6,1,1,8,512,488,327,22,305,14
45,1000,50,5.13,10.3,18,37,62,962,23,9,6,38,7.898485063,178,258,31.81998903,26.98497577,8.503816687,7.312219003,474,8,7,3,18,488,15,2,3,20,492,508,225,33,160,18
46,1000,50,5.13,10.3,18,37,60,959,25,8,8,41,8.039779218,186,231,23.19615459,18.4490567,8.770869132,7.372991667,451,13,6,7,26,508,12,2,1,15,477,523,205,26,170,16
41,1000,50,5.13,10.3,18,37,74,956,28,8,8,44,8.168186334,250,261,53.27050827,46.3393022,9.397932987,6.957959468,463,18,7,8,33,493,10,1,0,11,496,504,243,18,238,12
43,1000,50,5.13,10.3,18,37,65,942,35,13,10,58,8.185478196,216,239,35.38393303,29.93088652,9.354309091,7.071436249,452,25,7,4,36,490,10,6,6,22,488,512,216,23,200,16
44,1000,50,5.13,10.3,18,37,65,958,28,6,8,42,7.971120369,204,225,31.3616475,25.84617938,9.042945139,6.916308691,468,20,3,5,28,490,8,3,3,14,496,504,206,19,188,16
42,1000,50,5.13,10.3,18,37,68,947,32,15,6,53,7.887006072,204,255,31.64427779,26.06464934,8.932716287,6.870171485,456,23,9,5,37,491,9,6,1,16,493,507,235,20,193,11
47,1000,50,5.13,10.3,18,37,48,973,19,3,5,27,7.72253331,146,191,19.64058779,15.73133367,7.807132333,7.642542794,470,11,1,4,16,503,8,2,1,11,486,514,150,41,128,18
40,1000,50,5.13,10.3,18,37,95,953,24,15,8,47,7.76952398,323,366,146.8683448,113.3483063,9.753397485,5.688082925,473,18,14,7,39,480,6,1,1,8,512,488,351,15,310,13
46,1000,50,5.13,10.3,18,37,61,958,25,9,8,42,8.04741051,182,244,23.80318737,18.93930762,8.789452179,7.370634455,450,14,6,7,27,508,11,3,1,15,477,523,217,27,159,23
45,1000,50,5.13,10.3,18,37,63,964,21,9,6,36,7.877660994,176,237,33.21005541,28.29402816,8.521900484,7.253712512,474,8,7,3,18,490,13,2,3,18,492,508,218,19,165,11
41,1000,50,5.13,10.3,18,37,75,956,27,9,8,44,8.18500878,249,289,56.1193997,48.76131473,9.454526132,6.935642496,463,17,8,8,33,493,10,1,0,11,496,504,258,31,231,18
43,1000,50,5.13,10.3,18,37,66,943,35,13,9,57,8.190811236,217,255,36.91477808,31.31196623,9.328781589,7.106183242,453,25,7,3,35,490,10,6,6,22,488,512,229,26,204,13
44,1000,50,5.13,10.3,18,37,66,957,29,6,8,43,7.98093455,224,247,32.39167964,26.76823978,9.113964607,6.865889096,468,20,3,5,28,489,9,3,3,15,496,504,221,26,211,13
42,1000,50,5.13,10.3,18,37,69,949,31,14,6,51,7.852846328,215,256,33.04449052,27.1752493,8.966342034,6.770098037,456,23,9,5,37,493,8,5,1,14,493,507,223,33,206,9
47,1000,50,5.13,10.3,18,37,49,975,18,3,4,25,7.741839381,156,182,19.95047767,15.95729097,7.848332299,7.641147633,470,12,1,3,16,505,6,2,1,9,486,514,157,25,141,15
40,1000,50,5.13,10.3,18,37,96,953,24,15,8,47,7.762945733,304,351,154.4270091,118.8323596,9.762427718,5.665128568,473,18,14,7,39,480,6,1,1,8,512,488,341,10,296,8
46,1000,50,5.13,10.3,18,37,62,957,26,9,8,43,8.067457519,188,244,24.38350735,19.42204109,8.84851365,7.355098486,449,15,6,7,28,508,11,3,1,15,477,523,219,25,175,13
41,1000,50,5.13,10.3,18,37,76,956,26,10,8,44,8.18820704,239,316,58.2039301,50.59383129,9.490955983,6.906136652,463,17,8,8,33,493,9,2,0,11,496,504,286,30,230,9
45,1000,50,5.13,10.3,18,37,64,963,22,9,6,37,7.892732993,199,248,34.46679414,29.47701436,8.54126954,7.264622794,474,8,7,3,18,489,14,2,3,19,492,508,216,32,181,18
43,1000,50,5.13,10.3,18,37,67,942,35,14,9,58,8.192581166,225,270,38.16338938,32.32057803,9.380196026,7.060635752,452,25,8,3,36,490,10,6,6,22,488,512,241,29,205,20
44,1000,50,5.13,10.3,18,37,67,956,30,6,8,44,7.966779566,224,246,33.71121404,27.84889686,9.127065818,6.824910557,467,21,3,5,29,489,9,3,3,15,496,504,218,28,205,19
42,1000,50,5.13,10.3,18,37,70,950,30,14,6,50,7.822375154,240,272,34.60126127,28.41558532,8.982816107,6.693977935,456,23,9,5,37,494,7,5,1,13,493,507,248,24,221,19
47,1000,50,5.13,10.3,18,37,50,975,18,3,4,25,7.768331339,151,208,20.32893519,16.30761228,7.853815069,7.687504311,471,11,1,3,15,504,7,2,1,10,486,514,164,44,133,18
40,1000,50,5.13,10.3,18,37,97,954,23,15,8,46,7.746623077,311,362,168.5088624,129.2368994,9.793320996,5.599267883,473,18,14,7,39,481,5,1,1,7,512,488,350,12,302,9
41,1000,50,5.13,10.3,18,37,77,956,25,11,8,44,8.179706891,254,282,60.60219942,52.46988054,9.527327443,6.853477142,463,17,8,8,33,493,8,3,0,11,496,504,265,17,244,10
46,1000,50,5.13,10.3,18,37,63,957,26,9,8,43,8.081977584,178,222,25.11067747,19.97789389,8.869249887,7.363949117,449,15,6,7,28,508,11,3,1,15,477,523,205,17,161,17
45,1000,50,5.13,10.3,18,37,65,964,22,8,6,36,7.890098685,200,267,36.88118174,31.87995527,8.547265016,7.253630506,474,8,7,3,18,490,14,1,3,18,492,508,226,41,187,13
43,1000,50,5.13,10.3,18,37,68,941,36,14,9,59,8.209325983,222,275,40.40561375,34.35785887,9.443283678,7.033210054,451,26,8,3,37,490,10,6,6,22,488,512,246,29,211,11
44,1000,50,5.13,10.3,18,37,68,957,28,7,8,43,7.963430023,234,258,35.23562637,29.08658229,9.200076872,6.74641249,466,20,5,5,30,491,8,2,3,13,496,504,239,19,215,19
42,1000,50,5.13,10.3,18,37,71,948,31,14,7,52,7.845324562,224,258,35.71126785,29.39205497,9.005429486,6.717254094,454,24,9,6,39,494,7,5,1,13,493,507,240,18,212,12
47,1000,50,5.13,10.3,18,37,51,976,17,3,4,24,7.774034756,168,189,20.67865305,16.65642882,7.895269188,7.659404534,471,11,1,3,15,505,6,2,1,9,486,514,157,32,144,24
41,1000,50,5.13,10.3,18,37,78,957,22,13,8,43,8.122669081,260,291,64.10887398,55.35314775,9.569393026,6.698909008,463,17,8,8,33,494,5,5,0,10,496,504,266,25,246,14
46,1000,50,5.13,10.3,18,37,64,957,26,9,8,43,8.09463641,182,228,26.06328177,20.70539901,8.909716059,7.351246366,449,15,6,7,28,508,11,3,1,15,477,523,201,27,170,12
40,1000,50,5.13,10.3,18,37,98,953,24,14,9,47,7.778174858,321,367,180.1179341,137.5372783,9.843548888,5.611225057,473,18,13,8,39,480,6,1,1,8,512,488,354,13,309,12
43,1000,50,5.13,10.3,18,37,69,940,38,14,8,60,8.188032338,241,280,41.95394476,35.84734682,9.496555814,6.9408459,450,27,8,3,38,490,11,6,5,22,488,512,245,35,223,18
45,1000,50,5.13,10.3,18,37,66,963,23,8,6,37,7.871135836,205,252,38.74296688,33.93246306,8.552651463,7.211085269,473,9,7,3,19,490,14,1,3,18,492,508,220,32,182,23
42,1000,50,5.13,10.3,18,37,72,946,33,14,7,54,7.866252881,226,282,37.14219121,30.5876757,9.064729459,6.70087033,453,25,9,6,40,493,8,5,1,14,493,507,261,21,217,9
44,1000,50,5.13,10.3,18,37,69,957,28,6,9,43,7.982848581,236,253,37.0437088,30.47028974,9.220417171,6.764923936,466,20,4,6,30,491,8,2,3,13,496,504,227,26,213,23
47,1000,50,5.13,10.3,18,37,52,975,18,3,4,25,7.797133893,146,190,21.19189867,17.10469829,7.944319938,7.657965765,471,11,1,3,15,504,7,2,1,10,486,514,161,29,134,12
41,1000,50,5.13,10.3,18,37,79,955,24,13,8,45,8.144336238,251,287,68.98402917,59.33304236,9.637808588,6.674569798,463,17,8,8,33,492,7,5,0,12,496,504,268,19,235,16
46,1000,50,5.13,10.3,18,37,65,958,25,9,8,42,8.086368471,199,248,26.77362672,21.22141436,8.940173864,7.307658772,449,15,6,7,28,509,10,3,1,14,477,523,222,26,185,14
43,1000,50,5.13,10.3,18,37,70,940,37,15,8,60,8.189286893,248,269,43.66858389,37.63592388,9.524853109,6.916325344,450,27,8,3,38,490,10,7,5,22,488,512,238,31,227,21
40,1000,50,5.13,10.3,18,37,99,953,24,14,9,47,7.794240061,331,368,195.4260963,148.8257233,9.911320486,5.573040926,473,18,13,8,39,480,6,1,1,8,512,488,342,26,320,11
42,1000,50,5.13,10.3,18,37,73,945,34,14,7,55,7.847850617,235,289,38.85388171,31.90800655,9.102149827,6.628186889,454,24,9,6,39,491,10,5,1,16,493,507,266,23,217,18
45,1000,50,5.13,10.3,18,37,67,963,23,8,6,37,7.880314651,216,260,41.01495019,36.16272037,8.604455633,7.178981259,473,9,7,3,19,490,14,1,3,18,492,508,232,28,198,18
44,1000,50,5.13,10.3,18,37,70,956,29,6,9,44,7.968662232,227,266,38.80077741,31.91121015,9.247352074,6.710269055,465,21,4,6,31,491,8,2,3,13,496,504,237,29,214,13
47,1000,50,5.13,10.3,18,37,53,975,17,3,5,25,7.787830401,167,213,21.80804329,17.6419409,8.001142918,7.586138021,471,10,1,4,15,504,7,2,1,10,486,514,174,39,150,17
41,1000,50,5.13,10.3,18,37,80,957,22,12,9,43,8.130680687,266,316,73.4247348,62.99650667,9.713932109,6.572560239,463,16,8,9,33,494,6,4,0,10,496,504,286,30,254,12
46,1000,50,5.13,10.3,18,37,66,959,24,9,8,41,8.106501838,215,249,28.16437843,22.20153701,8.9884569,7.30211835,449,15,6,7,28,510,9,3,1,13,477,523,218,31,200,15
43,1000,50,5.13,10.3,18,37,71,942,34,17,7,58,8.21305991,244,279,45.80768722,39.90326381,9.579386446,6.910779929,449,27,9,3,39,493,7,8,4,19,488,512,267,12,224,20
42,1000,50,5.13,10.3,18,37,74,946,33,14,7,54,7.838622006,231,280,40.45234675,33.245997,9.141941961,6.571291162,455,23,9,6,38,491,10,5,1,16,493,507,264,16,215,16
44,1000,50,5.13,10.3,18,37,71,956,29,6,9,44,7.975028411,223,273,40.44223514,33.25951459,9.257457109,6.712955723,465,21,4,6,31,491,8,2,3,13,496,504,243,30,209,14
45,1000,50,5.13,10.3,18,37,68,963,23,7,7,37,7.869468155,199,255,44.11395621,38.71530922,8.63448616,7.128545205,472,10,6,4,20,491,13,1,3,17,492,508,227,28,188,11
40,1000,50,5.13,10.3,18,37,100,954,23,14,9,46,7.80247208,333,369,209.6586752,158.3980778,9.936153132,5.563855895,474,17,13,8,38,480,6,1,1,8,512,488,351,18,323,10
47,1000,50,5.13,10.3,18,37,54,975,17,3,5,25,7.783809382,166,200,22.69449342,18.36412383,8.054806095,7.527575137,471,10,1,4,15,504,7,2,1,10,486,514,174,26,148,18
41,1000,50,5.13,10.3,18,37,81,957,22,12,9,43,8.127511124,280,319,77.32287362,66.3021476,9.757185203,6.523704888,463,16,8,9,33,494,6,4,0,10,496,504,288,31,268,12
46,1000,50,5.13,10.3,18,37,67,958,25,9,8,42,8.119307313,195,240,29.49598529,23.19717658,9.046369207,7.273784323,449,15,6,7,28,509,10,3,1,14,477,523,213,27,182,13
43,1000,50,5.13,10.3,18,37,72,943,33,17,7,57,8.247127951,232,282,49.11537128,43.70412298,9.681629949,6.879868233,449,27,9,3,39,494,6,8,4,18,488,512,253,29,220,12
42,1000,50,5.13,10.3,18,37,75,945,33,15,7,55,7.877889437,243,298,42.07886405,34.59195611,9.224487139,6.568475892,454,23,10,6,39,491,10,5,1,16,493,507,275,23,233,10
44,1000,50,5.13,10.3,18,37,72,956,28,7,9,44,7.982174352,234,277,42.82020405,35.03215295,9.290262452,6.694849556,465,21,4,6,31,491,7,3,3,13,496,504,256,21,220,14
45,1000,50,5.13,10.3,18,37,69,963,22,8,7,37,7.888937575,194,296,46.10733106,40.24849653,8.713386622,7.090455427,472,10,6,4,20,491,12,2,3,17,492,508,261,35,180,14
47,1000,50,5.13,10.3,18,37,55,974,18,3,5,26,7.790999331,163,212,23.34227124,18.83676833,8.050849185,7.545304721,471,10,1,4,15,503,8,2,1,11,486,514,183,29,143,20
40,1000,50,5.13,10.3,18,37,101,954,23,14,9,46,7.819220453,348,366,225.869311,169.6045744,10.00077481,5.530376538,474,17,13,8,38,480,6,1,1,8,512,488,355,11,336,12
41,1000,50,5.13,10.3,18,37,82,957,22,12,9,43,8.131704478,279,316,81.89560309,69.80326617,9.786802476,6.502877876,463,16,8,9,33,494,6,4,0,10,496,504,295,21,267,12
46,1000,50,5.13,10.3,18,37,68,960,23,9,8,40,8.141489239,204,270,31.03271105,24.3266982,9.061306921,7.302573304,450,15,5,7,27,510,8,4,1,13,477,523,237,33,187,17
43,1000,50,5.13,10.3,18,37,73,943,33,17,7,57,8.261443425,238,285,52.47210195,47.95783436,9.734097976,6.857819556,449,27,9,3,39,494,6,8,4,18,488,512,254,31,224,14
42,1000,50,5.13,10.3,18,37,76,945,33,15,7,55,7.880137939,237,291,43.91130713,36.08255561,9.240085127,6.557743532,454,23,10,6,39,491,10,5,1,16,493,507,268,23,217,20
44,1000,50,5.13,10.3,18,37,73,957,27,7,9,43,7.982132987,232,261,44.90315679,36.62025172,9.370565871,6.61573872,465,20,4,7,31,492,7,3,2,12,496,504,238,23,217,15
47,1000,50,5.13,10.3,18,37,56,975,17,3,5,25,7.785893957,175,212,24.14601811,19.48202389,8.098797222,7.490036005,470,11,1,4,16,505,6,2,1,9,486,514,186,26,155,20
45,1000,50,5.13,10.3,18,37,70,966,21,7,6,34,7.837502752,224,281,48.91545927,43.22513466,8.746363326,6.957267707,472,10,6,4,20,494,11,1,2,14,492,508,257,24,212,12
41,1000,50,5.13,10.3,18,37,83,957,22,12,9,43,8.110929681,272,320,85.97014833,73.04197369,9.810120529,6.438710116,463,16,8,9,33,494,6,4,0,10,496,504,294,26,257,15
40,1000,50,5.13,10.3,18,37,102,955,23,13,9,45,7.815154736,331,362,239.090104,178.4859179,10.06221271,5.457585717,474,17,13,8,38,481,6,0,1,7,512,488,352,10,326,5
46,1000,50,5.13,10.3,18,37,69,960,23,9,8,40,8.145036865,233,264,32.42246184,25.37821888,9.115902083,7.259563234,450,15,5,7,27,510,8,4,1,13,477,523,240,24,223,10
42,1000,50,5.13,10.3,18,37,77,944,34,15,7,56,7.935980247,232,306,45.9587008,37.72803788,9.353579059,6.557526175,453,24,10,6,40,491,10,5,1,16,493,507,287,19,222,10
43,1000,50,5.13,10.3,18,37,74,944,32,17,7,56,8.27582267,238,280,54.4698532,50.29760638,9.776725479,6.84527468,449,27,9,3,39,495,5,8,4,17,488,512,255,25,218,20
44,1000,50,5.13,10.3,18,37,74,955,29,7,9,45,7.966880085,262,280,47.1919374,38.17910421,9.42409414,6.532796412,464,21,4,7,32,491,8,3,2,13,496,504,254,26,248,14
47,1000,50,5.13,10.3,18,37,57,975,17,3,5,25,7.794791109,165,206,25.20583561,20.28746804,8.142711242,7.465823823,470,11,1,4,16,505,6,2,1,9,486,514,167,39,149,16
45,1000,50,5.13,10.3,18,37,71,966,21,7,6,34,7.83194595,222,264,51.21841102,45.9145362,8.782036084,6.911779914,472,10,6,4,20,494,11,1,2,14,492,508,240,24,214,8
41,1000,50,5.13,10.3,18,37,84,958,20,13,9,42,8.079231289,269,324,91.38847665,77.40099811,9.86349162,6.323292551,463,15,9,9,33,495,5,4,0,9,496,504,297,27,256,13
46,1000,50,5.13,10.3,18,37,70,961,23,8,8,39,8.146904684,228,261,34.410543,26.77464431,9.125707768,7.254191354,451,15,4,7,26,510,8,4,1,13,477,523,244,17,211,17
40,1000,50,5.13,10.3,18,37,103,955,23,13,9,45,7.775761955,344,373,256.4438394,190.028616,10.08983601,5.347880981,474,17,13,8,38,481,6,0,1,7,512,488,363,10,337,7
42,1000,50,5.13,10.3,18,37,78,944,34,15,7,56,7.90535921,241,299,48.23836405,39.65385957,9.371852573,6.479360732,453,24,10,6,40,491,10,5,1,16,493,507,274,25,224,17
43,1000,50,5.13,10.3,18,37,75,944,31,18,7,56,8.26620471,251,291,58.14947819,54.60677225,9.83287347,6.772973548,449,26,10,3,39,495,5,8,4,17,488,512,275,16,239,12
44,1000,50,5.13,10.3,18,37,75,956,28,7,9,44,7.908558859,254,280,50.2752183,39.99104748,9.410246582,6.43070745,465,20,4,7,31,491,8,3,2,13,496,504,261,19,237,17
47,1000,50,5.13,10.3,18,37,58,976,16,3,5,24,7.796702622,185,216,26.50010408,21.26012993,8.131198755,7.480428069,471,10,1,4,15,505,6,2,1,9,486,514,187,29,170,15
45,1000,50,5.13,10.3,18,37,72,966,21,7,6,34,7.815532255,215,275,54.69605939,48.82888532,8.79675152,6.865217533,472,10,6,4,20,494,11,1,2,14,492,508,243,32,201,14
41,1000,50,5.13,10.3,18,37,85,958,20,13,9,42,8.033357195,282,313,97.40093861,83.03354182,9.892603997,6.203622247,463,15,9,9,33,495,5,4,0,9,496,504,300,13,260,22
46,1000,50,5.13,10.3,18,37,71,959,24,9,8,41,8.183938244,220,260,36.16402677,28.06845257,9.175013103,7.280032494,451,15,4,7,26,508,9,5,1,15,477,523,239,21,203,17
40,1000,50,5.13,10.3,18,37,104,955,23,13,9,45,7.755440706,325,371,271.2690138,200.5861781,10.13640743,5.25737726,474,17,13,8,38,481,6,0,1,7,512,488,356,15,323,2
42,1000,50,5.13,10.3,18,37,79,944,35,14,7,56,7.875529165,252,320,49.96239377,40.93260027,9.390446951,6.402443428,452,25,10,6,41,492,10,4,1,15,493,507,299,21,243,9
48,1000,50,5.13,10.3,18,37,0,952,28,11,9,48,6.936,81,146,12.54122131,8.881732944,6.262396694,7.567829457,467,10,3,4,17,485,18,8,5,31,484,516,84,62,57,24
43,1000,50,5.13,10.3,18,37,76,944,31,18,7,56,8.254457267,244,277,59.90721139,57.20205056,9.841857674,6.741466255,449,26,10,3,39,495,5,8,4,17,488,512,260,17,236,8
44,1000,50,5.13,10.3,18,37,76,955,29,7,9,45,7.895517654,242,285,52.50725449,41.51598541,9.459647523,6.356215243,463,22,4,7,33,492,7,3,2,12,496,504,267,18,230,12
47,1000,50,5.13,10.3,18,37,59,976,16,3,5,24,7.807653259,185,208,27.22240559,21.82006624,8.15243783,7.481650728,471,10,1,4,15,505,6,2,1,9,486,514,173,35,168,17
41,1000,50,5.13,10.3,18,37,86,958,20,13,9,42,8.044730799,296,326,106.1247084,91.22473859,9.925392979,6.193920398,463,15,9,9,33,495,5,4,0,9,496,504,310,16,281,15
45,1000,50,5.13,10.3,18,37,73,966,21,7,6,34,7.832867785,239,275,59.32976507,53.05028948,8.846495176,6.851165667,472,10,6,4,20,494,11,1,2,14,492,508,254,21,213,26
46,1000,50,5.13,10.3,18,37,72,960,23,9,8,40,8.179547305,234,290,38.62739891,29.8611823,9.216495562,7.23380291,451,15,4,7,26,509,8,5,1,14,477,523,260,30,216,18
42,1000,50,5.13,10.3,18,37,80,944,35,14,7,56,7.881513477,257,315,52.76547042,43.46568483,9.455758133,6.350739087,451,26,10,6,42,493,9,4,1,14,493,507,300,15,238,19
43,1000,50,5.13,10.3,18,37,77,945,30,18,7,55,8.235875483,243,285,63.84209921,62.1558807,9.861139395,6.686795817,449,26,10,3,39,496,4,8,4,16,488,512,268,17,233,10
48,1000,50,5.13,10.3,18,37,1,952,28,11,9,48,6.96431783,89,143,12.59544081,8.939534457,6.310731603,7.577371577,467,10,3,4,17,485,18,8,5,31,484,516,93,50,54,35
44,1000,50,5.13,10.3,18,37,77,955,30,7,8,45,7.890273574,255,310,55.70124967,43.95443119,9.479320435,6.32644968,463,22,4,7,33,492,8,3,1,12,496,504,276,34,240,15
47,1000,50,5.13,10.3,18,37,60,977,16,3,4,23,7.793308363,181,227,28.256861,22.58115552,8.206468181,7.402655306,471,11,1,3,15,506,5,2,1,8,486,514,192,35,168,13
41,1000,50,5.13,10.3,18,37,87,957,21,13,9,43,8.023453652,291,340,116.8257751,101.0494476,9.947901723,6.129552375,463,15,9,9,33,494,6,4,0,10,496,504,316,24,278,13
46,1000,50,5.13,10.3,18,37,73,961,23,8,8,39,8.185277833,208,287,40.69480521,31.25192289,9.232044205,7.230578867,451,15,4,7,26,510,8,4,1,13,477,523,263,24,198,10
45,1000,50,5.13,10.3,18,37,74,966,21,7,6,34,7.840367052,215,288,63.85354467,56.68807055,8.890541443,6.823269019,471,11,6,4,21,495,10,1,2,13,492,508,267,21,202,13
42,1000,50,5.13,10.3,18,37,81,944,35,15,6,56,7.891142052,258,296,55.53521099,45.65613562,9.525680846,6.301738453,452,26,10,5,41,492,9,5,1,15,493,507,277,19,244,14
43,1000,50,5.13,10.3,18,37,78,945,30,18,7,55,8.198453568,251,304,65.62320379,63.53963142,9.874129687,6.601324767,449,26,10,3,39,496,4,8,4,16,488,512,280,24,241,10
44,1000,50,5.13,10.3,18,37,78,956,28,8,8,44,7.87701864,261,288,58.08923949,45.9268469,9.515793092,6.264256482,463,21,5,7,33,493,7,3,1,11,496,504,272,16,249,12
48,1000,50,5.13,10.3,18,37,2,953,27,11,9,47,6.961031447,95,128,12.65379987,9.029001093,6.34893976,7.535163958,467,10,3,4,17,486,17,8,5,30,484,516,72,56,64,31
41,1000,50,5.13,10.3,18,37,88,957,21,13,9,43,7.993232804,303,341,128.683833,111.859489,9.947901723,6.069590375,463,15,9,9,33,494,6,4,0,10,496,504,320,21,291,12
47,1000,50,5.13,10.3,18,37,61,976,16,3,5,24,7.787393915,192,222,29.55950626,23.62296691,8.2421773,7.357384721,470,11,1,4,16,506,5,2,1,8,486,514,193,29,176,16
46,1000,50,5.13,10.3,18,37,74,960,25,7,8,40,8.166452881,245,282,43.17462273,32.94857394,9.311811777,7.121833009,449,17,4,7,28,511,8,3,1,12,477,523,257,25,236,9
45,1000,50,5.13,10.3,18,37,75,965,22,7,6,35,7.82626623,241,297,67.66016489,60.323315,8.942311875,6.74537163,469,13,6,4,23,496,9,1,2,12,492,508,276,21,227,14
42,1000,50,5.13,10.3,18,37,82,944,35,15,6,56,7.866320412,276,308,58.68384003,48.22029425,9.535288008,6.243438706,452,26,10,5,41,492,9,5,1,15,493,507,288,20,261,15
43,1000,50,5.13,10.3,18,37,79,944,31,18,7,56,8.145292678,288,294,70.64654486,68.20994619,9.909571646,6.463714286,447,27,11,3,41,497,4,7,4,15,488,512,280,14,267,21
44,1000,50,5.13,10.3,18,37,79,953,31,8,8,47,7.882663443,274,317,61.19105686,48.32825506,9.554626334,6.237239645,462,22,5,7,34,491,9,3,1,13,496,504,297,20,261,13
41,1000,50,5.13,10.3,18,37,89,957,22,12,9,43,7.958711338,311,334,141.2243229,122.4741853,9.982960201,5.96659341,462,16,9,9,34,495,6,3,0,9,496,504,317,17,295,16
47,1000,50,5.13,10.3,18,37,62,976,16,3,5,24,7.793168651,171,250,30.50048649,24.34617355,8.287353139,7.325904719,470,11,1,4,16,506,5,2,1,8,486,514,218,32,157,14
48,1000,50,5.13,10.3,18,37,3,956,25,11,8,44,6.936423321,113,127,12.69214683,9.077676312,6.317781845,7.516699434,468,9,3,4,16,488,16,8,4,28,484,516,80,47,76,37
46,1000,50,5.13,10.3,18,37,75,959,25,8,8,41,8.201343524,222,288,46.21722764,35.07536563,9.370241083,7.135255311,448,17,5,7,29,511,8,3,1,12,477,523,265,23,215,7
45,1000,50,5.13,10.3,18,37,76,965,21,8,6,35,7.848357958,232,285,71.08783781,64.55383446,8.986916419,6.745659606,469,12,7,4,23,496,9,1,2,12,492,508,257,28,218,14
42,1000,50,5.13,10.3,18,37,83,943,36,15,6,57,7.861636396,281,313,61.83529966,50.97372465,9.575838951,6.194768822,451,27,10,5,42,492,9,5,1,15,493,507,296,17,265,16
43,1000,50,5.13,10.3,18,37,80,944,31,16,9,56,8.188674212,260,312,75.97389141,73.18962809,9.99738693,6.464744902,447,27,9,5,41,497,4,7,4,15,488,512,295,17,248,12
44,1000,50,5.13,10.3,18,37,80,953,31,8,8,47,7.872558727,277,298,65.91407267,52.09810733,9.595506296,6.176959533,462,22,5,7,34,491,9,3,1,13,496,504,277,21,264,13
41,1000,50,5.13,10.3,18,37,90,958,21,12,9,42,7.943450506,301,342,154.0747446,133.6430537,10.01552182,5.904269212,463,15,9,9,33,495,6,3,0,9,496,504,325,17,283,18
47,1000,50,5.13,10.3,18,37,63,977,16,3,4,23,7.815341397,211,225,31.2740891,24.92316696,8.390138841,7.271855877,470,11,1,4,16,507,5,2,0,7,486,514,199,26,199,12
46,1000,50,5.13,10.3,18,37,76,959,25,8,8,41,8.200069883,249,292,48.91315418,37.14247824,9.426925946,7.081120854,448,17,5,7,29,511,8,3,1,12,477,523,274,18,231,18
48,1000,50,5.13,10.3,18,37,4,957,25,10,8,43,6.959818005,98,135,12.74438998,9.148506351,6.358250912,7.524078612,468,9,3,4,16,489,16,7,4,27,484,516,86,49,65,33
45,1000,50,5.13,10.3,18,37,77,964,22,8,6,36,7.847928031,251,295,75.84373112,70.13026503,9.058545554,6.675440193,468,13,7,4,24,496,9,1,2,12,492,508,271,24,234,17
42,1000,50,5.13,10.3,18,37,84,943,35,16,6,57,7.864563536,289,347,65.01844393,53.56624369,9.633153129,6.144810737,451,26,11,5,42,492,9,5,1,15,493,507,330,17,276,13
43,1000,50,5.13,10.3,18,37,81,945,31,15,9,55,8.184868594,269,329,79.72662143,76.09460559,10.05702578,6.400468776,447,27,9,5,41,498,4,6,4,14,488,512,304,25,256,13
41,1000,50,5.13,10.3,18,37,91,959,20,12,9,41,7.931520432,323,340,167.5047253,144.2072174,10.0578977,5.838895183,463,15,9,9,33,496,5,3,0,8,496,504,322,18,311,12
44,1000,50,5.13,10.3,18,37,81,953,31,8,8,47,7.842552062,264,314,68.78873671,54.65617662,9.58830612,6.124508385,462,22,5,7,34,491,9,3,1,13,496,504,288,26,254,10
47,1000,50,5.13,10.3,18,37,64,977,16,3,4,23,7.834466185,185,231,32.64710948,25.96574678,8.404522871,7.295463171,470,11,1,4,16,507,5,2,0,7,486,514,206,25,171,14
46,1000,50,5.13,10.3,18,37,77,959,25,8,8,41,8.176790225,239,292,51.86983528,39.42687438,9.432334441,7.031676285,448,17,5,7,29,511,8,3,1,12,477,523,277,15,227,12
48,1000,50,5.13,10.3,18,37,5,959,23,10,8,41,6.930146819,97,136,12.78813517,9.213114768,6.343300359,7.480599699,469,8,3,4,15,490,15,7,4,26,484,516,75,61,72,25
42,1000,50,5.13,10.3,18,37,85,943,35,16,6,57,7.833765139,281,335,68.27510425,56.71179759,9.63725879,6.080072102,451,26,11,5,42,492,9,5,1,15,493,507,315,20,262,19
45,1000,50,5.13,10.3,18,37,78,966,21,8,5,34,7.795225041,244,294,80.36272615,75.70994594,9.074169084,6.556562701,468,13,7,4,24,498,8,1,1,10,492,508,275,19,239,5
43,1000,50,5.13,10.3,18,37,82,945,31,15,9,55,8.158246996,288,306,87.14880668,85.64920851,10.09586263,6.311457097,447,27,9,5,41,498,4,6,4,14,488,512,284,22,270,18
41,1000,50,5.13,10.3,18,37,92,959,20,12,9,41,7.944511891,292,345,182.1533298,156.7406691,10.09314162,5.8299874,463,15,9,9,33,496,5,3,0,8,496,504,332,13,280,12
44,1000,50,5.13,10.3,18,37,82,955,29,8,8,45,7.830785588,288,316,72.35456597,57.53586857,9.630516265,6.059622064,462,22,5,7,34,493,7,3,1,11,496,504,296,20,274,14
47,1000,50,5.13,10.3,18,37,65,977,16,3,4,23,7.815824162,207,241,33.4258299,26.57983131,8.423950856,7.240824992,470,11,1,4,16,507,5,2,0,7,486,514,207,34,194,13
46,1000,50,5.13,10.3,18,37,78,959,25,8,8,41,8.192113028,253,292,54.00413154,41.04410089,9.50546264,6.994277913,448,17,5,7,29,511,8,3,1,12,477,523,274,18,237,16
42,1000,50,5.13,10.3,18,37,86,944,35,16,5,56,7.833398398,284,334,72.63034909,59.888992,9.67591819,6.041756865,451,26,11,5,42,493,9,5,0,14,493,507,316,18,270,14
45,1000,50,5.13,10.3,18,37,79,967,20,8,5,33,7.791495196,249,301,86.46161068,81.72188477,9.134792343,6.490506621,468,13,7,4,24,499,7,1,1,9,492,508,274,27,238,11
48,1000,50,5.13,10.3,18,37,6,959,23,10,8,41,6.941860317,96,119,12.82419227,9.270774215,6.360735492,7.486946393,469,8,3,4,15,490,15,7,4,26,484,516,71,48,66,30
43,1000,50,5.13,10.3,18,37,83,947,31,13,9,53,8.139327223,272,312,92.30219727,93.18733917,10.10992338,6.261102756,448,27,8,5,40,499,4,5,4,13,488,512,294,18,262,10
41,1000,50,5.13,10.3,18,37,93,959,21,10,10,41,7.949963725,304,342,197.1845108,170.3663248,10.17939671,5.755918566,462,16,8,10,34,497,5,2,0,7,496,504,325,17,295,9
44,1000,50,5.13,10.3,18,37,83,955,29,8,8,45,7.830055328,283,311,74.97699439,60.05075134,9.674423236,6.014963101,462,22,5,7,34,493,7,3,1,11,496,504,296,15,272,11
47,1000,50,5.13,10.3,18,37,66,977,16,3,4,23,7.815279563,196,225,34.84389002,27.58369265,8.456853894,7.208654806,470,11,1,4,16,507,5,2,0,7,486,514,203,22,181,15
46,1000,50,5.13,10.3,18,37,79,962,23,7,8,38,8.161865135,262,306,55.82092852,42.50939924,9.554413055,6.891797529,448,17,5,7,29,514,6,2,1,9,477,523,288,18,249,13
42,1000,50,5.13,10.3,18,37,87,943,35,17,5,57,7.849381901,310,323,76.21089301,62.94477136,9.750449155,6.000809602,450,26,12,5,43,493,9,5,0,14,493,507,306,17,297,13
45,1000,50,5.13,10.3,18,37,80,965,22,8,5,35,7.792669612,269,297,91.37302221,88.59565447,9.159604796,6.468787506,466,15,7,4,26,499,7,1,1,9,492,508,278,19,251,18
43,1000,50,5.13,10.3,18,37,84,947,31,12,10,53,8.114739043,285,325,98.41208645,99.92895444,10.14137043,6.183105998,448,27,8,5,40,499,4,4,5,13,488,512,305,20,269,16
48,1000,50,5.13,10.3,18,37,7,961,21,10,8,39,6.961888393,94,133,12.90225558,9.335979534,6.421200556,7.469045201,469,8,3,4,15,492,13,7,4,24,484,516,89,44,63,31
41,1000,50,5.13,10.3,18,37,94,958,23,10,9,42,7.959264685,320,346,214.3416774,184.1953572,10.19370065,5.760295955,461,18,8,9,35,497,5,2,0,7,496,504,323,23,309,11
44,1000,50,5.13,10.3,18,37,84,955,28,9,8,45,7.861220296,276,311,78.87956435,63.06873104,9.744831408,6.007507772,462,21,6,7,34,493,7,3,1,11,496,504,285,26,256,20
47,1000,50,5.13,10.3,18,37,67,977,16,3,4,23,7.806464059,202,227,36.56963313,28.87805697,8.48265164,7.167111599,470,11,1,4,16,507,5,2,0,7,486,514,205,22,185,17
46,1000,50,5.13,10.3,18,37,80,959,26,7,8,41,8.185003145,252,306,58.23307948,44.37378309,9.58760303,6.905767685,448,17,5,7,29,511,9,2,1,12,477,523,284,22,245,7
42,1000,50,5.13,10.3,18,37,88,941,37,17,5,59,7.861637112,303,343,80.5995497,66.85933405,9.776631929,5.999521835,449,27,12,5,44,492,10,5,0,15,493,507,318,25,296,7
45,1000,50,5.13,10.3,18,37,81,965,22,8,5,35,7.811386264,266,339,96.25973424,93.79874877,9.178419664,6.487409035,466,15,7,4,26,499,7,1,1,9,492,508,309,30,252,14
41,1000,50,5.13,10.3,18,37,95,959,22,10,9,41,7.93281315,331,369,227.2164429,194.8274294,10.17305148,5.728134162,462,17,8,9,34,497,5,2,0,7,496,504,346,23,320,11
43,1000,50,5.13,10.3,18,37,85,947,31,11,11,53,8.080647629,278,327,102.9938987,106.1393502,10.16908838,6.090102539,448,27,8,5,40,499,4,3,6,13,488,512,311,16,263,15
48,1000,50,5.13,10.3,18,37,8,963,19,10,8,37,6.988744115,115,132,12.97237427,9.386266706,6.475116069,7.470519259,470,7,3,4,14,493,12,7,4,23,484,516,79,53,87,28
44,1000,50,5.13,10.3,18,37,85,953,29,10,8,47,7.87617278,279,316,83.25774849,67.30045819,9.820006743,5.963193324,461,21,7,7,35,492,8,3,1,12,496,504,294,22,269,10
47,1000,50,5.13,10.3,18,37,68,978,15,3,4,22,7.776722201,215,249,38.81685977,30.60065972,8.511553057,7.081921042,470,11,1,4,16,508,4,2,0,6,486,514,222,27,197,18
46,1000,50,5.13,10.3,18,37,81,960,25,7,8,40,8.145935404,263,310,60.78174929,46.62199578,9.614230614,6.806782794,448,17,5,7,29,512,8,2,1,11,477,523,282,28,252,11
42,1000,50,5.13,10.3,18,37,89,941,36,17,6,59,7.861424166,285,337,85.45759059,71.39136352,9.813034975,5.963703991,448,28,12,5,45,493,8,5,1,14,493,507,316,21,277,8
41,1000,50,5.13,10.3,18,37,96,959,22,10,9,41,7.958539109,329,366,238.0051742,205.0778897,10.18787227,5.764592184,462,17,8,9,34,497,5,2,0,7,496,504,347,19,319,10
43,1000,50,5.13,10.3,18,37,86,947,30,12,11,53,8.114707224,280,338,107.2988923,109.6012139,10.19704448,6.129979525,448,26,9,5,40,499,4,3,6,13,488,512,318,20,267,13
45,1000,50,5.13,10.3,18,37,82,966,21,8,5,34,7.834431575,249,306,101.469674,98.30619996,9.261069827,6.45272681,466,15,7,4,26,500,6,1,1,8,492,508,285,21,238,11
44,1000,50,5.13,10.3,18,37,86,951,31,10,8,49,7.885727584,280,327,87.54112565,71.2400911,9.861750333,5.941070277,459,23,7,7,37,492,8,3,1,12,496,504,308,19,266,14
47,1000,50,5.13,10.3,18,37,69,977,16,3,4,23,7.787767964,212,261,41.22449508,32.49060078,8.560004294,7.057598983,469,12,1,4,17,508,4,2,0,6,486,514,234,27,202,10
46,1000,50,5.13,10.3,18,37,82,960,25,7,8,40,8.143860989,271,326,63.481983,48.65851755,9.66907167,6.752798859,448,17,5,7,29,512,8,2,1,11,477,523,306,20,261,10
48,1000,50,5.13,10.3,18,37,9,967,16,9,8,33,7.019737938,92,152,13.0213213,9.439413206,6.537577198,7.471997236,472,5,3,4,12,495,11,6,4,21,484,516,101,51,63,29
42,1000,50,5.13,10.3,18,37,90,940,36,18,6,60,7.872858699,316,359,90.80678178,76.28124368,9.850733159,5.949600101,447,28,13,5,46,493,8,5,1,14,493,507,339,20,297,19
41,1000,50,5.13,10.3,18,37,97,959,21,10,10,41,7.970664102,323,367,251.6173136,216.8031396,10.25097915,5.72654453,462,16,8,10,34,497,5,2,0,7,496,504,350,17,309,14
43,1000,50,5.13,10.3,18,37,87,948,30,11,11,52,8.108183176,271,347,111.2457729,112.7856467,10.23243573,6.083504958,448,26,9,5,40,500,4,2,6,12,488,512,334,13,263,8
45,1000,50,5.13,10.3,18,37,83,966,20,9,5,34,7.864920142,258,323,108.7810197,104.2878899,9.290660499,6.484084993,466,14,8,4,26,500,6,1,1,8,492,508,298,25,246,12
44,1000,50,5.13,10.3,18,37,87,951,31,10,8,49,7.875871948,292,342,91.61233351,75.07831477,9.906044365,5.877924489,459,23,7,7,37,492,8,3,1,12,496,504,321,21,277,15
46,1000,50,5.13,10.3,18,37,83,959,25,8,8,41,8.150137057,272,312,66.69915458,51.12654495,9.728611143,6.710496257,447,17,6,7,30,512,8,2,1,11,477,523,297,15,259,13
47,1000,50,5.13,10.3,18,37,70,978,15,3,4,22,7.762397382,210,264,42.79995499,33.7028167,8.578896213,6.990377086,469,12,1,4,17,509,3,2,0,5,486,514,241,23,194,16
48,1000,50,5.13,10.3,18,37,10,966,17,9,8,34,7.069378835,90,142,13.08148543,9.541917938,6.60336215,7.50649526,471,6,3,4,13,495,11,6,4,21,484,516,91,51,74,16
42,1000,50,5.13,10.3,18,37,91,941,35,18,6,59,7.877689794,306,352,96.7361271,81.70542341,9.896501692,5.914624181,448,27,13,5,45,493,8,5,1,14,493,507,343,9,298,8
41,1000,50,5.13,10.3,18,37,98,959,21,10,10,41,7.96653062,335,369,272.05732,234.5034001,10.28157212,5.688235808,462,16,8,10,34,497,5,2,0,7,496,504,355,14,328,7
43,1000,50,5.13,10.3,18,37,88,947,31,11,11,53,8.111808311,282,340,116.4822006,117.0268933,10.26800617,6.056682231,447,27,9,5,41,500,4,2,6,12,488,512,328,12,271,11
45,1000,50,5.13,10.3,18,37,84,966,20,9,5,34,7.895766719,263,316,120.6094459,119.5230835,9.382299623,6.456053749,465,15,8,4,27,501,5,1,1,7,492,508,287,29,253,10
46,1000,50,5.13,10.3,18,37,84,959,25,8,8,41,8.122732336,288,311,70.90337003,54.17810932,9.751015315,6.637663539,447,17,6,7,30,512,8,2,1,11,477,523,298,13,270,18
44,1000,50,5.13,10.3,18,37,88,951,30,11,8,49,7.881379263,297,362,97.98830234,81.04312272,9.939491437,5.855935538,459,22,8,7,37,492,8,3,1,12,496,504,336,26,284,13
47,1000,50,5.13,10.3,18,37,71,977,17,1,5,23,7.758284114,229,282,44.25005298,34.89115801,8.62016181,6.943356954,468,13,1,4,18,509,4,0,1,5,486,514,241,41,214,15
42,1000,50,5.13,10.3,18,37,92,941,35,18,6,59,7.887901932,319,352,103.0830852,87.02605833,9.955871212,5.87703634,448,27,13,5,45,493,8,5,1,14,493,507,339,13,312,7
48,1000,50,5.13,10.3,18,37,11,965,18,9,8,35,7.111145253,100,145,13.11775249,9.602525096,6.682191948,7.513496803,470,7,3,4,14,495,11,6,4,21,484,516,105,40,74,26
41,1000,50,5.13,10.3,18,37,99,958,22,10,10,42,7.972025055,345,375,292.4724939,252.8438948,10.33764938,5.643950317,461,17,8,10,35,497,5,2,0,7,496,504,353,22,335,10
43,1000,50,5.13,10.3,18,37,89,948,31,10,11,52,8.095815277,305,338,122.5077865,121.7670939,10.29116903,6.003368735,447,27,9,5,41,501,4,1,6,11,488,512,319,19,293,12
46,1000,50,5.13,10.3,18,37,85,960,25,6,9,40,8.115359757,274,323,74.34832592,57.02900762,9.824821921,6.556251817,447,17,5,8,30,513,8,1,1,10,477,523,304,19,261,13
45,1000,50,5.13,10.3,18,37,85,965,21,9,5,35,7.86709538,280,317,133.7254202,136.4196426,9.42311003,6.360089065,465,15,8,4,27,500,6,1,1,8,492,508,297,20,265,15
44,1000,50,5.13,10.3,18,37,89,951,29,12,8,49,7.878857059,303,334,102.2346546,85.03635444,9.99520232,5.796104579,459,21,9,7,37,492,8,3,1,12,496,504,322,12,289,14
47,1000,50,5.13,10.3,18,37,72,977,17,1,5,23,7.743654534,218,257,46.41458242,36.56029337,8.641111396,6.895086373,468,13,1,4,18,509,4,0,1,5,486,514,242,15,196,22
42,1000,50,5.13,10.3,18,37,93,941,34,19,6,59,7.942200293,324,361,108.8244606,91.50935134,10.06524671,5.877778434,448,27,13,5,45,493,7,6,1,14,493,507,343,18,313,11
41,1000,50,5.13,10.3,18,37,100,957,22,11,10,43,7.97140534,346,381,324.8791088,283.3917235,10.42356329,5.558170527,460,17,9,10,36,497,5,2,0,7,496,504,361,20,334,12
48,1000,50,5.13,10.3,18,37,12,965,18,9,8,35,7.142465027,110,127,13.14111984,9.629448277,6.709136968,7.548920029,470,7,3,4,14,495,11,6,4,21,484,516,89,38,77,33
43,1000,50,5.13,10.3,18,37,90,947,32,10,11,53,8.105560156,303,347,128.257927,126.330034,10.32695653,5.988291734,446,28,9,5,42,501,4,1,6,11,488,512,332,15,295,8
46,1000,50,5.13,10.3,18,37,86,959,26,6,9,41,8.097726006,287,331,79.80896818,61.57555377,9.862750807,6.487942391,446,18,5,8,31,513,8,1,1,10,477,523,311,20,278,9
47,1000,50,5.13,10.3,18,37,73,975,19,1,5,25,7.733320875,231,267,50.10702923,39.30260375,8.733058956,6.788043234,467,14,1,4,19,508,5,0,1,6,486,514,242,25,218,13
44,1000,50,5.13,10.3,18,37,90,949,30,13,8,51,7.900039392,314,341,108.3633909,90.62557967,10.04586489,5.788274616,457,23,9,7,39,492,7,4,1,12,496,504,322,19,300,14
45,1000,50,5.13,10.3,18,37,86,966,21,8,5,34,7.876060648,272,325,138.6560071,141.3258906,9.4602385,6.34177816,465,15,8,4,27,501,6,0,1,7,492,508,314,11,256,16
42,1000,50,5.13,10.3,18,37,94,940,34,20,6,60,7.911853529,321,378,115.5502619,96.50875328,10.09723088,5.786821903,447,27,14,5,46,493,7,6,1,14,493,507,360,18,310,11
41,1000,50,5.13,10.3,18,37,101,956,22,12,10,44,7.964106302,336,378,350.6889547,306.5628567,10.47168397,5.496331459,459,17,10,10,37,497,5,2,0,7,496,504,364,14,328,8
48,1000,50,5.13,10.3,18,37,13,965,18,9,8,35,7.173525428,95,148,13.19413313,9.695375447,6.753154641,7.56782671,470,7,3,4,14,495,11,6,4,21,484,516,96,52,69,26
43,1000,50,5.13,10.3,18,37,91,945,33,9,13,55,8.144466482,301,337,135.9311689,132.1405652,10.48656346,5.912155303,444,29,9,6,44,501,4,0,7,11,488,512,318,19,294,7
46,1000,50,5.13,10.3,18,37,87,958,27,6,9,42,8.060881364,290,333,85.5301241,66.24749301,9.875291573,6.406055992,446,18,5,8,31,512,9,1,1,11,477,523,321,12,282,8
47,1000,50,5.13,10.3,18,37,74,976,19,1,4,24,7.730465128,216,246,53.95337099,42.27045558,8.776779701,6.741148237,467,14,1,4,19,509,5,0,0,5,486,514,229,17,200,16
44,1000,50,5.13,10.3,18,37,91,948,31,13,8,52,7.927162164,301,343,113.9824839,95.3790032,10.14462068,5.744901403,457,23,9,7,39,491,8,4,1,13,496,504,325,18,286,15
45,1000,50,5.13,10.3,18,37,87,964,22,9,5,36,7.886923095,267,317,148.9436467,153.8272354,9.475676769,6.348208907,465,14,9,4,27,499,8,0,1,9,492,508,301,16,254,13
42,1000,50,5.13,10.3,18,37,95,940,34,20,6,60,7.889687322,322,362,122.1302823,101.1101305,10.11629094,5.724567828,447,27,14,5,46,493,7,6,1,14,493,507,348,14,311,11
41,1000,50,5.13,10.3,18,37,102,955,23,11,11,45,7.968601574,366,382,376.0017225,332.1028523,10.5428857,5.435179099,458,18,9,11,38,497,5,2,0,7,496,504,363,19,357,9
43,1000,50,5.13,10.3,18,37,92,944,34,8,14,56,8.138100766,316,363,143.4309349,140.3077468,10.52893468,5.859337188,443,30,8,7,45,501,4,0,7,11,488,512,348,15,299,17
48,1000,50,5.13,10.3,18,37,14,965,16,11,8,35,7.213531253,102,132,13.26742834,9.76602444,6.779510558,7.620635937,470,7,3,4,14,495,9,8,4,21,484,516,85,47,70,32
47,1000,50,5.13,10.3,18,37,75,977,18,1,4,23,7.717417276,237,281,57.40579521,45.03420285,8.801620304,6.692275892,467,14,1,4,19,510,4,0,0,4,486,514,258,23,223,14
46,1000,50,5.13,10.3,18,37,88,958,27,6,9,42,8.047308917,293,342,90.03884977,69.78942411,9.928249218,6.331805047,446,18,5,8,31,512,9,1,1,11,477,523,324,18,282,11
44,1000,50,5.13,10.3,18,37,92,947,32,13,8,53,7.927113988,311,349,123.4407825,104.1153888,10.20168531,5.688646969,456,24,9,7,40,491,8,4,1,13,496,504,327,22,302,9
45,1000,50,5.13,10.3,18,37,88,963,23,9,5,37,7.825595462,276,343,154.6333443,162.2313051,9.495870416,6.207927594,464,15,9,4,28,499,8,0,1,9,492,508,326,17,260,16
42,1000,50,5.13,10.3,18,37,96,940,34,20,6,60,7.87415548,322,382,129.4073899,106.6213604,10.1358452,5.674918726,447,27,14,5,46,493,7,6,1,14,493,507,367,15,317,5
41,1000,50,5.13,10.3,18,37,103,955,23,11,11,45,7.945404079,348,394,401.1860349,354.2051278,10.5905461,5.342248438,458,18,9,11,38,497,5,2,0,7,496,504,378,16,338,10
43,1000,50,5.13,10.3,18,37,93,945,33,8,14,55,8.114903348,329,368,148.1916438,144.3625451,10.5848459,5.760739348,443,30,8,7,45,502,3,0,7,10,488,512,355,13,324,5
46,1000,50,5.13,10.3,18,37,89,959,26,6,9,41,8.010399032,322,348,95.39727554,73.8978058,9.946998261,6.244131667,446,18,5,8,31,513,8,1,1,10,477,523,326,22,315,7
47,1000,50,5.13,10.3,18,37,76,976,19,1,4,24,7.727592863,251,265,61.46165805,48.45821098,8.850291747,6.666052672,466,15,1,4,20,510,4,0,0,4,486,514,247,18,230,21
44,1000,50,5.13,10.3,18,37,93,947,32,13,8,53,7.918140925,316,367,133.457327,113.5633641,10.18490983,5.68735248,456,24,9,7,40,491,8,4,1,13,496,504,353,14,306,10
48,1000,50,5.13,10.3,18,37,15,964,17,12,7,36,7.23933804,95,146,13.3341793,9.837807971,6.857446763,7.597546137,469,8,3,4,15,495,9,9,3,21,484,516,91,55,73,22
45,1000,50,5.13,10.3,18,37,89,962,22,11,5,38,7.797996811,292,319,159.962894,166.3593053,9.527552245,6.122915564,462,16,10,4,30,500,6,1,1,8,492,508,305,14,278,14
42,1000,50,5.13,10.3,18,37,97,940,34,20,6,60,7.856659797,330,381,137.3240602,112.6285745,10.1652803,5.611788187,447,27,14,5,46,493,7,6,1,14,493,507,365,16,318,12
41,1000,50,5.13,10.3,18,37,104,956,21,12,11,44,7.945214427,352,374,429.0028488,374.8386967,10.63590064,5.297237517,458,18,9,11,38,498,3,3,0,6,496,504,360,14,337,15
49,1000,50,5.13,10.3,18,37,0,928,34,17,21,72,7.443,101,144,12.50784837,9.300466612,6.731557377,8.12109375,466,11,3,8,22,462,23,14,13,50,488,512,85,59,69,32
43,1000,50,5.13,10.3,18,37,94,945,32,10,13,55,8.077505701,323,373,152.8731648,148.4055689,10.66718946,5.609213365,442,29,10,7,46,503,3,0,6,9,488,512,355,18,318,5
46,1000,50,5.13,10.3,18,37,90,957,28,6,9,43,8.007287713,314,371,100.8905836,77.79442626,10.00096127,6.188965938,444,20,5,8,33,513,8,1,1,10,477,523,350,21,300,14
47,1000,50,5.13,10.3,18,37,77,976,19,1,4,24,7.725057523,250,288,67.20763293,53.01248542,8.907845392,6.606701678,466,15,1,4,20,510,4,0,0,4,486,514,265,23,238,12
44,1000,50,5.13,10.3,18,37,94,947,30,15,8,53,7.920489651,317,360,142.5546526,121.0133472,10.26341507,5.614753523,455,24,10,7,41,492,6,5,1,12,496,504,344,16,304,13
42,1000,50,5.13,10.3,18,37,98,941,33,18,8,59,7.826225794,328,390,143.8522866,117.8462658,10.17521758,5.542097689,447,27,13,6,46,494,6,5,2,13,493,507,372,18,320,8
48,1000,50,5.13,10.3,18,37,16,967,17,9,7,33,7.213645524,109,139,13.38376363,9.909632371,6.863925081,7.541677877,469,8,3,4,15,498,9,6,3,18,484,516,97,42,81,28
45,1000,50,5.13,10.3,18,37,90,961,23,11,5,39,7.794048717,288,342,169.2799512,173.2228419,9.539368696,6.103699447,462,16,10,4,30,499,7,1,1,9,492,508,311,31,278,10
49,1000,50,5.13,10.3,18,37,1,926,36,17,21,74,7.478904419,117,120,12.56008538,9.392509923,6.755930195,8.167989226,466,11,3,8,22,460,25,14,13,52,488,512,66,54,80,37
43,1000,50,5.13,10.3,18,37,95,945,31,11,13,55,8.075432602,330,368,163.2289716,156.6003212,10.7159141,5.558723674,442,28,11,7,46,503,3,0,6,9,488,512,354,14,317,13
46,1000,50,5.13,10.3,18,37,91,955,30,6,9,45,7.996702183,320,357,107.7895901,83.21816497,10.03078705,6.141523445,444,20,5,8,33,511,10,1,1,12,477,523,338,19,309,11
47,1000,50,5.13,10.3,18,37,78,977,19,1,3,23,7.692068519,249,301,72.90768285,57.78680231,8.945227737,6.507174783,466,16,1,3,20,511,3,0,0,3,486,514,281,20,236,13
44,1000,50,5.13,10.3,18,37,95,947,31,15,7,53,7.88340711,319,370,152.4460623,129.922978,10.27896703,5.525871947,455,24,10,7,41,492,7,5,0,12,496,504,348,22,310,9
42,1000,50,5.13,10.3,18,37,99,940,33,19,8,60,7.819165683,351,383,151.9047065,124.1534051,10.20097601,5.503125267,447,27,13,6,46,493,6,6,2,14,493,507,365,18,338,13
45,1000,50,5.13,10.3,18,37,91,961,24,11,4,39,7.790927395,293,338,185.5897757,190.5746174,9.609784323,6.0293573,461,17,10,4,31,500,7,1,0,8,492,508,323,15,279,14
48,1000,50,5.13,10.3,18,37,17,968,16,9,7,32,7.240557255,105,137,13.43760853,9.994569764,6.889446104,7.569894072,469,8,3,4,15,499,8,6,3,17,484,516,92,45,74,31
49,1000,50,5.13,10.3,18,37,2,927,37,15,21,73,7.512614995,109,128,12.57387443,9.474117271,6.801862635,8.190050837,466,11,3,8,22,461,26,12,13,51,488,512,75,53,77,32
43,1000,50,5.13,10.3,18,37,96,944,32,11,13,56,8.065699126,326,393,173.0448658,164.6375351,10.78095617,5.477719753,441,29,11,7,47,503,3,0,6,9,488,512,369,24,315,11
46,1000,50,5.13,10.3,18,37,92,954,31,6,9,46,8.011483196,322,370,117.4177626,90.53704656,10.08457655,6.120726924,443,21,5,8,34,511,10,1,1,12,477,523,352,18,313,9
47,1000,50,5.13,10.3,18,37,79,977,19,1,3,23,7.6665376,266,300,76.58492203,60.81941772,8.979539874,6.425060742,465,17,1,3,21,512,2,0,0,2,486,514,269,31,249,17
44,1000,50,5.13,10.3,18,37,96,947,31,15,7,53,7.90095927,325,373,161.8549307,137.7579302,10.31460651,5.525623891,455,24,10,7,41,492,7,5,0,12,496,504,356,17,314,11
42,1000,50,5.13,10.3,18,37,100,939,34,18,9,61,7.804250619,332,390,161.6550797,132.2056175,10.26578938,5.410683346,446,28,12,7,47,493,6,6,2,14,493,507,376,14,320,12
45,1000,50,5.13,10.3,18,37,92,961,24,10,5,39,7.836920947,294,350,194.0006592,201.7683457,9.663010914,6.068345625,460,18,9,5,32,501,6,1,0,7,492,508,331,19,285,9
48,1000,50,5.13,10.3,18,37,18,970,13,10,7,30,7.267257425,108,121,13.51286021,10.05896362,6.89570051,7.61577205,469,8,3,4,15,501,5,7,3,15,484,516,84,37,91,17
49,1000,50,5.13,10.3,18,37,3,928,37,15,20,72,7.522702983,103,138,12.59420183,9.527887776,6.91029933,8.106400214,466,10,4,8,22,462,27,11,12,50,488,512,82,56,69,34
43,1000,50,5.13,10.3,18,37,97,944,33,11,12,56,8.045024076,338,394,183.8710244,176.2616263,10.81386908,5.405968684,441,29,11,7,47,503,4,0,5,9,488,512,376,18,324,14
46,1000,50,5.13,10.3,18,37,93,954,30,7,9,46,7.994228962,319,359,127.6845566,97.96187554,10.13299498,6.043576205,442,21,6,8,35,512,9,1,1,11,477,523,339,20,306,13
47,1000,50,5.13,10.3,18,37,80,977,19,1,3,23,7.659978512,246,293,80.8306977,64.02836152,8.993650851,6.398957584,465,17,1,3,21,512,2,0,0,2,486,514,268,25,240,6
44,1000,50,5.13,10.3,18,37,97,946,32,15,7,54,7.925924966,325,375,175.0203374,149.2892446,10.3776398,5.513126245,454,25,10,7,42,492,7,5,0,12,496,504,363,12,313,12
42,1000,50,5.13,10.3,18,37,101,939,35,17,9,61,7.779151543,347,400,172.2555193,139.9726052,10.29567334,5.332119505,445,29,12,7,48,494,6,5,2,13,493,507,378,22,339,8
45,1000,50,5.13,10.3,18,37,93,960,25,10,5,40,7.809610409,310,350,208.7528464,224.3116488,9.735858551,5.9440315,460,18,9,5,32,500,7,1,0,8,492,508,335,15,300,10
49,1000,50,5.13,10.3,18,37,4,928,37,15,20,72,7.557823479,97,126,12.62259292,9.59421241,6.966156265,8.121756293,466,10,4,8,22,462,27,11,12,50,488,512,73,53,77,20
48,1000,50,5.13,10.3,18,37,19,970,13,10,7,30,7.27065816,106,150,13.57952883,10.12767661,6.950479462,7.570980815,469,8,3,4,15,501,5,7,3,15,484,516,103,47,82,24
43,1000,50,5.13,10.3,18,37,98,943,35,11,11,57,8.021192195,348,374,193.3378986,184.8530716,10.82351297,5.350230211,441,29,11,7,47,502,6,0,4,10,488,512,362,12,337,11
46,1000,50,5.13,10.3,18,37,94,954,29,8,9,46,7.979872837,324,358,137.4075607,104.7369948,10.18218805,5.971260302,441,21,7,8,36,513,8,1,1,10,477,523,344,14,308,16
47,1000,50,5.13,10.3,18,37,81,975,21,1,3,25,7.652550439,253,299,85.63082809,67.61460903,9.025323935,6.354558379,464,18,1,3,22,511,3,0,0,3,486,514,275,24,242,11
44,1000,50,5.13,10.3,18,37,98,944,34,15,7,56,7.92168704,342,366,183.6926563,156.6020303,10.44777798,5.43569278,452,27,10,7,44,492,7,5,0,12,496,504,351,15,333,9
42,1000,50,5.13,10.3,18,37,102,939,35,17,9,61,7.770153958,341,399,181.9894063,147.5792415,10.31470327,5.295868334,445,29,12,7,48,494,6,5,2,13,493,507,378,21,334,7
45,1000,50,5.13,10.3,18,37,94,960,24,11,5,40,7.796221865,314,352,224.9488051,254.8548395,9.768139828,5.886411555,460,17,10,5,32,500,7,1,0,8,492,508,334,18,304,10
49,1000,50,5.13,10.3,18,37,5,932,34,15,19,68,7.548752816,106,144,12.66762287,9.638161179,7.012804353,8.059578696,467,9,4,8,21,465,25,11,11,47,488,512,80,64,79,27
43,1000,50,5.13,10.3,18,37,99,943,35,11,11,57,7.986828184,350,383,207.820473,197.7466456,10.8633574,5.245136272,441,29,11,7,47,502,6,0,4,10,488,512,367,16,344,6
48,1000,50,5.13,10.3,18,37,20,969,15,10,6,31,7.29125226,112,134,13.64378106,10.18920888,6.976896965,7.586112654,468,9,4,3,16,501,6,6,3,15,484,516,91,43,80,32
46,1000,50,5.13,10.3,18,37,95,954,29,8,9,46,7.972728943,339,382,144.423617,110.3672432,10.22841394,5.915440713,440,22,7,8,37,514,7,1,1,9,477,523,367,15,331,8
47,1000,50,5.13,10.3,18,37,82,976,20,1,3,24,7.605261317,266,307,89.26476189,70.4960591,9.034514737,6.25386606,464,18,1,3,22,512,2,0,0,2,486,514,284,23,254,12
44,1000,50,5.13,10.3,18,37,99,944,34,15,7,56,7.946584118,339,383,196.8456091,169.4681451,10.53444671,5.399798714,452,27,10,7,44,492,7,5,0,12,496,504,363,20,332,7
42,1000,50,5.13,10.3,18,37,103,939,35,17,9,61,7.766445647,366,403,192.3850182,156.5002206,10.36963645,5.235137828,445,29,12,7,48,494,6,5,2,13,493,507,391,12,353,13
45,1000,50,5.13,10.3,18,37,95,959,25,11,5,41,7.762504448,305,352,239.5588899,283.0391409,9.805913927,5.783454324,459,18,10,5,33,500,7,1,0,8,492,508,337,15,293,12
49,1000,50,5.13,10.3,18,37,6,935,31,15,19,65,7.548142704,96,131,12.74832588,9.718163557,7.036761685,8.035552738,468,8,4,8,20,467,23,11,11,45,488,512,80,51,68,28
43,1000,50,5.13,10.3,18,37,100,942,35,13,10,58,7.980109919,354,387,218.1512143,207.0196607,10.94473041,5.154456013,440,28,13,7,48,502,7,0,3,10,488,512,363,24,343,11
46,1000,50,5.13,10.3,18,37,96,955,28,8,9,45,7.933917814,338,363,150.7077155,114.989827,10.24871146,5.822719789,440,22,7,8,37,515,6,1,1,8,477,523,350,13,330,8
48,1000,50,5.13,10.3,18,37,21,969,15,10,6,31,7.320469672,107,142,13.7224226,10.28179439,7.013328488,7.608563341,468,9,4,3,16,501,6,6,3,15,484,516,103,39,88,19
47,1000,50,5.13,10.3,18,37,83,976,19,2,3,24,7.61891577,266,309,93.39653637,73.38110563,9.094350545,6.223854874,464,17,2,3,22,512,2,0,0,2,486,514,287,22,250,16
44,1000,50,5.13,10.3,18,37,100,944,35,14,7,56,7.902847718,355,397,211.5435055,183.1466093,10.56664386,5.281334053,451,28,10,7,45,493,7,4,0,11,496,504,379,18,347,8
42,1000,50,5.13,10.3,18,37,104,939,35,17,9,61,7.749509789,361,392,201.9536875,163.9864939,10.3950214,5.177049784,445,29,12,7,48,494,6,5,2,13,493,507,380,12,350,11
50,1000,50,5.13,10.3,18,37,0,938,28,22,12,62,7.254,99,148,12.5723767,9.146936517,6.609958506,7.853281853,461,8,9,4,21,477,20,13,8,41,482,518,93,55,62,37
49,1000,50,5.13,10.3,18,37,7,935,31,15,19,65,7.541381064,92,140,12.78655384,9.801993586,7.082108862,7.979124881,468,8,4,8,20,467,23,11,11,45,488,512,84,56,76,16
45,1000,50,5.13,10.3,18,37,96,958,26,11,5,42,7.743823255,317,374,256.1031436,314.9739249,9.810016571,5.742706893,459,18,10,5,33,499,8,1,0,9,492,508,355,19,306,11
43,1000,50,5.13,10.3,18,37,101,942,35,13,10,58,7.975178935,364,417,227.5680664,219.0317498,10.97619855,5.114832117,440,28,13,7,48,502,7,0,3,10,488,512,402,15,355,9
46,1000,50,5.13,10.3,18,37,97,953,31,8,8,47,7.938782146,339,364,160.7436682,122.5587308,10.34422355,5.744909206,439,23,7,8,38,514,8,1,0,9,477,523,355,9,327,12
47,1000,50,5.13,10.3,18,37,84,976,19,3,2,24,7.609899936,279,303,98.31592932,77.05531903,9.093511813,6.207107382,464,17,3,2,22,512,2,0,0,2,486,514,284,19,264,15
44,1000,50,5.13,10.3,18,37,101,944,31,16,9,56,7.880315035,350,385,225.1268557,195.2661094,10.64245028,5.162023206,450,25,12,9,46,494,6,4,0,10,496,504,371,14,338,12
48,1000,50,5.13,10.3,18,37,22,969,15,10,6,31,7.339088359,110,152,13.81487788,10.39555624,7.049858911,7.610381097,468,9,4,3,16,501,6,6,3,15,484,516,108,44,93,17
50,1000,50,5.13,10.3,18,37,1,939,27,22,12,61,7.255396875,82,125,12.58569818,9.196105333,6.638123442,7.829770997,460,9,9,4,22,479,18,13,8,39,482,518,69,56,57,25
49,1000,50,5.13,10.3,18,37,8,936,30,15,19,64,7.560447347,106,140,12.87703094,9.885120453,7.104805251,7.99473122,469,7,4,8,19,467,23,11,11,45,488,512,85,55,76,30
45,1000,50,5.13,10.3,18,37,97,959,25,11,5,41,7.753929826,322,371,281.4680708,359.0620935,9.864990448,5.709359301,459,18,10,5,33,500,7,1,0,8,492,508,351,20,310,12
43,1000,50,5.13,10.3,18,37,102,943,33,14,10,57,7.954034028,367,395,240.1309596,229.9940129,10.99399357,5.056572593,441,26,14,7,47,502,7,0,3,10,488,512,388,7,354,13
46,1000,50,5.13,10.3,18,37,98,952,32,8,8,48,7.935484845,347,383,172.2584894,130.9299179,10.44082549,5.650499208,438,24,7,8,39,514,8,1,0,9,477,523,362,21,338,9
47,1000,50,5.13,10.3,18,37,85,976,19,3,2,24,7.61214054,254,314,104.5861742,81.69021545,9.134377646,6.172826856,464,17,3,2,22,512,2,0,0,2,486,514,293,21,244,10
44,1000,50,5.13,10.3,18,37,102,944,31,16,9,56,7.848948992,344,398,243.9241471,213.9057699,10.67859884,5.064214219,450,25,12,9,46,494,6,4,0,10,496,504,382,16,334,10
50,1000,50,5.13,10.3,18,37,2,939,27,21,13,61,7.280004541,104,148,12.60985761,9.226678719,6.695776136,7.8236302,460,9,8,5,22,479,18,13,8,39,482,518,85,63,64,40
48,1000,50,5.13,10.3,18,37,23,968,16,11,5,32,7.357158783,123,137,13.91310428,10.48400701,7.095217352,7.602855784,468,9,4,3,16,500,7,7,2,16,484,516,98,39,98,25
49,1000,50,5.13,10.3,18,37,9,937,29,15,19,63,7.588041709,96,132,12.93637793,9.926322478,7.152071221,8.00357608,469,7,4,8,19,468,22,11,11,44,488,512,86,46,75,21
45,1000,50,5.13,10.3,18,37,98,959,25,11,5,41,7.726132228,326,373,290.8090247,368.9670927,9.865890191,5.653768215,459,18,10,5,33,500,7,1,0,8,492,508,359,14,318,8
43,1000,50,5.13,10.3,18,37,103,945,32,14,9,55,7.942670352,369,390,248.3486679,237.6000472,11.02942097,5.000611164,441,26,14,7,47,504,6,0,2,8,488,512,375,15,357,12
46,1000,50,5.13,10.3,18,37,99,952,32,8,8,48,7.92811088,352,400,179.5421986,135.9966071,10.48182358,5.599007711,438,24,7,8,39,514,8,1,0,9,477,523,388,12,339,13
47,1000,50,5.13,10.3,18,37,86,974,21,3,2,26,7.628509593,261,319,110.0788224,86.35558575,9.175508472,6.165783027,463,18,3,2,23,511,3,0,0,3,486,514,306,13,252,9
44,1000,50,5.13,10.3,18,37,103,944,31,15,10,56,7.84329845,362,395,252.9618054,221.4727418,10.74245734,4.99015796,450,25,11,10,46,494,6,4,0,10,496,504,382,13,354,8
50,1000,50,5.13,10.3,18,37,3,939,27,21,13,61,7.290767258,98,133,12.63465184,9.267641812,6.719557656,7.822278895,460,9,8,5,22,479,18,13,8,39,482,518,71,62,59,39
48,1000,50,5.13,10.3,18,37,24,968,16,11,5,32,7.373930161,102,128,14.01866001,10.58269227,7.103099686,7.627964948,468,9,4,3,16,500,7,7,2,16,484,516,91,37,74,28
49,1000,50,5.13,10.3,18,37,10,937,29,15,19,63,7.606823522,97,143,12.9696507,9.992955754,7.162846182,8.029989425,469,7,4,8,19,468,22,11,11,44,488,512,90,53,72,25
43,1000,50,5.13,10.3,18,37,104,945,31,15,9,55,7.910530913,367,418,255.8204905,244.063102,11.07773099,4.891793344,440,26,15,7,48,505,5,0,2,7,488,512,398,20,362,5
46,1000,50,5.13,10.3,18,37,100,952,32,8,8,48,7.875754185,344,398,187.3762118,141.683534,10.48472898,5.496249445,438,24,7,8,39,514,8,1,0,9,477,523,379,19,334,10
45,1000,50,5.13,10.3,18,37,99,959,25,11,5,41,7.701262576,325,382,299.9575713,377.5162915,9.850081524,5.620122965,459,18,10,5,33,500,7,1,0,8,492,508,370,12,311,14
47,1000,50,5.13,10.3,18,37,87,974,20,4,2,26,7.637091521,270,321,115.9519114,91.1330317,9.283605676,6.080270744,463,17,4,2,23,511,3,0,0,3,486,514,305,16,264,6
44,1000,50,5.13,10.3,18,37,104,944,31,15,10,56,7.8399476,363,400,267.0060066,234.3086741,10.7799428,4.946618988,449,26,11,10,47,495,5,4,0,9,496,504,388,12,354,9
50,1000,50,5.13,10.3,18,37,4,944,23,20,13,56,7.26985777,101,120,12.68740169,9.316959946,6.712627728,7.788361399,461,9,7,5,21,483,14,13,8,35,482,518,73,47,67,34
49,1000,50,5.13,10.3,18,37,11,936,30,15,19,64,7.659131852,119,145,13.00622945,10.06144367,7.214440393,8.0829784,469,7,4,8,19,467,23,11,11,45,488,512,92,53,84,35
48,1000,50,5.13,10.3,18,37,25,968,16,11,5,32,7.386652631,94,150,14.15385102,10.69339267,7.106802114,7.649148077,468,9,4,3,16,500,7,7,2,16,484,516,117,33,75,19
46,1000,50,5.13,10.3,18,37,101,952,32,8,8,48,7.865872567,336,398,200.3361074,151.4517128,10.51782421,5.447170971,437,25,7,8,40,515,7,1,0,8,477,523,388,10,326,10
45,1000,50,5.13,10.3,18,37,100,959,25,11,5,41,7.712863892,331,373,340.2857239,457.8817206,9.931163988,5.564431515,459,18,10,5,33,500,7,1,0,8,492,508,360,13,321,10
47,1000,50,5.13,10.3,18,37,88,974,19,5,2,26,7.652559003,293,341,124.220001,96.65144118,9.329597829,6.066876377,463,16,5,2,23,511,3,0,0,3,486,514,314,27,280,13
50,1000,50,5.13,10.3,18,37,5,944,23,20,13,56,7.302661602,86,121,12.73844347,9.392187686,6.735996078,7.829944966,461,9,7,5,21,483,14,13,8,35,482,518,75,46,56,30
48,1000,50,5.13,10.3,18,37,26,968,16,11,5,32,7.422020561,112,167,14.29763347,10.84981152,7.162780471,7.665183745,468,9,4,3,16,500,7,7,2,16,484,516,113,54,84,28
49,1000,50,5.13,10.3,18,37,12,939,29,12,20,61,7.626288589,118,146,13.04026964,10.10803366,7.241221739,7.993305431,469,7,4,8,19,470,22,8,12,42,488,512,95,51,88,30
45,1000,50,5.13,10.3,18,37,101,957,27,9,7,43,7.713357734,346,394,359.0453847,474.1634775,10.00018606,5.498555499,458,19,8,7,34,499,8,1,0,9,492,508,379,15,338,8
46,1000,50,5.13,10.3,18,37,102,952,31,9,8,48,7.861006252,358,412,211.9310339,159.5424986,10.55665248,5.402453195,437,24,8,8,40,515,7,1,0,8,477,523,394,18,345,13
47,1000,50,5.13,10.3,18,37,89,974,19,5,2,26,7.632938577,298,326,131.404396,101.6948244,9.352763538,6.006800579,463,16,5,2,23,511,3,0,0,3,486,514,311,15,281,17
50,1000,50,5.13,10.3,18,37,6,946,23,20,11,54,7.254709565,110,139,12.78290846,9.425203399,6.724020897,7.748516395,461,10,7,4,21,485,13,13,7,33,482,518,90,49,75,35
49,1000,50,5.13,10.3,18,37,13,942,28,11,19,58,7.663538833,121,140,13.1246721,10.19064841,7.31427749,7.99642855,469,7,4,8,19,473,21,7,11,39,488,512,88,52,93,28
46,1000,50,5.13,10.3,18,37,103,952,30,9,9,48,7.848812513,361,401,226.372956,171.8141151,10.64670609,5.297005177,437,23,8,9,40,515,7,1,0,8,477,523,390,11,345,16
48,1000,50,5.13,10.3,18,37,27,967,15,13,5,33,7.447566281,101,156,14.42663411,10.93915144,7.166675958,7.71103705,468,8,5,3,16,499,7,8,2,17,484,516,108,48,80,21
47,1000,50,5.13,10.3,18,37,90,975,18,5,2,25,7.6219023,301,333,135.7210741,105.5149032,9.385213692,5.954646782,464,15,5,2,22,511,3,0,0,3,486,514,313,20,285,16
45,1000,50,5.13,10.3,18,37,102,957,28,8,7,43,7.689931927,342,384,383.0871255,513.5045393,10.05717964,5.397243202,457,20,8,7,35,500,8,0,0,8,492,508,368,16,333,9
50,1000,50,5.13,10.3,18,37,7,944,24,21,11,56,7.346299008,87,129,12.82764326,9.515217504,6.821027698,7.835064976,461,10,7,4,21,483,14,14,7,35,482,518,75,54,66,21
49,1000,50,5.13,10.3,18,37,14,944,27,11,18,56,7.659700464,83,143,13.21112974,10.29947977,7.320608663,7.982897337,470,7,4,7,18,474,20,7,11,38,488,512,96,47,69,14
46,1000,50,5.13,10.3,18,37,104,951,31,9,9,49,7.824693772,377,416,235.3580558,179.7293356,10.66457113,5.234595304,436,24,8,9,41,515,7,1,0,8,477,523,401,15,366,11
47,1000,50,5.13,10.3,18,37,91,975,18,5,2,25,7.615093085,289,338,140.9493484,110.1009631,9.419354299,5.909118474,464,15,5,2,22,511,3,0,0,3,486,514,324,14,279,10
45,1000,50,5.13,10.3,18,37,103,959,26,8,7,41,7.690674665,345,408,415.5618192,561.6651351,10.0966124,5.360514497,457,20,8,7,35,502,6,0,0,6,492,508,392,16,334,11
48,1000,50,5.13,10.3,18,37,28,967,16,13,4,33,7.474358544,94,142,14.54413543,11.05942701,7.211812158,7.720622983,467,9,5,3,17,500,7,8,1,16,484,516,105,37,72,22
50,1000,50,5.13,10.3,18,37,8,946,22,21,11,54,7.351420107,122,115,12.89527058,9.564535385,6.858797258,7.809806619,461,10,7,4,21,485,12,14,7,33,482,518,68,47,88,34
49,1000,50,5.13,10.3,18,37,15,946,25,11,18,54,7.680472775,106,132,13.28703749,10.37320857,7.371246907,7.975203681,470,7,4,7,18,476,18,7,11,36,488,512,91,41,82,24
47,1000,50,5.13,10.3,18,37,92,973,20,5,2,27,7.614314141,311,337,146.8093063,115.2013826,9.481202781,5.849123716,463,16,5,2,23,510,4,0,0,4,486,514,326,11,305,6
45,1000,50,5.13,10.3,18,37,104,959,26,8,7,41,7.681259894,360,407,432.2741612,574.9225381,10.13069475,5.308972589,457,20,8,7,35,502,6,0,0,6,492,508,391,16,349,11
50,1000,50,5.13,10.3,18,37,9,948,21,20,11,52,7.402909222,96,132,12.95230791,9.646684578,6.903921599,7.867218168,462,10,6,4,20,486,11,14,7,32,482,518,84,48,64,32
48,1000,50,5.13,10.3,18,37,29,968,15,13,4,32,7.462986387,123,149,14.66221762,11.17154961,7.229129539,7.682340485,467,9,5,3,17,501,6,8,1,15,484,516,110,39,102,21
49,1000,50,5.13,10.3,18,37,16,947,25,10,18,53,7.704305348,110,124,13.38418271,10.47604052,7.444426126,7.952002731,470,7,4,7,18,477,18,6,11,35,488,512,85,39,85,25
47,1000,50,5.13,10.3,18,37,93,973,19,6,2,27,7.619854909,304,337,154.4141485,121.2485051,9.531404059,5.812436842,463,15,6,2,23,510,4,0,0,4,486,514,321,16,298,6
50,1000,50,5.13,10.3,18,37,10,949,21,20,10,51,7.403324984,105,143,13.04994802,9.739234142,6.918750042,7.854222903,463,9,6,4,19,486,12,14,6,32,482,518,91,52,76,29
48,1000,50,5.13,10.3,18,37,30,968,15,13,4,32,7.475790295,124,147,14.78548282,11.26576221,7.246270997,7.691075838,467,9,5,3,17,501,6,8,1,15,484,516,111,36,99,25
49,1000,50,5.13,10.3,18,37,17,948,26,9,17,52,7.7004521,109,137,13.46057,10.54254431,7.478640173,7.911866593,469,8,4,7,19,479,18,5,10,33,488,512,84,53,89,20
47,1000,50,5.13,10.3,18,37,94,973,18,7,2,27,7.607488143,314,342,166.1402387,130.5516994,9.54920316,5.771547485,463,15,6,2,23,510,3,1,0,4,486,514,328,14,302,12
50,1000,50,5.13,10.3,18,37,11,950,21,18,11,50,7.462604601,89,135,13.1346071,9.821069884,6.960896941,7.929444547,463,9,6,4,19,487,12,12,7,31,482,518,79,56,68,21
48,1000,50,5.13,10.3,18,37,31,968,15,13,4,32,7.520448138,125,170,14.90985218,11.38086749,7.290043932,7.73656371,467,9,5,3,17,501,6,8,1,15,484,516,130,40,107,18
47,1000,50,5.13,10.3,18,37,95,973,17,8,2,27,7.583062398,316,365,187.8953586,146.7304132,9.579766618,5.695128057,463,14,7,2,23,510,3,1,0,4,486,514,350,15,306,10
49,1000,50,5.13,10.3,18,37,18,950,26,8,16,50,7.718078268,128,134,13.48533584,10.61823261,7.540099527,7.887714254,469,8,4,7,19,481,18,4,9,31,488,512,101,33,99,29
50,1000,50,5.13,10.3,18,37,12,953,20,15,12,47,7.487464591,120,136,13.20912873,9.919006522,6.984001883,7.955937613,464,8,6,4,18,489,12,9,8,29,482,518,94,42,79,41
48,1000,50,5.13,10.3,18,37,32,967,16,13,4,33,7.552189986,103,170,15.02840176,11.50976788,7.327194307,7.763232444,467,9,5,3,17,500,7,8,1,16,484,516,122,48,88,15
47,1000,50,5.13,10.3,18,37,96,973,17,8,2,27,7.545695892,309,361,208.2827382,163.4821981,9.579346634,5.62282768,463,14,7,2,23,510,3,1,0,4,486,514,342,19,299,10
49,1000,50,5.13,10.3,18,37,19,950,26,8,16,50,7.750005798,118,130,13.51939843,10.64970613,7.585366842,7.906927304,469,8,4,7,19,481,18,4,9,31,488,512,91,39,94,24
50,1000,50,5.13,10.3,18,37,13,953,20,15,12,47,7.528934192,109,131,13.29029804,9.998804404,7.025529539,7.997353193,464,8,6,4,18,489,12,9,8,29,482,518,87,44,75,34
47,1000,50,5.13,10.3,18,37,97,972,18,8,2,28,7.550915172,326,368,227.2629156,178.3764714,9.659606433,5.557094253,462,15,7,2,24,510,3,1,0,4,486,514,353,15,318,8
49,1000,50,5.13,10.3,18,37,20,949,27,8,16,51,7.727042694,118,136,13.60074921,10.72648808,7.554696089,7.891310551,469,8,5,6,19,480,19,3,10,32,488,512,86,50,90,28
48,1000,50,5.13,10.3,18,37,33,967,14,15,4,33,7.559475174,126,161,15.20584465,11.67319929,7.369010017,7.738128538,467,8,6,3,17,500,6,9,1,16,484,516,124,37,103,23
50,1000,50,5.13,10.3,18,37,14,956,20,12,12,44,7.528775358,97,150,13.37257966,10.08416701,7.091068719,7.93606223,464,8,6,4,18,492,12,6,8,26,482,518,96,54,74,23
47,1000,50,5.13,10.3,18,37,98,971,19,8,2,29,7.55626753,337,373,244.2639882,191.2193321,9.717994607,5.512299905,461,16,7,2,25,510,3,1,0,4,486,514,353,20,327,10
49,1000,50,5.13,10.3,18,37,21,948,28,8,16,52,7.75008344,109,139,13.6723157,10.77405422,7.562325323,7.929040394,469,8,5,6,19,479,20,3,10,33,488,512,97,42,83,26
48,1000,50,5.13,10.3,18,37,34,969,13,14,4,31,7.538119635,125,164,15.43276602,11.858549,7.401128249,7.666615431,467,8,6,3,17,502,5,8,1,14,484,516,130,34,101,24
50,1000,50,5.13,10.3,18,37,15,955,21,12,12,45,7.541884048,95,145,13.44371009,10.1802469,7.141311784,7.914617314,463,9,6,4,19,492,12,6,8,26,482,518,89,56,81,14
47,1000,50,5.13,10.3,18,37,99,970,20,8,2,30,7.559515322,324,372,262.1428815,205.2098063,9.75951276,5.479362102,459,18,7,2,27,511,2,1,0,3,486,514,360,12,315,9
49,1000,50,5.13,10.3,18,37,22,948,28,8,16,52,7.778345709,125,150,13.72960941,10.83153995,7.631399432,7.918403879,468,9,5,6,20,480,19,3,10,32,488,512,102,48,101,24
50,1000,50,5.13,10.3,18,37,16,956,21,12,11,44,7.531211579,107,132,13.50088394,10.24384552,7.152225163,7.883859171,463,9,6,4,19,493,12,6,7,25,482,518,92,40,86,21
48,1000,50,5.13,10.3,18,37,35,968,14,14,4,32,7.550790171,123,158,15.61774744,12.03216441,7.417572454,7.675746325,467,8,6,3,17,501,6,8,1,15,484,516,124,34,96,27
47,1000,50,5.13,10.3,18,37,100,970,20,8,2,30,7.535420079,330,378,277.8018671,218.9488051,9.762450683,5.429706316,459,18,7,2,27,511,2,1,0,3,486,514,362,16,322,8
49,1000,50,5.13,10.3,18,37,23,950,26,7,17,50,7.787142991,111,152,13.81355386,10.91904642,7.657899931,7.910327783,469,8,4,7,19,481,18,3,10,31,488,512,102,50,85,26
50,1000,50,5.13,10.3,18,37,17,956,21,12,11,44,7.550632469,119,131,13.61238209,10.31830547,7.196686099,7.87998025,463,9,6,4,19,493,12,6,7,25,482,518,93,38,89,30
47,1000,50,5.13,10.3,18,37,101,971,19,8,2,29,7.536663703,333,400,297.9760286,234.7400547,9.836570723,5.362043447,459,18,7,2,27,512,1,1,0,2,486,514,377,23,319,14
48,1000,50,5.13,10.3,18,37,36,968,14,14,4,32,7.582103461,132,182,15.88206665,12.25046908,7.457420947,7.699053725,467,8,6,3,17,501,6,8,1,15,484,516,137,45,118,14
49,1000,50,5.13,10.3,18,37,24,954,22,7,17,46,7.792802923,104,158,13.92124543,11.02750647,7.699932738,7.881319817,469,8,4,7,19,485,14,3,10,27,488,512,110,48,82,22
50,1000,50,5.13,10.3,18,37,18,957,21,10,12,43,7.577453699,95,136,13.65704925,10.38218443,7.23836179,7.892979374,464,9,5,4,18,493,12,5,8,25,482,518,86,50,72,23
47,1000,50,5.13,10.3,18,37,102,971,19,8,2,29,7.517449273,344,393,325.2307533,254.5027278,9.867196582,5.295703763,459,18,7,2,27,512,1,1,0,2,486,514,376,17,337,7
48,1000,50,5.13,10.3,18,37,37,968,13,15,4,32,7.605284133,125,176,16.03171086,12.36908525,7.49371517,7.709934092,467,7,7,3,17,501,6,8,1,15,484,516,128,48,107,18
49,1000,50,5.13,10.3,18,37,25,955,23,6,16,45,7.764619596,118,155,14.01751153,11.12753186,7.719822378,7.807316945,468,9,4,7,20,487,14,2,9,25,488,512,103,52,101,17
50,1000,50,5.13,10.3,18,37,19,958,22,9,11,42,7.59922563,129,144,13.69269871,10.4508797,7.29395237,7.883282988,464,9,5,4,18,494,13,4,7,24,482,518,91,53,100,29
47,1000,50,5.13,10.3,18,37,103,970,21,7,2,30,7.521149527,347,394,341.3713166,268.3162655,9.875197401,5.295337725,460,18,6,2,26,510,3,1,0,4,486,514,386,8,339,8
48,1000,50,5.13,10.3,18,37,38,969,12,15,4,31,7.62234862,137,168,16.22658349,12.51493542,7.541314932,7.698356963,467,7,7,3,17,502,5,8,1,14,484,516,122,46,113,24
49,1000,50,5.13,10.3,18,37,26,955,23,6,16,45,7.80116662,132,152,14.14508694,11.25039102,7.763236758,7.83731852,468,9,4,7,20,487,14,2,9,25,488,512,101,51,101,31
47,1000,50,5.13,10.3,18,37,104,968,23,7,2,32,7.534647837,352,401,383.7159241,300.5924397,9.941926275,5.258505189,458,20,6,2,28,510,3,1,0,4,486,514,383,18,347,5
50,1000,50,5.13,10.3,18,37,20,959,21,9,11,41,7.632916163,89,145,13.77925027,10.5388146,7.327947507,7.916690087,464,9,5,4,18,495,12,4,7,23,482,518,97,48,75,14
48,1000,50,5.13,10.3,18,37,39,969,13,14,4,31,7.622786248,138,149,16.46916522,12.72697204,7.576636553,7.666073945,466,8,7,3,18,503,5,7,1,13,484,516,119,30,117,21
49,1000,50,5.13,10.3,18,37,27,957,21,6,16,43,7.805466418,115,147,14.22367375,11.35392243,7.807680673,7.803355957,469,8,4,7,19,488,13,2,9,24,488,512,106,41,91,24
50,1000,50,5.13,10.3,18,37,21,961,19,9,11,39,7.620651053,110,133,13.86485701,10.62961754,7.348954261,7.873465444,464,9,5,4,18,497,10,4,7,21,482,518,94,39,84,26
48,1000,50,5.13,10.3,18,37,40,969,13,14,4,31,7.636309009,132,166,16.75727472,12.92062023,7.634188645,7.638297879,465,9,7,3,19,504,4,7,1,12,484,516,130,36,114,18
49,1000,50,5.13,10.3,18,37,28,957,21,6,16,43,7.8644001,119,175,14.40779999,11.50278184,7.885327416,7.844453753,469,8,4,7,19,488,13,2,9,24,488,512,131,44,98,21
50,1000,50,5.13,10.3,18,37,22,960,19,10,11,40,7.644563588,97,141,13.9839633,10.74824664,7.380219234,7.890536519,463,10,5,4,19,497,9,5,7,21,482,518,95,46,78,19
49,1000,50,5.13,10.3,18,37,29,958,20,6,16,42,7.896884808,119,164,14.56547621,11.63149456,7.981078981,7.816637237,469,8,4,7,19,489,12,2,9,23,488,512,109,55,100,19
48,1000,50,5.13,10.3,18,37,41,969,13,14,4,31,7.654256924,135,174,17.08795733,13.18394786,7.656686649,7.651977879,465,9,7,3,19,504,4,7,1,12,484,516,149,25,118,17
50,1000,50,5.13,10.3,18,37,23,960,20,9,11,40,7.630018858,128,142,14.10993088,10.87924201,7.36811701,7.873719034,464,10,4,4,18,496,10,5,7,22,482,518,94,48,103,25
49,1000,50,5.13,10.3,18,37,30,957,21,6,16,43,7.936696125,124,151,14.71453473,11.76202163,8.059130489,7.820000871,469,8,4,7,19,488,13,2,9,24,488,512,116,35,108,16
48,1000,50,5.13,10.3,18,37,42,969,13,14,4,31,7.665361456,132,179,17.32222237,13.33628729,7.696870272,7.635806675,465,9,7,3,19,504,4,7,1,12,484,516,150,29,115,17
50,1000,50,5.13,10.3,18,37,24,960,21,9,10,40,7.634918679,115,152,14.20476202,11.01550393,7.376442841,7.875430945,464,10,4,4,18,496,11,5,6,22,482,518,104,48,93,22
49,1000,50,5.13,10.3,18,37,31,957,22,7,14,43,7.92562804,116,136,14.84571695,11.9060958,8.047340782,7.809620583,468,9,5,6,20,489,13,2,8,23,488,512,97,39,97,19
50,1000,50,5.13,10.3,18,37,25,961,21,9,9,39,7.640838112,94,153,14.37888542,11.19373537,7.417354985,7.848789592,464,10,4,4,18,497,11,5,5,21,482,518,107,46,77,17
48,1000,50,5.13,10.3,18,37,43,969,13,14,4,31,7.692946137,129,185,17.57632592,13.56578357,7.725116545,7.662770793,465,9,7,3,19,504,4,7,1,12,484,516,147,38,110,19
49,1000,50,5.13,10.3,18,37,32,958,21,7,14,42,7.891293748,128,147,14.97999689,12.02365148,8.068044567,7.722828124,468,9,5,6,20,490,12,2,8,22,488,512,111,36,108,20
50,1000,50,5.13,10.3,18,37,26,960,22,9,9,40,7.66313265,110,150,14.54455071,11.3406623,7.473632736,7.839462686,464,10,4,4,18,496,12,5,5,22,482,518,103,47,88,22
48,1000,50,5.13,10.3,18,37,44,967,15,14,4,33,7.706472343,139,166,17.89821846,13.84869373,7.756731184,7.65933033,465,9,7,3,19,502,6,7,1,14,484,516,139,27,122,17
49,1000,50,5.13,10.3,18,37,33,959,20,7,14,41,7.917844011,119,156,15.14352413,12.14063609,8.083874961,7.759595762,468,9,5,6,20,491,11,2,8,21,488,512,121,35,93,26
50,1000,50,5.13,10.3,18,37,27,960,22,9,9,40,7.703027471,100,142,14.68207629,11.45752444,7.548028893,7.847253948,464,10,4,4,18,496,12,5,5,22,482,518,98,44,81,19
48,1000,50,5.13,10.3,18,37,45,967,16,13,4,33,7.724608683,137,179,18.34326434,14.25702802,7.816061338,7.63882751,464,10,7,3,20,503,6,6,1,13,484,516,142,37,120,17
49,1000,50,5.13,10.3,18,37,34,960,19,7,14,40,7.915636402,129,169,15.34777117,12.33220428,8.127288448,7.713905545,468,9,5,6,20,492,10,2,8,20,488,512,123,46,111,18
50,1000,50,5.13,10.3,18,37,28,959,23,9,9,41,7.744808304,131,152,14.86327278,11.64389352,7.60490412,7.874989418,464,10,4,4,18,495,13,5,5,23,482,518,105,47,110,21
48,1000,50,5.13,10.3,18,37,46,965,18,13,4,35,7.718171803,156,199,18.70988716,14.55482433,7.848008854,7.596386662,463,11,7,3,21,502,7,6,1,14,484,516,157,42,135,21
50,1000,50,5.13,10.3,18,37,29,962,20,9,9,38,7.734932558,123,143,15.09135693,11.82968725,7.616310322,7.845310778,464,10,4,4,18,498,10,5,5,20,482,518,104,39,102,21
49,1000,50,5.13,10.3,18,37,35,961,17,8,14,39,7.928161633,107,148,15.58251713,12.52287489,8.168752854,7.698848127,468,9,5,6,20,493,8,3,8,19,488,512,115,33,95,12
48,1000,50,5.13,10.3,18,37,47,966,18,12,4,34,7.744262314,145,200,19.1278451,14.89692561,7.878681059,7.618179615,463,11,7,3,21,503,7,5,1,13,484,516,165,35,130,15
50,1000,50,5.13,10.3,18,37,30,963,21,7,9,37,7.756122879,134,159,15.27406529,11.99153838,7.648937633,7.855858959,465,10,3,4,17,498,11,4,5,20,482,518,112,47,104,30
49,1000,50,5.13,10.3,18,37,36,961,17,8,14,39,7.941773056,153,168,15.75572869,12.65481193,8.222661211,7.674051532,468,9,5,6,20,493,8,3,8,19,488,512,125,43,124,29
48,1000,50,5.13,10.3,18,37,48,963,20,13,4,37,7.770240729,146,176,19.69446641,15.40755904,7.96876936,7.58402395,460,14,7,3,24,503,6,6,1,13,484,516,145,31,130,16
50,1000,50,5.13,10.3,18,37,31,964,21,6,9,36,7.771216967,126,157,15.51044627,12.1812632,7.676892571,7.858985999,465,11,2,4,17,499,10,4,5,19,482,518,108,49,108,18
49,1000,50,5.13,10.3,18,37,37,961,17,9,13,39,7.934090714,119,163,16.12986572,12.91307281,8.222690534,7.659019011,468,9,6,5,20,493,8,3,8,19,488,512,125,38,97,22
50,1000,50,5.13,10.3,18,37,32,964,21,6,9,36,7.782689223,132,159,15.76731314,12.3927114,7.691223262,7.867798476,465,11,2,4,17,499,10,4,5,19,482,518,114,45,107,25
49,1000,50,5.13,10.3,18,37,38,962,16,9,13,38,7.962554779,138,151,16.47170845,13.1990624,8.229285067,7.708327472,469,8,6,5,19,493,8,3,8,19,488,512,118,33,113,25
48,1000,50,5.13,10.3,18,37,49,963,20,13,4,37,7.801747306,158,188,20.1279404,15.78192297,8.013221014,7.603388247,460,14,7,3,24,503,6,6,1,13,484,516,168,20,137,21
50,1000,50,5.13,10.3,18,37,33,965,20,6,9,35,7.760636592,129,148,15.97251741,12.59256324,7.6838632,7.832074382,466,10,2,4,16,499,10,4,5,19,482,518,114,34,109,20
49,1000,50,5.13,10.3,18,37,39,961,16,9,14,39,7.987705015,142,171,16.8317539,13.47973121,8.278037392,7.710981968,468,8,6,6,20,493,8,3,8,19,488,512,134,37,116,26
48,1000,50,5.13,10.3,18,37,50,963,20,13,4,37,7.81236084,163,210,20.73388098,16.3439736,8.038543998,7.600204544,460,14,7,3,24,503,6,6,1,13,484,516,176,34,145,18
50,1000,50,5.13,10.3,18,37,34,964,21,6,9,36,7.758016597,146,165,16.23635416,12.81802308,7.724901112,7.788830621,465,11,2,4,17,499,10,4,5,19,482,518,131,34,127,19
49,1000,50,5.13,10.3,18,37,40,961,16,9,14,39,7.987493201,141,159,17.52896061,13.9657023,8.291796492,7.697454128,468,8,6,6,20,493,8,3,8,19,488,512,133,26,117,24
48,1000,50,5.13,10.3,18,37,51,963,20,13,4,37,7.81899234,153,203,21.07508317,16.66114272,8.05455111,7.598041866,460,14,7,3,24,503,6,6,1,13,484,516,171,32,136,17
50,1000,50,5.13,10.3,18,37,35,966,20,5,9,34,7.760105229,138,160,16.55594429,13.05375331,7.788825988,7.733380507,466,11,1,4,16,500,9,4,5,18,482,518,126,34,120,18
49,1000,50,5.13,10.3,18,37,41,959,18,8,15,41,7.985111976,148,159,18.39737097,14.61469205,8.319022231,7.666853764,467,9,5,7,21,492,9,3,8,20,488,512,125,34,130,18
48,1000,50,5.13,10.3,18,37,52,964,19,13,4,36,7.843404412,169,187,21.50779284,17.03513721,8.117678606,7.586139471,460,14,7,3,24,504,5,6,1,12,484,516,158,29,152,17
50,1000,50,5.13,10.3,18,37,36,965,21,5,9,35,7.801051073,113,159,16.78424444,13.21469343,7.854745183,7.751088599,466,11,1,4,16,499,10,4,5,19,482,518,119,40,97,16
49,1000,50,5.13,10.3,18,37,42,958,18,9,15,42,8.014008828,120,161,19.39660393,15.2772991,8.364306288,7.680131561,466,9,6,7,22,492,9,3,8,20,488,512,129,32,107,13
48,1000,50,5.13,10.3,18,37,53,962,20,14,4,38,7.863469203,151,200,21.86396008,17.299387,8.163419669,7.582120316,459,15,7,3,25,503,5,7,1,13,484,516,167,33,138,13
50,1000,50,5.13,10.3,18,37,37,965,21,5,9,35,7.796628086,140,187,17.02415651,13.4113862,7.907142536,7.693794177,466,11,1,4,16,499,10,4,5,19,482,518,144,43,116,24
49,1000,50,5.13,10.3,18,37,43,959,18,8,15,41,8.003240305,122,159,20.7039272,16.15884829,8.426495711,7.599824996,466,9,6,7,22,493,9,2,8,19,488,512,128,31,110,12
48,1000,50,5.13,10.3,18,37,54,961,21,14,4,39,7.877947815,152,206,22.36331785,17.68961207,8.212787604,7.563873284,458,16,7,3,26,503,5,7,1,13,484,516,168,38,142,10
50,1000,50,5.13,10.3,18,37,38,965,21,5,9,35,7.818096259,153,179,17.21015822,13.594814,7.975366698,7.671755811,466,11,1,4,16,499,10,4,5,19,482,518,140,39,131,22
49,1000,50,5.13,10.3,18,37,44,958,20,8,14,42,8.005592812,146,162,21.82759806,16.93922049,8.483745408,7.549853619,465,10,6,7,23,493,10,2,7,19,488,512,130,32,131,15
50,1000,50,5.13,10.3,18,37,39,963,22,6,9,37,7.887345816,148,177,17.42016035,13.76311027,8.101835989,7.687762296,464,12,2,4,18,499,10,4,5,19,482,518,140,37,130,18
48,1000,50,5.13,10.3,18,37,55,963,20,13,4,37,7.901793889,182,211,22.92308451,18.13396323,8.255077885,7.570418979,459,15,7,3,25,504,5,6,1,12,484,516,180,31,157,25
49,1000,50,5.13,10.3,18,37,45,959,19,9,13,41,8.011346171,140,189,23.61466502,18.20698659,8.50972475,7.536329087,465,10,6,7,23,494,9,3,6,18,488,512,155,34,119,21
50,1000,50,5.13,10.3,18,37,40,964,22,5,9,36,7.845591309,147,186,17.62195999,13.93018381,8.132358815,7.57875359,464,12,2,4,18,500,10,3,5,18,482,518,143,43,136,11
48,1000,50,5.13,10.3,18,37,56,962,21,13,4,38,7.895561965,183,215,23.55912332,18.68787072,8.27172971,7.542722452,459,15,7,3,25,503,6,6,1,13,484,516,189,26,162,21
49,1000,50,5.13,10.3,18,37,46,959,20,9,12,41,8.011752252,167,164,26.30707238,19.99877969,8.537341841,7.510799674,464,11,6,7,24,495,9,3,5,17,488,512,140,24,146,21
50,1000,50,5.13,10.3,18,37,41,964,22,5,9,36,7.857465268,132,190,17.8710218,14.15468823,8.168186733,7.568338345,464,12,2,4,18,500,10,3,5,18,482,518,151,39,112,20
48,1000,50,5.13,10.3,18,37,57,962,21,13,4,38,7.877368479,172,205,24.07922751,19.12529656,8.27216928,7.50705145,459,15,7,3,25,503,6,6,1,13,484,516,184,21,156,16
49,1000,50,5.13,10.3,18,37,47,960,19,9,12,40,7.975303761,151,190,29.06656328,21.78681337,8.564752592,7.413485343,464,11,6,7,24,496,8,3,5,16,488,512,148,42,133,18
50,1000,50,5.13,10.3,18,37,42,963,23,5,9,37,7.898627956,142,182,18.09947416,14.41028601,8.230166307,7.590130881,463,13,2,4,19,500,10,3,5,18,482,518,149,33,123,19
48,1000,50,5.13,10.3,18,37,58,961,23,13,3,39,7.869127228,173,225,24.87906112,19.7531428,8.280300212,7.483453344,459,16,7,2,25,502,7,6,1,14,484,516,195,30,152,21
49,1000,50,5.13,10.3,18,37,48,960,20,9,11,40,7.947617674,155,180,30.93281789,22.83809419,8.536237322,7.386589572,464,12,6,6,24,496,8,3,5,16,488,512,147,33,130,25
50,1000,50,5.13,10.3,18,37,43,965,21,6,8,35,7.8675622,136,182,18.32645622,14.655567,8.213595373,7.545577664,463,12,3,4,19,502,9,3,4,16,482,518,146,36,119,17
49,1000,50,5.13,10.3,18,37,49,960,20,9,11,40,7.972939142,160,183,34.06874846,24.91724504,8.584155401,7.390373645,464,12,6,6,24,496,8,3,5,16,488,512,156,27,143,17
48,1000,50,5.13,10.3,18,37,59,962,23,12,3,38,7.867443715,194,228,25.7102743,20.43110497,8.31949407,7.443427491,459,16,6,3,25,503,7,6,0,13,484,516,207,21,174,20
50,1000,50,5.13,10.3,18,37,44,966,20,6,8,34,7.838917441,145,179,18.54452964,14.87227588,8.20514418,7.498142754,463,12,3,4,19,503,8,3,4,15,482,518,155,24,120,25
49,1000,50,5.13,10.3,18,37,50,960,20,9,11,40,7.965873039,166,170,37.10792427,26.56703635,8.610296614,7.351656819,464,12,6,6,24,496,8,3,5,16,488,512,139,31,149,17
48,1000,50,5.13,10.3,18,37,60,963,21,13,3,37,7.860749975,192,228,26.42559564,21.05007204,8.348102779,7.403620601,459,15,7,3,25,504,6,6,0,12,484,516,205,23,174,18
50,1000,50,5.13,10.3,18,37,45,965,21,6,8,35,7.834727259,174,177,18.80355253,15.11811288,8.242750045,7.455061269,462,13,3,4,20,503,8,3,4,15,482,518,144,33,154,20
49,1000,50,5.13,10.3,18,37,51,960,20,9,11,40,7.990287717,156,199,38.77316327,27.58702016,8.693408966,7.320125275,464,12,6,6,24,496,8,3,5,16,488,512,168,31,135,21
48,1000,50,5.13,10.3,18,37,61,962,22,13,3,38,7.87466085,188,238,27.2905147,21.69869252,8.361327757,7.418174837,459,15,7,3,25,503,7,6,0,13,484,516,213,25,167,21
50,1000,50,5.13,10.3,18,37,46,964,22,6,8,36,7.830775807,145,187,19.0998798,15.37885541,8.245152053,7.44519791,462,13,3,4,20,502,9,3,4,16,482,518,158,29,125,20
49,1000,50,5.13,10.3,18,37,52,960,20,9,11,40,7.993931457,164,188,40.70162191,28.77283705,8.702956066,7.318142377,464,12,6,6,24,496,8,3,5,16,488,512,165,23,147,17
48,1000,50,5.13,10.3,18,37,62,962,22,13,3,38,7.885873465,207,240,28.22600315,22.4260266,8.402750099,7.401051196,460,14,7,3,24,502,8,6,0,14,484,516,216,24,183,24
50,1000,50,5.13,10.3,18,37,47,962,23,6,9,38,7.815433286,155,193,19.44723428,15.65889848,8.205602891,7.452379714,461,14,3,4,21,501,9,3,5,17,482,518,163,30,134,21
49,1000,50,5.13,10.3,18,37,53,958,21,10,11,42,8.035220059,163,192,42.04725799,29.83909222,8.780587672,7.324791553,462,13,7,6,26,496,8,3,5,16,488,512,157,35,147,16
48,1000,50,5.13,10.3,18,37,63,962,22,13,3,38,7.893265837,192,233,29.54031664,23.54131496,8.454898317,7.366463279,460,14,7,3,24,502,8,6,0,14,484,516,212,21,178,14
50,1000,50,5.13,10.3,18,37,48,963,22,6,9,37,7.780138013,145,197,19.74595744,15.9039763,8.201054897,7.388474041,461,14,3,4,21,502,8,3,5,16,482,518,168,29,135,10
49,1000,50,5.13,10.3,18,37,54,958,21,10,11,42,8.03112794,167,220,43.32941682,30.83932885,8.794403075,7.303631326,462,13,7,6,26,496,8,3,5,16,488,512,190,30,147,20
48,1000,50,5.13,10.3,18,37,64,963,21,13,3,37,7.935582103,218,246,30.61773476,24.41311028,8.553422866,7.356057047,460,14,7,3,24,503,7,6,0,13,484,516,225,21,197,21
50,1000,50,5.13,10.3,18,37,49,963,22,6,9,37,7.774912499,153,206,20.17617357,16.25871705,8.211314601,7.3688395,461,14,3,4,21,502,8,3,5,16,482,518,175,31,140,13
49,1000,50,5.13,10.3,18,37,55,958,22,11,9,42,8.000549564,177,205,45.83246336,32.36517567,8.787931697,7.25007597,461,14,8,5,27,497,8,3,4,15,488,512,174,31,157,20
48,1000,50,5.13,10.3,18,37,65,963,21,13,3,37,7.923702913,202,255,32.35513245,25.81974594,8.578971803,7.309070853,460,14,7,3,24,503,7,6,0,13,484,516,225,30,186,16
50,1000,50,5.13,10.3,18,37,50,962,23,6,9,38,7.804531335,165,193,20.59990238,16.63054243,8.273986478,7.367702418,460,15,3,4,22,502,8,3,5,16,482,518,159,34,160,5
49,1000,50,5.13,10.3,18,37,56,959,21,11,9,41,7.983602414,160,197,46.31467763,32.78379804,8.808089545,7.197763117,461,14,8,5,27,498,7,3,4,14,488,512,177,20,147,13
50,1000,50,5.13,10.3,18,37,51,962,23,6,9,38,7.826027062,156,204,20.99477628,16.97155512,8.365812363,7.323755798,460,15,3,4,22,502,8,3,5,16,482,518,180,24,136,20
48,1000,50,5.13,10.3,18,37,66,962,22,13,3,38,7.929755681,204,240,33.55614807,26.7754509,8.643081614,7.260667016,459,15,7,3,25,503,7,6,0,13,484,516,218,22,191,13
49,1000,50,5.13,10.3,18,37,57,957,23,11,9,43,7.999155176,173,203,48.48552307,34.44217148,8.842952745,7.194910618,460,15,8,5,28,497,8,3,4,15,488,512,173,30,151,22
50,1000,50,5.13,10.3,18,37,52,963,23,6,8,37,7.79685564,196,186,21.45603105,17.34302793,8.378102953,7.256003892,460,15,3,4,22,503,8,3,4,15,482,518,159,27,182,14
48,1000,50,5.13,10.3,18,37,67,961,23,12,4,39,7.88981762,218,273,35.2760334,28.22601985,8.647164833,7.179437675,458,16,6,4,26,503,7,6,0,13,484,516,247,26,200,18
49,1000,50,5.13,10.3,18,37,58,958,23,10,9,42,8.013328343,177,223,51.65441657,36.59877858,8.856301702,7.209869361,460,15,8,5,28,498,8,2,4,14,488,512,188,35,163,14
50,1000,50,5.13,10.3,18,37,53,964,22,6,8,36,7.836948177,175,210,21.86666201,17.6451899,8.476077156,7.242237427,459,16,3,4,23,505,6,3,4,13,482,518,181,29,164,11
48,1000,50,5.13,10.3,18,37,68,960,24,12,4,40,7.880722608,212,264,37.26582811,29.83069523,8.669943142,7.140445982,457,17,6,4,27,503,7,6,0,13,484,516,242,22,193,19
49,1000,50,5.13,10.3,18,37,59,960,21,10,9,40,8.040622743,177,223,56.94313068,40.17447584,8.916484262,7.205817233,460,15,8,5,28,500,6,2,4,12,488,512,189,34,166,11
50,1000,50,5.13,10.3,18,37,54,964,23,6,7,36,7.852724305,178,212,22.26388492,18.02312227,8.516860274,7.234744504,459,16,3,4,23,505,7,3,3,13,482,518,184,28,164,14
49,1000,50,5.13,10.3,18,37,60,960,22,9,9,40,8.048141651,184,215,61.30798701,43.51521728,8.966165619,7.173150057,459,16,8,5,29,501,6,1,4,11,488,512,182,33,168,16
48,1000,50,5.13,10.3,18,37,69,959,25,12,4,41,7.876864635,200,257,39.08307863,31.27263026,8.710142964,7.09526248,456,18,6,4,28,503,7,6,0,13,484,516,238,19,190,10
50,1000,50,5.13,10.3,18,37,55,963,23,7,7,37,7.847230551,183,202,22.82845801,18.54950696,8.539886528,7.202712827,459,16,3,4,23,504,7,4,3,14,482,518,179,23,173,10
49,1000,50,5.13,10.3,18,37,61,959,23,9,9,41,8.061107952,180,222,65.25948561,46.39577096,9.012410281,7.15439792,458,17,8,5,30,501,6,1,4,11,488,512,194,28,162,18
48,1000,50,5.13,10.3,18,37,70,959,25,12,4,41,7.833716798,220,289,41.28552615,33.08824598,8.714912727,7.007168678,456,18,6,4,28,503,7,6,0,13,484,516,264,25,207,13
50,1000,50,5.13,10.3,18,37,56,963,23,7,7,37,7.859466498,172,182,23.40629652,19.04097813,8.558274697,7.209224119,459,16,3,4,23,504,7,4,3,14,482,518,163,19,155,17
49,1000,50,5.13,10.3,18,37,62,958,24,9,9,42,8.079055291,181,216,66.71077927,47.43916219,9.067603188,7.136845576,457,18,8,5,31,501,6,1,4,11,488,512,193,23,172,9
48,1000,50,5.13,10.3,18,37,71,959,25,12,4,41,7.858807242,207,289,44.64539392,35.70409777,8.800735901,6.975292763,456,18,6,4,28,503,7,6,0,13,484,516,262,27,192,15
50,1000,50,5.13,10.3,18,37,57,964,23,6,7,36,7.862711885,192,216,23.95904123,19.5427393,8.550023449,7.223167148,459,16,3,4,23,505,7,3,3,13,482,518,193,23,167,25
49,1000,50,5.13,10.3,18,37,63,958,24,9,9,42,8.099105042,197,251,70.44648912,50.24254042,9.098398302,7.146653654,456,19,8,5,32,502,5,1,4,10,488,512,216,35,180,17
48,1000,50,5.13,10.3,18,37,72,959,24,13,4,41,7.842043955,239,262,47.88239753,38.47247115,8.801077442,6.942485413,456,18,6,4,28,503,6,7,0,13,484,516,233,29,221,18
50,1000,50,5.13,10.3,18,37,58,964,23,6,7,36,7.859866465,191,215,24.75835261,20.10501525,8.589692576,7.18076186,459,16,3,4,23,505,7,3,3,13,482,518,191,24,166,25
49,1000,50,5.13,10.3,18,37,64,959,24,9,8,41,8.07993499,211,250,74.72019338,53.46766052,9.159093798,7.051361752,456,19,8,5,32,503,5,1,3,9,488,512,212,38,197,14
48,1000,50,5.13,10.3,18,37,73,960,23,13,4,40,7.843459025,235,273,50.22159156,40.17114406,8.847527036,6.901658798,456,18,6,4,28,504,5,7,0,12,484,516,246,27,221,14
50,1000,50,5.13,10.3,18,37,59,965,23,5,7,35,7.845218763,190,232,25.64751137,20.81549829,8.568257413,7.172429903,460,16,2,4,22,505,7,3,3,13,482,518,203,29,171,19
49,1000,50,5.13,10.3,18,37,65,959,24,9,8,41,8.052484984,203,230,79.16893682,56.9868461,9.178640424,6.979118079,456,19,8,5,32,503,5,1,3,9,488,512,199,31,187,16
48,1000,50,5.13,10.3,18,37,74,961,23,12,4,39,7.819665955,248,296,52.31566968,41.85445667,8.861919975,6.842047843,456,18,6,4,28,505,5,6,0,11,484,516,278,18,232,16
50,1000,50,5.13,10.3,18,37,60,965,23,5,7,35,7.832124264,198,255,26.70161802,21.71933709,8.616204129,7.102536437,460,16,2,4,22,505,7,3,3,13,482,518,224,31,186,12
49,1000,50,5.13,10.3,18,37,66,958,25,9,8,42,8.036888656,202,253,80.20877221,57.96245544,9.19838885,6.929833784,456,19,8,5,32,502,6,1,3,10,488,512,230,23,189,13
50,1000,50,5.13,10.3,18,37,61,964,24,5,7,36,7.821355728,187,239,27.65779005,22.47008536,8.635006779,7.064251854,459,17,2,4,23,505,7,3,3,13,482,518,218,21,177,10
48,1000,50,5.13,10.3,18,37,75,960,24,12,4,40,7.836486866,230,294,54.66660823,43.90960839,8.941204504,6.800278849,455,19,6,4,29,505,5,6,0,11,484,516,268,26,217,13
49,1000,50,5.13,10.3,18,37,67,956,26,10,8,44,8.023211945,210,264,81.88905976,59.15573078,9.247983403,6.855851648,455,20,8,5,33,501,6,2,3,11,488,512,230,34,191,19
50,1000,50,5.13,10.3,18,37,62,963,25,5,7,37,7.836946897,201,228,28.73911901,23.30512904,8.708716392,7.025763699,458,18,2,4,24,505,7,3,3,13,482,518,194,34,189,12
48,1000,50,5.13,10.3,18,37,76,960,25,11,4,40,7.827610594,231,285,57.99064237,47.01817992,8.993530192,6.733996088,454,20,6,4,30,506,5,5,0,10,484,516,261,24,218,13
49,1000,50,5.13,10.3,18,37,68,955,26,11,8,45,8.047301141,218,246,86.97232681,63.1281751,9.326233174,6.828319048,454,20,9,5,34,501,6,2,3,11,488,512,216,30,201,17
50,1000,50,5.13,10.3,18,37,63,962,26,5,7,38,7.851673639,201,241,30.08075568,24.38018575,8.768051168,6.99898258,456,20,2,4,26,506,6,3,3,12,482,518,209,32,186,15
48,1000,50,5.13,10.3,18,37,77,960,25,11,4,40,7.828359225,244,296,61.14290219,49.81988595,9.023865995,6.706992409,454,20,6,4,30,506,5,5,0,10,484,516,271,25,232,12
49,1000,50,5.13,10.3,18,37,69,953,28,11,8,47,8.059036067,213,275,92.46263965,67.48885252,9.37945146,6.800515145,453,21,9,5,35,500,7,2,3,12,488,512,243,32,199,14
50,1000,50,5.13,10.3,18,37,64,962,27,4,7,38,7.857787582,193,247,31.4188013,25.42721266,8.810631381,6.971164588,455,21,2,4,27,507,6,2,3,11,482,518,218,29,178,15
48,1000,50,5.13,10.3,18,37,78,959,26,10,5,41,7.847935178,247,301,64.12988049,52.17385999,9.09017665,6.682731937,454,20,5,5,30,505,6,5,0,11,484,516,282,19,237,10
49,1000,50,5.13,10.3,18,37,70,954,27,11,8,46,8.065246711,228,261,96.43917962,70.00201364,9.409398385,6.784102148,453,21,9,5,35,501,6,2,3,11,488,512,239,22,208,20
50,1000,50,5.13,10.3,18,37,65,963,26,4,7,37,7.822504884,209,259,32.74687513,26.52836511,8.821745143,6.892709895,455,21,2,4,27,508,5,2,3,10,482,518,228,31,195,14
48,1000,50,5.13,10.3,18,37,79,959,25,11,5,41,7.861801718,256,294,67.25290322,54.95165416,9.102804846,6.697760023,454,19,6,5,30,505,6,5,0,11,484,516,269,25,245,11
49,1000,50,5.13,10.3,18,37,71,953,27,11,9,47,8.013738669,234,276,100.227894,72.45536356,9.444886115,6.64967626,452,21,10,5,36,501,6,1,4,11,488,512,252,24,223,11
50,1000,50,5.13,10.3,18,37,66,963,26,4,7,37,7.80511122,215,275,34.02388896,27.56943039,8.868648159,6.815488046,455,21,2,4,27,508,5,2,3,10,482,518,245,30,199,16
48,1000,50,5.13,10.3,18,37,80,958,26,11,5,42,7.846586554,264,298,69.87503112,57.71733742,9.15611455,6.618269597,453,20,6,5,31,505,6,5,0,11,484,516,275,23,258,6
49,1000,50,5.13,10.3,18,37,72,954,26,11,9,46,8.009875966,245,274,106.8110044,76.90620441,9.490925863,6.598250282,452,21,10,5,36,502,5,1,4,10,488,512,247,27,231,14
50,1000,50,5.13,10.3,18,37,67,963,26,4,7,37,7.796576861,211,262,35.44858447,28.8004405,8.890151412,6.779003631,456,20,2,4,26,507,6,2,3,11,482,518,234,28,196,15
49,1000,50,5.13,10.3,18,37,73,954,26,11,9,46,8.016890019,244,279,116.1599751,83.26297617,9.526846524,6.577712725,452,21,10,5,36,502,5,1,4,10,488,512,262,17,232,12
48,1000,50,5.13,10.3,18,37,81,959,24,12,5,41,7.842462958,261,328,73.10937052,60.76791176,9.182496352,6.585532409,453,20,6,5,31,506,4,6,0,10,484,516,298,30,247,14
50,1000,50,5.13,10.3,18,37,68,962,27,4,7,38,7.822285801,219,257,37.25091781,30.43711768,8.957552376,6.765918062,455,21,2,4,27,507,6,2,3,11,482,518,234,23,205,14
48,1000,50,5.13,10.3,18,37,82,959,24,12,5,41,7.84943468,269,305,76.25664816,63.87013865,9.244387633,6.540990438,453,20,6,5,31,506,4,6,0,10,484,516,289,16,262,7
49,1000,50,5.13,10.3,18,37,74,955,27,10,8,45,7.982259285,266,277,128.955015,92.30212324,9.565583018,6.473153852,451,22,10,5,37,504,5,0,3,8,488,512,251,26,248,18
50,1000,50,5.13,10.3,18,37,69,961,28,4,7,39,7.818033226,229,289,40.00863333,32.73255175,8.974099046,6.742311748,454,22,2,4,28,507,6,2,3,11,482,518,259,30,217,12
48,1000,50,5.13,10.3,18,37,83,959,25,11,5,41,7.873117232,269,320,79.13714971,66.8831179,9.306461752,6.528662294,452,21,6,5,32,507,4,5,0,9,484,516,298,22,252,17
49,1000,50,5.13,10.3,18,37,75,955,27,10,8,45,7.987077627,244,290,139.8258763,99.80944113,9.628621008,6.422481592,451,22,10,5,37,504,5,0,3,8,488,512,269,21,234,10
50,1000,50,5.13,10.3,18,37,70,961,28,4,7,39,7.788888143,227,281,42.6086827,34.67424001,8.984531444,6.676339743,454,22,2,4,28,507,6,2,3,11,482,518,255,26,213,14
48,1000,50,5.13,10.3,18,37,84,959,25,11,5,41,7.829088982,291,319,81.5576705,68.73187014,9.306120356,6.443656452,452,21,6,5,32,507,4,5,0,9,484,516,302,17,278,13
49,1000,50,5.13,10.3,18,37,76,954,27,11,8,46,7.976277161,264,286,151.4213066,107.740233,9.641222108,6.389376509,450,23,10,5,38,504,4,1,3,8,488,512,264,22,257,7
50,1000,50,5.13,10.3,18,37,71,961,28,4,7,39,7.802188385,242,297,46.84911348,37.83619114,9.037134802,6.653068359,454,22,2,4,28,507,6,2,3,11,482,518,270,27,224,18
49,1000,50,5.13,10.3,18,37,77,955,27,10,8,45,7.965865049,242,283,167.322662,119.7056311,9.689183347,6.323327297,450,23,10,5,38,505,4,0,3,7,488,512,260,23,233,9
48,1000,50,5.13,10.3,18,37,85,958,26,11,5,42,7.821607131,278,332,85.02194593,71.47828183,9.30125327,6.433721994,451,22,6,5,33,507,4,5,0,9,484,516,314,18,261,17
50,1000,50,5.13,10.3,18,37,72,961,28,3,8,39,7.781353985,234,272,51.57048844,41.30688896,9.048470762,6.602299378,454,22,2,4,28,507,6,1,4,11,482,518,258,14,223,11
49,1000,50,5.13,10.3,18,37,78,950,32,10,8,50,7.985741701,262,296,170.6727376,122.339945,9.732621714,6.320746688,447,26,10,5,41,503,6,0,3,9,488,512,272,24,248,14
48,1000,50,5.13,10.3,18,37,86,957,28,10,5,43,7.789584089,300,345,89.03546033,74.74295375,9.326020602,6.348430461,449,24,6,5,35,508,4,4,0,8,484,516,317,28,284,16
50,1000,50,5.13,10.3,18,37,73,961,28,3,8,39,7.796352926,224,298,53.32836491,42.78465361,9.073181752,6.608261237,454,22,2,4,28,507,6,1,4,11,482,518,280,18,213,11
49,1000,50,5.13,10.3,18,37,79,950,32,10,8,50,7.977397558,259,320,190.3433833,136.2617748,9.762904268,6.275586475,446,27,10,5,42,504,5,0,3,8,488,512,293,27,240,19
48,1000,50,5.13,10.3,18,37,87,957,28,10,5,43,7.790326758,298,335,93.51681989,79.12959668,9.362027641,6.316095697,449,24,6,5,35,508,4,4,0,8,484,516,321,14,287,11
50,1000,50,5.13,10.3,18,37,74,961,28,3,8,39,7.790836844,242,266,57.86783019,46.39370035,9.094819508,6.577478459,454,22,2,4,28,507,6,1,4,11,482,518,255,11,226,16
49,1000,50,5.13,10.3,18,37,80,949,32,10,9,51,8.018149793,248,308,208.5492928,148.567961,9.800365796,6.319475165,446,26,10,6,42,503,6,0,3,9,488,512,291,17,238,10
50,1000,50,5.13,10.3,18,37,75,961,28,3,8,39,7.793444298,252,289,62.79682012,50.11007356,9.146546799,6.53437981,454,22,2,4,28,507,6,1,4,11,482,518,259,30,234,18
48,1000,50,5.13,10.3,18,37,88,956,29,10,5,44,7.80437223,306,335,98.16880468,83.71187127,9.489773965,6.223491532,448,25,6,5,36,508,4,4,0,8,484,516,316,19,300,6
49,1000,50,5.13,10.3,18,37,81,949,33,10,8,51,8.022347363,269,301,221.5030869,157.4317821,9.838306173,6.291511623,446,26,10,6,42,503,7,0,2,9,488,512,277,24,256,13
50,1000,50,5.13,10.3,18,37,76,961,28,3,8,39,7.789121959,249,300,69.18210366,54.95211145,9.186201834,6.489136438,455,21,2,4,27,506,7,1,4,12,482,518,277,23,235,14
48,1000,50,5.13,10.3,18,37,89,956,29,10,5,44,7.788958459,313,356,102.0895623,86.97627812,9.492139842,6.191400728,448,25,6,5,36,508,4,4,0,8,484,516,337,19,293,20
49,1000,50,5.13,10.3,18,37,82,948,34,9,9,52,8.024802204,287,332,235.156942,167.4318051,9.919496106,6.218922079,445,27,9,7,43,503,7,0,2,9,488,512,295,37,270,17
50,1000,50,5.13,10.3,18,37,77,963,27,3,7,37,7.826074343,269,307,72.84410467,57.68184327,9.246880111,6.504011834,455,21,2,4,27,508,6,1,3,10,482,518,281,26,251,18
48,1000,50,5.13,10.3,18,37,90,955,29,11,5,45,7.795185333,304,350,106.7941921,91.62740155,9.564507025,6.135589018,447,25,7,5,37,508,4,4,0,8,484,516,332,18,287,17
49,1000,50,5.13,10.3,18,37,83,949,34,9,8,51,8.01943686,263,319,245.3399027,175.2820636,9.980466501,6.150330483,445,27,9,7,43,504,7,0,1,8,488,512,301,18,251,12
50,1000,50,5.13,10.3,18,37,78,964,27,2,7,36,7.801246759,264,319,76.31956245,60.74194558,9.286447897,6.419264234,455,21,2,4,27,509,6,0,3,9,482,518,286,33,246,18
48,1000,50,5.13,10.3,18,37,91,954,29,12,5,46,7.801802652,299,359,113.6613944,98.04105773,9.639283803,6.07827382,447,24,8,5,37,507,5,4,0,9,484,516,344,15,292,7
49,1000,50,5.13,10.3,18,37,84,951,31,10,8,49,8.04718574,271,326,266.7798163,189.8841842,10.05268023,6.135698808,445,27,9,7,43,506,4,1,1,6,488,512,308,18,255,16
50,1000,50,5.13,10.3,18,37,79,962,29,2,7,38,7.772512708,260,306,81.31709001,65.1927667,9.327928472,6.325195336,453,23,2,4,29,509,6,0,3,9,482,518,284,22,246,14
48,1000,50,5.13,10.3,18,37,92,953,30,12,5,47,7.766633047,298,361,119.7605901,105.3320022,9.669421141,5.981847316,446,25,8,5,38,507,5,4,0,9,484,516,347,14,290,8
49,1000,50,5.13,10.3,18,37,85,950,31,11,8,50,8.043979445,275,336,282.5567302,200.3279268,10.09308691,6.09092389,443,28,10,7,45,507,3,1,1,5,488,512,316,20,266,9
50,1000,50,5.13,10.3,18,37,80,961,30,2,7,39,7.796650391,272,318,87.70178295,70.41745235,9.394615879,6.30974042,453,23,2,4,29,508,7,0,3,10,482,518,298,20,260,12
48,1000,50,5.13,10.3,18,37,93,951,32,12,5,49,7.740562214,332,366,126.7292174,112.3809163,9.725893395,5.878352347,445,26,8,5,39,506,6,4,0,10,484,516,347,19,316,16
49,1000,50,5.13,10.3,18,37,86,950,30,12,8,50,8.04071481,281,313,325.94498,232.6264746,10.08963652,6.087836309,443,27,11,7,45,507,3,1,1,5,488,512,299,14,262,19
50,1000,50,5.13,10.3,18,37,81,962,28,3,7,38,7.815938401,287,322,98.66166556,78.74809593,9.450088767,6.295358331,453,22,3,4,29,509,6,0,3,9,482,518,300,22,270,17
50,1000,50,5.13,10.3,18,37,82,962,28,4,6,38,7.804047219,281,326,107.191346,85.78927952,9.523053629,6.204508437,453,22,3,4,29,509,6,1,2,9,482,518,305,21,267,14
49,1000,50,5.13,10.3,18,37,87,950,30,12,8,50,8.003002031,283,340,376.1024288,266.5419387,10.11497405,5.990028705,443,27,11,7,45,507,3,1,1,5,488,512,314,26,275,8
48,1000,50,5.13,10.3,18,37,94,950,33,12,5,50,7.702120817,317,379,132.1669104,116.8250092,9.716681048,5.812494553,444,27,8,5,40,506,6,4,0,10,484,516,366,13,310,7
49,1000,50,5.13,10.3,18,37,88,950,30,12,8,50,8.014722008,285,334,439.3435819,309.0565177,10.15712748,5.972741789,443,27,11,7,45,507,3,1,1,5,488,512,310,24,273,12
50,1000,50,5.13,10.3,18,37,83,960,30,4,6,40,7.834112454,297,324,119.0678146,94.59426062,9.569688552,6.219155544,452,23,3,4,30,508,7,1,2,10,482,518,299,25,284,13
48,1000,50,5.13,10.3,18,37,95,950,33,10,7,50,7.714630368,316,361,140.7030404,126.707489,9.768531257,5.788103177,444,27,7,6,40,506,6,3,1,10,484,516,355,6,308,8
49,1000,50,5.13,10.3,18,37,89,949,31,12,8,51,7.990218575,292,335,462.0921115,321.7652912,10.17832239,5.90468213,442,28,11,7,46,507,3,1,1,5,488,512,316,19,279,13
50,1000,50,5.13,10.3,18,37,84,960,28,6,6,40,7.841301583,287,338,128.3923374,101.5299389,9.628726626,6.178099129,452,21,5,4,30,508,7,1,2,10,482,518,313,25,277,10
48,1000,50,5.13,10.3,18,37,96,950,33,9,8,50,7.718585674,321,391,149.0537166,137.4671297,9.813394134,5.753687816,444,27,6,7,40,506,6,3,1,10,484,516,371,20,313,8
49,1000,50,5.13,10.3,18,37,90,948,33,11,8,52,7.962345346,288,346,482.4566677,332.949258,10.2227371,5.807909459,440,30,11,7,48,508,3,0,1,4,488,512,330,16,277,11
50,1000,50,5.13,10.3,18,37,85,958,30,6,6,42,7.821260524,309,337,140.1631085,110.6301027,9.66678664,6.10399491,450,23,5,4,32,508,7,1,2,10,482,518,322,15,296,13
48,1000,50,5.13,10.3,18,37,97,950,33,9,8,50,7.715534029,340,384,159.9720209,151.2312108,9.854633214,5.709092158,444,27,6,7,40,506,6,3,1,10,484,516,369,15,334,6
49,1000,50,5.13,10.3,18,37,91,948,33,11,8,52,7.956715846,298,357,533.3663054,364.3268669,10.26877734,5.753032231,440,30,11,7,48,508,3,0,1,4,488,512,336,21,285,13
50,1000,50,5.13,10.3,18,37,86,958,29,7,6,42,7.796418524,293,338,149.7057252,117.9017449,9.706852237,6.018756267,450,22,6,4,32,508,7,1,2,10,482,518,324,14,279,14
48,1000,50,5.13,10.3,18,37,98,951,32,9,8,49,7.659684614,362,385,168.6433385,158.215515,9.875070046,5.581687427,444,27,6,7,40,507,5,3,1,9,484,516,372,13,345,17
49,1000,50,5.13,10.3,18,37,92,948,32,12,8,52,7.957530768,305,350,599.656995,405.4288169,10.30552693,5.719596925,440,29,12,7,48,508,3,0,1,4,488,512,334,16,292,13
50,1000,50,5.13,10.3,18,37,87,957,30,7,6,43,7.811002528,289,345,160.8540406,126.2382822,9.775005194,5.983494256,449,23,6,4,33,508,7,1,2,10,482,518,326,19,274,15
48,1000,50,5.13,10.3,18,37,99,952,31,9,8,48,7.630780182,343,391,175.1633987,162.9919402,9.895168349,5.506819189,444,27,6,7,40,508,4,3,1,8,484,516,370,21,336,7
49,1000,50,5.13,10.3,18,37,93,948,30,14,8,52,7.937229646,291,355,662.763148,446.724727,10.34759888,5.639846471,440,27,14,7,48,508,3,0,1,4,488,512,335,20,283,8
50,1000,50,5.13,10.3,18,37,88,957,31,7,5,43,7.776735282,318,363,178.6589423,138.9157012,9.799347532,5.894690679,449,23,6,4,33,508,8,1,1,10,482,518,344,19,304,14
48,1000,50,5.13,10.3,18,37,100,952,31,9,8,48,7.623607345,347,380,182.4508916,168.3157983,9.931551196,5.458791795,444,27,6,7,40,508,4,3,1,8,484,516,364,16,336,11
49,1000,50,5.13,10.3,18,37,94,948,30,14,8,52,7.968762747,317,353,740.1826766,494.4351931,10.416019,5.636221628,440,27,14,7,48,508,3,0,1,4,488,512,336,17,307,10
50,1000,50,5.13,10.3,18,37,89,957,31,6,6,43,7.773839509,319,355,185.3678477,144.3659202,9.826925801,5.86343875,449,23,5,5,33,508,8,1,1,10,482,518,336,19,299,20
48,1000,50,5.13,10.3,18,37,101,951,32,9,8,49,7.604394294,352,381,190.6331119,174.7300694,9.968645426,5.386763386,443,28,6,7,41,508,4,3,1,8,484,516,371,10,343,9
49,1000,50,5.13,10.3,18,37,95,948,30,14,8,52,7.945478654,311,378,866.9696834,575.0377512,10.43132169,5.576159515,440,27,14,7,48,508,3,0,1,4,488,512,356,22,302,9
50,1000,50,5.13,10.3,18,37,90,957,32,6,5,43,7.77581495,307,369,191.6527392,149.4114641,9.868098756,5.828940829,448,24,5,5,34,509,8,1,0,9,482,518,348,21,293,14
49,1000,50,5.13,10.3,18,37,96,947,30,15,8,53,7.956088281,316,370,1021.726295,675.974156,10.47297425,5.557181338,439,27,15,7,49,508,3,0,1,4,488,512,352,18,308,8
48,1000,50,5.13,10.3,18,37,102,951,30,11,8,49,7.626491258,348,398,205.8684159,193.1662694,10.03683239,5.365628648,443,26,8,7,41,508,4,3,1,8,484,516,388,10,336,12
50,1000,50,5.13,10.3,18,37,91,958,31,6,5,42,7.755502003,311,358,210.1497711,162.7861611,9.883835525,5.775083553,449,23,5,5,33,509,8,1,0,9,482,518,345,13,297,14
49,1000,50,5.13,10.3,18,37,97,948,30,15,7,52,7.958510231,328,382,1255.895887,832.7492617,10.48627622,5.549233271,440,27,15,6,48,508,3,0,1,4,488,512,365,17,314,14
48,1000,50,5.13,10.3,18,37,103,951,30,11,8,49,7.627376824,363,400,221.7894193,209.3170862,10.1129204,5.295975481,442,27,8,7,42,509,3,3,1,7,484,516,385,15,358,5
50,1000,50,5.13,10.3,18,37,92,956,33,6,5,44,7.734676217,349,352,218.1468641,169.1344432,9.886642389,5.73226754,448,24,5,5,34,508,9,1,0,10,482,518,340,12,323,26
49,1000,50,5.13,10.3,18,37,98,948,30,15,7,52,7.967106265,329,379,1490.158991,995.9592082,10.54188801,5.513017417,440,27,15,6,48,508,3,0,1,4,488,512,361,18,314,15
48,1000,50,5.13,10.3,18,37,104,951,29,11,9,49,7.65679655,379,401,237.2960868,221.0474357,10.19334928,5.27754942,442,26,8,8,42,509,3,3,1,7,484,516,389,12,369,10
50,1000,50,5.13,10.3,18,37,93,955,34,6,5,45,7.739068444,329,353,225.8861464,175.6991836,9.92632511,5.703821893,446,26,5,5,36,509,8,1,0,9,482,518,338,15,320,9
49,1000,50,5.13,10.3,18,37,99,948,30,15,7,52,7.980172953,336,365,1746.388689,1177.080591,10.57677685,5.505284865,440,27,15,6,48,508,3,0,1,4,488,512,349,16,329,7
50,1000,50,5.13,10.3,18,37,94,956,32,7,5,44,7.741355379,345,367,242.5873948,187.9064717,9.965350232,5.671923874,446,25,6,5,36,510,7,1,0,8,482,518,355,12,335,10
49,1000,50,5.13,10.3,18,37,100,949,30,14,7,51,7.946364816,334,375,2233.553762,1517.999349,10.55862923,5.456550292,441,27,14,6,47,508,3,0,1,4,488,512,355,20,325,9
50,1000,50,5.13,10.3,18,37,95,957,31,7,5,43,7.701593073,340,373,258.768942,199.7041602,9.957324755,5.602630388,446,25,6,5,36,511,6,1,0,7,482,518,356,17,331,9
49,1000,50,5.13,10.3,18,37,101,949,30,14,7,51,7.939183856,352,379,2456.990827,1684.167023,10.60029042,5.402816657,441,27,14,6,47,508,3,0,1,4,488,512,365,14,337,15
50,1000,50,5.13,10.3,18,37,96,957,31,7,5,43,7.701259113,343,374,271.9956442,209.959905,10.00837895,5.554479648,446,25,6,5,36,511,6,1,0,7,482,518,358,16,330,13
49,1000,50,5.13,10.3,18,37,102,946,34,14,6,54,7.957175854,348,392,2886.283982,1991.901184,10.67522716,5.366533199,438,31,14,5,50,508,3,0,1,4,488,512,377,15,340,8
50,1000,50,5.13,10.3,18,37,97,957,30,8,5,43,7.710566466,362,390,281.7813748,218.4799605,10.10491021,5.482624989,445,25,7,5,37,512,5,1,0,6,482,518,379,11,352,10
49,1000,50,5.13,10.3,18,37,103,944,36,14,6,56,7.936033548,345,381,3280.685723,2269.19969,10.69687102,5.30461033,436,33,14,5,52,508,3,0,1,4,488,512,372,9,336,9
50,1000,50,5.13,10.3,18,37,98,958,28,9,5,42,7.693988081,344,373,298.3009853,231.1415014,10.14082594,5.417200729,445,24,8,5,37,513,4,1,0,5,482,518,356,17,339,5
49,1000,50,5.13,10.3,18,37,104,944,36,14,6,56,7.901752772,337,394,3518.044827,2441.909211,10.71058401,5.224585502,436,33,14,5,52,508,3,0,1,4,488,512,382,12,330,7
50,1000,50,5.13,10.3,18,37,99,958,28,9,5,42,7.691659034,354,390,312.4786268,243.7801471,10.18233334,5.374081787,445,24,8,5,37,513,4,1,0,5,482,518,375,15,345,9
50,1000,50,5.13,10.3,18,37,100,957,29,9,5,43,7.663685347,358,410,334.0474153,259.7579729,10.2132915,5.291271899,444,25,8,5,38,513,4,1,0,5,482,518,392,18,350,8
50,1000,50,5.13,10.3,18,37,101,957,29,8,6,43,7.647552112,369,388,362.6551527,281.0994283,10.26129615,5.215458242,444,25,7,6,38,513,4,1,0,5,482,518,375,13,359,10
50,1000,50,5.13,10.3,18,37,102,957,28,7,8,43,7.644546053,349,398,392.4883315,304.3522119,10.32361437,5.15166781,444,24,7,7,38,513,4,0,1,5,482,518,381,17,338,11
50,1000,50,5.13,10.3,18,37,103,957,28,7,8,43,7.621810578,372,406,418.4220007,325.2203121,10.35214561,5.081228565,444,24,7,7,38,513,4,0,1,5,482,518,388,18,365,7
50,1000,50,5.13,10.3,18,37,104,957,28,7,8,43,7.610103113,366,399,448.3666425,352.3709907,10.3854346,5.027651808,444,24,7,7,38,513,4,0,1,5,482,518,383,16,354,12
