[run number],initial-people,environment,healthy-treatment-chance-men,healthy-treatment-chance-women,dep-treatment-chance-men,dep-treatment-chance-women,[step],"count turtles with [ severity = ""No Depression"" ]","count turtles with [ severity = ""Mild Depression"" ]","count turtles with [ severity = ""Moderate Depression"" ]","count turtles with [ severity = ""Severe Depression"" ]","count turtles with [ severity != ""No Depression"" ]",mean [ dep-score ] of turtles,count turtles with [ treatment? ],count turtles with [ talks? ],mean [ prob-of-talking ] of turtles,mean [ prob-of-treatment ] of turtles,"mean [ dep-score ] of turtles with [ gender? = ""male"" ]","mean [ dep-score ] of turtles with [ gender? = ""female"" ]","count turtles with [ severity = ""No Depression"" and gender? = ""male"" ]","count turtles with [ severity = ""Mild Depression"" and gender? = ""male"" ]","count turtles with [ severity = ""Moderate Depression"" and gender? = ""male"" ]","count turtles with [ severity = ""Severe Depression"" and gender? = ""male"" ]","count turtles with [ severity != ""No Depression"" and gender? = ""male"" ]","count turtles with [ severity = ""No Depression"" and gender? = ""female"" ]","count turtles with [ severity = ""Mild Depression"" and gender? = ""female"" ]","count turtles with [ severity = ""Moderate Depression"" and gender? = ""female"" ]","count turtles with [ severity = ""Severe Depression"" and gender? = ""female"" ]","count turtles with [ severity != ""No Depression"" and gender? = ""female"" ]","count turtles with [ gender? = ""male"" ]","count turtles with [ gender? = ""female"" ]","count turtles with [ talks? = TRUE and gender? = ""female"" ]","count turtles with [ talks? = TRUE and gender? = ""male"" ]","count turtles with [ treatment? = TRUE and gender? = ""female"" ]","count turtles with [ treatment? = TRUE and gender? = ""male"" ]"
4,1000,20,5.13,10.3,18,37,0,939,34,15,12,61,7.18,95,56,4.997809192,8.942980413,6.35049505,8.026262626,481,16,6,2,24,458,18,9,10,37,505,495,32,24,61,34
5,1000,20,5.13,10.3,18,37,0,950,27,13,10,50,6.723,99,55,5.082478566,8.897872956,5.991769547,7.414396887,472,7,6,1,14,478,20,7,9,36,486,514,30,25,66,33
6,1000,20,5.13,10.3,18,37,0,944,29,10,17,56,6.891,83,52,5.010349919,9.060567092,6.122661123,7.603082852,465,9,2,5,16,479,20,8,12,40,481,519,32,20,62,21
3,1000,20,5.13,10.3,18,37,0,929,32,22,17,71,7.664,94,53,4.963692914,9.144014586,6.822857143,8.593684211,500,9,8,8,25,429,23,14,9,46,525,475,26,27,56,38
8,1000,20,5.13,10.3,18,37,0,939,36,12,13,61,7.592,97,62,4.986423997,9.149067129,6.351190476,8.852822581,488,9,5,2,16,451,27,7,11,45,504,496,38,24,67,30
2,1000,20,5.13,10.3,18,37,0,937,30,15,18,63,7.601,106,48,5.028398551,9.108637067,6.274747475,8.900990099,480,10,2,3,15,457,20,13,15,48,495,505,27,21,73,33
7,1000,20,5.13,10.3,18,37,0,944,22,15,19,56,6.978,81,58,5.039811808,9.088534405,6.025369979,7.833017078,455,8,5,5,18,489,14,10,14,38,473,527,35,23,55,26
1,1000,20,5.13,10.3,18,37,0,944,30,12,14,56,7.333,84,65,5.014298542,9.13773761,6.341614907,8.259187621,468,10,2,3,15,476,20,10,11,41,483,517,41,24,56,28
3,1000,20,5.13,10.3,18,37,1,929,32,23,16,71,7.663609255,88,70,4.967085618,9.155834172,6.807279181,8.610079337,500,9,9,7,25,429,23,14,9,46,525,475,41,29,56,32
5,1000,20,5.13,10.3,18,37,1,952,26,11,11,48,6.736802128,109,62,5.090908645,8.941279869,5.983330762,7.449228362,472,7,6,1,14,480,19,5,10,34,486,514,41,21,75,34
4,1000,20,5.13,10.3,18,37,1,939,34,15,12,61,7.214561882,85,42,5.009554786,8.969795277,6.364884094,8.081404877,481,16,6,2,24,458,18,9,10,37,505,495,24,18,54,31
7,1000,20,5.13,10.3,18,37,1,945,22,14,19,55,6.999464803,86,50,5.042121089,9.104257553,6.035973126,7.864230577,455,8,5,5,18,490,14,9,14,37,473,527,28,22,61,25
8,1000,20,5.13,10.3,18,37,1,941,34,12,13,59,7.608712229,94,46,4.999481679,9.174526019,6.399160756,8.837772595,488,9,5,2,16,453,25,7,11,43,504,496,27,19,60,34
6,1000,20,5.13,10.3,18,37,1,946,28,10,16,54,6.886715995,93,57,5.036633221,9.093049652,6.186017367,7.536111063,465,9,2,5,16,481,19,8,11,38,481,519,30,27,67,26
2,1000,20,5.13,10.3,18,37,1,939,28,15,18,61,7.594233477,98,54,5.021885165,9.135939833,6.300822613,8.862032245,480,10,2,3,15,459,18,13,15,46,495,505,36,18,65,33
1,1000,20,5.13,10.3,18,37,1,944,29,13,14,56,7.36251537,96,52,5.014690567,9.148687222,6.364627362,8.294778247,468,10,2,3,15,476,19,11,11,41,483,517,27,25,62,34
5,1000,20,5.13,10.3,18,37,2,954,24,11,11,46,6.768861092,103,65,5.113212419,8.983562883,6.024526675,7.472648109,473,6,6,1,13,481,18,5,10,33,486,514,39,26,65,38
3,1000,20,5.13,10.3,18,37,2,930,32,22,16,70,7.66011417,108,61,4.966564746,9.207427057,6.826157674,8.58185556,500,9,9,7,25,430,23,13,9,45,525,475,32,29,73,35
4,1000,20,5.13,10.3,18,37,2,940,33,15,12,60,7.242966256,83,58,5.022034253,8.98716945,6.428069071,8.07432601,481,16,6,2,24,459,17,9,10,36,505,495,28,30,58,25
7,1000,20,5.13,10.3,18,37,2,947,20,14,19,53,6.992005291,99,65,5.047065945,9.133104772,6.100871352,7.791827593,455,8,5,5,18,492,12,9,14,35,473,527,43,22,63,36
6,1000,20,5.13,10.3,18,37,2,948,27,10,15,52,6.885447196,95,61,5.044363684,9.114232946,6.19993229,7.520770259,465,9,2,5,16,483,18,8,10,36,481,519,37,24,61,34
8,1000,20,5.13,10.3,18,37,2,940,35,12,13,60,7.641892173,95,53,5.026395869,9.185370589,6.401834371,8.901950907,488,9,5,2,16,452,26,7,11,44,504,496,29,24,65,30
2,1000,20,5.13,10.3,18,37,2,942,26,14,18,58,7.584997031,95,53,5.033802122,9.144426683,6.342455896,8.802933392,480,10,2,3,15,462,16,12,15,43,495,505,38,15,67,28
1,1000,20,5.13,10.3,18,37,2,944,29,14,13,56,7.437132913,102,52,5.027402727,9.180938026,6.443774622,8.365163965,467,10,3,3,16,477,19,11,10,40,483,517,29,23,72,30
5,1000,20,5.13,10.3,18,37,3,954,24,11,11,46,6.817590886,95,53,5.095409088,9.002417981,6.076455537,7.518353104,473,6,6,1,13,481,18,5,10,33,486,514,33,20,60,35
4,1000,20,5.13,10.3,18,37,3,940,33,16,11,60,7.255875427,90,43,5.037524206,9.012585057,6.439878948,8.088356683,481,15,7,2,24,459,18,9,9,36,505,495,24,19,62,28
3,1000,20,5.13,10.3,18,37,3,933,30,21,16,67,7.649203113,99,62,4.970046244,9.225233632,6.854617146,8.527429708,500,9,9,7,25,433,21,12,9,42,525,475,29,33,68,31
7,1000,20,5.13,10.3,18,37,3,950,18,13,19,50,7.012344575,101,55,5.052333065,9.141924948,6.118044314,7.815008756,456,7,5,5,17,494,11,8,14,33,473,527,34,21,70,31
6,1000,20,5.13,10.3,18,37,3,949,27,9,15,51,6.898798635,81,70,5.045012368,9.137273391,6.223924304,7.524260202,465,9,2,5,16,484,18,7,10,35,481,519,42,28,63,18
8,1000,20,5.13,10.3,18,37,3,939,37,11,13,61,7.662016257,99,49,5.026786558,9.190226115,6.424320078,8.919675278,489,9,4,2,15,450,28,7,11,46,504,496,28,21,70,29
2,1000,20,5.13,10.3,18,37,3,944,24,15,17,56,7.600721974,98,67,5.034504335,9.164234905,6.357051962,8.819764858,481,9,2,3,14,463,15,13,14,42,495,505,33,34,69,29
1,1000,20,5.13,10.3,18,37,3,944,29,14,13,56,7.504914914,104,49,5.041368359,9.222409437,6.518161669,8.426775296,467,10,3,3,16,477,19,11,10,40,483,517,27,22,66,38
5,1000,20,5.13,10.3,18,37,4,954,24,11,11,46,6.892333316,85,49,5.098463695,9.016717398,6.163781054,7.581197905,473,6,6,1,13,481,18,5,10,33,486,514,29,20,55,30
7,1000,20,5.13,10.3,18,37,4,952,17,12,19,48,7.022433027,102,51,5.069847847,9.149756191,6.133354222,7.820410777,457,7,4,5,16,495,10,8,14,32,473,527,35,16,73,29
4,1000,20,5.13,10.3,18,37,4,942,31,16,11,58,7.26759307,105,60,5.046183502,9.024962878,6.484423856,8.066583885,481,15,7,2,24,461,16,9,9,34,505,495,35,25,68,37
3,1000,20,5.13,10.3,18,37,4,932,29,23,16,68,7.671586466,101,62,4.974820547,9.237407379,6.875658159,8.5512967,499,10,9,7,26,433,19,14,9,42,525,475,30,32,67,34
8,1000,20,5.13,10.3,18,37,4,939,37,11,13,61,7.68437328,97,59,5.034424702,9.194790915,6.458163438,8.9303607,489,9,4,2,15,450,28,7,11,46,504,496,32,27,61,36
6,1000,20,5.13,10.3,18,37,4,949,27,9,15,51,6.947647054,96,52,5.046605511,9.193233207,6.276882517,7.569299737,465,9,2,5,16,484,18,7,10,35,481,519,28,24,64,32
2,1000,20,5.13,10.3,18,37,4,944,24,15,17,56,7.617249374,89,52,5.053438404,9.210695438,6.409901344,8.800689522,481,9,2,3,14,463,15,13,14,42,495,505,37,15,57,32
5,1000,20,5.13,10.3,18,37,5,953,25,11,11,47,6.925125597,99,52,5.103574813,9.018673478,6.228148253,7.584135302,472,7,6,1,14,481,18,5,10,33,486,514,32,20,65,34
1,1000,20,5.13,10.3,18,37,4,944,30,14,12,56,7.519219701,95,58,5.042584244,9.235246404,6.531900829,8.441608512,467,10,3,3,16,477,20,11,9,40,483,517,37,21,61,34
4,1000,20,5.13,10.3,18,37,5,943,31,14,12,57,7.276352844,93,53,5.045999111,9.030894735,6.472897686,8.09603942,482,15,5,3,23,461,16,9,9,34,505,495,28,25,62,31
7,1000,20,5.13,10.3,18,37,5,952,17,12,19,48,7.044795828,100,49,5.085263925,9.187310564,6.140140217,7.856754279,457,7,4,5,16,495,10,8,14,32,473,527,31,18,73,27
3,1000,20,5.13,10.3,18,37,5,932,28,24,16,68,7.705245755,111,54,4.977704059,9.252807984,6.951327444,8.538523887,498,10,10,7,27,434,18,14,9,41,525,475,26,28,73,38
8,1000,20,5.13,10.3,18,37,5,939,37,11,13,61,7.708515353,104,67,5.046688253,9.206908395,6.491005801,8.945662156,489,9,4,2,15,450,28,7,11,46,504,496,40,27,69,35
6,1000,20,5.13,10.3,18,37,5,950,27,8,15,50,6.97731444,110,54,5.049448583,9.199844148,6.336175816,7.571510352,466,9,1,5,15,484,18,7,10,35,481,519,32,22,71,39
2,1000,20,5.13,10.3,18,37,5,946,23,14,17,54,7.609450047,112,56,5.069886965,9.249821649,6.475070369,8.721366761,481,9,2,3,14,465,14,12,14,40,495,505,31,25,87,25
5,1000,20,5.13,10.3,18,37,6,952,26,10,12,48,6.970753203,96,70,5.097532154,9.020901728,6.261968199,7.640927351,471,8,6,1,15,481,18,4,11,33,486,514,35,35,69,27
7,1000,20,5.13,10.3,18,37,6,952,18,11,19,48,7.074216165,86,45,5.100957575,9.202842994,6.143924856,7.909183508,457,7,4,5,16,495,11,7,14,32,473,527,27,18,60,26
1,1000,20,5.13,10.3,18,37,5,946,28,14,12,54,7.579494436,95,56,5.054971306,9.258737957,6.634608233,8.46224112,467,10,3,3,16,479,18,11,9,38,483,517,39,17,69,26
4,1000,20,5.13,10.3,18,37,6,943,31,15,11,57,7.249936758,96,42,5.08371055,9.047447277,6.482987972,8.032379458,482,15,5,3,23,461,16,10,8,34,505,495,21,21,66,30
3,1000,20,5.13,10.3,18,37,6,932,28,24,16,68,7.750567656,101,61,4.966569821,9.281994422,7.001459454,8.578529352,498,10,10,7,27,434,18,14,9,41,525,475,35,26,72,29
8,1000,20,5.13,10.3,18,37,6,937,39,11,13,63,7.759636165,98,50,5.06645237,9.214474341,6.489378194,9.050382168,489,9,4,2,15,448,30,7,11,48,504,496,25,25,62,36
6,1000,20,5.13,10.3,18,37,6,951,26,7,16,49,7.016409329,104,55,5.043070876,9.218245979,6.395426672,7.591925048,467,8,1,5,14,484,18,6,11,35,481,519,22,33,67,37
2,1000,20,5.13,10.3,18,37,6,947,22,14,17,53,7.581400748,92,57,5.083199705,9.255511787,6.491642853,8.649579279,480,10,2,3,15,467,12,12,14,38,495,505,32,25,67,25
5,1000,20,5.13,10.3,18,37,7,952,25,11,12,48,7.018691597,86,59,5.104480853,9.078844397,6.330966879,7.668952712,471,8,6,1,15,481,17,5,11,33,486,514,33,26,52,34
7,1000,20,5.13,10.3,18,37,7,955,18,9,18,45,7.042170803,97,41,5.12257027,9.247870289,6.130076627,7.860805614,458,6,4,5,15,497,12,5,13,30,473,527,25,16,65,32
4,1000,20,5.13,10.3,18,37,7,944,32,14,10,56,7.253265764,82,53,5.090010354,9.055019307,6.479811358,8.042345512,482,16,4,3,23,462,16,10,7,33,505,495,24,29,54,28
1,1000,20,5.13,10.3,18,37,6,946,29,14,11,54,7.574003415,103,61,5.063669261,9.265685607,6.628913418,8.456940491,467,11,3,2,16,479,18,11,9,38,483,517,43,18,76,27
3,1000,20,5.13,10.3,18,37,7,931,30,21,18,69,7.793659287,90,53,4.987836495,9.32903673,7.046065061,8.619947642,498,11,8,8,27,433,19,13,10,42,525,475,31,22,59,31
8,1000,20,5.13,10.3,18,37,7,938,38,11,13,62,7.757271792,99,57,5.069416491,9.209588372,6.487853187,9.04716489,489,9,4,2,15,449,29,7,11,47,504,496,29,28,67,32
6,1000,20,5.13,10.3,18,37,7,953,24,7,16,47,7.03471422,102,53,5.04741352,9.225826405,6.415048226,7.609009678,467,8,1,5,14,486,16,6,11,33,481,519,31,22,63,39
5,1000,20,5.13,10.3,18,37,8,955,24,9,12,45,7.021701187,79,63,5.118400422,9.099752384,6.315665102,7.689276162,472,8,5,1,14,483,16,4,11,31,486,514,39,24,56,23
2,1000,20,5.13,10.3,18,37,7,947,21,15,17,53,7.6261668,100,54,5.081671692,9.267362435,6.551678812,8.679377799,480,9,3,3,15,467,12,12,14,38,495,505,32,22,70,30
7,1000,20,5.13,10.3,18,37,8,955,18,9,18,45,7.092985685,92,63,5.147256468,9.274137483,6.194944695,7.899007294,458,6,4,5,15,497,12,5,13,30,473,527,34,29,65,27
4,1000,20,5.13,10.3,18,37,8,944,33,14,9,56,7.26625471,95,53,5.104398155,9.093056726,6.521867399,8.025680148,482,16,4,3,23,462,17,10,6,33,505,495,27,26,61,34
3,1000,20,5.13,10.3,18,37,8,932,31,19,18,68,7.786002087,93,68,4.988379054,9.345796593,7.04228103,8.608009572,498,11,8,8,27,434,20,11,10,41,525,475,44,24,62,31
1,1000,20,5.13,10.3,18,37,7,946,29,14,11,54,7.62078981,109,68,5.069002445,9.301828952,6.694769217,8.485911563,467,11,3,2,16,479,18,11,9,38,483,517,39,29,82,27
8,1000,20,5.13,10.3,18,37,8,939,38,10,13,61,7.757483284,93,59,5.06638312,9.220944493,6.511375696,9.023689382,489,9,4,2,15,450,29,6,11,46,504,496,37,22,65,28
6,1000,20,5.13,10.3,18,37,8,952,25,7,16,48,7.051709451,98,53,5.064104659,9.238650372,6.423739939,7.633700464,467,8,1,5,14,485,17,6,11,34,481,519,37,16,64,34
5,1000,20,5.13,10.3,18,37,9,955,24,9,12,45,7.057421634,82,51,5.153162186,9.129790289,6.34102382,7.734793886,472,8,5,1,14,483,16,4,11,31,486,514,30,21,60,22
2,1000,20,5.13,10.3,18,37,8,948,19,16,17,52,7.634479206,109,66,5.077579024,9.301460192,6.557453405,8.690177762,481,8,3,3,14,467,11,13,14,38,495,505,34,32,80,29
4,1000,20,5.13,10.3,18,37,9,943,34,14,9,57,7.319184682,108,57,5.113613428,9.105350867,6.583296722,8.069939064,482,16,4,3,23,461,18,10,6,34,505,495,25,32,76,32
7,1000,20,5.13,10.3,18,37,9,956,17,9,18,44,7.140305918,87,60,5.146462724,9.293156091,6.260809399,7.92968325,457,7,4,5,16,499,10,5,13,28,473,527,40,20,60,27
3,1000,20,5.13,10.3,18,37,9,933,31,18,18,67,7.769356844,103,54,4.995764825,9.370377599,7.033999257,8.582120493,499,11,7,8,26,434,20,11,10,41,525,475,29,25,63,40
1,1000,20,5.13,10.3,18,37,8,947,29,12,12,53,7.640877367,105,52,5.082805839,9.320482272,6.777291989,8.447669897,467,11,3,2,16,480,18,9,10,37,483,517,30,22,77,28
8,1000,20,5.13,10.3,18,37,9,940,36,11,13,60,7.756330331,84,43,5.075830674,9.268519922,6.559509786,8.972454433,489,9,4,2,15,451,27,7,11,45,504,496,25,18,62,22
6,1000,20,5.13,10.3,18,37,9,953,24,7,16,47,7.071664975,106,64,5.070478447,9.275210959,6.479323895,7.620636189,467,8,1,5,14,486,16,6,11,33,481,519,36,28,73,33
5,1000,20,5.13,10.3,18,37,10,957,23,8,12,43,7.070707604,110,58,5.160455994,9.155146494,6.403371915,7.701690376,472,8,5,1,14,485,15,3,11,29,486,514,41,17,82,28
2,1000,20,5.13,10.3,18,37,9,949,19,15,17,51,7.630875222,89,44,5.117762798,9.32981216,6.5737806,8.667037277,482,8,2,3,13,467,11,13,14,38,495,505,25,19,58,31
7,1000,20,5.13,10.3,18,37,10,957,16,9,18,43,7.175966028,104,55,5.16660667,9.320305613,6.324998646,7.939737512,457,7,4,5,16,500,9,5,13,27,473,527,41,14,71,33
4,1000,20,5.13,10.3,18,37,10,943,34,14,9,57,7.348910096,97,49,5.16521783,9.138129814,6.633322479,8.078954028,482,16,4,3,23,461,18,10,6,34,505,495,28,21,67,30
3,1000,20,5.13,10.3,18,37,10,932,32,18,18,68,7.813691411,106,48,4.997188133,9.408855408,7.04753356,8.660497456,499,11,7,8,26,433,21,11,10,42,525,475,28,20,74,32
8,1000,20,5.13,10.3,18,37,10,940,37,10,13,60,7.774554627,97,59,5.06805027,9.290931327,6.590999736,8.977199113,489,9,4,2,15,451,28,6,11,45,504,496,35,24,64,33
1,1000,20,5.13,10.3,18,37,9,944,33,11,12,56,7.697270314,95,61,5.096457062,9.372056111,6.825326117,8.511871952,467,11,3,2,16,477,22,8,10,40,483,517,40,21,72,23
6,1000,20,5.13,10.3,18,37,10,953,24,7,16,47,7.111424112,96,67,5.100074741,9.277051256,6.520700983,7.658895837,467,8,1,5,14,486,16,6,11,33,481,519,41,26,61,35
5,1000,20,5.13,10.3,18,37,11,956,24,8,12,44,7.138709482,106,46,5.180295686,9.175079914,6.477263121,7.764123746,472,8,5,1,14,484,16,3,11,30,486,514,24,22,78,28
7,1000,20,5.13,10.3,18,37,11,958,16,8,18,42,7.220158278,99,64,5.176263597,9.332493947,6.396634323,7.959298374,458,7,3,5,15,500,9,5,13,27,473,527,42,22,72,27
2,1000,20,5.13,10.3,18,37,10,949,18,14,19,51,7.63969369,104,60,5.130577935,9.360045196,6.613629163,8.645440108,482,8,2,3,13,467,10,12,16,38,495,505,31,29,77,27
4,1000,20,5.13,10.3,18,37,11,947,31,13,9,53,7.345980629,99,62,5.178198714,9.148757275,6.63474259,8.071587112,484,14,4,3,21,463,17,9,6,32,505,495,34,28,60,39
3,1000,20,5.13,10.3,18,37,11,933,32,18,17,67,7.823360286,101,53,5.017756096,9.422855181,7.077073916,8.648203116,498,13,7,7,27,435,19,11,10,40,525,475,33,20,66,35
8,1000,20,5.13,10.3,18,37,11,941,35,11,13,59,7.815711735,91,53,5.094826933,9.307799271,6.629632303,9.020921481,489,9,4,2,15,452,26,7,11,44,504,496,27,26,62,29
1,1000,20,5.13,10.3,18,37,10,943,33,12,12,57,7.780441256,99,48,5.114279169,9.396467278,6.963758216,8.543415933,466,12,3,2,17,477,21,9,10,40,483,517,33,15,74,25
6,1000,20,5.13,10.3,18,37,11,956,21,7,16,44,7.107354614,101,58,5.123505312,9.311559634,6.554712061,7.619533936,468,7,1,5,13,488,14,6,11,31,481,519,25,33,74,27
5,1000,20,5.13,10.3,18,37,12,953,27,8,12,47,7.188739777,85,42,5.196122877,9.184305452,6.530055218,7.811542688,471,9,5,1,15,482,18,3,11,32,486,514,23,19,65,20
7,1000,20,5.13,10.3,18,37,12,958,16,8,18,42,7.177178934,109,66,5.182543912,9.344126142,6.403129753,7.871913778,458,7,3,5,15,500,9,5,13,27,473,527,42,24,67,42
4,1000,20,5.13,10.3,18,37,12,946,32,13,9,54,7.37644686,86,57,5.188727518,9.179993994,6.666987848,8.100238378,484,14,4,3,21,462,18,9,6,33,505,495,32,25,57,29
2,1000,20,5.13,10.3,18,37,11,950,17,15,18,50,7.652456064,88,60,5.138349889,9.390722647,6.66020693,8.625056701,482,8,2,3,13,468,9,13,15,37,495,505,35,25,59,29
3,1000,20,5.13,10.3,18,37,12,934,31,18,17,66,7.849958017,90,54,5.036940297,9.464385862,7.14103036,8.633509637,498,13,7,7,27,436,18,11,10,39,525,475,26,28,62,28
8,1000,20,5.13,10.3,18,37,12,942,34,11,13,58,7.844279338,114,54,5.094949722,9.298026168,6.713286189,8.993514313,488,10,4,2,16,454,24,7,11,42,504,496,31,23,79,35
6,1000,20,5.13,10.3,18,37,12,957,20,7,16,43,7.142925563,102,58,5.134408129,9.324792026,6.608888348,7.637861787,468,7,1,5,13,489,13,6,11,30,481,519,40,18,75,27
1,1000,20,5.13,10.3,18,37,11,942,35,12,11,58,7.812591235,114,66,5.101646194,9.416015721,7.049759911,8.525255701,465,13,3,2,18,477,22,9,9,40,483,517,44,22,81,33
5,1000,20,5.13,10.3,18,37,13,953,27,8,12,47,7.169345166,113,42,5.234129893,9.213949864,6.522549875,7.780906473,471,9,5,1,15,482,18,3,11,32,486,514,28,14,74,39
7,1000,20,5.13,10.3,18,37,13,955,19,8,18,45,7.199870277,113,54,5.187057452,9.352379557,6.436872758,7.884685888,456,9,3,5,17,499,10,5,13,28,473,527,32,22,93,20
4,1000,20,5.13,10.3,18,37,13,945,31,15,9,55,7.403551604,99,45,5.198449712,9.196649649,6.678832713,8.14291128,484,13,5,3,21,461,18,10,6,34,505,495,23,22,72,27
2,1000,20,5.13,10.3,18,37,12,951,17,14,18,49,7.668663869,98,63,5.140208649,9.424731924,6.684140298,8.633691924,482,8,2,3,13,469,9,12,15,36,495,505,34,29,65,33
3,1000,20,5.13,10.3,18,37,13,935,31,17,17,65,7.844685795,110,46,5.051728657,9.520178728,7.167148396,8.59354292,498,13,7,7,27,437,18,10,10,38,525,475,23,23,74,36
8,1000,20,5.13,10.3,18,37,13,941,35,11,13,59,7.861258573,104,51,5.103807611,9.313952877,6.740532516,9.000060857,488,10,4,2,16,453,25,7,11,43,504,496,34,17,75,29
5,1000,20,5.13,10.3,18,37,14,952,28,8,12,48,7.188188717,107,52,5.223762098,9.234098695,6.56862863,7.773998449,469,11,5,1,17,483,17,3,11,31,486,514,31,21,75,32
6,1000,20,5.13,10.3,18,37,13,959,20,7,14,41,7.138115102,104,61,5.144933996,9.343010302,6.611766765,7.62592541,468,8,1,4,13,491,12,6,10,28,481,519,44,17,70,34
7,1000,20,5.13,10.3,18,37,14,956,18,8,18,44,7.236191002,86,44,5.208342366,9.390978245,6.475077896,7.919315288,456,9,3,5,17,500,9,5,13,27,473,527,30,14,57,29
1,1000,20,5.13,10.3,18,37,12,942,35,13,10,58,7.804695095,106,61,5.091511055,9.430722745,7.04308681,8.516216955,465,13,3,2,18,477,22,10,8,40,483,517,40,21,69,37
4,1000,20,5.13,10.3,18,37,14,946,30,15,9,54,7.433478369,72,55,5.187796358,9.20891026,6.695762589,8.186097498,485,12,5,3,20,461,18,10,6,34,505,495,34,21,46,26
3,1000,20,5.13,10.3,18,37,14,935,32,17,16,65,7.865117037,106,47,5.058407243,9.526614752,7.217008999,8.581446974,498,13,7,7,27,437,19,10,9,38,525,475,23,24,78,28
2,1000,20,5.13,10.3,18,37,13,954,17,14,15,46,7.644536902,102,59,5.161751314,9.459508123,6.753673551,8.517759394,482,8,2,3,13,472,9,12,12,33,495,505,35,24,73,29
8,1000,20,5.13,10.3,18,37,14,942,34,12,12,58,7.869874453,93,52,5.120742896,9.341284498,6.794144935,8.962954446,488,10,4,2,16,454,24,8,10,42,504,496,28,24,72,21
5,1000,20,5.13,10.3,18,37,15,953,27,8,12,47,7.217661977,80,77,5.225763777,9.246940818,6.593936392,7.807410292,469,11,5,1,17,484,16,3,11,30,486,514,44,33,62,18
6,1000,20,5.13,10.3,18,37,14,962,20,7,11,38,7.10708405,93,63,5.148836396,9.357202471,6.658839152,7.522509476,468,8,1,4,13,494,12,6,7,25,481,519,39,24,73,20
7,1000,20,5.13,10.3,18,37,15,958,18,6,18,42,7.255605434,104,57,5.2186147,9.424737938,6.516651557,7.918841077,457,9,3,4,16,501,9,3,14,26,473,527,37,20,77,27
4,1000,20,5.13,10.3,18,37,15,947,30,14,9,53,7.437363123,87,56,5.198068519,9.217786069,6.72099131,8.168207094,485,12,5,3,20,462,18,9,6,33,505,495,34,22,60,27
1,1000,20,5.13,10.3,18,37,13,942,35,13,10,58,7.853110933,103,57,5.090974458,9.461789642,7.09230672,8.5638816,465,13,3,2,18,477,22,10,8,40,483,517,29,28,77,26
3,1000,20,5.13,10.3,18,37,15,939,29,14,18,61,7.859949003,102,47,5.04337996,9.535183193,7.250183851,8.533899961,498,13,7,7,27,441,16,7,11,34,525,475,25,22,65,37
2,1000,20,5.13,10.3,18,37,14,955,17,13,15,45,7.644493824,81,57,5.215916468,9.487007974,6.752802793,8.518527606,482,8,2,3,13,473,9,11,12,32,495,505,31,26,58,23
8,1000,20,5.13,10.3,18,37,15,944,33,11,12,56,7.858589563,88,59,5.133842974,9.374052521,6.780191313,8.954381334,489,9,4,2,15,455,24,7,10,41,504,496,35,24,57,31
5,1000,20,5.13,10.3,18,37,16,954,26,8,12,46,7.215223768,93,61,5.225902002,9.262019101,6.62647164,7.771903797,469,11,5,1,17,485,15,3,11,29,486,514,36,25,61,32
7,1000,20,5.13,10.3,18,37,16,959,18,5,18,41,7.287263503,104,65,5.213543793,9.419574117,6.522476404,7.973685319,458,9,2,4,15,501,9,3,14,26,473,527,38,27,70,34
6,1000,20,5.13,10.3,18,37,15,962,20,8,10,38,7.120897609,105,57,5.145049463,9.366186811,6.671036305,7.537821091,468,8,2,3,13,494,12,6,7,25,481,519,29,28,72,33
4,1000,20,5.13,10.3,18,37,16,947,31,12,10,53,7.453619611,104,53,5.223758949,9.271050184,6.77477851,8.146174674,485,12,5,3,20,462,19,7,7,33,505,495,32,21,72,32
1,1000,20,5.13,10.3,18,37,14,945,33,12,10,55,7.836091666,83,63,5.110510009,9.505714108,7.096659702,8.52689561,466,12,3,2,17,479,21,9,8,38,483,517,40,23,57,26
3,1000,20,5.13,10.3,18,37,16,938,31,14,17,62,7.880408333,107,53,5.045685078,9.550256588,7.26523843,8.560332963,498,14,7,6,27,440,17,7,11,35,525,475,26,27,68,39
2,1000,20,5.13,10.3,18,37,15,955,17,13,15,45,7.634219019,107,55,5.220071015,9.493139544,6.790774777,8.460961395,482,8,2,3,13,473,9,11,12,32,495,505,36,19,77,30
8,1000,20,5.13,10.3,18,37,16,946,31,11,12,54,7.855045835,102,54,5.147855543,9.373522094,6.756141321,8.971674615,490,9,3,2,14,456,22,8,10,40,504,496,30,24,69,33
5,1000,20,5.13,10.3,18,37,17,955,25,8,12,45,7.198208327,93,52,5.214088753,9.264346376,6.63962349,7.726364418,469,11,5,1,17,486,14,3,11,28,486,514,29,23,67,26
7,1000,20,5.13,10.3,18,37,17,960,18,6,16,40,7.30299445,93,59,5.229397702,9.441137068,6.600389669,7.933605573,458,9,2,4,15,502,9,4,12,25,473,527,34,25,74,19
6,1000,20,5.13,10.3,18,37,16,962,21,8,9,38,7.120535262,96,59,5.139930408,9.403422877,6.687060262,7.522272207,467,9,2,3,14,495,12,6,6,24,481,519,31,28,64,32
4,1000,20,5.13,10.3,18,37,17,949,28,13,10,51,7.465012611,97,54,5.232278466,9.292497249,6.797788431,8.145716068,485,12,5,3,20,464,16,8,7,31,505,495,25,29,73,24
3,1000,20,5.13,10.3,18,37,17,940,29,14,17,60,7.939509873,100,68,5.058383025,9.547103581,7.353602169,8.587092072,498,14,7,6,27,442,15,7,11,33,525,475,34,34,61,39
1,1000,20,5.13,10.3,18,37,15,944,34,11,11,56,7.867449981,85,55,5.110716712,9.526124661,7.177113115,8.512387517,465,13,3,2,18,479,21,8,9,38,483,517,33,22,63,22
2,1000,20,5.13,10.3,18,37,16,953,19,13,15,47,7.642219711,106,57,5.229912062,9.526160687,6.805425569,8.462443672,481,9,2,3,14,472,10,11,12,33,495,505,33,24,75,31
8,1000,20,5.13,10.3,18,37,17,946,31,11,12,54,7.881758403,102,58,5.169872723,9.434362233,6.761457352,9.020128826,490,9,3,2,14,456,22,8,10,40,504,496,30,28,65,37
5,1000,20,5.13,10.3,18,37,18,954,26,8,12,46,7.209868333,89,60,5.241865524,9.293407586,6.666565096,7.723575284,469,11,5,1,17,485,15,3,11,29,486,514,39,21,66,23
7,1000,20,5.13,10.3,18,37,18,960,18,6,16,40,7.31413536,97,63,5.243349118,9.467954017,6.663099079,7.898462041,458,9,2,4,15,502,9,4,12,25,473,527,40,23,65,32
6,1000,20,5.13,10.3,18,37,17,962,21,8,9,38,7.137769088,92,55,5.150187043,9.433395864,6.727286617,7.518196966,467,9,2,3,14,495,12,6,6,24,481,519,33,22,64,28
4,1000,20,5.13,10.3,18,37,18,948,29,13,10,52,7.501514848,100,67,5.249843002,9.324566545,6.86767524,8.148159297,484,13,5,3,21,464,16,8,7,31,505,495,44,23,67,33
3,1000,20,5.13,10.3,18,37,18,941,29,14,16,59,7.932263023,82,59,5.081512364,9.55133957,7.362963992,8.561488268,498,14,7,6,27,443,15,7,10,32,525,475,36,23,65,17
1,1000,20,5.13,10.3,18,37,16,945,33,10,12,55,7.885744432,98,55,5.118393055,9.556491876,7.224281781,8.503706639,465,13,3,2,18,480,20,7,10,37,483,517,33,22,73,25
2,1000,20,5.13,10.3,18,37,17,954,18,13,15,46,7.657360978,107,64,5.22151579,9.550219819,6.828353117,8.469952841,482,8,2,3,13,472,10,11,12,33,495,505,39,25,77,30
8,1000,20,5.13,10.3,18,37,18,946,32,9,13,54,7.917030656,104,63,5.192043472,9.478818118,6.801237261,9.050820719,489,10,3,2,15,457,22,6,11,39,504,496,36,27,75,29
5,1000,20,5.13,10.3,18,37,19,954,27,8,11,46,7.221092188,107,60,5.239716296,9.331649006,6.717041556,7.697684809,469,11,5,1,17,485,16,3,10,29,486,514,40,20,74,33
7,1000,20,5.13,10.3,18,37,19,961,18,5,16,39,7.335336714,80,77,5.252582048,9.492879069,6.708126875,7.898278372,458,9,2,4,15,503,9,3,12,24,473,527,49,28,57,23
4,1000,20,5.13,10.3,18,37,19,949,28,13,10,51,7.517153432,101,62,5.250469998,9.346137968,6.896286485,8.150563145,484,13,5,3,21,465,15,8,7,30,505,495,39,23,71,30
6,1000,20,5.13,10.3,18,37,18,964,20,7,9,36,7.106766533,88,48,5.172531435,9.449903218,6.690313086,7.492728205,468,8,2,3,13,496,12,5,6,23,481,519,26,22,60,28
3,1000,20,5.13,10.3,18,37,19,943,27,14,16,57,7.959875171,86,77,5.085266239,9.574750278,7.401929666,8.576551781,499,13,7,6,26,444,14,7,10,31,525,475,52,25,65,21
2,1000,20,5.13,10.3,18,37,18,954,19,13,14,46,7.653430762,108,57,5.220360646,9.562985868,6.853025114,8.437986793,481,9,2,3,14,473,10,11,11,32,495,505,33,24,75,33
1,1000,20,5.13,10.3,18,37,17,945,33,10,12,55,7.90677931,105,55,5.124602759,9.570804149,7.249456446,8.520873979,464,14,3,2,19,481,19,7,10,36,483,517,33,22,73,32
8,1000,20,5.13,10.3,18,37,19,945,34,8,13,55,7.88949585,109,58,5.193922799,9.489919792,6.808113223,8.988320131,488,11,3,2,16,457,23,5,11,39,504,496,33,25,83,26
5,1000,20,5.13,10.3,18,37,20,954,28,8,10,46,7.222469037,96,58,5.251916422,9.343276029,6.764494286,7.655495748,468,12,5,1,18,486,16,3,9,28,486,514,34,24,69,27
7,1000,20,5.13,10.3,18,37,20,961,18,5,16,39,7.382451771,108,55,5.268854018,9.511519346,6.769631279,7.932478512,458,9,2,4,15,503,9,3,12,24,473,527,30,25,72,36
4,1000,20,5.13,10.3,18,37,20,951,27,12,10,49,7.512858583,94,51,5.254134862,9.355075509,6.898539926,8.139587717,484,13,5,3,21,467,14,7,7,28,505,495,34,17,71,23
6,1000,20,5.13,10.3,18,37,19,966,20,6,8,34,7.13698488,100,63,5.194704504,9.463530414,6.695516039,7.546130377,469,8,2,2,12,497,12,4,6,22,481,519,38,25,71,29
3,1000,20,5.13,10.3,18,37,20,943,27,14,16,57,7.986591011,102,57,5.113349686,9.613125101,7.438093114,8.592825528,499,13,7,6,26,444,14,7,10,31,525,475,31,26,68,34
2,1000,20,5.13,10.3,18,37,19,954,19,13,14,46,7.678581682,108,53,5.22347533,9.577707098,6.887963644,8.453543918,481,9,2,3,14,473,10,11,11,32,495,505,30,23,76,32
8,1000,20,5.13,10.3,18,37,20,945,35,7,13,55,7.895596003,90,45,5.205374603,9.525598612,6.866752793,8.941033458,487,12,3,2,17,458,23,4,11,38,504,496,26,19,67,23
1,1000,20,5.13,10.3,18,37,18,946,33,9,12,54,7.927192405,102,50,5.136233832,9.584574996,7.306026917,8.507507551,464,14,3,2,19,482,19,6,10,35,483,517,26,24,75,27
7,1000,20,5.13,10.3,18,37,21,962,19,5,14,38,7.372151437,94,71,5.2729383,9.560111238,6.824572899,7.863621357,458,10,2,3,15,504,9,3,11,23,473,527,46,25,72,22
5,1000,20,5.13,10.3,18,37,21,954,28,8,10,46,7.217785761,88,64,5.26739694,9.383458448,6.780905537,7.630867062,468,12,5,1,18,486,16,3,9,28,486,514,37,27,60,28
4,1000,20,5.13,10.3,18,37,21,952,26,11,11,48,7.511032647,96,61,5.264791715,9.378047073,6.920057088,8.113947106,485,12,5,3,20,467,14,6,8,28,505,495,39,22,72,24
6,1000,20,5.13,10.3,18,37,20,966,19,7,8,34,7.187737881,77,57,5.22220426,9.504600254,6.753780537,7.589921855,469,8,2,2,12,497,11,5,6,22,481,519,32,25,61,16
3,1000,20,5.13,10.3,18,37,21,945,26,14,15,55,7.983679125,97,69,5.125497256,9.631886827,7.47242463,8.548749882,499,13,7,6,26,446,13,7,9,29,525,475,49,20,65,32
8,1000,20,5.13,10.3,18,37,21,948,33,6,13,52,7.855422952,102,54,5.20858813,9.567639702,6.899404754,8.826860799,487,12,3,2,17,461,21,3,11,35,504,496,34,20,76,26
2,1000,20,5.13,10.3,18,37,20,956,19,11,14,44,7.682539528,108,62,5.248595027,9.608275103,6.907735285,8.442001112,481,9,2,3,14,475,10,9,11,30,495,505,38,24,77,31
7,1000,20,5.13,10.3,18,37,22,962,19,5,14,38,7.41220334,92,57,5.287384786,9.574045676,6.868653568,7.90005731,458,10,2,3,15,504,9,3,11,23,473,527,39,18,65,27
5,1000,20,5.13,10.3,18,37,22,953,29,8,10,47,7.225083453,99,54,5.27719328,9.40615493,6.783230029,7.64286704,468,12,5,1,18,485,17,3,9,29,486,514,35,19,71,28
1,1000,20,5.13,10.3,18,37,19,947,32,9,12,53,7.905617106,117,58,5.147457542,9.610825694,7.311316104,8.460834484,465,13,3,2,18,482,19,6,10,35,483,517,38,20,83,34
4,1000,20,5.13,10.3,18,37,22,952,26,11,11,48,7.535703366,112,43,5.289081737,9.385210785,6.925345564,8.15839163,485,12,5,3,20,467,14,6,8,28,505,495,20,23,79,33
6,1000,20,5.13,10.3,18,37,21,967,18,7,8,33,7.212585902,103,52,5.22885918,9.50040626,6.755771756,7.635953155,470,7,2,2,11,497,11,5,6,22,481,519,34,18,70,33
3,1000,20,5.13,10.3,18,37,22,945,26,14,15,55,8.009447975,91,61,5.150471762,9.677270765,7.519692674,8.550756466,499,13,7,6,26,446,13,7,9,29,525,475,33,28,65,26
8,1000,20,5.13,10.3,18,37,22,950,31,5,14,50,7.873800127,87,58,5.196362454,9.586839957,6.940487395,8.822166291,487,12,2,3,17,463,19,3,11,33,504,496,38,20,64,23
2,1000,20,5.13,10.3,18,37,21,957,19,10,14,43,7.688968589,131,55,5.253266352,9.624482468,6.923904881,8.43888252,481,9,2,3,14,476,10,8,11,29,495,505,30,25,98,33
7,1000,20,5.13,10.3,18,37,23,963,19,5,13,37,7.447630733,106,56,5.314697095,9.618680871,6.966583561,7.879386545,458,10,2,3,15,505,9,3,10,22,473,527,33,23,86,20
5,1000,20,5.13,10.3,18,37,23,956,28,7,9,44,7.239590387,91,56,5.285447858,9.442383502,6.821134126,7.635251365,469,11,5,1,17,487,17,2,8,27,486,514,34,22,67,24
1,1000,20,5.13,10.3,18,37,20,947,32,9,12,53,7.934430197,103,56,5.175040616,9.6527487,7.348914076,8.481440421,465,13,3,2,18,482,19,6,10,35,483,517,29,27,80,23
4,1000,20,5.13,10.3,18,37,23,954,23,12,11,46,7.547412018,113,51,5.301248434,9.403797696,6.954795773,8.152000308,486,10,6,3,19,468,13,6,8,27,505,495,30,21,79,34
6,1000,20,5.13,10.3,18,37,22,967,18,7,8,33,7.217755652,92,58,5.244530835,9.551179164,6.777085028,7.626161374,470,7,2,2,11,497,11,5,6,22,481,519,36,22,71,21
3,1000,20,5.13,10.3,18,37,23,947,28,12,13,53,7.98514014,93,62,5.189791265,9.709010341,7.52555991,8.493097237,500,13,7,5,25,447,15,5,8,28,525,475,34,28,74,19
8,1000,20,5.13,10.3,18,37,23,950,31,5,14,50,7.884285325,101,68,5.182273332,9.597809592,6.973057353,8.810210521,486,13,2,3,18,464,18,3,11,32,504,496,43,25,74,27
2,1000,20,5.13,10.3,18,37,22,957,19,11,13,43,7.723910699,90,63,5.250889098,9.637027147,7.00476665,8.428814271,481,9,2,3,14,476,10,9,10,29,495,505,42,21,59,31
7,1000,20,5.13,10.3,18,37,24,965,19,4,12,35,7.420748876,98,55,5.336576261,9.626941917,6.984063016,7.812688937,458,10,2,3,15,507,9,2,9,20,473,527,31,24,66,32
5,1000,20,5.13,10.3,18,37,24,957,26,8,9,43,7.286396398,77,56,5.290741714,9.462962693,6.872039164,7.678181643,469,11,5,1,17,488,15,3,8,26,486,514,36,20,57,20
4,1000,20,5.13,10.3,18,37,24,955,22,12,11,45,7.613762122,98,52,5.318272184,9.454603321,7.012339169,8.227335034,487,9,6,3,18,468,13,6,8,27,505,495,27,25,69,29
1,1000,20,5.13,10.3,18,37,21,950,30,9,11,50,7.926897385,93,61,5.202179757,9.683384126,7.333938035,8.480861344,465,13,4,1,18,485,17,5,10,32,483,517,37,24,74,19
6,1000,20,5.13,10.3,18,37,23,966,19,7,8,34,7.24973345,94,48,5.249563545,9.557258374,6.779460509,7.685574076,470,7,2,2,11,496,12,5,6,23,481,519,31,17,73,21
3,1000,20,5.13,10.3,18,37,24,949,26,12,13,51,7.979258199,103,51,5.211481071,9.754585966,7.574569482,8.426545728,500,13,7,5,25,449,13,5,8,26,525,475,28,23,78,25
8,1000,20,5.13,10.3,18,37,24,951,30,5,14,49,7.90135612,89,51,5.189888814,9.623023943,6.952685659,8.865327717,487,12,2,3,17,464,18,3,11,32,504,496,36,15,60,29
7,1000,20,5.13,10.3,18,37,25,965,18,5,12,35,7.448794905,107,50,5.352154645,9.6638737,7.04056148,7.81519796,458,10,2,3,15,507,8,3,9,20,473,527,36,14,82,25
2,1000,20,5.13,10.3,18,37,23,957,18,12,13,43,7.749835382,105,58,5.262081399,9.667941634,7.027956141,8.457419985,481,9,2,3,14,476,9,10,10,29,495,505,33,25,83,22
5,1000,20,5.13,10.3,18,37,25,958,24,9,9,42,7.321895789,98,60,5.294473145,9.499827463,6.931687864,7.69084725,469,10,6,1,17,489,14,3,8,25,486,514,42,18,73,25
4,1000,20,5.13,10.3,18,37,25,955,21,13,11,45,7.647147982,119,56,5.323296225,9.495303654,7.026293787,8.280544687,487,9,6,3,18,468,12,7,8,27,505,495,28,28,90,29
6,1000,20,5.13,10.3,18,37,24,966,17,9,8,34,7.306334997,99,61,5.246709497,9.556778286,6.87198305,7.708884683,469,8,2,2,12,497,9,7,6,22,481,519,41,20,68,31
1,1000,20,5.13,10.3,18,37,22,949,31,9,11,51,7.937145761,93,56,5.206234514,9.731107344,7.380102755,8.457555378,464,14,4,1,19,485,17,5,10,32,483,517,32,24,62,31
3,1000,20,5.13,10.3,18,37,25,951,23,13,13,49,8.011060858,100,44,5.224544672,9.766546424,7.64230701,8.418630899,500,13,7,5,25,451,10,6,8,24,525,475,30,14,74,26
8,1000,20,5.13,10.3,18,37,25,951,31,5,13,49,7.935972207,96,53,5.210588932,9.651325369,7.017532181,8.869225783,487,12,2,3,17,464,19,3,10,32,504,496,30,23,72,24
7,1000,20,5.13,10.3,18,37,26,965,18,5,12,35,7.496040797,102,65,5.368055625,9.701340492,7.081733855,7.867895035,458,10,2,3,15,507,8,3,9,20,473,527,41,24,78,24
5,1000,20,5.13,10.3,18,37,26,959,24,8,9,41,7.350081964,97,54,5.326613966,9.54199443,6.989023801,7.691471588,469,10,6,1,17,490,14,2,8,24,486,514,35,19,76,21
2,1000,20,5.13,10.3,18,37,24,957,18,13,12,43,7.756653766,107,55,5.274518258,9.703770928,7.023395792,8.47539178,481,9,3,2,14,476,9,10,10,29,495,505,35,20,77,30
4,1000,20,5.13,10.3,18,37,26,955,23,12,10,45,7.628633821,96,71,5.330347461,9.53320257,7.049555966,8.219410218,486,10,6,3,19,469,13,6,7,26,505,495,47,24,68,28
6,1000,20,5.13,10.3,18,37,25,965,18,9,8,35,7.348308715,99,50,5.254731752,9.58250437,6.913090699,7.751661057,469,8,2,2,12,496,10,7,6,23,481,519,35,15,73,26
3,1000,20,5.13,10.3,18,37,26,951,23,13,13,49,8.033751358,108,64,5.233218027,9.79764524,7.672843896,8.432649079,500,13,7,5,25,451,10,6,8,24,525,475,44,20,84,24
1,1000,20,5.13,10.3,18,37,23,950,30,10,10,50,7.962898958,112,57,5.199943705,9.749992731,7.462756948,8.430149617,463,14,5,1,20,487,16,5,9,30,483,517,35,22,83,29
8,1000,20,5.13,10.3,18,37,26,955,27,5,13,45,7.883633911,106,46,5.23628058,9.673394842,7.003294662,8.77817218,489,10,2,3,15,466,17,3,10,30,504,496,24,22,82,24
7,1000,20,5.13,10.3,18,37,27,966,18,5,11,34,7.500154487,87,47,5.380523101,9.740286543,7.116657295,7.844355953,458,10,2,3,15,508,8,3,8,19,473,527,29,18,63,24
5,1000,20,5.13,10.3,18,37,27,961,25,6,8,39,7.348568762,107,59,5.331192297,9.577272752,6.970603207,7.705944754,471,10,4,1,15,490,15,2,7,24,486,514,34,25,77,30
2,1000,20,5.13,10.3,18,37,25,959,17,13,11,41,7.75730993,110,58,5.269313232,9.741088511,7.074857499,8.426248451,481,9,3,2,14,478,8,10,9,27,495,505,45,13,76,34
4,1000,20,5.13,10.3,18,37,27,957,21,12,10,43,7.634633787,104,50,5.349451969,9.554091899,7.090030171,8.190239496,486,10,6,3,19,471,11,6,7,24,505,495,36,14,75,29
6,1000,20,5.13,10.3,18,37,26,966,19,8,7,34,7.312561021,125,59,5.269689388,9.620517777,6.895264145,7.699304368,469,8,2,2,12,497,11,6,5,22,481,519,41,18,89,36
3,1000,20,5.13,10.3,18,37,27,953,22,12,13,47,8.044903186,107,46,5.23827853,9.812237053,7.7410582,8.380731855,500,13,7,5,25,453,9,5,8,22,525,475,33,13,76,31
1,1000,20,5.13,10.3,18,37,24,951,28,11,10,49,7.992814694,112,58,5.206665907,9.789962001,7.554368744,8.402426675,463,13,6,1,20,488,15,5,9,29,483,517,33,25,91,21
8,1000,20,5.13,10.3,18,37,27,955,26,6,13,45,7.941245471,120,54,5.221171698,9.696530048,7.064702284,8.83192645,489,10,2,3,15,466,16,4,10,30,504,496,35,19,80,40
7,1000,20,5.13,10.3,18,37,28,967,19,4,10,33,7.507316862,110,57,5.406912424,9.773115073,7.087111071,7.884465513,459,11,1,2,14,508,8,3,8,19,473,527,37,20,78,32
5,1000,20,5.13,10.3,18,37,28,961,25,6,8,39,7.333660899,93,50,5.326650365,9.605212965,6.997643085,7.651374242,471,10,4,1,15,490,15,2,7,24,486,514,32,18,75,18
2,1000,20,5.13,10.3,18,37,26,959,17,13,11,41,7.826266862,109,67,5.276120348,9.744477933,7.134288579,8.504542605,481,9,3,2,14,478,8,10,9,27,495,505,35,32,84,25
4,1000,20,5.13,10.3,18,37,28,958,21,11,10,42,7.641673621,109,67,5.371218277,9.574801109,7.106225547,8.187938827,486,10,6,3,19,472,11,5,7,23,505,495,47,20,84,25
6,1000,20,5.13,10.3,18,37,27,966,19,8,7,34,7.31557635,96,63,5.284253919,9.651741123,6.912533304,7.689109501,469,8,2,2,12,497,11,6,5,22,481,519,43,20,74,22
3,1000,20,5.13,10.3,18,37,28,953,21,13,13,47,8.072001712,109,55,5.248047385,9.840673379,7.773314417,8.402129775,500,13,7,5,25,453,8,6,8,22,525,475,31,24,71,38
8,1000,20,5.13,10.3,18,37,28,957,24,6,13,43,7.943036672,91,49,5.239262175,9.736993936,7.100053467,8.799616381,489,10,2,3,15,468,14,4,10,28,504,496,27,22,63,28
1,1000,20,5.13,10.3,18,37,25,949,29,11,11,51,8.009617246,92,49,5.218701834,9.817034935,7.579849491,8.411121745,462,13,6,2,21,487,16,5,9,30,483,517,28,21,67,25
7,1000,20,5.13,10.3,18,37,29,967,19,5,9,33,7.546488359,114,59,5.414469762,9.8142828,7.135280584,7.915560991,459,10,2,2,14,508,9,3,7,19,473,527,35,24,75,39
5,1000,20,5.13,10.3,18,37,29,960,25,6,9,40,7.377121615,97,58,5.32128439,9.625627402,7.057304175,7.679517094,470,11,3,2,16,490,14,3,7,24,486,514,34,24,74,23
4,1000,20,5.13,10.3,18,37,29,959,21,11,9,41,7.624957288,105,61,5.386347112,9.606308488,7.117934796,8.14222266,486,10,6,3,19,473,11,5,6,22,505,495,37,24,77,28
2,1000,20,5.13,10.3,18,37,27,959,17,13,11,41,7.840257944,110,56,5.271585176,9.754987608,7.176471243,8.490900353,481,9,3,2,14,478,8,10,9,27,495,505,38,18,80,30
6,1000,20,5.13,10.3,18,37,28,967,19,7,7,33,7.325652055,115,61,5.303816308,9.701843742,6.941875059,7.681329772,469,8,2,2,12,498,11,5,5,21,481,519,43,18,91,24
3,1000,20,5.13,10.3,18,37,29,953,21,13,13,47,8.10209997,91,56,5.26995913,9.888959684,7.819591114,8.414346601,500,13,7,5,25,453,8,6,8,22,525,475,34,22,63,28
8,1000,20,5.13,10.3,18,37,29,958,24,5,13,42,7.967617158,108,53,5.246506289,9.734917467,7.135446009,8.813210422,490,10,1,3,14,468,14,4,10,28,504,496,34,19,87,21
7,1000,20,5.13,10.3,18,37,30,970,17,4,9,30,7.520360009,114,69,5.441063966,9.831239431,7.175116256,7.830227741,459,10,2,2,14,511,7,2,7,16,473,527,47,22,91,23
1,1000,20,5.13,10.3,18,37,26,950,29,10,11,50,8.010823613,107,58,5.213932233,9.829954051,7.635051472,8.361883466,462,13,6,2,21,488,16,4,9,29,483,517,40,18,72,35
5,1000,20,5.13,10.3,18,37,30,960,24,7,9,40,7.403118853,95,52,5.343349667,9.663183379,7.090119629,7.699067535,470,11,3,2,16,490,13,4,7,24,486,514,32,20,74,21
4,1000,20,5.13,10.3,18,37,30,958,22,11,9,42,7.660486781,106,52,5.385281599,9.626182029,7.152094386,8.17914973,486,10,6,3,19,472,12,5,6,23,505,495,29,23,81,25
2,1000,20,5.13,10.3,18,37,28,960,18,12,10,40,7.879946668,105,60,5.275683414,9.785686083,7.278855313,8.469135224,481,9,3,2,14,479,9,9,8,26,495,505,33,27,75,30
6,1000,20,5.13,10.3,18,37,29,967,19,7,7,33,7.377270823,92,61,5.308655828,9.734672129,6.99394958,7.732526157,469,8,2,2,12,498,11,5,5,21,481,519,31,30,70,22
3,1000,20,5.13,10.3,18,37,30,953,23,12,12,47,8.11431083,110,67,5.286005158,9.905619123,7.870591283,8.383685067,499,14,7,5,26,454,9,5,7,21,525,475,41,26,78,32
7,1000,20,5.13,10.3,18,37,31,970,16,5,9,30,7.54727499,95,52,5.447542078,9.874273104,7.229070887,7.832873738,459,10,2,2,14,511,6,3,7,16,473,527,32,20,71,24
8,1000,20,5.13,10.3,18,37,30,958,24,5,13,42,8.018754323,105,55,5.250633758,9.73985775,7.187638776,8.863274959,490,10,1,3,14,468,14,4,10,28,504,496,25,30,78,27
5,1000,20,5.13,10.3,18,37,31,959,25,6,10,41,7.427659708,118,62,5.342835774,9.699904029,7.112461528,7.725687559,470,11,3,2,16,489,14,3,8,25,486,514,30,32,92,26
1,1000,20,5.13,10.3,18,37,27,951,29,10,10,49,8.035437853,104,60,5.230061762,9.86208579,7.68568502,8.362189533,463,12,6,2,20,488,17,4,8,29,483,517,39,21,79,25
4,1000,20,5.13,10.3,18,37,31,958,21,12,9,42,7.69208575,90,58,5.399645297,9.643172047,7.20174041,8.192337056,486,9,7,3,19,472,12,5,6,23,505,495,40,18,67,23
2,1000,20,5.13,10.3,18,37,29,961,18,12,9,39,7.896211917,107,52,5.295643258,9.814415292,7.283542943,8.496748832,481,9,3,2,14,480,9,9,7,25,495,505,32,20,86,21
6,1000,20,5.13,10.3,18,37,30,966,20,7,7,34,7.389320977,115,64,5.331307594,9.777900549,7.012091102,7.738930939,469,8,2,2,12,497,12,5,5,22,481,519,46,18,85,30
3,1000,20,5.13,10.3,18,37,31,953,22,13,12,47,8.130929974,100,47,5.265733754,9.93056401,7.907293001,8.378107681,499,14,7,5,26,454,8,6,7,21,525,475,25,22,72,28
7,1000,20,5.13,10.3,18,37,32,968,18,5,9,32,7.605958149,95,68,5.462702016,9.89044661,7.282652464,7.896135738,459,10,2,2,14,509,8,3,7,18,473,527,46,22,70,25
8,1000,20,5.13,10.3,18,37,31,959,23,5,13,41,8.040295577,104,66,5.248164814,9.773726646,7.257917686,8.835292466,490,10,1,3,14,469,13,4,10,27,504,496,48,18,74,30
5,1000,20,5.13,10.3,18,37,32,961,24,5,10,39,7.428003751,116,76,5.362641034,9.730868228,7.158244021,7.683068399,469,12,3,2,17,492,12,2,8,22,486,514,51,25,82,34
1,1000,20,5.13,10.3,18,37,28,951,29,10,10,49,8.061581521,106,60,5.277210433,9.904086232,7.745088121,8.357261042,463,12,6,2,20,488,17,4,8,29,483,517,36,24,77,29
4,1000,20,5.13,10.3,18,37,32,959,20,11,10,41,7.742412714,113,56,5.4029375,9.662924549,7.275722074,8.218531449,486,9,7,3,19,473,11,4,7,22,505,495,33,23,87,26
2,1000,20,5.13,10.3,18,37,30,963,18,11,8,37,7.888370937,107,51,5.303004131,9.861462763,7.290157204,8.474738853,481,9,3,2,14,482,9,8,6,23,495,505,33,18,78,29
6,1000,20,5.13,10.3,18,37,31,966,21,6,7,34,7.386124499,119,51,5.356391854,9.772197675,7.024528274,7.72124547,469,8,2,2,12,497,13,4,5,22,481,519,34,17,86,33
3,1000,20,5.13,10.3,18,37,32,954,22,13,11,46,8.142542782,97,56,5.268116883,9.975137219,7.959082183,8.345315022,500,14,6,5,25,454,8,7,6,21,525,475,29,27,68,29
7,1000,20,5.13,10.3,18,37,33,967,19,5,9,33,7.640224712,86,58,5.481271902,9.922177808,7.343896843,7.906188815,459,10,2,2,14,508,9,3,7,19,473,527,41,17,60,26
8,1000,20,5.13,10.3,18,37,32,959,23,5,13,41,8.04624154,111,50,5.27070886,9.792213651,7.267942049,8.837094248,490,10,1,3,14,469,13,4,10,27,504,496,36,14,80,31
5,1000,20,5.13,10.3,18,37,33,961,24,5,10,39,7.428367028,125,63,5.375242953,9.777741961,7.190843438,7.652951591,469,12,3,2,17,492,12,2,8,22,486,514,39,24,88,37
4,1000,20,5.13,10.3,18,37,33,959,20,11,10,41,7.773457617,85,51,5.421843286,9.703370962,7.313207824,8.243005386,486,9,7,3,19,473,11,4,7,22,505,495,33,18,66,19
1,1000,20,5.13,10.3,18,37,29,951,29,10,10,49,8.117036703,112,66,5.310799957,9.944086249,7.811375945,8.40259598,463,12,6,2,20,488,17,4,8,29,483,517,41,25,82,30
2,1000,20,5.13,10.3,18,37,31,964,18,10,8,36,7.900031595,102,68,5.305260232,9.885330257,7.333721334,8.455127792,481,9,3,2,14,483,9,7,6,22,495,505,40,28,80,22
3,1000,20,5.13,10.3,18,37,33,953,23,13,11,47,8.126415811,105,56,5.268868508,9.999709202,7.965827416,8.303908248,499,15,6,5,26,454,8,7,6,21,525,475,35,21,77,28
6,1000,20,5.13,10.3,18,37,32,966,21,6,7,34,7.408911889,121,53,5.366723178,9.758588232,7.098947454,7.696181433,469,8,2,2,12,497,13,4,5,22,481,519,37,16,94,27
7,1000,20,5.13,10.3,18,37,34,968,17,7,8,32,7.664211044,96,60,5.504361054,9.926893876,7.407543349,7.894578822,459,8,4,2,14,509,9,3,6,18,473,527,38,22,75,21
8,1000,20,5.13,10.3,18,37,33,958,25,5,12,42,8.044210844,90,73,5.295014019,9.815204863,7.287049554,8.813584414,490,10,1,3,14,468,15,4,9,28,504,496,43,30,66,24
5,1000,20,5.13,10.3,18,37,34,962,23,6,9,38,7.404587705,100,59,5.368628146,9.794235354,7.208071684,7.590398573,470,11,3,2,16,492,12,3,7,22,486,514,42,17,79,21
4,1000,20,5.13,10.3,18,37,34,959,19,11,11,41,7.782074476,90,59,5.416442592,9.732960619,7.331101419,8.2421581,486,9,7,3,19,473,10,4,8,22,505,495,34,25,65,25
2,1000,20,5.13,10.3,18,37,32,965,18,9,8,35,7.906621725,106,60,5.330316922,9.932906341,7.328677425,8.473121582,482,9,2,2,13,483,9,7,6,22,495,505,38,22,73,33
3,1000,20,5.13,10.3,18,37,34,953,24,13,10,47,8.140329296,86,54,5.262257385,10.01404895,8.016337485,8.277372877,499,15,6,5,26,454,9,7,5,21,525,475,38,16,70,16
1,1000,20,5.13,10.3,18,37,30,951,29,10,10,49,8.167466707,111,47,5.32317611,9.938350197,7.854852989,8.459521689,463,12,6,2,20,488,17,4,8,29,483,517,27,20,90,21
6,1000,20,5.13,10.3,18,37,33,967,22,5,6,33,7.400464361,103,59,5.380045282,9.766718209,7.159610341,7.623683596,468,9,2,2,13,499,13,3,4,20,481,519,33,26,71,32
7,1000,20,5.13,10.3,18,37,35,968,17,7,8,32,7.677421778,103,82,5.521575952,9.968074646,7.404638281,7.922254026,459,8,4,2,14,509,9,3,6,18,473,527,50,32,78,25
8,1000,20,5.13,10.3,18,37,34,957,26,5,12,43,8.069704385,111,56,5.323133802,9.882463864,7.331859515,8.819449979,490,10,1,3,14,467,16,4,9,29,504,496,35,21,86,25
5,1000,20,5.13,10.3,18,37,35,964,21,6,9,36,7.436756344,95,66,5.381946528,9.82439434,7.239195878,7.623554762,471,10,3,2,15,493,11,3,7,21,486,514,48,18,69,26
4,1000,20,5.13,10.3,18,37,35,959,19,11,11,41,7.793894174,117,62,5.412595116,9.74151216,7.35411103,8.242561825,486,9,7,3,19,473,10,4,8,22,505,495,46,16,87,30
3,1000,20,5.13,10.3,18,37,35,952,24,14,10,48,8.164320039,104,62,5.272031827,10.04784415,8.032135983,8.310418207,499,15,6,5,26,453,9,8,5,22,525,475,29,33,76,28
2,1000,20,5.13,10.3,18,37,33,965,17,10,8,35,7.923119601,109,75,5.364306709,9.967952824,7.353086877,8.481864549,482,9,2,2,13,483,8,8,6,22,495,505,54,21,79,30
6,1000,20,5.13,10.3,18,37,34,967,22,5,6,33,7.424746913,104,64,5.392490638,9.788858202,7.193130537,7.639404864,468,9,2,2,13,499,13,3,4,20,481,519,40,24,72,32
7,1000,20,5.13,10.3,18,37,36,969,16,7,8,31,7.665048306,101,60,5.527059918,9.996083146,7.444843287,7.862689622,459,8,4,2,14,510,8,3,6,17,473,527,41,19,87,14
1,1000,20,5.13,10.3,18,37,31,951,30,10,9,49,8.178512187,98,54,5.324176407,9.959054899,7.897063857,8.441451343,463,12,6,2,20,488,18,4,7,29,483,517,32,22,72,26
8,1000,20,5.13,10.3,18,37,35,959,24,6,11,41,8.107381531,88,64,5.346995284,9.891359521,7.383210201,8.843233044,490,10,1,3,14,469,14,5,8,27,504,496,39,25,63,25
5,1000,20,5.13,10.3,18,37,36,964,20,6,10,36,7.459726004,114,62,5.399646816,9.869409022,7.307350107,7.603801268,470,11,3,2,16,494,9,3,8,20,486,514,39,23,89,25
4,1000,20,5.13,10.3,18,37,36,960,19,11,10,40,7.796817806,92,69,5.438552353,9.783268185,7.379099922,8.222974435,485,11,7,2,20,475,8,4,8,20,505,495,46,23,71,21
3,1000,20,5.13,10.3,18,37,36,953,23,14,10,47,8.155026599,108,54,5.277735001,10.06626575,8.053506089,8.267233478,499,15,6,5,26,454,8,8,5,21,525,475,27,27,77,31
7,1000,20,5.13,10.3,18,37,37,969,16,6,9,31,7.680719701,122,66,5.52771283,10.03852207,7.467581744,7.872018094,459,8,3,3,14,510,8,3,6,17,473,527,42,24,96,26
6,1000,20,5.13,10.3,18,37,35,967,23,5,5,33,7.437437093,107,53,5.38937108,9.820452109,7.192026724,7.664879072,468,10,2,1,13,499,13,3,4,20,481,519,39,14,79,28
2,1000,20,5.13,10.3,18,37,34,966,16,10,8,34,7.947603725,89,51,5.389931738,10.00981689,7.415767143,8.468908889,482,9,2,2,13,484,7,8,6,21,495,505,34,17,74,15
1,1000,20,5.13,10.3,18,37,32,953,27,11,9,47,8.170313808,102,49,5.335316819,9.974485645,7.900151507,8.42270915,463,11,7,2,20,490,16,4,7,27,483,517,31,18,76,26
8,1000,20,5.13,10.3,18,37,36,959,24,6,11,41,8.090596361,102,68,5.358286017,9.92638739,7.399695411,8.792640875,490,10,1,3,14,469,14,5,8,27,504,496,45,23,86,16
5,1000,20,5.13,10.3,18,37,37,963,21,6,10,37,7.495318858,119,68,5.394029565,9.887524129,7.381943907,7.602517742,470,11,3,2,16,493,10,3,8,21,486,514,46,22,91,28
4,1000,20,5.13,10.3,18,37,37,959,20,11,10,41,7.805976975,98,63,5.449569159,9.807142257,7.394797606,8.225462998,484,12,7,2,21,475,8,4,8,20,505,495,40,23,73,25
3,1000,20,5.13,10.3,18,37,37,952,24,14,10,48,8.175152091,109,64,5.283849464,10.08886227,8.068955376,8.292527408,499,15,6,5,26,453,9,8,5,22,525,475,39,25,90,19
7,1000,20,5.13,10.3,18,37,38,970,16,6,8,30,7.644827553,114,62,5.551668105,10.05852172,7.470564938,7.801234037,459,8,3,3,14,511,8,3,5,16,473,527,38,24,84,30
6,1000,20,5.13,10.3,18,37,36,968,22,5,5,32,7.454397371,109,58,5.401514388,9.85176718,7.185103647,7.703974021,468,10,2,1,13,500,12,3,4,19,481,519,38,20,89,20
2,1000,20,5.13,10.3,18,37,35,966,16,10,8,34,7.9914861,115,66,5.376967778,10.06182876,7.486225344,8.486741692,482,9,2,2,13,484,7,8,6,21,495,505,40,26,85,30
8,1000,20,5.13,10.3,18,37,37,958,25,6,11,42,8.145720185,99,66,5.377362695,9.958414782,7.467563275,8.834815109,489,11,1,3,15,469,14,5,8,27,504,496,48,18,69,30
5,1000,20,5.13,10.3,18,37,38,963,21,6,10,37,7.497994453,103,64,5.412949251,9.92489922,7.395015768,7.595363404,470,11,3,2,16,493,10,3,8,21,486,514,47,17,75,28
1,1000,20,5.13,10.3,18,37,33,952,28,11,9,48,8.184259041,121,57,5.352986952,9.989258503,7.879181962,8.469273025,463,11,7,2,20,489,17,4,7,28,483,517,36,21,88,33
4,1000,20,5.13,10.3,18,37,38,958,21,11,10,42,7.863783081,113,61,5.493489953,9.845256811,7.467134166,8.268445105,484,12,7,2,21,474,9,4,8,21,505,495,37,24,90,23
3,1000,20,5.13,10.3,18,37,38,951,26,13,10,49,8.185114578,108,66,5.292747845,10.13704574,8.111486153,8.266493364,499,15,6,5,26,452,11,7,5,23,525,475,40,26,85,23
7,1000,20,5.13,10.3,18,37,39,970,16,6,8,30,7.685069021,100,62,5.568196987,10.07151939,7.504498997,7.847136614,459,8,3,3,14,511,8,3,5,16,473,527,40,22,76,24
6,1000,20,5.13,10.3,18,37,37,966,24,5,5,34,7.502612159,99,56,5.411494265,9.871282945,7.243163639,7.743064449,467,11,2,1,14,499,13,3,4,20,481,519,37,19,77,22
2,1000,20,5.13,10.3,18,37,36,969,15,8,8,31,7.976973986,108,55,5.406091618,10.09704692,7.479128537,8.464961109,483,9,1,2,12,486,6,7,6,19,495,505,39,16,72,36
5,1000,20,5.13,10.3,18,37,39,963,21,6,10,37,7.513286968,117,55,5.442850087,9.939376205,7.428163928,7.593772955,470,11,3,2,16,493,10,3,8,21,486,514,37,18,93,24
8,1000,20,5.13,10.3,18,37,38,958,23,8,11,42,8.163998567,106,60,5.393518057,9.977793935,7.523467553,8.814860727,489,9,3,3,15,469,14,5,8,27,504,496,36,24,79,27
1,1000,20,5.13,10.3,18,37,34,951,30,11,8,49,8.164203691,107,69,5.388779377,10.0568314,7.896448965,8.414349789,462,12,7,2,21,489,18,4,6,28,483,517,38,31,86,21
4,1000,20,5.13,10.3,18,37,39,959,21,10,10,41,7.87486842,100,62,5.503666921,9.864701735,7.48793341,8.2696203,485,12,6,2,20,474,9,4,8,21,505,495,39,23,81,19
7,1000,20,5.13,10.3,18,37,40,970,16,6,8,30,7.729063486,101,54,5.592437798,10.12885421,7.590065413,7.853818873,459,8,3,3,14,511,8,3,5,16,473,527,29,25,76,25
3,1000,20,5.13,10.3,18,37,39,952,25,12,11,48,8.182847716,100,61,5.292604993,10.14079708,8.132840858,8.238118454,499,14,6,6,26,453,11,6,5,22,525,475,39,22,75,25
6,1000,20,5.13,10.3,18,37,38,965,25,5,5,35,7.550997915,99,65,5.421520445,9.909647133,7.315042774,7.769676957,467,11,2,1,14,498,14,3,4,21,481,519,41,24,74,25
2,1000,20,5.13,10.3,18,37,37,968,16,8,8,32,7.998508734,119,49,5.420163741,10.12814667,7.523443442,8.464166792,483,9,1,2,12,485,7,7,6,20,495,505,35,14,95,24
5,1000,20,5.13,10.3,18,37,40,963,21,6,10,37,7.566377189,94,63,5.453488847,9.95751492,7.453875385,7.672750489,470,11,3,2,16,493,10,3,8,21,486,514,40,23,74,20
8,1000,20,5.13,10.3,18,37,39,958,22,9,11,42,8.181612452,108,55,5.3914827,10.00158264,7.577747599,8.795217061,489,9,3,3,15,469,13,6,8,27,504,496,36,19,81,27
1,1000,20,5.13,10.3,18,37,35,950,31,11,8,50,8.169396355,101,53,5.414699977,10.10748897,7.954689154,8.369983546,462,12,7,2,21,488,19,4,6,29,483,517,37,16,79,22
4,1000,20,5.13,10.3,18,37,40,959,21,10,10,41,7.908236053,106,53,5.547143744,9.8997127,7.552965581,8.270683706,485,12,6,2,20,474,9,4,8,21,505,495,34,19,82,24
7,1000,20,5.13,10.3,18,37,41,970,16,6,8,30,7.74522079,113,61,5.597248474,10.16699346,7.648050587,7.832434274,460,7,3,3,13,510,9,3,5,17,473,527,35,26,95,18
3,1000,20,5.13,10.3,18,37,40,952,26,11,11,48,8.180582191,124,61,5.295642823,10.17363646,8.173308418,8.188621624,497,16,6,6,28,455,10,5,5,20,525,475,47,14,80,44
6,1000,20,5.13,10.3,18,37,39,965,25,5,5,35,7.554983992,94,56,5.446657862,9.939380832,7.352556967,7.74258977,467,11,2,1,14,498,14,3,4,21,481,519,33,23,75,19
2,1000,20,5.13,10.3,18,37,38,969,17,7,7,31,8.02024569,105,62,5.441268793,10.15378444,7.571350585,8.460251782,483,9,1,2,12,486,8,6,5,19,495,505,41,21,80,25
5,1000,20,5.13,10.3,18,37,41,963,21,6,10,37,7.569268793,97,64,5.478469157,9.998146393,7.444383665,7.68735084,470,11,3,2,16,493,10,3,8,21,486,514,41,23,78,19
8,1000,20,5.13,10.3,18,37,40,958,22,9,11,42,8.174484982,123,68,5.397153484,10.05313484,7.590430611,8.767959584,489,9,3,3,15,469,13,6,8,27,504,496,44,24,89,34
4,1000,20,5.13,10.3,18,37,41,960,20,10,10,40,7.927708659,103,73,5.558500982,9.93631851,7.590535706,8.271693187,485,12,6,2,20,475,8,4,8,20,505,495,44,29,76,27
7,1000,20,5.13,10.3,18,37,42,970,15,7,8,30,7.761962831,104,51,5.623176257,10.21588168,7.687347652,7.828932433,460,7,3,3,13,510,8,4,5,17,473,527,36,15,80,24
1,1000,20,5.13,10.3,18,37,36,951,31,10,8,49,8.16615765,93,52,5.42140421,10.14830938,7.966561214,8.352627821,462,12,7,2,21,489,19,3,6,28,483,517,32,20,75,18
3,1000,20,5.13,10.3,18,37,41,952,26,11,11,48,8.168627374,132,60,5.311374668,10.19882303,8.159648486,8.178551407,497,16,6,6,28,455,10,5,5,20,525,475,36,24,89,43
6,1000,20,5.13,10.3,18,37,40,964,26,5,5,36,7.628716901,101,65,5.465351324,9.985245916,7.458776635,7.786214527,467,11,2,1,14,497,15,3,4,22,481,519,47,18,84,17
2,1000,20,5.13,10.3,18,37,39,968,18,7,7,32,8.016201693,112,58,5.453315775,10.20945479,7.62417018,8.400470206,482,10,1,2,13,486,8,6,5,19,495,505,38,20,87,25
5,1000,20,5.13,10.3,18,37,42,965,19,6,10,35,7.552564268,97,51,5.478442753,10.02173051,7.446118968,7.653210991,470,11,3,2,16,495,8,3,8,19,486,514,28,23,72,25
8,1000,20,5.13,10.3,18,37,41,960,20,9,11,40,8.15985342,112,47,5.433569154,10.10816704,7.608448569,8.720151897,489,9,3,3,15,471,11,6,8,25,504,496,33,14,76,36
4,1000,20,5.13,10.3,18,37,42,960,20,10,10,40,7.961764527,101,65,5.578848705,9.974860512,7.653134949,8.276629046,485,12,6,2,20,475,8,4,8,20,505,495,45,20,68,33
7,1000,20,5.13,10.3,18,37,43,970,13,9,8,30,7.792881623,113,70,5.640080528,10.25827686,7.750904203,7.830557753,460,6,4,3,13,510,7,5,5,17,473,527,55,15,81,32
3,1000,20,5.13,10.3,18,37,42,952,27,11,10,48,8.166865575,117,64,5.314306483,10.27893884,8.191720908,8.139393891,496,17,6,6,29,456,10,5,4,19,525,475,42,22,82,35
1,1000,20,5.13,10.3,18,37,37,951,31,10,8,49,8.187297536,120,58,5.425668047,10.15826245,8.016146558,8.347192937,462,12,7,2,21,489,19,3,6,28,483,517,29,29,90,30
6,1000,20,5.13,10.3,18,37,41,964,26,5,5,36,7.645471072,103,47,5.479189843,10.0031075,7.456323326,7.820769851,467,11,2,1,14,497,15,3,4,22,481,519,30,17,75,28
5,1000,20,5.13,10.3,18,37,43,965,19,6,10,35,7.583485441,113,58,5.495539519,10.03482719,7.474631263,7.686409819,470,11,3,2,16,495,8,3,8,19,486,514,41,17,80,33
8,1000,20,5.13,10.3,18,37,42,962,18,9,11,38,8.168047223,114,67,5.462863095,10.14141189,7.59481307,8.750527088,490,8,3,3,14,472,10,6,8,24,504,496,47,20,86,28
2,1000,20,5.13,10.3,18,37,40,968,18,8,6,32,8.027650472,108,58,5.462907071,10.24086105,7.673220587,8.375061943,482,10,1,2,13,486,8,7,4,19,495,505,38,20,87,21
4,1000,20,5.13,10.3,18,37,43,960,20,10,10,40,8.01761888,93,71,5.590449698,9.985799869,7.730677331,8.310357227,484,12,7,2,21,476,8,3,8,19,505,495,45,26,65,28
7,1000,20,5.13,10.3,18,37,44,969,15,8,8,31,7.829649743,109,60,5.659593649,10.29086461,7.824296296,7.834454639,458,8,4,3,15,511,7,4,5,16,473,527,32,28,82,27
3,1000,20,5.13,10.3,18,37,43,952,28,11,9,48,8.163264982,105,68,5.322092255,10.35091399,8.209050455,8.112659987,496,17,6,6,29,456,11,5,3,19,525,475,51,17,80,25
1,1000,20,5.13,10.3,18,37,38,952,30,10,8,48,8.168618096,115,69,5.437656262,10.18385076,8.003173902,8.323182015,463,11,7,2,20,489,19,3,6,28,483,517,47,22,88,27
5,1000,20,5.13,10.3,18,37,44,965,19,6,10,35,7.622560156,105,66,5.50623856,10.05322841,7.516559229,7.722786714,470,11,3,2,16,495,8,3,8,19,486,514,46,20,76,29
8,1000,20,5.13,10.3,18,37,43,963,18,9,10,37,8.202038046,101,53,5.467625048,10.17431191,7.658108209,8.754740946,490,8,3,3,14,473,10,6,7,23,504,496,37,16,81,20
6,1000,20,5.13,10.3,18,37,42,965,25,5,5,35,7.676019476,106,57,5.487094069,10.03182418,7.536824166,7.805023221,468,10,2,1,13,497,15,3,4,22,481,519,43,14,78,28
2,1000,20,5.13,10.3,18,37,41,968,18,8,6,32,8.053349132,105,65,5.481151656,10.26181961,7.706751539,8.393083406,482,10,1,2,13,486,8,7,4,19,495,505,42,23,75,30
4,1000,20,5.13,10.3,18,37,44,960,20,10,10,40,8.021107271,100,62,5.606130283,10.01473663,7.757937511,8.289593591,484,12,7,2,21,476,8,3,8,19,505,495,36,26,78,22
7,1000,20,5.13,10.3,18,37,45,969,15,8,8,31,7.843717937,115,63,5.656738582,10.32502303,7.851677258,7.836574183,458,8,4,3,15,511,7,4,5,16,473,527,42,21,87,28
3,1000,20,5.13,10.3,18,37,44,952,28,11,9,48,8.178559954,118,53,5.328360074,10.37617061,8.264025717,8.084097794,496,17,6,6,29,456,11,5,3,19,525,475,29,24,84,34
5,1000,20,5.13,10.3,18,37,45,965,19,6,10,35,7.630124997,111,58,5.507306574,10.09015186,7.511335796,7.742443191,470,11,3,2,16,495,8,3,8,19,486,514,39,19,85,26
8,1000,20,5.13,10.3,18,37,44,964,18,8,10,36,8.194126336,101,62,5.485133906,10.2142787,7.698533807,8.697712293,490,9,2,3,14,474,9,6,7,22,504,496,48,14,72,29
1,1000,20,5.13,10.3,18,37,39,953,28,11,8,47,8.182460711,112,62,5.4630405,10.22471251,8.021801535,8.332554294,463,10,8,2,20,490,18,3,6,27,483,517,40,22,87,25
6,1000,20,5.13,10.3,18,37,43,966,23,6,5,34,7.671831765,98,54,5.506947153,10.06555447,7.528693821,7.804489474,468,10,2,1,13,498,13,4,4,21,481,519,37,17,77,21
2,1000,20,5.13,10.3,18,37,42,969,17,8,6,31,8.030999424,114,63,5.499514688,10.29527682,7.710588272,8.345065801,482,10,1,2,13,487,7,7,4,18,495,505,52,11,82,32
4,1000,20,5.13,10.3,18,37,45,958,21,10,11,42,8.056732701,113,53,5.627641996,10.04514544,7.846174404,8.271544701,483,12,7,3,22,475,9,3,8,20,505,495,39,14,88,25
7,1000,20,5.13,10.3,18,37,46,969,15,8,8,31,7.85684659,109,52,5.659048043,10.36610449,7.876802308,7.83893567,458,8,4,3,15,511,7,4,5,16,473,527,35,17,80,29
3,1000,20,5.13,10.3,18,37,45,953,27,11,9,47,8.168826824,113,56,5.359226245,10.4428353,8.297927786,8.026136288,496,17,6,6,29,457,10,5,3,18,525,475,29,27,87,26
5,1000,20,5.13,10.3,18,37,46,964,20,6,10,36,7.639610954,112,60,5.516989788,10.1132786,7.559834381,7.715041721,469,12,3,2,17,495,8,3,8,19,486,514,46,14,88,24
8,1000,20,5.13,10.3,18,37,45,964,18,8,10,36,8.194479182,112,61,5.492405353,10.27186867,7.70495028,8.691903712,490,9,2,3,14,474,9,6,7,22,504,496,36,25,92,20
6,1000,20,5.13,10.3,18,37,44,966,22,7,5,34,7.701614706,95,67,5.518251432,10.10182939,7.580663867,7.813709799,467,10,3,1,14,499,12,4,4,20,481,519,41,26,73,22
1,1000,20,5.13,10.3,18,37,40,953,28,11,8,47,8.176134144,95,65,5.474934036,10.25553417,8.023291299,8.318925429,463,10,8,2,20,490,18,3,6,27,483,517,40,25,78,17
2,1000,20,5.13,10.3,18,37,43,970,17,6,7,30,8.061723256,105,77,5.505044779,10.3218866,7.775106579,8.342664355,481,11,1,2,14,489,6,5,5,16,495,505,54,23,82,23
4,1000,20,5.13,10.3,18,37,46,958,20,11,11,42,8.039519417,111,62,5.621783392,10.08837713,7.847655048,8.235259833,483,12,7,3,22,475,8,4,8,20,505,495,34,28,86,25
7,1000,20,5.13,10.3,18,37,47,967,17,8,8,33,7.872775675,116,57,5.694253684,10.40514749,7.899596916,7.84870272,458,8,4,3,15,509,9,4,5,18,473,527,40,17,82,34
3,1000,20,5.13,10.3,18,37,46,952,28,11,9,48,8.186665073,112,61,5.384664288,10.50170791,8.302546206,8.058585926,496,17,6,6,29,456,11,5,3,19,525,475,37,24,89,23
5,1000,20,5.13,10.3,18,37,47,964,20,6,10,36,7.678539431,100,55,5.530801209,10.14441645,7.615500204,7.738144614,469,12,3,2,17,495,8,3,8,19,486,514,36,19,71,29
8,1000,20,5.13,10.3,18,37,46,964,19,7,10,36,8.200475028,112,62,5.513307233,10.28661219,7.750005024,8.658210676,489,10,1,4,15,475,9,6,6,21,504,496,35,27,87,25
6,1000,20,5.13,10.3,18,37,45,964,22,9,5,36,7.722549409,119,50,5.535111975,10.14539417,7.624473253,7.813444652,467,9,4,1,14,497,13,5,4,22,481,519,32,18,96,23
2,1000,20,5.13,10.3,18,37,44,969,17,7,7,31,8.079305028,105,59,5.520347048,10.3429321,7.803341038,8.349804384,482,10,1,2,13,487,7,6,5,18,495,505,35,24,76,29
1,1000,20,5.13,10.3,18,37,41,952,29,11,8,48,8.2137213,115,64,5.467983449,10.2774622,8.036924487,8.378891242,463,10,8,2,20,489,19,3,6,28,483,517,39,25,88,27
7,1000,20,5.13,10.3,18,37,48,966,18,8,8,34,7.926993215,101,63,5.700929939,10.42986689,7.949293001,7.906978416,457,9,4,3,16,509,9,4,5,18,473,527,42,21,80,21
4,1000,20,5.13,10.3,18,37,47,956,22,11,11,44,8.085485281,99,68,5.663074856,10.11275247,7.937793759,8.23616047,481,14,7,3,24,475,8,4,8,20,505,495,48,20,80,19
3,1000,20,5.13,10.3,18,37,47,952,27,12,9,48,8.22255373,116,53,5.4010639,10.5239358,8.359529283,8.071159699,496,17,6,6,29,456,10,6,3,19,525,475,37,16,98,18
5,1000,20,5.13,10.3,18,37,48,965,19,6,10,35,7.657822135,112,57,5.574058438,10.20466478,7.601686769,7.710899544,470,11,3,2,16,495,8,3,8,19,486,514,41,16,92,20
6,1000,20,5.13,10.3,18,37,46,964,22,9,5,36,7.737689012,122,61,5.561030165,10.20588084,7.650640401,7.818364122,467,9,4,1,14,497,13,5,4,22,481,519,46,15,102,20
8,1000,20,5.13,10.3,18,37,47,963,19,8,10,37,8.228306201,111,61,5.521109277,10.31249713,7.779646092,8.684202765,489,10,1,4,15,474,9,7,6,22,504,496,41,20,84,27
7,1000,20,5.13,10.3,18,37,49,966,19,8,7,34,7.930830179,113,61,5.719319907,10.46758549,7.990410214,7.877355119,457,9,4,3,16,509,10,4,4,18,473,527,40,21,92,21
2,1000,20,5.13,10.3,18,37,45,969,17,7,7,31,8.111542083,110,42,5.546812181,10.40690711,7.796326987,8.420515296,482,10,1,2,13,487,7,6,5,18,495,505,27,15,80,30
1,1000,20,5.13,10.3,18,37,42,951,31,11,7,49,8.226781788,110,59,5.478556968,10.33940265,8.080711212,8.363246175,463,10,8,2,20,488,21,3,5,29,483,517,37,22,83,27
4,1000,20,5.13,10.3,18,37,48,955,23,11,11,45,8.137088102,102,64,5.703971608,10.13993778,7.999772661,8.277177592,480,15,7,3,25,475,8,4,8,20,505,495,41,23,82,20
3,1000,20,5.13,10.3,18,37,48,952,27,12,9,48,8.23837219,106,61,5.421632103,10.58664991,8.408380142,8.050468664,496,17,6,6,29,456,10,6,3,19,525,475,46,15,81,25
5,1000,20,5.13,10.3,18,37,49,966,19,6,9,34,7.675346692,109,51,5.572873375,10.21135426,7.652841819,7.696625619,470,11,3,2,16,496,8,3,7,18,486,514,38,13,87,22
6,1000,20,5.13,10.3,18,37,47,965,21,9,5,35,7.747004828,99,64,5.593531508,10.30057656,7.684347117,7.805074884,467,9,4,1,14,498,12,5,4,21,481,519,37,27,71,28
8,1000,20,5.13,10.3,18,37,48,962,20,8,10,38,8.226042001,116,61,5.525357734,10.36661722,7.792677642,8.666396108,489,10,1,4,15,473,10,7,6,23,504,496,47,14,85,31
7,1000,20,5.13,10.3,18,37,50,966,20,8,6,34,7.937622359,108,62,5.748775503,10.51709088,7.99833997,7.883126286,457,9,4,3,16,509,11,4,3,18,473,527,46,16,85,23
2,1000,20,5.13,10.3,18,37,46,969,17,6,8,31,8.099733938,117,48,5.549465457,10.42805157,7.812213965,8.381560446,482,10,1,2,13,487,7,5,6,18,495,505,33,15,91,26
4,1000,20,5.13,10.3,18,37,49,955,24,11,10,45,8.132635504,97,76,5.711807383,10.16112919,8.039986408,8.2271563,480,15,7,3,25,475,9,4,7,20,505,495,50,26,83,14
3,1000,20,5.13,10.3,18,37,49,954,25,12,9,46,8.285621841,125,63,5.440900504,10.62379329,8.48400969,8.066351061,496,17,6,6,29,458,8,6,3,17,525,475,40,23,96,29
1,1000,20,5.13,10.3,18,37,43,951,31,10,8,49,8.279522216,112,73,5.497105736,10.37902714,8.144515512,8.405650335,463,10,7,3,20,488,21,3,5,29,483,517,52,21,87,25
5,1000,20,5.13,10.3,18,37,50,965,20,6,9,35,7.676580813,105,65,5.594022368,10.26412172,7.643161184,7.708179917,469,12,3,2,17,496,8,3,7,18,486,514,49,16,80,25
6,1000,20,5.13,10.3,18,37,48,966,19,10,5,34,7.773076887,106,68,5.616806329,10.34395603,7.738831533,7.804814874,467,9,4,1,14,499,10,6,4,20,481,519,47,21,88,18
8,1000,20,5.13,10.3,18,37,49,963,18,9,10,37,8.248904184,105,47,5.531007565,10.39839203,7.866417465,8.637560045,489,9,2,4,15,474,9,7,6,22,504,496,32,15,79,26
7,1000,20,5.13,10.3,18,37,51,966,20,8,6,34,7.954348646,104,73,5.765280574,10.54518923,8.057765932,7.861528198,457,9,4,3,16,509,11,4,3,18,473,527,54,19,83,21
4,1000,20,5.13,10.3,18,37,50,953,25,12,10,47,8.159742633,111,70,5.736519084,10.17072986,8.077147877,8.244005969,478,16,8,3,27,475,9,4,7,20,505,495,47,23,89,22
2,1000,20,5.13,10.3,18,37,47,969,18,5,8,31,8.113610922,130,51,5.559624324,10.43897222,7.867897149,8.354459075,482,10,1,2,13,487,8,4,6,18,495,505,32,19,102,28
3,1000,20,5.13,10.3,18,37,50,955,24,12,9,45,8.306121366,104,70,5.458698829,10.68707126,8.499716924,8.092147328,497,16,6,6,28,458,8,6,3,17,525,475,50,20,71,33
5,1000,20,5.13,10.3,18,37,51,965,21,6,8,35,7.678352911,105,72,5.613469975,10.29018243,7.639153715,7.715416743,469,12,3,2,17,496,9,3,6,18,486,514,44,28,80,25
1,1000,20,5.13,10.3,18,37,44,951,32,9,8,49,8.294714626,84,58,5.495438641,10.38306507,8.187838501,8.394562147,462,11,7,3,21,489,21,2,5,28,483,517,38,20,64,20
8,1000,20,5.13,10.3,18,37,50,963,18,9,10,37,8.238244394,97,80,5.538168351,10.41522951,7.864521891,8.617994679,490,8,2,4,14,473,10,7,6,23,504,496,49,31,79,18
6,1000,20,5.13,10.3,18,37,49,967,19,9,5,33,7.774909717,101,59,5.625487091,10.3835892,7.769720613,7.779718887,467,9,4,1,14,500,10,5,4,19,481,519,40,19,84,17
7,1000,20,5.13,10.3,18,37,52,967,19,9,5,33,7.95571741,109,63,5.767616982,10.58603948,8.074129625,7.849438515,457,8,5,3,16,510,11,4,2,17,473,527,44,19,93,16
4,1000,20,5.13,10.3,18,37,51,953,26,13,8,47,8.173575124,119,62,5.749850692,10.17585926,8.095306862,8.253424563,478,16,8,3,27,475,10,5,5,20,505,495,35,27,95,24
2,1000,20,5.13,10.3,18,37,48,968,19,5,8,32,8.117039109,105,59,5.556994945,10.45396778,7.918824875,8.31132831,481,11,1,2,14,487,8,4,6,18,495,505,43,16,76,29
3,1000,20,5.13,10.3,18,37,51,954,26,11,9,46,8.314281781,94,73,5.458236404,10.71201654,8.507538853,8.10068186,497,16,6,6,28,457,10,5,3,18,525,475,49,24,68,26
5,1000,20,5.13,10.3,18,37,52,965,21,6,8,35,7.716964622,111,58,5.62153632,10.32006127,7.694310366,7.738384793,469,12,3,2,17,496,9,3,6,18,486,514,45,13,89,22
1,1000,20,5.13,10.3,18,37,45,952,33,8,7,48,8.254936905,122,57,5.518152679,10.46052226,8.187366625,8.318063492,462,12,7,2,21,490,21,1,5,27,483,517,38,19,87,35
8,1000,20,5.13,10.3,18,37,51,963,18,9,10,37,8.24645269,113,72,5.558131033,10.44523567,7.916385957,8.581843081,490,8,2,4,14,473,10,7,6,23,504,496,41,31,85,28
6,1000,20,5.13,10.3,18,37,50,968,18,8,6,32,7.791257512,106,55,5.648683367,10.41422773,7.808079159,7.775667507,467,9,4,1,14,501,9,4,5,18,481,519,38,17,85,21
7,1000,20,5.13,10.3,18,37,53,967,19,9,5,33,7.991267304,119,55,5.795761327,10.64229458,8.096796883,7.896551003,457,8,5,3,16,510,11,4,2,17,473,527,35,20,95,24
4,1000,20,5.13,10.3,18,37,52,953,26,12,9,47,8.177068728,99,68,5.760018228,10.21813249,8.116908086,8.238444736,478,16,7,4,27,475,10,5,5,20,505,495,38,30,80,19
2,1000,20,5.13,10.3,18,37,49,968,19,5,8,32,8.147216901,110,50,5.579485318,10.51130017,7.947378035,8.343098561,481,11,1,2,14,487,8,4,6,18,495,505,35,15,81,29
3,1000,20,5.13,10.3,18,37,52,953,25,13,9,47,8.313883003,121,64,5.479581245,10.77019871,8.538525701,8.065593705,497,15,7,6,28,456,10,6,3,19,525,475,39,25,96,25
5,1000,20,5.13,10.3,18,37,53,965,21,6,8,35,7.733855429,111,62,5.627563594,10.33843479,7.708346734,7.757974545,469,12,3,2,17,496,9,3,6,18,486,514,44,18,86,25
8,1000,20,5.13,10.3,18,37,52,964,17,9,10,36,8.2222461,120,63,5.579918627,10.48982351,7.905826615,8.543769126,491,7,2,4,13,473,10,7,6,23,504,496,45,18,90,30
6,1000,20,5.13,10.3,18,37,51,968,18,9,5,32,7.782205559,116,66,5.676307209,10.46082366,7.836446252,7.731936246,467,8,5,1,14,501,10,4,4,18,481,519,40,26,88,28
1,1000,20,5.13,10.3,18,37,46,953,33,8,6,47,8.287727133,106,62,5.546719024,10.50848703,8.208163733,8.362058124,462,12,7,2,21,491,21,1,4,26,483,517,36,26,85,21
7,1000,20,5.13,10.3,18,37,54,966,20,8,6,34,8.04112794,105,76,5.836803678,10.70015764,8.162679195,7.932031652,457,8,5,3,16,509,12,3,3,18,473,527,47,29,85,20
4,1000,20,5.13,10.3,18,37,53,952,27,12,9,48,8.206373452,99,73,5.749431938,10.23863768,8.143991834,8.270015306,477,17,7,4,28,475,10,5,5,20,505,495,53,20,74,25
3,1000,20,5.13,10.3,18,37,53,952,27,13,8,48,8.287094779,129,56,5.479629779,10.77991658,8.496238385,8.055936056,496,17,7,5,29,456,10,6,3,19,525,475,38,18,102,27
2,1000,20,5.13,10.3,18,37,50,969,19,5,7,31,8.137489614,113,65,5.619300805,10.56681792,7.960560756,8.31091493,481,11,1,2,14,488,8,4,5,17,495,505,43,22,82,31
5,1000,20,5.13,10.3,18,37,54,964,22,6,8,36,7.744201975,107,57,5.657691569,10.36016805,7.714467161,7.772316995,469,12,3,2,17,495,10,3,6,19,486,514,37,20,83,24
8,1000,20,5.13,10.3,18,37,53,963,18,9,10,37,8.23075025,130,59,5.613581829,10.55686993,7.958701387,8.507186999,490,8,2,4,14,473,10,7,6,23,504,496,45,14,98,32
6,1000,20,5.13,10.3,18,37,52,968,18,9,5,32,7.809424353,122,77,5.68698332,10.4762476,7.925228504,7.702099118,466,9,5,1,15,502,9,4,4,17,481,519,52,25,96,26
1,1000,20,5.13,10.3,18,37,47,953,33,8,6,47,8.335249197,104,78,5.556249039,10.5344724,8.234808514,8.429084497,462,12,7,2,21,491,21,1,4,26,483,517,48,30,86,18
7,1000,20,5.13,10.3,18,37,55,965,21,8,6,35,8.080988989,105,68,5.849903533,10.74309493,8.243717017,7.934935181,457,8,5,3,16,508,13,3,3,19,473,527,44,24,81,24
4,1000,20,5.13,10.3,18,37,54,952,26,13,9,48,8.21817594,94,53,5.770949159,10.27097015,8.176407381,8.260788308,477,16,8,4,28,475,10,5,5,20,505,495,35,18,67,27
3,1000,20,5.13,10.3,18,37,54,951,28,13,8,49,8.298950657,126,51,5.486181613,10.80457288,8.540015987,8.032510029,495,18,7,5,30,456,10,6,3,19,525,475,35,16,85,41
2,1000,20,5.13,10.3,18,37,51,967,19,7,7,33,8.165327879,124,57,5.63862896,10.60273207,8.035369109,8.292713207,480,10,3,2,15,487,9,4,5,18,495,505,40,17,96,28
5,1000,20,5.13,10.3,18,37,55,964,22,6,8,36,7.748106407,99,61,5.665539325,10.36038933,7.720510655,7.774198889,469,12,3,2,17,495,10,3,6,19,486,514,45,16,75,24
8,1000,20,5.13,10.3,18,37,54,963,20,8,9,37,8.222877268,116,76,5.643386821,10.61818206,7.986637657,8.462927195,490,8,2,4,14,473,12,6,5,23,504,496,53,23,92,24
7,1000,20,5.13,10.3,18,37,56,965,21,8,6,35,8.101998109,122,51,5.850333448,10.75775347,8.276277845,7.945576258,456,9,5,3,17,509,12,3,3,18,473,527,35,16,105,17
6,1000,20,5.13,10.3,18,37,53,968,18,9,5,32,7.799002479,111,51,5.730309249,10.55645006,7.980244053,7.631031001,466,9,5,1,15,502,9,4,4,17,481,519,35,16,86,25
1,1000,20,5.13,10.3,18,37,48,952,33,9,6,48,8.365486653,111,64,5.574727224,10.60083909,8.275777845,8.449295849,462,12,7,2,21,490,21,2,4,27,483,517,43,21,85,26
4,1000,20,5.13,10.3,18,37,55,953,25,13,9,47,8.215569955,101,55,5.788894009,10.30609925,8.19571412,8.235826919,477,16,8,4,28,476,9,5,5,19,505,495,41,14,86,15
3,1000,20,5.13,10.3,18,37,55,951,27,14,8,49,8.343988156,117,49,5.497428315,10.8222928,8.604072838,8.056526138,495,18,7,5,30,456,9,7,3,19,525,475,36,13,82,35
2,1000,20,5.13,10.3,18,37,52,968,20,6,6,32,8.174983152,109,66,5.657458346,10.66138409,8.068317963,8.27953616,480,10,3,2,15,488,10,3,4,17,495,505,45,21,85,24
5,1000,20,5.13,10.3,18,37,56,962,24,6,8,38,7.769173344,105,56,5.67808112,10.39633601,7.732275898,7.804060812,468,13,3,2,18,494,11,3,6,20,486,514,44,12,82,23
8,1000,20,5.13,10.3,18,37,55,963,22,7,8,37,8.210413586,110,66,5.670350143,10.6608294,8.011834719,8.412195338,490,8,2,4,14,473,14,5,4,23,504,496,46,20,93,17
7,1000,20,5.13,10.3,18,37,57,963,23,8,6,37,8.130137482,107,58,5.884116207,10.82668562,8.313854991,7.965244918,455,10,5,3,18,508,13,3,3,19,473,527,41,17,83,24
6,1000,20,5.13,10.3,18,37,54,971,16,8,5,29,7.809955879,121,64,5.775616396,10.62821385,8.02056348,7.614768487,467,9,4,1,14,504,7,4,4,15,481,519,48,16,93,28
1,1000,20,5.13,10.3,18,37,49,954,31,9,6,46,8.349457367,102,75,5.593182775,10.62409173,8.296468575,8.398961403,462,12,7,2,21,492,19,2,4,25,483,517,44,31,79,23
4,1000,20,5.13,10.3,18,37,56,950,28,13,9,50,8.271783002,102,63,5.813453516,10.35391397,8.261869258,8.281897024,475,18,8,4,30,475,10,5,5,20,505,495,45,18,78,24
3,1000,20,5.13,10.3,18,37,56,952,25,15,8,48,8.35812378,133,46,5.512392098,10.8635346,8.613085929,8.07632351,495,18,7,5,30,457,7,8,3,18,525,475,27,19,100,33
2,1000,20,5.13,10.3,18,37,53,967,21,6,6,33,8.19305484,124,59,5.707109115,10.71956036,8.128306099,8.256521427,480,10,3,2,15,487,11,3,4,18,495,505,41,18,91,33
5,1000,20,5.13,10.3,18,37,57,960,27,6,7,40,7.794860657,108,68,5.686932735,10.44423632,7.834848877,7.757050783,466,15,3,2,20,494,12,3,5,20,486,514,49,19,85,23
8,1000,20,5.13,10.3,18,37,56,964,21,7,8,36,8.199033131,126,59,5.697361519,10.69216309,8.012486365,8.388588715,490,8,2,4,14,474,13,5,4,22,504,496,42,17,89,37
7,1000,20,5.13,10.3,18,37,58,965,21,8,6,35,8.127718342,113,51,5.907092966,10.85104344,8.355442912,7.923327978,455,10,5,3,18,510,11,3,3,17,473,527,30,21,94,19
6,1000,20,5.13,10.3,18,37,55,971,16,8,5,29,7.825772344,115,60,5.793886438,10.65244157,8.026534587,7.639709456,467,9,4,1,14,504,7,4,4,15,481,519,39,21,89,26
4,1000,20,5.13,10.3,18,37,57,950,28,13,9,50,8.298477016,123,65,5.84329892,10.38582576,8.333690109,8.262552548,474,19,8,4,31,476,9,5,5,19,505,495,42,23,87,36
1,1000,20,5.13,10.3,18,37,50,954,30,10,6,46,8.380904313,110,58,5.613391621,10.71529272,8.34306758,8.416252751,462,11,8,2,21,492,19,2,4,25,483,517,39,19,81,29
3,1000,20,5.13,10.3,18,37,57,952,25,16,7,48,8.36286138,116,56,5.494637484,10.88324499,8.605768708,8.09438486,495,18,8,4,30,457,7,8,3,18,525,475,37,19,83,33
5,1000,20,5.13,10.3,18,37,58,959,28,6,7,41,7.805930731,115,73,5.708282232,10.47421892,7.834350112,7.779059487,466,15,3,2,20,493,13,3,5,21,486,514,50,23,88,27
2,1000,20,5.13,10.3,18,37,54,967,21,6,6,33,8.239138682,106,64,5.723494356,10.78032787,8.184947438,8.292256832,480,10,3,2,15,487,11,3,4,18,495,505,44,20,85,21
8,1000,20,5.13,10.3,18,37,57,963,22,7,8,37,8.210157785,119,64,5.727470248,10.72347556,8.027802755,8.395454026,489,9,2,4,15,474,13,5,4,22,504,496,41,23,96,23
7,1000,20,5.13,10.3,18,37,59,963,23,8,6,37,8.147757946,108,69,5.931681014,10.89234667,8.37577694,7.943103328,454,11,5,3,19,509,12,3,3,18,473,527,45,24,88,20
6,1000,20,5.13,10.3,18,37,56,971,16,8,5,29,7.85879061,102,61,5.835691462,10.72696159,8.056115748,7.67591317,467,9,4,1,14,504,7,4,4,15,481,519,45,16,73,29
4,1000,20,5.13,10.3,18,37,58,955,27,11,7,45,8.244722737,131,71,5.857844306,10.43706176,8.327705585,8.160063467,475,19,7,4,30,480,8,4,3,15,505,495,51,20,102,29
3,1000,20,5.13,10.3,18,37,58,953,25,16,6,47,8.373384479,114,61,5.493737791,10.91474305,8.578664215,8.14649635,495,18,8,4,30,458,7,8,2,17,525,475,37,24,85,29
1,1000,20,5.13,10.3,18,37,51,954,30,10,6,46,8.370161625,125,63,5.620761456,10.75613088,8.363197934,8.376667355,462,11,8,2,21,492,19,2,4,25,483,517,39,24,91,34
5,1000,20,5.13,10.3,18,37,59,958,29,6,7,42,7.840238212,111,61,5.720656498,10.49272494,7.905535934,7.778497565,465,16,3,2,21,493,13,3,5,21,486,514,42,19,95,16
2,1000,20,5.13,10.3,18,37,55,966,22,6,6,34,8.25733773,107,76,5.754748672,10.80344738,8.233984816,8.28022821,480,10,3,2,15,486,12,3,4,19,495,505,50,26,94,13
8,1000,20,5.13,10.3,18,37,58,963,22,7,8,37,8.245320665,96,70,5.762896941,10.74412794,8.07637032,8.416996015,489,9,2,4,15,474,13,5,4,22,504,496,44,26,69,27
7,1000,20,5.13,10.3,18,37,60,961,25,8,6,39,8.168857316,129,76,5.954464465,10.94839793,8.39636633,7.964660421,453,12,5,3,20,508,13,3,3,19,473,527,57,19,104,25
6,1000,20,5.13,10.3,18,37,57,971,16,8,5,29,7.912902454,120,72,5.856770511,10.76104364,8.101946627,7.737699665,467,9,4,1,14,504,7,4,4,15,481,519,50,22,93,27
4,1000,20,5.13,10.3,18,37,59,955,27,11,7,45,8.297649307,97,62,5.869942007,10.46996684,8.418302137,8.174559046,475,19,7,4,30,480,8,4,3,15,505,495,45,17,74,23
3,1000,20,5.13,10.3,18,37,59,954,24,16,6,46,8.393939957,101,58,5.503116599,10.95741098,8.642585797,8.119120871,495,18,8,4,30,459,6,8,2,16,525,475,47,11,74,27
5,1000,20,5.13,10.3,18,37,60,958,28,7,7,42,7.833105206,106,62,5.766835519,10.53416957,7.909373807,7.760991314,465,15,4,2,21,493,13,3,5,21,486,514,44,18,83,23
1,1000,20,5.13,10.3,18,37,52,954,29,11,6,46,8.38610739,121,59,5.619371243,10.7969102,8.362471983,8.408188437,462,11,8,2,21,492,18,3,4,25,483,517,39,20,91,30
8,1000,20,5.13,10.3,18,37,59,964,22,6,8,36,8.246257457,127,76,5.772124059,10.79111536,8.102942002,8.391884451,489,9,2,4,15,475,13,4,4,21,504,496,50,26,98,29
2,1000,20,5.13,10.3,18,37,56,966,21,7,6,34,8.264561568,119,68,5.770253648,10.86200716,8.319264444,8.210941917,479,10,3,3,16,487,11,4,3,18,495,505,50,18,91,28
7,1000,20,5.13,10.3,18,37,61,961,25,8,6,39,8.179978412,118,73,5.984319569,10.98928536,8.431749833,7.954005202,452,13,5,3,21,509,12,3,3,18,473,527,47,26,96,22
6,1000,20,5.13,10.3,18,37,58,970,17,8,5,30,7.919806651,101,67,5.890273605,10.79226282,8.126851627,7.727921038,467,9,4,1,14,503,8,4,4,16,481,519,51,16,73,28
4,1000,20,5.13,10.3,18,37,60,955,26,12,7,45,8.311911419,123,57,5.896160456,10.50455734,8.478925666,8.141523146,475,19,7,4,30,480,7,5,3,15,505,495,46,11,90,33
3,1000,20,5.13,10.3,18,37,60,956,23,16,5,44,8.376915914,119,51,5.512785338,10.98851678,8.656311257,8.068110535,496,18,8,3,29,460,5,8,2,15,525,475,32,19,85,34
5,1000,20,5.13,10.3,18,37,61,959,27,7,7,41,7.854746376,118,62,5.779019465,10.57104223,7.964956244,7.750540159,465,15,4,2,21,494,12,3,5,20,486,514,42,20,84,34
8,1000,20,5.13,10.3,18,37,60,964,22,6,8,36,8.25355546,112,83,5.772707822,10.83026326,8.111641068,8.397758795,489,9,2,4,15,475,13,4,4,21,504,496,53,30,82,30
2,1000,20,5.13,10.3,18,37,57,965,22,7,6,35,8.286213736,129,55,5.794143849,10.89783663,8.351353038,8.222364322,479,10,3,3,16,486,12,4,3,19,495,505,38,17,105,24
1,1000,20,5.13,10.3,18,37,53,954,29,11,6,46,8.39597727,111,61,5.647607818,10.85315426,8.413221726,8.379866878,462,11,8,2,21,492,18,3,4,25,483,517,38,23,92,19
7,1000,20,5.13,10.3,18,37,62,960,24,10,6,40,8.204647178,111,55,5.995751339,11.02254709,8.462255355,7.973435284,452,13,5,3,21,508,11,5,3,19,473,527,36,19,90,21
4,1000,20,5.13,10.3,18,37,61,956,26,11,7,44,8.281859392,125,52,5.913273707,10.52559373,8.488215409,8.071334567,475,19,7,4,30,481,7,4,3,14,505,495,37,15,102,23
6,1000,20,5.13,10.3,18,37,59,969,16,10,5,31,7.942073559,119,65,5.904739686,10.79306125,8.192854202,7.709654504,466,8,6,1,15,503,8,4,4,16,481,519,50,15,93,26
3,1000,20,5.13,10.3,18,37,61,956,22,17,5,44,8.39383849,112,50,5.527722664,11.03040674,8.673055338,8.085230394,496,17,9,3,29,460,5,8,2,15,525,475,34,16,89,23
5,1000,20,5.13,10.3,18,37,62,960,27,7,6,40,7.855799231,104,65,5.798404159,10.62150533,8.017715484,7.702703318,465,15,4,2,21,495,12,3,4,19,486,514,51,14,81,23
8,1000,20,5.13,10.3,18,37,61,962,24,6,8,38,8.289092783,102,66,5.794736449,10.86042048,8.197910634,8.381745612,487,11,2,4,17,475,13,4,4,21,504,496,45,21,83,19
7,1000,20,5.13,10.3,18,37,63,958,26,10,6,42,8.254064314,93,61,6.023873144,11.07708093,8.504187299,8.029570629,452,13,5,3,21,506,13,5,3,21,473,527,43,18,79,14
2,1000,20,5.13,10.3,18,37,58,965,22,7,6,35,8.292581544,108,56,5.820970392,10.96561029,8.354664469,8.231727984,479,10,3,3,16,486,12,4,3,19,495,505,43,13,83,25
1,1000,20,5.13,10.3,18,37,54,955,28,10,7,45,8.396118535,111,57,5.673391703,10.88960698,8.476317186,8.321194071,462,11,7,3,21,493,17,3,4,24,483,517,40,17,97,14
4,1000,20,5.13,10.3,18,37,62,955,26,12,7,45,8.303083843,120,80,5.933156536,10.56722397,8.543575928,8.057733332,475,19,7,4,30,480,7,5,3,15,505,495,51,29,92,28
6,1000,20,5.13,10.3,18,37,60,969,16,10,5,31,7.995547938,112,63,5.914774167,10.83405773,8.293967128,7.718978323,466,8,6,1,15,503,8,4,4,16,481,519,49,14,90,22
3,1000,20,5.13,10.3,18,37,62,955,23,17,5,45,8.416391892,116,68,5.561879892,11.06104799,8.687799926,8.116414592,495,18,9,3,30,460,5,8,2,15,525,475,44,24,89,27
5,1000,20,5.13,10.3,18,37,63,959,29,7,5,41,7.875414797,131,61,5.841506372,10.68042591,8.06125132,7.699701663,464,16,4,2,22,495,13,3,3,19,486,514,42,19,98,33
7,1000,20,5.13,10.3,18,37,64,957,27,10,6,43,8.251431398,109,51,6.034570453,11.13559677,8.520964628,8.009516374,452,13,5,3,21,505,14,5,3,22,473,527,35,16,91,18
8,1000,20,5.13,10.3,18,37,62,962,24,7,7,38,8.286089905,123,66,5.813490453,10.91002109,8.222076341,8.351135946,487,11,2,4,17,475,13,5,3,21,504,496,36,30,98,25
2,1000,20,5.13,10.3,18,37,59,966,21,7,6,34,8.314396019,112,64,5.826732275,11.00641193,8.389786998,8.240497932,480,10,2,3,15,486,11,5,3,19,495,505,47,17,88,24
1,1000,20,5.13,10.3,18,37,55,955,27,11,7,45,8.395506536,121,66,5.679992296,10.92722254,8.498362394,8.299414892,462,11,7,3,21,493,16,4,4,24,483,517,48,18,96,25
6,1000,20,5.13,10.3,18,37,61,968,17,10,5,32,8.0185615,110,60,5.919666372,10.84956201,8.305089467,7.75301246,466,8,6,1,15,502,9,4,4,17,481,519,45,15,92,18
4,1000,20,5.13,10.3,18,37,63,953,25,15,7,47,8.339489198,101,78,5.953397937,10.60329763,8.585467467,8.088541672,475,17,9,4,30,478,8,6,3,17,505,495,59,19,76,25
5,1000,20,5.13,10.3,18,37,64,957,30,8,5,43,7.878717385,110,54,5.888338547,10.73937943,8.056668595,7.710460017,464,16,4,2,22,493,14,4,3,21,486,514,36,18,84,26
3,1000,20,5.13,10.3,18,37,63,955,23,18,4,45,8.43629081,115,62,5.576502682,11.09733271,8.66001758,8.189013854,495,18,10,2,30,460,5,8,2,15,525,475,39,23,89,26
7,1000,20,5.13,10.3,18,37,65,957,27,10,6,43,8.280740863,123,57,6.059178808,11.19181639,8.555536479,8.034102672,452,13,5,3,21,505,14,5,3,22,473,527,39,18,98,25
8,1000,20,5.13,10.3,18,37,63,962,23,7,8,38,8.306432582,116,65,5.831286199,10.93445404,8.257382072,8.356274229,487,11,2,4,17,475,12,5,4,21,504,496,48,17,98,18
2,1000,20,5.13,10.3,18,37,60,966,21,7,6,34,8.340287398,98,69,5.848049694,11.02322956,8.406174185,8.275705299,480,10,2,3,15,486,11,5,3,19,495,505,49,20,80,18
1,1000,20,5.13,10.3,18,37,56,956,27,10,7,44,8.407843463,109,58,5.683308115,10.95031464,8.552939265,8.272289744,462,12,6,3,21,494,15,4,4,23,483,517,44,14,88,21
6,1000,20,5.13,10.3,18,37,62,969,16,9,6,31,8.032988579,105,70,5.933865575,10.91605309,8.357051252,7.732653038,466,7,6,2,15,503,9,3,4,16,481,519,48,22,89,16
4,1000,20,5.13,10.3,18,37,64,954,25,13,8,46,8.367944477,111,63,5.992936747,10.68174464,8.646341131,8.083923648,475,17,9,4,30,479,8,4,4,16,505,495,42,21,89,22
5,1000,20,5.13,10.3,18,37,65,958,30,6,6,42,7.890056754,111,54,5.902312877,10.76783298,8.085005895,7.705727411,464,16,3,3,22,494,14,3,3,20,486,514,45,9,86,25
3,1000,20,5.13,10.3,18,37,64,954,24,17,5,46,8.435800644,113,49,5.5847921,11.13076845,8.701827206,8.141771286,493,19,11,2,32,461,5,6,3,14,525,475,33,16,86,27
7,1000,20,5.13,10.3,18,37,66,957,27,10,6,43,8.235685337,130,74,6.074167525,11.23831403,8.563514005,7.941448221,451,14,5,3,22,506,13,5,3,21,473,527,55,19,110,20
8,1000,20,5.13,10.3,18,37,64,963,21,8,8,37,8.343023443,111,69,5.840621775,10.96825982,8.350944375,8.334974755,487,11,2,4,17,476,10,6,4,20,504,496,48,21,88,23
2,1000,20,5.13,10.3,18,37,61,966,21,7,6,34,8.346343563,120,70,5.866093685,11.06727812,8.458963907,8.235953324,480,10,2,3,15,486,11,5,3,19,495,505,44,26,103,17
6,1000,20,5.13,10.3,18,37,63,968,17,9,6,32,8.067422217,106,56,5.946020703,10.98142962,8.351163646,7.804455689,466,7,6,2,15,502,10,3,4,17,481,519,41,15,90,16
4,1000,20,5.13,10.3,18,37,65,954,25,13,8,46,8.388789632,104,66,6.020507346,10.74371791,8.694986714,8.076406751,475,17,9,4,30,479,8,4,4,16,505,495,41,25,76,28
5,1000,20,5.13,10.3,18,37,66,958,30,6,6,42,7.918105101,107,67,5.92183007,10.81625325,8.105411834,7.741001848,464,16,3,3,22,494,14,3,3,20,486,514,49,18,87,20
1,1000,20,5.13,10.3,18,37,57,956,27,10,7,44,8.415622593,100,50,5.710702096,10.99079205,8.595447423,8.247623768,462,12,6,3,21,494,15,4,4,23,483,517,38,12,73,27
3,1000,20,5.13,10.3,18,37,65,954,24,17,5,46,8.460889072,122,60,5.634963754,11.18969158,8.753931596,8.136999966,493,20,10,2,32,461,4,7,3,14,525,475,41,19,99,23
7,1000,20,5.13,10.3,18,37,67,956,28,9,7,44,8.247056386,115,60,6.103922334,11.2791923,8.617368401,7.914689055,451,14,5,3,22,505,14,4,4,22,473,527,47,13,90,25
8,1000,20,5.13,10.3,18,37,65,963,21,8,8,37,8.391739646,112,66,5.862373026,11.04888637,8.448766702,8.333792799,487,11,2,4,17,476,10,6,4,20,504,496,43,23,90,22
2,1000,20,5.13,10.3,18,37,62,965,22,7,6,35,8.351638938,111,66,5.896836981,11.13804976,8.476122841,8.229620062,479,11,2,3,16,486,11,5,3,19,495,505,42,24,84,27
6,1000,20,5.13,10.3,18,37,64,967,18,9,6,33,8.073709975,125,70,5.971680302,11.04407618,8.385935213,7.784345159,466,7,6,2,15,501,11,3,4,18,481,519,47,23,101,24
4,1000,20,5.13,10.3,18,37,66,953,25,14,8,47,8.40429599,114,67,6.054458252,10.7674948,8.715265432,8.087044337,474,18,9,4,31,479,7,5,4,16,505,495,54,13,86,28
5,1000,20,5.13,10.3,18,37,67,956,32,6,6,44,7.962757553,102,54,5.936923182,10.9034022,8.175313514,7.761780515,463,17,3,3,23,493,15,3,3,21,486,514,39,15,85,17
3,1000,20,5.13,10.3,18,37,66,953,25,17,5,47,8.49744868,103,62,5.651591574,11.26299975,8.784894237,8.179745696,493,20,10,2,32,460,5,7,3,15,525,475,45,17,84,19
1,1000,20,5.13,10.3,18,37,58,955,27,10,8,45,8.461710352,108,53,5.728122299,11.036028,8.653139836,8.282870041,461,13,5,4,22,494,14,5,4,23,483,517,43,10,91,17
7,1000,20,5.13,10.3,18,37,68,955,30,8,7,45,8.256667603,123,62,6.144829397,11.31805582,8.694489606,7.863707818,450,15,4,4,23,505,15,4,3,22,473,527,40,22,96,27
8,1000,20,5.13,10.3,18,37,66,963,21,8,8,37,8.401623388,125,54,5.896325571,11.09846235,8.528365409,8.272837141,487,10,3,4,17,476,11,5,4,20,504,496,38,16,106,19
2,1000,20,5.13,10.3,18,37,63,962,25,7,6,38,8.377071545,109,73,5.917141271,11.17384659,8.564910099,8.192952567,476,14,2,3,19,486,11,5,3,19,495,505,54,19,93,16
6,1000,20,5.13,10.3,18,37,65,968,18,9,5,32,8.064810816,120,46,6.011461985,11.08584149,8.408227664,7.746538169,466,7,6,2,15,502,11,3,3,17,481,519,30,16,105,15
4,1000,20,5.13,10.3,18,37,67,950,29,14,7,50,8.438510057,119,74,6.096236689,10.82459529,8.826677917,8.042500423,471,21,9,4,34,479,8,5,3,16,505,495,56,18,93,26
5,1000,20,5.13,10.3,18,37,68,957,30,7,6,43,7.986048881,104,74,5.968059608,10.97508353,8.208263525,7.775939316,463,17,3,3,23,494,13,4,3,20,486,514,54,20,86,18
3,1000,20,5.13,10.3,18,37,67,953,26,16,5,47,8.500166644,107,70,5.682682323,11.3065951,8.760712916,8.212194447,494,20,9,2,31,459,6,7,3,16,525,475,48,22,82,25
7,1000,20,5.13,10.3,18,37,69,955,31,7,7,45,8.248880536,123,73,6.181463524,11.39261967,8.713409738,7.831950152,450,15,4,4,23,505,16,3,3,22,473,527,53,20,98,25
1,1000,20,5.13,10.3,18,37,59,954,28,10,8,46,8.483578309,106,69,5.758820502,11.10416388,8.690933842,8.289859309,460,14,5,4,23,494,14,5,4,23,483,517,54,15,82,24
8,1000,20,5.13,10.3,18,37,67,963,20,9,8,37,8.448436834,122,68,5.919479766,11.1529566,8.576712531,8.318092174,487,10,3,4,17,476,10,6,4,20,504,496,44,24,97,25
2,1000,20,5.13,10.3,18,37,64,962,25,7,6,38,8.420346262,124,64,5.921550578,11.21781104,8.589746362,8.254300619,476,14,2,3,19,486,11,5,3,19,495,505,48,16,95,29
6,1000,20,5.13,10.3,18,37,66,968,19,9,4,32,8.096761849,106,57,6.033793296,11.13127143,8.44252051,7.776318851,466,7,6,2,15,502,12,3,2,17,481,519,41,16,88,18
4,1000,20,5.13,10.3,18,37,68,949,30,14,7,51,8.490374296,103,77,6.118113306,10.85035873,8.899566192,8.072915897,470,22,9,4,35,479,8,5,3,16,505,495,58,19,77,26
5,1000,20,5.13,10.3,18,37,69,956,31,7,6,44,7.980273712,127,79,5.991042851,11.0455589,8.229111666,7.744991134,463,17,3,3,23,493,14,4,3,21,486,514,56,23,109,18
3,1000,20,5.13,10.3,18,37,68,953,26,15,6,47,8.526027885,114,66,5.709827358,11.35784666,8.832303852,8.187512342,494,20,8,3,31,459,6,7,3,16,525,475,45,21,94,20
7,1000,20,5.13,10.3,18,37,70,955,31,7,7,45,8.287315515,106,78,6.218823042,11.43868894,8.743739143,7.877660154,450,15,4,4,23,505,16,3,3,22,473,527,60,18,89,17
1,1000,20,5.13,10.3,18,37,60,955,28,10,7,45,8.479716015,108,77,5.792838226,11.15329668,8.712150735,8.262567138,460,14,5,4,23,495,14,5,3,22,483,517,61,16,86,22
8,1000,20,5.13,10.3,18,37,68,964,21,8,7,36,8.46269041,118,57,5.946163246,11.21251047,8.655005797,8.267273161,487,10,3,4,17,477,11,5,3,19,504,496,42,15,99,19
4,1000,20,5.13,10.3,18,37,69,950,29,14,7,50,8.501996158,123,63,6.145370879,10.89357595,8.901625995,8.094292991,471,21,9,4,34,479,8,5,3,16,505,495,41,22,92,31
6,1000,20,5.13,10.3,18,37,67,966,20,10,4,34,8.119836224,126,59,6.055115057,11.18905189,8.490626501,7.776194368,465,8,6,2,16,501,12,4,2,18,481,519,45,14,98,28
5,1000,20,5.13,10.3,18,37,70,956,31,7,6,44,7.981065293,120,59,6.011399514,11.10923337,8.261386747,7.716014268,463,17,3,3,23,493,14,4,3,21,486,514,37,22,89,31
2,1000,20,5.13,10.3,18,37,65,961,26,7,6,39,8.474992795,118,59,5.92727678,11.27002352,8.625621109,8.327347221,475,15,2,3,20,486,11,5,3,19,495,505,42,17,96,22
3,1000,20,5.13,10.3,18,37,69,951,28,15,6,49,8.56123136,104,48,5.731037695,11.40485623,8.885249031,8.203106565,493,21,8,3,32,458,7,7,3,17,525,475,31,17,86,18
7,1000,20,5.13,10.3,18,37,71,955,31,7,7,45,8.275665026,118,55,6.234147768,11.49765647,8.797633404,7.807181074,450,15,4,4,23,505,16,3,3,22,473,527,40,15,104,14
1,1000,20,5.13,10.3,18,37,61,956,27,10,7,44,8.492717415,114,61,5.828072546,11.20005623,8.788043195,8.216813447,460,14,5,4,23,496,13,5,3,21,483,517,36,25,94,20
8,1000,20,5.13,10.3,18,37,69,965,21,7,7,35,8.462481513,108,76,5.970725453,11.25181372,8.695107294,8.226103704,487,10,3,4,17,478,11,4,3,18,504,496,57,19,84,24
6,1000,20,5.13,10.3,18,37,68,964,22,10,4,36,8.144122069,88,70,6.066510294,11.23459145,8.51795812,7.797657444,464,9,6,2,17,500,13,4,2,19,481,519,50,20,68,20
5,1000,20,5.13,10.3,18,37,71,956,31,7,6,44,7.996593741,120,60,6.022987768,11.13590687,8.334691209,7.676914035,463,17,3,3,23,493,14,4,3,21,486,514,39,21,102,18
2,1000,20,5.13,10.3,18,37,66,961,26,7,6,39,8.50211308,116,78,5.947624645,11.34164621,8.692213491,8.315777033,475,15,2,3,20,486,11,5,3,19,495,505,58,20,92,24
4,1000,20,5.13,10.3,18,37,70,950,29,14,7,50,8.509817652,121,74,6.144846713,10.91766362,8.946385769,8.064429978,471,21,9,4,34,479,8,5,3,16,505,495,50,24,99,22
7,1000,20,5.13,10.3,18,37,72,953,33,7,7,47,8.31748922,131,84,6.250393201,11.53413459,8.854861454,7.835179796,449,16,4,4,24,504,17,3,3,23,473,527,60,24,109,22
3,1000,20,5.13,10.3,18,37,70,951,28,15,6,49,8.57223467,122,63,5.75534292,11.45818186,8.927956935,8.179067957,493,21,8,3,32,458,7,7,3,17,525,475,38,25,98,24
1,1000,20,5.13,10.3,18,37,62,954,29,10,7,46,8.527279847,125,55,5.842897913,11.22474161,8.833796846,8.240920638,460,14,5,4,23,494,15,5,3,23,483,517,32,23,93,32
8,1000,20,5.13,10.3,18,37,70,965,21,7,7,35,8.472167253,109,63,5.995313568,11.28331696,8.714397213,8.226030358,487,10,3,4,17,478,11,4,3,18,504,496,43,20,82,27
5,1000,20,5.13,10.3,18,37,72,956,31,7,6,44,8.016976664,113,58,6.063375153,11.19355397,8.369941456,7.683239525,463,17,3,3,23,493,14,4,3,21,486,514,42,16,94,19
6,1000,20,5.13,10.3,18,37,69,963,23,10,4,37,8.192628905,115,67,6.094005382,11.29828987,8.561297146,7.850953714,464,9,6,2,17,499,14,4,2,20,481,519,47,20,97,18
2,1000,20,5.13,10.3,18,37,67,960,27,7,6,40,8.542304119,106,76,5.977593399,11.41027378,8.718005635,8.37008184,475,15,2,3,20,485,12,5,3,20,495,505,56,20,84,22
7,1000,20,5.13,10.3,18,37,73,950,36,7,7,50,8.349939497,123,71,6.289409613,11.59104124,8.907267564,7.84971905,446,19,4,4,27,504,17,3,3,23,473,527,57,14,104,19
4,1000,20,5.13,10.3,18,37,71,950,30,14,6,50,8.498821104,118,59,6.168725393,10.96940678,8.973477915,8.014575267,471,21,9,4,34,479,9,5,2,16,505,495,40,19,93,25
3,1000,20,5.13,10.3,18,37,71,952,27,14,7,48,8.57057363,117,82,5.76549148,11.51650271,8.955516745,8.145110187,494,20,7,4,31,458,7,7,3,17,525,475,56,26,94,23
8,1000,20,5.13,10.3,18,37,71,964,22,7,7,36,8.477587785,114,73,6.007193202,11.30088349,8.768484374,8.181999316,486,11,3,4,18,478,11,4,3,18,504,496,55,18,97,17
5,1000,20,5.13,10.3,18,37,73,954,33,7,6,46,8.042020144,121,77,6.095466998,11.25257835,8.4518863,7.654481327,461,18,3,4,25,493,15,4,2,21,486,514,49,28,94,27
1,1000,20,5.13,10.3,18,37,63,952,31,11,6,48,8.542866708,110,51,5.855600183,11.25986627,8.846217257,8.259465712,459,15,6,3,24,493,16,5,3,24,483,517,39,12,90,20
6,1000,20,5.13,10.3,18,37,70,963,23,10,4,37,8.225661466,125,74,6.119180048,11.34018461,8.625561589,7.855041121,464,9,6,2,17,499,14,4,2,20,481,519,54,20,102,23
2,1000,20,5.13,10.3,18,37,68,961,27,7,5,39,8.530202948,112,62,6.016217777,11.43655091,8.740986854,8.323592982,476,14,2,3,19,485,13,5,2,20,495,505,43,19,85,27
7,1000,20,5.13,10.3,18,37,74,950,36,7,7,50,8.363474503,132,71,6.326435184,11.64293774,8.93757258,7.848202416,446,19,4,4,27,504,17,3,3,23,473,527,54,17,106,26
4,1000,20,5.13,10.3,18,37,72,947,33,13,7,53,8.552848596,110,83,6.207942125,11.00332003,9.076577424,8.018539387,470,22,8,5,35,477,11,5,2,18,505,495,56,27,90,20
3,1000,20,5.13,10.3,18,37,72,951,28,14,7,49,8.572477556,119,64,5.783242269,11.54784162,9.002812624,8.096844059,494,20,7,4,31,457,8,7,3,18,525,475,45,19,100,19
8,1000,20,5.13,10.3,18,37,72,964,22,7,7,36,8.495325258,104,76,6.060292742,11.42550876,8.807374176,8.178243294,486,11,3,4,18,478,11,4,3,18,504,496,58,18,84,20
5,1000,20,5.13,10.3,18,37,74,954,33,7,6,46,8.046284977,126,69,6.114451824,11.30375698,8.48857012,7.628093189,460,19,3,4,26,494,14,4,2,20,486,514,54,15,101,25
6,1000,20,5.13,10.3,18,37,71,960,25,11,4,40,8.252727187,113,61,6.113546701,11.37579396,8.674183029,7.862129384,463,9,7,2,18,497,16,4,2,22,481,519,48,13,98,15
7,1000,20,5.13,10.3,18,37,75,950,36,7,7,50,8.351390631,127,58,6.347869833,11.73869322,8.936385992,7.826337868,446,19,4,4,27,504,17,3,3,23,473,527,47,11,105,22
4,1000,20,5.13,10.3,18,37,73,947,33,14,6,53,8.556576627,122,66,6.239531138,11.08355441,9.082041129,8.02049668,470,22,9,4,35,477,11,5,2,18,505,495,53,13,93,29
2,1000,20,5.13,10.3,18,37,69,962,26,7,5,38,8.520170676,129,68,6.044595102,11.49724771,8.75243047,8.292510087,476,14,2,3,19,486,12,5,2,19,495,505,50,18,104,25
1,1000,20,5.13,10.3,18,37,64,952,30,12,6,48,8.577987925,95,54,5.862609142,11.29149842,8.902435245,8.274877565,458,15,7,3,25,494,15,5,3,23,483,517,38,16,75,20
3,1000,20,5.13,10.3,18,37,73,952,28,13,7,48,8.566813071,133,68,5.819905964,11.6380631,8.999318609,8.088780633,495,20,6,4,30,457,8,7,3,18,525,475,45,23,100,33
8,1000,20,5.13,10.3,18,37,73,964,22,7,7,36,8.524595082,123,62,6.08967674,11.47999568,8.84440999,8.19962187,486,11,3,4,18,478,11,4,3,18,504,496,40,22,99,24
5,1000,20,5.13,10.3,18,37,75,955,33,7,5,45,8.084608167,117,63,6.148174248,11.38577186,8.532203883,7.661395098,460,19,3,4,26,495,14,4,1,19,486,514,42,21,97,20
6,1000,20,5.13,10.3,18,37,72,956,29,11,4,44,8.313001566,120,73,6.12934812,11.42317144,8.78169448,7.878625282,459,13,7,2,22,497,16,4,2,22,481,519,50,23,101,19
7,1000,20,5.13,10.3,18,37,76,951,36,7,6,49,8.363820646,136,64,6.373902193,11.7934195,8.968720839,7.820902637,446,19,4,4,27,505,17,3,2,22,473,527,55,9,114,22
4,1000,20,5.13,10.3,18,37,74,948,32,14,6,52,8.532569234,100,73,6.264381983,11.12873616,9.072512504,7.981718018,470,22,9,4,35,478,10,5,2,17,505,495,49,24,87,13
2,1000,20,5.13,10.3,18,37,70,963,26,7,4,37,8.518751274,125,63,6.079546925,11.5517448,8.741786361,8.300132725,477,14,2,2,18,486,12,5,2,19,495,505,43,20,103,22
1,1000,20,5.13,10.3,18,37,65,951,31,12,6,49,8.614553146,121,67,5.890216718,11.33975099,8.939795471,8.310700064,457,16,7,3,26,494,15,5,3,23,483,517,46,21,97,24
3,1000,20,5.13,10.3,18,37,74,952,29,12,7,48,8.571808474,120,58,5.832468689,11.65921974,9.007674677,8.090061617,495,20,6,4,30,457,9,6,3,18,525,475,42,16,98,22
8,1000,20,5.13,10.3,18,37,74,964,22,7,7,36,8.533797766,126,55,6.12971696,11.54550753,8.87677265,8.185291028,486,11,3,4,18,478,11,4,3,18,504,496,34,21,103,23
5,1000,20,5.13,10.3,18,37,76,956,32,7,5,44,8.153227228,105,58,6.160095497,11.41290902,8.611173542,7.720227406,460,19,3,4,26,496,13,4,1,18,486,514,44,14,83,22
6,1000,20,5.13,10.3,18,37,73,956,29,11,4,44,8.377123649,116,70,6.152722193,11.48964374,8.866754348,7.923342597,459,13,7,2,22,497,16,4,2,22,481,519,50,20,102,14
7,1000,20,5.13,10.3,18,37,77,950,38,7,5,50,8.33864714,112,85,6.384071957,11.82677786,8.961691313,7.779444304,445,21,4,3,28,505,17,3,2,22,473,527,64,21,87,25
4,1000,20,5.13,10.3,18,37,75,949,31,14,6,51,8.551244,98,50,6.287083973,11.19337801,9.141577959,7.948984102,470,22,9,4,35,479,9,5,2,16,505,495,33,17,80,18
3,1000,20,5.13,10.3,18,37,75,952,29,12,7,48,8.570114293,139,63,5.856920012,11.68991871,9.006312837,8.088000112,495,20,6,4,30,457,9,6,3,18,525,475,49,14,102,37
2,1000,20,5.13,10.3,18,37,71,962,27,7,4,38,8.559816972,120,72,6.089647383,11.58628748,8.805291735,8.319203097,477,14,2,2,18,485,13,5,2,20,495,505,50,22,102,18
1,1000,20,5.13,10.3,18,37,66,951,31,12,6,49,8.602828074,118,54,5.912170974,11.39249169,8.943041476,8.284988473,457,16,7,3,26,494,15,5,3,23,483,517,41,13,95,23
8,1000,20,5.13,10.3,18,37,75,963,22,8,7,37,8.515563161,136,53,6.15823214,11.5832914,8.891477293,8.133585898,485,11,4,4,19,478,11,4,3,18,504,496,35,18,107,29
5,1000,20,5.13,10.3,18,37,77,956,32,7,5,44,8.157499798,123,64,6.188853176,11.46966279,8.650344929,7.691502261,460,19,3,4,26,496,13,4,1,18,486,514,51,13,98,25
7,1000,20,5.13,10.3,18,37,78,951,38,6,5,49,8.34797178,126,59,6.412155841,11.87809916,9.001457496,7.761446649,444,22,4,3,29,507,16,2,2,20,473,527,47,12,106,20
6,1000,20,5.13,10.3,18,37,74,956,29,11,4,44,8.374479097,114,71,6.195248784,11.54810912,8.871321383,7.914014473,459,13,7,2,22,497,16,4,2,22,481,519,50,21,96,18
4,1000,20,5.13,10.3,18,37,76,947,33,14,6,53,8.547276173,123,61,6.306438206,11.24874848,9.170623958,7.911335502,469,23,9,4,36,478,10,5,2,17,505,495,40,21,105,18
3,1000,20,5.13,10.3,18,37,76,949,31,13,7,51,8.570798566,121,53,5.873561159,11.7150991,9.05316232,8.03765968,494,21,6,4,31,455,10,7,3,20,525,475,34,19,96,25
2,1000,20,5.13,10.3,18,37,72,961,28,8,3,39,8.564327057,127,62,6.088255614,11.62964726,8.848806254,8.28548111,476,14,3,2,19,485,14,5,1,20,495,505,48,14,99,28
1,1000,20,5.13,10.3,18,37,67,950,32,13,5,50,8.625475234,142,64,5.935398797,11.4379243,8.953267977,8.31923946,457,17,7,2,26,493,15,6,3,24,483,517,46,18,118,24
8,1000,20,5.13,10.3,18,37,76,961,24,8,7,39,8.52033492,129,70,6.236273642,11.65729417,8.905747308,8.128706202,483,13,4,4,21,478,11,4,3,18,504,496,53,17,109,20
5,1000,20,5.13,10.3,18,37,78,955,33,7,5,45,8.214757181,129,71,6.242297289,11.547822,8.717248868,7.739638582,460,19,3,4,26,495,14,4,1,19,486,514,57,14,105,24
7,1000,20,5.13,10.3,18,37,79,951,38,6,5,49,8.355014695,123,74,6.456940344,11.94947654,9.031395061,7.747940855,444,22,4,3,29,507,16,2,2,20,473,527,57,17,104,19
6,1000,20,5.13,10.3,18,37,75,956,29,11,4,44,8.393870625,125,77,6.223422402,11.59502975,8.915011859,7.910886168,459,13,7,2,22,497,16,4,2,22,481,519,54,23,107,18
4,1000,20,5.13,10.3,18,37,77,949,33,13,5,51,8.568117344,91,76,6.338596689,11.31522129,9.193068014,7.930541409,470,23,8,4,35,479,10,5,1,16,505,495,50,26,71,20
3,1000,20,5.13,10.3,18,37,77,949,32,13,6,51,8.566309262,124,79,5.913720271,11.73309772,9.073858101,8.005334231,493,23,6,3,32,456,9,7,3,19,525,475,61,18,96,28
2,1000,20,5.13,10.3,18,37,73,960,29,8,3,40,8.614030927,112,54,6.13101319,11.69459022,8.915168966,8.318856018,476,14,3,2,19,484,15,5,1,21,495,505,42,12,93,19
5,1000,20,5.13,10.3,18,37,79,954,34,7,5,46,8.245653077,132,70,6.28693349,11.66267193,8.78709784,7.73370336,459,20,3,4,27,495,14,4,1,19,486,514,50,20,107,25
8,1000,20,5.13,10.3,18,37,77,961,24,8,7,39,8.507033082,121,66,6.236677522,11.70330036,8.927604493,8.079678261,483,13,4,4,21,478,11,4,3,18,504,496,48,18,94,27
1,1000,20,5.13,10.3,18,37,68,949,33,12,6,51,8.665104663,119,62,5.947185163,11.45529038,8.97429256,8.376250207,457,17,6,3,26,492,16,6,3,25,483,517,46,16,90,29
7,1000,20,5.13,10.3,18,37,80,950,39,6,5,50,8.353016914,139,75,6.484068963,12.03604665,9.050086028,7.727374237,443,23,4,3,30,507,16,2,2,20,473,527,51,24,107,32
6,1000,20,5.13,10.3,18,37,76,958,27,11,4,42,8.391402372,107,73,6.235438479,11.66050791,8.88858403,7.930623225,460,12,7,2,21,498,15,4,2,21,481,519,46,27,93,14
4,1000,20,5.13,10.3,18,37,78,949,33,13,5,51,8.599878983,117,58,6.334429432,11.33559099,9.248084786,7.938578113,470,23,8,4,35,479,10,5,1,16,505,495,40,18,96,21
3,1000,20,5.13,10.3,18,37,78,946,34,14,6,54,8.615429084,136,66,5.952004511,11.79152276,9.155738704,8.018244767,491,24,7,3,34,455,10,7,3,20,525,475,45,21,108,28
2,1000,20,5.13,10.3,18,37,74,960,29,8,3,40,8.616255218,134,69,6.146373583,11.75509221,8.889682891,8.348241954,476,14,3,2,19,484,15,5,1,21,495,505,54,15,111,23
5,1000,20,5.13,10.3,18,37,80,953,35,7,5,47,8.260190665,131,72,6.318200832,11.72614718,8.816026377,7.734633942,458,21,3,4,28,495,14,4,1,19,486,514,52,20,107,24
8,1000,20,5.13,10.3,18,37,78,961,23,8,8,39,8.521910791,126,64,6.250129927,11.75476544,8.978373665,8.058085613,483,13,4,4,21,478,10,4,4,18,504,496,50,14,103,23
7,1000,20,5.13,10.3,18,37,81,949,39,6,6,51,8.416183672,129,68,6.509920794,12.10817066,9.147686746,7.759635372,443,23,4,3,30,506,16,2,3,21,473,527,46,22,112,17
1,1000,20,5.13,10.3,18,37,69,950,33,11,6,50,8.646427755,121,58,5.99853377,11.5422131,9.027344333,8.290561783,457,17,6,3,26,493,16,5,3,24,483,517,44,14,95,26
6,1000,20,5.13,10.3,18,37,77,957,28,11,4,43,8.395742337,117,80,6.28201613,11.75620348,8.912022546,7.917262992,460,12,7,2,21,497,16,4,2,22,481,519,65,15,99,18
4,1000,20,5.13,10.3,18,37,79,947,34,14,5,53,8.602625909,109,58,6.342955606,11.38169506,9.300162685,7.890997482,468,24,9,4,37,479,10,5,1,16,505,495,41,17,91,18
3,1000,20,5.13,10.3,18,37,79,946,34,14,6,54,8.603042108,123,68,6.010262123,11.86825782,9.17704231,7.968620831,491,24,7,3,34,455,10,7,3,20,525,475,46,22,103,20
2,1000,20,5.13,10.3,18,37,75,959,30,8,3,41,8.632805584,111,62,6.180672706,11.83014592,8.896501518,8.374331351,476,14,3,2,19,483,16,5,1,22,495,505,48,14,87,24
5,1000,20,5.13,10.3,18,37,81,954,34,7,5,46,8.260134908,100,65,6.379908117,11.84634613,8.835472862,7.716138322,458,21,3,4,28,496,13,4,1,18,486,514,49,16,88,12
7,1000,20,5.13,10.3,18,37,82,948,41,6,5,52,8.451174599,118,71,6.527746902,12.1510748,9.214777109,7.765815988,443,23,4,3,30,505,18,2,2,22,473,527,50,21,102,16
8,1000,20,5.13,10.3,18,37,79,962,22,8,8,38,8.470802953,127,65,6.267010256,11.77600966,8.948095442,7.985812198,484,12,4,4,20,478,10,4,4,18,504,496,42,23,100,27
6,1000,20,5.13,10.3,18,37,78,954,31,11,4,46,8.44318896,122,65,6.310111779,11.84813113,9.028814559,7.900441536,457,15,7,2,24,497,16,4,2,22,481,519,46,19,100,22
1,1000,20,5.13,10.3,18,37,70,948,35,10,7,52,8.677894475,106,92,6.031585313,11.58232776,9.074861984,8.307033147,457,17,5,4,26,491,18,5,3,26,483,517,68,24,88,18
4,1000,20,5.13,10.3,18,37,80,948,33,14,5,52,8.611856351,117,67,6.354382223,11.40936435,9.326760743,7.882509446,468,24,9,4,37,480,9,5,1,15,505,495,45,22,93,24
3,1000,20,5.13,10.3,18,37,80,945,35,14,6,55,8.625990275,130,63,6.029646914,11.89714688,9.203856457,7.987296074,491,24,7,3,34,454,11,7,3,21,525,475,47,16,112,18
2,1000,20,5.13,10.3,18,37,76,961,29,7,3,39,8.617050724,123,53,6.194011778,11.87242759,8.891106852,8.348421451,476,14,3,2,19,485,15,4,1,20,495,505,31,22,98,25
5,1000,20,5.13,10.3,18,37,82,955,33,7,5,45,8.244949891,119,69,6.414365797,11.93391195,8.862767196,7.660788003,458,21,3,4,28,497,12,4,1,17,486,514,54,15,98,21
7,1000,20,5.13,10.3,18,37,83,948,41,6,5,52,8.478841721,127,66,6.564823939,12.23635156,9.275494867,7.763819068,442,24,4,3,31,506,17,2,2,21,473,527,50,16,105,22
8,1000,20,5.13,10.3,18,37,80,961,24,8,7,39,8.463810976,125,87,6.34156904,11.84962936,8.949257087,7.97053509,484,12,4,4,20,477,12,4,3,19,504,496,62,25,107,18
6,1000,20,5.13,10.3,18,37,79,954,31,11,4,46,8.442015863,127,69,6.365874407,11.93472096,9.051746871,7.876927972,457,15,7,2,24,497,16,4,2,22,481,519,45,24,107,20
4,1000,20,5.13,10.3,18,37,81,946,35,14,5,54,8.658639315,116,61,6.374374243,11.47491113,9.384868738,7.91773859,467,25,9,4,38,479,10,5,1,16,505,495,45,16,90,26
3,1000,20,5.13,10.3,18,37,81,946,33,15,6,54,8.615615487,120,84,6.051415629,11.92586919,9.232629173,7.933652992,492,22,8,3,33,454,11,7,3,21,525,475,57,27,95,25
1,1000,20,5.13,10.3,18,37,71,949,35,9,7,51,8.712027384,114,57,6.070125869,11.62829294,9.109983281,8.340242668,457,17,5,4,26,492,18,4,3,25,483,517,41,16,94,20
2,1000,20,5.13,10.3,18,37,77,958,32,7,3,42,8.603873573,111,58,6.212798477,11.92258409,8.914895547,8.299010449,474,16,3,2,21,484,16,4,1,21,495,505,43,15,93,18
5,1000,20,5.13,10.3,18,37,83,955,33,7,5,45,8.260811153,121,70,6.471683591,12.04060265,8.901253755,7.655256475,458,21,3,4,28,497,12,4,1,17,486,514,51,19,105,16
7,1000,20,5.13,10.3,18,37,84,947,43,5,5,53,8.500896415,108,87,6.603898619,12.27519418,9.336270044,7.751120843,440,26,3,4,33,507,17,2,1,20,473,527,62,25,86,22
8,1000,20,5.13,10.3,18,37,81,960,25,8,7,40,8.464544619,128,84,6.363409731,11.90491391,8.954578437,7.966607029,484,12,4,4,20,476,13,4,3,20,504,496,63,21,106,22
4,1000,20,5.13,10.3,18,37,82,948,33,14,5,52,8.664142532,123,81,6.398452996,11.49942421,9.392703062,7.920863608,467,25,9,4,38,481,8,5,1,14,505,495,55,26,97,26
6,1000,20,5.13,10.3,18,37,80,954,30,12,4,46,8.476210369,124,66,6.424162952,11.99204205,9.116578669,7.88272838,457,14,8,2,24,497,16,4,2,22,481,519,49,17,105,19
3,1000,20,5.13,10.3,18,37,82,945,34,15,6,55,8.637842662,123,65,6.074086247,11.94848115,9.290574191,7.916402551,492,22,8,3,33,453,12,7,3,22,525,475,50,15,101,22
1,1000,20,5.13,10.3,18,37,72,949,35,10,6,51,8.736150444,117,63,6.09591715,11.70505119,9.166599011,8.334009906,457,16,6,4,26,492,19,4,2,25,483,517,45,18,95,22
2,1000,20,5.13,10.3,18,37,78,960,30,7,3,40,8.580798507,122,66,6.268706599,12.02265958,8.955961462,8.213064522,474,16,3,2,21,486,14,4,1,19,495,505,50,16,105,17
5,1000,20,5.13,10.3,18,37,84,955,33,7,5,45,8.242318785,121,62,6.510599828,12.11995583,8.915724384,7.605596759,458,21,3,4,28,497,12,4,1,17,486,514,47,15,102,19
7,1000,20,5.13,10.3,18,37,85,947,43,5,5,53,8.525153705,132,64,6.59964254,12.30076555,9.355069883,7.780276376,440,26,3,4,33,507,17,2,1,20,473,527,52,12,110,22
8,1000,20,5.13,10.3,18,37,82,960,25,8,7,40,8.482917166,121,69,6.412683716,11.99715876,8.971290909,7.986666426,483,13,4,4,21,477,12,4,3,19,504,496,52,17,103,18
4,1000,20,5.13,10.3,18,37,83,948,33,14,5,52,8.652911534,110,72,6.425322343,11.56979309,9.408860786,7.881690578,467,25,9,4,38,481,8,5,1,14,505,495,48,24,89,21
6,1000,20,5.13,10.3,18,37,81,954,30,12,4,46,8.5054425,116,68,6.441848052,12.03491225,9.1667551,7.892549705,457,14,8,2,24,497,16,4,2,22,481,519,58,10,104,12
3,1000,20,5.13,10.3,18,37,83,945,34,15,6,55,8.637207787,133,53,6.103583917,11.99228343,9.283335354,7.923066792,492,22,8,3,33,453,12,7,3,22,525,475,34,19,112,21
1,1000,20,5.13,10.3,18,37,73,949,34,11,6,51,8.738138108,120,63,6.13142714,11.76249138,9.177537359,8.32763552,457,16,6,4,26,492,18,5,2,25,483,517,43,20,96,24
2,1000,20,5.13,10.3,18,37,79,961,28,8,3,39,8.575957608,136,65,6.273538636,12.09252092,8.944367192,8.214843263,474,16,3,2,21,487,12,5,1,18,495,505,46,19,116,20
5,1000,20,5.13,10.3,18,37,85,955,33,7,5,45,8.260716573,132,69,6.540074997,12.18680601,8.950333792,7.60866605,457,22,3,4,29,498,11,4,1,16,486,514,46,23,120,12
7,1000,20,5.13,10.3,18,37,86,946,44,5,5,54,8.56170457,142,68,6.640759664,12.38055719,9.396598208,7.812359806,440,26,3,4,33,506,18,2,1,21,473,527,52,16,119,23
8,1000,20,5.13,10.3,18,37,83,958,26,9,7,42,8.566258498,124,87,6.478213438,12.12156229,9.049994525,8.074720276,482,13,5,4,22,476,13,4,3,20,504,496,61,26,100,24
4,1000,20,5.13,10.3,18,37,84,948,33,14,5,52,8.670013099,118,64,6.469236861,11.62377986,9.424162922,7.900627927,467,25,9,4,38,481,8,5,1,14,505,495,45,19,91,27
6,1000,20,5.13,10.3,18,37,82,954,30,12,4,46,8.48532117,135,60,6.486357736,12.13207009,9.16411265,7.856229259,457,14,8,2,24,497,16,4,2,22,481,519,49,11,116,19
3,1000,20,5.13,10.3,18,37,84,946,33,15,6,54,8.63709254,118,61,6.137319602,12.03356971,9.319485589,7.882868644,492,22,8,3,33,454,11,7,3,21,525,475,45,16,102,16
5,1000,20,5.13,10.3,18,37,86,954,34,7,5,46,8.283626596,115,76,6.570625478,12.23014343,8.976169428,7.628809832,457,22,3,4,29,497,12,4,1,17,486,514,62,14,99,16
2,1000,20,5.13,10.3,18,37,80,961,28,8,3,39,8.571767668,128,65,6.315077909,12.17596394,8.990720898,8.161110542,474,16,3,2,21,487,12,5,1,18,495,505,45,20,109,19
1,1000,20,5.13,10.3,18,37,74,951,32,11,6,49,8.719966132,125,60,6.152294681,11.79118453,9.183926757,8.286517425,458,15,6,4,25,493,17,5,2,24,483,517,37,23,102,23
7,1000,20,5.13,10.3,18,37,87,946,43,6,5,54,8.61479255,127,72,6.675532248,12.424169,9.47484935,7.842863012,440,25,4,4,33,506,18,2,1,21,473,527,51,21,105,22
8,1000,20,5.13,10.3,18,37,84,960,25,8,7,40,8.613850134,120,64,6.529273938,12.21073941,9.118368897,8.101193973,482,13,5,4,22,478,12,3,3,18,504,496,46,18,96,24
4,1000,20,5.13,10.3,18,37,85,947,34,14,5,53,8.666157979,119,70,6.500042048,11.69904311,9.45502807,7.861351117,467,25,9,4,38,480,9,5,1,15,505,495,53,17,102,17
6,1000,20,5.13,10.3,18,37,83,954,30,12,4,46,8.502955331,135,71,6.510682595,12.23335084,9.207621766,7.849882971,457,14,8,2,24,497,16,4,2,22,481,519,52,19,111,24
3,1000,20,5.13,10.3,18,37,85,947,33,14,6,53,8.627877329,117,72,6.154851488,12.08409182,9.317199263,7.86599519,492,22,8,3,33,455,11,6,3,20,525,475,48,24,98,19
5,1000,20,5.13,10.3,18,37,87,955,33,7,5,45,8.254725629,114,72,6.604377784,12.28849365,9.025828137,7.525628706,457,22,3,4,29,498,11,4,1,16,486,514,59,13,98,16
7,1000,20,5.13,10.3,18,37,88,945,43,7,5,55,8.64980129,131,81,6.689895584,12.4548118,9.533351919,7.85678526,439,26,4,4,34,506,17,3,1,21,473,527,63,18,110,21
2,1000,20,5.13,10.3,18,37,81,959,31,6,4,41,8.603281798,130,60,6.336277631,12.2761177,9.042191216,8.173063654,472,18,3,2,23,487,13,3,2,18,495,505,38,22,98,32
1,1000,20,5.13,10.3,18,37,75,951,31,12,6,49,8.723024751,124,59,6.157646619,11.83794442,9.234661678,8.245035126,457,15,7,4,26,494,16,5,2,23,483,517,42,17,101,23
8,1000,20,5.13,10.3,18,37,85,961,23,9,7,39,8.621582449,105,64,6.635682839,12.32425486,9.152137744,8.082469812,482,12,6,4,22,479,11,3,3,17,504,496,50,14,89,16
4,1000,20,5.13,10.3,18,37,86,948,33,14,5,52,8.662185851,126,72,6.526306209,11.7889984,9.455386462,7.852960985,467,25,9,4,38,481,8,5,1,14,505,495,55,17,106,20
6,1000,20,5.13,10.3,18,37,84,955,29,12,4,45,8.519132565,121,68,6.551508682,12.29053889,9.231657414,7.858777166,457,14,8,2,24,498,15,4,2,21,481,519,50,18,101,20
3,1000,20,5.13,10.3,18,37,86,947,33,14,6,53,8.621919764,117,77,6.168656424,12.14143872,9.363064262,7.802760055,491,23,8,3,34,456,10,6,3,19,525,475,58,19,95,22
5,1000,20,5.13,10.3,18,37,88,955,33,7,5,45,8.294440187,134,80,6.672663633,12.40325205,9.078844736,7.552765847,457,22,3,4,29,498,11,4,1,16,486,514,63,17,111,23
7,1000,20,5.13,10.3,18,37,89,947,42,7,4,53,8.632908332,134,72,6.727722801,12.54540466,9.550234263,7.809577848,439,26,4,4,34,508,16,3,0,19,473,527,59,13,109,25
2,1000,20,5.13,10.3,18,37,82,960,30,6,4,40,8.598249013,124,56,6.380393862,12.34742626,9.107367369,8.099212207,472,18,3,2,23,488,12,3,2,17,495,505,43,13,99,25
8,1000,20,5.13,10.3,18,37,86,960,22,9,9,40,8.656929985,120,68,6.717044107,12.46888211,9.198372101,8.106754932,481,13,6,4,23,479,9,3,5,17,504,496,56,12,104,16
1,1000,20,5.13,10.3,18,37,76,951,31,12,6,49,8.757414749,123,69,6.185386626,11.87511263,9.260084656,8.287802438,457,15,7,4,26,494,16,5,2,23,483,517,50,19,107,16
4,1000,20,5.13,10.3,18,37,87,948,33,14,5,52,8.671702653,116,63,6.539178649,11.85515441,9.466080629,7.861276638,467,25,9,4,38,481,8,5,1,14,505,495,42,21,93,23
6,1000,20,5.13,10.3,18,37,85,953,30,13,4,47,8.535880708,142,72,6.560493229,12.34209534,9.262463201,7.862496933,457,14,8,2,24,496,16,5,2,23,481,519,56,16,113,29
3,1000,20,5.13,10.3,18,37,87,946,34,14,6,54,8.64488761,134,65,6.185140906,12.17663142,9.405467677,7.804246485,490,24,8,3,35,456,10,6,3,19,525,475,48,17,121,13
5,1000,20,5.13,10.3,18,37,89,954,34,7,5,46,8.299504045,137,83,6.719818723,12.51830587,9.126288433,7.517758495,456,23,3,4,30,498,11,4,1,16,486,514,67,16,117,20
7,1000,20,5.13,10.3,18,37,90,947,42,7,4,53,8.663916184,133,57,6.723335737,12.57625138,9.572364851,7.848553338,439,26,4,4,34,508,16,3,0,19,473,527,44,13,110,23
2,1000,20,5.13,10.3,18,37,83,959,31,6,4,41,8.625566625,126,71,6.440572688,12.42045497,9.157498928,8.104167635,472,18,3,2,23,487,13,3,2,18,495,505,44,27,107,19
8,1000,20,5.13,10.3,18,37,87,957,24,9,10,43,8.681557487,117,91,6.782320647,12.57432302,9.25347499,8.100415509,479,14,6,5,25,478,10,3,5,18,504,496,67,24,91,26
4,1000,20,5.13,10.3,18,37,88,949,32,14,5,51,8.716401445,124,75,6.558096471,11.8891124,9.502617876,7.914301853,468,24,9,4,37,481,8,5,1,14,505,495,62,13,94,30
1,1000,20,5.13,10.3,18,37,77,951,30,13,6,49,8.736367277,134,66,6.221764783,11.90773424,9.290306999,8.218856859,456,15,8,4,27,495,15,5,2,22,483,517,48,18,108,26
6,1000,20,5.13,10.3,18,37,86,953,30,13,4,47,8.547198572,125,63,6.579447796,12.42763497,9.307921312,7.84217422,457,14,8,2,24,496,16,5,2,23,481,519,49,14,107,18
3,1000,20,5.13,10.3,18,37,88,945,35,14,6,55,8.687426354,129,78,6.214424187,12.23859093,9.440875731,7.854666517,489,25,8,3,36,456,10,6,3,19,525,475,51,27,100,29
7,1000,20,5.13,10.3,18,37,91,946,43,7,4,54,8.653509129,130,81,6.759293788,12.64714635,9.566223411,7.834317753,439,26,4,4,34,507,17,3,0,20,473,527,61,20,106,24
5,1000,20,5.13,10.3,18,37,90,953,34,7,6,47,8.286905809,124,70,6.783741326,12.60959856,9.134788587,7.485211197,455,23,3,5,31,498,11,4,1,16,486,514,56,14,106,18
8,1000,20,5.13,10.3,18,37,88,955,26,8,11,45,8.692765958,143,57,6.80592303,12.64757068,9.296832398,8.078956511,477,16,5,6,27,478,10,3,5,18,504,496,38,19,117,26
2,1000,20,5.13,10.3,18,37,84,959,31,6,4,41,8.638561682,122,70,6.456775557,12.46809656,9.193760723,8.094356681,472,18,3,2,23,487,13,3,2,18,495,505,52,18,110,12
4,1000,20,5.13,10.3,18,37,89,949,32,13,6,51,8.75755046,144,61,6.5962558,11.94511294,9.569895391,7.928794521,468,24,8,5,37,481,8,5,1,14,505,495,45,16,122,22
1,1000,20,5.13,10.3,18,37,78,951,30,13,6,49,8.797580133,124,66,6.235072602,11.96693736,9.322713648,8.306981511,456,15,8,4,27,495,15,5,2,22,483,517,52,14,102,22
3,1000,20,5.13,10.3,18,37,89,945,35,14,6,55,8.712151776,121,56,6.24508053,12.29350949,9.478120941,7.865554278,489,25,8,3,36,456,10,6,3,19,525,475,41,15,104,17
6,1000,20,5.13,10.3,18,37,87,954,30,12,4,46,8.527603883,146,73,6.59441492,12.44990049,9.310244622,7.802266319,456,15,8,2,25,498,15,4,2,21,481,519,58,15,125,21
7,1000,20,5.13,10.3,18,37,92,945,44,7,4,55,8.639499547,158,76,6.76752323,12.69247795,9.592037554,7.784565054,438,27,4,4,35,507,17,3,0,20,473,527,62,14,129,29
5,1000,20,5.13,10.3,18,37,91,953,33,8,6,47,8.310086185,130,78,6.79881094,12.65596925,9.131382034,7.533530188,455,23,3,5,31,498,10,5,1,16,486,514,60,18,111,19
8,1000,20,5.13,10.3,18,37,89,955,26,8,11,45,8.701897781,128,70,6.853717897,12.76841943,9.339803548,8.053703211,477,16,5,6,27,478,10,3,5,18,504,496,48,22,107,21
2,1000,20,5.13,10.3,18,37,85,959,32,5,4,41,8.659505629,120,65,6.468992292,12.52516091,9.237083602,8.093364844,473,18,2,2,22,486,14,3,2,19,495,505,46,19,101,19
4,1000,20,5.13,10.3,18,37,90,951,30,13,6,49,8.770763415,119,66,6.663385277,12.03478176,9.659015256,7.864567093,468,24,8,5,37,483,6,5,1,12,505,495,46,20,103,16
3,1000,20,5.13,10.3,18,37,90,945,35,14,6,55,8.722238384,125,81,6.273934281,12.33852883,9.510267782,7.851258522,489,25,8,3,36,456,10,6,3,19,525,475,61,20,107,18
1,1000,20,5.13,10.3,18,37,79,951,29,14,6,49,8.791534529,121,71,6.273155262,12.01929253,9.334341877,8.284424376,456,15,8,4,27,495,14,6,2,22,483,517,43,28,101,20
6,1000,20,5.13,10.3,18,37,88,952,31,13,4,48,8.570569034,113,83,6.63666461,12.50855022,9.394591118,7.806879974,454,16,9,2,27,498,15,4,2,21,481,519,59,24,97,16
7,1000,20,5.13,10.3,18,37,93,944,43,9,4,56,8.675602888,142,85,6.812362313,12.7726973,9.64997698,7.801069783,437,26,6,4,36,507,17,3,0,20,473,527,64,21,116,26
5,1000,20,5.13,10.3,18,37,92,952,35,7,6,48,8.367147049,125,72,6.826363427,12.69165756,9.20900602,7.5711481,454,24,3,5,32,498,11,4,1,16,486,514,56,16,109,16
8,1000,20,5.13,10.3,18,37,90,956,25,8,11,44,8.723622889,158,71,6.937333992,12.89160606,9.412436216,8.023699669,478,15,5,6,26,478,10,3,5,18,504,496,51,20,134,24
2,1000,20,5.13,10.3,18,37,86,958,33,5,4,42,8.668556027,124,67,6.528959227,12.63609776,9.272689995,8.076385108,472,19,2,2,23,486,14,3,2,19,495,505,52,15,102,22
4,1000,20,5.13,10.3,18,37,91,950,31,12,7,50,8.782038833,125,80,6.689122732,12.08714394,9.689198891,7.85655231,467,25,7,6,38,483,6,5,1,12,505,495,56,24,111,14
3,1000,20,5.13,10.3,18,37,91,944,36,14,6,56,8.751404921,125,75,6.297720504,12.40518318,9.561605231,7.855920369,488,26,8,3,37,456,10,6,3,19,525,475,54,21,102,23
6,1000,20,5.13,10.3,18,37,89,951,32,13,4,49,8.603615899,117,84,6.640744014,12.56445581,9.410207078,7.856081492,453,17,9,2,28,498,15,4,2,21,481,519,67,17,103,14
1,1000,20,5.13,10.3,18,37,80,949,30,15,6,51,8.814392698,139,68,6.306023871,12.0774843,9.362498179,8.302332838,454,16,9,4,29,495,14,6,2,22,483,517,47,21,121,18
7,1000,20,5.13,10.3,18,37,94,942,43,11,4,58,8.706001643,127,93,6.851903354,12.88910704,9.670370441,7.840448624,436,26,7,4,37,506,17,4,0,21,473,527,70,23,107,20
5,1000,20,5.13,10.3,18,37,93,952,35,7,6,48,8.366223245,124,71,6.885384817,12.80910152,9.24028898,7.539771986,453,25,3,5,33,499,10,4,1,15,486,514,61,10,108,16
8,1000,20,5.13,10.3,18,37,91,955,25,9,11,45,8.752308112,136,61,7.018396519,13.01481308,9.442319903,8.051167098,477,15,6,6,27,478,10,3,5,18,504,496,49,12,109,27
2,1000,20,5.13,10.3,18,37,87,959,31,6,4,41,8.689337708,153,77,6.566578878,12.7386271,9.321668202,8.06952861,472,18,3,2,23,487,13,3,2,18,495,505,56,21,123,30
4,1000,20,5.13,10.3,18,37,92,950,30,13,7,50,8.806613013,129,67,6.722840227,12.15818139,9.727716203,7.866901677,467,24,8,6,38,483,6,5,1,12,505,495,52,15,108,21
3,1000,20,5.13,10.3,18,37,92,945,35,14,6,55,8.787440278,124,80,6.327397612,12.49472339,9.585664578,7.905192368,489,25,8,3,36,456,10,6,3,19,525,475,61,19,104,20
6,1000,20,5.13,10.3,18,37,90,950,33,13,4,50,8.616584887,126,66,6.670565657,12.62824892,9.421513848,7.870590994,452,18,9,2,29,498,15,4,2,21,481,519,48,18,106,20
7,1000,20,5.13,10.3,18,37,95,943,41,12,4,57,8.728446312,140,83,6.880644201,12.95625642,9.715790549,7.842272072,436,25,8,4,37,507,16,4,0,20,473,527,63,20,123,17
1,1000,20,5.13,10.3,18,37,81,949,29,16,6,51,8.856964536,124,72,6.324125806,12.15641673,9.413814192,8.336735553,454,15,10,4,29,495,14,6,2,22,483,517,52,20,99,25
5,1000,20,5.13,10.3,18,37,94,951,36,7,6,49,8.410252572,134,88,6.949672276,12.91918204,9.320617087,7.5494799,453,25,3,5,33,498,11,4,1,16,486,514,68,20,114,20
8,1000,20,5.13,10.3,18,37,92,955,25,9,11,45,8.796632588,138,70,7.090585049,13.12132139,9.509694112,8.072070072,477,15,6,6,27,478,10,3,5,18,504,496,55,15,113,25
4,1000,20,5.13,10.3,18,37,93,950,30,12,8,50,8.830014122,132,72,6.73160268,12.21510781,9.785274081,7.855455981,467,24,8,6,38,483,6,4,2,12,505,495,56,16,107,25
2,1000,20,5.13,10.3,18,37,88,956,34,6,4,44,8.716682104,118,83,6.628191802,12.81173917,9.36604303,8.080179811,472,18,3,2,23,484,16,3,2,21,495,505,61,22,101,17
3,1000,20,5.13,10.3,18,37,93,945,35,14,6,55,8.838517467,121,62,6.354399791,12.54410338,9.673932495,7.915164016,489,25,8,3,36,456,10,6,3,19,525,475,49,13,104,17
6,1000,20,5.13,10.3,18,37,91,949,33,13,5,51,8.645559912,144,81,6.722754092,12.72039724,9.451218346,7.898889958,452,18,9,2,29,497,15,4,3,22,481,519,64,17,121,23
7,1000,20,5.13,10.3,18,37,96,944,40,12,4,56,8.746416751,137,71,6.906072232,13.02216819,9.795433894,7.80488903,436,24,9,4,37,508,16,3,0,19,473,527,56,15,118,19
5,1000,20,5.13,10.3,18,37,95,950,37,7,6,50,8.386832626,144,79,7.015422294,13.01459433,9.309647478,7.514287844,452,26,3,5,34,498,11,4,1,16,486,514,62,17,122,22
1,1000,20,5.13,10.3,18,37,82,948,30,16,6,52,8.889256987,128,71,6.354901682,12.22078562,9.466731417,8.349759599,453,16,10,4,30,495,14,6,2,22,483,517,52,19,114,14
8,1000,20,5.13,10.3,18,37,93,955,24,10,11,45,8.821086436,141,70,7.160956006,13.25634594,9.562374087,8.067842534,477,15,6,6,27,478,9,4,5,18,504,496,60,10,119,22
4,1000,20,5.13,10.3,18,37,94,949,29,14,8,51,8.832851674,136,70,6.772044218,12.31011739,9.833416269,7.812073653,466,23,10,6,39,483,6,4,2,12,505,495,53,17,123,13
2,1000,20,5.13,10.3,18,37,89,957,33,6,4,43,8.702927873,155,81,6.668143215,12.86688766,9.342039441,8.076471981,473,17,3,2,22,484,16,3,2,21,495,505,65,16,116,39
3,1000,20,5.13,10.3,18,37,94,946,35,13,6,54,8.868409489,138,66,6.366756269,12.59611994,9.741905278,7.902966776,489,25,8,3,36,457,10,5,3,18,525,475,42,24,123,15
6,1000,20,5.13,10.3,18,37,92,950,32,13,5,50,8.671761552,136,70,6.777425843,12.79877592,9.480939699,7.92182959,453,17,9,2,28,497,15,4,3,22,481,519,58,12,116,20
7,1000,20,5.13,10.3,18,37,97,944,41,12,3,56,8.756180583,134,65,6.961949701,13.13710117,9.814909041,7.805936634,436,25,9,3,37,508,16,3,0,19,473,527,47,18,114,20
5,1000,20,5.13,10.3,18,37,96,949,38,7,6,51,8.414047376,133,79,7.04590227,13.08642867,9.333501733,7.544680026,452,26,3,5,34,497,12,4,1,17,486,514,57,22,114,19
8,1000,20,5.13,10.3,18,37,94,955,23,11,11,45,8.812121511,124,64,7.229274003,13.37974046,9.553399142,8.058887788,477,15,6,6,27,478,8,5,5,18,504,496,48,16,108,16
1,1000,20,5.13,10.3,18,37,83,948,30,16,6,52,8.908496497,133,68,6.375860574,12.25094458,9.490567898,8.364704454,453,16,10,4,30,495,14,6,2,22,483,517,48,20,110,23
4,1000,20,5.13,10.3,18,37,95,945,31,16,8,55,8.894548136,128,71,6.803234054,12.38324495,9.960169857,7.807398704,463,24,12,6,42,482,7,4,2,13,505,495,55,16,106,22
2,1000,20,5.13,10.3,18,37,90,954,36,6,4,46,8.713717538,133,58,6.728644405,13.01913529,9.432452906,8.009214554,471,19,3,2,24,483,17,3,2,22,495,505,43,15,118,15
3,1000,20,5.13,10.3,18,37,95,946,35,13,6,54,8.835496172,126,80,6.384155699,12.67961151,9.737304307,7.838760864,489,25,8,3,36,457,10,5,3,18,525,475,55,25,97,29
6,1000,20,5.13,10.3,18,37,93,950,30,15,5,50,8.674373529,148,69,6.792349333,12.8270589,9.459492331,7.946739341,453,16,10,2,28,497,14,5,3,22,481,519,48,21,120,28
7,1000,20,5.13,10.3,18,37,98,944,40,12,4,56,8.750205714,131,71,6.994760756,13.19613979,9.802639559,7.80561139,436,25,9,3,37,508,15,3,1,19,473,527,51,20,111,20
5,1000,20,5.13,10.3,18,37,97,949,37,8,6,51,8.416462273,123,67,7.095153989,13.18338685,9.352612656,7.531308409,452,26,3,5,34,497,11,5,1,17,486,514,53,14,108,15
8,1000,20,5.13,10.3,18,37,95,954,24,11,11,46,8.868499752,136,77,7.331319583,13.47737224,9.580060122,8.145462603,477,15,6,6,27,477,9,5,5,19,504,496,59,18,116,20
1,1000,20,5.13,10.3,18,37,84,948,29,17,6,52,8.935639121,139,65,6.388384795,12.30065097,9.539112104,8.371852949,452,17,10,4,31,496,12,7,2,21,483,517,50,15,113,26
4,1000,20,5.13,10.3,18,37,96,946,30,16,8,54,8.916750312,119,60,6.824216565,12.42667674,9.990512158,7.821296308,463,24,12,6,42,483,6,4,2,12,505,495,46,14,101,18
3,1000,20,5.13,10.3,18,37,96,946,35,13,6,54,8.837508176,135,84,6.41603137,12.75537047,9.77374975,7.802714858,489,25,8,3,36,457,10,5,3,18,525,475,66,18,115,20
2,1000,20,5.13,10.3,18,37,91,954,36,6,4,46,8.760847555,117,82,6.763382887,13.09255774,9.506019654,8.030431339,471,19,3,2,24,483,17,3,2,22,495,505,61,21,99,18
7,1000,20,5.13,10.3,18,37,99,944,40,12,4,56,8.75378352,143,64,7.02785669,13.22708519,9.817279043,7.799260974,436,25,9,3,37,508,15,3,1,19,473,527,57,7,127,16
6,1000,20,5.13,10.3,18,37,94,950,29,15,6,50,8.683663462,143,84,6.834556767,12.88652992,9.476315401,7.949047696,453,15,10,3,28,497,14,5,3,22,481,519,68,16,126,17
5,1000,20,5.13,10.3,18,37,98,948,38,8,6,52,8.473520018,141,76,7.121327312,13.29646166,9.410308564,7.587762755,451,27,3,5,35,497,11,5,1,17,486,514,56,20,127,14
8,1000,20,5.13,10.3,18,37,96,953,25,12,10,47,8.872958276,124,79,7.386192169,13.57565689,9.59490841,8.139363785,477,15,7,5,27,476,10,5,5,20,504,496,62,17,111,13
4,1000,20,5.13,10.3,18,37,97,946,29,17,8,54,8.939297828,126,72,6.851808336,12.48844598,10.03535971,7.821093283,464,22,13,6,41,482,7,4,2,13,505,495,54,18,105,21
1,1000,20,5.13,10.3,18,37,85,946,31,17,6,54,8.998936419,133,70,6.393241987,12.35061841,9.633579272,8.406030233,451,18,10,4,32,495,13,7,2,22,483,517,58,12,112,21
3,1000,20,5.13,10.3,18,37,97,945,35,14,6,55,8.836631024,133,72,6.452830601,12.85767226,9.77654202,7.797782029,489,25,8,3,36,456,10,6,3,19,525,475,51,21,104,29
2,1000,20,5.13,10.3,18,37,92,953,36,6,5,47,8.769067198,145,79,6.806245914,13.18716471,9.574452281,7.979630335,469,20,3,3,26,484,16,3,2,21,495,505,65,14,131,14
7,1000,20,5.13,10.3,18,37,100,944,40,12,4,56,8.804672114,142,72,7.054894602,13.30487649,9.868723406,7.849650745,436,25,9,3,37,508,15,3,1,19,473,527,53,19,121,21
6,1000,20,5.13,10.3,18,37,95,950,30,14,6,50,8.647351926,137,87,6.88468039,12.97485871,9.454249325,7.899533719,452,16,10,3,29,498,14,4,3,21,481,519,68,19,121,16
5,1000,20,5.13,10.3,18,37,99,948,38,8,6,52,8.474625398,131,78,7.175271719,13.4228636,9.410724763,7.589519773,451,27,3,5,35,497,11,5,1,17,486,514,62,16,116,15
8,1000,20,5.13,10.3,18,37,97,952,27,12,9,48,8.900712693,122,74,7.537312895,13.75047671,9.636768343,8.152785177,476,16,7,5,28,476,11,5,4,20,504,496,61,13,100,22
4,1000,20,5.13,10.3,18,37,98,944,31,17,8,56,8.956107,127,71,6.875424836,12.55473805,10.10660084,7.782370859,464,22,13,6,41,480,9,4,2,15,505,495,60,11,109,18
3,1000,20,5.13,10.3,18,37,98,947,33,15,5,53,8.83448031,150,67,6.465274568,12.90017465,9.788903796,7.779591195,490,24,8,3,35,457,9,7,2,18,525,475,52,15,128,22
1,1000,20,5.13,10.3,18,37,86,947,31,16,6,53,9.002520674,125,64,6.423114282,12.38799637,9.654110639,8.393781887,451,18,10,4,32,496,13,6,2,21,483,517,42,22,105,20
2,1000,20,5.13,10.3,18,37,93,952,37,6,5,48,8.761901657,126,79,6.872253954,13.30942791,9.583666511,7.956409374,469,20,3,3,26,483,17,3,2,22,495,505,66,13,101,25
7,1000,20,5.13,10.3,18,37,101,943,40,13,4,57,8.831471167,150,79,7.09909047,13.38123419,9.900982252,7.871549453,436,25,9,3,37,507,15,4,1,20,473,527,62,17,132,18
6,1000,20,5.13,10.3,18,37,96,949,31,14,6,51,8.692339918,133,74,6.900766665,13.00386197,9.54762405,7.899677746,451,17,10,3,30,498,14,4,3,21,481,519,56,18,117,16
5,1000,20,5.13,10.3,18,37,100,946,40,8,6,54,8.502386763,123,61,7.206414404,13.51678523,9.477886195,7.580027378,450,28,3,5,36,496,12,5,1,18,486,514,46,15,106,17
8,1000,20,5.13,10.3,18,37,98,952,26,13,9,48,8.913154893,123,80,7.581717693,13.83540454,9.661542927,8.152696084,476,16,7,5,28,476,10,6,4,20,504,496,62,18,103,20
4,1000,20,5.13,10.3,18,37,99,942,33,17,8,58,8.982563721,131,72,6.895527197,12.63387989,10.15533147,7.786103696,463,23,13,6,42,479,10,4,2,16,505,495,62,10,112,19
3,1000,20,5.13,10.3,18,37,99,948,32,15,5,52,8.857132061,132,61,6.49253989,12.94832504,9.871882081,7.735566251,490,24,8,3,35,458,8,7,2,17,525,475,48,13,110,22
1,1000,20,5.13,10.3,18,37,87,947,31,16,6,53,8.992192897,121,80,6.439110957,12.44024971,9.662676091,8.365803375,451,18,10,4,32,496,13,6,2,21,483,517,57,23,102,19
2,1000,20,5.13,10.3,18,37,94,954,36,5,5,46,8.756322134,144,78,6.928019083,13.41715442,9.601217584,7.928157287,470,20,2,3,25,484,16,3,2,21,495,505,60,18,123,21
7,1000,20,5.13,10.3,18,37,102,945,39,12,4,55,8.844008793,151,88,7.118855547,13.44146287,9.909548396,7.887651616,438,24,8,3,35,507,15,4,1,20,473,527,70,18,131,20
6,1000,20,5.13,10.3,18,37,97,949,30,15,6,51,8.728037151,131,71,6.940305804,13.0872317,9.631491327,7.890731836,451,16,11,3,30,498,14,4,3,21,481,519,54,17,114,17
5,1000,20,5.13,10.3,18,37,101,946,40,8,6,54,8.530616663,136,82,7.217185676,13.5766772,9.516000781,7.598911058,450,28,3,5,36,496,12,5,1,18,486,514,64,18,117,19
8,1000,20,5.13,10.3,18,37,99,952,27,13,8,48,8.911189457,123,76,7.613773644,13.8864479,9.693283094,8.116481406,476,16,7,5,28,476,11,6,3,20,504,496,60,16,107,16
4,1000,20,5.13,10.3,18,37,100,943,32,17,8,57,8.954665302,130,88,6.915126846,12.71494541,10.16683455,7.718007782,463,23,13,6,42,480,9,4,2,15,505,495,65,23,113,17
3,1000,20,5.13,10.3,18,37,100,949,31,15,5,51,8.878657744,128,80,6.528588756,13.0371176,9.898406911,7.75156656,491,23,8,3,34,458,8,7,2,17,525,475,62,18,104,24
7,1000,20,5.13,10.3,18,37,103,945,39,12,4,55,8.840419115,122,86,7.183989115,13.56898056,9.93573678,7.857335139,438,24,8,3,35,507,15,4,1,20,473,527,69,17,104,18
1,1000,20,5.13,10.3,18,37,88,947,31,16,6,53,9.025425371,136,46,6.467982968,12.46449202,9.673202278,8.420248879,451,18,10,4,32,496,13,6,2,21,483,517,33,13,119,17
2,1000,20,5.13,10.3,18,37,95,953,37,5,5,47,8.799638755,129,75,6.983215835,13.56708987,9.629967828,7.985751843,468,22,2,3,27,485,15,3,2,20,495,505,54,21,109,20
6,1000,20,5.13,10.3,18,37,98,950,29,14,7,50,8.734207556,134,85,6.968340539,13.17609632,9.710506792,7.82939073,451,16,10,4,30,499,13,4,3,20,481,519,71,14,123,11
5,1000,20,5.13,10.3,18,37,102,946,39,8,7,54,8.522692197,142,74,7.26262355,13.63675288,9.509665359,7.589484109,450,27,3,6,36,496,12,5,1,18,486,514,53,21,120,22
8,1000,20,5.13,10.3,18,37,100,953,27,11,9,47,8.913935391,138,69,7.702963958,14.03171654,9.715515943,8.099426119,477,16,6,5,27,476,11,5,4,20,504,496,53,16,125,13
4,1000,20,5.13,10.3,18,37,101,942,33,17,8,58,8.983890436,115,78,6.937341062,12.7706156,10.21580041,7.727093393,462,24,13,6,43,480,9,4,2,15,505,495,61,17,94,21
3,1000,20,5.13,10.3,18,37,101,950,31,14,5,50,8.925954721,122,75,6.56860481,13.1331657,9.943512364,7.801285747,491,23,8,3,34,459,8,6,2,16,525,475,58,17,105,17
7,1000,20,5.13,10.3,18,37,104,945,39,12,4,55,8.841369404,143,65,7.233939985,13.67866743,9.970161972,7.828240591,438,24,8,3,35,507,15,4,1,20,473,527,54,11,127,16
9,1000,20,5.13,10.3,18,37,0,945,23,21,11,55,7.033,98,66,5.048764451,9.054999322,6.574736842,7.447619048,455,6,9,5,20,490,17,12,6,35,475,525,41,25,64,34
2,1000,20,5.13,10.3,18,37,96,954,35,6,5,46,8.786748438,127,77,7.026215423,13.69070199,9.607993442,7.981765712,469,21,2,3,26,485,14,4,2,20,495,505,54,23,107,20
1,1000,20,5.13,10.3,18,37,89,947,30,17,6,53,9.022907365,129,72,6.487852181,12.50975538,9.698804726,8.391459735,451,17,11,4,32,496,13,6,2,21,483,517,55,17,111,18
5,1000,20,5.13,10.3,18,37,103,946,39,8,7,54,8.509194158,143,74,7.322157165,13.71647038,9.53035419,7.543661521,449,27,4,6,37,497,12,4,1,17,486,514,60,14,112,31
6,1000,20,5.13,10.3,18,37,99,951,28,14,7,49,8.682596728,162,75,7.005631747,13.24136528,9.702475701,7.737390973,451,16,10,4,30,500,12,4,3,19,481,519,58,17,137,25
8,1000,20,5.13,10.3,18,37,101,955,25,11,9,45,8.906444346,149,81,7.914218941,14.32918998,9.728108577,8.071527466,478,15,6,5,26,477,10,5,4,19,504,496,64,17,131,18
4,1000,20,5.13,10.3,18,37,102,941,34,16,9,59,8.997900476,133,86,6.984442552,12.84644318,10.22913,7.741797632,462,24,12,7,43,479,10,4,2,16,505,495,61,25,111,22
3,1000,20,5.13,10.3,18,37,102,950,31,13,6,50,8.923856791,130,69,6.601256177,13.23418477,9.952218836,7.787246109,491,23,8,3,34,459,8,5,3,16,525,475,46,23,101,29
9,1000,20,5.13,10.3,18,37,1,946,22,20,12,54,7.091399061,85,52,5.048924256,9.066764286,6.633804631,7.505413069,456,5,9,5,19,490,17,11,7,35,475,525,34,18,51,34
2,1000,20,5.13,10.3,18,37,97,954,34,7,5,46,8.805290116,134,80,7.079147767,13.757818,9.653531466,7.973845625,469,20,3,3,26,485,14,4,2,20,495,505,67,13,117,17
5,1000,20,5.13,10.3,18,37,104,945,41,8,6,55,8.546556189,137,74,7.344580901,13.79749775,9.611667838,7.539466187,448,28,4,6,38,497,13,4,0,17,486,514,60,14,119,18
1,1000,20,5.13,10.3,18,37,90,948,30,16,6,52,9.033393711,120,61,6.509808963,12.57613163,9.727098683,8.38530957,451,17,11,4,32,497,13,5,2,20,483,517,47,14,101,19
6,1000,20,5.13,10.3,18,37,100,950,26,17,7,50,8.700323374,142,69,7.059804834,13.32467452,9.764028496,7.714500322,451,15,11,4,30,499,11,6,3,20,481,519,52,17,125,17
10,1000,20,5.13,10.3,18,37,0,953,24,11,12,47,7.037,96,51,4.93863264,8.733007505,6.4375,7.665983607,497,9,2,4,15,456,15,9,8,32,512,488,29,22,68,28
8,1000,20,5.13,10.3,18,37,102,956,24,11,9,44,8.901469898,152,71,8.043535126,14.52511848,9.756819348,8.032324489,478,15,6,5,26,478,9,5,4,18,504,496,55,16,126,26
4,1000,20,5.13,10.3,18,37,103,940,34,17,9,60,9.00216613,137,67,7.017010605,12.92387095,10.26954862,7.709179954,461,24,13,7,44,479,10,4,2,16,505,495,51,16,123,14
3,1000,20,5.13,10.3,18,37,103,949,32,13,6,51,8.942992112,135,62,6.626538398,13.28172805,9.985460218,7.790790521,490,24,8,3,35,459,8,5,3,16,525,475,45,17,117,18
2,1000,20,5.13,10.3,18,37,98,955,33,7,5,45,8.791611597,121,78,7.118139312,13.87793486,9.644279526,7.955828181,469,20,3,3,26,486,13,4,2,19,495,505,59,19,106,15
9,1000,20,5.13,10.3,18,37,2,946,21,21,12,54,7.117200565,98,58,5.056862707,9.095711521,6.661409009,7.529583401,456,5,9,5,19,490,16,12,7,35,475,525,31,27,67,31
6,1000,20,5.13,10.3,18,37,101,951,26,16,7,49,8.709542552,133,79,7.141760708,13.47307466,9.792921597,7.705486057,451,15,11,4,30,500,11,5,3,19,481,519,64,15,123,10
10,1000,20,5.13,10.3,18,37,1,953,24,11,12,47,7.05648906,95,48,4.924768149,8.748169295,6.459508136,7.682829702,497,9,2,4,15,456,15,9,8,32,512,488,32,16,62,33
8,1000,20,5.13,10.3,18,37,103,955,25,11,9,45,8.907451102,143,83,8.348591692,14.96914577,9.79638051,8.004184122,477,16,6,5,27,478,9,5,4,18,504,496,65,18,126,17
1,1000,20,5.13,10.3,18,37,91,948,30,16,6,52,9.031261792,127,83,6.528610257,12.61687796,9.760829972,8.349672952,451,17,11,4,32,497,13,5,2,20,483,517,68,15,108,19
4,1000,20,5.13,10.3,18,37,104,941,32,19,8,59,9.011504153,142,73,7.065586663,13.02743771,10.2985225,7.698485432,462,22,15,6,43,479,10,4,2,16,505,495,54,19,123,19
11,1000,20,5.13,10.3,18,37,0,936,34,14,16,64,7.597,84,61,4.988248544,8.884821007,7.030188679,8.236170213,506,16,4,4,24,430,18,10,12,40,530,470,34,27,59,25
3,1000,20,5.13,10.3,18,37,104,949,32,14,5,51,8.953801737,148,67,6.643128071,13.36069939,10.0073725,7.78932879,490,24,8,3,35,459,8,6,2,16,525,475,44,23,118,30
12,1000,20,5.13,10.3,18,37,0,934,33,17,16,66,7.198,117,66,4.986858135,9.316924785,6.074898785,8.294466403,476,7,8,3,18,458,26,9,13,48,494,506,41,25,78,39
2,1000,20,5.13,10.3,18,37,99,956,33,7,4,44,8.777598115,145,69,7.177856188,14.01478619,9.669377283,7.903477941,469,20,3,3,26,487,13,4,1,18,495,505,55,14,119,26
10,1000,20,5.13,10.3,18,37,2,955,23,10,12,45,7.105885426,101,59,4.925594489,8.760586514,6.53836106,7.701320826,497,9,2,4,15,458,14,8,8,30,512,488,29,30,62,39
9,1000,20,5.13,10.3,18,37,3,950,20,18,12,50,7.142755013,96,59,5.087163758,9.106201764,6.691807371,7.55075526,458,5,7,5,17,492,15,11,7,33,475,525,39,20,65,31
6,1000,20,5.13,10.3,18,37,102,948,27,18,7,52,8.77210511,142,69,7.192695731,13.54651854,9.840426295,7.782003973,448,17,12,4,33,500,10,6,3,19,481,519,55,14,121,21
8,1000,20,5.13,10.3,18,37,104,955,25,11,9,45,8.932297853,140,87,8.630208799,15.32340858,9.852512777,7.997240753,477,16,6,5,27,478,9,5,4,18,504,496,71,16,125,15
13,1000,20,5.13,10.3,18,37,0,941,32,11,16,59,7.242,97,50,4.987217037,8.799878869,6.350096712,8.196687371,493,15,6,3,24,448,17,5,13,35,517,483,33,17,62,35
11,1000,20,5.13,10.3,18,37,1,937,33,14,16,63,7.60823923,102,53,4.985506791,8.889882236,7.039824955,8.249217031,506,16,4,4,24,431,17,10,12,39,530,470,28,25,60,42
1,1000,20,5.13,10.3,18,37,92,948,30,16,6,52,9.042962211,117,68,6.545159461,12.67109344,9.781456873,8.35303393,450,18,11,4,33,498,12,5,2,19,483,517,49,19,102,15
12,1000,20,5.13,10.3,18,37,1,933,34,17,16,67,7.255399023,96,52,5.014726037,9.318537993,6.128038337,8.356023882,475,8,8,3,19,458,26,9,13,48,494,506,29,23,61,35
9,1000,20,5.13,10.3,18,37,4,952,19,17,12,48,7.134537897,75,62,5.085255824,9.129241114,6.678466511,7.547173914,459,5,6,5,16,493,14,11,7,32,475,525,38,24,54,21
2,1000,20,5.13,10.3,18,37,100,955,34,7,4,45,8.777391408,145,82,7.237049418,14.16685099,9.680978647,7.891696986,469,20,3,3,26,486,14,4,1,19,495,505,71,11,119,26
10,1000,20,5.13,10.3,18,37,3,955,23,10,12,45,7.16165699,106,34,4.944901742,8.786144332,6.596831316,7.754260975,497,9,2,4,15,458,14,8,8,30,512,488,20,14,71,35
6,1000,20,5.13,10.3,18,37,103,945,30,18,7,55,8.77856107,139,82,7.224175032,13.63355433,9.861106623,7.775277042,445,20,12,4,36,500,10,6,3,19,481,519,64,18,116,23
13,1000,20,5.13,10.3,18,37,1,941,32,11,16,59,7.250705445,88,53,4.965619705,8.83925038,6.365964561,8.197726224,492,16,6,3,25,449,16,5,13,34,517,483,29,24,56,32
11,1000,20,5.13,10.3,18,37,2,938,33,14,15,62,7.604091789,94,50,4.996372159,8.931273173,7.066120189,8.210740614,506,16,4,4,24,432,17,10,11,38,530,470,27,23,72,22
1,1000,20,5.13,10.3,18,37,93,947,31,17,5,53,9.083754641,137,61,6.584234,12.75492273,9.868085838,8.35100422,449,19,11,4,34,498,12,6,1,19,483,517,43,18,116,21
12,1000,20,5.13,10.3,18,37,2,933,35,15,17,67,7.270212449,81,55,5.025997744,9.350098697,6.138648056,8.374941323,475,8,8,3,19,458,27,7,14,48,494,506,31,24,51,30
9,1000,20,5.13,10.3,18,37,5,954,19,16,11,46,7.141388288,92,62,5.099003647,9.142044562,6.731288323,7.512431114,459,5,6,5,16,495,14,10,6,30,475,525,37,25,70,22
10,1000,20,5.13,10.3,18,37,4,957,22,9,12,43,7.169307071,93,47,4.96852892,8.800290603,6.618256903,7.747458066,497,9,2,4,15,460,13,7,8,28,512,488,24,23,68,25
2,1000,20,5.13,10.3,18,37,101,955,34,7,4,45,8.806006513,154,90,7.267795552,14.29606441,9.717263287,7.912794427,469,20,3,3,26,486,14,4,1,19,495,505,68,22,135,19
6,1000,20,5.13,10.3,18,37,104,945,30,18,7,55,8.791731251,145,70,7.292276226,13.72071954,9.85716425,7.804306833,445,20,12,4,36,500,10,6,3,19,481,519,60,10,119,26
14,1000,20,5.13,10.3,18,37,0,957,16,15,12,43,7.067,85,51,4.886739359,8.58401946,5.865275142,8.405919662,516,4,4,3,11,441,12,11,9,32,527,473,28,23,61,24
13,1000,20,5.13,10.3,18,37,2,940,33,11,16,60,7.288312325,86,68,4.962111779,8.821024603,6.4005366,8.238581578,492,16,6,3,25,448,17,5,13,35,517,483,36,32,57,29
11,1000,20,5.13,10.3,18,37,3,940,31,14,15,60,7.613643402,84,52,5.0147065,8.941680585,7.073874046,8.222319485,507,15,4,4,23,433,16,10,11,37,530,470,28,24,56,28
1,1000,20,5.13,10.3,18,37,94,946,32,17,5,54,9.130614333,121,85,6.598763681,12.80587015,9.881253583,8.42934014,449,19,11,4,34,497,13,6,1,20,483,517,65,20,99,22
12,1000,20,5.13,10.3,18,37,3,934,35,14,17,66,7.31910498,94,66,5.033488548,9.376148075,6.204753581,8.407029072,475,8,8,3,19,459,27,6,14,47,494,506,48,18,71,23
9,1000,20,5.13,10.3,18,37,6,955,19,16,10,45,7.165678385,82,56,5.126208749,9.179283185,6.753624108,7.538489396,459,5,6,5,16,496,14,10,5,29,475,525,32,24,61,21
10,1000,20,5.13,10.3,18,37,5,959,20,9,12,41,7.178779648,88,49,4.966510159,8.822992309,6.634792502,7.749520261,498,8,2,4,14,461,12,7,8,27,512,488,27,22,57,31
2,1000,20,5.13,10.3,18,37,102,955,34,7,4,45,8.83644781,150,92,7.298996363,14.38642647,9.780241386,7.911343215,469,20,3,3,26,486,14,4,1,19,495,505,71,21,132,18
13,1000,20,5.13,10.3,18,37,3,942,32,10,16,58,7.325844459,92,59,4.976783367,8.83168715,6.467961408,8.244116792,492,16,6,3,25,450,16,4,13,33,517,483,35,24,62,30
14,1000,20,5.13,10.3,18,37,1,959,14,15,12,41,7.050714236,94,56,4.891206008,8.593501305,5.921517066,8.308826094,516,4,3,4,11,443,10,12,8,30,527,473,34,22,65,29
11,1000,20,5.13,10.3,18,37,4,941,31,12,16,59,7.645007374,80,67,5.040347781,8.975799312,7.117019907,8.240397496,507,15,3,5,23,434,16,9,11,36,530,470,33,34,50,30
1,1000,20,5.13,10.3,18,37,95,945,33,16,6,55,9.141544151,141,83,6.633017021,12.84972228,9.898119452,8.434724285,449,19,11,4,34,496,14,5,2,21,483,517,65,18,117,24
12,1000,20,5.13,10.3,18,37,4,934,36,14,16,66,7.296987835,92,52,5.072825044,9.401183297,6.221982985,8.346498499,475,8,8,3,19,459,28,6,13,47,494,506,31,21,58,34
10,1000,20,5.13,10.3,18,37,6,961,19,10,10,39,7.195554676,102,65,4.980665818,8.820988356,6.662355451,7.754976814,499,7,2,4,13,462,12,8,6,26,512,488,39,26,68,34
9,1000,20,5.13,10.3,18,37,7,955,19,16,10,45,7.186019509,96,48,5.136813225,9.182585574,6.78556612,7.54833448,459,5,6,5,16,496,14,10,5,29,475,525,34,14,64,32
2,1000,20,5.13,10.3,18,37,103,955,34,7,4,45,8.86467259,140,79,7.37086635,14.52315209,9.821816152,7.926482365,469,20,3,3,26,486,14,4,1,19,495,505,65,14,120,20
13,1000,20,5.13,10.3,18,37,4,943,31,10,16,57,7.340729761,94,50,4.983481202,8.840240515,6.501967517,8.23853531,492,16,6,3,25,451,15,4,13,32,517,483,25,25,57,37
14,1000,20,5.13,10.3,18,37,2,961,13,14,12,39,7.047530441,93,52,4.89514463,8.59309513,5.950117486,8.270229443,516,4,3,4,11,445,9,11,8,28,527,473,28,24,57,36
11,1000,20,5.13,10.3,18,37,5,941,31,12,16,59,7.67763281,107,44,5.062142092,9.014756722,7.163057931,8.2578981,507,15,3,5,23,434,16,9,11,36,530,470,29,15,72,35
1,1000,20,5.13,10.3,18,37,96,947,33,15,5,53,9.14119391,127,63,6.674193197,12.91532287,9.894970317,8.436988872,451,19,10,3,32,496,14,5,2,21,483,517,49,14,103,24
10,1000,20,5.13,10.3,18,37,7,962,18,9,11,38,7.221962044,103,61,4.977561247,8.840989204,6.699390778,7.770233536,499,7,2,4,13,463,11,7,7,25,512,488,40,21,72,31
12,1000,20,5.13,10.3,18,37,5,932,38,13,17,68,7.371286597,102,46,5.087689315,9.40578545,6.282545261,8.43420798,473,10,7,4,21,459,28,6,13,47,494,506,28,18,73,29
9,1000,20,5.13,10.3,18,37,8,956,19,15,10,44,7.185075761,108,46,5.167316886,9.240572287,6.797476327,7.535760962,460,5,5,5,15,496,14,10,5,29,475,525,31,15,77,31
2,1000,20,5.13,10.3,18,37,104,955,33,8,4,45,8.884341397,144,79,7.442269815,14.66442046,9.840916796,7.946708086,469,19,4,3,26,486,14,4,1,19,495,505,61,18,119,25
15,1000,20,5.13,10.3,18,37,0,947,25,16,12,53,6.819,86,61,4.988440949,9.073748121,5.876033058,7.703488372,470,8,4,2,14,477,17,12,10,39,484,516,31,30,63,23
13,1000,20,5.13,10.3,18,37,5,943,31,10,16,57,7.350796397,94,42,4.993359109,8.847704845,6.513724817,8.24679227,493,15,6,3,24,450,16,4,13,33,517,483,26,16,62,32
14,1000,20,5.13,10.3,18,37,3,961,14,12,13,39,7.081950138,95,50,4.891740407,8.608091113,6.006475898,8.280205793,516,5,1,5,11,445,9,11,8,28,527,473,33,17,60,35
11,1000,20,5.13,10.3,18,37,6,941,31,13,15,59,7.671827785,97,60,5.087411804,9.0225466,7.197299182,8.206934508,506,16,3,5,24,435,15,10,10,35,530,470,35,25,66,31
10,1000,20,5.13,10.3,18,37,8,963,18,8,11,37,7.242605823,78,48,4.974597644,8.849746158,6.745123768,7.764554208,499,7,2,4,13,464,11,6,7,24,512,488,24,24,60,18
9,1000,20,5.13,10.3,18,37,9,955,20,15,10,45,7.195441632,91,67,5.182150354,9.263710797,6.816841752,7.53798438,460,5,5,5,15,495,15,10,5,30,475,525,45,22,65,26
1,1000,20,5.13,10.3,18,37,97,947,33,15,5,53,9.154820975,116,72,6.703946589,12.95190302,9.93085407,8.42982294,451,19,10,3,32,496,14,5,2,21,483,517,51,21,103,13
12,1000,20,5.13,10.3,18,37,6,933,37,13,17,67,7.388631571,94,43,5.077507711,9.43831343,6.335469676,8.416817295,473,10,7,4,21,460,27,6,13,46,494,506,23,20,67,27
15,1000,20,5.13,10.3,18,37,1,949,24,14,13,51,6.864680556,100,56,4.995938177,9.097613274,5.933004306,7.738578433,470,8,3,3,14,479,16,11,10,37,484,516,34,22,67,33
13,1000,20,5.13,10.3,18,37,6,944,31,9,16,56,7.374910989,78,57,5.018649879,8.874242924,6.544255226,8.264039415,494,15,5,3,23,450,16,4,13,33,517,483,31,26,57,21
14,1000,20,5.13,10.3,18,37,4,962,14,11,13,38,7.141039696,97,63,4.917896333,8.648456092,6.088952376,8.313238464,516,5,1,5,11,446,9,10,8,27,527,473,32,31,61,36
11,1000,20,5.13,10.3,18,37,7,943,29,13,15,57,7.692998886,100,54,5.100592445,9.028605924,7.224538901,8.221262273,506,16,3,5,24,437,13,10,10,33,530,470,25,29,67,33
10,1000,20,5.13,10.3,18,37,9,963,18,8,11,37,7.278182896,87,54,4.976702168,8.858953435,6.811209692,7.768121995,499,7,2,4,13,464,11,6,7,24,512,488,28,26,61,26
9,1000,20,5.13,10.3,18,37,10,956,18,16,10,44,7.197619972,81,47,5.19463223,9.28495313,6.864755361,7.498783192,459,5,6,5,16,497,13,10,5,28,475,525,29,18,60,21
1,1000,20,5.13,10.3,18,37,98,947,33,15,5,53,9.194008214,119,81,6.743063937,13.02752233,10.00186597,8.439278432,450,20,10,3,33,497,13,5,2,20,483,517,62,19,100,19
12,1000,20,5.13,10.3,18,37,7,934,36,13,17,66,7.388225857,107,57,5.089554772,9.469496874,6.382850318,8.369758499,473,10,7,4,21,461,26,6,13,45,494,506,32,25,76,31
15,1000,20,5.13,10.3,18,37,2,952,22,14,12,48,6.844983869,109,54,5.017167256,9.113049513,5.95813989,7.676829772,469,9,3,3,15,483,13,11,9,33,484,516,31,23,79,30
13,1000,20,5.13,10.3,18,37,7,943,33,9,15,57,7.368757389,94,39,5.031853897,8.888832597,6.518235049,8.279150868,493,17,5,2,24,450,16,4,13,33,517,483,20,19,73,21
14,1000,20,5.13,10.3,18,37,5,962,14,11,13,38,7.162946435,91,59,4.952675297,8.689158516,6.122038702,8.3226893,516,4,2,5,11,446,10,9,8,27,527,473,29,30,56,35
10,1000,20,5.13,10.3,18,37,10,963,19,8,10,37,7.268780178,94,55,5.00817594,8.864673713,6.843102539,7.715392782,499,7,2,4,13,464,12,6,6,24,512,488,35,20,71,23
11,1000,20,5.13,10.3,18,37,8,946,27,12,15,54,7.682953525,92,63,5.115032398,9.042481409,7.223633286,8.200910391,507,15,3,5,23,439,12,9,10,31,530,470,39,24,63,29
9,1000,20,5.13,10.3,18,37,11,957,17,16,10,43,7.212730792,103,50,5.194116958,9.322979721,6.869065213,7.523666316,459,5,6,5,16,498,12,10,5,27,475,525,36,14,73,30
12,1000,20,5.13,10.3,18,37,8,936,35,12,17,64,7.392293875,113,59,5.100765879,9.48359772,6.45215453,8.310137426,473,10,7,4,21,463,25,5,13,43,494,506,35,24,87,26
1,1000,20,5.13,10.3,18,37,99,948,32,15,5,52,9.176013361,137,69,6.786686806,13.10332934,9.99996698,8.406246247,450,20,10,3,33,498,12,5,2,19,483,517,53,16,111,26
15,1000,20,5.13,10.3,18,37,3,953,22,13,12,47,6.816260797,90,48,5.023698546,9.14554824,5.99217425,7.589241202,469,9,3,3,15,484,13,10,9,32,484,516,25,23,65,25
13,1000,20,5.13,10.3,18,37,8,944,33,10,13,56,7.360912774,91,65,5.044890991,8.927136641,6.543704495,8.235647102,494,16,5,2,23,450,17,5,11,33,517,483,39,26,58,33
10,1000,20,5.13,10.3,18,37,11,965,19,7,9,35,7.273019625,101,66,5.014999147,8.885818169,6.864995196,7.70111083,499,7,2,4,13,466,12,5,5,22,512,488,33,33,63,38
14,1000,20,5.13,10.3,18,37,6,961,15,10,14,39,7.222870707,94,63,4.964713994,8.720214032,6.19730203,8.365523335,516,4,2,5,11,445,11,8,9,28,527,473,35,28,65,29
9,1000,20,5.13,10.3,18,37,12,957,18,15,10,43,7.209557557,89,60,5.186916656,9.35128098,6.876096014,7.511260857,459,6,5,5,16,498,12,10,5,27,475,525,35,25,62,27
11,1000,20,5.13,10.3,18,37,9,945,29,11,15,55,7.688391056,101,54,5.135086712,9.062559666,7.240144711,8.193860338,506,16,3,5,24,439,13,8,10,31,530,470,33,21,69,32
12,1000,20,5.13,10.3,18,37,9,937,35,11,17,63,7.390303505,85,67,5.121436162,9.508241619,6.441867308,8.316247145,474,10,6,4,20,463,25,5,13,43,494,506,38,29,59,26
15,1000,20,5.13,10.3,18,37,4,953,22,13,12,47,6.834969383,105,50,5.032967717,9.154998028,6.017263982,7.601964371,469,9,3,3,15,484,13,10,9,32,484,516,32,18,71,34
1,1000,20,5.13,10.3,18,37,100,946,32,16,6,54,9.214726473,131,78,6.803395017,13.14201008,10.02708001,8.45579657,448,21,10,4,35,498,11,6,2,19,483,517,63,15,108,23
13,1000,20,5.13,10.3,18,37,9,946,31,10,13,54,7.362862747,74,59,5.052672002,8.955084508,6.548186518,8.234886786,495,15,5,2,22,451,16,5,11,32,517,483,36,23,49,25
10,1000,20,5.13,10.3,18,37,12,963,21,7,9,37,7.306374654,109,56,5.034817706,8.890006799,6.921553796,7.710121128,497,9,2,4,15,466,12,5,5,22,512,488,31,25,74,35
9,1000,20,5.13,10.3,18,37,13,957,16,16,11,43,7.25183188,109,63,5.213237288,9.346910254,6.920981308,7.551172873,459,5,5,6,16,498,11,11,5,27,475,525,47,16,79,30
14,1000,20,5.13,10.3,18,37,7,960,16,10,14,40,7.264591005,79,58,4.954515085,8.737220595,6.268710847,8.374165726,516,4,2,5,11,444,12,8,9,29,527,473,32,26,57,22
11,1000,20,5.13,10.3,18,37,10,946,30,11,13,54,7.678490492,92,57,5.124498304,9.073711781,7.289776999,8.116826985,506,16,3,5,24,440,14,8,8,30,530,470,27,30,60,32
12,1000,20,5.13,10.3,18,37,10,936,36,11,17,64,7.405585887,102,69,5.121605551,9.519700893,6.434742215,8.353405598,474,10,6,4,20,462,26,5,13,44,494,506,45,24,66,36
15,1000,20,5.13,10.3,18,37,5,953,22,13,12,47,6.879821714,94,41,5.030660031,9.174637865,6.051991511,7.65631361,469,9,3,3,15,484,13,10,9,32,484,516,27,14,69,25
10,1000,20,5.13,10.3,18,37,13,963,21,7,9,37,7.337764457,104,60,5.061187666,8.900750617,6.989581767,7.703070885,497,9,2,4,15,466,12,5,5,22,512,488,36,24,76,28
1,1000,20,5.13,10.3,18,37,101,947,32,15,6,53,9.249729526,134,71,6.840303222,13.22988687,10.06799227,8.485279033,448,21,10,4,35,499,11,5,2,18,483,517,57,14,118,16
13,1000,20,5.13,10.3,18,37,10,946,31,10,13,54,7.362188646,85,58,5.053848925,8.958752799,6.554702957,8.226515979,495,15,5,2,22,451,16,5,11,32,517,483,35,23,59,26
9,1000,20,5.13,10.3,18,37,14,957,16,16,11,43,7.28064094,107,61,5.232283618,9.38557758,6.942042663,7.586991763,459,5,5,6,16,498,11,11,5,27,475,525,39,22,73,34
14,1000,20,5.13,10.3,18,37,8,960,16,10,14,40,7.309479987,78,52,4.962237247,8.762040235,6.317713879,8.414470978,515,5,2,5,12,445,11,8,9,28,527,473,26,26,54,24
11,1000,20,5.13,10.3,18,37,11,947,29,11,13,53,7.697803172,102,70,5.123794479,9.084916561,7.313809734,8.130817048,507,15,3,5,23,440,14,8,8,30,530,470,41,29,68,34
12,1000,20,5.13,10.3,18,37,11,938,35,10,17,62,7.414814423,102,57,5.137260315,9.556443938,6.465521811,8.341594167,475,10,5,4,19,463,25,5,13,43,494,506,35,22,70,32
15,1000,20,5.13,10.3,18,37,6,954,21,13,12,46,6.881542376,90,57,5.036246682,9.193697805,6.0791641,7.634160759,470,8,3,3,14,484,13,10,9,32,484,516,29,28,66,24
10,1000,20,5.13,10.3,18,37,14,965,20,6,9,35,7.374004728,99,60,5.082566418,8.919350095,7.049119707,7.7148677,498,8,2,4,14,467,12,4,5,21,512,488,32,28,65,34
1,1000,20,5.13,10.3,18,37,102,947,32,15,6,53,9.266428056,151,74,6.895894186,13.32699698,10.09819865,8.48935804,448,21,10,4,35,499,11,5,2,18,483,517,61,13,129,22
13,1000,20,5.13,10.3,18,37,11,947,29,11,13,53,7.409941706,73,51,5.071916445,8.974451756,6.581535096,8.296662653,496,14,5,2,21,451,15,6,11,32,517,483,27,24,43,30
9,1000,20,5.13,10.3,18,37,15,959,15,15,11,41,7.331394737,102,59,5.236282759,9.407957327,7.020412567,7.612759557,459,5,5,6,16,500,10,10,5,25,475,525,31,28,70,32
14,1000,20,5.13,10.3,18,37,9,960,17,10,13,40,7.348824614,94,48,4.966618082,8.799592656,6.400376693,8.405552001,515,5,2,5,12,445,12,8,8,28,527,473,25,23,61,33
11,1000,20,5.13,10.3,18,37,12,947,29,11,13,53,7.751179832,94,42,5.117652342,9.091781062,7.37989377,8.169864116,507,15,3,5,23,440,14,8,8,30,530,470,23,19,56,38
12,1000,20,5.13,10.3,18,37,12,939,37,8,16,61,7.38213494,120,41,5.141208786,9.577084724,6.467532411,8.275047291,476,10,4,4,18,463,27,4,12,43,494,506,27,14,83,37
15,1000,20,5.13,10.3,18,37,7,954,21,13,12,46,6.915143667,102,60,5.041217223,9.22417732,6.131370728,7.650310533,470,8,3,3,14,484,13,10,9,32,484,516,36,24,72,30
10,1000,20,5.13,10.3,18,37,15,964,21,6,9,36,7.395264124,108,63,5.093054301,8.927627536,7.097983662,7.707164937,497,8,3,4,15,467,13,3,5,21,512,488,33,30,81,27
13,1000,20,5.13,10.3,18,37,12,947,29,11,13,53,7.456282152,84,50,5.102653474,8.999561471,6.639981872,8.330044562,495,15,5,2,22,452,14,6,11,31,517,483,33,17,58,26
1,1000,20,5.13,10.3,18,37,103,947,31,16,6,53,9.293073877,130,78,6.921856808,13.39063788,10.13911939,8.502667722,448,20,11,4,35,499,11,5,2,18,483,517,59,19,109,21
9,1000,20,5.13,10.3,18,37,16,960,14,14,12,40,7.347208242,103,52,5.245558017,9.4486305,7.048744509,7.617246857,459,5,5,6,16,501,9,9,6,24,475,525,31,21,71,32
14,1000,20,5.13,10.3,18,37,10,961,16,10,13,39,7.363116564,93,58,4.972200505,8.807752736,6.437951736,8.393902747,516,4,2,5,11,445,12,8,8,28,527,473,34,24,53,40
11,1000,20,5.13,10.3,18,37,13,948,28,11,13,52,7.799771906,102,59,5.121974001,9.119510116,7.446697003,8.197920202,507,15,3,5,23,441,13,8,8,29,530,470,32,27,68,34
12,1000,20,5.13,10.3,18,37,13,939,35,12,14,61,7.401974149,101,52,5.170343259,9.636796558,6.513524097,8.26935424,476,10,4,4,18,463,25,8,10,43,494,506,37,15,68,33
15,1000,20,5.13,10.3,18,37,8,954,21,13,12,46,6.950691912,94,46,5.049561096,9.255489995,6.172696284,7.68043975,470,8,3,3,14,484,13,10,9,32,484,516,30,16,59,35
10,1000,20,5.13,10.3,18,37,16,964,21,6,9,36,7.391121055,82,43,5.071068315,8.946951279,7.122023181,7.67345325,497,8,3,4,15,467,13,3,5,21,512,488,27,16,58,24
13,1000,20,5.13,10.3,18,37,13,947,28,12,13,53,7.500619396,88,51,5.122340333,9.004158132,6.692951973,8.365141253,495,14,6,2,22,452,14,6,11,31,517,483,30,21,57,31
9,1000,20,5.13,10.3,18,37,17,960,15,13,12,40,7.369401387,98,58,5.264657484,9.460848008,7.081159652,7.630191529,459,5,5,6,16,501,10,8,6,24,475,525,35,23,70,28
1,1000,20,5.13,10.3,18,37,104,948,30,14,8,52,9.308090467,132,78,6.940563982,13.40756514,10.15028526,8.52128179,449,19,10,5,34,499,11,4,3,18,483,517,65,13,115,17
14,1000,20,5.13,10.3,18,37,11,958,20,10,12,42,7.40811869,87,54,4.966621108,8.824455399,6.528128387,8.388573002,515,5,2,5,12,443,15,8,7,30,527,473,32,22,63,24
11,1000,20,5.13,10.3,18,37,14,948,28,11,13,52,7.827908596,81,47,5.120560354,9.151646002,7.475550786,8.225248254,507,15,3,5,23,441,13,8,8,29,530,470,28,19,56,25
16,1000,20,5.13,10.3,18,37,0,938,28,22,12,62,7.484,96,49,4.995541042,9.267236587,6.422131148,8.49609375,472,7,6,3,16,466,21,16,9,46,488,512,28,21,71,25
12,1000,20,5.13,10.3,18,37,14,940,34,12,14,60,7.44487117,108,65,5.186150967,9.657955105,6.602882679,8.266891554,476,10,4,4,18,464,24,8,10,42,494,506,43,22,71,37
15,1000,20,5.13,10.3,18,37,9,955,20,13,12,45,6.986721602,91,59,5.075764931,9.258704927,6.191804453,7.732341563,471,7,3,3,13,484,13,10,9,32,484,516,34,25,72,19
10,1000,20,5.13,10.3,18,37,17,965,21,6,8,35,7.392125907,96,51,5.094684454,8.968591008,7.148289873,7.647953878,497,8,3,4,15,468,13,3,4,20,512,488,37,14,65,31
13,1000,20,5.13,10.3,18,37,14,948,26,13,13,52,7.550314106,93,65,5.120802379,9.039437192,6.762664069,8.393409488,495,14,6,2,22,453,12,7,11,30,517,483,34,31,65,28
9,1000,20,5.13,10.3,18,37,18,961,15,12,12,39,7.386574367,112,58,5.282708007,9.495470315,7.11799434,7.629575345,459,5,5,6,16,502,10,7,6,23,475,525,37,21,76,36
14,1000,20,5.13,10.3,18,37,12,957,21,9,13,43,7.437044256,81,57,4.967533819,8.850337129,6.567263356,8.40612361,515,5,1,6,12,442,16,8,7,31,527,473,28,29,54,27
11,1000,20,5.13,10.3,18,37,15,949,27,11,13,51,7.879328902,95,57,5.137004665,9.189270747,7.530473835,8.27271866,507,15,3,5,23,442,12,8,8,28,530,470,38,19,72,23
16,1000,20,5.13,10.3,18,37,1,938,29,21,12,62,7.495938591,108,69,5.018727076,9.26437442,6.470078933,8.473711078,472,7,6,3,16,466,22,15,9,46,488,512,40,29,70,38
15,1000,20,5.13,10.3,18,37,10,955,20,13,12,45,7.024220349,106,60,5.090715307,9.276380204,6.261849265,7.739312605,471,7,3,3,13,484,13,10,9,32,484,516,35,25,78,28
12,1000,20,5.13,10.3,18,37,15,940,34,12,14,60,7.476626229,96,62,5.202995021,9.691626893,6.684495016,8.249971722,476,10,4,4,18,464,24,8,10,42,494,506,36,26,68,28
10,1000,20,5.13,10.3,18,37,18,967,20,5,8,33,7.393535122,94,51,5.09100805,8.979905939,7.188940571,7.6081917,497,8,3,4,15,470,12,2,4,18,512,488,33,18,58,36
13,1000,20,5.13,10.3,18,37,15,948,26,13,13,52,7.577200158,97,56,5.125929395,9.045440119,6.804585918,8.404201321,495,14,6,2,22,453,12,7,11,30,517,483,29,27,63,34
9,1000,20,5.13,10.3,18,37,19,963,14,11,12,37,7.398533461,100,58,5.294944439,9.525753635,7.157047885,7.617020409,459,4,5,7,16,504,10,6,5,21,475,525,37,21,77,23
14,1000,20,5.13,10.3,18,37,13,957,22,8,13,43,7.441445492,93,69,4.975943794,8.863456977,6.565305662,8.417609742,516,5,0,6,11,441,17,8,7,32,527,473,40,29,59,34
11,1000,20,5.13,10.3,18,37,16,949,27,11,13,51,7.901962886,103,43,5.145565315,9.225129566,7.548264435,8.30081433,507,15,3,5,23,442,12,8,8,28,530,470,23,20,71,32
15,1000,20,5.13,10.3,18,37,11,955,21,12,12,45,6.991208432,120,49,5.088521735,9.295193041,6.22826096,7.706841332,471,7,3,3,13,484,14,9,9,32,484,516,29,20,91,29
12,1000,20,5.13,10.3,18,37,16,940,35,12,13,60,7.542851755,105,68,5.218893159,9.759989464,6.784135916,8.283574333,476,10,4,4,18,464,25,8,9,42,494,506,39,29,73,32
16,1000,20,5.13,10.3,18,37,2,938,31,19,12,62,7.492577237,108,51,5.015765885,9.279073322,6.497583229,8.440930902,472,8,5,3,16,466,23,14,9,46,488,512,33,18,83,25
10,1000,20,5.13,10.3,18,37,19,969,19,4,8,31,7.400099976,99,62,5.113775077,8.99530816,7.205207414,7.604577418,497,8,3,4,15,472,11,1,4,16,512,488,37,25,70,29
13,1000,20,5.13,10.3,18,37,16,948,25,14,13,52,7.597910004,89,62,5.118814866,9.053956476,6.865116151,8.382287689,493,16,6,2,24,455,9,8,11,28,517,483,36,26,67,22
11,1000,20,5.13,10.3,18,37,17,949,27,12,12,51,7.94370321,97,52,5.15261191,9.219034772,7.622192526,8.306257812,506,15,4,5,24,443,12,8,7,27,530,470,34,18,67,30
9,1000,20,5.13,10.3,18,37,20,962,15,11,12,38,7.413286907,77,55,5.318440807,9.545694873,7.179663167,7.624660767,459,4,5,7,16,503,11,6,5,22,475,525,33,22,54,23
14,1000,20,5.13,10.3,18,37,14,958,22,7,13,42,7.453623574,90,57,4.985004807,8.888500754,6.576805934,8.430543016,516,5,0,6,11,442,17,7,7,31,527,473,36,21,61,29
15,1000,20,5.13,10.3,18,37,12,955,22,11,12,45,7.031637039,89,51,5.106073809,9.309738171,6.253812743,7.761224168,471,8,2,3,13,484,14,9,9,32,484,516,26,25,56,33
12,1000,20,5.13,10.3,18,37,17,940,35,12,13,60,7.579968681,114,54,5.227246034,9.796573536,6.840126675,8.302265027,476,10,4,4,18,464,25,8,9,42,494,506,32,22,77,37
10,1000,20,5.13,10.3,18,37,20,966,22,4,8,34,7.40787072,99,69,5.104918574,8.988961237,7.233807597,7.590494326,496,9,3,4,16,470,13,1,4,18,512,488,45,24,69,30
16,1000,20,5.13,10.3,18,37,3,937,32,19,12,63,7.51361093,90,52,5.004821944,9.298573077,6.51096302,8.469259719,472,8,5,3,16,465,24,14,9,47,488,512,33,19,67,23
13,1000,20,5.13,10.3,18,37,17,948,25,14,13,52,7.587109802,87,53,5.1087056,9.078185406,6.870249995,8.354431791,493,16,6,2,24,455,9,8,11,28,517,483,36,17,60,27
11,1000,20,5.13,10.3,18,37,18,949,26,12,13,51,7.963046428,90,61,5.159711568,9.236756541,7.662578461,8.301872008,505,15,5,5,25,444,11,7,8,26,530,470,31,30,69,21
9,1000,20,5.13,10.3,18,37,21,963,16,10,11,37,7.45933492,104,49,5.313771678,9.567248198,7.294673631,7.608314181,459,4,5,7,16,504,12,5,4,21,475,525,33,16,75,29
14,1000,20,5.13,10.3,18,37,15,959,21,7,13,41,7.461344604,83,58,4.981443634,8.920861224,6.611435862,8.408283096,516,5,0,6,11,443,16,7,7,30,527,473,33,25,61,22
15,1000,20,5.13,10.3,18,37,13,955,22,11,12,45,7.076080295,104,56,5.134565074,9.349053944,6.309675422,7.794956183,471,8,2,3,13,484,14,9,9,32,484,516,29,27,80,24
12,1000,20,5.13,10.3,18,37,18,940,36,12,12,60,7.595428372,114,60,5.239720535,9.812553881,6.905082322,8.269402579,474,12,4,4,20,466,24,8,8,40,494,506,33,27,90,24
10,1000,20,5.13,10.3,18,37,21,967,22,4,7,33,7.365804133,97,63,5.106340444,9.007809671,7.263947551,7.472670054,496,9,3,4,16,471,13,1,3,17,512,488,38,25,53,44
16,1000,20,5.13,10.3,18,37,4,939,31,17,13,61,7.508381133,113,57,5.026288632,9.320134639,6.550228538,8.421620326,472,8,4,4,16,467,23,13,9,45,488,512,26,31,79,34
11,1000,20,5.13,10.3,18,37,19,949,26,12,13,51,7.998497886,116,57,5.15777006,9.271318881,7.709228376,8.324695418,505,15,5,5,25,444,11,7,8,26,530,470,35,22,74,42
13,1000,20,5.13,10.3,18,37,18,948,25,14,13,52,7.611359324,89,43,5.115386191,9.103208452,6.917410785,8.354157243,493,16,6,2,24,455,9,8,11,28,517,483,25,18,61,28
9,1000,20,5.13,10.3,18,37,22,964,16,9,11,36,7.463575346,100,60,5.32957954,9.57988092,7.311879558,7.600823916,460,4,4,7,15,504,12,5,4,21,475,525,43,17,75,25
14,1000,20,5.13,10.3,18,37,16,958,22,7,13,42,7.47920105,96,69,4.987770453,8.927796849,6.648963956,8.404222082,516,5,0,6,11,442,17,7,7,31,527,473,38,31,66,30
15,1000,20,5.13,10.3,18,37,14,957,21,10,12,43,7.088623724,100,65,5.149510653,9.38355494,6.336707575,7.793909414,471,8,2,3,13,486,13,8,9,30,484,516,46,19,69,31
12,1000,20,5.13,10.3,18,37,19,944,33,11,12,56,7.591710607,118,50,5.251416285,9.833759346,6.934210319,8.233618002,475,11,4,4,19,469,22,7,8,37,494,506,31,19,92,26
10,1000,20,5.13,10.3,18,37,22,965,24,5,6,35,7.378359379,100,58,5.111138411,9.013005887,7.273289705,7.488596414,494,11,4,3,18,471,13,1,3,17,512,488,30,28,75,25
11,1000,20,5.13,10.3,18,37,20,950,25,12,13,50,8.019840449,90,48,5.165265769,9.280618956,7.742185647,8.332940545,505,15,5,5,25,445,10,7,8,25,530,470,28,20,56,34
16,1000,20,5.13,10.3,18,37,5,940,30,17,13,60,7.514697618,87,57,5.034653062,9.335357715,6.543540707,8.440331549,472,8,4,4,16,468,22,13,9,44,488,512,35,22,59,28
13,1000,20,5.13,10.3,18,37,19,948,25,14,13,52,7.662253359,83,57,5.151835468,9.126133651,7.01697766,8.352952193,493,16,6,2,24,455,9,8,11,28,517,483,31,26,65,18
9,1000,20,5.13,10.3,18,37,23,964,16,8,12,36,7.462638196,121,58,5.333538501,9.630698932,7.337454085,7.57590001,460,4,4,7,15,504,12,4,5,21,475,525,40,18,91,30
14,1000,20,5.13,10.3,18,37,17,958,22,7,13,42,7.498592609,96,56,4.994446949,8.936876664,6.652894114,8.440840193,516,5,0,6,11,442,17,7,7,31,527,473,33,23,63,33
15,1000,20,5.13,10.3,18,37,15,956,22,10,12,44,7.113138425,72,57,5.160803747,9.406038167,6.380258261,7.800568655,470,9,2,3,14,486,13,8,9,30,484,516,33,24,54,18
12,1000,20,5.13,10.3,18,37,20,943,35,9,13,57,7.615135012,105,60,5.257315247,9.837920817,6.978642107,8.236533223,475,11,4,4,19,468,24,5,9,38,494,506,34,26,78,27
10,1000,20,5.13,10.3,18,37,23,966,23,5,6,34,7.392290116,89,69,5.134035605,9.044698729,7.32910336,7.458584417,494,11,4,3,18,472,12,1,3,16,512,488,38,31,62,27
11,1000,20,5.13,10.3,18,37,21,949,26,12,13,51,8.059056228,85,57,5.163463151,9.270674259,7.795762608,8.3559618,505,15,5,5,25,444,11,7,8,26,530,470,36,21,51,34
13,1000,20,5.13,10.3,18,37,20,949,25,12,14,51,7.707640601,106,52,5.174326695,9.13835863,7.08318768,8.376050871,493,16,5,3,24,456,9,7,11,27,517,483,27,25,74,32
9,1000,20,5.13,10.3,18,37,24,966,14,8,12,34,7.472209794,116,59,5.335656231,9.622326141,7.3652863,7.568950098,461,3,4,7,14,505,11,4,5,20,475,525,47,12,84,32
16,1000,20,5.13,10.3,18,37,6,941,29,17,13,59,7.542830215,92,40,5.02363644,9.354199557,6.594574402,8.446636538,472,8,4,4,16,469,21,13,9,43,488,512,29,11,71,21
15,1000,20,5.13,10.3,18,37,16,956,21,11,12,44,7.114390208,104,62,5.151870556,9.422432038,6.386061931,7.797550841,470,9,2,3,14,486,12,9,9,30,484,516,37,25,83,21
14,1000,20,5.13,10.3,18,37,18,956,24,7,13,44,7.517858134,96,62,5.00487206,8.965545401,6.689151168,8.441174353,514,7,0,6,13,442,17,7,7,31,527,473,35,27,65,31
12,1000,20,5.13,10.3,18,37,21,942,36,9,13,58,7.6354364,106,54,5.25717586,9.861643668,7.03138964,8.225157941,474,12,4,4,20,468,24,5,9,38,494,506,31,23,69,37
10,1000,20,5.13,10.3,18,37,24,966,23,5,6,34,7.424852652,98,68,5.138604819,9.079333168,7.377979198,7.474031358,494,11,4,3,18,472,12,1,3,16,512,488,36,32,75,23
11,1000,20,5.13,10.3,18,37,22,949,26,12,13,51,8.114213167,89,61,5.16751831,9.288894524,7.855137515,8.406362306,505,15,5,5,25,444,11,7,8,26,530,470,36,25,60,29
13,1000,20,5.13,10.3,18,37,21,949,28,11,12,51,7.722437008,95,57,5.161853681,9.143193565,7.13254748,8.353850851,492,17,5,3,25,457,11,6,9,26,517,483,31,26,70,25
9,1000,20,5.13,10.3,18,37,25,965,16,8,11,35,7.48085712,107,64,5.341128856,9.645871742,7.438268112,7.519390031,461,3,4,7,14,504,13,4,4,21,475,525,49,15,86,21
14,1000,20,5.13,10.3,18,37,19,957,24,7,12,43,7.503546571,97,55,5.011335936,8.991685978,6.678419424,8.422874279,514,8,0,5,13,443,16,7,7,30,527,473,30,25,65,32
15,1000,20,5.13,10.3,18,37,17,956,21,11,12,44,7.144710401,105,54,5.174152949,9.447181823,6.427986571,7.816986241,470,9,2,3,14,486,12,9,9,30,484,516,31,23,68,37
16,1000,20,5.13,10.3,18,37,7,941,29,17,13,59,7.571988953,114,52,5.045237839,9.392928461,6.642869603,8.457555833,472,8,4,4,16,469,21,13,9,43,488,512,28,24,81,33
12,1000,20,5.13,10.3,18,37,22,943,35,9,13,57,7.646448277,116,68,5.273033788,9.895639329,7.064064552,8.215020531,474,12,4,4,20,469,23,5,9,37,494,506,33,35,85,31
10,1000,20,5.13,10.3,18,37,25,966,23,5,6,34,7.439231941,92,56,5.145403816,9.094572022,7.391583026,7.489224246,494,11,4,3,18,472,12,1,3,16,512,488,31,25,65,27
11,1000,20,5.13,10.3,18,37,23,948,27,12,13,52,8.10954994,101,53,5.161852652,9.319009124,7.882892733,8.365142108,505,15,5,5,25,443,12,7,8,27,530,470,28,25,69,32
13,1000,20,5.13,10.3,18,37,22,949,28,12,11,51,7.707248281,99,52,5.172724458,9.165805873,7.175082232,8.276875294,492,17,5,3,25,457,11,7,8,26,517,483,31,21,68,31
9,1000,20,5.13,10.3,18,37,26,963,18,8,11,37,7.539484837,106,58,5.374845441,9.679435603,7.505027742,7.570660303,459,5,4,7,16,504,13,4,4,21,475,525,39,19,73,33
15,1000,20,5.13,10.3,18,37,18,956,21,11,12,44,7.181162132,80,48,5.171637575,9.472782009,6.471242013,7.847056198,470,9,2,3,14,486,12,9,9,30,484,516,29,19,60,20
14,1000,20,5.13,10.3,18,37,20,958,25,7,10,42,7.517606555,92,50,5.023735274,8.986350285,6.717901514,8.408609847,514,8,0,5,13,444,17,7,5,29,527,473,27,23,66,26
12,1000,20,5.13,10.3,18,37,23,943,35,9,13,57,7.649412921,105,75,5.27751066,9.927491024,7.058688564,8.226128004,474,12,4,4,20,469,23,5,9,37,494,506,47,28,73,32
10,1000,20,5.13,10.3,18,37,26,968,21,5,6,32,7.425046427,97,60,5.157096496,9.12503925,7.404648377,7.446447661,494,11,4,3,18,474,10,1,3,14,512,488,35,25,68,29
16,1000,20,5.13,10.3,18,37,8,942,29,16,13,58,7.612665419,76,56,5.069160872,9.408548264,6.714755887,8.468485441,471,9,4,4,17,471,20,12,9,41,488,512,25,31,60,16
11,1000,20,5.13,10.3,18,37,24,946,29,12,13,54,8.154330051,102,67,5.137722761,9.349780477,7.932223699,8.404790406,503,17,5,5,27,443,12,7,8,27,530,470,37,30,67,35
13,1000,20,5.13,10.3,18,37,23,948,29,12,11,52,7.786794639,109,49,5.171331198,9.182653546,7.207682364,8.406672582,492,17,5,3,25,456,12,7,8,27,517,483,30,19,70,39
9,1000,20,5.13,10.3,18,37,27,964,18,7,11,36,7.555332093,93,66,5.406775731,9.703373014,7.547276242,7.56262072,459,5,4,7,16,505,13,3,4,20,475,525,45,21,69,24
15,1000,20,5.13,10.3,18,37,19,957,19,12,12,43,7.202901527,102,49,5.1805375,9.495701762,6.526331062,7.837514134,471,8,2,3,13,486,11,10,9,30,484,516,31,18,74,28
12,1000,20,5.13,10.3,18,37,24,944,34,9,13,56,7.654747917,106,48,5.300886317,9.964312218,7.078683354,8.217150869,474,12,4,4,20,470,22,5,9,36,494,506,32,16,71,35
14,1000,20,5.13,10.3,18,37,21,960,25,6,9,40,7.541815206,95,64,5.036433409,8.995498322,6.774308597,8.396944133,514,8,0,5,13,446,17,6,4,27,527,473,50,14,66,29
10,1000,20,5.13,10.3,18,37,27,968,21,5,6,32,7.459737974,102,62,5.173054769,9.141414379,7.462539973,7.456798172,494,11,4,3,18,474,10,1,3,14,512,488,39,23,71,31
16,1000,20,5.13,10.3,18,37,9,943,28,16,13,57,7.6405417,104,57,5.099552887,9.443537488,6.79155794,8.449729346,471,9,4,4,17,472,19,12,9,40,488,512,32,25,66,38
11,1000,20,5.13,10.3,18,37,25,948,28,12,12,52,8.155855483,89,61,5.13631288,9.335809831,7.977685896,8.356770123,503,17,5,5,27,445,11,7,7,25,530,470,36,25,62,27
13,1000,20,5.13,10.3,18,37,24,951,28,11,10,49,7.768893065,105,53,5.194402566,9.21515485,7.212432646,8.36452461,492,17,5,3,25,459,11,6,7,24,517,483,30,23,74,31
9,1000,20,5.13,10.3,18,37,28,963,19,7,11,37,7.560678897,90,62,5.404331704,9.715520958,7.573591437,7.548996122,459,5,4,7,16,504,14,3,4,21,475,525,33,29,63,27
15,1000,20,5.13,10.3,18,37,20,956,20,11,13,44,7.24086853,99,50,5.207185434,9.527229521,6.55735543,7.881993222,470,9,2,3,14,486,11,9,10,30,484,516,39,11,70,29
12,1000,20,5.13,10.3,18,37,25,942,36,9,13,58,7.701240648,94,69,5.313538653,9.982530755,7.140414131,8.24876693,473,13,4,4,21,469,23,5,9,37,494,506,45,24,71,23
10,1000,20,5.13,10.3,18,37,28,968,20,6,6,32,7.473604087,101,50,5.157732285,9.147922139,7.464814075,7.482826394,494,11,4,3,18,474,9,2,3,14,512,488,28,22,82,19
14,1000,20,5.13,10.3,18,37,22,961,23,8,8,39,7.544846359,82,51,5.030505708,9.019470064,6.857677506,8.310465778,514,8,0,5,13,447,15,8,3,26,527,473,23,28,56,26
11,1000,20,5.13,10.3,18,37,26,946,30,12,12,54,8.193717669,101,56,5.147636402,9.3465751,8.033017997,8.374932193,501,19,5,5,29,445,11,7,7,25,530,470,30,26,71,30
16,1000,20,5.13,10.3,18,37,10,946,26,16,12,54,7.667199125,88,74,5.123907393,9.46764823,6.874991733,8.422271795,471,9,4,4,17,475,17,12,8,37,488,512,43,31,62,26
13,1000,20,5.13,10.3,18,37,25,951,28,11,10,49,7.790994299,103,53,5.206045893,9.213719824,7.249161502,8.370968535,492,17,5,3,25,459,11,6,7,24,517,483,39,14,69,34
9,1000,20,5.13,10.3,18,37,29,963,19,7,11,37,7.586029662,109,60,5.424975628,9.750893214,7.589979962,7.58245558,459,5,4,7,16,504,14,3,4,21,475,525,40,20,81,28
15,1000,20,5.13,10.3,18,37,21,956,20,12,12,44,7.267149804,105,45,5.216921277,9.553928898,6.588390076,7.903815906,470,9,2,3,14,486,11,10,9,30,484,516,31,14,75,30
10,1000,20,5.13,10.3,18,37,29,968,20,6,6,32,7.485847689,102,69,5.151940823,9.155788893,7.476261658,7.495905165,494,11,4,3,18,474,9,2,3,14,512,488,45,24,67,35
12,1000,20,5.13,10.3,18,37,26,944,33,10,13,56,7.728925388,96,70,5.324682991,10.00051104,7.208130847,8.23736907,473,13,4,4,21,471,20,6,9,35,494,506,39,31,76,20
14,1000,20,5.13,10.3,18,37,23,962,22,8,8,38,7.559337266,106,47,5.022229053,9.043240114,6.875802532,8.320907679,514,8,0,5,13,448,14,8,3,25,527,473,27,20,73,33
11,1000,20,5.13,10.3,18,37,27,946,30,12,12,54,8.2049644,110,58,5.158381111,9.346159615,8.046075059,8.384137486,501,19,5,5,29,445,11,7,7,25,530,470,34,24,77,33
16,1000,20,5.13,10.3,18,37,11,945,27,16,12,55,7.708564155,117,54,5.156209545,9.490950616,6.963049227,8.419133071,470,10,4,4,18,475,17,12,8,37,488,512,29,25,88,29
13,1000,20,5.13,10.3,18,37,26,952,27,11,10,48,7.809337194,100,55,5.216819589,9.252394402,7.311173052,8.342568791,492,17,5,3,25,460,10,6,7,23,517,483,31,24,69,31
9,1000,20,5.13,10.3,18,37,30,962,20,7,11,38,7.642350872,99,56,5.440663113,9.776476928,7.667337552,7.619743876,459,5,4,7,16,503,15,3,4,22,475,525,33,23,74,25
15,1000,20,5.13,10.3,18,37,22,957,19,12,12,43,7.321180504,108,64,5.237930434,9.558846123,6.62324663,7.975831657,470,9,2,3,14,487,10,10,9,29,484,516,40,24,84,24
10,1000,20,5.13,10.3,18,37,30,968,20,6,6,32,7.55625255,82,56,5.181446748,9.19507469,7.537735394,7.575680387,494,11,4,3,18,474,9,2,3,14,512,488,32,24,53,29
12,1000,20,5.13,10.3,18,37,27,946,32,10,12,54,7.713078933,111,47,5.327827813,10.04993679,7.236855859,8.178008179,474,12,4,4,20,472,20,6,8,34,494,506,31,16,85,26
14,1000,20,5.13,10.3,18,37,24,963,22,7,8,37,7.582100432,96,56,5.028419562,9.059374221,6.936842454,8.301024226,513,9,0,5,14,450,13,7,3,23,527,473,33,23,67,29
11,1000,20,5.13,10.3,18,37,28,947,29,12,12,53,8.231231949,96,40,5.157710728,9.366777337,8.104281283,8.374389084,501,19,5,5,29,446,10,7,7,24,530,470,21,19,73,23
16,1000,20,5.13,10.3,18,37,12,944,28,17,11,56,7.755279271,100,46,5.171355129,9.523359511,7.043238622,8.433943015,469,11,4,4,19,475,17,13,7,37,488,512,26,20,71,29
15,1000,20,5.13,10.3,18,37,23,958,21,11,10,42,7.329613105,95,71,5.241787409,9.598235208,6.69945897,7.920687915,470,9,2,3,14,488,12,9,7,28,484,516,38,33,68,27
9,1000,20,5.13,10.3,18,37,31,962,20,7,11,38,7.680497074,111,78,5.444664408,9.809268569,7.721824283,7.643105789,459,5,4,7,16,503,15,3,4,22,475,525,54,24,88,23
13,1000,20,5.13,10.3,18,37,27,953,26,11,10,47,7.819936681,96,58,5.22611304,9.248759088,7.341410127,8.332148335,492,17,5,3,25,461,9,6,7,22,517,483,38,20,65,31
10,1000,20,5.13,10.3,18,37,31,969,19,6,6,31,7.571684411,83,56,5.187417302,9.216486676,7.567203568,7.576385623,494,11,4,3,18,475,8,2,3,13,512,488,35,21,58,25
12,1000,20,5.13,10.3,18,37,28,949,30,9,12,51,7.722080787,95,57,5.332763519,10.078347,7.303821854,8.130420536,474,12,4,4,20,475,18,5,8,31,494,506,32,25,75,20
14,1000,20,5.13,10.3,18,37,25,964,21,7,8,36,7.590959422,96,57,5.038740733,9.07810216,6.978877188,8.272919966,513,9,0,5,14,451,12,7,3,22,527,473,31,26,72,24
11,1000,20,5.13,10.3,18,37,29,948,28,12,12,52,8.227654836,104,52,5.152388544,9.385712879,8.137314512,8.329527967,502,18,5,5,28,446,10,7,7,24,530,470,34,18,63,41
15,1000,20,5.13,10.3,18,37,24,958,22,10,10,42,7.369007566,103,62,5.2489849,9.63529137,6.758526212,7.941629611,470,9,2,3,14,488,13,8,7,28,484,516,36,26,79,24
13,1000,20,5.13,10.3,18,37,28,953,26,11,10,47,7.825934523,112,56,5.223041658,9.26937331,7.395537515,8.286628628,491,17,6,3,26,462,9,5,7,21,517,483,31,25,84,28
9,1000,20,5.13,10.3,18,37,32,961,22,7,10,39,7.690001198,130,53,5.477147755,9.851765158,7.733132721,7.650977439,459,5,4,7,16,502,17,3,3,23,475,525,36,17,95,35
10,1000,20,5.13,10.3,18,37,32,970,19,5,6,30,7.553691439,115,56,5.198673532,9.255740038,7.539381929,7.568704696,494,11,4,3,18,476,8,1,3,12,512,488,30,26,76,39
16,1000,20,5.13,10.3,18,37,13,947,27,14,12,53,7.752446967,98,62,5.18900833,9.535303531,7.075488306,8.39767319,469,11,4,4,19,478,16,10,8,34,488,512,37,25,73,25
12,1000,20,5.13,10.3,18,37,29,948,31,9,12,52,7.758871069,96,50,5.348001717,10.07144533,7.352189357,8.155908156,474,12,4,4,20,474,19,5,8,32,494,506,34,16,67,29
14,1000,20,5.13,10.3,18,37,26,964,21,7,8,36,7.583760534,115,53,5.045963848,9.093264736,6.974279194,8.262823253,513,9,0,5,14,451,12,7,3,22,527,473,29,24,76,39
11,1000,20,5.13,10.3,18,37,30,948,27,14,11,52,8.218918119,95,52,5.154904076,9.40950648,8.187242955,8.25463692,502,16,6,6,28,446,11,8,5,24,530,470,31,21,64,31
13,1000,20,5.13,10.3,18,37,29,952,27,11,10,48,7.824458969,89,67,5.22893335,9.298115561,7.396193919,8.28287104,490,18,6,3,27,462,9,5,7,21,517,483,39,28,63,26
15,1000,20,5.13,10.3,18,37,25,959,22,9,10,41,7.41156813,94,76,5.258000501,9.635329934,6.845487893,7.942542617,471,9,1,3,13,488,13,8,7,28,484,516,50,26,71,23
10,1000,20,5.13,10.3,18,37,33,971,18,5,6,29,7.568901359,104,47,5.192294513,9.279574216,7.561320593,7.57685495,494,11,4,3,18,477,7,1,3,11,512,488,27,20,73,31
9,1000,20,5.13,10.3,18,37,33,961,21,8,10,39,7.734018128,102,55,5.485692715,9.859344425,7.766529955,7.704602665,459,5,4,7,16,502,16,4,3,23,475,525,38,17,86,16
12,1000,20,5.13,10.3,18,37,30,950,31,8,11,50,7.754085354,109,55,5.363582673,10.12085749,7.392546313,8.107050347,474,12,4,4,20,476,19,4,7,30,494,506,36,19,75,34
16,1000,20,5.13,10.3,18,37,14,947,27,14,12,53,7.773035931,89,60,5.189675998,9.572590709,7.069425758,8.443664376,470,10,4,4,18,477,17,10,8,35,488,512,40,20,56,33
14,1000,20,5.13,10.3,18,37,27,964,21,6,9,36,7.595854593,114,60,5.064289368,9.111090769,6.993761498,8.266685589,513,9,0,5,14,451,12,6,4,22,527,473,36,24,91,23
11,1000,20,5.13,10.3,18,37,31,948,27,14,11,52,8.25032114,100,49,5.164847456,9.42928612,8.228425299,8.275012194,502,16,6,6,28,446,11,8,5,24,530,470,27,22,81,19
10,1000,20,5.13,10.3,18,37,34,970,19,5,6,30,7.604620368,104,49,5.19454442,9.311403155,7.601976849,7.607393896,493,12,4,3,19,477,7,1,3,11,512,488,26,23,80,24
15,1000,20,5.13,10.3,18,37,26,960,24,9,7,40,7.396188684,111,60,5.279091145,9.670452639,6.817421282,7.939063534,471,10,1,2,13,489,14,8,5,27,484,516,40,20,80,31
13,1000,20,5.13,10.3,18,37,30,951,28,11,10,49,7.828288178,120,52,5.221065795,9.304962605,7.43705568,8.247060852,490,19,5,3,27,461,9,6,7,22,517,483,30,22,86,34
9,1000,20,5.13,10.3,18,37,34,962,21,7,10,38,7.733756966,96,61,5.473875111,9.88221998,7.786230666,7.686280762,459,5,4,7,16,503,16,3,3,22,475,525,47,14,73,23
12,1000,20,5.13,10.3,18,37,31,950,30,9,11,50,7.805903946,110,68,5.367386029,10.16329209,7.445005541,8.158243496,474,12,4,4,20,476,18,5,7,30,494,506,39,29,77,33
14,1000,20,5.13,10.3,18,37,28,964,22,6,8,36,7.575529342,99,55,5.062520446,9.106616458,7.03061086,8.18265839,513,9,0,5,14,451,13,6,3,22,527,473,30,25,66,33
16,1000,20,5.13,10.3,18,37,15,945,29,14,12,55,7.804011549,95,67,5.198766193,9.59608563,7.089471235,8.485057786,469,11,4,4,19,476,18,10,8,36,488,512,42,25,71,24
11,1000,20,5.13,10.3,18,37,32,949,26,14,11,51,8.248991909,105,63,5.154634028,9.445887998,8.244633632,8.253906562,502,15,7,6,28,447,11,7,5,23,530,470,43,20,81,24
10,1000,20,5.13,10.3,18,37,35,970,19,5,6,30,7.624260853,108,67,5.217344722,9.330502963,7.633645255,7.614414922,493,12,4,3,19,477,7,1,3,11,512,488,38,29,80,28
15,1000,20,5.13,10.3,18,37,27,959,25,9,7,41,7.398917607,110,57,5.27950215,9.70279075,6.832001266,7.930676346,470,11,1,2,14,489,14,8,5,27,484,516,38,19,84,26
13,1000,20,5.13,10.3,18,37,31,952,26,11,11,48,7.830054298,103,63,5.221111459,9.339796356,7.467107815,8.21854981,490,17,6,4,27,462,9,5,7,21,517,483,39,24,82,21
9,1000,20,5.13,10.3,18,37,35,963,20,7,10,37,7.747153396,96,56,5.480254005,9.923238589,7.795017484,7.703847794,459,5,4,7,16,504,15,3,3,21,475,525,31,25,67,29
12,1000,20,5.13,10.3,18,37,32,950,30,9,11,50,7.82461862,114,58,5.363896473,10.1914488,7.529460028,8.112777403,474,12,4,4,20,476,18,5,7,30,494,506,30,28,80,34
14,1000,20,5.13,10.3,18,37,29,964,22,6,8,36,7.592777152,103,48,5.078431969,9.13032761,7.072747838,8.172175563,513,9,0,5,14,451,13,6,3,22,527,473,27,21,73,30
11,1000,20,5.13,10.3,18,37,33,948,27,14,11,52,8.247226486,89,69,5.169683295,9.455855334,8.255522517,8.237871387,502,15,7,6,28,446,12,7,5,24,530,470,39,30,68,21
16,1000,20,5.13,10.3,18,37,16,946,29,14,11,54,7.8546947,101,62,5.198952746,9.628306484,7.153111423,8.523391261,469,11,4,4,19,477,18,10,7,35,488,512,40,22,74,27
10,1000,20,5.13,10.3,18,37,36,971,18,5,6,29,7.646320547,99,67,5.241153435,9.354562759,7.679851359,7.611140678,493,12,4,3,19,478,6,1,3,10,512,488,48,19,68,31
15,1000,20,5.13,10.3,18,37,28,959,25,9,7,41,7.449842459,116,58,5.302781697,9.747477134,6.893198546,7.971965819,470,11,1,2,14,489,14,8,5,27,484,516,35,23,87,29
13,1000,20,5.13,10.3,18,37,32,951,27,11,11,49,7.858433984,98,47,5.215030431,9.385438833,7.525776505,8.214508346,489,18,6,4,28,462,9,5,7,21,517,483,28,19,72,26
9,1000,20,5.13,10.3,18,37,36,963,20,7,10,37,7.771719462,96,63,5.500355586,9.953436299,7.832975703,7.716297149,459,5,4,7,16,504,15,3,3,21,475,525,44,19,79,17
12,1000,20,5.13,10.3,18,37,33,951,30,9,10,49,7.856900122,117,63,5.391042428,10.22331753,7.628282813,8.080095676,474,12,4,4,20,477,18,5,6,29,494,506,42,21,87,30
14,1000,20,5.13,10.3,18,37,30,964,22,6,8,36,7.584688956,108,47,5.061666245,9.174197433,7.086342944,8.139928593,513,9,0,5,14,451,13,6,3,22,527,473,21,26,74,34
11,1000,20,5.13,10.3,18,37,34,948,28,14,10,52,8.249948803,93,57,5.174715865,9.478963318,8.27213071,8.224935163,502,15,7,6,28,446,13,7,4,24,530,470,31,26,71,22
16,1000,20,5.13,10.3,18,37,17,947,29,14,10,53,7.847522917,103,59,5.203078757,9.649613047,7.151876313,8.510561086,469,11,4,4,19,478,18,10,6,34,488,512,35,24,76,27
10,1000,20,5.13,10.3,18,37,37,971,18,5,6,29,7.683573901,91,62,5.24657849,9.380878125,7.717052033,7.648449303,493,12,4,3,19,478,6,1,3,10,512,488,36,26,68,23
15,1000,20,5.13,10.3,18,37,29,960,25,9,6,40,7.470018796,100,66,5.31729284,9.811371883,6.893296215,8.010975635,470,11,1,2,14,490,14,8,4,26,484,516,39,27,82,18
13,1000,20,5.13,10.3,18,37,33,952,26,11,11,48,7.848335293,84,53,5.216905545,9.414448793,7.528740647,8.190427284,490,17,6,4,27,462,9,5,7,21,517,483,27,26,64,20
9,1000,20,5.13,10.3,18,37,37,964,19,7,10,36,7.802228239,111,61,5.507115112,9.96127687,7.927405615,7.688972517,458,6,4,7,17,506,13,3,3,19,475,525,44,17,81,30
12,1000,20,5.13,10.3,18,37,34,953,29,8,10,47,7.872988986,97,60,5.398704644,10.24089512,7.63879292,8.101630995,476,11,3,4,18,477,18,5,6,29,494,506,40,20,74,23
14,1000,20,5.13,10.3,18,37,31,962,23,7,8,38,7.643498604,88,66,5.076301715,9.227230654,7.151274866,8.191917019,513,9,0,5,14,449,14,7,3,24,527,473,42,24,59,29
11,1000,20,5.13,10.3,18,37,35,948,28,14,10,52,8.268744424,98,59,5.188948503,9.482037744,8.311756804,8.220241102,502,15,7,6,28,446,13,7,4,24,530,470,32,27,78,20
10,1000,20,5.13,10.3,18,37,38,970,19,5,6,30,7.724328968,97,58,5.245567537,9.417518172,7.752276309,7.695007168,493,12,4,3,19,477,7,1,3,11,512,488,38,20,73,24
16,1000,20,5.13,10.3,18,37,18,946,30,14,10,54,7.898424187,104,67,5.196750156,9.65214968,7.214760723,8.550040926,469,11,4,4,19,477,19,10,6,35,488,512,35,32,73,31
15,1000,20,5.13,10.3,18,37,30,960,25,9,6,40,7.477494877,88,59,5.343111362,9.836510708,6.929097359,7.991883247,470,11,1,2,14,490,14,8,4,26,484,516,42,17,63,25
13,1000,20,5.13,10.3,18,37,34,953,26,11,10,47,7.891301005,92,56,5.232743971,9.436020641,7.593798608,8.209745601,491,17,6,3,26,462,9,5,7,21,517,483,30,26,63,29
12,1000,20,5.13,10.3,18,37,35,954,28,8,10,46,7.827012569,105,58,5.405101862,10.29128165,7.558818956,8.088845859,477,11,2,4,17,477,17,6,6,29,494,506,43,15,73,32
9,1000,20,5.13,10.3,18,37,38,964,19,7,10,36,7.782020107,111,68,5.529001177,9.980531011,7.9084951,7.667590352,458,6,4,7,17,506,13,3,3,19,475,525,40,28,89,22
14,1000,20,5.13,10.3,18,37,32,964,20,8,8,36,7.656150008,92,50,5.097882589,9.258370802,7.166382288,8.201832014,514,8,0,5,13,450,12,8,3,23,527,473,35,15,71,21
11,1000,20,5.13,10.3,18,37,36,950,26,14,10,50,8.231218984,95,59,5.185717379,9.481459998,8.343012894,8.105153512,502,14,8,6,28,448,12,6,4,22,530,470,30,29,71,24
10,1000,20,5.13,10.3,18,37,39,970,19,5,6,30,7.740993052,114,56,5.256155351,9.41317643,7.740381517,7.741634662,493,12,4,3,19,477,7,1,3,11,512,488,32,24,80,34
15,1000,20,5.13,10.3,18,37,31,960,27,7,6,40,7.480662901,90,65,5.347214182,9.856449354,6.952843738,7.975749092,469,12,1,2,15,491,15,6,4,25,484,516,43,22,71,19
16,1000,20,5.13,10.3,18,37,19,947,30,13,10,53,7.883782868,101,56,5.207446449,9.687032048,7.201423422,8.534156715,469,11,4,4,19,478,19,9,6,34,488,512,40,16,70,31
12,1000,20,5.13,10.3,18,37,36,955,27,8,10,45,7.789818779,130,51,5.419099662,10.32852285,7.545660502,8.028186741,477,11,2,4,17,478,16,6,6,28,494,506,37,14,98,32
13,1000,20,5.13,10.3,18,37,35,952,27,11,10,48,7.905802152,106,56,5.246720386,9.461017574,7.605509894,8.227232996,491,17,6,3,26,461,10,5,7,22,517,483,36,20,77,29
9,1000,20,5.13,10.3,18,37,39,964,21,6,9,36,7.83364583,115,63,5.536365338,10.02745956,8.014459828,7.670052213,457,8,3,7,18,507,13,3,2,18,475,525,48,15,90,25
14,1000,20,5.13,10.3,18,37,33,965,19,8,8,35,7.674782002,98,48,5.108193322,9.26486815,7.219496045,8.182045637,514,8,0,5,13,451,11,8,3,22,527,473,30,18,75,23
11,1000,20,5.13,10.3,18,37,37,949,26,14,11,51,8.269763274,104,48,5.193694054,9.476889088,8.394153806,8.1294931,502,14,8,6,28,447,12,6,5,23,530,470,30,18,79,25
10,1000,20,5.13,10.3,18,37,40,969,20,5,6,31,7.781266881,92,55,5.26185743,9.425739335,7.782410362,7.780067162,492,13,4,3,20,477,7,1,3,11,512,488,31,24,63,29
15,1000,20,5.13,10.3,18,37,32,962,25,8,5,38,7.453880725,91,73,5.336507781,9.871249262,6.947492498,7.928865031,469,12,1,2,15,493,13,7,3,23,484,516,46,27,76,15
12,1000,20,5.13,10.3,18,37,37,956,27,8,9,44,7.803142209,91,59,5.427979009,10.37651221,7.572577829,8.028238659,477,11,2,4,17,479,16,6,5,27,494,506,41,18,75,16
13,1000,20,5.13,10.3,18,37,36,951,29,10,10,49,7.933530827,112,59,5.270915347,9.495126712,7.616647707,8.272720419,492,17,5,3,25,459,12,5,7,24,517,483,36,23,79,33
9,1000,20,5.13,10.3,18,37,40,964,21,7,8,36,7.859751688,118,69,5.554125503,10.06326138,8.025524335,7.709766913,457,9,3,6,18,507,12,4,2,18,475,525,45,24,86,32
16,1000,20,5.13,10.3,18,37,20,948,31,12,9,52,7.877501908,113,70,5.194596108,9.702737449,7.220686626,8.503528975,469,11,4,4,19,479,20,8,5,33,488,512,37,33,77,36
14,1000,20,5.13,10.3,18,37,34,965,19,8,8,35,7.694107289,101,61,5.089359887,9.270679235,7.245816534,8.193577115,513,9,0,5,14,452,10,8,3,21,527,473,40,21,77,24
11,1000,20,5.13,10.3,18,37,38,949,25,15,11,51,8.294999378,98,51,5.219968579,9.499818359,8.432386581,8.140073383,502,14,8,6,28,447,11,7,5,23,530,470,38,13,71,27
10,1000,20,5.13,10.3,18,37,41,969,20,5,6,31,7.82115739,97,61,5.270494695,9.463981086,7.827121343,7.814900128,492,13,4,3,20,477,7,1,3,11,512,488,40,21,74,23
15,1000,20,5.13,10.3,18,37,33,961,26,8,5,39,7.483079355,117,52,5.341590084,9.904379406,6.99711797,7.9389036,469,12,1,2,15,492,14,7,3,24,484,516,30,22,85,32
12,1000,20,5.13,10.3,18,37,38,954,28,9,9,46,7.861512506,104,49,5.457853146,10.4174437,7.629009699,8.088501413,476,12,2,4,18,478,16,7,5,28,494,506,39,10,76,28
13,1000,20,5.13,10.3,18,37,37,950,30,10,10,50,7.973190256,90,57,5.280912394,9.543474879,7.641875855,8.327826996,492,17,5,3,25,458,13,5,7,25,517,483,34,23,65,25
9,1000,20,5.13,10.3,18,37,41,963,22,7,8,37,7.83122255,96,73,5.55761796,10.0668136,8.016011281,7.664032745,456,10,3,6,19,507,12,4,2,18,475,525,50,23,78,18
16,1000,20,5.13,10.3,18,37,21,949,31,11,9,51,7.884304887,89,65,5.206189413,9.733136082,7.248164394,8.490626294,469,11,4,4,19,480,20,7,5,32,488,512,40,25,60,29
14,1000,20,5.13,10.3,18,37,35,965,19,8,8,35,7.704828029,100,47,5.125270149,9.298991106,7.240786735,8.221846553,513,9,0,5,14,452,10,8,3,21,527,473,29,18,78,22
11,1000,20,5.13,10.3,18,37,39,949,26,14,11,51,8.308481613,104,65,5.23863196,9.515415792,8.481871457,8.112956894,502,14,8,6,28,447,12,6,5,23,530,470,38,27,78,26
10,1000,20,5.13,10.3,18,37,42,970,20,5,5,30,7.830787195,120,53,5.300447332,9.488323685,7.858378573,7.801838864,492,13,4,3,20,478,7,1,2,10,512,488,34,19,87,33
15,1000,20,5.13,10.3,18,37,34,961,24,10,5,39,7.517416584,95,60,5.36423367,9.932686287,7.06548479,7.9413216,469,11,2,2,15,492,13,8,3,24,484,516,36,24,71,24
12,1000,20,5.13,10.3,18,37,39,954,30,8,8,46,7.850754727,97,53,5.49708992,10.46156511,7.668606872,8.02858287,475,13,2,4,19,479,17,6,4,27,494,506,33,20,76,21
13,1000,20,5.13,10.3,18,37,38,950,30,10,10,50,7.978176791,104,47,5.305445704,9.562474959,7.670569674,8.307437412,492,17,5,3,25,458,13,5,7,25,517,483,24,23,76,28
9,1000,20,5.13,10.3,18,37,42,962,24,7,7,38,7.807656319,98,71,5.58863581,10.11750783,7.996281894,7.636995084,455,12,3,5,20,507,12,4,2,18,475,525,46,25,79,19
14,1000,20,5.13,10.3,18,37,36,965,19,8,8,35,7.727406835,101,47,5.147450727,9.313580195,7.252839799,8.256152773,513,9,0,5,14,452,10,8,3,21,527,473,29,18,71,30
11,1000,20,5.13,10.3,18,37,40,948,27,13,12,52,8.324504867,109,52,5.25822088,9.538272334,8.512808802,8.112162132,501,15,7,7,29,447,12,6,5,23,530,470,33,19,80,29
16,1000,20,5.13,10.3,18,37,22,950,30,11,9,50,7.921984889,103,58,5.213804233,9.739626007,7.307815035,8.507365531,469,11,4,4,19,481,19,7,5,31,488,512,40,18,70,33
10,1000,20,5.13,10.3,18,37,43,969,21,5,5,31,7.891531734,111,54,5.316257493,9.537700303,7.904726506,7.877688037,492,13,4,3,20,477,8,1,2,11,512,488,37,17,84,27
15,1000,20,5.13,10.3,18,37,35,961,25,9,5,39,7.537699891,87,51,5.375340592,9.955438173,7.086291556,7.96111391,469,11,2,2,15,492,14,7,3,24,484,516,30,21,70,17
12,1000,20,5.13,10.3,18,37,40,954,31,8,7,46,7.84261467,115,54,5.508833992,10.51315929,7.66786854,8.013216623,475,14,2,3,19,479,17,6,4,27,494,506,37,17,85,30
13,1000,20,5.13,10.3,18,37,39,949,31,10,10,51,8.02168246,92,60,5.336109714,9.605322949,7.742859327,8.320132895,490,19,5,3,27,459,12,5,7,24,517,483,39,21,71,21
9,1000,20,5.13,10.3,18,37,43,961,25,7,7,39,7.824612437,119,78,5.628281504,10.16551762,8.005291901,7.661140541,454,13,3,5,21,507,12,4,2,18,475,525,58,20,91,28
14,1000,20,5.13,10.3,18,37,37,966,19,8,7,34,7.730125089,101,48,5.171618474,9.333095413,7.270833853,8.241851266,513,9,0,5,14,453,10,8,2,20,527,473,31,17,70,31
11,1000,20,5.13,10.3,18,37,41,949,25,14,12,51,8.34387222,110,57,5.276770833,9.557295047,8.528501361,8.135673402,502,15,6,7,28,447,10,8,5,23,530,470,33,24,77,33
10,1000,20,5.13,10.3,18,37,44,969,21,5,5,31,7.930223134,93,57,5.331335349,9.554737912,7.946679471,7.912957469,492,13,4,3,20,477,8,1,2,11,512,488,36,21,68,25
16,1000,20,5.13,10.3,18,37,23,950,30,11,9,50,7.977325824,103,57,5.236530116,9.739543672,7.397852888,8.529635967,469,11,4,4,19,481,19,7,5,31,488,512,40,17,75,28
15,1000,20,5.13,10.3,18,37,36,962,25,8,5,38,7.507774938,110,61,5.373714556,9.959634548,7.097876495,7.892253322,469,11,2,2,15,493,14,6,3,23,484,516,35,26,84,26
12,1000,20,5.13,10.3,18,37,41,952,33,8,7,48,7.859211055,117,54,5.529466734,10.59157957,7.717916071,7.997155171,474,15,2,3,20,478,18,6,4,28,494,506,38,16,89,28
13,1000,20,5.13,10.3,18,37,40,949,31,10,10,51,8.076486387,113,42,5.335547741,9.628679916,7.84226166,8.327198983,490,19,5,3,27,459,12,5,7,24,517,483,31,11,79,34
9,1000,20,5.13,10.3,18,37,44,960,25,8,7,40,7.873059551,89,59,5.645404283,10.19601474,8.089848386,7.676917271,453,13,4,5,22,507,12,4,2,18,475,525,34,25,68,21
14,1000,20,5.13,10.3,18,37,38,966,19,8,7,34,7.76983227,88,48,5.192205103,9.352061296,7.325176063,8.265252611,513,9,0,5,14,453,10,8,2,20,527,473,30,18,61,27
11,1000,20,5.13,10.3,18,37,42,949,26,13,12,51,8.352740395,112,53,5.280004877,9.597734709,8.545108354,8.135814825,502,15,6,7,28,447,11,7,5,23,530,470,27,26,81,31
10,1000,20,5.13,10.3,18,37,45,969,21,5,5,31,7.922409438,110,66,5.353173164,9.572065278,7.965475927,7.877224925,492,13,4,3,20,477,8,1,2,11,512,488,35,31,79,31
16,1000,20,5.13,10.3,18,37,24,949,31,11,9,51,8.005772035,88,62,5.24715003,9.741793815,7.429737922,8.554804549,469,11,4,4,19,480,20,7,5,32,488,512,32,30,63,25
15,1000,20,5.13,10.3,18,37,37,961,26,8,5,39,7.530566384,121,63,5.390212168,10.00078734,7.09075791,7.943099914,469,11,2,2,15,492,15,6,3,24,484,516,39,24,93,28
12,1000,20,5.13,10.3,18,37,42,954,32,8,6,46,7.794760671,109,56,5.550506762,10.62585298,7.715582318,7.872061277,473,16,2,3,21,481,16,6,3,25,494,506,33,23,81,28
13,1000,20,5.13,10.3,18,37,41,949,31,10,10,51,8.099535033,103,57,5.3548051,9.628715175,7.866470366,8.349005909,491,18,5,3,26,458,13,5,7,25,517,483,40,17,73,30
9,1000,20,5.13,10.3,18,37,45,961,25,7,7,39,7.872388099,114,59,5.644333455,10.22384845,8.065598358,7.697578817,454,13,3,5,21,507,12,4,2,18,475,525,37,22,93,21
14,1000,20,5.13,10.3,18,37,39,966,18,9,7,34,7.769572926,95,66,5.202032073,9.386317387,7.35545312,8.23097068,513,9,0,5,14,453,9,9,2,20,527,473,42,24,69,26
11,1000,20,5.13,10.3,18,37,43,949,26,13,12,51,8.341227826,106,45,5.279399547,9.621938696,8.57405253,8.078680819,502,15,6,7,28,447,11,7,5,23,530,470,32,13,80,26
10,1000,20,5.13,10.3,18,37,46,967,23,5,5,33,7.944277094,97,66,5.364131904,9.601736009,7.988283467,7.898106473,490,15,4,3,22,477,8,1,2,11,512,488,46,20,71,26
15,1000,20,5.13,10.3,18,37,38,961,26,8,5,39,7.533746081,120,56,5.404003872,10.05183581,7.12950127,7.912921446,469,11,2,2,15,492,15,6,3,24,484,516,34,22,91,29
16,1000,20,5.13,10.3,18,37,25,949,30,12,9,51,8.043932092,86,58,5.238240927,9.776352907,7.497398683,8.564846748,469,11,4,4,19,480,19,8,5,32,488,512,33,25,63,23
12,1000,20,5.13,10.3,18,37,43,953,33,8,6,47,7.807254006,114,60,5.610808831,10.69280892,7.729398737,7.883262906,473,16,2,3,21,480,17,6,3,26,494,506,44,16,85,29
13,1000,20,5.13,10.3,18,37,42,950,31,9,10,50,8.132748628,91,59,5.359757557,9.664363109,7.932398672,8.347201895,491,18,5,3,26,459,13,4,7,24,517,483,37,22,65,26
9,1000,20,5.13,10.3,18,37,46,962,24,7,7,38,7.880745689,104,65,5.675969486,10.24510254,8.101015041,7.681454372,454,13,3,5,21,508,11,4,2,17,475,525,42,23,86,18
14,1000,20,5.13,10.3,18,37,40,966,18,9,7,34,7.781169101,91,63,5.220007137,9.395103666,7.365636878,8.24414052,513,9,0,5,14,453,9,9,2,20,527,473,30,33,70,21
11,1000,20,5.13,10.3,18,37,44,950,26,12,12,50,8.343028907,99,59,5.294466279,9.639896655,8.606325402,8.046120093,502,15,6,7,28,448,11,6,5,22,530,470,40,19,76,23
10,1000,20,5.13,10.3,18,37,47,967,23,5,5,33,7.968784709,96,52,5.392677076,9.629055832,8.017312834,7.917869955,490,15,4,3,22,477,8,1,2,11,512,488,38,14,75,21
15,1000,20,5.13,10.3,18,37,39,961,26,8,5,39,7.543385655,100,58,5.422138199,10.07692141,7.144704505,7.917342393,469,11,2,2,15,492,15,6,3,24,484,516,39,19,80,20
12,1000,20,5.13,10.3,18,37,44,954,32,8,6,46,7.808159593,96,57,5.645807854,10.72846363,7.741105335,7.873623632,473,16,2,3,21,481,16,6,3,25,494,506,45,12,76,20
16,1000,20,5.13,10.3,18,37,26,949,29,13,9,51,8.060410081,112,51,5.222962128,9.799294764,7.524469332,8.571228608,469,10,5,4,19,480,19,8,5,32,488,512,33,18,74,38
13,1000,20,5.13,10.3,18,37,43,951,30,9,10,49,8.156366748,99,59,5.381015267,9.688975111,7.965550476,8.360615221,492,17,5,3,25,459,13,4,7,24,517,483,38,21,73,26
9,1000,20,5.13,10.3,18,37,47,962,24,7,7,38,7.885277369,113,57,5.672540322,10.23891085,8.104518723,7.686916145,454,13,3,5,21,508,11,4,2,17,475,525,29,28,83,30
14,1000,20,5.13,10.3,18,37,41,966,18,9,7,34,7.813663615,99,62,5.247466604,9.458099713,7.398214576,8.276542353,513,9,0,5,14,453,9,9,2,20,527,473,39,23,80,19
10,1000,20,5.13,10.3,18,37,48,967,23,5,5,33,7.987724518,101,55,5.407279521,9.661656964,8.053996033,7.918193748,490,15,4,3,22,477,8,1,2,11,512,488,37,18,75,26
11,1000,20,5.13,10.3,18,37,45,951,26,11,12,49,8.338739556,93,57,5.314123789,9.656482067,8.629669513,8.010669604,502,15,6,7,28,449,11,5,5,21,530,470,33,24,72,21
15,1000,20,5.13,10.3,18,37,40,962,26,7,5,38,7.547742457,100,60,5.434380497,10.11544156,7.178580613,7.894010542,469,11,2,2,15,493,15,5,3,23,484,516,37,23,71,29
12,1000,20,5.13,10.3,18,37,45,954,32,8,6,46,7.817483375,115,75,5.673072184,10.74438247,7.753502624,7.879946796,472,17,2,3,22,482,15,6,3,24,494,506,51,24,81,34
13,1000,20,5.13,10.3,18,37,44,950,31,9,10,50,8.196494895,103,62,5.386113648,9.706587014,8.03446594,8.369929615,491,18,5,3,26,459,13,4,7,24,517,483,37,25,81,22
16,1000,20,5.13,10.3,18,37,27,947,32,13,8,53,8.055031588,121,52,5.25797328,9.828500654,7.492095944,8.591579624,469,11,5,3,19,478,21,8,5,34,488,512,37,15,80,41
9,1000,20,5.13,10.3,18,37,48,962,24,7,7,38,7.917620203,111,55,5.688850406,10.27490148,8.13435101,7.721530426,454,13,3,5,21,508,11,4,2,17,475,525,33,22,80,31
14,1000,20,5.13,10.3,18,37,42,966,18,9,7,34,7.827992729,100,63,5.265518464,9.485800057,7.41704857,8.285852288,513,9,0,5,14,453,9,9,2,20,527,473,41,22,77,23
10,1000,20,5.13,10.3,18,37,49,966,24,5,5,34,8.013483726,98,62,5.426183418,9.710287515,8.072200253,7.951879502,490,15,4,3,22,476,9,1,2,12,512,488,43,19,74,24
11,1000,20,5.13,10.3,18,37,46,952,26,10,12,48,8.309200692,112,70,5.325658117,9.688831837,8.618272516,7.960672889,501,16,6,7,29,451,10,4,5,19,530,470,43,27,73,39
15,1000,20,5.13,10.3,18,37,41,962,26,7,5,38,7.559636601,96,64,5.4407714,10.15699215,7.202617684,7.89451481,469,11,2,2,15,493,15,5,3,23,484,516,35,29,70,26
12,1000,20,5.13,10.3,18,37,46,953,33,8,6,47,7.818974839,136,59,5.678649324,10.78929453,7.792012431,7.845297821,471,18,2,3,23,482,15,6,3,24,494,506,36,23,106,30
13,1000,20,5.13,10.3,18,37,45,950,31,9,10,50,8.19803096,103,56,5.385057725,9.719147928,8.048716654,8.357856005,491,18,5,3,26,459,13,4,7,24,517,483,35,21,76,27
9,1000,20,5.13,10.3,18,37,49,961,25,7,7,39,7.948487334,108,63,5.704198637,10.28967631,8.170548386,7.747574953,454,13,3,5,21,507,12,4,2,18,475,525,44,19,84,24
14,1000,20,5.13,10.3,18,37,43,967,16,10,7,33,7.851801579,87,51,5.292496804,9.541517587,7.477610729,8.268711891,513,8,1,5,14,454,8,9,2,19,527,473,32,19,71,16
10,1000,20,5.13,10.3,18,37,50,967,22,6,5,33,8.032193901,89,61,5.439925915,9.742322823,8.132131861,7.927340959,490,14,5,3,22,477,8,1,2,11,512,488,37,24,70,19
16,1000,20,5.13,10.3,18,37,28,948,31,13,8,52,8.069403735,91,58,5.264090782,9.876898927,7.539442769,8.574522782,469,11,5,3,19,479,20,8,5,33,488,512,35,23,65,26
11,1000,20,5.13,10.3,18,37,47,952,26,10,12,48,8.339906691,89,71,5.32770003,9.687311693,8.639317826,8.002272857,501,16,6,7,29,451,10,4,5,19,530,470,47,24,60,29
15,1000,20,5.13,10.3,18,37,42,961,27,7,5,39,7.579489397,110,58,5.456802582,10.20929969,7.239685879,7.898219829,469,11,2,2,15,492,16,5,3,24,484,516,34,24,80,30
12,1000,20,5.13,10.3,18,37,47,953,33,8,6,47,7.826982597,134,60,5.69683257,10.86503915,7.8065265,7.84695357,471,18,2,3,23,482,15,6,3,24,494,506,36,24,100,34
13,1000,20,5.13,10.3,18,37,46,947,34,10,9,53,8.209824232,94,42,5.386099402,9.747939924,8.103803939,8.323307652,489,20,5,3,28,458,14,5,6,25,517,483,25,17,68,26
9,1000,20,5.13,10.3,18,37,50,961,24,9,6,39,7.928825113,100,66,5.699673084,10.30058687,8.156009358,7.723277463,454,13,4,4,21,507,11,5,2,18,475,525,48,18,83,17
10,1000,20,5.13,10.3,18,37,51,967,21,7,5,33,8.026017298,117,53,5.443651795,9.752730841,8.127641281,7.919395415,490,14,5,3,22,477,7,2,2,11,512,488,35,18,89,28
14,1000,20,5.13,10.3,18,37,44,967,16,10,7,33,7.853141191,90,70,5.310824553,9.55698801,7.512993487,8.232121826,512,9,1,5,15,455,7,9,2,18,527,473,42,28,71,19
11,1000,20,5.13,10.3,18,37,48,952,26,11,11,48,8.335318883,86,66,5.3376059,9.725987196,8.626195197,8.007309424,501,16,7,6,29,451,10,4,5,19,530,470,45,21,68,18
16,1000,20,5.13,10.3,18,37,29,949,31,12,8,51,8.101341545,122,59,5.286778197,9.899183429,7.585110653,8.593374113,469,11,5,3,19,480,20,7,5,32,488,512,36,23,90,32
15,1000,20,5.13,10.3,18,37,43,960,29,7,4,40,7.615339214,98,61,5.472990278,10.23217717,7.30501799,7.906415711,469,11,2,2,15,491,18,5,2,25,484,516,41,20,84,14
12,1000,20,5.13,10.3,18,37,48,953,33,8,6,47,7.81708899,120,65,5.711232709,10.91255711,7.81456289,7.819555183,471,18,2,3,23,482,15,6,3,24,494,506,41,24,92,28
10,1000,20,5.13,10.3,18,37,52,966,22,7,5,34,8.071768012,97,51,5.438871238,9.784902477,8.169243454,7.969498695,490,14,5,3,22,476,8,2,2,12,512,488,32,19,76,21
9,1000,20,5.13,10.3,18,37,51,961,24,9,6,39,7.927168617,122,70,5.70760797,10.35413026,8.160846643,7.715745641,454,13,4,4,21,507,11,5,2,18,475,525,49,21,93,29
13,1000,20,5.13,10.3,18,37,47,947,33,10,10,53,8.233650432,106,50,5.40498638,9.768759261,8.151047001,8.322068598,489,19,6,3,28,458,14,4,7,25,517,483,33,17,77,29
14,1000,20,5.13,10.3,18,37,45,966,17,9,8,34,7.895584656,98,60,5.311572767,9.607909407,7.587289488,8.239076313,511,10,1,5,16,455,7,8,3,18,527,473,34,26,71,27
11,1000,20,5.13,10.3,18,37,49,952,25,13,10,48,8.358018891,108,62,5.366394329,9.753319188,8.668358033,8.008061985,501,15,8,6,29,451,10,5,4,19,530,470,37,25,82,26
16,1000,20,5.13,10.3,18,37,30,951,29,12,8,49,8.088336442,102,64,5.292907994,9.935285493,7.624813247,8.530131988,469,11,5,3,19,482,18,7,5,30,488,512,30,34,79,23
15,1000,20,5.13,10.3,18,37,44,960,30,6,4,40,7.606768581,99,56,5.485377401,10.27313382,7.330634487,7.865778081,468,12,2,2,16,492,18,4,2,24,484,516,39,17,82,17
12,1000,20,5.13,10.3,18,37,49,953,33,8,6,47,7.815349787,99,59,5.725026616,10.99507412,7.84445285,7.786936916,470,19,2,3,24,483,14,6,3,23,494,506,40,19,82,17
10,1000,20,5.13,10.3,18,37,53,965,23,7,5,35,8.123904728,107,58,5.452813514,9.831616374,8.24401977,7.997882389,489,15,5,3,23,476,8,2,2,12,512,488,46,12,79,28
9,1000,20,5.13,10.3,18,37,52,959,26,9,6,41,7.955406038,136,48,5.710864945,10.38164839,8.186835201,7.746017748,453,15,4,3,22,506,11,5,3,19,475,525,32,16,100,36
13,1000,20,5.13,10.3,18,37,48,947,34,9,10,53,8.219754813,113,65,5.427170048,9.786104522,8.195098476,8.246146792,488,20,6,3,29,459,14,3,7,24,517,483,39,26,83,30
14,1000,20,5.13,10.3,18,37,46,966,16,10,8,34,7.929460551,78,60,5.337452579,9.64692514,7.619598906,8.274697521,511,10,1,5,16,455,6,9,3,18,527,473,42,18,51,27
11,1000,20,5.13,10.3,18,37,50,952,26,12,10,48,8.379950261,90,68,5.399735689,9.799435689,8.709375042,8.008471253,501,16,7,6,29,451,10,5,4,19,530,470,47,21,67,23
15,1000,20,5.13,10.3,18,37,45,961,29,6,4,39,7.66345882,103,65,5.522734578,10.33378608,7.411533639,7.899760735,468,12,2,2,16,493,17,4,2,23,484,516,40,25,86,17
12,1000,20,5.13,10.3,18,37,50,953,33,8,6,47,7.836672815,117,58,5.733949793,11.06765074,7.912394823,7.762746585,470,19,2,3,24,483,14,6,3,23,494,506,42,16,92,25
16,1000,20,5.13,10.3,18,37,31,951,28,13,8,49,8.072139661,106,65,5.302997392,9.996489048,7.616021895,8.506876906,469,10,6,3,19,482,18,7,5,30,488,512,43,22,76,30
10,1000,20,5.13,10.3,18,37,54,966,22,7,5,34,8.122994444,94,57,5.470333836,9.870667201,8.277370917,7.961025686,490,14,5,3,22,476,8,2,2,12,512,488,39,18,72,22
9,1000,20,5.13,10.3,18,37,53,957,29,8,6,43,7.941120632,107,76,5.733043789,10.4205916,8.220554584,7.688299436,452,17,3,3,23,505,12,5,3,20,475,525,51,25,80,27
13,1000,20,5.13,10.3,18,37,49,947,34,9,10,53,8.282570458,97,56,5.434004952,9.819796201,8.261950596,8.304641822,488,20,6,3,29,459,14,3,7,24,517,483,33,23,76,21
14,1000,20,5.13,10.3,18,37,47,966,16,10,8,34,7.972050793,99,68,5.350313512,9.68094883,7.661798977,8.317722479,511,10,1,5,16,455,6,9,3,18,527,473,37,31,70,29
11,1000,20,5.13,10.3,18,37,51,954,25,11,10,46,8.368548509,109,68,5.407068794,9.806023519,8.721816845,7.970182089,502,15,7,6,28,452,10,4,4,18,530,470,40,28,80,29
15,1000,20,5.13,10.3,18,37,46,962,28,6,4,38,7.700227824,97,77,5.547594675,10.3799874,7.453669829,7.9314954,469,11,2,2,15,493,17,4,2,23,484,516,54,23,72,25
12,1000,20,5.13,10.3,18,37,51,952,33,9,6,48,7.874824782,119,54,5.748137392,11.09894225,7.957649505,7.793964281,470,18,3,3,24,482,15,6,3,24,494,506,40,14,93,26
16,1000,20,5.13,10.3,18,37,32,952,29,12,7,48,8.080284176,101,54,5.299995615,10.02189736,7.645139092,8.495031835,469,10,6,3,19,483,19,6,4,29,488,512,40,14,77,24
10,1000,20,5.13,10.3,18,37,55,964,24,6,6,36,8.172465657,117,73,5.477358307,9.888698957,8.345454517,7.990969148,488,16,5,3,24,476,8,1,3,12,512,488,45,28,87,30
9,1000,20,5.13,10.3,18,37,54,958,28,7,7,42,7.956469258,124,64,5.740230246,10.44661258,8.282712733,7.66129659,452,17,2,4,23,506,11,5,3,19,475,525,43,21,103,21
14,1000,20,5.13,10.3,18,37,48,966,16,10,8,34,7.988905748,93,53,5.367765052,9.733281826,7.715339244,8.293703945,511,10,1,5,16,455,6,9,3,18,527,473,32,21,68,25
13,1000,20,5.13,10.3,18,37,50,947,34,9,10,53,8.296237244,96,68,5.454488608,9.860162564,8.274257775,8.319763921,488,20,6,3,29,459,14,3,7,24,517,483,42,26,74,22
11,1000,20,5.13,10.3,18,37,52,953,26,11,10,47,8.406466702,113,55,5.439806914,9.822092128,8.755400631,8.012988015,501,16,7,6,29,452,10,4,4,18,530,470,42,13,85,28
12,1000,20,5.13,10.3,18,37,52,952,34,9,5,48,7.867195796,122,64,5.78205543,11.18858388,7.949719536,7.786629141,471,18,3,2,23,481,16,6,3,25,494,506,43,21,90,32
15,1000,20,5.13,10.3,18,37,47,963,27,6,4,37,7.674448898,121,46,5.577771047,10.42007203,7.466112697,7.869865025,469,11,2,2,15,494,16,4,2,22,484,516,31,15,91,30
10,1000,20,5.13,10.3,18,37,56,964,24,6,6,36,8.184807154,91,56,5.501595024,9.927850041,8.385803263,7.973925991,488,16,5,3,24,476,8,1,3,12,512,488,44,12,73,18
16,1000,20,5.13,10.3,18,37,33,954,28,11,7,46,8.093349897,114,67,5.321559535,10.02746303,7.672366348,8.494599841,471,8,6,3,17,483,20,5,4,29,488,512,43,24,80,34
9,1000,20,5.13,10.3,18,37,55,958,28,7,7,42,7.967862867,124,70,5.782019428,10.46821089,8.328462707,7.641605869,452,17,2,4,23,506,11,5,3,19,475,525,51,19,110,14
14,1000,20,5.13,10.3,18,37,49,965,17,10,8,35,7.993135688,103,55,5.363954568,9.7560567,7.743125281,8.27168851,511,10,1,5,16,454,7,9,3,19,527,473,30,25,77,26
13,1000,20,5.13,10.3,18,37,51,945,35,10,10,55,8.343548948,92,60,5.460643796,9.891569872,8.34697891,8.33987754,486,21,7,3,31,459,14,3,7,24,517,483,39,21,68,24
11,1000,20,5.13,10.3,18,37,53,952,27,11,10,48,8.42238206,107,73,5.436452705,9.839923303,8.788213724,8.009848482,500,17,7,6,30,452,10,4,4,18,530,470,47,26,81,26
12,1000,20,5.13,10.3,18,37,53,952,35,8,5,48,7.870697563,123,59,5.791575303,11.21358341,7.961284822,7.782258619,472,18,2,2,22,480,17,6,3,26,494,506,38,21,88,35
15,1000,20,5.13,10.3,18,37,48,966,24,6,4,34,7.660624563,115,68,5.594294344,10.46840967,7.46911231,7.840260087,470,10,2,2,14,496,14,4,2,20,484,516,43,25,86,29
10,1000,20,5.13,10.3,18,37,57,966,22,6,6,34,8.201497897,107,49,5.532933,9.980919733,8.412096231,7.980542268,488,16,5,3,24,478,6,1,3,10,512,488,33,16,83,24
16,1000,20,5.13,10.3,18,37,34,953,29,10,8,47,8.136375298,99,56,5.328947125,10.01770356,7.721771727,8.531544326,471,8,6,3,17,482,21,4,5,30,488,512,35,21,73,26
14,1000,20,5.13,10.3,18,37,50,963,18,11,8,37,8.029796125,115,63,5.371808121,9.769728781,7.832157124,8.249998565,510,10,2,5,17,453,8,9,3,20,527,473,41,22,89,26
9,1000,20,5.13,10.3,18,37,56,959,27,7,7,41,8.001927163,108,68,5.797455347,10.51875322,8.368623543,7.670154247,452,16,3,4,23,507,11,4,3,18,475,525,51,17,82,26
11,1000,20,5.13,10.3,18,37,54,952,27,11,10,48,8.451774418,94,64,5.450898295,9.890332201,8.828674615,8.026759301,500,17,7,6,30,452,10,4,4,18,530,470,43,21,73,21
13,1000,20,5.13,10.3,18,37,52,945,35,10,10,55,8.378697612,97,67,5.477689646,9.922735079,8.359870671,8.398849845,486,21,7,3,31,459,14,3,7,24,517,483,41,26,76,21
12,1000,20,5.13,10.3,18,37,54,954,33,8,5,46,7.8845312,128,60,5.78753742,11.23834218,7.97775952,7.793513829,474,16,2,2,20,480,17,6,3,26,494,506,39,21,99,29
15,1000,20,5.13,10.3,18,37,49,967,22,7,4,33,7.693654258,86,60,5.643426787,10.55001897,7.495509412,7.879511052,469,10,3,2,15,498,12,4,2,18,484,516,31,29,66,20
10,1000,20,5.13,10.3,18,37,58,965,23,6,6,35,8.239299537,112,64,5.545431888,10.0333915,8.43515504,8.033811795,487,17,5,3,25,478,6,1,3,10,512,488,46,18,82,30
14,1000,20,5.13,10.3,18,37,51,963,19,10,8,37,8.017342329,103,54,5.381321289,9.795648241,7.858587095,8.19422184,509,11,2,5,18,454,8,8,3,19,527,473,38,16,79,24
11,1000,20,5.13,10.3,18,37,55,950,29,11,10,50,8.491693018,102,64,5.478041404,9.911977672,8.850731167,8.086820212,500,17,7,6,30,450,12,4,4,20,530,470,39,25,78,24
9,1000,20,5.13,10.3,18,37,57,959,27,7,7,41,7.987934892,109,72,5.7830624,10.53754096,8.360425905,7.650919213,452,16,3,4,23,507,11,4,3,18,475,525,54,18,90,19
13,1000,20,5.13,10.3,18,37,53,945,35,10,10,55,8.388768508,97,59,5.50716522,9.960898557,8.390804964,8.386588699,486,21,7,3,31,459,14,3,7,24,517,483,34,25,77,20
16,1000,20,5.13,10.3,18,37,35,952,29,11,8,48,8.146574275,101,56,5.342421555,10.05252545,7.73152601,8.542167152,471,8,6,3,17,481,21,5,5,31,488,512,32,24,76,25
12,1000,20,5.13,10.3,18,37,55,953,34,8,5,47,7.926486967,116,61,5.812956388,11.3112371,8.049210372,7.806673999,474,16,2,2,20,479,18,6,3,27,494,506,44,17,96,20
15,1000,20,5.13,10.3,18,37,50,967,22,8,3,33,7.715316954,115,61,5.652240033,10.59525912,7.544024322,7.875986787,468,11,4,1,16,499,11,4,2,17,484,516,32,29,87,28
10,1000,20,5.13,10.3,18,37,59,965,23,6,6,35,8.249026035,122,64,5.577642514,10.0914167,8.445251187,8.043150466,487,17,5,3,25,478,6,1,3,10,512,488,45,19,98,24
14,1000,20,5.13,10.3,18,37,52,964,18,10,8,36,8.049961646,99,51,5.397325917,9.81751942,7.888154986,8.230240948,509,11,2,5,18,455,7,8,3,18,527,473,36,15,74,25
11,1000,20,5.13,10.3,18,37,56,950,29,11,10,50,8.490402545,115,57,5.487583708,9.93416941,8.885571838,8.044786108,500,17,7,6,30,450,12,4,4,20,530,470,40,17,89,26
9,1000,20,5.13,10.3,18,37,58,959,27,7,7,41,8.003284565,111,55,5.786995859,10.58236889,8.372229364,7.669477367,452,16,3,4,23,507,11,4,3,18,475,525,42,13,96,15
13,1000,20,5.13,10.3,18,37,54,945,35,10,10,55,8.43386347,96,63,5.524557348,10.01027389,8.425695447,8.442606467,486,21,7,3,31,459,14,3,7,24,517,483,43,20,79,17
16,1000,20,5.13,10.3,18,37,36,952,29,11,8,48,8.150205087,108,52,5.350627746,10.08310078,7.779249727,8.503771914,471,8,6,3,17,481,21,5,5,31,488,512,38,14,80,28
12,1000,20,5.13,10.3,18,37,56,953,33,8,6,47,7.930921855,106,56,5.837753919,11.36408146,8.045899359,7.81867109,474,15,3,2,20,479,18,5,4,27,494,506,38,18,85,21
15,1000,20,5.13,10.3,18,37,51,967,23,7,3,33,7.714976042,101,46,5.684457846,10.64708753,7.554825433,7.86519483,467,12,4,1,17,500,11,3,2,16,484,516,30,16,73,28
10,1000,20,5.13,10.3,18,37,60,965,23,6,6,35,8.248790349,112,58,5.617758802,10.12429105,8.479088591,8.007165963,487,17,5,3,25,478,6,1,3,10,512,488,42,16,89,23
14,1000,20,5.13,10.3,18,37,53,965,18,9,8,35,8.039063228,117,50,5.402983661,9.847963236,7.910227431,8.182607552,509,11,2,5,18,456,7,7,3,17,527,473,37,13,91,26
11,1000,20,5.13,10.3,18,37,57,949,30,11,10,51,8.472006167,95,72,5.501812699,9.980086122,8.915019078,7.972438418,499,18,7,6,31,450,12,4,4,20,530,470,46,26,74,21
9,1000,20,5.13,10.3,18,37,59,958,28,7,7,42,8.014597189,110,61,5.824658747,10.62201715,8.398917858,7.666878489,451,17,3,4,24,507,11,4,3,18,475,525,44,17,84,26
13,1000,20,5.13,10.3,18,37,55,947,34,10,9,53,8.438790764,109,58,5.528222493,10.02961012,8.435868507,8.441918728,487,20,7,3,30,460,14,3,6,23,517,483,38,20,81,28
12,1000,20,5.13,10.3,18,37,57,955,30,9,6,45,7.921225503,124,56,5.834475608,11.41621356,8.022464334,7.822387594,475,14,3,2,19,480,16,6,4,26,494,506,37,19,99,25
15,1000,20,5.13,10.3,18,37,52,965,25,7,3,35,7.740888659,108,73,5.709466778,10.68677511,7.586043736,7.886130795,466,13,4,1,18,499,12,3,2,17,484,516,50,23,88,20
16,1000,20,5.13,10.3,18,37,37,952,29,11,8,48,8.18694598,102,62,5.379576939,10.12973034,7.835839455,8.521594386,470,9,6,3,18,482,20,5,5,30,488,512,39,23,82,20
10,1000,20,5.13,10.3,18,37,61,966,22,6,6,34,8.251144327,94,71,5.636483822,10.14408305,8.520035819,7.969028663,487,17,5,3,25,479,5,1,3,9,512,488,41,30,66,28
14,1000,20,5.13,10.3,18,37,54,966,17,9,8,34,8.052451261,111,79,5.413518896,9.896738994,7.927803907,8.191328968,510,10,2,5,17,456,7,7,3,17,527,473,49,30,84,27
11,1000,20,5.13,10.3,18,37,58,949,30,11,10,51,8.476014751,109,65,5.507743963,10.00978897,8.931659926,7.962202107,498,19,7,6,32,451,11,4,4,19,530,470,48,17,82,27
9,1000,20,5.13,10.3,18,37,60,956,30,7,7,44,8.072435489,105,64,5.847632481,10.66752611,8.476497451,7.706855618,449,19,3,4,26,507,11,4,3,18,475,525,54,10,88,17
13,1000,20,5.13,10.3,18,37,56,945,35,11,9,55,8.474123927,102,74,5.544419909,10.06148531,8.507755672,8.43812473,486,20,8,3,31,459,15,3,6,24,517,483,47,27,81,21
12,1000,20,5.13,10.3,18,37,58,954,31,9,6,46,7.975930322,102,61,5.873237245,11.4737445,8.080937768,7.873413171,475,14,3,2,19,479,17,6,4,27,494,506,45,16,84,18
15,1000,20,5.13,10.3,18,37,53,966,24,7,3,34,7.746523996,110,62,5.716121987,10.70727773,7.604653889,7.879595958,467,12,4,1,17,499,12,3,2,17,484,516,42,20,81,29
10,1000,20,5.13,10.3,18,37,62,966,22,6,6,34,8.2971455,112,78,5.67164817,10.18773593,8.569539459,8.011355117,487,17,5,3,25,479,5,1,3,9,512,488,49,29,87,25
16,1000,20,5.13,10.3,18,37,38,954,27,11,8,46,8.203073253,105,61,5.406985614,10.15838626,7.865106095,8.525198201,471,8,6,3,17,483,19,5,5,29,488,512,40,21,86,19
11,1000,20,5.13,10.3,18,37,59,950,29,12,9,50,8.482111532,104,60,5.507404896,10.07094858,8.970884084,7.930942484,499,17,8,6,31,451,12,4,3,19,530,470,42,18,75,29
14,1000,20,5.13,10.3,18,37,55,967,16,9,8,33,8.060584777,86,78,5.409910985,9.92563225,7.924124701,8.212623804,511,9,2,5,16,456,7,7,3,17,527,473,48,30,62,24
9,1000,20,5.13,10.3,18,37,61,955,30,8,7,45,8.131720773,105,54,5.861626751,10.70918468,8.552587465,7.750936624,448,19,4,4,27,507,11,4,3,18,475,525,38,16,84,21
13,1000,20,5.13,10.3,18,37,57,944,36,11,9,56,8.528790712,103,73,5.558797737,10.11033981,8.544733846,8.511725288,485,21,8,3,32,459,15,3,6,24,517,483,45,28,71,32
12,1000,20,5.13,10.3,18,37,59,953,32,9,6,47,7.971184024,117,59,5.8928695,11.52615854,8.112111308,7.833598888,474,15,3,2,20,479,17,6,4,27,494,506,42,17,91,26
15,1000,20,5.13,10.3,18,37,54,966,23,7,4,34,7.752774599,96,59,5.745056745,10.74027479,7.665215057,7.834904092,467,12,3,2,17,499,11,4,2,17,484,516,37,22,84,12
10,1000,20,5.13,10.3,18,37,63,967,21,6,6,33,8.345690602,121,65,5.678816271,10.2299926,8.644435741,8.03225308,488,16,5,3,24,479,5,1,3,9,512,488,43,22,93,28
16,1000,20,5.13,10.3,18,37,39,953,28,11,8,47,8.226063009,110,58,5.422671141,10.17788245,7.912639335,8.524794949,471,8,6,3,17,482,20,5,5,30,488,512,37,21,92,18
11,1000,20,5.13,10.3,18,37,60,950,29,12,9,50,8.504129569,100,48,5.532679189,10.10733247,9.005822809,7.938390385,499,17,8,6,31,451,12,4,3,19,530,470,32,16,84,16
14,1000,20,5.13,10.3,18,37,56,965,18,9,8,35,8.109230345,117,64,5.431018909,9.980432811,7.96444207,8.270548359,510,10,2,5,17,455,8,7,3,18,527,473,41,23,86,31
9,1000,20,5.13,10.3,18,37,62,955,30,8,7,45,8.13716186,111,63,5.881574893,10.73732614,8.5598782,7.754704219,448,19,4,4,27,507,11,4,3,18,475,525,47,16,87,24
13,1000,20,5.13,10.3,18,37,58,943,37,11,9,57,8.551580272,111,59,5.56310206,10.16476257,8.598853204,8.500979639,484,22,8,3,33,459,15,3,6,24,517,483,39,20,91,20
12,1000,20,5.13,10.3,18,37,60,953,30,11,6,47,7.999661438,110,66,5.91982705,11.57663566,8.196640265,7.807354045,474,14,4,2,20,479,16,7,4,27,494,506,47,19,93,17
15,1000,20,5.13,10.3,18,37,55,966,23,7,4,34,7.799342688,112,59,5.76437593,10.80728078,7.72747336,7.866755003,467,12,3,2,17,499,11,4,2,17,484,516,39,20,86,26
10,1000,20,5.13,10.3,18,37,64,967,21,6,6,33,8.344410263,117,60,5.710667965,10.28363839,8.669543426,8.003286944,488,16,5,3,24,479,5,1,3,9,512,488,46,14,81,36
16,1000,20,5.13,10.3,18,37,40,952,29,11,8,48,8.27281266,108,60,5.435536431,10.22288761,8.004235905,8.528799879,470,9,6,3,18,482,20,5,5,30,488,512,43,17,83,25
11,1000,20,5.13,10.3,18,37,61,950,29,12,9,50,8.520419746,93,69,5.552895478,10.13669198,9.03253684,7.942926001,499,17,8,6,31,451,12,4,3,19,530,470,38,31,68,25
14,1000,20,5.13,10.3,18,37,57,966,18,8,8,34,8.114490948,125,51,5.421873125,10.02177264,8.013462859,8.227052898,510,10,2,5,17,456,8,6,3,17,527,473,31,20,94,31
9,1000,20,5.13,10.3,18,37,63,954,31,8,7,46,8.20258831,112,72,5.911202501,10.79180326,8.638643082,7.808062565,447,20,4,4,28,507,11,4,3,18,475,525,56,16,90,22
13,1000,20,5.13,10.3,18,37,59,945,35,11,9,55,8.578941257,118,57,5.551299448,10.17113848,8.642672782,8.510723455,485,20,9,3,32,460,15,2,6,23,517,483,38,19,90,28
12,1000,20,5.13,10.3,18,37,61,953,31,9,7,47,8.045064491,110,71,5.917708903,11.59378899,8.279702328,7.815991188,472,16,4,2,22,481,15,5,5,25,494,506,49,22,87,23
15,1000,20,5.13,10.3,18,37,56,965,24,7,4,35,7.810016491,125,69,5.789624905,10.86185469,7.758195864,7.858623436,467,12,3,2,17,498,12,4,2,18,484,516,52,17,98,27
10,1000,20,5.13,10.3,18,37,65,967,21,6,6,33,8.364660462,104,59,5.734853985,10.3284165,8.689708245,8.023626722,487,17,5,3,25,480,4,1,3,8,512,488,40,19,77,27
11,1000,20,5.13,10.3,18,37,62,949,28,14,9,51,8.541711883,95,56,5.560224159,10.1761212,9.047568793,7.971277495,498,16,10,6,32,451,12,4,3,19,530,470,33,23,79,16
14,1000,20,5.13,10.3,18,37,58,966,18,8,8,34,8.178412231,103,59,5.415186638,10.04974593,8.086085378,8.28127957,510,10,2,5,17,456,8,6,3,17,527,473,35,24,82,21
16,1000,20,5.13,10.3,18,37,41,953,28,11,8,47,8.308267716,114,61,5.450660265,10.2533601,8.038228895,8.565648467,471,8,6,3,17,482,20,5,5,30,488,512,38,23,78,36
9,1000,20,5.13,10.3,18,37,64,954,31,8,7,46,8.207793523,110,74,5.956948895,10.84143123,8.627681447,7.827894926,447,20,4,4,28,507,11,4,3,18,475,525,53,21,84,26
12,1000,20,5.13,10.3,18,37,62,951,33,9,7,49,8.07111169,124,58,5.927601864,11.61800405,8.316354634,7.831684784,471,17,4,2,23,480,16,5,5,26,494,506,34,24,100,24
13,1000,20,5.13,10.3,18,37,60,945,36,10,9,55,8.580480922,105,63,5.549344025,10.20299967,8.679166943,8.47484806,485,20,8,4,32,460,16,2,5,23,517,483,38,25,79,26
15,1000,20,5.13,10.3,18,37,57,965,24,7,4,35,7.812094874,114,73,5.809275365,10.89360407,7.772073056,7.849634719,467,12,3,2,17,498,12,4,2,18,484,516,45,28,85,29
10,1000,20,5.13,10.3,18,37,66,967,21,6,6,33,8.370457781,113,74,5.748034558,10.39312061,8.717269095,8.006590173,487,17,5,3,25,480,4,1,3,8,512,488,49,25,86,27
11,1000,20,5.13,10.3,18,37,63,948,28,14,10,52,8.583439406,108,63,5.579457164,10.21983426,9.069127424,8.035748662,498,15,10,7,32,450,13,4,3,20,530,470,45,18,80,28
14,1000,20,5.13,10.3,18,37,59,967,17,8,8,33,8.165706786,98,67,5.452862543,10.06949776,8.086963009,8.253440338,510,10,2,5,17,457,7,6,3,16,527,473,41,26,69,29
9,1000,20,5.13,10.3,18,37,65,952,33,8,7,48,8.228124098,111,68,5.97785977,10.88882253,8.664281794,7.83350523,446,21,4,4,29,506,12,4,3,19,475,525,49,19,90,21
12,1000,20,5.13,10.3,18,37,63,952,34,8,6,48,8.094390491,124,68,5.9326859,11.64244709,8.361861941,7.833262238,471,17,4,2,23,481,17,4,4,25,494,506,54,14,96,28
16,1000,20,5.13,10.3,18,37,42,953,28,12,7,47,8.312569743,140,64,5.460291437,10.28454476,8.077103223,8.536998769,471,8,6,3,17,482,20,6,4,30,488,512,36,28,110,30
13,1000,20,5.13,10.3,18,37,61,946,34,10,10,54,8.629523785,93,63,5.558167708,10.24079182,8.765067814,8.484438354,485,19,8,5,32,461,15,2,5,22,517,483,39,24,70,23
15,1000,20,5.13,10.3,18,37,58,964,25,7,4,36,7.851156331,127,65,5.82523236,10.91882866,7.810567704,7.889227835,466,13,3,2,18,498,12,4,2,18,484,516,47,18,99,28
10,1000,20,5.13,10.3,18,37,67,965,24,6,5,35,8.406363908,112,68,5.768170092,10.44315074,8.802145468,7.991117682,486,18,5,3,26,479,6,1,2,9,512,488,45,23,87,25
11,1000,20,5.13,10.3,18,37,64,946,31,14,9,54,8.585549078,126,63,5.59916564,10.2519706,9.090346871,8.016309012,497,16,10,7,33,449,15,4,2,21,530,470,43,20,96,30
14,1000,20,5.13,10.3,18,37,60,964,20,8,8,36,8.201099148,100,54,5.442013985,10.08394035,8.139816587,8.269378027,508,12,2,5,19,456,8,6,3,17,527,473,35,19,75,25
9,1000,20,5.13,10.3,18,37,66,952,33,8,7,48,8.213759732,127,72,5.993743054,10.90525945,8.672974657,7.798279562,446,21,4,4,29,506,12,4,3,19,475,525,59,13,98,29
12,1000,20,5.13,10.3,18,37,64,953,33,8,6,47,8.103669334,118,60,5.968993848,11.67630973,8.383733262,7.830247239,471,17,4,2,23,482,16,4,4,24,494,506,40,20,92,26
15,1000,20,5.13,10.3,18,37,59,962,27,7,4,38,7.866390969,124,59,5.826027938,10.95944244,7.883925385,7.849943959,464,15,3,2,20,498,12,4,2,18,484,516,35,24,95,29
13,1000,20,5.13,10.3,18,37,62,946,34,10,10,54,8.672889689,89,58,5.582926019,10.27222754,8.813938426,8.521912055,485,19,8,5,32,461,15,2,5,22,517,483,41,17,77,12
10,1000,20,5.13,10.3,18,37,68,966,23,6,5,34,8.427264473,124,65,5.786772908,10.48781283,8.851885501,7.981760442,487,17,5,3,25,479,6,1,2,9,512,488,48,17,93,31
16,1000,20,5.13,10.3,18,37,43,953,28,12,7,47,8.349975869,96,55,5.478356116,10.33053602,8.120649958,8.568552129,471,8,6,3,17,482,20,6,4,30,488,512,32,23,78,18
11,1000,20,5.13,10.3,18,37,65,947,31,12,10,53,8.616700272,110,67,5.617658023,10.28422375,9.161614508,8.002222516,497,17,8,8,33,450,14,4,2,20,530,470,42,25,84,26
14,1000,20,5.13,10.3,18,37,61,963,21,8,8,37,8.227473697,114,55,5.448319801,10.13961548,8.173944565,8.287113978,508,12,2,5,19,455,9,6,3,18,527,473,40,15,84,30
12,1000,20,5.13,10.3,18,37,65,953,33,8,6,47,8.111306653,107,67,5.98387085,11.71312848,8.398081859,7.831332439,471,16,5,2,23,482,17,3,4,24,494,506,47,20,87,20
9,1000,20,5.13,10.3,18,37,67,955,31,8,6,45,8.233580111,106,64,6.010049848,10.9566262,8.687048536,7.823299155,446,21,4,4,29,509,10,4,2,16,475,525,43,21,83,23
15,1000,20,5.13,10.3,18,37,60,960,28,8,4,40,7.916676301,105,64,5.841304932,10.97340882,7.939274248,7.895479777,463,16,3,2,21,497,12,5,2,19,484,516,45,19,90,15
13,1000,20,5.13,10.3,18,37,63,944,36,10,10,56,8.677894157,89,51,5.600990595,10.3086728,8.869222284,8.473097797,483,21,8,5,34,461,15,2,5,22,517,483,34,17,62,27
10,1000,20,5.13,10.3,18,37,69,967,22,6,5,33,8.435435426,111,53,5.82603026,10.5418737,8.874922955,7.974333756,487,17,5,3,25,480,5,1,2,8,512,488,36,17,87,24
16,1000,20,5.13,10.3,18,37,44,954,28,11,7,46,8.361965959,104,68,5.50143733,10.36662385,8.118390777,8.594123554,471,8,6,3,17,483,20,5,4,29,488,512,45,23,79,25
11,1000,20,5.13,10.3,18,37,66,945,32,13,10,55,8.652511778,100,70,5.614238788,10.31063589,9.213228673,8.020214002,497,17,8,8,33,448,15,5,2,22,530,470,53,17,76,24
14,1000,20,5.13,10.3,18,37,62,961,23,8,8,39,8.273957374,101,57,5.464109402,10.19093181,8.253975725,8.296220227,506,14,2,5,21,455,9,6,3,18,527,473,41,16,81,20
12,1000,20,5.13,10.3,18,37,66,954,32,7,7,46,8.113847828,127,60,6.002813303,11.73791524,8.4450222,7.790527394,471,16,5,2,23,483,16,2,5,23,494,506,46,14,105,22
9,1000,20,5.13,10.3,18,37,68,955,32,7,6,45,8.246539486,98,62,6.017161791,10.95793053,8.720353564,7.817850559,445,22,4,4,30,510,10,3,2,15,475,525,47,15,84,14
15,1000,20,5.13,10.3,18,37,61,959,30,8,3,41,7.895714353,120,55,5.867308959,11.02031177,7.970952463,7.825142173,462,17,3,2,22,497,13,5,1,19,484,516,38,17,99,21
10,1000,20,5.13,10.3,18,37,70,968,21,6,5,32,8.455295662,100,64,5.833807967,10.6027354,8.931896278,7.955255672,488,16,5,3,24,480,5,1,2,8,512,488,51,13,75,25
13,1000,20,5.13,10.3,18,37,64,944,35,11,10,56,8.704156506,115,57,5.604250465,10.33922823,8.906574633,8.487489483,483,21,8,5,34,461,14,3,5,22,517,483,36,21,96,19
16,1000,20,5.13,10.3,18,37,45,955,29,10,6,45,8.354547976,110,58,5.528556879,10.39380918,8.149940087,8.54956487,471,8,6,3,17,484,21,4,3,28,488,512,36,22,89,21
11,1000,20,5.13,10.3,18,37,67,946,31,13,10,54,8.641414076,113,63,5.635580702,10.38245649,9.242313743,7.963803814,496,18,8,8,34,450,13,5,2,20,530,470,42,21,88,25
14,1000,20,5.13,10.3,18,37,63,960,23,9,8,40,8.266851615,103,57,5.485929477,10.22458186,8.259926149,8.274567725,506,14,2,5,21,454,9,7,3,19,527,473,38,19,80,23
12,1000,20,5.13,10.3,18,37,67,953,32,8,7,47,8.14299329,122,63,6.024945316,11.80276588,8.536772418,7.758552798,470,16,6,2,24,483,16,2,5,23,494,506,46,17,90,32
9,1000,20,5.13,10.3,18,37,69,955,31,7,7,45,8.20767419,131,65,6.046620079,11.02760234,8.718245739,7.745728503,445,22,4,4,30,510,9,3,3,15,475,525,45,20,99,32
15,1000,20,5.13,10.3,18,37,62,958,30,9,3,42,7.912061862,108,62,5.878984503,11.05808705,7.989082167,7.839818011,462,17,3,2,22,496,13,6,1,20,484,516,42,20,95,13
10,1000,20,5.13,10.3,18,37,71,968,21,6,5,32,8.474914615,109,62,5.867269953,10.6597529,8.946827354,7.979793052,488,16,5,3,24,480,5,1,2,8,512,488,44,18,81,28
13,1000,20,5.13,10.3,18,37,65,943,36,12,9,57,8.7117857,106,69,5.620331411,10.40813538,8.914463168,8.494841081,482,22,8,5,35,461,14,4,4,22,517,483,50,19,81,25
16,1000,20,5.13,10.3,18,37,46,952,32,10,6,48,8.388807127,115,56,5.543419373,10.44424448,8.233325276,8.537000766,468,11,6,3,20,484,21,4,3,28,488,512,27,29,86,29
11,1000,20,5.13,10.3,18,37,68,945,31,14,10,55,8.695459947,106,60,5.644213032,10.39879825,9.323819052,7.986884786,495,19,8,8,35,450,12,6,2,20,530,470,41,19,79,27
14,1000,20,5.13,10.3,18,37,64,961,23,9,7,39,8.286447836,105,63,5.487872422,10.26843473,8.296037136,8.275763775,506,14,2,5,21,455,9,7,2,18,527,473,46,17,88,17
12,1000,20,5.13,10.3,18,37,68,952,32,8,8,48,8.184457087,117,56,6.045310517,11.84846806,8.579148564,7.799125883,469,16,6,3,25,483,16,2,5,23,494,506,42,14,96,21
15,1000,20,5.13,10.3,18,37,63,959,30,8,3,41,7.941236812,111,53,5.918739757,11.09259758,8.046338847,7.842652734,463,17,2,2,21,496,13,6,1,20,484,516,37,16,85,26
10,1000,20,5.13,10.3,18,37,72,968,21,6,5,32,8.513435288,111,72,5.883072962,10.70498879,9.015775463,7.986389859,489,15,5,3,23,479,6,1,2,9,512,488,52,20,89,22
9,1000,20,5.13,10.3,18,37,70,954,32,7,7,46,8.215557171,111,65,6.061217256,11.0404493,8.747801324,7.734002937,446,21,4,4,29,508,11,3,3,17,475,525,51,14,86,25
13,1000,20,5.13,10.3,18,37,66,941,37,13,9,59,8.778042076,101,48,5.620140434,10.43176791,8.995985904,8.544756447,481,22,9,5,36,460,15,4,4,23,517,483,36,12,81,20
11,1000,20,5.13,10.3,18,37,69,944,31,15,10,56,8.726518382,127,59,5.649947391,10.43284331,9.38638847,7.982409559,494,20,8,8,36,450,11,7,2,20,530,470,44,15,101,26
14,1000,20,5.13,10.3,18,37,65,961,24,9,6,39,8.283087006,112,58,5.511811055,10.30677916,8.312486517,8.250331103,506,15,2,4,21,455,9,7,2,18,527,473,35,23,86,26
16,1000,20,5.13,10.3,18,37,47,953,30,11,6,47,8.415098069,114,68,5.560172378,10.49718019,8.248474336,8.573911314,468,11,6,3,20,485,19,5,3,27,488,512,48,20,86,28
12,1000,20,5.13,10.3,18,37,69,953,31,8,8,47,8.200907192,128,58,6.077748679,11.91355863,8.621857153,7.789940235,469,16,6,3,25,484,15,2,5,22,494,506,42,16,101,27
10,1000,20,5.13,10.3,18,37,73,969,20,6,5,31,8.535297055,104,66,5.909607526,10.74478107,9.077644004,7.966277304,489,15,5,3,23,480,5,1,2,8,512,488,39,27,83,21
15,1000,20,5.13,10.3,18,37,64,957,31,9,3,43,7.943232905,95,61,5.935869836,11.17326352,8.081657307,7.813392962,462,18,2,2,22,495,13,7,1,21,484,516,43,18,85,10
9,1000,20,5.13,10.3,18,37,71,953,33,7,7,47,8.224685922,120,66,6.061973151,11.06934634,8.761837647,7.738691504,446,21,4,4,29,507,12,3,3,18,475,525,48,18,104,16
13,1000,20,5.13,10.3,18,37,67,940,38,13,9,60,8.800189567,103,55,5.637725703,10.48210892,9.018280577,8.566746394,481,22,9,5,36,459,16,4,4,24,517,483,38,17,78,25
11,1000,20,5.13,10.3,18,37,70,945,30,15,10,55,8.736146437,87,64,5.653278035,10.48193761,9.410473702,7.975734839,494,20,8,8,36,451,10,7,2,19,530,470,39,25,64,23
14,1000,20,5.13,10.3,18,37,66,962,23,9,6,38,8.274647086,107,64,5.501919919,10.33610921,8.284520053,8.263646974,507,14,2,4,20,455,9,7,2,18,527,473,45,19,77,30
12,1000,20,5.13,10.3,18,37,70,953,30,9,8,47,8.231863152,113,77,6.091129601,11.95370732,8.692820401,7.781837696,469,15,7,3,25,484,15,2,5,22,494,506,54,23,89,24
10,1000,20,5.13,10.3,18,37,74,969,21,5,5,31,8.531800658,137,65,5.93016331,10.81317207,9.095446941,7.940434066,488,16,5,3,24,481,5,0,2,7,512,488,43,22,106,31
16,1000,20,5.13,10.3,18,37,48,953,29,12,6,47,8.39643171,118,66,5.569668869,10.53115849,8.208008334,8.576022741,468,11,6,3,20,485,18,6,3,27,488,512,48,18,91,27
15,1000,20,5.13,10.3,18,37,65,957,31,9,3,43,7.910183007,126,59,5.94470161,11.21211732,8.121950488,7.711548392,461,19,2,2,23,496,12,7,1,20,484,516,44,15,105,21
9,1000,20,5.13,10.3,18,37,72,953,33,5,9,47,8.243270147,120,65,6.075476014,11.13610677,8.810696495,7.729884403,446,21,4,4,29,507,12,1,5,18,475,525,37,28,96,24
13,1000,20,5.13,10.3,18,37,68,940,37,14,9,60,8.816239399,93,67,5.671898218,10.51246048,9.072690687,8.541735639,481,22,9,5,36,459,15,5,4,24,517,483,45,22,74,19
11,1000,20,5.13,10.3,18,37,71,945,30,15,10,55,8.800199605,102,64,5.664633884,10.53769571,9.494940851,8.016767988,494,20,8,8,36,451,10,7,2,19,530,470,46,18,80,22
14,1000,20,5.13,10.3,18,37,67,962,24,9,5,38,8.262056769,115,61,5.523660481,10.37285924,8.301195916,8.218449305,507,14,2,4,20,455,10,7,1,18,527,473,44,17,88,27
12,1000,20,5.13,10.3,18,37,71,953,30,9,8,47,8.274517236,119,52,6.107061435,12.02359213,8.75665003,7.803818421,469,15,7,3,25,484,15,2,5,22,494,506,40,12,99,20
10,1000,20,5.13,10.3,18,37,75,969,19,7,5,31,8.566571248,110,68,5.943527405,10.87111957,9.185969586,7.916710697,488,15,6,3,24,481,4,1,2,7,512,488,46,22,93,17
15,1000,20,5.13,10.3,18,37,66,958,30,9,3,42,7.93191921,105,62,5.973791041,11.29282338,8.162007535,7.716099927,461,19,2,2,23,497,11,7,1,19,484,516,41,21,82,23
9,1000,20,5.13,10.3,18,37,73,954,34,4,8,46,8.223713986,135,65,6.116285004,11.18272137,8.81428482,7.689387994,447,21,3,4,28,507,13,1,4,18,475,525,50,15,113,22
16,1000,20,5.13,10.3,18,37,49,954,28,11,7,46,8.390363974,108,69,5.591759229,10.57899968,8.234314263,8.539098855,468,11,5,4,20,486,17,6,3,26,488,512,42,27,86,22
13,1000,20,5.13,10.3,18,37,69,940,37,14,9,60,8.816412045,119,59,5.670399429,10.53440232,9.052932831,8.563241762,481,22,9,5,36,459,15,5,4,24,517,483,36,23,88,31
11,1000,20,5.13,10.3,18,37,72,945,30,15,10,55,8.838171889,122,64,5.692537701,10.6069225,9.539229326,8.047617759,494,20,8,8,36,451,10,7,2,19,530,470,41,23,91,31
14,1000,20,5.13,10.3,18,37,68,962,24,9,5,38,8.28596022,115,65,5.550921524,10.4232695,8.335319793,8.230965517,507,14,2,4,20,455,10,7,1,18,527,473,46,19,85,30
10,1000,20,5.13,10.3,18,37,76,968,19,8,5,32,8.612632914,118,72,5.954504236,10.89168341,9.255723879,7.937914523,487,15,7,3,25,481,4,1,2,7,512,488,53,19,96,22
12,1000,20,5.13,10.3,18,37,72,950,33,9,8,50,8.318994662,138,64,6.121315557,12.07204293,8.797120685,7.852207597,468,16,7,3,26,482,17,2,5,24,494,506,46,18,109,29
15,1000,20,5.13,10.3,18,37,67,961,27,9,3,39,7.902470402,118,59,5.973466439,11.33254689,8.158755361,7.662079084,461,19,2,2,23,500,8,7,1,16,484,516,47,12,97,21
9,1000,20,5.13,10.3,18,37,74,954,33,4,9,46,8.261237766,119,76,6.140465229,11.2134239,8.866315408,7.713786567,447,21,3,4,28,507,12,1,5,18,475,525,63,13,98,21
16,1000,20,5.13,10.3,18,37,50,953,29,11,7,47,8.404192363,105,76,5.612207092,10.61082832,8.265793329,8.536103943,468,11,5,4,20,485,18,6,3,27,488,512,53,23,79,26
13,1000,20,5.13,10.3,18,37,70,940,37,13,10,60,8.822074758,93,53,5.677937283,10.58744681,9.086795138,8.538719817,481,22,9,5,36,459,15,4,5,24,517,483,40,13,78,15
11,1000,20,5.13,10.3,18,37,73,945,30,15,10,55,8.864497403,122,51,5.729924645,10.70788119,9.594489739,8.041314556,494,20,8,8,36,451,10,7,2,19,530,470,36,15,93,29
14,1000,20,5.13,10.3,18,37,69,962,24,9,5,38,8.311264748,106,54,5.571596784,10.48179998,8.359817374,8.257169117,507,14,2,4,20,455,10,7,1,18,527,473,37,17,82,24
10,1000,20,5.13,10.3,18,37,77,968,20,8,4,32,8.596089519,118,76,5.997927593,10.95487427,9.265500268,7.893756931,486,16,7,3,26,482,4,1,1,6,512,488,52,24,96,22
12,1000,20,5.13,10.3,18,37,73,952,29,11,8,48,8.3119944,120,75,6.133213984,12.13060209,8.826202784,7.809980681,469,14,8,3,25,483,15,3,5,23,494,506,58,17,94,26
15,1000,20,5.13,10.3,18,37,68,961,27,9,3,39,7.919052209,117,55,5.995827754,11.39271023,8.220928565,7.635896867,461,19,2,2,23,500,8,7,1,16,484,516,42,13,97,20
9,1000,20,5.13,10.3,18,37,75,954,33,4,9,46,8.263935838,117,82,6.15501763,11.25059151,8.872890693,7.712976684,447,21,3,4,28,507,12,1,5,18,475,525,58,24,96,21
13,1000,20,5.13,10.3,18,37,71,938,37,15,10,62,8.876501888,120,56,5.700739766,10.60988593,9.141845645,8.592479688,480,22,10,5,37,458,15,5,5,25,517,483,34,22,101,19
16,1000,20,5.13,10.3,18,37,51,954,28,12,6,46,8.396904911,104,58,5.656338751,10.66718828,8.284980673,8.5035827,468,10,6,4,20,486,18,6,2,26,488,512,37,21,87,17
11,1000,20,5.13,10.3,18,37,74,945,30,15,10,55,8.877021825,116,50,5.743447942,10.73871389,9.607134483,8.053703295,494,20,8,8,36,451,10,7,2,19,530,470,36,14,88,28
10,1000,20,5.13,10.3,18,37,78,968,20,8,4,32,8.648875574,111,66,6.051859568,10.98125853,9.325061071,7.939435051,486,16,7,3,26,482,4,1,1,6,512,488,43,23,94,17
14,1000,20,5.13,10.3,18,37,70,962,24,9,5,38,8.351825989,111,61,5.583114356,10.5046268,8.401938874,8.295991971,507,14,2,4,20,455,10,7,1,18,527,473,41,20,89,22
12,1000,20,5.13,10.3,18,37,74,952,28,12,8,48,8.32756064,121,61,6.172265646,12.2243242,8.856549446,7.811117023,469,14,8,3,25,483,14,4,5,23,494,506,38,23,100,21
15,1000,20,5.13,10.3,18,37,69,961,27,9,3,39,7.908128394,119,50,6.002232985,11.42505636,8.196586168,7.637559473,461,19,2,2,23,500,8,7,1,16,484,516,36,14,87,32
9,1000,20,5.13,10.3,18,37,76,953,34,4,9,47,8.269094501,121,76,6.175161187,11.3028627,8.914914303,7.684781347,447,21,3,4,28,506,13,1,5,19,475,525,60,16,106,15
13,1000,20,5.13,10.3,18,37,72,938,37,15,10,62,8.890305982,112,60,5.714294704,10.64876389,9.18724513,8.572464286,479,23,10,5,38,459,14,5,5,24,517,483,44,16,93,19
16,1000,20,5.13,10.3,18,37,52,955,24,15,6,45,8.4180455,125,59,5.639830441,10.71129754,8.3279073,8.503958471,468,9,7,4,20,487,15,8,2,25,488,512,40,19,96,29
11,1000,20,5.13,10.3,18,37,75,946,29,15,10,54,8.866491131,110,54,5.776942182,10.80574397,9.615616124,8.021733161,495,19,8,8,35,451,10,7,2,19,530,470,38,16,82,28
10,1000,20,5.13,10.3,18,37,79,967,21,8,4,33,8.664401968,96,66,6.080958566,11.04157165,9.364569493,7.929799974,485,17,7,3,27,482,4,1,1,6,512,488,49,17,77,19
14,1000,20,5.13,10.3,18,37,71,962,25,8,5,38,8.364095782,105,61,5.610828009,10.54350039,8.449032905,8.26946182,506,15,2,4,21,456,10,6,1,17,527,473,45,16,76,29
12,1000,20,5.13,10.3,18,37,75,950,30,12,8,50,8.324974574,119,65,6.164926674,12.24525606,8.878340585,7.784731868,467,16,8,3,27,483,14,4,5,23,494,506,44,21,96,23
15,1000,20,5.13,10.3,18,37,70,960,29,9,2,40,7.903833879,116,68,6.030567845,11.47226203,8.186056561,7.63911338,461,20,2,1,23,499,9,7,1,17,484,516,46,22,97,19
9,1000,20,5.13,10.3,18,37,77,955,32,4,9,45,8.279630811,121,65,6.197219406,11.3473714,8.941399927,7.680887325,449,19,3,4,26,506,13,1,5,19,475,525,48,17,99,22
13,1000,20,5.13,10.3,18,37,73,938,37,15,10,62,8.923200648,120,50,5.709732467,10.70421959,9.242447656,8.581480766,479,23,10,5,38,459,14,5,5,24,517,483,36,14,97,23
11,1000,20,5.13,10.3,18,37,76,945,29,16,10,55,8.884209304,109,58,5.816627122,10.8671253,9.667441674,8.000989822,494,19,9,8,36,451,10,7,2,19,530,470,38,20,86,23
10,1000,20,5.13,10.3,18,37,80,967,21,8,4,33,8.637385654,114,57,6.125394553,11.10969178,9.366883867,7.87201048,485,17,7,3,27,482,4,1,1,6,512,488,39,18,94,20
16,1000,20,5.13,10.3,18,37,53,957,22,15,6,43,8.400886176,120,47,5.674725974,10.77745362,8.350729837,8.448691436,468,9,7,4,20,489,13,8,2,23,488,512,33,14,96,24
14,1000,20,5.13,10.3,18,37,72,961,26,8,5,39,8.37206874,111,65,5.616686073,10.57275246,8.453335921,8.281523699,506,15,2,4,21,455,11,6,1,18,527,473,43,22,95,16
12,1000,20,5.13,10.3,18,37,76,950,30,12,8,50,8.331591249,144,68,6.182712995,12.32292994,8.897479997,7.779122787,467,16,8,3,27,483,14,4,5,23,494,506,45,23,111,33
15,1000,20,5.13,10.3,18,37,71,959,30,9,2,41,7.937145716,115,64,6.040720305,11.5426328,8.229699195,7.662735087,460,21,2,1,24,499,9,7,1,17,484,516,45,19,95,20
9,1000,20,5.13,10.3,18,37,78,955,31,5,9,45,8.318041548,128,60,6.237729347,11.41031316,8.979459087,7.719616157,449,18,4,4,26,506,13,1,5,19,475,525,48,12,107,21
13,1000,20,5.13,10.3,18,37,74,938,37,15,10,62,8.949297205,115,49,5.727877098,10.7300346,9.29182396,8.582658835,479,23,10,5,38,459,14,5,5,24,517,483,36,13,93,22
11,1000,20,5.13,10.3,18,37,77,948,28,14,10,52,8.888387945,104,65,5.832142922,10.90541357,9.707405233,7.964815258,496,18,8,8,34,452,10,6,2,18,530,470,43,22,82,22
10,1000,20,5.13,10.3,18,37,81,965,23,8,4,35,8.64991354,117,79,6.14234391,11.18493034,9.394267167,7.868952357,484,18,7,3,28,481,5,1,1,7,512,488,51,28,95,22
14,1000,20,5.13,10.3,18,37,73,961,26,8,5,39,8.390582248,115,72,5.64495301,10.61185577,8.488126551,8.281901809,506,15,2,4,21,455,11,6,1,18,527,473,52,20,87,28
12,1000,20,5.13,10.3,18,37,77,950,29,13,8,50,8.355578489,131,67,6.205169112,12.39309492,8.962616232,7.762936898,467,15,9,3,27,483,14,4,5,23,494,506,45,22,110,21
16,1000,20,5.13,10.3,18,37,54,958,20,15,7,42,8.413684679,100,74,5.715615931,10.78872921,8.345693044,8.478489207,469,8,7,4,19,489,12,8,3,23,488,512,54,20,74,26
15,1000,20,5.13,10.3,18,37,72,960,27,11,2,40,7.955214413,107,63,6.064360415,11.59212194,8.253727937,7.675213356,460,20,3,1,24,500,7,8,1,16,484,516,42,21,88,19
9,1000,20,5.13,10.3,18,37,79,955,30,6,9,45,8.340314207,120,80,6.266962899,11.42731687,9.021993472,7.723556777,448,19,4,4,27,507,11,2,5,18,475,525,64,16,100,20
13,1000,20,5.13,10.3,18,37,75,938,36,16,10,62,8.989470048,120,54,5.782741316,10.77207159,9.371596872,8.580444027,479,22,11,5,38,459,14,5,5,24,517,483,45,9,95,25
11,1000,20,5.13,10.3,18,37,78,948,28,14,10,52,8.93158451,109,71,5.863366001,10.95957164,9.749740041,8.008983592,496,18,8,8,34,452,10,6,2,18,530,470,54,17,91,18
10,1000,20,5.13,10.3,18,37,82,965,23,8,4,35,8.656302717,125,69,6.175092245,11.24219855,9.408925246,7.866665966,484,18,7,3,28,481,5,1,1,7,512,488,50,19,93,32
14,1000,20,5.13,10.3,18,37,74,960,26,9,5,40,8.44013924,93,47,5.649425671,10.62342031,8.543334265,8.325162965,506,14,3,4,21,454,12,6,1,19,527,473,29,18,69,24
12,1000,20,5.13,10.3,18,37,78,950,29,13,8,50,8.382445756,126,69,6.236259834,12.43819156,8.998385692,7.781113092,467,15,9,3,27,483,14,4,5,23,494,506,57,12,106,20
15,1000,20,5.13,10.3,18,37,73,960,27,11,2,40,7.982922951,113,62,6.073052958,11.63266687,8.277645016,7.706478223,460,20,3,1,24,500,7,8,1,16,484,516,41,21,88,25
16,1000,20,5.13,10.3,18,37,55,958,21,14,7,42,8.429561989,130,65,5.744978547,10.82701847,8.357479777,8.498265348,468,9,7,4,20,490,12,7,3,22,488,512,49,16,98,32
9,1000,20,5.13,10.3,18,37,80,955,31,6,8,45,8.335710776,121,66,6.290015152,11.50897543,9.051925532,7.687706949,448,19,4,4,27,507,12,2,4,18,475,525,47,19,100,21
13,1000,20,5.13,10.3,18,37,76,937,37,16,10,63,8.975728925,106,68,5.81553619,10.80872942,9.379563762,8.543466792,478,23,11,5,39,459,14,5,5,24,517,483,50,18,79,27
10,1000,20,5.13,10.3,18,37,83,964,24,8,4,36,8.660359381,120,85,6.188836383,11.28478921,9.437045197,7.845475901,483,19,7,3,29,481,5,1,1,7,512,488,61,24,101,19
11,1000,20,5.13,10.3,18,37,79,946,29,15,10,54,8.945522217,115,53,5.874092748,10.99536803,9.793709886,7.989055271,496,17,9,8,34,450,12,6,2,20,530,470,35,18,95,20
14,1000,20,5.13,10.3,18,37,75,960,25,10,5,40,8.426096881,124,71,5.68616553,10.68497791,8.552460412,8.285307071,506,14,3,4,21,454,11,7,1,19,527,473,47,24,92,32
12,1000,20,5.13,10.3,18,37,79,947,32,13,8,53,8.376554486,124,63,6.289554701,12.562142,9.049766761,7.71930772,464,18,9,3,30,483,14,4,5,23,494,506,48,15,98,26
15,1000,20,5.13,10.3,18,37,74,960,27,11,2,40,7.972524275,124,63,6.107061011,11.67271006,8.287533169,7.677050815,460,20,3,1,24,500,7,8,1,16,484,516,47,16,103,21
16,1000,20,5.13,10.3,18,37,56,957,22,14,7,43,8.455664885,111,64,5.758445036,10.85308377,8.382677837,8.525230665,468,9,7,4,20,489,13,7,3,23,488,512,44,20,87,24
9,1000,20,5.13,10.3,18,37,81,954,32,6,8,46,8.34431208,119,75,6.322344854,11.58581838,9.052269284,7.703779372,447,20,4,4,28,507,12,2,4,18,475,525,57,18,94,25
13,1000,20,5.13,10.3,18,37,77,938,37,16,9,62,8.970764484,107,72,5.824441033,10.85679857,9.414202302,8.496111581,479,23,11,4,38,459,14,5,5,24,517,483,57,15,90,17
10,1000,20,5.13,10.3,18,37,84,963,25,8,4,37,8.673962753,104,63,6.214118766,11.31920811,9.472853492,7.835782305,482,20,7,3,30,481,5,1,1,7,512,488,43,20,83,21
11,1000,20,5.13,10.3,18,37,80,945,29,16,10,55,8.982443639,121,59,5.898963924,11.05619467,9.860436243,7.992366873,495,17,10,8,35,450,12,6,2,20,530,470,42,17,98,23
12,1000,20,5.13,10.3,18,37,80,946,33,13,8,54,8.364856779,120,80,6.325579476,12.65170579,9.093020085,7.653962169,463,19,9,3,31,483,14,4,5,23,494,506,60,20,101,19
14,1000,20,5.13,10.3,18,37,76,959,26,9,6,41,8.432839671,101,74,5.708794453,10.74705667,8.574028422,8.275532119,506,14,2,5,21,453,12,7,1,20,527,473,53,21,79,22
15,1000,20,5.13,10.3,18,37,75,960,26,12,2,40,8.009417348,131,72,6.140756831,11.70555707,8.349130027,7.690772121,460,19,4,1,24,500,7,8,1,16,484,516,52,20,106,25
9,1000,20,5.13,10.3,18,37,82,952,33,7,8,48,8.370487702,108,62,6.37150596,11.66523341,9.085741333,7.723353465,445,21,5,4,30,507,12,2,4,18,475,525,46,16,82,26
16,1000,20,5.13,10.3,18,37,57,959,22,13,6,41,8.432459232,110,52,5.773129586,10.87218318,8.386394095,8.476365065,468,10,7,3,20,491,12,6,3,21,488,512,26,26,87,23
13,1000,20,5.13,10.3,18,37,78,938,36,17,9,62,8.97257492,121,53,5.823689755,10.89207216,9.421993644,8.491520096,480,22,11,4,37,458,14,6,5,25,517,483,36,17,99,22
10,1000,20,5.13,10.3,18,37,85,961,26,9,4,39,8.689283605,121,57,6.231058838,11.34838447,9.487278846,7.852042698,482,20,7,3,30,479,6,2,1,9,512,488,44,13,100,21
11,1000,20,5.13,10.3,18,37,81,943,31,16,10,57,9.023489252,89,68,5.927695636,11.11035902,9.93539596,7.995168922,493,19,10,8,37,450,12,6,2,20,530,470,44,24,71,18
12,1000,20,5.13,10.3,18,37,81,944,35,12,9,56,8.398136581,134,64,6.354448852,12.71565638,9.1501287,7.663978268,461,21,8,4,33,483,14,4,5,23,494,506,41,23,104,30
14,1000,20,5.13,10.3,18,37,77,958,27,9,6,42,8.427618539,117,74,5.736820313,10.78223477,8.626498294,8.206033696,505,15,2,5,22,453,12,7,1,20,527,473,46,28,96,21
15,1000,20,5.13,10.3,18,37,76,959,28,11,2,41,8.042211149,125,55,6.167131721,11.77159785,8.407718691,7.699370741,458,21,4,1,26,501,7,7,1,15,484,516,43,12,103,22
9,1000,20,5.13,10.3,18,37,83,953,32,7,8,47,8.362680929,121,66,6.426253624,11.7259342,9.100825842,7.69483553,445,21,5,4,30,508,11,2,4,17,475,525,49,17,104,17
10,1000,20,5.13,10.3,18,37,86,960,27,9,4,40,8.706003354,118,77,6.258704976,11.41509455,9.502234546,7.870613251,482,20,7,3,30,478,7,2,1,10,512,488,52,25,91,27
13,1000,20,5.13,10.3,18,37,79,936,37,17,10,64,8.992226019,105,77,5.854286656,10.95884119,9.454223077,8.497707428,479,23,10,5,38,457,14,7,5,26,517,483,58,19,83,22
16,1000,20,5.13,10.3,18,37,58,960,22,12,6,40,8.486143386,98,65,5.803918505,10.94061673,8.454649585,8.516160916,468,10,7,3,20,492,12,5,3,20,488,512,49,16,69,29
11,1000,20,5.13,10.3,18,37,82,942,32,16,10,58,9.03360389,133,58,5.92697108,11.16063126,9.965587179,7.982644011,493,19,10,8,37,449,13,6,2,21,530,470,40,18,103,30
12,1000,20,5.13,10.3,18,37,82,941,37,13,9,59,8.404066415,136,80,6.40175711,12.84623233,9.196439571,7.630484717,458,23,8,5,36,483,14,5,4,23,494,506,62,18,111,25
14,1000,20,5.13,10.3,18,37,78,958,28,8,6,42,8.446614104,122,63,5.7636378,10.83713627,8.665797329,8.202407846,504,16,2,5,23,454,12,6,1,19,527,473,50,13,94,28
15,1000,20,5.13,10.3,18,37,77,959,28,11,2,41,8.075650998,128,66,6.201298021,11.86441875,8.471861763,7.704011443,457,22,4,1,27,502,6,7,1,14,484,516,49,17,103,25
9,1000,20,5.13,10.3,18,37,84,952,32,8,8,48,8.367108351,132,85,6.467352659,11.79545299,9.107619128,7.69712241,444,22,5,4,31,508,10,3,4,17,475,525,63,22,110,22
10,1000,20,5.13,10.3,18,37,87,959,27,10,4,41,8.696469554,115,61,6.265186217,11.42882686,9.509698006,7.843246259,482,19,8,3,30,477,8,2,1,11,512,488,41,20,97,18
13,1000,20,5.13,10.3,18,37,80,939,35,17,9,61,8.95543165,113,68,5.875183109,11.00453779,9.480852265,8.393024904,480,22,10,5,37,459,13,7,4,24,517,483,46,22,95,18
11,1000,20,5.13,10.3,18,37,83,943,31,16,10,57,9.039299034,129,61,5.944224249,11.19685147,10.00068862,7.955178865,493,19,10,8,37,450,12,6,2,20,530,470,49,12,103,26
16,1000,20,5.13,10.3,18,37,59,961,21,12,6,39,8.481691515,132,63,5.840149785,10.98243085,8.48758036,8.476078709,469,9,7,3,19,492,12,5,3,20,488,512,36,27,95,37
12,1000,20,5.13,10.3,18,37,83,941,37,13,9,59,8.39408131,132,74,6.439528843,12.92373291,9.171630199,7.634972315,458,23,8,5,36,483,14,5,4,23,494,506,62,12,111,21
14,1000,20,5.13,10.3,18,37,79,956,30,8,6,44,8.46760976,104,62,5.775291942,10.88731253,8.728187028,8.177283713,504,16,2,5,23,452,14,6,1,21,527,473,39,23,86,18
15,1000,20,5.13,10.3,18,37,78,959,29,10,2,41,8.084079478,114,77,6.210496001,11.9223341,8.520889405,7.674358539,457,22,4,1,27,502,7,6,1,14,484,516,63,14,97,17
9,1000,20,5.13,10.3,18,37,85,952,32,8,8,48,8.342489517,116,70,6.510377775,11.87371017,9.118157974,7.640694246,444,22,5,4,31,508,10,3,4,17,475,525,51,19,98,18
10,1000,20,5.13,10.3,18,37,88,958,28,10,4,42,8.700291128,127,66,6.298446117,11.45347536,9.511356271,7.849337535,482,19,8,3,30,476,9,2,1,12,512,488,58,8,106,21
13,1000,20,5.13,10.3,18,37,81,940,35,16,9,60,8.951356522,115,64,5.887312589,11.04285746,9.486338022,8.378715869,481,22,9,5,36,459,13,7,4,24,517,483,49,15,93,22
11,1000,20,5.13,10.3,18,37,84,942,31,17,10,58,9.122484335,108,78,5.991070499,11.26645035,10.07637685,8.046818305,492,19,11,8,38,450,12,6,2,20,530,470,58,20,83,25
12,1000,20,5.13,10.3,18,37,84,941,36,13,10,59,8.379937814,135,69,6.46678204,12.98896115,9.180240099,7.59861503,458,22,8,6,36,483,14,5,4,23,494,506,50,19,108,27
16,1000,20,5.13,10.3,18,37,60,958,24,12,6,42,8.523504362,131,63,5.857794741,11.01715557,8.535158372,8.512396633,467,11,7,3,21,491,13,5,3,21,488,512,45,18,99,32
14,1000,20,5.13,10.3,18,37,80,956,30,7,7,44,8.487233429,126,64,5.782671381,10.90430675,8.748849935,8.1957495,503,17,2,5,24,453,13,5,2,20,527,473,50,14,99,27
15,1000,20,5.13,10.3,18,37,79,958,30,10,2,42,8.111499807,108,60,6.234072351,11.9657435,8.595219234,7.657778483,456,23,4,1,28,502,7,6,1,14,484,516,40,20,84,24
9,1000,20,5.13,10.3,18,37,86,952,31,8,9,48,8.364624129,117,61,6.53790788,11.91225605,9.185120023,7.622270702,444,21,5,5,31,508,10,3,4,17,475,525,38,23,99,18
10,1000,20,5.13,10.3,18,37,89,958,28,10,4,42,8.715252976,130,74,6.317005504,11.51465538,9.531210958,7.859165914,482,19,8,3,30,476,9,2,1,12,512,488,49,25,107,23
11,1000,20,5.13,10.3,18,37,85,941,32,16,11,59,9.159190656,109,54,6.042157907,11.33459529,10.14048765,8.052621702,491,20,10,9,39,450,12,6,2,20,530,470,37,17,89,20
13,1000,20,5.13,10.3,18,37,82,939,36,16,9,61,8.946976399,124,67,5.897690679,11.0791403,9.494015648,8.361429212,482,21,9,5,35,457,15,7,4,26,517,483,50,17,101,23
12,1000,20,5.13,10.3,18,37,85,942,35,13,10,58,8.376026512,119,69,6.489234385,13.04946975,9.189873138,7.581480596,458,22,8,6,36,484,13,5,4,22,494,506,56,13,97,22
14,1000,20,5.13,10.3,18,37,81,957,27,9,7,43,8.500612816,110,54,5.800857595,10.93031687,8.804836469,8.161657499,503,16,3,5,24,454,11,6,2,19,527,473,40,14,87,23
15,1000,20,5.13,10.3,18,37,80,958,30,10,2,42,8.158535511,116,63,6.270954559,12.02294896,8.63759092,7.709188964,456,23,4,1,28,502,7,6,1,14,484,516,45,18,95,21
16,1000,20,5.13,10.3,18,37,61,959,24,11,6,41,8.509916503,108,76,5.87268868,11.07310154,8.527187534,8.493455052,468,11,6,3,20,491,13,5,3,21,488,512,55,21,87,21
10,1000,20,5.13,10.3,18,37,90,958,28,10,4,42,8.716328961,120,59,6.364755894,11.60969619,9.556362301,7.834982506,482,19,8,3,30,476,9,2,1,12,512,488,44,15,99,21
9,1000,20,5.13,10.3,18,37,87,952,31,8,9,48,8.342259769,127,62,6.564459164,11.96082542,9.210229307,7.556953997,444,21,5,5,31,508,10,3,4,17,475,525,49,13,105,22
11,1000,20,5.13,10.3,18,37,86,939,34,16,11,61,9.158581828,117,66,6.045220925,11.36876623,10.17340339,8.014208576,489,22,10,9,41,450,12,6,2,20,530,470,44,22,98,19
13,1000,20,5.13,10.3,18,37,83,940,35,16,9,60,8.948031074,99,73,5.914179591,11.10211809,9.523118658,8.332461135,482,21,9,5,35,458,14,7,4,25,517,483,52,21,79,20
12,1000,20,5.13,10.3,18,37,86,942,34,14,10,58,8.412324182,130,62,6.510236851,13.08138703,9.252453919,7.592118471,458,22,8,6,36,484,12,6,4,22,494,506,51,11,110,20
14,1000,20,5.13,10.3,18,37,82,957,28,8,7,43,8.500540291,107,62,5.830485453,10.97734035,8.851839018,8.109135578,502,17,3,5,25,455,11,5,2,18,527,473,46,16,88,19
15,1000,20,5.13,10.3,18,37,81,957,31,10,2,43,8.139184733,135,83,6.279434427,12.08486054,8.642526408,7.667058045,455,24,4,1,29,502,7,6,1,14,484,516,68,15,110,25
16,1000,20,5.13,10.3,18,37,62,959,25,11,5,41,8.526442822,124,68,5.868530324,11.11425219,8.583389016,8.472165982,468,11,6,3,20,491,14,5,2,21,488,512,49,19,102,22
10,1000,20,5.13,10.3,18,37,91,958,26,12,4,42,8.734865782,108,72,6.387547843,11.6566144,9.596046546,7.831331866,482,19,8,3,30,476,7,4,1,12,512,488,45,27,92,16
9,1000,20,5.13,10.3,18,37,88,952,34,8,6,48,8.320461558,131,71,6.603325525,12.00311789,9.247822649,7.481420572,444,21,5,5,31,508,13,3,1,17,475,525,62,9,105,26
11,1000,20,5.13,10.3,18,37,87,938,34,17,11,62,9.164569176,111,68,6.077019058,11.44577946,10.22561645,7.968069061,489,21,11,9,41,449,13,6,2,21,530,470,51,17,94,17
13,1000,20,5.13,10.3,18,37,84,940,36,15,9,60,8.948651469,111,60,5.921463694,11.13254391,9.544840139,8.310495067,482,22,8,5,35,458,14,7,4,25,517,483,46,14,90,21
12,1000,20,5.13,10.3,18,37,87,942,34,14,10,58,8.44379916,125,76,6.520219135,13.12052735,9.271034846,7.636181711,458,21,9,6,36,484,13,5,4,22,494,506,50,26,108,17
14,1000,20,5.13,10.3,18,37,83,959,25,9,7,41,8.50097445,109,71,5.829433085,11.00089652,8.892339438,8.064929315,502,16,4,5,25,457,9,5,2,16,527,473,50,21,93,16
15,1000,20,5.13,10.3,18,37,82,957,31,10,2,43,8.144273304,116,51,6.309903789,12.18418675,8.650777885,7.66917986,455,24,4,1,29,502,7,6,1,14,484,516,45,6,91,25
16,1000,20,5.13,10.3,18,37,63,962,22,11,5,38,8.495276156,127,55,5.89045212,11.12801842,8.598043648,8.397325891,468,11,6,3,20,494,11,5,2,18,488,512,40,15,106,21
10,1000,20,5.13,10.3,18,37,92,957,26,13,4,43,8.740460488,118,63,6.414985404,11.72332368,9.633504191,7.803496604,482,19,8,3,30,475,7,5,1,13,512,488,50,13,105,13
9,1000,20,5.13,10.3,18,37,89,951,35,8,6,49,8.333392722,136,76,6.64737495,12.06534565,9.310546782,7.449300954,443,22,5,5,32,508,13,3,1,17,475,525,59,17,122,14
11,1000,20,5.13,10.3,18,37,88,939,34,17,10,61,9.155630083,105,75,6.090696755,11.48955738,10.23963288,7.933243947,489,21,11,9,41,450,13,6,1,20,530,470,58,17,85,20
13,1000,20,5.13,10.3,18,37,85,939,38,14,9,61,8.953622447,112,65,5.944512225,11.15286,9.548341491,8.317039122,483,22,7,5,34,456,16,7,4,27,517,483,48,17,90,22
12,1000,20,5.13,10.3,18,37,88,940,35,15,10,60,8.489829321,133,64,6.536810819,13.17003689,9.35492266,7.645252029,456,22,10,6,38,484,13,5,4,22,494,506,47,17,114,19
14,1000,20,5.13,10.3,18,37,84,959,25,9,7,41,8.500254741,112,64,5.843929359,11.03145324,8.885116521,8.071455253,502,16,4,5,25,457,9,5,2,16,527,473,41,23,90,22
15,1000,20,5.13,10.3,18,37,83,958,30,11,1,42,8.14978767,125,65,6.331095034,12.23330983,8.673095791,7.658932765,455,23,6,0,29,503,7,5,1,13,484,516,52,13,105,20
10,1000,20,5.13,10.3,18,37,93,957,26,13,4,43,8.741923592,119,52,6.491594628,11.82261027,9.662467635,7.776106892,482,19,8,3,30,475,7,5,1,13,512,488,37,15,97,22
16,1000,20,5.13,10.3,18,37,64,963,21,11,5,37,8.499776423,127,63,5.917106337,11.16269554,8.61489888,8.390050331,468,11,6,3,20,495,10,5,2,17,488,512,39,24,100,27
9,1000,20,5.13,10.3,18,37,90,950,36,8,6,50,8.347790197,139,69,6.67108881,12.11860267,9.32197249,7.466387169,443,22,5,5,32,507,14,3,1,18,475,525,55,14,116,23
11,1000,20,5.13,10.3,18,37,89,939,34,17,10,61,9.206657227,117,60,6.113317742,11.54016538,10.30034322,7.973351742,489,21,11,9,41,450,13,6,1,20,530,470,37,23,99,18
13,1000,20,5.13,10.3,18,37,86,938,38,15,9,62,8.977354561,131,56,5.977829723,11.21077736,9.594823985,8.316419382,482,22,8,5,35,456,16,7,4,27,517,483,38,18,108,23
12,1000,20,5.13,10.3,18,37,89,939,35,16,10,61,8.512812202,138,81,6.565356779,13.27913653,9.379908366,7.666279582,456,22,10,6,38,483,13,6,4,23,494,506,57,24,112,26
14,1000,20,5.13,10.3,18,37,85,960,25,8,7,40,8.508174598,116,65,5.871126825,11.09259677,8.909046225,8.061537501,503,16,3,5,24,457,9,5,2,16,527,473,45,20,91,25
15,1000,20,5.13,10.3,18,37,84,958,29,12,1,42,8.155139768,135,69,6.372649003,12.36731611,8.690450054,7.65302702,455,23,6,0,29,503,6,6,1,13,484,516,47,22,115,20
10,1000,20,5.13,10.3,18,37,94,956,27,13,4,44,8.759671407,137,70,6.528951328,11.89638354,9.698015985,7.775178735,481,20,8,3,31,475,7,5,1,13,512,488,51,19,111,26
9,1000,20,5.13,10.3,18,37,91,949,36,9,6,51,8.36035514,121,68,6.703732045,12.20333919,9.345503139,7.46903076,442,23,5,5,33,507,13,4,1,18,475,525,50,18,95,26
16,1000,20,5.13,10.3,18,37,65,963,20,12,5,37,8.508313934,140,62,5.933098804,11.21671944,8.624759411,8.397326839,469,9,7,3,19,494,11,5,2,18,488,512,48,14,113,27
11,1000,20,5.13,10.3,18,37,90,939,34,16,11,61,9.200549387,125,59,6.145115638,11.5562608,10.32741302,7.929830825,489,21,11,9,41,450,13,5,2,20,530,470,42,17,99,26
12,1000,20,5.13,10.3,18,37,90,938,36,16,10,62,8.555792232,135,66,6.596997218,13.35425595,9.425357028,7.706849525,456,22,10,6,38,482,14,6,4,24,494,506,50,16,108,27
13,1000,20,5.13,10.3,18,37,87,939,38,14,9,61,9.009844926,132,69,6.031983984,11.25513963,9.663767264,8.309890788,481,23,8,5,36,458,15,6,4,25,517,483,48,21,108,24
14,1000,20,5.13,10.3,18,37,86,960,25,8,7,40,8.495352692,134,67,5.894333284,11.14817979,8.919303839,8.023001203,502,17,3,5,25,458,8,5,2,15,527,473,49,18,101,33
15,1000,20,5.13,10.3,18,37,85,958,29,12,1,42,8.146750262,130,68,6.444591514,12.50293606,8.712303976,7.616269647,455,23,6,0,29,503,6,6,1,13,484,516,60,8,108,22
10,1000,20,5.13,10.3,18,37,95,954,29,13,4,46,8.811337262,131,64,6.562735746,11.99704902,9.756678597,7.819503731,479,22,8,3,33,475,7,5,1,13,512,488,47,17,110,21
9,1000,20,5.13,10.3,18,37,92,951,35,8,6,49,8.342911999,140,78,6.754562333,12.30926811,9.345371893,7.435924477,444,22,4,5,31,507,13,4,1,18,475,525,65,13,117,23
11,1000,20,5.13,10.3,18,37,91,939,35,16,10,61,9.181000905,118,79,6.144175157,11.61074634,10.33106268,7.884122728,489,21,11,9,41,450,14,5,1,20,530,470,57,22,93,25
12,1000,20,5.13,10.3,18,37,91,937,36,17,10,63,8.588823209,128,74,6.622942804,13.42282242,9.49086918,7.708169633,455,22,11,6,39,482,14,6,4,24,494,506,60,14,101,27
16,1000,20,5.13,10.3,18,37,66,962,21,12,5,38,8.540925758,110,63,5.993588409,11.28508353,8.71263486,8.377265521,468,10,7,3,20,494,11,5,2,18,488,512,49,14,89,21
13,1000,20,5.13,10.3,18,37,88,940,38,13,9,60,9.038792508,126,68,6.066041353,11.31109773,9.671398433,8.361655317,481,23,8,5,36,459,15,5,4,24,517,483,50,18,99,27
14,1000,20,5.13,10.3,18,37,87,959,26,8,7,41,8.5433343,125,68,5.902436449,11.16857894,9.004326126,8.029713386,501,18,3,5,26,458,8,5,2,15,527,473,44,24,98,27
15,1000,20,5.13,10.3,18,37,86,958,28,12,2,42,8.149155346,130,70,6.501709894,12.57987021,8.716563705,7.616935103,455,22,6,1,29,503,6,6,1,13,484,516,52,18,107,23
10,1000,20,5.13,10.3,18,37,96,953,30,13,4,47,8.828798955,129,69,6.607848351,12.08368159,9.776436253,7.834556544,478,23,8,3,34,475,7,5,1,13,512,488,47,22,103,26
9,1000,20,5.13,10.3,18,37,93,950,36,9,5,50,8.346138019,124,80,6.79220839,12.38986018,9.369082037,7.420617241,443,23,5,4,32,507,13,4,1,18,475,525,58,22,110,14
11,1000,20,5.13,10.3,18,37,92,938,37,15,10,62,9.179144341,138,69,6.145919208,11.63984622,10.32817071,7.883433758,489,21,11,9,41,449,16,4,1,21,530,470,48,21,107,31
12,1000,20,5.13,10.3,18,37,92,937,37,16,10,63,8.596591819,135,80,6.662199664,13.51841719,9.535212492,7.680230924,454,23,11,6,40,483,14,5,4,23,494,506,62,18,115,20
13,1000,20,5.13,10.3,18,37,89,938,40,13,9,62,9.090503493,115,52,6.099398671,11.36832159,9.741936885,8.393213506,480,24,8,5,37,458,16,5,4,25,517,483,34,18,90,25
14,1000,20,5.13,10.3,18,37,88,957,28,8,7,43,8.586684811,131,69,5.953143397,11.26827446,9.05564986,8.064180412,501,18,3,5,26,456,10,5,2,17,527,473,48,21,106,25
15,1000,20,5.13,10.3,18,37,87,958,29,12,1,42,8.115781152,144,72,6.526766409,12.63289507,8.76185135,7.509777322,454,23,6,1,30,504,6,6,0,12,484,516,50,22,124,20
16,1000,20,5.13,10.3,18,37,67,962,22,12,4,38,8.55109355,143,67,6.003076323,11.3246917,8.737968911,8.372977972,468,10,7,3,20,494,12,5,1,18,488,512,48,19,117,26
10,1000,20,5.13,10.3,18,37,97,951,31,14,4,49,8.881500367,133,73,6.654606069,12.18044603,9.829034898,7.887365776,477,23,9,3,35,474,8,5,1,14,512,488,52,21,110,23
9,1000,20,5.13,10.3,18,37,94,950,36,9,5,50,8.380981617,131,69,6.823640951,12.45610853,9.403242966,7.456078491,443,23,5,4,32,507,13,4,1,18,475,525,55,14,107,24
11,1000,20,5.13,10.3,18,37,93,937,38,15,10,63,9.233451151,114,64,6.17214888,11.68252493,10.38373864,7.93631845,488,22,11,9,42,449,16,4,1,21,530,470,40,24,95,19
12,1000,20,5.13,10.3,18,37,93,936,38,16,10,64,8.614246877,114,70,6.733305916,13.70066808,9.578230909,7.673124127,453,24,11,6,41,483,14,5,4,23,494,506,55,15,99,15
13,1000,20,5.13,10.3,18,37,90,938,40,13,9,62,9.108628323,112,66,6.129252981,11.41386459,9.765773933,8.405224016,479,25,8,5,38,459,15,5,4,24,517,483,49,17,88,24
14,1000,20,5.13,10.3,18,37,89,957,29,8,6,43,8.614664364,120,61,5.982375105,11.31375291,9.125964128,8.044992111,500,19,3,5,27,457,10,5,1,16,527,473,39,22,93,27
15,1000,20,5.13,10.3,18,37,88,960,28,11,1,40,8.142202064,126,73,6.575648611,12.7292128,8.791857937,7.532834927,455,22,6,1,29,505,6,5,0,11,484,516,55,18,107,19
16,1000,20,5.13,10.3,18,37,68,961,23,12,4,39,8.547532,121,64,6.006270513,11.36074469,8.773613074,8.332048476,467,11,7,3,21,494,12,5,1,18,488,512,40,24,94,27
10,1000,20,5.13,10.3,18,37,98,949,31,15,5,51,8.941027509,112,74,6.689240877,12.22861519,9.898922125,7.936023322,476,23,10,3,36,473,8,5,2,15,512,488,50,24,91,21
9,1000,20,5.13,10.3,18,37,95,950,36,9,5,50,8.410780562,122,85,6.844866377,12.51467535,9.468138422,7.454123451,443,23,5,4,32,507,13,4,1,18,475,525,64,21,108,14
11,1000,20,5.13,10.3,18,37,94,937,36,17,10,63,9.239635858,132,78,6.196661322,11.75909334,10.44371456,7.881844984,487,22,12,9,43,450,14,5,1,20,530,470,60,18,112,20
12,1000,20,5.13,10.3,18,37,94,938,37,15,10,62,8.611232938,153,80,6.785576942,13.82880473,9.594668093,7.651120357,454,24,10,6,40,484,13,5,4,22,494,506,62,18,122,31
13,1000,20,5.13,10.3,18,37,91,938,39,14,9,62,9.096544777,115,66,6.135834714,11.47697518,9.783980093,8.360718569,478,26,8,5,39,460,13,6,4,23,517,483,44,22,94,21
15,1000,20,5.13,10.3,18,37,89,959,29,11,1,41,8.169631972,133,71,6.616788281,12.778039,8.827389518,7.552665592,454,23,6,1,30,505,6,5,0,11,484,516,56,15,112,21
14,1000,20,5.13,10.3,18,37,90,957,28,9,6,43,8.651466548,119,64,6.000915978,11.34670691,9.196231741,8.044508289,500,19,3,5,27,457,9,6,1,16,527,473,46,18,103,16
10,1000,20,5.13,10.3,18,37,99,947,32,16,5,53,8.984134781,131,91,6.736419579,12.29208325,9.971755298,7.947942763,475,24,10,3,37,472,8,6,2,16,512,488,66,25,103,28
16,1000,20,5.13,10.3,18,37,69,961,23,12,4,39,8.582227455,128,62,6.036014183,11.39317141,8.830473947,8.345617518,467,11,7,3,21,494,12,5,1,18,488,512,45,17,107,21
11,1000,20,5.13,10.3,18,37,95,935,38,17,10,65,9.287729572,109,72,6.2210877,11.81321984,10.48592243,7.936575921,486,23,12,9,44,449,15,5,1,21,530,470,47,25,93,16
9,1000,20,5.13,10.3,18,37,96,950,35,10,5,50,8.44493767,135,81,6.892482581,12.62411738,9.517606386,7.474427879,443,22,6,4,32,507,13,4,1,18,475,525,65,16,117,18
12,1000,20,5.13,10.3,18,37,95,937,38,15,10,63,8.607410536,136,83,6.832047394,13.94400923,9.629725834,7.609339869,453,24,10,7,41,484,14,5,3,22,494,506,66,17,117,19
15,1000,20,5.13,10.3,18,37,90,958,29,12,1,42,8.200242768,150,65,6.662248279,12.87015568,8.897439842,7.546282722,453,24,6,1,31,505,5,6,0,11,484,516,46,19,130,20
13,1000,20,5.13,10.3,18,37,92,938,39,14,9,62,9.106102706,121,59,6.167023379,11.52211475,9.815307709,8.34697437,478,26,8,5,39,460,13,6,4,23,517,483,39,20,95,26
14,1000,20,5.13,10.3,18,37,91,956,28,9,7,44,8.644859436,107,77,6.017534188,11.37861785,9.231399215,7.991357399,499,20,3,5,28,457,8,6,2,16,527,473,56,21,87,20
10,1000,20,5.13,10.3,18,37,100,947,32,16,5,53,9.005888432,129,71,6.771430887,12.38076142,10.00955837,7.952857682,475,24,10,3,37,472,8,6,2,16,512,488,60,11,108,21
16,1000,20,5.13,10.3,18,37,70,961,23,12,4,39,8.587463845,116,76,6.070809554,11.42647236,8.857221811,8.330350783,467,11,7,3,21,494,12,5,1,18,488,512,54,22,97,19
11,1000,20,5.13,10.3,18,37,96,934,37,19,10,66,9.338636759,138,65,6.241946553,11.8668962,10.5889189,7.928744128,485,22,14,9,45,449,15,5,1,21,530,470,47,18,114,24
9,1000,20,5.13,10.3,18,37,97,952,35,8,5,48,8.42950119,137,79,6.919519883,12.67571739,9.500766275,7.460261351,444,22,5,4,31,508,13,3,1,17,475,525,58,21,111,26
12,1000,20,5.13,10.3,18,37,96,936,38,16,10,64,8.638345274,160,73,6.860969003,14.03642801,9.66819196,7.632921829,452,24,11,7,42,484,14,5,3,22,494,506,60,13,133,27
15,1000,20,5.13,10.3,18,37,91,959,28,12,1,41,8.21999905,142,76,6.693361532,12.94472592,8.954518586,7.531031114,453,24,6,1,31,506,4,6,0,10,484,516,55,21,120,22
14,1000,20,5.13,10.3,18,37,92,956,28,9,7,44,8.630277167,135,60,6.070049172,11.44136555,9.260308741,7.928318098,499,20,3,5,28,457,8,6,2,16,527,473,41,19,99,36
13,1000,20,5.13,10.3,18,37,93,939,39,13,9,61,9.098624303,124,65,6.231524297,11.61294705,9.832042697,8.313578113,478,26,8,5,39,461,13,5,4,22,517,483,51,14,101,23
10,1000,20,5.13,10.3,18,37,101,948,31,17,4,52,9.01812427,121,69,6.815453337,12.49054537,10.0513046,7.934131793,476,22,11,3,36,472,9,6,1,16,512,488,54,15,106,15
16,1000,20,5.13,10.3,18,37,71,960,24,12,4,40,8.560807644,134,67,6.086338693,11.46735158,8.852247146,8.283029369,466,12,7,3,22,494,12,5,1,18,488,512,49,18,101,33
11,1000,20,5.13,10.3,18,37,97,935,36,19,10,65,9.350159121,127,83,6.269616453,11.97715185,10.61379554,7.925207419,486,21,14,9,44,449,15,5,1,21,530,470,60,23,100,27
9,1000,20,5.13,10.3,18,37,98,953,34,8,5,47,8.447627663,146,89,6.953826973,12.76559391,9.509411161,7.486966403,445,21,5,4,30,508,13,3,1,17,475,525,68,21,123,23
12,1000,20,5.13,10.3,18,37,97,936,38,16,10,64,8.662412299,140,78,6.890251648,14.08478278,9.701669314,7.647801694,452,24,11,7,42,484,14,5,3,22,494,506,62,16,118,22
15,1000,20,5.13,10.3,18,37,92,957,30,12,1,43,8.208654779,139,64,6.721339248,13.03255023,8.991635814,7.474230707,452,25,6,1,32,505,5,6,0,11,484,516,52,12,119,20
14,1000,20,5.13,10.3,18,37,93,957,28,8,7,43,8.652470276,146,65,6.113645769,11.51569672,9.281545765,7.951576443,500,20,2,5,27,457,8,6,2,16,527,473,44,21,114,32
13,1000,20,5.13,10.3,18,37,94,936,42,13,9,64,9.123655714,132,62,6.259381132,11.64004495,9.919576178,8.271707723,475,29,8,5,42,461,13,5,4,22,517,483,43,19,118,14
10,1000,20,5.13,10.3,18,37,102,946,32,18,4,54,9.060857285,136,81,6.875405991,12.53504173,10.13163516,7.937418206,476,22,11,3,36,470,10,7,1,18,512,488,59,22,115,21
11,1000,20,5.13,10.3,18,37,98,933,38,19,10,67,9.368157296,118,78,6.31045688,12.06478534,10.68054899,7.888226241,484,23,14,9,46,449,15,5,1,21,530,470,52,26,95,23
12,1000,20,5.13,10.3,18,37,98,936,37,17,10,64,8.690679788,141,77,6.904716656,14.15144569,9.743979732,7.66235929,452,24,11,7,42,484,13,6,3,22,494,506,61,16,123,18
9,1000,20,5.13,10.3,18,37,99,951,34,10,5,49,8.505710247,130,82,7.010570756,12.80890118,9.60488294,7.511220668,444,20,7,4,31,507,14,3,1,18,475,525,68,14,113,17
16,1000,20,5.13,10.3,18,37,72,958,26,12,4,42,8.579321793,137,66,6.105193172,11.52204342,8.933755517,8.241502149,465,13,7,3,23,493,13,5,1,19,488,512,52,14,119,18
15,1000,20,5.13,10.3,18,37,93,957,30,12,1,43,8.223483676,121,73,6.75687259,13.07147205,9.032106064,7.465008413,452,25,6,1,32,505,5,6,0,11,484,516,53,20,105,16
13,1000,20,5.13,10.3,18,37,95,935,43,13,9,65,9.128209349,112,61,6.28619236,11.70899101,9.976472737,8.220233838,475,29,8,5,42,460,14,5,4,23,517,483,43,18,91,21
14,1000,20,5.13,10.3,18,37,94,957,26,10,7,43,8.678748878,105,54,6.151138907,11.59463151,9.326356996,7.957206641,500,18,4,5,27,457,8,6,2,16,527,473,32,22,79,26
10,1000,20,5.13,10.3,18,37,103,946,32,18,4,54,9.089859002,125,83,6.951486444,12.62397846,10.17800386,7.948198824,476,22,11,3,36,470,10,7,1,18,512,488,62,21,106,19
11,1000,20,5.13,10.3,18,37,99,934,37,18,11,66,9.377064636,139,60,6.315230596,12.10320981,10.72331793,7.858949224,484,23,13,10,46,450,14,5,1,20,530,470,39,21,114,25
12,1000,20,5.13,10.3,18,37,99,936,38,16,10,64,8.710056098,139,76,6.918135222,14.22384313,9.777827949,7.667606899,452,24,11,7,42,484,14,5,3,22,494,506,64,12,117,22
9,1000,20,5.13,10.3,18,37,100,952,33,10,5,48,8.512847192,133,75,7.062773935,12.86524989,9.632836726,7.499523328,444,20,7,4,31,508,13,3,1,17,475,525,55,20,116,17
15,1000,20,5.13,10.3,18,37,94,957,29,13,1,43,8.224699248,136,83,6.779449896,13.13476197,9.061270651,7.440008243,452,25,6,1,32,505,4,7,0,11,484,516,61,22,119,17
16,1000,20,5.13,10.3,18,37,73,954,30,12,4,46,8.648601539,133,66,6.132447594,11.55149509,9.052584823,8.263554971,462,16,7,3,26,492,14,5,1,20,488,512,52,14,105,28
14,1000,20,5.13,10.3,18,37,95,956,28,9,7,44,8.691021218,115,73,6.164914805,11.61881709,9.330552681,7.978477705,500,18,4,5,27,456,10,5,2,17,527,473,52,21,99,16
13,1000,20,5.13,10.3,18,37,96,933,45,13,9,67,9.154624061,123,66,6.297105301,11.77157142,9.980767718,8.270325365,474,30,8,5,43,459,15,5,4,24,517,483,49,17,103,20
10,1000,20,5.13,10.3,18,37,104,947,30,18,5,53,9.091722854,140,92,6.972103329,12.68378093,10.25132029,7.875096034,476,21,11,4,36,471,9,7,1,17,512,488,68,24,121,19
17,1000,20,5.13,10.3,18,37,0,929,41,18,12,71,7.297,104,61,5.047160274,9.376395661,6.44057377,8.11328125,463,16,8,1,25,466,25,10,11,46,488,512,39,22,69,35
11,1000,20,5.13,10.3,18,37,100,933,38,18,11,67,9.387713878,127,82,6.327604218,12.15780644,10.74579756,7.856257815,484,23,13,10,46,449,15,5,1,21,530,470,61,21,106,21
12,1000,20,5.13,10.3,18,37,100,935,39,16,10,65,8.74040172,135,68,6.966542711,14.29850354,9.815326659,7.690969072,452,24,11,7,42,483,15,5,3,23,494,506,54,14,119,16
9,1000,20,5.13,10.3,18,37,101,952,34,9,5,48,8.538847385,132,75,7.112525823,12.9368251,9.697588596,7.490462481,443,21,7,4,32,509,13,2,1,16,475,525,60,15,114,18
15,1000,20,5.13,10.3,18,37,95,957,28,14,1,43,8.226672665,141,79,6.827255989,13.18083156,9.080809544,7.425505515,452,24,7,1,32,505,4,7,0,11,484,516,57,22,117,24
14,1000,20,5.13,10.3,18,37,96,956,28,9,7,44,8.716871528,130,70,6.184837261,11.70517817,9.346071852,8.015838608,500,18,4,5,27,456,10,5,2,17,527,473,48,22,106,24
13,1000,20,5.13,10.3,18,37,97,933,46,13,8,67,9.157228929,121,63,6.341214141,11.78931538,9.996822596,8.25853343,474,30,8,5,43,459,16,5,3,24,517,483,44,19,111,10
16,1000,20,5.13,10.3,18,37,74,955,29,11,5,45,8.652413794,115,78,6.168852519,11.60564393,9.060016113,8.263917833,462,15,7,4,26,493,14,4,1,19,488,512,56,22,97,18
17,1000,20,5.13,10.3,18,37,1,929,42,18,11,71,7.279501239,103,49,5.063691648,9.394315288,6.432554757,8.086747105,463,16,8,1,25,466,26,10,10,46,488,512,34,15,65,38
11,1000,20,5.13,10.3,18,37,101,934,38,16,12,66,9.404904813,114,71,6.346236667,12.23300456,10.78691011,7.846473303,483,24,13,10,47,451,14,3,2,19,530,470,56,15,95,19
12,1000,20,5.13,10.3,18,37,101,938,37,15,10,62,8.732289942,163,85,6.996355199,14.41856006,9.832745991,7.657931665,453,23,11,7,41,485,14,4,3,21,494,506,73,12,141,22
9,1000,20,5.13,10.3,18,37,102,952,34,8,6,48,8.604103989,131,69,7.143554662,12.99504891,9.824634632,7.499814359,443,21,6,5,32,509,13,2,1,16,475,525,51,18,113,18
15,1000,20,5.13,10.3,18,37,96,957,28,14,1,43,8.258985306,129,72,6.872879299,13.31900325,9.128672713,7.443232001,452,24,7,1,32,505,4,7,0,11,484,516,63,9,107,22
14,1000,20,5.13,10.3,18,37,97,956,28,9,7,44,8.744315336,118,76,6.203262302,11.75930779,9.392271064,8.022385805,500,18,4,5,27,456,10,5,2,17,527,473,56,20,98,20
13,1000,20,5.13,10.3,18,37,98,933,45,14,8,67,9.193545696,124,74,6.372704059,11.82443949,10.05179833,8.274877759,474,29,9,5,43,459,16,5,3,24,517,483,52,22,99,25
16,1000,20,5.13,10.3,18,37,75,954,30,11,5,46,8.679073356,121,69,6.199246875,11.68696022,9.106519128,8.271664104,462,15,7,4,26,492,15,4,1,20,488,512,50,19,102,19
17,1000,20,5.13,10.3,18,37,2,930,41,18,11,70,7.282841734,101,64,5.070116524,9.40405419,6.498663902,8.030261229,461,18,8,1,27,469,23,10,10,43,488,512,32,32,71,30
12,1000,20,5.13,10.3,18,37,102,938,38,15,9,62,8.738445958,141,77,7.042510669,14.55748703,9.859662016,7.643820004,453,23,11,7,41,485,15,4,2,21,494,506,60,17,122,19
11,1000,20,5.13,10.3,18,37,102,935,37,16,12,65,9.418825546,135,75,6.358456068,12.30023681,10.82682617,7.831080162,483,24,13,10,47,452,13,3,2,18,530,470,63,12,113,22
9,1000,20,5.13,10.3,18,37,103,952,34,8,6,48,8.638346643,126,71,7.182894213,13.10940262,9.866557163,7.527108554,443,21,6,5,32,509,13,2,1,16,475,525,59,12,112,14
15,1000,20,5.13,10.3,18,37,97,957,28,14,1,43,8.300265353,140,84,6.921080434,13.4243065,9.178402832,7.476586012,452,24,7,1,32,505,4,7,0,11,484,516,67,17,114,26
14,1000,20,5.13,10.3,18,37,98,957,27,9,7,43,8.756438736,133,72,6.236106981,11.81256169,9.424637001,8.011955679,500,18,4,5,27,457,9,5,2,16,527,473,49,23,112,21
13,1000,20,5.13,10.3,18,37,99,933,43,16,8,67,9.182234065,116,63,6.410080567,11.87029747,10.03659063,8.267736453,474,27,11,5,43,459,16,5,3,24,517,483,48,15,93,23
17,1000,20,5.13,10.3,18,37,3,932,39,18,11,68,7.287119066,86,48,5.080392309,9.43653244,6.513853681,8.024137637,462,17,8,1,26,470,22,10,10,42,488,512,28,20,65,21
16,1000,20,5.13,10.3,18,37,76,954,30,11,5,46,8.656824956,114,68,6.21448543,11.71780012,9.11379248,8.221277785,462,15,7,4,26,492,15,4,1,20,488,512,48,20,83,31
12,1000,20,5.13,10.3,18,37,103,938,38,14,10,62,8.765061141,159,82,7.098903787,14.65891839,9.898363654,7.658635368,453,23,11,7,41,485,15,3,3,21,494,506,57,25,141,18
11,1000,20,5.13,10.3,18,37,103,937,35,16,12,63,9.410313079,118,65,6.366220523,12.30850237,10.84241057,7.795394632,483,24,13,10,47,454,11,3,2,16,530,470,44,21,102,16
9,1000,20,5.13,10.3,18,37,104,952,34,8,6,48,8.650936275,135,74,7.199410522,13.15588646,9.898276095,7.522390725,442,22,6,5,33,510,12,2,1,15,475,525,62,12,119,16
18,1000,20,5.13,10.3,18,37,0,947,23,14,16,53,6.921,91,56,4.940716568,8.763605666,6.25,7.613821138,486,11,6,5,22,461,12,8,11,31,508,492,27,29,54,37
15,1000,20,5.13,10.3,18,37,98,958,27,14,1,42,8.316079376,155,63,6.972055313,13.49760708,9.217096132,7.470939629,453,23,7,1,31,505,4,7,0,11,484,516,50,13,128,27
14,1000,20,5.13,10.3,18,37,99,956,28,9,7,44,8.760417026,105,67,6.273041807,11.86061078,9.448831343,7.993409954,499,19,4,5,28,457,9,5,2,16,527,473,54,13,82,23
13,1000,20,5.13,10.3,18,37,100,933,42,17,8,67,9.19300024,122,63,6.43427253,11.94815197,10.11396619,8.207204392,473,27,12,5,44,460,15,5,3,23,517,483,44,19,106,16
17,1000,20,5.13,10.3,18,37,4,933,38,17,12,67,7.306948734,108,56,5.083092891,9.455749276,6.54841213,8.029928933,461,18,8,1,27,472,20,9,11,40,488,512,33,23,77,31
16,1000,20,5.13,10.3,18,37,77,953,31,9,7,47,8.687871014,121,73,6.214470977,11.767708,9.184684236,8.214345911,462,15,6,5,26,491,16,3,2,21,488,512,59,14,96,25
12,1000,20,5.13,10.3,18,37,104,938,38,14,10,62,8.786378979,135,81,7.137811897,14.76894796,9.898314456,7.700813512,453,23,11,7,41,485,15,3,3,21,494,506,64,17,119,16
11,1000,20,5.13,10.3,18,37,104,936,36,16,12,64,9.444602353,128,79,6.400619533,12.42209529,10.8876418,7.817345106,482,25,13,10,48,454,11,3,2,16,530,470,59,20,102,26
20,1000,20,5.13,10.3,18,37,0,948,27,11,14,52,6.916,75,60,4.986095481,8.82403378,6.212981744,7.599605523,472,10,8,3,21,476,17,3,11,31,493,507,35,25,46,29
19,1000,20,5.13,10.3,18,37,0,939,31,16,14,61,7.352,106,56,4.958013974,9.141513855,6.514227642,8.163385827,472,13,4,3,20,467,18,12,11,41,492,508,27,29,65,41
15,1000,20,5.13,10.3,18,37,99,957,28,14,1,43,8.30895575,139,91,6.993614699,13.61937328,9.203831777,7.469575911,452,24,7,1,32,505,4,7,0,11,484,516,68,23,116,23
18,1000,20,5.13,10.3,18,37,1,949,22,13,16,51,6.913172639,87,48,4.948507654,8.787197397,6.271653784,7.575553896,487,10,6,5,21,462,12,7,11,30,508,492,29,19,55,32
14,1000,20,5.13,10.3,18,37,100,958,28,7,7,42,8.758320461,119,70,6.330656363,11.93977252,9.539713007,7.88772031,499,19,4,5,28,459,9,3,2,14,527,473,53,17,103,16
13,1000,20,5.13,10.3,18,37,101,929,46,16,9,71,9.231691149,120,59,6.49232561,12.02365921,10.17248896,8.224667403,471,29,11,6,46,458,17,5,3,25,517,483,45,14,96,24
17,1000,20,5.13,10.3,18,37,5,935,36,17,12,65,7.309358339,86,70,5.075892018,9.467848946,6.586018863,7.998791277,461,18,8,1,27,474,18,9,11,38,488,512,40,30,62,24
20,1000,20,5.13,10.3,18,37,1,947,29,11,13,53,6.94895376,99,53,4.977213656,8.831164545,6.28005924,7.599377819,472,10,8,3,21,475,19,3,10,32,493,507,31,22,60,39
19,1000,20,5.13,10.3,18,37,1,939,32,15,14,61,7.394439895,77,55,4.964170652,9.169840007,6.622622295,8.141948279,471,14,4,3,21,468,18,11,11,40,492,508,30,25,50,27
16,1000,20,5.13,10.3,18,37,78,953,31,9,7,47,8.711197108,123,61,6.242215337,11.81827411,9.24820737,8.199359203,462,15,6,5,26,491,16,3,2,21,488,512,47,14,101,22
15,1000,20,5.13,10.3,18,37,100,956,28,13,3,44,8.352299627,138,79,7.034056473,13.69601812,9.28796502,7.474659995,452,23,6,3,32,504,5,7,0,12,484,516,54,25,125,13
18,1000,20,5.13,10.3,18,37,2,950,21,13,16,50,6.966323302,82,68,4.954363419,8.795199427,6.34872695,7.604004087,487,10,6,5,21,463,11,7,11,29,508,492,37,31,55,27
14,1000,20,5.13,10.3,18,37,101,956,30,7,7,44,8.746267698,126,64,6.381641262,12.0033513,9.566183199,7.832746622,498,20,4,5,29,458,10,3,2,15,527,473,49,15,102,24
13,1000,20,5.13,10.3,18,37,102,928,47,16,9,72,9.270424584,108,64,6.507688988,12.08084955,10.1885528,8.28766622,471,29,11,6,46,457,18,5,3,26,517,483,52,12,95,13
17,1000,20,5.13,10.3,18,37,6,936,38,14,12,64,7.30369413,97,60,5.065975872,9.461953637,6.613920305,7.961134807,461,17,9,1,27,475,21,5,11,37,488,512,34,26,66,31
20,1000,20,5.13,10.3,18,37,2,947,29,12,12,53,6.937613637,82,66,4.983270655,8.868064529,6.28005924,7.577010713,472,10,8,3,21,475,19,4,9,32,493,507,30,36,54,28
19,1000,20,5.13,10.3,18,37,2,938,33,16,13,62,7.426003477,79,48,4.972870143,9.197090476,6.6690984,8.159069023,470,15,4,3,22,468,18,12,10,40,492,508,28,20,52,27
15,1000,20,5.13,10.3,18,37,101,954,30,13,3,46,8.379122753,135,74,7.069493614,13.72809344,9.35045753,7.468025791,451,24,6,3,33,503,6,7,0,13,484,516,54,20,111,24
18,1000,20,5.13,10.3,18,37,3,950,20,14,16,50,7.009179603,92,59,4.952869027,8.799537643,6.381422103,7.657351981,486,11,6,5,22,464,9,8,11,28,508,492,35,24,63,29
16,1000,20,5.13,10.3,18,37,79,954,30,9,7,46,8.738009488,118,61,6.274882614,11.83243397,9.316074627,8.187041151,462,14,7,5,26,492,16,2,2,20,488,512,47,14,97,21
14,1000,20,5.13,10.3,18,37,102,956,30,7,7,44,8.767151456,129,73,6.42218994,12.07781074,9.590866124,7.849397481,498,20,4,5,29,458,10,3,2,15,527,473,59,14,108,21
13,1000,20,5.13,10.3,18,37,103,928,47,16,9,72,9.279406403,142,68,6.528132636,12.12529941,10.19483109,8.299541878,471,29,11,6,46,457,18,5,3,26,517,483,53,15,125,17
17,1000,20,5.13,10.3,18,37,7,936,36,16,12,64,7.34575866,94,45,5.069066652,9.467138317,6.65312127,8.005928672,460,16,11,1,28,476,20,5,11,36,488,512,32,13,64,30
20,1000,20,5.13,10.3,18,37,3,946,30,12,12,54,6.963757825,99,55,4.981831755,8.895823171,6.284622683,7.624139729,472,10,8,3,21,474,20,4,9,33,493,507,24,31,66,33
19,1000,20,5.13,10.3,18,37,3,939,33,16,12,61,7.442721619,78,50,4.988811339,9.224033573,6.73127633,8.131759182,470,15,4,3,22,469,18,12,9,39,492,508,29,21,53,25
15,1000,20,5.13,10.3,18,37,102,954,30,13,3,46,8.390493481,138,83,7.105782112,13.81053535,9.432988332,7.412649473,449,26,6,3,35,505,4,7,0,11,484,516,68,15,123,15
18,1000,20,5.13,10.3,18,37,4,952,19,13,16,48,7.032817242,89,48,4.962098454,8.817075013,6.410242566,7.675638249,487,11,5,5,21,465,8,8,11,27,508,492,24,24,58,31
14,1000,20,5.13,10.3,18,37,103,956,30,7,7,44,8.784773099,125,75,6.440506085,12.17880111,9.626518463,7.846929956,498,20,4,5,29,458,10,3,2,15,527,473,59,16,97,28
16,1000,20,5.13,10.3,18,37,80,951,33,9,7,49,8.736165254,118,56,6.29548998,11.86456775,9.356079969,8.145309041,460,16,7,5,28,491,17,2,2,21,488,512,49,7,99,19
13,1000,20,5.13,10.3,18,37,104,928,49,15,8,72,9.251810933,150,60,6.573980978,12.20896737,10.18661455,8.251203337,471,30,11,5,46,457,19,4,3,26,517,483,46,14,126,24
21,1000,20,5.13,10.3,18,37,0,942,28,14,16,58,7.359,84,52,4.981012432,8.993193073,6.276470588,8.485714286,491,14,2,3,19,451,14,12,13,39,510,490,31,21,60,24
17,1000,20,5.13,10.3,18,37,8,937,36,16,11,63,7.352668782,96,52,5.096633377,9.494311644,6.689957916,7.984315076,461,15,11,1,27,476,21,5,10,36,488,512,29,23,68,28
20,1000,20,5.13,10.3,18,37,4,948,28,12,12,52,6.950464179,108,56,4.972388672,8.899097258,6.262654666,7.619280925,473,9,8,3,20,475,19,4,9,32,493,507,38,18,69,39
19,1000,20,5.13,10.3,18,37,4,938,32,18,12,62,7.486798627,100,55,4.987785967,9.251764854,6.758386258,8.192268874,470,14,5,3,22,468,18,13,9,40,492,508,31,24,64,36
18,1000,20,5.13,10.3,18,37,5,952,21,12,15,48,7.030095295,100,56,4.972193267,8.835319534,6.425494772,7.654357624,487,12,5,4,21,465,9,7,11,27,508,492,32,24,66,34
15,1000,20,5.13,10.3,18,37,103,953,31,13,3,47,8.394638539,138,73,7.167023728,13.89863796,9.439596322,7.41448434,449,26,6,3,35,504,5,7,0,12,484,516,54,19,118,20
14,1000,20,5.13,10.3,18,37,104,956,30,6,8,44,8.82143746,126,75,6.47178851,12.24221558,9.664447001,7.882185815,498,20,4,5,29,458,10,2,3,15,527,473,52,23,101,25
22,1000,20,5.13,10.3,18,37,0,937,35,18,10,63,7.124,85,56,4.918269122,8.992355942,6.217221135,8.071574642,488,16,7,0,23,449,19,11,10,40,511,489,32,24,52,33
16,1000,20,5.13,10.3,18,37,81,951,33,9,7,49,8.763224554,123,53,6.328427722,11.96821582,9.411929037,8.144928093,460,16,7,5,28,491,17,2,2,21,488,512,43,10,108,15
21,1000,20,5.13,10.3,18,37,1,944,25,15,16,56,7.389916033,76,46,4.993991877,9.021962333,6.317805811,8.505785856,493,12,2,3,17,451,13,13,13,39,510,490,29,17,49,27
17,1000,20,5.13,10.3,18,37,9,938,36,15,11,62,7.349848074,108,64,5.099229394,9.507124651,6.67560321,7.99248771,461,16,10,1,27,477,20,5,10,35,488,512,38,26,70,38
20,1000,20,5.13,10.3,18,37,5,947,30,11,12,53,6.952551247,101,70,5.000278695,8.905753184,6.284209178,7.602438111,473,9,8,3,20,474,21,3,9,33,493,507,37,33,66,35
19,1000,20,5.13,10.3,18,37,5,938,32,18,12,62,7.51343136,117,59,5.022435034,9.310227746,6.788994613,8.215051202,470,14,5,3,22,468,18,13,9,40,492,508,33,26,90,27
18,1000,20,5.13,10.3,18,37,6,953,20,12,15,47,7.052739566,100,53,4.969222298,8.870307137,6.462797832,7.661866397,487,12,5,4,21,466,8,7,11,26,508,492,30,23,66,34
15,1000,20,5.13,10.3,18,37,104,954,29,14,3,46,8.412156716,141,67,7.215036073,13.99971327,9.468511668,7.421312148,449,25,7,3,35,505,4,7,0,11,484,516,59,8,128,13
23,1000,20,5.13,10.3,18,37,0,944,31,10,15,56,7.346,102,61,5.02349434,8.810266113,6.540160643,8.145418327,476,13,4,5,22,468,18,6,10,34,498,502,32,29,66,36
22,1000,20,5.13,10.3,18,37,1,937,36,17,10,63,7.181483064,78,60,4.909766616,9.026067054,6.228062218,8.177798099,489,16,6,0,22,448,20,11,10,41,511,489,29,31,52,26
16,1000,20,5.13,10.3,18,37,82,950,35,10,5,50,8.737579831,131,64,6.35440319,12.00674747,9.377170968,8.127969529,460,17,8,3,28,490,18,2,2,22,488,512,45,19,107,24
21,1000,20,5.13,10.3,18,37,2,945,25,14,16,55,7.404996082,96,56,4.98872496,9.049172704,6.352523633,8.500426591,493,12,2,3,17,452,13,12,13,38,510,490,30,26,64,32
17,1000,20,5.13,10.3,18,37,10,938,35,17,10,62,7.353223878,86,53,5.104765398,9.545207549,6.697714259,7.978006484,461,16,10,1,27,477,19,7,9,35,488,512,21,32,65,21
20,1000,20,5.13,10.3,18,37,6,948,30,10,12,52,6.969164319,87,46,5.013624776,8.914822374,6.321366702,7.599074034,473,9,8,3,20,475,21,2,9,32,493,507,26,20,62,25
19,1000,20,5.13,10.3,18,37,6,940,29,19,12,60,7.527990164,100,43,5.022274289,9.309095597,6.831492052,8.202551327,470,14,5,3,22,470,15,14,9,38,492,508,22,21,74,26
18,1000,20,5.13,10.3,18,37,7,954,19,13,14,46,7.071743729,93,55,4.983276395,8.896490619,6.480426342,7.68229095,487,12,5,4,21,467,7,8,10,25,508,492,30,25,65,28
23,1000,20,5.13,10.3,18,37,1,943,31,11,15,57,7.394977036,82,57,5.035374485,8.817135051,6.597771185,8.185830649,475,14,4,5,23,468,17,7,10,34,498,502,31,26,51,31
22,1000,20,5.13,10.3,18,37,2,936,37,17,10,64,7.199090348,95,54,4.931194334,9.041576041,6.223200672,8.218885081,488,17,6,0,23,448,20,11,10,41,511,489,29,25,63,32
21,1000,20,5.13,10.3,18,37,3,945,25,14,16,55,7.394225412,95,52,5.003436822,9.063582498,6.366827919,8.463557497,494,11,2,3,16,451,14,12,13,39,510,490,29,23,69,26
17,1000,20,5.13,10.3,18,37,11,939,34,17,10,61,7.364607614,118,57,5.118792172,9.568831762,6.734885539,7.964811467,461,16,10,1,27,478,18,7,9,34,488,512,36,21,82,36
16,1000,20,5.13,10.3,18,37,83,949,34,12,5,51,8.760706703,147,72,6.385963018,12.07289783,9.402941912,8.14857627,459,18,8,3,29,490,16,4,2,22,488,512,52,20,121,26
20,1000,20,5.13,10.3,18,37,7,948,29,11,12,52,7.017415796,88,50,5.026399888,8.931007695,6.369343104,7.64759299,473,9,8,3,20,475,20,3,9,32,493,507,30,20,60,28
19,1000,20,5.13,10.3,18,37,7,940,28,19,13,60,7.534605392,99,61,5.02806728,9.316537817,6.858495472,8.189420512,470,14,5,3,22,470,14,14,10,38,492,508,35,26,69,30
18,1000,20,5.13,10.3,18,37,8,957,18,11,14,43,7.085779786,89,53,5.006079632,8.92265264,6.504285305,7.686184656,488,11,5,4,20,469,7,6,10,23,508,492,26,27,60,29
23,1000,20,5.13,10.3,18,37,2,946,27,12,15,54,7.408721666,96,50,5.040831582,8.826952705,6.628860926,8.182368376,476,13,4,5,22,470,14,8,10,32,498,502,28,22,69,27
22,1000,20,5.13,10.3,18,37,3,937,36,17,10,63,7.198818663,104,51,4.926792508,9.043980153,6.216419051,8.225416212,489,16,6,0,22,448,20,11,10,41,511,489,30,21,68,36
17,1000,20,5.13,10.3,18,37,12,942,31,17,10,58,7.353391544,102,49,5.092942386,9.58303955,6.745452157,7.932833772,462,16,9,1,26,480,15,8,9,32,488,512,26,23,65,37
21,1000,20,5.13,10.3,18,37,4,946,25,13,16,54,7.401316413,113,59,4.990416891,9.087883512,6.404396469,8.438926966,494,11,2,3,16,452,14,11,13,38,510,490,35,24,69,44
20,1000,20,5.13,10.3,18,37,8,948,29,11,12,52,7.049660135,89,46,5.036111158,8.959721704,6.441476968,7.64104929,473,9,8,3,20,475,20,3,9,32,493,507,30,16,51,38
16,1000,20,5.13,10.3,18,37,84,951,34,9,6,49,8.769150781,120,71,6.416079307,12.17186976,9.436719859,8.132874003,460,17,7,4,28,491,17,2,2,21,488,512,58,13,100,20
19,1000,20,5.13,10.3,18,37,8,942,27,17,14,58,7.519154734,90,57,5.044669278,9.342231845,6.86921673,8.14862225,469,15,5,3,23,473,12,12,11,35,492,508,32,25,69,21
18,1000,20,5.13,10.3,18,37,9,956,19,11,14,44,7.109901767,96,60,5.000698366,8.969361722,6.570941813,7.666388875,487,12,5,4,21,469,7,6,10,23,508,492,30,30,62,34
23,1000,20,5.13,10.3,18,37,3,944,29,12,15,56,7.442246479,96,53,5.069157047,8.845948826,6.679653383,8.198763136,476,13,4,5,22,468,16,8,10,34,498,502,26,27,74,22
17,1000,20,5.13,10.3,18,37,13,942,32,17,9,58,7.346451059,97,56,5.105401383,9.621246982,6.730060764,7.933948059,462,16,9,1,26,480,16,8,8,32,488,512,30,26,68,29
22,1000,20,5.13,10.3,18,37,4,938,36,16,10,62,7.198650451,98,54,4.913766189,9.063396274,6.220993687,8.220291772,489,16,6,0,22,449,20,10,10,40,511,489,25,29,67,31
20,1000,20,5.13,10.3,18,37,9,950,30,11,9,50,7.018115077,110,56,5.040200083,8.980288514,6.440084358,7.580184395,474,9,7,3,19,476,21,4,6,31,493,507,34,22,79,31
21,1000,20,5.13,10.3,18,37,5,945,26,13,16,55,7.426254984,89,64,5.019471029,9.117246438,6.444870331,8.447696153,494,11,2,3,16,451,15,11,13,39,510,490,35,29,62,27
19,1000,20,5.13,10.3,18,37,9,942,28,17,13,58,7.537484419,106,62,5.040503912,9.364186453,6.893770348,8.16092403,469,15,5,3,23,473,13,12,10,35,492,508,42,20,72,34
18,1000,20,5.13,10.3,18,37,10,957,18,11,14,43,7.14436589,96,55,5.008027178,8.985920397,6.59927903,7.707179152,487,12,5,4,21,470,6,6,10,22,508,492,36,19,64,32
16,1000,20,5.13,10.3,18,37,85,952,35,7,6,48,8.773876991,148,68,6.442476756,12.23015105,9.455627239,8.124083786,461,17,6,4,27,491,18,1,2,21,488,512,50,18,121,27
23,1000,20,5.13,10.3,18,37,4,944,28,13,15,56,7.488370038,95,47,5.070106469,8.847582361,6.769051331,8.201957123,476,12,5,5,22,468,16,8,10,34,498,502,30,17,61,34
17,1000,20,5.13,10.3,18,37,14,947,31,14,8,53,7.330379225,110,52,5.101794286,9.652369573,6.743730973,7.88952834,463,16,8,1,25,484,15,6,7,28,488,512,31,21,84,26
20,1000,20,5.13,10.3,18,37,10,949,30,13,8,51,7.011727672,81,64,5.079114551,8.998874077,6.497457875,7.511796724,473,9,8,3,20,476,21,5,5,31,493,507,40,24,51,30
22,1000,20,5.13,10.3,18,37,5,937,36,17,10,63,7.24654688,96,51,4.90988719,9.087578582,6.253374836,8.28440151,489,15,7,0,22,448,21,10,10,41,511,489,26,25,69,27
19,1000,20,5.13,10.3,18,37,10,942,28,17,13,58,7.551408256,115,55,5.052079714,9.397247182,6.946679649,8.137090293,469,15,5,3,23,473,13,12,10,35,492,508,31,24,77,38
18,1000,20,5.13,10.3,18,37,11,958,17,11,14,42,7.15293946,119,55,5.018078545,9.00263576,6.670053774,7.651528746,487,12,5,4,21,471,5,6,10,21,508,492,38,17,80,39
21,1000,20,5.13,10.3,18,37,6,944,27,13,16,56,7.462882239,101,72,5.042031534,9.165471958,6.498434136,8.466695571,493,12,2,3,17,451,15,11,13,39,510,490,39,33,61,40
16,1000,20,5.13,10.3,18,37,86,951,36,7,6,49,8.778459461,143,69,6.478126596,12.3134202,9.489433509,8.100812322,460,18,6,4,28,491,18,1,2,21,488,512,49,20,122,21
23,1000,20,5.13,10.3,18,37,5,947,26,12,15,53,7.483417102,108,56,5.087423244,8.863687723,6.798654513,8.162723417,476,12,5,5,22,471,14,7,10,31,498,502,33,23,84,24
17,1000,20,5.13,10.3,18,37,15,949,27,16,8,51,7.338776702,93,70,5.108214075,9.662349496,6.774155274,7.876931499,463,16,8,1,25,486,11,8,7,26,488,512,46,24,69,24
20,1000,20,5.13,10.3,18,37,11,949,29,14,8,51,7.063128526,96,46,5.075885792,9.017313981,6.540963163,7.570875121,473,9,8,3,20,476,20,6,5,31,493,507,27,19,68,28
22,1000,20,5.13,10.3,18,37,6,938,34,18,10,62,7.28413713,83,60,4.923131401,9.086040651,6.285356573,8.3278526,490,13,8,0,21,448,21,10,10,41,511,489,38,22,57,26
19,1000,20,5.13,10.3,18,37,11,942,28,18,12,58,7.534324743,109,47,5.071823478,9.427362424,6.955867292,8.094563062,469,15,5,3,23,473,13,13,9,35,492,508,28,19,83,26
18,1000,20,5.13,10.3,18,37,12,959,16,11,14,41,7.182818079,92,55,5.034793853,9.02236423,6.717727133,7.663033935,488,11,5,4,20,471,5,6,10,21,508,492,33,22,64,28
21,1000,20,5.13,10.3,18,37,7,943,28,13,16,57,7.472384346,104,68,5.045322882,9.183289682,6.508062924,8.476065827,492,13,2,3,18,451,15,11,13,39,510,490,35,33,65,39
16,1000,20,5.13,10.3,18,37,87,952,35,7,6,48,8.774352744,127,68,6.525575475,12.37544583,9.524585111,8.05928752,460,18,6,4,28,492,17,1,2,20,488,512,51,17,109,18
23,1000,20,5.13,10.3,18,37,6,948,24,13,15,52,7.492375479,96,47,5.087003926,8.886896331,6.828701012,8.150761703,476,11,6,5,22,472,13,7,10,30,498,502,26,21,67,29
17,1000,20,5.13,10.3,18,37,16,951,25,16,8,49,7.363856304,109,58,5.117751777,9.676831047,6.809561028,7.892168989,463,16,8,1,25,488,9,8,7,24,488,512,39,19,79,30
20,1000,20,5.13,10.3,18,37,12,950,28,14,8,50,7.081767046,106,57,5.100181473,9.040825774,6.572647831,7.576827742,473,9,8,3,20,477,19,6,5,30,493,507,35,22,71,35
22,1000,20,5.13,10.3,18,37,7,938,34,18,10,62,7.31489957,84,53,4.932350745,9.113146116,6.30512648,8.370102124,490,13,8,0,21,448,21,10,10,41,511,489,30,23,55,29
19,1000,20,5.13,10.3,18,37,12,943,28,17,12,57,7.522548136,94,63,5.082848997,9.439824911,6.974299997,8.053528617,469,15,5,3,23,474,13,12,9,34,492,508,37,26,61,33
18,1000,20,5.13,10.3,18,37,13,961,15,10,14,39,7.178399487,91,47,5.039913091,9.031094619,6.763487148,7.60680491,488,11,5,4,20,473,4,5,10,19,508,492,30,17,62,29
21,1000,20,5.13,10.3,18,37,8,944,27,13,16,56,7.475778305,102,58,5.053930427,9.200121989,6.534957608,8.454999847,492,13,2,3,18,452,14,11,13,38,510,490,32,26,71,31
16,1000,20,5.13,10.3,18,37,88,951,36,7,6,49,8.783439047,127,60,6.574760752,12.45484844,9.527738186,8.07402893,460,18,6,4,28,491,18,1,2,21,488,512,40,20,113,14
23,1000,20,5.13,10.3,18,37,7,948,24,14,14,52,7.50914953,92,59,5.081890155,8.901531563,6.888481732,8.124871769,476,11,6,5,22,472,13,8,9,30,498,502,38,21,52,40
17,1000,20,5.13,10.3,18,37,17,950,25,17,8,50,7.374615817,116,46,5.112146562,9.679553762,6.867906803,7.857572846,462,16,9,1,26,488,9,8,7,24,488,512,29,17,86,30
20,1000,20,5.13,10.3,18,37,13,950,29,14,7,50,7.107458754,85,37,5.112456777,9.068704089,6.647951803,7.554277151,473,9,8,3,20,477,20,6,4,30,493,507,21,16,59,26
18,1000,20,5.13,10.3,18,37,14,960,16,10,14,40,7.237584683,97,46,5.059281863,9.061021812,6.866774405,7.620453832,488,11,5,4,20,472,5,5,10,20,508,492,30,16,57,40
22,1000,20,5.13,10.3,18,37,8,936,36,18,10,64,7.371573172,93,57,4.937322426,9.115744962,6.351861376,8.437161573,489,14,8,0,22,447,22,10,10,42,511,489,33,24,65,28
19,1000,20,5.13,10.3,18,37,13,944,26,17,13,56,7.530356677,99,50,5.099854895,9.474045355,6.993052697,8.050737697,469,15,5,3,23,475,11,12,10,33,492,508,27,23,67,32
21,1000,20,5.13,10.3,18,37,9,945,25,16,14,55,7.469021073,92,62,5.056347337,9.209761954,6.571734801,8.402931275,492,13,2,3,18,453,12,14,11,37,510,490,34,28,67,25
23,1000,20,5.13,10.3,18,37,8,949,24,13,14,51,7.516723125,94,62,5.108090142,8.917336454,6.896842945,8.131664021,477,11,5,5,21,472,13,8,9,30,498,502,38,24,67,27
17,1000,20,5.13,10.3,18,37,18,950,25,18,7,50,7.366070927,105,59,5.120342329,9.726734322,6.853216331,7.854885463,462,16,10,0,26,488,9,8,7,24,488,512,34,25,76,29
16,1000,20,5.13,10.3,18,37,89,949,38,7,6,51,8.831514605,133,80,6.598869317,12.54347696,9.58989549,8.108682823,459,19,6,4,29,490,19,1,2,22,488,512,63,17,121,12
20,1000,20,5.13,10.3,18,37,14,949,30,14,7,51,7.162036626,101,72,5.134682808,9.114768224,6.689080409,7.621932908,472,10,8,3,21,477,20,6,4,30,493,507,44,28,74,27
18,1000,20,5.13,10.3,18,37,15,959,17,9,15,41,7.270489037,99,63,5.072120492,9.08425811,6.851312784,7.703297039,488,11,5,4,20,471,6,4,11,21,508,492,38,25,59,40
19,1000,20,5.13,10.3,18,37,14,944,25,17,14,56,7.544665585,92,62,5.101805104,9.505637825,7.03326194,8.039962029,469,14,5,4,23,475,11,12,10,33,492,508,29,33,66,26
22,1000,20,5.13,10.3,18,37,9,937,35,18,10,63,7.368964033,102,66,4.934318739,9.110732446,6.365541009,8.417530834,490,13,8,0,21,447,22,10,10,42,511,489,40,26,79,23
21,1000,20,5.13,10.3,18,37,10,947,23,17,13,53,7.471476074,86,60,5.075648935,9.239863003,6.584571388,8.394580951,493,12,2,3,17,454,11,15,10,36,510,490,39,21,66,20
23,1000,20,5.13,10.3,18,37,9,949,24,13,14,51,7.546638128,98,50,5.124883676,8.961492325,6.920028833,8.16825452,477,11,5,5,21,472,13,8,9,30,498,502,30,20,64,34
17,1000,20,5.13,10.3,18,37,19,952,24,18,6,48,7.362012691,104,54,5.114652259,9.723870235,6.890059686,7.811842899,463,14,11,0,25,489,10,7,6,23,488,512,31,23,77,27
20,1000,20,5.13,10.3,18,37,15,951,28,13,8,49,7.208155242,76,56,5.150837354,9.153462105,6.718275059,7.684508161,472,10,8,3,21,479,18,5,5,28,493,507,36,20,50,26
16,1000,20,5.13,10.3,18,37,90,948,39,7,6,52,8.836135143,141,69,6.642719367,12.6288032,9.627602247,8.081768059,459,19,6,4,29,489,20,1,2,23,488,512,52,17,120,21
18,1000,20,5.13,10.3,18,37,16,959,17,9,15,41,7.269728317,113,51,5.093013777,9.116266186,6.844635195,7.708645605,488,11,5,4,20,471,6,4,11,21,508,492,35,16,73,40
22,1000,20,5.13,10.3,18,37,10,938,36,16,10,62,7.381059335,98,62,4.930155272,9.108055409,6.429087185,8.375860498,489,14,8,0,22,449,22,8,10,40,511,489,27,35,64,34
19,1000,20,5.13,10.3,18,37,15,945,25,16,14,55,7.53745447,103,61,5.128392175,9.545821853,7.058939968,8.000897648,469,14,5,4,23,476,11,11,10,32,492,508,36,25,64,39
21,1000,20,5.13,10.3,18,37,11,947,24,16,13,53,7.49018856,80,57,5.084678607,9.277392704,6.618710463,8.397237191,492,13,2,3,18,455,11,14,10,35,510,490,30,27,54,26
23,1000,20,5.13,10.3,18,37,10,950,24,11,15,50,7.549755249,102,52,5.138212797,8.965811569,6.908166784,8.186231455,477,11,5,5,21,473,13,6,10,29,498,502,25,27,77,25
17,1000,20,5.13,10.3,18,37,20,952,24,19,5,48,7.35915668,114,60,5.115339536,9.747406006,6.913199225,7.784209879,463,14,11,0,25,489,10,8,5,23,488,512,44,16,83,31
20,1000,20,5.13,10.3,18,37,16,951,29,12,8,49,7.182984627,90,47,5.16117115,9.161070146,6.673001455,7.678885423,473,10,7,3,20,478,19,5,5,29,493,507,28,19,52,38
18,1000,20,5.13,10.3,18,37,17,959,16,10,15,41,7.295432712,108,55,5.105786203,9.127985742,6.845620894,7.759872556,489,9,6,4,19,470,7,4,11,22,508,492,29,26,77,31
19,1000,20,5.13,10.3,18,37,16,946,26,16,12,54,7.508112974,92,63,5.144626323,9.5933349,7.066335709,7.935975994,469,14,5,4,23,477,12,11,8,31,492,508,36,27,65,27
16,1000,20,5.13,10.3,18,37,91,947,40,7,6,53,8.853112243,130,65,6.661715492,12.68618719,9.690676197,8.054809099,458,20,6,4,30,489,20,1,2,23,488,512,54,11,111,19
22,1000,20,5.13,10.3,18,37,11,941,34,15,10,59,7.3411732,108,42,4.956138107,9.139455239,6.454649908,8.267580975,489,14,8,0,22,452,20,7,10,37,511,489,24,18,75,33
21,1000,20,5.13,10.3,18,37,12,947,24,16,13,53,7.524956234,103,49,5.1039434,9.316720994,6.648825657,8.436847244,492,13,2,3,18,455,11,14,10,35,510,490,33,16,75,28
23,1000,20,5.13,10.3,18,37,11,948,26,11,15,52,7.542319051,101,58,5.14194112,9.009524599,6.901215941,8.178313771,476,12,5,5,22,472,14,6,10,30,498,502,36,22,73,28
17,1000,20,5.13,10.3,18,37,21,953,24,18,5,47,7.366026963,90,63,5.134489948,9.769110587,6.964224658,7.748994784,463,14,11,0,25,490,10,7,5,22,488,512,43,20,67,23
20,1000,20,5.13,10.3,18,37,17,952,28,12,8,48,7.207172425,116,55,5.173013497,9.178337315,6.651235431,7.747758101,474,10,6,3,19,478,18,6,5,29,493,507,31,24,83,33
18,1000,20,5.13,10.3,18,37,18,960,17,10,13,40,7.316106483,98,56,5.137780851,9.156347453,6.884045824,7.762217895,489,9,6,4,19,471,8,4,9,21,508,492,37,19,70,28
19,1000,20,5.13,10.3,18,37,17,946,27,16,11,54,7.517293924,102,49,5.165817145,9.606055457,7.136162533,7.886421177,467,16,5,4,25,479,11,11,7,29,492,508,36,13,80,22
22,1000,20,5.13,10.3,18,37,12,942,32,17,9,58,7.347273342,81,53,4.971680955,9.160777543,6.469281975,8.264765344,489,14,8,0,22,453,18,9,9,36,511,489,30,23,63,18
16,1000,20,5.13,10.3,18,37,92,943,44,7,6,57,8.897019057,124,88,6.710029991,12.75487339,9.750676152,8.083377138,455,23,6,4,33,488,21,1,2,24,488,512,68,20,106,18
21,1000,20,5.13,10.3,18,37,13,949,23,14,14,51,7.530025074,106,61,5.110026048,9.34949802,6.666854117,8.428427498,492,13,2,3,18,457,10,12,11,33,510,490,41,20,82,24
23,1000,20,5.13,10.3,18,37,12,948,26,11,15,52,7.619075671,100,45,5.154660041,9.021126464,6.961311928,8.271598269,476,12,5,5,22,472,14,6,10,30,498,502,26,19,65,35
17,1000,20,5.13,10.3,18,37,22,955,22,17,6,45,7.358380448,92,56,5.134879544,9.772813552,6.960408578,7.737697388,464,13,10,1,24,491,9,7,5,21,488,512,37,19,68,24
20,1000,20,5.13,10.3,18,37,18,951,29,12,8,49,7.244581611,112,47,5.18683349,9.186689041,6.713454103,7.761042876,474,10,6,3,19,477,19,6,5,30,493,507,27,20,79,33
18,1000,20,5.13,10.3,18,37,19,961,17,9,13,39,7.334678048,89,75,5.137980415,9.175895994,6.883755763,7.800264473,490,9,5,4,18,471,8,4,9,21,508,492,49,26,70,19
19,1000,20,5.13,10.3,18,37,18,945,27,17,11,55,7.542659103,101,67,5.186000395,9.65410315,7.164473587,7.908933265,467,15,6,4,25,478,12,11,7,30,492,508,43,24,70,31
22,1000,20,5.13,10.3,18,37,13,941,33,17,9,59,7.331349213,98,55,4.973970818,9.161330205,6.431254246,8.27193925,489,14,8,0,22,452,19,9,9,37,511,489,28,27,71,27
16,1000,20,5.13,10.3,18,37,93,943,44,7,6,57,8.889059925,144,75,6.727274659,12.83091089,9.762124656,8.056920103,455,23,6,4,33,488,21,1,2,24,488,512,61,14,121,23
21,1000,20,5.13,10.3,18,37,14,950,22,15,13,50,7.555239404,95,52,5.107915888,9.370041214,6.704688551,8.440506618,492,12,3,3,18,458,10,12,10,32,510,490,25,27,69,26
17,1000,20,5.13,10.3,18,37,23,957,20,17,6,43,7.368841653,117,71,5.147731419,9.790307061,6.974988354,7.744233079,465,12,10,1,23,492,8,7,5,20,488,512,38,33,81,36
23,1000,20,5.13,10.3,18,37,13,946,28,11,15,54,7.641963137,106,45,5.17414066,9.049212188,6.972460661,8.306130931,475,13,5,5,23,471,15,6,10,31,498,502,26,19,76,30
20,1000,20,5.13,10.3,18,37,19,950,30,12,8,50,7.283318742,99,68,5.19484517,9.192328971,6.797206415,7.756007849,473,11,6,3,20,477,19,6,5,30,493,507,41,27,71,28
18,1000,20,5.13,10.3,18,37,20,960,18,9,13,40,7.3473686,89,68,5.163327956,9.215078219,6.928015687,7.780359007,490,9,5,4,18,470,9,4,9,22,508,492,43,25,67,22
19,1000,20,5.13,10.3,18,37,19,945,27,16,12,55,7.580595149,88,43,5.211452607,9.703056038,7.195742991,7.953325979,467,15,5,5,25,478,12,11,7,30,492,508,24,19,64,24
22,1000,20,5.13,10.3,18,37,14,941,32,18,9,59,7.361060285,92,55,4.981362543,9.174799238,6.456650161,8.306159616,490,13,8,0,21,451,19,10,9,38,511,489,33,22,62,30
21,1000,20,5.13,10.3,18,37,15,950,22,15,13,50,7.536874951,91,56,5.132722374,9.417092266,6.720787518,8.386272075,492,12,3,3,18,458,10,12,10,32,510,490,28,28,66,25
16,1000,20,5.13,10.3,18,37,94,946,42,6,6,54,8.847441737,141,68,6.769703483,12.88031453,9.792541239,7.946643775,455,23,6,4,33,491,19,0,2,21,488,512,49,19,117,24
17,1000,20,5.13,10.3,18,37,24,957,21,16,6,43,7.411165896,90,73,5.158003921,9.793810887,7.030794188,7.77370768,465,13,9,1,23,492,8,7,5,20,488,512,44,29,67,23
23,1000,20,5.13,10.3,18,37,14,946,28,11,15,54,7.652648559,101,58,5.189813849,9.062714708,7.009445876,8.290726121,475,13,5,5,23,471,15,6,10,31,498,502,33,25,66,35
20,1000,20,5.13,10.3,18,37,20,949,31,12,8,51,7.330582302,96,59,5.18726116,9.219116572,6.870592935,7.777869794,474,10,6,3,19,475,21,6,5,32,493,507,37,22,62,34
18,1000,20,5.13,10.3,18,37,21,960,18,9,13,40,7.337676597,109,66,5.157214256,9.269853897,6.921918188,7.766955604,490,9,5,4,18,470,9,4,9,22,508,492,44,22,83,26
19,1000,20,5.13,10.3,18,37,20,946,27,16,11,54,7.585465581,96,53,5.206192858,9.714737977,7.180626915,7.977553422,469,14,5,4,23,477,13,11,7,31,492,508,36,17,65,31
22,1000,20,5.13,10.3,18,37,15,941,31,19,9,59,7.365801578,99,45,4.996945799,9.178926688,6.471324642,8.300520831,490,12,9,0,21,451,19,10,9,38,511,489,22,23,63,36
21,1000,20,5.13,10.3,18,37,16,952,21,15,12,48,7.539575613,105,56,5.142385209,9.442751602,6.726419009,8.385922283,492,13,3,2,18,460,8,12,10,30,510,490,32,24,76,29
16,1000,20,5.13,10.3,18,37,95,946,41,7,6,54,8.858368275,126,81,6.781934172,12.92955931,9.836765244,7.925833665,454,24,6,4,34,492,17,1,2,20,488,512,68,13,108,18
17,1000,20,5.13,10.3,18,37,25,959,20,15,6,41,7.434716264,112,51,5.194727092,9.839096611,7.068098393,7.784148921,466,12,9,1,22,493,8,6,5,19,488,512,31,20,92,20
20,1000,20,5.13,10.3,18,37,21,949,31,12,8,51,7.337372652,89,50,5.185249256,9.245735664,6.924515662,7.738829251,473,11,6,3,20,476,20,6,5,31,493,507,34,16,65,24
23,1000,20,5.13,10.3,18,37,15,946,28,10,16,54,7.676222622,99,56,5.215947198,9.084158464,7.060195295,8.287341365,474,14,5,5,24,472,14,5,11,30,498,502,30,26,63,36
18,1000,20,5.13,10.3,18,37,22,961,18,9,12,39,7.334813525,97,68,5.15755614,9.318507378,6.929195153,7.753622739,490,9,5,4,18,471,9,4,8,21,508,492,46,22,68,29
19,1000,20,5.13,10.3,18,37,21,946,28,16,10,54,7.618201302,81,58,5.219319907,9.724279563,7.20954911,8.013982559,469,14,5,4,23,477,14,11,6,31,492,508,38,20,62,19
22,1000,20,5.13,10.3,18,37,16,942,30,19,9,58,7.368349579,101,55,5.017545628,9.201939055,6.484911885,8.291532937,490,12,9,0,21,452,18,10,9,37,511,489,33,22,70,31
21,1000,20,5.13,10.3,18,37,17,953,22,13,12,47,7.53116101,93,54,5.14638213,9.471008557,6.731033185,8.363947115,493,13,1,3,17,460,9,12,9,30,510,490,32,22,58,35
17,1000,20,5.13,10.3,18,37,26,958,20,16,6,42,7.460226319,93,55,5.202572328,9.89566528,7.10289377,7.800808904,467,10,10,1,21,491,10,6,5,21,488,512,31,24,68,25
16,1000,20,5.13,10.3,18,37,96,947,40,7,6,53,8.849937798,135,74,6.815224427,13.01215571,9.859888096,7.88732892,454,24,6,4,34,493,16,1,2,19,488,512,60,14,113,22
20,1000,20,5.13,10.3,18,37,22,948,31,13,8,52,7.369363048,105,48,5.190112981,9.279405483,6.988328812,7.739875628,472,12,6,3,21,476,19,7,5,31,493,507,30,18,74,31
23,1000,20,5.13,10.3,18,37,16,947,27,10,16,53,7.612802265,94,72,5.248789888,9.106472971,7.063921225,8.157309752,474,14,5,5,24,473,13,5,11,29,498,502,41,31,69,25
18,1000,20,5.13,10.3,18,37,23,963,16,9,12,37,7.321656589,102,59,5.149338745,9.340462392,6.955907573,7.699299882,490,9,5,4,18,473,7,4,8,19,508,492,37,22,71,31
19,1000,20,5.13,10.3,18,37,22,947,28,15,10,53,7.633432596,110,55,5.212141472,9.743007822,7.243809991,8.010783623,469,14,5,4,23,478,14,10,6,30,492,508,31,24,79,31
22,1000,20,5.13,10.3,18,37,17,943,29,19,9,57,7.383372175,101,59,5.005176838,9.231105287,6.510081806,8.295951682,490,12,9,0,21,453,17,10,9,36,511,489,32,27,65,36
21,1000,20,5.13,10.3,18,37,18,953,23,13,11,47,7.566781878,93,55,5.175492473,9.498407743,6.784228881,8.381275814,493,13,1,3,17,460,10,12,8,30,510,490,30,25,61,32
17,1000,20,5.13,10.3,18,37,27,958,21,15,6,42,7.485998966,91,43,5.205981983,9.895319092,7.141889446,7.813978352,468,10,9,1,20,490,11,6,5,22,488,512,32,11,72,19
20,1000,20,5.13,10.3,18,37,23,947,32,13,8,53,7.397053299,98,53,5.202597906,9.311421329,7.013556075,7.769960856,472,12,6,3,21,475,20,7,5,32,493,507,34,19,71,27
23,1000,20,5.13,10.3,18,37,17,948,27,10,15,52,7.628564165,95,44,5.255072902,9.138564841,7.119297129,8.133773296,474,14,6,4,24,474,13,4,11,28,498,502,27,17,67,28
16,1000,20,5.13,10.3,18,37,97,947,40,6,7,53,8.896705599,117,73,6.85452243,13.08662527,9.923820713,7.917736507,454,24,6,4,34,493,16,0,3,19,488,512,61,12,96,21
19,1000,20,5.13,10.3,18,37,23,948,28,14,10,52,7.625039052,93,64,5.205540118,9.78353338,7.252216458,7.986119203,469,14,5,4,23,479,14,9,6,29,492,508,40,24,65,28
18,1000,20,5.13,10.3,18,37,24,963,17,9,11,37,7.33102164,89,58,5.175326447,9.374345708,6.999540209,7.673282955,490,9,5,4,18,473,8,4,7,19,508,492,34,24,66,23
22,1000,20,5.13,10.3,18,37,18,945,26,20,9,55,7.39254688,101,62,5.02533338,9.272038109,6.516047079,8.308480209,491,10,10,0,20,454,16,10,9,35,511,489,38,24,71,30
21,1000,20,5.13,10.3,18,37,19,952,23,14,11,48,7.6007277,90,59,5.198087402,9.528889763,6.817323845,8.416107223,493,12,2,3,17,459,11,12,8,31,510,490,37,22,57,33
17,1000,20,5.13,10.3,18,37,28,958,21,15,6,42,7.516641676,103,56,5.21959506,9.962767441,7.189963523,7.828006789,468,10,9,1,20,490,11,6,5,22,488,512,40,16,78,25
20,1000,20,5.13,10.3,18,37,24,950,31,11,8,50,7.39741888,86,72,5.203512684,9.308565284,7.044912002,7.740191839,472,12,6,3,21,478,19,5,5,29,493,507,46,26,62,24
23,1000,20,5.13,10.3,18,37,18,947,28,10,15,53,7.660537209,92,67,5.27787871,9.168687229,7.167180064,8.149963221,474,14,6,4,24,473,14,4,11,29,498,502,38,29,64,28
16,1000,20,5.13,10.3,18,37,98,945,41,7,7,55,8.912672477,129,61,6.935936625,13.19666891,9.980207662,7.895178004,453,24,7,4,35,492,17,0,3,20,488,512,43,18,107,22
19,1000,20,5.13,10.3,18,37,24,948,28,14,10,52,7.667619606,100,54,5.223891332,9.794471948,7.283790348,8.039359753,469,14,5,4,23,479,14,9,6,29,492,508,31,23,75,25
18,1000,20,5.13,10.3,18,37,25,963,17,9,11,37,7.356208869,101,61,5.175239384,9.410287917,7.017233151,7.706208186,490,9,5,4,18,473,8,4,7,19,508,492,39,22,65,36
22,1000,20,5.13,10.3,18,37,19,946,26,20,8,54,7.418392423,102,74,5.0389975,9.307835004,6.561209742,8.314139561,491,10,10,0,20,455,16,10,8,34,511,489,48,26,63,39
21,1000,20,5.13,10.3,18,37,20,954,21,14,11,46,7.629221387,98,59,5.201781591,9.567284933,6.879374394,8.40967438,493,12,2,3,17,461,9,12,8,29,510,490,32,27,70,28
17,1000,20,5.13,10.3,18,37,29,958,22,14,6,42,7.531397455,96,57,5.24690908,10.01073166,7.18981581,7.856967461,469,10,8,1,19,489,12,6,5,23,488,512,37,20,67,29
20,1000,20,5.13,10.3,18,37,25,950,30,12,8,50,7.383406789,103,59,5.235847394,9.334992672,7.041729359,7.715649339,472,12,6,3,21,478,18,6,5,29,493,507,42,17,78,25
23,1000,20,5.13,10.3,18,37,19,948,27,10,15,52,7.691480771,102,51,5.280282945,9.196087692,7.20078687,8.178264759,474,14,6,4,24,474,13,4,11,28,498,502,28,23,75,27
19,1000,20,5.13,10.3,18,37,25,947,30,13,10,53,7.701530641,97,68,5.234726153,9.832256123,7.287294107,8.102720354,469,15,4,4,23,478,15,9,6,30,492,508,44,24,67,30
16,1000,20,5.13,10.3,18,37,99,946,40,7,7,54,8.90106636,129,83,6.973480154,13.26816162,10.01214185,7.842072539,453,24,7,4,35,493,16,0,3,19,488,512,61,22,116,13
18,1000,20,5.13,10.3,18,37,26,964,16,9,11,36,7.362363461,101,55,5.186337799,9.44129046,7.009826051,7.726365503,491,8,5,4,17,473,8,4,7,19,508,492,33,22,75,26
22,1000,20,5.13,10.3,18,37,20,948,24,20,8,52,7.425264829,128,56,5.04011895,9.328278476,6.600351912,8.287290392,492,10,9,0,19,456,14,11,8,33,511,489,29,27,94,34
21,1000,20,5.13,10.3,18,37,21,957,20,11,12,43,7.637834556,88,60,5.200396432,9.586943127,6.926253005,8.378460252,493,12,2,3,17,464,8,9,9,26,510,490,41,19,60,28
17,1000,20,5.13,10.3,18,37,30,957,23,14,6,43,7.556369256,87,56,5.252727569,10.02754775,7.233417459,7.864182688,469,10,8,1,19,488,13,6,5,24,488,512,37,19,67,20
20,1000,20,5.13,10.3,18,37,26,950,30,12,8,50,7.398101128,93,61,5.252232985,9.365986651,7.092862715,7.694910867,472,12,6,3,21,478,18,6,5,29,493,507,37,24,62,31
23,1000,20,5.13,10.3,18,37,20,947,29,9,15,53,7.688062587,96,48,5.289575271,9.199054373,7.160316393,8.211603632,475,14,5,4,23,472,15,4,11,30,498,502,25,23,71,25
19,1000,20,5.13,10.3,18,37,26,945,32,13,10,55,7.710572959,103,47,5.255442449,9.838117569,7.266989229,8.140185548,469,15,4,4,23,476,17,9,6,32,492,508,28,19,66,37
16,1000,20,5.13,10.3,18,37,100,947,39,7,7,53,8.888082616,152,73,7.010651782,13.32749074,10.01916113,7.810023408,453,24,7,4,35,494,15,0,3,18,488,512,53,20,131,21
18,1000,20,5.13,10.3,18,37,27,964,16,9,11,36,7.376729017,116,51,5.200251686,9.469640715,7.040659628,7.723727491,491,8,5,4,17,473,8,4,7,19,508,492,30,21,80,36
22,1000,20,5.13,10.3,18,37,21,946,26,20,8,54,7.467585656,111,63,5.072478294,9.368486293,6.649763105,8.322201859,490,12,9,0,21,456,14,11,8,33,511,489,34,29,81,30
21,1000,20,5.13,10.3,18,37,22,957,22,10,11,43,7.639370134,94,50,5.2093418,9.599741101,7.003093533,8.301617208,493,12,2,3,17,464,10,8,8,26,510,490,32,18,62,32
17,1000,20,5.13,10.3,18,37,31,959,21,14,6,41,7.549030532,88,63,5.265131474,10.03796078,7.226881835,7.856078508,469,10,8,1,19,490,11,6,5,22,488,512,40,23,58,30
20,1000,20,5.13,10.3,18,37,27,950,30,12,8,50,7.468598422,118,66,5.277446504,9.398214888,7.180162046,7.749070085,472,12,6,3,21,478,18,6,5,29,493,507,41,25,81,37
23,1000,20,5.13,10.3,18,37,21,948,27,10,15,52,7.768734829,102,59,5.30900324,9.239357922,7.275980008,8.257563317,475,14,5,4,23,473,13,5,11,29,498,502,32,27,72,30
19,1000,20,5.13,10.3,18,37,27,945,32,13,10,55,7.733056212,86,70,5.251684515,9.874903316,7.294436885,8.157860757,469,15,4,4,23,476,17,9,6,32,492,508,41,29,63,23
22,1000,20,5.13,10.3,18,37,22,947,25,20,8,53,7.48880907,109,49,5.075959969,9.39750053,6.70787707,8.304875025,490,12,9,0,21,457,13,11,8,32,511,489,26,23,77,32
18,1000,20,5.13,10.3,18,37,28,963,17,9,11,37,7.396734388,98,74,5.215909326,9.522212071,7.05753698,7.746962606,490,9,5,4,18,473,8,4,7,19,508,492,40,34,72,26
16,1000,20,5.13,10.3,18,37,101,946,40,7,7,54,8.930787732,142,77,7.063613306,13.42896655,10.10381917,7.812742145,452,25,7,4,36,494,15,0,3,18,488,512,61,16,128,14
21,1000,20,5.13,10.3,18,37,23,957,22,9,12,43,7.645174569,111,58,5.230363977,9.630913616,7.028590122,8.286925729,493,12,2,3,17,464,10,7,9,26,510,490,29,29,77,34
17,1000,20,5.13,10.3,18,37,32,960,20,14,6,40,7.56040797,101,50,5.253296134,10.05696613,7.276649929,7.830864853,469,9,9,1,19,491,11,5,5,21,488,512,37,13,79,22
20,1000,20,5.13,10.3,18,37,28,950,30,12,8,50,7.495210626,103,57,5.300576159,9.388623659,7.235040279,7.748196781,472,12,6,3,21,478,18,6,5,29,493,507,38,19,78,25
23,1000,20,5.13,10.3,18,37,22,948,27,10,15,52,7.801176756,81,70,5.316778525,9.250450874,7.313800983,8.284669057,475,14,5,4,23,473,13,5,11,29,498,502,39,31,62,19
19,1000,20,5.13,10.3,18,37,28,945,33,13,9,55,7.750008332,119,51,5.259295004,9.900875857,7.319597623,8.166862798,469,15,4,4,23,476,18,9,5,32,492,508,29,22,86,33
22,1000,20,5.13,10.3,18,37,23,949,24,19,8,51,7.486563199,103,51,5.089089083,9.416081777,6.700657016,8.307827124,491,11,9,0,20,458,13,10,8,31,511,489,29,22,73,30
18,1000,20,5.13,10.3,18,37,29,965,17,8,10,35,7.389765594,101,54,5.210727538,9.527395854,7.092820582,7.696367353,490,9,5,4,18,475,8,3,6,17,508,492,33,21,76,25
16,1000,20,5.13,10.3,18,37,102,945,40,8,7,55,8.954079726,147,73,7.093254737,13.49987468,10.14004003,7.823711307,451,26,7,4,37,494,14,1,3,18,488,512,50,23,126,21
17,1000,20,5.13,10.3,18,37,33,961,20,13,6,39,7.57264545,105,57,5.265480492,10.0839273,7.29666501,7.835689307,469,9,9,1,19,492,11,4,5,20,488,512,37,20,71,34
21,1000,20,5.13,10.3,18,37,24,956,23,9,12,44,7.652269741,88,48,5.248002453,9.662053242,7.059216415,8.269529325,492,13,2,3,18,464,10,7,9,26,510,490,33,15,60,28
20,1000,20,5.13,10.3,18,37,29,952,29,11,8,48,7.520273779,109,44,5.319621495,9.431271437,7.295572543,7.738770246,472,12,6,3,21,480,17,5,5,27,493,507,31,13,72,37
23,1000,20,5.13,10.3,18,37,23,946,29,10,15,54,7.806052845,96,76,5.330526931,9.295753572,7.335668722,8.272688887,475,14,5,4,23,471,15,5,11,31,498,502,43,33,67,29
19,1000,20,5.13,10.3,18,37,29,946,32,13,9,54,7.780360623,83,71,5.27939643,9.925996232,7.365187948,8.182456993,469,15,4,4,23,477,17,9,5,31,492,508,43,28,63,20
22,1000,20,5.13,10.3,18,37,24,950,25,17,8,50,7.488107,90,51,5.10431944,9.423677264,6.771438029,8.237018746,491,11,8,1,20,459,14,9,7,30,511,489,32,19,60,30
18,1000,20,5.13,10.3,18,37,30,965,16,9,10,35,7.423391061,108,53,5.23930316,9.568457846,7.124745668,7.731748498,490,9,5,4,18,475,7,4,6,17,508,492,33,20,68,40
17,1000,20,5.13,10.3,18,37,34,962,20,12,6,38,7.580091461,121,54,5.277978082,10.14006984,7.329477311,7.818958073,469,9,9,1,19,493,11,3,5,19,488,512,44,10,94,27
16,1000,20,5.13,10.3,18,37,103,947,39,7,7,53,8.938009164,161,75,7.116050129,13.5523998,10.16854023,7.765159245,452,26,6,4,36,495,13,1,3,17,488,512,54,21,135,26
20,1000,20,5.13,10.3,18,37,30,954,28,10,8,46,7.527975087,92,60,5.337486517,9.470272995,7.310193948,7.739742546,472,12,6,3,21,482,16,4,5,25,493,507,39,21,66,26
21,1000,20,5.13,10.3,18,37,25,956,24,8,12,44,7.643936701,103,55,5.252848913,9.684217422,7.079495737,8.231416072,492,13,2,3,18,464,11,6,9,26,510,490,40,15,74,29
23,1000,20,5.13,10.3,18,37,24,947,29,9,15,53,7.777901702,108,67,5.346879483,9.342567209,7.333353975,8.218907216,474,15,4,5,24,473,14,5,10,29,498,502,41,26,81,27
19,1000,20,5.13,10.3,18,37,30,947,33,12,8,53,7.785682518,122,57,5.29513837,9.951740145,7.382243076,8.176415205,469,15,4,4,23,478,18,8,4,30,492,508,40,17,85,37
22,1000,20,5.13,10.3,18,37,25,951,24,17,8,49,7.49952431,96,57,5.120677049,9.4569213,6.800777333,8.229707756,491,11,8,1,20,460,13,9,7,29,511,489,38,19,70,26
18,1000,20,5.13,10.3,18,37,31,965,16,9,10,35,7.445762779,102,63,5.243101058,9.57943699,7.140931271,7.760507506,490,9,5,4,18,475,7,4,6,17,508,492,38,25,71,31
17,1000,20,5.13,10.3,18,37,35,965,19,10,6,35,7.58970208,114,55,5.303172186,10.14427328,7.363883508,7.804935407,470,9,8,1,18,495,10,2,5,17,488,512,34,21,92,22
20,1000,20,5.13,10.3,18,37,31,956,27,9,8,44,7.536409158,90,68,5.353055553,9.490871184,7.370328222,7.697904033,472,12,6,3,21,484,15,3,5,23,493,507,43,25,66,24
21,1000,20,5.13,10.3,18,37,26,959,22,8,11,41,7.623512929,98,57,5.260581944,9.71399485,7.074155637,8.195292967,493,12,2,3,17,466,10,6,8,24,510,490,36,21,78,20
23,1000,20,5.13,10.3,18,37,25,948,28,9,15,52,7.774606476,97,65,5.338479381,9.354472281,7.362468651,8.183460334,474,15,4,5,24,474,13,5,10,28,498,502,42,23,74,23
16,1000,20,5.13,10.3,18,37,104,945,41,7,7,55,8.943556857,139,89,7.167880933,13.66142373,10.18235464,7.76282772,452,26,6,4,36,493,15,1,3,19,488,512,71,18,122,17
24,1000,20,5.13,10.3,18,37,0,947,22,13,18,53,7.102,84,62,5.067256603,9.021968541,6.018404908,8.138943249,474,9,3,3,15,473,13,10,15,38,489,511,34,28,59,25
19,1000,20,5.13,10.3,18,37,31,947,32,13,8,53,7.820998202,110,57,5.297806665,9.969554963,7.433025309,8.196751476,469,15,4,4,23,478,17,9,4,30,492,508,37,20,80,30
22,1000,20,5.13,10.3,18,37,26,953,22,17,8,47,7.500225108,88,54,5.118423243,9.489748726,6.823346031,8.207556822,491,11,8,1,20,462,11,9,7,27,511,489,36,18,70,18
18,1000,20,5.13,10.3,18,37,32,965,16,9,10,35,7.432772855,116,50,5.25948827,9.606405989,7.162327516,7.712013164,490,9,5,4,18,475,7,4,6,17,508,492,34,16,78,38
17,1000,20,5.13,10.3,18,37,36,964,21,8,7,36,7.633484509,104,62,5.315213682,10.19208622,7.49701189,7.763559974,468,11,7,2,20,496,10,1,5,16,488,512,32,30,87,17
20,1000,20,5.13,10.3,18,37,32,956,27,9,8,44,7.551435883,96,65,5.376527585,9.524038248,7.413360566,7.68569847,472,12,6,3,21,484,15,3,5,23,493,507,40,25,72,24
21,1000,20,5.13,10.3,18,37,27,959,22,8,11,41,7.654016854,109,61,5.29235439,9.765694541,7.137511242,8.191604328,493,12,2,3,17,466,10,6,8,24,510,490,35,26,70,39
23,1000,20,5.13,10.3,18,37,26,947,30,8,15,53,7.785797924,90,71,5.343289769,9.390127547,7.36562737,8.202620505,474,16,3,5,24,473,14,5,10,29,498,502,38,33,63,27
19,1000,20,5.13,10.3,18,37,32,948,33,12,7,52,7.854905183,95,63,5.317561597,9.970980622,7.494364521,8.204090233,468,16,4,4,24,480,17,8,3,28,492,508,44,19,66,29
24,1000,20,5.13,10.3,18,37,1,946,24,13,17,54,7.124555251,106,46,5.057931223,9.034175369,6.043987576,8.158601421,474,9,3,3,15,472,15,10,14,39,489,511,29,17,68,38
22,1000,20,5.13,10.3,18,37,27,956,22,14,8,44,7.505327143,108,60,5.134688299,9.499050645,6.825783302,8.215443509,493,11,6,1,18,463,11,8,7,26,511,489,38,22,80,28
18,1000,20,5.13,10.3,18,37,33,966,14,10,10,34,7.458282159,102,61,5.267248402,9.65305532,7.168091206,7.757910217,491,8,5,4,17,475,6,5,6,17,508,492,42,19,77,25
17,1000,20,5.13,10.3,18,37,37,964,21,8,7,36,7.654196461,127,57,5.33139412,10.22561552,7.544076654,7.759154401,468,11,7,2,20,496,10,1,5,16,488,512,41,16,98,29
20,1000,20,5.13,10.3,18,37,33,955,28,9,8,45,7.595873795,85,60,5.38225497,9.576115209,7.469406208,7.718849181,471,13,6,3,22,484,15,3,5,23,493,507,39,21,61,24
21,1000,20,5.13,10.3,18,37,28,960,22,7,11,40,7.667620362,101,40,5.300491024,9.789474753,7.149967668,8.206401738,493,12,2,3,17,467,10,5,8,23,510,490,26,14,61,40
23,1000,20,5.13,10.3,18,37,27,947,30,9,14,53,7.774967144,97,53,5.344444244,9.39924729,7.39224738,8.154637348,474,16,3,5,24,473,14,6,9,29,498,502,35,18,71,26
19,1000,20,5.13,10.3,18,37,33,949,32,12,7,51,7.896963422,99,73,5.357075317,10.003064,7.597020379,8.18745944,468,15,5,4,24,481,17,7,3,27,492,508,51,22,76,23
24,1000,20,5.13,10.3,18,37,2,946,24,13,17,54,7.173994642,86,45,5.058955366,9.044402035,6.109280616,8.192869708,474,9,3,3,15,472,15,10,14,39,489,511,21,24,66,20
22,1000,20,5.13,10.3,18,37,28,957,22,12,9,43,7.534717863,102,49,5.139508414,9.534283466,6.815001925,8.286813659,494,11,5,1,17,463,11,7,8,26,511,489,28,21,75,27
18,1000,20,5.13,10.3,18,37,34,965,15,10,10,35,7.508513353,114,61,5.273131394,9.660710505,7.225091864,7.801151802,490,9,5,4,18,475,6,5,6,17,508,492,41,20,69,45
17,1000,20,5.13,10.3,18,37,38,963,21,9,7,37,7.694152319,108,58,5.338208734,10.24605351,7.573069559,7.809559324,468,11,7,2,20,495,10,2,5,17,488,512,37,21,74,34
20,1000,20,5.13,10.3,18,37,34,956,26,10,8,44,7.594905244,113,64,5.40336996,9.617724377,7.482200796,7.704497538,472,12,6,3,21,484,14,4,5,23,493,507,38,26,88,25
21,1000,20,5.13,10.3,18,37,29,959,24,5,12,41,7.678929494,110,64,5.308963746,9.811553371,7.162836474,8.216087536,493,12,1,4,17,466,12,4,8,24,510,490,39,25,80,30
23,1000,20,5.13,10.3,18,37,28,948,29,10,13,52,7.826249895,111,67,5.367963463,9.439321589,7.48560163,8.164183831,474,16,3,5,24,474,13,7,8,28,498,502,33,34,86,25
19,1000,20,5.13,10.3,18,37,34,950,31,12,7,50,7.898744721,102,67,5.390122495,10.06771841,7.613969263,8.174550873,468,15,5,4,24,482,16,7,3,26,492,508,43,24,73,29
24,1000,20,5.13,10.3,18,37,3,946,25,13,16,54,7.204935755,103,50,5.083355485,9.064827195,6.18285398,8.18301401,474,9,3,3,15,472,16,10,13,39,489,511,33,17,75,28
18,1000,20,5.13,10.3,18,37,35,966,16,9,9,34,7.521278381,100,53,5.288414508,9.697738162,7.280882415,7.769492102,489,10,5,4,19,477,6,4,5,15,508,492,31,22,68,32
22,1000,20,5.13,10.3,18,37,29,955,24,12,9,45,7.549846433,100,54,5.15422709,9.597190605,6.829936322,8.302145138,493,12,5,1,18,462,12,7,8,27,511,489,36,18,66,34
17,1000,20,5.13,10.3,18,37,39,963,21,10,6,37,7.687945492,105,59,5.359183637,10.27509239,7.588983753,7.7822684,468,11,7,2,20,495,10,3,4,17,488,512,37,22,77,28
20,1000,20,5.13,10.3,18,37,35,955,27,11,7,45,7.600210341,103,62,5.404777429,9.645937259,7.505200301,7.692596829,471,13,6,3,22,484,14,5,4,23,493,507,34,28,71,32
21,1000,20,5.13,10.3,18,37,30,958,26,4,12,42,7.686498374,99,55,5.308026201,9.826534839,7.194044093,8.19905283,492,13,1,4,18,466,13,3,8,24,510,490,35,20,74,25
23,1000,20,5.13,10.3,18,37,29,949,27,10,14,51,7.870214439,101,64,5.393340365,9.44650833,7.567950313,8.170070087,475,14,4,5,23,474,13,6,9,28,498,502,45,19,74,27
19,1000,20,5.13,10.3,18,37,35,950,31,12,7,50,7.916687282,111,51,5.386080249,10.09465183,7.64808247,8.1768321,468,15,5,4,24,482,16,7,3,26,492,508,29,22,87,24
18,1000,20,5.13,10.3,18,37,36,965,17,9,9,35,7.5526782,115,60,5.284160263,9.731155666,7.309377003,7.80389163,490,9,5,4,18,475,8,4,5,17,508,492,30,30,90,25
22,1000,20,5.13,10.3,18,37,30,955,24,12,9,45,7.59651405,88,65,5.16368267,9.609481426,6.902818542,8.321418763,493,12,5,1,18,462,12,7,8,27,511,489,42,23,68,20
17,1000,20,5.13,10.3,18,37,40,962,22,10,6,38,7.741690289,102,58,5.359375575,10.27369069,7.61614174,7.86135375,467,12,7,2,21,495,10,3,4,17,488,512,36,22,75,27
24,1000,20,5.13,10.3,18,37,4,946,25,14,15,54,7.209774827,114,48,5.082018521,9.098194246,6.208635957,8.167811828,474,9,3,3,15,472,16,11,12,39,489,511,27,21,76,38
20,1000,20,5.13,10.3,18,37,36,956,26,11,7,44,7.575983067,104,66,5.44315658,9.684072727,7.493526686,7.656162546,472,12,6,3,21,484,14,5,4,23,493,507,44,22,81,23
23,1000,20,5.13,10.3,18,37,30,948,28,10,14,52,7.914532856,88,68,5.397703737,9.468152271,7.629695654,8.197100438,474,15,4,5,24,474,13,6,9,28,498,502,41,27,70,18
21,1000,20,5.13,10.3,18,37,31,959,25,4,12,41,7.683264211,112,55,5.326410528,9.853886202,7.225176607,8.160049268,492,13,1,4,18,467,12,3,8,23,510,490,32,23,79,33
19,1000,20,5.13,10.3,18,37,36,951,30,12,7,49,7.930442316,100,62,5.390357649,10.14428369,7.65119566,8.200893802,469,14,5,4,23,482,16,7,3,26,492,508,40,22,73,27
18,1000,20,5.13,10.3,18,37,37,965,16,10,9,35,7.580200959,102,58,5.294416605,9.765526191,7.357764936,7.809870674,490,9,5,4,18,475,7,5,5,17,508,492,36,22,68,34
17,1000,20,5.13,10.3,18,37,41,961,23,10,6,39,7.762534824,112,71,5.390077918,10.32669165,7.654590941,7.865418839,467,12,7,2,21,494,11,3,4,18,488,512,46,25,88,24
22,1000,20,5.13,10.3,18,37,31,954,24,13,9,46,7.597484569,114,61,5.195984703,9.646523282,6.911096005,8.314753601,492,13,5,1,19,462,11,8,8,27,511,489,40,21,86,28
20,1000,20,5.13,10.3,18,37,37,957,25,11,7,43,7.580922866,103,62,5.435474973,9.709793453,7.497308801,7.662228063,473,11,6,3,20,484,14,5,4,23,493,507,37,25,80,23
24,1000,20,5.13,10.3,18,37,5,946,25,14,15,54,7.219945118,97,61,5.096872042,9.125563782,6.229757703,8.167502155,474,9,3,3,15,472,16,11,12,39,489,511,36,25,65,32
21,1000,20,5.13,10.3,18,37,32,960,24,4,12,40,7.679835312,92,60,5.310705436,9.863386008,7.246267005,8.131100285,492,13,1,4,18,468,11,3,8,22,510,490,36,24,62,30
23,1000,20,5.13,10.3,18,37,31,948,28,12,12,52,7.923413114,108,56,5.415739808,9.518709825,7.598816877,8.245422928,474,15,6,3,24,474,13,6,9,28,498,502,40,16,68,40
19,1000,20,5.13,10.3,18,37,37,952,29,12,7,48,7.916782419,97,56,5.409576375,10.18322554,7.666243422,8.159430424,470,13,5,4,22,482,16,7,3,26,492,508,36,20,65,32
18,1000,20,5.13,10.3,18,37,38,966,16,9,9,34,7.576074839,98,43,5.330289303,9.781252421,7.381430324,7.777049257,490,9,5,4,18,476,7,4,5,16,508,492,22,21,72,26
17,1000,20,5.13,10.3,18,37,42,961,23,10,6,39,7.765283723,109,63,5.392135747,10.3352278,7.670849431,7.855291408,467,12,7,2,21,494,11,3,4,18,488,512,41,22,89,20
22,1000,20,5.13,10.3,18,37,32,955,24,12,9,45,7.61023132,91,57,5.217511644,9.669433659,6.909999475,8.341966438,493,13,4,1,18,462,11,8,8,27,511,489,36,21,62,29
20,1000,20,5.13,10.3,18,37,38,958,26,10,6,42,7.603976108,124,58,5.464723405,9.742592795,7.516190488,7.689337668,473,11,6,3,20,485,15,4,3,22,493,507,37,21,93,31
23,1000,20,5.13,10.3,18,37,32,948,28,12,12,52,7.946461045,98,59,5.426003054,9.570326704,7.667629401,8.223070922,474,15,6,3,24,474,13,6,9,28,498,502,33,26,78,20
21,1000,20,5.13,10.3,18,37,33,959,24,5,12,41,7.683131093,109,70,5.331042511,9.88998404,7.28829424,8.094083736,492,12,2,4,18,467,12,3,8,23,510,490,39,31,80,29
19,1000,20,5.13,10.3,18,37,38,952,32,10,6,48,7.910924902,102,63,5.382883964,10.19273232,7.655504477,8.15830059,470,15,4,3,22,482,17,6,3,26,492,508,40,23,73,29
24,1000,20,5.13,10.3,18,37,6,947,26,11,16,53,7.218478561,101,66,5.118151346,9.149789087,6.253127834,8.1422682,473,10,2,4,16,474,16,9,12,37,489,511,34,32,68,33
18,1000,20,5.13,10.3,18,37,39,967,16,8,9,33,7.592665468,101,53,5.334451996,9.806720786,7.42768938,7.763006633,490,9,5,4,18,477,7,3,5,15,508,492,36,17,74,27
17,1000,20,5.13,10.3,18,37,43,962,23,10,5,38,7.77955852,114,42,5.384870431,10.37803322,7.704557371,7.85104399,467,12,7,2,21,495,11,3,3,17,488,512,27,15,91,23
22,1000,20,5.13,10.3,18,37,33,955,24,12,9,45,7.619147508,94,36,5.239144392,9.703552132,6.899138419,8.371549644,493,13,4,1,18,462,11,8,8,27,511,489,19,17,70,24
20,1000,20,5.13,10.3,18,37,39,956,28,10,6,44,7.636481661,116,50,5.475206363,9.768603934,7.574245493,7.696999277,472,12,6,3,21,484,16,4,3,23,493,507,33,17,87,29
23,1000,20,5.13,10.3,18,37,33,949,27,13,11,51,7.964003956,99,57,5.44316685,9.634596063,7.718841929,8.207212501,474,15,6,3,24,475,12,7,8,27,498,502,33,24,74,25
21,1000,20,5.13,10.3,18,37,34,959,24,5,12,41,7.710910453,113,53,5.360264597,9.926570313,7.332060415,8.105223757,492,12,2,4,18,467,12,3,8,23,510,490,33,20,88,25
19,1000,20,5.13,10.3,18,37,39,952,33,9,6,48,7.95125868,105,58,5.397135577,10.23475376,7.734382776,8.161303848,470,15,4,3,22,482,18,5,3,26,492,508,41,17,80,25
24,1000,20,5.13,10.3,18,37,7,949,25,11,15,51,7.237841375,98,57,5.128288381,9.171184014,6.291176196,8.143749931,473,10,2,4,16,476,15,9,11,35,489,511,37,20,76,22
18,1000,20,5.13,10.3,18,37,40,967,16,8,9,33,7.616801181,107,58,5.343008254,9.833409302,7.508418231,7.72870878,489,10,5,4,19,478,6,3,5,14,508,492,38,20,72,35
17,1000,20,5.13,10.3,18,37,44,962,23,10,5,38,7.800504299,104,49,5.411270585,10.43311752,7.744990157,7.853416216,467,12,7,2,21,495,11,3,3,17,488,512,27,22,82,22
22,1000,20,5.13,10.3,18,37,34,955,22,14,9,45,7.682195624,104,65,5.240573041,9.742532996,6.958510776,8.43843889,493,12,5,1,18,462,10,9,8,27,511,489,39,26,74,30
20,1000,20,5.13,10.3,18,37,40,955,29,10,6,45,7.669287317,85,61,5.477120971,9.809079611,7.6249144,7.712434948,472,12,6,3,21,483,17,4,3,24,493,507,38,23,63,22
23,1000,20,5.13,10.3,18,37,34,948,28,13,11,52,8.018738431,103,62,5.455321272,9.643073969,7.830457714,8.205518903,473,16,6,3,25,475,12,7,8,27,498,502,34,28,81,22
19,1000,20,5.13,10.3,18,37,40,952,33,9,6,48,7.982905759,106,63,5.426685499,10.27323317,7.784547877,8.175016148,470,15,4,3,22,482,18,5,3,26,492,508,41,22,81,25
21,1000,20,5.13,10.3,18,37,35,960,23,5,12,40,7.710783946,112,49,5.361209161,9.942265322,7.325870292,8.111408362,493,12,1,4,17,467,11,4,8,23,510,490,32,17,82,30
18,1000,20,5.13,10.3,18,37,41,967,16,8,9,33,7.636188722,111,54,5.346918068,9.882344941,7.541833922,7.73361197,489,10,5,4,19,478,6,3,5,14,508,492,31,23,83,28
24,1000,20,5.13,10.3,18,37,8,949,24,12,15,51,7.238530175,108,67,5.141621162,9.189045765,6.297393619,8.139148131,473,9,3,4,16,476,15,9,11,35,489,511,31,36,75,33
17,1000,20,5.13,10.3,18,37,45,962,23,10,5,38,7.810539131,111,74,5.425668523,10.49226888,7.815193339,7.806103089,467,12,7,2,21,495,11,3,3,17,488,512,50,24,86,25
22,1000,20,5.13,10.3,18,37,35,955,22,13,10,45,7.731398299,103,42,5.241046255,9.77389319,6.994059788,8.501909504,493,12,5,1,18,462,10,8,9,27,511,489,24,18,76,27
20,1000,20,5.13,10.3,18,37,41,955,29,9,7,45,7.692488655,107,65,5.498201197,9.835345347,7.684652609,7.700108321,472,12,6,3,21,483,17,3,4,24,493,507,48,17,83,24
19,1000,20,5.13,10.3,18,37,41,952,33,9,6,48,7.998473748,105,60,5.439351518,10.30900478,7.846232975,8.145919536,470,15,4,3,22,482,18,5,3,26,492,508,44,16,79,26
23,1000,20,5.13,10.3,18,37,35,950,26,13,11,50,8.042930142,95,70,5.458122632,9.680778175,7.855781112,8.228587944,475,14,6,3,23,475,12,7,8,27,498,502,40,30,66,29
21,1000,20,5.13,10.3,18,37,36,961,22,5,12,39,7.727569871,105,57,5.359084796,9.970281458,7.350954776,8.119557011,494,11,1,4,16,467,11,4,8,23,510,490,31,26,79,26
18,1000,20,5.13,10.3,18,37,42,965,18,8,9,35,7.64786492,97,65,5.349634712,9.900385492,7.58160628,7.716278313,488,11,5,4,20,477,7,3,5,15,508,492,43,22,74,23
17,1000,20,5.13,10.3,18,37,46,962,23,10,5,38,7.838337462,83,56,5.445454296,10.57164619,7.887350041,7.791622348,466,13,7,2,22,496,10,3,3,16,488,512,39,17,67,16
24,1000,20,5.13,10.3,18,37,9,948,26,11,15,52,7.259232136,109,66,5.144130993,9.227085857,6.316394199,8.161478225,473,9,3,4,16,475,17,8,11,36,489,511,37,29,70,39
20,1000,20,5.13,10.3,18,37,42,956,27,10,7,44,7.720051113,95,51,5.505869834,9.855210129,7.747502302,7.693357946,472,11,7,3,21,484,16,3,4,23,493,507,37,14,64,31
22,1000,20,5.13,10.3,18,37,36,955,22,13,10,45,7.740994862,108,59,5.255829237,9.785473679,7.007429479,8.507563187,493,12,5,1,18,462,10,8,9,27,511,489,42,17,82,26
23,1000,20,5.13,10.3,18,37,36,949,26,14,11,51,8.074148019,96,70,5.468515471,9.68412513,7.871008177,8.275669218,475,14,6,3,23,474,12,8,8,28,498,502,46,24,71,25
19,1000,20,5.13,10.3,18,37,42,952,32,10,6,48,8.023171835,99,53,5.428051733,10.32304086,7.890427678,8.151735074,470,14,5,3,22,482,18,5,3,26,492,508,26,27,80,19
21,1000,20,5.13,10.3,18,37,37,960,23,5,12,40,7.770900085,90,60,5.363882339,10.00869887,7.390881178,8.166429968,494,11,1,4,16,466,12,4,8,24,510,490,35,25,66,24
18,1000,20,5.13,10.3,18,37,43,965,18,9,8,35,7.61891427,116,63,5.372926326,9.921244678,7.562470962,7.677193133,489,10,6,3,19,476,8,3,5,16,508,492,39,24,93,23
17,1000,20,5.13,10.3,18,37,47,963,21,11,5,37,7.854160171,122,66,5.463655414,10.60024196,7.947820369,7.764890295,467,11,8,2,21,496,10,3,3,16,488,512,45,21,95,27
20,1000,20,5.13,10.3,18,37,43,955,28,10,7,45,7.720476306,136,71,5.530228262,9.88439248,7.76435621,7.677808075,472,11,7,3,21,483,17,3,4,24,493,507,50,21,104,32
22,1000,20,5.13,10.3,18,37,37,956,22,12,10,44,7.750973272,104,49,5.259730676,9.811277356,7.025556543,8.509026336,493,12,5,1,18,463,10,7,9,26,511,489,35,14,70,34
24,1000,20,5.13,10.3,18,37,10,950,25,10,15,50,7.265815189,84,55,5.143255281,9.254494413,6.339218561,8.152519203,473,9,3,4,16,477,16,7,11,34,489,511,36,19,64,20
23,1000,20,5.13,10.3,18,37,37,948,27,14,11,52,8.086173594,124,65,5.472739056,9.710909,7.877790456,8.292896309,475,14,6,3,23,473,13,8,8,29,498,502,42,23,98,26
19,1000,20,5.13,10.3,18,37,43,950,33,11,6,50,8.066480601,100,71,5.431879181,10.35115218,7.975315572,8.154774292,469,15,5,3,23,481,18,6,3,27,492,508,42,29,75,25
21,1000,20,5.13,10.3,18,37,38,961,23,5,11,39,7.779128385,109,61,5.377216527,10.04680805,7.421152263,8.151715778,493,12,1,4,17,468,11,4,7,22,510,490,36,25,78,31
18,1000,20,5.13,10.3,18,37,44,964,19,9,8,36,7.687443194,103,58,5.396884443,9.937285646,7.65385926,7.722119288,488,11,6,3,20,476,8,3,5,16,508,492,45,13,82,21
17,1000,20,5.13,10.3,18,37,48,964,20,11,5,36,7.857169465,116,64,5.486396439,10.64635141,7.967351535,7.752152179,467,11,8,2,21,497,9,3,3,15,488,512,47,17,90,26
20,1000,20,5.13,10.3,18,37,44,956,27,10,7,44,7.75235693,108,73,5.53669342,9.915251211,7.829778729,7.677073011,472,11,7,3,21,484,16,3,4,23,493,507,46,27,83,25
22,1000,20,5.13,10.3,18,37,38,957,20,13,10,43,7.760498128,103,60,5.253257501,9.816427763,7.062030454,8.490389705,494,10,6,1,17,463,10,7,9,26,511,489,44,16,72,31
23,1000,20,5.13,10.3,18,37,38,949,26,14,11,51,8.100586348,103,57,5.4957312,9.758246463,7.913332719,8.286347917,475,14,6,3,23,474,12,8,8,28,498,502,38,19,79,24
19,1000,20,5.13,10.3,18,37,44,951,32,11,6,49,8.087965001,84,57,5.450561827,10.38751948,8.030259515,8.143852991,469,14,6,3,23,482,18,5,3,26,492,508,40,17,69,15
24,1000,20,5.13,10.3,18,37,11,950,25,10,15,50,7.289285963,96,68,5.144067337,9.264914226,6.366725746,8.172127344,473,9,3,4,16,477,16,7,11,34,489,511,33,35,69,27
21,1000,20,5.13,10.3,18,37,39,962,23,4,11,38,7.766378566,101,61,5.394117221,10.08162904,7.399302041,8.148437808,493,12,1,4,17,469,11,3,7,21,510,490,40,21,76,25
18,1000,20,5.13,10.3,18,37,45,964,19,8,9,36,7.714696299,109,49,5.411743708,9.967057295,7.676672644,7.753956496,488,11,6,3,20,476,8,2,6,16,508,492,30,19,86,23
17,1000,20,5.13,10.3,18,37,49,964,20,11,5,36,7.862085843,123,66,5.500381333,10.66890755,7.980775294,7.74895996,467,11,8,2,21,497,9,3,3,15,488,512,40,26,95,28
20,1000,20,5.13,10.3,18,37,45,956,27,10,7,44,7.759710681,105,68,5.5932141,9.935209411,7.827941053,7.693364383,472,11,7,3,21,484,16,3,4,23,493,507,48,20,75,30
22,1000,20,5.13,10.3,18,37,39,957,21,12,10,43,7.785569419,100,61,5.266383525,9.853617797,7.088953642,8.513525783,494,10,6,1,17,463,11,6,9,26,511,489,44,17,78,22
19,1000,20,5.13,10.3,18,37,45,952,31,11,6,48,8.068331774,125,58,5.465848007,10.39018407,8.041724906,8.094100631,469,14,6,3,23,483,17,5,3,25,492,508,37,21,92,33
23,1000,20,5.13,10.3,18,37,39,949,26,14,11,51,8.072019417,109,68,5.527279127,9.7907186,7.908339847,8.234394767,475,14,6,3,23,474,12,8,8,28,498,502,45,23,79,30
24,1000,20,5.13,10.3,18,37,12,951,24,10,15,49,7.283472877,96,72,5.158817246,9.288623861,6.375968729,8.151906396,473,9,3,4,16,478,15,7,11,33,489,511,45,27,72,24
21,1000,20,5.13,10.3,18,37,40,963,22,4,11,37,7.784626527,98,51,5.398699624,10.12297758,7.435720665,8.147773445,493,12,1,4,17,470,10,3,7,20,510,490,31,20,71,27
17,1000,20,5.13,10.3,18,37,50,964,20,11,5,36,7.884153058,112,61,5.533593207,10.7229268,7.98504205,7.787993238,468,11,7,2,20,496,9,4,3,16,488,512,45,16,85,27
18,1000,20,5.13,10.3,18,37,46,963,20,8,9,37,7.753870757,102,51,5.427963515,9.990736944,7.740598959,7.767574157,487,12,6,3,21,476,8,2,6,16,508,492,31,20,74,28
20,1000,20,5.13,10.3,18,37,46,955,28,10,7,45,7.812403618,108,57,5.628165905,9.970399691,7.912374296,7.715193471,472,11,7,3,21,483,17,3,4,24,493,507,35,22,78,30
22,1000,20,5.13,10.3,18,37,40,957,22,12,9,43,7.810579665,95,41,5.271588747,9.874547402,7.167296048,8.482804468,494,10,6,1,17,463,12,6,8,26,511,489,27,14,70,25
19,1000,20,5.13,10.3,18,37,46,954,29,11,6,46,8.039223338,111,64,5.493064995,10.4346977,8.03119645,8.04699741,469,14,6,3,23,485,15,5,3,23,492,508,41,23,90,21
23,1000,20,5.13,10.3,18,37,40,949,27,12,12,51,8.052202498,96,65,5.54467949,9.799044151,7.941141862,8.162378189,474,15,6,3,24,475,12,6,9,27,498,502,41,24,69,27
21,1000,20,5.13,10.3,18,37,41,964,22,4,10,36,7.759641347,103,56,5.421643593,10.16995063,7.445730911,8.086364455,493,12,1,4,17,471,10,3,6,19,510,490,36,20,69,34
24,1000,20,5.13,10.3,18,37,13,950,26,10,14,50,7.310379705,95,57,5.152132527,9.29987435,6.437944364,8.145254229,472,10,3,4,17,478,16,7,10,33,489,511,29,28,67,28
17,1000,20,5.13,10.3,18,37,51,964,20,11,5,36,7.900219743,128,53,5.550004211,10.7556225,8.004460637,7.800865141,468,11,7,2,20,496,9,4,3,16,488,512,35,18,103,25
18,1000,20,5.13,10.3,18,37,47,963,20,8,9,37,7.76655653,116,71,5.442144773,10.01662665,7.757964338,7.775428142,487,12,6,3,21,476,8,2,6,16,508,492,40,31,85,31
20,1000,20,5.13,10.3,18,37,47,956,28,9,7,44,7.836807646,110,50,5.645166173,10.00807421,7.926909827,7.749193494,473,11,6,3,20,483,17,3,4,24,493,507,33,17,84,26
22,1000,20,5.13,10.3,18,37,41,958,21,13,8,42,7.853372314,101,52,5.286110595,9.91685649,7.225791915,8.509187414,493,10,7,1,18,465,11,6,7,24,511,489,32,20,77,24
19,1000,20,5.13,10.3,18,37,47,956,29,10,5,44,8.014162651,109,74,5.512774676,10.46035264,8.046233448,7.983101958,469,14,6,3,23,487,15,4,2,21,492,508,45,29,95,14
23,1000,20,5.13,10.3,18,37,41,949,27,12,12,51,8.069059692,109,50,5.573525612,9.830788584,7.97638147,8.160999443,474,15,6,3,24,475,12,6,9,27,498,502,26,24,84,25
21,1000,20,5.13,10.3,18,37,42,963,23,4,10,37,7.804715221,102,58,5.429714495,10.20634945,7.5232897,8.097627499,493,12,1,4,17,470,11,3,6,20,510,490,36,22,72,30
17,1000,20,5.13,10.3,18,37,52,962,22,11,5,38,7.932800484,104,59,5.550722303,10.78719717,8.026025192,7.843945684,467,12,7,2,21,495,10,4,3,17,488,512,41,18,72,32
24,1000,20,5.13,10.3,18,37,14,951,25,9,15,49,7.358267046,95,56,5.159446097,9.296643319,6.518874,8.161521838,472,10,2,5,17,479,15,7,10,32,489,511,33,23,74,21
18,1000,20,5.13,10.3,18,37,48,962,21,7,10,38,7.787484087,86,51,5.471101473,10.05957656,7.791319771,7.783523664,487,12,6,3,21,475,9,1,7,17,508,492,34,17,62,24
20,1000,20,5.13,10.3,18,37,48,957,27,9,7,43,7.865511612,101,59,5.674884771,10.05948876,7.924074428,7.808565914,473,11,6,3,20,484,16,3,4,23,493,507,41,18,78,23
19,1000,20,5.13,10.3,18,37,48,955,30,10,5,45,8.056500102,118,58,5.520936072,10.47646898,8.103931931,8.01056219,469,14,6,3,23,486,16,4,2,22,492,508,38,20,98,20
22,1000,20,5.13,10.3,18,37,42,957,22,13,8,43,7.836788635,127,68,5.3005727,9.953879702,7.241976448,8.458361289,492,11,7,1,19,465,11,6,7,24,511,489,45,23,84,43
23,1000,20,5.13,10.3,18,37,42,949,27,13,11,51,8.093304981,123,70,5.568182233,9.861655233,8.032081076,8.154041046,474,15,6,3,24,475,12,7,8,27,498,502,42,28,99,24
21,1000,20,5.13,10.3,18,37,43,963,23,4,10,37,7.795631507,108,62,5.437112171,10.23294367,7.521434913,8.081019799,493,12,1,4,17,470,11,3,6,20,510,490,36,26,80,28
17,1000,20,5.13,10.3,18,37,53,961,23,11,5,39,7.965013096,112,50,5.574989512,10.82982345,8.060821611,7.873695604,467,12,7,2,21,494,11,4,3,18,488,512,34,16,87,25
18,1000,20,5.13,10.3,18,37,49,962,22,9,7,38,7.775609557,95,63,5.471186535,10.08150136,7.824826896,7.724791656,486,13,6,3,22,476,9,3,4,16,508,492,43,20,70,25
20,1000,20,5.13,10.3,18,37,49,958,24,11,7,42,7.876779869,117,68,5.680516791,10.06569877,7.972812056,7.783399458,473,11,6,3,20,485,13,5,4,22,493,507,47,21,89,28
24,1000,20,5.13,10.3,18,37,15,951,26,9,14,49,7.374453623,107,55,5.198522473,9.319771491,6.540973221,8.172050328,472,10,2,5,17,479,16,7,9,32,489,511,30,25,73,34
19,1000,20,5.13,10.3,18,37,49,955,30,10,5,45,8.080501261,108,68,5.519613956,10.50507309,8.114254417,8.047811197,469,14,6,3,23,486,16,4,2,22,492,508,49,19,79,29
22,1000,20,5.13,10.3,18,37,43,956,22,14,8,44,7.882208762,102,60,5.317957244,9.980301075,7.304340923,8.486074745,491,11,8,1,20,465,11,6,7,24,511,489,31,29,76,26
23,1000,20,5.13,10.3,18,37,43,951,28,11,10,49,8.062335706,93,56,5.586757906,9.877677954,8.059253429,8.065393423,474,15,6,3,24,477,13,5,7,25,498,502,42,14,73,20
21,1000,20,5.13,10.3,18,37,44,965,22,3,10,35,7.79908752,120,59,5.465767581,10.28110139,7.556927159,8.051131976,493,12,1,4,17,472,10,2,6,18,510,490,39,20,89,31
17,1000,20,5.13,10.3,18,37,54,960,24,11,5,40,8.007019882,102,64,5.610801172,10.88983166,8.137568353,7.882590872,466,13,7,2,22,494,11,4,3,18,488,512,39,25,73,29
18,1000,20,5.13,10.3,18,37,50,962,23,8,7,38,7.772405811,102,55,5.483545694,10.12999303,7.82387108,7.719266873,486,14,5,3,22,476,9,3,4,16,508,492,39,16,77,25
20,1000,20,5.13,10.3,18,37,50,956,26,11,7,44,7.891879697,95,74,5.706030418,10.12528999,7.999226406,7.787497197,472,12,6,3,21,484,14,5,4,23,493,507,58,16,79,16
24,1000,20,5.13,10.3,18,37,16,951,25,10,14,49,7.403262869,100,65,5.209276489,9.340271062,6.603905454,8.168205678,472,10,2,5,17,479,15,8,9,32,489,511,36,29,71,29
19,1000,20,5.13,10.3,18,37,50,956,29,10,5,44,8.062740846,115,62,5.523862179,10.54013007,8.112117909,8.014918967,469,14,6,3,23,487,15,4,2,21,492,508,49,13,84,31
22,1000,20,5.13,10.3,18,37,44,955,23,14,8,45,7.896896914,102,57,5.336212105,10.01642614,7.294715062,8.526170793,490,12,8,1,21,465,11,6,7,24,511,489,35,22,78,24
23,1000,20,5.13,10.3,18,37,44,949,30,11,10,51,8.095609683,90,56,5.603666055,9.898900611,8.123024692,8.06841312,473,16,6,3,25,476,14,5,7,26,498,502,39,17,74,16
17,1000,20,5.13,10.3,18,37,55,961,23,11,5,39,7.993020089,112,65,5.658468458,10.95670833,8.158712654,7.835094364,466,13,7,2,22,495,10,4,3,17,488,512,51,14,89,23
21,1000,20,5.13,10.3,18,37,45,966,23,3,8,34,7.781336677,122,53,5.502739572,10.31460854,7.596742451,7.973465361,493,12,1,4,17,473,11,2,4,17,510,490,28,25,97,25
18,1000,20,5.13,10.3,18,37,51,962,23,8,7,38,7.789105117,113,53,5.488779382,10.1638263,7.844730278,7.731671009,486,14,5,3,22,476,9,3,4,16,508,492,36,17,84,29
20,1000,20,5.13,10.3,18,37,51,954,28,11,7,46,7.927645986,102,59,5.72802269,10.15443908,8.029229889,7.828867161,472,12,6,3,21,482,16,5,4,25,493,507,38,21,79,23
19,1000,20,5.13,10.3,18,37,51,956,27,12,5,44,8.110107555,107,60,5.534743054,10.61921451,8.176356745,8.045944953,469,13,7,3,23,487,14,5,2,21,492,508,46,14,86,21
24,1000,20,5.13,10.3,18,37,17,950,27,10,13,50,7.41310872,106,60,5.225141705,9.372515361,6.67850465,8.116086,471,11,2,5,18,479,16,8,8,32,489,511,37,23,77,29
22,1000,20,5.13,10.3,18,37,45,956,22,14,8,44,7.91121362,107,61,5.334651595,10.02661288,7.313219478,8.536111383,491,12,7,1,20,465,10,7,7,24,511,489,38,23,83,24
23,1000,20,5.13,10.3,18,37,45,951,30,9,10,49,8.088244278,101,46,5.617520663,9.92507737,8.133427974,8.043420612,473,16,6,3,25,478,14,3,7,24,498,502,25,21,82,19
17,1000,20,5.13,10.3,18,37,56,961,23,11,5,39,8.01102481,106,55,5.669517563,10.98283591,8.204360921,7.82675133,466,13,7,2,22,495,10,4,3,17,488,512,41,14,80,26
21,1000,20,5.13,10.3,18,37,46,967,24,3,6,33,7.814975567,105,66,5.506953056,10.37451277,7.664536447,7.971555059,493,12,1,4,17,474,12,2,2,16,510,490,35,31,88,17
18,1000,20,5.13,10.3,18,37,52,962,22,8,8,38,7.831052398,96,55,5.50316206,10.21354043,7.915897653,7.743447949,486,13,5,4,22,476,9,3,4,16,508,492,38,17,71,25
20,1000,20,5.13,10.3,18,37,52,954,27,12,7,46,7.961129216,90,53,5.738557307,10.17227445,8.091057926,7.834788281,472,12,6,3,21,482,15,6,4,25,493,507,30,23,64,26
19,1000,20,5.13,10.3,18,37,52,956,28,12,4,44,8.132205163,111,64,5.533655068,10.65521799,8.209946426,8.056912444,469,13,7,3,23,487,15,5,1,21,492,508,44,20,96,15
22,1000,20,5.13,10.3,18,37,46,956,22,14,8,44,7.914181788,105,60,5.343631855,10.06437277,7.354344004,8.499206547,491,12,7,1,20,465,10,7,7,24,511,489,40,20,78,27
23,1000,20,5.13,10.3,18,37,46,951,30,9,10,49,8.09553265,94,62,5.667237813,9.978361621,8.143155756,8.048289011,473,16,6,3,25,478,14,3,7,24,498,502,37,25,77,17
24,1000,20,5.13,10.3,18,37,18,950,27,10,13,50,7.436560821,114,52,5.245037749,9.388177853,6.714619743,8.127420287,471,11,2,5,18,479,16,8,8,32,489,511,31,21,77,37
17,1000,20,5.13,10.3,18,37,57,960,25,10,5,40,8.030372852,106,61,5.683949887,11.02173681,8.233708519,7.836568545,466,13,7,2,22,494,12,3,3,18,488,512,41,20,83,23
18,1000,20,5.13,10.3,18,37,53,962,23,7,8,38,7.830526213,101,62,5.531184944,10.25014618,7.912087078,7.746312962,487,13,4,4,21,475,10,3,4,17,508,492,40,22,73,28
21,1000,20,5.13,10.3,18,37,47,968,23,3,6,32,7.822245026,98,62,5.53665416,10.4196579,7.664812268,7.98610361,494,11,1,4,16,474,12,2,2,16,510,490,33,29,71,27
20,1000,20,5.13,10.3,18,37,53,955,26,11,8,45,7.970067445,111,60,5.755918522,10.20813597,8.122799825,7.821552526,472,12,6,3,21,483,14,5,5,24,493,507,39,21,93,18
19,1000,20,5.13,10.3,18,37,53,955,29,12,4,45,8.165552386,105,64,5.544012926,10.68497107,8.238545851,8.094857927,468,14,7,3,24,487,15,5,1,21,492,508,42,22,83,22
22,1000,20,5.13,10.3,18,37,47,957,21,14,8,43,7.904912421,110,80,5.347861493,10.0935493,7.382025788,8.451323606,491,11,8,1,20,466,10,6,7,23,511,489,51,29,86,24
23,1000,20,5.13,10.3,18,37,47,951,30,9,10,49,8.138502594,92,54,5.696979335,9.999204651,8.20584083,8.071700918,473,16,6,3,25,478,14,3,7,24,498,502,44,10,71,21
24,1000,20,5.13,10.3,18,37,19,949,27,12,12,51,7.476854288,111,62,5.246770809,9.431270205,6.791674792,8.132534862,470,11,3,5,19,479,16,9,7,32,489,511,35,27,75,36
17,1000,20,5.13,10.3,18,37,58,960,26,10,4,40,8.041460239,117,72,5.730897395,11.05459501,8.277780477,7.816217511,465,14,7,2,23,495,12,3,2,17,488,512,46,26,100,17
18,1000,20,5.13,10.3,18,37,54,962,23,7,8,38,7.868117565,118,66,5.551656571,10.26023488,7.976222064,7.756497473,487,13,4,4,21,475,10,3,4,17,508,492,41,25,94,24
21,1000,20,5.13,10.3,18,37,48,968,23,4,5,32,7.873467686,87,69,5.581369357,10.48021326,7.702275696,8.051647104,494,12,1,3,16,474,11,3,2,16,510,490,48,21,69,18
20,1000,20,5.13,10.3,18,37,54,955,26,11,8,45,7.982333202,96,66,5.776218459,10.22251095,8.14906828,7.820202249,472,12,6,3,21,483,14,5,5,24,493,507,39,27,72,24
19,1000,20,5.13,10.3,18,37,54,954,29,13,4,46,8.184692943,107,63,5.552068179,10.72300206,8.276457488,8.09581862,467,14,8,3,25,487,15,5,1,21,492,508,42,21,78,29
23,1000,20,5.13,10.3,18,37,48,951,30,9,10,49,8.163749843,90,57,5.708933899,10.00827677,8.232879378,8.095171141,473,16,6,3,25,478,14,3,7,24,498,502,37,20,71,19
22,1000,20,5.13,10.3,18,37,48,958,21,13,8,42,7.944917764,88,56,5.343502025,10.14437841,7.454502366,8.45739684,491,11,8,1,20,467,10,5,7,22,511,489,39,17,67,21
17,1000,20,5.13,10.3,18,37,59,961,25,10,4,39,8.042022999,128,68,5.725754396,11.08049705,8.307100712,7.789370804,466,13,7,2,22,495,12,3,2,17,488,512,45,23,99,29
24,1000,20,5.13,10.3,18,37,20,949,27,12,12,51,7.505633581,111,60,5.278806189,9.479007643,6.825684227,8.156309186,470,11,3,5,19,479,16,9,7,32,489,511,41,19,81,30
18,1000,20,5.13,10.3,18,37,55,961,25,7,7,39,7.903896263,101,73,5.576434089,10.27852962,8.000050421,7.80461514,487,13,4,4,21,474,12,3,3,18,508,492,44,29,75,26
21,1000,20,5.13,10.3,18,37,49,970,21,4,5,30,7.870569991,112,66,5.586362803,10.51274257,7.724162328,8.022953476,494,12,1,3,16,476,9,3,2,14,510,490,49,17,90,22
20,1000,20,5.13,10.3,18,37,55,956,25,11,8,44,8.014384511,116,57,5.778935675,10.25108031,8.195546386,7.838225133,473,12,5,3,20,483,13,6,5,24,493,507,37,20,95,21
19,1000,20,5.13,10.3,18,37,55,954,29,13,4,46,8.219244738,128,54,5.568988465,10.76873658,8.334843952,8.107286445,467,14,8,3,25,487,15,5,1,21,492,508,31,23,97,31
23,1000,20,5.13,10.3,18,37,49,954,28,9,9,46,8.125160857,125,63,5.728645769,10.05163224,8.196898093,8.053995233,475,14,6,3,23,479,14,3,6,23,498,502,41,22,93,32
22,1000,20,5.13,10.3,18,37,49,960,21,12,7,40,7.961015377,96,45,5.358073343,10.17933765,7.453456739,8.491408965,491,11,8,1,20,469,10,4,6,20,511,489,28,17,66,30
17,1000,20,5.13,10.3,18,37,60,963,25,8,4,37,8.034817398,120,70,5.727082257,11.09194168,8.315300776,7.767481679,468,13,5,2,20,495,12,3,2,17,488,512,49,21,89,31
18,1000,20,5.13,10.3,18,37,56,963,24,6,7,37,7.912916943,99,67,5.588633412,10.29751028,8.047927543,7.773515755,487,13,4,4,21,476,11,2,3,16,508,492,44,23,71,28
24,1000,20,5.13,10.3,18,37,21,950,26,12,12,50,7.500553544,93,62,5.288138502,9.515815708,6.893900136,8.081088801,469,12,3,5,20,481,14,9,7,30,489,511,32,30,64,29
20,1000,20,5.13,10.3,18,37,56,957,23,11,9,43,8.008464933,114,71,5.783745633,10.29234501,8.196988234,7.825147404,474,10,6,3,19,483,13,5,6,24,493,507,44,27,85,29
21,1000,20,5.13,10.3,18,37,50,969,23,4,4,31,7.877499225,101,63,5.615357459,10.57193032,7.74529366,8.015100936,494,12,1,3,16,475,11,3,1,15,510,490,41,22,77,24
19,1000,20,5.13,10.3,18,37,56,953,30,13,4,47,8.245316193,118,68,5.5906752,10.80328515,8.336024791,8.157464559,466,15,8,3,26,487,15,5,1,21,492,508,43,25,92,26
23,1000,20,5.13,10.3,18,37,50,955,27,9,9,45,8.107281309,109,64,5.749325788,10.10619363,8.175810886,8.039297784,476,13,6,3,22,479,14,3,6,23,498,502,44,20,80,29
22,1000,20,5.13,10.3,18,37,50,960,21,12,7,40,7.978942168,87,63,5.373754964,10.23037512,7.490471235,8.489389298,491,11,8,1,20,469,10,4,6,20,511,489,43,20,62,25
17,1000,20,5.13,10.3,18,37,61,962,26,8,4,38,8.081886581,97,67,5.756712968,11.12773139,8.39012436,7.788097447,468,13,5,2,20,494,13,3,2,18,488,512,42,25,81,16
18,1000,20,5.13,10.3,18,37,57,964,24,6,6,36,7.864107651,114,55,5.593297523,10.30521521,8.034957309,7.687701908,487,14,4,3,21,477,10,2,3,15,508,492,33,22,85,29
20,1000,20,5.13,10.3,18,37,57,957,23,11,9,43,8.030089855,102,58,5.809418771,10.32679196,8.211324323,7.853859889,474,10,6,3,19,483,13,5,6,24,493,507,39,19,70,32
21,1000,20,5.13,10.3,18,37,51,970,22,4,4,30,7.897810248,108,53,5.63877874,10.60583014,7.781207726,8.019172056,494,12,1,3,16,476,10,3,1,14,510,490,31,22,83,25
24,1000,20,5.13,10.3,18,37,22,951,25,12,12,49,7.485810151,96,77,5.295265503,9.532247689,6.905873199,8.040779171,469,12,3,5,20,482,13,9,7,29,489,511,48,29,74,22
19,1000,20,5.13,10.3,18,37,57,954,30,11,5,46,8.256563949,104,57,5.633781663,10.89384469,8.34243858,8.173394032,467,15,6,4,25,487,15,5,1,21,492,508,33,24,82,22
23,1000,20,5.13,10.3,18,37,51,955,27,8,10,45,8.121589893,100,60,5.774574129,10.13686451,8.20793237,8.035935404,476,13,5,4,22,479,14,3,6,23,498,502,39,21,73,27
22,1000,20,5.13,10.3,18,37,51,959,22,13,6,41,7.993467262,113,58,5.371122488,10.24499285,7.495612238,8.513720672,491,11,9,0,20,468,11,4,6,21,511,489,37,21,86,27
17,1000,20,5.13,10.3,18,37,62,962,26,8,4,38,8.10025957,119,57,5.77617005,11.16985993,8.432377846,7.783709338,468,13,5,2,20,494,13,3,2,18,488,512,40,17,100,19
18,1000,20,5.13,10.3,18,37,58,964,24,6,6,36,7.865136181,103,63,5.605566711,10.33581745,8.04714859,7.677204669,487,14,4,3,21,477,10,2,3,15,508,492,42,21,82,21
20,1000,20,5.13,10.3,18,37,58,957,23,11,9,43,8.06347323,112,57,5.829940495,10.34821863,8.250986516,7.881137826,474,10,6,3,19,483,13,5,6,24,493,507,34,23,86,26
21,1000,20,5.13,10.3,18,37,52,970,22,4,4,30,7.899947814,104,66,5.656794331,10.66923283,7.782511908,8.022177022,494,12,1,3,16,476,10,3,1,14,510,490,47,19,84,20
19,1000,20,5.13,10.3,18,37,58,953,31,11,5,47,8.305949978,104,58,5.67740855,10.93729043,8.385974496,8.228445917,466,16,6,4,26,487,15,5,1,21,492,508,42,16,85,19
24,1000,20,5.13,10.3,18,37,23,952,25,11,12,48,7.517924502,112,48,5.308996162,9.549879158,6.984001251,8.028860842,469,12,3,5,20,483,13,8,7,28,489,511,30,18,86,26
23,1000,20,5.13,10.3,18,37,52,953,29,8,10,47,8.17057658,122,57,5.763062648,10.14940006,8.276885147,8.065115094,475,14,5,4,23,478,15,3,6,24,498,502,40,17,99,23
22,1000,20,5.13,10.3,18,37,52,959,22,13,6,41,8.005124334,96,48,5.381433396,10.2782143,7.520948941,8.511082669,491,11,9,0,20,468,11,4,6,21,511,489,33,15,65,31
17,1000,20,5.13,10.3,18,37,63,962,26,8,4,38,8.134575963,134,58,5.793905803,11.20283992,8.487604437,7.798095699,468,13,5,2,20,494,13,3,2,18,488,512,44,14,109,25
18,1000,20,5.13,10.3,18,37,59,965,23,6,6,35,7.904426289,99,57,5.626660372,10.34869608,8.072710901,7.730669007,488,13,4,3,20,477,10,2,3,15,508,492,41,16,78,21
20,1000,20,5.13,10.3,18,37,59,957,23,11,9,43,8.088026557,112,69,5.844187782,10.38436818,8.276596129,7.904664034,474,10,6,3,19,483,13,5,6,24,493,507,47,22,82,30
21,1000,20,5.13,10.3,18,37,53,970,22,4,4,30,7.947084395,120,50,5.690239902,10.70238455,7.845050692,8.053282739,494,12,1,3,16,476,10,3,1,14,510,490,35,15,98,22
19,1000,20,5.13,10.3,18,37,59,953,30,12,5,47,8.307577016,117,58,5.701955117,10.97819444,8.42473784,8.194106297,466,16,6,4,26,487,14,6,1,21,492,508,35,23,95,22
23,1000,20,5.13,10.3,18,37,53,951,31,8,10,49,8.19710276,105,69,5.765022222,10.17823056,8.341436485,8.053919105,474,15,5,4,24,477,16,3,6,25,498,502,54,15,87,18
24,1000,20,5.13,10.3,18,37,24,953,24,11,12,47,7.569565149,107,70,5.32480876,9.545070554,7.068623016,8.048940301,470,11,3,5,19,483,13,8,7,28,489,511,45,25,82,25
22,1000,20,5.13,10.3,18,37,53,960,22,13,5,40,7.975475718,104,60,5.409300131,10.28646163,7.51433428,8.457363806,491,11,9,0,20,469,11,4,5,20,511,489,34,26,77,27
17,1000,20,5.13,10.3,18,37,64,963,26,7,4,37,8.128298299,120,63,5.801484761,11.27589339,8.439325778,7.831850234,469,13,4,2,19,494,13,3,2,18,488,512,41,22,94,26
18,1000,20,5.13,10.3,18,37,60,965,23,6,6,35,7.934840909,121,71,5.671506686,10.38973634,8.097879794,7.766499946,488,13,4,3,20,477,10,2,3,15,508,492,53,18,91,30
20,1000,20,5.13,10.3,18,37,60,957,23,8,12,43,8.102310293,101,81,5.868911597,10.42311993,8.30575541,7.904482989,474,10,5,4,19,483,13,3,8,24,493,507,53,28,83,18
21,1000,20,5.13,10.3,18,37,54,969,23,4,4,31,7.971930991,120,66,5.698990631,10.74082333,7.875998564,8.071779027,493,13,1,3,17,476,10,3,1,14,510,490,41,25,90,30
19,1000,20,5.13,10.3,18,37,60,953,29,13,5,47,8.31434745,118,66,5.718071342,11.01976962,8.463801279,8.169600829,466,15,7,4,26,487,14,6,1,21,492,508,38,28,93,25
23,1000,20,5.13,10.3,18,37,54,952,31,7,10,48,8.188871137,117,71,5.798625198,10.2338032,8.3340087,8.044890049,475,15,4,4,23,477,16,3,6,25,498,502,42,29,96,21
22,1000,20,5.13,10.3,18,37,54,959,23,13,5,41,8.015834944,132,62,5.414739038,10.31029734,7.557205007,8.495098539,491,11,9,0,20,468,12,4,5,21,511,489,40,22,98,34
24,1000,20,5.13,10.3,18,37,25,952,26,11,11,48,7.593202438,92,55,5.31690151,9.578872881,7.092914402,8.071951655,470,11,3,5,19,482,15,8,6,29,489,511,37,18,64,28
18,1000,20,5.13,10.3,18,37,61,966,22,6,6,34,7.94196155,111,68,5.682698945,10.41015142,8.102108246,7.776606831,488,13,4,3,20,478,9,2,3,14,508,492,51,17,79,32
17,1000,20,5.13,10.3,18,37,65,963,26,7,4,37,8.141870055,108,56,5.819427558,11.27791554,8.49022698,7.809842361,469,13,4,2,19,494,13,3,2,18,488,512,37,19,88,20
20,1000,20,5.13,10.3,18,37,61,957,23,7,13,43,8.127259775,114,60,5.866854964,10.43715234,8.32419181,7.935765705,474,10,5,4,19,483,13,2,9,24,493,507,44,16,85,29
21,1000,20,5.13,10.3,18,37,55,970,23,3,4,30,8.018590621,113,64,5.721211054,10.80607773,7.912700046,8.128803261,493,13,1,3,17,477,10,2,1,13,510,490,45,19,96,17
19,1000,20,5.13,10.3,18,37,61,952,31,13,4,48,8.356785059,119,65,5.734994677,11.06684499,8.50926057,8.209111925,465,17,7,3,27,487,14,6,1,21,492,508,37,28,97,22
23,1000,20,5.13,10.3,18,37,55,955,28,8,9,45,8.190981358,122,64,5.79980375,10.2484516,8.357427628,8.025861354,475,15,4,4,23,480,13,4,5,22,498,502,38,26,93,29
22,1000,20,5.13,10.3,18,37,55,959,23,13,5,41,8.037091131,90,58,5.434550942,10.35771859,7.57035675,8.524823788,491,11,9,0,20,468,12,4,5,21,511,489,39,19,65,25
18,1000,20,5.13,10.3,18,37,62,966,22,6,6,34,7.953024534,94,60,5.708069758,10.44416039,8.140154153,7.759809399,488,13,4,3,20,478,9,2,3,14,508,492,45,15,74,20
24,1000,20,5.13,10.3,18,37,26,953,26,11,10,47,7.580287184,123,54,5.331051055,9.598246401,7.061280357,8.076949295,471,11,2,5,18,482,15,9,5,29,489,511,35,19,81,42
17,1000,20,5.13,10.3,18,37,66,962,26,7,5,38,8.206844588,101,72,5.844499365,11.31858325,8.598040693,7.833985799,468,13,4,3,20,494,13,3,2,18,488,512,52,20,85,16
20,1000,20,5.13,10.3,18,37,62,958,24,7,11,42,8.127875533,110,58,5.891765117,10.45177454,8.291460455,7.968807749,474,11,5,3,19,484,13,2,8,23,493,507,42,16,77,33
21,1000,20,5.13,10.3,18,37,56,969,23,4,4,31,8.008703079,119,53,5.720197036,10.82875242,7.909938588,8.111498773,493,13,1,3,17,476,10,3,1,14,510,490,37,16,83,36
19,1000,20,5.13,10.3,18,37,62,952,32,12,4,48,8.347205043,120,74,5.765274326,11.12884867,8.491917513,8.207050446,465,17,7,3,27,487,15,5,1,21,492,508,50,24,95,25
23,1000,20,5.13,10.3,18,37,56,953,30,8,9,47,8.227616118,128,69,5.830427637,10.29423456,8.428329064,8.028502479,475,15,4,4,23,478,15,4,5,24,498,502,52,17,100,28
22,1000,20,5.13,10.3,18,37,56,957,25,13,5,43,8.048453036,113,63,5.441119062,10.38819265,7.60216835,8.51481597,490,12,9,0,21,467,13,4,5,22,511,489,45,18,85,28
18,1000,20,5.13,10.3,18,37,63,967,22,6,5,33,7.955398451,117,58,5.716999342,10.47436418,8.180071513,7.723418947,488,13,4,3,20,479,9,2,2,13,508,492,40,18,89,28
17,1000,20,5.13,10.3,18,37,67,962,24,8,6,38,8.201832638,119,58,5.861778508,11.3696736,8.616585985,7.806520855,468,13,4,3,20,494,11,4,3,18,488,512,37,21,97,22
20,1000,20,5.13,10.3,18,37,63,960,23,7,10,40,8.115692184,122,69,5.918635073,10.50049856,8.333203004,7.904187581,474,11,5,3,19,486,12,2,7,21,493,507,41,28,95,27
24,1000,20,5.13,10.3,18,37,27,953,26,11,10,47,7.624946253,111,60,5.341577596,9.614744086,7.105759105,8.12178092,471,11,2,5,18,482,15,9,5,29,489,511,41,19,79,32
21,1000,20,5.13,10.3,18,37,57,971,22,4,3,29,8.005778834,116,58,5.734150584,10.88709583,7.924866623,8.089993584,494,12,1,3,16,477,10,3,0,13,510,490,40,18,92,24
19,1000,20,5.13,10.3,18,37,63,950,32,14,4,50,8.407087968,117,64,5.783925838,11.1843934,8.614706875,8.206008238,463,18,8,3,29,487,14,6,1,21,492,508,56,8,94,23
23,1000,20,5.13,10.3,18,37,57,953,30,8,9,47,8.240438143,105,70,5.855334596,10.34495253,8.465298221,8.017369778,475,15,4,4,23,478,15,4,5,24,498,502,49,21,80,25
22,1000,20,5.13,10.3,18,37,57,956,26,13,5,44,8.033053632,113,62,5.448874709,10.39596855,7.637826362,8.446062088,488,14,9,0,23,468,12,4,5,21,511,489,44,18,82,31
18,1000,20,5.13,10.3,18,37,64,967,22,6,5,33,7.946128221,120,65,5.743117601,10.5072557,8.190925024,7.693370545,488,13,4,3,20,479,9,2,2,13,508,492,45,20,94,26
17,1000,20,5.13,10.3,18,37,68,960,26,8,6,40,8.228579327,129,69,5.875738665,11.43373315,8.661153327,7.816282233,468,13,4,3,20,492,13,4,3,20,488,512,51,18,100,29
20,1000,20,5.13,10.3,18,37,64,960,23,7,10,40,8.141203953,105,52,5.937523375,10.53246675,8.373900657,7.914932798,474,11,5,3,19,486,12,2,7,21,493,507,36,16,87,18
24,1000,20,5.13,10.3,18,37,28,955,26,10,9,45,7.673752679,88,53,5.360744292,9.656403759,7.124518977,8.199340311,473,11,1,4,16,482,15,9,5,29,489,511,36,17,64,24
19,1000,20,5.13,10.3,18,37,64,951,31,14,4,49,8.390299753,111,59,5.827435117,11.2428006,8.614706875,8.172960572,463,18,8,3,29,488,13,6,1,20,492,508,44,15,92,19
21,1000,20,5.13,10.3,18,37,58,972,21,4,3,28,7.995623101,115,56,5.76130706,10.93580612,7.945737184,8.047545178,494,12,1,3,16,478,9,3,0,12,510,490,32,24,90,25
23,1000,20,5.13,10.3,18,37,58,953,30,8,9,47,8.269660799,106,59,5.86189117,10.38547589,8.509222846,8.032007613,475,15,4,4,23,478,15,4,5,24,498,502,37,22,83,23
22,1000,20,5.13,10.3,18,37,58,955,27,13,5,45,8.056737712,118,58,5.467165119,10.47117649,7.677472207,8.453066286,487,15,9,0,24,468,12,4,5,21,511,489,39,19,83,35
18,1000,20,5.13,10.3,18,37,65,967,22,6,5,33,7.965908208,107,61,5.761273983,10.53584971,8.24682158,7.675859441,488,13,4,3,20,479,9,2,2,13,508,492,43,18,77,30
17,1000,20,5.13,10.3,18,37,69,960,26,8,6,40,8.234904837,134,62,5.922123903,11.50231231,8.640851868,7.847986573,468,13,4,3,20,492,13,4,3,20,488,512,41,21,111,23
20,1000,20,5.13,10.3,18,37,65,959,24,7,10,41,8.162416409,114,71,5.979928204,10.58683132,8.405185811,7.926350699,473,12,5,3,20,486,12,2,7,21,493,507,43,28,87,27
24,1000,20,5.13,10.3,18,37,29,955,26,10,9,45,7.689879686,107,51,5.376267005,9.698544333,7.13729494,8.218674091,473,11,1,4,16,482,15,9,5,29,489,511,33,18,84,23
19,1000,20,5.13,10.3,18,37,65,949,30,17,4,51,8.425518427,117,69,5.855906991,11.30894888,8.705601073,8.154257283,462,17,10,3,30,487,13,7,1,21,492,508,51,18,94,23
21,1000,20,5.13,10.3,18,37,59,971,22,4,3,29,8.042187394,118,60,5.791146504,10.98494977,8.003914956,8.082021972,493,13,1,3,17,478,9,3,0,12,510,490,33,27,84,34
23,1000,20,5.13,10.3,18,37,59,950,31,10,9,50,8.269969227,117,59,5.881114212,10.40492444,8.513465336,8.028413326,473,16,5,4,25,477,15,5,5,25,498,502,44,15,95,22
22,1000,20,5.13,10.3,18,37,59,955,28,12,5,45,8.063310753,114,57,5.468991463,10.48330295,7.678225229,8.465721188,488,15,8,0,23,467,13,4,5,22,511,489,37,20,89,25
18,1000,20,5.13,10.3,18,37,66,968,22,5,5,32,7.987099842,98,67,5.779435694,10.60895882,8.280944485,7.683699275,488,13,4,3,20,480,9,1,2,12,508,492,40,27,83,15
17,1000,20,5.13,10.3,18,37,70,960,25,9,6,40,8.243416863,131,67,5.966209878,11.59260951,8.629129711,7.875784305,468,13,4,3,20,492,12,5,3,20,488,512,47,20,100,31
20,1000,20,5.13,10.3,18,37,66,959,24,7,10,41,8.176858839,124,57,6.002272497,10.61476891,8.421996989,7.938489791,473,12,5,3,20,486,12,2,7,21,493,507,41,16,91,33
19,1000,20,5.13,10.3,18,37,66,951,28,17,4,49,8.437113427,104,60,5.8952048,11.43336119,8.723256659,8.159982581,463,16,10,3,29,488,12,7,1,20,492,508,45,15,84,20
21,1000,20,5.13,10.3,18,37,60,971,22,4,3,29,8.051418739,115,66,5.814595459,11.01337618,8.055142282,8.047543215,493,13,1,3,17,478,9,3,0,12,510,490,47,19,82,33
24,1000,20,5.13,10.3,18,37,30,956,26,9,9,44,7.716630355,93,57,5.395269288,9.726308633,7.145514304,8.26315824,473,11,1,4,16,483,15,8,5,28,489,511,38,19,68,25
23,1000,20,5.13,10.3,18,37,60,949,32,10,9,51,8.301014955,101,64,5.890602197,10.41195115,8.538176341,8.065743302,473,16,5,4,25,476,16,5,5,26,498,502,38,26,79,22
22,1000,20,5.13,10.3,18,37,60,956,28,11,5,44,8.072231843,120,70,5.478652124,10.53100249,7.686449264,8.475370693,489,14,8,0,22,467,14,3,5,22,511,489,45,25,98,22
18,1000,20,5.13,10.3,18,37,67,968,22,5,5,32,8.013552189,116,77,5.80644622,10.63844801,8.371153673,7.644321387,488,13,4,3,20,480,9,1,2,12,508,492,50,27,94,22
17,1000,20,5.13,10.3,18,37,71,960,25,8,7,40,8.26227823,117,69,5.998789025,11.64313539,8.701609105,7.843540989,468,13,3,4,20,492,12,5,3,20,488,512,51,18,97,20
20,1000,20,5.13,10.3,18,37,67,960,24,7,9,40,8.165678105,118,76,6.04575294,10.6638778,8.48597642,7.854224319,473,12,5,3,20,487,12,2,6,20,493,507,53,23,97,21
19,1000,20,5.13,10.3,18,37,67,952,27,17,4,48,8.470215469,121,76,5.922323162,11.49168806,8.761813475,8.187801653,463,16,10,3,29,489,11,7,1,19,492,508,59,17,94,27
23,1000,20,5.13,10.3,18,37,61,949,32,11,8,51,8.343058123,111,64,5.912528541,10.46573095,8.582884603,8.105142611,473,16,5,4,25,476,16,6,4,26,498,502,50,14,89,22
21,1000,20,5.13,10.3,18,37,61,970,23,5,2,30,8.052619828,130,74,5.862840769,11.06367251,8.11824107,7.984320168,492,14,2,2,18,478,9,3,0,12,510,490,51,23,103,27
24,1000,20,5.13,10.3,18,37,31,957,26,9,8,43,7.740120825,97,63,5.409822562,9.735276108,7.165605037,8.289902078,473,11,1,4,16,484,15,8,4,27,489,511,34,29,78,19
22,1000,20,5.13,10.3,18,37,61,954,30,11,5,46,8.127505451,105,57,5.507737507,10.55863696,7.751743226,8.520173133,488,15,8,0,23,466,15,3,5,23,511,489,35,22,81,24
18,1000,20,5.13,10.3,18,37,68,967,23,5,5,33,8.054423376,92,67,5.813831347,10.67472405,8.456198905,7.639581975,487,14,4,3,21,480,9,1,2,12,508,492,45,22,72,20
17,1000,20,5.13,10.3,18,37,72,959,26,9,6,41,8.255972391,123,70,6.004085167,11.67075459,8.730677567,7.80351902,468,13,3,4,20,491,13,6,2,21,488,512,52,18,98,25
20,1000,20,5.13,10.3,18,37,68,960,24,7,9,40,8.192202732,110,73,6.092446896,10.72754048,8.538978169,7.855002948,473,12,5,3,20,487,12,2,6,20,493,507,47,26,88,22
19,1000,20,5.13,10.3,18,37,68,953,26,17,4,47,8.449371002,109,52,5.939233811,11.53022003,8.743275209,8.16472362,464,15,10,3,28,489,11,7,1,19,492,508,37,15,85,24
23,1000,20,5.13,10.3,18,37,62,948,33,11,8,52,8.35167805,106,59,5.937226361,10.49047521,8.61581822,8.089642582,473,16,5,4,25,475,17,6,4,27,498,502,40,19,89,17
21,1000,20,5.13,10.3,18,37,62,969,24,5,2,31,8.098733991,129,72,5.865800348,11.10500771,8.141406603,8.054319639,492,14,2,2,18,477,10,3,0,13,510,490,51,21,99,30
18,1000,20,5.13,10.3,18,37,69,967,22,6,5,33,8.061431128,110,73,5.831300583,10.72768746,8.501031786,7.607534515,487,13,5,3,21,480,9,1,2,12,508,492,51,22,87,23
22,1000,20,5.13,10.3,18,37,62,956,28,12,4,44,8.093830662,129,69,5.51865947,10.58975942,7.758485429,8.444263002,488,15,8,0,23,468,13,4,4,21,511,489,57,12,106,23
24,1000,20,5.13,10.3,18,37,32,956,27,9,8,44,7.742720328,111,49,5.414774468,9.792085797,7.185700956,8.275758435,473,11,1,4,16,483,16,8,4,28,489,511,31,18,84,27
17,1000,20,5.13,10.3,18,37,73,958,26,10,6,42,8.264016809,111,60,6.038172063,11.72211535,8.767539367,7.784096872,468,12,4,4,20,490,14,6,2,22,488,512,46,14,98,13
20,1000,20,5.13,10.3,18,37,69,960,24,7,9,40,8.2332845,108,56,6.108863293,10.79367381,8.614449306,7.862644955,473,12,5,3,20,487,12,2,6,20,493,507,41,15,83,25
19,1000,20,5.13,10.3,18,37,69,950,29,17,4,50,8.477467759,122,84,5.978286979,11.59244942,8.81129634,8.154153464,463,16,10,3,29,487,13,7,1,21,492,508,54,30,95,27
23,1000,20,5.13,10.3,18,37,63,948,31,13,8,52,8.369951338,123,69,5.948063451,10.53056724,8.641816017,8.10025291,472,16,6,4,26,476,15,7,4,26,498,502,41,28,95,28
21,1000,20,5.13,10.3,18,37,63,969,24,5,2,31,8.100569949,112,80,5.875270734,11.14567115,8.156773125,8.042072766,492,14,2,2,18,477,10,3,0,13,510,490,58,22,92,20
18,1000,20,5.13,10.3,18,37,70,966,23,6,5,34,8.115539699,103,64,5.872673419,10.77338876,8.580691991,7.635260504,486,14,5,3,22,480,9,1,2,12,508,492,37,27,78,25
22,1000,20,5.13,10.3,18,37,63,956,28,12,4,44,8.121976672,114,60,5.527574134,10.6494272,7.775891956,8.483631661,488,15,8,0,23,468,13,4,4,21,511,489,36,24,85,29
17,1000,20,5.13,10.3,18,37,74,958,26,10,6,42,8.285719397,121,79,6.061275501,11.77230057,8.796254168,7.799115942,468,12,4,4,20,490,14,6,2,22,488,512,56,23,98,23
20,1000,20,5.13,10.3,18,37,70,960,24,7,9,40,8.272057733,129,75,6.125983428,10.85159946,8.675335531,7.879915812,473,12,5,3,20,487,12,2,6,20,493,507,61,14,101,28
24,1000,20,5.13,10.3,18,37,33,958,26,8,8,42,7.743378134,118,53,5.414380241,9.79940762,7.240721817,8.22439367,472,12,1,4,17,486,14,7,4,25,489,511,34,19,83,35
19,1000,20,5.13,10.3,18,37,70,951,29,15,5,49,8.478627403,124,69,5.986562143,11.64910456,8.859660563,8.109595287,463,16,10,3,29,488,13,5,2,20,492,508,45,24,100,24
23,1000,20,5.13,10.3,18,37,64,948,31,13,8,52,8.346434147,125,74,5.971938875,10.56526447,8.649496407,8.045786725,472,16,6,4,26,476,15,7,4,26,498,502,56,18,100,25
21,1000,20,5.13,10.3,18,37,64,968,25,5,2,32,8.124059004,118,70,5.868305761,11.17104469,8.215387211,8.029003115,491,15,2,2,19,477,10,3,0,13,510,490,46,24,89,29
18,1000,20,5.13,10.3,18,37,71,967,22,6,5,33,8.111686111,110,68,5.890720308,10.82129174,8.562878426,7.645820875,487,13,5,3,21,480,9,1,2,12,508,492,43,25,85,25
22,1000,20,5.13,10.3,18,37,64,955,29,11,5,45,8.164247778,107,61,5.532740534,10.67168365,7.823654313,8.520164467,487,16,8,0,24,468,13,3,5,21,511,489,39,22,86,21
17,1000,20,5.13,10.3,18,37,75,956,27,11,6,44,8.323152704,106,67,6.096223906,11.84699102,8.850862055,7.820179729,466,14,4,4,22,490,13,7,2,22,488,512,53,14,76,30
20,1000,20,5.13,10.3,18,37,71,960,24,7,9,40,8.29032638,108,63,6.141049092,10.89137291,8.712147795,7.880152893,473,12,5,3,20,487,12,2,6,20,493,507,44,19,90,18
24,1000,20,5.13,10.3,18,37,34,959,27,7,7,41,7.719179642,115,68,5.447438333,9.841308856,7.246313005,8.171688028,472,13,1,3,17,487,14,6,4,24,489,511,46,22,84,31
19,1000,20,5.13,10.3,18,37,71,951,28,16,5,49,8.532050254,118,74,6.027157454,11.70990684,8.888149016,8.187167201,463,16,10,3,29,488,12,6,2,20,492,508,53,21,89,29
23,1000,20,5.13,10.3,18,37,65,949,29,14,8,51,8.367577328,110,75,6.008004636,10.62589919,8.663963384,8.073552914,473,14,7,4,25,476,15,7,4,26,498,502,50,25,90,20
21,1000,20,5.13,10.3,18,37,65,969,24,5,2,31,8.10755134,136,81,5.894309974,11.21299891,8.223679126,7.986683644,491,15,2,2,19,478,9,3,0,12,510,490,51,30,113,23
18,1000,20,5.13,10.3,18,37,72,966,23,6,5,34,8.194501281,135,67,5.913802601,10.84470587,8.652507204,7.721600856,487,13,5,3,21,479,10,1,2,13,508,492,49,18,104,31
22,1000,20,5.13,10.3,18,37,65,953,31,11,5,47,8.160639682,95,67,5.541244434,10.71769129,7.835594194,8.500308894,487,16,8,0,24,466,15,3,5,23,511,489,46,21,79,16
17,1000,20,5.13,10.3,18,37,76,958,26,10,6,42,8.31991855,121,77,6.094532768,11.86605157,8.905205218,7.762067194,466,14,4,4,22,492,12,6,2,20,488,512,52,25,103,18
20,1000,20,5.13,10.3,18,37,72,961,23,7,9,39,8.268013875,110,63,6.163641674,10.9570137,8.67891499,7.868459142,474,11,5,3,19,487,12,2,6,20,493,507,49,14,88,22
24,1000,20,5.13,10.3,18,37,35,959,26,6,9,41,7.705163778,106,57,5.454240754,9.890953893,7.239130137,8.151133349,472,13,1,3,17,487,13,5,6,24,489,511,37,20,85,21
19,1000,20,5.13,10.3,18,37,72,951,28,16,5,49,8.544710252,111,82,6.053337289,11.79744241,8.954744912,8.14759007,463,16,10,3,29,488,12,6,2,20,492,508,56,26,97,14
23,1000,20,5.13,10.3,18,37,66,950,28,14,8,50,8.360122126,121,56,6.027371605,10.67591296,8.669388264,8.053320261,474,13,7,4,24,476,15,7,4,26,498,502,41,15,100,21
21,1000,20,5.13,10.3,18,37,66,968,26,4,2,32,8.124022243,123,65,5.909624679,11.26213794,8.266485107,7.975744569,490,16,2,2,20,478,10,2,0,12,510,490,49,16,93,30
18,1000,20,5.13,10.3,18,37,73,965,23,7,5,35,8.235045165,107,68,5.928162519,10.90778829,8.687632059,7.767739998,487,13,5,3,21,478,10,2,2,14,508,492,50,18,87,20
20,1000,20,5.13,10.3,18,37,73,961,23,7,9,39,8.274884351,124,65,6.167534702,11.0097352,8.710877534,7.850930427,474,11,5,3,19,487,12,2,6,20,493,507,49,16,93,31
22,1000,20,5.13,10.3,18,37,66,950,34,11,5,50,8.19304359,107,64,5.553233061,10.77906124,7.893781824,8.505769076,485,18,8,0,26,465,16,3,5,24,511,489,42,22,87,20
17,1000,20,5.13,10.3,18,37,77,958,26,10,6,42,8.301747044,130,51,6.114415482,11.93207037,8.915169611,7.717078659,466,14,4,4,22,492,12,6,2,20,488,512,38,13,107,23
19,1000,20,5.13,10.3,18,37,73,950,29,16,5,50,8.59641964,126,65,6.085798308,11.86730509,8.974494836,8.230252324,463,16,10,3,29,487,13,6,2,21,492,508,48,17,107,19
23,1000,20,5.13,10.3,18,37,67,950,28,14,8,50,8.386514602,110,65,6.049027247,10.7225166,8.699396784,8.076125505,474,13,7,4,24,476,15,7,4,26,498,502,42,23,92,18
24,1000,20,5.13,10.3,18,37,36,959,26,6,9,41,7.723750463,103,54,5.46175469,9.936152819,7.28132362,8.147129574,471,14,1,3,18,488,12,5,6,23,489,511,36,18,78,25
21,1000,20,5.13,10.3,18,37,67,969,25,4,2,31,8.1242076,122,70,5.959148821,11.33252537,8.236716661,8.007106332,491,15,2,2,19,478,10,2,0,12,510,490,45,25,86,36
18,1000,20,5.13,10.3,18,37,74,965,23,7,5,35,8.258613965,103,55,5.944381306,10.9800117,8.728462198,7.773486115,487,13,5,3,21,478,10,2,2,14,508,492,33,22,78,25
20,1000,20,5.13,10.3,18,37,74,961,23,7,9,39,8.280736081,109,57,6.213102254,11.07063642,8.722704836,7.850971592,474,11,5,3,19,487,12,2,6,20,493,507,43,14,83,26
17,1000,20,5.13,10.3,18,37,78,957,27,10,6,43,8.34017274,124,62,6.136976321,12.01923428,8.970541757,7.73935227,465,15,4,4,23,492,12,6,2,20,488,512,44,18,106,18
22,1000,20,5.13,10.3,18,37,67,951,33,12,4,49,8.189165221,117,67,5.56246797,10.79303252,7.942474555,8.446954444,485,17,9,0,26,466,16,3,4,23,511,489,46,21,100,17
19,1000,20,5.13,10.3,18,37,74,949,29,17,5,51,8.631383439,117,73,6.103422436,11.93584126,9.043372523,8.232370388,462,16,11,3,30,487,13,6,2,21,492,508,54,19,96,21
23,1000,20,5.13,10.3,18,37,68,952,27,14,7,48,8.389345507,109,59,6.071170203,10.76296884,8.738804781,8.042670769,474,13,7,4,24,478,14,7,3,24,498,502,42,17,92,17
24,1000,20,5.13,10.3,18,37,37,960,26,5,9,40,7.72985821,101,59,5.474203545,9.950599326,7.330023695,8.112478714,470,15,1,3,19,490,11,4,6,21,489,511,42,17,70,31
18,1000,20,5.13,10.3,18,37,75,965,22,8,5,35,8.292081145,104,50,5.953194606,11.02304496,8.811264173,7.756014117,487,12,6,3,21,478,10,2,2,14,508,492,38,12,80,24
21,1000,20,5.13,10.3,18,37,68,969,26,3,2,31,8.119772918,119,58,5.9693408,11.35999429,8.259182838,7.974672797,491,15,2,2,19,478,11,1,0,12,510,490,38,20,84,35
20,1000,20,5.13,10.3,18,37,75,962,23,6,9,38,8.299671126,118,61,6.27169944,11.16896136,8.733769088,7.877560089,475,11,4,3,18,487,12,2,6,20,493,507,39,22,96,22
17,1000,20,5.13,10.3,18,37,79,957,27,10,6,43,8.341727248,112,63,6.157258761,12.05563529,8.988150143,7.725605426,465,15,4,4,23,492,12,6,2,20,488,512,44,19,96,16
22,1000,20,5.13,10.3,18,37,68,951,32,13,4,49,8.199469552,120,74,5.587686484,10.8428314,7.997994029,8.410009412,485,16,10,0,26,466,16,3,4,23,511,489,52,22,98,22
19,1000,20,5.13,10.3,18,37,75,951,29,15,5,49,8.609769124,131,55,6.122566407,12.00223611,9.063868415,8.169972172,462,16,11,3,30,489,13,4,2,19,492,508,44,11,98,33
23,1000,20,5.13,10.3,18,37,69,950,28,14,8,50,8.469593838,102,60,6.099323978,10.77621479,8.894697148,8.047877806,472,14,7,5,26,478,14,7,3,24,498,502,45,15,82,20
18,1000,20,5.13,10.3,18,37,76,964,22,9,5,36,8.287270545,104,78,5.958810209,11.05107647,8.844758046,7.711653369,487,11,7,3,21,477,11,2,2,15,508,492,52,26,80,24
21,1000,20,5.13,10.3,18,37,69,969,26,3,2,31,8.129638673,116,54,5.975385214,11.39990387,8.288990923,7.963782251,492,14,2,2,18,477,12,1,0,13,510,490,32,22,91,25
20,1000,20,5.13,10.3,18,37,76,962,23,6,9,38,8.335847105,112,66,6.287160088,11.20841979,8.819745519,7.865310777,474,12,4,3,19,488,11,2,6,19,493,507,46,20,92,20
24,1000,20,5.13,10.3,18,37,38,961,25,6,8,39,7.715214575,99,63,5.497399331,9.994307309,7.344854319,8.069629771,471,13,2,3,18,490,12,4,5,21,489,511,47,16,76,23
17,1000,20,5.13,10.3,18,37,80,956,27,11,6,44,8.373329551,125,64,6.17733177,12.11107076,9.033227239,7.744364567,464,16,4,4,24,492,11,7,2,20,488,512,45,19,107,18
22,1000,20,5.13,10.3,18,37,69,950,32,13,5,50,8.213860674,106,61,5.620077928,10.87438429,8.046079616,8.389190164,484,17,10,0,27,466,15,3,5,23,511,489,42,19,84,22
19,1000,20,5.13,10.3,18,37,76,951,29,14,6,49,8.60786606,132,78,6.156413314,12.07505075,9.076503343,8.153989006,462,16,10,4,30,489,13,4,2,19,492,508,55,23,114,18
23,1000,20,5.13,10.3,18,37,70,951,27,14,8,49,8.471908564,110,64,6.120539495,10.80709829,8.8951984,8.051991554,473,13,7,5,25,478,14,7,3,24,498,502,38,26,92,18
18,1000,20,5.13,10.3,18,37,77,964,22,9,5,36,8.322608015,108,53,5.974499731,11.08949334,8.936412317,7.688842597,486,12,7,3,22,478,10,2,2,14,508,492,36,17,87,21
20,1000,20,5.13,10.3,18,37,77,961,24,6,9,39,8.384791552,145,64,6.334080888,11.26694015,8.833189543,7.94877536,474,12,4,3,19,487,12,2,6,20,493,507,49,15,111,34
21,1000,20,5.13,10.3,18,37,70,968,26,4,2,32,8.132692002,124,79,6.012875729,11.46330677,8.354892688,7.901421899,491,14,3,2,19,477,12,1,0,13,510,490,51,28,95,29
17,1000,20,5.13,10.3,18,37,81,955,28,11,6,45,8.386119719,130,58,6.219103304,12.15624753,9.052331267,7.751136837,464,16,4,4,24,491,12,7,2,21,488,512,40,18,108,22
22,1000,20,5.13,10.3,18,37,70,950,32,13,5,50,8.244439794,110,58,5.634073929,10.90997152,8.102741366,8.392513202,484,17,10,0,27,466,15,3,5,23,511,489,39,19,90,20
24,1000,20,5.13,10.3,18,37,39,961,25,6,8,39,7.715201009,113,65,5.504434811,10.00489975,7.386898967,8.029368717,471,13,2,3,18,490,12,4,5,21,489,511,37,28,92,21
19,1000,20,5.13,10.3,18,37,77,950,30,14,6,50,8.6288769,126,76,6.177200226,12.11479603,9.102379709,8.170287565,461,17,10,4,31,489,13,4,2,19,492,508,57,19,112,14
23,1000,20,5.13,10.3,18,37,71,952,26,14,8,48,8.470777991,114,62,6.142836663,10.87575947,8.890724655,8.054177515,473,13,7,5,25,479,13,7,3,23,498,502,40,22,91,23
18,1000,20,5.13,10.3,18,37,78,962,24,9,5,38,8.351343171,107,58,5.997157052,11.14584217,8.994907567,7.686849851,485,13,7,3,23,477,11,2,2,15,508,492,38,20,87,20
20,1000,20,5.13,10.3,18,37,78,961,24,6,9,39,8.380670775,112,76,6.355806855,11.30620131,8.831060442,7.942717903,474,12,4,3,19,487,12,2,6,20,493,507,50,26,90,22
21,1000,20,5.13,10.3,18,37,71,966,28,4,2,34,8.170704753,102,64,6.049324377,11.50282563,8.415764233,7.915642845,490,15,3,2,20,476,13,1,0,14,510,490,46,18,82,20
17,1000,20,5.13,10.3,18,37,82,953,29,12,6,47,8.421479506,130,74,6.270158859,12.22224971,9.09456238,7.779947392,462,17,5,4,26,491,12,7,2,21,488,512,48,26,105,25
22,1000,20,5.13,10.3,18,37,71,948,34,13,5,52,8.24068583,126,71,5.660022333,10.95683668,8.122330336,8.364366111,483,18,10,0,28,465,16,3,5,24,511,489,43,28,91,35
24,1000,20,5.13,10.3,18,37,40,960,26,6,8,40,7.741362284,93,70,5.509662706,10.03155863,7.437507271,8.032135477,470,14,2,3,19,490,12,4,5,21,489,511,33,37,68,25
19,1000,20,5.13,10.3,18,37,78,949,31,14,6,51,8.634692072,148,71,6.232224822,12.22893671,9.117444852,8.167144105,460,18,10,4,32,489,13,4,2,19,492,508,53,18,126,22
23,1000,20,5.13,10.3,18,37,72,951,27,14,8,49,8.516208641,103,59,6.152787105,10.91391691,8.944611707,8.091219146,472,14,7,5,26,479,13,7,3,23,498,502,40,19,83,20
18,1000,20,5.13,10.3,18,37,79,962,24,9,5,38,8.352157699,118,69,6.03535082,11.21743888,9.007303041,7.675706817,485,13,7,3,23,477,11,2,2,15,508,492,55,14,95,23
20,1000,20,5.13,10.3,18,37,79,962,23,6,9,38,8.399415129,108,63,6.381683147,11.35322827,8.879838015,7.932258358,474,12,4,3,19,488,11,2,6,19,493,507,47,16,92,16
17,1000,20,5.13,10.3,18,37,83,951,31,12,6,49,8.436478845,128,72,6.294511434,12.28321948,9.121800153,7.783281974,460,19,5,4,28,491,12,7,2,21,488,512,53,19,111,17
21,1000,20,5.13,10.3,18,37,72,966,27,5,2,34,8.221589681,113,68,6.063298455,11.56288911,8.490677179,7.941519021,490,15,3,2,20,476,12,2,0,14,510,490,50,18,87,26
22,1000,20,5.13,10.3,18,37,72,948,33,14,5,52,8.291363361,122,67,5.673132976,10.97745612,8.193419061,8.393714152,483,17,11,0,28,465,16,3,5,24,511,489,50,17,95,27
24,1000,20,5.13,10.3,18,37,41,960,27,5,8,40,7.73503783,93,69,5.514884901,10.04890632,7.492024763,7.967588495,469,15,2,3,20,491,12,3,5,20,489,511,51,18,71,22
19,1000,20,5.13,10.3,18,37,79,950,31,13,6,50,8.63621059,128,70,6.26743043,12.34424327,9.171561601,8.117721029,459,19,10,4,33,491,12,3,2,17,492,508,46,24,108,20
23,1000,20,5.13,10.3,18,37,73,952,26,13,9,48,8.556394086,110,75,6.174717019,10.96910418,9.006348819,8.110024649,472,14,7,5,26,480,12,6,4,22,498,502,57,18,86,24
18,1000,20,5.13,10.3,18,37,80,962,24,9,5,38,8.389376228,121,68,6.052537184,11.25961152,9.080644175,7.675628022,485,13,7,3,23,477,11,2,2,15,508,492,52,16,101,20
20,1000,20,5.13,10.3,18,37,80,962,23,6,9,38,8.402356771,128,79,6.46332283,11.46113541,8.913610098,7.905220892,474,12,4,3,19,488,11,2,6,19,493,507,56,23,105,23
17,1000,20,5.13,10.3,18,37,84,951,30,13,6,49,8.443575216,133,57,6.33445778,12.38268825,9.141291423,7.778564456,460,18,6,4,28,491,12,7,2,21,488,512,37,20,113,20
21,1000,20,5.13,10.3,18,37,73,965,28,5,2,35,8.248026284,115,60,6.100983264,11.61810948,8.514779102,7.970385596,489,16,3,2,21,476,12,2,0,14,510,490,41,19,89,26
22,1000,20,5.13,10.3,18,37,73,947,34,13,6,53,8.339270219,112,62,5.703224093,11.03406491,8.279794676,8.401421553,482,18,10,1,29,465,16,3,5,24,511,489,43,19,89,23
19,1000,20,5.13,10.3,18,37,80,949,31,14,6,51,8.654328248,139,67,6.277060832,12.41243489,9.193546874,8.132092886,459,19,10,4,33,490,12,4,2,18,492,508,43,24,116,23
24,1000,20,5.13,10.3,18,37,42,961,27,5,7,39,7.739040474,114,49,5.525254987,10.08848666,7.509828333,7.958384381,469,15,2,3,20,492,12,3,4,19,489,511,33,16,88,26
23,1000,20,5.13,10.3,18,37,74,951,28,13,8,49,8.503687012,136,72,6.192582004,11.00678122,8.93792786,8.072906251,471,15,7,5,27,480,13,6,3,22,498,502,53,19,114,22
18,1000,20,5.13,10.3,18,37,81,962,23,10,5,38,8.402856161,97,57,6.075602866,11.35530757,9.141854795,7.639825052,485,12,8,3,23,477,11,2,2,15,508,492,41,16,78,19
20,1000,20,5.13,10.3,18,37,81,962,23,6,9,38,8.431634112,119,52,6.485396333,11.5376753,8.942318805,7.935051166,474,12,4,3,19,488,11,2,6,19,493,507,46,6,98,21
17,1000,20,5.13,10.3,18,37,85,952,29,13,6,48,8.456719491,132,66,6.339430818,12.47027396,9.1553611,7.790826707,460,18,6,4,28,492,11,7,2,20,488,512,50,16,113,19
21,1000,20,5.13,10.3,18,37,74,965,28,5,2,35,8.290302257,115,56,6.126938091,11.6606277,8.548796646,8.021257077,489,16,3,2,21,476,12,2,0,14,510,490,39,17,89,26
22,1000,20,5.13,10.3,18,37,74,947,33,14,6,53,8.339005808,115,56,5.723207787,11.09321817,8.291868675,8.388263631,482,18,10,1,29,465,15,4,5,24,511,489,32,24,86,29
19,1000,20,5.13,10.3,18,37,81,950,31,14,5,50,8.665281581,139,72,6.308171837,12.4890612,9.19864001,8.148721842,459,19,10,4,33,491,12,4,1,17,492,508,47,25,117,22
23,1000,20,5.13,10.3,18,37,75,950,29,12,9,50,8.544125111,128,63,6.209555658,11.0487148,9.032810978,8.059333156,470,16,6,6,28,480,13,6,3,22,498,502,36,27,109,19
24,1000,20,5.13,10.3,18,37,43,961,27,5,7,39,7.759210777,117,63,5.547516632,10.12623493,7.568303466,7.941898986,469,15,2,3,20,492,12,3,4,19,489,511,36,27,96,21
18,1000,20,5.13,10.3,18,37,82,960,25,10,5,40,8.465101915,130,64,6.078024108,11.41166277,9.194637685,7.711841405,484,13,8,3,24,476,12,2,2,16,508,492,44,20,102,28
20,1000,20,5.13,10.3,18,37,82,962,24,6,8,38,8.438014946,121,77,6.52249236,11.56190449,8.990609733,7.900679186,474,12,4,3,19,488,12,2,5,19,493,507,54,23,99,22
17,1000,20,5.13,10.3,18,37,86,952,29,13,6,48,8.473779579,134,74,6.34798491,12.52416659,9.184658463,7.796223143,460,18,6,4,28,492,11,7,2,20,488,512,56,18,108,26
21,1000,20,5.13,10.3,18,37,75,966,27,5,2,34,8.342605103,114,64,6.132375249,11.69782807,8.624824496,8.048866552,489,16,3,2,21,477,11,2,0,13,510,490,52,12,95,19
22,1000,20,5.13,10.3,18,37,75,946,35,13,6,54,8.336393759,119,66,5.725287478,11.13238402,8.292176358,8.382600491,482,19,9,1,29,464,16,4,5,25,511,489,43,23,89,30
19,1000,20,5.13,10.3,18,37,82,950,31,14,5,50,8.656242883,123,77,6.339421448,12.58062535,9.199186631,8.130399726,459,19,10,4,33,491,12,4,1,17,492,508,57,20,96,27
23,1000,20,5.13,10.3,18,37,76,951,28,13,8,49,8.560726231,108,69,6.217586123,11.08285481,9.090074411,8.035595966,470,16,6,6,28,481,12,7,2,21,498,502,51,18,86,22
18,1000,20,5.13,10.3,18,37,83,962,23,11,4,38,8.453634189,126,64,6.106999131,11.47515896,9.215846265,7.666634729,483,13,9,3,25,479,10,2,1,13,508,492,46,18,105,21
24,1000,20,5.13,10.3,18,37,44,961,28,5,6,39,7.747316608,111,76,5.554631206,10.1818133,7.61450329,7.874411935,469,15,2,3,20,492,13,3,3,19,489,511,51,25,90,21
20,1000,20,5.13,10.3,18,37,83,961,26,6,7,39,8.444712182,128,66,6.542166545,11.63015271,9.016057983,7.889143188,472,14,4,3,21,489,12,2,4,18,493,507,50,16,103,25
17,1000,20,5.13,10.3,18,37,87,953,28,13,6,47,8.485483518,147,84,6.393808938,12.58100981,9.230129771,7.775742558,460,18,6,4,28,493,10,7,2,19,488,512,63,21,123,24
21,1000,20,5.13,10.3,18,37,76,966,26,6,2,34,8.337992095,114,62,6.150666036,11.74552379,8.612249887,8.052540106,489,16,3,2,21,477,10,3,0,13,510,490,43,19,95,19
22,1000,20,5.13,10.3,18,37,76,947,33,14,6,53,8.35301909,108,66,5.748777315,11.19840122,8.288207694,8.420746337,482,19,9,1,29,465,14,5,5,24,511,489,42,24,87,21
19,1000,20,5.13,10.3,18,37,83,950,30,15,5,50,8.68612707,121,77,6.352347996,12.62681174,9.236138644,8.153438695,459,18,11,4,33,491,12,4,1,17,492,508,64,13,99,22
23,1000,20,5.13,10.3,18,37,77,952,28,13,7,48,8.608404689,108,68,6.233830767,11.12839915,9.177001318,8.044338711,470,16,6,6,28,482,12,7,1,20,498,502,52,16,87,21
18,1000,20,5.13,10.3,18,37,84,962,23,10,5,38,8.494994255,130,79,6.121278401,11.49300155,9.245756021,7.719817473,484,12,8,4,24,478,11,2,1,14,508,492,50,29,103,27
20,1000,20,5.13,10.3,18,37,84,962,25,6,7,38,8.459302468,110,58,6.571231718,11.68187894,9.077186332,7.858480485,473,13,4,3,20,489,12,2,4,18,493,507,41,17,90,20
17,1000,20,5.13,10.3,18,37,88,952,28,14,6,48,8.515120002,115,68,6.397494223,12.63238722,9.302235122,7.764900904,459,18,7,4,29,493,10,7,2,19,488,512,56,12,98,17
24,1000,20,5.13,10.3,18,37,45,960,30,4,6,40,7.761431881,98,66,5.540306898,10.20242627,7.628885864,7.888271415,469,15,2,3,20,491,15,2,3,20,489,511,39,27,77,21
21,1000,20,5.13,10.3,18,37,77,966,25,7,2,34,8.355660448,122,67,6.185535942,11.84598155,8.606363197,8.094724935,489,16,3,2,21,477,9,4,0,13,510,490,46,21,95,27
22,1000,20,5.13,10.3,18,37,77,946,34,14,6,54,8.350873408,109,66,5.77676339,11.25022405,8.300305105,8.403716768,481,20,9,1,30,465,14,5,5,24,511,489,42,24,86,23
19,1000,20,5.13,10.3,18,37,84,949,31,15,5,51,8.738002164,136,65,6.384142996,12.69028129,9.297986833,8.195654809,458,19,11,4,34,491,12,4,1,17,492,508,45,20,114,22
23,1000,20,5.13,10.3,18,37,78,952,28,13,7,48,8.609614504,113,71,6.238664114,11.18319964,9.199423229,8.02450545,470,16,6,6,28,482,12,7,1,20,498,502,49,22,91,22
18,1000,20,5.13,10.3,18,37,85,962,23,11,4,38,8.538614866,116,79,6.122319263,11.52834427,9.255991523,7.797908886,485,12,8,3,23,477,11,3,1,15,508,492,58,21,92,24
20,1000,20,5.13,10.3,18,37,85,961,27,6,6,39,8.466627543,118,60,6.627992507,11.76666092,9.08314349,7.867135706,473,14,4,2,20,488,13,2,4,19,493,507,43,17,89,29
17,1000,20,5.13,10.3,18,37,89,953,27,14,6,47,8.517719341,111,85,6.439915117,12.74532357,9.325264743,7.74802763,459,18,7,4,29,494,9,7,2,18,488,512,63,22,92,19
24,1000,20,5.13,10.3,18,37,46,960,31,3,6,40,7.770064182,109,72,5.568698696,10.23067916,7.653269676,7.881830354,469,15,2,3,20,491,16,1,3,20,489,511,46,26,75,34
21,1000,20,5.13,10.3,18,37,78,965,26,6,3,35,8.382176125,117,72,6.199667411,11.88987401,8.691066025,8.060678475,487,18,3,2,23,478,8,3,1,12,510,490,54,18,96,21
22,1000,20,5.13,10.3,18,37,78,946,34,14,6,54,8.343528386,119,76,5.797148372,11.26545959,8.315522726,8.372794014,481,20,9,1,30,465,14,5,5,24,511,489,50,26,92,27
19,1000,20,5.13,10.3,18,37,85,949,31,14,6,51,8.747686581,116,64,6.426254757,12.78586765,9.301425276,8.211388476,459,18,10,5,33,490,13,4,1,18,492,508,49,15,90,26
23,1000,20,5.13,10.3,18,37,79,951,29,13,7,49,8.639291582,122,61,6.25229306,11.20920982,9.208022767,8.075092121,469,17,6,6,29,482,12,7,1,20,498,502,46,15,98,24
18,1000,20,5.13,10.3,18,37,86,964,22,10,4,36,8.539747267,129,59,6.134550472,11.57524184,9.2935478,7.761432895,485,12,8,3,23,479,10,2,1,13,508,492,44,15,104,25
20,1000,20,5.13,10.3,18,37,86,960,28,6,6,40,8.454718963,121,65,6.681021552,11.83722622,9.101268087,7.826023266,473,14,4,2,20,487,14,2,4,20,493,507,49,16,106,15
17,1000,20,5.13,10.3,18,37,90,956,25,13,6,44,8.522087801,149,70,6.477333445,12.83236334,9.319219283,7.762321858,460,18,6,4,28,496,7,7,2,16,488,512,50,20,120,29
21,1000,20,5.13,10.3,18,37,79,966,26,5,3,34,8.382593975,112,65,6.225991948,11.92406924,8.704950769,8.047079761,488,18,2,2,22,478,8,3,1,12,510,490,48,17,94,18
24,1000,20,5.13,10.3,18,37,47,956,34,4,6,44,7.794777761,115,73,5.583027981,10.26315278,7.696127074,7.889181255,466,18,2,3,23,490,16,2,3,21,489,511,49,24,88,27
22,1000,20,5.13,10.3,18,37,79,946,34,14,6,54,8.367233546,127,72,5.8449339,11.30743611,8.393626763,8.339652904,481,20,9,1,30,465,14,5,5,24,511,489,51,21,102,25
19,1000,20,5.13,10.3,18,37,86,948,32,14,6,52,8.762463115,136,73,6.434126251,12.82211175,9.348614569,8.194773124,458,19,10,5,34,490,13,4,1,18,492,508,57,16,115,21
23,1000,20,5.13,10.3,18,37,80,952,27,13,8,48,8.651720295,113,86,6.27132049,11.27162427,9.279928571,8.028517662,469,16,6,7,29,483,11,7,1,19,498,502,56,30,93,20
18,1000,20,5.13,10.3,18,37,87,964,22,10,4,36,8.579081428,119,64,6.180555549,11.64120636,9.347013453,7.786176005,485,12,8,3,23,479,10,2,1,13,508,492,46,18,102,17
20,1000,20,5.13,10.3,18,37,87,960,28,6,6,40,8.452485518,130,70,6.704029626,11.88337056,9.103577779,7.819372136,473,14,4,2,20,487,14,2,4,20,493,507,54,16,99,31
17,1000,20,5.13,10.3,18,37,91,956,25,13,6,44,8.507985197,152,67,6.49429824,12.87283413,9.310382271,7.743200486,460,18,6,4,28,496,7,7,2,16,488,512,48,19,125,27
21,1000,20,5.13,10.3,18,37,80,964,28,4,4,36,8.414664617,110,79,6.253993406,11.97820701,8.768170111,8.046730328,486,20,2,2,24,478,8,2,2,12,510,490,55,24,85,25
19,1000,20,5.13,10.3,18,37,87,948,32,14,6,52,8.794742501,135,87,6.454988885,12.88303307,9.405693099,8.203034442,458,19,10,5,34,490,13,4,1,18,492,508,64,23,112,23
22,1000,20,5.13,10.3,18,37,80,947,32,15,6,53,8.401381952,119,58,5.849582387,11.3531505,8.454427091,8.345950324,481,19,10,1,30,466,13,5,5,23,511,489,34,24,96,23
24,1000,20,5.13,10.3,18,37,48,956,34,4,6,44,7.81510658,87,63,5.616616896,10.30444061,7.713653561,7.912191759,466,18,2,3,23,490,16,2,3,21,489,511,45,18,73,14
23,1000,20,5.13,10.3,18,37,81,951,28,13,8,49,8.668142267,101,56,6.275191874,11.29907168,9.2796192,8.06153766,468,17,6,7,30,483,11,7,1,19,498,502,44,12,81,20
18,1000,20,5.13,10.3,18,37,88,964,22,10,4,36,8.576082925,127,67,6.209112843,11.66174429,9.344353557,7.782827882,486,12,7,3,22,478,10,3,1,14,508,492,54,13,103,24
20,1000,20,5.13,10.3,18,37,88,961,27,6,6,39,8.467568463,125,67,6.768001659,11.97976687,9.123614465,7.82963813,474,13,4,2,19,487,14,2,4,20,493,507,49,18,106,19
17,1000,20,5.13,10.3,18,37,92,956,25,13,6,44,8.543832364,144,78,6.54354721,12.96569131,9.366047068,7.760158973,460,18,6,4,28,496,7,7,2,16,488,512,53,25,124,20
21,1000,20,5.13,10.3,18,37,81,961,30,5,4,39,8.431702431,110,68,6.281325788,12.02476308,8.822309886,8.025151814,485,21,2,2,25,476,9,3,2,14,510,490,50,18,93,17
19,1000,20,5.13,10.3,18,37,88,948,32,14,6,52,8.804412453,145,64,6.51229297,12.93292866,9.467762004,8.161955802,458,19,10,5,34,490,13,4,1,18,492,508,49,15,113,32
22,1000,20,5.13,10.3,18,37,81,948,31,14,7,52,8.4172933,120,57,5.885025455,11.39656936,8.513874425,8.316367011,481,19,9,2,30,467,12,5,5,22,511,489,36,21,97,23
24,1000,20,5.13,10.3,18,37,49,957,33,4,6,43,7.825430916,106,64,5.62342378,10.29395701,7.703941757,7.941689623,467,17,2,3,22,490,16,2,3,21,489,511,43,21,82,24
23,1000,20,5.13,10.3,18,37,82,950,29,13,8,50,8.673298464,106,62,6.316575271,11.39776059,9.305045576,8.046585193,468,17,6,7,30,482,12,7,1,20,498,502,43,19,90,16
18,1000,20,5.13,10.3,18,37,89,962,24,10,4,38,8.598520889,112,61,6.236146585,11.71570389,9.393686214,7.77749653,485,13,7,3,23,477,11,3,1,15,508,492,49,12,93,19
20,1000,20,5.13,10.3,18,37,89,962,27,4,7,38,8.463821835,123,74,6.806967046,12.05781271,9.138444649,7.807827659,474,13,3,3,19,488,14,1,4,19,493,507,53,21,94,29
17,1000,20,5.13,10.3,18,37,93,956,25,13,6,44,8.56063158,130,83,6.565618208,13.02497872,9.409332588,7.751713431,460,18,6,4,28,496,7,7,2,16,488,512,58,25,108,22
19,1000,20,5.13,10.3,18,37,89,948,32,14,6,52,8.812413571,143,63,6.544396736,13.03878608,9.504909044,8.141728979,458,19,10,5,34,490,13,4,1,18,492,508,47,16,117,26
21,1000,20,5.13,10.3,18,37,82,960,31,5,4,40,8.458738866,127,58,6.288024375,12.04169424,8.865988958,8.03486632,485,21,2,2,25,475,10,3,2,15,510,490,47,11,109,18
22,1000,20,5.13,10.3,18,37,82,948,32,14,6,52,8.426615754,112,53,5.892857553,11.43208374,8.53913588,8.309033373,481,19,9,2,30,467,13,5,4,22,511,489,37,16,95,17
23,1000,20,5.13,10.3,18,37,83,949,30,13,8,51,8.732099447,100,74,6.346874557,11.42230837,9.374171341,8.095143665,467,18,6,7,31,482,12,7,1,20,498,502,49,25,86,14
18,1000,20,5.13,10.3,18,37,90,962,23,11,4,38,8.632174389,129,71,6.266871654,11.77906742,9.433937017,7.804338179,485,13,7,3,23,477,10,4,1,15,508,492,52,19,109,20
20,1000,20,5.13,10.3,18,37,90,960,28,5,7,40,8.499845206,128,78,6.862989621,12.12556376,9.167509998,7.850616918,473,14,3,3,20,487,14,2,4,20,493,507,63,15,104,24
24,1000,20,5.13,10.3,18,37,50,957,33,4,6,43,7.844606924,106,66,5.649088232,10.32531538,7.759581883,7.925971395,467,17,2,3,22,490,16,2,3,21,489,511,43,23,74,32
17,1000,20,5.13,10.3,18,37,94,957,24,13,6,43,8.572336024,135,65,6.620844714,13.12829973,9.449965596,7.735845339,461,17,6,4,27,496,7,7,2,16,488,512,48,17,111,24
19,1000,20,5.13,10.3,18,37,90,949,31,14,6,51,8.806698865,145,86,6.600269472,13.15133796,9.54047269,8.096036026,458,19,10,5,34,491,12,4,1,17,492,508,62,24,122,23
21,1000,20,5.13,10.3,18,37,83,960,31,5,4,40,8.489042795,123,65,6.297814478,12.07915166,8.942992139,8.016564906,485,21,2,2,25,475,10,3,2,15,510,490,48,17,104,19
22,1000,20,5.13,10.3,18,37,83,947,33,14,6,53,8.442995406,125,58,5.924173244,11.48901262,8.534008753,8.347887388,481,19,9,2,30,466,14,5,4,23,511,489,42,16,94,31
23,1000,20,5.13,10.3,18,37,84,950,30,12,8,50,8.724739495,123,53,6.38112929,11.46160685,9.368560546,8.086048492,468,18,5,7,30,482,12,7,1,20,498,502,38,15,97,26
18,1000,20,5.13,10.3,18,37,91,962,24,10,4,38,8.623214732,124,63,6.276847745,11.87292239,9.471925322,7.746903798,484,14,7,3,24,478,10,3,1,14,508,492,45,18,108,16
20,1000,20,5.13,10.3,18,37,91,961,27,5,7,39,8.498685863,128,90,6.889938276,12.17721981,9.211257643,7.805790622,473,14,3,3,20,488,13,2,4,19,493,507,67,23,107,21
17,1000,20,5.13,10.3,18,37,95,956,24,14,6,44,8.611714364,131,65,6.670387203,13.20491963,9.533223459,7.733401008,460,17,7,4,28,496,7,7,2,16,488,512,49,16,108,23
24,1000,20,5.13,10.3,18,37,51,956,34,4,6,44,7.841067067,112,64,5.677996742,10.35113668,7.80893455,7.871816188,466,18,2,3,23,490,16,2,3,21,489,511,41,23,87,25
19,1000,20,5.13,10.3,18,37,91,947,33,14,6,53,8.822706345,128,74,6.635397358,13.22737205,9.579315222,8.089927669,457,20,10,5,35,490,13,4,1,18,492,508,57,17,111,17
21,1000,20,5.13,10.3,18,37,84,959,32,5,4,41,8.508033574,125,70,6.335854242,12.14506289,8.984382661,8.012241667,485,21,2,2,25,474,11,3,2,16,510,490,56,14,104,21
22,1000,20,5.13,10.3,18,37,84,946,33,15,6,54,8.485894281,113,65,5.962113676,11.54207598,8.583678705,8.383710558,481,18,10,2,30,465,15,5,4,24,511,489,44,21,93,20
23,1000,20,5.13,10.3,18,37,85,951,29,12,8,49,8.730678792,117,71,6.403086414,11.4985294,9.372328315,8.094142015,469,17,5,7,29,482,12,7,1,20,498,502,51,20,92,25
18,1000,20,5.13,10.3,18,37,92,961,24,11,4,39,8.639658021,131,51,6.317214311,11.93636452,9.521769064,7.72886044,483,14,8,3,25,478,10,3,1,14,508,492,40,11,118,13
20,1000,20,5.13,10.3,18,37,92,961,27,5,7,39,8.489404397,123,72,6.987565561,12.31188295,9.192078228,7.806133788,473,14,3,3,20,488,13,2,4,19,493,507,49,23,102,21
17,1000,20,5.13,10.3,18,37,96,954,26,14,6,46,8.637725544,128,81,6.700748445,13.268157,9.553959306,7.764440239,459,18,7,4,29,495,8,7,2,17,488,512,64,17,106,22
24,1000,20,5.13,10.3,18,37,52,955,35,4,6,45,7.849927621,109,55,5.708683777,10.40310692,7.8568294,7.843322983,464,20,2,3,25,491,15,2,3,20,489,511,38,17,84,25
19,1000,20,5.13,10.3,18,37,92,946,34,14,6,54,8.872442883,133,77,6.676569469,13.30375238,9.636454737,8.132494394,456,21,10,5,36,490,13,4,1,18,492,508,61,16,112,21
22,1000,20,5.13,10.3,18,37,85,946,34,15,5,54,8.52025024,134,74,5.995538739,11.60272237,8.607062245,8.429532583,481,19,10,1,30,465,15,5,4,24,511,489,53,21,102,32
21,1000,20,5.13,10.3,18,37,85,958,33,5,4,42,8.524911288,129,74,6.377585412,12.2022085,9.019946285,8.009670782,484,22,2,2,26,474,11,3,2,16,510,490,59,15,106,23
23,1000,20,5.13,10.3,18,37,86,951,29,11,9,49,8.740068285,130,70,6.439360332,11.52529688,9.393110673,8.092229421,469,17,5,7,29,482,12,6,2,20,498,502,49,21,109,21
18,1000,20,5.13,10.3,18,37,93,960,25,11,4,40,8.667108157,118,67,6.327065835,11.96884365,9.580535573,7.723975784,483,14,8,3,25,477,11,3,1,15,508,492,53,14,94,24
20,1000,20,5.13,10.3,18,37,93,961,27,5,7,39,8.521609705,123,61,7.037315794,12.40652332,9.264233405,7.799492379,473,14,3,3,20,488,13,2,4,19,493,507,47,14,103,20
17,1000,20,5.13,10.3,18,37,97,953,27,14,6,47,8.642716261,142,63,6.721428625,13.29608992,9.555343239,7.772868672,458,19,7,4,30,495,8,7,2,17,488,512,47,16,124,18
24,1000,20,5.13,10.3,18,37,53,953,37,4,6,47,7.894553908,110,65,5.731412878,10.41106812,7.912258416,7.87761163,462,22,2,3,27,491,15,2,3,20,489,511,43,22,77,33
19,1000,20,5.13,10.3,18,37,93,948,33,12,7,52,8.839082817,125,77,6.738755084,13.40928458,9.636901812,8.066391978,456,21,10,5,36,492,12,2,2,16,492,508,53,24,97,28
22,1000,20,5.13,10.3,18,37,86,946,35,14,5,54,8.555954858,139,70,6.030262502,11.65847277,8.67779935,8.42862861,480,20,10,1,31,466,15,4,4,23,511,489,52,18,104,35
21,1000,20,5.13,10.3,18,37,86,956,35,5,4,44,8.565088416,121,68,6.407528072,12.26938105,9.083689402,8.025320042,482,24,2,2,28,474,11,3,2,16,510,490,53,15,96,25
18,1000,20,5.13,10.3,18,37,94,958,26,12,4,42,8.688165832,109,55,6.344844846,11.98933057,9.635426169,7.710100282,481,15,9,3,27,477,11,3,1,15,508,492,40,15,88,21
23,1000,20,5.13,10.3,18,37,87,950,30,11,9,50,8.800202992,117,74,6.503690129,11.59473514,9.451641092,8.153955633,469,17,5,7,29,481,13,6,2,21,498,502,48,26,99,18
20,1000,20,5.13,10.3,18,37,94,961,27,5,7,39,8.563136685,126,74,7.085248065,12.50539222,9.305000341,7.841758416,473,14,3,3,20,488,13,2,4,19,493,507,54,20,110,16
17,1000,20,5.13,10.3,18,37,98,951,29,14,6,49,8.708457434,135,68,6.77904994,13.43952698,9.607910185,7.851166531,457,20,7,4,31,494,9,7,2,18,488,512,55,13,122,13
19,1000,20,5.13,10.3,18,37,94,949,31,12,8,51,8.872484189,130,68,6.75683067,13.4907511,9.705329974,8.065869767,456,20,10,6,36,493,11,2,2,15,492,508,53,15,110,20
24,1000,20,5.13,10.3,18,37,54,953,36,5,6,47,7.933752066,103,71,5.735908476,10.48202519,7.951183222,7.917071371,462,21,3,3,27,491,15,2,3,20,489,511,51,20,82,21
22,1000,20,5.13,10.3,18,37,87,947,35,13,5,53,8.583796355,117,68,6.06089061,11.7491676,8.710544068,8.451346291,481,20,9,1,30,466,15,4,4,23,511,489,44,24,100,17
21,1000,20,5.13,10.3,18,37,87,956,35,5,4,44,8.552967975,129,65,6.435975555,12.3307887,9.085814497,7.998372615,481,25,2,2,29,475,10,3,2,15,510,490,45,20,105,24
18,1000,20,5.13,10.3,18,37,95,959,25,12,4,41,8.697271484,146,70,6.381323355,12.05389198,9.644652278,7.719081558,481,15,9,3,27,478,10,3,1,14,508,492,46,24,119,27
23,1000,20,5.13,10.3,18,37,88,947,33,11,9,53,8.808102925,125,62,6.530706125,11.65367774,9.4688027,8.152667689,467,19,5,7,31,480,14,6,2,22,498,502,45,17,98,27
20,1000,20,5.13,10.3,18,37,95,960,29,5,6,40,8.554687914,126,71,7.135019628,12.57087357,9.309819262,7.820408319,473,14,3,3,20,487,15,2,3,20,493,507,53,18,100,26
17,1000,20,5.13,10.3,18,37,99,950,30,14,6,50,8.750879899,144,78,6.811738673,13.55537033,9.649201948,7.894666697,456,21,7,4,32,494,9,7,2,18,488,512,57,21,123,21
19,1000,20,5.13,10.3,18,37,95,949,32,11,8,51,8.892017751,145,76,6.792810314,13.55449867,9.75551724,8.055715096,455,21,10,6,37,494,11,1,2,14,492,508,57,19,124,21
22,1000,20,5.13,10.3,18,37,88,948,34,13,5,52,8.588212612,125,69,6.083209779,11.80886435,8.731653092,8.438318778,481,20,9,1,30,467,14,4,4,22,511,489,52,17,104,21
18,1000,20,5.13,10.3,18,37,96,959,25,12,4,41,8.702658888,124,64,6.412570781,12.09633726,9.663102786,7.710981043,481,15,9,3,27,478,10,3,1,14,508,492,51,13,102,22
24,1000,20,5.13,10.3,18,37,55,953,36,5,6,47,7.976637057,100,66,5.759383395,10.54207886,8.022199472,7.933036233,462,21,3,3,27,491,15,2,3,20,489,511,42,24,76,24
21,1000,20,5.13,10.3,18,37,88,956,34,6,4,44,8.555005558,116,72,6.476272197,12.41679753,9.116667898,7.970418224,481,25,2,2,29,475,9,4,2,15,510,490,50,22,95,21
20,1000,20,5.13,10.3,18,37,96,960,29,5,6,40,8.575729925,134,77,7.185029554,12.63208307,9.320400663,7.851622088,473,14,3,3,20,487,15,2,3,20,493,507,62,15,115,19
23,1000,20,5.13,10.3,18,37,89,948,32,11,9,52,8.847961788,113,72,6.557475126,11.68447048,9.546093475,8.155392903,467,18,6,7,31,481,14,5,2,21,498,502,54,18,93,20
17,1000,20,5.13,10.3,18,37,100,950,31,14,5,50,8.756418757,148,84,6.874264771,13.63958373,9.639395539,7.914831513,456,22,7,3,32,494,9,7,2,18,488,512,62,22,127,21
19,1000,20,5.13,10.3,18,37,96,946,35,11,8,54,8.922254165,132,79,6.828833581,13.60496286,9.814005376,8.058589606,452,24,10,6,40,494,11,1,2,14,492,508,62,17,119,13
18,1000,20,5.13,10.3,18,37,97,958,25,13,4,42,8.705830864,115,74,6.436628793,12.1105662,9.730124491,7.648226875,480,15,10,3,28,478,10,3,1,14,508,492,59,15,98,17
22,1000,20,5.13,10.3,18,37,89,948,33,14,5,52,8.591107961,129,63,6.091611296,11.84843205,8.742910772,8.432475576,481,19,10,1,30,467,14,4,4,22,511,489,37,26,102,27
20,1000,20,5.13,10.3,18,37,97,960,29,5,6,40,8.615066343,127,86,7.260019819,12.73943934,9.33872755,7.911387891,473,14,3,3,20,487,15,2,3,20,493,507,62,24,101,26
21,1000,20,5.13,10.3,18,37,89,956,33,7,4,44,8.561002198,112,71,6.48504499,12.48368922,9.131965926,7.966733828,481,24,3,2,29,475,9,4,2,15,510,490,51,20,93,19
23,1000,20,5.13,10.3,18,37,90,947,33,11,9,53,8.864535152,111,80,6.57247485,11.72261304,9.589035859,8.145807359,467,18,6,7,31,480,15,5,2,22,498,502,61,19,96,15
24,1000,20,5.13,10.3,18,37,56,953,36,5,6,47,7.967430855,118,59,5.774320392,10.55530717,8.072213035,7.867159846,462,21,3,3,27,491,15,2,3,20,489,511,40,19,96,22
17,1000,20,5.13,10.3,18,37,101,950,31,14,5,50,8.755650417,126,80,6.914922839,13.70797564,9.670549659,7.883637078,456,22,7,3,32,494,9,7,2,18,488,512,57,23,112,14
19,1000,20,5.13,10.3,18,37,97,946,35,11,8,54,8.919502888,119,75,6.83873767,13.65280446,9.832556699,8.035206678,452,24,10,6,40,494,11,1,2,14,492,508,51,24,103,16
18,1000,20,5.13,10.3,18,37,98,957,25,14,4,43,8.737688919,134,81,6.464150214,12.15857795,9.764693367,7.677285952,479,15,11,3,29,478,10,3,1,14,508,492,58,23,115,19
20,1000,20,5.13,10.3,18,37,98,959,30,5,6,41,8.637572517,145,72,7.295547261,12.81901827,9.417474799,7.879205997,472,15,3,3,21,487,15,2,3,20,493,507,59,13,122,23
22,1000,20,5.13,10.3,18,37,90,949,33,14,4,51,8.571740507,138,73,6.116120213,11.90852853,8.758080698,8.377016913,482,18,10,1,29,467,15,4,3,22,511,489,52,21,115,23
23,1000,20,5.13,10.3,18,37,91,946,32,13,9,54,8.914353008,104,82,6.588270752,11.75596455,9.657030042,8.17759372,466,18,7,7,32,480,14,6,2,22,498,502,61,21,86,18
21,1000,20,5.13,10.3,18,37,90,957,32,7,4,43,8.548947019,131,53,6.513253099,12.53138187,9.137024318,7.936866565,482,23,3,2,28,475,9,4,2,15,510,490,46,7,104,27
17,1000,20,5.13,10.3,18,37,102,950,31,14,5,50,8.76646056,142,66,6.949108797,13.79360248,9.706236014,7.870737081,455,23,7,3,33,495,8,7,2,17,488,512,53,13,124,18
24,1000,20,5.13,10.3,18,37,57,954,35,6,5,46,7.992688054,116,51,5.805814247,10.60008219,8.140348998,7.851384333,462,20,4,3,27,492,15,2,2,19,489,511,37,14,92,24
19,1000,20,5.13,10.3,18,37,98,946,35,11,8,54,8.929600737,127,72,6.863367356,13.68229328,9.866781134,8.021937832,452,24,10,6,40,494,11,1,2,14,492,508,52,20,114,13
18,1000,20,5.13,10.3,18,37,99,957,24,15,4,43,8.74192633,127,58,6.524727011,12.21386276,9.767048531,7.683466822,479,15,11,3,29,478,9,4,1,14,508,492,47,11,103,24
20,1000,20,5.13,10.3,18,37,99,959,30,5,6,41,8.641664028,127,73,7.313874249,12.87699382,9.379794394,7.923915959,473,14,3,3,20,486,16,2,3,21,493,507,58,15,99,28
23,1000,20,5.13,10.3,18,37,92,948,31,12,9,52,8.886096736,128,71,6.640039331,11.83251763,9.639098646,8.139094841,466,17,8,7,32,482,14,4,2,20,498,502,53,18,102,26
22,1000,20,5.13,10.3,18,37,91,949,32,15,4,51,8.614173201,112,62,6.132274123,11.97410126,8.83318769,8.385305299,481,18,11,1,30,468,14,4,3,21,511,489,46,16,87,25
21,1000,20,5.13,10.3,18,37,91,957,32,6,5,43,8.588834353,123,70,6.527929021,12.57442807,9.197749752,7.955065265,481,24,2,3,29,476,8,4,2,14,510,490,48,22,104,19
17,1000,20,5.13,10.3,18,37,103,950,31,14,5,50,8.742834265,146,69,6.962686986,13.85100416,9.711566373,7.819511475,455,23,7,3,33,495,8,7,2,17,488,512,54,15,124,22
24,1000,20,5.13,10.3,18,37,58,954,35,6,5,46,8.036696252,107,69,5.811130853,10.62676342,8.205725481,7.874944211,462,20,4,3,27,492,15,2,2,19,489,511,43,26,83,24
19,1000,20,5.13,10.3,18,37,99,945,34,12,9,55,8.948851288,129,87,6.933858928,13.76189517,9.908366789,8.019556747,452,23,10,7,40,493,11,2,2,15,492,508,61,26,105,24
18,1000,20,5.13,10.3,18,37,100,958,23,15,4,42,8.780422059,142,72,6.563609703,12.26881536,9.805862945,7.721633501,479,15,11,3,29,479,8,4,1,13,508,492,48,24,118,24
20,1000,20,5.13,10.3,18,37,100,959,30,5,6,41,8.648926009,136,88,7.342332007,12.95681022,9.411125834,7.907773123,472,15,3,3,21,487,15,2,3,20,493,507,73,15,116,20
23,1000,20,5.13,10.3,18,37,93,947,32,12,9,53,8.894214506,117,57,6.681764901,11.8935202,9.661936516,8.132609802,466,17,8,7,32,481,15,4,2,21,498,502,48,9,100,17
22,1000,20,5.13,10.3,18,37,92,949,30,17,4,51,8.630021743,129,62,6.161486936,12.01639447,8.847229692,8.403041656,481,17,12,1,30,468,13,5,3,21,511,489,45,17,102,27
21,1000,20,5.13,10.3,18,37,92,956,33,6,5,44,8.562812606,135,82,6.572182465,12.62854454,9.142988272,7.958956301,481,24,2,3,29,475,9,4,2,15,510,490,49,33,103,32
17,1000,20,5.13,10.3,18,37,104,949,32,15,4,51,8.723207384,134,69,7.003403737,13.94774663,9.742517768,7.751677175,454,23,8,3,34,495,9,7,1,17,488,512,54,15,122,12
25,1000,20,5.13,10.3,18,37,0,948,20,17,15,52,7.079,90,52,4.980259121,8.824124959,6.425101215,7.717391304,474,10,5,5,20,474,10,12,10,32,494,506,31,21,59,31
24,1000,20,5.13,10.3,18,37,59,954,35,6,5,46,8.066631421,123,64,5.82964776,10.6800619,8.263397836,7.878336358,462,20,4,3,27,492,15,2,2,19,489,511,46,18,100,23
19,1000,20,5.13,10.3,18,37,100,945,34,12,9,55,8.941817427,146,83,6.99755969,13.82405063,9.910300167,8.00383808,452,22,10,8,40,493,12,2,1,15,492,508,65,18,122,24
18,1000,20,5.13,10.3,18,37,101,958,23,15,4,42,8.797638531,124,71,6.613587315,12.36034556,9.850424372,7.710615751,479,15,11,3,29,479,8,4,1,13,508,492,59,12,108,16
20,1000,20,5.13,10.3,18,37,101,957,31,6,6,43,8.665713449,128,83,7.386122324,13.05331705,9.461439225,7.891960377,470,16,4,3,23,487,15,2,3,20,493,507,68,15,109,19
23,1000,20,5.13,10.3,18,37,94,946,32,13,9,54,8.877184402,105,71,6.716300339,11.91380657,9.705535169,8.055434039,465,18,8,7,33,481,14,5,2,21,498,502,49,22,87,18
22,1000,20,5.13,10.3,18,37,93,951,28,16,5,49,8.612361376,122,75,6.174474978,12.05670038,8.835043848,8.379660469,482,16,12,1,29,469,12,4,4,20,511,489,50,25,99,23
21,1000,20,5.13,10.3,18,37,93,955,33,6,6,45,8.564814793,147,73,6.592216145,12.6626926,9.169516908,7.935430959,480,24,2,4,30,475,9,4,2,15,510,490,58,15,123,24
25,1000,20,5.13,10.3,18,37,1,949,20,16,15,51,7.096338982,102,49,4.974832238,8.842330934,6.43151351,7.745397843,474,10,5,5,20,475,10,11,10,31,494,506,27,22,71,31
19,1000,20,5.13,10.3,18,37,101,946,33,12,9,54,8.943376376,128,96,7.049368682,13.92363668,9.91305873,8.0042352,452,22,10,8,40,494,11,2,1,14,492,508,66,30,107,21
24,1000,20,5.13,10.3,18,37,60,956,33,7,4,44,8.022862346,118,67,5.862056634,10.68978136,8.242107439,7.813056375,462,20,5,2,27,494,13,2,2,17,489,511,52,15,95,23
18,1000,20,5.13,10.3,18,37,102,959,22,15,4,41,8.782870325,135,67,6.652223106,12.43160494,9.880545611,7.649498281,479,15,11,3,29,480,7,4,1,12,508,492,51,16,115,20
20,1000,20,5.13,10.3,18,37,102,957,31,5,7,43,8.661285952,139,79,7.43038202,13.11740116,9.475276069,7.869772879,469,17,4,3,24,488,14,1,4,19,493,507,62,17,111,28
23,1000,20,5.13,10.3,18,37,95,943,35,13,9,57,8.93810472,118,70,6.742462895,11.95107447,9.752987766,8.129714765,464,19,8,7,34,479,16,5,2,23,498,502,44,26,106,12
22,1000,20,5.13,10.3,18,37,94,951,28,16,5,49,8.628028198,132,61,6.217630251,12.08017849,8.844871534,8.40142913,482,16,12,1,29,469,12,4,4,20,511,489,42,19,112,20
21,1000,20,5.13,10.3,18,37,94,953,36,5,6,47,8.574551542,150,68,6.594413596,12.70478856,9.19406687,7.929749874,478,26,2,4,32,475,10,3,2,15,510,490,57,11,118,32
25,1000,20,5.13,10.3,18,37,2,950,20,16,14,50,7.111101007,81,59,4.985565251,8.859184547,6.450836302,7.755707261,474,11,5,4,20,476,9,11,10,30,494,506,33,26,47,34
19,1000,20,5.13,10.3,18,37,102,943,36,12,9,57,8.953390638,161,76,7.091727859,13.96318733,9.922772997,8.014540008,450,24,10,8,42,493,12,2,1,15,492,508,56,20,128,33
18,1000,20,5.13,10.3,18,37,103,957,24,15,4,43,8.822730724,102,71,6.665646992,12.46062474,9.93802995,7.671161604,479,15,11,3,29,478,9,4,1,14,508,492,58,13,89,13
20,1000,20,5.13,10.3,18,37,103,958,29,6,7,42,8.697558625,124,93,7.491551474,13.21493718,9.525498488,7.892481007,470,15,5,3,23,488,14,1,4,19,493,507,74,19,102,22
24,1000,20,5.13,10.3,18,37,61,956,33,7,4,44,8.026846488,116,55,5.88159649,10.74966917,8.288590608,7.776371194,462,20,5,2,27,494,13,2,2,17,489,511,35,20,97,19
23,1000,20,5.13,10.3,18,37,96,942,36,13,9,58,8.944726946,146,63,6.795180768,12.02544927,9.752614496,8.143276747,464,19,8,7,34,478,17,5,2,24,498,502,49,14,124,22
22,1000,20,5.13,10.3,18,37,95,950,29,15,6,50,8.66885603,117,74,6.270343579,12.1671885,8.892928146,8.43470296,482,16,11,2,29,468,13,4,4,21,511,489,51,23,95,22
21,1000,20,5.13,10.3,18,37,95,952,37,5,6,48,8.587387392,138,73,6.629123042,12.77739407,9.231698467,7.916777907,477,27,2,4,33,475,10,3,2,15,510,490,55,18,117,21
25,1000,20,5.13,10.3,18,37,3,949,22,15,14,51,7.147774972,91,58,4.978211437,8.87569847,6.500429076,7.779768792,474,11,5,4,20,475,11,10,10,31,494,506,34,24,61,30
19,1000,20,5.13,10.3,18,37,103,944,35,12,9,56,8.947442125,148,90,7.140709318,14.01237164,9.922934873,8.002673557,451,23,10,8,41,493,12,2,1,15,492,508,65,25,123,25
18,1000,20,5.13,10.3,18,37,104,956,25,15,4,44,8.837071619,121,63,6.717991694,12.54961532,9.957856079,7.679838884,478,16,11,3,30,478,9,4,1,14,508,492,47,16,102,19
26,1000,20,5.13,10.3,18,37,0,954,26,8,12,46,6.87,85,61,5.0260189,8.85017599,5.993865031,7.708414873,477,7,0,5,12,477,19,8,7,34,489,511,42,19,56,29
20,1000,20,5.13,10.3,18,37,104,957,29,7,7,43,8.752783371,133,83,7.55832857,13.30613729,9.603807941,7.925258493,469,16,5,3,24,488,13,2,4,19,493,507,66,17,111,22
27,1000,20,5.13,10.3,18,37,0,947,28,15,10,53,6.951,91,47,4.982354943,8.75947294,6.40776699,7.527835052,493,14,6,2,22,454,14,9,8,31,515,485,28,19,59,32
23,1000,20,5.13,10.3,18,37,97,941,38,13,8,59,8.959008863,135,88,6.841831169,12.09091854,9.787134867,8.137481473,464,19,8,7,34,477,19,5,1,25,498,502,59,29,112,23
24,1000,20,5.13,10.3,18,37,62,957,32,6,5,43,8.03921599,118,65,5.918998724,10.8251926,8.268575586,7.819730976,462,20,5,2,27,495,12,1,3,16,489,511,49,16,98,20
22,1000,20,5.13,10.3,18,37,96,948,31,14,7,52,8.690348765,132,67,6.28723754,12.19644257,8.938646648,8.430880015,481,17,11,2,30,467,14,3,5,22,511,489,49,18,110,22
25,1000,20,5.13,10.3,18,37,4,950,23,13,14,50,7.144734233,98,53,4.97515454,8.893118703,6.517968653,7.756635807,474,11,5,4,20,476,12,8,10,30,494,506,33,20,64,34
21,1000,20,5.13,10.3,18,37,96,951,39,5,5,49,8.638823794,130,74,6.6548526,12.85190848,9.28301131,7.96834291,476,28,2,4,34,475,11,3,1,15,510,490,57,17,106,24
19,1000,20,5.13,10.3,18,37,104,942,36,13,9,58,8.953402513,126,64,7.167137664,14.05398927,9.957501629,7.980928565,451,22,11,8,41,491,14,2,1,17,492,508,46,18,114,12
28,1000,20,5.13,10.3,18,37,0,940,29,15,16,60,7.135,99,49,5.041895867,9.224395883,6.478902954,7.726235741,455,10,6,3,19,485,19,9,13,41,474,526,26,23,69,30
26,1000,20,5.13,10.3,18,37,1,958,24,6,12,42,6.861690071,86,56,5.049934639,8.877531989,6.03196707,7.655691142,478,6,0,5,11,480,18,6,7,31,489,511,36,20,58,28
27,1000,20,5.13,10.3,18,37,1,946,29,15,10,54,6.972002856,93,54,4.987672685,8.751354095,6.461945213,7.513610456,491,16,6,2,24,455,13,9,8,30,515,485,22,32,59,34
23,1000,20,5.13,10.3,18,37,98,939,40,12,9,61,8.979124668,133,72,6.884422716,12.14397599,9.84120728,8.12391124,462,21,7,8,36,477,19,5,1,25,498,502,60,12,114,19
22,1000,20,5.13,10.3,18,37,97,948,31,14,7,52,8.69667277,137,65,6.285165976,12.23969825,8.992965629,8.387049762,481,17,11,2,30,467,14,3,5,22,511,489,50,15,106,31
25,1000,20,5.13,10.3,18,37,5,950,23,13,14,50,7.176818083,99,51,5.000374651,8.935218066,6.551534684,7.787272627,474,11,5,4,20,476,12,8,10,30,494,506,28,23,71,28
24,1000,20,5.13,10.3,18,37,63,957,33,6,4,43,8.018417668,123,54,5.935007033,10.84626414,8.272283594,7.77548139,462,20,5,2,27,495,13,1,2,16,489,511,40,14,93,30
21,1000,20,5.13,10.3,18,37,97,950,39,6,5,50,8.653586471,118,70,6.682674585,12.90733007,9.300404708,7.98036749,476,28,2,4,34,474,11,4,1,16,510,490,49,21,105,13
28,1000,20,5.13,10.3,18,37,1,943,28,13,16,57,7.121058583,81,54,5.040035796,9.241869501,6.489850244,7.689866098,456,10,5,3,18,487,18,8,13,39,474,526,29,25,54,27
26,1000,20,5.13,10.3,18,37,2,959,24,5,12,41,6.858148916,104,61,5.058587048,8.908298414,6.039502413,7.641550365,478,6,0,5,11,481,18,5,7,30,489,511,39,22,76,28
23,1000,20,5.13,10.3,18,37,99,939,39,13,9,61,8.993790992,118,66,6.895587513,12.19345727,9.874470909,8.120128444,461,21,8,8,37,478,18,5,1,24,498,502,51,15,100,18
27,1000,20,5.13,10.3,18,37,2,946,30,15,9,54,6.993775115,98,58,4.991237539,8.774220297,6.507649617,7.509970231,491,16,6,2,24,455,14,9,7,30,515,485,30,28,69,29
25,1000,20,5.13,10.3,18,37,6,949,24,13,14,51,7.222550459,84,60,5.023915286,8.98191561,6.596257476,7.833990643,474,11,5,4,20,475,13,8,10,31,494,506,30,30,64,20
22,1000,20,5.13,10.3,18,37,98,947,32,13,8,53,8.699104286,142,74,6.303531242,12.30356401,9.043552948,8.339158957,480,18,10,3,31,467,14,3,5,22,511,489,48,26,111,31
21,1000,20,5.13,10.3,18,37,98,951,38,6,5,49,8.654696343,119,74,6.726759473,12.95133745,9.331192902,7.950587678,476,28,2,4,34,475,10,4,1,15,510,490,54,20,104,15
24,1000,20,5.13,10.3,18,37,64,957,32,7,4,43,8.064161462,110,74,5.977583096,10.88766918,8.314852377,7.824263503,462,20,5,2,27,495,12,2,2,16,489,511,46,28,90,20
28,1000,20,5.13,10.3,18,37,2,944,27,14,15,56,7.103835182,99,52,5.021441519,9.258066733,6.515828277,7.633712128,456,10,5,3,18,488,17,9,12,38,474,526,34,18,75,24
23,1000,20,5.13,10.3,18,37,100,939,39,13,9,61,9.023882199,135,57,6.93698354,12.25027722,9.904177738,8.150600966,461,21,8,8,37,478,18,5,1,24,498,502,43,14,116,19
26,1000,20,5.13,10.3,18,37,3,958,25,5,12,42,6.885279335,95,49,5.076104638,8.927140779,6.088328622,7.647919058,477,7,0,5,12,481,18,5,7,30,489,511,23,26,69,26
27,1000,20,5.13,10.3,18,37,3,949,28,14,9,51,7.010997224,80,45,4.992712821,8.811527244,6.550016437,7.500492286,492,15,6,2,23,457,13,8,7,28,515,485,14,31,53,27
25,1000,20,5.13,10.3,18,37,7,949,24,12,15,51,7.246118353,96,52,5.018346767,9.009403832,6.647861042,7.830187743,474,11,5,4,20,475,13,7,11,31,494,506,33,19,66,30
22,1000,20,5.13,10.3,18,37,99,947,32,13,8,53,8.749625006,133,62,6.343122917,12.33816381,9.097252497,8.386357832,480,18,10,3,31,467,14,3,5,22,511,489,53,9,118,15
21,1000,20,5.13,10.3,18,37,99,950,38,8,4,50,8.665588523,132,72,6.75904582,13.00700268,9.383945449,7.917910907,476,27,3,4,34,474,11,5,0,16,510,490,53,19,117,15
24,1000,20,5.13,10.3,18,37,65,957,31,8,4,43,8.098060577,91,65,6.008581667,10.90939305,8.357471716,7.849817823,462,19,6,2,27,495,12,2,2,16,489,511,44,21,77,14
28,1000,20,5.13,10.3,18,37,3,946,26,13,15,54,7.099402334,94,60,5.033280514,9.30292181,6.537056106,7.606155399,456,10,5,3,18,490,16,8,12,36,474,526,37,23,70,24
23,1000,20,5.13,10.3,18,37,101,939,40,13,8,61,9.021554985,133,62,6.965922813,12.29744056,9.905071853,8.145078092,461,22,8,7,37,478,18,5,1,24,498,502,56,6,114,19
26,1000,20,5.13,10.3,18,37,4,957,26,5,12,43,6.884455659,96,58,5.0944665,8.962708763,6.096540879,7.638448473,476,8,0,5,13,481,18,5,7,30,489,511,36,22,67,29
25,1000,20,5.13,10.3,18,37,8,949,24,12,15,51,7.285057578,83,55,5.017560502,9.008564149,6.704466927,7.851879281,474,11,5,4,20,475,13,7,11,31,494,506,30,25,55,28
27,1000,20,5.13,10.3,18,37,4,951,27,12,10,49,7.053334229,83,55,4.986390211,8.839236825,6.611164571,7.522854587,493,15,5,2,22,458,12,7,8,27,515,485,34,21,53,30
22,1000,20,5.13,10.3,18,37,100,945,33,12,10,55,8.774867044,133,61,6.379365368,12.40354073,9.156785944,8.375765699,479,19,9,4,32,466,14,3,6,23,511,489,47,14,107,26
21,1000,20,5.13,10.3,18,37,100,948,38,10,4,52,8.712457726,135,85,6.785053018,13.05050628,9.450304362,7.944494901,475,26,5,4,35,473,12,5,0,17,510,490,65,20,108,27
24,1000,20,5.13,10.3,18,37,66,956,32,8,4,44,8.100960767,104,51,6.05057618,10.99218167,8.384483319,7.829644664,461,20,6,2,28,495,12,2,2,16,489,511,40,11,81,23
28,1000,20,5.13,10.3,18,37,4,947,25,13,15,53,7.117013864,97,60,5.025009657,9.308532066,6.572336864,7.607844468,456,10,5,3,18,491,15,8,12,35,474,526,34,26,72,25
23,1000,20,5.13,10.3,18,37,102,938,41,13,8,62,9.058404313,132,82,6.998804972,12.34184488,9.993373332,8.130885246,460,23,8,7,38,478,18,5,1,24,498,502,59,23,116,16
25,1000,20,5.13,10.3,18,37,9,949,24,12,15,51,7.306919147,88,52,5.034201149,9.012624483,6.760600213,7.8402819,474,11,5,4,20,475,13,7,11,31,494,506,30,22,68,20
26,1000,20,5.13,10.3,18,37,5,957,26,5,12,43,6.913203641,114,50,5.095229634,9.005215961,6.132548273,7.66024958,476,8,0,5,13,481,18,5,7,30,489,511,24,26,82,32
27,1000,20,5.13,10.3,18,37,5,949,29,12,10,51,7.068623329,89,72,4.98421663,8.858304445,6.641322055,7.522355609,493,15,5,2,22,456,14,7,8,29,515,485,49,23,56,33
22,1000,20,5.13,10.3,18,37,101,945,33,12,10,55,8.821084287,122,62,6.401902932,12.45673415,9.231274129,8.392440097,479,19,9,4,32,466,14,3,6,23,511,489,43,19,101,21
21,1000,20,5.13,10.3,18,37,101,948,39,9,4,52,8.71593207,155,64,6.833448822,13.16724186,9.444752198,7.957364182,475,27,4,4,35,473,12,5,0,17,510,490,55,9,128,27
28,1000,20,5.13,10.3,18,37,5,948,25,12,15,52,7.147932512,92,68,5.0360012,9.326979458,6.630589209,7.614131611,456,10,5,3,18,492,15,7,12,34,474,526,37,31,67,25
24,1000,20,5.13,10.3,18,37,67,955,33,8,4,45,8.132078625,121,60,6.101211023,11.07276812,8.406092889,7.869861453,460,21,6,2,29,495,12,2,2,16,489,511,41,19,89,32
23,1000,20,5.13,10.3,18,37,103,936,42,14,8,64,9.100185153,118,80,7.026658893,12.38906812,10.05778494,8.15021564,459,24,8,7,39,477,18,6,1,25,498,502,59,21,108,10
25,1000,20,5.13,10.3,18,37,10,950,25,11,14,50,7.325284858,110,48,5.033761313,9.021132427,6.834534375,7.80439699,474,11,5,4,20,476,14,6,10,30,494,506,31,17,78,32
26,1000,20,5.13,10.3,18,37,6,956,27,5,12,44,6.955580594,78,57,5.106263672,9.044529419,6.132912757,7.742830246,476,8,0,5,13,480,19,5,7,31,489,511,34,23,52,26
27,1000,20,5.13,10.3,18,37,6,949,29,12,10,51,7.078309374,94,60,5.005577552,8.877089453,6.672563717,7.509152701,493,15,5,2,22,456,14,7,8,29,515,485,30,30,63,31
22,1000,20,5.13,10.3,18,37,102,946,32,12,10,54,8.823110432,149,63,6.415063305,12.50387186,9.286332491,8.339048117,479,19,9,4,32,467,13,3,6,22,511,489,54,9,124,25
21,1000,20,5.13,10.3,18,37,102,950,38,7,5,50,8.693640849,132,71,6.875208188,13.23214332,9.50283052,7.851423028,475,26,5,4,35,475,12,2,1,15,510,490,59,12,101,31
28,1000,20,5.13,10.3,18,37,6,948,26,10,16,52,7.18295533,97,54,5.053971595,9.334578408,6.646836383,7.666073926,456,11,4,3,18,492,15,6,13,34,474,526,29,25,68,29
23,1000,20,5.13,10.3,18,37,104,937,41,14,8,63,9.117262246,125,72,7.065614271,12.44256451,10.07177623,8.170353949,459,24,8,7,39,478,17,6,1,24,498,502,59,13,110,15
29,1000,20,5.13,10.3,18,37,0,934,28,16,22,66,7.816,81,53,4.938884868,8.98726836,7.340551181,8.306910569,481,10,7,10,27,453,18,9,12,39,508,492,25,28,48,33
24,1000,20,5.13,10.3,18,37,68,955,33,8,4,45,8.116792505,115,67,6.138249962,11.14820036,8.443808122,7.803855838,460,21,6,2,29,495,12,2,2,16,489,511,43,24,89,26
25,1000,20,5.13,10.3,18,37,11,950,25,11,14,50,7.344572038,95,53,5.033764538,9.03437653,6.85263908,7.8248386,474,11,5,4,20,476,14,6,10,30,494,506,28,25,70,25
26,1000,20,5.13,10.3,18,37,7,957,26,5,12,43,6.950744629,87,52,5.133714004,9.058185302,6.115210845,7.750306312,476,8,0,5,13,481,18,5,7,30,489,511,34,18,64,23
27,1000,20,5.13,10.3,18,37,7,950,30,12,8,50,7.088587362,94,58,5.010367951,8.894382959,6.709592055,7.491025678,493,15,5,2,22,457,15,7,6,28,515,485,33,25,63,31
22,1000,20,5.13,10.3,18,37,103,946,32,12,10,54,8.858008665,130,54,6.440086945,12.52895438,9.369776384,8.323216631,479,19,9,4,32,467,13,3,6,22,511,489,35,19,110,20
21,1000,20,5.13,10.3,18,37,103,950,38,7,5,50,8.663155896,138,79,6.884856364,13.31317473,9.510007094,7.781739343,475,26,5,4,35,475,12,2,1,15,510,490,65,14,115,23
28,1000,20,5.13,10.3,18,37,7,948,27,10,15,52,7.205817008,100,46,5.051808314,9.367914867,6.716313007,7.646928979,455,12,4,3,19,493,15,6,12,33,474,526,26,20,69,31
25,1000,20,5.13,10.3,18,37,12,951,24,11,14,49,7.372810188,83,48,5.038339372,9.040156635,6.863136121,7.870397122,475,10,5,4,19,476,14,6,10,30,494,506,26,22,56,27
29,1000,20,5.13,10.3,18,37,1,935,29,14,22,65,7.819376386,96,56,4.963290952,8.997798042,7.359946713,8.293746862,481,10,7,10,27,454,19,7,12,38,508,492,34,22,66,30
26,1000,20,5.13,10.3,18,37,8,957,27,5,11,43,6.96599811,93,60,5.13952865,9.073156671,6.134820654,7.761391018,476,9,0,4,13,481,18,5,7,30,489,511,36,24,64,29
27,1000,20,5.13,10.3,18,37,8,950,30,13,7,50,7.127735149,107,42,5.002064415,8.88157164,6.767784153,7.509951156,493,14,6,2,22,457,16,7,5,28,515,485,28,14,73,34
24,1000,20,5.13,10.3,18,37,69,955,33,9,3,45,8.102923546,123,67,6.163509622,11.19309374,8.429985697,7.78994235,461,21,6,1,28,494,12,3,2,17,489,511,45,22,98,25
22,1000,20,5.13,10.3,18,37,104,946,33,12,9,54,8.861900758,126,65,6.49262077,12.60784447,9.424378126,8.274117659,479,19,9,4,32,467,14,3,5,22,511,489,47,18,103,23
30,1000,20,5.13,10.3,18,37,0,938,36,14,12,62,7.049,93,50,5.042820693,9.220386326,5.924686192,8.078544061,462,13,2,1,16,476,23,12,11,46,478,522,34,16,62,31
21,1000,20,5.13,10.3,18,37,104,949,39,7,5,51,8.687184526,114,74,6.942036445,13.43411327,9.547265652,7.791998049,474,27,5,4,36,475,12,2,1,15,510,490,56,18,97,17
31,1000,20,5.13,10.3,18,37,0,931,30,23,16,69,7.402,97,67,4.978256574,9.488462053,6.654244306,8.100580271,464,7,9,3,19,467,23,14,13,50,483,517,35,32,75,22
28,1000,20,5.13,10.3,18,37,8,948,28,10,14,52,7.235836554,87,48,5.045468382,9.385983324,6.742724879,7.680199547,455,13,4,2,19,493,15,6,12,33,474,526,32,16,61,26
25,1000,20,5.13,10.3,18,37,13,950,25,11,14,50,7.405773652,87,52,5.048635298,9.09115048,6.890292919,7.909029544,475,10,5,4,19,475,15,6,10,31,494,506,28,24,59,28
26,1000,20,5.13,10.3,18,37,9,957,27,5,11,43,6.963030443,96,53,5.148658666,9.095709846,6.164715378,7.72697578,476,9,0,4,13,481,18,5,7,30,489,511,30,23,64,32
27,1000,20,5.13,10.3,18,37,9,951,29,13,7,49,7.150087792,88,57,5.005198477,8.910204425,6.793818795,7.528394047,493,14,6,2,22,458,15,7,5,27,515,485,39,18,60,28
29,1000,20,5.13,10.3,18,37,2,936,28,15,21,64,7.836331249,86,51,4.96051808,8.998111503,7.399384612,8.287487532,481,10,7,10,27,455,18,8,11,37,508,492,20,31,50,36
24,1000,20,5.13,10.3,18,37,70,955,33,9,3,45,8.114095244,124,72,6.177039089,11.23843681,8.444729811,7.797695433,461,21,6,1,28,494,12,3,2,17,489,511,48,24,102,22
30,1000,20,5.13,10.3,18,37,1,939,34,16,11,61,7.070657006,79,49,5.042480159,9.225409961,5.947955923,8.098724281,463,12,2,1,15,476,22,14,10,46,478,522,29,20,50,29
31,1000,20,5.13,10.3,18,37,1,932,30,23,15,68,7.387112129,95,51,5.000019884,9.522561569,6.662836761,8.063756235,464,7,9,3,19,468,23,14,12,49,483,517,28,23,68,27
28,1000,20,5.13,10.3,18,37,9,949,27,10,14,51,7.225909741,99,67,5.049626999,9.415271934,6.760245757,7.645538501,455,13,4,2,19,494,14,6,12,32,474,526,38,29,69,30
25,1000,20,5.13,10.3,18,37,14,951,24,12,13,49,7.394500858,99,61,5.077108186,9.120908797,6.903631855,7.873728699,475,9,6,4,19,476,15,6,9,30,494,506,41,20,65,34
26,1000,20,5.13,10.3,18,37,10,956,28,5,11,44,6.994532615,115,50,5.153609996,9.129124585,6.181152131,7.77289476,476,9,0,4,13,480,19,5,7,31,489,511,35,15,79,36
27,1000,20,5.13,10.3,18,37,10,950,29,14,7,50,7.18230406,97,61,5.033041013,8.918477098,6.843760408,7.541788557,493,13,7,2,22,457,16,7,5,28,515,485,35,26,65,32
29,1000,20,5.13,10.3,18,37,3,936,28,16,20,64,7.843166528,91,56,4.985771532,9.042187243,7.437468802,8.262057675,481,10,7,10,27,455,18,9,10,37,508,492,33,23,67,24
24,1000,20,5.13,10.3,18,37,71,953,35,9,3,47,8.169894502,110,86,6.204509509,11.3054516,8.484920615,7.868431158,459,23,6,1,30,494,12,3,2,17,489,511,59,27,92,18
30,1000,20,5.13,10.3,18,37,2,939,36,14,11,61,7.095390826,101,53,5.048024001,9.243473573,6.023684402,8.076761843,463,12,2,1,15,476,24,12,10,46,478,522,37,16,69,32
31,1000,20,5.13,10.3,18,37,2,933,29,23,15,67,7.409704377,112,33,5.000507249,9.545088104,6.690892002,8.081244759,464,7,9,3,19,469,22,14,12,48,483,517,24,9,78,34
28,1000,20,5.13,10.3,18,37,10,949,27,10,14,51,7.271099104,91,63,5.072129486,9.447938686,6.772610133,7.720307797,455,13,4,2,19,494,14,6,12,32,474,526,34,29,58,33
25,1000,20,5.13,10.3,18,37,15,951,25,12,12,49,7.421831184,79,60,5.082661573,9.156368736,6.916280871,7.915392161,475,10,6,3,19,476,15,6,9,30,494,506,33,27,47,32
26,1000,20,5.13,10.3,18,37,11,953,31,5,11,47,7.011437762,92,48,5.151986586,9.154026675,6.264420099,7.726294195,473,12,0,4,16,480,19,5,7,31,489,511,30,18,71,21
27,1000,20,5.13,10.3,18,37,11,950,28,15,7,50,7.230279268,86,65,5.004458933,8.922480614,6.889530965,7.592104785,493,13,7,2,22,457,15,8,5,28,515,485,42,23,54,32
29,1000,20,5.13,10.3,18,37,4,938,26,16,20,62,7.843405245,102,51,4.983078717,9.05945669,7.453435312,8.246057127,480,11,7,10,28,458,15,9,10,34,508,492,25,26,61,41
24,1000,20,5.13,10.3,18,37,72,954,33,11,2,46,8.152014902,110,68,6.223567764,11.34029801,8.476523984,7.841476856,460,21,8,0,29,494,12,3,2,17,489,511,50,18,83,27
30,1000,20,5.13,10.3,18,37,3,938,36,15,11,62,7.105355545,100,57,5.057233668,9.27272856,6.03423781,8.086187493,463,12,2,1,15,475,24,13,10,47,478,522,34,23,73,27
31,1000,20,5.13,10.3,18,37,3,933,27,25,15,67,7.414009232,105,59,5.017549594,9.561266831,6.712305645,8.069565968,464,6,10,3,19,469,21,15,12,48,483,517,33,26,75,30
28,1000,20,5.13,10.3,18,37,11,951,25,10,14,49,7.263378219,95,42,5.068974463,9.453186702,6.765194373,7.712311951,455,13,4,2,19,496,12,6,12,30,474,526,25,17,69,26
25,1000,20,5.13,10.3,18,37,16,948,28,12,12,52,7.477936486,89,58,5.094860747,9.157073061,6.998638883,7.945867348,474,11,6,3,20,474,17,6,9,32,494,506,43,15,65,24
26,1000,20,5.13,10.3,18,37,12,953,31,5,11,47,7.024443038,80,67,5.155091581,9.159393453,6.277797788,7.738943093,472,13,0,4,17,481,18,5,7,30,489,511,46,21,57,23
27,1000,20,5.13,10.3,18,37,12,952,26,15,7,48,7.239314005,103,43,5.010364955,8.94886677,6.90574056,7.593520859,493,13,7,2,22,459,13,8,5,26,515,485,26,17,67,36
29,1000,20,5.13,10.3,18,37,5,939,26,15,20,61,7.822066303,91,57,4.997247373,9.086733914,7.475710948,8.179685246,480,11,7,10,28,459,15,8,10,33,508,492,23,34,63,28
28,1000,20,5.13,10.3,18,37,12,953,24,9,14,47,7.271470628,110,56,5.079783286,9.462527245,6.763468094,7.729252379,457,11,4,2,17,496,13,5,12,30,474,526,36,20,81,29
31,1000,20,5.13,10.3,18,37,4,936,24,25,15,64,7.423728157,110,54,5.014704819,9.5780448,6.754319961,8.049113376,465,5,10,3,18,471,19,15,12,46,483,517,32,22,77,33
30,1000,20,5.13,10.3,18,37,4,939,36,14,11,61,7.122846535,92,59,5.076335348,9.306809927,6.061655452,8.094588562,463,12,2,1,15,476,24,12,10,46,478,522,29,30,74,18
24,1000,20,5.13,10.3,18,37,73,954,33,11,2,46,8.166709177,107,80,6.246305463,11.38201657,8.505648572,7.842362084,460,21,8,0,29,494,12,3,2,17,489,511,67,13,88,19
25,1000,20,5.13,10.3,18,37,17,948,28,12,12,52,7.516270716,103,60,5.10474624,9.15930349,7.054866779,7.966732268,474,11,6,3,20,474,17,6,9,32,494,506,35,25,70,33
26,1000,20,5.13,10.3,18,37,13,955,29,5,11,45,7.060723897,97,45,5.160453619,9.16196896,6.348540399,7.742245874,472,13,0,4,17,483,16,5,7,28,489,511,23,22,73,24
27,1000,20,5.13,10.3,18,37,13,953,25,14,8,47,7.255215083,93,45,5.019350189,8.963410851,6.902736906,7.629496033,493,13,7,2,22,460,12,7,6,25,515,485,31,14,67,26
29,1000,20,5.13,10.3,18,37,6,939,27,13,21,61,7.843259397,85,51,5.00278374,9.085083871,7.461032949,8.237915974,481,11,6,10,27,458,16,7,11,34,508,492,27,24,58,27
28,1000,20,5.13,10.3,18,37,13,953,24,8,15,47,7.348719195,110,66,5.089117054,9.514515122,6.85703609,7.791794845,457,11,4,2,17,496,13,4,13,30,474,526,43,23,80,30
31,1000,20,5.13,10.3,18,37,5,938,22,26,14,62,7.387746963,118,56,5.031559532,9.603804003,6.755932827,7.978010459,465,5,10,3,18,473,17,16,11,44,483,517,29,27,83,35
30,1000,20,5.13,10.3,18,37,5,941,34,14,11,59,7.124154943,100,52,5.095568586,9.338714923,6.086218995,8.074602037,463,11,3,1,15,478,23,11,10,44,478,522,32,20,77,23
25,1000,20,5.13,10.3,18,37,18,947,29,12,12,53,7.529285928,85,53,5.11670922,9.198993998,7.077413992,7.970441533,474,11,6,3,20,473,18,6,9,33,494,506,37,16,64,21
24,1000,20,5.13,10.3,18,37,74,954,33,10,3,46,8.17433546,138,72,6.28871744,11.44373566,8.542980154,7.821561967,460,21,7,1,29,494,12,3,2,17,489,511,48,24,109,29
26,1000,20,5.13,10.3,18,37,14,956,29,4,11,44,7.068690436,93,54,5.168288893,9.194845207,6.367286166,7.739897261,472,13,0,4,17,484,16,4,7,27,489,511,36,18,73,20
27,1000,20,5.13,10.3,18,37,14,953,25,14,8,47,7.251314461,96,51,5.021080717,8.990214657,6.907404241,7.616497478,493,13,7,2,22,460,12,7,6,25,515,485,31,20,68,28
29,1000,20,5.13,10.3,18,37,7,939,27,14,20,61,7.841216378,97,44,5.034090417,9.132114056,7.443224956,8.252150609,481,11,7,9,27,458,16,7,11,34,508,492,25,19,67,30
28,1000,20,5.13,10.3,18,37,14,953,26,7,14,47,7.377015182,114,55,5.111167507,9.545443646,6.911961504,7.796093973,457,11,4,2,17,496,15,3,12,30,474,526,34,21,91,23
30,1000,20,5.13,10.3,18,37,6,943,33,12,12,57,7.159362079,104,54,5.105561708,9.346269324,6.140892662,8.0919835,463,11,3,1,15,480,22,9,11,42,478,522,28,26,77,27
31,1000,20,5.13,10.3,18,37,6,938,22,26,14,62,7.391080545,107,58,5.060795457,9.616205528,6.76566305,7.97536807,464,6,10,3,19,474,16,16,11,43,483,517,34,24,72,35
25,1000,20,5.13,10.3,18,37,19,946,30,13,11,54,7.523164373,98,50,5.121343567,9.243523878,7.124177975,7.912688642,473,12,6,3,21,473,18,7,8,33,494,506,27,23,67,31
26,1000,20,5.13,10.3,18,37,15,956,30,4,10,44,7.088191642,91,64,5.172327323,9.229389291,6.398099107,7.748573735,472,13,0,4,17,484,17,4,6,27,489,511,37,27,60,31
27,1000,20,5.13,10.3,18,37,15,954,24,14,8,46,7.241007974,92,53,5.027818375,9.00762491,6.937199761,7.563608449,493,13,7,2,22,461,11,7,6,24,515,485,34,19,64,28
24,1000,20,5.13,10.3,18,37,75,954,33,9,4,46,8.200917793,121,72,6.305452246,11.4998543,8.608843651,7.8105543,460,21,6,2,29,494,12,3,2,17,489,511,49,23,92,29
29,1000,20,5.13,10.3,18,37,8,939,27,14,20,61,7.881297126,86,62,5.05202569,9.145210751,7.490036341,8.28528184,481,11,7,9,27,458,16,7,11,34,508,492,45,17,57,29
28,1000,20,5.13,10.3,18,37,15,954,25,7,14,46,7.394886863,102,50,5.130008606,9.590867588,6.942501813,7.802549437,458,10,4,2,16,496,15,3,12,30,474,526,27,23,75,27
31,1000,20,5.13,10.3,18,37,7,941,21,24,14,59,7.380582333,92,61,5.057751772,9.628930915,6.785040482,7.936958956,464,6,10,3,19,477,15,14,11,40,483,517,38,23,70,22
30,1000,20,5.13,10.3,18,37,7,944,33,12,11,56,7.157860129,114,59,5.106423463,9.367109072,6.191742251,8.042542783,463,11,3,1,15,481,22,9,10,41,478,522,35,24,73,41
25,1000,20,5.13,10.3,18,37,20,946,30,13,11,54,7.527541544,104,67,5.14744431,9.250209314,7.169134775,7.877448547,472,13,6,3,22,474,17,7,8,32,494,506,47,20,73,31
26,1000,20,5.13,10.3,18,37,16,957,29,4,10,43,7.107807059,100,53,5.1699645,9.246051004,6.414597207,7.771172259,472,13,0,4,17,485,16,4,6,26,489,511,31,22,74,26
27,1000,20,5.13,10.3,18,37,16,954,25,14,7,46,7.251161694,86,66,5.044960249,9.015104615,6.971151466,7.548492142,493,13,7,2,22,461,12,7,5,24,515,485,38,28,59,27
24,1000,20,5.13,10.3,18,37,76,955,32,8,5,45,8.223582875,119,75,6.336690565,11.56726333,8.670447152,7.795957373,460,21,5,3,29,495,11,3,2,16,489,511,51,24,96,23
29,1000,20,5.13,10.3,18,37,9,940,27,14,19,60,7.89715857,122,62,5.063064069,9.15000306,7.523565708,8.282900793,482,11,7,8,26,458,16,7,11,34,508,492,32,30,83,39
28,1000,20,5.13,10.3,18,37,16,954,26,6,14,46,7.442705135,98,54,5.138858794,9.607710083,6.999479767,7.842113547,458,10,4,2,16,496,16,2,12,30,474,526,34,20,66,32
30,1000,20,5.13,10.3,18,37,8,944,33,12,11,56,7.201266416,92,64,5.134074441,9.395310764,6.265446741,8.058204739,463,11,3,1,15,481,22,9,10,41,478,522,39,25,64,28
31,1000,20,5.13,10.3,18,37,8,942,21,23,14,58,7.381765263,112,59,5.061480859,9.662137942,6.776309908,7.947403437,465,6,9,3,18,477,15,14,11,40,483,517,34,25,84,28
25,1000,20,5.13,10.3,18,37,21,948,30,13,9,52,7.519801431,89,51,5.162522718,9.289838344,7.180844432,7.850719925,473,12,6,3,21,475,18,7,6,31,494,506,35,16,66,23
26,1000,20,5.13,10.3,18,37,17,959,27,4,10,41,7.114238563,110,56,5.185632063,9.264546351,6.463045085,7.737396313,472,13,0,4,17,487,14,4,6,24,489,511,34,22,80,30
27,1000,20,5.13,10.3,18,37,17,955,25,12,8,45,7.291570129,88,58,5.052486444,9.040112746,7.005913161,7.594896601,493,13,6,3,22,462,12,6,5,23,515,485,34,24,68,20
24,1000,20,5.13,10.3,18,37,77,954,33,8,5,46,8.245056736,114,76,6.31170558,11.602126,8.712067182,7.798152414,458,23,5,3,31,496,10,3,2,15,489,511,57,19,96,18
29,1000,20,5.13,10.3,18,37,10,940,26,15,19,60,7.934809943,98,56,5.064048006,9.162641558,7.586042232,8.294919693,482,10,8,8,26,458,16,7,11,34,508,492,37,19,70,28
28,1000,20,5.13,10.3,18,37,17,955,25,6,14,45,7.432435451,107,58,5.144589885,9.625101808,7.032421948,7.792903892,458,10,4,2,16,497,15,2,12,29,474,526,38,20,82,25
30,1000,20,5.13,10.3,18,37,9,943,35,11,11,57,7.235618169,115,57,5.156390912,9.406608756,6.337549584,8.057987486,462,12,3,1,16,481,23,8,10,41,478,522,34,23,83,32
31,1000,20,5.13,10.3,18,37,9,942,21,22,15,58,7.39853928,96,58,5.066940371,9.68226669,6.792747191,7.964492044,465,6,8,4,18,477,15,14,11,40,483,517,30,28,72,24
26,1000,20,5.13,10.3,18,37,18,962,26,3,9,38,7.101706582,86,56,5.20199824,9.285934137,6.420320619,7.753756946,474,12,0,3,15,488,14,3,6,23,489,511,33,23,53,33
25,1000,20,5.13,10.3,18,37,22,948,30,13,9,52,7.578283845,79,54,5.174367351,9.326961372,7.258682935,7.890305288,473,12,6,3,21,475,18,7,6,31,494,506,31,23,61,18
27,1000,20,5.13,10.3,18,37,18,955,25,12,8,45,7.338891586,80,58,5.058067904,9.054171021,7.07496386,7.619144738,493,13,6,3,22,462,12,6,5,23,515,485,32,26,57,23
29,1000,20,5.13,10.3,18,37,11,941,28,14,17,59,7.925597753,91,54,5.066557907,9.187737102,7.598436188,8.263398719,482,11,7,8,26,459,17,7,9,33,508,492,31,23,60,31
24,1000,20,5.13,10.3,18,37,78,955,34,6,5,45,8.242679383,133,69,6.364759376,11.69594287,8.760286452,7.747356767,457,24,5,3,32,498,10,1,2,13,489,511,45,24,102,31
28,1000,20,5.13,10.3,18,37,18,955,25,7,13,45,7.428004947,103,56,5.15438518,9.650553593,7.050096033,7.768554044,458,10,4,2,16,497,15,3,11,29,474,526,27,29,76,27
30,1000,20,5.13,10.3,18,37,10,942,37,10,11,58,7.284873755,102,62,5.176148267,9.441980405,6.425221128,8.072065242,461,13,3,1,17,481,24,7,10,41,478,522,37,25,66,36
26,1000,20,5.13,10.3,18,37,19,962,26,4,8,38,7.123409168,101,53,5.214542895,9.276828961,6.51669111,7.704006291,473,13,0,3,16,489,13,4,5,22,489,511,31,22,70,31
31,1000,20,5.13,10.3,18,37,10,942,21,22,15,58,7.404090056,102,48,5.069113314,9.704041029,6.823794743,7.946222815,464,7,8,4,19,478,14,14,11,39,483,517,32,16,72,30
25,1000,20,5.13,10.3,18,37,23,950,30,11,9,50,7.588648044,105,75,5.175597308,9.33889232,7.30471284,7.865849607,473,12,6,3,21,477,18,5,6,29,494,506,37,38,84,21
27,1000,20,5.13,10.3,18,37,19,955,25,13,7,45,7.348735514,98,55,5.053352619,9.073673834,7.120825413,7.590743146,493,12,7,3,22,462,13,6,4,23,515,485,31,24,67,31
29,1000,20,5.13,10.3,18,37,12,942,28,14,16,58,7.921536909,100,57,5.071399681,9.209752514,7.658042666,8.193600071,482,11,7,8,26,460,17,7,8,32,508,492,34,23,72,28
28,1000,20,5.13,10.3,18,37,19,958,24,6,12,42,7.418508069,95,55,5.174237242,9.670475003,7.097970425,7.707357581,458,10,4,2,16,500,14,2,10,26,474,526,32,23,60,35
24,1000,20,5.13,10.3,18,37,79,954,34,7,5,46,8.278511302,129,65,6.384516456,11.75860265,8.830822517,7.749978652,456,25,5,3,33,498,9,2,2,13,489,511,43,22,110,19
26,1000,20,5.13,10.3,18,37,20,962,26,3,9,38,7.129567101,90,50,5.222244005,9.315891229,6.530639881,7.702708805,473,13,0,3,16,489,13,3,6,22,489,511,30,20,61,29
30,1000,20,5.13,10.3,18,37,11,942,37,10,11,58,7.301587133,110,65,5.180875844,9.452746558,6.448093042,8.083139194,461,13,3,1,17,481,24,7,10,41,478,522,43,22,81,29
25,1000,20,5.13,10.3,18,37,24,950,30,11,9,50,7.56293065,101,60,5.181998528,9.355687246,7.297374513,7.822189014,473,12,6,3,21,477,18,5,6,29,494,506,40,20,67,34
31,1000,20,5.13,10.3,18,37,11,942,21,23,14,58,7.422263387,84,51,5.067796395,9.705166754,6.863672943,7.944118675,464,7,8,4,19,478,14,15,10,39,483,517,31,20,58,26
27,1000,20,5.13,10.3,18,37,20,954,26,13,7,46,7.391037285,91,58,5.056680628,9.092853282,7.177881293,7.617378183,492,13,7,3,23,462,13,6,4,23,515,485,36,22,64,27
29,1000,20,5.13,10.3,18,37,13,943,28,13,16,57,7.932730853,90,61,5.074661511,9.232963081,7.669009347,8.205028669,482,11,7,8,26,461,17,6,8,31,508,492,38,23,61,29
28,1000,20,5.13,10.3,18,37,20,959,24,6,11,41,7.441630506,111,67,5.194173333,9.711781251,7.136087501,7.716967739,458,10,4,2,16,501,14,2,9,25,474,526,46,21,78,33
26,1000,20,5.13,10.3,18,37,21,963,26,3,8,37,7.151295729,103,62,5.214993168,9.300088457,6.588216412,7.690132883,473,13,0,3,16,490,13,3,5,21,489,511,39,23,76,27
25,1000,20,5.13,10.3,18,37,25,949,30,12,9,51,7.585887407,87,57,5.167544732,9.387564688,7.345216472,7.82085073,473,12,6,3,21,476,18,6,6,30,494,506,37,20,61,26
30,1000,20,5.13,10.3,18,37,12,942,36,11,11,58,7.349799964,88,43,5.177820649,9.486553548,6.501153362,8.126913135,461,12,4,1,17,481,24,7,10,41,478,522,25,18,67,21
31,1000,20,5.13,10.3,18,37,12,941,21,23,15,59,7.487289739,99,79,5.085884919,9.737367138,6.957819649,7.981939745,463,8,8,4,20,478,13,15,11,39,483,517,49,30,74,25
27,1000,20,5.13,10.3,18,37,21,953,27,13,7,47,7.470249605,85,64,5.087416162,9.120387475,7.274969101,7.677609315,492,13,7,3,23,461,14,6,4,24,515,485,41,23,61,24
24,1000,20,5.13,10.3,18,37,80,954,34,7,5,46,8.282106283,120,61,6.393787033,11.82598487,8.879737754,7.710204543,456,25,5,3,33,498,9,2,2,13,489,511,49,12,101,19
29,1000,20,5.13,10.3,18,37,14,941,30,13,16,59,7.968352534,103,40,5.099056821,9.242102815,7.704922891,8.240348994,482,11,7,8,26,459,19,6,8,33,508,492,22,18,79,24
28,1000,20,5.13,10.3,18,37,21,958,25,6,11,42,7.466971155,93,54,5.223204248,9.750285438,7.165474705,7.738661872,457,11,4,2,17,501,14,2,9,25,474,526,34,20,69,24
26,1000,20,5.13,10.3,18,37,22,964,26,3,7,36,7.167335898,114,63,5.20508727,9.30270504,6.62379911,7.687471885,473,13,0,3,16,491,13,3,4,20,489,511,33,30,82,32
25,1000,20,5.13,10.3,18,37,26,950,29,12,9,50,7.59919156,109,68,5.179243956,9.407539363,7.406978819,7.786845896,473,12,6,3,21,477,17,6,6,29,494,506,46,22,80,29
30,1000,20,5.13,10.3,18,37,13,944,35,10,11,56,7.358720161,113,54,5.19580739,9.51166448,6.505566227,8.139960737,461,12,4,1,17,483,23,6,10,39,478,522,30,24,92,21
27,1000,20,5.13,10.3,18,37,22,953,27,12,8,47,7.561737915,85,60,5.112343096,9.16975927,7.415504235,7.717016976,492,13,7,3,23,461,14,5,5,24,515,485,33,27,64,21
31,1000,20,5.13,10.3,18,37,13,943,19,23,15,57,7.4754365,104,59,5.092770183,9.760438955,6.981644046,7.936755177,463,7,9,4,20,480,12,14,11,37,483,517,36,23,82,22
24,1000,20,5.13,10.3,18,37,81,955,33,7,5,45,8.282009509,128,77,6.426173057,11.87538296,8.870089724,7.719247816,456,25,5,3,33,499,8,2,2,12,489,511,56,21,103,25
29,1000,20,5.13,10.3,18,37,15,940,30,14,16,60,7.982111566,121,57,5.137655853,9.257730506,7.725202146,8.247375765,482,11,7,8,26,458,19,7,8,34,508,492,30,27,75,46
28,1000,20,5.13,10.3,18,37,22,958,25,6,11,42,7.495687987,103,60,5.228148426,9.762091102,7.227150764,7.737677804,457,11,4,2,17,501,14,2,9,25,474,526,39,21,75,28
26,1000,20,5.13,10.3,18,37,23,965,25,3,7,35,7.185512385,122,52,5.198317372,9.320474662,6.657087851,7.691186742,473,13,0,3,16,492,12,3,4,19,489,511,31,21,75,47
25,1000,20,5.13,10.3,18,37,27,949,30,12,9,51,7.643609471,105,63,5.220550778,9.429759058,7.435975667,7.846319153,472,13,6,3,22,477,17,6,6,29,494,506,44,19,79,26
27,1000,20,5.13,10.3,18,37,23,953,27,12,8,47,7.580995324,109,51,5.105945396,9.192429054,7.421946601,7.749882112,492,13,7,3,23,461,14,5,5,24,515,485,28,23,81,28
30,1000,20,5.13,10.3,18,37,14,945,34,10,11,55,7.332523744,103,60,5.214919516,9.516114051,6.528941924,8.068370698,461,12,4,1,17,484,22,6,10,38,478,522,35,25,74,29
31,1000,20,5.13,10.3,18,37,14,940,21,24,15,60,7.514429348,91,52,5.097578387,9.780046871,7.008897428,7.986715454,462,8,9,4,21,478,13,15,11,39,483,517,28,24,65,26
24,1000,20,5.13,10.3,18,37,82,954,34,7,5,46,8.293256841,121,76,6.438178606,11.92942773,8.872037373,7.739394455,456,25,5,3,33,498,9,2,2,13,489,511,55,21,101,20
29,1000,20,5.13,10.3,18,37,16,940,30,14,16,60,7.995363271,91,55,5.123797631,9.275012519,7.738163789,8.260926964,482,11,7,8,26,458,19,7,8,34,508,492,32,23,62,29
28,1000,20,5.13,10.3,18,37,23,958,25,6,11,42,7.531307213,97,57,5.242082668,9.771738811,7.24744578,7.787106298,457,11,4,2,17,501,14,2,9,25,474,526,37,20,76,21
26,1000,20,5.13,10.3,18,37,24,964,26,3,7,36,7.215885458,103,54,5.193423419,9.345729679,6.668961366,7.739262916,473,13,0,3,16,491,13,3,4,20,489,511,30,24,79,24
25,1000,20,5.13,10.3,18,37,28,947,33,12,8,53,7.639650147,93,56,5.236154907,9.44456744,7.476294262,7.79913198,470,15,6,3,24,477,18,6,5,29,494,506,28,28,75,18
27,1000,20,5.13,10.3,18,37,24,955,26,11,8,45,7.594392768,96,58,5.105491627,9.203571924,7.446044331,7.751917397,493,13,6,3,22,462,13,5,5,23,515,485,38,20,68,28
30,1000,20,5.13,10.3,18,37,15,945,34,10,11,55,7.363706427,118,68,5.241353641,9.548030818,6.558609353,8.100940912,461,12,4,1,17,484,22,6,10,38,478,522,40,28,84,34
31,1000,20,5.13,10.3,18,37,15,942,20,23,15,58,7.52796249,96,60,5.110643702,9.828794924,7.053113571,7.971583434,462,8,9,4,21,480,12,14,11,37,483,517,41,19,68,28
24,1000,20,5.13,10.3,18,37,83,954,34,7,5,46,8.276434994,111,80,6.431653039,11.96188921,8.915501605,7.664882013,456,25,5,3,33,498,9,2,2,13,489,511,56,24,90,21
29,1000,20,5.13,10.3,18,37,17,941,31,13,15,59,8.003973093,90,60,5.117166203,9.274983145,7.784359081,8.230729023,482,12,6,8,26,459,19,7,7,33,508,492,27,33,68,22
28,1000,20,5.13,10.3,18,37,24,959,24,6,11,41,7.550038673,92,76,5.253933239,9.789836164,7.246028769,7.823994367,458,10,4,2,16,501,14,2,9,25,474,526,49,27,68,24
26,1000,20,5.13,10.3,18,37,25,966,25,2,7,34,7.182021333,76,62,5.198570617,9.362938445,6.668961366,7.672992613,473,13,0,3,16,493,12,2,4,18,489,511,34,28,62,14
25,1000,20,5.13,10.3,18,37,29,946,35,10,9,54,7.675379842,94,46,5.243624846,9.477533799,7.552421965,7.795421722,470,16,4,4,24,476,19,6,5,30,494,506,29,17,66,28
27,1000,20,5.13,10.3,18,37,25,956,26,10,8,44,7.62415852,94,63,5.115048353,9.23762508,7.511058484,7.744254434,493,13,6,3,22,463,13,4,5,22,515,485,35,28,66,28
30,1000,20,5.13,10.3,18,37,16,946,34,9,11,54,7.391502981,105,50,5.265337466,9.568848515,6.590152614,8.125306573,461,12,4,1,17,485,22,5,10,37,478,522,28,22,77,28
31,1000,20,5.13,10.3,18,37,16,941,21,23,15,59,7.536305129,103,47,5.125345072,9.848770844,7.060249902,7.981053049,462,8,9,4,21,479,13,14,11,38,483,517,26,21,76,27
29,1000,20,5.13,10.3,18,37,18,942,30,13,15,58,8.020252402,98,57,5.122149511,9.316589742,7.846658204,8.19949194,481,13,6,8,27,461,17,7,7,31,508,492,33,24,64,34
24,1000,20,5.13,10.3,18,37,84,953,32,10,5,47,8.324946492,109,59,6.442259236,12.01604529,8.979357858,7.698709393,456,23,7,3,33,497,9,3,2,14,489,511,48,11,85,24
28,1000,20,5.13,10.3,18,37,25,958,26,6,10,42,7.560075886,102,47,5.237292511,9.804920122,7.314900403,7.781013488,457,11,4,2,17,501,15,2,8,25,474,526,35,12,75,27
26,1000,20,5.13,10.3,18,37,26,966,25,2,7,34,7.192449312,102,65,5.200929572,9.353390029,6.65755815,7.704311893,473,13,0,3,16,493,12,2,4,18,489,511,34,31,74,28
27,1000,20,5.13,10.3,18,37,26,957,23,12,8,43,7.63439978,96,73,5.144178063,9.269781246,7.550995791,7.722962779,494,11,7,3,21,463,12,5,5,22,515,485,44,29,69,27
25,1000,20,5.13,10.3,18,37,30,946,35,10,9,54,7.694519368,108,60,5.253898823,9.512752655,7.584108767,7.802311535,470,16,4,4,24,476,19,6,5,30,494,506,39,21,76,32
31,1000,20,5.13,10.3,18,37,17,943,20,22,15,57,7.524015157,117,53,5.147110827,9.907081007,7.069292734,7.948833204,462,8,9,4,21,481,12,13,11,36,483,517,28,25,86,31
30,1000,20,5.13,10.3,18,37,17,947,32,10,11,53,7.456864828,99,53,5.277393025,9.58373247,6.665597354,8.181435428,461,11,5,1,17,486,21,5,10,36,478,522,28,25,73,26
29,1000,20,5.13,10.3,18,37,19,943,29,13,15,57,8.028141611,101,51,5.14435752,9.335763791,7.882390367,8.178632731,481,13,6,8,27,462,16,7,7,30,508,492,26,25,67,34
28,1000,20,5.13,10.3,18,37,26,959,26,5,10,41,7.574474555,101,62,5.24506999,9.807622215,7.299432906,7.822325774,458,11,3,2,16,501,15,2,8,25,474,526,43,19,77,24
26,1000,20,5.13,10.3,18,37,27,964,27,2,7,36,7.209072791,113,69,5.222792534,9.382012216,6.692509111,7.703396939,473,13,0,3,16,491,14,2,4,20,489,511,46,23,94,19
24,1000,20,5.13,10.3,18,37,85,953,32,10,5,47,8.326063261,131,71,6.494382969,12.14428716,8.987164292,7.693424504,456,23,7,3,33,497,9,3,2,14,489,511,54,17,106,25
27,1000,20,5.13,10.3,18,37,27,958,22,12,8,42,7.604628573,102,52,5.169370495,9.298467013,7.569996045,7.641403319,494,11,7,3,21,464,11,5,5,21,515,485,27,25,72,30
25,1000,20,5.13,10.3,18,37,31,948,34,9,9,52,7.698501478,109,55,5.279497734,9.587286312,7.646066929,7.74969252,470,16,4,4,24,478,18,5,5,28,494,506,37,18,79,30
31,1000,20,5.13,10.3,18,37,18,944,20,21,15,56,7.543838972,120,49,5.152930095,9.933358823,7.109473662,7.949638672,462,8,9,4,21,482,12,12,11,35,483,517,31,18,97,23
30,1000,20,5.13,10.3,18,37,18,949,31,10,10,51,7.46342895,118,49,5.27381857,9.630633087,6.698804967,8.163601869,461,11,5,1,17,488,20,5,9,34,478,522,29,20,89,29
29,1000,20,5.13,10.3,18,37,20,943,30,13,14,57,8.06172189,94,66,5.130542338,9.345257236,7.966545616,8.159993327,481,13,6,8,27,462,17,7,6,30,508,492,36,30,64,30
28,1000,20,5.13,10.3,18,37,27,959,26,5,10,41,7.625570696,111,56,5.265575364,9.821409989,7.383962823,7.843293379,458,11,3,2,16,501,15,2,8,25,474,526,41,15,83,28
26,1000,20,5.13,10.3,18,37,28,965,26,2,7,35,7.238541597,105,53,5.232980062,9.405140406,6.746747499,7.709162564,474,12,0,3,15,491,14,2,4,20,489,511,32,21,73,32
27,1000,20,5.13,10.3,18,37,28,958,22,12,8,42,7.618787535,100,63,5.1801479,9.317173578,7.632947137,7.603752081,493,12,7,3,22,465,10,5,5,20,515,485,36,27,75,25
25,1000,20,5.13,10.3,18,37,32,948,34,9,9,52,7.719300405,99,55,5.264128947,9.619238468,7.691030454,7.746899922,470,16,4,4,24,478,18,5,5,28,494,506,36,19,77,22
24,1000,20,5.13,10.3,18,37,86,953,32,10,5,47,8.340031516,133,75,6.543721972,12.21618898,9.017276381,7.691943964,455,24,7,3,34,498,8,3,2,13,489,511,55,20,105,28
31,1000,20,5.13,10.3,18,37,19,943,21,21,15,57,7.575769045,85,42,5.179013628,9.984201925,7.126012518,7.995947774,461,9,9,4,22,482,12,12,11,35,483,517,26,16,66,19
30,1000,20,5.13,10.3,18,37,19,950,31,9,10,50,7.466260024,95,56,5.295149728,9.67340911,6.707928013,8.160671329,461,11,5,1,17,489,20,4,9,33,478,522,37,19,74,21
29,1000,20,5.13,10.3,18,37,21,943,30,14,13,57,8.048476099,107,54,5.13400229,9.36505278,7.974118606,8.125251722,481,13,6,8,27,462,17,8,5,30,508,492,34,20,75,32
28,1000,20,5.13,10.3,18,37,28,959,26,5,10,41,7.65976767,105,74,5.278432654,9.839878903,7.425639758,7.870749856,458,11,3,2,16,501,15,2,8,25,474,526,47,27,76,29
26,1000,20,5.13,10.3,18,37,29,967,24,2,7,33,7.281984088,104,52,5.261255846,9.467955767,6.823605463,7.720628213,474,12,0,3,15,493,12,2,4,18,489,511,30,22,79,25
27,1000,20,5.13,10.3,18,37,29,958,22,12,8,42,7.658136618,94,52,5.204102143,9.330195955,7.684536738,7.6301035,493,12,7,3,22,465,10,5,5,20,515,485,25,27,70,24
25,1000,20,5.13,10.3,18,37,33,950,32,9,9,50,7.714446764,97,68,5.288244763,9.637107293,7.696707803,7.731765039,472,15,3,4,22,478,17,6,5,28,494,506,50,18,71,26
31,1000,20,5.13,10.3,18,37,20,944,20,22,14,56,7.567299382,105,72,5.185416134,10.01174251,7.100943978,8.002985379,461,9,10,3,22,483,11,12,11,34,483,517,38,34,79,26
30,1000,20,5.13,10.3,18,37,20,950,32,10,8,50,7.465856526,112,68,5.300594921,9.704374236,6.727950449,8.141563624,461,11,5,1,17,489,21,5,7,33,478,522,48,20,85,27
24,1000,20,5.13,10.3,18,37,87,953,32,10,5,47,8.347822493,119,79,6.58339212,12.28416344,9.061439287,7.664928926,455,24,7,3,34,498,8,3,2,13,489,511,58,21,103,16
29,1000,20,5.13,10.3,18,37,22,943,30,14,13,57,8.051742384,107,47,5.130824374,9.384609195,7.976983742,8.128932202,481,13,6,8,27,462,17,8,5,30,508,492,31,16,75,32
28,1000,20,5.13,10.3,18,37,29,959,26,5,10,41,7.7077798,125,49,5.295227399,9.85728165,7.488119809,7.905724355,458,11,3,2,16,501,15,2,8,25,474,526,31,18,96,29
26,1000,20,5.13,10.3,18,37,30,968,23,2,7,32,7.320520154,95,49,5.272638815,9.488554263,6.863722748,7.757651136,475,11,0,3,14,493,12,2,4,18,489,511,31,18,68,27
27,1000,20,5.13,10.3,18,37,30,958,22,12,8,42,7.66328,90,60,5.19983388,9.357856273,7.697791062,7.626634232,493,12,7,3,22,465,10,5,5,20,515,485,34,26,66,24
25,1000,20,5.13,10.3,18,37,34,952,31,7,10,48,7.732206096,89,57,5.287333522,9.64891777,7.693700087,7.769798919,473,15,2,4,21,479,16,5,6,27,494,506,36,21,67,22
31,1000,20,5.13,10.3,18,37,21,946,20,20,14,54,7.556783692,102,62,5.195906661,10.02337877,7.110470667,7.973745377,462,9,9,3,21,484,11,11,11,33,483,517,35,27,74,28
30,1000,20,5.13,10.3,18,37,21,951,31,11,7,49,7.482818652,112,72,5.318746948,9.750415575,6.787466194,8.119559025,461,11,5,1,17,490,20,6,6,32,478,522,38,34,85,27
24,1000,20,5.13,10.3,18,37,88,953,32,10,5,47,8.341293692,134,80,6.615930514,12.34311576,9.092252075,7.622666199,455,24,7,3,34,498,8,3,2,13,489,511,61,19,114,20
29,1000,20,5.13,10.3,18,37,23,942,30,15,13,58,8.064494657,97,56,5.144300858,9.422173667,7.991379103,8.139987953,481,12,7,8,27,461,18,8,5,31,508,492,30,26,63,34
28,1000,20,5.13,10.3,18,37,30,958,27,5,10,42,7.72631935,103,60,5.306327738,9.888995174,7.525325484,7.907443101,458,11,3,2,16,500,16,2,8,26,474,526,35,25,72,31
26,1000,20,5.13,10.3,18,37,31,967,24,2,7,33,7.353836366,92,58,5.267669951,9.538435081,6.895760098,7.79219115,475,11,0,3,14,492,13,2,4,19,489,511,42,16,68,24
27,1000,20,5.13,10.3,18,37,31,956,24,13,7,44,7.67856996,91,71,5.200594779,9.41843339,7.732292394,7.621524489,492,12,8,3,23,464,12,5,4,21,515,485,43,28,61,30
25,1000,20,5.13,10.3,18,37,35,952,31,7,10,48,7.737439106,97,53,5.30469444,9.647505761,7.740856911,7.734102357,473,15,2,4,21,479,16,5,6,27,494,506,35,18,73,24
31,1000,20,5.13,10.3,18,37,22,947,19,20,14,53,7.553545162,111,53,5.209542619,10.04866238,7.134881897,7.944675447,462,9,9,3,21,485,10,11,11,32,483,517,32,21,88,23
30,1000,20,5.13,10.3,18,37,22,952,31,11,6,48,7.478749119,91,63,5.343826799,9.79341342,6.80382307,8.09678485,461,11,5,1,17,491,20,6,5,31,478,522,39,24,73,18
24,1000,20,5.13,10.3,18,37,89,952,33,10,5,48,8.346043015,121,71,6.647179186,12.39285386,9.101858022,7.622767989,454,25,7,3,35,498,8,3,2,13,489,511,54,17,105,16
29,1000,20,5.13,10.3,18,37,24,942,30,15,13,58,8.076888702,110,55,5.163707215,9.418028634,8.014565373,8.141238806,481,12,7,8,27,461,18,8,5,31,508,492,35,20,74,36
28,1000,20,5.13,10.3,18,37,31,958,26,6,10,42,7.74001204,113,75,5.328672936,9.911488008,7.570251174,7.892990463,456,13,3,2,18,502,13,3,8,24,474,526,53,22,82,31
26,1000,20,5.13,10.3,18,37,32,969,22,3,6,31,7.341757903,99,52,5.277207247,9.587392195,6.927862525,7.73783391,475,10,1,3,14,494,12,2,3,17,489,511,29,23,78,21
27,1000,20,5.13,10.3,18,37,32,959,22,12,7,41,7.65718843,98,59,5.20765093,9.413859316,7.72539363,7.584764352,492,12,8,3,23,467,10,4,4,18,515,485,37,22,71,27
25,1000,20,5.13,10.3,18,37,36,952,31,7,10,48,7.777850995,106,67,5.319603123,9.685067201,7.795938949,7.760192004,473,15,2,4,21,479,16,5,6,27,494,506,40,27,83,23
31,1000,20,5.13,10.3,18,37,23,948,19,20,13,52,7.575229005,106,64,5.211441606,10.06018761,7.214774747,7.91197834,462,9,9,3,21,486,10,11,10,31,483,517,42,22,81,25
30,1000,20,5.13,10.3,18,37,23,951,32,12,5,49,7.468128528,118,63,5.336363393,9.830175162,6.818828341,8.062698431,460,12,5,1,18,491,20,7,4,31,478,522,37,26,93,25
29,1000,20,5.13,10.3,18,37,25,943,30,14,13,57,8.068315776,96,70,5.17881305,9.44091208,8.020687372,8.117493071,481,12,7,8,27,462,18,7,5,30,508,492,45,25,75,21
26,1000,20,5.13,10.3,18,37,33,970,20,4,6,30,7.356810841,101,62,5.282559778,9.605783016,6.943861771,7.751981282,475,10,1,3,14,495,10,3,3,16,489,511,38,24,70,31
28,1000,20,5.13,10.3,18,37,32,956,27,6,11,44,7.782954916,95,64,5.346901326,9.933911259,7.655888328,7.897459788,454,14,3,3,20,502,13,3,8,24,474,526,40,24,75,20
24,1000,20,5.13,10.3,18,37,90,953,32,10,5,47,8.381559257,137,79,6.691886869,12.48740751,9.133680339,7.661819121,455,24,7,3,34,498,8,3,2,13,489,511,64,15,114,23
27,1000,20,5.13,10.3,18,37,33,957,25,12,6,43,7.702332692,93,65,5.215531893,9.438722052,7.80340848,7.595004793,490,14,8,3,25,467,11,4,3,18,515,485,32,33,71,22
25,1000,20,5.13,10.3,18,37,37,952,30,8,10,48,7.81283712,106,54,5.34220788,9.703828352,7.843113537,7.78327872,472,15,3,4,22,480,15,5,6,26,494,506,43,11,80,26
31,1000,20,5.13,10.3,18,37,24,949,19,19,13,51,7.54873511,119,66,5.219868462,10.08526934,7.224050685,7.852066981,462,9,9,3,21,487,10,10,10,30,483,517,37,29,94,25
30,1000,20,5.13,10.3,18,37,24,954,28,13,5,46,7.493905122,102,52,5.331959962,9.879093561,6.823512699,8.107789372,460,11,6,1,18,494,17,7,4,28,478,522,32,20,75,27
29,1000,20,5.13,10.3,18,37,26,940,32,14,14,60,8.132176229,109,46,5.196216697,9.472416847,8.10716216,8.158003764,479,13,8,8,29,461,19,6,6,31,508,492,28,18,76,33
28,1000,20,5.13,10.3,18,37,33,958,27,4,11,42,7.791219239,96,64,5.368698698,9.966256048,7.670526889,7.899980025,455,14,1,4,19,503,13,3,7,23,474,526,37,27,71,25
26,1000,20,5.13,10.3,18,37,34,970,20,5,5,30,7.369876998,109,62,5.309370952,9.634319185,6.963993127,7.758286417,475,9,2,3,14,495,11,3,2,16,489,511,39,23,81,28
27,1000,20,5.13,10.3,18,37,34,958,25,11,6,42,7.694526395,100,62,5.223990768,9.4820414,7.798419724,7.584206675,490,14,8,3,25,468,11,3,3,17,515,485,34,28,75,25
25,1000,20,5.13,10.3,18,37,38,952,30,8,10,48,7.832493286,120,53,5.371938046,9.756682464,7.899099917,7.767466258,472,15,3,4,22,480,15,5,6,26,494,506,33,20,90,30
24,1000,20,5.13,10.3,18,37,91,953,32,10,5,47,8.367280036,130,74,6.782094988,12.61386988,9.133268938,7.63426913,455,24,7,3,34,498,8,3,2,13,489,511,60,14,109,21
31,1000,20,5.13,10.3,18,37,25,949,18,20,13,51,7.596089598,96,58,5.222297962,10.08061633,7.259612517,7.910438592,462,9,9,3,21,487,9,11,10,30,483,517,37,21,75,21
30,1000,20,5.13,10.3,18,37,25,954,28,14,4,46,7.488113885,114,65,5.32556013,9.887645761,6.860651317,8.062686887,460,11,7,0,18,494,17,7,4,28,478,522,38,27,90,24
29,1000,20,5.13,10.3,18,37,27,941,32,13,14,59,8.139733439,102,53,5.210228401,9.476453173,8.138236711,8.141278841,479,13,8,8,29,462,19,5,6,30,508,492,31,22,72,30
26,1000,20,5.13,10.3,18,37,35,973,17,5,5,27,7.368959174,84,58,5.336041203,9.640607095,6.976568152,7.744456649,477,7,2,3,12,496,10,3,2,15,489,511,35,23,64,20
28,1000,20,5.13,10.3,18,37,34,959,27,3,11,41,7.760882759,111,62,5.384512986,9.97890098,7.655636044,7.855724856,455,14,1,4,19,504,13,2,7,22,474,526,47,15,94,17
27,1000,20,5.13,10.3,18,37,35,956,26,12,6,44,7.706310008,97,55,5.210048295,9.47829079,7.824251679,7.581072976,489,14,9,3,26,467,12,3,3,18,515,485,34,21,70,27
25,1000,20,5.13,10.3,18,37,39,951,32,8,9,49,7.846461673,116,68,5.37485248,9.793831383,7.926026223,7.76878403,472,15,3,4,22,479,17,5,5,27,494,506,43,25,77,39
24,1000,20,5.13,10.3,18,37,92,953,32,10,5,47,8.41931163,128,83,6.805387857,12.65636017,9.185280147,7.686320232,455,24,7,3,34,498,8,3,2,13,489,511,66,17,104,24
31,1000,20,5.13,10.3,18,37,26,948,19,19,14,52,7.59487242,110,57,5.227824745,10.10242882,7.30073379,7.86966731,461,10,8,4,22,487,9,11,10,30,483,517,31,26,80,30
30,1000,20,5.13,10.3,18,37,26,954,30,14,2,46,7.46888536,106,71,5.374604763,9.947136075,6.896339305,7.993170827,460,11,7,0,18,494,19,7,2,28,478,522,48,23,83,23
29,1000,20,5.13,10.3,18,37,28,941,32,13,14,59,8.137438916,99,50,5.226625847,9.49855975,8.118632494,8.156856929,479,13,8,8,29,462,19,5,6,30,508,492,32,18,68,31
28,1000,20,5.13,10.3,18,37,35,959,27,3,11,41,7.806230606,98,63,5.401673941,10.01492824,7.712193083,7.890971644,455,14,1,4,19,504,13,2,7,22,474,526,39,24,73,25
26,1000,20,5.13,10.3,18,37,36,972,19,5,4,28,7.355453854,106,71,5.336623655,9.683272338,6.983622388,7.711276919,476,8,2,3,13,496,11,3,1,15,489,511,41,30,77,29
27,1000,20,5.13,10.3,18,37,36,956,26,11,7,44,7.705104738,103,60,5.238676439,9.527860139,7.822520233,7.58042643,489,14,9,3,26,467,12,2,4,18,515,485,39,21,74,29
25,1000,20,5.13,10.3,18,37,40,951,31,9,9,49,7.882846178,107,53,5.372762889,9.838550633,7.967824605,7.799883049,472,15,3,4,22,479,16,6,5,27,494,506,38,15,84,23
31,1000,20,5.13,10.3,18,37,27,950,18,18,14,50,7.582062667,112,67,5.276408183,10.14503692,7.349913306,7.798944951,461,10,8,4,22,489,8,10,10,28,483,517,40,27,78,34
24,1000,20,5.13,10.3,18,37,93,954,31,10,5,46,8.426997206,115,67,6.862063687,12.77110631,9.196438807,7.690682249,455,24,7,3,34,499,7,3,2,12,489,511,51,16,99,16
30,1000,20,5.13,10.3,18,37,27,953,32,13,2,47,7.494038925,101,48,5.386648921,9.954809635,6.95038841,7.991864492,459,12,7,0,19,494,20,6,2,28,478,522,29,19,83,18
29,1000,20,5.13,10.3,18,37,29,941,31,14,14,59,8.163409915,93,64,5.262978853,9.531988258,8.135005494,8.192738056,479,13,8,8,29,462,18,6,6,30,508,492,37,27,67,26
28,1000,20,5.13,10.3,18,37,36,959,26,4,11,41,7.83773466,100,71,5.410284643,10.03276705,7.78181512,7.888126033,455,13,2,4,19,504,13,2,7,22,474,526,48,23,78,22
27,1000,20,5.13,10.3,18,37,37,957,26,9,8,43,7.710828812,100,54,5.248479721,9.554220951,7.876104933,7.535329425,488,15,8,4,27,469,11,1,4,16,515,485,29,25,75,25
25,1000,20,5.13,10.3,18,37,41,956,27,9,8,44,7.860786169,115,49,5.383105489,9.869343652,7.973209226,7.751029272,474,13,3,4,20,482,14,6,4,24,494,506,34,15,90,25
26,1000,20,5.13,10.3,18,37,37,974,18,4,4,26,7.376075652,100,53,5.343018878,9.720823294,7.029429448,7.707797754,477,7,2,3,12,497,11,2,1,14,489,511,37,16,78,22
31,1000,20,5.13,10.3,18,37,28,951,17,18,14,49,7.606926166,107,52,5.285009558,10.15958136,7.392418421,7.807327018,461,10,8,4,22,490,7,10,10,27,483,517,34,18,83,24
30,1000,20,5.13,10.3,18,37,28,954,33,11,2,46,7.477771544,93,60,5.404146382,9.992864386,6.951585647,7.959604606,459,12,7,0,19,495,21,4,2,27,478,522,35,25,70,23
24,1000,20,5.13,10.3,18,37,94,952,33,10,5,48,8.403390551,121,64,6.932932366,12.91084668,9.186760792,7.653746623,454,25,7,3,35,498,8,3,2,13,489,511,46,18,105,16
29,1000,20,5.13,10.3,18,37,30,941,32,14,13,59,8.161489981,80,51,5.266875565,9.584093589,8.155311628,8.167869256,478,14,8,8,30,463,18,6,5,29,508,492,29,22,57,23
28,1000,20,5.13,10.3,18,37,37,959,26,3,12,41,7.880720097,99,60,5.431223543,10.05396085,7.80915773,7.945207857,455,13,2,4,19,504,13,1,8,22,474,526,31,29,70,29
27,1000,20,5.13,10.3,18,37,38,957,27,9,7,43,7.724347879,94,60,5.271916309,9.593264272,7.895051395,7.543085382,488,15,8,4,27,469,12,1,3,16,515,485,40,20,69,25
25,1000,20,5.13,10.3,18,37,42,956,28,9,7,44,7.890476802,89,56,5.412048274,9.943403587,7.999369859,7.78416619,474,13,3,4,20,482,15,6,3,24,494,506,37,19,63,26
26,1000,20,5.13,10.3,18,37,38,972,20,4,4,28,7.414950257,89,54,5.362590125,9.771615385,7.106536377,7.710086044,475,9,2,3,14,497,11,2,1,14,489,511,36,18,70,19
31,1000,20,5.13,10.3,18,37,29,951,18,17,14,49,7.636758486,113,54,5.303313463,10.20280743,7.453273113,7.808177123,461,10,8,4,22,490,8,9,10,27,483,517,36,18,88,25
30,1000,20,5.13,10.3,18,37,29,955,32,11,2,45,7.509914659,101,57,5.423291261,10.03598451,7.001870027,7.975135606,460,11,7,0,18,495,21,4,2,27,478,522,35,22,82,19
24,1000,20,5.13,10.3,18,37,95,952,31,11,6,48,8.448731082,129,81,7.025048262,13.05529938,9.243995249,7.687705294,454,23,8,4,35,498,8,3,2,13,489,511,65,16,114,15
29,1000,20,5.13,10.3,18,37,31,942,30,15,13,58,8.188375823,111,67,5.262753351,9.598163659,8.184972748,8.191889568,478,14,8,8,30,464,16,7,5,28,508,492,44,23,88,23
28,1000,20,5.13,10.3,18,37,38,958,26,4,12,42,7.902715871,101,56,5.445412731,10.09084386,7.830067013,7.968182713,455,13,2,4,19,503,13,2,8,23,474,526,39,17,70,31
27,1000,20,5.13,10.3,18,37,39,955,29,9,7,45,7.763393042,96,60,5.281778766,9.612914742,7.974045888,7.539710123,487,16,8,4,28,468,13,1,3,17,515,485,34,26,70,26
25,1000,20,5.13,10.3,18,37,43,954,31,9,6,46,7.927792307,103,59,5.425670568,9.951137631,8.066302892,7.792566558,472,15,3,4,22,482,16,6,2,24,494,506,42,17,76,27
26,1000,20,5.13,10.3,18,37,39,972,20,4,4,28,7.421180142,89,62,5.404796355,9.819135909,7.107868322,7.721002999,475,9,2,3,14,497,11,2,1,14,489,511,42,20,65,24
31,1000,20,5.13,10.3,18,37,30,952,18,16,14,48,7.648821719,115,58,5.322325175,10.22960612,7.487049197,7.799955429,461,10,8,4,22,491,8,8,10,26,483,517,35,23,86,29
30,1000,20,5.13,10.3,18,37,30,955,32,11,2,45,7.521570247,118,55,5.428951872,10.08026593,7.036889791,7.965396411,460,11,7,0,18,495,21,4,2,27,478,522,35,20,93,25
24,1000,20,5.13,10.3,18,37,96,952,32,11,5,48,8.449531081,125,68,7.118025011,13.19286032,9.230047133,7.70261846,454,24,8,3,35,498,8,3,2,13,489,511,55,13,107,18
28,1000,20,5.13,10.3,18,37,39,958,26,4,12,42,7.923847693,105,48,5.449418203,10.13653214,7.870747596,7.97169835,455,13,2,4,19,503,13,2,8,23,474,526,35,13,71,34
29,1000,20,5.13,10.3,18,37,32,944,29,14,13,56,8.200979559,102,65,5.294712063,9.635279326,8.24382001,8.156745922,478,14,8,8,30,466,15,6,5,26,508,492,43,22,79,23
27,1000,20,5.13,10.3,18,37,40,954,30,9,7,46,7.792283642,124,58,5.295144977,9.650633772,7.986381815,7.586179396,486,17,8,4,29,468,13,1,3,17,515,485,36,22,93,31
25,1000,20,5.13,10.3,18,37,44,954,30,10,6,46,7.961925677,108,59,5.458021894,9.99623754,8.104298958,7.822928838,472,14,4,4,22,482,16,6,2,24,494,506,30,29,78,30
26,1000,20,5.13,10.3,18,37,40,972,19,5,4,28,7.467457257,100,64,5.417877707,9.846562032,7.164709285,7.757171071,475,8,3,3,14,497,11,2,1,14,489,511,48,16,84,16
30,1000,20,5.13,10.3,18,37,31,954,33,11,2,46,7.539158183,89,60,5.439544463,10.10176261,7.054147241,7.983286977,459,12,7,0,19,495,21,4,2,27,478,522,40,20,71,18
31,1000,20,5.13,10.3,18,37,31,953,18,15,14,47,7.627321324,113,54,5.325778873,10.26201594,7.465549336,7.778454535,461,10,8,4,22,492,8,7,10,25,483,517,36,18,89,24
28,1000,20,5.13,10.3,18,37,40,959,24,5,12,41,7.927525445,121,55,5.486316805,10.15274535,7.878309228,7.971876181,455,12,3,4,19,504,12,2,8,22,474,526,35,20,89,32
29,1000,20,5.13,10.3,18,37,33,944,29,14,13,56,8.19821071,94,48,5.302113449,9.666816665,8.273655766,8.120312156,478,14,8,8,30,466,15,6,5,26,508,492,30,18,74,20
27,1000,20,5.13,10.3,18,37,41,954,30,9,7,46,7.795583293,102,50,5.328512906,9.690346751,8.015046867,7.562544654,486,17,8,4,29,468,13,1,3,17,515,485,28,22,79,23
25,1000,20,5.13,10.3,18,37,45,954,30,10,6,46,7.972392021,96,67,5.463380441,10.03165102,8.151123165,7.79789956,472,14,4,4,22,482,16,6,2,24,494,506,48,19,69,27
24,1000,20,5.13,10.3,18,37,97,951,32,10,7,49,8.501085421,137,85,7.238860316,13.39159846,9.320207389,7.717228978,453,24,8,4,36,498,8,2,3,13,489,511,65,20,120,17
26,1000,20,5.13,10.3,18,37,41,972,18,6,4,28,7.504080174,111,65,5.42709358,9.875648523,7.217522028,7.778301178,475,7,4,3,14,497,11,2,1,14,489,511,42,23,87,24
30,1000,20,5.13,10.3,18,37,32,955,32,11,2,45,7.537697987,117,54,5.444865469,10.14116704,7.041244592,7.992304736,460,11,7,0,18,495,21,4,2,27,478,522,27,27,88,29
31,1000,20,5.13,10.3,18,37,32,955,16,16,13,45,7.625744511,99,58,5.35131605,10.27066786,7.506237994,7.737391799,461,10,8,4,22,494,6,8,9,23,483,517,39,19,72,27
28,1000,20,5.13,10.3,18,37,41,958,25,5,12,42,8.008734986,108,64,5.515544282,10.17675845,7.993241907,8.02269643,454,13,3,4,20,504,12,2,8,22,474,526,41,23,90,18
29,1000,20,5.13,10.3,18,37,34,946,29,12,13,54,8.206834674,98,72,5.300607653,9.698039459,8.293475922,8.117375826,478,14,7,9,30,468,15,5,4,24,508,492,45,27,68,30
27,1000,20,5.13,10.3,18,37,42,955,30,9,6,45,7.813804256,100,66,5.334369902,9.711901306,8.021038042,7.593751885,486,17,8,4,29,469,13,1,2,16,515,485,39,27,73,27
25,1000,20,5.13,10.3,18,37,46,954,30,10,6,46,7.972184964,114,68,5.471287425,10.05300135,8.191007936,7.75855147,472,14,4,4,22,482,16,6,2,24,494,506,42,26,90,24
24,1000,20,5.13,10.3,18,37,98,948,35,10,7,52,8.522866173,140,68,7.295924731,13.52217456,9.395653004,7.687655291,451,26,8,4,38,497,9,2,3,14,489,511,58,10,117,23
26,1000,20,5.13,10.3,18,37,42,971,18,6,5,29,7.571455332,103,66,5.477350424,9.962233619,7.276312662,7.853891272,474,8,3,4,15,497,10,3,1,14,489,511,47,19,75,28
30,1000,20,5.13,10.3,18,37,33,955,31,12,2,45,7.55479088,108,54,5.447815279,10.13302529,7.076998529,7.992309547,460,10,8,0,18,495,21,4,2,27,478,522,33,21,90,18
31,1000,20,5.13,10.3,18,37,33,954,17,15,14,46,7.668109562,107,71,5.376410338,10.32377696,7.538718602,7.788991252,460,11,8,4,23,494,6,7,10,23,483,517,41,30,84,23
28,1000,20,5.13,10.3,18,37,42,959,24,5,12,41,7.998866882,101,56,5.519110671,10.20689072,8.024329389,7.975921581,454,13,3,4,20,505,11,2,8,21,474,526,37,19,77,24
29,1000,20,5.13,10.3,18,37,35,948,28,11,13,52,8.200450543,95,64,5.301608695,9.712294632,8.319033002,8.078011743,478,14,7,9,30,470,14,4,4,22,508,492,42,22,65,30
27,1000,20,5.13,10.3,18,37,43,955,30,9,6,45,7.882132074,92,70,5.340596248,9.726187841,8.087649072,7.663902684,486,17,8,4,29,469,13,1,2,16,515,485,45,25,69,23
25,1000,20,5.13,10.3,18,37,47,955,30,9,6,45,7.972859877,103,62,5.506510838,10.08928682,8.215464719,7.736008509,472,14,4,4,22,483,16,5,2,23,494,506,49,13,73,30
26,1000,20,5.13,10.3,18,37,43,971,19,5,5,29,7.560607506,90,52,5.478602873,10.0200236,7.285846915,7.823538874,474,8,3,4,15,497,11,2,1,14,489,511,35,17,70,20
24,1000,20,5.13,10.3,18,37,99,949,35,9,7,51,8.548305398,124,70,7.379682739,13.68301093,9.45301739,7.682543825,451,26,7,5,38,498,9,2,2,13,489,511,54,16,109,15
30,1000,20,5.13,10.3,18,37,34,954,32,12,2,46,7.595425016,102,67,5.4791626,10.15399916,7.132864507,8.01899575,459,11,8,0,19,495,21,4,2,27,478,522,44,23,80,22
31,1000,20,5.13,10.3,18,37,34,955,17,14,14,45,7.676938286,98,49,5.421479317,10.41631994,7.57489446,7.7722713,461,11,7,4,22,494,6,7,10,23,483,517,35,14,76,22
28,1000,20,5.13,10.3,18,37,43,959,24,5,12,41,8.019931664,89,50,5.530965177,10.2643189,8.048074575,7.994570942,454,13,3,4,20,505,11,2,8,21,474,526,32,18,64,25
27,1000,20,5.13,10.3,18,37,44,956,29,9,6,44,7.920020522,93,58,5.342834011,9.754820808,8.132630816,7.694259076,486,17,8,4,29,470,12,1,2,15,515,485,40,18,65,28
29,1000,20,5.13,10.3,18,37,36,947,29,11,13,53,8.22026558,108,59,5.329349955,9.760200705,8.355832095,8.080290398,478,14,7,9,30,469,15,4,4,23,508,492,30,29,76,32
25,1000,20,5.13,10.3,18,37,48,955,30,9,6,45,8.001688721,96,67,5.509217136,10.09185349,8.212375165,7.795998794,472,14,4,4,22,483,16,5,2,23,494,506,46,21,74,22
26,1000,20,5.13,10.3,18,37,44,970,20,5,5,30,7.604033411,102,61,5.468031695,10.06275017,7.381663572,7.816829598,473,9,3,4,16,497,11,2,1,14,489,511,43,18,75,27
24,1000,20,5.13,10.3,18,37,100,949,35,9,7,51,8.564071218,132,85,7.484137879,13.84712479,9.472410815,7.694838217,451,26,7,5,38,498,9,2,2,13,489,511,67,18,111,21
30,1000,20,5.13,10.3,18,37,35,955,32,11,2,45,7.578131549,108,54,5.499093702,10.1911351,7.138189122,7.980990706,459,11,8,0,19,496,21,3,2,26,478,522,35,19,85,23
31,1000,20,5.13,10.3,18,37,35,954,18,14,14,46,7.712489634,107,67,5.444586428,10.45361921,7.583779476,7.832735294,461,11,7,4,22,493,7,7,10,24,483,517,43,24,85,22
28,1000,20,5.13,10.3,18,37,44,958,25,5,12,42,8.050541542,105,47,5.533426586,10.28738428,8.112608843,7.994610173,454,13,3,4,20,504,12,2,8,22,474,526,26,21,83,22
27,1000,20,5.13,10.3,18,37,45,956,29,10,5,44,7.929816793,103,62,5.350176583,9.782491676,8.154366934,7.691376952,485,17,9,4,30,471,12,1,1,14,515,485,37,25,81,22
29,1000,20,5.13,10.3,18,37,37,948,28,11,13,52,8.224674109,81,64,5.340422131,9.765149162,8.370532322,8.07407254,478,14,7,9,30,470,14,4,4,22,508,492,43,21,67,14
25,1000,20,5.13,10.3,18,37,49,955,30,9,6,45,8.048133452,113,59,5.532274008,10.14497253,8.283861991,7.817995313,472,14,4,4,22,483,16,5,2,23,494,506,37,22,87,26
26,1000,20,5.13,10.3,18,37,45,971,18,6,5,29,7.605161601,111,54,5.474160287,10.07810849,7.419902091,7.782445164,473,8,4,4,16,498,10,2,1,13,489,511,38,16,81,30
30,1000,20,5.13,10.3,18,37,36,958,28,11,3,42,7.600120161,104,60,5.518481458,10.20976649,7.20757663,7.959575731,459,10,8,1,19,499,18,3,2,23,478,522,42,18,85,19
31,1000,20,5.13,10.3,18,37,36,954,19,14,13,46,7.751326497,117,59,5.458661468,10.47201586,7.610708064,7.882697295,461,12,7,3,22,493,7,7,10,24,483,517,36,23,89,28
24,1000,20,5.13,10.3,18,37,101,949,35,9,7,51,8.588861027,128,87,7.541475085,13.93461923,9.510648697,7.706758932,452,25,7,5,37,497,10,2,2,14,489,511,68,19,110,18
28,1000,20,5.13,10.3,18,37,45,958,24,6,12,42,8.101141214,118,65,5.541880843,10.31001164,8.197435328,8.014366671,454,12,4,4,20,504,12,2,8,22,474,526,43,22,91,27
27,1000,20,5.13,10.3,18,37,46,956,29,10,5,44,7.936169523,94,58,5.376526456,9.807524775,8.185259741,7.671671663,484,18,9,4,31,472,11,1,1,13,515,485,38,20,77,17
25,1000,20,5.13,10.3,18,37,50,955,29,10,6,45,8.059015233,98,65,5.5488288,10.16344015,8.299358982,7.824371335,472,13,5,4,22,483,16,5,2,23,494,506,39,26,78,20
29,1000,20,5.13,10.3,18,37,38,947,29,11,13,53,8.22174173,110,58,5.347646885,9.779219392,8.389886644,8.048128689,477,15,7,9,31,470,14,4,4,22,508,492,36,22,82,28
26,1000,20,5.13,10.3,18,37,46,971,18,6,5,29,7.64666748,104,54,5.502324008,10.09215463,7.463093521,7.822338059,473,8,4,4,16,498,10,2,1,13,489,511,40,14,87,17
30,1000,20,5.13,10.3,18,37,37,957,29,11,3,43,7.62677512,105,55,5.527205691,10.2416217,7.262864377,7.960011395,459,10,8,1,19,498,19,3,2,24,478,522,30,25,80,25
31,1000,20,5.13,10.3,18,37,37,954,19,14,13,46,7.763701968,119,70,5.485087575,10.52985038,7.615152448,7.902482275,461,12,7,3,22,493,7,7,10,24,483,517,44,26,95,24
28,1000,20,5.13,10.3,18,37,46,960,22,6,12,40,8.086866018,111,60,5.57475081,10.35748928,8.21006182,7.975849268,454,12,4,4,20,506,10,2,8,20,474,526,41,19,82,29
27,1000,20,5.13,10.3,18,37,47,956,29,10,5,44,7.974412114,99,68,5.406529843,9.849012944,8.260490039,7.670638646,484,18,9,4,31,472,11,1,1,13,515,485,49,19,74,25
25,1000,20,5.13,10.3,18,37,51,955,29,10,6,45,8.100930842,103,58,5.549395353,10.18210219,8.351971498,7.855843719,472,13,5,4,22,483,16,5,2,23,494,506,39,19,70,33
29,1000,20,5.13,10.3,18,37,39,947,29,11,13,53,8.256312415,106,60,5.353895212,9.8037,8.441112228,8.065502852,477,15,7,9,31,470,14,4,4,22,508,492,36,24,73,33
24,1000,20,5.13,10.3,18,37,102,949,35,9,7,51,8.588414002,138,72,7.65822408,14.11721003,9.556558974,7.661950419,452,25,7,5,37,497,10,2,2,14,489,511,55,17,113,25
26,1000,20,5.13,10.3,18,37,47,971,18,6,5,29,7.668994312,108,58,5.531310036,10.15013719,7.481823358,7.848107026,473,8,4,4,16,498,10,2,1,13,489,511,41,17,88,20
30,1000,20,5.13,10.3,18,37,38,957,28,12,3,43,7.666276786,111,65,5.524142263,10.2800358,7.299238138,8.002377311,459,10,8,1,19,498,18,4,2,24,478,522,46,19,82,29
31,1000,20,5.13,10.3,18,37,38,951,23,13,13,49,7.819055778,107,59,5.496116782,10.54860856,7.720264574,7.911350076,458,15,6,4,25,493,8,7,9,24,483,517,37,22,86,21
28,1000,20,5.13,10.3,18,37,47,959,23,5,13,41,8.103927342,97,72,5.588248656,10.39480969,8.291382838,7.935003568,453,13,3,5,21,506,10,2,8,20,474,526,54,18,76,21
27,1000,20,5.13,10.3,18,37,48,955,30,10,5,45,7.991885719,109,66,5.431118688,9.8706679,8.300964557,7.663688602,483,19,9,4,32,472,11,1,1,13,515,485,41,25,84,25
25,1000,20,5.13,10.3,18,37,52,955,29,10,6,45,8.131338544,104,67,5.553906707,10.19071463,8.390112783,7.878701244,472,13,5,4,22,483,16,5,2,23,494,506,43,24,76,28
29,1000,20,5.13,10.3,18,37,40,949,27,11,13,51,8.208175694,110,58,5.343492721,9.840922859,8.41590478,7.993691191,478,14,7,9,30,471,13,4,4,21,508,492,39,19,79,31
24,1000,20,5.13,10.3,18,37,103,947,36,9,8,53,8.628717375,128,92,7.802272028,14.35684307,9.622691749,7.677536417,451,26,7,5,38,496,10,2,3,15,489,511,68,24,111,17
26,1000,20,5.13,10.3,18,37,48,970,19,6,5,30,7.694102604,103,67,5.547141416,10.17824392,7.511743916,7.868610234,473,8,4,4,16,497,11,2,1,14,489,511,48,19,81,22
30,1000,20,5.13,10.3,18,37,39,957,27,13,3,43,7.69923571,115,72,5.519735287,10.32111383,7.363620462,8.006561551,459,10,8,1,19,498,17,5,2,24,478,522,51,21,88,27
28,1000,20,5.13,10.3,18,37,48,960,22,5,13,40,8.109185324,128,59,5.587009815,10.43605338,8.314900238,7.923807246,454,12,3,5,20,506,10,2,8,20,474,526,38,21,103,25
31,1000,20,5.13,10.3,18,37,39,950,24,13,13,50,7.845988823,115,48,5.492979243,10.56152778,7.761056553,7.925335606,458,15,6,4,25,492,9,7,9,25,483,517,30,18,87,28
27,1000,20,5.13,10.3,18,37,49,955,30,10,5,45,8.007875413,108,59,5.452100636,9.896953069,8.310599564,7.686426057,483,19,9,4,32,472,11,1,1,13,515,485,33,26,79,29
25,1000,20,5.13,10.3,18,37,53,955,29,10,6,45,8.159605026,93,77,5.579346516,10.23836019,8.426825636,7.898721664,472,13,5,4,22,483,16,5,2,23,494,506,53,24,68,25
29,1000,20,5.13,10.3,18,37,41,949,27,11,13,51,8.246997646,100,61,5.366184348,9.879295599,8.471832976,8.014850598,478,14,7,9,30,471,13,4,4,21,508,492,41,20,73,27
26,1000,20,5.13,10.3,18,37,49,969,20,6,5,31,7.730689421,130,77,5.576735396,10.21672135,7.592460943,7.862966771,472,9,4,4,17,497,11,2,1,14,489,511,57,20,105,25
24,1000,20,5.13,10.3,18,37,104,947,35,10,8,53,8.631182055,135,75,7.901779135,14.55977849,9.690992307,7.616999641,451,25,8,5,38,496,10,2,3,15,489,511,66,9,116,19
32,1000,20,5.13,10.3,18,37,0,937,31,15,17,63,7.373,94,55,5.054895459,9.094404273,6.342857143,8.362745098,468,12,6,4,22,469,19,9,13,41,490,510,31,24,55,39
30,1000,20,5.13,10.3,18,37,40,958,26,13,3,42,7.718690658,115,59,5.535467514,10.37540584,7.403255927,8.00753702,460,9,8,1,18,498,17,5,2,24,478,522,39,20,89,26
28,1000,20,5.13,10.3,18,37,49,959,23,5,13,41,8.127031283,101,52,5.593699239,10.4408143,8.35242463,7.923920168,453,13,3,5,21,506,10,2,8,20,474,526,39,13,78,23
27,1000,20,5.13,10.3,18,37,50,955,30,10,5,45,8.001215793,107,60,5.490820833,9.927481155,8.320131196,7.662573664,483,19,9,4,32,472,11,1,1,13,515,485,45,15,83,24
31,1000,20,5.13,10.3,18,37,40,949,25,13,13,51,7.863666727,104,59,5.499162061,10.58418743,7.791368245,7.93121057,457,16,6,4,26,492,9,7,9,25,483,517,36,23,80,24
25,1000,20,5.13,10.3,18,37,54,958,26,10,6,42,8.157284109,125,50,5.598958417,10.28030727,8.453213441,7.868372863,474,11,5,4,20,484,15,5,2,22,494,506,37,13,99,26
29,1000,20,5.13,10.3,18,37,42,949,27,11,13,51,8.239325398,107,67,5.3866235,9.912723406,8.497724474,7.9725231,478,14,7,9,30,471,13,4,4,21,508,492,41,26,79,28
26,1000,20,5.13,10.3,18,37,50,968,21,6,5,32,7.765078304,109,50,5.609690545,10.3036264,7.61382432,7.909820375,472,9,4,4,17,496,12,2,1,15,489,511,30,20,90,19
32,1000,20,5.13,10.3,18,37,1,940,30,13,17,60,7.358555106,109,58,5.056611262,9.114848783,6.332500168,8.344372595,468,12,6,4,22,472,18,7,13,38,490,510,40,18,73,36
30,1000,20,5.13,10.3,18,37,41,958,26,13,3,42,7.768665898,103,55,5.536416002,10.38982986,7.450548443,8.059968854,460,9,8,1,18,498,17,5,2,24,478,522,43,12,75,28
28,1000,20,5.13,10.3,18,37,50,960,23,5,12,40,8.143946025,112,49,5.590659166,10.44166349,8.410842328,7.903434907,454,12,3,5,20,506,11,2,7,20,474,526,36,13,86,26
27,1000,20,5.13,10.3,18,37,51,957,29,10,4,43,8.019900482,90,58,5.524277855,9.951954194,8.410590228,7.605044359,484,19,9,3,31,473,10,1,1,12,515,485,39,19,70,20
25,1000,20,5.13,10.3,18,37,55,961,23,10,6,39,8.138712557,110,53,5.643713412,10.33127089,8.474968667,7.8104309,475,10,5,4,19,486,13,5,2,20,494,506,39,14,74,36
31,1000,20,5.13,10.3,18,37,41,953,22,12,13,47,7.844412078,113,58,5.532730481,10.61157732,7.779480085,7.905073881,459,15,5,4,24,494,7,7,9,23,483,517,45,13,89,24
29,1000,20,5.13,10.3,18,37,43,950,27,11,12,50,8.246399375,116,68,5.396128473,9.969771944,8.560724839,7.921851944,478,14,7,9,30,472,13,4,3,20,508,492,47,21,84,32
26,1000,20,5.13,10.3,18,37,51,969,21,5,5,31,7.751291076,96,57,5.627967184,10.34650539,7.57937445,7.915806204,473,9,3,4,16,496,12,2,1,15,489,511,39,18,73,23
30,1000,20,5.13,10.3,18,37,42,959,25,13,3,41,7.804086821,114,61,5.556474439,10.41458389,7.524035973,8.06053185,460,9,8,1,18,499,16,5,2,23,478,522,43,18,86,28
28,1000,20,5.13,10.3,18,37,51,959,24,5,12,41,8.160381882,106,66,5.609957277,10.48035555,8.460683678,7.889767717,454,12,3,5,20,505,12,2,7,21,474,526,42,24,83,23
32,1000,20,5.13,10.3,18,37,2,939,31,13,17,61,7.371076966,91,66,5.06733912,9.140000751,6.344175722,8.357707573,467,13,6,4,23,472,18,7,13,38,490,510,36,30,60,31
27,1000,20,5.13,10.3,18,37,52,956,29,11,4,44,8.028737926,131,53,5.525994927,9.986771915,8.419816336,7.613469098,484,18,10,3,31,472,11,1,1,13,515,485,31,22,95,36
25,1000,20,5.13,10.3,18,37,56,963,21,10,6,37,8.170505672,107,59,5.619730689,10.36638971,8.558969652,7.791254277,474,11,5,4,20,489,10,5,2,17,494,506,42,17,82,25
29,1000,20,5.13,10.3,18,37,44,951,26,10,13,49,8.275199255,108,54,5.416253763,10.00807419,8.59109183,7.949033751,478,14,6,10,30,473,12,4,3,19,508,492,31,23,81,27
31,1000,20,5.13,10.3,18,37,42,954,20,13,13,46,7.864377983,131,63,5.550903143,10.63469422,7.819219003,7.906567127,459,14,6,4,24,495,6,7,9,22,483,517,38,25,100,31
26,1000,20,5.13,10.3,18,37,52,968,22,5,5,32,7.770469267,115,72,5.651532273,10.41308359,7.63344467,7.901594566,473,9,3,4,16,495,13,2,1,16,489,511,56,16,92,23
28,1000,20,5.13,10.3,18,37,52,959,24,6,11,41,8.17272996,101,58,5.61702037,10.50430769,8.535838795,7.845517816,454,12,3,5,20,505,12,3,6,21,474,526,41,17,76,25
30,1000,20,5.13,10.3,18,37,43,959,24,14,3,41,7.841503074,116,47,5.572178062,10.47333194,7.564750113,8.094928199,460,9,8,1,18,499,15,6,2,23,478,522,29,18,88,28
27,1000,20,5.13,10.3,18,37,53,954,31,11,4,46,8.047437109,103,68,5.550347201,10.02256211,8.4493847,7.62062678,482,20,10,3,33,472,11,1,1,13,515,485,48,20,76,27
25,1000,20,5.13,10.3,18,37,57,963,21,10,6,37,8.167973777,110,51,5.625336422,10.38856165,8.524523968,7.819879322,474,11,5,4,20,489,10,5,2,17,494,506,34,17,86,24
29,1000,20,5.13,10.3,18,37,45,950,27,10,13,50,8.300128092,108,69,5.44529095,10.02218962,8.628672541,7.960899272,478,14,6,10,30,472,13,4,3,20,508,492,44,25,74,34
32,1000,20,5.13,10.3,18,37,3,937,32,14,17,63,7.415085266,93,62,5.075199708,9.15989708,6.39776118,8.39251429,466,14,6,4,24,471,18,8,13,39,490,510,34,28,62,31
31,1000,20,5.13,10.3,18,37,43,954,20,13,13,46,7.881482631,92,50,5.575731496,10.65626348,7.833343978,7.926455492,459,14,6,4,24,495,6,7,9,22,483,517,35,15,67,25
26,1000,20,5.13,10.3,18,37,53,968,22,5,5,32,7.777489732,110,70,5.668417698,10.43221357,7.671860244,7.878571572,473,9,3,4,16,495,13,2,1,16,489,511,42,28,83,27
28,1000,20,5.13,10.3,18,37,53,959,24,6,11,41,8.174103439,116,69,5.624506932,10.55271918,8.561427642,7.825069842,454,12,3,5,20,505,12,3,6,21,474,526,50,19,95,21
30,1000,20,5.13,10.3,18,37,44,958,26,13,3,42,7.840828927,119,50,5.610313828,10.51958905,7.585733407,8.074422144,458,11,8,1,20,500,15,5,2,22,478,522,35,15,90,29
25,1000,20,5.13,10.3,18,37,58,964,21,9,6,36,8.190243961,101,56,5.654362681,10.42898134,8.540321182,7.848468966,475,11,5,3,19,489,10,4,3,17,494,506,41,15,76,25
27,1000,20,5.13,10.3,18,37,54,953,31,12,4,47,8.082614863,107,72,5.573627192,10.08713791,8.477103639,7.66372472,482,20,10,3,33,471,11,2,1,14,515,485,42,30,88,19
29,1000,20,5.13,10.3,18,37,46,951,26,10,13,49,8.29594449,103,51,5.445889396,10.04145285,8.653195637,7.927075419,477,15,6,10,31,474,11,4,3,18,508,492,36,15,80,23
31,1000,20,5.13,10.3,18,37,44,953,21,13,13,47,7.8879368,96,69,5.573404939,10.67766213,7.851223138,7.922236023,459,14,6,4,24,494,7,7,9,23,483,517,42,27,72,24
26,1000,20,5.13,10.3,18,37,54,967,23,4,6,33,7.794995418,99,58,5.681956793,10.48590626,7.6700107,7.914599189,473,9,2,5,16,494,14,2,1,17,489,511,35,23,79,20
32,1000,20,5.13,10.3,18,37,4,940,29,15,16,60,7.343090321,108,74,5.097836991,9.177518651,6.311990834,8.333754534,467,13,7,3,23,473,16,8,13,37,490,510,45,29,73,35
28,1000,20,5.13,10.3,18,37,54,959,23,7,11,41,8.206891307,107,53,5.659344944,10.60815595,8.603723704,7.849289489,455,11,3,5,19,504,12,4,6,22,474,526,39,14,83,24
25,1000,20,5.13,10.3,18,37,59,963,21,10,6,37,8.22156828,114,69,5.668892467,10.47025806,8.598462322,7.853612437,474,12,5,3,20,489,9,5,3,17,494,506,42,27,90,24
30,1000,20,5.13,10.3,18,37,45,960,25,12,3,40,7.878148813,118,59,5.610986858,10.53898262,7.662426391,8.075687735,457,12,8,1,21,503,13,4,2,19,478,522,41,18,92,26
27,1000,20,5.13,10.3,18,37,55,954,30,12,4,46,8.102753265,102,62,5.584326338,10.137296,8.51308118,7.667044242,482,20,10,3,33,472,10,2,1,13,515,485,44,18,75,27
29,1000,20,5.13,10.3,18,37,47,951,27,9,13,49,8.349467506,109,53,5.469462159,10.07619162,8.7370008,7.949331503,476,16,6,10,32,475,11,3,3,17,508,492,37,16,81,28
31,1000,20,5.13,10.3,18,37,45,953,21,13,13,47,7.906653567,105,48,5.580482812,10.72974849,7.88840088,7.923705885,459,14,6,4,24,494,7,7,9,23,483,517,32,16,80,25
26,1000,20,5.13,10.3,18,37,55,967,23,4,6,33,7.813714312,112,65,5.71366821,10.54631549,7.729023824,7.894758634,473,9,2,5,16,494,14,2,1,17,489,511,42,23,93,19
32,1000,20,5.13,10.3,18,37,5,942,28,14,16,58,7.369174139,86,55,5.103892833,9.207328695,6.34980489,8.348568124,467,13,7,3,23,475,15,7,13,35,490,510,38,17,58,28
28,1000,20,5.13,10.3,18,37,55,961,20,8,11,39,8.202994743,107,64,5.665374677,10.67666281,8.619541105,7.82762787,455,11,3,5,19,506,9,5,6,20,474,526,46,18,81,26
25,1000,20,5.13,10.3,18,37,60,964,20,10,6,36,8.193984385,123,60,5.667964645,10.52687306,8.59132799,7.806063949,474,12,5,3,20,490,8,5,3,16,494,506,41,19,93,30
27,1000,20,5.13,10.3,18,37,56,956,28,11,5,44,8.121883714,114,63,5.624097991,10.15491587,8.563645122,7.652796857,483,19,9,4,32,473,9,2,1,12,515,485,41,22,87,27
30,1000,20,5.13,10.3,18,37,46,962,24,12,2,38,7.885756006,98,52,5.613617943,10.58379478,7.698934603,8.05683001,457,13,7,1,21,505,11,5,1,17,478,522,40,12,76,22
29,1000,20,5.13,10.3,18,37,48,951,27,9,13,49,8.386684528,130,65,5.514582646,10.10702528,8.765345927,7.995708938,476,16,6,10,32,475,11,3,3,17,508,492,44,21,94,36
31,1000,20,5.13,10.3,18,37,46,953,21,13,13,47,7.942567235,105,64,5.598699854,10.77040191,7.899332974,7.982958237,459,14,6,4,24,494,7,7,9,23,483,517,46,18,83,22
26,1000,20,5.13,10.3,18,37,56,966,24,4,6,34,7.818579048,111,65,5.732419508,10.58787821,7.777004227,7.858363955,473,9,2,5,16,493,15,2,1,18,489,511,45,20,90,21
32,1000,20,5.13,10.3,18,37,6,945,28,11,16,55,7.361722167,91,48,5.10456773,9.220204714,6.335526026,8.347675322,468,13,6,3,22,477,15,5,13,33,490,510,26,22,62,29
28,1000,20,5.13,10.3,18,37,56,959,21,8,12,41,8.220954478,103,71,5.700433209,10.70120826,8.64479889,7.839011034,454,11,3,6,20,505,10,5,6,21,474,526,55,16,87,16
25,1000,20,5.13,10.3,18,37,61,965,20,9,6,35,8.219131672,114,63,5.671199136,10.56407208,8.653930421,7.794644356,474,12,5,3,20,491,8,4,3,15,494,506,46,17,85,29
27,1000,20,5.13,10.3,18,37,57,955,28,12,5,45,8.131762814,118,63,5.651859875,10.16601576,8.595360997,7.639488455,483,18,10,4,32,472,10,2,1,13,515,485,43,20,97,21
30,1000,20,5.13,10.3,18,37,47,963,24,11,2,37,7.847155174,104,66,5.626911557,10.64058873,7.670046233,8.009335392,458,13,6,1,20,505,11,5,1,17,478,522,38,28,77,27
29,1000,20,5.13,10.3,18,37,49,951,26,10,13,49,8.41555146,92,61,5.525974903,10.14208827,8.788846306,8.030116945,476,16,6,10,32,475,10,4,3,17,508,492,41,20,69,23
26,1000,20,5.13,10.3,18,37,57,965,24,5,6,35,7.852040401,99,79,5.754578384,10.63595358,7.82325384,7.87958762,473,9,2,5,16,492,15,3,1,19,489,511,55,24,80,19
31,1000,20,5.13,10.3,18,37,47,953,21,13,13,47,7.962570108,134,71,5.615105371,10.80849485,7.963654126,7.96155738,458,15,6,4,25,495,6,7,9,22,483,517,49,22,105,29
32,1000,20,5.13,10.3,18,37,7,946,27,11,16,54,7.419998196,107,63,5.106194087,9.238138987,6.372616779,8.426305832,468,13,6,3,22,478,14,5,13,32,490,510,43,20,72,35
28,1000,20,5.13,10.3,18,37,57,959,22,7,12,41,8.22689678,107,67,5.714988766,10.7470608,8.697750031,7.802591759,453,12,3,6,21,506,10,4,6,20,474,526,46,21,83,24
25,1000,20,5.13,10.3,18,37,62,967,18,9,6,33,8.221501291,127,55,5.698637506,10.6087026,8.699766627,7.754578216,475,11,5,3,19,492,7,4,3,14,494,506,43,12,86,41
27,1000,20,5.13,10.3,18,37,58,954,29,12,5,46,8.159205547,115,74,5.669033344,10.20869662,8.636901834,7.651961036,483,18,10,4,32,471,11,2,1,14,515,485,48,26,93,22
30,1000,20,5.13,10.3,18,37,48,964,23,11,2,36,7.893655767,103,56,5.642710653,10.69490911,7.719660596,8.052984679,458,13,6,1,20,506,10,5,1,16,478,522,40,16,84,19
29,1000,20,5.13,10.3,18,37,50,949,27,11,13,51,8.429054395,120,58,5.529603926,10.17254088,8.790406614,8.055950885,475,17,6,10,33,474,10,5,3,18,508,492,42,16,88,32
26,1000,20,5.13,10.3,18,37,58,966,23,5,6,34,7.833537923,121,63,5.771891056,10.67265907,7.825680957,7.841056625,473,9,2,5,16,493,14,3,1,18,489,511,38,25,97,24
31,1000,20,5.13,10.3,18,37,48,952,22,13,13,48,7.99404825,130,63,5.636441959,10.8497942,8.007717362,7.981278074,457,16,6,4,26,495,6,7,9,22,483,517,48,15,98,32
28,1000,20,5.13,10.3,18,37,58,959,22,7,12,41,8.251063122,106,60,5.731471265,10.81626151,8.732163266,7.817524209,453,12,3,6,21,506,10,4,6,20,474,526,44,16,82,24
25,1000,20,5.13,10.3,18,37,63,968,18,8,6,32,8.251733877,93,63,5.69848594,10.62781135,8.767424949,7.748272633,475,11,5,3,19,493,7,3,3,13,494,506,39,24,72,21
27,1000,20,5.13,10.3,18,37,59,955,29,11,5,45,8.155625197,95,74,5.700733193,10.24459358,8.681999246,7.596691928,483,18,10,4,32,472,11,1,1,13,515,485,60,14,75,20
32,1000,20,5.13,10.3,18,37,8,944,29,11,16,56,7.461862269,112,54,5.124410245,9.273470846,6.418166669,8.464628631,467,14,6,3,23,477,15,5,13,33,490,510,32,22,81,31
30,1000,20,5.13,10.3,18,37,49,962,24,13,1,38,7.883415647,108,62,5.671825248,10.74092278,7.720211664,8.032862973,458,13,6,1,20,504,11,7,0,18,478,522,37,25,78,30
29,1000,20,5.13,10.3,18,37,51,949,25,13,13,51,8.468656389,106,71,5.546571571,10.21939274,8.837492872,8.087825223,475,16,7,10,33,474,9,6,3,18,508,492,43,28,85,21
26,1000,20,5.13,10.3,18,37,59,967,22,5,6,33,7.870543198,116,61,5.774954883,10.70387703,7.851161374,7.889090579,473,9,2,5,16,494,13,3,1,17,489,511,43,18,94,22
31,1000,20,5.13,10.3,18,37,49,952,22,12,14,48,8.039666884,102,62,5.656839624,10.90692425,8.061230801,8.019521097,457,16,6,4,26,495,6,6,10,22,483,517,43,19,70,32
28,1000,20,5.13,10.3,18,37,59,955,26,7,12,45,8.28080807,115,72,5.765285756,10.86430956,8.766241448,7.843364303,452,13,3,6,22,503,13,4,6,23,474,526,46,26,91,24
25,1000,20,5.13,10.3,18,37,64,966,20,8,6,34,8.276044767,104,64,5.732062246,10.70188237,8.815968884,7.748925174,475,11,5,3,19,491,9,3,3,15,494,506,42,22,82,22
27,1000,20,5.13,10.3,18,37,60,954,30,11,5,46,8.177504749,101,66,5.711459239,10.26090845,8.697822699,7.625002182,482,19,10,4,33,472,11,1,1,13,515,485,36,30,81,20
30,1000,20,5.13,10.3,18,37,50,963,24,12,1,37,7.891766837,123,51,5.70265824,10.78687852,7.76597206,8.006958222,458,13,6,1,20,505,11,6,0,17,478,522,39,12,91,32
29,1000,20,5.13,10.3,18,37,52,947,27,13,13,53,8.496669302,123,67,5.582449641,10.30524218,8.859548344,8.121989316,474,17,7,10,34,473,10,6,3,19,508,492,45,22,94,29
32,1000,20,5.13,10.3,18,37,9,943,30,12,15,57,7.470515477,89,49,5.119726809,9.296798572,6.439396277,8.461198629,467,14,6,3,23,476,16,6,12,34,490,510,23,26,62,27
26,1000,20,5.13,10.3,18,37,60,968,21,5,6,32,7.869803082,112,64,5.795787181,10.74708712,7.859241324,7.879910127,473,9,2,5,16,495,12,3,1,16,489,511,40,24,91,21
31,1000,20,5.13,10.3,18,37,50,953,22,12,13,47,8.047837502,116,53,5.657621234,10.92631834,8.120748457,7.979721464,456,17,6,4,27,497,5,6,9,20,483,517,36,17,97,19
28,1000,20,5.13,10.3,18,37,60,954,27,7,12,46,8.285229783,123,54,5.790612965,10.90075882,8.762985611,7.85470457,452,13,3,6,22,502,14,4,6,24,474,526,38,16,96,27
25,1000,20,5.13,10.3,18,37,65,966,20,8,6,34,8.288931225,127,59,5.738778231,10.75820907,8.850489743,7.740690301,475,11,5,3,19,491,9,3,3,15,494,506,46,13,104,23
27,1000,20,5.13,10.3,18,37,61,953,29,13,5,47,8.179482548,104,63,5.736888185,10.30494657,8.719948914,7.605585273,482,18,11,4,33,471,11,2,1,14,515,485,50,13,82,22
30,1000,20,5.13,10.3,18,37,51,964,23,12,1,36,7.914795761,105,70,5.716252902,10.8202276,7.771318084,8.046179534,458,13,6,1,20,506,10,6,0,16,478,522,48,22,86,19
29,1000,20,5.13,10.3,18,37,53,945,29,13,13,55,8.534077451,101,53,5.604052317,10.32895641,8.912538086,8.143309154,474,17,7,10,34,471,12,6,3,21,508,492,34,19,75,26
26,1000,20,5.13,10.3,18,37,61,967,23,4,6,33,7.899504282,113,68,5.816038446,10.78188587,7.976972819,7.825370984,471,11,2,5,18,496,12,2,1,15,489,511,51,17,93,20
32,1000,20,5.13,10.3,18,37,10,945,28,12,15,55,7.469301133,101,56,5.112311624,9.312575487,6.454410442,8.444392189,467,14,6,3,23,478,14,6,12,32,490,510,29,27,75,26
31,1000,20,5.13,10.3,18,37,51,951,23,14,12,49,8.039743566,124,61,5.670406332,10.99675959,8.103088139,7.980564788,456,16,7,4,27,495,7,7,8,22,483,517,45,16,97,27
28,1000,20,5.13,10.3,18,37,61,956,25,7,12,44,8.275004537,112,65,5.815425797,10.95568939,8.793199213,7.808038231,453,12,3,6,21,503,13,4,6,23,474,526,41,24,91,21
25,1000,20,5.13,10.3,18,37,66,966,20,8,6,34,8.305835108,110,62,5.769175419,10.81047963,8.873559437,7.751574598,475,11,5,3,19,491,9,3,3,15,494,506,47,15,89,21
27,1000,20,5.13,10.3,18,37,62,953,27,15,5,47,8.231325282,110,75,5.750100063,10.32780821,8.802619824,7.624692933,482,16,13,4,33,471,11,2,1,14,515,485,56,19,90,20
30,1000,20,5.13,10.3,18,37,52,964,23,12,1,36,7.955608141,125,60,5.731426509,10.86361537,7.827858035,8.072590038,458,13,6,1,20,506,10,6,0,16,478,522,38,22,100,25
29,1000,20,5.13,10.3,18,37,54,943,31,13,13,57,8.568326158,112,63,5.598659149,10.33803671,8.999829061,8.122790641,471,20,7,10,37,472,11,6,3,20,508,492,40,23,90,22
26,1000,20,5.13,10.3,18,37,62,966,24,4,6,34,7.913783403,117,69,5.828961358,10.84495301,8.013604328,7.818260052,471,11,2,5,18,495,13,2,1,16,489,511,43,26,96,21
31,1000,20,5.13,10.3,18,37,52,951,23,14,12,49,8.051992632,114,49,5.6923666,11.07322265,8.127316797,7.981622088,456,16,7,4,27,495,7,7,8,22,483,517,35,14,90,24
32,1000,20,5.13,10.3,18,37,11,945,28,14,13,55,7.479863204,105,59,5.123270137,9.317595776,6.521848506,8.400308697,467,13,7,3,23,478,15,7,10,32,490,510,36,23,75,30
28,1000,20,5.13,10.3,18,37,62,956,25,7,12,44,8.303123818,103,80,5.848612873,10.98146225,8.856800014,7.804183671,453,12,3,6,21,503,13,4,6,23,474,526,52,28,81,22
25,1000,20,5.13,10.3,18,37,67,966,19,9,6,34,8.325407062,102,64,5.807542599,10.90555428,8.900177097,7.764267937,475,10,6,3,19,491,9,3,3,15,494,506,46,18,82,20
27,1000,20,5.13,10.3,18,37,63,953,26,16,5,47,8.224818983,107,60,5.775705988,10.3784409,8.830935548,7.581210672,481,16,14,4,34,472,10,2,1,13,515,485,46,14,79,28
30,1000,20,5.13,10.3,18,37,53,964,23,12,1,36,7.959799332,115,55,5.755502192,10.91801898,7.884313874,8.02892203,458,13,6,1,20,506,10,6,0,16,478,522,39,16,102,13
29,1000,20,5.13,10.3,18,37,55,942,33,13,12,58,8.577472859,84,55,5.61646161,10.39631008,8.993122212,8.148306454,471,21,7,9,37,471,12,6,3,21,508,492,40,15,61,23
26,1000,20,5.13,10.3,18,37,63,967,23,4,6,33,7.952251704,109,56,5.846330945,10.88609852,8.068460838,7.841045703,472,10,2,5,17,495,13,2,1,16,489,511,41,15,89,20
31,1000,20,5.13,10.3,18,37,53,951,25,14,10,49,8.084827254,110,68,5.692314566,11.11143702,8.222679465,7.956040759,454,18,7,4,29,497,7,7,6,20,483,517,47,21,84,26
32,1000,20,5.13,10.3,18,37,12,944,28,14,14,56,7.527282366,87,53,5.12013215,9.341512641,6.575506841,8.441733361,467,13,6,4,23,477,15,8,10,33,490,510,32,21,64,23
28,1000,20,5.13,10.3,18,37,63,957,24,7,12,43,8.306649443,127,56,5.872428067,11.0283109,8.86414542,7.804267137,453,12,3,6,21,504,12,4,6,22,474,526,39,17,98,29
25,1000,20,5.13,10.3,18,37,68,964,21,9,6,36,8.352360648,118,47,5.832024526,10.9331926,8.931855757,7.786608505,475,10,6,3,19,489,11,3,3,17,494,506,32,15,94,24
27,1000,20,5.13,10.3,18,37,64,952,27,16,5,48,8.259168227,103,53,5.784336686,10.39558396,8.87038023,7.610149297,480,17,14,4,35,472,10,2,1,13,515,485,41,12,84,19
30,1000,20,5.13,10.3,18,37,54,964,23,12,1,36,7.971708091,127,71,5.752522723,10.93241101,7.919793686,8.01924657,458,13,6,1,20,506,10,6,0,16,478,522,47,24,100,27
26,1000,20,5.13,10.3,18,37,64,967,23,4,6,33,7.989445156,105,65,5.860213705,10.95060007,8.088210234,7.894932196,472,10,2,5,17,495,13,2,1,16,489,511,45,20,88,17
29,1000,20,5.13,10.3,18,37,56,941,34,13,12,59,8.593076033,115,64,5.633050927,10.42792512,9.010419301,8.162160627,470,21,8,9,38,471,13,5,3,21,508,492,47,17,87,28
31,1000,20,5.13,10.3,18,37,54,951,25,14,10,49,8.100883871,113,42,5.732855963,11.16265227,8.280384678,7.93318776,452,19,7,5,31,499,6,7,5,18,483,517,28,14,85,28
28,1000,20,5.13,10.3,18,37,64,957,24,7,12,43,8.320080828,119,73,5.886120254,11.04990064,8.909706058,7.788745544,453,12,3,6,21,504,12,4,6,22,474,526,51,22,88,31
25,1000,20,5.13,10.3,18,37,69,962,22,10,6,38,8.376506708,107,62,5.844802144,10.98360588,8.944288992,7.822189616,474,10,7,3,20,488,12,3,3,18,494,506,47,15,89,18
27,1000,20,5.13,10.3,18,37,65,952,27,16,5,48,8.290850839,112,62,5.791801496,10.42986306,8.948765318,7.592240619,480,17,14,4,35,472,10,2,1,13,515,485,43,19,84,28
32,1000,20,5.13,10.3,18,37,13,946,25,15,14,54,7.553941604,98,58,5.122079526,9.351649744,6.607122873,8.46363019,467,13,6,4,23,479,12,9,10,31,490,510,35,23,74,24
30,1000,20,5.13,10.3,18,37,55,964,23,12,1,36,7.994898235,120,54,5.759744041,10.97012876,7.973940185,8.014089706,458,13,6,1,20,506,10,6,0,16,478,522,35,19,97,23
26,1000,20,5.13,10.3,18,37,65,966,24,4,6,34,8.032948817,109,58,5.892110308,11.00316729,8.135644767,7.934674219,471,11,2,5,18,495,13,2,1,16,489,511,39,19,84,25
29,1000,20,5.13,10.3,18,37,57,941,34,13,12,59,8.624913437,107,61,5.668406138,10.43673727,9.044521745,8.19165933,470,21,8,9,38,471,13,5,3,21,508,492,32,29,83,24
31,1000,20,5.13,10.3,18,37,55,952,26,12,10,48,8.110803164,118,55,5.769326473,11.19296445,8.314304183,7.92068519,451,20,7,5,32,501,6,5,5,16,483,517,43,12,96,22
28,1000,20,5.13,10.3,18,37,65,957,24,7,12,43,8.342694113,107,62,5.907905037,11.11944337,8.943364447,7.801405638,453,12,3,6,21,504,12,4,6,22,474,526,48,14,91,16
25,1000,20,5.13,10.3,18,37,70,962,22,10,6,38,8.384396887,109,76,5.866902242,11.03230029,8.94446045,7.837615463,474,10,7,3,20,488,12,3,3,18,494,506,51,25,83,26
27,1000,20,5.13,10.3,18,37,66,953,26,16,5,47,8.28810997,97,67,5.808302898,10.46335223,8.938895088,7.597070102,481,16,14,4,34,472,10,2,1,13,515,485,50,17,72,25
32,1000,20,5.13,10.3,18,37,14,947,25,15,13,53,7.549084016,95,64,5.123731562,9.368560485,6.60411907,8.456991514,468,12,6,4,22,479,13,9,9,31,490,510,39,25,67,28
30,1000,20,5.13,10.3,18,37,56,963,23,13,1,37,8.016195518,100,56,5.76626699,11.01845134,8.005487378,8.026001056,458,13,6,1,20,505,10,7,0,17,478,522,38,18,82,18
26,1000,20,5.13,10.3,18,37,66,966,24,4,6,34,8.03585525,112,66,5.923186375,11.06869427,8.147549565,7.928969693,471,11,2,5,18,495,13,2,1,16,489,511,45,21,90,22
29,1000,20,5.13,10.3,18,37,58,941,35,12,12,59,8.629097997,119,57,5.647575592,10.46463797,9.042318708,8.202439213,470,22,8,8,38,471,13,4,4,21,508,492,32,25,94,25
31,1000,20,5.13,10.3,18,37,56,953,26,11,10,47,8.13209616,107,58,5.771420291,11.21552492,8.360145722,7.919044056,452,20,6,5,31,501,6,5,5,16,483,517,37,21,88,19
28,1000,20,5.13,10.3,18,37,66,957,24,7,12,43,8.372621055,123,60,5.912245481,11.17373389,9.006757735,7.801174692,453,12,3,6,21,504,12,4,6,22,474,526,43,17,98,25
25,1000,20,5.13,10.3,18,37,71,963,21,10,6,37,8.422903816,100,69,5.901287506,11.07134144,9.070144151,7.791013055,473,10,7,4,21,490,11,3,2,16,494,506,51,18,81,19
27,1000,20,5.13,10.3,18,37,67,952,28,16,4,48,8.333659868,111,71,5.836040446,10.51952773,8.974125865,7.653577418,481,17,14,3,34,471,11,2,1,14,515,485,48,23,87,24
26,1000,20,5.13,10.3,18,37,67,967,23,4,6,33,8.037397155,112,68,5.93174684,11.1056224,8.168917875,7.911538776,471,11,2,5,18,496,12,2,1,15,489,511,49,19,90,22
30,1000,20,5.13,10.3,18,37,57,963,24,12,1,37,8.05196964,118,61,5.759081642,11.04884545,8.06621108,8.038928628,458,13,6,1,20,505,11,6,0,17,478,522,40,21,97,21
29,1000,20,5.13,10.3,18,37,59,942,34,12,12,58,8.604354899,116,54,5.657288116,10.48303313,9.032825058,8.161950751,471,21,8,8,37,471,13,4,4,21,508,492,38,16,85,31
32,1000,20,5.13,10.3,18,37,15,947,25,15,13,53,7.591379999,91,54,5.115211624,9.394760599,6.66633141,8.480152173,468,12,6,4,22,479,13,9,9,31,490,510,32,22,65,26
28,1000,20,5.13,10.3,18,37,67,957,23,9,11,43,8.420792366,130,63,5.937795589,11.18060489,9.015362046,7.885001439,453,12,3,6,21,504,11,6,5,22,474,526,42,21,107,23
31,1000,20,5.13,10.3,18,37,57,953,27,11,9,47,8.13616665,115,67,5.802603088,11.27444908,8.412713915,7.877806245,452,20,6,5,31,501,7,5,4,16,483,517,44,23,89,26
25,1000,20,5.13,10.3,18,37,72,963,21,10,6,37,8.418387144,127,66,5.912149432,11.09724708,9.086869768,7.765757863,473,10,7,4,21,490,11,3,2,16,494,506,48,18,103,24
27,1000,20,5.13,10.3,18,37,68,952,28,15,5,48,8.347761027,102,67,5.852260552,10.54758143,9.055321123,7.596434327,481,17,13,4,34,471,11,2,1,14,515,485,45,22,84,18
26,1000,20,5.13,10.3,18,37,68,966,22,5,7,34,8.05575966,123,51,5.949149912,11.16336245,8.18838666,7.928842629,470,11,3,5,19,496,11,2,2,15,489,511,38,13,99,24
30,1000,20,5.13,10.3,18,37,58,963,24,11,2,37,8.085825959,112,52,5.768369608,11.09181289,8.095567928,8.076905152,458,13,6,1,20,505,11,5,1,17,478,522,37,15,88,24
29,1000,20,5.13,10.3,18,37,60,941,33,13,13,59,8.647984699,113,61,5.680741712,10.5240169,9.109192697,8.171778066,471,19,9,9,37,470,14,4,4,22,508,492,45,16,93,20
32,1000,20,5.13,10.3,18,37,16,947,25,15,13,53,7.601731523,101,62,5.126625546,9.418399198,6.713353469,8.455271222,468,12,6,4,22,479,13,9,9,31,490,510,35,27,74,27
28,1000,20,5.13,10.3,18,37,68,957,22,10,11,43,8.445120521,119,66,5.944624359,11.20167921,9.038967103,7.909981206,453,12,3,6,21,504,10,7,5,22,474,526,47,19,100,19
25,1000,20,5.13,10.3,18,37,73,963,20,11,6,37,8.44951222,94,69,5.934993465,11.1662342,9.148524507,7.767077298,473,9,8,4,21,490,11,3,2,16,494,506,53,16,76,18
31,1000,20,5.13,10.3,18,37,58,952,27,12,9,48,8.184330375,105,57,5.829200056,11.28154865,8.476767215,7.911125358,452,20,6,5,31,500,7,6,4,17,483,517,44,13,77,28
27,1000,20,5.13,10.3,18,37,69,951,28,15,6,49,8.367966503,117,71,5.867851779,10.58237785,9.128949474,7.559912422,480,17,13,5,35,471,11,2,1,14,515,485,54,17,95,22
26,1000,20,5.13,10.3,18,37,69,965,23,5,7,35,8.085646251,127,64,5.969828288,11.18880436,8.273809375,7.905584082,470,11,3,5,19,495,12,2,2,16,489,511,39,25,100,27
29,1000,20,5.13,10.3,18,37,61,940,33,14,13,60,8.695957858,109,59,5.673011529,10.54234059,9.136815061,8.240763834,470,19,10,9,38,470,14,4,4,22,508,492,41,18,83,26
30,1000,20,5.13,10.3,18,37,59,964,25,10,1,36,8.093539473,112,72,5.799438299,11.12034806,8.086159312,8.100297551,459,14,5,0,19,505,11,5,1,17,478,522,55,17,84,28
32,1000,20,5.13,10.3,18,37,17,945,28,15,12,55,7.622867572,104,51,5.149692657,9.443894538,6.735400065,8.475532432,468,12,6,4,22,477,16,9,8,33,490,510,32,19,74,30
28,1000,20,5.13,10.3,18,37,69,957,22,10,11,43,8.464021792,119,44,6.002923801,11.24654868,9.035446215,7.949087995,453,12,3,6,21,504,10,7,5,22,474,526,35,9,92,27
25,1000,20,5.13,10.3,18,37,74,962,21,11,6,38,8.488643348,108,60,5.960718127,11.19905832,9.18530935,7.808499068,472,10,8,4,22,490,11,3,2,16,494,506,43,17,89,19
31,1000,20,5.13,10.3,18,37,59,954,25,13,8,46,8.212498425,129,66,5.848311151,11.29118068,8.498651471,7.945163955,453,19,7,4,30,501,6,6,4,16,483,517,49,17,105,24
27,1000,20,5.13,10.3,18,37,70,951,29,14,6,49,8.392526642,111,56,5.914409867,10.61132162,9.175450972,7.561174002,480,18,12,5,35,471,11,2,1,14,515,485,39,17,88,23
26,1000,20,5.13,10.3,18,37,70,965,23,5,7,35,8.111517169,105,77,5.978884565,11.2392476,8.32482293,7.907394827,470,11,3,5,19,495,12,2,2,16,489,511,54,23,92,13
30,1000,20,5.13,10.3,18,37,60,964,24,10,2,36,8.146662877,119,76,5.818119037,11.17559448,8.170258875,8.125055814,459,13,5,1,19,505,11,5,1,17,478,522,53,23,97,22
29,1000,20,5.13,10.3,18,37,62,940,32,15,13,60,8.695010238,100,65,5.695545998,10.60071974,9.158997854,8.215933594,470,18,11,9,38,470,14,4,4,22,508,492,39,26,76,24
28,1000,20,5.13,10.3,18,37,70,956,23,10,11,44,8.491760343,99,60,6.027667665,11.26599505,9.063684027,7.976376642,453,12,3,6,21,503,11,7,5,23,474,526,44,16,77,22
32,1000,20,5.13,10.3,18,37,18,943,30,15,12,57,7.66521119,103,59,5.150358419,9.483343557,6.769378567,8.525913123,467,13,6,4,23,476,17,9,8,34,490,510,30,29,67,36
25,1000,20,5.13,10.3,18,37,75,963,20,11,6,37,8.506371317,127,70,5.965242514,11.21463719,9.19064188,7.838328516,472,10,8,4,22,491,10,3,2,15,494,506,48,22,101,26
31,1000,20,5.13,10.3,18,37,60,954,25,13,8,46,8.24107434,103,72,5.869204496,11.31571226,8.534838102,7.966629664,453,19,7,4,30,501,6,6,4,16,483,517,53,19,86,17
27,1000,20,5.13,10.3,18,37,71,951,29,13,7,49,8.421233268,103,76,5.928928558,10.62936326,9.232134611,7.560173079,480,18,11,6,35,471,11,2,1,14,515,485,46,30,84,19
26,1000,20,5.13,10.3,18,37,71,965,23,5,7,35,8.10750562,114,68,5.994339758,11.30000307,8.36021997,7.865671341,470,11,3,5,19,495,12,2,2,16,489,511,52,16,90,24
30,1000,20,5.13,10.3,18,37,61,964,25,9,2,36,8.155587035,112,72,5.849799719,11.21678828,8.166332034,8.145747745,459,13,5,1,19,505,12,4,1,17,478,522,53,19,91,21
29,1000,20,5.13,10.3,18,37,63,938,34,15,13,62,8.705954973,102,66,5.72828858,10.62113885,9.185529246,8.210784788,469,19,11,9,39,469,15,4,4,23,508,492,49,17,77,25
28,1000,20,5.13,10.3,18,37,71,958,22,9,11,42,8.461745357,116,65,6.039485097,11.26852566,9.080137934,7.904486647,453,12,3,6,21,505,10,6,5,21,474,526,50,15,93,23
25,1000,20,5.13,10.3,18,37,76,964,20,11,5,36,8.484488627,109,49,6.003532202,11.26277073,9.178718856,7.806722356,472,11,8,3,22,492,9,3,2,14,494,506,30,19,89,20
27,1000,20,5.13,10.3,18,37,72,951,30,12,7,49,8.449582153,110,74,5.94151543,10.66575408,9.272042159,7.576248332,480,18,10,7,35,471,12,2,0,14,515,485,50,24,88,22
31,1000,20,5.13,10.3,18,37,61,954,25,13,8,46,8.248427286,118,73,5.870918493,11.36333748,8.567594997,7.950249328,453,19,7,4,30,501,6,6,4,16,483,517,52,21,96,22
32,1000,20,5.13,10.3,18,37,19,943,29,16,12,57,7.681814641,106,64,5.163351687,9.506134895,6.817131223,8.512588906,466,14,6,4,24,477,15,10,8,33,490,510,42,22,79,27
26,1000,20,5.13,10.3,18,37,72,965,22,6,7,35,8.120056565,106,77,5.993898384,11.35595068,8.378851993,7.872403014,470,11,3,5,19,495,11,3,2,16,489,511,57,20,88,18
29,1000,20,5.13,10.3,18,37,64,936,36,15,13,64,8.732078668,110,60,5.761524771,10.68679544,9.242504927,8.205053182,468,20,11,9,40,468,16,4,4,24,508,492,41,19,88,22
30,1000,20,5.13,10.3,18,37,62,964,25,9,2,36,8.177422507,104,73,5.877733053,11.23688043,8.235824157,8.123943601,459,13,5,1,19,505,12,4,1,17,478,522,51,22,86,18
28,1000,20,5.13,10.3,18,37,72,958,22,9,11,42,8.445342172,118,63,6.062821274,11.30590898,9.090680926,7.863801165,453,12,3,6,21,505,10,6,5,21,474,526,43,20,88,30
25,1000,20,5.13,10.3,18,37,77,963,21,12,4,37,8.503097843,115,67,6.015920375,11.30266279,9.214121934,7.808935984,471,12,9,2,23,492,9,3,2,14,494,506,52,15,87,28
27,1000,20,5.13,10.3,18,37,73,952,29,12,7,48,8.446234629,99,73,5.955905257,10.72978787,9.298122267,7.54165291,480,18,10,7,35,472,11,2,0,13,515,485,47,26,82,17
31,1000,20,5.13,10.3,18,37,62,954,25,13,8,46,8.291000609,105,64,5.890239791,11.40505444,8.628973743,7.975253949,453,19,7,4,30,501,6,6,4,16,483,517,45,19,78,27
32,1000,20,5.13,10.3,18,37,20,945,27,16,12,55,7.6900017,116,53,5.17817618,9.543154145,6.762843748,8.580800516,468,13,5,4,22,477,14,11,8,33,490,510,32,21,81,35
26,1000,20,5.13,10.3,18,37,73,964,22,6,8,36,8.113432792,119,59,6.020295319,11.43229628,8.414785723,7.82505396,469,12,3,5,20,495,10,3,3,16,489,511,45,14,101,18
30,1000,20,5.13,10.3,18,37,63,964,24,10,2,36,8.19852381,108,68,5.883570829,11.25897726,8.270902774,8.132245755,459,13,5,1,19,505,11,5,1,17,478,522,48,20,82,26
29,1000,20,5.13,10.3,18,37,65,936,36,14,14,64,8.744175152,110,57,5.778272938,10.73481116,9.245833776,8.226202426,468,20,11,9,40,468,16,3,5,24,508,492,38,19,92,18
28,1000,20,5.13,10.3,18,37,73,957,22,10,11,43,8.445132146,127,71,6.083636675,11.33250591,9.115981669,7.840602348,452,12,4,6,22,505,10,6,5,21,474,526,50,21,102,25
25,1000,20,5.13,10.3,18,37,78,963,21,12,4,37,8.518539704,128,63,6.026137841,11.34235865,9.210439052,7.843049036,471,12,9,2,23,492,9,3,2,14,494,506,38,25,110,18
27,1000,20,5.13,10.3,18,37,74,951,30,12,7,49,8.450428216,129,70,5.975298141,10.77253179,9.312257802,7.535289584,479,19,10,7,36,472,11,2,0,13,515,485,48,22,110,19
31,1000,20,5.13,10.3,18,37,63,955,25,12,8,45,8.277468957,117,61,5.921798391,11.48291795,8.638061118,7.940590788,453,19,7,4,30,502,6,5,4,15,483,517,40,21,94,23
26,1000,20,5.13,10.3,18,37,74,962,23,7,8,38,8.138151069,120,72,6.034835396,11.49198504,8.453943728,7.835954179,468,12,4,5,21,494,11,3,3,17,489,511,49,23,95,25
32,1000,20,5.13,10.3,18,37,21,945,27,16,12,55,7.677709617,106,55,5.19101088,9.564091558,6.745451152,8.573408927,468,13,5,4,22,477,14,11,8,33,490,510,42,13,74,32
30,1000,20,5.13,10.3,18,37,64,962,26,10,2,38,8.187171137,112,64,5.898387411,11.28812598,8.270210834,8.111130955,459,13,5,1,19,503,13,5,1,19,478,522,47,17,87,25
29,1000,20,5.13,10.3,18,37,66,934,38,13,15,66,8.772650567,100,57,5.823776813,10.78437925,9.259837157,8.26962051,468,20,10,10,40,466,18,3,5,26,508,492,46,11,79,21
28,1000,20,5.13,10.3,18,37,74,955,24,10,11,45,8.434253713,157,76,6.096038541,11.37447215,9.119761122,7.816515097,450,14,4,6,24,505,10,6,5,21,474,526,57,19,122,35
25,1000,20,5.13,10.3,18,37,79,962,22,12,4,38,8.537792954,101,68,6.024622183,11.38612235,9.268639117,7.824279112,470,13,9,2,24,492,9,3,2,14,494,506,51,17,80,21
27,1000,20,5.13,10.3,18,37,75,954,28,11,7,46,8.4361992,110,65,5.988404676,10.78681256,9.327512924,7.489752668,479,19,10,7,36,475,9,1,0,10,515,485,49,16,86,24
31,1000,20,5.13,10.3,18,37,64,954,26,12,8,46,8.319968358,121,54,5.940297384,11.54233477,8.739549445,7.927980612,453,19,7,4,30,501,7,5,4,16,483,517,40,14,100,21
26,1000,20,5.13,10.3,18,37,75,963,22,7,8,37,8.163805759,120,65,6.055599352,11.54462634,8.488794664,7.852808549,468,12,4,5,21,495,10,3,3,16,489,511,49,16,89,31
30,1000,20,5.13,10.3,18,37,65,962,26,9,3,38,8.190619758,122,69,5.902821279,11.32055256,8.302669216,8.088015083,459,13,5,1,19,503,13,4,2,19,478,522,56,13,104,18
29,1000,20,5.13,10.3,18,37,67,934,38,13,15,66,8.788117971,107,63,5.831310681,10.81449806,9.283466718,8.276660321,468,20,10,10,40,466,18,3,5,26,508,492,42,21,78,29
32,1000,20,5.13,10.3,18,37,22,945,27,15,13,55,7.740957213,87,59,5.20945594,9.601923001,6.787862298,8.656675857,468,13,5,4,22,477,14,10,9,33,490,510,41,18,63,24
28,1000,20,5.13,10.3,18,37,75,951,28,10,11,49,8.499578834,121,72,6.12543882,11.43650496,9.223027556,7.847649758,448,16,4,6,26,503,12,6,5,23,474,526,51,21,92,29
25,1000,20,5.13,10.3,18,37,80,959,25,12,4,41,8.610762838,122,75,6.052529781,11.4291889,9.310251168,7.927863164,470,13,9,2,24,489,12,3,2,17,494,506,56,19,99,23
27,1000,20,5.13,10.3,18,37,76,954,28,11,7,46,8.42868408,120,65,6.000974015,10.81244095,9.369765281,7.429391671,478,20,10,7,37,476,8,1,0,9,515,485,46,19,98,22
31,1000,20,5.13,10.3,18,37,65,954,26,12,8,46,8.310479325,117,77,5.960550833,11.58735182,8.74466092,7.904851258,452,20,7,4,31,502,6,5,4,15,483,517,60,17,96,21
26,1000,20,5.13,10.3,18,37,76,965,20,8,7,35,8.130860842,117,84,6.076049541,11.59058584,8.504124019,7.773667703,468,11,5,5,21,497,9,3,2,14,489,511,56,28,100,17
30,1000,20,5.13,10.3,18,37,66,961,26,9,4,39,8.208616934,128,66,5.929041719,11.39619167,8.315938243,8.110341866,459,13,5,1,19,502,13,4,3,20,478,522,56,10,104,24
29,1000,20,5.13,10.3,18,37,68,935,37,13,15,65,8.779828052,112,72,5.849854398,10.84584265,9.336158127,8.205405943,468,20,10,10,40,467,17,3,5,25,508,492,52,20,90,22
32,1000,20,5.13,10.3,18,37,23,946,26,15,13,54,7.752491064,101,68,5.235682363,9.598248583,6.837848663,8.631265135,469,12,5,4,21,477,14,10,9,33,490,510,41,27,73,28
28,1000,20,5.13,10.3,18,37,76,951,27,11,11,49,8.511239539,134,56,6.155449997,11.47405032,9.263740065,7.8331307,448,15,5,6,26,503,12,6,5,23,474,526,41,15,112,22
25,1000,20,5.13,10.3,18,37,81,958,25,13,4,42,8.640553912,124,77,6.078149021,11.45741579,9.354426752,7.943610862,470,13,9,2,24,488,12,4,2,18,494,506,58,19,104,20
27,1000,20,5.13,10.3,18,37,77,952,30,11,7,48,8.469962047,115,62,6.013186967,10.89267597,9.449301636,7.430044752,477,21,10,7,38,475,9,1,0,10,515,485,44,18,95,20
31,1000,20,5.13,10.3,18,37,66,954,26,12,8,46,8.349519716,107,60,5.961852333,11.65137968,8.799217597,7.929395777,452,20,7,4,31,502,6,5,4,15,483,517,43,17,89,18
26,1000,20,5.13,10.3,18,37,77,965,21,7,7,35,8.138483268,132,59,6.097783475,11.64228195,8.516996417,7.776266185,468,12,4,5,21,497,9,3,2,14,489,511,46,13,107,25
29,1000,20,5.13,10.3,18,37,69,935,36,14,15,65,8.793523008,107,55,5.849108259,10.90113526,9.366393893,8.202022176,468,19,11,10,40,467,17,3,5,25,508,492,39,16,79,28
30,1000,20,5.13,10.3,18,37,67,961,26,9,4,39,8.212743707,112,69,5.961974997,11.46476668,8.336038243,8.099841814,459,13,5,1,19,502,13,4,3,20,478,522,49,20,94,18
28,1000,20,5.13,10.3,18,37,77,950,29,11,10,50,8.549138645,128,79,6.167211554,11.53392089,9.326046923,7.849034989,446,17,5,6,28,504,12,6,4,22,474,526,58,21,96,32
25,1000,20,5.13,10.3,18,37,82,958,25,13,4,42,8.659425615,126,79,6.106237809,11.48633309,9.389762515,7.946408959,470,13,9,2,24,488,12,4,2,18,494,506,58,21,107,19
32,1000,20,5.13,10.3,18,37,24,946,27,15,12,54,7.757444948,92,54,5.236061939,9.612535291,6.873055077,8.607152863,469,12,5,4,21,477,15,10,8,33,490,510,35,19,73,19
27,1000,20,5.13,10.3,18,37,78,952,30,11,7,48,8.501011468,106,67,6.035804307,10.94052729,9.487066985,7.453962827,477,21,10,7,38,475,9,1,0,10,515,485,49,18,88,18
31,1000,20,5.13,10.3,18,37,67,953,27,12,8,47,8.378384522,111,60,5.999326964,11.74926542,8.836252549,7.950627738,451,21,7,4,32,502,6,5,4,15,483,517,40,20,92,19
26,1000,20,5.13,10.3,18,37,78,965,22,6,7,35,8.12347675,115,68,6.12342234,11.71609705,8.533603694,7.731006934,468,12,4,5,21,497,10,2,2,14,489,511,46,22,96,19
29,1000,20,5.13,10.3,18,37,70,934,37,13,16,66,8.871928879,118,58,5.853040078,10.94701875,9.496059178,8.22750166,467,20,10,11,41,467,17,3,5,25,508,492,43,15,91,27
30,1000,20,5.13,10.3,18,37,68,961,25,10,4,39,8.263129384,112,55,5.978360072,11.53217542,8.378716701,8.157285059,459,12,6,1,19,502,13,4,3,20,478,522,40,15,90,22
28,1000,20,5.13,10.3,18,37,78,950,30,10,10,50,8.537387975,114,69,6.190130435,11.56883162,9.345377143,7.809276063,445,18,5,6,29,505,12,5,4,21,474,526,49,20,90,24
25,1000,20,5.13,10.3,18,37,83,958,25,12,5,42,8.673379505,124,71,6.137919144,11.54954311,9.424760965,7.939817367,470,13,9,2,24,488,12,3,3,18,494,506,57,14,102,22
32,1000,20,5.13,10.3,18,37,25,946,27,15,12,54,7.798038679,96,50,5.252188869,9.641431853,6.959486752,8.603706217,469,12,5,4,21,477,15,10,8,33,490,510,28,22,73,23
27,1000,20,5.13,10.3,18,37,79,951,30,12,7,49,8.55246725,109,84,6.069363173,10.96576751,9.534599939,7.509584085,477,21,10,7,38,474,9,2,0,11,515,485,52,32,91,18
31,1000,20,5.13,10.3,18,37,68,953,26,13,8,47,8.398254361,117,65,6.024329297,11.79978617,8.852089049,7.974265667,451,20,8,4,32,502,6,5,4,15,483,517,49,16,95,22
26,1000,20,5.13,10.3,18,37,79,965,21,8,6,35,8.155537066,122,80,6.138488247,11.78303682,8.588837984,7.740890982,468,11,6,4,21,497,10,2,2,14,489,511,57,23,97,25
30,1000,20,5.13,10.3,18,37,69,962,25,9,4,38,8.284797542,101,51,6.000714437,11.57398719,8.393760464,8.185019234,459,12,6,1,19,503,13,3,3,19,478,522,40,11,83,18
29,1000,20,5.13,10.3,18,37,71,934,37,13,16,66,8.892263329,109,79,5.859036381,10.9987698,9.519587877,8.244537982,467,20,10,11,41,467,17,3,5,25,508,492,54,25,90,19
28,1000,20,5.13,10.3,18,37,79,952,28,9,11,48,8.561389359,122,73,6.215385305,11.62964751,9.402863308,7.803102948,445,18,5,6,29,507,10,4,5,19,474,526,50,23,102,20
25,1000,20,5.13,10.3,18,37,84,960,22,12,6,40,8.68720534,136,77,6.165610891,11.58335283,9.486757355,7.906615033,470,12,9,3,24,490,10,3,3,16,494,506,58,19,115,21
27,1000,20,5.13,10.3,18,37,80,952,29,11,8,48,8.555285576,121,58,6.07644298,10.9886963,9.525476552,7.525082787,478,21,9,7,37,474,8,2,1,11,515,485,41,17,100,21
32,1000,20,5.13,10.3,18,37,26,946,27,15,12,54,7.83282527,105,57,5.252377206,9.690656851,6.978695505,8.65345975,469,12,5,4,21,477,15,10,8,33,490,510,38,19,80,25
31,1000,20,5.13,10.3,18,37,69,955,25,12,8,45,8.397476282,111,58,6.038875617,11.8380643,8.867898334,7.957991077,452,20,7,4,31,503,5,5,4,14,483,517,42,16,91,20
26,1000,20,5.13,10.3,18,37,80,965,21,8,6,35,8.194116953,122,72,6.207388332,11.87033065,8.673160364,7.73569772,468,11,6,4,21,497,10,2,2,14,489,511,51,21,108,14
29,1000,20,5.13,10.3,18,37,72,933,38,13,16,67,8.922314133,124,58,5.890695373,11.04319343,9.561694603,8.262140802,466,22,9,11,42,467,16,4,5,25,508,492,43,15,95,29
30,1000,20,5.13,10.3,18,37,70,963,24,9,4,37,8.299014555,121,67,6.012512916,11.62531519,8.463834685,8.148087309,459,12,6,1,19,504,12,3,3,18,478,522,47,20,100,21
28,1000,20,5.13,10.3,18,37,80,953,27,10,10,47,8.563816591,120,60,6.245552278,11.67344406,9.475630684,7.742143814,445,17,6,6,29,508,10,4,4,18,474,526,39,21,101,19
25,1000,20,5.13,10.3,18,37,85,961,21,12,6,39,8.678096961,104,70,6.20871281,11.69166708,9.509612432,7.866301225,470,12,9,3,24,491,9,3,3,15,494,506,48,22,88,16
27,1000,20,5.13,10.3,18,37,81,951,30,11,8,49,8.563573985,112,71,6.078244459,11.0352175,9.542341622,7.524264019,477,22,9,7,38,474,8,2,1,11,515,485,58,13,87,25
32,1000,20,5.13,10.3,18,37,27,946,26,15,13,54,7.882555229,87,56,5.254826231,9.686354919,7.067596307,8.665554977,468,13,5,4,22,478,13,10,9,32,490,510,33,23,69,18
26,1000,20,5.13,10.3,18,37,81,965,20,9,6,35,8.20852427,121,68,6.240091437,11.97401093,8.718989234,7.720036271,468,11,6,4,21,497,9,3,2,14,489,511,49,19,105,16
31,1000,20,5.13,10.3,18,37,70,956,25,12,7,44,8.383151678,131,70,6.050024922,11.8604864,8.841346914,7.955089205,453,20,7,3,30,503,5,5,4,14,483,517,48,22,106,25
29,1000,20,5.13,10.3,18,37,73,932,39,13,16,68,8.952947153,112,64,5.920150932,11.08468377,9.597373944,8.287563393,466,22,9,11,42,466,17,4,5,26,508,492,47,17,90,22
30,1000,20,5.13,10.3,18,37,71,963,24,9,4,37,8.307458634,123,69,6.01750799,11.67133025,8.497306295,8.133613459,459,12,6,1,19,504,12,3,3,18,478,522,52,17,104,19
28,1000,20,5.13,10.3,18,37,81,954,26,10,10,46,8.562955303,121,63,6.269975626,11.72812504,9.507973554,7.71136091,445,17,6,6,29,509,9,4,4,17,474,526,42,21,106,15
25,1000,20,5.13,10.3,18,37,86,961,21,12,6,39,8.705601503,117,74,6.238297161,11.71220906,9.537723845,7.893213288,470,12,9,3,24,491,9,3,3,15,494,506,50,24,102,15
27,1000,20,5.13,10.3,18,37,82,951,31,10,8,49,8.573026762,95,65,6.116773536,11.05584358,9.575087883,7.50898248,476,23,9,7,39,475,8,1,1,10,515,485,41,24,80,15
26,1000,20,5.13,10.3,18,37,82,966,20,8,6,34,8.203627188,118,70,6.255830192,12.02184652,8.726638106,7.703133375,469,11,5,4,20,497,9,3,2,14,489,511,56,14,98,20
31,1000,20,5.13,10.3,18,37,71,956,25,12,7,44,8.404036049,129,66,6.07089651,11.91437799,8.921255574,7.92083096,453,20,7,3,30,503,5,5,4,14,483,517,46,20,110,19
32,1000,20,5.13,10.3,18,37,28,947,26,13,14,53,7.869399061,88,73,5.249600362,9.69253322,7.10346765,8.605293946,468,13,4,5,22,479,13,9,9,31,490,510,46,27,68,20
29,1000,20,5.13,10.3,18,37,74,932,39,13,16,68,8.96436144,110,65,5.928632107,11.12504857,9.585147495,8.323387221,466,22,9,11,42,466,17,4,5,26,508,492,44,21,91,19
30,1000,20,5.13,10.3,18,37,72,961,26,9,4,39,8.302412911,124,80,6.050153854,11.70622702,8.531223627,8.092888922,458,13,6,1,20,503,13,3,3,19,478,522,61,19,101,23
28,1000,20,5.13,10.3,18,37,82,954,26,10,10,46,8.588892197,128,66,6.315082885,11.81206176,9.570686748,7.704157185,445,17,6,6,29,509,9,4,4,17,474,526,49,17,107,21
25,1000,20,5.13,10.3,18,37,87,960,22,11,7,40,8.754096691,139,66,6.269759452,11.79672751,9.593247887,7.934846314,469,13,8,4,25,491,9,3,3,15,494,506,51,15,117,22
27,1000,20,5.13,10.3,18,37,83,951,30,11,8,49,8.662970433,114,64,6.120833375,11.09866124,9.653694822,7.610964122,476,22,10,7,39,475,8,1,1,10,515,485,49,15,97,17
26,1000,20,5.13,10.3,18,37,83,963,23,8,6,37,8.236825054,134,75,6.270123337,12.05473524,8.757147335,7.738904124,468,12,5,4,21,495,11,3,2,16,489,511,52,23,118,16
31,1000,20,5.13,10.3,18,37,72,957,24,12,7,43,8.393104103,124,85,6.099764552,11.94356476,8.90978768,7.910399717,454,19,7,3,29,503,5,5,4,14,483,517,63,22,95,29
32,1000,20,5.13,10.3,18,37,29,946,28,13,13,54,7.86829407,109,62,5.250424051,9.719359947,7.127748154,8.579798969,468,13,4,5,22,478,15,9,8,32,490,510,38,24,85,24
29,1000,20,5.13,10.3,18,37,75,932,38,14,16,68,8.990724389,99,65,5.977560563,11.16338213,9.61156743,8.349691331,466,21,10,11,42,466,17,4,5,26,508,492,48,17,89,10
30,1000,20,5.13,10.3,18,37,73,959,28,9,4,41,8.334278588,124,70,6.098990175,11.74631152,8.574843226,8.11399143,457,14,6,1,21,502,14,3,3,20,478,522,52,18,108,16
28,1000,20,5.13,10.3,18,37,83,954,25,11,10,46,8.643720508,120,71,6.364404949,11.91716643,9.601531322,7.780598215,445,17,6,6,29,509,8,5,4,17,474,526,54,17,96,24
25,1000,20,5.13,10.3,18,37,88,960,22,10,8,40,8.7480472,134,65,6.303917667,11.85936772,9.623265172,7.893585387,469,13,7,5,25,491,9,3,3,15,494,506,51,14,110,24
27,1000,20,5.13,10.3,18,37,84,951,29,12,8,49,8.676786849,103,78,6.172902366,11.15537113,9.694732553,7.595875431,476,21,11,7,39,475,8,1,1,10,515,485,60,18,88,15
26,1000,20,5.13,10.3,18,37,84,962,24,8,6,38,8.227238508,102,73,6.298219908,12.11057844,8.772987472,7.704985586,468,12,5,4,21,494,12,3,2,17,489,511,59,14,85,17
31,1000,20,5.13,10.3,18,37,73,956,24,13,7,44,8.404326548,130,59,6.123658211,12.02061232,8.995873233,7.851682352,453,19,8,3,30,503,5,5,4,14,483,517,42,17,107,23
29,1000,20,5.13,10.3,18,37,76,932,38,14,16,68,8.98719258,127,60,5.987258484,11.18591037,9.61919257,8.334639746,466,21,10,11,42,466,17,4,5,26,508,492,43,17,95,32
30,1000,20,5.13,10.3,18,37,74,958,28,10,4,42,8.33966769,125,70,6.122066553,11.77783331,8.596500169,8.104483926,456,14,7,1,22,502,14,3,3,20,478,522,49,21,105,20
28,1000,20,5.13,10.3,18,37,84,955,24,11,10,45,8.659508319,118,63,6.396312331,11.96682735,9.592290337,7.818940494,446,16,6,6,28,509,8,5,4,17,474,526,45,18,99,19
32,1000,20,5.13,10.3,18,37,30,948,26,13,13,52,7.868249573,113,57,5.256142725,9.75984,7.156517628,8.552070463,469,12,4,5,21,479,14,9,8,31,490,510,35,22,77,36
25,1000,20,5.13,10.3,18,37,89,959,23,10,8,41,8.770328083,120,66,6.332945947,11.91009623,9.670078671,7.891915453,468,14,7,5,26,491,9,3,3,15,494,506,54,12,100,20
27,1000,20,5.13,10.3,18,37,85,950,30,12,8,50,8.699097903,113,72,6.199886069,11.22536035,9.765755614,7.566461364,476,21,11,7,39,474,9,1,1,11,515,485,56,16,92,21
26,1000,20,5.13,10.3,18,37,85,961,25,8,6,39,8.284900225,132,73,6.338295865,12.16972769,8.850767237,7.743395394,467,13,5,4,22,494,12,3,2,17,489,511,55,18,113,19
31,1000,20,5.13,10.3,18,37,74,957,23,12,8,43,8.454049649,112,89,6.126118207,12.0645476,9.065310947,7.882987353,454,18,8,3,29,503,5,4,5,14,483,517,70,19,95,17
29,1000,20,5.13,10.3,18,37,77,933,37,14,16,67,8.981973466,133,56,6.009021631,11.23694657,9.611640934,8.331829009,467,20,10,11,41,466,17,4,5,26,508,492,33,23,106,27
30,1000,20,5.13,10.3,18,37,75,957,29,10,4,43,8.373391638,125,72,6.163752698,11.82224147,8.677692838,8.094740347,454,16,7,1,24,503,13,3,3,19,478,522,46,26,102,23
28,1000,20,5.13,10.3,18,37,85,954,25,11,10,46,8.709897323,119,75,6.429667235,11.99588016,9.628225877,7.882354101,445,17,6,6,29,509,8,5,4,17,474,526,59,16,93,26
25,1000,20,5.13,10.3,18,37,90,961,21,10,8,39,8.789217083,126,69,6.364739061,11.99608661,9.724246157,7.876362611,468,13,8,5,26,493,8,2,3,13,494,506,57,12,104,22
32,1000,20,5.13,10.3,18,37,31,949,25,13,13,51,7.896776578,119,43,5.275573469,9.808049416,7.179230479,8.586183613,469,12,4,5,21,480,13,9,8,30,490,510,27,16,83,36
27,1000,20,5.13,10.3,18,37,86,949,31,12,8,51,8.71592406,120,74,6.19655668,11.2822548,9.777219975,7.588980976,476,21,11,7,39,473,10,1,1,12,515,485,54,20,89,31
26,1000,20,5.13,10.3,18,37,86,959,28,8,5,41,8.289386079,113,82,6.354825727,12.22433119,8.841362896,7.761173431,467,14,5,3,22,492,14,3,2,19,489,511,53,29,99,14
31,1000,20,5.13,10.3,18,37,75,956,24,12,8,44,8.487170479,122,80,6.15460524,12.14448849,9.130556335,7.886096265,453,19,8,3,30,503,5,4,5,14,483,517,50,30,102,20
29,1000,20,5.13,10.3,18,37,78,931,39,14,16,69,9.034319432,125,65,6.04057509,11.31239437,9.689435697,8.357898573,465,22,10,11,43,466,17,4,5,26,508,492,47,18,107,18
30,1000,20,5.13,10.3,18,37,76,958,28,10,4,42,8.389160863,126,65,6.191813024,11.89295152,8.715136853,8.090661777,454,16,7,1,24,504,12,3,3,18,478,522,44,21,99,27
25,1000,20,5.13,10.3,18,37,91,961,21,10,8,39,8.803695927,135,84,6.388430138,12.04891474,9.774007115,7.856396071,468,13,8,5,26,493,8,2,3,13,494,506,62,22,113,22
28,1000,20,5.13,10.3,18,37,86,954,25,11,10,46,8.723338129,130,68,6.465007207,12.02769157,9.63996398,7.897329282,445,17,6,6,29,509,8,5,4,17,474,526,47,21,112,18
27,1000,20,5.13,10.3,18,37,87,948,32,12,8,52,8.753593584,120,72,6.200336449,11.3006478,9.825383269,7.61550763,475,22,11,7,40,473,10,1,1,12,515,485,51,21,102,18
32,1000,20,5.13,10.3,18,37,32,949,26,14,11,51,7.886356123,111,63,5.301252038,9.833413599,7.186208195,8.559047269,468,13,4,5,22,481,13,10,6,29,490,510,34,29,77,34
26,1000,20,5.13,10.3,18,37,87,959,28,8,5,41,8.307100346,130,57,6.393359252,12.29965487,8.8526826,7.785006956,468,13,5,3,21,491,15,3,2,20,489,511,41,16,107,23
31,1000,20,5.13,10.3,18,37,76,953,28,13,6,47,8.483915723,109,64,6.177367832,12.2162972,9.125989943,7.884066887,452,20,9,2,31,501,8,4,4,16,483,517,47,17,98,11
29,1000,20,5.13,10.3,18,37,79,930,40,15,15,70,9.042765941,121,71,6.062227011,11.33655174,9.693616538,8.370749472,464,23,11,10,44,466,17,4,5,26,508,492,50,21,97,24
25,1000,20,5.13,10.3,18,37,92,961,21,10,8,39,8.828307834,115,64,6.425634012,12.11186555,9.814407208,7.865594216,468,13,8,5,26,493,8,2,3,13,494,506,53,11,96,19
28,1000,20,5.13,10.3,18,37,87,954,26,9,11,46,8.734894925,117,86,6.477211221,12.08055477,9.676400136,7.886466275,445,17,6,6,29,509,9,3,5,17,474,526,71,15,98,19
30,1000,20,5.13,10.3,18,37,77,958,28,10,4,42,8.416011204,132,81,6.208110155,11.9672208,8.736152379,8.12285511,454,16,7,1,24,504,12,3,3,18,478,522,60,21,113,19
27,1000,20,5.13,10.3,18,37,88,948,32,12,8,52,8.761979012,100,66,6.205602733,11.34034129,9.854544845,7.601831787,475,22,11,7,40,473,10,1,1,12,515,485,44,22,81,19
32,1000,20,5.13,10.3,18,37,33,951,26,12,11,49,7.887139179,101,65,5.334183378,9.861176423,7.230554477,8.517975462,469,13,3,5,21,482,13,9,6,28,490,510,43,22,78,23
26,1000,20,5.13,10.3,18,37,88,958,29,8,5,42,8.363956456,119,67,6.408327167,12.36176378,8.945773163,7.80718861,467,14,5,3,22,491,15,3,2,20,489,511,49,18,105,14
31,1000,20,5.13,10.3,18,37,77,952,29,13,6,48,8.51041296,135,57,6.214980962,12.26256009,9.194034285,7.871749324,451,21,9,2,32,501,8,4,4,16,483,517,44,13,113,22
29,1000,20,5.13,10.3,18,37,80,929,39,17,15,71,9.09172587,131,72,6.066503631,11.35821344,9.766374468,8.395137481,463,22,13,10,45,466,17,4,5,26,508,492,53,19,108,23
25,1000,20,5.13,10.3,18,37,93,962,19,11,8,38,8.821568146,143,56,6.48152835,12.19647153,9.854486485,7.813145895,469,12,8,5,25,493,7,3,3,13,494,506,41,15,115,28
28,1000,20,5.13,10.3,18,37,88,952,28,8,12,48,8.79493714,143,59,6.509185916,12.1423024,9.758244546,7.926861646,444,18,5,7,30,508,10,3,5,18,474,526,42,17,120,23
30,1000,20,5.13,10.3,18,37,78,958,28,10,4,42,8.424443573,119,67,6.234825908,12.0436445,8.768247233,8.109619531,454,16,7,1,24,504,12,3,3,18,478,522,52,15,97,22
27,1000,20,5.13,10.3,18,37,89,948,32,12,8,52,8.786565444,107,65,6.224575031,11.41318234,9.903853277,7.600167023,475,22,11,7,40,473,10,1,1,12,515,485,46,19,96,11
26,1000,20,5.13,10.3,18,37,89,958,30,8,4,42,8.403085475,123,55,6.470721964,12.44685268,9.031786654,7.801451665,467,14,5,3,22,491,16,3,1,20,489,511,44,11,105,18
32,1000,20,5.13,10.3,18,37,34,949,28,12,11,51,7.922018632,98,71,5.353823732,9.905559358,7.296329356,8.523171075,467,15,3,5,23,482,13,9,6,28,490,510,55,16,69,29
31,1000,20,5.13,10.3,18,37,78,953,29,12,6,47,8.545795439,131,69,6.236578361,12.32182654,9.244168828,7.893349894,451,21,9,2,32,502,8,3,4,15,483,517,58,11,104,27
29,1000,20,5.13,10.3,18,37,81,930,38,16,16,70,9.113489478,114,79,6.085230421,11.41513455,9.762836618,8.443025358,463,22,12,11,45,467,16,4,5,25,508,492,54,25,91,23
25,1000,20,5.13,10.3,18,37,94,961,20,11,8,39,8.823279337,124,71,6.531704877,12.27823005,9.893765336,7.778180358,468,13,8,5,26,493,7,3,3,13,494,506,58,13,108,16
28,1000,20,5.13,10.3,18,37,89,953,28,8,11,47,8.796557387,113,76,6.522135775,12.19076581,9.781426358,7.909051888,444,18,5,7,30,509,10,3,4,17,474,526,57,19,101,12
30,1000,20,5.13,10.3,18,37,79,957,29,10,4,43,8.436966116,125,58,6.269359246,12.10296397,8.781926674,8.121082694,454,16,7,1,24,503,13,3,3,19,478,522,46,12,105,20
27,1000,20,5.13,10.3,18,37,90,948,32,12,8,52,8.784476835,129,59,6.259313884,11.51895581,9.92791788,7.570307479,475,22,11,7,40,473,10,1,1,12,515,485,46,13,112,17
26,1000,20,5.13,10.3,18,37,90,957,30,9,4,43,8.398672348,145,65,6.490052318,12.48709932,9.069909871,7.756333506,467,14,5,3,22,490,16,4,1,21,489,511,48,17,120,25
32,1000,20,5.13,10.3,18,37,35,947,30,12,11,53,7.970137929,107,56,5.361530867,9.942015694,7.385352358,8.531990733,466,16,3,5,24,481,14,9,6,29,490,510,37,19,87,20
31,1000,20,5.13,10.3,18,37,79,954,29,11,6,46,8.540954635,122,63,6.284966157,12.37977594,9.248335044,7.880094408,451,21,9,2,32,503,8,2,4,14,483,517,52,11,98,24
28,1000,20,5.13,10.3,18,37,90,952,28,9,11,48,8.806612871,130,72,6.541626937,12.22386068,9.802383566,7.909283385,444,17,6,7,30,508,11,3,4,18,474,526,52,20,115,15
25,1000,20,5.13,10.3,18,37,95,960,21,11,8,40,8.831193253,122,80,6.597445423,12.3815814,9.954878537,7.734156632,467,14,8,5,27,493,7,3,3,13,494,506,65,15,103,19
29,1000,20,5.13,10.3,18,37,82,929,40,15,16,71,9.125354815,113,75,6.169025178,11.5568632,9.831919086,8.395812844,463,22,11,12,45,466,18,4,4,26,508,492,57,18,96,17
30,1000,20,5.13,10.3,18,37,80,956,30,10,4,44,8.445268108,126,53,6.326230529,12.23735241,8.786076315,8.133187029,454,16,7,1,24,502,14,3,3,20,478,522,38,15,107,19
27,1000,20,5.13,10.3,18,37,91,947,33,12,8,53,8.83165105,129,80,6.267988059,11.56962855,10.01645665,7.573558501,474,23,11,7,41,473,10,1,1,12,515,485,56,24,111,18
26,1000,20,5.13,10.3,18,37,91,957,30,10,3,43,8.415504476,131,76,6.519651787,12.5382388,9.102531825,7.758055604,466,14,6,3,23,491,16,4,0,20,489,511,59,17,109,22
28,1000,20,5.13,10.3,18,37,91,953,27,9,11,47,8.796862198,130,75,6.579092586,12.31196838,9.824461698,7.870850482,444,17,6,7,30,509,10,3,4,17,474,526,59,16,105,25
25,1000,20,5.13,10.3,18,37,96,959,22,11,8,41,8.855535285,144,79,6.62701892,12.42840442,9.985257517,7.752604885,466,15,8,5,28,493,7,3,3,13,494,506,60,19,119,25
31,1000,20,5.13,10.3,18,37,80,951,32,11,6,49,8.554937534,126,82,6.314957445,12.42921777,9.275966994,7.881325872,449,23,9,2,34,502,9,2,4,15,483,517,54,28,101,25
32,1000,20,5.13,10.3,18,37,36,946,31,11,12,54,8.00230869,90,51,5.371920701,9.935678113,7.41164767,8.569806533,466,16,2,6,24,480,15,9,6,30,490,510,29,22,66,24
29,1000,20,5.13,10.3,18,37,83,927,42,15,16,73,9.164052302,108,72,6.20499489,11.67788368,9.889748377,8.414756355,463,22,11,12,45,464,20,4,4,28,508,492,53,19,96,12
30,1000,20,5.13,10.3,18,37,81,956,30,10,4,44,8.477395571,130,69,6.337734566,12.3038692,8.832739566,8.152003943,454,16,7,1,24,502,14,3,3,20,478,522,53,16,113,17
27,1000,20,5.13,10.3,18,37,92,946,35,12,7,54,8.858806386,122,77,6.308703742,11.62829242,10.06194335,7.581248575,474,24,11,6,41,472,11,1,1,13,515,485,53,24,101,21
26,1000,20,5.13,10.3,18,37,92,957,30,10,3,43,8.425105255,130,72,6.545712123,12.60533752,9.126433571,7.753971113,466,14,6,3,23,491,16,4,0,20,489,511,53,19,108,22
28,1000,20,5.13,10.3,18,37,92,950,30,9,11,50,8.841746194,135,74,6.609749007,12.35199155,9.881117704,7.90512624,442,19,6,7,32,508,11,3,4,18,474,526,61,13,116,19
25,1000,20,5.13,10.3,18,37,97,959,22,11,8,41,8.835321473,122,78,6.691485224,12.5233546,9.994389209,7.703741509,466,15,8,5,28,493,7,3,3,13,494,506,57,21,105,17
29,1000,20,5.13,10.3,18,37,84,927,41,16,16,73,9.158333848,107,72,6.225727,11.73529297,9.930266664,8.361297525,463,21,12,12,45,464,20,4,4,28,508,492,52,20,88,19
31,1000,20,5.13,10.3,18,37,81,949,33,12,6,51,8.572051297,137,57,6.340659409,12.49383122,9.271672096,7.918440377,447,24,10,2,36,502,9,2,4,15,483,517,38,19,111,26
30,1000,20,5.13,10.3,18,37,82,954,31,10,5,46,8.531620216,115,72,6.373305641,12.38053002,8.910573058,8.184609758,452,18,7,1,26,502,13,3,4,20,478,522,54,18,98,17
32,1000,20,5.13,10.3,18,37,37,947,30,11,12,53,8.0144058,91,65,5.385979822,9.973963172,7.438378463,8.567843829,466,16,2,6,24,481,14,9,6,29,490,510,42,23,71,20
27,1000,20,5.13,10.3,18,37,93,946,35,12,7,54,8.87928215,127,67,6.313914024,11.70082216,10.09760714,7.585596847,474,24,11,6,41,472,11,1,1,13,515,485,53,14,107,20
26,1000,20,5.13,10.3,18,37,93,955,32,10,3,45,8.444026709,139,88,6.581650809,12.67278419,9.150009628,7.768438358,466,14,6,3,23,489,18,4,0,22,489,511,76,12,118,21
25,1000,20,5.13,10.3,18,37,98,959,22,11,8,41,8.841997038,110,81,6.732853715,12.56532779,10.0289953,7.683148931,466,15,8,5,28,493,7,3,3,13,494,506,68,13,93,17
28,1000,20,5.13,10.3,18,37,93,950,30,9,11,50,8.848582613,119,59,6.657487786,12.44955598,9.896832129,7.903962326,442,19,6,7,32,508,11,3,4,18,474,526,37,22,97,22
29,1000,20,5.13,10.3,18,37,85,928,40,16,16,72,9.158030256,132,74,6.255258855,11.78991471,9.963677971,8.326182616,463,21,12,12,45,465,19,4,4,27,508,492,50,24,114,18
31,1000,20,5.13,10.3,18,37,82,950,33,11,6,50,8.592276405,138,56,6.371678996,12.55145647,9.324411856,7.908289126,448,24,9,2,35,502,9,2,4,15,483,517,41,15,116,22
30,1000,20,5.13,10.3,18,37,83,953,32,10,5,47,8.550787004,121,74,6.402052863,12.42724965,8.94805517,8.187005044,451,19,7,1,27,502,13,3,4,20,478,522,60,14,105,16
27,1000,20,5.13,10.3,18,37,94,944,37,12,7,56,8.926348624,118,70,6.326991521,11.74925213,10.14000579,7.637619881,473,25,11,6,42,471,12,1,1,14,515,485,45,25,92,26
32,1000,20,5.13,10.3,18,37,38,946,31,11,12,54,8.018437979,121,75,5.408979992,9.998204,7.438560308,8.575575349,466,16,2,6,24,480,15,9,6,30,490,510,47,28,91,30
26,1000,20,5.13,10.3,18,37,94,955,32,10,3,45,8.410088018,118,77,6.625223616,12.77018804,9.149097749,7.702894753,466,14,6,3,23,489,18,4,0,22,489,511,66,11,99,19
25,1000,20,5.13,10.3,18,37,99,958,23,11,8,42,8.880493021,134,70,6.757690266,12.58805132,10.04644358,7.742193463,465,16,8,5,29,493,7,3,3,13,494,506,51,19,116,18
28,1000,20,5.13,10.3,18,37,94,949,32,9,10,51,8.860706428,125,64,6.710747407,12.50125823,9.939438037,7.888617487,441,20,6,7,33,508,12,3,3,18,474,526,56,8,116,9
29,1000,20,5.13,10.3,18,37,86,927,41,16,16,73,9.195830906,115,68,6.264347144,11.83990492,10.0442016,8.319870926,461,23,12,12,47,466,18,4,4,26,508,492,48,20,92,23
31,1000,20,5.13,10.3,18,37,83,950,33,11,6,50,8.6139739,129,75,6.420856647,12.60543555,9.35368226,7.922911738,448,24,9,2,35,502,9,2,4,15,483,517,56,19,108,21
30,1000,20,5.13,10.3,18,37,84,952,33,10,5,48,8.549165655,140,65,6.41897352,12.50587003,8.976303543,8.158031727,451,19,7,1,27,501,14,3,4,21,478,522,55,10,112,28
27,1000,20,5.13,10.3,18,37,95,942,38,13,7,58,8.948156039,119,68,6.347523395,11.81800989,10.19737027,7.621670821,472,26,11,6,43,470,12,2,1,15,515,485,53,15,103,16
32,1000,20,5.13,10.3,18,37,39,950,30,8,12,50,7.983885823,116,66,5.430368598,10.04346226,7.458794905,8.488384941,466,15,3,6,24,484,15,5,6,26,490,510,43,23,82,34
26,1000,20,5.13,10.3,18,37,95,954,32,11,3,46,8.462130812,131,80,6.678136811,12.8287403,9.221653891,7.735307357,464,16,6,3,25,490,16,5,0,21,489,511,61,19,108,23
25,1000,20,5.13,10.3,18,37,100,957,24,11,8,43,8.870814628,149,63,6.758544467,12.63643752,10.04369303,7.72575152,465,16,8,5,29,492,8,3,3,14,494,506,45,18,123,26
28,1000,20,5.13,10.3,18,37,95,950,31,9,10,50,8.858267104,123,64,6.731094871,12.54321524,9.967115312,7.859038871,441,20,6,7,33,509,11,3,3,17,474,526,52,12,104,19
29,1000,20,5.13,10.3,18,37,87,927,40,17,16,73,9.198271241,114,65,6.308266719,11.91564138,10.09092154,8.276591663,460,23,13,12,48,467,17,4,4,25,508,492,47,18,97,17
31,1000,20,5.13,10.3,18,37,84,951,32,11,6,49,8.606671078,135,80,6.474927659,12.70634766,9.373535085,7.890239134,448,24,9,2,35,503,8,2,4,14,483,517,55,25,111,24
30,1000,20,5.13,10.3,18,37,85,952,33,10,5,48,8.575651154,117,61,6.455968427,12.57602705,9.04389907,8.14687241,451,19,7,1,27,501,14,3,4,21,478,522,50,11,102,15
27,1000,20,5.13,10.3,18,37,96,943,37,13,7,57,8.95907991,121,73,6.356613748,11.84633679,10.19841693,7.643082871,473,25,11,6,42,470,12,2,1,15,515,485,50,23,102,19
26,1000,20,5.13,10.3,18,37,96,955,31,11,3,45,8.457834136,147,66,6.711697157,12.90174023,9.207973483,7.739990415,465,15,6,3,24,490,16,5,0,21,489,511,52,14,125,22
32,1000,20,5.13,10.3,18,37,40,950,29,9,12,50,8.018809036,121,51,5.452780206,10.07881041,7.476544217,8.539808567,466,15,3,6,24,484,14,6,6,26,490,510,31,20,90,31
25,1000,20,5.13,10.3,18,37,101,957,24,11,8,43,8.845960059,117,85,6.773079649,12.67261068,10.04149434,7.678778366,465,16,8,5,29,492,8,3,3,14,494,506,70,15,92,25
28,1000,20,5.13,10.3,18,37,96,948,32,9,11,52,8.91401257,121,80,6.775903225,12.62134365,10.01989453,7.917457341,440,21,6,7,34,508,11,3,4,18,474,526,65,15,102,19
29,1000,20,5.13,10.3,18,37,88,927,39,18,16,73,9.240993869,118,67,6.324975348,11.94554743,10.12462954,8.328622075,460,23,13,12,48,467,16,5,4,25,508,492,53,14,98,20
31,1000,20,5.13,10.3,18,37,85,950,31,13,6,50,8.630351585,126,70,6.540134764,12.7924453,9.415545875,7.896794831,447,24,10,2,36,503,7,3,4,14,483,517,56,14,110,16
30,1000,20,5.13,10.3,18,37,86,952,33,10,5,48,8.560413217,147,73,6.487332103,12.61982479,9.04389907,8.11768096,451,19,7,1,27,501,14,3,4,21,478,522,59,14,126,21
27,1000,20,5.13,10.3,18,37,97,943,37,13,7,57,8.970567104,131,60,6.393209868,11.91919342,10.22353514,7.640095888,473,25,11,6,42,470,12,2,1,15,515,485,49,11,100,31
26,1000,20,5.13,10.3,18,37,97,955,30,12,3,45,8.458611341,128,81,6.746559541,12.97175081,9.252557357,7.698846954,465,14,7,3,24,490,16,5,0,21,489,511,58,23,111,17
32,1000,20,5.13,10.3,18,37,41,949,30,9,12,51,8.021460877,115,54,5.460177309,10.13167573,7.527872663,8.49569269,465,16,3,6,25,484,14,6,6,26,490,510,40,14,85,30
25,1000,20,5.13,10.3,18,37,102,957,24,11,8,43,8.878820227,121,70,6.798824753,12.74253306,10.12841906,7.658856146,465,16,8,5,29,492,8,3,3,14,494,506,57,13,101,20
28,1000,20,5.13,10.3,18,37,97,948,32,9,11,52,8.910804411,131,79,6.808187875,12.68952749,10.02337009,7.908226216,440,21,6,7,34,508,11,3,4,18,474,526,64,15,117,14
29,1000,20,5.13,10.3,18,37,89,926,40,18,16,74,9.222815006,129,64,6.373242918,12.05836053,10.11317475,8.303500477,460,24,13,11,48,466,16,5,5,26,508,492,49,15,104,25
30,1000,20,5.13,10.3,18,37,87,952,32,11,5,48,8.571500125,138,69,6.57099036,12.71047956,9.08456901,8.101678426,451,18,8,1,27,501,14,3,4,21,478,522,44,25,116,22
31,1000,20,5.13,10.3,18,37,86,951,30,13,6,49,8.628330073,128,73,6.582073691,12.8399762,9.473467902,7.838771908,447,24,10,2,36,504,6,3,4,13,483,517,55,18,106,22
27,1000,20,5.13,10.3,18,37,98,944,36,13,7,56,8.996870137,127,67,6.424071154,11.97722778,10.25752069,7.6582412,474,24,11,6,41,470,12,2,1,15,515,485,50,17,109,18
26,1000,20,5.13,10.3,18,37,98,953,32,12,3,47,8.51855157,119,76,6.782031449,13.03067981,9.314879064,7.756508235,463,16,7,3,26,490,16,5,0,21,489,511,58,18,103,16
25,1000,20,5.13,10.3,18,37,103,957,24,11,8,43,8.898481717,119,70,6.834604789,12.82084601,10.15173283,7.674951974,465,16,8,5,29,492,8,3,3,14,494,506,57,13,102,17
32,1000,20,5.13,10.3,18,37,42,949,30,9,12,51,8.038787935,110,58,5.47520792,10.15814085,7.594258619,8.465884729,465,16,3,6,25,484,14,6,6,26,490,510,41,17,78,32
28,1000,20,5.13,10.3,18,37,98,948,32,9,11,52,8.902845457,130,78,6.846743571,12.77994841,10.0363002,7.881443277,440,21,6,7,34,508,11,3,4,18,474,526,65,13,108,22
29,1000,20,5.13,10.3,18,37,90,925,41,19,15,75,9.223846919,120,54,6.381137511,12.12545919,10.14861863,8.269001333,459,25,14,10,49,466,16,5,5,26,508,492,38,16,103,17
30,1000,20,5.13,10.3,18,37,88,951,32,12,5,49,8.60381327,132,73,6.597576567,12.75868474,9.133655697,8.11863189,450,19,8,1,28,501,13,4,4,21,478,522,56,17,112,20
27,1000,20,5.13,10.3,18,37,99,943,37,13,7,57,9.03530226,131,61,6.453548499,12.0614495,10.29535757,7.697305381,474,24,11,6,41,469,13,2,1,16,515,485,46,15,105,26
31,1000,20,5.13,10.3,18,37,87,951,29,14,6,49,8.649038016,141,74,6.600262911,12.89890814,9.545561527,7.811473498,447,23,11,2,36,504,6,3,4,13,483,517,57,17,123,18
26,1000,20,5.13,10.3,18,37,99,953,31,12,4,47,8.579351088,139,72,6.824963556,13.14767221,9.393132149,7.80060561,463,16,7,3,26,490,15,5,1,21,489,511,58,14,118,21
25,1000,20,5.13,10.3,18,37,104,958,23,11,8,42,8.921818371,130,85,6.872912801,12.86175741,10.22216435,7.652310632,465,16,8,5,29,493,7,3,3,13,494,506,61,24,112,18
33,1000,20,5.13,10.3,18,37,0,947,24,16,13,53,7.064,84,59,5.022299774,8.72080621,6.218503937,7.93699187,488,10,6,4,20,459,14,10,9,33,508,492,31,28,56,28
28,1000,20,5.13,10.3,18,37,99,946,35,8,11,54,8.930577608,149,74,6.897350716,12.86976098,10.08699913,7.88847913,438,23,6,7,36,508,12,2,4,18,474,526,57,17,124,25
32,1000,20,5.13,10.3,18,37,43,949,29,10,12,51,8.058382584,97,66,5.482346599,10.19134065,7.621692152,8.477947901,465,15,4,6,25,484,14,6,6,26,490,510,46,20,69,28
29,1000,20,5.13,10.3,18,37,91,925,41,19,15,75,9.245732747,110,73,6.395762944,12.1437193,10.19255979,8.26811458,459,25,14,10,49,466,16,5,5,26,508,492,58,15,86,24
27,1000,20,5.13,10.3,18,37,100,943,37,13,7,57,9.073264572,130,68,6.501294093,12.11582254,10.38758512,7.677645851,474,24,11,6,41,469,13,2,1,16,515,485,55,13,110,20
30,1000,20,5.13,10.3,18,37,89,951,32,11,6,49,8.619557523,131,70,6.657463779,12.81719009,9.139300459,8.143624336,450,19,8,1,28,501,13,3,5,21,478,522,55,15,111,20
31,1000,20,5.13,10.3,18,37,88,951,30,13,6,49,8.657778421,150,80,6.61977971,12.98009988,9.625949933,7.753277762,445,25,11,2,38,506,5,2,4,11,483,517,61,19,129,21
26,1000,20,5.13,10.3,18,37,100,952,31,13,4,48,8.622482176,130,65,6.837138162,13.18823146,9.456165618,7.824691171,463,16,7,3,26,489,15,6,1,22,489,511,53,12,110,20
28,1000,20,5.13,10.3,18,37,100,944,37,8,11,56,8.929705052,128,68,6.985660529,13.01720831,10.11996005,7.857117846,437,24,6,7,37,507,13,2,4,19,474,526,59,9,112,16
33,1000,20,5.13,10.3,18,37,1,948,24,15,13,52,7.083625792,95,45,5.037490157,8.774561302,6.23452577,7.960338823,489,10,5,4,19,459,14,10,9,33,508,492,23,22,60,35
29,1000,20,5.13,10.3,18,37,92,925,41,19,15,75,9.268627421,120,63,6.431067079,12.23426615,10.24298394,8.26258451,459,25,14,10,49,466,16,5,5,26,508,492,48,15,106,14
32,1000,20,5.13,10.3,18,37,44,949,29,10,12,51,8.095610948,103,43,5.524116633,10.25105329,7.667224944,8.507197501,465,15,4,6,25,484,14,6,6,26,490,510,26,17,77,26
27,1000,20,5.13,10.3,18,37,101,943,36,14,7,57,9.057799751,122,73,6.524879492,12.18056544,10.37883101,7.655055221,474,23,12,6,41,469,13,2,1,16,515,485,55,18,103,19
30,1000,20,5.13,10.3,18,37,90,950,33,11,6,50,8.621307133,128,82,6.689486281,12.85926211,9.139359909,8.146921641,450,19,8,1,28,500,14,3,5,22,478,522,66,16,114,14
31,1000,20,5.13,10.3,18,37,89,951,30,13,6,49,8.67503517,127,77,6.628795088,13.03480575,9.670429392,7.745102076,445,25,11,2,38,506,5,2,4,11,483,517,62,15,100,27
26,1000,20,5.13,10.3,18,37,101,949,34,13,4,51,8.600870679,134,77,6.856639079,13.25290768,9.477057299,7.76240638,459,20,7,3,30,490,14,6,1,21,489,511,53,24,114,20
28,1000,20,5.13,10.3,18,37,101,945,36,8,11,55,8.926448902,130,78,7.042524247,13.09126674,10.17945749,7.797311884,437,23,7,7,37,508,13,1,4,18,474,526,58,20,112,18
33,1000,20,5.13,10.3,18,37,2,948,24,15,13,52,7.119075526,106,50,5.062307636,8.757791637,6.290517302,7.974578732,489,10,5,4,19,459,14,10,9,33,508,492,27,23,75,31
29,1000,20,5.13,10.3,18,37,93,924,42,18,16,76,9.298155288,125,70,6.461386141,12.32158515,10.29825155,8.265535575,458,26,13,11,50,466,16,5,5,26,508,492,54,16,104,21
27,1000,20,5.13,10.3,18,37,102,944,36,13,7,56,9.075528444,138,71,6.580170264,12.27529703,10.41477265,7.653444391,475,23,11,6,40,469,13,2,1,16,515,485,50,21,114,24
30,1000,20,5.13,10.3,18,37,91,954,30,10,6,46,8.61213455,131,78,6.722449218,12.96229426,9.132540173,8.135594534,452,18,7,1,26,502,12,3,5,20,478,522,64,14,109,22
32,1000,20,5.13,10.3,18,37,45,950,29,10,11,50,8.102347072,112,57,5.556272915,10.28397009,7.666064466,8.521520556,465,16,4,5,25,485,13,6,6,25,490,510,40,17,82,30
31,1000,20,5.13,10.3,18,37,90,950,30,14,6,50,8.71127356,154,67,6.66052826,13.13067423,9.707983102,7.780111647,444,25,12,2,39,506,5,2,4,11,483,517,47,20,134,20
26,1000,20,5.13,10.3,18,37,102,949,34,13,4,51,8.603433958,125,85,6.920815847,13.33148444,9.505910524,7.73981157,459,20,7,3,30,490,14,6,1,21,489,511,63,22,113,12
28,1000,20,5.13,10.3,18,37,102,943,37,9,11,57,8.99516702,136,74,7.091539994,13.18459256,10.27968892,7.837632078,436,24,7,7,38,507,13,2,4,19,474,526,58,16,116,20
33,1000,20,5.13,10.3,18,37,3,950,24,14,12,50,7.084303153,99,50,5.075208876,8.777926764,6.249729901,7.946016999,490,9,5,4,18,460,15,9,8,32,508,492,29,21,64,35
29,1000,20,5.13,10.3,18,37,94,924,41,19,16,76,9.308406184,120,70,6.491413515,12.40320763,10.33055394,8.253017852,458,26,13,11,50,466,15,6,5,26,508,492,54,16,93,27
27,1000,20,5.13,10.3,18,37,103,943,37,13,7,57,9.0795695,137,83,6.609672296,12.36481432,10.42460058,7.651340616,474,24,11,6,41,469,13,2,1,16,515,485,65,18,116,21
30,1000,20,5.13,10.3,18,37,92,954,29,11,6,46,8.600298694,137,89,6.747322911,13.03275428,9.153094692,8.094098528,452,18,7,1,26,502,11,4,5,20,478,522,74,15,115,22
31,1000,20,5.13,10.3,18,37,91,949,30,14,7,51,8.769025907,143,86,6.697433165,13.17538862,9.775784667,7.828475654,443,25,12,3,40,506,5,2,4,11,483,517,66,20,118,25
32,1000,20,5.13,10.3,18,37,46,949,30,10,11,51,8.123340834,126,71,5.596667672,10.33801365,7.700864987,8.529249,465,16,4,5,25,484,14,6,6,26,490,510,51,20,93,33
26,1000,20,5.13,10.3,18,37,103,949,34,11,6,51,8.632101713,138,69,6.957789645,13.40381708,9.522759985,7.779788807,459,20,7,3,30,490,14,4,3,21,489,511,57,12,113,25
28,1000,20,5.13,10.3,18,37,103,941,37,11,11,59,9.049449018,141,77,7.148647005,13.27483823,10.36335819,7.865432003,435,23,9,7,39,506,14,2,4,20,474,526,63,14,125,16
33,1000,20,5.13,10.3,18,37,4,951,24,13,12,49,7.111113111,89,48,5.088717622,8.808813157,6.290526034,7.958385946,491,9,4,4,17,460,15,9,8,32,508,492,24,24,62,27
29,1000,20,5.13,10.3,18,37,95,923,42,19,16,77,9.319566669,137,68,6.558718084,12.50047136,10.35720795,8.248180954,457,27,13,11,51,466,15,6,5,26,508,492,51,17,107,30
27,1000,20,5.13,10.3,18,37,104,945,36,12,7,55,9.065306114,152,69,6.655034777,12.45801335,10.42703409,7.619347547,475,23,11,6,40,470,13,1,1,15,515,485,47,22,129,23
34,1000,20,5.13,10.3,18,37,0,941,25,16,18,59,7.135,87,55,5.003690014,9.12785488,6.284232365,7.926640927,460,13,2,7,22,481,12,14,11,37,482,518,27,28,66,21
30,1000,20,5.13,10.3,18,37,93,954,29,11,6,46,8.585796064,138,67,6.78459232,13.11306637,9.201068195,8.022385952,452,18,7,1,26,502,11,4,5,20,478,522,57,10,118,20
31,1000,20,5.13,10.3,18,37,92,950,29,14,7,50,8.769690159,138,79,6.741949999,13.26199373,9.788566743,7.817818998,444,24,12,3,39,506,5,2,4,11,483,517,53,26,117,21
26,1000,20,5.13,10.3,18,37,104,949,34,11,6,51,8.653708281,128,76,7.015377962,13.48850696,9.552813219,7.793312362,459,20,7,3,30,490,14,4,3,21,489,511,52,24,107,21
35,1000,20,5.13,10.3,18,37,0,944,27,8,21,56,6.973,105,51,5.006845229,9.0506241,5.906639004,7.965250965,468,8,2,4,14,476,19,6,17,42,482,518,28,23,79,26
32,1000,20,5.13,10.3,18,37,47,949,30,10,11,51,8.103916673,116,52,5.624069528,10.38475405,7.695111141,8.496690615,465,16,4,5,25,484,14,6,6,26,490,510,39,13,82,34
28,1000,20,5.13,10.3,18,37,104,941,37,11,11,59,9.081009274,137,80,7.212658944,13.41352874,10.40156522,7.891002585,434,24,9,7,40,507,13,2,4,19,474,526,62,18,119,18
33,1000,20,5.13,10.3,18,37,5,954,20,13,13,46,7.134542339,112,54,5.09205188,8.825205231,6.353874495,7.940597754,491,7,5,5,17,463,13,8,8,29,508,492,32,22,75,37
36,1000,20,5.13,10.3,18,37,0,957,22,7,14,43,6.786,95,49,5.028465156,8.712112461,6.102040816,7.443137255,478,9,1,2,12,479,13,6,12,31,490,510,34,15,71,24
29,1000,20,5.13,10.3,18,37,96,923,42,19,16,77,9.32909288,134,73,6.599036496,12.56537945,10.36496739,8.259531395,457,27,13,11,51,466,15,6,5,26,508,492,54,19,111,23
34,1000,20,5.13,10.3,18,37,1,941,25,16,18,59,7.146513507,95,53,5.00416241,9.15038685,6.302827446,7.931565014,460,13,2,7,22,481,12,14,11,37,482,518,35,18,67,28
30,1000,20,5.13,10.3,18,37,94,954,29,11,6,46,8.59270641,153,66,6.810732637,13.21217471,9.213463831,8.024273369,452,18,7,1,26,502,11,4,5,20,478,522,55,11,127,26
31,1000,20,5.13,10.3,18,37,93,949,29,15,7,51,8.818845858,139,77,6.784368761,13.37840014,9.867355987,7.839289973,443,24,13,3,40,506,5,2,4,11,483,517,58,19,117,22
35,1000,20,5.13,10.3,18,37,1,943,29,7,21,57,6.957584693,101,74,5.032479622,9.090149853,5.902516623,7.939327568,468,8,2,4,14,475,21,5,17,43,482,518,40,34,70,31
32,1000,20,5.13,10.3,18,37,48,950,30,10,10,50,8.109213181,116,67,5.63976467,10.40265044,7.718884771,8.484234593,465,17,4,4,25,485,13,6,6,25,490,510,51,16,85,31
33,1000,20,5.13,10.3,18,37,6,955,18,14,13,45,7.17829753,107,55,5.12581491,8.840515698,6.366768281,8.016217975,492,6,5,5,16,463,12,9,8,29,508,492,30,25,68,39
36,1000,20,5.13,10.3,18,37,1,959,21,6,14,41,6.8012379,99,59,5.051241641,8.727707846,6.203235057,7.375789651,476,11,1,2,14,483,10,5,12,27,490,510,25,34,62,37
29,1000,20,5.13,10.3,18,37,97,923,43,18,16,77,9.347888181,127,73,6.642965377,12.61914931,10.42527495,8.23546444,456,28,13,11,52,467,15,5,5,25,508,492,52,21,106,21
30,1000,20,5.13,10.3,18,37,95,954,29,11,6,46,8.607381891,136,73,6.847341504,13.29116232,9.246488506,8.022146331,452,18,7,1,26,502,11,4,5,20,478,522,54,19,112,24
34,1000,20,5.13,10.3,18,37,2,942,26,15,17,58,7.161304484,107,42,5.000442846,9.170965076,6.345952926,7.919990683,460,13,2,7,22,482,13,13,10,36,482,518,21,21,72,35
31,1000,20,5.13,10.3,18,37,94,950,30,14,6,50,8.8148185,155,69,6.816658732,13.48792671,9.876016146,7.823409481,445,24,12,2,38,505,6,2,4,12,483,517,50,19,127,28
35,1000,20,5.13,10.3,18,37,2,945,27,7,21,55,6.955583102,98,64,5.024954561,9.121579265,5.936210716,7.904111074,468,8,2,4,14,477,19,5,17,41,482,518,37,27,69,29
33,1000,20,5.13,10.3,18,37,7,956,17,14,13,44,7.17756556,90,56,5.129412512,8.850647888,6.392640373,7.988016769,492,6,5,5,16,464,11,9,8,28,508,492,28,28,61,29
32,1000,20,5.13,10.3,18,37,49,951,30,10,9,49,8.121575403,111,71,5.660732718,10.45789239,7.717088844,8.510199744,465,17,4,4,25,486,13,6,5,24,490,510,47,24,86,25
36,1000,20,5.13,10.3,18,37,2,960,20,6,14,40,6.810467977,100,62,5.048642802,8.744111932,6.214753481,7.38282112,476,11,1,2,14,484,9,5,12,26,490,510,37,25,67,33
29,1000,20,5.13,10.3,18,37,98,923,42,19,16,77,9.399804309,126,72,6.677322086,12.65883645,10.47014529,8.294655496,456,27,14,11,52,467,15,5,5,25,508,492,61,11,101,25
30,1000,20,5.13,10.3,18,37,96,954,31,10,5,46,8.652711379,134,73,6.884646554,13.36999318,9.271490653,8.086089746,452,18,7,1,26,502,13,3,4,20,478,522,60,13,105,29
34,1000,20,5.13,10.3,18,37,3,941,27,15,17,59,7.198029311,92,53,5.004737978,9.194537774,6.386052852,7.953574973,460,13,2,7,22,481,14,13,10,37,482,518,34,19,62,30
31,1000,20,5.13,10.3,18,37,95,951,29,15,5,49,8.810436542,146,60,6.84385779,13.5308991,9.921760418,7.772197794,445,23,13,2,38,506,6,2,3,11,483,517,48,12,128,18
35,1000,20,5.13,10.3,18,37,3,945,26,8,21,55,7.019578379,98,66,5.02713309,9.155236977,5.997024909,7.971066357,468,7,3,4,14,477,19,5,17,41,482,518,28,38,63,35
33,1000,20,5.13,10.3,18,37,8,956,17,14,13,44,7.19906206,83,57,5.137544599,8.869191852,6.419070452,8.004419249,492,6,5,5,16,464,11,9,8,28,508,492,37,20,53,30
36,1000,20,5.13,10.3,18,37,3,960,20,6,14,40,6.819873357,101,53,5.037746949,8.76659773,6.240476193,7.376549063,476,11,1,2,14,484,9,5,12,26,490,510,27,26,66,35
32,1000,20,5.13,10.3,18,37,50,949,32,10,9,51,8.184622444,98,62,5.682072181,10.50251873,7.776449565,8.576788543,463,19,4,4,27,486,13,6,5,24,490,510,40,22,80,18
29,1000,20,5.13,10.3,18,37,99,924,41,19,16,76,9.390965496,146,66,6.718648577,12.73546767,10.48867003,8.257563248,455,28,14,11,53,469,13,5,5,23,508,492,55,11,117,29
30,1000,20,5.13,10.3,18,37,97,954,31,10,5,46,8.672536237,142,69,6.911135677,13.47099605,9.309465336,8.089294648,452,18,7,1,26,502,13,3,4,20,478,522,50,19,115,27
34,1000,20,5.13,10.3,18,37,4,941,27,14,18,59,7.226997556,84,64,5.003058116,9.210661839,6.412186315,7.985180988,461,13,1,7,21,480,14,13,11,38,482,518,40,24,59,25
31,1000,20,5.13,10.3,18,37,96,950,30,15,5,50,8.817239332,143,72,6.913897417,13.61239236,9.968436754,7.741749283,444,24,13,2,39,506,6,2,3,11,483,517,60,12,121,22
35,1000,20,5.13,10.3,18,37,4,945,27,8,20,55,7.011881265,104,55,5.039007737,9.178941966,6.033481835,7.922283823,468,7,3,4,14,477,20,5,16,41,482,518,34,21,63,41
33,1000,20,5.13,10.3,18,37,9,956,18,14,12,44,7.199847518,92,62,5.178034324,8.877151375,6.408275247,8.017161977,492,7,5,4,16,464,11,9,8,28,508,492,37,25,56,36
36,1000,20,5.13,10.3,18,37,4,960,20,6,14,40,6.842469591,88,54,5.036305637,8.789332464,6.243017423,7.418413831,476,11,1,2,14,484,9,5,12,26,490,510,31,23,65,23
29,1000,20,5.13,10.3,18,37,100,919,45,20,16,81,9.452427345,126,53,6.762550785,12.83668225,10.57323705,8.295168549,452,30,15,11,56,467,15,5,5,25,508,492,43,10,107,19
32,1000,20,5.13,10.3,18,37,51,948,33,10,9,52,8.201376664,114,56,5.70076512,10.56177833,7.832604844,8.555686845,462,20,4,4,28,486,13,6,5,24,490,510,38,18,88,26
30,1000,20,5.13,10.3,18,37,98,954,31,10,5,46,8.713577524,148,73,6.959185757,13.55514953,9.380593857,8.10278479,452,18,7,1,26,502,13,3,4,20,478,522,51,22,128,20
34,1000,20,5.13,10.3,18,37,5,942,26,14,18,58,7.271570443,99,55,4.99260163,9.246586994,6.469118966,8.018253091,462,12,1,7,20,480,14,13,11,38,482,518,28,27,74,25
31,1000,20,5.13,10.3,18,37,97,950,30,15,5,50,8.849893086,146,70,6.940255372,13.71429539,10.0384932,7.739460103,444,24,13,2,39,506,6,2,3,11,483,517,55,15,130,16
35,1000,20,5.13,10.3,18,37,5,946,28,8,18,54,7.031745794,96,50,5.057038905,9.199865456,6.053502896,7.942002699,468,7,3,4,14,478,21,5,14,40,482,518,33,17,61,35
33,1000,20,5.13,10.3,18,37,10,957,18,13,12,43,7.167543432,100,53,5.191703907,8.888720171,6.440160116,7.918581491,492,7,5,4,16,465,11,8,8,27,508,492,30,23,70,30
36,1000,20,5.13,10.3,18,37,5,960,21,7,12,40,6.854177653,105,60,5.04951103,8.806175986,6.288963453,7.397226589,476,11,1,2,14,484,10,6,10,26,490,510,36,24,76,29
29,1000,20,5.13,10.3,18,37,101,917,47,20,16,83,9.451875196,127,71,6.774138712,12.95014895,10.57726057,8.289891919,451,31,15,11,57,466,16,5,5,26,508,492,49,22,106,21
34,1000,20,5.13,10.3,18,37,6,941,27,14,18,59,7.301133585,105,56,5.017115323,9.268866822,6.506126052,8.04088963,462,12,1,7,20,479,15,13,11,39,482,518,26,30,75,30
30,1000,20,5.13,10.3,18,37,99,956,29,10,5,44,8.703882027,134,78,6.993243533,13.62056511,9.393640903,8.072263745,452,18,7,1,26,504,11,3,4,18,478,522,62,16,119,15
32,1000,20,5.13,10.3,18,37,52,948,33,10,9,52,8.219220915,92,51,5.719594908,10.59584437,7.877437212,8.547601336,462,20,4,4,28,486,13,6,5,24,490,510,35,16,73,19
31,1000,20,5.13,10.3,18,37,98,950,30,15,5,50,8.869828768,130,68,6.967596888,13.78148723,10.06582077,7.752490016,444,24,13,2,39,506,6,2,3,11,483,517,48,20,116,14
35,1000,20,5.13,10.3,18,37,6,945,29,8,18,55,7.055173882,100,52,5.047942738,9.23355993,6.081045304,7.961602405,467,8,3,4,15,478,21,5,14,40,482,518,33,19,67,33
33,1000,20,5.13,10.3,18,37,11,957,18,13,12,43,7.183767475,88,50,5.203084945,8.919084821,6.467617658,7.923206716,492,7,5,4,16,465,11,8,8,27,508,492,31,19,60,28
36,1000,20,5.13,10.3,18,37,6,960,20,8,12,40,6.859842924,104,61,5.062619177,8.821449174,6.294660357,7.402861468,475,11,2,2,15,485,9,6,10,25,490,510,41,20,69,35
29,1000,20,5.13,10.3,18,37,102,916,48,20,16,84,9.486335275,130,74,6.803578588,13.01102191,10.64800861,8.286883941,450,32,15,11,58,466,16,5,5,26,508,492,54,20,108,22
34,1000,20,5.13,10.3,18,37,7,942,26,14,18,58,7.294182921,104,63,5.022095772,9.283130096,6.56053902,7.976839987,462,12,1,7,20,480,14,13,11,38,482,518,39,24,74,30
30,1000,20,5.13,10.3,18,37,100,954,31,10,5,46,8.71894278,135,66,7.020884186,13.67565675,9.39667243,8.098339768,451,19,7,1,27,503,12,3,4,19,478,522,52,14,113,22
32,1000,20,5.13,10.3,18,37,53,949,33,9,9,51,8.27537521,103,64,5.726876785,10.6435647,7.97648807,8.562541286,462,20,4,4,28,487,13,5,5,23,490,510,44,20,80,23
31,1000,20,5.13,10.3,18,37,99,950,30,15,5,50,8.89463429,142,73,7.011216363,13.86313589,10.09788105,7.770517873,444,24,13,2,39,506,6,2,3,11,483,517,57,16,125,17
35,1000,20,5.13,10.3,18,37,7,946,28,8,18,54,7.078899132,82,54,5.058638248,9.263000867,6.112758192,7.977895142,467,8,3,4,15,479,20,5,14,39,482,518,33,21,47,35
33,1000,20,5.13,10.3,18,37,12,955,21,13,11,45,7.198612422,89,60,5.209571234,8.93528839,6.509967768,7.909652024,491,7,6,4,17,464,14,7,7,28,508,492,36,24,65,24
36,1000,20,5.13,10.3,18,37,7,960,20,8,12,40,6.872813966,86,60,5.075005035,8.839013725,6.316196776,7.407603031,475,11,2,2,15,485,9,6,10,25,490,510,37,23,72,14
29,1000,20,5.13,10.3,18,37,103,916,48,19,17,84,9.511703637,123,74,6.845276302,13.08187344,10.68704363,8.298141209,450,32,15,11,58,466,16,4,6,26,508,492,49,25,106,17
34,1000,20,5.13,10.3,18,37,8,944,25,15,16,56,7.284653897,91,53,5.031156415,9.317124711,6.480704995,8.032729903,464,11,2,5,18,480,14,13,11,38,482,518,36,17,58,33
30,1000,20,5.13,10.3,18,37,101,955,30,9,6,45,8.791581119,142,64,7.054685603,13.73908776,9.459535834,8.179929099,451,19,7,1,27,504,11,2,5,18,478,522,53,11,121,21
35,1000,20,5.13,10.3,18,37,8,948,26,8,18,52,7.103575827,98,62,5.061652763,9.273086586,6.147705418,7.993015089,467,8,3,4,15,481,18,5,14,37,482,518,35,27,68,30
31,1000,20,5.13,10.3,18,37,100,950,29,16,5,50,8.913231559,124,65,7.03852506,13.93640011,10.13882318,7.768239769,444,23,14,2,39,506,6,2,3,11,483,517,51,14,115,9
33,1000,20,5.13,10.3,18,37,13,957,21,12,10,43,7.193502395,93,63,5.233451507,8.977270579,6.55233798,7.855517686,491,7,6,4,17,466,14,6,6,26,508,492,36,27,67,26
32,1000,20,5.13,10.3,18,37,54,949,34,9,8,51,8.287544756,123,64,5.746704807,10.67051933,8.00135733,8.562509147,462,20,4,4,28,487,14,5,4,23,490,510,52,12,90,33
36,1000,20,5.13,10.3,18,37,8,960,20,8,12,40,6.89596386,91,69,5.102517319,8.863453859,6.349352737,7.421139253,475,11,2,2,15,485,9,6,10,25,490,510,38,31,62,29
29,1000,20,5.13,10.3,18,37,104,915,49,19,17,85,9.524189075,146,78,6.914405103,13.16550966,10.71681072,8.292782987,449,33,15,11,59,466,16,4,6,26,508,492,67,11,126,20
37,1000,20,5.13,10.3,18,37,0,927,33,16,24,73,7.634,83,53,4.952625906,9.184323799,6.792156863,8.510204082,478,17,8,7,32,449,16,8,17,41,510,490,32,21,57,26
34,1000,20,5.13,10.3,18,37,9,945,23,16,16,55,7.325841636,115,63,5.041708981,9.348678068,6.558546933,8.039810838,464,10,3,5,18,481,13,13,11,37,482,518,37,26,83,32
30,1000,20,5.13,10.3,18,37,102,953,31,10,6,47,8.795246475,142,79,7.107836864,13.86267246,9.474528829,8.173221637,451,19,7,1,27,502,12,3,5,20,478,522,67,12,121,21
35,1000,20,5.13,10.3,18,37,9,949,26,7,18,51,7.117429153,87,44,5.064672719,9.277604805,6.184260683,7.985744216,467,8,3,4,15,482,18,4,14,36,482,518,31,13,60,27
33,1000,20,5.13,10.3,18,37,14,957,21,12,10,43,7.2083662,87,56,5.238157339,8.986276951,6.587604479,7.849315293,490,8,6,4,18,467,13,6,6,25,508,492,33,23,59,28
31,1000,20,5.13,10.3,18,37,101,950,27,18,5,50,8.930111853,135,78,7.079820665,13.9762295,10.17286989,7.769082586,444,21,16,2,39,506,6,2,3,11,483,517,62,16,119,16
36,1000,20,5.13,10.3,18,37,9,961,19,8,12,39,6.890941894,93,56,5.11010547,8.864704567,6.3642362,7.396992463,475,11,2,2,15,486,8,6,10,24,490,510,33,23,66,27
32,1000,20,5.13,10.3,18,37,55,950,32,10,8,50,8.298932811,109,55,5.759155394,10.71190864,8.031574496,8.555806487,462,20,4,4,28,488,12,6,4,22,490,510,31,24,81,28
37,1000,20,5.13,10.3,18,37,1,928,32,16,24,72,7.646868851,111,58,4.955054,9.200233865,6.794819235,8.533696002,479,16,8,7,31,449,16,8,17,41,510,490,39,19,75,36
34,1000,20,5.13,10.3,18,37,10,945,22,17,16,55,7.353511702,104,53,5.031050439,9.376795514,6.588231207,8.065606679,464,10,3,5,18,481,12,14,11,37,482,518,32,21,73,31
30,1000,20,5.13,10.3,18,37,103,951,33,9,7,49,8.81871694,149,60,7.196356544,14.01610825,9.485759454,8.207900231,449,21,7,1,29,502,12,2,6,20,478,522,42,18,128,21
35,1000,20,5.13,10.3,18,37,10,949,28,7,16,51,7.108435709,111,58,5.065687651,9.306965788,6.222474487,7.932824336,467,8,3,4,15,482,20,4,12,36,482,518,30,28,83,28
33,1000,20,5.13,10.3,18,37,15,956,22,12,10,44,7.2542779,89,53,5.237336155,9.014155929,6.651596442,7.876558755,490,8,6,4,18,466,14,6,6,26,508,492,34,19,60,29
31,1000,20,5.13,10.3,18,37,102,950,27,18,5,50,8.961403037,141,84,7.118842514,14.07897529,10.2166908,7.788668051,444,21,16,2,39,506,6,2,3,11,483,517,68,16,124,17
36,1000,20,5.13,10.3,18,37,10,961,20,7,12,39,6.896784993,87,63,5.130922181,8.891744342,6.38915766,7.384505371,475,11,2,2,15,486,9,5,10,24,490,510,36,27,64,23
32,1000,20,5.13,10.3,18,37,56,949,33,10,8,51,8.316122669,109,51,5.807657724,10.71941701,8.054208835,8.567765372,461,21,4,4,29,488,12,6,4,22,490,510,32,19,80,29
34,1000,20,5.13,10.3,18,37,11,948,21,16,15,52,7.334776781,98,50,5.028498379,9.393433281,6.624418613,7.995766427,465,9,3,5,17,483,12,13,10,35,482,518,24,26,73,25
37,1000,20,5.13,10.3,18,37,2,929,32,15,24,71,7.650633837,106,56,4.950256356,9.222837452,6.817103184,8.518186149,479,16,8,7,31,450,16,7,17,40,510,490,32,24,67,39
30,1000,20,5.13,10.3,18,37,104,950,35,9,6,50,8.800502243,156,86,7.241707097,14.10745963,9.540883398,8.122528695,448,22,7,1,30,502,13,2,5,20,478,522,74,12,133,23
38,1000,20,5.13,10.3,18,37,0,945,34,3,18,55,7.159,93,81,4.911936957,8.870023921,6.218934911,8.125760649,489,14,1,3,18,456,20,2,15,37,507,493,42,39,67,26
35,1000,20,5.13,10.3,18,37,11,949,28,7,16,51,7.132905694,95,53,5.059063664,9.325146709,6.252934621,7.951720477,466,9,3,4,16,483,19,4,12,35,482,518,28,25,72,23
33,1000,20,5.13,10.3,18,37,16,954,24,12,10,46,7.297198563,109,71,5.239017021,9.040663751,6.684965864,7.929341267,489,9,6,4,19,465,15,6,6,27,508,492,42,29,73,36
31,1000,20,5.13,10.3,18,37,103,946,30,17,7,54,9.023932968,134,58,7.135275547,14.1235335,10.29834066,7.833335449,442,22,16,3,41,504,8,1,4,13,483,517,47,11,120,14
36,1000,20,5.13,10.3,18,37,11,963,20,5,12,37,6.873783475,113,57,5.152701221,8.913934016,6.355384299,7.371853271,475,11,2,2,15,488,9,3,10,22,490,510,27,30,76,37
34,1000,20,5.13,10.3,18,37,12,947,22,16,15,53,7.362368258,86,53,5.034214323,9.438734237,6.706226657,7.972909284,464,10,3,5,18,483,12,13,10,35,482,518,36,17,58,28
32,1000,20,5.13,10.3,18,37,57,950,33,9,8,50,8.296635296,107,71,5.809746494,10.7454163,8.080331389,8.504456696,461,21,4,4,29,489,12,5,4,21,490,510,49,22,85,22
37,1000,20,5.13,10.3,18,37,3,931,30,15,24,69,7.651162239,86,54,4.968532757,9.248435126,6.857874052,8.476829536,479,16,8,7,31,452,14,7,17,38,510,490,32,22,59,27
38,1000,20,5.13,10.3,18,37,1,947,32,3,18,53,7.155741813,94,62,4.924093691,8.881939187,6.202606759,8.135943582,491,12,1,3,16,456,20,2,15,37,507,493,33,29,64,30
35,1000,20,5.13,10.3,18,37,12,950,26,8,16,50,7.155522707,113,54,5.05603399,9.355282731,6.280013591,7.97018563,467,8,3,4,15,483,18,5,12,35,482,518,26,28,80,33
33,1000,20,5.13,10.3,18,37,17,954,25,12,9,46,7.313884607,94,60,5.2638023,9.059024845,6.718955603,7.928160896,488,11,6,3,20,466,14,6,6,26,508,492,39,21,62,32
36,1000,20,5.13,10.3,18,37,12,963,19,6,12,37,6.880122197,85,53,5.152377631,8.945547603,6.377283019,7.363242192,475,11,2,2,15,488,8,4,10,22,490,510,28,25,63,22
31,1000,20,5.13,10.3,18,37,104,946,30,17,7,54,9.001768225,153,73,7.152342785,14.17715502,10.30462121,7.78459609,442,22,16,3,41,504,8,1,4,13,483,517,58,15,134,19
39,1000,20,5.13,10.3,18,37,0,932,36,12,20,68,7.49,89,48,4.939942411,9.279856138,6.640718563,8.342685371,481,11,3,6,20,451,25,9,14,48,501,499,26,22,57,32
34,1000,20,5.13,10.3,18,37,13,947,22,16,15,53,7.418272137,88,52,5.051503252,9.470021132,6.776271887,8.015654608,464,10,3,5,18,483,12,13,10,35,482,518,30,22,69,19
32,1000,20,5.13,10.3,18,37,58,950,33,9,8,50,8.307242947,125,57,5.811071917,10.77301622,8.076163548,8.529260408,461,21,4,4,29,489,12,5,4,21,490,510,46,11,100,25
37,1000,20,5.13,10.3,18,37,4,932,30,15,23,68,7.624989802,99,49,4.970832128,9.283438803,6.873604975,8.407043397,480,15,8,7,30,452,15,7,16,38,510,490,30,19,64,35
35,1000,20,5.13,10.3,18,37,13,950,26,8,16,50,7.203937294,89,48,5.071448675,9.391482474,6.321150432,8.025372174,467,8,3,4,15,483,18,5,12,35,482,518,27,21,63,26
33,1000,20,5.13,10.3,18,37,18,956,24,10,10,44,7.332092444,91,66,5.258565625,9.071441301,6.716862781,7.967329577,489,11,4,4,19,467,13,6,6,25,508,492,35,31,60,31
38,1000,20,5.13,10.3,18,37,2,948,31,3,18,52,7.181677382,91,57,4.927711752,8.908529663,6.246388565,8.143526126,491,12,1,3,16,457,19,2,15,36,507,493,32,25,57,34
36,1000,20,5.13,10.3,18,37,13,964,18,6,12,36,6.890384966,93,49,5.157507962,8.968009714,6.380808534,7.379978008,475,11,2,2,15,489,7,4,10,21,490,510,32,17,71,22
39,1000,20,5.13,10.3,18,37,1,932,36,12,20,68,7.489070376,110,53,4.94314297,9.27449942,6.684205788,8.297160875,480,12,3,6,21,452,24,9,14,47,501,499,28,25,75,35
34,1000,20,5.13,10.3,18,37,14,948,21,16,15,52,7.452248125,91,44,5.070793061,9.496489737,6.838064745,8.023746945,464,10,3,5,18,484,11,13,10,34,482,518,24,20,69,22
37,1000,20,5.13,10.3,18,37,5,931,31,16,22,69,7.659564089,107,56,4.99763693,9.326372157,6.973372131,8.373763883,479,16,8,7,31,452,15,8,15,38,510,490,25,31,75,32
32,1000,20,5.13,10.3,18,37,59,949,33,10,8,51,8.330273276,119,70,5.844928028,10.83742694,8.123474036,8.528962742,460,21,5,4,30,489,12,5,4,21,490,510,44,26,95,24
35,1000,20,5.13,10.3,18,37,14,949,27,8,16,51,7.206673233,91,40,5.088156035,9.40592972,6.324741137,8.027312751,467,8,3,4,15,482,19,5,12,36,482,518,24,16,59,32
33,1000,20,5.13,10.3,18,37,19,954,26,10,10,46,7.360542722,91,53,5.255991297,9.106406447,6.707145081,8.035189067,489,11,4,4,19,465,15,6,6,27,508,492,29,24,62,29
38,1000,20,5.13,10.3,18,37,3,950,29,3,18,50,7.240064743,88,63,4.924620456,8.918820307,6.319544006,8.186726029,491,12,1,3,16,459,17,2,15,34,507,493,42,21,55,33
36,1000,20,5.13,10.3,18,37,14,964,17,7,12,36,6.912946768,87,55,5.158817549,8.974942295,6.438908148,7.368395638,475,10,3,2,15,489,7,4,10,21,490,510,35,20,59,28
39,1000,20,5.13,10.3,18,37,2,932,36,12,20,68,7.500203083,100,46,4.946458291,9.303972498,6.701534659,8.302072583,480,12,3,6,21,452,24,9,14,47,501,499,29,17,74,26
34,1000,20,5.13,10.3,18,37,15,949,19,17,15,51,7.469834194,96,57,5.071184669,9.528388837,6.854482346,8.042420277,464,10,3,5,18,485,9,14,10,33,482,518,31,26,71,25
37,1000,20,5.13,10.3,18,37,6,931,31,16,22,69,7.695338842,89,40,4.994147735,9.340573191,7.031054417,8.386736918,479,16,8,7,31,452,15,8,15,38,510,490,26,14,63,26
33,1000,20,5.13,10.3,18,37,20,955,25,10,10,45,7.346825291,98,59,5.275694962,9.134551917,6.728895729,7.984850122,489,11,4,4,19,466,14,6,6,26,508,492,28,31,72,26
35,1000,20,5.13,10.3,18,37,15,949,27,8,16,51,7.207708282,103,55,5.103111671,9.434917723,6.353211922,8.002818794,467,8,3,4,15,482,19,5,12,36,482,518,39,16,70,33
36,1000,20,5.13,10.3,18,37,15,963,18,7,12,37,6.965888515,83,63,5.160632311,8.966648196,6.523897268,7.390546772,475,10,3,2,15,488,8,4,10,22,490,510,39,24,59,24
32,1000,20,5.13,10.3,18,37,60,951,32,10,7,49,8.328466304,122,54,5.881052258,10.8705685,8.111002043,8.537402555,461,21,5,3,29,490,11,5,4,20,490,510,39,15,94,28
38,1000,20,5.13,10.3,18,37,4,951,28,3,18,49,7.253017197,87,49,4.913232344,8.933436301,6.358961971,8.172461415,491,12,1,3,16,460,16,2,15,33,507,493,24,25,57,30
39,1000,20,5.13,10.3,18,37,3,933,36,10,21,67,7.504416832,99,51,4.951626133,9.340685532,6.690331951,8.321764579,480,12,3,6,21,453,24,7,15,46,501,499,31,20,66,33
34,1000,20,5.13,10.3,18,37,16,948,20,17,15,52,7.507492982,102,53,5.063664176,9.548079235,6.863484479,8.106744137,464,10,3,5,18,484,10,14,10,34,482,518,30,23,70,32
37,1000,20,5.13,10.3,18,37,7,929,33,17,21,71,7.687254676,107,51,4.99006091,9.350482984,7.006445634,8.395851843,479,16,9,6,31,450,17,8,15,40,510,490,27,24,80,27
33,1000,20,5.13,10.3,18,37,21,955,25,10,10,45,7.359501995,97,61,5.256178498,9.193139135,6.734172794,8.005167104,489,11,4,4,19,466,14,6,6,26,508,492,34,27,71,26
35,1000,20,5.13,10.3,18,37,16,949,28,8,15,51,7.226421097,97,63,5.111213926,9.484160404,6.360699179,8.031977014,467,8,3,4,15,482,20,5,11,36,482,518,36,27,73,24
36,1000,20,5.13,10.3,18,37,16,962,20,7,11,38,6.977663835,98,46,5.170171375,8.998337965,6.562982093,7.376083548,475,10,3,2,15,487,10,4,9,23,490,510,34,12,62,36
38,1000,20,5.13,10.3,18,37,5,951,27,4,18,49,7.283985984,97,58,4.922849971,8.948718498,6.357381499,8.236903781,491,11,2,3,16,460,16,2,15,33,507,493,34,24,59,38
32,1000,20,5.13,10.3,18,37,61,952,31,10,7,48,8.337685922,110,72,5.900256015,10.8920565,8.139934914,8.527681989,461,21,5,3,29,491,10,5,4,19,490,510,51,21,86,24
39,1000,20,5.13,10.3,18,37,4,933,36,10,21,67,7.523000943,98,45,4.956436549,9.350299766,6.717525788,8.331704455,480,12,3,6,21,453,24,7,15,46,501,499,27,18,70,28
34,1000,20,5.13,10.3,18,37,17,949,21,16,14,51,7.528802378,92,62,5.075055218,9.577303136,6.917845209,8.097299203,464,10,3,5,18,485,11,13,9,33,482,518,40,22,64,28
37,1000,20,5.13,10.3,18,37,8,931,35,14,20,69,7.665480562,108,68,4.988537927,9.380210727,6.929068998,8.431949742,481,17,7,5,29,450,18,7,15,40,510,490,32,36,72,36
33,1000,20,5.13,10.3,18,37,22,955,26,9,10,45,7.355517613,106,44,5.279028542,9.207827016,6.806682121,7.922201413,488,12,4,4,20,467,14,5,6,25,508,492,24,20,79,27
35,1000,20,5.13,10.3,18,37,17,948,29,8,15,52,7.257976825,107,48,5.124379388,9.5035081,6.396749671,8.059350355,466,9,3,4,16,482,20,5,11,36,482,518,26,22,84,23
36,1000,20,5.13,10.3,18,37,17,961,21,7,11,39,7.009019211,99,61,5.17337284,9.01612293,6.633669256,7.369649559,474,11,3,2,16,487,10,4,9,23,490,510,35,26,63,36
38,1000,20,5.13,10.3,18,37,6,952,26,4,18,48,7.316000494,101,51,4.92388951,8.974175922,6.426808187,8.230443698,491,11,2,3,16,461,15,2,15,32,507,493,31,20,65,36
32,1000,20,5.13,10.3,18,37,62,952,31,10,7,48,8.321430537,97,67,5.949296384,10.92775054,8.142931652,8.492929467,461,21,5,3,29,491,10,5,4,19,490,510,48,19,73,24
39,1000,20,5.13,10.3,18,37,5,932,37,10,21,68,7.558080131,91,63,4.979408324,9.382068436,6.758085549,8.361281104,479,13,3,6,22,453,24,7,15,46,501,499,25,38,66,25
34,1000,20,5.13,10.3,18,37,18,949,22,15,14,51,7.551276952,100,51,5.090950101,9.610353906,6.928794739,8.130497854,464,10,3,5,18,485,12,12,9,33,482,518,29,22,73,27
37,1000,20,5.13,10.3,18,37,9,931,34,15,20,69,7.695201756,101,55,5.026154524,9.405792337,7.010977787,8.407353235,481,15,9,5,29,450,19,6,15,40,510,490,33,22,65,36
33,1000,20,5.13,10.3,18,37,23,954,26,10,10,46,7.393084098,97,54,5.28775273,9.236430063,6.81882317,7.986020179,488,12,4,4,20,466,14,6,6,26,508,492,32,22,64,33
35,1000,20,5.13,10.3,18,37,18,950,27,8,15,50,7.262973125,91,65,5.135131995,9.525092605,6.391636818,8.07375324,467,8,3,4,15,483,19,5,11,35,482,518,37,28,64,27
36,1000,20,5.13,10.3,18,37,18,962,20,7,11,38,7.012544675,93,45,5.165497492,9.042327983,6.661399473,7.349919477,475,10,3,2,15,487,10,4,9,23,490,510,31,14,65,28
38,1000,20,5.13,10.3,18,37,7,953,26,4,17,47,7.334309162,88,65,4.92038849,9.003202534,6.487153391,8.205522094,491,11,2,3,16,462,15,2,14,31,507,493,39,26,61,27
32,1000,20,5.13,10.3,18,37,63,951,32,10,7,49,8.345423102,116,59,5.95429654,10.95164933,8.201363859,8.483832963,460,22,5,3,30,491,10,5,4,19,490,510,40,19,91,25
39,1000,20,5.13,10.3,18,37,6,933,37,10,20,67,7.563771688,89,59,5.000883351,9.41685773,6.824445285,8.306061323,479,13,3,6,22,454,24,7,14,45,501,499,29,30,54,35
34,1000,20,5.13,10.3,18,37,19,950,22,15,13,50,7.57594409,113,37,5.092765551,9.643109068,6.949725156,8.158642016,465,10,3,4,17,485,12,12,9,33,482,518,27,10,79,34
33,1000,20,5.13,10.3,18,37,24,954,25,10,11,46,7.431176395,98,59,5.29160011,9.280662793,6.847438928,8.033897195,489,11,4,4,19,465,14,6,7,27,508,492,37,22,70,28
37,1000,20,5.13,10.3,18,37,10,935,32,15,18,65,7.698179854,102,52,5.052406197,9.408362719,7.051839458,8.370901491,482,15,8,5,28,453,17,7,13,37,510,490,24,28,70,32
36,1000,20,5.13,10.3,18,37,19,961,20,8,11,39,7.033126406,90,72,5.188605028,9.1007283,6.689460188,7.363315518,475,10,3,2,15,486,10,5,9,24,490,510,39,33,60,30
35,1000,20,5.13,10.3,18,37,19,954,25,8,13,46,7.256997438,98,55,5.14856074,9.553008721,6.381272113,8.071861544,469,7,3,3,13,485,18,5,10,33,482,518,29,26,73,25
38,1000,20,5.13,10.3,18,37,8,954,25,4,17,46,7.357025412,88,60,4.940005902,9.02691584,6.547107927,8.189942583,491,11,2,3,16,463,14,2,14,30,507,493,36,24,62,26
39,1000,20,5.13,10.3,18,37,7,935,33,12,20,65,7.600288308,122,48,5.022565524,9.440048497,6.82706199,8.376613729,481,10,4,6,20,454,23,8,14,45,501,499,27,21,85,37
34,1000,20,5.13,10.3,18,37,20,950,22,13,15,50,7.635348189,100,59,5.140313673,9.702551901,7.028724471,8.19981273,465,10,2,5,17,485,12,11,10,33,482,518,42,17,70,30
32,1000,20,5.13,10.3,18,37,64,950,34,10,6,50,8.360352648,121,65,5.967693025,11.00896502,8.228812601,8.486734262,459,23,5,3,31,491,11,5,3,19,490,510,46,19,94,27
33,1000,20,5.13,10.3,18,37,25,954,26,9,11,46,7.442799277,93,49,5.286809437,9.300779735,6.854618713,8.050107664,489,11,4,4,19,465,15,5,7,27,508,492,28,21,75,18
37,1000,20,5.13,10.3,18,37,11,935,33,14,18,65,7.748478066,96,60,5.064621272,9.457864325,7.103927787,8.41933652,482,16,7,5,28,453,17,7,13,37,510,490,27,33,63,33
36,1000,20,5.13,10.3,18,37,20,960,21,8,11,40,7.063947988,109,54,5.187868024,9.117823564,6.728749209,7.386001716,475,10,3,2,15,485,11,5,9,25,490,510,27,27,79,30
35,1000,20,5.13,10.3,18,37,20,955,24,8,13,45,7.283502394,103,63,5.153150759,9.557193073,6.408788983,8.097424911,468,8,3,3,14,487,16,5,10,31,482,518,43,20,73,30
38,1000,20,5.13,10.3,18,37,9,955,25,4,16,45,7.367302735,92,48,4.94928561,9.03530174,6.585313422,8.171498641,491,11,2,3,16,464,14,2,13,29,507,493,30,18,65,27
34,1000,20,5.13,10.3,18,37,21,952,20,13,15,48,7.624557059,115,44,5.145436831,9.720647282,7.056811479,8.152845418,465,10,2,5,17,487,10,11,10,31,482,518,32,12,79,36
39,1000,20,5.13,10.3,18,37,8,938,32,11,19,62,7.566605738,107,47,5.005981741,9.460064008,6.815220534,8.321002506,483,10,3,5,18,455,22,8,14,44,501,499,29,18,75,32
32,1000,20,5.13,10.3,18,37,65,950,34,10,6,50,8.355670977,104,68,5.990320939,11.06629794,8.253822299,8.45352559,459,23,5,3,31,491,11,5,3,19,490,510,45,23,88,16
33,1000,20,5.13,10.3,18,37,26,954,26,9,11,46,7.471737748,84,68,5.305715113,9.336994512,6.885837942,8.076691207,489,11,4,4,19,465,15,5,7,27,508,492,41,27,63,21
37,1000,20,5.13,10.3,18,37,12,937,32,13,18,63,7.765179862,106,65,5.071417108,9.493152101,7.123028454,8.433541531,484,15,7,4,26,453,17,6,14,37,510,490,42,23,76,30
36,1000,20,5.13,10.3,18,37,21,961,20,8,11,39,7.089591383,88,70,5.209053638,9.147721176,6.789279998,7.378125851,475,10,3,2,15,486,10,5,9,24,490,510,38,32,70,18
35,1000,20,5.13,10.3,18,37,21,955,24,8,13,45,7.353759934,95,70,5.147184001,9.587148481,6.489266687,8.158172569,468,8,3,3,14,487,16,5,10,31,482,518,40,30,68,27
38,1000,20,5.13,10.3,18,37,10,956,24,4,16,44,7.380436419,109,57,4.952437087,9.034221376,6.623287728,8.159086291,491,11,2,3,16,465,13,2,13,28,507,493,30,27,76,33
34,1000,20,5.13,10.3,18,37,22,951,21,13,15,49,7.640780933,105,52,5.17296695,9.77307804,7.130129105,8.115943445,464,11,2,5,18,487,10,11,10,31,482,518,30,22,71,34
39,1000,20,5.13,10.3,18,37,9,940,30,10,20,60,7.572329123,106,56,4.995711386,9.478371994,6.828776145,8.318862273,484,9,3,5,17,456,21,7,15,43,501,499,36,20,71,35
33,1000,20,5.13,10.3,18,37,27,954,26,9,11,46,7.461687079,108,46,5.310824291,9.362293193,6.93615099,8.004313772,489,11,4,4,19,465,15,5,7,27,508,492,29,17,77,31
37,1000,20,5.13,10.3,18,37,13,937,33,12,18,63,7.805129027,105,57,5.071969146,9.508707025,7.15916176,8.477462304,484,15,7,4,26,453,18,5,14,37,510,490,29,28,67,38
36,1000,20,5.13,10.3,18,37,22,959,21,8,12,41,7.13639024,78,53,5.235696849,9.168105883,6.828598954,7.43211128,475,10,2,3,15,484,11,6,9,26,490,510,33,20,55,23
32,1000,20,5.13,10.3,18,37,66,951,33,10,6,49,8.38525025,106,68,6.009221466,11.08980009,8.296624323,8.470400651,459,23,5,3,31,492,10,5,3,18,490,510,52,16,87,19
35,1000,20,5.13,10.3,18,37,22,955,24,8,13,45,7.34667746,113,47,5.171834716,9.613017045,6.497796136,8.136563171,468,8,3,3,14,487,16,5,10,31,482,518,27,20,81,32
38,1000,20,5.13,10.3,18,37,11,957,23,4,16,43,7.400461164,99,61,4.9556464,9.03589165,6.665105332,8.156699311,491,11,2,3,16,466,12,2,13,27,507,493,35,26,63,36
34,1000,20,5.13,10.3,18,37,23,952,20,13,15,48,7.652326889,101,64,5.196181335,9.787696613,7.149128237,8.120554205,464,11,2,5,18,488,9,11,10,30,482,518,42,22,67,34
39,1000,20,5.13,10.3,18,37,10,941,29,10,20,59,7.584386796,89,53,5.002763957,9.479919942,6.863731276,8.307930715,484,8,4,5,17,457,21,6,15,42,501,499,29,24,59,30
33,1000,20,5.13,10.3,18,37,28,953,27,9,11,47,7.506670418,100,66,5.327864777,9.377355291,6.95270146,8.078654627,489,11,4,4,19,464,16,5,7,28,508,492,35,31,69,31
37,1000,20,5.13,10.3,18,37,14,941,30,11,18,59,7.780206206,100,60,5.077179612,9.506694418,7.180415178,8.4044785,485,14,7,4,25,456,16,4,14,34,510,490,39,21,75,25
36,1000,20,5.13,10.3,18,37,23,958,22,8,12,42,7.176677484,114,67,5.253940489,9.1941294,6.871581934,7.469808503,475,10,2,3,15,483,12,6,9,27,490,510,39,28,76,38
35,1000,20,5.13,10.3,18,37,23,957,24,7,12,43,7.34777023,103,53,5.18897038,9.635512161,6.538574762,8.100728176,469,8,2,3,13,488,16,5,9,30,482,518,34,19,70,33
32,1000,20,5.13,10.3,18,37,67,951,34,9,6,49,8.402646146,114,76,6.042881597,11.16503008,8.337222308,8.465504342,459,23,5,3,31,492,11,4,3,18,490,510,56,20,97,17
38,1000,20,5.13,10.3,18,37,12,958,22,4,16,42,7.422502914,93,55,4.977344998,9.083017084,6.710335297,8.154894358,492,10,2,3,15,466,12,2,13,27,507,493,28,27,61,32
34,1000,20,5.13,10.3,18,37,24,952,19,13,16,48,7.723690365,95,53,5.225107384,9.818601948,7.218203768,8.194046619,464,11,2,5,18,488,8,11,11,30,482,518,27,26,71,24
39,1000,20,5.13,10.3,18,37,11,942,27,12,19,58,7.572793037,92,56,5.018498028,9.518508165,6.899357812,8.248927401,484,8,4,5,17,458,19,8,14,41,501,499,38,18,68,24
33,1000,20,5.13,10.3,18,37,29,957,24,8,11,43,7.495955758,105,49,5.338376886,9.42703113,7.003010369,8.004931892,489,11,4,4,19,468,13,4,7,24,508,492,28,21,70,35
36,1000,20,5.13,10.3,18,37,24,958,22,8,12,42,7.203237384,96,63,5.262020443,9.234614151,6.881168687,7.512675937,475,10,2,3,15,483,12,6,9,27,490,510,42,21,63,33
37,1000,20,5.13,10.3,18,37,15,940,31,11,18,60,7.78618197,91,56,5.095080894,9.517853359,7.197534578,8.398855787,484,15,7,4,26,456,16,4,14,34,510,490,31,25,62,29
35,1000,20,5.13,10.3,18,37,24,959,22,6,13,41,7.425956349,93,67,5.224761665,9.662620023,6.647002702,8.150774221,469,8,2,3,13,490,14,4,10,28,482,518,45,22,63,30
38,1000,20,5.13,10.3,18,37,13,958,22,4,16,42,7.427163864,92,50,4.99482938,9.097314436,6.752037798,8.121461866,492,10,2,3,15,466,12,2,13,27,507,493,28,22,69,23
32,1000,20,5.13,10.3,18,37,68,950,36,9,5,50,8.360116062,118,67,6.089048117,11.23144662,8.35450785,8.365504343,458,24,5,3,32,492,12,4,2,18,490,510,46,21,97,21
34,1000,20,5.13,10.3,18,37,25,951,21,14,14,49,7.739437886,111,64,5.242661872,9.840170998,7.272893822,8.173558037,464,11,2,5,18,487,10,12,9,31,482,518,45,19,81,30
39,1000,20,5.13,10.3,18,37,12,943,26,12,19,57,7.583579662,106,47,5.043207569,9.558711606,6.905899396,8.263976083,484,8,4,5,17,459,18,8,14,40,501,499,30,17,82,24
33,1000,20,5.13,10.3,18,37,30,957,24,8,11,43,7.506468854,105,60,5.378647486,9.458603754,7.028621471,7.999855989,489,11,4,4,19,468,13,4,7,24,508,492,37,23,76,29
36,1000,20,5.13,10.3,18,37,25,957,23,8,12,43,7.219035858,99,46,5.253061586,9.244890873,6.890513177,7.534675296,474,11,2,3,16,483,12,6,9,27,490,510,32,14,74,25
37,1000,20,5.13,10.3,18,37,16,940,31,11,18,60,7.823730656,94,57,5.117456186,9.530437391,7.248029626,8.422929687,484,15,7,4,26,456,16,4,14,34,510,490,26,31,65,29
35,1000,20,5.13,10.3,18,37,25,960,21,6,13,40,7.432815068,122,60,5.24661845,9.691303916,6.661082036,8.150914144,470,7,2,3,12,490,14,4,10,28,482,518,43,17,89,33
38,1000,20,5.13,10.3,18,37,14,959,21,4,16,41,7.432065372,93,49,4.991485324,9.106995839,6.785909678,8.096570316,492,10,2,3,15,467,11,2,13,26,507,493,24,25,65,28
32,1000,20,5.13,10.3,18,37,69,949,37,9,5,51,8.392362063,123,63,6.132880187,11.28344611,8.444429645,8.342336347,457,25,5,3,33,492,12,4,2,18,490,510,48,15,99,24
34,1000,20,5.13,10.3,18,37,26,952,21,13,14,48,7.715067831,109,62,5.269634559,9.868671257,7.268185444,8.130892756,464,11,2,5,18,488,10,11,9,30,482,518,41,21,81,28
33,1000,20,5.13,10.3,18,37,31,958,22,9,11,42,7.51749523,92,62,5.429013252,9.50525749,7.081393603,7.967779024,489,10,5,4,19,469,12,4,7,23,508,492,40,22,66,26
39,1000,20,5.13,10.3,18,37,13,941,28,12,19,59,7.571481141,104,61,5.037250758,9.585132585,6.892404342,8.253279691,483,9,4,5,18,458,19,8,14,41,501,499,32,29,79,25
36,1000,20,5.13,10.3,18,37,26,954,25,9,12,46,7.248653921,81,53,5.251193746,9.271185909,6.942798064,7.542515431,472,13,2,3,18,482,12,7,9,28,490,510,31,22,61,20
37,1000,20,5.13,10.3,18,37,17,940,33,9,18,60,7.854945514,97,60,5.154235399,9.541091202,7.352915731,8.377466308,483,16,6,5,27,457,17,3,13,33,510,490,39,21,59,38
35,1000,20,5.13,10.3,18,37,26,960,21,6,13,40,7.440845465,84,51,5.260267802,9.71236947,6.676862839,8.151732774,470,7,2,3,12,490,14,4,10,28,482,518,31,20,60,24
38,1000,20,5.13,10.3,18,37,15,959,21,6,14,41,7.409575807,115,55,5.01286944,9.13754134,6.793825357,8.042812071,492,10,2,3,15,467,11,4,11,26,507,493,36,19,77,38
34,1000,20,5.13,10.3,18,37,27,952,22,12,14,48,7.741561714,104,51,5.280692574,9.912505507,7.300071202,8.152369487,463,12,2,5,19,489,10,10,9,29,482,518,29,22,73,31
32,1000,20,5.13,10.3,18,37,70,949,36,10,5,51,8.405385313,112,75,6.15225749,11.29221744,8.482217592,8.331566064,456,25,6,3,34,493,11,4,2,17,490,510,48,27,89,23
33,1000,20,5.13,10.3,18,37,32,958,22,9,11,42,7.556168632,86,60,5.459314571,9.527669024,7.14416803,7.981567627,489,10,5,4,19,469,12,4,7,23,508,492,38,22,66,20
39,1000,20,5.13,10.3,18,37,14,940,29,12,19,60,7.638814923,107,58,5.062216595,9.604961561,6.975669842,8.3046179,482,10,4,5,19,458,19,8,14,41,501,499,31,27,72,35
36,1000,20,5.13,10.3,18,37,27,957,23,8,12,43,7.271819805,101,54,5.269281113,9.311475752,6.969385223,7.562394206,473,12,2,3,17,484,11,6,9,26,490,510,35,19,73,28
37,1000,20,5.13,10.3,18,37,18,942,32,8,18,58,7.856109695,89,54,5.191310292,9.576112392,7.418538203,8.311541247,483,16,6,5,27,459,16,2,13,31,510,490,33,21,65,24
35,1000,20,5.13,10.3,18,37,27,962,20,6,12,38,7.431918163,98,51,5.269394355,9.747607145,6.686558469,8.125476796,470,7,2,3,12,492,13,4,9,26,482,518,30,21,65,33
38,1000,20,5.13,10.3,18,37,16,961,19,6,14,39,7.395801393,97,59,5.012837686,9.181499736,6.812158953,7.996017858,492,10,2,3,15,469,9,4,11,24,507,493,37,22,71,26
34,1000,20,5.13,10.3,18,37,28,954,20,12,14,46,7.734304562,107,61,5.288379097,9.955370458,7.318868488,8.120868631,463,12,2,5,19,491,8,10,9,27,482,518,34,27,83,24
32,1000,20,5.13,10.3,18,37,71,948,36,11,5,52,8.386600261,122,81,6.189847179,11.34069932,8.472616267,8.303957431,456,25,6,3,34,492,11,5,2,18,490,510,59,22,92,30
33,1000,20,5.13,10.3,18,37,33,958,22,9,11,42,7.62492769,96,57,5.468619378,9.565489462,7.19666442,8.06711822,489,10,5,4,19,469,12,4,7,23,508,492,41,16,71,25
36,1000,20,5.13,10.3,18,37,28,957,24,8,11,43,7.276250997,107,60,5.280079994,9.321831052,6.991904708,7.549446452,473,12,2,3,17,484,12,6,8,26,490,510,38,22,79,28
37,1000,20,5.13,10.3,18,37,19,942,32,8,18,58,7.856365826,105,53,5.221003807,9.606699579,7.456467868,8.272586149,483,16,6,5,27,459,16,2,13,31,510,490,31,22,73,32
39,1000,20,5.13,10.3,18,37,15,940,29,13,18,60,7.656068093,116,56,5.073273461,9.633123307,7.015235495,8.299469159,482,10,4,5,19,458,19,9,13,41,501,499,29,27,82,34
35,1000,20,5.13,10.3,18,37,28,961,21,6,12,39,7.468122948,118,58,5.299729963,9.778733349,6.761672515,8.12547644,469,8,2,3,13,492,13,4,9,26,482,518,37,21,81,37
38,1000,20,5.13,10.3,18,37,17,961,19,6,14,39,7.401131329,80,53,5.02878714,9.217794294,6.804423143,8.014784574,492,10,2,3,15,469,9,4,11,24,507,493,28,25,60,20
34,1000,20,5.13,10.3,18,37,29,955,20,12,13,45,7.730123414,123,56,5.29945475,9.982469802,7.339691035,8.093421496,464,10,3,5,18,491,10,9,8,27,482,518,39,17,84,39
33,1000,20,5.13,10.3,18,37,34,956,23,10,11,44,7.639187755,103,55,5.481102051,9.615974859,7.243389796,8.047857192,488,11,5,4,20,468,12,5,7,24,508,492,27,28,75,28
36,1000,20,5.13,10.3,18,37,29,957,24,8,11,43,7.277551279,93,63,5.293098195,9.383822932,7.008335723,7.536209362,474,11,2,3,16,483,13,6,8,27,490,510,37,26,63,30
37,1000,20,5.13,10.3,18,37,20,943,31,7,19,57,7.872640117,89,63,5.211335459,9.60543757,7.46134881,8.300718825,484,16,5,5,26,459,15,2,14,31,510,490,38,25,56,33
39,1000,20,5.13,10.3,18,37,16,941,29,13,17,59,7.673170871,111,57,5.105365051,9.655409317,7.046291989,8.302562294,482,9,5,5,19,459,20,8,12,40,501,499,27,30,75,36
32,1000,20,5.13,10.3,18,37,72,947,35,13,5,53,8.442168919,114,75,6.190320405,11.39311417,8.555786974,8.333006475,455,24,8,3,35,492,11,5,2,18,490,510,55,20,92,22
35,1000,20,5.13,10.3,18,37,29,962,22,6,10,38,7.482493285,102,65,5.315955113,9.79828532,6.840277277,8.08007652,469,8,2,3,13,493,14,4,7,25,482,518,47,18,79,23
38,1000,20,5.13,10.3,18,37,18,961,19,6,14,39,7.461965725,102,52,5.038429304,9.23613302,6.87505642,8.065541826,492,10,2,3,15,469,9,4,11,24,507,493,30,22,62,40
34,1000,20,5.13,10.3,18,37,30,955,19,13,13,45,7.731226341,92,58,5.325612413,10.02332596,7.364625549,8.072349086,464,10,3,5,18,491,9,10,8,27,482,518,35,23,67,25
33,1000,20,5.13,10.3,18,37,35,956,23,10,11,44,7.668769432,103,61,5.498311719,9.628026472,7.305187151,8.044175528,488,11,5,4,20,468,12,5,7,24,508,492,40,21,77,26
36,1000,20,5.13,10.3,18,37,30,957,24,9,10,43,7.296558097,95,72,5.284001816,9.416381334,7.057983196,7.525777119,473,12,2,3,17,484,12,7,7,26,490,510,43,29,63,32
37,1000,20,5.13,10.3,18,37,21,943,30,8,19,57,7.887595739,98,64,5.22701962,9.624932579,7.503782734,8.287074581,483,17,5,5,27,460,13,3,14,30,510,490,44,20,68,30
39,1000,20,5.13,10.3,18,37,17,942,27,13,18,58,7.681812204,113,46,5.108515601,9.678579655,7.067856222,8.298228931,482,8,6,5,19,460,19,7,13,39,501,499,23,23,77,36
32,1000,20,5.13,10.3,18,37,73,947,35,13,5,53,8.451148275,113,63,6.197336366,11.40045057,8.581928355,8.325496827,455,24,8,3,35,492,11,5,2,18,490,510,43,20,89,24
35,1000,20,5.13,10.3,18,37,30,962,21,7,10,38,7.510290617,89,42,5.33155339,9.835185892,6.883620729,8.093408157,468,9,2,3,14,494,12,5,7,24,482,518,27,15,72,17
38,1000,20,5.13,10.3,18,37,19,962,17,7,14,38,7.509550759,80,60,5.027982641,9.267635574,6.910307176,8.125811401,492,10,2,3,15,470,7,5,11,23,507,493,33,27,63,17
34,1000,20,5.13,10.3,18,37,31,954,20,13,13,46,7.714776337,96,46,5.353883525,10.06384412,7.372821554,8.032965923,463,11,3,5,19,491,9,10,8,27,482,518,30,16,67,29
33,1000,20,5.13,10.3,18,37,36,957,23,9,11,43,7.676378601,96,60,5.484402111,9.627798747,7.311778509,8.052835606,488,11,5,4,20,469,12,4,7,23,508,492,37,23,73,23
36,1000,20,5.13,10.3,18,37,31,957,24,9,10,43,7.32792579,119,52,5.302904061,9.431644756,7.101900208,7.545087623,472,13,2,3,18,485,11,7,7,25,490,510,36,16,87,32
37,1000,20,5.13,10.3,18,37,22,943,31,8,18,57,7.952561414,92,71,5.221346548,9.669187478,7.583297435,8.336897392,483,17,5,5,27,460,14,3,13,30,510,490,42,29,65,27
39,1000,20,5.13,10.3,18,37,18,943,26,13,18,57,7.724702452,78,56,5.114176758,9.688103093,7.109017288,8.342855292,482,8,6,5,19,461,18,7,13,38,501,499,39,17,54,24
35,1000,20,5.13,10.3,18,37,31,963,20,7,10,37,7.504170629,101,59,5.341768938,9.883903496,6.884820321,8.080477286,468,9,2,3,14,495,11,5,7,23,482,518,42,17,77,24
32,1000,20,5.13,10.3,18,37,74,946,36,13,5,54,8.463922229,109,67,6.236139873,11.45774338,8.602239366,8.331029293,454,25,8,3,36,492,11,5,2,18,490,510,49,18,86,23
38,1000,20,5.13,10.3,18,37,20,963,16,8,13,37,7.548106645,102,56,5.018775986,9.279329463,6.952542425,8.160583438,492,9,3,3,15,471,7,5,10,22,507,493,33,23,68,34
34,1000,20,5.13,10.3,18,37,32,956,18,13,13,44,7.758513488,100,66,5.40858569,10.10924223,7.424780061,8.069053085,465,9,3,5,17,491,9,10,8,27,482,518,42,24,68,32
33,1000,20,5.13,10.3,18,37,37,958,23,9,10,42,7.690476153,110,74,5.503075736,9.66465142,7.32759575,8.065157545,488,11,5,4,20,470,12,4,6,22,508,492,50,24,80,30
36,1000,20,5.13,10.3,18,37,32,957,24,9,10,43,7.354014874,99,43,5.325052014,9.455575786,7.161727466,7.5387616,472,13,2,3,18,485,11,7,7,25,490,510,27,16,77,22
37,1000,20,5.13,10.3,18,37,23,943,30,9,18,57,7.97151796,100,65,5.222114875,9.68511608,7.597820968,8.360467891,484,16,5,5,26,459,14,4,13,31,510,490,41,24,82,18
39,1000,20,5.13,10.3,18,37,19,941,28,13,18,59,7.746959879,100,44,5.132416999,9.74349865,7.164290363,8.331964745,480,10,6,5,21,461,18,7,13,38,501,499,30,14,71,29
35,1000,20,5.13,10.3,18,37,32,962,21,7,10,38,7.545814084,111,73,5.362093541,9.916890101,6.960617394,8.090340734,467,10,2,3,15,495,11,5,7,23,482,518,47,26,81,30
32,1000,20,5.13,10.3,18,37,75,946,36,12,6,54,8.473849515,120,71,6.227852816,11.4733205,8.632275763,8.321636061,454,25,7,4,36,492,11,5,2,18,490,510,48,23,98,22
38,1000,20,5.13,10.3,18,37,21,963,16,8,13,37,7.543711709,94,51,5.028422288,9.294687009,6.978206006,8.125276398,492,9,3,3,15,471,7,5,10,22,507,493,27,24,76,18
34,1000,20,5.13,10.3,18,37,33,955,17,15,13,45,7.815411718,115,54,5.43829786,10.14997812,7.520140682,8.090161986,465,8,4,5,17,490,9,11,8,28,482,518,37,17,91,24
33,1000,20,5.13,10.3,18,37,38,957,24,9,10,43,7.689411937,101,59,5.518888604,9.668420949,7.318855593,8.072018895,488,11,5,4,20,469,13,4,6,23,508,492,35,24,70,31
36,1000,20,5.13,10.3,18,37,33,957,24,8,11,43,7.373130327,104,63,5.327648507,9.501198934,7.198207693,7.54119325,472,13,2,3,18,485,11,6,8,25,490,510,35,28,78,26
37,1000,20,5.13,10.3,18,37,24,944,31,9,16,56,7.965142438,91,52,5.223341569,9.692236895,7.627127355,8.316954055,484,16,5,5,26,460,15,4,11,30,510,490,30,22,67,24
39,1000,20,5.13,10.3,18,37,20,943,27,13,17,57,7.742978949,108,47,5.151918597,9.779325292,7.213930774,8.274147558,480,10,6,5,21,463,17,7,12,36,501,499,28,19,73,35
35,1000,20,5.13,10.3,18,37,33,962,21,7,10,38,7.584212353,95,64,5.370487116,9.943368078,6.997639704,8.130019336,467,10,2,3,15,495,11,5,7,23,482,518,45,19,69,26
34,1000,20,5.13,10.3,18,37,34,955,17,15,13,45,7.819119235,112,77,5.472338188,10.19874484,7.560853773,8.059435746,465,8,4,5,17,490,9,11,8,28,482,518,39,38,79,33
38,1000,20,5.13,10.3,18,37,22,962,17,8,13,38,7.547217813,102,54,5.041917693,9.323449674,7.003633635,8.106238458,491,10,3,3,16,471,7,5,10,22,507,493,28,26,69,33
32,1000,20,5.13,10.3,18,37,76,946,36,12,6,54,8.465718685,116,72,6.259163072,11.52033802,8.644549474,8.293900869,454,25,7,4,36,492,11,5,2,18,490,510,47,25,94,22
33,1000,20,5.13,10.3,18,37,39,958,23,9,10,42,7.716810635,97,47,5.522183064,9.709241411,7.352844369,8.092613203,488,11,5,4,20,470,12,4,6,22,508,492,26,21,69,28
36,1000,20,5.13,10.3,18,37,34,957,24,8,11,43,7.347314103,102,73,5.344043655,9.515331917,7.17619899,7.51171882,472,13,2,3,18,485,11,6,8,25,490,510,47,26,69,33
37,1000,20,5.13,10.3,18,37,25,946,29,9,16,54,7.961011324,98,65,5.235169718,9.708528451,7.624150756,8.311621303,486,14,5,5,24,460,15,4,11,30,510,490,40,25,76,22
39,1000,20,5.13,10.3,18,37,21,942,28,14,16,58,7.78499371,101,60,5.146471166,9.780691918,7.217499684,8.354762261,479,11,7,4,22,463,17,7,12,36,501,499,35,25,76,25
35,1000,20,5.13,10.3,18,37,34,963,20,7,10,37,7.582844951,91,68,5.396766593,9.991159966,7.01728776,8.109097009,467,10,2,3,15,496,10,5,7,22,482,518,41,27,60,31
34,1000,20,5.13,10.3,18,37,35,956,17,15,12,44,7.803026332,113,55,5.504429241,10.26537469,7.570289934,8.019588,465,8,4,5,17,491,9,11,7,27,482,518,35,20,91,22
38,1000,20,5.13,10.3,18,37,23,961,18,8,13,39,7.596225614,103,46,5.044164944,9.359104318,7.085507987,8.121446378,490,11,3,3,17,471,7,5,10,22,507,493,27,19,77,26
33,1000,20,5.13,10.3,18,37,40,958,23,9,10,42,7.698596868,122,73,5.556455459,9.749669008,7.35550009,8.052851264,488,11,5,4,20,470,12,4,6,22,508,492,44,29,93,29
36,1000,20,5.13,10.3,18,37,35,956,25,8,11,44,7.37372937,106,54,5.362261959,9.519111663,7.197704558,7.542851249,472,13,2,3,18,484,12,6,8,26,490,510,39,15,78,28
32,1000,20,5.13,10.3,18,37,77,946,37,12,5,54,8.492926672,126,65,6.28331151,11.59137138,8.671964135,8.320910287,455,25,7,3,35,491,12,5,2,19,490,510,45,20,108,18
37,1000,20,5.13,10.3,18,37,26,946,29,9,16,54,7.987441317,98,63,5.231825295,9.731840204,7.640592559,8.348447168,486,14,5,5,24,460,15,4,11,30,510,490,49,14,75,23
35,1000,20,5.13,10.3,18,37,35,962,20,7,11,38,7.607726144,96,70,5.392159656,10.02509379,7.048302536,8.128270891,466,11,2,3,16,496,9,5,8,22,482,518,44,26,76,20
39,1000,20,5.13,10.3,18,37,22,944,26,14,16,56,7.778547965,100,59,5.143852002,9.78923956,7.254522503,8.30467373,478,12,7,4,23,466,14,7,12,33,501,499,30,29,70,30
34,1000,20,5.13,10.3,18,37,36,956,17,13,14,44,7.834198249,107,54,5.530795187,10.32574578,7.61033609,8.04250242,465,8,2,7,17,491,9,11,7,27,482,518,38,16,83,24
38,1000,20,5.13,10.3,18,37,24,960,19,8,13,40,7.629639131,91,44,5.053938889,9.394902527,7.090653527,8.183930615,490,11,3,3,17,470,8,5,10,23,507,493,25,19,62,29
33,1000,20,5.13,10.3,18,37,41,958,23,9,10,42,7.691716842,122,58,5.551173012,9.781842919,7.372648319,8.021161578,489,10,5,4,19,469,13,4,6,23,508,492,35,23,91,31
36,1000,20,5.13,10.3,18,37,36,955,26,8,11,45,7.40171262,102,51,5.381879551,9.56597663,7.234606145,7.5622659,472,13,2,3,18,483,13,6,8,27,490,510,33,18,71,31
37,1000,20,5.13,10.3,18,37,27,947,29,8,16,53,8.041393104,104,55,5.223167299,9.73789457,7.685233899,8.41208942,487,14,4,5,23,460,15,4,11,30,510,490,34,21,77,27
32,1000,20,5.13,10.3,18,37,78,947,35,13,5,53,8.513481755,129,58,6.308948265,11.63783224,8.696347752,8.337786973,455,25,7,3,35,492,10,6,2,18,490,510,47,11,105,24
35,1000,20,5.13,10.3,18,37,36,963,19,7,11,37,7.632281353,101,59,5.400355602,10.06881277,7.111035747,8.117301396,466,11,2,3,16,497,8,5,8,21,482,518,36,23,78,23
39,1000,20,5.13,10.3,18,37,23,946,25,13,16,54,7.773863113,88,55,5.139111083,9.799402491,7.244446882,8.305401253,479,12,6,4,22,467,13,7,12,32,501,499,34,21,66,22
34,1000,20,5.13,10.3,18,37,37,956,18,13,13,44,7.833104518,110,77,5.54051961,10.36087381,7.62836043,8.023619287,464,10,2,6,18,492,8,11,7,26,482,518,50,27,81,29
38,1000,20,5.13,10.3,18,37,25,959,20,8,13,41,7.635336466,91,54,5.041369757,9.414169983,7.11939918,8.165925116,490,11,3,3,17,469,9,5,10,24,507,493,26,28,60,31
33,1000,20,5.13,10.3,18,37,42,960,22,9,9,40,7.688334808,90,67,5.567777173,9.796653138,7.408310213,7.977465893,489,10,5,4,19,471,12,4,5,21,508,492,46,21,70,20
36,1000,20,5.13,10.3,18,37,37,955,26,7,12,45,7.47342908,92,67,5.388126838,9.601939682,7.274464802,7.664590837,472,13,2,3,18,483,13,5,9,27,490,510,47,20,61,31
37,1000,20,5.13,10.3,18,37,28,948,30,8,14,52,8.035480612,100,51,5.223210189,9.766696387,7.696501167,8.388295953,487,15,4,4,23,461,15,4,10,29,510,490,29,22,73,27
35,1000,20,5.13,10.3,18,37,37,963,18,8,11,37,7.616851785,102,55,5.406649751,10.11000974,7.093800455,8.103552058,467,9,3,3,15,496,9,5,8,22,482,518,38,17,81,21
32,1000,20,5.13,10.3,18,37,79,948,34,13,5,52,8.518133205,104,73,6.336083313,11.72497656,8.711473949,8.332374452,455,25,7,3,35,493,9,6,2,17,490,510,54,19,81,23
39,1000,20,5.13,10.3,18,37,24,947,23,15,15,53,7.795916512,107,58,5.150361722,9.834539811,7.303814218,8.289991161,479,11,7,4,22,468,12,8,11,31,501,499,31,27,83,24
34,1000,20,5.13,10.3,18,37,38,957,17,13,13,43,7.867320101,112,64,5.570163067,10.41359823,7.69748671,8.025350398,464,10,2,6,18,493,7,11,7,25,482,518,39,25,78,34
38,1000,20,5.13,10.3,18,37,26,958,21,8,13,42,7.681529361,92,52,5.034221704,9.42994468,7.163991845,8.213763683,489,12,3,3,18,469,9,5,10,24,507,493,37,15,69,23
33,1000,20,5.13,10.3,18,37,43,960,21,10,9,40,7.716468006,116,68,5.564251034,9.821017947,7.431456585,8.010748091,489,10,5,4,19,471,11,5,5,21,508,492,45,23,88,28
36,1000,20,5.13,10.3,18,37,38,957,26,6,11,43,7.436891962,90,65,5.382535841,9.621417041,7.286689699,7.58120394,472,13,2,3,18,485,13,4,8,25,490,510,37,28,64,26
37,1000,20,5.13,10.3,18,37,29,947,31,7,15,53,8.042258204,115,52,5.226353973,9.79967271,7.711710373,8.386297783,487,15,3,5,23,460,16,4,10,30,510,490,33,19,84,31
35,1000,20,5.13,10.3,18,37,38,963,18,8,11,37,7.677851021,109,50,5.432565246,10.16658742,7.140375669,8.177972874,468,8,3,3,14,495,10,5,8,23,482,518,34,16,69,40
32,1000,20,5.13,10.3,18,37,80,948,34,12,6,52,8.534242045,125,60,6.349201021,11.7463535,8.735894695,8.340497343,455,25,7,3,35,493,9,5,3,17,490,510,44,16,92,33
39,1000,20,5.13,10.3,18,37,25,947,23,15,15,53,7.854944844,104,60,5.153155651,9.867072302,7.39790438,8.313817135,478,12,7,4,23,469,11,8,11,30,501,499,41,19,80,24
34,1000,20,5.13,10.3,18,37,39,956,17,14,13,44,7.890310648,95,66,5.601637171,10.46120726,7.745406866,8.025143896,463,10,3,6,19,493,7,11,7,25,482,518,36,30,70,25
38,1000,20,5.13,10.3,18,37,27,959,21,8,12,41,7.691401879,104,52,5.05842024,9.471029543,7.181420865,8.215865113,489,12,3,3,18,470,9,5,9,23,507,493,31,21,81,23
33,1000,20,5.13,10.3,18,37,44,961,21,10,8,39,7.708944244,117,64,5.593871433,9.862298761,7.457747332,7.96831016,489,10,5,4,19,472,11,5,4,20,508,492,38,26,92,25
36,1000,20,5.13,10.3,18,37,39,958,25,7,10,42,7.442434452,95,66,5.407039435,9.672170116,7.320515422,7.559572343,472,13,2,3,18,486,12,5,7,24,490,510,41,25,81,14
37,1000,20,5.13,10.3,18,37,30,948,30,7,15,52,8.064330645,101,62,5.235371924,9.826886631,7.754691207,8.386608428,486,16,3,5,24,462,14,4,10,28,510,490,34,28,72,29
35,1000,20,5.13,10.3,18,37,39,962,19,7,12,38,7.706055093,88,48,5.442326205,10.18720028,7.160285188,8.213895042,468,8,3,3,14,494,11,4,9,24,482,518,30,18,66,22
39,1000,20,5.13,10.3,18,37,26,946,24,15,15,54,7.869563715,105,58,5.154967851,9.87066495,7.400376831,8.340631108,478,12,7,4,23,468,12,8,11,31,501,499,35,23,78,27
34,1000,20,5.13,10.3,18,37,40,957,17,13,13,43,7.875979086,113,66,5.626474812,10.50295289,7.758183863,7.985587768,463,10,3,6,19,494,7,10,7,24,482,518,47,19,91,22
32,1000,20,5.13,10.3,18,37,81,948,34,12,6,52,8.527373565,114,58,6.383102016,11.80605593,8.717613896,8.344593639,455,25,7,3,35,493,9,5,3,17,490,510,42,16,89,25
38,1000,20,5.13,10.3,18,37,28,959,21,9,11,41,7.689579015,100,49,5.049584924,9.500620797,7.219977609,8.172515958,489,12,3,3,18,470,9,6,8,23,507,493,34,15,79,21
33,1000,20,5.13,10.3,18,37,45,961,23,8,8,39,7.685974993,100,66,5.629754993,9.882943965,7.45603469,7.923393029,489,11,4,4,19,472,12,4,4,20,508,492,47,19,79,21
36,1000,20,5.13,10.3,18,37,40,959,25,7,9,41,7.459279455,96,51,5.434446387,9.69471143,7.349873522,7.564394959,472,13,2,3,18,487,12,5,6,23,490,510,33,18,72,24
37,1000,20,5.13,10.3,18,37,31,947,31,7,15,53,8.075789612,103,42,5.250318602,9.874085052,7.821500431,8.340457943,485,17,3,5,25,462,14,4,10,28,510,490,25,17,70,33
35,1000,20,5.13,10.3,18,37,40,961,19,8,12,39,7.741758259,121,61,5.463625576,10.21714608,7.187818307,8.257200454,468,8,3,3,14,493,11,5,9,25,482,518,39,22,91,30
34,1000,20,5.13,10.3,18,37,41,958,17,12,13,42,7.887229379,130,68,5.629824245,10.5683589,7.821872602,7.948043985,462,11,3,6,20,496,6,9,7,22,482,518,41,27,99,31
39,1000,20,5.13,10.3,18,37,27,946,24,15,15,54,7.908995622,104,66,5.183218318,9.904465145,7.472218139,8.347523717,478,12,7,4,23,468,12,8,11,31,501,499,43,23,64,40
33,1000,20,5.13,10.3,18,37,46,958,26,8,8,42,7.728519117,107,69,5.632177743,9.891944808,7.495586982,7.969026282,488,12,4,4,20,470,14,4,4,22,508,492,41,28,80,27
32,1000,20,5.13,10.3,18,37,82,948,34,12,6,52,8.548071617,110,68,6.423712676,11.89147583,8.74493179,8.35893145,455,25,7,3,35,493,9,5,3,17,490,510,49,19,94,16
38,1000,20,5.13,10.3,18,37,29,961,20,8,11,39,7.685739901,94,57,5.05167976,9.518271088,7.228831751,8.15562313,490,11,3,3,17,471,9,5,8,22,507,493,31,26,75,19
36,1000,20,5.13,10.3,18,37,41,958,26,7,9,42,7.502896387,110,54,5.458246793,9.727946429,7.408123553,7.593952639,472,13,2,3,18,486,13,5,6,24,490,510,37,17,86,24
37,1000,20,5.13,10.3,18,37,32,948,31,7,14,52,8.115445411,115,63,5.248924867,9.884660524,7.849373382,8.392377522,485,17,3,5,25,463,14,4,9,27,510,490,41,22,79,36
35,1000,20,5.13,10.3,18,37,41,960,20,8,12,40,7.735328535,111,54,5.47797235,10.24691863,7.20744742,8.226522932,468,8,3,3,14,492,12,5,9,26,482,518,37,17,82,29
34,1000,20,5.13,10.3,18,37,42,958,16,13,13,42,7.916565325,107,66,5.637562427,10.59644909,7.830361039,7.996778579,462,11,3,6,20,496,5,10,7,22,482,518,43,23,85,22
39,1000,20,5.13,10.3,18,37,28,945,25,16,14,55,7.919216696,111,62,5.178974528,9.940186274,7.519164036,8.320872773,478,12,7,4,23,467,13,9,10,32,501,499,34,28,84,27
33,1000,20,5.13,10.3,18,37,47,958,25,9,8,42,7.739057709,98,48,5.676015635,9.938300002,7.53813309,7.946516463,488,11,5,4,20,470,14,4,4,22,508,492,32,16,71,27
38,1000,20,5.13,10.3,18,37,30,961,19,9,11,39,7.680046249,119,59,5.074973651,9.538211347,7.257569252,8.114520565,490,10,4,3,17,471,9,5,8,22,507,493,37,22,94,25
36,1000,20,5.13,10.3,18,37,42,956,27,8,9,44,7.507205457,98,66,5.494475394,9.738061332,7.442774879,7.569109346,472,13,2,3,18,484,14,6,6,26,490,510,47,19,77,21
32,1000,20,5.13,10.3,18,37,83,947,35,12,6,53,8.552858095,119,75,6.457661986,11.9554011,8.803476171,8.312068179,454,26,7,3,36,493,9,5,3,17,490,510,54,21,96,23
37,1000,20,5.13,10.3,18,37,33,947,31,8,14,53,8.170340205,95,60,5.259601833,9.905727581,7.906049449,8.44541834,484,17,4,5,26,463,14,4,9,27,510,490,28,32,72,23
35,1000,20,5.13,10.3,18,37,42,959,21,8,12,41,7.744236086,124,55,5.513316113,10.29977538,7.214138716,8.237492713,468,8,3,3,14,491,13,5,9,27,482,518,37,18,98,26
34,1000,20,5.13,10.3,18,37,43,958,16,13,13,42,7.914320355,129,56,5.656950604,10.62418741,7.878402785,7.947741723,462,11,3,6,20,496,5,10,7,22,482,518,38,18,93,36
39,1000,20,5.13,10.3,18,37,29,947,25,14,14,53,7.916246559,114,66,5.204884225,9.997081755,7.527963026,8.306086338,479,12,6,4,22,468,13,8,10,31,501,499,34,32,88,26
33,1000,20,5.13,10.3,18,37,48,959,23,10,8,41,7.746792602,106,70,5.683436974,9.970926484,7.568628979,7.930750165,489,10,5,4,19,470,13,5,4,22,508,492,47,23,86,20
36,1000,20,5.13,10.3,18,37,43,958,26,7,9,42,7.542029461,121,64,5.501635029,9.752611248,7.463861208,7.617132293,472,13,2,3,18,486,13,5,6,24,490,510,38,26,97,24
38,1000,20,5.13,10.3,18,37,31,962,18,8,12,38,7.694889927,74,51,5.070362478,9.572546236,7.270244099,8.131594664,491,9,4,3,16,471,9,4,9,22,507,493,37,14,53,21
37,1000,20,5.13,10.3,18,37,34,947,30,9,14,53,8.175011592,94,60,5.290942432,9.940747196,7.926750519,8.433405769,484,16,5,5,26,463,14,4,9,27,510,490,38,22,67,27
32,1000,20,5.13,10.3,18,37,84,948,34,12,6,52,8.587426488,130,78,6.507266995,12.00234565,8.863891571,8.321803172,455,25,7,3,35,493,9,5,3,17,490,510,60,18,103,27
35,1000,20,5.13,10.3,18,37,43,959,21,8,12,41,7.747968712,107,61,5.5279952,10.34405935,7.277718773,8.185537188,468,8,3,3,14,491,13,5,9,27,482,518,41,20,84,23
34,1000,20,5.13,10.3,18,37,44,956,19,12,13,44,7.913782212,111,54,5.675133017,10.66251468,7.85869751,7.965038635,462,12,2,6,20,494,7,10,7,24,482,518,38,16,80,31
39,1000,20,5.13,10.3,18,37,30,948,24,14,14,52,7.901515009,132,52,5.225524342,10.03700766,7.550601542,8.253834942,479,12,5,5,22,469,12,9,9,30,501,499,28,24,101,31
33,1000,20,5.13,10.3,18,37,49,959,23,10,8,41,7.759177403,111,58,5.692001742,9.997108702,7.555029237,7.969964534,489,10,5,4,19,470,13,5,4,22,508,492,32,26,77,34
36,1000,20,5.13,10.3,18,37,44,958,26,7,9,42,7.588005318,129,67,5.510436265,9.771594621,7.558962954,7.615908767,472,13,2,3,18,486,13,5,6,24,490,510,43,24,103,26
38,1000,20,5.13,10.3,18,37,32,964,17,7,12,36,7.705356321,99,50,5.065361693,9.602915448,7.211804441,8.212923872,493,8,3,3,14,471,9,4,9,22,507,493,35,15,63,36
37,1000,20,5.13,10.3,18,37,35,948,28,10,14,52,8.185353491,97,41,5.301110402,9.984574074,7.950645955,8.429640927,484,15,6,5,26,464,13,4,9,26,510,490,24,17,73,24
32,1000,20,5.13,10.3,18,37,85,947,34,13,6,53,8.627861475,115,92,6.541821773,12.07718515,8.915773485,8.351240133,455,25,7,3,35,492,9,6,3,18,490,510,70,22,91,24
34,1000,20,5.13,10.3,18,37,45,958,19,11,12,42,7.912465781,103,63,5.695524588,10.68144593,7.884202294,7.93876501,462,12,2,6,20,496,7,9,6,22,482,518,45,18,77,26
35,1000,20,5.13,10.3,18,37,44,958,22,9,11,42,7.734186534,108,71,5.55812688,10.38327814,7.306149514,8.132475806,467,9,3,3,15,491,13,6,8,27,482,518,47,24,86,22
33,1000,20,5.13,10.3,18,37,50,959,24,10,7,41,7.809718327,112,69,5.729130561,10.03504803,7.609744523,8.016195343,489,10,5,4,19,470,14,5,3,22,508,492,50,19,86,26
39,1000,20,5.13,10.3,18,37,31,947,25,14,14,53,7.897426129,124,59,5.23866706,10.05564921,7.589775059,8.20631027,478,13,5,5,23,469,12,9,9,30,501,499,33,26,86,38
36,1000,20,5.13,10.3,18,37,45,957,26,8,9,43,7.602510939,113,52,5.517411357,9.843548831,7.562204175,7.641237045,472,13,2,3,18,485,13,6,6,25,490,510,30,22,84,29
38,1000,20,5.13,10.3,18,37,33,963,17,8,12,37,7.728088355,100,54,5.058067467,9.602122051,7.268632624,8.200591511,492,8,4,3,15,471,9,4,9,22,507,493,39,15,69,31
37,1000,20,5.13,10.3,18,37,36,948,28,12,12,52,8.151873788,92,66,5.33699317,10.03428622,7.946983036,8.365127429,484,15,6,5,26,464,13,6,7,26,510,490,36,30,65,27
32,1000,20,5.13,10.3,18,37,86,946,35,13,6,54,8.65351413,127,61,6.590082501,12.13541804,8.957220506,8.361717809,455,25,7,3,35,491,10,6,3,19,490,510,44,17,107,20
34,1000,20,5.13,10.3,18,37,46,958,19,11,12,42,7.927066864,116,67,5.713402531,10.71819351,7.947455921,7.908094807,462,12,2,6,20,496,7,9,6,22,482,518,40,27,91,25
35,1000,20,5.13,10.3,18,37,45,956,24,9,11,44,7.747924926,118,55,5.596520747,10.41437229,7.341587435,8.126022745,466,10,3,3,16,490,14,6,8,28,482,518,31,24,94,24
33,1000,20,5.13,10.3,18,37,51,959,24,10,7,41,7.845343883,122,61,5.73913019,10.0610328,7.689416549,8.006342025,489,10,5,4,19,470,14,5,3,22,508,492,44,17,81,41
36,1000,20,5.13,10.3,18,37,46,959,24,8,9,41,7.597451086,114,60,5.535204719,9.87538652,7.561931541,7.631577708,472,13,2,3,18,487,11,6,6,23,490,510,44,16,84,30
39,1000,20,5.13,10.3,18,37,32,949,24,13,14,51,7.911528294,118,56,5.26242054,10.10412897,7.612962286,8.211290959,479,13,4,5,22,470,11,9,9,29,501,499,36,20,94,24
38,1000,20,5.13,10.3,18,37,34,964,17,8,11,36,7.719056431,108,59,5.058556215,9.616862245,7.258107497,8.193095193,493,7,4,3,14,471,10,4,8,22,507,493,42,17,78,30
37,1000,20,5.13,10.3,18,37,37,947,28,13,12,53,8.22186142,99,59,5.341073402,10.08476987,7.997283731,8.455605545,483,16,6,5,27,464,12,7,7,26,510,490,36,23,83,16
32,1000,20,5.13,10.3,18,37,87,946,34,14,6,54,8.700775242,133,62,6.633606782,12.21703101,9.011405614,8.402326453,455,24,8,3,35,491,10,6,3,19,490,510,45,17,102,31
34,1000,20,5.13,10.3,18,37,47,957,20,10,13,43,7.980717082,121,61,5.732313434,10.78106867,8.013735588,7.949993298,462,12,2,6,20,495,8,8,7,23,482,518,38,23,90,31
35,1000,20,5.13,10.3,18,37,46,957,23,8,12,43,7.753204023,118,69,5.613145237,10.45566014,7.368143172,8.111503888,467,9,3,3,15,490,14,5,9,28,482,518,40,29,88,30
33,1000,20,5.13,10.3,18,37,52,960,23,10,7,40,7.856552142,117,74,5.750100405,10.09294331,7.688187919,8.030391624,490,9,5,4,18,470,14,5,3,22,508,492,49,25,89,28
36,1000,20,5.13,10.3,18,37,47,958,24,9,9,42,7.632206127,97,64,5.572566054,9.893314309,7.592615028,7.670244634,472,12,3,3,18,486,12,6,6,24,490,510,47,17,73,24
39,1000,20,5.13,10.3,18,37,33,950,24,13,13,50,7.906925138,95,65,5.284058966,10.13738531,7.622843333,8.192145548,479,13,4,5,22,471,11,9,8,28,501,499,38,27,63,32
38,1000,20,5.13,10.3,18,37,35,964,17,9,10,36,7.701657355,99,57,5.075223843,9.642762534,7.263024063,8.152746765,493,7,4,3,14,471,10,5,7,22,507,493,40,17,77,22
37,1000,20,5.13,10.3,18,37,38,947,28,14,11,53,8.197345151,129,60,5.340658239,10.13615296,8.019964114,8.38196623,482,17,6,5,28,465,11,8,6,25,510,490,33,27,97,32
34,1000,20,5.13,10.3,18,37,48,957,20,10,13,43,7.997780114,112,72,5.743320808,10.82546089,8.040910614,7.957647101,461,13,2,6,21,496,7,8,7,22,482,518,50,22,91,21
35,1000,20,5.13,10.3,18,37,47,957,23,8,12,43,7.763873331,118,54,5.623899997,10.48828943,7.378636627,8.122336827,467,9,3,3,15,490,14,5,9,28,482,518,40,14,86,32
32,1000,20,5.13,10.3,18,37,88,946,33,15,6,54,8.722071809,131,72,6.666900924,12.26306363,9.013950282,8.441639551,455,24,8,3,35,491,9,7,3,19,490,510,60,12,111,20
33,1000,20,5.13,10.3,18,37,53,960,23,10,7,40,7.86578157,120,50,5.754037168,10.11683541,7.739390682,7.99628273,490,9,5,4,18,470,14,5,3,22,508,492,28,22,85,35
36,1000,20,5.13,10.3,18,37,48,956,27,9,8,44,7.669253683,102,65,5.591359133,9.928676387,7.615077071,7.721305722,471,13,3,3,19,485,14,6,5,25,490,510,45,20,78,24
39,1000,20,5.13,10.3,18,37,34,950,24,13,13,50,7.867266363,111,59,5.300995848,10.17783814,7.617881349,8.117650917,479,13,4,5,22,471,11,9,8,28,501,499,36,23,78,33
38,1000,20,5.13,10.3,18,37,36,964,17,9,10,36,7.711005162,111,65,5.083374208,9.653049638,7.275127107,8.159261093,493,7,4,3,14,471,10,5,7,22,507,493,46,19,83,28
37,1000,20,5.13,10.3,18,37,39,949,26,14,11,51,8.201157209,118,62,5.360758632,10.16115852,8.054398771,8.353905788,482,17,6,5,28,467,9,8,6,23,510,490,44,18,86,32
34,1000,20,5.13,10.3,18,37,49,958,19,10,13,42,8.022924419,113,67,5.766742786,10.8953468,8.055801641,7.9923321,463,11,2,6,19,495,8,8,7,23,482,518,49,18,89,24
35,1000,20,5.13,10.3,18,37,48,958,23,8,11,42,7.802375652,102,74,5.629746291,10.52468748,7.483922028,8.098697363,467,9,3,3,15,491,14,5,8,27,482,518,55,19,80,22
33,1000,20,5.13,10.3,18,37,54,958,24,10,8,42,7.885811421,104,61,5.778741601,10.15202551,7.790106976,7.984628207,489,10,5,4,19,469,14,5,4,23,508,492,38,23,79,25
36,1000,20,5.13,10.3,18,37,49,956,28,9,7,44,7.687731378,102,63,5.597864101,9.95060829,7.647018424,7.726847747,471,13,3,3,19,485,15,6,4,25,490,510,41,22,83,19
32,1000,20,5.13,10.3,18,37,89,945,34,15,6,55,8.737641089,132,74,6.715053481,12.3172974,9.047939997,8.439510765,454,25,8,3,36,491,9,7,3,19,490,510,56,18,109,23
39,1000,20,5.13,10.3,18,37,35,951,25,13,11,49,7.882580069,95,47,5.319062795,10.22161417,7.653856555,8.11222031,479,14,4,4,22,472,11,9,7,27,501,499,33,14,68,27
38,1000,20,5.13,10.3,18,37,37,964,18,8,10,36,7.737194173,105,60,5.109293921,9.68468428,7.314358243,8.172037615,493,7,4,3,14,471,11,4,7,22,507,493,37,23,79,26
37,1000,20,5.13,10.3,18,37,40,948,27,14,11,52,8.212897064,99,61,5.373871236,10.17788317,8.088045448,8.342844664,481,18,6,5,29,467,9,8,6,23,510,490,35,26,73,26
35,1000,20,5.13,10.3,18,37,49,958,23,8,11,42,7.807167694,115,71,5.640060152,10.56719764,7.501458677,8.091630525,467,9,3,3,15,491,14,5,8,27,482,518,48,23,88,27
34,1000,20,5.13,10.3,18,37,50,958,19,11,12,42,8.073079064,105,71,5.799528838,10.95692424,8.10349829,8.044773915,463,10,3,6,19,495,9,8,6,23,482,518,47,24,85,20
33,1000,20,5.13,10.3,18,37,55,959,24,9,8,41,7.887757064,127,65,5.783170475,10.18257302,7.776961805,8.002155421,489,10,5,4,19,470,14,4,4,22,508,492,40,25,98,29
36,1000,20,5.13,10.3,18,37,50,958,27,8,7,42,7.7159401,102,61,5.60046531,9.979046545,7.703994602,7.727417148,471,13,3,3,19,487,14,5,4,23,490,510,42,19,74,28
38,1000,20,5.13,10.3,18,37,38,963,19,8,10,37,7.736072519,95,52,5.131051259,9.710040625,7.326686562,8.15708404,493,7,4,3,14,470,12,4,7,23,507,493,29,23,70,25
32,1000,20,5.13,10.3,18,37,90,945,35,15,5,55,8.708535583,106,80,6.749206939,12.39163261,9.057667353,8.373095254,454,25,8,3,36,491,10,7,2,19,490,510,62,18,89,17
39,1000,20,5.13,10.3,18,37,36,952,25,11,12,48,7.899463318,102,62,5.328495779,10.24946794,7.689250298,8.110518875,479,14,4,4,22,473,11,7,8,26,501,499,42,20,78,24
37,1000,20,5.13,10.3,18,37,41,948,27,14,11,52,8.24460756,103,53,5.389300591,10.22483196,8.141112825,8.352326569,481,18,6,5,29,467,9,8,6,23,510,490,35,18,77,26
35,1000,20,5.13,10.3,18,37,50,958,23,7,12,42,7.821119539,103,55,5.668772785,10.61125251,7.568815655,8.05588879,467,9,2,4,15,491,14,5,8,27,482,518,43,12,75,28
33,1000,20,5.13,10.3,18,37,56,959,22,11,8,41,7.91366385,117,47,5.802152516,10.20882876,7.833184254,7.996760668,489,9,6,4,19,470,13,5,4,22,508,492,30,17,85,32
34,1000,20,5.13,10.3,18,37,51,957,22,11,10,43,8.033377544,132,77,5.8187862,11.00851552,8.119817206,7.952945272,462,11,3,6,20,495,11,8,4,23,482,518,57,20,107,25
36,1000,20,5.13,10.3,18,37,51,957,28,8,7,43,7.74739563,114,54,5.629951939,10.01824349,7.717870233,7.775763168,471,13,3,3,19,486,15,5,4,24,490,510,32,22,82,32
38,1000,20,5.13,10.3,18,37,39,962,21,7,10,38,7.753798241,82,50,5.138191593,9.73033181,7.326509915,8.193220515,494,7,3,3,13,468,14,4,7,25,507,493,31,19,62,20
39,1000,20,5.13,10.3,18,37,37,953,24,10,13,47,7.90898219,110,60,5.321715137,10.27665308,7.730643073,8.088036094,479,14,4,4,22,474,10,6,9,25,501,499,37,23,82,28
37,1000,20,5.13,10.3,18,37,42,947,28,14,11,53,8.275842102,113,62,5.399079856,10.2743164,8.172737723,8.383154822,480,19,6,5,30,467,9,8,6,23,510,490,45,17,89,24
32,1000,20,5.13,10.3,18,37,91,945,35,15,5,55,8.710222198,129,71,6.778609998,12.41792602,9.086609597,8.34859509,454,25,8,3,36,491,10,7,2,19,490,510,55,16,108,21
35,1000,20,5.13,10.3,18,37,51,961,20,7,12,39,7.824814158,119,58,5.684746559,10.64820728,7.590696915,8.042660704,467,9,2,4,15,494,11,5,8,24,482,518,34,24,95,24
33,1000,20,5.13,10.3,18,37,57,958,24,9,9,42,7.912219142,107,52,5.814237656,10.25034606,7.835704733,7.991221825,490,9,4,5,18,468,15,5,4,24,508,492,36,16,84,23
34,1000,20,5.13,10.3,18,37,52,957,23,10,10,43,8.062076337,111,64,5.857832049,11.05213871,8.180121385,7.952235191,461,12,3,6,21,496,11,7,4,22,482,518,50,14,88,23
36,1000,20,5.13,10.3,18,37,52,956,29,8,7,44,7.738986358,101,46,5.663825447,10.0534791,7.718074867,7.759077791,470,14,3,3,20,486,15,5,4,24,490,510,27,19,79,22
37,1000,20,5.13,10.3,18,37,43,947,30,13,10,53,8.257200673,101,59,5.410462858,10.28483184,8.200792295,8.315911435,479,20,6,5,31,468,10,7,5,22,510,490,38,21,68,33
38,1000,20,5.13,10.3,18,37,40,961,21,8,10,39,7.77980673,98,68,5.139638419,9.752436083,7.364056546,8.207363208,494,6,4,3,13,467,15,4,7,26,507,493,43,25,69,29
39,1000,20,5.13,10.3,18,37,38,952,22,13,13,48,7.925871779,103,55,5.341356591,10.32332661,7.741078851,8.11140536,478,14,5,4,23,474,8,8,9,25,501,499,38,17,73,30
32,1000,20,5.13,10.3,18,37,92,943,37,14,6,57,8.771591022,140,71,6.809133431,12.4803074,9.175173197,8.383835599,453,26,8,3,37,490,11,6,3,20,490,510,55,16,122,18
35,1000,20,5.13,10.3,18,37,52,961,19,9,11,39,7.858960755,126,77,5.700041317,10.7007953,7.647282954,8.055927358,467,9,2,4,15,494,10,7,7,24,482,518,55,22,97,29
33,1000,20,5.13,10.3,18,37,58,958,24,9,9,42,7.908197884,110,60,5.810776024,10.26940185,7.868819282,7.948857091,489,10,5,4,19,469,14,4,5,23,508,492,39,21,83,27
34,1000,20,5.13,10.3,18,37,53,958,22,10,10,42,8.068378739,117,68,5.872100045,11.11207172,8.219071254,7.928159064,461,12,3,6,21,497,10,7,4,21,482,518,44,24,84,33
36,1000,20,5.13,10.3,18,37,53,956,29,8,7,44,7.768844139,110,70,5.70240918,10.09480361,7.753428647,7.783655102,470,14,3,3,20,486,15,5,4,24,490,510,49,21,80,30
37,1000,20,5.13,10.3,18,37,44,947,31,13,9,53,8.29446519,99,54,5.435443658,10.30412657,8.228484301,8.363139177,479,21,6,4,31,468,10,7,5,22,510,490,38,16,69,30
38,1000,20,5.13,10.3,18,37,41,960,22,8,10,40,7.812203284,82,57,5.149219421,9.768359139,7.39426453,8.242010481,494,6,4,3,13,466,16,4,7,27,507,493,37,20,70,12
39,1000,20,5.13,10.3,18,37,39,952,22,13,13,48,7.922470006,117,54,5.349789591,10.35717019,7.774435178,8.071098161,478,14,5,4,23,474,8,8,9,25,501,499,39,15,88,29
35,1000,20,5.13,10.3,18,37,53,962,19,8,11,38,7.880190618,122,62,5.721079973,10.74260942,7.686141707,8.060753505,467,9,2,4,15,495,10,6,7,23,482,518,37,25,94,28
32,1000,20,5.13,10.3,18,37,93,942,39,13,6,58,8.760962488,138,75,6.837973845,12.55985181,9.178170128,8.360115932,453,26,8,3,37,489,13,5,3,21,490,510,52,23,114,24
33,1000,20,5.13,10.3,18,37,59,956,25,10,9,44,7.939430097,116,69,5.827899905,10.31650053,7.914180565,7.965500752,487,11,6,4,21,469,14,4,5,23,508,492,46,23,83,33
34,1000,20,5.13,10.3,18,37,54,957,23,11,9,43,8.062954131,118,67,5.873865782,11.13698403,8.202527757,7.933080601,461,12,3,6,21,496,11,8,3,22,482,518,52,15,93,25
36,1000,20,5.13,10.3,18,37,54,956,29,7,8,44,7.792560023,105,67,5.712783861,10.15954504,7.774501265,7.809910596,469,15,3,3,21,487,14,4,5,23,490,510,52,15,77,28
37,1000,20,5.13,10.3,18,37,45,949,30,12,9,51,8.298452632,113,50,5.451194246,10.33232922,8.257905414,8.340654838,479,21,6,4,31,470,9,6,5,20,510,490,34,16,86,27
38,1000,20,5.13,10.3,18,37,42,960,22,8,10,40,7.834950504,88,47,5.168773327,9.805913167,7.412868945,8.269018153,494,6,4,3,13,466,16,4,7,27,507,493,28,19,66,22
39,1000,20,5.13,10.3,18,37,40,955,22,12,11,45,7.898495535,111,59,5.373648672,10.37676121,7.827393534,7.969882513,478,14,5,4,23,477,8,7,7,22,501,499,38,21,91,20
35,1000,20,5.13,10.3,18,37,54,961,20,8,11,39,7.902876532,111,68,5.72344176,10.78724735,7.760264235,8.03557755,467,9,2,4,15,494,11,6,7,24,482,518,42,26,94,17
33,1000,20,5.13,10.3,18,37,60,956,25,10,9,44,7.965856412,97,56,5.841031946,10.35748545,7.947931095,7.984364666,487,11,6,4,21,469,14,4,5,23,508,492,43,13,76,21
34,1000,20,5.13,10.3,18,37,55,957,22,12,9,43,8.052052748,115,60,5.905327172,11.18138085,8.238395416,7.878660536,461,11,4,6,21,496,11,8,3,22,482,518,35,25,89,26
32,1000,20,5.13,10.3,18,37,94,943,39,12,6,57,8.764425278,145,79,6.859235797,12.59678335,9.230932921,8.316212053,453,26,8,3,37,490,13,4,3,20,490,510,65,14,119,26
36,1000,20,5.13,10.3,18,37,55,955,30,7,8,45,7.825634458,99,70,5.731805761,10.18916887,7.840429722,7.8114194,469,15,3,3,21,486,15,4,5,24,490,510,47,23,81,18
37,1000,20,5.13,10.3,18,37,46,949,31,12,8,51,8.325328765,116,80,5.47901849,10.37381998,8.292397627,8.359604032,479,21,6,4,31,470,10,6,4,20,510,490,48,32,88,28
38,1000,20,5.13,10.3,18,37,43,959,23,8,10,41,7.841681092,101,59,5.173819124,9.819620925,7.432869243,8.262102202,493,7,4,3,14,466,16,4,7,27,507,493,33,26,78,23
39,1000,20,5.13,10.3,18,37,41,955,21,13,11,45,7.900261634,103,67,5.409341014,10.4086629,7.844294615,7.95645297,478,14,5,4,23,477,7,8,7,22,501,499,42,25,87,16
35,1000,20,5.13,10.3,18,37,55,961,20,8,11,39,7.902411388,99,83,5.74678636,10.86360799,7.77615911,8.019889377,467,9,2,4,15,494,11,6,7,24,482,518,61,22,80,19
34,1000,20,5.13,10.3,18,37,56,957,21,13,9,43,8.099439685,124,62,5.924682373,11.20256947,8.30576783,7.907450948,461,10,5,6,21,496,11,8,3,22,482,518,42,20,104,20
33,1000,20,5.13,10.3,18,37,61,957,24,10,9,43,7.979174801,117,63,5.853509961,10.38512594,7.947407874,8.011974799,488,10,6,4,20,469,14,4,5,23,508,492,38,25,90,27
36,1000,20,5.13,10.3,18,37,56,954,30,8,8,46,7.857877166,134,66,5.770981963,10.20324406,7.91570022,7.802321682,468,15,4,3,22,486,15,4,5,24,490,510,44,22,108,26
32,1000,20,5.13,10.3,18,37,95,942,39,13,6,58,8.756478743,136,65,6.881357211,12.68564558,9.273277014,8.25994707,452,27,8,3,38,490,12,5,3,20,490,510,49,16,116,20
37,1000,20,5.13,10.3,18,37,47,948,31,13,8,52,8.34841476,100,46,5.482623496,10.39518974,8.339675214,8.357511022,478,21,7,4,32,470,10,6,4,20,510,490,25,21,68,32
38,1000,20,5.13,10.3,18,37,44,960,22,8,10,40,7.842515725,92,58,5.178480059,9.832775748,7.453834055,8.242235009,493,6,5,3,14,467,16,3,7,26,507,493,37,21,71,21
39,1000,20,5.13,10.3,18,37,42,955,21,12,12,45,7.891309348,109,56,5.435806472,10.44054584,7.871867093,7.910829528,477,15,5,4,24,478,6,7,8,21,501,499,34,22,87,22
35,1000,20,5.13,10.3,18,37,56,962,18,9,11,38,7.883393422,108,49,5.760165468,10.90833373,7.780976591,7.978692481,467,9,2,4,15,495,9,7,7,23,482,518,30,19,80,28
33,1000,20,5.13,10.3,18,37,62,958,22,11,9,42,8.000105858,102,53,5.86129375,10.42069653,7.999507749,8.000723418,488,9,7,4,20,470,13,4,5,22,508,492,42,11,75,27
34,1000,20,5.13,10.3,18,37,57,957,21,13,9,43,8.118916794,123,64,5.923940584,11.2648716,8.34604523,7.907573346,460,11,5,6,22,497,10,8,3,21,482,518,36,28,102,21
36,1000,20,5.13,10.3,18,37,57,954,31,8,7,46,7.872947409,118,60,5.787917972,10.23587009,7.979623211,7.770454972,467,16,4,3,23,487,15,4,4,23,490,510,43,17,91,27
32,1000,20,5.13,10.3,18,37,96,942,38,13,7,58,8.775783273,118,72,6.922439837,12.76422723,9.319214218,8.253663347,452,26,8,4,38,490,12,5,3,20,490,510,52,20,96,22
37,1000,20,5.13,10.3,18,37,48,947,31,13,9,53,8.356518587,110,60,5.504811059,10.41926073,8.344844897,8.368668756,478,20,8,4,32,469,11,5,5,21,510,490,37,23,81,29
38,1000,20,5.13,10.3,18,37,45,961,22,9,8,39,7.826290581,115,62,5.192236832,9.852299148,7.451827414,8.211387591,493,6,6,2,14,468,16,3,6,25,507,493,39,23,78,37
39,1000,20,5.13,10.3,18,37,43,953,23,12,12,47,7.923367917,108,60,5.430636647,10.47348286,7.931044471,7.915660595,476,16,5,4,25,477,7,7,8,22,501,499,38,22,87,21
35,1000,20,5.13,10.3,18,37,57,960,20,9,11,40,7.934999542,101,67,5.791477499,10.95790153,7.854973379,8.009464041,467,9,2,4,15,493,11,7,7,25,482,518,43,24,81,20
33,1000,20,5.13,10.3,18,37,63,958,22,11,9,42,8.022271039,107,58,5.877969349,10.45750288,8.034661972,8.00947715,488,9,7,4,20,470,13,4,5,22,508,492,35,23,81,26
36,1000,20,5.13,10.3,18,37,58,954,31,8,7,46,7.864720632,105,75,5.817111322,10.27328233,7.985310827,7.748859464,467,16,4,3,23,487,15,4,4,23,490,510,51,24,86,19
34,1000,20,5.13,10.3,18,37,58,954,23,14,9,46,8.139145074,116,72,5.946282777,11.33239316,8.402896284,7.893724065,457,13,6,6,25,497,10,8,3,21,482,518,55,17,93,23
37,1000,20,5.13,10.3,18,37,49,948,31,12,9,52,8.344851976,126,71,5.507841037,10.45044847,8.372958026,8.315598742,478,20,8,4,32,470,11,4,5,20,510,490,46,25,94,32
32,1000,20,5.13,10.3,18,37,97,943,37,13,7,57,8.775346918,133,86,6.927776633,12.81200528,9.342855635,8.230093446,453,25,8,4,37,490,12,5,3,20,490,510,65,21,114,19
38,1000,20,5.13,10.3,18,37,46,962,22,9,7,38,7.864188533,95,50,5.22676791,9.865975878,7.49172828,8.247225751,493,6,6,2,14,469,16,3,5,24,507,493,36,14,69,26
39,1000,20,5.13,10.3,18,37,44,950,25,13,12,50,7.95130404,108,67,5.454147237,10.52241827,7.994886607,7.907546794,473,18,6,4,28,477,7,7,8,22,501,499,34,33,86,22
36,1000,20,5.13,10.3,18,37,59,953,32,8,7,47,7.882598353,117,73,5.848766025,10.32995888,8.002025885,7.767854254,466,17,4,3,24,487,15,4,4,23,490,510,52,21,94,23
33,1000,20,5.13,10.3,18,37,64,956,24,11,9,44,8.060745576,102,71,5.92508445,10.52702375,8.111705079,8.008128854,488,9,7,4,20,468,15,4,5,24,508,492,48,23,81,21
35,1000,20,5.13,10.3,18,37,58,961,20,9,10,39,7.937851319,107,54,5.807318992,10.97908251,7.840638867,8.028307692,468,8,2,4,14,493,12,7,6,25,482,518,37,17,85,22
34,1000,20,5.13,10.3,18,37,59,954,23,14,9,46,8.171923224,106,65,5.986550691,11.40335249,8.433699593,7.928339808,457,13,6,6,25,497,10,8,3,21,482,518,48,17,85,21
37,1000,20,5.13,10.3,18,37,50,948,32,12,8,52,8.342601631,109,65,5.532915258,10.46542541,8.410451887,8.271981976,478,21,8,3,32,470,11,4,5,20,510,490,38,27,88,21
32,1000,20,5.13,10.3,18,37,98,944,35,14,7,56,8.79871542,117,73,6.945714079,12.83502519,9.37674555,8.243353139,454,23,9,4,36,490,12,5,3,20,490,510,60,13,99,18
38,1000,20,5.13,10.3,18,37,47,962,23,9,6,38,7.886784606,104,71,5.255733864,9.912220616,7.515876344,8.268225759,492,7,6,2,15,470,16,3,4,23,507,493,40,31,70,34
39,1000,20,5.13,10.3,18,37,45,948,27,13,12,52,7.984969101,114,44,5.464759401,10.53304867,8.055871361,7.913782664,473,18,6,4,28,475,9,7,8,24,501,499,27,17,83,31
36,1000,20,5.13,10.3,18,37,60,953,32,8,7,47,7.899996898,110,46,5.85111038,10.35303525,8.04620055,7.759526723,466,17,4,3,24,487,15,4,4,23,490,510,35,11,90,20
33,1000,20,5.13,10.3,18,37,65,956,24,11,9,44,8.079530995,102,59,5.950490581,10.57759064,8.171529352,7.984540821,488,9,7,4,20,468,15,4,5,24,508,492,42,17,85,17
34,1000,20,5.13,10.3,18,37,60,954,23,14,9,46,8.197348746,109,71,6.000172256,11.4269362,8.485576121,7.929152618,457,13,6,6,25,497,10,8,3,21,482,518,56,15,95,14
35,1000,20,5.13,10.3,18,37,59,962,19,9,10,38,7.937876295,128,66,5.827569187,11.04085022,7.878286982,7.993324265,468,8,2,4,14,494,11,7,6,24,482,518,42,24,103,25
37,1000,20,5.13,10.3,18,37,51,948,31,13,8,52,8.377328197,95,72,5.540474633,10.48801584,8.457778633,8.293594069,478,20,9,3,32,470,11,4,5,20,510,490,46,26,74,21
38,1000,20,5.13,10.3,18,37,48,963,22,9,6,37,7.897282599,104,61,5.250854908,9.950124981,7.549456449,8.254986164,492,7,6,2,15,471,15,3,4,22,507,493,31,30,77,27
32,1000,20,5.13,10.3,18,37,99,944,35,14,7,56,8.796263902,140,77,6.982048391,12.90111894,9.391059129,8.224793978,454,23,9,4,36,490,12,5,3,20,490,510,56,21,120,20
39,1000,20,5.13,10.3,18,37,46,947,27,14,12,53,8.010301433,130,72,5.474211617,10.55978307,8.096148375,7.924110415,473,18,6,4,28,474,9,8,8,25,501,499,42,30,96,34
36,1000,20,5.13,10.3,18,37,61,953,33,8,6,47,7.932324374,104,61,5.852486201,10.38131231,8.096313087,7.774766591,466,17,4,3,24,487,16,4,3,23,490,510,45,16,85,19
33,1000,20,5.13,10.3,18,37,66,956,23,12,9,44,8.10269365,95,63,5.957103671,10.63657999,8.22846598,7.972831163,487,10,7,4,21,469,13,5,5,23,508,492,49,14,81,14
34,1000,20,5.13,10.3,18,37,61,954,23,14,9,46,8.243152216,116,62,6.039516849,11.51465373,8.528142892,7.977967842,457,13,6,6,25,497,10,8,3,21,482,518,43,19,84,32
35,1000,20,5.13,10.3,18,37,60,964,18,9,9,36,7.938957428,120,60,5.89580295,11.10472934,7.90219996,7.973160323,468,8,2,4,14,496,10,7,5,22,482,518,44,16,91,29
37,1000,20,5.13,10.3,18,37,52,946,32,14,8,54,8.447642266,94,64,5.57016715,10.55400516,8.57240031,8.317792057,478,19,10,3,32,468,13,4,5,22,510,490,39,25,71,23
38,1000,20,5.13,10.3,18,37,49,964,22,8,6,36,7.913178271,90,73,5.247713671,9.984832952,7.609767972,8.225204684,492,7,6,2,15,472,15,2,4,21,507,493,53,20,69,21
36,1000,20,5.13,10.3,18,37,62,953,33,8,6,47,7.952312969,109,61,5.884040645,10.44292881,8.138417249,7.773506897,466,17,4,3,24,487,16,4,3,23,490,510,48,13,83,26
39,1000,20,5.13,10.3,18,37,47,946,27,15,12,54,8.037903292,116,68,5.479093859,10.59526364,8.123359872,7.9521042,472,19,6,4,29,474,8,9,8,25,501,499,48,20,88,28
33,1000,20,5.13,10.3,18,37,67,956,23,12,9,44,8.135739887,121,79,5.988867866,10.68698805,8.314139742,7.951538412,487,10,7,4,21,469,13,5,5,23,508,492,60,19,100,21
32,1000,20,5.13,10.3,18,37,100,943,36,15,6,57,8.791111384,138,73,7.044937536,12.96668505,9.437351265,8.170214244,454,23,9,4,36,489,13,6,2,21,490,510,57,16,115,23
34,1000,20,5.13,10.3,18,37,62,955,22,14,9,45,8.239750051,115,65,6.041342404,11.57702833,8.534947295,7.965068446,458,12,6,6,24,497,10,8,3,21,482,518,48,17,87,28
35,1000,20,5.13,10.3,18,37,61,966,18,7,9,34,7.92988469,116,69,5.901259278,11.11823857,7.954246046,7.907216401,467,9,2,4,15,499,9,5,5,19,482,518,51,18,95,21
37,1000,20,5.13,10.3,18,37,53,947,31,14,8,53,8.475527745,118,67,5.601124806,10.62970974,8.587891912,8.358577286,479,19,9,3,31,468,12,5,5,22,510,490,44,23,86,32
38,1000,20,5.13,10.3,18,37,50,966,21,7,6,34,7.910509037,95,60,5.268571467,10.0383046,7.596975022,8.232946654,493,6,6,2,14,473,15,1,4,20,507,493,37,23,74,21
36,1000,20,5.13,10.3,18,37,63,953,33,8,6,47,8.005236381,118,60,5.898516158,10.47134518,8.202895424,7.815328673,466,17,4,3,24,487,16,4,3,23,490,510,38,22,90,28
33,1000,20,5.13,10.3,18,37,68,956,25,12,7,44,8.099203287,120,65,6.005501011,10.70103673,8.30887711,7.882710804,487,11,7,3,21,469,14,5,4,23,508,492,46,19,95,25
39,1000,20,5.13,10.3,18,37,48,946,27,15,12,54,8.031045872,113,75,5.483002537,10.6345871,8.134833741,7.92684202,471,20,6,4,30,475,7,9,8,24,501,499,51,24,84,29
34,1000,20,5.13,10.3,18,37,63,956,22,13,9,44,8.251056919,113,56,6.06957367,11.67663177,8.567375411,7.956721951,458,12,6,6,24,498,10,7,3,20,482,518,41,15,91,22
32,1000,20,5.13,10.3,18,37,101,945,33,16,6,55,8.815661151,153,86,7.064325619,13.02297983,9.441326815,8.214531396,456,20,10,4,34,489,13,6,2,21,490,510,71,15,132,21
35,1000,20,5.13,10.3,18,37,62,967,17,7,9,33,7.9311871,110,63,5.931787297,11.14015218,7.976340933,7.889171372,467,9,2,4,15,500,8,5,5,18,482,518,43,20,86,24
37,1000,20,5.13,10.3,18,37,54,947,31,14,8,53,8.483829399,103,62,5.637106732,10.6606283,8.627000159,8.334814935,479,19,9,3,31,468,12,5,5,22,510,490,40,22,77,26
38,1000,20,5.13,10.3,18,37,51,965,23,7,5,35,7.935516988,118,55,5.286645844,10.05466122,7.641009325,8.238387953,493,6,6,2,14,472,17,1,3,21,507,493,41,14,86,32
36,1000,20,5.13,10.3,18,37,64,955,32,7,6,45,8.005410991,110,70,5.921359279,10.50830362,8.258129016,7.762603477,466,17,4,3,24,489,15,3,3,21,490,510,47,23,95,15
33,1000,20,5.13,10.3,18,37,69,956,25,12,7,44,8.110315792,103,59,6.032953364,10.76060509,8.324111946,7.889566917,487,11,7,3,21,469,14,5,4,23,508,492,44,15,79,24
39,1000,20,5.13,10.3,18,37,49,943,30,14,13,57,8.083020814,100,57,5.513312117,10.7131819,8.19504612,7.970546508,469,22,5,5,32,474,8,9,8,25,501,499,38,19,84,16
34,1000,20,5.13,10.3,18,37,64,958,20,13,9,42,8.21932454,125,68,6.073729049,11.70458639,8.608753465,7.856960172,458,12,6,6,24,500,8,7,3,18,482,518,52,16,108,17
32,1000,20,5.13,10.3,18,37,102,946,32,16,6,54,8.803949716,138,94,7.090121382,13.05180165,9.429963351,8.202485635,456,20,10,4,34,490,12,6,2,20,490,510,70,24,114,24
35,1000,20,5.13,10.3,18,37,63,967,18,6,9,33,7.904052205,109,54,5.965544697,11.16367403,7.940051344,7.870554937,467,10,1,4,15,500,8,5,5,18,482,518,41,13,84,25
37,1000,20,5.13,10.3,18,37,55,947,31,14,8,53,8.540951255,110,64,5.66298269,10.67860362,8.70284013,8.372454671,479,19,9,3,31,468,12,5,5,22,510,490,37,27,82,28
38,1000,20,5.13,10.3,18,37,52,963,25,7,5,37,8.008910878,121,70,5.266423554,10.09446932,7.751186674,8.273953822,491,8,6,2,16,472,17,1,3,21,507,493,47,23,96,25
36,1000,20,5.13,10.3,18,37,65,955,32,7,6,45,8.020638698,103,74,5.93703432,10.54840972,8.322296276,7.730810829,466,17,4,3,24,489,15,3,3,21,490,510,48,26,87,16
33,1000,20,5.13,10.3,18,37,70,953,27,13,7,47,8.130226411,115,78,6.040444433,10.79438552,8.356135268,7.896970925,485,13,7,3,23,468,14,6,4,24,508,492,45,33,89,26
34,1000,20,5.13,10.3,18,37,65,956,21,13,10,44,8.260538828,129,78,6.100069712,11.77464799,8.651073769,7.897145312,458,11,6,7,24,498,10,7,3,20,482,518,53,25,104,25
39,1000,20,5.13,10.3,18,37,50,942,30,14,14,58,8.152292182,107,70,5.525382721,10.73089469,8.242625509,8.061596797,469,22,5,5,32,473,8,9,9,26,501,499,49,21,86,21
32,1000,20,5.13,10.3,18,37,103,946,32,16,6,54,8.774338358,139,73,7.131710231,13.11931415,9.454141218,8.121194433,455,21,10,4,35,491,11,6,2,19,490,510,54,19,117,22
37,1000,20,5.13,10.3,18,37,56,945,33,14,8,55,8.549591581,124,52,5.658915554,10.70653105,8.74836968,8.342700091,479,19,9,3,31,466,14,5,5,24,510,490,32,20,96,28
35,1000,20,5.13,10.3,18,37,64,967,18,6,9,33,7.903655404,122,66,6.00863442,11.24067846,7.916773154,7.891449312,467,10,1,4,15,500,8,5,5,18,482,518,49,17,91,31
38,1000,20,5.13,10.3,18,37,53,962,26,7,5,38,8.05493892,108,46,5.255448273,10.12115696,7.816007245,8.300655673,489,10,6,2,18,473,16,1,3,20,507,493,30,16,89,19
36,1000,20,5.13,10.3,18,37,66,956,31,7,6,44,8.063409173,111,61,5.978746459,10.6125687,8.349513272,7.788524843,467,17,3,3,23,489,14,4,3,21,490,510,45,16,91,20
33,1000,20,5.13,10.3,18,37,71,955,27,11,7,45,8.08395613,121,54,6.05466105,10.82360738,8.296367965,7.864636593,487,13,5,3,21,468,14,6,4,24,508,492,39,15,97,24
34,1000,20,5.13,10.3,18,37,66,954,23,13,10,46,8.316962582,114,66,6.109273832,11.80614302,8.715604584,7.94602543,456,13,6,7,26,498,10,7,3,20,482,518,46,20,89,25
39,1000,20,5.13,10.3,18,37,51,943,30,14,13,57,8.157125091,113,63,5.568315891,10.79262054,8.269561869,8.044237664,469,22,5,5,32,474,8,9,8,25,501,499,44,19,89,24
37,1000,20,5.13,10.3,18,37,57,946,33,13,8,54,8.550014331,113,63,5.660118731,10.7235347,8.796061506,8.293924413,479,19,8,4,31,467,14,5,4,23,510,490,44,19,93,20
35,1000,20,5.13,10.3,18,37,65,967,18,6,9,33,7.947821462,102,67,6.038806772,11.31032491,7.986179645,7.912129098,467,10,1,4,15,500,8,5,5,18,482,518,51,16,84,18
32,1000,20,5.13,10.3,18,37,104,945,33,16,6,55,8.772374965,135,82,7.168686446,13.1792994,9.446129666,8.125042018,456,20,10,4,34,489,13,6,2,21,490,510,62,20,120,15
40,1000,20,5.13,10.3,18,37,0,935,34,14,17,65,7.376,85,51,4.94258859,9.20927809,6.305220884,8.438247012,480,10,5,3,18,455,24,9,14,47,498,502,25,26,57,28
33,1000,20,5.13,10.3,18,37,72,954,27,12,7,46,8.115917265,129,86,6.068981037,10.85745934,8.318618762,7.90662385,487,12,6,3,21,467,15,6,4,25,508,492,52,34,101,28
36,1000,20,5.13,10.3,18,37,67,956,31,7,6,44,8.076601497,114,63,5.998733007,10.64734578,8.39185963,7.773706429,467,17,3,3,23,489,14,4,3,21,490,510,50,13,93,21
38,1000,20,5.13,10.3,18,37,54,963,25,7,5,37,8.073471761,115,59,5.282720366,10.15031854,7.872670217,8.27997558,489,10,6,2,18,474,15,1,3,19,507,493,36,23,87,28
34,1000,20,5.13,10.3,18,37,67,953,25,12,10,47,8.296963041,120,59,6.140616728,11.86892934,8.706331763,7.916044655,456,13,6,7,26,497,12,6,3,21,482,518,45,14,92,28
39,1000,20,5.13,10.3,18,37,52,944,29,14,13,56,8.16092636,109,71,5.596788984,10.83830028,8.28977919,8.031557087,469,22,5,5,32,475,7,9,8,24,501,499,50,21,79,30
37,1000,20,5.13,10.3,18,37,58,946,33,13,8,54,8.609370704,101,47,5.680001455,10.73387787,8.898589805,8.308346741,479,19,8,4,31,467,14,5,4,23,510,490,32,15,77,24
35,1000,20,5.13,10.3,18,37,66,966,19,6,9,34,7.952383742,115,73,6.062333641,11.38655743,8.021349158,7.88821129,466,11,1,4,16,500,8,5,5,18,482,518,46,27,90,25
40,1000,20,5.13,10.3,18,37,1,934,35,14,17,66,7.408449708,84,61,4.935631217,9.231797077,6.342373362,8.466031423,479,11,5,3,19,455,24,9,14,47,498,502,28,33,62,22
33,1000,20,5.13,10.3,18,37,73,954,27,12,7,46,8.141862685,132,58,6.093544245,10.9295666,8.340345146,7.93692551,487,12,6,3,21,467,15,6,4,25,508,492,46,12,105,27
36,1000,20,5.13,10.3,18,37,68,958,30,6,6,42,8.060934777,99,66,6.053633029,10.735084,8.381618,7.752827366,467,17,3,3,23,491,13,3,3,19,490,510,45,21,79,20
38,1000,20,5.13,10.3,18,37,55,963,25,7,5,37,8.123999139,91,52,5.305913609,10.16033132,7.937986146,8.315294448,489,10,6,2,18,474,15,1,3,19,507,493,37,15,68,23
34,1000,20,5.13,10.3,18,37,68,955,24,11,10,45,8.305431998,119,79,6.174669365,11.9371027,8.726124415,7.913976892,456,13,6,7,26,499,11,5,3,19,482,518,57,22,97,22
39,1000,20,5.13,10.3,18,37,53,943,30,14,13,57,8.186876042,117,55,5.623062035,10.8780097,8.320395058,8.05282188,469,22,5,5,32,474,8,9,8,25,501,499,33,22,102,15
37,1000,20,5.13,10.3,18,37,59,945,34,13,8,55,8.632744667,105,60,5.714507227,10.76918108,8.922670866,8.330984745,479,19,8,4,31,466,15,5,4,24,510,490,37,23,86,19
35,1000,20,5.13,10.3,18,37,67,966,19,6,9,34,7.963209971,108,62,6.079882734,11.44054096,8.041508372,7.890353157,466,11,1,4,16,500,8,5,5,18,482,518,41,21,92,16
36,1000,20,5.13,10.3,18,37,69,958,30,6,6,42,8.074906862,141,59,6.084209091,10.77622713,8.439500685,7.724610835,467,17,3,3,23,491,13,3,3,19,490,510,41,18,107,34
33,1000,20,5.13,10.3,18,37,74,954,27,12,7,46,8.13079361,109,54,6.113104092,10.96639207,8.374368226,7.879297867,487,12,6,3,21,467,15,6,4,25,508,492,36,18,86,23
38,1000,20,5.13,10.3,18,37,56,960,28,7,5,40,8.156519251,125,60,5.312612803,10.18519138,8.0069472,8.310338785,486,13,6,2,21,474,15,1,3,19,507,493,41,19,95,30
40,1000,20,5.13,10.3,18,37,2,937,30,17,16,63,7.401819792,89,56,4.929299572,9.224539514,6.355901097,8.439404473,480,10,5,3,18,457,20,12,13,45,498,502,32,24,58,31
34,1000,20,5.13,10.3,18,37,69,953,25,11,11,47,8.308405383,131,82,6.18025032,11.98603997,8.743920513,7.903157713,455,14,6,7,27,498,11,5,4,20,482,518,50,32,102,29
39,1000,20,5.13,10.3,18,37,54,943,31,13,13,57,8.206465819,118,62,5.645604986,10.93905812,8.343448816,8.068933791,469,22,5,5,32,474,9,8,8,25,501,499,43,19,94,24
37,1000,20,5.13,10.3,18,37,60,945,34,13,8,55,8.646114494,122,69,5.73076389,10.81987996,8.943545546,8.336543399,479,19,8,4,31,466,15,5,4,24,510,490,44,25,95,27
35,1000,20,5.13,10.3,18,37,68,967,19,5,9,33,7.944618435,117,53,6.100993274,11.49791012,8.040740737,7.855176446,466,11,1,4,16,501,8,4,5,17,482,518,41,12,105,12
36,1000,20,5.13,10.3,18,37,70,958,30,6,6,42,8.107563794,109,75,6.098409112,10.79507368,8.512940034,7.718084662,467,17,3,3,23,491,13,3,3,19,490,510,55,20,89,20
33,1000,20,5.13,10.3,18,37,75,952,29,12,7,48,8.210590834,107,68,6.139927274,10.98712038,8.470921769,7.941793853,485,14,6,3,23,467,15,6,4,25,508,492,45,23,93,14
38,1000,20,5.13,10.3,18,37,57,959,28,8,5,41,8.20049763,99,67,5.323436496,10.21755462,8.078662966,8.325792103,486,13,6,2,21,473,15,2,3,20,507,493,54,13,72,27
34,1000,20,5.13,10.3,18,37,70,954,25,11,10,46,8.328949447,125,63,6.218680291,12.04774851,8.779869241,7.909367709,456,14,6,6,26,498,11,5,4,20,482,518,47,16,96,29
40,1000,20,5.13,10.3,18,37,3,939,29,17,15,61,7.418415879,99,39,4.930522088,9.239411222,6.409362325,8.419429165,480,10,5,3,18,459,19,12,12,43,498,502,25,14,68,31
39,1000,20,5.13,10.3,18,37,55,942,32,13,13,58,8.21692661,112,51,5.657668754,10.97496255,8.339482193,8.093879823,469,22,5,5,32,473,10,8,8,26,501,499,34,17,88,24
37,1000,20,5.13,10.3,18,37,61,945,35,13,7,55,8.678975306,102,54,5.760760051,10.89784609,8.981707245,8.363886961,479,19,8,4,31,466,16,5,3,24,510,490,40,14,81,21
35,1000,20,5.13,10.3,18,37,69,967,21,4,8,33,7.96459551,119,58,6.120805569,11.54970725,8.082418382,7.854961101,465,13,1,3,17,502,8,3,5,16,482,518,50,8,94,25
36,1000,20,5.13,10.3,18,37,71,958,29,7,6,42,8.140205207,103,76,6.101720421,10.83407803,8.579178651,7.718446407,466,17,4,3,24,492,12,3,3,18,490,510,54,22,74,29
33,1000,20,5.13,10.3,18,37,76,952,29,12,7,48,8.234651511,118,69,6.174424209,11.02619004,8.5324107,7.927209096,485,14,6,3,23,467,15,6,4,25,508,492,55,14,99,19
34,1000,20,5.13,10.3,18,37,71,954,25,11,10,46,8.328498649,125,66,6.236801308,12.11006361,8.814246284,7.876509536,456,14,6,6,26,498,11,5,4,20,482,518,55,11,103,22
38,1000,20,5.13,10.3,18,37,58,960,27,8,5,40,8.204236989,115,62,5.329193291,10.25039314,8.05822904,8.354391207,487,12,6,2,20,473,15,2,3,20,507,493,49,13,94,21
37,1000,20,5.13,10.3,18,37,62,944,35,14,7,56,8.701501348,116,70,5.772597686,10.96451614,8.994605768,8.396433483,479,19,8,4,31,465,16,6,3,25,510,490,55,15,93,23
40,1000,20,5.13,10.3,18,37,4,942,27,16,15,58,7.444710366,87,48,4.934931271,9.24360291,6.431267067,8.45007842,482,9,4,3,16,460,18,12,12,42,498,502,23,25,62,25
39,1000,20,5.13,10.3,18,37,56,941,34,13,12,59,8.230719687,100,59,5.672084657,11.00005758,8.351103443,8.10985343,468,23,5,5,33,473,11,8,7,26,501,499,39,20,74,26
35,1000,20,5.13,10.3,18,37,70,967,21,4,8,33,7.986347435,120,63,6.126437107,11.60249219,8.100083009,7.880516264,465,13,1,3,17,502,8,3,5,16,482,518,46,17,91,29
36,1000,20,5.13,10.3,18,37,72,957,30,7,6,43,8.144282487,118,60,6.110750223,10.89538933,8.59352258,7.712659653,466,17,4,3,24,491,13,3,3,19,490,510,44,16,89,29
33,1000,20,5.13,10.3,18,37,77,952,30,12,6,48,8.245787068,106,70,6.191332954,11.07179691,8.578053358,7.90271537,484,15,6,3,24,468,15,6,3,24,508,492,49,21,77,29
34,1000,20,5.13,10.3,18,37,72,953,24,13,10,47,8.359067487,128,63,6.295808611,12.17449575,8.846633969,7.905385934,456,14,6,6,26,497,10,7,4,21,482,518,43,20,101,27
38,1000,20,5.13,10.3,18,37,59,959,28,8,5,41,8.234330809,109,51,5.317091952,10.26481324,8.124946224,8.34682165,486,13,6,2,21,473,15,2,3,20,507,493,34,17,88,21
37,1000,20,5.13,10.3,18,37,63,944,35,14,7,56,8.741671026,115,62,5.80173355,11.03064767,9.062283978,8.40797183,479,19,8,4,31,465,16,6,3,25,510,490,40,22,89,26
35,1000,20,5.13,10.3,18,37,71,967,21,4,8,33,7.981080754,111,72,6.162178471,11.66469318,8.112871332,7.858449368,465,13,1,3,17,502,8,3,5,16,482,518,51,21,89,22
39,1000,20,5.13,10.3,18,37,57,942,34,11,13,58,8.253010979,116,68,5.685701348,11.03446553,8.380459024,8.125052121,468,23,5,5,33,474,11,6,8,25,501,499,46,22,92,24
40,1000,20,5.13,10.3,18,37,5,942,27,16,15,58,7.472449927,96,51,4.934602744,9.261215921,6.482450786,8.45456063,482,9,4,3,16,460,18,12,12,42,498,502,31,20,67,29
36,1000,20,5.13,10.3,18,37,73,957,30,7,6,43,8.171645597,114,82,6.13999471,10.96417368,8.615391546,7.745301449,466,17,4,3,24,491,13,3,3,19,490,510,61,21,86,28
33,1000,20,5.13,10.3,18,37,78,949,32,12,7,51,8.26508175,116,72,6.220243167,11.12644571,8.623345791,7.895166845,481,18,6,3,27,468,14,6,4,24,508,492,48,24,95,21
34,1000,20,5.13,10.3,18,37,73,952,25,13,10,48,8.389839681,127,60,6.328997571,12.23818836,8.907981809,7.907707431,456,14,6,6,26,496,11,7,4,22,482,518,49,11,107,20
38,1000,20,5.13,10.3,18,37,60,957,31,7,5,43,8.267865974,114,57,5.323398325,10.28671964,8.188696578,8.349283588,487,13,5,2,20,470,18,2,3,23,507,493,38,19,85,29
37,1000,20,5.13,10.3,18,37,64,943,37,14,6,57,8.728500646,115,58,5.805275542,11.08575206,9.039077629,8.405247052,479,20,8,3,31,464,17,6,3,26,510,490,42,16,92,23
35,1000,20,5.13,10.3,18,37,72,966,22,4,8,34,8.027397453,107,73,6.183439008,11.68794994,8.189164578,7.876872831,464,14,1,3,18,502,8,3,5,16,482,518,54,19,82,25
39,1000,20,5.13,10.3,18,37,58,942,35,11,12,58,8.258270071,104,58,5.70154681,11.09728317,8.453856177,8.061900054,468,23,5,5,33,474,12,6,7,25,501,499,35,23,84,20
40,1000,20,5.13,10.3,18,37,6,941,28,16,15,59,7.484413115,94,58,4.938351896,9.281216857,6.50539758,8.45562773,482,9,4,3,16,459,19,12,12,43,498,502,33,25,61,33
36,1000,20,5.13,10.3,18,37,74,957,29,8,6,43,8.196190704,117,87,6.180636345,11.00306331,8.685436367,7.726131145,466,16,5,3,24,491,13,3,3,19,490,510,70,17,97,20
33,1000,20,5.13,10.3,18,37,79,949,32,12,7,51,8.300241527,121,64,6.26604152,11.1997213,8.682653597,7.905393292,481,18,6,3,27,468,14,6,4,24,508,492,47,17,94,27
34,1000,20,5.13,10.3,18,37,74,952,25,13,10,48,8.408798895,123,62,6.353313121,12.28190326,8.936665026,7.917618441,456,14,6,6,26,496,11,7,4,22,482,518,42,20,101,22
38,1000,20,5.13,10.3,18,37,61,959,29,7,5,41,8.275045026,119,61,5.325811938,10.3297327,8.252160055,8.298579875,487,13,5,2,20,472,16,2,3,21,507,493,41,20,90,29
37,1000,20,5.13,10.3,18,37,65,943,37,14,6,57,8.735923915,110,70,5.813090886,11.13158087,9.057814695,8.400894737,479,20,8,3,31,464,17,6,3,26,510,490,49,21,88,22
35,1000,20,5.13,10.3,18,37,73,965,23,3,9,35,8.061036286,135,64,6.216014735,11.70142088,8.244717842,7.890120244,463,15,1,3,19,502,8,2,6,16,482,518,51,13,111,24
39,1000,20,5.13,10.3,18,37,59,941,36,11,12,59,8.273487143,118,79,5.726555054,11.14582606,8.504050447,8.041999737,467,24,5,5,34,474,12,6,7,25,501,499,55,24,91,27
36,1000,20,5.13,10.3,18,37,75,955,31,8,6,45,8.230837823,113,67,6.216450815,11.05639088,8.689638008,7.790029802,466,16,5,3,24,489,15,3,3,21,490,510,54,13,93,20
33,1000,20,5.13,10.3,18,37,80,950,32,11,7,50,8.275896967,102,73,6.287667782,11.24676391,8.693174087,7.84504986,481,18,6,3,27,469,14,5,4,23,508,492,50,23,79,23
40,1000,20,5.13,10.3,18,37,7,946,24,16,14,54,7.447952112,95,62,4.939401714,9.300713415,6.523801947,8.364738531,482,9,4,3,16,464,15,12,11,38,498,502,29,33,69,26
34,1000,20,5.13,10.3,18,37,75,954,24,13,9,46,8.409274264,126,72,6.413797619,12.4225842,8.984207712,7.874297582,456,14,6,6,26,498,10,7,3,20,482,518,55,17,109,17
38,1000,20,5.13,10.3,18,37,62,958,30,7,5,42,8.29222054,100,62,5.346641714,10.38702518,8.303026809,8.281107399,487,13,5,2,20,471,17,2,3,22,507,493,42,20,82,18
37,1000,20,5.13,10.3,18,37,66,944,36,14,6,56,8.738385658,118,60,5.838560968,11.15273123,9.077724968,8.385195765,479,20,8,3,31,465,16,6,3,25,510,490,46,14,98,20
35,1000,20,5.13,10.3,18,37,74,965,23,3,9,35,8.085060301,124,67,6.242945659,11.76222008,8.271567691,7.911514814,463,15,1,3,19,502,8,2,6,16,482,518,44,23,95,29
39,1000,20,5.13,10.3,18,37,60,942,35,10,13,58,8.27544635,106,51,5.75533029,11.20932217,8.528725051,8.021152503,467,24,5,5,34,475,11,5,8,24,501,499,33,18,79,27
36,1000,20,5.13,10.3,18,37,76,953,32,9,6,47,8.251670664,120,60,6.255841772,11.11607921,8.738583141,7.783852794,465,17,5,3,25,488,15,4,3,22,490,510,42,18,92,28
33,1000,20,5.13,10.3,18,37,81,949,33,11,7,51,8.314853241,128,61,6.295607022,11.2973172,8.775179129,7.839557406,480,19,6,3,28,469,14,5,4,23,508,492,49,12,103,25
34,1000,20,5.13,10.3,18,37,76,953,25,13,9,47,8.437074295,130,66,6.434394453,12.48337432,9.027423451,7.887753265,456,14,6,6,26,497,11,7,3,21,482,518,52,14,103,27
40,1000,20,5.13,10.3,18,37,8,949,20,17,14,51,7.470514484,89,61,4.958044598,9.32026253,6.543352735,8.39028849,484,6,5,3,14,465,14,12,11,37,498,502,38,23,64,25
38,1000,20,5.13,10.3,18,37,63,959,29,7,5,41,8.292392158,102,60,5.401839044,10.45569438,8.289301689,8.295570388,488,12,5,2,19,471,17,2,3,22,507,493,46,14,78,24
37,1000,20,5.13,10.3,18,37,67,943,36,15,6,57,8.735525101,120,60,5.865647658,11.19638567,9.124368982,8.330810042,479,20,8,3,31,464,16,7,3,26,510,490,40,20,94,26
35,1000,20,5.13,10.3,18,37,75,963,26,3,8,37,8.102891066,135,61,6.250082435,11.79627187,8.362856477,7.86099275,461,17,1,3,21,502,9,2,5,16,482,518,48,13,118,17
36,1000,20,5.13,10.3,18,37,77,952,33,9,6,48,8.277325636,114,68,6.299303977,11.18698547,8.796117972,7.778878096,464,18,5,3,26,488,15,4,3,22,490,510,49,19,96,18
39,1000,20,5.13,10.3,18,37,61,942,34,11,13,58,8.302502555,136,48,5.76183897,11.26905482,8.578874774,8.025022631,467,24,5,5,34,475,10,6,8,24,501,499,33,15,99,37
33,1000,20,5.13,10.3,18,37,82,949,33,11,7,51,8.312834449,113,87,6.335498955,11.34026304,8.807146294,7.802447421,480,19,6,3,28,469,14,5,4,23,508,492,65,22,92,21
34,1000,20,5.13,10.3,18,37,77,953,25,13,9,47,8.478506761,114,64,6.452014512,12.53689445,9.076055665,7.922486352,456,14,6,6,26,497,11,7,3,21,482,518,44,20,103,11
40,1000,20,5.13,10.3,18,37,9,949,20,17,14,51,7.498290795,121,48,4.96978579,9.361219042,6.583341158,8.405949997,484,6,5,3,14,465,14,12,11,37,498,502,22,26,82,39
38,1000,20,5.13,10.3,18,37,64,957,30,8,5,43,8.299093002,114,56,5.419052902,10.48715479,8.315844155,8.281866157,487,13,5,2,20,470,17,3,3,23,507,493,39,17,96,18
37,1000,20,5.13,10.3,18,37,68,944,35,15,6,56,8.743760084,133,49,5.891201148,11.265784,9.149152686,8.321820845,479,20,8,3,31,465,15,7,3,25,510,490,38,11,111,22
35,1000,20,5.13,10.3,18,37,76,963,27,3,7,37,8.127035158,118,61,6.282500533,11.82722629,8.401643718,7.871511363,460,18,1,3,22,503,9,2,4,15,482,518,40,21,89,29
36,1000,20,5.13,10.3,18,37,78,951,33,10,6,49,8.342451842,130,67,6.318753952,11.23732053,8.859456505,7.845721873,464,18,5,3,26,487,15,5,3,23,490,510,43,24,104,26
33,1000,20,5.13,10.3,18,37,83,949,33,11,7,51,8.299881548,118,60,6.367155582,11.40944666,8.815626857,7.767364033,479,20,6,3,29,470,13,5,4,22,508,492,43,17,99,19
39,1000,20,5.13,10.3,18,37,62,941,35,11,13,59,8.334160634,108,66,5.784536767,11.33218685,8.614486895,8.052710821,466,25,5,5,35,475,10,6,8,24,501,499,48,18,84,24
34,1000,20,5.13,10.3,18,37,78,954,24,13,9,46,8.4835593,128,76,6.452261308,12.57853666,9.069097042,7.938715301,457,13,6,6,25,497,11,7,3,21,482,518,57,19,108,20
38,1000,20,5.13,10.3,18,37,65,956,31,8,5,44,8.352112389,123,51,5.447472944,10.56842223,8.39044981,8.312686277,486,14,5,2,21,470,17,3,3,23,507,493,38,13,103,20
37,1000,20,5.13,10.3,18,37,69,943,35,15,7,57,8.75948099,116,61,5.921588243,11.33531975,9.156455209,8.346303742,478,20,9,3,32,465,15,6,4,25,510,490,47,14,93,23
40,1000,20,5.13,10.3,18,37,10,950,20,16,14,50,7.521080079,88,65,4.976351445,9.364123783,6.618154665,8.416810868,483,7,5,3,15,467,13,11,11,35,498,502,37,28,69,19
35,1000,20,5.13,10.3,18,37,77,963,27,3,7,37,8.134152913,126,63,6.293469984,11.86074113,8.415292942,7.872551573,460,18,1,3,22,503,9,2,4,15,482,518,46,17,101,25
36,1000,20,5.13,10.3,18,37,79,951,33,10,6,49,8.365684092,130,70,6.330065546,11.25797404,8.923323854,7.829912556,464,18,5,3,26,487,15,5,3,23,490,510,59,11,99,31
33,1000,20,5.13,10.3,18,37,84,949,32,12,7,51,8.305381653,115,66,6.392162291,11.4750711,8.843385856,7.749881379,479,19,7,3,29,470,13,5,4,22,508,492,43,23,96,19
39,1000,20,5.13,10.3,18,37,63,941,36,10,13,59,8.349169327,118,52,5.818780557,11.41542461,8.639379987,8.057795499,466,25,4,6,35,475,11,6,7,24,501,499,38,14,94,24
34,1000,20,5.13,10.3,18,37,79,954,24,13,9,46,8.473317538,117,59,6.488639122,12.62841355,9.071788885,7.916438793,457,13,6,6,25,497,11,7,3,21,482,518,40,19,92,25
37,1000,20,5.13,10.3,18,37,70,944,33,16,7,56,8.766495075,117,67,5.943133231,11.36953762,9.215525006,8.299137392,477,20,10,3,33,467,13,6,4,23,510,490,45,22,102,15
38,1000,20,5.13,10.3,18,37,66,955,31,9,5,45,8.367242504,125,64,5.439484616,10.59953241,8.402497668,8.330986179,485,15,5,2,22,470,16,4,3,23,507,493,45,19,91,34
35,1000,20,5.13,10.3,18,37,78,962,28,3,7,38,8.193335932,125,71,6.324561406,11.93637041,8.474574722,7.931642695,459,19,1,3,23,503,9,2,4,15,482,518,57,14,109,16
40,1000,20,5.13,10.3,18,37,11,950,21,15,14,50,7.521571431,91,56,4.988398875,9.39507599,6.62329553,8.412689756,483,7,5,3,15,467,14,10,11,35,498,502,33,23,64,27
36,1000,20,5.13,10.3,18,37,80,950,34,10,6,50,8.372182739,104,65,6.389653088,11.36878237,8.94501246,7.821816929,464,18,5,3,26,486,16,5,3,24,490,510,50,15,85,19
33,1000,20,5.13,10.3,18,37,85,950,32,12,6,50,8.334357083,117,60,6.4292697,11.57347956,8.880967219,7.769971009,479,19,7,3,29,471,13,5,3,21,508,492,46,14,97,20
39,1000,20,5.13,10.3,18,37,64,941,34,12,13,59,8.373170155,140,66,5.857467208,11.47211426,8.663458894,8.081717935,466,24,5,6,35,475,10,7,7,24,501,499,43,23,106,34
34,1000,20,5.13,10.3,18,37,80,953,24,14,9,47,8.512397283,137,83,6.538586007,12.72467202,9.097687722,7.9677834,457,13,6,6,25,496,11,8,3,22,482,518,61,22,113,24
37,1000,20,5.13,10.3,18,37,71,944,33,16,7,56,8.790011162,103,66,5.959632667,11.40821617,9.251076419,8.310126916,477,20,10,3,33,467,13,6,4,23,510,490,43,23,89,14
38,1000,20,5.13,10.3,18,37,67,956,30,9,5,44,8.375693586,126,65,5.463727728,10.67991193,8.428054482,8.321845768,485,15,5,2,22,471,15,4,3,22,507,493,45,20,101,25
35,1000,20,5.13,10.3,18,37,79,963,27,3,7,37,8.180290744,131,85,6.365298206,12.00745509,8.50255654,7.880421798,459,19,1,3,23,504,8,2,4,14,482,518,62,23,108,23
33,1000,20,5.13,10.3,18,37,86,949,33,12,6,51,8.366132899,127,69,6.465026441,11.66108381,8.950203081,7.763068565,479,19,7,3,29,470,14,5,3,22,508,492,52,17,112,15
40,1000,20,5.13,10.3,18,37,12,950,21,15,14,50,7.524518244,97,53,4.999131947,9.419780225,6.612560881,8.429209014,483,7,5,3,15,467,14,10,11,35,498,502,30,23,64,33
36,1000,20,5.13,10.3,18,37,81,952,31,11,6,48,8.376928163,131,73,6.411723747,11.4244482,8.961187207,7.815581238,465,17,5,3,25,487,14,6,3,23,490,510,55,18,106,25
39,1000,20,5.13,10.3,18,37,65,942,33,11,14,58,8.366832463,121,63,5.887718171,11.48115701,8.682136363,8.050264821,466,24,4,7,35,476,9,7,7,23,501,499,48,15,97,24
34,1000,20,5.13,10.3,18,37,81,953,24,14,9,47,8.52151464,122,85,6.571155347,12.77449717,9.106984154,7.976734127,457,13,6,6,25,496,11,8,3,22,482,518,69,16,99,23
37,1000,20,5.13,10.3,18,37,72,943,34,16,7,57,8.795933554,135,68,5.96895336,11.44758192,9.25086105,8.322437589,477,20,10,3,33,466,14,6,4,24,510,490,47,21,109,26
35,1000,20,5.13,10.3,18,37,80,959,32,2,7,41,8.220900306,118,74,6.393458025,12.05421715,8.543566163,7.920659102,456,22,1,3,26,503,10,1,4,15,482,518,51,23,92,26
38,1000,20,5.13,10.3,18,37,68,954,31,10,5,46,8.436448057,116,52,5.473430935,10.73560394,8.487717984,8.383722189,484,15,6,2,23,470,16,4,3,23,507,493,34,18,96,20
33,1000,20,5.13,10.3,18,37,87,948,34,12,6,52,8.379587434,110,63,6.512096633,11.75455644,8.992422718,7.746822547,478,20,7,3,30,470,14,5,3,22,508,492,48,15,87,23
36,1000,20,5.13,10.3,18,37,82,952,32,10,6,48,8.381330721,124,69,6.459261915,11.49706099,8.998093757,7.788754471,464,18,5,3,26,488,14,5,3,22,490,510,53,16,102,22
40,1000,20,5.13,10.3,18,37,13,948,23,15,14,52,7.5338753,85,49,4.990336774,9.42361031,6.651694713,8.409026559,482,8,5,3,16,466,15,10,11,36,498,502,34,15,64,21
39,1000,20,5.13,10.3,18,37,66,943,33,11,13,57,8.355002779,134,80,5.927447599,11.54489818,8.679964889,8.028738216,466,25,4,6,35,477,8,7,7,22,501,499,53,27,104,30
34,1000,20,5.13,10.3,18,37,82,953,23,15,9,47,8.539939716,143,64,6.604509396,12.87972138,9.164428556,7.958851645,457,12,7,6,25,496,11,8,3,22,482,518,52,12,117,26
37,1000,20,5.13,10.3,18,37,73,943,34,16,7,57,8.796266805,120,64,6.003172755,11.52792196,9.263913766,8.309532213,477,20,10,3,33,466,14,6,4,24,510,490,47,17,101,19
35,1000,20,5.13,10.3,18,37,81,959,32,2,7,41,8.230612998,117,71,6.429349745,12.11157268,8.55594258,7.927893194,456,22,1,3,26,503,10,1,4,15,482,518,52,19,100,17
38,1000,20,5.13,10.3,18,37,69,954,31,10,5,46,8.443427581,101,71,5.472327555,10.77393414,8.525311836,8.359218013,484,15,6,2,23,470,16,4,3,23,507,493,50,21,85,16
33,1000,20,5.13,10.3,18,37,88,946,36,11,7,54,8.423182404,117,79,6.540637232,11.79587076,9.043267415,7.782932028,477,21,7,3,31,469,15,4,4,23,508,492,53,26,89,28
36,1000,20,5.13,10.3,18,37,83,952,32,10,6,48,8.421533524,119,73,6.481013482,11.54708932,9.058708545,7.809345759,464,18,5,3,26,488,14,5,3,22,490,510,54,19,101,18
39,1000,20,5.13,10.3,18,37,67,944,32,11,13,56,8.397970595,118,63,5.949694983,11.5884484,8.735478208,8.059110246,467,24,4,6,34,477,8,7,7,22,501,499,41,22,91,27
40,1000,20,5.13,10.3,18,37,14,948,24,14,14,52,7.552379298,86,47,4.981029431,9.423754076,6.675209529,8.422559667,483,8,4,3,15,465,16,10,11,37,498,502,24,23,70,16
34,1000,20,5.13,10.3,18,37,83,954,23,14,9,46,8.55008312,132,77,6.636120391,12.94768215,9.191022327,7.953687952,457,12,7,6,25,497,11,7,3,21,482,518,61,16,111,21
37,1000,20,5.13,10.3,18,37,74,940,37,16,7,60,8.841880749,116,72,6.030261354,11.57971677,9.305586531,8.3592482,475,22,10,3,35,465,15,6,4,25,510,490,41,31,96,20
35,1000,20,5.13,10.3,18,37,82,956,32,5,7,44,8.278458161,113,77,6.474193559,12.15462201,8.619051058,7.961535814,454,21,4,3,28,502,11,1,4,16,482,518,57,20,95,18
38,1000,20,5.13,10.3,18,37,70,955,29,12,4,45,8.440170731,103,76,5.498275385,10.81154429,8.538997346,8.33853768,484,14,7,2,23,471,15,5,2,22,507,493,53,23,82,21
33,1000,20,5.13,10.3,18,37,89,946,36,11,7,54,8.446280871,116,68,6.558052573,11.83735056,9.08549454,7.786279764,477,21,7,3,31,469,15,4,4,23,508,492,42,26,97,19
36,1000,20,5.13,10.3,18,37,84,953,31,10,6,47,8.440372698,120,74,6.517291629,11.58125722,9.105657205,7.801177779,464,18,5,3,26,489,13,5,3,21,490,510,58,16,97,23
39,1000,20,5.13,10.3,18,37,68,944,33,11,12,56,8.417832126,109,68,5.96197168,11.64630016,8.791939875,8.042224947,466,25,4,6,35,478,8,7,6,21,501,499,52,16,88,21
34,1000,20,5.13,10.3,18,37,84,953,24,14,9,47,8.594993779,110,68,6.675331785,13.03220005,9.200030739,8.03200572,457,12,7,6,25,496,12,7,3,22,482,518,49,19,91,19
40,1000,20,5.13,10.3,18,37,15,949,24,13,14,51,7.56826384,110,60,4.994705279,9.429234587,6.679204098,8.45023944,484,8,3,3,14,465,16,10,11,37,498,502,31,29,71,39
35,1000,20,5.13,10.3,18,37,83,955,31,7,7,45,8.308155992,138,69,6.506958048,12.21222984,8.633863114,8.005084886,455,19,5,3,27,500,12,2,4,18,482,518,49,20,118,20
37,1000,20,5.13,10.3,18,37,75,940,37,17,6,60,8.868174585,129,64,6.036159774,11.62341793,9.344245435,8.372672273,475,23,10,2,35,465,14,7,4,25,510,490,47,17,104,25
38,1000,20,5.13,10.3,18,37,71,952,31,12,5,48,8.486426789,121,51,5.516383823,10.85479726,8.595851042,8.373895153,483,15,7,2,24,469,16,5,3,24,507,493,34,17,100,21
33,1000,20,5.13,10.3,18,37,90,946,36,11,7,54,8.457565214,116,66,6.596385755,11.90823012,9.149154169,7.74348556,477,21,7,3,31,469,15,4,4,23,508,492,43,23,95,21
36,1000,20,5.13,10.3,18,37,85,954,30,11,5,46,8.45981388,117,93,6.554796825,11.6686101,9.133862902,7.812198153,465,18,5,2,25,489,12,6,3,21,490,510,72,21,94,23
39,1000,20,5.13,10.3,18,37,69,945,34,11,10,55,8.396128256,103,63,5.973026399,11.689908,8.751722664,8.039108619,466,26,4,5,35,479,8,7,5,20,501,499,38,25,76,27
34,1000,20,5.13,10.3,18,37,85,953,24,14,9,47,8.600709667,129,79,6.715741353,13.1195435,9.222826639,8.021828624,457,12,7,6,25,496,12,7,3,22,482,518,55,24,112,17
40,1000,20,5.13,10.3,18,37,16,949,24,14,13,51,7.617465988,99,53,5.001279884,9.450325827,6.773316637,8.45488905,484,8,3,3,14,465,16,11,10,37,498,502,33,20,70,29
35,1000,20,5.13,10.3,18,37,84,956,30,7,7,44,8.337024138,127,75,6.544005889,12.28309002,8.664292685,8.032500123,455,19,5,3,27,501,11,2,4,17,482,518,59,16,98,29
37,1000,20,5.13,10.3,18,37,76,940,37,18,5,60,8.858705535,120,75,6.068117495,11.67699953,9.386051644,8.309835094,475,22,11,2,35,465,15,7,3,25,510,490,55,20,90,30
38,1000,20,5.13,10.3,18,37,72,951,32,12,5,49,8.511800562,104,74,5.546484845,10.92349486,8.612876931,8.407853869,482,16,7,2,25,469,16,5,3,24,507,493,48,26,77,27
33,1000,20,5.13,10.3,18,37,91,945,36,12,7,55,8.479159625,120,65,6.638993839,11.97529453,9.18189957,7.753566349,476,21,8,3,32,469,15,4,4,23,508,492,47,18,100,20
36,1000,20,5.13,10.3,18,37,86,953,31,11,5,47,8.472211116,117,74,6.570410066,11.72759327,9.179783336,7.792386825,464,19,5,2,26,489,12,6,3,21,490,510,59,15,92,25
34,1000,20,5.13,10.3,18,37,86,953,24,14,9,47,8.607863976,135,77,6.731877643,13.19219417,9.254740272,8.005944333,457,12,7,6,25,496,12,7,3,22,482,518,58,19,119,16
39,1000,20,5.13,10.3,18,37,70,946,31,13,10,54,8.422120923,108,70,6.012549665,11.75373876,8.785396632,8.057389198,466,25,5,5,35,480,6,8,5,19,501,499,51,19,91,17
35,1000,20,5.13,10.3,18,37,85,956,30,7,7,44,8.359752761,133,82,6.588914922,12.36354926,8.726102887,8.018863261,455,19,5,3,27,501,11,2,4,17,482,518,64,18,113,20
37,1000,20,5.13,10.3,18,37,77,940,37,18,5,60,8.865166404,138,72,6.09291356,11.72199803,9.395262577,8.313433652,475,22,11,2,35,465,15,7,3,25,510,490,58,14,108,30
40,1000,20,5.13,10.3,18,37,17,953,24,9,14,47,7.606860812,111,70,5.0181193,9.483078249,6.760057173,8.446917012,484,8,2,4,14,469,16,7,10,33,498,502,36,34,78,33
33,1000,20,5.13,10.3,18,37,92,945,36,12,7,55,8.473066862,153,77,6.690701385,12.04943839,9.195028805,7.727626482,476,21,8,3,32,469,15,4,4,23,508,492,56,21,129,24
38,1000,20,5.13,10.3,18,37,73,950,33,12,5,50,8.533731339,99,53,5.538640219,10.94031467,8.659178933,8.404721339,482,16,7,2,25,468,17,5,3,25,507,493,36,17,76,23
36,1000,20,5.13,10.3,18,37,87,954,31,11,4,46,8.497765889,128,81,6.618834785,11.75282761,9.233544605,7.790841241,464,19,5,2,26,490,12,6,2,20,490,510,63,18,109,19
34,1000,20,5.13,10.3,18,37,87,953,25,13,9,47,8.592481069,133,65,6.76121551,13.26660789,9.252365244,7.97845757,457,12,7,6,25,496,13,6,3,22,482,518,49,16,118,15
39,1000,20,5.13,10.3,18,37,71,945,29,15,11,55,8.464922679,133,66,6.022342126,11.79794464,8.875154604,8.053046537,466,23,7,5,35,479,6,8,6,20,501,499,51,15,104,29
35,1000,20,5.13,10.3,18,37,86,956,29,9,6,44,8.362881484,135,66,6.632173408,12.4438503,8.768547198,7.985408753,455,18,6,3,27,501,11,3,3,17,482,518,57,9,113,22
37,1000,20,5.13,10.3,18,37,78,939,37,19,5,61,8.891239841,127,59,6.096017479,11.80826637,9.44755809,8.312214725,474,23,11,2,36,465,14,8,3,25,510,490,37,22,108,19
33,1000,20,5.13,10.3,18,37,93,944,37,11,8,56,8.510765288,119,68,6.726983452,12.1096865,9.230793307,7.767321722,475,22,7,4,33,469,15,4,4,23,508,492,52,16,96,23
38,1000,20,5.13,10.3,18,37,74,952,32,11,5,48,8.534540787,115,50,5.567864166,10.98177113,8.666357793,8.398980499,483,16,6,2,24,469,16,5,3,24,507,493,34,16,92,23
36,1000,20,5.13,10.3,18,37,88,953,32,11,4,47,8.523000764,123,90,6.681643548,11.82223322,9.288773941,7.787257908,462,21,5,2,28,491,11,6,2,19,490,510,67,23,102,21
40,1000,20,5.13,10.3,18,37,18,951,25,10,14,49,7.620243461,104,60,5.030788198,9.516826317,6.770053594,8.463658907,483,9,2,4,15,468,16,8,10,34,498,502,37,23,75,29
34,1000,20,5.13,10.3,18,37,88,954,25,12,9,46,8.598446112,146,66,6.799114047,13.34973142,9.277871314,7.966239649,457,12,7,6,25,497,13,5,3,21,482,518,52,14,126,20
39,1000,20,5.13,10.3,18,37,72,945,29,14,12,55,8.473391213,119,59,6.031645305,11.86233393,8.916595746,8.028410309,465,23,7,6,36,480,6,7,6,19,501,499,37,22,97,22
35,1000,20,5.13,10.3,18,37,87,957,28,9,6,43,8.378676348,149,60,6.65804623,12.53958543,8.807346233,7.979798194,455,18,6,3,27,502,10,3,3,16,482,518,47,13,125,24
37,1000,20,5.13,10.3,18,37,79,939,37,19,5,61,8.888979722,125,71,6.108336572,11.85843525,9.459529473,8.295142226,474,23,11,2,36,465,14,8,3,25,510,490,53,18,103,22
33,1000,20,5.13,10.3,18,37,94,944,37,10,9,56,8.539246967,120,72,6.756997855,12.14884004,9.27473212,7.779843597,475,22,6,5,33,469,15,4,4,23,508,492,47,25,99,21
36,1000,20,5.13,10.3,18,37,89,953,32,10,5,47,8.499156617,129,59,6.74157886,11.89656574,9.318182699,7.712249205,462,21,4,3,28,491,11,6,2,19,490,510,49,10,116,13
38,1000,20,5.13,10.3,18,37,75,952,32,11,5,48,8.539060693,111,45,5.583314278,11.04512509,8.691484893,8.382308015,483,16,6,2,24,469,16,5,3,24,507,493,30,15,88,23
40,1000,20,5.13,10.3,18,37,19,952,25,9,14,48,7.608287541,119,52,5.045816122,9.540836173,6.818593553,8.391689146,483,9,2,4,15,469,16,7,10,33,498,502,32,20,88,31
34,1000,20,5.13,10.3,18,37,89,953,26,12,9,47,8.622842928,142,73,6.826612819,13.41404242,9.309021715,7.984352243,456,13,7,6,26,497,13,5,3,21,482,518,57,16,121,21
39,1000,20,5.13,10.3,18,37,73,947,27,13,13,53,8.488070038,117,58,6.067764353,11.92495471,8.981879406,7.992281474,465,23,7,6,36,482,4,6,7,17,501,499,43,15,94,23
35,1000,20,5.13,10.3,18,37,88,955,29,10,6,45,8.382035823,140,77,6.708264699,12.62530045,8.84923241,7.947308496,453,19,7,3,29,502,10,3,3,16,482,518,50,27,121,19
37,1000,20,5.13,10.3,18,37,80,938,39,19,4,62,8.886165482,124,80,6.121709431,11.91578034,9.465225109,8.283470769,474,23,11,2,36,464,16,8,2,26,510,490,57,23,102,22
33,1000,20,5.13,10.3,18,37,95,943,39,9,9,57,8.534925931,122,70,6.803097848,12.25825352,9.285934914,7.759493891,475,22,6,5,33,468,17,3,4,24,508,492,53,17,105,17
36,1000,20,5.13,10.3,18,37,90,953,32,10,5,47,8.519545438,113,77,6.780448124,11.95752805,9.375812533,7.696857444,462,21,4,3,28,491,11,6,2,19,490,510,61,16,94,19
38,1000,20,5.13,10.3,18,37,76,951,34,12,3,49,8.504737792,118,68,5.618479929,11.07437801,8.698647652,8.305321363,481,18,6,2,26,470,16,6,1,23,507,493,48,20,98,20
34,1000,20,5.13,10.3,18,37,90,953,25,13,9,47,8.625047693,142,73,6.877074645,13.4683972,9.336357915,7.963172158,456,12,8,6,26,497,13,5,3,21,482,518,63,10,122,20
40,1000,20,5.13,10.3,18,37,20,955,23,8,14,45,7.614646751,93,44,5.064046357,9.569063592,6.86007967,8.363201345,483,9,2,4,15,472,14,6,10,30,498,502,25,19,71,22
39,1000,20,5.13,10.3,18,37,74,948,26,13,13,52,8.483408889,117,50,6.086534473,11.9917948,8.956972269,8.007947459,466,22,7,6,35,482,4,6,7,17,501,499,36,14,97,20
35,1000,20,5.13,10.3,18,37,89,956,28,10,6,44,8.428746489,118,68,6.740090733,12.72194572,8.893083845,7.996679683,453,19,7,3,29,503,9,3,3,15,482,518,52,16,98,20
37,1000,20,5.13,10.3,18,37,81,939,38,19,4,61,8.902058084,120,70,6.153987112,11.98350706,9.451963588,8.329707457,475,22,11,2,35,464,16,8,2,26,510,490,53,17,93,27
33,1000,20,5.13,10.3,18,37,96,941,40,10,9,59,8.566696884,122,79,6.842869262,12.32812344,9.334115616,7.774321446,474,22,7,5,34,467,18,3,4,25,508,492,54,25,100,22
36,1000,20,5.13,10.3,18,37,91,951,33,11,5,49,8.536061643,131,78,6.821913834,12.04544639,9.398963742,7.706998841,460,22,5,3,30,491,11,6,2,19,490,510,57,21,113,18
38,1000,20,5.13,10.3,18,37,77,950,35,12,3,50,8.524035208,127,70,5.631433625,11.14250388,8.726076499,8.316256436,480,19,6,2,27,470,16,6,1,23,507,493,50,20,97,30
34,1000,20,5.13,10.3,18,37,91,953,25,13,9,47,8.626305876,144,60,6.919093102,13.57222147,9.355947097,7.947373311,456,12,8,6,26,497,13,5,3,21,482,518,50,10,127,17
40,1000,20,5.13,10.3,18,37,21,955,24,7,14,45,7.633389877,87,51,5.065895578,9.593504096,6.90538312,8.355595782,483,9,2,4,15,472,15,5,10,30,498,502,27,24,71,16
35,1000,20,5.13,10.3,18,37,90,957,28,9,6,43,8.445894998,125,80,6.781925388,12.80920214,8.914539844,8.009820063,453,19,7,3,29,504,9,2,3,14,482,518,63,17,105,20
39,1000,20,5.13,10.3,18,37,75,948,26,13,13,52,8.496569033,133,63,6.124620895,12.04975807,8.967235596,8.024016031,466,22,7,6,35,482,4,6,7,17,501,499,44,19,113,20
33,1000,20,5.13,10.3,18,37,97,941,40,10,9,59,8.618077571,117,71,6.861805786,12.43094421,9.399795501,7.810937919,473,23,7,5,35,468,17,3,4,24,508,492,56,15,101,16
37,1000,20,5.13,10.3,18,37,82,939,38,19,4,61,8.886954126,134,66,6.175333969,12.04638976,9.432136539,8.319519369,475,22,11,2,35,464,16,8,2,26,510,490,49,17,111,23
36,1000,20,5.13,10.3,18,37,92,952,32,11,5,48,8.535163188,124,69,6.85034805,12.12446958,9.391694665,7.712221181,461,21,5,3,29,491,11,6,2,19,490,510,53,16,95,29
38,1000,20,5.13,10.3,18,37,78,950,35,12,3,50,8.534375617,120,64,5.659201706,11.18988595,8.780319811,8.281447206,479,20,6,2,28,471,15,6,1,22,507,493,42,22,93,27
34,1000,20,5.13,10.3,18,37,92,952,26,13,9,48,8.651880345,149,96,6.976432665,13.71729455,9.421244693,7.935985334,456,12,8,6,26,496,14,5,3,22,482,518,77,19,126,23
35,1000,20,5.13,10.3,18,37,91,957,28,10,5,43,8.440469743,133,75,6.836896793,12.88066684,8.921452987,7.992913905,453,19,7,3,29,504,9,3,2,14,482,518,60,15,107,26
39,1000,20,5.13,10.3,18,37,76,948,26,14,12,52,8.462655415,125,76,6.169753932,12.13490301,8.977424966,7.945822659,466,22,8,5,35,482,4,6,7,17,501,499,51,25,100,25
33,1000,20,5.13,10.3,18,37,98,942,40,10,8,58,8.623504083,128,75,6.900376777,12.49697955,9.403266525,7.818383514,473,23,7,5,35,469,17,3,3,23,508,492,53,22,109,19
40,1000,20,5.13,10.3,18,37,22,956,23,7,14,44,7.684235219,111,49,5.070484515,9.614121042,6.95113671,8.411492306,484,9,1,4,14,472,14,6,10,30,498,502,33,16,78,33
37,1000,20,5.13,10.3,18,37,83,939,38,19,4,61,8.900528747,129,68,6.197945809,12.10056185,9.505140712,8.271238743,475,22,11,2,35,464,16,8,2,26,510,490,54,14,109,20
36,1000,20,5.13,10.3,18,37,93,952,30,13,5,48,8.540608646,141,56,6.903183258,12.22622017,9.429114307,7.686946345,461,20,6,3,29,491,10,7,2,19,490,510,46,10,122,19
38,1000,20,5.13,10.3,18,37,79,949,36,12,3,51,8.580991947,108,76,5.691309672,11.23534818,8.845790845,8.308673405,478,21,6,2,29,471,15,6,1,22,507,493,48,28,89,19
34,1000,20,5.13,10.3,18,37,93,951,27,13,9,49,8.659341565,142,98,7.007652246,13.82628569,9.427051926,7.944985591,456,12,8,6,26,495,15,5,3,23,482,518,79,19,121,21
35,1000,20,5.13,10.3,18,37,92,957,28,9,6,43,8.440103958,133,84,6.902139163,13.00252063,8.969860414,7.947164553,452,20,6,4,30,505,8,3,2,13,482,518,60,24,117,16
33,1000,20,5.13,10.3,18,37,99,942,41,10,7,58,8.618972599,143,82,6.910867414,12.57078915,9.408671975,7.803591943,473,23,7,5,35,469,18,3,2,23,508,492,65,17,117,26
39,1000,20,5.13,10.3,18,37,77,947,28,13,12,53,8.499155675,113,55,6.19998887,12.21348001,9.035872834,7.960287346,465,23,7,6,36,482,5,6,6,17,501,499,37,18,95,18
37,1000,20,5.13,10.3,18,37,84,937,38,21,4,63,8.937075074,115,73,6.20830446,12.15225738,9.51513465,8.33542123,474,22,12,2,36,463,16,9,2,27,510,490,50,23,94,21
36,1000,20,5.13,10.3,18,37,94,953,29,13,5,47,8.540356989,124,73,6.939468973,12.30231738,9.439138971,7.676821359,461,20,6,3,29,492,9,7,2,18,490,510,55,18,106,18
40,1000,20,5.13,10.3,18,37,23,956,23,7,14,44,7.703660037,107,65,5.084536165,9.611669067,7.019928314,8.381943699,484,9,1,4,14,472,14,6,10,30,498,502,42,23,78,29
38,1000,20,5.13,10.3,18,37,80,949,35,13,3,51,8.614343064,113,74,5.693457772,11.28539588,8.947360623,8.271868616,478,20,7,2,29,471,15,6,1,22,507,493,55,19,96,17
34,1000,20,5.13,10.3,18,37,94,950,27,14,9,50,8.68130171,132,93,7.053585805,13.87651597,9.526600905,7.894749178,454,13,9,6,28,496,14,5,3,22,482,518,76,17,115,17
35,1000,20,5.13,10.3,18,37,93,960,25,9,6,40,8.430339195,141,72,6.915227902,13.06479782,9.022710036,7.879136983,453,19,6,4,29,507,6,3,2,11,482,518,58,14,119,22
33,1000,20,5.13,10.3,18,37,100,944,38,11,7,56,8.639242434,150,78,6.989248596,12.68302861,9.450343,7.801764614,475,20,8,5,33,469,18,3,2,23,508,492,68,10,124,26
37,1000,20,5.13,10.3,18,37,85,938,37,21,4,62,8.958357006,114,71,6.222743,12.24117567,9.518588318,8.37525911,475,21,12,2,35,463,16,9,2,27,510,490,54,17,91,23
39,1000,20,5.13,10.3,18,37,78,946,29,13,12,54,8.506904727,133,86,6.200465992,12.26453638,9.090931622,7.920537043,465,23,7,6,36,481,6,6,6,18,501,499,61,25,116,17
36,1000,20,5.13,10.3,18,37,95,952,29,14,5,48,8.530432738,117,80,6.986206931,12.39333671,9.467741281,7.629881393,460,20,7,3,30,492,9,7,2,18,490,510,56,24,101,16
38,1000,20,5.13,10.3,18,37,81,948,34,14,4,52,8.620914083,114,60,5.719856882,11.32110564,8.988679987,8.242704523,476,20,8,3,31,472,14,6,1,21,507,493,43,17,93,21
40,1000,20,5.13,10.3,18,37,24,957,23,7,13,43,7.707948305,116,56,5.081111975,9.645835789,7.051062512,8.359599948,484,9,1,4,14,473,14,6,9,29,498,502,31,25,88,28
34,1000,20,5.13,10.3,18,37,95,949,28,14,9,51,8.718444022,141,76,7.091233623,13.97552074,9.59061645,7.906885893,453,14,9,6,29,496,14,5,3,22,482,518,61,15,122,19
35,1000,20,5.13,10.3,18,37,94,959,26,9,6,41,8.448295678,146,76,6.933126988,13.1278071,9.078043021,7.86231456,452,20,6,4,30,507,6,3,2,11,482,518,64,12,124,22
33,1000,20,5.13,10.3,18,37,101,946,35,12,7,54,8.658155095,118,69,7.055980895,12.7913066,9.486253162,7.803127009,476,18,9,5,32,470,17,3,2,22,508,492,56,13,104,14
37,1000,20,5.13,10.3,18,37,86,938,37,20,5,62,9.004366739,121,79,6.271993599,12.34538863,9.564273939,8.421606184,474,22,11,3,36,464,15,9,2,26,510,490,63,16,105,16
36,1000,20,5.13,10.3,18,37,96,952,29,14,5,48,8.536652299,128,85,7.013871735,12.46609986,9.471361156,7.638598691,460,20,7,3,30,492,9,7,2,18,490,510,71,14,108,20
39,1000,20,5.13,10.3,18,37,79,944,30,13,13,56,8.527881463,136,61,6.234786861,12.34507322,9.15413978,7.899113093,464,23,8,6,37,480,7,5,7,19,501,499,43,18,107,29
38,1000,20,5.13,10.3,18,37,82,947,34,15,4,53,8.686267392,115,59,5.737253232,11.40798039,9.101389472,8.259356855,475,20,9,3,32,472,14,6,1,21,507,493,47,12,94,21
40,1000,20,5.13,10.3,18,37,25,957,24,6,13,43,7.702248254,97,49,5.093528996,9.665984876,7.101574115,8.298136145,483,10,1,4,15,474,14,5,9,28,498,502,28,21,71,26
34,1000,20,5.13,10.3,18,37,96,950,27,14,9,50,8.729305124,123,70,7.132170197,14.02743952,9.60476727,7.914685907,453,14,9,6,29,497,13,5,3,21,482,518,51,19,112,11
35,1000,20,5.13,10.3,18,37,95,959,26,9,6,41,8.479322329,136,66,6.983804584,13.26402136,9.158548979,7.84730062,451,21,6,4,31,508,5,3,2,10,482,518,49,17,118,18
33,1000,20,5.13,10.3,18,37,102,945,36,11,8,55,8.718897797,121,80,7.091724106,12.85980667,9.554338002,7.856288806,475,19,8,6,33,470,17,3,2,22,508,492,69,11,107,14
36,1000,20,5.13,10.3,18,37,97,950,31,14,5,50,8.544814599,140,78,7.074540956,12.57371062,9.543449912,7.585341455,458,22,7,3,32,492,9,7,2,18,490,510,57,21,118,22
37,1000,20,5.13,10.3,18,37,87,939,37,19,5,61,9.011192886,131,65,6.338997918,12.41370339,9.581893948,8.417197904,475,22,10,3,35,464,15,9,2,26,510,490,48,17,97,34
39,1000,20,5.13,10.3,18,37,80,945,29,13,13,55,8.533462091,122,71,6.283637682,12.46265338,9.204222204,7.86001356,464,23,8,6,37,481,6,5,7,18,501,499,54,17,96,26
38,1000,20,5.13,10.3,18,37,83,947,34,14,5,53,8.706692941,107,61,5.750498817,11.44492927,9.139408412,8.261689404,475,20,8,4,32,472,14,6,1,21,507,493,46,15,91,16
34,1000,20,5.13,10.3,18,37,97,949,28,14,9,51,8.780199923,152,76,7.14849831,14.11506076,9.686860634,7.936550382,452,15,9,6,30,497,13,5,3,21,482,518,56,20,134,18
40,1000,20,5.13,10.3,18,37,26,957,24,6,13,43,7.725157647,90,57,5.106194583,9.6688787,7.129343778,8.316223995,483,10,1,4,15,474,14,5,9,28,498,502,28,29,66,24
35,1000,20,5.13,10.3,18,37,96,959,26,9,6,41,8.502209685,145,72,7.009712635,13.34730469,9.221735937,7.832689118,451,20,7,4,31,508,6,2,2,10,482,518,55,17,125,20
33,1000,20,5.13,10.3,18,37,103,942,38,12,8,58,8.744918286,135,92,7.13553748,12.94285647,9.548074367,7.915643307,475,19,8,6,33,467,19,4,2,25,508,492,69,23,100,35
36,1000,20,5.13,10.3,18,37,98,948,33,14,5,52,8.598218729,128,83,7.132813943,12.68578004,9.60852706,7.627530333,457,23,7,3,33,491,10,7,2,19,490,510,69,14,99,29
37,1000,20,5.13,10.3,18,37,88,939,36,19,6,61,9.032183865,132,49,6.364094722,12.44480813,9.671778625,8.366483197,474,21,11,4,36,465,15,8,2,25,510,490,42,7,109,23
39,1000,20,5.13,10.3,18,37,81,945,29,12,14,55,8.570722048,117,65,6.304772438,12.53304531,9.232719361,7.906071439,466,22,6,7,35,479,7,6,7,20,501,499,46,19,94,23
38,1000,20,5.13,10.3,18,37,84,947,34,14,5,53,8.739671385,129,62,5.779525236,11.49441522,9.194161527,8.272274829,475,20,8,4,32,472,14,6,1,21,507,493,48,14,108,21
34,1000,20,5.13,10.3,18,37,98,948,28,15,9,52,8.822325354,154,84,7.202390012,14.19687475,9.752974642,7.956354395,451,16,9,6,31,497,12,6,3,21,482,518,71,13,133,21
35,1000,20,5.13,10.3,18,37,97,958,27,9,6,42,8.519932187,150,70,7.021403188,13.39681688,9.235021806,7.854539916,451,20,7,4,31,507,7,2,2,11,482,518,58,12,123,27
33,1000,20,5.13,10.3,18,37,104,943,36,13,8,57,8.750682702,128,83,7.163406159,13.05012995,9.602819795,7.870833834,475,18,9,6,33,468,18,4,2,24,508,492,69,14,117,11
41,1000,20,5.13,10.3,18,37,0,952,23,7,18,48,6.855,91,57,4.973559397,8.792203269,5.959349593,7.722440945,476,9,2,5,16,476,14,5,13,32,492,508,34,23,63,28
36,1000,20,5.13,10.3,18,37,99,947,34,14,5,53,8.633296236,143,60,7.208248957,12.80169234,9.683745166,7.624041382,457,23,7,3,33,490,11,7,2,20,490,510,47,13,120,23
40,1000,20,5.13,10.3,18,37,27,957,23,7,13,43,7.73862446,99,57,5.109869469,9.690596649,7.130358465,8.342043714,483,9,2,4,15,474,14,5,9,28,498,502,30,27,76,23
37,1000,20,5.13,10.3,18,37,89,937,37,20,6,63,9.074384536,151,61,6.401553762,12.5033362,9.744648423,8.376762939,472,22,12,4,38,465,15,8,2,25,510,490,45,16,128,23
39,1000,20,5.13,10.3,18,37,82,946,28,11,15,54,8.606581124,133,91,6.367519108,12.60865537,9.303273413,7.907096481,466,22,6,7,35,480,6,5,8,19,501,499,66,25,107,26
38,1000,20,5.13,10.3,18,37,85,947,34,13,6,53,8.733170761,114,71,5.795101587,11.54463799,9.181035377,8.27258788,475,20,7,5,32,472,14,6,1,21,507,493,52,19,93,21
34,1000,20,5.13,10.3,18,37,99,947,28,16,9,53,8.838151703,139,78,7.220638887,14.26561863,9.797956005,7.945051948,450,17,9,6,32,497,11,7,3,21,482,518,65,13,118,21
35,1000,20,5.13,10.3,18,37,98,959,27,9,5,41,8.549812545,141,84,7.060377803,13.4442902,9.267026967,7.882443141,451,20,7,4,31,508,7,2,1,10,482,518,68,16,121,20
41,1000,20,5.13,10.3,18,37,1,953,22,7,18,47,6.864258456,92,61,4.981562471,8.831012511,6.003026393,7.698365099,476,9,2,5,16,477,13,5,13,31,492,508,36,25,72,20
36,1000,20,5.13,10.3,18,37,100,945,36,14,5,55,8.678411482,121,82,7.235671492,12.83893057,9.712040302,7.685317125,456,24,7,3,34,489,12,7,2,21,490,510,65,17,105,16
37,1000,20,5.13,10.3,18,37,90,935,39,20,6,65,9.120422489,128,72,6.447259437,12.58483517,9.792813632,8.42058681,470,24,12,4,40,465,15,8,2,25,510,490,59,13,107,21
40,1000,20,5.13,10.3,18,37,28,957,23,7,13,43,7.792640225,98,44,5.120644987,9.748634943,7.165887529,8.414398875,483,9,2,4,15,474,14,5,9,28,498,502,26,18,71,27
39,1000,20,5.13,10.3,18,37,83,945,29,11,15,55,8.624265373,129,65,6.426790362,12.70590829,9.328806272,7.916900663,465,23,6,7,36,480,6,5,8,19,501,499,49,16,105,24
38,1000,20,5.13,10.3,18,37,86,947,34,13,6,53,8.750051461,125,52,5.818593558,11.60103951,9.213194707,8.273756074,475,20,7,5,32,472,14,6,1,21,507,493,38,14,105,20
34,1000,20,5.13,10.3,18,37,100,947,28,16,9,53,8.821744113,145,67,7.253814037,14.40100863,9.808168982,7.903873868,450,17,9,6,32,497,11,7,3,21,482,518,56,11,126,19
35,1000,20,5.13,10.3,18,37,99,958,28,9,5,42,8.55717567,135,68,7.101952748,13.52572002,9.299131388,7.866784443,450,21,7,4,32,508,7,2,1,10,482,518,51,17,110,25
36,1000,20,5.13,10.3,18,37,101,945,35,15,5,55,8.715557736,128,83,7.277600667,12.92951091,9.721140363,7.749409721,456,24,7,3,34,489,11,8,2,21,490,510,68,15,111,17
37,1000,20,5.13,10.3,18,37,91,933,41,20,6,67,9.131726275,137,73,6.482243765,12.65929617,9.803126681,8.432921771,470,24,12,4,40,463,17,8,2,27,510,490,54,19,108,29
41,1000,20,5.13,10.3,18,37,2,953,23,7,17,47,6.895435845,86,54,4.983064521,8.863803067,6.071507263,7.69341392,476,9,2,5,16,477,14,5,12,31,492,508,30,24,58,28
39,1000,20,5.13,10.3,18,37,84,943,31,11,15,57,8.645436224,150,80,6.461928344,12.75502226,9.362121151,7.925878811,465,23,6,7,36,478,8,5,8,21,501,499,62,18,131,19
40,1000,20,5.13,10.3,18,37,29,959,22,6,13,41,7.782926955,92,65,5.127544798,9.77019159,7.191337639,8.369802413,484,8,2,4,14,475,14,4,9,27,498,502,39,26,70,22
38,1000,20,5.13,10.3,18,37,87,945,36,13,6,55,8.7820176,126,70,5.817113582,11.63972966,9.257032126,8.293513818,473,21,8,5,34,472,15,5,1,21,507,493,57,13,102,24
34,1000,20,5.13,10.3,18,37,101,947,28,15,10,53,8.847393817,149,84,7.312583538,14.48542533,9.894007766,7.873517516,450,17,8,7,32,497,11,7,3,21,482,518,64,20,130,19
35,1000,20,5.13,10.3,18,37,100,959,27,9,5,41,8.538760732,154,81,7.166600358,13.64540917,9.288115094,7.841485051,450,21,7,4,32,509,6,2,1,9,482,518,58,23,136,18
36,1000,20,5.13,10.3,18,37,102,945,35,15,5,55,8.706584951,127,89,7.31932127,12.96418753,9.742474273,7.71131874,456,24,7,3,34,489,11,8,2,21,490,510,72,17,111,16
37,1000,20,5.13,10.3,18,37,92,932,41,20,7,68,9.190239782,129,80,6.52417915,12.73716485,9.894462031,8.457273768,470,23,13,4,40,462,18,7,3,28,510,490,66,14,108,21
41,1000,20,5.13,10.3,18,37,3,953,23,7,17,47,6.917122668,102,59,4.98831519,8.899348468,6.098616075,7.709849525,476,9,2,5,16,477,14,5,12,31,492,508,31,28,73,29
39,1000,20,5.13,10.3,18,37,85,941,34,12,13,59,8.662246107,138,69,6.473427853,12.81935125,9.438033018,7.88334983,462,26,7,6,39,479,8,5,7,20,501,499,54,15,113,25
38,1000,20,5.13,10.3,18,37,88,945,36,13,6,55,8.818805851,124,63,5.845706964,11.65843803,9.320118011,8.303257646,473,21,8,5,34,472,15,5,1,21,507,493,45,18,100,24
40,1000,20,5.13,10.3,18,37,30,960,22,5,13,40,7.765079798,101,59,5.141668708,9.805713245,7.21780661,8.307992243,484,8,2,4,14,476,14,3,9,26,498,502,36,23,73,28
34,1000,20,5.13,10.3,18,37,102,946,30,13,11,54,8.894257762,131,71,7.361586829,14.60620859,9.978320832,7.885534982,449,18,7,8,33,497,12,6,3,21,482,518,59,12,115,16
35,1000,20,5.13,10.3,18,37,101,959,27,9,5,41,8.496339493,138,72,7.212170488,13.74465699,9.288385394,7.759339252,450,21,7,4,32,509,6,2,1,9,482,518,51,21,122,16
36,1000,20,5.13,10.3,18,37,103,945,35,15,5,55,8.78256807,122,77,7.363373132,13.04091748,9.819545671,7.786256257,456,24,7,3,34,489,11,8,2,21,490,510,57,20,105,17
37,1000,20,5.13,10.3,18,37,93,932,41,20,7,68,9.207443897,147,72,6.545248548,12.79886109,9.934735488,8.450466935,469,24,13,4,41,463,17,7,3,27,510,490,54,18,125,22
41,1000,20,5.13,10.3,18,37,4,951,26,7,16,49,6.929131865,109,50,5.006901107,8.936533387,6.134218208,7.699008871,476,9,2,5,16,475,17,5,11,33,492,508,26,24,78,31
39,1000,20,5.13,10.3,18,37,86,941,33,13,13,59,8.673686433,132,69,6.495341266,12.88539273,9.470715922,7.873462437,462,25,8,6,39,479,8,5,7,20,501,499,55,14,112,20
38,1000,20,5.13,10.3,18,37,89,944,36,14,6,56,8.817798328,116,64,5.874875268,11.70507884,9.326501495,8.294649229,473,20,9,5,34,471,16,5,1,22,507,493,47,17,99,17
34,1000,20,5.13,10.3,18,37,103,946,31,12,11,54,8.911803845,163,79,7.393710384,14.67317138,10.01973801,7.88086897,448,19,7,8,34,498,12,5,3,20,482,518,64,15,141,22
35,1000,20,5.13,10.3,18,37,102,956,30,9,5,44,8.499789194,135,91,7.249066605,13.83020968,9.317666598,7.738752691,449,22,7,4,33,507,8,2,1,11,482,518,74,17,114,21
40,1000,20,5.13,10.3,18,37,31,962,20,5,13,38,7.771566189,102,62,5.132843018,9.828865203,7.251905749,8.287085909,484,8,2,4,14,478,12,3,9,24,498,502,31,31,78,24
36,1000,20,5.13,10.3,18,37,104,944,35,15,6,56,8.79601122,146,92,7.430122612,13.14541639,9.842703493,7.790365703,455,25,7,3,35,489,10,8,3,21,490,510,70,22,122,24
42,1000,20,5.13,10.3,18,37,0,936,30,15,19,64,7.352,103,56,4.939013036,8.877835909,6.808139535,7.931818182,488,12,10,6,28,448,18,5,13,36,516,484,28,28,60,43
37,1000,20,5.13,10.3,18,37,94,933,40,20,7,67,9.222936805,125,84,6.574763732,12.90449741,9.9619741,8.453734723,469,24,13,4,41,464,16,7,3,26,510,490,68,16,102,23
41,1000,20,5.13,10.3,18,37,5,952,25,7,16,48,6.925593342,90,62,5.001634453,8.937946423,6.147461581,7.679217016,476,9,2,5,16,476,16,5,11,32,492,508,41,21,60,30
39,1000,20,5.13,10.3,18,37,87,940,34,13,13,60,8.709541356,140,76,6.529457427,12.92120515,9.554557639,7.861138234,462,25,8,6,39,478,9,5,7,21,501,499,59,17,119,21
38,1000,20,5.13,10.3,18,37,90,946,34,14,6,54,8.806768586,120,58,5.897573452,11.74319056,9.32412021,8.274725435,473,20,9,5,34,473,14,5,1,20,507,493,38,20,97,23
34,1000,20,5.13,10.3,18,37,104,945,31,13,11,55,8.924585739,158,76,7.449875312,14.83282503,10.04967624,7.877686859,447,20,7,8,35,498,11,6,3,20,482,518,63,13,135,23
35,1000,20,5.13,10.3,18,37,103,955,31,9,5,45,8.485930604,163,65,7.301875483,13.95328945,9.340073192,7.691149277,448,23,7,4,34,507,8,2,1,11,482,518,54,11,143,20
43,1000,20,5.13,10.3,18,37,0,934,34,19,13,66,7.627,102,53,5.034855496,9.302731992,6.642553191,8.5,444,13,7,6,26,490,21,12,7,40,470,530,31,22,71,31
40,1000,20,5.13,10.3,18,37,32,964,19,6,11,36,7.772787716,109,70,5.143517513,9.868746629,7.29542229,8.246349434,483,8,3,4,15,481,11,3,7,21,498,502,44,26,74,35
37,1000,20,5.13,10.3,18,37,95,932,41,20,7,68,9.249320627,129,71,6.622626755,12.96465152,10.00244983,8.465451457,468,25,13,4,42,464,16,7,3,26,510,490,56,15,112,17
42,1000,20,5.13,10.3,18,37,1,938,30,13,19,62,7.356136971,97,57,4.937705676,8.88868691,6.806290102,7.942337352,489,12,9,6,27,449,18,4,13,35,516,484,27,30,65,32
41,1000,20,5.13,10.3,18,37,6,953,23,8,16,47,6.964484032,87,48,5.012464018,8.953621093,6.215082937,7.690281944,476,9,2,5,16,477,14,6,11,31,492,508,28,20,60,27
38,1000,20,5.13,10.3,18,37,91,945,35,14,6,55,8.833952465,113,77,5.951951424,11.81111641,9.397457044,8.254445727,471,22,9,5,36,474,13,5,1,19,507,493,60,17,95,18
39,1000,20,5.13,10.3,18,37,88,939,36,12,13,61,8.72530877,137,82,6.564193077,12.99068842,9.572351573,7.874871006,462,26,7,6,39,477,10,5,7,22,501,499,64,18,118,19
35,1000,20,5.13,10.3,18,37,104,953,33,9,5,47,8.527842187,127,64,7.354272142,14.05974393,9.434316388,7.684366194,447,24,7,4,35,506,9,2,1,12,482,518,51,13,112,15
44,1000,20,5.13,10.3,18,37,0,948,27,13,12,52,7.145,93,53,5.023743308,8.97690494,6.440816327,7.821568627,475,10,3,2,15,473,17,10,10,37,490,510,30,23,60,33
43,1000,20,5.13,10.3,18,37,1,935,35,17,13,65,7.640172977,88,62,5.02439244,9.318537267,6.616022329,8.548382042,444,13,7,6,26,491,22,10,7,39,470,530,44,18,64,24
37,1000,20,5.13,10.3,18,37,96,931,42,20,7,69,9.243343615,131,71,6.660953293,13.03002234,10.01203906,8.443272844,467,26,13,4,43,464,16,7,3,26,510,490,54,17,105,26
40,1000,20,5.13,10.3,18,37,33,965,18,6,11,35,7.794483967,99,60,5.173220824,9.897470455,7.337240144,8.248084413,483,8,3,4,15,482,10,3,7,20,498,502,44,16,74,25
42,1000,20,5.13,10.3,18,37,2,938,30,13,19,62,7.37597644,98,57,4.938750575,8.909878485,6.841441235,7.945852815,489,12,9,6,27,449,18,4,13,35,516,484,35,22,68,30
41,1000,20,5.13,10.3,18,37,7,956,20,8,16,44,6.965952869,84,79,5.001292229,8.984635742,6.242301551,7.66681202,476,9,2,5,16,480,11,6,11,28,492,508,40,39,63,21
38,1000,20,5.13,10.3,18,37,92,945,34,15,6,55,8.870982982,110,61,5.968005816,11.85051799,9.444155955,8.281533291,471,21,10,5,36,474,13,5,1,19,507,493,45,16,92,18
39,1000,20,5.13,10.3,18,37,89,939,35,13,13,61,8.767167705,121,71,6.588736148,13.05276625,9.633525405,7.89733763,462,26,6,7,39,477,9,7,6,22,501,499,53,18,98,23
44,1000,20,5.13,10.3,18,37,1,950,26,12,12,50,7.135358882,100,58,5.022677023,9.01997963,6.44703807,7.79668672,475,10,3,2,15,475,16,9,10,35,490,510,32,26,76,24
43,1000,20,5.13,10.3,18,37,2,934,36,16,14,66,7.681546428,104,55,5.025798893,9.301352134,6.672280775,8.576555591,444,13,6,7,26,490,23,10,7,40,470,530,30,25,71,33
37,1000,20,5.13,10.3,18,37,97,931,41,21,7,69,9.242313818,134,75,6.679246752,13.10062582,10.0323304,8.420051662,467,25,14,4,43,464,16,7,3,26,510,490,55,20,119,15
41,1000,20,5.13,10.3,18,37,8,956,20,10,14,44,6.947034337,83,45,5.001603716,9.012570951,6.20295759,7.667675597,476,10,3,3,16,480,10,7,11,28,492,508,27,18,58,25
42,1000,20,5.13,10.3,18,37,3,938,30,13,19,62,7.370722614,92,58,4.965012694,8.928692869,6.845993558,7.9301445,489,12,9,6,27,449,18,4,13,35,516,484,35,23,62,30
40,1000,20,5.13,10.3,18,37,34,964,19,6,11,36,7.82086054,108,63,5.176933393,9.921267812,7.404491026,8.233912369,483,8,3,4,15,481,11,3,7,21,498,502,37,26,75,33
38,1000,20,5.13,10.3,18,37,93,943,37,14,6,57,8.89505521,145,66,5.992209175,11.88534373,9.501943879,8.270932381,469,23,10,5,38,474,14,4,1,19,507,493,42,24,122,23
39,1000,20,5.13,10.3,18,37,90,938,34,15,13,62,8.77463775,110,52,6.604166564,13.10798196,9.66806684,7.877627782,461,25,8,7,40,477,9,7,6,22,501,499,39,13,87,23
44,1000,20,5.13,10.3,18,37,2,952,25,11,12,48,7.145132191,80,43,5.031275666,9.051794651,6.490164574,7.774414802,475,10,3,2,15,477,15,8,10,33,490,510,16,27,51,29
43,1000,20,5.13,10.3,18,37,3,935,34,17,14,65,7.689307837,102,53,5.046091063,9.315445931,6.718297047,8.550392877,444,13,6,7,26,491,21,11,7,39,470,530,31,22,68,34
37,1000,20,5.13,10.3,18,37,98,931,41,21,7,69,9.231380311,149,73,6.712759789,13.11750253,10.00832973,8.422718669,467,25,14,4,43,464,16,7,3,26,510,490,65,8,127,22
41,1000,20,5.13,10.3,18,37,9,957,20,10,13,43,6.964988058,90,64,5.004505111,9.032076908,6.236083217,7.670935267,476,10,3,3,16,481,10,7,10,27,492,508,32,32,56,34
42,1000,20,5.13,10.3,18,37,4,939,30,13,18,61,7.429109531,99,57,4.97618942,8.947399315,6.919475945,7.9724379,489,12,9,6,27,450,18,4,12,34,516,484,34,23,59,40
40,1000,20,5.13,10.3,18,37,35,963,20,6,11,37,7.819696096,130,55,5.173771901,9.945181211,7.442358137,8.194027378,483,8,3,4,15,480,12,3,7,22,498,502,33,22,98,32
38,1000,20,5.13,10.3,18,37,94,943,37,14,6,57,8.919475899,123,69,6.042990041,11.95100208,9.508226203,8.314006519,469,23,10,5,38,474,14,4,1,19,507,493,47,22,98,25
39,1000,20,5.13,10.3,18,37,91,938,35,15,12,62,8.788541418,120,76,6.612134099,13.12547271,9.674481959,7.899050013,461,26,8,6,40,477,9,7,6,22,501,499,63,13,106,14
44,1000,20,5.13,10.3,18,37,3,951,26,12,11,49,7.163283423,106,55,5.034504223,9.075702472,6.561701857,7.741273555,474,11,3,2,16,477,15,9,9,33,490,510,33,22,73,33
43,1000,20,5.13,10.3,18,37,4,939,30,17,14,61,7.690875841,85,61,5.046665064,9.339732952,6.71857601,8.553103993,446,11,6,7,24,493,19,11,7,37,470,530,37,24,65,20
37,1000,20,5.13,10.3,18,37,99,932,42,19,7,68,9.230777423,131,79,6.765733195,13.18992368,9.992844073,8.437606011,468,25,13,4,42,464,17,6,3,26,510,490,58,21,109,22
41,1000,20,5.13,10.3,18,37,10,957,20,11,12,43,6.985849059,92,71,5.0088974,9.050572616,6.271143317,7.678044385,476,10,3,3,16,481,10,8,9,27,492,508,38,33,67,25
42,1000,20,5.13,10.3,18,37,5,938,30,14,18,62,7.454054441,97,55,4.988580427,8.957379199,6.936265033,8.006077861,489,11,10,6,27,449,19,4,12,35,516,484,34,21,59,38
38,1000,20,5.13,10.3,18,37,95,944,37,12,7,56,8.923598139,118,63,6.067243465,12.02512415,9.534007231,8.295854915,470,23,8,6,37,474,14,4,1,19,507,493,45,18,98,20
40,1000,20,5.13,10.3,18,37,36,963,20,6,11,37,7.863162226,132,53,5.186986267,9.978898573,7.50417208,8.219291893,483,8,3,4,15,480,12,3,7,22,498,502,28,25,97,35
39,1000,20,5.13,10.3,18,37,92,939,34,15,12,61,8.814581314,144,77,6.655282303,13.17412752,9.716871919,7.908674315,462,25,8,6,39,477,9,7,6,22,501,499,56,21,121,23
44,1000,20,5.13,10.3,18,37,4,953,25,11,11,47,7.169369428,104,51,5.0503898,9.091135489,6.590083333,7.725938421,474,11,3,2,16,479,14,8,9,31,490,510,32,19,73,31
43,1000,20,5.13,10.3,18,37,5,939,30,16,15,61,7.699861502,96,53,5.05491701,9.357350709,6.725190741,8.564192176,446,11,6,7,24,493,19,10,8,37,470,530,33,20,58,38
37,1000,20,5.13,10.3,18,37,100,934,41,19,6,66,9.2148063,135,78,6.784507134,13.24122906,10.00993047,8.38722808,468,25,13,4,42,466,16,6,2,24,510,490,55,23,127,8
41,1000,20,5.13,10.3,18,37,11,958,20,10,12,42,7.015552352,102,56,5.039120795,9.085580683,6.33524257,7.674435055,476,10,3,3,16,482,10,7,9,26,492,508,28,28,68,34
42,1000,20,5.13,10.3,18,37,6,939,28,15,18,61,7.477721463,107,44,5.010009291,9.014523581,6.936776534,8.054431346,490,9,11,6,26,449,19,4,12,35,516,484,28,16,69,38
38,1000,20,5.13,10.3,18,37,96,943,38,12,7,57,8.90958917,121,74,6.089121962,12.06088684,9.550000097,8.250992132,469,24,8,6,38,474,14,4,1,19,507,493,60,14,96,25
39,1000,20,5.13,10.3,18,37,93,942,32,16,10,58,8.80900983,147,63,6.698124199,13.24853057,9.754411189,7.859819287,463,24,9,5,38,479,8,7,5,20,501,499,48,15,116,31
44,1000,20,5.13,10.3,18,37,5,954,24,11,11,46,7.188534199,99,58,5.044971986,9.102619507,6.618594168,7.73612364,475,10,3,2,15,479,14,8,9,31,490,510,34,24,64,35
43,1000,20,5.13,10.3,18,37,6,939,30,16,15,61,7.72618152,107,49,5.068885428,9.375195979,6.792188031,8.554439897,446,11,6,7,24,493,19,10,8,37,470,530,32,17,85,22
40,1000,20,5.13,10.3,18,37,37,962,21,6,11,38,7.888475416,103,50,5.204197054,9.981539305,7.54980581,8.22444646,482,9,3,4,16,480,12,3,7,22,498,502,30,20,83,20
37,1000,20,5.13,10.3,18,37,101,936,39,19,6,64,9.193418926,134,62,6.834896582,13.32841282,10.04500062,8.307078797,468,25,13,4,42,468,14,6,2,22,510,490,51,11,116,18
41,1000,20,5.13,10.3,18,37,12,958,19,11,12,42,7.057359986,89,73,5.057717832,9.087372518,6.387054355,7.706553628,476,10,3,3,16,482,9,8,9,26,492,508,45,28,66,23
42,1000,20,5.13,10.3,18,37,7,938,29,15,18,62,7.457645114,97,60,5.036147302,9.028806976,6.899529307,8.052661138,490,9,11,6,26,448,20,4,12,36,516,484,37,23,61,36
38,1000,20,5.13,10.3,18,37,97,944,37,12,7,56,8.899658063,136,67,6.12021947,12.11256255,9.535268478,8.245997858,470,23,8,6,37,474,14,4,1,19,507,493,49,18,114,22
39,1000,20,5.13,10.3,18,37,94,942,34,15,9,58,8.799338097,141,66,6.715056265,13.29800783,9.792169943,7.802526964,463,24,9,5,38,479,10,6,4,20,501,499,43,23,116,25
44,1000,20,5.13,10.3,18,37,6,956,23,10,11,44,7.226432509,106,56,5.05016171,9.105212812,6.693796396,7.738180931,476,9,3,2,14,480,14,7,9,30,490,510,35,21,63,43
43,1000,20,5.13,10.3,18,37,7,939,30,16,15,61,7.762914887,99,50,5.087793002,9.383040716,6.818437602,8.600470215,446,11,6,7,24,493,19,10,8,37,470,530,24,26,71,28
37,1000,20,5.13,10.3,18,37,102,935,39,20,6,65,9.2534986,131,67,6.854163849,13.37092303,10.13042277,8.340781607,468,24,14,4,42,467,15,6,2,23,510,490,44,23,122,9
41,1000,20,5.13,10.3,18,37,13,961,18,9,12,39,7.069364609,94,65,5.039159799,9.113150054,6.458562501,7.660928856,476,10,3,3,16,485,8,6,9,23,492,508,34,31,71,23
40,1000,20,5.13,10.3,18,37,38,962,22,5,11,38,7.898183296,90,64,5.208160453,10.02741314,7.611065776,8.183013027,481,10,3,4,17,481,12,2,7,21,498,502,40,24,74,16
42,1000,20,5.13,10.3,18,37,8,938,29,15,18,62,7.480433864,82,70,5.058677559,9.039966276,6.917589736,8.080490825,490,9,11,6,26,448,20,4,12,36,516,484,40,30,58,24
38,1000,20,5.13,10.3,18,37,98,945,37,11,7,55,8.908743405,138,68,6.146788628,12.17069015,9.55201716,8.24720224,470,23,8,6,37,475,14,3,1,18,507,493,50,18,117,21
39,1000,20,5.13,10.3,18,37,95,942,33,16,9,58,8.814918185,131,80,6.7483759,13.32331291,9.825687475,7.800097716,463,23,10,5,38,479,10,6,4,20,501,499,62,18,112,19
44,1000,20,5.13,10.3,18,37,7,959,20,11,10,41,7.207877759,111,49,5.065260072,9.137232273,6.722830455,7.673903601,477,8,3,2,13,482,12,8,8,28,490,510,27,22,82,29
43,1000,20,5.13,10.3,18,37,8,940,30,15,15,60,7.783992969,89,60,5.089489606,9.399024745,6.862756772,8.600938277,446,11,6,7,24,494,19,9,8,36,470,530,30,30,67,22
37,1000,20,5.13,10.3,18,37,103,937,39,17,7,63,9.247557886,119,89,6.896126177,13.42836114,10.13069979,8.328369371,470,23,12,5,40,467,16,5,2,23,510,490,69,20,110,9
41,1000,20,5.13,10.3,18,37,14,962,17,9,12,38,7.091688525,101,55,5.049400841,9.160850694,6.501532136,7.66325731,477,9,3,3,15,485,8,6,9,23,492,508,35,20,74,27
42,1000,20,5.13,10.3,18,37,9,939,28,15,18,61,7.489412932,93,50,5.079791015,9.060076263,6.944830824,8.07000047,490,9,11,6,26,449,19,4,12,35,516,484,29,21,64,29
40,1000,20,5.13,10.3,18,37,39,962,23,5,10,38,7.897048582,119,68,5.230069595,10.06463585,7.616461205,8.175400203,481,10,3,4,17,481,13,2,6,21,498,502,38,30,88,31
38,1000,20,5.13,10.3,18,37,99,945,37,11,7,55,8.929012313,122,68,6.170989601,12.20120245,9.59554147,8.24355535,470,23,8,6,37,475,14,3,1,18,507,493,45,23,96,26
44,1000,20,5.13,10.3,18,37,8,957,22,11,10,43,7.262828054,93,66,5.070871861,9.173787524,6.805761728,7.701970211,477,8,3,2,13,480,14,8,8,30,490,510,38,28,58,35
39,1000,20,5.13,10.3,18,37,96,941,34,16,9,59,8.835767117,136,73,6.777058121,13.37718602,9.906157595,7.761086497,463,23,10,5,38,478,11,6,4,21,501,499,49,24,119,17
43,1000,20,5.13,10.3,18,37,9,941,29,14,16,59,7.793509685,97,50,5.088069491,9.400709994,6.889320952,8.595337429,447,10,6,7,23,494,19,8,9,36,470,530,36,14,60,37
37,1000,20,5.13,10.3,18,37,104,936,40,17,7,64,9.254647802,146,75,6.948554184,13.56708099,10.16494166,8.307199091,469,24,12,5,41,467,16,5,2,23,510,490,61,14,122,24
45,1000,20,5.13,10.3,18,37,0,936,35,18,11,64,6.91,75,57,5.018101573,8.986802407,6.013539652,7.869565217,493,16,4,4,24,443,19,14,7,40,517,483,28,29,41,34
41,1000,20,5.13,10.3,18,37,15,964,18,8,10,36,7.074511236,92,51,5.043628789,9.176128709,6.547216765,7.585198007,476,10,3,3,16,488,8,5,7,20,492,508,31,20,69,23
42,1000,20,5.13,10.3,18,37,10,940,28,15,17,60,7.496519895,94,52,5.076512428,9.089876201,6.99239279,8.033977718,490,9,11,6,26,450,19,4,11,34,516,484,28,24,62,32
40,1000,20,5.13,10.3,18,37,40,962,23,5,10,38,7.950034262,109,52,5.244935595,10.09026194,7.686229599,8.211736897,481,10,3,4,17,481,13,2,6,21,498,502,30,22,83,26
38,1000,20,5.13,10.3,18,37,100,944,38,11,7,56,8.965068152,123,62,6.191483606,12.29135752,9.647928891,8.262815831,470,23,8,6,37,474,15,3,1,19,507,493,49,13,101,22
44,1000,20,5.13,10.3,18,37,9,960,21,9,10,40,7.280163965,91,64,5.071511192,9.222898926,6.820367729,7.721928977,478,7,3,2,12,482,14,6,8,28,490,510,34,30,63,28
39,1000,20,5.13,10.3,18,37,97,939,36,16,9,61,8.844650683,145,72,6.843852244,13.46260077,9.935771855,7.749156279,462,24,10,5,39,477,12,6,4,22,501,499,55,17,121,24
43,1000,20,5.13,10.3,18,37,10,944,28,14,14,56,7.768519964,108,55,5.108089014,9.439301722,6.929190514,8.512830985,447,11,6,6,23,497,17,8,8,33,470,530,34,21,76,32
41,1000,20,5.13,10.3,18,37,16,965,17,8,10,35,7.07571419,86,59,5.059340775,9.184162953,6.551246273,7.583663432,476,10,3,3,16,489,7,5,7,19,492,508,40,19,68,18
45,1000,20,5.13,10.3,18,37,1,937,35,17,11,63,6.953830821,83,61,5.003833066,9.001291028,6.0625575,7.907843878,493,16,4,4,24,444,19,13,7,39,517,483,25,36,60,23
42,1000,20,5.13,10.3,18,37,11,941,27,15,17,59,7.527705172,96,54,5.088382998,9.079739428,7.04554393,8.041744844,490,9,11,6,26,451,18,4,11,33,516,484,38,16,70,26
38,1000,20,5.13,10.3,18,37,101,945,37,11,7,55,8.971973166,137,60,6.229984073,12.3587516,9.676048731,8.247903568,470,23,8,6,37,475,14,3,1,18,507,493,41,19,112,25
40,1000,20,5.13,10.3,18,37,41,961,23,6,10,39,8.003970236,112,47,5.250860344,10.12020809,7.719936851,8.285740407,481,10,3,4,17,480,13,3,6,22,498,502,36,11,87,25
44,1000,20,5.13,10.3,18,37,10,959,22,8,11,41,7.274045417,99,61,5.093748953,9.257915446,6.826165381,7.704361531,477,8,3,2,13,482,14,5,9,28,490,510,39,22,67,32
39,1000,20,5.13,10.3,18,37,98,937,38,16,9,63,8.878472816,131,60,6.879285112,13.52720811,9.979272303,7.773261308,461,25,10,5,40,476,13,6,4,23,501,499,46,14,108,23
43,1000,20,5.13,10.3,18,37,11,944,27,15,14,56,7.787057255,97,55,5.117357012,9.444002933,6.958652385,8.521680442,447,10,7,6,23,497,17,8,8,33,470,530,36,19,63,34
41,1000,20,5.13,10.3,18,37,17,964,17,9,10,36,7.130725558,92,56,5.062792442,9.210967934,6.666278803,7.580544069,475,10,4,3,17,489,7,5,7,19,492,508,33,23,68,24
45,1000,20,5.13,10.3,18,37,2,938,34,17,11,62,6.963719455,104,60,5.026415265,9.019536951,6.090110412,7.898824787,494,15,4,4,23,444,19,13,7,39,517,483,35,25,68,36
42,1000,20,5.13,10.3,18,37,12,939,29,15,17,61,7.571874941,96,55,5.077561835,9.120325535,7.131193257,8.041692604,489,10,11,6,27,450,19,4,11,34,516,484,32,23,72,24
38,1000,20,5.13,10.3,18,37,102,944,37,12,7,56,8.997902596,129,73,6.268916016,12.45140992,9.718284971,8.257063115,470,22,9,6,37,474,15,3,1,19,507,493,51,22,113,16
44,1000,20,5.13,10.3,18,37,11,960,21,8,11,40,7.279140917,96,51,5.09248483,9.254541795,6.884658066,7.658153851,478,7,3,2,12,482,14,5,9,28,490,510,24,27,68,28
40,1000,20,5.13,10.3,18,37,42,960,24,6,10,40,8.039190959,91,47,5.251356956,10.16384456,7.77834498,8.297958483,481,10,3,4,17,479,14,3,6,23,498,502,28,19,71,20
39,1000,20,5.13,10.3,18,37,99,936,39,16,9,64,8.896796985,146,83,6.885740515,13.59552706,10.02671865,7.762346576,460,26,10,5,41,476,13,6,4,23,501,499,71,12,131,15
43,1000,20,5.13,10.3,18,37,12,946,26,15,13,54,7.807190278,76,59,5.141683767,9.445726863,7.039093186,8.488332981,447,10,7,6,23,499,16,8,7,31,470,530,34,25,57,19
41,1000,20,5.13,10.3,18,37,18,965,16,9,10,35,7.154191109,107,55,5.076949643,9.213586914,6.711379347,7.583056043,476,9,4,3,16,489,7,5,7,19,492,508,34,21,81,26
45,1000,20,5.13,10.3,18,37,3,938,35,16,11,62,7.036206059,93,53,5.021180626,9.024690551,6.230129637,7.89902492,494,15,4,4,23,444,20,12,7,39,517,483,32,21,55,38
42,1000,20,5.13,10.3,18,37,13,939,29,15,17,61,7.591188681,76,58,5.075273522,9.155013274,7.174889971,8.035011273,489,10,11,6,27,450,19,4,11,34,516,484,35,23,53,23
38,1000,20,5.13,10.3,18,37,103,943,38,12,7,57,8.994351933,121,62,6.282849092,12.50871507,9.714501462,8.25375191,468,24,9,6,39,475,14,3,1,18,507,493,42,20,96,25
44,1000,20,5.13,10.3,18,37,12,961,21,8,10,39,7.248908739,99,41,5.115800442,9.303135018,6.885944803,7.597638796,478,7,3,2,12,483,14,5,8,27,490,510,28,13,72,27
40,1000,20,5.13,10.3,18,37,43,962,23,6,9,38,8.045947047,90,48,5.256410062,10.18136629,7.816310935,8.273753388,481,10,3,4,17,481,13,3,5,21,498,502,36,12,73,17
39,1000,20,5.13,10.3,18,37,100,935,40,16,9,65,8.912230954,140,73,6.938925951,13.65580535,10.05662225,7.763252916,459,27,10,5,42,476,13,6,4,23,501,499,56,17,121,19
43,1000,20,5.13,10.3,18,37,13,948,24,16,12,52,7.754700077,87,50,5.162530712,9.483220919,7.050568296,8.379118826,447,9,8,6,23,501,15,8,6,29,470,530,31,19,65,22
41,1000,20,5.13,10.3,18,37,19,966,15,9,10,34,7.173489097,102,56,5.103166641,9.226297519,6.740965569,7.592389837,477,8,4,3,15,489,7,5,7,19,492,508,33,23,77,25
45,1000,20,5.13,10.3,18,37,4,939,35,15,11,61,7.071470544,104,58,5.018481371,9.036028329,6.297960347,7.899430734,493,16,4,4,24,446,19,11,7,37,517,483,28,30,69,35
42,1000,20,5.13,10.3,18,37,14,941,26,16,17,59,7.592749363,113,46,5.072815916,9.196983211,7.195311758,8.016463836,489,9,12,6,27,452,17,4,11,32,516,484,26,20,86,27
38,1000,20,5.13,10.3,18,37,104,941,37,15,7,59,9.042257531,130,84,6.341386376,12.58055764,9.766918207,8.297018255,466,24,11,6,41,475,13,4,1,18,507,493,58,26,102,28
46,1000,20,5.13,10.3,18,37,0,932,36,14,18,68,7.357,87,53,5.015021642,9.278658734,6.539419087,8.117760618,456,16,4,6,26,476,20,10,12,42,482,518,31,22,51,36
44,1000,20,5.13,10.3,18,37,13,961,20,10,9,39,7.247855095,104,58,5.110788748,9.311620709,6.873613341,7.607420701,478,7,3,2,12,483,13,7,7,27,490,510,35,23,78,26
43,1000,20,5.13,10.3,18,37,14,948,23,17,12,52,7.786568477,102,57,5.15291353,9.502674804,7.088740399,8.405397151,447,8,9,6,23,501,15,8,6,29,470,530,35,22,73,29
41,1000,20,5.13,10.3,18,37,20,966,15,8,11,34,7.221812789,85,58,5.115017061,9.258455058,6.834822857,7.596614062,477,8,3,4,15,489,7,5,7,19,492,508,30,28,60,25
39,1000,20,5.13,10.3,18,37,101,933,42,16,9,67,8.930296504,163,84,6.991845915,13.74646606,10.08626294,7.769696941,458,28,10,5,43,475,14,6,4,24,501,499,63,21,130,33
40,1000,20,5.13,10.3,18,37,44,961,24,6,9,39,8.069817282,121,69,5.264728422,10.21173715,7.835469423,8.302297827,481,10,3,4,17,480,14,3,5,22,498,502,47,22,92,29
45,1000,20,5.13,10.3,18,37,5,938,37,14,11,62,7.070327502,97,49,5.033574007,9.046854538,6.340676901,7.851340671,491,18,4,4,26,447,19,10,7,36,517,483,30,19,71,26
42,1000,20,5.13,10.3,18,37,15,942,24,17,17,58,7.595541008,99,71,5.07923539,9.200388861,7.239424454,7.975202459,488,9,13,6,28,454,15,4,11,30,516,484,37,34,72,27
44,1000,20,5.13,10.3,18,37,14,962,20,9,9,38,7.249081307,110,51,5.119656695,9.333831824,6.864483404,7.61859694,478,7,3,2,12,484,13,6,7,26,490,510,31,20,76,34
46,1000,20,5.13,10.3,18,37,1,933,37,13,17,67,7.386755651,110,49,5.026011256,9.319298779,6.552426735,8.163100318,456,17,4,5,26,477,20,9,12,41,482,518,34,15,71,39
41,1000,20,5.13,10.3,18,37,21,965,16,8,11,35,7.236555948,116,81,5.14753161,9.292057585,6.853025819,7.608006388,476,9,3,4,16,489,7,5,7,19,492,508,43,38,76,40
43,1000,20,5.13,10.3,18,37,15,947,26,16,11,53,7.777042655,102,59,5.161544893,9.534257197,7.112426602,8.366419155,447,9,9,5,23,500,17,7,6,30,470,530,36,23,75,27
39,1000,20,5.13,10.3,18,37,102,934,41,16,9,66,8.94201676,155,67,7.055581464,13.85120865,10.13582961,7.743419086,457,29,10,5,44,477,12,6,4,22,501,499,49,18,131,24
45,1000,20,5.13,10.3,18,37,6,939,36,14,11,61,7.105380196,102,51,5.031684373,9.053363867,6.366026738,7.89677924,491,19,3,4,26,448,17,11,7,35,517,483,36,15,67,35
42,1000,20,5.13,10.3,18,37,16,942,24,17,17,58,7.599946566,112,58,5.097229855,9.218167886,7.263838092,7.958277089,488,9,13,6,28,454,15,4,11,30,516,484,41,17,74,38
40,1000,20,5.13,10.3,18,37,45,960,25,7,8,40,8.045688002,111,67,5.293304542,10.23437128,7.830442459,8.259218441,480,11,4,3,18,480,14,3,5,22,498,502,45,22,92,19
44,1000,20,5.13,10.3,18,37,15,960,22,9,9,40,7.272732655,96,56,5.103089138,9.341895189,6.893231173,7.637351726,478,7,3,2,12,482,15,6,7,28,490,510,32,24,69,27
46,1000,20,5.13,10.3,18,37,2,933,37,13,17,67,7.394854241,90,51,5.037221268,9.350385504,6.565087136,8.166954134,456,17,4,5,26,477,20,9,12,41,482,518,32,19,59,31
41,1000,20,5.13,10.3,18,37,22,966,16,6,12,34,7.245173967,101,70,5.144306983,9.309786348,6.905483569,7.574165454,476,9,2,5,16,490,7,4,7,18,492,508,38,32,78,23
43,1000,20,5.13,10.3,18,37,16,947,28,15,10,53,7.800851455,95,42,5.178145599,9.558082026,7.095219005,8.426600985,448,9,8,5,22,499,19,7,5,31,470,530,25,17,71,24
39,1000,20,5.13,10.3,18,37,103,933,39,19,9,67,8.963286848,127,80,7.079223356,13.93341762,10.15603388,7.765759266,456,28,12,5,45,477,11,7,4,22,501,499,66,14,113,14
45,1000,20,5.13,10.3,18,37,7,940,34,15,11,60,7.140911478,94,55,5.030154537,9.105256117,6.421837587,7.910603407,491,19,3,4,26,449,15,12,7,34,517,483,33,22,62,32
42,1000,20,5.13,10.3,18,37,17,942,24,17,17,58,7.63773694,102,62,5.121337607,9.247694801,7.290752559,8.007662438,488,9,13,6,28,454,15,4,11,30,516,484,35,27,69,33
40,1000,20,5.13,10.3,18,37,46,959,25,8,8,41,8.061224386,105,68,5.329151265,10.25877729,7.85155987,8.269218268,480,11,4,3,18,479,14,4,5,23,498,502,47,21,84,21
44,1000,20,5.13,10.3,18,37,16,959,22,10,9,41,7.3146609,95,55,5.124705352,9.346676737,6.926142356,7.687943423,477,7,4,2,13,482,15,6,7,28,490,510,29,26,68,27
41,1000,20,5.13,10.3,18,37,23,967,15,6,12,33,7.311824477,97,61,5.16288151,9.331450051,6.968669228,7.644171687,476,9,2,5,16,491,6,4,7,17,492,508,45,16,73,24
43,1000,20,5.13,10.3,18,37,17,949,28,12,11,51,7.812821984,104,67,5.175845112,9.584758368,7.134831462,8.414058862,448,9,7,6,22,501,19,5,5,29,470,530,39,28,68,36
46,1000,20,5.13,10.3,18,37,3,934,36,13,17,66,7.394815596,109,52,5.05407669,9.36630388,6.584268246,8.14903147,456,16,5,5,26,478,20,8,12,40,482,518,27,25,85,24
42,1000,20,5.13,10.3,18,37,18,942,23,18,17,58,7.663151084,89,56,5.146055156,9.274227088,7.332470315,8.015695044,488,8,14,6,28,454,15,4,11,30,516,484,26,30,62,27
45,1000,20,5.13,10.3,18,37,8,940,33,16,11,60,7.180812893,88,54,5.058363179,9.134925769,6.465345221,7.94664475,491,18,4,4,26,449,15,12,7,34,517,483,31,23,59,29
39,1000,20,5.13,10.3,18,37,104,934,38,19,9,66,8.975889115,150,81,7.124957676,14.02360208,10.18076973,7.766179316,456,28,12,5,45,478,10,7,4,21,501,499,58,23,126,24
47,1000,20,5.13,10.3,18,37,0,940,35,9,16,60,7.505,89,66,5.059093944,9.080763947,6.537549407,8.495951417,484,14,5,3,22,456,21,4,13,38,506,494,38,28,54,35
40,1000,20,5.13,10.3,18,37,47,957,26,9,8,43,8.102374643,109,59,5.345614729,10.30873903,7.917789427,8.285489062,479,11,5,3,19,478,15,4,5,24,498,502,42,17,83,26
44,1000,20,5.13,10.3,18,37,17,959,21,11,9,41,7.323408305,111,66,5.126675019,9.351226711,6.963381646,7.669316271,477,7,4,2,13,482,14,7,7,28,490,510,32,34,75,36
41,1000,20,5.13,10.3,18,37,24,967,15,6,12,33,7.311272967,94,60,5.176725875,9.350606671,7.021830878,7.59159877,476,9,2,5,16,491,6,4,7,17,492,508,43,17,66,28
43,1000,20,5.13,10.3,18,37,18,949,27,13,11,51,7.838015144,87,57,5.186521544,9.616255423,7.17782006,8.423471162,448,8,8,6,22,501,19,5,5,29,470,530,34,23,71,16
46,1000,20,5.13,10.3,18,37,4,936,34,13,17,64,7.439243689,99,64,5.078501682,9.377745611,6.626563891,8.195443809,456,15,6,5,26,480,19,7,12,38,482,518,28,36,64,35
42,1000,20,5.13,10.3,18,37,19,942,23,18,17,58,7.65590239,94,61,5.154244986,9.275117312,7.325086171,8.008590756,488,8,14,6,28,454,15,4,11,30,516,484,41,20,68,26
45,1000,20,5.13,10.3,18,37,9,940,33,16,11,60,7.219484547,119,52,5.084838939,9.18141543,6.484869571,8.005811551,491,18,4,4,26,449,15,12,7,34,517,483,34,18,77,42
47,1000,20,5.13,10.3,18,37,1,941,36,9,14,59,7.506894045,85,52,5.04867993,9.108467742,6.522014743,8.515697541,485,14,5,2,21,456,22,4,12,38,506,494,28,24,53,32
44,1000,20,5.13,10.3,18,37,18,960,21,10,9,40,7.319161719,105,57,5.13209996,9.384769971,6.935337007,7.687934481,479,6,3,2,11,481,15,7,7,29,490,510,32,25,77,28
40,1000,20,5.13,10.3,18,37,48,958,25,9,8,42,8.092730894,113,45,5.372571972,10.32321931,7.971061738,8.213430574,479,11,5,3,19,479,14,4,5,23,498,502,29,16,84,29
41,1000,20,5.13,10.3,18,37,25,966,18,5,11,34,7.305208216,111,51,5.189085351,9.351739478,7.04081919,7.561270029,476,9,2,5,16,490,9,3,6,18,492,508,33,18,78,33
43,1000,20,5.13,10.3,18,37,19,948,28,13,11,52,7.828902177,102,62,5.199576735,9.624476871,7.163374992,8.419086662,448,8,8,6,22,500,20,5,5,30,470,530,38,24,78,24
42,1000,20,5.13,10.3,18,37,20,943,23,17,17,57,7.661007578,92,42,5.160896393,9.306186315,7.349294558,7.993329724,489,8,13,6,27,454,15,4,11,30,516,484,25,17,64,28
45,1000,20,5.13,10.3,18,37,10,942,32,15,11,58,7.224113978,104,57,5.102615424,9.204723345,6.487711699,8.012354098,493,17,3,4,24,449,15,12,7,34,517,483,35,22,71,33
46,1000,20,5.13,10.3,18,37,5,938,34,14,14,62,7.398531337,82,53,5.088054182,9.399302752,6.600151372,8.141425435,457,14,7,4,25,481,20,7,10,37,482,518,35,18,52,30
47,1000,20,5.13,10.3,18,37,2,942,35,9,14,58,7.517510376,98,44,5.079113318,9.124600116,6.520321824,8.538922132,485,14,5,2,21,457,21,4,12,37,506,494,25,19,57,41
44,1000,20,5.13,10.3,18,37,19,960,21,10,9,40,7.350937287,109,53,5.134489295,9.417185631,6.982274954,7.705142273,479,6,3,2,11,481,15,7,7,29,490,510,30,23,78,31
41,1000,20,5.13,10.3,18,37,26,964,20,5,11,36,7.290423075,81,66,5.205214063,9.395182001,7.048584542,7.524644645,474,11,2,5,18,490,9,3,6,18,492,508,44,22,61,20
40,1000,20,5.13,10.3,18,37,49,957,26,9,8,43,8.083817898,115,66,5.372266736,10.33980178,7.998505641,8.168450377,478,12,5,3,20,479,14,4,5,23,498,502,46,20,88,27
43,1000,20,5.13,10.3,18,37,20,949,27,13,11,51,7.831834763,103,46,5.21723468,9.634433691,7.165343248,8.42287441,448,8,8,6,22,501,19,5,5,29,470,530,29,17,77,26
42,1000,20,5.13,10.3,18,37,21,944,22,19,15,56,7.68035443,99,64,5.156740177,9.356563353,7.394561465,7.985042797,490,7,13,6,26,454,15,6,9,30,516,484,47,17,74,25
45,1000,20,5.13,10.3,18,37,11,943,33,16,8,57,7.164443178,102,60,5.098493584,9.20099868,6.47595349,7.901397979,491,19,3,4,26,452,14,13,4,31,517,483,36,24,71,31
46,1000,20,5.13,10.3,18,37,6,941,32,14,13,59,7.356293747,102,52,5.088898987,9.410275412,6.605093824,8.055286726,457,14,7,4,25,484,18,7,9,34,482,518,31,21,74,28
47,1000,20,5.13,10.3,18,37,3,941,35,10,14,59,7.583812672,91,58,5.083134695,9.138897556,6.566090253,8.626257094,485,14,5,2,21,456,21,5,12,38,506,494,36,22,62,29
44,1000,20,5.13,10.3,18,37,20,959,22,10,9,41,7.391645598,107,54,5.145029565,9.423906633,7.034628913,7.73466163,479,6,3,2,11,480,16,7,7,30,490,510,33,21,75,32
41,1000,20,5.13,10.3,18,37,27,964,20,5,11,36,7.317064595,100,61,5.229872852,9.448017164,7.100354908,7.526948779,474,11,2,5,18,490,9,3,6,18,492,508,38,23,70,30
43,1000,20,5.13,10.3,18,37,21,947,30,13,10,53,7.840492376,119,63,5.221913815,9.652325624,7.219086374,8.391550529,448,8,8,6,22,499,22,5,4,31,470,530,38,25,89,30
40,1000,20,5.13,10.3,18,37,50,958,25,9,8,42,8.076244303,116,52,5.402631309,10.38224622,7.999583578,8.152294186,478,12,5,3,20,480,13,4,5,22,498,502,37,15,87,29
42,1000,20,5.13,10.3,18,37,22,945,21,18,16,55,7.694903449,88,44,5.16110315,9.377232814,7.434643393,7.972370782,490,7,12,7,26,455,14,6,9,29,516,484,27,17,72,16
45,1000,20,5.13,10.3,18,37,12,943,33,16,8,57,7.173831115,109,62,5.090612006,9.218596217,6.526897305,7.866304779,490,20,3,4,27,453,13,13,4,30,517,483,32,30,74,35
46,1000,20,5.13,10.3,18,37,7,943,30,14,13,57,7.356869309,96,52,5.091255302,9.440214065,6.649327683,8.015238158,457,14,7,4,25,486,16,7,9,32,482,518,29,23,68,28
47,1000,20,5.13,10.3,18,37,4,941,35,10,14,59,7.610346782,95,67,5.08050143,9.174562432,6.615780398,8.629072674,485,14,5,2,21,456,21,5,12,38,506,494,34,33,57,38
44,1000,20,5.13,10.3,18,37,21,958,23,10,9,42,7.434535087,100,64,5.144782945,9.448540341,7.048315537,7.805608772,479,6,3,2,11,479,17,7,7,31,490,510,41,23,68,32
41,1000,20,5.13,10.3,18,37,28,964,20,5,11,36,7.312381784,92,55,5.242827084,9.499493434,7.114522072,7.504009693,474,11,2,5,18,490,9,3,6,18,492,508,33,22,68,24
43,1000,20,5.13,10.3,18,37,22,948,29,13,10,52,7.846179232,98,50,5.241575682,9.670681965,7.227438858,8.394873525,448,8,8,6,22,500,21,5,4,30,470,530,34,16,76,22
42,1000,20,5.13,10.3,18,37,23,945,21,18,16,55,7.710845034,119,70,5.170091075,9.408369467,7.507053455,7.928110437,490,7,12,7,26,455,14,6,9,29,516,484,39,31,92,27
45,1000,20,5.13,10.3,18,37,13,945,32,15,8,55,7.192111616,87,52,5.097494288,9.219794341,6.580764071,7.846493979,490,20,3,4,27,455,12,12,4,28,517,483,31,21,61,26
40,1000,20,5.13,10.3,18,37,51,957,26,9,8,43,8.050952176,138,69,5.40937094,10.3826431,8.031126889,8.070619493,477,13,5,3,21,480,13,4,5,22,498,502,44,25,111,27
46,1000,20,5.13,10.3,18,37,8,943,30,14,13,57,7.394662691,93,61,5.085922104,9.445199976,6.694021683,8.046610502,457,14,7,4,25,486,16,7,9,32,482,518,32,29,71,22
47,1000,20,5.13,10.3,18,37,5,943,35,8,14,57,7.605075762,110,63,5.089156385,9.200807889,6.64623108,8.587212218,485,14,5,2,21,458,21,3,12,36,506,494,31,32,70,40
44,1000,20,5.13,10.3,18,37,22,958,23,10,9,42,7.455653098,94,58,5.164064447,9.48835387,7.058666325,7.837071763,479,6,3,2,11,479,17,7,7,31,490,510,33,25,67,27
41,1000,20,5.13,10.3,18,37,29,964,20,5,11,36,7.315198197,109,56,5.259733491,9.548800888,7.129581341,7.494968853,475,10,2,5,17,489,10,3,6,19,492,508,35,21,80,29
43,1000,20,5.13,10.3,18,37,23,947,30,12,11,53,7.857164281,101,54,5.258282311,9.693696039,7.240755775,8.403790692,447,9,7,7,23,500,21,5,4,30,470,530,37,17,70,31
42,1000,20,5.13,10.3,18,37,24,948,18,18,16,52,7.709169203,101,47,5.176368069,9.406842363,7.549192464,7.879722916,490,7,12,7,26,458,11,6,9,26,516,484,27,20,77,24
45,1000,20,5.13,10.3,18,37,14,945,32,15,8,55,7.208290835,95,62,5.113108655,9.264331419,6.587930894,7.872320007,490,20,3,4,27,455,12,12,4,28,517,483,41,21,67,28
46,1000,20,5.13,10.3,18,37,9,944,30,13,13,56,7.392345418,92,63,5.125779376,9.476337977,6.740407276,7.998975118,457,14,7,4,25,487,16,6,9,31,482,518,33,30,68,24
40,1000,20,5.13,10.3,18,37,52,958,25,9,8,42,8.054167348,106,50,5.431733913,10.40835786,8.038590523,8.069620056,477,13,5,3,21,481,12,4,5,21,498,502,33,17,80,26
47,1000,20,5.13,10.3,18,37,6,944,34,8,14,56,7.590064211,112,60,5.092892226,9.252852474,6.687474376,8.514579304,485,14,5,2,21,459,20,3,12,35,506,494,26,34,72,40
44,1000,20,5.13,10.3,18,37,23,958,23,10,9,42,7.493036654,97,53,5.166878289,9.500422534,7.117649842,7.853702414,479,6,3,2,11,479,17,7,7,31,490,510,33,20,70,27
41,1000,20,5.13,10.3,18,37,30,964,20,5,11,36,7.343154486,101,64,5.271931369,9.576198223,7.146838025,7.533287752,475,10,2,5,17,489,10,3,6,19,492,508,41,23,67,34
43,1000,20,5.13,10.3,18,37,24,947,29,13,11,53,7.872524587,91,71,5.271332377,9.705731869,7.283719048,8.394672894,447,9,7,7,23,500,20,6,4,30,470,530,45,26,61,30
42,1000,20,5.13,10.3,18,37,25,948,18,18,16,52,7.73873934,99,52,5.165809339,9.434434243,7.623625993,7.861463486,489,8,12,7,27,459,10,6,9,25,516,484,34,18,64,35
45,1000,20,5.13,10.3,18,37,15,947,31,14,8,53,7.203351538,96,64,5.146192664,9.317076772,6.61886766,7.828979209,490,20,3,4,27,457,11,11,4,26,517,483,32,32,65,31
46,1000,20,5.13,10.3,18,37,10,946,28,13,13,54,7.403353017,109,46,5.113352895,9.5213832,6.760973633,8.001088274,458,13,7,4,24,488,15,6,9,30,482,518,32,14,83,26
40,1000,20,5.13,10.3,18,37,53,959,26,9,6,41,8.04256562,119,55,5.443914264,10.44092611,8.06721703,8.018110636,477,13,5,3,21,482,13,4,3,20,498,502,35,20,91,28
47,1000,20,5.13,10.3,18,37,7,946,33,8,13,54,7.593683946,106,59,5.100485515,9.284908343,6.687578098,8.521800462,485,14,5,2,21,461,19,3,11,33,506,494,35,24,71,35
44,1000,20,5.13,10.3,18,37,24,960,21,10,9,40,7.480223026,109,62,5.158952417,9.526928592,7.135816533,7.811123382,479,6,3,2,11,481,15,7,7,29,490,510,40,22,86,23
41,1000,20,5.13,10.3,18,37,31,963,21,5,11,37,7.344972638,89,59,5.284778171,9.587538715,7.183036439,7.501808483,475,10,2,5,17,488,11,3,6,20,492,508,40,19,66,23
43,1000,20,5.13,10.3,18,37,25,948,29,12,11,52,7.894383048,114,58,5.269627716,9.707207239,7.359478226,8.368732607,447,8,8,7,23,501,21,4,4,29,470,530,42,16,79,35
42,1000,20,5.13,10.3,18,37,26,948,18,18,16,52,7.758073561,109,68,5.170204369,9.437807004,7.651185478,7.872028625,489,8,12,7,27,459,10,6,9,25,516,484,42,26,76,33
45,1000,20,5.13,10.3,18,37,16,948,31,13,8,52,7.212654372,106,54,5.150743192,9.335089319,6.641268478,7.824262047,490,20,3,4,27,458,11,10,4,25,517,483,35,19,75,31
46,1000,20,5.13,10.3,18,37,11,947,27,13,13,53,7.415527996,92,51,5.124534211,9.52541532,6.790924508,7.996722747,458,13,7,4,24,489,14,6,9,29,482,518,34,17,63,29
47,1000,20,5.13,10.3,18,37,8,947,32,8,13,53,7.615791986,98,60,5.125056454,9.292276473,6.746044262,8.506667184,486,13,5,2,20,461,19,3,11,33,506,494,33,27,73,25
44,1000,20,5.13,10.3,18,37,25,960,21,10,9,40,7.497690397,119,60,5.163822751,9.552569273,7.154284481,7.827629415,479,6,3,2,11,481,15,7,7,29,490,510,36,24,84,35
40,1000,20,5.13,10.3,18,37,54,958,26,10,6,42,8.092004667,118,74,5.465679423,10.4715534,8.138719831,8.045661735,476,14,5,3,22,482,12,5,3,20,498,502,49,25,94,24
41,1000,20,5.13,10.3,18,37,32,965,19,5,11,35,7.346624682,105,51,5.29377165,9.61267337,7.210557184,7.47840659,476,9,2,5,16,489,10,3,6,19,492,508,33,18,84,21
43,1000,20,5.13,10.3,18,37,26,946,32,11,11,54,7.909883642,100,53,5.287488768,9.730357281,7.38054802,8.379294477,447,8,8,7,23,499,24,3,4,31,470,530,32,21,80,20
42,1000,20,5.13,10.3,18,37,27,947,19,18,16,53,7.800971456,101,55,5.172007383,9.456011635,7.745791172,7.859800024,488,9,12,7,28,459,10,6,9,25,516,484,37,18,71,30
45,1000,20,5.13,10.3,18,37,17,948,31,13,8,52,7.212460016,89,55,5.156159013,9.360162994,6.647493988,7.81719591,490,20,3,4,27,458,11,10,4,25,517,483,29,26,68,21
46,1000,20,5.13,10.3,18,37,12,947,27,13,13,53,7.470552963,108,62,5.129557502,9.544440205,6.847142682,8.050637433,458,13,7,4,24,489,14,6,9,29,482,518,37,25,77,31
44,1000,20,5.13,10.3,18,37,26,961,21,9,9,39,7.533758125,90,68,5.178030307,9.566458544,7.227475321,7.828029838,479,6,3,2,11,482,15,6,7,28,490,510,39,29,69,21
47,1000,20,5.13,10.3,18,37,9,947,32,8,13,53,7.610237856,98,60,5.136017649,9.310102041,6.779020965,8.461646251,486,13,5,2,20,461,19,3,11,33,506,494,30,30,72,26
41,1000,20,5.13,10.3,18,37,33,965,19,6,10,35,7.351351439,109,54,5.322432362,9.658271046,7.236099137,7.462973748,476,9,2,5,16,489,10,4,5,19,492,508,32,22,89,20
40,1000,20,5.13,10.3,18,37,55,959,26,9,6,41,8.078209577,97,63,5.494000455,10.52425877,8.11799505,8.038741119,476,14,5,3,22,483,12,4,3,19,498,502,42,21,77,20
43,1000,20,5.13,10.3,18,37,27,947,32,10,11,53,7.891554733,92,46,5.308343992,9.759731506,7.33987587,8.380779385,448,8,7,7,22,499,24,3,4,31,470,530,28,18,69,23
42,1000,20,5.13,10.3,18,37,28,945,22,18,15,55,7.865377154,106,52,5.171301354,9.480259002,7.818833145,7.914998452,487,10,12,7,29,458,12,6,8,26,516,484,31,21,77,29
45,1000,20,5.13,10.3,18,37,18,949,29,15,7,51,7.201171319,99,47,5.178099595,9.403671285,6.705549658,7.731681461,490,19,4,4,27,459,10,11,3,24,517,483,29,18,78,21
46,1000,20,5.13,10.3,18,37,13,948,26,13,13,52,7.508805498,109,56,5.166002583,9.580309216,6.907381121,8.068432043,458,13,7,4,24,490,13,6,9,28,482,518,34,22,81,28
44,1000,20,5.13,10.3,18,37,27,960,22,9,9,40,7.543239362,94,48,5.199238777,9.578347903,7.282012182,7.794222339,478,7,3,2,12,482,15,6,7,28,490,510,33,15,61,33
47,1000,20,5.13,10.3,18,37,10,948,31,8,13,52,7.629583924,96,63,5.136632747,9.314283758,6.79985351,8.479469733,486,13,5,2,20,462,18,3,11,32,506,494,38,25,63,33
41,1000,20,5.13,10.3,18,37,34,965,19,6,10,35,7.356976729,108,52,5.332126136,9.68472978,7.259266501,7.451609469,475,10,2,5,17,490,9,4,5,18,492,508,31,21,69,39
40,1000,20,5.13,10.3,18,37,56,959,28,8,5,41,8.074533728,110,57,5.486192528,10.53728493,8.128521748,8.02097589,475,15,5,3,23,484,13,3,2,18,498,502,44,13,89,21
43,1000,20,5.13,10.3,18,37,28,946,33,10,11,54,7.904319426,100,50,5.295144554,9.77040122,7.344130268,8.401090942,447,9,7,7,23,499,24,3,4,31,470,530,31,19,77,23
42,1000,20,5.13,10.3,18,37,29,946,22,18,14,54,7.856728563,90,72,5.194729762,9.51414512,7.793892171,7.923719427,488,10,12,6,28,458,12,6,8,26,516,484,43,29,63,27
45,1000,20,5.13,10.3,18,37,19,948,31,14,7,52,7.227924161,105,58,5.195694468,9.412747916,6.747429808,7.742242132,490,19,4,4,27,458,12,10,3,25,517,483,29,29,69,36
46,1000,20,5.13,10.3,18,37,14,944,29,13,14,56,7.555586729,97,54,5.162454169,9.580423915,6.991426811,8.080538622,455,15,7,5,27,489,14,6,9,29,482,518,35,19,63,34
44,1000,20,5.13,10.3,18,37,28,964,20,7,9,36,7.500941775,109,61,5.222692852,9.632941734,7.254782082,7.737448147,480,6,2,2,10,484,14,5,7,26,490,510,40,21,86,23
47,1000,20,5.13,10.3,18,37,11,947,32,8,13,53,7.669757053,108,59,5.126807358,9.326527202,6.871164882,8.487748224,485,14,5,2,21,462,18,3,11,32,506,494,32,27,72,36
41,1000,20,5.13,10.3,18,37,35,965,19,7,9,35,7.373590805,120,59,5.343274186,9.719418305,7.317720598,7.427701319,475,10,2,5,17,490,9,5,4,18,492,508,42,17,90,30
43,1000,20,5.13,10.3,18,37,29,944,35,11,10,56,7.946553689,103,56,5.298477393,9.792247518,7.399517066,8.431661638,447,9,7,7,23,497,26,4,3,33,470,530,33,23,75,28
42,1000,20,5.13,10.3,18,37,30,947,22,17,14,53,7.913145783,93,65,5.181949539,9.537836777,7.851133888,7.979257639,488,10,12,6,28,459,12,5,8,25,516,484,42,23,62,31
40,1000,20,5.13,10.3,18,37,57,958,28,9,5,42,8.068691112,108,68,5.485887006,10.59134802,8.153080674,7.984973976,474,15,6,3,24,484,13,3,2,18,498,502,51,17,86,22
45,1000,20,5.13,10.3,18,37,20,949,30,14,7,51,7.253588316,99,58,5.196182353,9.459419154,6.750121165,7.792496219,491,18,4,4,26,458,12,10,3,25,517,483,30,28,69,30
46,1000,20,5.13,10.3,18,37,15,945,29,12,14,55,7.56487481,100,54,5.155018068,9.640940922,6.992398565,8.09756506,455,15,7,5,27,490,14,5,9,28,482,518,34,20,67,33
44,1000,20,5.13,10.3,18,37,29,965,21,7,7,35,7.557407319,100,66,5.239366199,9.670387497,7.30987507,7.79523242,480,6,2,2,10,485,15,5,5,25,490,510,42,24,71,29
41,1000,20,5.13,10.3,18,37,36,966,19,6,9,34,7.380089523,121,68,5.334838248,9.747142367,7.337457189,7.421379107,475,10,2,5,17,491,9,4,4,17,492,508,44,24,98,23
47,1000,20,5.13,10.3,18,37,12,949,31,9,11,51,7.633470917,97,61,5.130481743,9.345905175,6.903295431,8.381383459,485,14,5,2,21,464,17,4,9,30,506,494,39,22,66,31
43,1000,20,5.13,10.3,18,37,30,944,35,11,10,56,7.963010878,88,51,5.329578918,9.841447415,7.425999645,8.439228387,447,9,7,7,23,497,26,4,3,33,470,530,32,19,72,16
42,1000,20,5.13,10.3,18,37,31,946,23,16,15,54,7.93577399,98,58,5.179249253,9.545194403,7.892576711,7.981827288,488,10,11,7,28,458,13,5,8,26,516,484,35,23,70,28
45,1000,20,5.13,10.3,18,37,21,950,30,13,7,50,7.25542029,89,48,5.207690087,9.485869617,6.773042353,7.771754439,491,18,4,4,26,459,12,9,3,24,517,483,27,21,59,30
40,1000,20,5.13,10.3,18,37,58,959,27,9,5,41,8.05927339,120,61,5.489342497,10.62194084,8.156362174,7.962958223,474,15,6,3,24,485,12,3,2,17,498,502,40,21,94,26
46,1000,20,5.13,10.3,18,37,16,944,30,12,14,56,7.559617341,104,53,5.150540884,9.63941051,6.981544308,8.097515415,455,15,7,5,27,489,15,5,9,29,482,518,31,22,73,31
44,1000,20,5.13,10.3,18,37,30,965,21,7,7,35,7.572175397,117,58,5.257800637,9.739969055,7.322434772,7.812122272,480,6,2,2,10,485,15,5,5,25,490,510,32,26,86,31
41,1000,20,5.13,10.3,18,37,37,966,20,6,8,34,7.382503319,108,62,5.357622763,9.763840485,7.367936565,7.396611277,475,10,2,5,17,491,10,4,3,17,492,508,37,25,82,26
47,1000,20,5.13,10.3,18,37,13,949,31,9,11,51,7.691256113,96,68,5.094633082,9.366667208,6.995761558,8.403645274,485,14,5,2,21,464,17,4,9,30,506,494,41,27,67,29
43,1000,20,5.13,10.3,18,37,31,943,36,11,10,57,7.970295894,86,55,5.352350825,9.855237429,7.433824116,8.446035017,447,9,7,7,23,496,27,4,3,34,470,530,33,22,69,17
42,1000,20,5.13,10.3,18,37,32,946,23,16,15,54,7.94328261,104,64,5.188120254,9.556294434,7.922286778,7.965666597,488,10,11,7,28,458,13,5,8,26,516,484,38,26,75,29
45,1000,20,5.13,10.3,18,37,22,951,29,13,7,49,7.283976029,92,64,5.229869223,9.520013672,6.833849587,7.765788391,491,17,5,4,26,460,12,8,3,23,517,483,44,20,69,23
40,1000,20,5.13,10.3,18,37,59,961,25,9,5,39,8.052864168,125,57,5.497458883,10.67599381,8.158099561,7.948467304,474,15,6,3,24,487,10,3,2,15,498,502,37,20,91,34
44,1000,20,5.13,10.3,18,37,31,966,20,7,7,34,7.583216926,107,55,5.26859182,9.747394285,7.368028392,7.789966693,480,6,2,2,10,486,14,5,5,24,490,510,37,18,77,30
46,1000,20,5.13,10.3,18,37,17,944,30,11,15,56,7.576135214,110,56,5.146746234,9.645220728,6.99879421,8.113352133,455,15,7,5,27,489,15,4,10,29,482,518,34,22,76,34
41,1000,20,5.13,10.3,18,37,38,966,20,6,8,34,7.368832097,112,68,5.348419885,9.78896185,7.415210339,7.323914587,475,10,2,5,17,491,10,4,3,17,492,508,43,25,86,26
47,1000,20,5.13,10.3,18,37,14,950,30,9,11,50,7.693376597,96,70,5.088257325,9.400904407,7.000123006,8.403470357,486,13,5,2,20,464,17,4,9,30,506,494,31,39,66,30
43,1000,20,5.13,10.3,18,37,32,945,36,10,9,55,8.02781128,112,49,5.374736936,9.885834359,7.527474725,8.47150596,447,9,7,7,23,498,27,3,2,32,470,530,32,17,81,31
42,1000,20,5.13,10.3,18,37,33,946,24,16,14,54,7.947796572,101,65,5.188805608,9.568258928,7.948398825,7.947154501,487,11,11,7,29,459,13,5,7,25,516,484,33,32,66,35
45,1000,20,5.13,10.3,18,37,23,951,32,11,6,49,7.258455977,119,69,5.236735055,9.573509594,6.856932774,7.688243754,491,18,4,4,26,460,14,7,2,23,517,483,43,26,81,38
44,1000,20,5.13,10.3,18,37,32,966,20,7,7,34,7.622253431,110,60,5.283234548,9.781344992,7.436841403,7.800394398,481,5,2,2,9,485,15,5,5,25,490,510,37,23,78,32
40,1000,20,5.13,10.3,18,37,60,960,26,9,5,40,8.106027822,113,54,5.515612667,10.70931706,8.264833859,7.948487171,473,16,6,3,25,487,10,3,2,15,498,502,39,15,93,20
46,1000,20,5.13,10.3,18,37,18,945,29,11,15,55,7.581936711,95,54,5.175100193,9.683411211,7.00236873,8.121225836,456,14,7,5,26,489,15,4,10,29,482,518,29,25,61,34
41,1000,20,5.13,10.3,18,37,39,965,21,6,8,35,7.377226706,112,65,5.358985338,9.817370049,7.442315592,7.314187864,474,11,2,5,18,491,10,4,3,17,492,508,35,30,85,27
47,1000,20,5.13,10.3,18,37,15,950,30,9,11,50,7.694806826,103,60,5.125804149,9.414009227,7.010654242,8.395578502,486,13,5,2,20,464,17,4,9,30,506,494,31,29,70,33
43,1000,20,5.13,10.3,18,37,33,945,36,9,10,55,8.061976269,95,51,5.365022794,9.917285613,7.577483388,8.4916209,447,9,6,8,23,498,27,3,2,32,470,530,32,19,73,22
42,1000,20,5.13,10.3,18,37,34,946,23,17,14,54,7.971261616,97,48,5.19987258,9.597658464,7.9653135,7.977602995,486,11,12,7,30,460,12,5,7,24,516,484,26,22,72,25
45,1000,20,5.13,10.3,18,37,24,951,32,11,6,49,7.230748638,91,54,5.252093588,9.615609903,6.867154791,7.619937082,489,20,4,4,28,462,12,7,2,21,517,483,38,16,59,32
44,1000,20,5.13,10.3,18,37,33,965,21,7,7,35,7.675704706,110,60,5.288665015,9.797972691,7.501721119,7.842865408,481,5,2,2,9,484,16,5,5,26,490,510,33,27,78,32
46,1000,20,5.13,10.3,18,37,19,942,32,11,15,58,7.640659424,100,59,5.192132118,9.695816141,7.034543544,8.204651421,455,15,7,5,27,487,17,4,10,31,482,518,28,31,70,30
41,1000,20,5.13,10.3,18,37,40,964,22,6,8,36,7.411725135,126,49,5.40246883,9.871752786,7.485484566,7.340288835,473,12,2,5,19,491,10,4,3,17,492,508,35,14,98,28
40,1000,20,5.13,10.3,18,37,61,961,24,10,5,39,8.135003537,123,71,5.530965716,10.76432763,8.355613915,7.91615101,473,15,7,3,25,488,9,3,2,14,498,502,49,22,93,30
43,1000,20,5.13,10.3,18,37,34,945,37,9,9,55,8.070602496,105,60,5.382165847,9.950230536,7.595578248,8.491850414,447,10,6,7,23,498,27,3,2,32,470,530,40,20,80,25
42,1000,20,5.13,10.3,18,37,35,945,24,18,13,55,7.944201168,91,66,5.201134931,9.622795464,7.962354397,7.924847725,485,12,12,7,31,460,12,6,6,24,516,484,36,30,69,22
47,1000,20,5.13,10.3,18,37,16,950,30,9,11,50,7.722993607,83,57,5.125885336,9.428500145,7.048087516,8.414294178,486,13,5,2,20,464,17,4,9,30,506,494,32,25,60,23
45,1000,20,5.13,10.3,18,37,25,952,32,10,6,48,7.260173352,93,60,5.263581156,9.638206976,6.876660496,7.670682972,489,20,4,4,28,463,12,6,2,20,517,483,40,20,73,20
44,1000,20,5.13,10.3,18,37,34,964,21,8,7,36,7.746436475,98,60,5.309193933,9.827347627,7.575324633,7.910838049,480,6,2,2,10,484,15,6,5,26,490,510,35,25,80,18
46,1000,20,5.13,10.3,18,37,20,942,32,11,15,58,7.656865079,89,54,5.228554689,9.708241531,7.07035262,8.202616055,455,15,7,5,27,487,17,4,10,31,482,518,37,17,55,34
41,1000,20,5.13,10.3,18,37,41,964,22,6,8,36,7.447014546,104,57,5.414431479,9.905707958,7.5195693,7.37674498,473,12,2,5,19,491,10,4,3,17,492,508,45,12,75,29
40,1000,20,5.13,10.3,18,37,62,962,24,9,5,38,8.135672963,112,39,5.565787625,10.8404684,8.378636479,7.894645411,473,15,7,3,25,489,9,2,2,13,498,502,31,8,94,18
42,1000,20,5.13,10.3,18,37,36,945,24,18,13,55,7.958854652,108,59,5.219654063,9.650218779,8.00994802,7.90438321,484,13,12,7,32,461,11,6,6,23,516,484,35,24,79,29
43,1000,20,5.13,10.3,18,37,35,945,35,11,9,55,8.089410894,101,66,5.388009689,9.992112826,7.61659818,8.50869764,447,9,7,7,23,498,26,4,2,32,470,530,45,21,76,25
47,1000,20,5.13,10.3,18,37,17,949,30,10,11,51,7.743621218,91,41,5.13429413,9.437874608,7.082098387,8.421213429,486,13,5,2,20,463,17,5,9,31,506,494,23,18,63,28
45,1000,20,5.13,10.3,18,37,26,953,31,10,6,47,7.305179207,86,49,5.264911785,9.653032745,6.926417944,7.710602754,489,20,4,4,28,464,11,6,2,19,517,483,29,20,63,23
44,1000,20,5.13,10.3,18,37,35,963,23,8,6,37,7.782514584,97,53,5.312937125,9.855251448,7.624068066,7.934747514,478,8,2,2,12,485,15,6,4,25,490,510,35,18,75,22
41,1000,20,5.13,10.3,18,37,42,964,22,5,9,36,7.499250206,95,58,5.42697553,9.935772295,7.603934261,7.397863286,473,12,2,5,19,491,10,3,4,17,492,508,39,19,75,20
46,1000,20,5.13,10.3,18,37,21,943,31,11,15,57,7.66235616,94,52,5.221691665,9.73750927,7.096105862,8.189253155,456,14,7,5,26,487,17,4,10,31,482,518,30,22,71,23
40,1000,20,5.13,10.3,18,37,63,962,24,9,5,38,8.125332762,110,58,5.580387969,10.904557,8.365819557,7.886762196,473,15,7,3,25,489,9,2,2,13,498,502,40,18,89,21
42,1000,20,5.13,10.3,18,37,37,945,25,18,12,55,7.998882681,97,53,5.224057201,9.649100873,8.105991702,7.884692073,483,14,12,7,33,462,11,6,5,22,516,484,35,18,77,20
43,1000,20,5.13,10.3,18,37,36,946,35,10,9,54,8.093515718,102,52,5.391988827,10.00540944,7.633037036,8.501864739,447,9,7,7,23,499,26,3,2,31,470,530,30,22,75,27
47,1000,20,5.13,10.3,18,37,18,949,30,10,11,51,7.786957817,101,55,5.154564992,9.466600793,7.168181022,8.420765628,485,14,5,2,21,464,16,5,9,30,506,494,29,26,74,27
45,1000,20,5.13,10.3,18,37,27,953,31,10,6,47,7.360453646,100,56,5.250361987,9.66788435,6.989760776,7.757240838,489,20,4,4,28,464,11,6,2,19,517,483,34,22,73,27
44,1000,20,5.13,10.3,18,37,36,960,25,9,6,40,7.852787768,102,58,5.324397758,9.869620849,7.716468424,7.983761254,476,10,2,2,14,484,15,7,4,26,490,510,39,19,73,29
41,1000,20,5.13,10.3,18,37,43,963,23,5,9,37,7.53345049,120,71,5.433986481,9.95001132,7.661182101,7.409741923,473,12,2,5,19,490,11,3,4,18,492,508,44,27,94,26
46,1000,20,5.13,10.3,18,37,22,944,30,11,15,56,7.659278989,94,61,5.2360842,9.753507774,7.138890177,8.143501783,456,14,7,5,26,488,16,4,10,30,482,518,45,16,76,18
42,1000,20,5.13,10.3,18,37,38,944,26,18,12,56,8.027561254,83,56,5.235067752,9.674994118,8.126784394,7.921777906,482,15,12,7,34,462,11,6,5,22,516,484,33,23,58,25
43,1000,20,5.13,10.3,18,37,37,947,34,10,9,53,8.114496768,113,55,5.403037996,10.05883424,7.697336747,8.484431127,447,9,7,7,23,500,25,3,2,30,470,530,34,21,90,23
40,1000,20,5.13,10.3,18,37,64,962,24,9,5,38,8.095499662,112,51,5.585449975,10.93294867,8.37285194,7.820357362,473,15,7,3,25,489,9,2,2,13,498,502,38,13,86,26
45,1000,20,5.13,10.3,18,37,28,954,31,9,6,46,7.350558762,110,49,5.270501336,9.70218394,7.015004476,7.709733847,489,20,4,4,28,465,11,5,2,18,517,483,35,14,86,24
47,1000,20,5.13,10.3,18,37,19,950,29,10,11,50,7.809412708,124,67,5.174612642,9.47731548,7.21520678,8.418052788,485,14,5,2,21,465,15,5,9,29,506,494,34,33,77,47
44,1000,20,5.13,10.3,18,37,37,961,23,9,7,39,7.90331676,108,52,5.352366212,9.920575343,7.792874141,8.009428296,476,10,1,3,14,485,13,8,4,25,490,510,37,15,76,32
41,1000,20,5.13,10.3,18,37,44,963,23,5,9,37,7.590519857,103,49,5.462335877,9.983499076,7.735471689,7.450133438,473,12,2,5,19,490,11,3,4,18,492,508,28,21,83,20
46,1000,20,5.13,10.3,18,37,23,945,29,12,14,55,7.653999852,120,51,5.237129597,9.778479414,7.165344394,8.108694699,456,14,7,5,26,489,15,5,9,29,482,518,31,20,82,38
42,1000,20,5.13,10.3,18,37,39,947,25,16,12,53,8.045544826,104,48,5.255035031,9.708331381,8.170230456,7.912615519,482,15,12,7,34,465,10,4,5,19,516,484,31,17,81,23
43,1000,20,5.13,10.3,18,37,38,948,33,10,9,52,8.123678713,106,68,5.403288785,10.0835409,7.76585295,8.440995899,447,9,7,7,23,501,24,3,2,29,470,530,50,18,78,28
45,1000,20,5.13,10.3,18,37,29,955,30,9,6,45,7.36439109,88,48,5.298612091,9.746605217,7.058308725,7.692019625,489,20,4,4,28,466,10,5,2,17,517,483,27,21,64,24
47,1000,20,5.13,10.3,18,37,20,947,32,10,11,53,7.836301042,100,66,5.166120923,9.498577479,7.23165802,8.455631749,484,15,5,2,22,463,17,5,9,31,506,494,38,28,74,26
40,1000,20,5.13,10.3,18,37,65,961,25,9,5,39,8.075916791,136,60,5.623600733,10.99181053,8.36906522,7.785104206,472,16,7,3,26,489,9,2,2,13,498,502,42,18,102,34
44,1000,20,5.13,10.3,18,37,38,960,23,10,7,40,7.902312121,100,44,5.349855713,9.955564099,7.827477081,7.974212453,475,11,1,3,15,485,12,9,4,25,490,510,31,13,78,22
41,1000,20,5.13,10.3,18,37,45,963,23,5,9,37,7.618178957,104,56,5.496940719,10.06040448,7.78841702,7.453302724,473,12,2,5,19,490,11,3,4,18,492,508,30,26,77,27
46,1000,20,5.13,10.3,18,37,24,944,31,12,13,56,7.646694934,106,51,5.246300212,9.795084701,7.17874463,8.082123595,455,15,7,5,27,489,16,5,8,29,482,518,32,19,67,39
42,1000,20,5.13,10.3,18,37,40,947,25,16,12,53,8.041659202,101,60,5.276898434,9.770932079,8.200188942,7.872648157,482,15,12,7,34,465,10,4,5,19,516,484,44,16,72,29
43,1000,20,5.13,10.3,18,37,39,948,33,10,9,52,8.131024765,103,58,5.409808438,10.13721503,7.784955554,8.437916329,447,9,7,7,23,501,24,3,2,29,470,530,42,16,85,18
45,1000,20,5.13,10.3,18,37,30,955,30,9,6,45,7.372751479,104,56,5.313443799,9.767053093,7.053299054,7.714691239,489,20,4,4,28,466,10,5,2,17,517,483,28,28,69,35
47,1000,20,5.13,10.3,18,37,21,946,33,10,11,54,7.872000017,89,50,5.161750277,9.502171366,7.268612557,8.490044663,483,16,5,2,23,463,17,5,9,31,506,494,19,31,62,27
40,1000,20,5.13,10.3,18,37,66,960,26,9,5,40,8.114020748,115,66,5.642159624,11.03470329,8.408886837,7.82150419,472,16,7,3,26,488,10,2,2,14,498,502,50,16,95,20
44,1000,20,5.13,10.3,18,37,39,961,23,10,6,39,7.899118598,111,55,5.348293095,9.993782773,7.861879401,7.934897434,475,11,1,3,15,486,12,9,3,24,490,510,28,27,85,26
41,1000,20,5.13,10.3,18,37,46,963,23,5,9,37,7.618282737,114,64,5.498743968,10.09811957,7.821075192,7.421877447,473,12,2,5,19,490,11,3,4,18,492,508,41,23,88,26
46,1000,20,5.13,10.3,18,37,25,943,32,13,12,57,7.665953728,107,57,5.261854617,9.838171051,7.157277561,8.139277883,455,15,7,5,27,488,17,6,7,30,482,518,42,15,75,32
42,1000,20,5.13,10.3,18,37,41,948,25,16,11,52,8.035687504,99,62,5.298644476,9.821000265,8.222173626,7.836871721,482,15,12,7,34,466,10,4,4,18,516,484,38,24,64,35
43,1000,20,5.13,10.3,18,37,40,947,33,11,9,53,8.127681867,100,49,5.420917981,10.16097518,7.799045775,8.419113874,447,9,7,7,23,500,24,4,2,30,470,530,33,16,73,27
45,1000,20,5.13,10.3,18,37,31,955,29,9,7,45,7.393282321,107,66,5.324362818,9.760717289,7.111446508,7.694957508,489,20,3,5,28,466,9,6,2,17,517,483,38,28,81,26
47,1000,20,5.13,10.3,18,37,22,946,34,10,10,54,7.897278765,89,57,5.174272668,9.540033487,7.324893375,8.483568253,481,18,5,2,25,465,16,5,8,29,506,494,36,21,62,27
40,1000,20,5.13,10.3,18,37,67,962,25,9,4,38,8.110994671,123,52,5.655553403,11.10482987,8.427767162,7.796746263,473,15,7,3,25,489,10,2,1,13,498,502,31,21,99,24
41,1000,20,5.13,10.3,18,37,47,963,22,6,9,37,7.63526594,74,51,5.495572817,10.11739798,7.87469323,7.403379667,473,11,3,5,19,490,11,3,4,18,492,508,41,10,60,14
44,1000,20,5.13,10.3,18,37,40,960,24,10,6,40,7.94288,92,62,5.370452451,10.05694421,7.883210684,8.000209343,475,11,1,3,15,485,13,9,3,25,490,510,38,24,63,29
42,1000,20,5.13,10.3,18,37,42,947,26,16,11,53,8.076225377,93,49,5.30605933,9.860766594,8.269142498,7.870553406,482,15,12,7,34,465,11,4,4,19,516,484,32,17,68,25
46,1000,20,5.13,10.3,18,37,26,943,33,12,12,57,7.690965861,100,63,5.28533393,9.877465288,7.17812604,8.168164305,455,15,7,5,27,488,18,5,7,30,482,518,33,30,69,31
43,1000,20,5.13,10.3,18,37,41,947,33,11,9,53,8.14017707,124,59,5.444523168,10.19603945,7.816504125,8.427207794,447,9,7,7,23,500,24,4,2,30,470,530,41,18,94,30
45,1000,20,5.13,10.3,18,37,32,955,28,10,7,45,7.38926919,111,73,5.350229293,9.791520089,7.159761176,7.634933046,489,19,4,5,28,466,9,6,2,17,517,483,44,29,82,29
47,1000,20,5.13,10.3,18,37,23,946,34,10,10,54,7.902975084,76,54,5.195283494,9.562764735,7.373662043,8.445145931,481,18,5,2,25,465,16,5,8,29,506,494,30,24,60,16
41,1000,20,5.13,10.3,18,37,48,964,21,7,8,36,7.613541968,111,62,5.514415655,10.11900708,7.896094196,7.339889022,474,10,3,5,18,490,11,4,3,18,492,508,43,19,84,27
40,1000,20,5.13,10.3,18,37,68,962,25,10,3,38,8.113857678,114,58,5.668745073,11.16065488,8.454354005,7.776074469,473,15,7,3,25,489,10,3,0,13,498,502,39,19,101,13
44,1000,20,5.13,10.3,18,37,41,959,25,10,6,41,7.96893401,111,55,5.4103345,10.13372535,7.921675625,8.014339125,475,11,1,3,15,484,14,9,3,26,490,510,38,17,80,31
43,1000,20,5.13,10.3,18,37,42,948,32,11,9,52,8.152741713,109,51,5.442779443,10.21430774,7.853337708,8.418250925,448,8,7,7,22,500,24,4,2,30,470,530,31,20,83,26
42,1000,20,5.13,10.3,18,37,43,947,26,16,11,53,8.104454639,97,55,5.312930086,9.878404164,8.345714988,7.847243193,482,15,12,7,34,465,11,4,4,19,516,484,34,21,70,27
46,1000,20,5.13,10.3,18,37,27,943,33,12,12,57,7.701967202,102,64,5.294227042,9.902012594,7.196636271,8.17217861,455,15,7,5,27,488,18,5,7,30,482,518,40,24,77,25
45,1000,20,5.13,10.3,18,37,33,956,28,10,6,44,7.393357845,122,67,5.394864034,9.829591783,7.189158757,7.611931196,489,19,4,5,28,467,9,6,1,16,517,483,42,25,83,39
47,1000,20,5.13,10.3,18,37,24,946,34,11,9,54,7.925361602,97,56,5.230383933,9.607631939,7.41156392,8.4516402,481,17,6,2,25,465,17,5,7,29,506,494,40,16,70,27
41,1000,20,5.13,10.3,18,37,49,966,20,6,8,34,7.6045624,117,72,5.530041256,10.14462467,7.886004413,7.331984701,475,9,3,5,17,491,11,3,3,17,492,508,49,23,88,29
44,1000,20,5.13,10.3,18,37,42,957,27,10,6,43,8.006994335,108,64,5.425320525,10.18580155,7.966558688,8.04584427,474,12,1,3,16,483,15,9,3,27,490,510,44,20,85,23
40,1000,20,5.13,10.3,18,37,69,962,25,10,3,38,8.119369112,97,57,5.705946705,11.19466333,8.484305829,7.757340257,473,15,7,3,25,489,10,3,0,13,498,502,36,21,79,18
42,1000,20,5.13,10.3,18,37,44,947,27,15,11,53,8.108124686,100,56,5.340390089,9.927048482,8.397252254,7.799881246,481,16,12,7,35,466,11,3,4,18,516,484,41,15,68,32
43,1000,20,5.13,10.3,18,37,43,948,30,13,9,52,8.177125034,107,66,5.472595671,10.24817266,7.890227015,8.431544032,448,8,7,7,22,500,22,6,2,30,470,530,46,20,81,26
46,1000,20,5.13,10.3,18,37,28,944,34,10,12,56,7.686269325,108,68,5.300617891,9.953704229,7.180815426,8.156595154,457,15,5,5,25,487,19,5,7,31,482,518,48,20,78,30
45,1000,20,5.13,10.3,18,37,34,957,27,10,6,43,7.430549375,125,58,5.405262017,9.846696409,7.232617822,7.642413997,491,17,4,5,26,466,10,6,1,17,517,483,36,22,88,37
47,1000,20,5.13,10.3,18,37,25,946,34,10,10,54,7.94078332,92,48,5.263780542,9.651897293,7.426825654,8.467225788,481,17,6,2,25,465,17,4,8,29,506,494,27,21,67,25
41,1000,20,5.13,10.3,18,37,50,966,20,6,8,34,7.633973378,113,61,5.542022448,10.19444289,7.923875282,7.353202243,475,9,3,5,17,491,11,3,3,17,492,508,41,20,83,30
44,1000,20,5.13,10.3,18,37,43,957,28,10,5,43,8.019739179,87,74,5.431880055,10.24890687,7.990118034,8.048198712,474,12,1,3,16,483,16,9,2,27,490,510,50,24,59,28
42,1000,20,5.13,10.3,18,37,45,947,28,15,10,53,8.116071267,99,57,5.347015095,9.962966686,8.420056782,7.791987536,481,16,12,7,35,466,12,3,3,18,516,484,35,22,75,24
40,1000,20,5.13,10.3,18,37,70,961,26,10,3,39,8.137843138,112,68,5.722163021,11.22557735,8.527555267,7.751236284,473,15,7,3,25,488,11,3,0,14,498,502,48,20,96,16
43,1000,20,5.13,10.3,18,37,44,948,30,12,10,52,8.212577122,120,50,5.490146984,10.27453946,7.963184752,8.433736394,448,8,6,8,22,500,22,6,2,30,470,530,35,15,85,35
45,1000,20,5.13,10.3,18,37,35,956,27,11,6,44,7.471163536,120,54,5.401930181,9.897116148,7.282315855,7.673304842,491,17,4,5,26,465,10,7,1,18,517,483,38,16,85,35
46,1000,20,5.13,10.3,18,37,29,942,36,10,12,58,7.714507258,113,64,5.321245688,9.981150807,7.225671074,8.16937027,455,17,5,5,27,487,19,5,7,31,482,518,45,19,79,34
47,1000,20,5.13,10.3,18,37,26,945,35,10,10,55,7.945900175,128,60,5.29123625,9.706028307,7.470625589,8.432719892,480,18,6,2,26,465,17,4,8,29,506,494,33,27,89,39
41,1000,20,5.13,10.3,18,37,51,967,18,7,8,33,7.666656014,97,69,5.559202518,10.2228765,7.979310006,7.363849391,475,9,3,5,17,492,9,4,3,16,492,508,45,24,67,30
44,1000,20,5.13,10.3,18,37,44,958,28,9,5,42,8.030407197,94,59,5.46520291,10.29875483,8.026910808,8.033766472,474,12,1,3,16,484,16,8,2,26,490,510,38,21,73,21
42,1000,20,5.13,10.3,18,37,46,948,27,15,10,52,8.14708579,86,47,5.354541962,9.961637361,8.431872301,7.843470419,481,16,12,7,35,467,11,3,3,17,516,484,29,18,54,32
43,1000,20,5.13,10.3,18,37,45,949,29,12,10,51,8.21764902,114,65,5.478483696,10.28962402,7.978746716,8.429505781,448,8,6,8,22,501,21,6,2,29,470,530,49,16,87,27
45,1000,20,5.13,10.3,18,37,36,955,28,11,6,45,7.478155892,102,62,5.40995366,9.914650727,7.30834655,7.659918688,490,18,4,5,27,465,10,7,1,18,517,483,38,24,74,28
40,1000,20,5.13,10.3,18,37,71,962,26,9,3,38,8.142361034,128,71,5.765305094,11.2791424,8.562855536,7.725217086,473,15,7,3,25,489,11,2,0,13,498,502,47,24,107,21
46,1000,20,5.13,10.3,18,37,30,940,38,10,12,60,7.733034338,113,58,5.333534252,10.00887497,7.274284969,8.159901512,455,17,5,5,27,485,21,5,7,33,482,518,38,20,80,33
41,1000,20,5.13,10.3,18,37,52,967,19,6,8,33,7.665227853,98,64,5.568370367,10.26155283,7.956422449,7.383204741,475,10,2,5,17,492,9,4,3,16,492,508,39,25,76,22
47,1000,20,5.13,10.3,18,37,27,945,35,10,10,55,7.969508169,110,63,5.310648922,9.760486153,7.532345469,8.417290205,480,18,6,2,26,465,17,4,8,29,506,494,36,27,78,32
44,1000,20,5.13,10.3,18,37,45,957,28,10,5,43,8.050225616,118,64,5.479392118,10.32805362,8.083967624,8.017806824,473,13,1,3,17,484,15,9,2,26,490,510,39,25,98,20
42,1000,20,5.13,10.3,18,37,47,949,25,16,10,51,8.210871314,99,59,5.359805669,10.0309453,8.447547076,7.958547567,482,15,12,7,34,467,10,4,3,17,516,484,41,18,74,25
43,1000,20,5.13,10.3,18,37,46,949,29,12,10,51,8.227486103,90,66,5.488239436,10.29088899,7.993256038,8.435199558,448,8,6,8,22,501,21,6,2,29,470,530,47,19,72,18
45,1000,20,5.13,10.3,18,37,37,954,30,10,6,46,7.49768413,109,49,5.408796952,9.928660971,7.350418429,7.65531636,490,18,4,5,27,464,12,6,1,19,517,483,35,14,81,28
46,1000,20,5.13,10.3,18,37,31,940,37,11,12,60,7.764793128,97,60,5.327957476,10.01546926,7.297782962,8.199346989,455,17,5,5,27,485,20,6,7,33,482,518,36,24,75,22
40,1000,20,5.13,10.3,18,37,72,962,25,10,3,38,8.137725336,119,48,5.795877455,11.35899732,8.606211964,7.672971669,473,14,8,3,25,489,11,2,0,13,498,502,29,19,98,21
41,1000,20,5.13,10.3,18,37,53,965,21,6,8,35,7.709667589,101,65,5.585594726,10.28254039,8.015534598,7.413434187,475,10,2,5,17,490,11,4,3,18,492,508,49,16,75,26
47,1000,20,5.13,10.3,18,37,28,945,35,10,10,55,7.975927148,94,49,5.319347218,9.797737015,7.552591494,8.409546259,480,18,6,2,26,465,17,4,8,29,506,494,29,20,71,23
44,1000,20,5.13,10.3,18,37,46,957,28,10,5,43,8.095724501,99,72,5.512331195,10.39426481,8.168045516,8.026239604,473,13,1,3,17,484,15,9,2,26,490,510,43,29,82,17
42,1000,20,5.13,10.3,18,37,48,947,27,16,10,53,8.234758812,112,71,5.394693351,10.07143047,8.495555816,7.956719031,481,16,12,7,35,466,11,4,3,18,516,484,42,29,86,26
43,1000,20,5.13,10.3,18,37,47,950,28,12,10,50,8.235479129,101,62,5.506043705,10.34525343,8.008269442,8.436966964,448,8,6,8,22,502,20,6,2,28,470,530,41,21,79,22
45,1000,20,5.13,10.3,18,37,38,954,28,11,7,46,7.52888171,105,57,5.435367,9.979816145,7.403410423,7.663185346,490,16,6,5,27,464,12,5,2,19,517,483,37,20,79,26
46,1000,20,5.13,10.3,18,37,32,940,37,11,12,60,7.77763915,94,64,5.351364438,10.0311156,7.304651792,8.217754799,455,17,5,5,27,485,20,6,7,33,482,518,42,22,68,26
40,1000,20,5.13,10.3,18,37,73,962,26,9,3,38,8.173569236,124,68,5.855079206,11.43630309,8.657680391,7.693315541,473,14,8,3,25,489,12,1,0,13,498,502,44,24,106,18
41,1000,20,5.13,10.3,18,37,54,965,22,5,8,35,7.737843469,97,76,5.591643599,10.29737107,8.045114231,7.440250527,475,10,2,5,17,490,12,3,3,18,492,508,49,27,78,19
47,1000,20,5.13,10.3,18,37,29,945,35,10,10,55,8.011758796,106,59,5.314048386,9.842918498,7.627397786,8.40545651,480,18,6,2,26,465,17,4,8,29,506,494,41,18,74,32
44,1000,20,5.13,10.3,18,37,47,957,28,10,5,43,8.104603346,105,65,5.542553104,10.45189137,8.218473704,7.995198492,473,13,1,3,17,484,15,9,2,26,490,510,42,23,82,23
42,1000,20,5.13,10.3,18,37,49,949,27,14,10,51,8.215986855,111,66,5.41479154,10.10638646,8.473201889,7.941765869,483,16,10,7,33,466,11,4,3,18,516,484,41,25,80,31
43,1000,20,5.13,10.3,18,37,48,949,29,11,11,51,8.245483768,133,70,5.499615283,10.37578259,8.035618011,8.431591138,448,8,5,9,22,501,21,6,2,29,470,530,46,24,103,30
45,1000,20,5.13,10.3,18,37,39,954,29,10,7,46,7.574692781,107,52,5.454956285,10.02857199,7.442723742,7.715951565,491,16,5,5,26,463,13,5,2,20,517,483,40,12,79,28
46,1000,20,5.13,10.3,18,37,33,941,36,11,12,59,7.777831396,111,55,5.37790505,10.04198231,7.307862225,8.215138616,456,16,5,5,26,485,20,6,7,33,482,518,33,22,82,29
41,1000,20,5.13,10.3,18,37,55,964,23,6,7,36,7.722039194,127,60,5.604181957,10.32481873,8.084076089,7.371405036,474,11,2,5,18,490,12,4,2,18,492,508,42,18,93,34
40,1000,20,5.13,10.3,18,37,74,960,28,9,3,40,8.203237371,106,62,5.884529409,11.49467748,8.719629396,7.690960024,471,16,8,3,27,489,12,1,0,13,498,502,46,16,83,23
44,1000,20,5.13,10.3,18,37,48,960,26,10,4,40,8.102020009,113,51,5.570100547,10.48857858,8.237734028,7.971628109,474,12,1,3,16,486,14,9,1,24,490,510,32,19,86,27
47,1000,20,5.13,10.3,18,37,30,945,36,9,10,55,8.034510051,115,49,5.316877466,9.883954353,7.676036966,8.401690984,480,18,6,2,26,465,18,3,8,29,506,494,27,22,88,27
42,1000,20,5.13,10.3,18,37,50,948,27,15,10,52,8.253234899,96,61,5.440592454,10.12484711,8.532865964,7.955115829,482,16,11,7,34,466,11,4,3,18,516,484,42,19,75,21
45,1000,20,5.13,10.3,18,37,40,954,28,11,7,46,7.604728436,115,61,5.473113442,10.08051303,7.487373815,7.730344045,491,15,6,5,26,463,13,5,2,20,517,483,41,20,82,33
43,1000,20,5.13,10.3,18,37,49,948,30,11,11,52,8.26591069,108,59,5.502036688,10.40515222,8.082048001,8.428958734,448,8,5,9,22,500,22,6,2,30,470,530,40,19,81,27
46,1000,20,5.13,10.3,18,37,34,941,36,12,11,59,7.784842658,105,45,5.387114951,10.09009655,7.330434528,8.207670301,456,16,5,5,26,485,20,7,6,33,482,518,28,17,79,26
41,1000,20,5.13,10.3,18,37,56,964,23,6,7,36,7.736926552,116,57,5.621630066,10.3389962,8.145810066,7.340921259,474,11,2,5,18,490,12,4,2,18,492,508,35,22,90,26
44,1000,20,5.13,10.3,18,37,49,961,25,10,4,39,8.117959656,107,55,5.5952772,10.52841345,8.263438718,7.978185655,474,12,1,3,16,487,13,9,1,23,490,510,38,17,86,21
40,1000,20,5.13,10.3,18,37,75,960,28,9,3,40,8.206875087,137,50,5.914610278,11.54983784,8.742650315,7.675368984,470,17,8,3,28,490,11,1,0,12,498,502,36,14,118,19
47,1000,20,5.13,10.3,18,37,31,945,37,8,10,55,8.049311301,95,53,5.334890738,9.929641822,7.702781529,8.4042588,481,18,5,2,25,464,19,3,8,30,506,494,33,20,66,29
42,1000,20,5.13,10.3,18,37,51,948,28,14,10,52,8.234161003,122,59,5.448271548,10.14114154,8.558158149,7.888742557,481,17,11,7,35,467,11,3,3,17,516,484,32,27,95,27
45,1000,20,5.13,10.3,18,37,41,953,28,12,7,47,7.616372136,122,46,5.493908544,10.13977952,7.510064115,7.730163537,491,15,6,5,26,462,13,6,2,21,517,483,33,13,91,31
43,1000,20,5.13,10.3,18,37,50,948,30,11,11,52,8.278418696,123,67,5.507324719,10.45654115,8.109178698,8.428499449,448,8,5,9,22,500,22,6,2,30,470,530,50,17,86,37
46,1000,20,5.13,10.3,18,37,35,942,35,11,12,58,7.82180396,121,70,5.398420118,10.1276436,7.399108304,8.215123083,456,15,6,5,26,486,20,5,7,32,482,518,37,33,90,31
41,1000,20,5.13,10.3,18,37,57,963,24,6,7,37,7.741615249,95,58,5.625821904,10.36416691,8.138351441,7.357374685,474,11,2,5,18,489,13,4,2,19,492,508,44,14,78,17
44,1000,20,5.13,10.3,18,37,50,963,24,9,4,37,8.139507684,98,61,5.601841004,10.55600868,8.32317357,7.963044382,473,13,1,3,17,490,11,8,1,20,490,510,40,21,80,18
47,1000,20,5.13,10.3,18,37,32,945,37,8,10,55,8.053935566,106,60,5.3420261,9.953150713,7.715787997,8.400297247,481,18,5,2,25,464,19,3,8,30,506,494,40,20,84,22
40,1000,20,5.13,10.3,18,37,76,959,29,9,3,41,8.267114132,121,67,5.937187667,11.58197628,8.825915163,7.7127657,469,18,8,3,29,490,11,1,0,12,498,502,51,16,96,25
42,1000,20,5.13,10.3,18,37,52,949,27,13,11,51,8.236623214,98,71,5.457553576,10.15493128,8.591573484,7.858205157,481,17,10,8,35,468,10,3,3,16,516,484,43,28,78,20
45,1000,20,5.13,10.3,18,37,42,952,28,12,8,48,7.643498646,111,65,5.505210389,10.2005286,7.56522681,7.727280301,491,15,6,5,26,461,13,6,3,22,517,483,37,28,91,20
43,1000,20,5.13,10.3,18,37,51,947,31,11,11,53,8.282724227,111,66,5.514099995,10.49454568,8.111818471,8.434282161,447,9,5,9,23,500,22,6,2,30,470,530,51,15,85,26
46,1000,20,5.13,10.3,18,37,36,942,35,11,12,58,7.8422814,114,65,5.400643987,10.14175607,7.429773005,8.226121259,456,15,6,5,26,486,20,5,7,32,482,518,36,29,86,28
41,1000,20,5.13,10.3,18,37,58,963,24,6,7,37,7.802181365,106,60,5.658976232,10.41815333,8.189633857,7.426932101,474,11,2,5,18,489,13,4,2,19,492,508,37,23,83,23
44,1000,20,5.13,10.3,18,37,51,963,23,9,5,37,8.143612974,116,69,5.635043591,10.62193485,8.351189978,7.944176244,472,13,2,3,18,491,10,7,2,19,490,510,45,24,92,24
47,1000,20,5.13,10.3,18,37,33,944,38,8,10,56,8.094459185,116,51,5.349953676,9.963665832,7.740171063,8.457353497,482,17,5,2,24,462,21,3,8,32,506,494,28,23,81,35
42,1000,20,5.13,10.3,18,37,53,949,27,13,11,51,8.258655266,100,57,5.471930669,10.18819785,8.664843103,7.825612033,481,17,10,8,35,468,10,3,3,16,516,484,44,13,72,28
45,1000,20,5.13,10.3,18,37,43,953,28,11,8,47,7.638855098,113,64,5.535897843,10.24349506,7.602456386,7.677816037,491,15,6,5,26,462,13,5,3,21,517,483,34,30,89,24
40,1000,20,5.13,10.3,18,37,77,958,29,9,4,42,8.275482554,113,78,5.955258705,11.6287637,8.871648653,7.684066783,468,18,8,4,30,490,11,1,0,12,498,502,56,22,93,20
43,1000,20,5.13,10.3,18,37,52,948,31,11,10,52,8.276776597,126,59,5.525189602,10.52369311,8.138949288,8.399000814,448,9,5,8,22,500,22,6,2,30,470,530,40,19,95,31
46,1000,20,5.13,10.3,18,37,37,942,34,11,13,58,7.914662755,107,65,5.409757494,10.16056343,7.529404351,8.273146444,455,15,6,6,27,487,19,5,7,31,482,518,40,25,86,21
41,1000,20,5.13,10.3,18,37,59,961,26,6,7,39,7.798106516,128,60,5.705915108,10.47135324,8.197732448,7.411067227,474,11,2,5,18,487,15,4,2,21,492,508,40,20,104,24
44,1000,20,5.13,10.3,18,37,52,961,25,9,5,39,8.156431532,125,53,5.6621092,10.69254086,8.359217465,7.961597989,471,14,2,3,19,490,11,7,2,20,490,510,36,17,95,30
47,1000,20,5.13,10.3,18,37,34,945,37,8,10,55,8.061709002,131,63,5.35524919,9.983120839,7.745404161,8.385697362,482,17,5,2,24,463,20,3,8,31,506,494,39,24,95,36
42,1000,20,5.13,10.3,18,37,54,948,28,13,11,52,8.281918106,93,59,5.495889477,10.23725858,8.708112099,7.827545998,481,17,10,8,35,467,11,3,3,17,516,484,28,31,75,18
45,1000,20,5.13,10.3,18,37,44,951,31,11,7,49,7.673667164,118,55,5.555076847,10.30588346,7.661015133,7.687209815,491,15,6,5,26,460,16,5,2,23,517,483,38,17,83,35
43,1000,20,5.13,10.3,18,37,53,948,31,11,10,52,8.307657149,102,67,5.542858838,10.54830805,8.167047539,8.432348691,448,9,5,8,22,500,22,6,2,30,470,530,54,13,75,27
40,1000,20,5.13,10.3,18,37,78,959,28,8,5,41,8.28814078,123,64,5.968337121,11.66971055,8.896585399,7.684544326,468,18,7,5,30,491,10,1,0,11,498,502,45,19,102,21
41,1000,20,5.13,10.3,18,37,60,962,26,5,7,38,7.814824926,123,58,5.716091235,10.51456177,8.213278509,7.428921062,474,11,2,5,18,488,15,3,2,20,492,508,34,24,99,24
46,1000,20,5.13,10.3,18,37,38,941,35,11,13,59,7.945162274,98,60,5.415676837,10.17097628,7.539299114,8.322818729,455,15,6,6,27,486,20,5,7,32,482,518,37,23,77,21
44,1000,20,5.13,10.3,18,37,53,961,24,10,5,39,8.204565818,105,56,5.679886604,10.74470484,8.392974463,8.023545747,471,14,2,3,19,490,10,8,2,20,490,510,43,13,82,23
42,1000,20,5.13,10.3,18,37,55,947,30,13,10,53,8.297612377,100,60,5.516693583,10.2932066,8.72692048,7.839920268,482,17,10,7,34,465,13,3,3,19,516,484,34,26,72,28
47,1000,20,5.13,10.3,18,37,35,946,37,7,10,54,8.059888191,85,51,5.368558937,10.00735248,7.755101731,8.372078371,483,17,4,2,23,463,20,3,8,31,506,494,31,20,59,26
45,1000,20,5.13,10.3,18,37,45,950,32,11,7,50,7.688818063,129,58,5.575739479,10.37860167,7.677839681,7.700569251,491,15,6,5,26,459,17,5,2,24,517,483,39,19,100,29
43,1000,20,5.13,10.3,18,37,54,948,30,12,10,52,8.296499585,118,58,5.57145612,10.56035406,8.21107974,8.372249258,448,8,6,8,22,500,22,6,2,30,470,530,38,20,92,26
40,1000,20,5.13,10.3,18,37,79,959,27,9,5,41,8.297999758,123,75,5.989164343,11.70707005,8.919478131,7.681473404,468,18,7,5,30,491,9,2,0,11,498,502,52,23,99,24
41,1000,20,5.13,10.3,18,37,61,962,26,5,7,38,7.839644104,105,65,5.718564879,10.54018177,8.235280139,7.456469045,474,11,2,5,18,488,15,3,2,20,492,508,43,22,86,19
46,1000,20,5.13,10.3,18,37,39,941,35,11,13,59,7.940489119,112,64,5.410174847,10.19865357,7.536588282,8.316319628,455,15,6,6,27,486,20,5,7,32,482,518,38,26,81,31
44,1000,20,5.13,10.3,18,37,54,961,23,11,5,39,8.226936492,138,63,5.711214517,10.77374856,8.465722077,7.997515049,471,13,3,3,19,490,10,8,2,20,490,510,41,22,98,40
42,1000,20,5.13,10.3,18,37,56,945,32,13,10,55,8.300654453,113,53,5.51991582,10.33308391,8.720590381,7.852954166,481,18,10,7,35,464,14,3,3,20,516,484,29,24,85,28
45,1000,20,5.13,10.3,18,37,46,952,29,12,7,48,7.705377803,112,62,5.588601126,10.39584258,7.678930856,7.73368644,491,15,6,5,26,461,14,6,2,22,517,483,43,19,95,17
47,1000,20,5.13,10.3,18,37,36,947,36,7,10,53,8.035929039,104,53,5.394031415,10.03055527,7.758800699,8.319789241,483,17,4,2,23,464,19,3,8,30,506,494,35,18,80,24
43,1000,20,5.13,10.3,18,37,55,949,29,13,9,51,8.293893496,113,68,5.579477652,10.60374822,8.231355407,8.349351801,448,8,6,8,22,501,21,7,1,29,470,530,48,20,87,26
40,1000,20,5.13,10.3,18,37,80,959,27,9,5,41,8.307477549,136,58,6.012998262,11.75432708,8.950745129,7.669335607,468,18,7,5,30,491,9,2,0,11,498,502,45,13,118,18
41,1000,20,5.13,10.3,18,37,62,961,27,5,7,39,7.877059929,104,68,5.727005325,10.59828001,8.274428379,7.49220702,474,11,2,5,18,487,16,3,2,21,492,508,52,16,84,20
46,1000,20,5.13,10.3,18,37,40,941,35,11,13,59,7.96846042,104,66,5.455685915,10.22435194,7.536588282,8.370318279,455,15,6,6,27,486,20,5,7,32,482,518,42,24,76,28
44,1000,20,5.13,10.3,18,37,55,962,23,9,6,38,8.231173558,110,67,5.726666589,10.81818341,8.510537851,7.962764729,471,13,2,4,19,491,10,7,2,19,490,510,42,25,92,18
42,1000,20,5.13,10.3,18,37,57,947,31,12,10,53,8.299765034,107,65,5.507227496,10.38372128,8.770915024,7.797464631,482,17,10,7,34,465,14,2,3,19,516,484,46,19,82,25
45,1000,20,5.13,10.3,18,37,47,951,30,12,7,49,7.741070267,107,73,5.59681824,10.41042875,7.702320248,7.782548029,491,15,6,5,26,460,15,6,2,23,517,483,49,24,82,25
43,1000,20,5.13,10.3,18,37,56,948,29,14,9,52,8.318871702,123,55,5.602416563,10.66991418,8.280052895,8.353295927,448,7,7,8,22,500,22,7,1,30,470,530,39,16,88,35
47,1000,20,5.13,10.3,18,37,37,946,36,8,10,54,8.111300568,98,60,5.426224936,10.05261361,7.815722726,8.414058438,483,16,5,2,23,463,20,3,8,31,506,494,41,19,72,26
41,1000,20,5.13,10.3,18,37,63,959,28,6,7,41,7.89806962,117,56,5.753343365,10.65710205,8.309916887,7.499193921,472,12,3,5,20,487,16,3,2,21,492,508,40,16,88,29
40,1000,20,5.13,10.3,18,37,81,957,29,9,5,43,8.330686895,124,68,6.033238995,11.80153189,8.962421051,7.703986478,467,19,7,5,31,490,10,2,0,12,498,502,45,23,108,16
46,1000,20,5.13,10.3,18,37,41,942,35,10,13,58,7.964887836,108,62,5.462083129,10.25095221,7.510405282,8.387784729,456,15,5,6,26,486,20,5,7,32,482,518,41,21,85,23
44,1000,20,5.13,10.3,18,37,56,962,23,9,6,38,8.2361936,94,59,5.75975495,10.87700887,8.547484754,7.937109942,471,13,2,4,19,491,10,7,2,19,490,510,36,23,72,22
42,1000,20,5.13,10.3,18,37,58,947,31,12,10,53,8.319038202,122,47,5.551281245,10.44329164,8.80413367,7.801870306,482,17,10,7,34,465,14,2,3,19,516,484,35,12,93,29
45,1000,20,5.13,10.3,18,37,48,952,30,11,7,48,7.754662302,121,64,5.623267867,10.47356166,7.702484798,7.810512757,491,15,6,5,26,461,15,5,2,22,517,483,41,23,97,24
43,1000,20,5.13,10.3,18,37,57,948,29,14,9,52,8.346545466,104,60,5.612493739,10.69731875,8.388327805,8.309493203,448,7,7,8,22,500,22,7,1,30,470,530,42,18,75,29
47,1000,20,5.13,10.3,18,37,38,946,37,8,9,54,8.115435613,108,56,5.437359455,10.06225103,7.856108273,8.381062403,483,16,5,2,23,463,21,3,7,31,506,494,32,24,78,30
41,1000,20,5.13,10.3,18,37,64,958,29,5,8,42,7.929249834,116,57,5.754990336,10.69593189,8.356302586,7.515647563,472,12,3,5,20,486,17,2,3,22,492,508,37,20,96,20
44,1000,20,5.13,10.3,18,37,57,960,25,9,6,40,8.280701625,108,65,5.795708188,10.94505554,8.593137157,7.980518466,469,15,2,4,21,491,10,7,2,19,490,510,50,15,81,27
46,1000,20,5.13,10.3,18,37,42,940,37,11,12,60,7.977095152,117,53,5.484561813,10.28490772,7.589638078,8.337624706,455,16,5,6,27,485,21,6,6,33,482,518,36,17,97,20
40,1000,20,5.13,10.3,18,37,82,957,29,9,5,43,8.352085351,114,68,6.050581155,11.83695089,9.008355268,7.701044675,467,19,7,5,31,490,10,2,0,12,498,502,52,16,100,14
42,1000,20,5.13,10.3,18,37,59,947,31,12,10,53,8.322114865,105,61,5.563925052,10.48626436,8.855382126,7.753590264,482,17,10,7,34,465,14,2,3,19,516,484,43,18,82,23
45,1000,20,5.13,10.3,18,37,49,953,30,10,7,47,7.750511309,124,64,5.669279676,10.49598871,7.74574893,7.755608928,491,15,6,5,26,462,15,4,2,21,517,483,41,23,91,33
43,1000,20,5.13,10.3,18,37,58,946,31,15,8,54,8.319411202,117,72,5.648475986,10.73315188,8.35698506,8.286090989,448,7,8,7,22,498,24,7,1,32,470,530,47,25,92,25
47,1000,20,5.13,10.3,18,37,39,945,39,7,9,55,8.130631751,106,56,5.462940155,10.10998131,7.877106524,8.390315484,482,17,5,2,24,463,22,2,7,31,506,494,40,16,80,26
41,1000,20,5.13,10.3,18,37,65,958,29,5,8,42,7.940803295,116,67,5.766267464,10.73296826,8.381481093,7.514005113,472,12,3,5,20,486,17,2,3,22,492,508,52,15,101,15
44,1000,20,5.13,10.3,18,37,58,959,26,9,6,41,8.249293543,130,51,5.832792358,10.9830886,8.59427352,7.917842192,468,16,2,4,22,491,10,7,2,19,490,510,39,12,100,30
46,1000,20,5.13,10.3,18,37,43,939,39,10,12,61,7.969163487,104,61,5.508125696,10.32497665,7.577412685,8.333688364,455,17,4,6,27,484,22,6,6,34,482,518,40,21,75,29
42,1000,20,5.13,10.3,18,37,60,947,31,12,10,53,8.350841638,119,72,5.548569953,10.51496345,8.901146114,7.764153396,482,17,10,7,34,465,14,2,3,19,516,484,51,21,92,27
40,1000,20,5.13,10.3,18,37,83,957,28,10,5,43,8.374009825,121,65,6.070902009,11.88782223,9.049972394,7.703433411,467,18,8,5,31,490,10,2,0,12,498,502,49,16,102,19
45,1000,20,5.13,10.3,18,37,50,952,31,10,7,48,7.780652825,93,61,5.69563321,10.52503583,7.810187907,7.74903867,491,15,6,5,26,461,16,4,2,22,517,483,43,18,73,20
43,1000,20,5.13,10.3,18,37,59,947,31,14,8,53,8.332433231,118,71,5.669427108,10.7743165,8.376620227,8.293248536,449,8,6,7,21,498,23,8,1,32,470,530,50,21,84,34
47,1000,20,5.13,10.3,18,37,40,946,38,7,9,54,8.13407701,100,59,5.489222314,10.16067447,7.923480707,8.349789013,482,17,5,2,24,464,21,2,7,30,506,494,36,23,70,30
41,1000,20,5.13,10.3,18,37,66,958,29,5,8,42,7.948164467,124,53,5.783238453,10.73993609,8.399441853,7.511100543,472,12,3,5,20,486,17,2,3,22,492,508,32,21,97,27
44,1000,20,5.13,10.3,18,37,59,960,25,9,6,40,8.257332727,134,65,5.856296956,11.05110468,8.593289086,7.934551127,469,15,2,4,21,491,10,7,2,19,490,510,43,22,99,35
46,1000,20,5.13,10.3,18,37,44,940,39,9,12,60,7.966475346,109,60,5.517853796,10.36075458,7.601765705,8.305838372,455,17,4,6,27,485,22,5,6,33,482,518,39,21,77,32
42,1000,20,5.13,10.3,18,37,61,947,31,12,10,53,8.36423545,119,68,5.578683936,10.59608999,8.936824173,7.753789621,482,17,10,7,34,465,14,2,3,19,516,484,52,16,91,28
45,1000,20,5.13,10.3,18,37,51,952,31,9,8,48,7.7898776,114,56,5.706384362,10.56022269,7.822344579,7.755125162,491,15,6,5,26,461,16,3,3,22,517,483,39,17,88,26
40,1000,20,5.13,10.3,18,37,84,957,27,11,5,43,8.416429076,118,71,6.088304046,11.94274068,9.129877468,7.708665531,467,17,9,5,31,490,10,2,0,12,498,502,48,23,91,27
43,1000,20,5.13,10.3,18,37,60,948,30,14,8,52,8.359581312,115,63,5.673003627,10.80598969,8.456862332,8.273313237,449,8,6,7,21,499,22,8,1,31,470,530,47,16,95,20
47,1000,20,5.13,10.3,18,37,41,944,39,8,9,56,8.187643549,110,51,5.524087386,10.1710424,8.005246132,8.374471672,480,18,6,2,26,464,21,2,7,30,506,494,33,18,78,32
41,1000,20,5.13,10.3,18,37,67,958,29,5,8,42,7.971000262,113,57,5.82042635,10.81736745,8.438642494,7.518086918,472,12,3,5,20,486,17,2,3,22,492,508,39,18,90,23
44,1000,20,5.13,10.3,18,37,60,960,25,9,6,40,8.272564041,116,63,5.869116051,11.08339378,8.617700303,7.940962535,469,15,2,4,21,491,10,7,2,19,490,510,43,20,92,24
46,1000,20,5.13,10.3,18,37,45,942,38,9,11,58,7.960907424,118,41,5.554804799,10.42875014,7.595811946,8.300629472,456,16,4,6,26,486,22,5,5,32,482,518,24,17,91,27
42,1000,20,5.13,10.3,18,37,62,949,29,12,10,51,8.36485527,111,75,5.575238264,10.61382334,8.930932895,7.761351026,483,17,9,7,33,466,12,3,3,18,516,484,49,26,94,17
45,1000,20,5.13,10.3,18,37,52,953,30,9,8,47,7.827537531,111,69,5.708024069,10.61059493,7.887400665,7.76346043,491,15,6,5,26,462,15,3,3,21,517,483,44,25,87,24
43,1000,20,5.13,10.3,18,37,61,950,28,14,8,50,8.349983203,114,55,5.673614742,10.83396349,8.465715512,8.247352665,449,8,6,7,21,501,20,8,1,29,470,530,36,19,88,26
40,1000,20,5.13,10.3,18,37,85,957,27,11,5,43,8.431387427,128,67,6.134432007,11.98659133,9.172028531,7.696647845,467,17,9,5,31,490,10,2,0,12,498,502,42,25,108,20
47,1000,20,5.13,10.3,18,37,42,943,39,9,9,57,8.195708236,103,58,5.539750566,10.21820751,8.05398379,8.340875383,479,19,6,2,27,464,20,3,7,30,506,494,39,19,80,23
41,1000,20,5.13,10.3,18,37,68,959,28,5,8,41,7.969407691,137,55,5.809937289,10.85715598,8.506084801,7.449633796,472,12,3,5,20,487,16,2,3,21,492,508,40,15,110,27
44,1000,20,5.13,10.3,18,37,61,958,28,9,5,42,8.300195156,98,58,5.895432817,11.12102191,8.653527723,7.960718769,468,16,2,4,22,490,12,7,1,20,490,510,38,20,76,22
42,1000,20,5.13,10.3,18,37,63,947,31,12,10,53,8.374749437,107,62,5.608939411,10.63940086,8.941791875,7.77021659,482,18,9,7,34,465,13,3,3,19,516,484,42,20,87,20
46,1000,20,5.13,10.3,18,37,46,942,36,11,11,58,7.960508909,110,66,5.584620515,10.45842378,7.610467143,8.286223448,456,16,4,6,26,486,20,7,5,32,482,518,40,26,82,28
45,1000,20,5.13,10.3,18,37,53,949,34,9,8,51,7.855046191,100,60,5.721287867,10.65606283,7.890924955,7.8166418,491,15,6,5,26,458,19,3,3,25,517,483,33,27,80,20
43,1000,20,5.13,10.3,18,37,62,950,29,14,7,50,8.355650106,113,64,5.710700313,10.88237269,8.463217821,8.260259868,449,9,6,6,21,501,20,8,1,29,470,530,48,16,86,27
41,1000,20,5.13,10.3,18,37,69,957,29,6,8,43,7.991414983,103,56,5.811178115,10.88250411,8.566077036,7.434852523,470,13,4,5,22,487,16,2,3,21,492,508,35,21,85,18
40,1000,20,5.13,10.3,18,37,86,958,25,12,5,42,8.450328843,128,79,6.137828141,12.04513374,9.23234865,7.674540269,466,17,10,5,32,492,8,2,0,10,498,502,63,16,100,28
47,1000,20,5.13,10.3,18,37,43,943,39,10,8,57,8.169294589,114,58,5.550945688,10.25279487,8.080412274,8.260335988,478,20,6,2,28,465,19,4,6,29,506,494,31,27,89,25
44,1000,20,5.13,10.3,18,37,62,958,29,8,5,42,8.32023522,113,55,5.91591883,11.18102608,8.695171393,7.960002427,468,17,1,4,22,490,12,7,1,20,490,510,35,20,87,26
42,1000,20,5.13,10.3,18,37,64,947,31,12,10,53,8.386543056,93,76,5.632034238,10.70482073,8.981878575,7.751846512,482,18,9,7,34,465,13,3,3,19,516,484,48,28,76,17
46,1000,20,5.13,10.3,18,37,47,945,35,9,11,55,7.937169179,91,54,5.592621271,10.50180864,7.606401804,8.244948861,458,15,3,6,24,487,20,6,5,31,482,518,40,14,75,16
45,1000,20,5.13,10.3,18,37,54,947,36,9,8,53,7.885837387,116,64,5.751135662,10.71935594,7.960802024,7.805595736,490,16,6,5,27,457,20,3,3,26,517,483,43,21,82,34
43,1000,20,5.13,10.3,18,37,63,950,29,14,7,50,8.343351985,101,50,5.754992915,10.93934109,8.494976333,8.208892658,449,9,6,6,21,501,20,8,1,29,470,530,35,15,74,27
41,1000,20,5.13,10.3,18,37,70,957,29,6,8,43,8.014823444,130,60,5.853980696,10.94549818,8.590850185,7.456939277,470,13,4,5,22,487,16,2,3,21,492,508,43,17,101,29
47,1000,20,5.13,10.3,18,37,44,944,38,11,7,56,8.148436466,116,74,5.591150779,10.27022756,8.091161631,8.207102591,478,20,6,2,28,466,18,5,5,28,506,494,55,19,86,30
40,1000,20,5.13,10.3,18,37,87,957,26,12,5,43,8.471311429,131,80,6.157972252,12.13256361,9.277615922,7.671431673,465,18,10,5,33,492,8,2,0,10,498,502,55,25,102,29
44,1000,20,5.13,10.3,18,37,63,958,28,9,5,42,8.37768213,123,56,5.932355684,11.22771753,8.732672321,8.036613122,468,17,1,4,22,490,11,8,1,20,490,510,34,22,94,29
42,1000,20,5.13,10.3,18,37,65,946,32,12,10,54,8.373858801,125,67,5.653322532,10.76519406,9.014740488,7.690604772,481,19,9,7,35,465,13,3,3,19,516,484,47,20,101,24
46,1000,20,5.13,10.3,18,37,48,946,34,9,11,54,7.927161137,95,58,5.632738786,10.53457255,7.614539741,8.218055951,458,15,3,6,24,488,19,6,5,30,482,518,37,21,71,24
45,1000,20,5.13,10.3,18,37,55,946,36,10,8,54,7.924102124,89,59,5.767171099,10.76758614,8.009652965,7.832529071,489,16,7,5,28,457,20,3,3,26,517,483,41,18,63,26
43,1000,20,5.13,10.3,18,37,64,949,29,15,7,51,8.358402892,127,72,5.768645107,10.97517884,8.528718473,8.207368321,448,10,6,6,22,501,19,9,1,29,470,530,52,20,103,24
41,1000,20,5.13,10.3,18,37,71,960,27,5,8,40,8.023741845,131,59,5.881808318,11.02178742,8.621988339,7.44433776,470,13,4,5,22,490,14,1,3,18,492,508,38,21,101,30
47,1000,20,5.13,10.3,18,37,45,944,37,11,8,56,8.167336349,110,49,5.617770487,10.31387878,8.140176098,8.195156363,478,20,5,3,28,466,17,6,5,28,506,494,28,21,85,25
40,1000,20,5.13,10.3,18,37,88,958,26,11,5,42,8.477061499,118,67,6.180148701,12.14856851,9.302367833,7.658331311,465,18,10,5,33,493,8,1,0,9,498,502,50,17,94,24
44,1000,20,5.13,10.3,18,37,64,958,28,9,5,42,8.410484955,122,63,5.940509241,11.25548816,8.764804929,8.070059883,468,17,1,4,22,490,11,8,1,20,490,510,47,16,97,25
42,1000,20,5.13,10.3,18,37,66,946,31,13,10,54,8.411644561,100,61,5.658582721,10.79473443,9.073522503,7.706006095,481,18,10,7,35,465,13,3,3,19,516,484,50,11,77,23
46,1000,20,5.13,10.3,18,37,49,945,35,9,11,55,7.932252576,109,62,5.6368083,10.54967459,7.641994513,8.202338264,458,15,3,6,24,487,20,6,5,31,482,518,44,18,89,20
45,1000,20,5.13,10.3,18,37,56,947,34,11,8,53,7.933132553,119,52,5.796085586,10.79552986,8.056009447,7.801605941,489,15,8,5,28,458,19,3,3,25,517,483,37,15,87,32
43,1000,20,5.13,10.3,18,37,65,950,27,16,7,50,8.40102002,110,76,5.794252708,11.03989513,8.573721781,8.247869402,448,10,6,6,22,502,17,10,1,28,470,530,55,21,90,20
41,1000,20,5.13,10.3,18,37,72,960,27,5,8,40,8.083636077,102,69,5.909181958,11.07971549,8.683697096,7.502474618,470,13,4,5,22,490,14,1,3,18,492,508,50,19,90,12
47,1000,20,5.13,10.3,18,37,46,944,37,11,8,56,8.158070948,123,64,5.631885307,10.36793893,8.130766589,8.186038571,478,20,5,3,28,466,17,6,5,28,506,494,42,22,82,41
44,1000,20,5.13,10.3,18,37,65,960,26,9,5,40,8.407172005,123,66,5.964562337,11.33840914,8.805845532,8.024132734,468,17,1,4,22,492,9,8,1,18,490,510,45,21,104,19
40,1000,20,5.13,10.3,18,37,89,958,26,11,5,42,8.497547499,123,61,6.199183475,12.17928043,9.337447661,7.664339768,465,18,10,5,33,493,8,1,0,9,498,502,45,16,101,22
42,1000,20,5.13,10.3,18,37,67,946,31,13,10,54,8.435370873,110,74,5.683604041,10.84357045,9.103059003,7.723538073,481,18,10,7,35,465,13,3,3,19,516,484,50,24,87,23
46,1000,20,5.13,10.3,18,37,50,947,34,8,11,53,7.938860278,124,46,5.653778802,10.58525439,7.664324502,8.194316348,459,14,3,6,23,488,20,5,5,30,482,518,30,16,98,26
45,1000,20,5.13,10.3,18,37,57,946,33,12,9,54,7.98837874,113,53,5.818029878,10.84779534,8.14060292,7.825438986,488,15,8,6,29,458,18,4,3,25,517,483,39,14,88,25
43,1000,20,5.13,10.3,18,37,66,951,24,17,8,49,8.436435179,127,65,5.800418649,11.06844359,8.616220008,8.277003349,448,9,7,6,22,503,15,10,2,27,470,530,48,17,105,22
41,1000,20,5.13,10.3,18,37,73,961,26,5,8,39,8.089574904,119,65,5.900510326,11.11950712,8.702380322,7.496070445,470,13,4,5,22,491,13,1,3,17,492,508,44,21,88,31
47,1000,20,5.13,10.3,18,37,47,945,36,10,9,55,8.171321125,98,62,5.643658626,10.38154558,8.183116725,8.159238992,478,20,4,4,28,467,16,6,5,27,506,494,44,18,78,20
44,1000,20,5.13,10.3,18,37,66,959,26,10,5,41,8.456226854,114,78,5.980706932,11.39493069,8.841204832,8.086346051,468,16,2,4,22,491,10,8,1,19,490,510,59,19,98,16
42,1000,20,5.13,10.3,18,37,68,946,31,13,10,54,8.441814978,126,67,5.707400132,10.88041987,9.133375669,7.704531267,481,18,10,7,35,465,13,3,3,19,516,484,46,21,94,32
40,1000,20,5.13,10.3,18,37,90,958,26,11,5,42,8.483120637,133,71,6.233246674,12.24225843,9.322068605,7.650857513,465,18,10,5,33,493,8,1,0,9,498,502,50,21,114,19
45,1000,20,5.13,10.3,18,37,58,945,33,13,9,55,8.004214529,110,72,5.824682521,10.90562501,8.153670825,7.8442375,487,15,9,6,30,458,18,4,3,25,517,483,50,22,85,25
46,1000,20,5.13,10.3,18,37,51,947,34,8,11,53,7.952775747,100,64,5.666047675,10.61663045,7.697642052,8.190178143,458,15,3,6,24,489,19,5,5,29,482,518,42,22,77,23
43,1000,20,5.13,10.3,18,37,67,949,25,18,8,51,8.483625637,135,57,5.828866344,11.13155825,8.652299386,8.33404703,447,10,7,6,23,502,15,11,2,28,470,530,43,14,109,26
41,1000,20,5.13,10.3,18,37,74,963,24,5,8,37,8.08075222,113,52,5.95915025,11.19513546,8.75348345,7.429209376,470,13,4,5,22,493,11,1,3,15,492,508,34,18,91,22
47,1000,20,5.13,10.3,18,37,48,946,35,10,9,54,8.146311007,98,63,5.650748384,10.4147305,8.18457759,8.107114872,478,20,4,4,28,468,15,6,5,26,506,494,45,18,72,26
44,1000,20,5.13,10.3,18,37,67,959,26,9,6,41,8.487346319,129,72,6.041726759,11.46301029,8.920295879,8.071375173,468,16,2,4,22,491,10,7,2,19,490,510,48,24,96,33
42,1000,20,5.13,10.3,18,37,69,946,31,11,12,54,8.449443721,128,80,5.738156842,10.91630509,9.134308148,7.719299001,481,18,9,8,35,465,13,2,4,19,516,484,56,24,95,33
45,1000,20,5.13,10.3,18,37,59,944,34,13,9,56,8.014968022,119,58,5.828986042,10.9386469,8.183105832,7.834994425,487,15,9,6,30,457,19,4,3,26,517,483,42,16,96,23
40,1000,20,5.13,10.3,18,37,91,957,27,11,5,43,8.502678133,116,63,6.272782408,12.28307884,9.355561131,7.656591016,465,18,10,5,33,492,9,1,0,10,498,502,40,23,94,22
46,1000,20,5.13,10.3,18,37,52,947,34,8,11,53,7.995892134,106,70,5.6725674,10.66147841,7.737159773,8.236643096,458,15,3,6,24,489,19,5,5,29,482,518,50,20,82,24
43,1000,20,5.13,10.3,18,37,68,949,26,17,8,51,8.50031534,109,74,5.842378004,11.17269461,8.685549251,8.336051305,446,11,7,6,24,503,15,10,2,27,470,530,50,24,90,19
41,1000,20,5.13,10.3,18,37,75,963,25,4,8,37,8.089456513,126,73,5.9833903,11.22394661,8.803703377,7.397705614,470,14,3,5,22,493,11,1,3,15,492,508,59,14,104,22
44,1000,20,5.13,10.3,18,37,68,956,29,8,7,44,8.512353011,126,59,6.054323077,11.50247616,8.955858633,8.086239767,467,17,2,4,23,489,12,6,3,21,490,510,38,21,109,17
47,1000,20,5.13,10.3,18,37,49,947,35,9,9,53,8.137250821,89,59,5.6345019,10.44461594,8.178802065,8.094690236,478,20,4,4,28,469,15,5,5,25,506,494,33,26,70,19
42,1000,20,5.13,10.3,18,37,70,947,30,11,12,53,8.446738647,128,71,5.75156838,10.95642434,9.117932095,7.731168774,482,17,9,8,34,465,13,2,4,19,516,484,49,22,105,23
45,1000,20,5.13,10.3,18,37,60,946,33,12,9,54,8.026979796,109,58,5.862742977,11.0041788,8.206431194,7.834896208,487,15,9,6,30,459,18,3,3,24,517,483,39,19,86,23
41,1000,20,5.13,10.3,18,37,76,963,26,4,7,37,8.146452596,119,64,6.001058431,11.2588732,8.877169978,7.438749936,469,15,3,5,23,494,11,1,2,14,492,508,37,27,97,22
46,1000,20,5.13,10.3,18,37,53,949,32,8,11,51,7.966432086,95,84,5.673772729,10.68629326,7.761280486,8.157326046,459,14,3,6,23,490,18,5,5,28,482,518,59,25,70,25
43,1000,20,5.13,10.3,18,37,69,949,26,17,8,51,8.512410554,109,65,5.886110772,11.2411239,8.699941224,8.346109772,446,11,7,6,24,503,15,10,2,27,470,530,47,18,86,23
40,1000,20,5.13,10.3,18,37,92,955,29,9,7,45,8.566606581,123,77,6.286506956,12.31617963,9.429473336,7.710615258,463,20,9,6,35,492,9,0,1,10,498,502,60,17,98,25
44,1000,20,5.13,10.3,18,37,69,955,30,8,7,45,8.511197189,134,74,6.078567402,11.58243981,8.990391715,8.050794606,466,18,2,4,24,489,12,6,3,21,490,510,52,22,103,31
47,1000,20,5.13,10.3,18,37,50,946,36,9,9,54,8.166949782,102,59,5.664706039,10.48209708,8.213691464,8.119072675,478,20,4,4,28,468,16,5,5,26,506,494,34,25,75,27
42,1000,20,5.13,10.3,18,37,71,948,31,11,10,52,8.45843506,122,71,5.773091725,11.00678888,9.179571438,7.689620244,481,19,9,7,35,467,12,2,3,17,516,484,50,21,90,32
45,1000,20,5.13,10.3,18,37,61,946,33,12,9,54,8.052423607,107,58,5.87301964,11.0501459,8.218925281,7.874201318,487,15,9,6,30,459,18,3,3,24,517,483,46,12,80,27
41,1000,20,5.13,10.3,18,37,77,964,25,4,7,36,8.15790869,112,66,6.021479246,11.32438795,8.881145519,7.457450973,469,15,3,5,23,495,10,1,2,13,492,508,47,19,90,22
43,1000,20,5.13,10.3,18,37,70,948,27,17,8,52,8.556515862,117,61,5.906012805,11.31387991,8.731444294,8.401390648,446,11,7,6,24,502,16,10,2,28,470,530,41,20,89,28
46,1000,20,5.13,10.3,18,37,54,950,31,8,11,50,7.944843625,109,56,5.687795631,10.71171929,7.745169039,8.130641213,459,14,3,6,23,491,17,5,5,27,482,518,40,16,78,31
40,1000,20,5.13,10.3,18,37,93,955,29,9,7,45,8.555641371,119,58,6.314402866,12.39372108,9.437997316,7.68031615,463,20,9,6,35,492,9,0,1,10,498,502,48,10,103,16
44,1000,20,5.13,10.3,18,37,70,953,32,8,7,47,8.554008771,126,67,6.110351162,11.61441605,9.064214247,8.063811352,466,18,2,4,24,487,14,6,3,23,490,510,52,15,93,33
42,1000,20,5.13,10.3,18,37,72,949,31,10,10,51,8.468833075,130,56,5.781943835,11.05423627,9.27611506,7.608177074,480,20,9,7,36,469,11,1,3,15,516,484,39,17,100,30
47,1000,20,5.13,10.3,18,37,51,948,33,10,9,52,8.204448094,119,66,5.687983196,10.52801932,8.262667622,8.144814327,479,18,5,4,27,469,15,5,5,25,506,494,46,20,90,29
45,1000,20,5.13,10.3,18,37,62,946,33,12,9,54,8.05763621,102,67,5.876782988,11.10367982,8.273982254,7.826060838,487,15,9,6,30,459,18,3,3,24,517,483,50,17,84,18
41,1000,20,5.13,10.3,18,37,78,963,26,4,7,37,8.179952877,112,77,6.058711995,11.40664419,8.939749236,7.444087113,468,16,3,5,24,495,10,1,2,13,492,508,51,26,85,27
43,1000,20,5.13,10.3,18,37,71,949,26,17,8,51,8.583712092,126,70,5.922696235,11.33275164,8.777629139,8.411747919,446,10,8,6,24,503,16,9,2,27,470,530,51,19,102,24
46,1000,20,5.13,10.3,18,37,55,949,31,9,11,51,7.991790274,95,63,5.697968147,10.75430639,7.773281903,8.195112735,459,14,3,6,23,490,17,6,5,28,482,518,39,24,74,21
40,1000,20,5.13,10.3,18,37,94,954,30,9,7,46,8.585624352,120,80,6.351583433,12.43038801,9.470349471,7.707948836,463,20,9,6,35,491,10,0,1,11,498,502,59,21,105,15
44,1000,20,5.13,10.3,18,37,71,953,32,8,7,47,8.552667097,138,80,6.120042262,11.67487145,9.07086605,8.054789672,465,19,2,4,25,488,13,6,3,22,490,510,57,23,113,25
42,1000,20,5.13,10.3,18,37,73,950,31,10,9,50,8.494714094,119,61,5.809261636,11.09087993,9.34238414,7.590999749,480,20,9,7,36,470,11,1,2,14,516,484,42,19,93,26
47,1000,20,5.13,10.3,18,37,52,950,32,9,9,50,8.203622093,116,73,5.710226113,10.57532662,8.24856667,8.157585744,480,18,5,3,26,470,14,4,6,24,506,494,51,22,93,23
45,1000,20,5.13,10.3,18,37,63,945,35,11,9,55,8.071632889,125,64,5.903934563,11.14798084,8.332241989,7.792678636,485,17,9,6,32,460,18,2,3,23,517,483,50,14,99,26
41,1000,20,5.13,10.3,18,37,79,962,27,4,7,38,8.193502137,124,69,6.096261245,11.49238108,8.992320752,7.419843164,467,17,3,5,25,495,10,1,2,13,492,508,50,19,105,19
43,1000,20,5.13,10.3,18,37,72,950,25,17,8,50,8.607385119,134,64,5.948926887,11.40973908,8.800229128,8.436372508,446,10,8,6,24,504,15,9,2,26,470,530,51,13,106,28
46,1000,20,5.13,10.3,18,37,56,947,33,9,11,53,8.008673026,107,73,5.736219314,10.81798956,7.785792526,8.216063762,459,14,3,6,23,488,19,6,5,30,482,518,58,15,87,20
44,1000,20,5.13,10.3,18,37,72,953,31,9,7,47,8.572075529,120,63,6.157717553,11.76646254,9.106064877,8.059026939,465,19,2,4,25,488,12,7,3,22,490,510,52,11,102,18
40,1000,20,5.13,10.3,18,37,95,953,31,9,7,47,8.58660845,126,82,6.395634764,12.51208172,9.491954466,7.688476345,462,21,9,6,36,491,10,0,1,11,498,502,61,21,102,24
42,1000,20,5.13,10.3,18,37,74,950,32,10,8,50,8.520851858,116,75,5.818040912,11.07924183,9.384217842,7.600403827,480,20,9,7,36,470,12,1,1,14,516,484,49,26,91,25
47,1000,20,5.13,10.3,18,37,53,950,32,9,9,50,8.252453265,109,58,5.741664661,10.61822852,8.317066228,8.186270756,480,18,5,3,26,470,14,4,6,24,506,494,40,18,87,22
45,1000,20,5.13,10.3,18,37,64,945,35,11,9,55,8.070678784,135,67,5.915332994,11.1808597,8.330438507,7.792633697,485,17,9,6,32,460,18,2,3,23,517,483,53,14,108,27
41,1000,20,5.13,10.3,18,37,80,962,27,4,7,38,8.186696347,124,71,6.093717953,11.55071364,9.019878417,7.379756233,467,17,3,5,25,495,10,1,2,13,492,508,57,14,104,20
43,1000,20,5.13,10.3,18,37,73,950,24,18,8,50,8.636851057,105,79,5.951057065,11.45704999,8.832094418,8.463710717,446,10,8,6,24,504,14,10,2,26,470,530,64,15,86,19
46,1000,20,5.13,10.3,18,37,57,946,34,9,11,54,8.01903257,125,50,5.746140964,10.85564367,7.831532323,8.193501911,459,14,3,6,23,487,20,6,5,31,482,518,38,12,100,25
44,1000,20,5.13,10.3,18,37,73,951,33,8,8,49,8.585783096,110,74,6.16519436,11.80566849,9.166140848,8.028184472,464,20,2,4,26,487,13,6,4,23,490,510,55,19,90,20
42,1000,20,5.13,10.3,18,37,75,948,34,10,8,52,8.549321118,107,66,5.816623087,11.10919143,9.4406508,7.599060548,478,22,9,7,38,470,12,1,1,14,516,484,46,20,81,26
40,1000,20,5.13,10.3,18,37,96,952,32,9,7,48,8.608455488,118,79,6.41824413,12.56369573,9.531596168,7.69267051,462,21,9,6,36,490,11,0,1,12,498,502,57,22,103,15
45,1000,20,5.13,10.3,18,37,65,945,35,11,9,55,8.096699713,122,51,5.925974161,11.23581723,8.373854337,7.80003524,484,18,9,6,33,461,17,2,3,22,517,483,33,18,94,28
47,1000,20,5.13,10.3,18,37,54,950,31,10,9,50,8.262521855,117,68,5.734191743,10.65965323,8.37002793,8.152404296,480,17,6,3,26,470,14,4,6,24,506,494,44,24,87,30
41,1000,20,5.13,10.3,18,37,81,964,26,3,7,36,8.202509883,121,71,6.123083987,11.60803082,9.070136844,7.362209755,467,17,3,5,25,497,9,0,2,11,492,508,46,25,96,25
43,1000,20,5.13,10.3,18,37,74,949,25,18,8,51,8.615758095,122,84,5.973437172,11.48854499,8.858966924,8.40008234,445,11,8,6,25,504,14,10,2,26,470,530,60,24,90,32
46,1000,20,5.13,10.3,18,37,58,947,33,9,11,53,8.043865571,111,57,5.780005624,10.90516615,7.910429347,8.168028236,459,14,3,6,23,488,19,6,5,30,482,518,38,19,88,23
44,1000,20,5.13,10.3,18,37,74,949,35,8,8,51,8.625283883,114,57,6.184076651,11.84879396,9.217518334,8.056274312,462,22,2,4,28,487,13,6,4,23,490,510,43,14,87,27
42,1000,20,5.13,10.3,18,37,76,950,32,10,8,50,8.551743133,106,57,5.854975985,11.2079755,9.443311592,7.601227999,478,22,9,7,38,472,10,1,1,12,516,484,40,17,94,12
45,1000,20,5.13,10.3,18,37,66,945,35,11,9,55,8.10873045,122,60,5.94499502,11.27690071,8.400595123,7.796320439,484,18,9,6,33,461,17,2,3,22,517,483,37,23,101,21
40,1000,20,5.13,10.3,18,37,97,950,34,9,7,50,8.603568752,134,58,6.448505693,12.62952215,9.553165148,7.66153886,461,22,9,6,37,489,12,0,1,13,498,502,42,16,113,21
41,1000,20,5.13,10.3,18,37,82,964,26,3,7,36,8.226610927,125,72,6.165876208,11.63877016,9.112294767,7.368822641,467,17,3,5,25,497,9,0,2,11,492,508,51,21,104,21
47,1000,20,5.13,10.3,18,37,55,950,31,11,8,50,8.256395885,101,61,5.735306363,10.66257699,8.394747059,8.114683953,480,17,6,3,26,470,14,5,5,24,506,494,37,24,86,15
43,1000,20,5.13,10.3,18,37,75,949,26,17,8,51,8.612283215,107,55,5.999773815,11.54829858,8.858653749,8.393803685,445,12,8,5,25,504,14,9,3,26,470,530,40,15,88,19
46,1000,20,5.13,10.3,18,37,59,947,33,9,11,53,8.061706776,119,65,5.7966401,10.93148346,7.965359229,8.151358354,459,14,3,6,23,488,19,6,5,30,482,518,46,19,97,22
44,1000,20,5.13,10.3,18,37,75,949,34,10,7,51,8.636439037,119,62,6.213114537,11.88538499,9.260590498,8.036764103,462,21,3,4,28,487,13,7,3,23,490,510,45,17,105,14
42,1000,20,5.13,10.3,18,37,77,951,31,10,8,49,8.580015187,113,73,5.866207665,11.23005739,9.448402625,7.654213703,479,21,9,7,37,472,10,1,1,12,516,484,48,25,80,33
45,1000,20,5.13,10.3,18,37,67,945,34,12,9,55,8.136331278,128,61,5.969596916,11.31701379,8.446764612,7.804045495,484,17,10,6,33,461,17,2,3,22,517,483,38,23,111,17
41,1000,20,5.13,10.3,18,37,83,964,26,3,7,36,8.260524118,126,69,6.187419199,11.6788456,9.191432657,7.358935533,467,17,3,5,25,497,9,0,2,11,492,508,48,21,102,24
47,1000,20,5.13,10.3,18,37,56,953,29,10,8,47,8.238474226,110,62,5.754429237,10.71197529,8.38417615,8.089232984,481,16,6,3,25,472,13,4,5,22,506,494,39,23,94,16
40,1000,20,5.13,10.3,18,37,98,950,33,10,7,50,8.620798481,124,81,6.474638747,12.69525265,9.596553043,7.652818856,461,22,9,6,37,489,11,1,1,13,498,502,58,23,99,25
43,1000,20,5.13,10.3,18,37,76,950,25,17,8,50,8.598324867,125,72,6.032200135,11.609854,8.84702714,8.377777568,446,12,7,5,24,504,13,10,3,26,470,530,56,16,103,22
46,1000,20,5.13,10.3,18,37,60,947,33,9,11,53,8.049711646,125,55,5.805700223,10.95217508,7.966764545,8.126894084,459,14,3,6,23,488,19,6,5,30,482,518,39,16,109,16
44,1000,20,5.13,10.3,18,37,76,947,37,9,7,53,8.656258946,110,81,6.244083376,11.92876944,9.284936529,8.052235387,461,23,2,4,29,486,14,7,3,24,490,510,57,24,96,14
42,1000,20,5.13,10.3,18,37,78,951,31,10,8,49,8.61415923,107,49,5.876225094,11.27528042,9.499548961,7.670231334,479,21,9,7,37,472,10,1,1,12,516,484,37,12,83,24
45,1000,20,5.13,10.3,18,37,68,944,35,12,9,56,8.135629347,112,67,6.018219802,11.35480248,8.441465546,7.808264305,485,16,10,6,32,459,19,2,3,24,517,483,40,27,88,24
41,1000,20,5.13,10.3,18,37,84,964,26,3,7,36,8.269938194,120,71,6.209906608,11.73221931,9.219752307,7.350039486,467,17,3,5,25,497,9,0,2,11,492,508,61,10,96,24
47,1000,20,5.13,10.3,18,37,57,953,29,10,8,47,8.27202314,107,56,5.792851832,10.77526086,8.452518638,8.087143137,481,16,6,3,25,472,13,4,5,22,506,494,33,23,86,21
43,1000,20,5.13,10.3,18,37,77,949,26,17,8,51,8.613518018,124,60,6.063485857,11.68169414,8.882694137,8.374814668,446,12,7,5,24,503,14,10,3,27,470,530,39,21,96,28
46,1000,20,5.13,10.3,18,37,61,950,30,10,10,50,8.063572618,133,67,5.827638348,11.02006858,8.007250205,8.115980733,460,11,5,6,22,490,19,5,4,28,482,518,39,28,106,27
40,1000,20,5.13,10.3,18,37,99,950,32,11,7,50,8.646280902,129,62,6.497040846,12.74241167,9.610048848,7.690192381,461,21,10,6,37,489,11,1,1,13,498,502,45,17,109,20
44,1000,20,5.13,10.3,18,37,77,946,37,10,7,54,8.670229532,113,60,6.270436564,11.97270028,9.288456843,8.076246429,460,23,3,4,30,486,14,7,3,24,490,510,46,14,93,20
42,1000,20,5.13,10.3,18,37,79,950,32,10,8,50,8.615782073,114,56,5.908015358,11.31397171,9.511763018,7.660562719,479,21,9,7,37,471,11,1,1,13,516,484,41,15,88,26
45,1000,20,5.13,10.3,18,37,69,944,35,12,9,56,8.174509549,102,53,6.061187687,11.38422379,8.479567454,7.847977588,485,16,10,6,32,459,19,2,3,24,517,483,39,14,73,29
41,1000,20,5.13,10.3,18,37,85,963,26,4,7,37,8.274880687,113,68,6.223824815,11.78534033,9.297116481,7.284841295,466,18,3,5,26,497,8,1,2,11,492,508,52,16,101,12
43,1000,20,5.13,10.3,18,37,78,950,25,16,9,50,8.627419934,116,62,6.069265882,11.76086039,8.896005752,8.389240058,447,11,6,6,23,503,14,10,3,27,470,530,47,15,93,23
47,1000,20,5.13,10.3,18,37,58,954,28,10,8,46,8.272686222,130,61,5.807121985,10.79905246,8.453888776,8.087081986,481,16,6,3,25,473,12,4,5,21,506,494,43,18,98,32
46,1000,20,5.13,10.3,18,37,62,951,30,10,9,49,8.087754101,111,65,5.839432393,11.05753512,8.043119157,8.129287002,460,11,5,6,22,491,19,5,3,27,482,518,37,28,92,19
40,1000,20,5.13,10.3,18,37,100,950,32,11,7,50,8.674631953,146,92,6.537702947,12.85101706,9.662805798,7.694332003,461,21,10,6,37,489,11,1,1,13,498,502,71,21,122,24
44,1000,20,5.13,10.3,18,37,78,944,40,10,6,56,8.661613834,129,76,6.30846904,12.04899556,9.299122684,8.049105331,459,24,3,4,31,485,16,7,2,25,490,510,55,21,105,24
42,1000,20,5.13,10.3,18,37,80,951,31,10,8,49,8.600090608,127,64,5.940681449,11.34404033,9.536287425,7.60199648,479,21,9,7,37,472,10,1,1,12,516,484,52,12,98,29
45,1000,20,5.13,10.3,18,37,70,943,37,11,9,57,8.209294264,123,70,6.095969555,11.44848493,8.501740891,7.896261332,485,17,9,6,32,458,20,2,3,25,517,483,51,19,93,30
41,1000,20,5.13,10.3,18,37,86,964,26,4,6,36,8.278351624,110,72,6.251132911,11.86780055,9.325081315,7.264589798,466,18,3,5,26,498,8,1,1,10,492,508,48,24,88,22
43,1000,20,5.13,10.3,18,37,79,948,26,17,9,52,8.65014715,142,60,6.096494491,11.84738032,8.975596196,8.361541391,445,12,7,6,25,503,14,10,3,27,470,530,49,11,116,26
47,1000,20,5.13,10.3,18,37,59,954,28,9,9,46,8.270698618,115,60,5.829106151,10.8565685,8.455307817,8.081604986,481,16,6,3,25,473,12,3,6,21,506,494,38,22,94,21
46,1000,20,5.13,10.3,18,37,63,951,30,10,9,49,8.095590509,140,71,5.879804424,11.07842714,8.077182928,8.112718798,460,11,5,6,22,491,19,5,3,27,482,518,49,22,113,27
44,1000,20,5.13,10.3,18,37,79,944,41,10,5,56,8.655654435,125,80,6.305163459,12.08865252,9.31618169,8.021030209,459,24,3,4,31,485,17,7,1,25,490,510,54,26,99,26
42,1000,20,5.13,10.3,18,37,81,952,30,10,8,48,8.634448759,109,63,5.959992522,11.36834088,9.592415714,7.613145145,480,20,9,7,36,472,10,1,1,12,516,484,50,13,89,20
40,1000,20,5.13,10.3,18,37,101,950,32,11,7,50,8.697726833,132,62,6.566533931,12.92665963,9.708340673,7.695165693,460,22,10,6,38,490,10,1,1,12,498,502,41,21,110,22
45,1000,20,5.13,10.3,18,37,71,945,34,12,9,55,8.206719734,113,67,6.105599791,11.49884436,8.546353747,7.843177738,486,15,10,6,31,459,19,2,3,24,517,483,47,20,95,18
41,1000,20,5.13,10.3,18,37,87,963,27,4,6,37,8.29707267,122,69,6.289473435,11.94759925,9.32556887,7.30097005,466,18,3,5,26,497,9,1,1,11,492,508,53,16,97,25
43,1000,20,5.13,10.3,18,37,80,947,27,17,9,53,8.671907352,129,59,6.115474149,11.90744863,9.014070016,8.368480083,444,13,7,6,26,503,14,10,3,27,470,530,48,11,104,25
47,1000,20,5.13,10.3,18,37,60,954,28,9,9,46,8.28996515,122,70,5.851227715,10.88174122,8.474950606,8.100486119,481,16,6,3,25,473,12,3,6,21,506,494,52,18,94,28
46,1000,20,5.13,10.3,18,37,64,950,31,10,9,50,8.109861513,125,64,5.910446816,11.14208538,8.111309587,8.108514078,460,11,5,6,22,490,20,5,3,28,482,518,45,19,104,21
42,1000,20,5.13,10.3,18,37,82,950,32,11,7,50,8.641007067,115,71,5.981521243,11.42627558,9.58421741,7.635435709,478,22,10,6,38,472,10,1,1,12,516,484,47,24,93,22
44,1000,20,5.13,10.3,18,37,80,947,36,12,5,53,8.642083601,124,60,6.320346297,12.16053685,9.35184713,7.960153936,460,22,4,4,30,487,14,8,1,23,490,510,44,16,97,27
45,1000,20,5.13,10.3,18,37,72,945,34,12,9,55,8.220703981,131,62,6.113395694,11.53766143,8.572042795,7.844633242,486,15,10,6,31,459,19,2,3,24,517,483,44,18,92,39
41,1000,20,5.13,10.3,18,37,88,962,28,4,6,38,8.342044633,120,57,6.299994247,12.01100706,9.364728021,7.351571745,466,18,3,5,26,496,10,1,1,12,492,508,41,16,102,18
40,1000,20,5.13,10.3,18,37,102,949,32,11,8,51,8.71131022,135,73,6.591110487,12.96934326,9.733441756,7.697323159,459,22,10,7,39,490,10,1,1,12,498,502,47,26,115,20
43,1000,20,5.13,10.3,18,37,81,946,28,17,9,54,8.708548946,127,57,6.131291277,11.93468878,9.07239518,8.385892851,444,13,7,6,26,502,15,10,3,28,470,530,38,19,105,22
46,1000,20,5.13,10.3,18,37,65,950,31,10,9,50,8.129577683,117,68,5.925683024,11.2011123,8.160349588,8.100944365,460,11,5,6,22,490,20,5,3,28,482,518,43,25,90,27
47,1000,20,5.13,10.3,18,37,61,954,28,9,9,46,8.337857279,118,63,5.850703421,10.9155214,8.530574239,8.140458937,481,16,6,3,25,473,12,3,6,21,506,494,39,24,92,26
42,1000,20,5.13,10.3,18,37,83,950,32,11,7,50,8.645383879,123,78,5.992569291,11.46636365,9.606310262,7.620925172,478,22,10,6,38,472,10,1,1,12,516,484,59,19,98,25
44,1000,20,5.13,10.3,18,37,81,947,35,13,5,53,8.646163277,125,61,6.340210668,12.20106164,9.356897414,7.963301067,460,22,4,4,30,487,13,9,1,23,490,510,47,14,104,21
45,1000,20,5.13,10.3,18,37,73,943,36,12,9,57,8.274533612,127,68,6.131208204,11.58873743,8.634041142,7.889719135,486,15,10,6,31,457,21,2,3,26,517,483,48,20,102,25
41,1000,20,5.13,10.3,18,37,89,964,25,5,6,36,8.361259115,142,74,6.339564583,12.06316664,9.423369053,7.332601458,466,17,4,5,26,498,8,1,1,10,492,508,58,16,121,21
40,1000,20,5.13,10.3,18,37,103,948,33,11,8,52,8.727859126,130,81,6.640099808,13.02048665,9.776937432,7.687140011,458,23,10,7,40,490,10,1,1,12,498,502,63,18,111,19
43,1000,20,5.13,10.3,18,37,82,946,27,17,10,54,8.724155755,130,72,6.137500409,11.99358718,9.088953386,8.400655968,443,14,6,7,27,503,13,11,3,27,470,530,56,16,106,24
46,1000,20,5.13,10.3,18,37,66,950,31,10,9,50,8.145660531,130,45,5.919068338,11.24637096,8.209435505,8.086317794,460,11,5,6,22,490,20,5,3,28,482,518,34,11,99,31
47,1000,20,5.13,10.3,18,37,62,955,28,8,9,45,8.334876867,102,71,5.840949604,10.92422605,8.535474855,8.129406053,481,16,6,3,25,474,12,2,6,20,506,494,49,22,83,19
42,1000,20,5.13,10.3,18,37,84,950,32,11,7,50,8.659638558,124,75,6.003554642,11.5114765,9.626782369,7.628551355,478,22,10,6,38,472,10,1,1,12,516,484,54,21,94,30
44,1000,20,5.13,10.3,18,37,82,946,36,13,5,54,8.665772378,125,73,6.387523697,12.27579589,9.41837662,7.942682027,459,23,4,4,31,487,13,9,1,23,490,510,50,23,103,22
41,1000,20,5.13,10.3,18,37,90,965,23,6,6,35,8.371285056,116,69,6.36545535,12.12573132,9.447982176,7.328499657,467,15,5,5,25,498,8,1,1,10,492,508,53,16,100,16
45,1000,20,5.13,10.3,18,37,74,943,36,13,8,57,8.292753887,104,63,6.131435789,11.62091936,8.664732374,7.894590578,487,15,10,5,30,456,21,3,3,27,517,483,40,23,82,22
43,1000,20,5.13,10.3,18,37,83,946,28,16,10,54,8.727661796,120,67,6.164782203,12.02478757,9.141930083,8.360291805,442,15,6,7,28,504,13,10,3,26,470,530,51,16,97,23
40,1000,20,5.13,10.3,18,37,104,946,34,11,9,54,8.757028078,135,90,6.634897827,13.06467752,9.791028249,7.731266952,457,23,10,8,41,489,11,1,1,13,498,502,69,21,117,18
48,1000,20,5.13,10.3,18,37,0,943,34,9,14,57,7.148,119,54,5.020286243,9.010378197,6.067346939,8.18627451,475,9,5,1,15,468,25,4,13,42,490,510,32,22,73,46
46,1000,20,5.13,10.3,18,37,67,950,31,10,9,50,8.150943364,138,55,5.923954383,11.26585671,8.256389083,8.052825919,459,12,5,6,23,491,19,5,3,27,482,518,40,15,117,21
47,1000,20,5.13,10.3,18,37,63,955,28,8,9,45,8.345964881,118,70,5.843357722,10.9606157,8.562317155,8.124357087,481,16,6,3,25,474,12,2,6,20,506,494,53,17,95,23
42,1000,20,5.13,10.3,18,37,85,950,32,11,7,50,8.645568019,140,63,6.020766653,11.54147761,9.64321912,7.581956515,478,22,10,6,38,472,10,1,1,12,516,484,46,17,109,31
44,1000,20,5.13,10.3,18,37,83,946,36,13,5,54,8.669626643,127,76,6.410703256,12.34395674,9.450321481,7.919547289,459,23,4,4,31,487,13,9,1,23,490,510,58,18,105,22
45,1000,20,5.13,10.3,18,37,75,946,34,12,8,54,8.318327093,126,64,6.173093791,11.67196888,8.713589477,7.895240855,487,15,10,5,30,459,19,2,3,24,517,483,53,11,108,18
41,1000,20,5.13,10.3,18,37,91,966,22,6,6,34,8.362654139,117,80,6.411576871,12.19751994,9.473648163,7.286652053,467,15,5,5,25,499,7,1,1,9,492,508,64,16,100,17
43,1000,20,5.13,10.3,18,37,84,947,27,16,10,53,8.721835858,135,87,6.192794148,12.1077435,9.160145079,8.333146548,443,14,6,7,27,504,13,10,3,26,470,530,58,29,108,27
46,1000,20,5.13,10.3,18,37,68,949,33,10,8,51,8.16816055,116,60,5.93394507,11.28897334,8.250120798,8.091896381,459,12,5,6,23,490,21,5,2,28,482,518,43,17,94,22
48,1000,20,5.13,10.3,18,37,1,944,33,9,14,56,7.205588146,80,64,5.00442076,9.016257096,6.109575269,8.258620126,476,8,5,1,14,468,25,4,13,42,490,510,31,33,55,25
42,1000,20,5.13,10.3,18,37,86,950,32,11,7,50,8.67553856,111,66,6.033345071,11.55961463,9.688758698,7.595328661,478,22,10,6,38,472,10,1,1,12,516,484,44,22,91,20
47,1000,20,5.13,10.3,18,37,64,954,28,9,9,46,8.380934658,116,70,5.8760154,10.99724208,8.583542044,8.173405636,480,17,6,3,26,474,11,3,6,20,506,494,42,28,87,29
44,1000,20,5.13,10.3,18,37,84,945,38,13,4,55,8.726644603,142,62,6.446327721,12.38914027,9.57088187,7.915514679,457,25,4,4,33,488,13,9,0,22,490,510,47,15,118,24
45,1000,20,5.13,10.3,18,37,76,947,32,12,9,53,8.333799336,135,71,6.201475811,11.7438807,8.785369321,7.850441817,487,14,10,6,30,460,18,2,3,23,517,483,50,21,103,32
41,1000,20,5.13,10.3,18,37,92,966,22,6,6,34,8.361384615,142,63,6.431286024,12.25593563,9.498983038,7.259616063,467,15,5,5,25,499,7,1,1,9,492,508,50,13,118,24
43,1000,20,5.13,10.3,18,37,85,948,26,16,10,52,8.748992494,122,68,6.216999098,12.17209059,9.207018378,8.342818597,443,14,6,7,27,505,12,10,3,25,470,530,51,17,101,21
46,1000,20,5.13,10.3,18,37,69,946,36,10,8,54,8.181429806,119,60,5.943029459,11.33831656,8.322833697,8.049853212,456,15,5,6,26,490,21,5,2,28,482,518,41,19,94,25
42,1000,20,5.13,10.3,18,37,87,948,33,12,7,52,8.722715954,119,63,6.039936095,11.61856741,9.777713516,7.597966487,477,22,11,6,39,471,11,1,1,13,516,484,43,20,100,19
47,1000,20,5.13,10.3,18,37,65,954,28,9,9,46,8.365136581,111,69,5.908164215,11.02704023,8.6183827,8.105738734,480,17,6,3,26,474,11,3,6,20,506,494,51,18,95,16
48,1000,20,5.13,10.3,18,37,2,946,31,9,14,54,7.18586723,99,45,4.991032455,9.019673846,6.096554924,8.232461406,477,7,5,1,13,469,24,4,13,41,490,510,31,14,56,43
44,1000,20,5.13,10.3,18,37,85,943,40,11,6,57,8.755436462,127,68,6.474370021,12.42239596,9.634321515,7.91101749,456,26,3,5,34,487,14,8,1,23,490,510,50,18,105,22
45,1000,20,5.13,10.3,18,37,77,947,32,12,9,53,8.358696168,118,65,6.222186365,11.82440285,8.826625916,7.857827266,487,14,10,6,30,460,18,2,3,23,517,483,43,22,98,20
41,1000,20,5.13,10.3,18,37,93,967,22,5,6,33,8.345300316,135,51,6.438094826,12.3100049,9.498257645,7.228656605,468,15,4,5,24,499,7,1,1,9,492,508,37,14,110,25
43,1000,20,5.13,10.3,18,37,86,947,27,16,10,53,8.768107896,138,77,6.256781535,12.26123787,9.26892431,8.32398768,442,15,6,7,28,505,12,10,3,25,470,530,58,19,111,27
46,1000,20,5.13,10.3,18,37,70,945,36,11,8,55,8.172790628,121,60,5.976032769,11.37930618,8.33487629,8.021969608,456,15,5,6,26,489,21,6,2,29,482,518,47,13,95,26
42,1000,20,5.13,10.3,18,37,88,944,37,11,8,56,8.768938567,120,69,6.033423095,11.64699957,9.830603516,7.637080895,476,23,10,7,40,468,14,1,1,16,516,484,48,21,96,24
45,1000,20,5.13,10.3,18,37,78,945,34,12,9,55,8.371502346,113,78,6.279288576,11.90166802,8.846527039,7.863039062,487,14,10,6,30,458,20,2,3,25,517,483,53,25,90,23
44,1000,20,5.13,10.3,18,37,86,944,39,11,6,56,8.751175564,148,77,6.478466923,12.49559122,9.648800768,7.888751348,456,26,3,5,34,488,13,8,1,22,490,510,60,17,122,26
41,1000,20,5.13,10.3,18,37,94,965,24,5,6,35,8.378217236,129,79,6.459160373,12.37646895,9.550016494,7.243325042,466,17,4,5,26,499,7,1,1,9,492,508,66,13,116,13
47,1000,20,5.13,10.3,18,37,66,956,28,8,8,44,8.334125076,118,61,5.934524814,11.05606659,8.633423311,8.027556439,480,17,6,3,26,476,11,2,5,18,506,494,45,16,90,28
48,1000,20,5.13,10.3,18,37,3,946,32,9,13,54,7.216891453,88,50,4.997066665,9.03173208,6.169752378,8.22296625,477,7,5,1,13,469,25,4,12,41,490,510,30,20,52,36
43,1000,20,5.13,10.3,18,37,87,947,27,15,11,53,8.784345226,111,67,6.286030154,12.34906202,9.298642693,8.328270114,442,15,6,7,28,505,12,9,4,25,470,530,49,18,100,11
46,1000,20,5.13,10.3,18,37,71,945,36,11,8,55,8.175222957,109,56,5.981637732,11.41646513,8.337003719,8.024685646,456,15,5,6,26,489,21,6,2,29,482,518,42,14,89,20
42,1000,20,5.13,10.3,18,37,89,944,37,11,8,56,8.790198554,118,58,6.043663122,11.68905935,9.862617085,7.646876318,475,24,10,7,41,469,13,1,1,15,516,484,41,17,103,15
45,1000,20,5.13,10.3,18,37,79,946,34,11,9,54,8.367455946,121,64,6.294410089,11.92655374,8.859763042,7.840493693,488,14,9,6,29,458,20,2,3,25,517,483,34,30,94,27
41,1000,20,5.13,10.3,18,37,95,963,26,5,6,37,8.369914852,114,68,6.477645814,12.41174792,9.55869931,7.218572425,466,17,4,5,26,497,9,1,1,11,492,508,55,13,97,17
44,1000,20,5.13,10.3,18,37,87,943,40,11,6,57,8.738310991,133,63,6.501176944,12.56441207,9.657165784,7.855489718,456,26,3,5,34,487,14,8,1,23,490,510,45,18,105,28
47,1000,20,5.13,10.3,18,37,67,957,27,8,8,43,8.340376087,105,62,5.959000327,11.11509246,8.663260429,8.0096484,480,17,6,3,26,477,10,2,5,17,506,494,42,20,85,20
48,1000,20,5.13,10.3,18,37,4,949,30,8,13,51,7.235647236,85,61,5.013994955,9.046912484,6.246555739,8.18595083,477,7,5,1,13,472,23,3,12,38,490,510,39,22,64,21
43,1000,20,5.13,10.3,18,37,88,947,27,15,11,53,8.783450319,140,63,6.285192146,12.37574633,9.352269993,8.279025325,442,15,6,7,28,505,12,9,4,25,470,530,54,9,129,11
46,1000,20,5.13,10.3,18,37,72,944,37,11,8,56,8.209299258,131,56,5.987131009,11.47659738,8.403129353,8.02893998,455,16,5,6,27,489,21,6,2,29,482,518,41,15,109,22
42,1000,20,5.13,10.3,18,37,90,943,38,10,9,57,8.829662921,145,61,6.050965431,11.72346222,9.924388227,7.662559084,474,25,9,8,42,469,13,1,1,15,516,484,48,13,113,32
45,1000,20,5.13,10.3,18,37,80,946,34,11,9,54,8.411702394,106,62,6.337214266,11.99904661,8.929235104,7.85773881,488,14,9,6,29,458,20,2,3,25,517,483,45,17,83,23
41,1000,20,5.13,10.3,18,37,96,964,25,5,6,36,8.391113348,129,77,6.491515903,12.46996312,9.606579751,7.213929352,466,17,4,5,26,498,8,1,1,10,492,508,64,13,107,22
44,1000,20,5.13,10.3,18,37,88,943,38,13,6,57,8.791149991,118,78,6.509632031,12.6127596,9.698563117,7.919321694,456,25,4,5,34,487,13,9,1,23,490,510,57,21,93,25
47,1000,20,5.13,10.3,18,37,68,956,28,8,8,44,8.353821944,126,50,5.932540487,11.13569275,8.684836129,8.01476693,479,18,6,3,27,477,10,2,5,17,506,494,40,10,99,27
43,1000,20,5.13,10.3,18,37,89,948,26,15,11,52,8.787977286,138,63,6.325601923,12.43758915,9.401991838,8.243473816,441,15,7,7,29,507,11,8,4,23,470,530,46,17,121,17
48,1000,20,5.13,10.3,18,37,5,950,28,9,13,50,7.274062997,86,51,5.020750717,9.057385074,6.318949286,8.191721269,477,6,6,1,13,473,22,3,12,37,490,510,33,18,59,27
46,1000,20,5.13,10.3,18,37,73,943,38,11,8,57,8.265877158,120,60,5.996353856,11.55282338,8.45870719,8.086448441,455,16,5,6,27,488,22,6,2,30,482,518,42,18,92,28
42,1000,20,5.13,10.3,18,37,91,943,36,12,9,57,8.857760645,111,70,6.083097559,11.77579032,9.980268254,7.661037656,473,24,11,8,43,470,12,1,1,14,516,484,43,27,91,20
45,1000,20,5.13,10.3,18,37,81,945,34,12,9,55,8.481503364,128,79,6.354979619,12.05125426,9.018757494,7.906430103,488,14,9,6,29,457,20,3,3,26,517,483,53,26,103,25
41,1000,20,5.13,10.3,18,37,97,964,25,5,6,36,8.427959148,141,78,6.54448441,12.56326797,9.6623049,7.232490427,466,17,4,5,26,498,8,1,1,10,492,508,55,23,126,15
44,1000,20,5.13,10.3,18,37,89,941,40,13,6,59,8.806307946,126,69,6.553469835,12.67140245,9.753106203,7.896639033,454,27,4,5,36,487,13,9,1,23,490,510,56,13,108,18
47,1000,20,5.13,10.3,18,37,69,957,28,7,8,43,8.371299915,118,64,5.958003975,11.17177033,8.721939669,8.012142596,480,18,5,3,26,477,10,2,5,17,506,494,46,18,97,21
43,1000,20,5.13,10.3,18,37,90,948,25,16,11,52,8.806346868,112,68,6.324727597,12.46412135,9.43898551,8.245327695,441,14,8,7,29,507,11,8,4,23,470,530,50,18,89,23
48,1000,20,5.13,10.3,18,37,6,952,27,8,13,48,7.28341392,94,52,5.033178757,9.073527383,6.367610218,8.163303751,477,6,6,1,13,475,21,2,12,35,490,510,32,20,63,31
46,1000,20,5.13,10.3,18,37,74,944,37,11,8,56,8.280946613,95,63,6.022900827,11.60659629,8.501691449,8.075543118,455,16,5,6,27,489,21,6,2,29,482,518,49,14,81,14
42,1000,20,5.13,10.3,18,37,92,944,35,12,9,56,8.840668491,115,61,6.087197423,11.81395544,9.97514752,7.631182584,473,24,11,8,43,471,11,1,1,13,516,484,45,16,97,18
45,1000,20,5.13,10.3,18,37,82,944,35,12,9,56,8.50422582,119,71,6.393762392,12.11927127,9.078334616,7.889703569,488,14,9,6,29,456,21,3,3,27,517,483,51,20,96,23
41,1000,20,5.13,10.3,18,37,98,963,26,5,6,37,8.433456018,129,77,6.585560611,12.62881824,9.696742652,7.209957939,465,18,4,5,27,498,8,1,1,10,492,508,67,10,110,19
44,1000,20,5.13,10.3,18,37,90,940,42,12,6,60,8.81306291,118,70,6.592082418,12.71318396,9.787819984,7.876531604,453,28,4,5,37,487,14,8,1,23,490,510,51,19,94,24
47,1000,20,5.13,10.3,18,37,70,959,26,8,7,41,8.367399956,117,54,5.98787096,11.20756911,8.768403423,7.956655514,480,17,6,3,26,479,9,2,4,15,506,494,38,16,88,29
43,1000,20,5.13,10.3,18,37,91,946,27,15,12,54,8.828494779,130,56,6.343884706,12.50396272,9.462902448,8.265906847,440,15,8,7,30,506,12,7,5,24,470,530,48,8,109,21
42,1000,20,5.13,10.3,18,37,93,944,35,12,9,56,8.849700093,116,54,6.124508872,11.85792835,10.01918457,7.602894323,472,25,11,8,44,472,10,1,1,12,516,484,32,22,99,17
46,1000,20,5.13,10.3,18,37,75,944,36,11,9,56,8.309027446,118,63,6.049900704,11.66498049,8.568079459,8.067979047,455,15,5,7,27,489,21,6,2,29,482,518,51,12,93,25
48,1000,20,5.13,10.3,18,37,7,951,29,8,12,49,7.28788086,93,55,5.04861272,9.101408371,6.415126457,8.126409601,475,7,7,1,15,476,22,1,11,34,490,510,33,22,57,36
45,1000,20,5.13,10.3,18,37,83,945,34,12,9,55,8.517165166,118,54,6.411105321,12.16437747,9.110374234,7.88219811,488,14,9,6,29,457,20,3,3,26,517,483,35,19,96,22
41,1000,20,5.13,10.3,18,37,99,962,27,5,6,38,8.465100464,125,79,6.606453942,12.70552531,9.703060497,7.266131298,465,18,4,5,27,497,9,1,1,11,492,508,56,23,113,12
44,1000,20,5.13,10.3,18,37,91,941,41,12,6,59,8.823978447,127,77,6.613222374,12.76531672,9.839742143,7.848048622,453,28,4,5,37,488,13,8,1,22,490,510,60,17,109,18
47,1000,20,5.13,10.3,18,37,71,960,25,8,7,40,8.371765266,126,49,5.995390443,11.25757079,8.777840353,7.955826006,481,16,6,3,25,479,9,2,4,15,506,494,34,15,99,27
43,1000,20,5.13,10.3,18,37,92,946,27,15,12,54,8.826932667,129,72,6.39305836,12.58819321,9.475749769,8.251566557,440,15,8,7,30,506,12,7,5,24,470,530,58,14,110,19
42,1000,20,5.13,10.3,18,37,94,942,36,13,9,58,8.879416939,150,64,6.135508615,11.91327228,10.0712089,7.608828816,471,25,12,8,45,471,11,1,1,13,516,484,52,12,123,27
46,1000,20,5.13,10.3,18,37,76,944,35,12,9,56,8.330368242,132,66,6.073019986,11.71476091,8.64657715,8.036135242,454,15,6,7,28,490,20,6,2,28,482,518,49,17,114,18
45,1000,20,5.13,10.3,18,37,84,948,31,12,9,52,8.506593049,135,62,6.421025623,12.20864805,9.119168339,7.850896518,489,13,9,6,28,459,18,3,3,24,517,483,44,18,110,25
41,1000,20,5.13,10.3,18,37,100,962,27,4,7,38,8.485944999,121,91,6.654147663,12.78596911,9.751833082,7.259927406,465,18,3,6,27,497,9,1,1,11,492,508,76,15,101,20
44,1000,20,5.13,10.3,18,37,92,940,41,13,6,60,8.837927659,145,73,6.660847154,12.82498399,9.843100755,7.872173116,453,27,5,5,37,487,14,8,1,23,490,510,56,17,118,27
48,1000,20,5.13,10.3,18,37,8,951,29,8,12,49,7.319297671,98,62,5.044684419,9.10721772,6.420943901,8.182421882,475,7,7,1,15,476,22,1,11,34,490,510,41,21,72,26
47,1000,20,5.13,10.3,18,37,72,960,25,9,6,40,8.357072211,132,88,6.019613335,11.30637702,8.772032757,7.932031652,480,16,7,3,26,480,9,2,3,14,506,494,59,29,107,25
43,1000,20,5.13,10.3,18,37,93,945,28,14,13,55,8.847890494,143,71,6.431957042,12.65002739,9.543227996,8.231270445,439,16,7,8,31,506,12,7,5,24,470,530,57,14,121,22
42,1000,20,5.13,10.3,18,37,95,943,35,13,9,57,8.848959201,119,77,6.159253649,12.00463813,10.07498952,7.541869026,471,25,12,8,45,472,10,1,1,12,516,484,58,19,96,23
45,1000,20,5.13,10.3,18,37,85,948,31,12,9,52,8.520047049,113,81,6.448386048,12.25642037,9.143322344,7.852897302,490,12,9,6,27,458,19,3,3,25,517,483,60,21,92,21
41,1000,20,5.13,10.3,18,37,101,961,28,4,7,39,8.5066383,128,80,6.699568318,12.89510255,9.779892591,7.273486507,464,19,3,6,28,497,9,1,1,11,492,508,67,13,110,18
46,1000,20,5.13,10.3,18,37,77,944,35,12,9,56,8.350444695,126,64,6.099615669,11.75416281,8.671247868,8.051936723,454,15,6,7,28,490,20,6,2,28,482,518,45,19,97,29
44,1000,20,5.13,10.3,18,37,93,941,38,15,6,59,8.845805059,141,79,6.692850585,12.91312907,9.878282783,7.853816657,453,25,7,5,37,488,13,8,1,22,490,510,63,16,124,17
48,1000,20,5.13,10.3,18,37,9,950,30,8,12,50,7.358651499,107,58,5.053916082,9.124049987,6.480051614,8.202796486,475,7,7,1,15,475,23,1,11,35,490,510,37,21,80,27
43,1000,20,5.13,10.3,18,37,94,945,28,14,13,55,8.889107807,136,80,6.475547099,12.72074135,9.623295859,8.238035382,439,16,7,8,31,506,12,7,5,24,470,530,65,15,109,27
47,1000,20,5.13,10.3,18,37,73,961,25,8,6,39,8.348959046,127,59,6.06811663,11.38162159,8.782391503,7.904997866,481,16,6,3,25,480,9,2,3,14,506,494,41,18,102,25
42,1000,20,5.13,10.3,18,37,96,943,35,13,9,57,8.883230775,143,79,6.199348927,12.057396,10.12936156,7.554711183,471,25,12,8,45,472,10,1,1,12,516,484,53,26,111,32
45,1000,20,5.13,10.3,18,37,86,948,31,12,9,52,8.527516159,120,73,6.48853272,12.34149802,9.15286299,7.858149054,490,12,9,6,27,458,19,3,3,25,517,483,51,22,100,20
41,1000,20,5.13,10.3,18,37,102,961,28,4,7,39,8.524682661,139,84,6.753407557,12.9806883,9.796231301,7.293182796,464,20,2,6,28,497,8,2,1,11,492,508,66,18,119,20
46,1000,20,5.13,10.3,18,37,78,944,35,12,9,56,8.386491776,129,67,6.123148859,11.7967926,8.70834268,8.087008888,454,15,6,7,28,490,20,6,2,28,482,518,51,16,108,21
44,1000,20,5.13,10.3,18,37,94,940,39,15,6,60,8.88979874,130,72,6.71328617,12.96602116,9.930646991,7.889768067,452,26,7,5,38,488,13,8,1,22,490,510,56,16,112,18
48,1000,20,5.13,10.3,18,37,10,950,30,8,12,50,7.380920092,83,56,5.069777064,9.137121866,6.547423047,8.181730979,474,8,7,1,16,476,22,1,11,34,490,510,35,21,59,24
43,1000,20,5.13,10.3,18,37,95,945,28,14,13,55,8.922276394,139,68,6.489414597,12.75243951,9.683927483,8.246849956,439,16,7,8,31,506,12,7,5,24,470,530,49,19,120,19
47,1000,20,5.13,10.3,18,37,74,963,23,8,6,37,8.371414463,115,81,6.074999139,11.42509376,8.816211565,7.915812574,482,15,6,3,24,481,8,2,3,13,506,494,60,21,95,20
42,1000,20,5.13,10.3,18,37,97,943,35,13,9,57,8.922378442,128,51,6.20728122,12.1238632,10.17005829,7.592207365,471,25,12,8,45,472,10,1,1,12,516,484,40,11,102,26
45,1000,20,5.13,10.3,18,37,87,948,31,12,9,52,8.528817742,125,64,6.533778704,12.38903349,9.17415174,7.838056507,490,12,9,6,27,458,19,3,3,25,517,483,46,18,103,22
41,1000,20,5.13,10.3,18,37,103,961,28,4,7,39,8.532355499,136,66,6.791844632,13.03904532,9.805589523,7.299223334,464,20,2,6,28,497,8,2,1,11,492,508,48,18,115,21
46,1000,20,5.13,10.3,18,37,79,943,36,12,9,57,8.402401601,124,66,6.142743579,11.84229753,8.769429768,8.060881182,454,15,6,7,28,489,21,6,2,29,482,518,46,20,101,23
44,1000,20,5.13,10.3,18,37,95,940,39,15,6,60,8.886377714,131,63,6.761550673,13.0175603,9.948935604,7.865488761,452,26,7,5,38,488,13,8,1,22,490,510,53,10,112,19
43,1000,20,5.13,10.3,18,37,96,944,30,13,13,56,8.942505131,120,65,6.516363732,12.7924148,9.729356949,8.244730878,437,18,7,8,33,507,12,6,5,23,470,530,55,10,107,13
47,1000,20,5.13,10.3,18,37,75,963,23,8,6,37,8.38181347,123,65,6.085008186,11.45797414,8.859913303,7.892099876,482,15,6,3,24,481,8,2,3,13,506,494,50,15,106,17
48,1000,20,5.13,10.3,18,37,11,949,31,8,12,51,7.381881271,94,54,5.07348261,9.157967362,6.565759578,8.165998193,474,8,7,1,16,475,23,1,11,35,490,510,27,27,66,28
42,1000,20,5.13,10.3,18,37,98,944,34,13,9,56,8.953091271,126,64,6.230012125,12.19047678,10.22049774,7.601889337,470,26,12,8,46,474,8,1,1,10,516,484,48,16,110,16
45,1000,20,5.13,10.3,18,37,88,947,32,12,9,53,8.555277856,114,80,6.604720725,12.42701518,9.205083627,7.859730063,488,14,9,6,29,459,18,3,3,24,517,483,62,18,95,19
41,1000,20,5.13,10.3,18,37,104,961,26,5,8,39,8.572141059,141,76,6.804210154,13.09857976,9.850333657,7.334206496,464,18,3,7,28,497,8,2,1,11,492,508,67,9,118,23
49,1000,20,5.13,10.3,18,37,0,931,33,18,18,69,7.52,95,52,4.989840371,8.932732885,6.80511811,8.258130081,477,15,8,8,31,454,18,10,10,38,508,492,29,23,59,36
46,1000,20,5.13,10.3,18,37,80,941,36,14,9,59,8.430144031,120,62,6.170866093,11.90877184,8.81682132,8.070340067,452,15,8,7,30,489,21,6,2,29,482,518,42,20,99,21
44,1000,20,5.13,10.3,18,37,96,939,40,15,6,61,8.934182879,115,71,6.790952161,13.10344122,10.00037953,7.909797864,452,26,7,5,38,487,14,8,1,23,490,510,59,12,103,12
43,1000,20,5.13,10.3,18,37,97,947,29,12,12,53,8.939489433,137,84,6.529108501,12.83771592,9.703050927,8.262368863,439,17,7,7,31,508,12,5,5,22,470,530,69,15,117,20
47,1000,20,5.13,10.3,18,37,76,963,22,8,7,37,8.422597671,112,62,6.097847677,11.47458363,8.90902892,7.924350278,482,14,6,4,24,481,8,2,3,13,506,494,46,16,92,20
42,1000,20,5.13,10.3,18,37,99,944,34,13,9,56,8.963794519,134,65,6.283904621,12.28807516,10.25352225,7.588795533,470,26,12,8,46,474,8,1,1,10,516,484,51,14,113,21
45,1000,20,5.13,10.3,18,37,89,946,33,12,9,54,8.567169441,138,66,6.66438324,12.49810119,9.233012909,7.854455005,487,15,9,6,30,459,18,3,3,24,517,483,48,18,117,21
48,1000,20,5.13,10.3,18,37,12,950,30,8,12,50,7.403332718,90,45,5.076939325,9.196636928,6.620668405,8.155304313,474,8,7,1,16,476,22,1,11,34,490,510,25,20,64,26
46,1000,20,5.13,10.3,18,37,81,942,35,14,9,58,8.432982303,134,65,6.174720707,11.96554317,8.820087429,8.072780237,452,15,8,7,30,490,20,6,2,28,482,518,48,17,105,29
49,1000,20,5.13,10.3,18,37,1,932,32,18,18,68,7.568504077,90,51,4.979546329,8.921704091,6.888929283,8.270178864,477,14,9,8,31,455,18,9,10,37,508,492,25,26,60,30
44,1000,20,5.13,10.3,18,37,97,939,40,15,6,61,8.973545538,121,65,6.848455126,13.20952843,10.01382252,7.974063736,453,25,7,5,37,486,15,8,1,24,490,510,48,17,110,11
43,1000,20,5.13,10.3,18,37,98,945,31,12,12,55,8.937605768,142,82,6.549662089,12.90748778,9.742522283,8.223811878,437,19,7,7,33,508,12,5,5,22,470,530,64,18,120,22
47,1000,20,5.13,10.3,18,37,77,964,22,8,6,36,8.408791695,115,65,6.107776094,11.51282361,8.916776676,7.888466999,482,14,6,4,24,482,8,2,2,12,506,494,44,21,93,22
42,1000,20,5.13,10.3,18,37,100,944,34,13,9,56,8.974223695,136,75,6.326128808,12.37567632,10.29376691,7.567437954,470,26,12,8,46,474,8,1,1,10,516,484,57,18,118,18
45,1000,20,5.13,10.3,18,37,90,947,33,11,9,53,8.582401828,112,75,6.664863793,12.56216452,9.246790855,7.871244215,487,15,9,6,30,460,18,2,3,23,517,483,58,17,92,20
46,1000,20,5.13,10.3,18,37,82,942,35,14,9,58,8.478967918,108,83,6.217885628,12.05902979,8.874085852,8.111309918,452,15,8,7,30,490,20,6,2,28,482,518,63,20,85,23
44,1000,20,5.13,10.3,18,37,98,939,41,14,6,61,8.95251888,133,81,6.888735472,13.26525747,10.01592757,7.930812489,453,25,7,5,37,486,16,7,1,24,490,510,69,12,104,29
48,1000,20,5.13,10.3,18,37,13,952,30,6,12,48,7.397002501,89,57,5.086556322,9.208054094,6.651080554,8.113672606,474,9,6,1,16,478,21,0,11,32,490,510,31,26,66,23
49,1000,20,5.13,10.3,18,37,2,932,32,18,18,68,7.578733945,88,63,5.00197569,8.931108735,6.893481928,8.28627058,478,13,9,8,30,454,19,9,10,38,508,492,34,29,62,26
43,1000,20,5.13,10.3,18,37,99,945,31,12,12,55,8.966228465,139,64,6.585397571,12.98980259,9.780643151,8.244011668,437,19,7,7,33,508,12,5,5,22,470,530,49,15,119,20
47,1000,20,5.13,10.3,18,37,78,964,22,8,6,36,8.435267112,119,63,6.108802628,11.55371626,8.949484489,7.908558624,482,14,6,4,24,482,8,2,2,12,506,494,47,16,96,23
42,1000,20,5.13,10.3,18,37,101,945,32,14,9,55,8.986273136,143,73,6.342390341,12.40524413,10.33647924,7.546797211,471,24,13,8,45,474,8,1,1,10,516,484,55,18,113,30
45,1000,20,5.13,10.3,18,37,91,947,33,11,9,53,8.595132696,130,81,6.687364062,12.61375239,9.276754787,7.865528925,487,15,9,6,30,460,18,2,3,23,517,483,57,24,105,25
46,1000,20,5.13,10.3,18,37,83,943,33,15,9,57,8.469302836,133,71,6.240735177,12.11445919,8.924569474,8.045676349,452,14,9,7,30,491,19,6,2,27,482,518,54,17,104,29
44,1000,20,5.13,10.3,18,37,99,940,40,14,6,60,8.956964982,129,78,6.93503793,13.33828713,10.05271696,7.904183667,453,25,7,5,37,487,15,7,1,23,490,510,58,20,110,19
49,1000,20,5.13,10.3,18,37,3,934,31,17,18,66,7.577782534,109,64,5.00038555,8.949539163,6.926734819,8.250002532,479,13,8,8,29,455,18,9,10,37,508,492,36,28,64,45
48,1000,20,5.13,10.3,18,37,14,953,29,6,12,47,7.402702074,96,51,5.090694545,9.201314307,6.670791521,8.105910253,474,9,6,1,16,479,20,0,11,31,490,510,28,23,76,20
43,1000,20,5.13,10.3,18,37,100,946,31,11,12,54,8.960673719,135,70,6.617833267,13.04713833,9.824684025,8.194475901,437,19,7,7,33,509,12,4,5,21,470,530,55,15,116,19
42,1000,20,5.13,10.3,18,37,102,944,33,13,10,56,9.009444712,130,70,6.364227473,12.46122719,10.34870036,7.581643232,471,24,12,9,45,473,9,1,1,11,516,484,53,17,105,25
45,1000,20,5.13,10.3,18,37,92,948,32,12,8,52,8.584426071,131,63,6.721678625,12.68092601,9.341005384,7.774588587,487,14,10,6,30,461,18,2,2,22,517,483,48,15,107,24
47,1000,20,5.13,10.3,18,37,79,963,23,8,6,37,8.451686945,113,55,6.132449432,11.59398606,8.95969525,7.931338357,482,14,6,4,24,481,9,2,2,13,506,494,37,18,87,26
46,1000,20,5.13,10.3,18,37,84,942,34,13,11,58,8.512505836,114,66,6.269754521,12.18989559,8.992026261,8.066311155,452,14,8,8,30,490,20,5,3,28,482,518,46,20,95,19
44,1000,20,5.13,10.3,18,37,100,939,39,16,6,61,8.960805709,138,79,6.982129026,13.43116647,10.0893338,7.876533623,452,25,8,5,38,487,14,8,1,23,490,510,65,14,116,22
49,1000,20,5.13,10.3,18,37,4,933,32,15,20,67,7.607498774,93,56,4.987925742,8.947952064,6.964788503,8.271110191,478,14,8,8,30,455,18,7,12,37,508,492,32,24,64,29
48,1000,20,5.13,10.3,18,37,15,953,30,6,11,47,7.425528775,92,55,5.111669831,9.216354339,6.708300372,8.114630574,474,9,6,1,16,479,21,0,10,31,490,510,30,25,76,16
43,1000,20,5.13,10.3,18,37,101,945,32,11,12,55,8.988842184,154,93,6.642044851,13.14575549,9.866743989,8.21032549,436,20,7,7,34,509,12,4,5,21,470,530,76,17,129,25
42,1000,20,5.13,10.3,18,37,103,944,33,13,10,56,9.017480809,123,59,6.399982686,12.52011483,10.34679983,7.600272927,471,24,12,9,45,473,9,1,1,11,516,484,44,15,103,20
45,1000,20,5.13,10.3,18,37,93,949,31,12,8,51,8.591425074,128,78,6.763683023,12.72249897,9.371354417,7.756593873,487,14,10,6,30,462,17,2,2,21,517,483,55,23,110,18
47,1000,20,5.13,10.3,18,37,80,963,23,8,6,37,8.49274349,122,69,6.151426578,11.65938432,9.00741036,7.96557459,482,14,6,4,24,481,9,2,2,13,506,494,52,17,104,18
46,1000,20,5.13,10.3,18,37,85,942,34,13,11,58,8.528854313,141,68,6.317504512,12.31099646,9.030578565,8.061998928,452,14,8,8,30,490,20,5,3,28,482,518,52,16,119,22
44,1000,20,5.13,10.3,18,37,101,938,39,17,6,62,8.998931116,148,75,7.024933189,13.5166724,10.12970045,7.912505682,452,24,9,5,38,486,15,8,1,24,490,510,56,19,121,27
49,1000,20,5.13,10.3,18,37,5,934,32,14,20,66,7.593384343,98,53,4.992195374,8.945285866,7.00924859,8.19651638,478,14,7,9,30,456,18,7,11,36,508,492,31,22,68,30
43,1000,20,5.13,10.3,18,37,102,945,32,11,12,55,9.018808873,129,75,6.658335169,13.19927256,9.889591507,8.246605406,436,20,7,7,34,509,12,4,5,21,470,530,59,16,117,12
48,1000,20,5.13,10.3,18,37,16,950,33,6,11,50,7.451709138,103,62,5.120198602,9.238445703,6.762363605,8.114021513,473,10,6,1,17,477,23,0,10,33,490,510,33,29,71,32
45,1000,20,5.13,10.3,18,37,94,950,28,13,9,50,8.610339011,138,64,6.789703302,12.81872449,9.43070527,7.732224402,487,13,10,7,30,463,15,3,2,20,517,483,50,14,113,25
42,1000,20,5.13,10.3,18,37,104,943,33,14,10,57,9.034769187,145,69,6.392986687,12.60342983,10.36829561,7.613075728,471,23,13,9,45,472,10,1,1,12,516,484,51,18,122,23
50,1000,20,5.13,10.3,18,37,0,944,30,17,9,56,6.897,113,63,5.023779368,9.033999096,6.143149284,7.618395303,469,12,5,3,20,475,18,12,6,36,489,511,35,28,77,36
47,1000,20,5.13,10.3,18,37,81,963,22,9,6,37,8.490085173,116,62,6.174895379,11.72513947,9.01944063,7.947870879,482,13,7,4,24,481,9,2,2,13,506,494,44,18,94,22
44,1000,20,5.13,10.3,18,37,102,940,40,16,4,60,9.000193583,122,72,7.061276917,13.61454732,10.19806552,7.849297015,453,24,9,4,37,487,16,7,0,23,490,510,57,15,105,17
46,1000,20,5.13,10.3,18,37,86,942,34,13,11,58,8.511841697,141,67,6.358609552,12.38451975,9.021570521,8.037538043,452,14,8,8,30,490,20,5,3,28,482,518,52,15,117,24
49,1000,20,5.13,10.3,18,37,6,934,32,14,20,66,7.592064686,107,57,5.004441838,8.961819156,7.018676435,8.184099708,477,15,7,9,31,457,17,7,11,35,508,492,31,26,69,38
43,1000,20,5.13,10.3,18,37,103,946,32,11,11,54,9.007144752,131,71,6.688797207,13.23927708,9.888457138,8.225603579,437,20,7,6,33,509,12,4,5,21,470,530,59,12,116,15
45,1000,20,5.13,10.3,18,37,95,947,31,13,9,53,8.648037367,122,62,6.800538477,12.87040053,9.495840146,7.740554888,485,15,10,7,32,462,16,3,2,21,517,483,43,19,105,17
48,1000,20,5.13,10.3,18,37,17,951,32,6,11,49,7.487450884,88,53,5.132550619,9.263728285,6.842936124,8.106690555,473,10,6,1,17,478,22,0,10,32,490,510,34,19,60,28
50,1000,20,5.13,10.3,18,37,1,944,31,17,8,56,6.917104669,100,49,5.04491423,9.075119119,6.154968308,7.646428897,470,11,5,3,19,474,20,12,5,37,489,511,20,29,69,31
47,1000,20,5.13,10.3,18,37,82,962,22,10,6,38,8.536329969,109,59,6.201477518,11.78107157,9.082457493,7.976936189,481,14,7,4,25,481,8,3,2,13,506,494,45,14,85,24
44,1000,20,5.13,10.3,18,37,103,935,45,16,4,65,9.049368455,138,74,7.122064698,13.72397274,10.25876805,7.887396297,450,27,9,4,40,485,18,7,0,25,490,510,54,20,118,20
46,1000,20,5.13,10.3,18,37,87,942,34,13,11,58,8.520721545,137,69,6.389652902,12.4500847,9.061574814,8.017456534,451,15,8,8,31,491,19,5,3,27,482,518,56,13,115,22
49,1000,20,5.13,10.3,18,37,7,933,33,14,20,67,7.603677019,92,49,5.027423799,8.973201665,7.063947409,8.160958812,476,16,7,9,32,457,17,7,11,35,508,492,29,20,60,32
43,1000,20,5.13,10.3,18,37,104,947,31,11,11,53,9.021246318,127,84,6.762154044,13.32928778,9.93384085,8.211964374,437,20,7,6,33,510,11,4,5,20,470,530,71,13,107,20
45,1000,20,5.13,10.3,18,37,96,948,30,13,9,52,8.648006316,126,72,6.844685591,12.98979472,9.508105502,7.727361847,486,14,10,7,31,462,16,3,2,21,517,483,50,22,107,19
48,1000,20,5.13,10.3,18,37,18,951,32,6,11,49,7.54364387,97,59,5.120025137,9.281359661,6.957602933,8.10670281,472,11,6,1,18,479,21,0,10,31,490,510,38,21,71,26
50,1000,20,5.13,10.3,18,37,2,947,29,16,8,53,6.905820924,101,59,5.06469093,9.10377533,6.171729264,7.608307855,470,11,5,3,19,477,18,11,5,34,489,511,37,22,76,25
47,1000,20,5.13,10.3,18,37,83,960,24,10,6,40,8.591818088,117,67,6.232180472,11.8476608,9.162904907,8.006858715,480,15,7,4,26,480,9,3,2,14,506,494,52,15,96,21
44,1000,20,5.13,10.3,18,37,104,936,45,15,4,64,9.057167069,142,87,7.165688869,13.79171909,10.25316344,7.908072518,450,27,9,4,40,486,18,6,0,24,490,510,68,19,125,17
46,1000,20,5.13,10.3,18,37,88,942,35,11,12,58,8.552387147,121,70,6.384797256,12.50551928,9.066014518,8.074455887,451,15,8,8,31,491,20,3,4,27,482,518,53,17,88,33
49,1000,20,5.13,10.3,18,37,8,937,30,14,19,63,7.58001071,85,55,5.035361342,8.991535135,7.051137316,8.126083239,477,15,7,9,31,460,15,7,10,32,508,492,33,22,59,26
45,1000,20,5.13,10.3,18,37,97,948,30,13,9,52,8.650091098,135,84,6.871321506,13.06150608,9.5172458,7.721894451,486,14,10,7,31,462,16,3,2,21,517,483,62,22,111,24
46,1000,20,5.13,10.3,18,37,89,940,36,12,12,60,8.544719288,127,56,6.401646768,12.54375061,9.090549509,8.036823212,451,15,8,8,31,489,21,4,4,29,482,518,47,9,109,18
47,1000,20,5.13,10.3,18,37,84,958,26,10,6,42,8.579109268,138,81,6.249620217,11.91828532,9.162728598,7.98131295,479,16,7,4,27,479,10,3,2,15,506,494,60,21,107,31
50,1000,20,5.13,10.3,18,37,3,946,29,16,9,54,6.959854286,86,63,5.056336322,9.117525159,6.207353907,7.679957388,470,11,5,3,19,476,18,11,6,35,489,511,40,23,64,22
48,1000,20,5.13,10.3,18,37,19,952,33,6,9,48,7.576840026,102,63,5.146483249,9.313906299,7.032642992,8.099695999,471,12,6,1,19,481,21,0,8,29,490,510,36,27,80,22
49,1000,20,5.13,10.3,18,37,9,935,31,15,19,65,7.625051417,99,42,5.037801573,9.022995644,7.108737038,8.158156508,475,16,8,9,33,460,15,7,10,32,508,492,22,20,65,34
45,1000,20,5.13,10.3,18,37,98,948,30,13,9,52,8.689961214,125,74,6.891035134,13.12526231,9.627219435,7.686726224,486,14,10,7,31,462,16,3,2,21,517,483,58,16,103,22
46,1000,20,5.13,10.3,18,37,90,940,34,14,12,60,8.594389111,130,73,6.441471911,12.64901179,9.158276299,8.069690993,451,14,9,8,31,489,20,5,4,29,482,518,48,25,105,25
50,1000,20,5.13,10.3,18,37,4,946,29,16,9,54,6.980726581,106,44,5.074570142,9.130131439,6.245145662,7.684638655,469,11,6,3,20,477,18,10,6,34,489,511,24,20,71,35
47,1000,20,5.13,10.3,18,37,85,958,26,10,6,42,8.606315393,122,79,6.256166813,11.96576027,9.189250504,8.009219915,479,16,7,4,27,479,10,3,2,15,506,494,65,14,99,23
49,1000,20,5.13,10.3,18,37,10,935,31,15,19,65,7.655323552,88,66,5.057742335,9.03857479,7.138262311,8.189199792,474,17,8,9,34,461,14,7,10,31,508,492,43,23,56,32
48,1000,20,5.13,10.3,18,37,20,952,33,6,9,48,7.595589406,101,54,5.162363262,9.339564445,7.078819777,8.092093558,471,12,6,1,19,481,21,0,8,29,490,510,31,23,80,21
45,1000,20,5.13,10.3,18,37,99,947,31,13,9,53,8.713348907,139,72,6.944435268,13.23089308,9.636516844,7.725196064,486,14,10,7,31,461,17,3,2,22,517,483,57,15,116,23
46,1000,20,5.13,10.3,18,37,91,941,34,14,11,59,8.558368841,142,70,6.468285743,12.70690337,9.138848457,8.018231438,451,14,9,8,31,490,20,5,3,28,482,518,54,16,116,26
50,1000,20,5.13,10.3,18,37,5,945,30,16,9,55,7.020656389,99,52,5.092316826,9.153982511,6.28760737,7.722145568,469,11,6,3,20,476,19,10,6,35,489,511,32,20,64,35
47,1000,20,5.13,10.3,18,37,86,958,26,10,6,42,8.626297959,140,78,6.263551569,12.0130508,9.220624362,8.017534478,479,16,7,4,27,479,10,3,2,15,506,494,53,25,107,33
49,1000,20,5.13,10.3,18,37,11,933,33,16,18,67,7.681494249,82,56,5.075139266,9.062910661,7.164743028,8.215050388,474,16,9,9,34,459,17,7,9,33,508,492,29,27,53,29
45,1000,20,5.13,10.3,18,37,100,946,31,13,10,54,8.739298784,129,87,6.982008042,13.30949121,9.677792758,7.734741051,485,14,10,8,32,461,17,3,2,22,517,483,66,21,111,18
48,1000,20,5.13,10.3,18,37,21,955,31,6,8,45,7.59836176,97,68,5.177418093,9.366595083,7.052621492,8.12270045,474,10,6,0,16,481,21,0,8,29,490,510,41,27,60,37
46,1000,20,5.13,10.3,18,37,92,939,35,15,11,61,8.622773605,132,68,6.497574216,12.74544753,9.190791091,8.094232238,450,15,9,8,32,489,20,6,3,29,482,518,47,21,117,15
47,1000,20,5.13,10.3,18,37,87,957,25,12,6,43,8.633936257,122,61,6.28730971,12.09279037,9.265156803,7.987382418,479,14,9,4,27,478,11,3,2,16,506,494,43,18,107,15
50,1000,20,5.13,10.3,18,37,6,947,29,15,9,53,7.022482781,105,64,5.084630645,9.166479107,6.298924881,7.714889459,469,11,6,3,20,478,18,9,6,33,489,511,38,26,69,36
49,1000,20,5.13,10.3,18,37,12,934,32,17,17,66,7.690846498,88,59,5.078881045,9.103561687,7.18050349,8.217786027,474,15,10,9,34,460,17,7,8,32,508,492,34,25,57,31
45,1000,20,5.13,10.3,18,37,101,946,31,13,10,54,8.738027235,152,77,7.034377645,13.35689204,9.728773379,7.677539126,484,14,11,8,33,462,17,2,2,21,517,483,61,16,125,27
48,1000,20,5.13,10.3,18,37,22,956,30,6,8,44,7.609219771,87,55,5.182643867,9.39525324,7.087645038,8.110340592,474,10,6,0,16,482,20,0,8,28,490,510,34,21,75,12
46,1000,20,5.13,10.3,18,37,93,940,33,17,10,60,8.623201195,142,59,6.547772803,12.85934552,9.205461581,8.081406783,450,13,12,7,32,490,20,5,3,28,482,518,45,14,111,31
50,1000,20,5.13,10.3,18,37,7,947,29,15,9,53,7.064198887,97,55,5.090411267,9.217936883,6.322044915,7.774401024,469,11,6,3,20,478,18,9,6,33,489,511,34,21,63,34
49,1000,20,5.13,10.3,18,37,13,934,32,16,18,66,7.735892889,93,47,5.106144521,9.112106163,7.209647275,8.279252182,474,15,10,9,34,460,17,6,9,32,508,492,22,25,60,33
47,1000,20,5.13,10.3,18,37,88,957,25,12,6,43,8.616343216,124,74,6.30999488,12.15319418,9.283236662,7.93324993,479,14,9,4,27,478,11,3,2,16,506,494,52,22,98,26
45,1000,20,5.13,10.3,18,37,102,947,31,13,9,53,8.720406033,124,60,7.058277437,13.40708393,9.680710728,7.692502249,485,14,11,7,32,462,17,2,2,21,517,483,46,14,106,18
46,1000,20,5.13,10.3,18,37,94,941,32,17,10,59,8.603317238,144,74,6.592587539,12.97190626,9.208128271,8.040539404,450,13,12,7,32,491,19,5,3,27,482,518,58,16,111,33
48,1000,20,5.13,10.3,18,37,23,957,29,6,8,43,7.604849249,86,51,5.187000464,9.421369822,7.135516292,8.055776992,474,10,6,0,16,483,19,0,8,27,490,510,26,25,61,25
50,1000,20,5.13,10.3,18,37,8,948,29,14,9,52,7.075477367,84,49,5.108197097,9.220220186,6.383992012,7.737192316,469,11,6,3,20,479,18,8,6,32,489,511,31,18,55,29
49,1000,20,5.13,10.3,18,37,14,936,32,16,16,64,7.705469052,109,56,5.130547819,9.138521607,7.267428818,8.157754497,474,15,10,9,34,462,17,6,7,30,508,492,32,24,78,31
47,1000,20,5.13,10.3,18,37,89,957,26,12,5,43,8.603947064,125,66,6.351194423,12.20876534,9.305561713,7.885289145,479,15,9,3,27,478,11,3,2,16,506,494,54,12,107,18
45,1000,20,5.13,10.3,18,37,103,945,33,13,9,55,8.730638532,154,79,7.1049286,13.48292227,9.694163888,7.699287374,485,14,11,7,32,460,19,2,2,23,517,483,62,17,128,26
46,1000,20,5.13,10.3,18,37,95,941,31,18,10,59,8.634789887,132,83,6.63742198,13.0898019,9.262712244,8.050506921,450,13,12,7,32,491,18,6,3,27,482,518,66,17,118,14
50,1000,20,5.13,10.3,18,37,9,948,29,14,9,52,7.11301999,93,60,5.118711668,9.228763427,6.408071969,7.787617998,469,11,6,3,20,479,18,8,6,32,489,511,38,22,65,28
48,1000,20,5.13,10.3,18,37,24,956,29,7,8,44,7.648994775,92,67,5.202613408,9.464865666,7.206939996,8.073714071,473,11,6,0,17,483,18,1,8,27,490,510,40,27,64,28
49,1000,20,5.13,10.3,18,37,15,935,33,16,16,65,7.757379464,108,57,5.159234703,9.159857588,7.329789743,8.198874541,474,15,10,9,34,461,18,6,7,31,508,492,37,20,73,35
47,1000,20,5.13,10.3,18,37,90,956,27,13,4,44,8.628540694,127,75,6.3793767,12.26910647,9.345960018,7.89369418,478,16,9,3,28,478,11,4,1,16,506,494,50,25,104,23
45,1000,20,5.13,10.3,18,37,104,944,34,12,10,56,8.756882764,139,63,7.130873157,13.55916889,9.738152524,7.706538115,484,15,10,8,33,460,19,2,2,23,517,483,47,16,120,19
46,1000,20,5.13,10.3,18,37,96,941,30,19,10,59,8.688446732,144,72,6.697245806,13.1912683,9.323536748,8.097494245,450,13,12,7,32,491,17,7,3,27,482,518,57,15,117,27
50,1000,20,5.13,10.3,18,37,10,948,28,14,10,52,7.13451888,85,57,5.147377599,9.270572121,6.40039201,7.837039505,469,11,6,3,20,479,17,8,7,32,489,511,36,21,61,24
49,1000,20,5.13,10.3,18,37,16,937,33,14,16,63,7.737724665,83,65,5.161428131,9.175285324,7.334071636,8.154504623,475,15,9,9,33,462,18,5,7,30,508,492,38,27,66,17
48,1000,20,5.13,10.3,18,37,25,957,29,7,7,43,7.653842488,94,51,5.205870672,9.494340843,7.235977452,8.05532066,473,11,6,0,17,484,18,1,7,26,490,510,33,18,65,29
47,1000,20,5.13,10.3,18,37,91,956,28,12,4,44,8.616269318,139,84,6.446714136,12.33603989,9.374298015,7.839826968,478,17,8,3,28,478,11,4,1,16,506,494,59,25,113,26
46,1000,20,5.13,10.3,18,37,97,940,31,19,10,60,8.731946234,143,71,6.705436417,13.24550687,9.367607761,8.140461956,450,13,12,7,32,490,18,7,3,28,482,518,50,21,116,27
50,1000,20,5.13,10.3,18,37,11,951,28,11,10,49,7.098555958,101,54,5.152514421,9.289143811,6.423968488,7.744100524,469,11,6,3,20,482,17,5,7,29,489,511,33,21,71,30
49,1000,20,5.13,10.3,18,37,17,938,32,14,16,62,7.75774828,100,59,5.17596741,9.206487244,7.370184409,8.157915853,474,16,9,9,34,464,16,5,7,28,508,492,33,26,69,31
47,1000,20,5.13,10.3,18,37,92,955,29,12,4,45,8.625659217,130,59,6.487553359,12.40298543,9.37424097,7.858893293,477,18,8,3,29,478,11,4,1,16,506,494,48,11,112,18
48,1000,20,5.13,10.3,18,37,26,956,30,7,7,44,7.635877184,114,63,5.21868126,9.520439492,7.231105274,8.024775686,473,11,6,0,17,483,19,1,7,27,490,510,34,29,83,31
46,1000,20,5.13,10.3,18,37,98,940,31,19,10,60,8.771492847,131,62,6.731192756,13.31417671,9.407264437,8.179906155,450,13,12,7,32,490,18,7,3,28,482,518,45,17,113,18
47,1000,20,5.13,10.3,18,37,93,954,30,12,4,46,8.621956248,147,73,6.52800725,12.47420902,9.418069124,7.806504598,476,19,8,3,30,478,11,4,1,16,506,494,58,15,131,16
49,1000,20,5.13,10.3,18,37,18,938,32,14,16,62,7.754258548,101,53,5.197925479,9.246131859,7.396859437,8.123280395,474,16,9,9,34,464,16,5,7,28,508,492,31,22,71,30
50,1000,20,5.13,10.3,18,37,12,951,30,10,9,49,7.11693462,82,52,5.165483502,9.308950261,6.421033568,7.782875158,469,12,6,2,20,482,18,4,7,29,489,511,32,20,62,20
48,1000,20,5.13,10.3,18,37,27,955,31,7,7,45,7.660365398,96,59,5.21075949,9.55535434,7.298843263,8.007710194,472,12,6,0,18,483,19,1,7,27,490,510,33,26,69,27
46,1000,20,5.13,10.3,18,37,99,940,30,20,10,60,8.800569535,141,76,6.770990738,13.42071419,9.495692949,8.153755856,450,13,12,7,32,490,17,8,3,28,482,518,59,17,119,22
49,1000,20,5.13,10.3,18,37,19,938,32,14,16,62,7.742679532,119,58,5.201592319,9.28217823,7.36896264,8.12854982,474,17,8,9,34,464,15,6,7,28,508,492,29,29,85,34
47,1000,20,5.13,10.3,18,37,94,952,32,12,4,48,8.651215605,127,80,6.581815533,12.55059252,9.460588213,7.822182125,475,20,8,3,31,477,12,4,1,17,506,494,58,22,108,19
50,1000,20,5.13,10.3,18,37,13,950,31,10,9,50,7.139738685,92,57,5.203942413,9.335136371,6.480163323,7.770917456,467,13,7,2,22,483,18,3,7,28,489,511,38,19,66,26
48,1000,20,5.13,10.3,18,37,28,956,29,8,7,44,7.662007698,89,51,5.22736675,9.596971747,7.328041695,7.982876994,472,12,6,0,18,484,17,2,7,26,490,510,33,18,66,23
46,1000,20,5.13,10.3,18,37,100,939,31,20,10,61,8.805243654,143,81,6.847646973,13.57301612,9.511493112,8.14807717,449,14,12,7,33,490,17,8,3,28,482,518,62,19,121,22
49,1000,20,5.13,10.3,18,37,20,938,33,14,15,62,7.753178402,93,47,5.220797967,9.316933473,7.408440034,8.109127774,474,17,8,9,34,464,16,6,6,28,508,492,36,11,74,19
50,1000,20,5.13,10.3,18,37,14,952,30,9,9,48,7.133434095,103,73,5.213891335,9.356437769,6.501023073,7.738618027,467,14,6,2,22,485,16,3,7,26,489,511,42,31,71,32
47,1000,20,5.13,10.3,18,37,95,951,32,12,5,49,8.668599949,147,68,6.60898089,12.59464605,9.512068076,7.804642719,474,21,8,3,32,477,11,4,2,17,506,494,52,16,126,21
48,1000,20,5.13,10.3,18,37,29,956,29,8,7,44,7.671537971,106,61,5.257716347,9.628792371,7.38832569,7.943643889,471,13,6,0,19,485,16,2,7,25,490,510,38,23,78,28
46,1000,20,5.13,10.3,18,37,101,938,32,20,10,62,8.824828176,144,74,6.895835158,13.64730299,9.517805115,8.180011796,449,14,12,7,33,489,18,8,3,29,482,518,48,26,126,18
49,1000,20,5.13,10.3,18,37,21,938,33,14,15,62,7.786103008,84,70,5.243242247,9.340969351,7.471895016,8.110529147,473,18,8,9,35,465,15,6,6,27,508,492,43,27,46,38
50,1000,20,5.13,10.3,18,37,15,953,29,9,9,47,7.166868601,81,64,5.211750329,9.366423826,6.541298637,7.765506003,467,14,6,2,22,486,15,3,7,25,489,511,42,22,58,23
47,1000,20,5.13,10.3,18,37,96,949,34,12,5,51,8.664199438,127,85,6.663618326,12.65929615,9.54177947,7.765301673,473,22,8,3,33,476,12,4,2,18,506,494,58,27,106,21
48,1000,20,5.13,10.3,18,37,30,956,29,8,7,44,7.701843112,95,48,5.272943835,9.659387856,7.418534518,7.974041566,471,13,6,0,19,485,16,2,7,25,490,510,36,12,70,25
46,1000,20,5.13,10.3,18,37,102,938,32,19,11,62,8.844114682,148,76,6.968440914,13.78317446,9.560647644,8.177379378,448,15,11,8,34,490,17,8,3,28,482,518,57,19,121,27
50,1000,20,5.13,10.3,18,37,16,955,27,9,9,45,7.16581328,87,54,5.214014193,9.386596592,6.543730911,7.761113237,467,14,6,2,22,488,13,3,7,23,489,511,30,24,64,23
49,1000,20,5.13,10.3,18,37,22,938,33,14,15,62,7.790755975,97,55,5.252008227,9.353652596,7.468031035,8.123976035,473,18,8,9,35,465,15,6,6,27,508,492,38,17,68,29
47,1000,20,5.13,10.3,18,37,97,948,35,12,5,52,8.681206994,128,78,6.717545599,12.72598514,9.594285153,7.745948799,472,23,8,3,34,476,12,4,2,18,506,494,58,20,109,19
46,1000,20,5.13,10.3,18,37,103,937,33,19,11,63,8.843516618,144,87,7.040251113,13.91239029,9.61163011,8.128785531,447,16,11,8,35,490,17,8,3,28,482,518,70,17,117,27
48,1000,20,5.13,10.3,18,37,31,956,29,8,7,44,7.709056892,109,63,5.269910317,9.685935218,7.41091581,7.995506167,471,13,6,0,19,485,16,2,7,25,490,510,38,25,76,33
50,1000,20,5.13,10.3,18,37,17,954,28,9,9,46,7.194753144,88,47,5.238155422,9.409316251,6.575325271,7.787512889,465,16,6,2,24,489,12,3,7,22,489,511,34,13,68,20
49,1000,20,5.13,10.3,18,37,23,938,32,15,15,62,7.803245262,121,65,5.253703924,9.388914681,7.495272241,8.121233666,473,18,8,9,35,465,14,7,6,27,508,492,38,27,86,35
47,1000,20,5.13,10.3,18,37,98,947,36,12,5,53,8.716377956,127,80,6.775691195,12.79498134,9.631829513,7.77868871,471,24,8,3,35,476,12,4,2,18,506,494,70,10,106,21
46,1000,20,5.13,10.3,18,37,104,937,32,19,12,63,8.842576558,141,81,7.086975777,13.99577156,9.612726031,8.125950988,447,16,11,8,35,490,16,8,4,28,482,518,62,19,123,18
50,1000,20,5.13,10.3,18,37,18,955,25,11,9,45,7.227192904,97,64,5.248483514,9.447450101,6.592027596,7.835012544,466,14,7,2,23,489,11,4,7,22,489,511,42,22,68,29
49,1000,20,5.13,10.3,18,37,24,937,33,16,14,63,7.817517567,99,64,5.265055903,9.405079251,7.50517307,8.140019609,473,18,9,8,35,464,15,7,6,28,508,492,32,32,73,26
47,1000,20,5.13,10.3,18,37,99,946,36,13,5,54,8.745942251,136,65,6.823757083,12.86392618,9.680132467,7.789059155,471,23,9,3,35,475,13,4,2,19,506,494,46,19,113,23
48,1000,20,5.13,10.3,18,37,32,955,29,9,7,45,7.736451573,116,70,5.285454998,9.738716607,7.443272611,8.01813332,470,14,6,0,20,485,15,3,7,25,490,510,45,25,88,28
50,1000,20,5.13,10.3,18,37,19,955,25,11,9,45,7.25960401,96,54,5.261391738,9.478441706,6.635316769,7.857013914,466,14,7,2,23,489,11,4,7,22,489,511,33,21,70,26
49,1000,20,5.13,10.3,18,37,25,938,33,15,14,62,7.801952923,103,63,5.259573538,9.459763204,7.475150202,8.139383375,474,17,9,8,34,464,16,6,6,28,508,492,41,22,69,34
47,1000,20,5.13,10.3,18,37,100,947,35,13,5,53,8.743348314,118,80,6.856041822,12.98481326,9.665292891,7.799008322,471,23,9,3,35,476,12,4,2,18,506,494,64,16,100,18
48,1000,20,5.13,10.3,18,37,33,955,29,9,7,45,7.728931936,105,52,5.296268488,9.781665794,7.470003804,7.977706023,469,15,6,0,21,486,14,3,7,24,490,510,35,17,82,23
50,1000,20,5.13,10.3,18,37,20,955,25,11,9,45,7.279055572,89,52,5.277604425,9.495102373,6.644593964,7.886201807,466,14,7,2,23,489,11,4,7,22,489,511,32,20,66,23
49,1000,20,5.13,10.3,18,37,26,938,34,15,13,62,7.829470305,118,63,5.29863363,9.514276223,7.493795804,8.17606105,474,18,9,7,34,464,16,6,6,28,508,492,28,35,71,47
47,1000,20,5.13,10.3,18,37,101,945,37,13,5,55,8.749488858,133,73,6.875069956,13.03840942,9.69874757,7.77717123,470,24,9,3,36,475,13,4,2,19,506,494,53,20,114,19
48,1000,20,5.13,10.3,18,37,34,957,29,8,6,43,7.750686357,105,57,5.324759672,9.794965106,7.541757201,7.951422213,469,15,6,0,21,488,14,2,6,22,490,510,40,17,78,27
50,1000,20,5.13,10.3,18,37,21,956,24,11,9,44,7.293770327,103,59,5.284432193,9.523678523,6.654076552,7.905923471,467,13,7,2,22,489,11,4,7,22,489,511,36,23,78,25
49,1000,20,5.13,10.3,18,37,27,939,33,16,12,61,7.829929524,107,53,5.305623984,9.553191125,7.541027777,8.12822645,474,17,10,7,34,465,16,6,5,27,508,492,36,17,77,30
47,1000,20,5.13,10.3,18,37,102,945,36,14,5,55,8.77274675,143,83,6.910303149,13.09342477,9.75770146,7.763866014,470,24,9,3,36,475,12,5,2,19,506,494,72,11,116,27
48,1000,20,5.13,10.3,18,37,35,957,29,8,6,43,7.795280845,92,57,5.33203749,9.822746035,7.604796118,7.978295584,469,15,6,0,21,488,14,2,6,22,490,510,41,16,71,21
50,1000,20,5.13,10.3,18,37,22,954,25,11,10,46,7.372311549,90,65,5.294821957,9.544228192,6.743753188,7.973808689,467,13,7,2,22,487,12,4,8,24,489,511,41,24,65,25
49,1000,20,5.13,10.3,18,37,28,940,33,15,12,60,7.819169648,106,56,5.33480589,9.595438387,7.58012289,8.065990285,474,17,10,7,34,466,16,5,5,26,508,492,35,21,79,27
47,1000,20,5.13,10.3,18,37,103,947,34,14,5,53,8.788149318,139,70,6.978251819,13.15545778,9.789306448,7.762672581,471,23,9,3,35,476,11,5,2,18,506,494,56,14,116,23
50,1000,20,5.13,10.3,18,37,23,954,25,12,9,46,7.348475432,118,65,5.304628724,9.551244911,6.781304041,7.891228485,467,13,7,2,22,487,12,5,7,24,489,511,38,27,90,28
49,1000,20,5.13,10.3,18,37,29,941,32,15,12,59,7.819526417,105,61,5.333186891,9.600036818,7.61370047,8.03204589,474,17,10,7,34,467,15,5,5,25,508,492,41,20,79,26
48,1000,20,5.13,10.3,18,37,36,957,29,8,6,43,7.804327038,96,50,5.325402097,9.85532054,7.612282499,7.988840419,469,15,6,0,21,488,14,2,6,22,490,510,34,16,76,20
47,1000,20,5.13,10.3,18,37,104,946,35,14,5,54,8.789304282,122,61,7.038304609,13.23923048,9.801221659,7.752805916,470,24,9,3,36,476,11,5,2,18,506,494,48,13,106,16
50,1000,20,5.13,10.3,18,37,24,953,27,11,9,47,7.375991884,106,59,5.325200691,9.581457239,6.832783531,7.895813576,466,14,7,2,23,487,13,4,7,24,489,511,36,23,83,23
49,1000,20,5.13,10.3,18,37,30,940,33,15,12,60,7.830418156,105,53,5.336362619,9.640622125,7.641614402,8.025361868,473,18,10,7,35,467,15,5,5,25,508,492,35,18,77,28
50,1000,20,5.13,10.3,18,37,25,954,26,11,9,46,7.400742335,87,59,5.335761193,9.622765588,6.860316481,7.917901322,467,13,7,2,22,487,13,4,7,24,489,511,38,21,65,22
48,1000,20,5.13,10.3,18,37,37,958,29,8,5,42,7.819721103,81,61,5.368493052,9.901173723,7.645398007,7.987208,470,14,6,0,20,488,15,2,5,22,490,510,39,22,56,25
49,1000,20,5.13,10.3,18,37,31,940,33,15,12,60,7.840468712,115,59,5.372479271,9.670632238,7.598702243,8.090097505,473,18,10,7,35,467,15,5,5,25,508,492,32,27,84,31
50,1000,20,5.13,10.3,18,37,26,955,26,10,9,45,7.40106477,84,57,5.345386769,9.628533722,6.889523037,7.890583179,467,13,7,2,22,488,13,3,7,23,489,511,36,21,58,26
48,1000,20,5.13,10.3,18,37,38,958,31,7,4,42,7.813242437,103,63,5.40286344,9.940082092,7.673677012,7.947334708,471,14,5,0,19,487,17,2,4,23,490,510,38,25,79,24
49,1000,20,5.13,10.3,18,37,32,942,32,15,11,58,7.860193771,109,66,5.395805086,9.697212096,7.646997294,8.080323467,473,19,10,6,35,469,13,5,5,23,508,492,32,34,78,31
50,1000,20,5.13,10.3,18,37,27,955,26,10,9,45,7.417705134,100,59,5.359182555,9.65116366,6.908309339,7.905169995,468,12,7,2,21,487,14,3,7,24,489,511,37,22,71,29
48,1000,20,5.13,10.3,18,37,39,957,32,7,4,43,7.829781875,101,67,5.416539687,9.988459343,7.702220995,7.952340368,470,15,5,0,20,487,17,2,4,23,490,510,40,27,86,15
49,1000,20,5.13,10.3,18,37,33,941,33,15,11,59,7.864368903,108,65,5.41002159,9.69691163,7.669125031,8.065962169,473,19,10,6,35,468,14,5,5,24,508,492,47,18,72,36
50,1000,20,5.13,10.3,18,37,28,954,26,11,9,46,7.466664382,116,58,5.358363558,9.667169822,6.959165413,7.95231408,468,12,7,2,21,486,14,4,7,25,489,511,39,19,78,38
49,1000,20,5.13,10.3,18,37,34,943,32,15,10,57,7.854565002,126,63,5.428465917,9.735105312,7.661849134,8.053548053,475,18,10,5,33,468,14,5,5,24,508,492,41,22,95,31
48,1000,20,5.13,10.3,18,37,40,956,32,8,4,44,7.870095068,89,57,5.435785618,10.01964223,7.771459019,7.964863037,469,15,6,0,21,487,17,2,4,23,490,510,38,19,61,28
50,1000,20,5.13,10.3,18,37,29,954,24,13,9,46,7.514182357,104,67,5.365410594,9.683604176,7.019167037,7.987885861,468,11,8,2,21,486,13,5,7,25,489,511,44,23,76,28
49,1000,20,5.13,10.3,18,37,35,943,32,15,10,57,7.873747805,82,61,5.453526345,9.760055425,7.690388513,8.063070001,475,18,10,5,33,468,14,5,5,24,508,492,39,22,55,27
48,1000,20,5.13,10.3,18,37,41,957,31,8,4,43,7.880235909,101,60,5.449086103,10.03651083,7.815907894,7.942041257,468,16,6,0,22,489,15,2,4,21,490,510,43,17,74,27
50,1000,20,5.13,10.3,18,37,30,956,23,12,9,44,7.555788536,113,53,5.382882015,9.739770906,7.05755527,8.032571445,470,10,7,2,19,486,13,5,7,25,489,511,32,21,84,29
49,1000,20,5.13,10.3,18,37,36,944,30,16,10,56,7.885990516,81,71,5.449340126,9.777123496,7.705851289,8.07198793,475,18,10,5,33,469,12,6,5,23,508,492,49,22,60,21
48,1000,20,5.13,10.3,18,37,42,955,32,8,5,45,7.903692733,116,66,5.45795748,10.05290577,7.862967717,7.94282069,468,15,6,1,22,487,17,2,4,23,490,510,43,23,85,31
50,1000,20,5.13,10.3,18,37,31,956,22,13,9,44,7.557279341,97,49,5.409217071,9.789904027,7.085389078,8.008853389,470,10,7,2,19,486,12,6,7,25,489,511,29,20,68,29
49,1000,20,5.13,10.3,18,37,37,943,31,16,10,57,7.920778134,106,48,5.452182181,9.779683311,7.735808673,8.111762862,474,19,10,5,34,469,12,6,5,23,508,492,29,19,76,30
50,1000,20,5.13,10.3,18,37,32,958,23,11,8,42,7.540771224,114,61,5.424535116,9.817005022,7.140114288,7.924178742,469,11,7,2,20,489,12,4,6,22,489,511,38,23,76,38
48,1000,20,5.13,10.3,18,37,43,956,32,8,4,44,7.887391295,101,60,5.457221008,10.09540834,7.899364505,7.875887623,468,15,6,1,22,488,17,2,3,22,490,510,37,23,81,20
49,1000,20,5.13,10.3,18,37,38,943,30,17,10,57,7.93639164,100,50,5.469701662,9.817354653,7.762129599,8.116320739,474,19,10,5,34,469,11,7,5,23,508,492,34,16,71,29
50,1000,20,5.13,10.3,18,37,33,958,23,11,8,42,7.566202659,96,43,5.441944037,9.85424409,7.159599066,7.955300813,470,10,7,2,19,488,13,4,6,23,489,511,30,13,77,19
48,1000,20,5.13,10.3,18,37,44,957,32,7,4,43,7.897185023,119,59,5.47067012,10.1304457,7.901842051,7.892710623,469,15,5,1,21,488,17,2,3,22,490,510,41,18,96,23
49,1000,20,5.13,10.3,18,37,39,944,30,16,10,56,7.946472361,98,61,5.488846552,9.860808331,7.783019026,8.11524125,475,19,9,5,33,469,11,7,5,23,508,492,39,22,75,23
50,1000,20,5.13,10.3,18,37,34,957,24,11,8,43,7.589028615,103,65,5.469695716,9.897546006,7.195817166,7.965311196,470,10,7,2,19,487,14,4,6,24,489,511,41,24,82,21
48,1000,20,5.13,10.3,18,37,45,956,33,7,4,44,7.917603001,117,60,5.487102015,10.15860048,7.947614642,7.888768286,468,16,5,1,22,488,17,2,3,22,490,510,42,18,93,24
49,1000,20,5.13,10.3,18,37,40,944,30,16,10,56,7.982199771,101,57,5.517246171,9.880549591,7.83511767,8.13406503,475,19,9,5,33,469,11,7,5,23,508,492,32,25,78,23
50,1000,20,5.13,10.3,18,37,35,956,25,11,8,44,7.628520327,107,58,5.484692391,9.910932747,7.26563954,7.975778066,469,11,7,2,20,487,14,4,6,24,489,511,41,17,82,25
48,1000,20,5.13,10.3,18,37,46,957,32,7,4,43,7.953900006,104,49,5.508322038,10.19226886,8.043087532,7.86821003,468,16,5,1,22,489,16,2,3,21,490,510,34,15,83,21
49,1000,20,5.13,10.3,18,37,41,943,31,16,10,57,7.994683498,95,54,5.536666418,9.912757325,7.859176599,8.134597126,475,19,9,5,33,468,12,7,5,24,508,492,35,19,77,18
50,1000,20,5.13,10.3,18,37,36,958,22,12,8,42,7.63057741,127,63,5.472283213,9.917437731,7.288412928,7.95801074,470,9,8,2,19,488,13,4,6,23,489,511,48,15,97,30
49,1000,20,5.13,10.3,18,37,42,942,32,16,10,58,8.016289844,128,50,5.543869959,9.940019321,7.888415062,8.148323156,475,19,9,5,33,467,13,7,5,25,508,492,31,19,87,41
48,1000,20,5.13,10.3,18,37,47,956,32,8,4,44,7.972957854,102,61,5.542243488,10.23954194,8.085060068,7.865251806,468,15,6,1,22,488,17,2,3,22,490,510,42,19,71,31
50,1000,20,5.13,10.3,18,37,37,957,23,12,8,43,7.650469615,95,54,5.493239636,9.943122067,7.314749801,7.971735738,469,10,8,2,20,488,13,4,6,23,489,511,40,14,66,29
49,1000,20,5.13,10.3,18,37,43,942,32,16,10,58,8.073580536,113,62,5.555084006,9.985258639,7.953135102,8.197942895,475,19,9,5,33,467,13,7,5,25,508,492,40,22,80,33
48,1000,20,5.13,10.3,18,37,48,955,31,9,5,45,8.021818603,106,63,5.564480244,10.2594781,8.167121604,7.882213759,467,16,6,1,23,488,15,3,4,22,490,510,43,20,85,21
50,1000,20,5.13,10.3,18,37,38,957,24,11,8,43,7.653305497,124,57,5.533703431,9.945153067,7.315556818,7.976513137,469,11,8,1,20,488,13,3,7,23,489,511,34,23,90,34
49,1000,20,5.13,10.3,18,37,44,942,34,14,10,58,8.040411738,98,72,5.581987572,10.04615016,7.946568151,8.13730715,476,20,7,5,32,466,14,7,5,26,508,492,39,33,73,25
48,1000,20,5.13,10.3,18,37,49,953,33,9,5,47,8.026916314,95,51,5.600752088,10.31558977,8.181012169,7.878863434,465,18,6,1,25,488,15,3,4,22,490,510,37,14,72,23
50,1000,20,5.13,10.3,18,37,39,957,24,11,8,43,7.651731098,104,50,5.557941319,9.981287368,7.303233448,7.985224936,469,11,8,1,20,488,13,3,7,23,489,511,34,16,78,26
49,1000,20,5.13,10.3,18,37,45,942,34,14,10,58,8.060977093,114,60,5.580561352,10.05749061,7.9854047,8.139007125,476,20,7,5,32,466,14,7,5,26,508,492,36,24,86,28
48,1000,20,5.13,10.3,18,37,50,953,33,9,5,47,8.073531399,98,50,5.609424722,10.3631971,8.203867461,7.948306556,465,18,6,1,25,488,15,3,4,22,490,510,35,15,79,19
50,1000,20,5.13,10.3,18,37,40,959,23,10,8,41,7.665000431,105,64,5.577747174,10.03204625,7.346469218,7.969817971,469,11,8,1,20,490,12,2,7,21,489,511,44,20,84,21
49,1000,20,5.13,10.3,18,37,46,945,34,11,10,55,8.044598271,111,56,5.602361516,10.08950714,7.981500287,8.109748222,476,20,6,6,32,469,14,5,4,23,508,492,36,20,80,31
50,1000,20,5.13,10.3,18,37,41,958,24,10,8,42,7.671910916,79,62,5.590047335,10.08735374,7.376039257,7.955044462,468,12,8,1,21,490,12,2,7,21,489,511,34,28,71,8
48,1000,20,5.13,10.3,18,37,51,951,35,9,5,49,8.081596007,120,54,5.635941039,10.42346154,8.221497702,7.947180652,465,18,6,1,25,486,17,3,4,24,490,510,39,15,96,24
49,1000,20,5.13,10.3,18,37,47,947,33,10,10,53,8.04229348,116,68,5.628716946,10.1425285,8.005018993,8.080780145,476,20,6,6,32,471,13,4,4,21,508,492,50,18,91,25
50,1000,20,5.13,10.3,18,37,42,959,25,9,7,41,7.699252769,111,42,5.59479816,10.09423745,7.426601574,7.960165557,469,12,7,1,20,490,13,2,6,21,489,511,27,15,83,28
48,1000,20,5.13,10.3,18,37,52,949,37,9,5,51,8.079982361,116,65,5.652234855,10.47983671,8.254752963,7.912065509,464,19,6,1,26,485,18,3,4,25,490,510,44,21,86,30
49,1000,20,5.13,10.3,18,37,48,947,32,11,10,53,8.094068759,98,60,5.630373704,10.16051418,8.070554271,8.118347946,476,19,7,6,32,471,13,4,4,21,508,492,36,24,76,22
50,1000,20,5.13,10.3,18,37,43,959,25,9,7,41,7.689707069,107,58,5.61197394,10.12178911,7.461684502,7.907912618,469,12,7,1,20,490,13,2,6,21,489,511,38,20,81,26
48,1000,20,5.13,10.3,18,37,53,949,37,9,5,51,8.069455203,110,61,5.662848345,10.48660028,8.263552523,7.882969542,464,19,6,1,26,485,18,3,4,25,490,510,49,12,78,32
49,1000,20,5.13,10.3,18,37,49,948,31,11,10,52,8.113787728,103,63,5.648759778,10.1947222,8.100134455,8.12788501,477,18,7,6,31,471,13,4,4,21,508,492,42,21,82,21
50,1000,20,5.13,10.3,18,37,44,959,25,9,7,41,7.74276454,99,52,5.608062736,10.13344853,7.538439068,7.938293221,469,12,7,1,20,490,13,2,6,21,489,511,38,14,76,23
49,1000,20,5.13,10.3,18,37,50,948,31,11,10,52,8.124123359,105,49,5.668802127,10.23920148,8.121869238,8.126450784,477,18,7,6,31,471,13,4,4,21,508,492,30,19,84,21
48,1000,20,5.13,10.3,18,37,54,952,34,11,3,48,8.096279001,111,63,5.669397837,10.51878257,8.327796023,7.873841079,465,16,8,1,25,487,18,3,2,23,490,510,43,20,89,22
50,1000,20,5.13,10.3,18,37,45,959,25,9,7,41,7.770022405,106,63,5.608329955,10.15758312,7.551637122,7.979005582,469,12,7,1,20,490,13,2,6,21,489,511,45,18,88,18
49,1000,20,5.13,10.3,18,37,51,949,31,11,9,51,8.150569157,103,64,5.678691974,10.2551895,8.20319083,8.09623621,477,18,7,6,31,472,13,4,3,20,508,492,39,25,75,28
48,1000,20,5.13,10.3,18,37,55,952,34,11,3,48,8.066298495,115,60,5.684349166,10.5352747,8.319405656,7.823117106,465,16,8,1,25,487,18,3,2,23,490,510,39,21,81,34
50,1000,20,5.13,10.3,18,37,46,960,23,10,7,40,7.80846994,103,57,5.628575755,10.16548144,7.560959212,8.045324629,469,12,7,1,20,491,11,3,6,20,489,511,41,16,76,27
49,1000,20,5.13,10.3,18,37,52,947,32,12,9,53,8.166387589,104,76,5.702392332,10.31321029,8.239889498,8.090495374,475,19,8,6,33,472,13,4,3,20,508,492,50,26,81,23
48,1000,20,5.13,10.3,18,37,56,952,34,11,3,48,8.045630612,111,56,5.696245072,10.54857488,8.308152832,7.793403381,465,16,8,1,25,487,18,3,2,23,490,510,34,22,82,29
50,1000,20,5.13,10.3,18,37,47,961,22,11,6,39,7.851694021,119,60,5.628983437,10.1856441,7.597896646,8.094564699,469,12,7,1,20,492,10,4,5,19,489,511,41,19,96,23
49,1000,20,5.13,10.3,18,37,53,948,31,12,9,52,8.171250048,100,73,5.716763528,10.3288003,8.272701024,8.066499853,476,18,8,6,32,472,13,4,3,20,508,492,47,26,77,23
48,1000,20,5.13,10.3,18,37,57,955,33,9,3,45,8.070855577,111,69,5.71788435,10.575414,8.32003336,7.831449472,468,15,6,1,22,487,18,3,2,23,490,510,51,18,86,25
50,1000,20,5.13,10.3,18,37,48,962,21,11,6,38,7.832825714,105,67,5.647844841,10.20775879,7.6403606,8.017004659,469,11,8,1,20,493,10,3,5,18,489,511,54,13,77,28
49,1000,20,5.13,10.3,18,37,54,948,32,12,8,52,8.161874862,114,48,5.738686197,10.37055245,8.301736938,8.017464427,476,18,8,6,32,472,14,4,2,20,508,492,33,15,82,32
48,1000,20,5.13,10.3,18,37,58,956,32,9,3,44,8.098887843,112,69,5.743615592,10.61733181,8.341647221,7.865648442,468,15,6,1,22,488,17,3,2,22,490,510,47,22,91,21
50,1000,20,5.13,10.3,18,37,49,961,22,11,6,39,7.88136337,107,60,5.650399474,10.22993342,7.682516283,8.071649524,469,11,8,1,20,492,11,3,5,19,489,511,32,28,86,21
49,1000,20,5.13,10.3,18,37,55,948,32,12,8,52,8.150956883,93,65,5.755780836,10.4130039,8.327763631,7.968400323,476,18,8,6,32,472,14,4,2,20,508,492,39,26,78,15
48,1000,20,5.13,10.3,18,37,59,957,31,9,3,43,8.109696999,107,70,5.766367476,10.67060449,8.369442159,7.860137923,468,15,6,1,22,489,16,3,2,21,490,510,45,25,79,28
50,1000,20,5.13,10.3,18,37,50,963,21,10,6,37,7.854451571,117,69,5.664545436,10.25395117,7.730795225,7.97278416,469,11,8,1,20,494,10,2,5,17,489,511,43,26,90,27
49,1000,20,5.13,10.3,18,37,56,949,30,13,8,51,8.208199762,106,59,5.798092066,10.51819187,8.423367215,7.986034993,475,18,9,6,33,474,12,4,2,18,508,492,38,21,82,24
48,1000,20,5.13,10.3,18,37,60,956,32,9,3,44,8.121851652,100,59,5.803462322,10.74673713,8.377849107,7.875893312,467,16,6,1,23,489,16,3,2,21,490,510,38,21,81,19
50,1000,20,5.13,10.3,18,37,51,962,22,10,6,38,7.879031245,109,63,5.679021101,10.29017075,7.789338414,7.964862545,468,12,8,1,21,494,10,2,5,17,489,511,34,29,86,23
49,1000,20,5.13,10.3,18,37,57,947,32,13,8,53,8.247856191,110,65,5.840077579,10.58536985,8.451020769,8.038084636,475,19,8,6,33,472,13,5,2,20,508,492,45,20,81,29
48,1000,20,5.13,10.3,18,37,61,955,33,9,3,45,8.160238124,120,63,5.828130103,10.80698588,8.418310469,7.912286264,467,16,6,1,23,488,17,3,2,22,490,510,46,17,91,29
50,1000,20,5.13,10.3,18,37,52,962,22,10,6,38,7.897155438,129,75,5.682951962,10.34110295,7.834702813,7.956919301,468,12,8,1,21,494,10,2,5,17,489,511,49,26,97,32
49,1000,20,5.13,10.3,18,37,58,948,31,13,8,52,8.265577585,109,69,5.857819354,10.61512154,8.493313444,8.030435682,475,18,9,6,33,473,13,4,2,19,508,492,45,24,86,23
50,1000,20,5.13,10.3,18,37,53,962,22,10,6,38,7.949712189,103,60,5.716569298,10.40893224,7.888978199,8.007831408,468,12,8,1,21,494,10,2,5,17,489,511,42,18,83,20
48,1000,20,5.13,10.3,18,37,62,955,33,9,3,45,8.160140106,109,63,5.84112174,10.83992256,8.414754721,7.915510377,467,16,6,1,23,488,17,3,2,22,490,510,45,18,82,27
49,1000,20,5.13,10.3,18,37,59,948,31,13,8,52,8.276767526,115,67,5.896564265,10.64024663,8.462616322,8.084874868,476,17,9,6,32,472,14,4,2,20,508,492,41,26,82,33
50,1000,20,5.13,10.3,18,37,54,961,23,10,6,39,7.942531384,103,79,5.755003807,10.44885637,7.926356475,7.958009918,468,12,8,1,21,493,11,2,5,18,489,511,48,31,81,22
48,1000,20,5.13,10.3,18,37,63,956,32,9,3,44,8.185439461,115,47,5.876358092,10.89786775,8.454262558,7.927158447,467,16,6,1,23,489,16,3,2,21,490,510,29,18,91,24
49,1000,20,5.13,10.3,18,37,60,949,30,13,8,51,8.273900956,94,63,5.892451639,10.67689284,8.47719568,8.063995021,477,16,9,6,31,472,14,4,2,20,508,492,49,14,69,25
50,1000,20,5.13,10.3,18,37,55,963,22,10,5,37,7.916746344,121,51,5.758321703,10.46326057,7.939425119,7.895043954,469,11,8,1,20,494,11,2,4,17,489,511,34,17,105,16
49,1000,20,5.13,10.3,18,37,61,950,30,13,7,50,8.281284867,112,49,5.906733406,10.70708924,8.520292234,8.034504904,477,16,9,6,31,473,14,4,1,19,508,492,30,19,84,28
48,1000,20,5.13,10.3,18,37,64,956,32,9,3,44,8.213156759,140,59,5.88826741,10.98468289,8.461581749,7.974473926,467,17,5,1,23,489,15,4,2,21,490,510,42,17,105,35
50,1000,20,5.13,10.3,18,37,56,963,22,10,5,37,7.913869281,101,65,5.780483747,10.51134619,7.962698065,7.867142713,469,11,8,1,20,494,11,2,4,17,489,511,45,20,79,22
49,1000,20,5.13,10.3,18,37,62,948,32,12,8,52,8.312679359,114,65,5.909733211,10.78118073,8.551479334,8.066113532,476,17,9,6,32,472,15,3,2,20,508,492,49,16,92,22
48,1000,20,5.13,10.3,18,37,65,956,32,9,3,44,8.225142296,116,66,5.87878915,11.00802844,8.52625403,7.935838866,467,17,5,1,23,489,15,4,2,21,490,510,48,18,87,29
50,1000,20,5.13,10.3,18,37,57,963,22,10,5,37,7.918933666,114,56,5.779980065,10.5352091,7.986259243,7.854506647,469,11,8,1,20,494,11,2,4,17,489,511,35,21,90,24
49,1000,20,5.13,10.3,18,37,63,948,31,13,8,52,8.349480322,113,59,5.935374162,10.80896212,8.581621577,8.109789758,476,17,9,6,32,472,14,4,2,20,508,492,47,12,83,30
48,1000,20,5.13,10.3,18,37,66,955,33,9,3,45,8.236201513,109,78,5.875635616,11.02786791,8.561642488,7.92352293,466,18,5,1,24,489,15,4,2,21,490,510,47,31,85,24
49,1000,20,5.13,10.3,18,37,64,947,32,13,8,53,8.381994818,125,59,5.968487049,10.8480957,8.610014425,8.146559938,475,18,9,6,33,472,14,4,2,20,508,492,44,15,97,28
50,1000,20,5.13,10.3,18,37,58,962,22,11,5,38,7.957697752,110,63,5.806275198,10.56152154,8.02136578,7.896770814,469,11,8,1,20,493,11,3,4,18,489,511,41,22,85,25
48,1000,20,5.13,10.3,18,37,67,954,33,10,3,46,8.274028193,106,55,5.898037923,11.05683111,8.628269743,7.933678469,465,18,6,1,25,489,15,4,2,21,490,510,33,22,82,24
50,1000,20,5.13,10.3,18,37,59,962,22,11,5,38,7.97419372,108,63,5.82379099,10.62767469,8.07492292,7.877801198,469,11,8,1,20,493,11,3,4,18,489,511,35,28,82,26
49,1000,20,5.13,10.3,18,37,65,948,30,14,8,52,8.404112384,111,65,6.018787675,10.89618487,8.677023772,8.122325829,475,17,10,6,33,473,13,4,2,19,508,492,46,19,91,20
48,1000,20,5.13,10.3,18,37,68,954,33,10,3,46,8.310035815,135,66,5.911099754,11.06770236,8.72258226,7.913667663,465,18,6,1,25,489,15,4,2,21,490,510,45,21,115,20
50,1000,20,5.13,10.3,18,37,60,962,22,11,5,38,8.006743453,117,64,5.851248871,10.6981079,8.126618904,7.89202898,468,12,8,1,21,494,10,3,4,17,489,511,43,21,93,24
49,1000,20,5.13,10.3,18,37,66,949,29,14,8,51,8.430915833,126,65,6.05254736,10.94117644,8.755065139,8.096225086,475,17,10,6,33,474,12,4,2,18,508,492,45,20,97,29
50,1000,20,5.13,10.3,18,37,61,962,22,11,5,38,8.042380306,115,60,5.866394875,10.74283216,8.191311977,7.899860567,468,12,8,1,21,494,10,3,4,17,489,511,42,18,87,28
48,1000,20,5.13,10.3,18,37,69,956,32,10,2,44,8.310298581,120,75,5.908145369,11.10308265,8.711303247,7.925019589,466,17,6,1,24,490,15,4,1,20,490,510,46,29,92,28
49,1000,20,5.13,10.3,18,37,67,950,28,14,8,50,8.452766997,120,68,6.085896928,10.97491011,8.817146446,8.07653781,475,17,10,6,33,475,11,4,2,17,508,492,46,22,93,27
50,1000,20,5.13,10.3,18,37,62,962,22,11,5,38,8.081317609,115,60,5.906016659,10.7977976,8.233321764,7.935857665,468,12,8,1,21,494,10,3,4,17,489,511,40,20,94,21
48,1000,20,5.13,10.3,18,37,70,955,32,11,2,45,8.301738813,114,49,5.941364316,11.13320077,8.713389026,7.906231745,465,18,6,1,25,490,14,5,1,20,490,510,37,12,86,28
49,1000,20,5.13,10.3,18,37,68,950,29,14,7,50,8.447572559,112,73,6.102937354,11.02231714,8.802813743,8.080778816,475,18,10,5,33,475,11,4,2,17,508,492,51,22,88,24
50,1000,20,5.13,10.3,18,37,63,962,22,11,5,38,8.090017207,98,66,5.924504892,10.841487,8.263703303,7.923808791,468,12,8,1,21,494,10,3,4,17,489,511,44,22,75,23
49,1000,20,5.13,10.3,18,37,69,950,30,13,7,50,8.453310228,133,71,6.126121066,11.07078021,8.84630561,8.047534509,474,19,10,5,34,476,11,3,2,16,508,492,56,15,107,26
48,1000,20,5.13,10.3,18,37,71,955,32,11,2,45,8.323504392,126,66,5.957477258,11.17810498,8.731241695,7.931756787,465,18,6,1,25,490,14,5,1,20,490,510,46,20,102,24
50,1000,20,5.13,10.3,18,37,64,961,22,12,5,39,8.094683223,128,67,5.941722294,10.90605913,8.317014609,7.881923834,467,13,7,2,22,494,9,5,3,17,489,511,51,16,107,21
49,1000,20,5.13,10.3,18,37,70,949,31,12,8,51,8.487629926,141,70,6.145310836,11.11543751,8.876138067,8.086487374,474,19,9,6,34,475,12,3,2,17,508,492,47,23,105,36
48,1000,20,5.13,10.3,18,37,72,956,30,12,2,44,8.307325548,99,57,5.979799121,11.22620822,8.731468582,7.899815574,465,17,7,1,25,491,13,5,1,19,490,510,45,12,82,17
50,1000,20,5.13,10.3,18,37,65,963,21,11,5,37,8.10854477,111,74,5.956004714,10.9611205,8.368267088,7.860004234,467,13,7,2,22,496,8,4,3,15,489,511,48,26,92,19
49,1000,20,5.13,10.3,18,37,71,949,31,12,8,51,8.49395531,128,59,6.161575023,11.15231151,8.913714528,8.060545387,473,19,10,6,35,476,12,2,2,16,508,492,39,20,101,27
48,1000,20,5.13,10.3,18,37,73,956,30,12,2,44,8.330354537,116,52,6.029834034,11.27195453,8.770853194,7.907130337,465,17,7,1,25,491,13,5,1,19,490,510,40,12,100,16
50,1000,20,5.13,10.3,18,37,66,962,23,10,5,38,8.122814739,106,68,5.984922447,11.01085732,8.425262802,7.833387924,466,15,6,2,23,496,8,4,3,15,489,511,49,19,88,18
49,1000,20,5.13,10.3,18,37,72,949,31,12,8,51,8.51626258,122,69,6.18991469,11.2110441,8.941985891,8.076694609,473,19,10,6,35,476,12,2,2,16,508,492,47,22,109,13
50,1000,20,5.13,10.3,18,37,67,961,23,11,5,39,8.14166088,108,72,5.981326792,11.00185169,8.460948121,7.836119861,466,15,6,2,23,495,8,5,3,16,489,511,57,15,91,17
48,1000,20,5.13,10.3,18,37,74,957,29,12,2,43,8.355153844,126,78,6.067590641,11.32960928,8.79922496,7.92849728,466,16,7,1,24,491,13,5,1,19,490,510,54,24,96,30
49,1000,20,5.13,10.3,18,37,73,952,30,11,7,48,8.495083605,136,64,6.21618755,11.26018313,8.934453062,8.04142571,475,18,10,5,33,477,12,1,2,15,508,492,44,20,108,28
48,1000,20,5.13,10.3,18,37,75,956,30,12,2,44,8.354090814,133,67,6.10417195,11.39832334,8.8196485,7.906790292,466,16,7,1,24,490,14,5,1,20,490,510,45,22,108,25
50,1000,20,5.13,10.3,18,37,68,962,23,10,5,38,8.189023815,96,62,5.989362638,11.0620211,8.530330656,7.862411201,466,15,6,2,23,496,8,4,3,15,489,511,47,15,76,20
49,1000,20,5.13,10.3,18,37,74,952,30,11,7,48,8.509130617,115,68,6.272240684,11.34207678,8.982492406,8.020374949,475,18,10,5,33,477,12,1,2,15,508,492,47,21,91,24
48,1000,20,5.13,10.3,18,37,76,957,28,12,3,43,8.371875375,114,72,6.142995823,11.41347582,8.859232435,7.903630357,466,16,7,1,24,491,12,5,2,19,490,510,52,20,96,18
50,1000,20,5.13,10.3,18,37,69,962,23,9,6,38,8.205829619,129,76,6.04069894,11.12738985,8.574186281,7.853331757,466,15,5,3,23,496,8,4,3,15,489,511,59,17,97,32
49,1000,20,5.13,10.3,18,37,75,948,32,12,8,52,8.560406338,106,76,6.304268379,11.41660623,9.042437968,8.062698882,473,19,11,5,35,475,13,1,3,17,508,492,53,23,78,28
48,1000,20,5.13,10.3,18,37,77,954,30,13,3,46,8.379956554,130,77,6.164845875,11.45926317,8.898482223,7.881765224,463,18,8,1,27,491,12,5,2,19,490,510,52,25,111,19
50,1000,20,5.13,10.3,18,37,70,963,22,9,6,37,8.228675243,107,71,6.074024295,11.18671551,8.581776587,7.890775914,467,15,4,3,22,496,7,5,3,15,489,511,48,23,84,23
49,1000,20,5.13,10.3,18,37,76,948,32,12,8,52,8.603962065,103,81,6.317275644,11.44028109,9.092439462,8.099599224,473,19,11,5,35,475,13,1,3,17,508,492,58,23,85,18
48,1000,20,5.13,10.3,18,37,78,955,29,12,4,45,8.389423207,114,81,6.20680826,11.52934086,8.925229947,7.874628496,463,18,8,1,27,492,11,4,3,18,490,510,58,23,102,12
50,1000,20,5.13,10.3,18,37,71,962,23,9,6,38,8.241123137,127,66,6.08446606,11.21554478,8.66930471,7.831375996,466,16,4,3,23,496,7,5,3,15,489,511,49,17,98,29
49,1000,20,5.13,10.3,18,37,77,946,33,13,8,54,8.667092602,121,70,6.330362047,11.47689907,9.183032297,8.134374381,471,20,12,5,37,475,13,1,3,17,508,492,56,14,90,31
48,1000,20,5.13,10.3,18,37,79,955,30,10,5,45,8.395407468,139,80,6.234781179,11.57995131,8.92216201,7.889309967,464,18,6,2,26,491,12,4,3,19,490,510,51,29,107,32
50,1000,20,5.13,10.3,18,37,72,960,24,10,6,40,8.252986549,110,58,6.113985478,11.27934968,8.739549013,7.78737198,463,18,5,3,26,497,6,5,3,14,489,511,39,19,86,24
49,1000,20,5.13,10.3,18,37,78,946,34,13,7,54,8.670051516,104,68,6.373904232,11.54462024,9.205680461,8.117003743,470,21,12,5,38,476,13,1,2,16,508,492,48,20,88,16
48,1000,20,5.13,10.3,18,37,80,954,31,10,5,46,8.402047302,119,69,6.272508885,11.65035414,8.942525612,7.882764221,463,19,6,2,27,491,12,4,3,19,490,510,49,20,100,19
50,1000,20,5.13,10.3,18,37,73,960,24,10,6,40,8.290985161,125,57,6.153858279,11.36801138,8.763243242,7.83905913,463,18,5,3,26,497,6,5,3,14,489,511,42,15,97,28
49,1000,20,5.13,10.3,18,37,79,944,36,13,7,56,8.684022359,115,70,6.412952721,11.62843051,9.209606544,8.141346006,469,23,11,5,39,475,13,2,2,17,508,492,58,12,89,26
50,1000,20,5.13,10.3,18,37,74,959,23,12,6,41,8.332027487,114,64,6.191621862,11.43443523,8.82421753,7.861027622,462,18,6,3,27,497,5,6,3,14,489,511,54,10,94,20
48,1000,20,5.13,10.3,18,37,81,953,32,10,5,47,8.417873935,118,77,6.288057071,11.68327625,8.963575734,7.893572206,462,20,6,2,28,491,12,4,3,19,490,510,57,20,88,30
49,1000,20,5.13,10.3,18,37,80,943,36,14,7,57,8.727193709,129,80,6.428319293,11.68270167,9.279530013,8.15689525,468,23,12,5,40,475,13,2,2,17,508,492,61,19,106,23
50,1000,20,5.13,10.3,18,37,75,959,22,13,6,41,8.343072108,121,69,6.229454381,11.50512648,8.840634916,7.86693079,462,17,7,3,27,497,5,6,3,14,489,511,49,20,97,24
48,1000,20,5.13,10.3,18,37,82,953,32,10,5,47,8.439257534,126,74,6.334345065,11.76707943,8.998740078,7.901715483,462,20,6,2,28,491,12,4,3,19,490,510,53,21,109,17
49,1000,20,5.13,10.3,18,37,81,942,36,15,7,58,8.77264657,109,72,6.469289881,11.75096248,9.346586486,8.18004194,467,23,13,5,41,475,13,2,2,17,508,492,51,21,81,28
50,1000,20,5.13,10.3,18,37,76,960,22,12,6,40,8.345619861,124,61,6.26682167,11.5605926,8.863871769,7.849680167,462,17,7,3,27,498,5,5,3,13,489,511,47,14,104,20
49,1000,20,5.13,10.3,18,37,82,940,38,15,7,60,8.767164404,134,60,6.503802556,11.78755992,9.393101695,8.120871429,464,25,14,5,44,476,13,1,2,16,508,492,42,18,109,25
48,1000,20,5.13,10.3,18,37,83,953,32,10,5,47,8.446157935,106,61,6.352362417,11.79270669,9.040415244,7.875204835,462,20,6,2,28,491,12,4,3,19,490,510,48,13,91,15
50,1000,20,5.13,10.3,18,37,77,960,22,12,6,40,8.351302356,106,62,6.264177385,11.60458741,8.853435578,7.870787394,463,16,7,3,26,497,6,5,3,14,489,511,44,18,80,26
49,1000,20,5.13,10.3,18,37,83,938,40,15,7,62,8.827475496,122,64,6.545920987,11.82647052,9.484497088,8.149087349,462,27,14,5,46,476,13,1,2,16,508,492,44,20,104,18
48,1000,20,5.13,10.3,18,37,84,952,32,11,5,48,8.447101161,122,76,6.379313863,11.85187655,9.083556512,7.835604844,461,20,7,2,29,491,12,4,3,19,490,510,53,23,98,24
50,1000,20,5.13,10.3,18,37,78,961,21,12,6,39,8.400710585,124,72,6.295405699,11.637519,8.920682161,7.903125262,464,15,7,3,25,497,6,5,3,14,489,511,48,24,104,20
49,1000,20,5.13,10.3,18,37,84,938,39,16,7,62,8.866043957,122,68,6.562029605,11.87376728,9.528937468,8.181592934,462,26,15,5,46,476,13,1,2,16,508,492,44,24,99,23
48,1000,20,5.13,10.3,18,37,85,953,31,11,5,47,8.482549208,113,59,6.402676418,11.91218697,9.160105177,7.831564061,461,20,7,2,29,492,11,4,3,18,490,510,47,12,96,17
50,1000,20,5.13,10.3,18,37,79,961,21,12,6,39,8.429486275,118,64,6.297259335,11.66545926,9.001613574,7.88199068,464,15,7,3,25,497,6,5,3,14,489,511,48,16,91,27
49,1000,20,5.13,10.3,18,37,85,936,41,16,7,64,8.897584789,118,65,6.611813286,11.95062804,9.60533758,8.166815647,461,27,15,5,47,475,14,1,2,17,508,492,50,15,91,27
48,1000,20,5.13,10.3,18,37,86,953,31,10,6,47,8.514835294,147,87,6.433751946,11.96912183,9.230356465,7.827373775,461,20,6,3,29,492,11,4,3,18,490,510,67,20,119,28
50,1000,20,5.13,10.3,18,37,80,961,21,12,6,39,8.4339526,124,75,6.315640613,11.73582255,9.040669024,7.85335704,464,15,7,3,25,497,6,5,3,14,489,511,54,21,102,22
49,1000,20,5.13,10.3,18,37,86,936,41,16,7,64,8.906728037,121,79,6.636596131,12.01338119,9.607184555,8.183492446,461,27,15,5,47,475,14,1,2,17,508,492,58,21,95,26
48,1000,20,5.13,10.3,18,37,87,950,34,10,6,50,8.562331577,122,76,6.489459615,12.027555,9.279844058,7.872956841,461,20,6,3,29,489,14,4,3,21,490,510,59,17,102,20
49,1000,20,5.13,10.3,18,37,87,935,41,17,7,65,8.947923759,113,67,6.667784256,12.0625821,9.673192038,8.19906952,460,27,16,5,48,475,14,1,2,17,508,492,46,21,96,17
50,1000,20,5.13,10.3,18,37,81,961,22,12,5,39,8.491486212,114,77,6.318249307,11.78317545,9.110253014,7.899359076,464,16,7,2,25,497,6,5,3,14,489,511,57,20,95,19
48,1000,20,5.13,10.3,18,37,88,952,31,11,6,48,8.539155507,133,75,6.521877962,12.09876474,9.310288788,7.798262747,462,18,7,3,28,490,13,4,3,20,490,510,54,21,102,31
49,1000,20,5.13,10.3,18,37,88,936,39,18,7,64,8.981915213,115,70,6.682523593,12.10312555,9.764477445,8.173903802,460,26,17,5,48,476,13,1,2,16,508,492,54,16,98,17
50,1000,20,5.13,10.3,18,37,82,959,24,12,5,41,8.527319646,134,82,6.330088251,11.80848619,9.133382902,7.947349132,464,16,7,2,25,495,8,5,3,16,489,511,56,26,105,29
48,1000,20,5.13,10.3,18,37,89,950,33,11,6,50,8.603352234,138,60,6.551299047,12.17409675,9.380117313,7.857048531,460,20,7,3,30,490,13,4,3,20,490,510,44,16,109,29
49,1000,20,5.13,10.3,18,37,89,935,40,16,9,65,8.984985886,127,76,6.730724032,12.19174486,9.80848424,8.134707098,459,27,15,7,49,476,13,1,2,16,508,492,54,22,102,25
50,1000,20,5.13,10.3,18,37,83,958,25,12,5,42,8.545935496,116,62,6.347703996,11.89302257,9.142057663,7.975478079,463,17,7,2,26,495,8,5,3,16,489,511,45,17,93,23
48,1000,20,5.13,10.3,18,37,90,949,34,11,6,51,8.641169921,134,78,6.592117938,12.24925332,9.400932003,7.91120243,459,21,7,3,31,490,13,4,3,20,490,510,59,19,114,20
49,1000,20,5.13,10.3,18,37,90,936,40,15,9,64,9.010378787,119,65,6.770843027,12.23793678,9.831120632,8.16294615,459,28,14,7,49,477,12,1,2,15,508,492,49,16,97,22
50,1000,20,5.13,10.3,18,37,84,959,24,12,5,41,8.556760817,123,66,6.379164502,11.97302751,9.192364267,7.948521898,463,17,7,2,26,496,7,5,3,15,489,511,41,25,102,21
48,1000,20,5.13,10.3,18,37,91,949,34,11,6,51,8.656136415,114,66,6.637140266,12.31752556,9.435892125,7.906959361,458,22,7,3,32,491,12,4,3,19,490,510,51,15,98,16
49,1000,20,5.13,10.3,18,37,91,935,41,15,9,65,8.993846248,117,70,6.799953752,12.3195874,9.843225627,8.116844777,459,28,14,7,49,476,13,1,2,16,508,492,56,14,99,18
50,1000,20,5.13,10.3,18,37,85,959,24,12,5,41,8.581112222,116,67,6.403230325,12.05460625,9.209184003,7.980080713,463,17,7,2,26,496,7,5,3,15,489,511,51,16,94,22
49,1000,20,5.13,10.3,18,37,92,935,40,16,9,65,9.025493537,138,69,6.837644162,12.3699993,9.903683572,8.118744477,459,28,14,7,49,476,12,2,2,16,508,492,60,9,111,27
48,1000,20,5.13,10.3,18,37,92,948,34,12,6,52,8.710271454,116,69,6.694198218,12.41667157,9.53241422,7.92036958,458,21,8,3,32,490,13,4,3,20,490,510,48,21,93,23
50,1000,20,5.13,10.3,18,37,86,959,24,12,5,41,8.574522165,119,63,6.410849211,12.091859,9.229057438,7.948166493,463,17,7,2,26,496,7,5,3,15,489,511,45,18,96,23
49,1000,20,5.13,10.3,18,37,93,933,42,16,9,67,9.073798203,122,70,6.895588871,12.49706074,9.986807572,8.131097472,457,30,14,7,51,476,12,2,2,16,508,492,49,21,100,22
48,1000,20,5.13,10.3,18,37,93,947,35,12,6,53,8.718045396,126,73,6.733874182,12.46478143,9.555711803,7.913228651,458,21,8,3,32,489,14,4,3,21,490,510,53,20,110,16
50,1000,20,5.13,10.3,18,37,87,960,23,12,5,40,8.619148473,117,64,6.451678105,12.15970393,9.261007534,8.004923265,464,16,7,2,25,496,7,5,3,15,489,511,46,18,107,10
49,1000,20,5.13,10.3,18,37,94,933,42,16,9,67,9.081229204,129,67,6.917966614,12.5621375,9.996856161,8.135825761,457,30,14,7,51,476,12,2,2,16,508,492,48,19,113,16
48,1000,20,5.13,10.3,18,37,94,948,35,11,6,52,8.729506119,116,79,6.762731891,12.54190865,9.566432379,7.925400496,459,21,7,3,31,489,14,4,3,21,490,510,62,17,96,20
50,1000,20,5.13,10.3,18,37,88,960,23,12,5,40,8.624717001,126,82,6.477839533,12.20134831,9.262639724,8.014258662,464,16,7,2,25,496,7,5,3,15,489,511,61,21,102,24
49,1000,20,5.13,10.3,18,37,95,931,45,15,9,69,9.138106591,129,72,6.965021973,12.6711371,10.07177936,8.174070475,456,32,13,7,52,475,13,2,2,17,508,492,60,12,106,23
48,1000,20,5.13,10.3,18,37,95,947,36,11,6,53,8.717350086,121,95,6.80255824,12.60656352,9.585087832,7.883641271,458,22,7,3,32,489,14,4,3,21,490,510,72,23,98,23
50,1000,20,5.13,10.3,18,37,89,959,24,12,5,41,8.635821494,138,75,6.513516376,12.27942393,9.304959411,7.995491862,463,17,7,2,26,496,7,5,3,15,489,511,60,15,116,22
49,1000,20,5.13,10.3,18,37,96,931,43,17,9,69,9.156581529,130,71,6.995171724,12.72538198,10.12713094,8.154469533,456,30,15,7,52,475,13,2,2,17,508,492,54,17,111,19
48,1000,20,5.13,10.3,18,37,96,945,38,11,6,55,8.739978305,136,68,6.83936649,12.66140989,9.684613364,7.832387758,456,24,7,3,34,489,14,4,3,21,490,510,50,18,112,24
50,1000,20,5.13,10.3,18,37,90,957,26,12,5,43,8.633062353,132,65,6.546218091,12.33848949,9.339605242,7.956938141,461,19,7,2,28,496,7,5,3,15,489,511,47,18,111,21
49,1000,20,5.13,10.3,18,37,97,931,43,16,10,69,9.172367175,137,63,7.035854902,12.76640803,10.16383804,8.148653352,456,30,14,8,52,475,13,2,2,17,508,492,47,16,116,21
48,1000,20,5.13,10.3,18,37,97,945,37,12,6,55,8.735635765,129,76,6.856516945,12.71643099,9.720956726,7.788954842,456,23,8,3,34,489,14,4,3,21,490,510,53,23,104,25
50,1000,20,5.13,10.3,18,37,91,954,28,13,5,46,8.627385062,144,75,6.585759764,12.39172776,9.368767117,7.917921607,459,20,8,2,30,495,8,5,3,16,489,511,62,13,125,19
49,1000,20,5.13,10.3,18,37,98,930,44,16,10,70,9.188371343,133,76,7.077472343,12.8308318,10.20056752,8.143258221,455,31,14,8,53,475,13,2,2,17,508,492,55,21,110,23
48,1000,20,5.13,10.3,18,37,98,945,37,12,6,55,8.75849933,124,72,6.879407486,12.7613338,9.812944667,7.745404791,456,23,8,3,34,489,14,4,3,21,490,510,49,23,108,16
49,1000,20,5.13,10.3,18,37,99,930,44,16,10,70,9.196965181,133,81,7.111327432,12.91710452,10.21853139,8.142177307,455,31,14,8,53,475,13,2,2,17,508,492,61,20,113,20
50,1000,20,5.13,10.3,18,37,92,956,26,13,5,44,8.605074594,134,67,6.618929241,12.44893941,9.353762355,7.888619967,460,19,8,2,29,496,7,5,3,15,489,511,56,11,110,24
48,1000,20,5.13,10.3,18,37,99,944,38,12,6,56,8.768546361,129,73,6.888033111,12.81556377,9.830289774,7.748439944,455,24,8,3,35,489,14,4,3,21,490,510,58,15,112,17
49,1000,20,5.13,10.3,18,37,100,931,43,15,11,69,9.194181664,124,75,7.138854347,12.96303221,10.25839952,8.095355093,456,31,12,9,52,475,12,3,2,17,508,492,62,13,103,21
50,1000,20,5.13,10.3,18,37,93,956,26,13,5,44,8.603752475,149,63,6.648362509,12.48569707,9.402635727,7.839263414,460,19,8,2,29,496,7,5,3,15,489,511,49,14,127,22
48,1000,20,5.13,10.3,18,37,100,944,37,13,6,56,8.788652935,111,70,6.933705034,12.91079163,9.884362974,7.735911917,455,24,8,3,35,489,13,5,3,21,490,510,58,12,101,10
49,1000,20,5.13,10.3,18,37,101,931,43,15,11,69,9.207888077,139,76,7.169060956,12.99798444,10.27120276,8.109994056,456,31,12,9,52,475,12,3,2,17,508,492,59,17,119,20
50,1000,20,5.13,10.3,18,37,94,955,27,13,5,45,8.60208525,129,79,6.682827384,12.55251237,9.41899491,7.82034587,460,19,8,2,29,495,8,5,3,16,489,511,65,14,107,22
49,1000,20,5.13,10.3,18,37,102,931,43,15,11,69,9.19402172,142,74,7.203520799,13.07738267,10.29223953,8.060089514,456,31,12,9,52,475,12,3,2,17,508,492,55,19,119,23
48,1000,20,5.13,10.3,18,37,101,943,37,14,6,57,8.801905244,128,64,6.965268595,12.95237808,9.941983697,7.70653575,455,23,9,3,35,488,14,5,3,22,490,510,48,16,111,17
50,1000,20,5.13,10.3,18,37,95,955,27,13,5,45,8.601895145,126,75,6.726042701,12.63663504,9.43227324,7.807267182,460,19,8,2,29,495,8,5,3,16,489,511,54,21,115,11
49,1000,20,5.13,10.3,18,37,103,930,44,15,11,70,9.256639383,135,81,7.238618505,13.15652186,10.38040663,8.096326859,455,32,12,9,53,475,12,3,2,17,508,492,63,18,108,27
48,1000,20,5.13,10.3,18,37,102,945,36,13,6,55,8.807848416,154,82,7.004385238,13.04683045,9.929384906,7.730293749,457,22,8,3,33,488,14,5,3,22,490,510,66,16,118,36
50,1000,20,5.13,10.3,18,37,96,955,26,14,5,45,8.66432885,121,76,6.732297483,12.68918352,9.526255275,7.839510802,460,18,9,2,29,495,8,5,3,16,489,511,62,14,100,21
49,1000,20,5.13,10.3,18,37,104,933,44,13,10,67,9.20431048,131,94,7.274789613,13.21739693,10.36342595,8.007500195,458,31,10,9,50,475,13,3,1,17,508,492,71,23,109,22
48,1000,20,5.13,10.3,18,37,103,945,37,13,5,55,8.775054654,127,62,7.054661954,13.10109776,9.931610556,7.663853886,457,22,8,3,33,488,15,5,2,22,490,510,45,17,112,15
50,1000,20,5.13,10.3,18,37,97,955,26,14,5,45,8.663803116,151,65,6.759762861,12.74712458,9.530033274,7.834866624,460,18,9,2,29,495,8,5,3,16,489,511,52,13,127,24
50,1000,20,5.13,10.3,18,37,98,955,26,14,5,45,8.705732455,136,70,6.788077486,12.80744098,9.571542956,7.877197554,460,18,9,2,29,495,8,5,3,16,489,511,57,13,120,16
48,1000,20,5.13,10.3,18,37,104,943,38,14,5,57,8.8243726,119,76,7.079416263,13.20381104,9.988178462,7.706206182,456,23,8,3,34,487,15,6,2,23,490,510,56,20,95,24
50,1000,20,5.13,10.3,18,37,99,952,29,14,5,48,8.752648495,129,77,6.809890662,12.85627304,9.661307202,7.883110124,457,21,9,2,32,495,8,5,3,16,489,511,61,16,115,14
50,1000,20,5.13,10.3,18,37,100,952,29,14,5,48,8.770966302,127,84,6.857216702,12.96177209,9.694634256,7.887064874,457,21,9,2,32,495,8,5,3,16,489,511,62,22,107,20
50,1000,20,5.13,10.3,18,37,101,951,30,14,5,49,8.810651842,133,86,6.87832254,13.03222438,9.758580522,7.903534181,456,22,9,2,33,495,8,5,3,16,489,511,74,12,114,19
50,1000,20,5.13,10.3,18,37,102,952,30,11,7,48,8.838170141,142,87,6.926016328,13.08882045,9.819240734,7.899337422,456,22,8,3,33,496,8,3,4,15,489,511,67,20,118,24
50,1000,20,5.13,10.3,18,37,103,952,30,11,7,48,8.84519297,124,89,6.990548621,13.1980893,9.865872531,7.868456561,456,22,8,3,33,496,8,3,4,15,489,511,70,19,106,18
50,1000,20,5.13,10.3,18,37,104,952,30,11,7,48,8.861462128,123,72,7.034869995,13.29345359,9.929136703,7.839753973,456,22,8,3,33,496,8,3,4,15,489,511,57,15,105,18
