[run number],initial-people,environment,healthy-treatment-chance-men,healthy-treatment-chance-women,dep-treatment-chance-men,dep-treatment-chance-women,[step],"count turtles with [ severity = ""No Depression"" ]","count turtles with [ severity = ""Mild Depression"" ]","count turtles with [ severity = ""Moderate Depression"" ]","count turtles with [ severity = ""Severe Depression"" ]","count turtles with [ severity != ""No Depression"" ]",mean [ dep-score ] of turtles,count turtles with [ treatment? ],count turtles with [ talks? ],mean [ prob-of-talking ] of turtles,mean [ prob-of-treatment ] of turtles,"mean [ dep-score ] of turtles with [ gender? = ""male"" ]","mean [ dep-score ] of turtles with [ gender? = ""female"" ]","count turtles with [ severity = ""No Depression"" and gender? = ""male"" ]","count turtles with [ severity = ""Mild Depression"" and gender? = ""male"" ]","count turtles with [ severity = ""Moderate Depression"" and gender? = ""male"" ]","count turtles with [ severity = ""Severe Depression"" and gender? = ""male"" ]","count turtles with [ severity != ""No Depression"" and gender? = ""male"" ]","count turtles with [ severity = ""No Depression"" and gender? = ""female"" ]","count turtles with [ severity = ""Mild Depression"" and gender? = ""female"" ]","count turtles with [ severity = ""Moderate Depression"" and gender? = ""female"" ]","count turtles with [ severity = ""Severe Depression"" and gender? = ""female"" ]","count turtles with [ severity != ""No Depression"" and gender? = ""female"" ]","count turtles with [ gender? = ""male"" ]","count turtles with [ gender? = ""female"" ]","count turtles with [ talks? = TRUE and gender? = ""female"" ]","count turtles with [ talks? = TRUE and gender? = ""male"" ]","count turtles with [ treatment? = TRUE and gender? = ""female"" ]","count turtles with [ treatment? = TRUE and gender? = ""male"" ]"
6,1000,10,5.13,10.3,18,37,0,934,35,14,17,66,7.317,96,25,2.592644056,9.397598044,6.317813765,8.292490119,476,13,1,4,18,458,22,13,13,48,494,506,15,10,62,34
5,1000,10,5.13,10.3,18,37,0,945,37,7,11,55,6.878,98,34,2.521583135,8.835169743,6.174757282,7.624742268,501,8,2,4,14,444,29,5,7,41,515,485,23,11,65,33
8,1000,10,5.13,10.3,18,37,0,937,38,14,11,63,7.419,102,20,2.480734322,9.098685096,6.690335306,8.168356998,487,15,1,4,20,450,23,13,7,43,507,493,14,6,66,36
3,1000,10,5.13,10.3,18,37,0,935,27,13,25,65,7.565,81,30,2.560897701,9.164715256,7.020576132,8.079766537,462,10,6,8,24,473,17,7,17,41,486,514,16,14,61,20
2,1000,10,5.13,10.3,18,37,0,932,39,15,14,68,7.522,82,23,2.556398786,9.052586286,6.883858268,8.180894309,477,23,4,4,31,455,16,11,10,37,508,492,6,17,53,29
4,1000,10,5.13,10.3,18,37,0,940,31,18,11,60,7.154,98,35,2.467317424,9.056113162,6.378,7.93,481,10,6,3,19,459,21,12,8,41,500,500,24,11,73,25
7,1000,10,5.13,10.3,18,37,0,945,28,21,6,55,6.948,92,40,2.490110747,8.775950008,6.553398058,7.367010309,488,13,11,3,27,457,15,10,3,28,515,485,18,22,53,39
1,1000,10,5.13,10.3,18,37,0,935,35,13,17,65,7.224,98,35,2.514757079,9.130927149,6.31610338,8.142857143,481,15,3,4,22,454,20,10,13,43,503,497,18,17,75,23
6,1000,10,5.13,10.3,18,37,1,937,33,14,16,63,7.30484657,99,46,2.607588352,9.418212369,6.377336203,8.210360644,475,14,1,4,19,462,19,13,12,44,494,506,23,23,67,32
2,1000,10,5.13,10.3,18,37,1,933,38,15,14,67,7.554164301,73,28,2.565848024,9.056475865,6.916782291,8.212274182,477,22,5,4,31,456,16,10,10,36,508,492,16,12,52,21
5,1000,10,5.13,10.3,18,37,1,948,36,6,10,52,6.862738215,83,31,2.509828315,8.866774256,6.233104941,7.531317877,501,8,2,4,14,447,28,4,6,38,515,485,18,13,60,23
3,1000,10,5.13,10.3,18,37,1,936,27,13,24,64,7.560699413,101,38,2.55443147,9.176991712,7.043907134,8.049339584,462,10,6,8,24,474,17,7,16,40,486,514,19,19,67,34
8,1000,10,5.13,10.3,18,37,1,938,38,13,11,62,7.431899056,106,35,2.488080114,9.11682096,6.720406623,8.163596142,487,15,1,4,20,451,23,12,7,42,507,493,17,18,62,44
7,1000,10,5.13,10.3,18,37,1,947,27,21,5,53,6.950515325,107,25,2.478956891,8.786468197,6.602166345,7.320411664,488,13,11,3,27,459,14,10,2,26,515,485,17,8,73,34
4,1000,10,5.13,10.3,18,37,1,940,31,18,11,60,7.181592119,110,28,2.469448805,9.082347482,6.433980157,7.92920408,481,10,6,3,19,459,21,12,8,41,500,500,16,12,76,34
6,1000,10,5.13,10.3,18,37,2,939,31,13,17,61,7.313321278,94,34,2.611919204,9.444018822,6.426925658,8.178695659,475,14,1,4,19,464,17,12,13,42,494,506,23,11,72,22
1,1000,10,5.13,10.3,18,37,1,935,35,13,17,65,7.263740905,101,35,2.521064695,9.132344283,6.37565794,8.162545193,481,15,3,4,22,454,20,10,13,43,503,497,18,17,72,29
5,1000,10,5.13,10.3,18,37,2,948,36,6,10,52,6.898938159,98,36,2.519078153,8.872543117,6.273864795,7.562675855,501,8,2,4,14,447,28,4,6,38,515,485,23,13,60,38
2,1000,10,5.13,10.3,18,37,2,934,38,14,14,66,7.585111735,96,34,2.562262808,9.07326444,6.976548013,8.213466147,478,21,5,4,30,456,17,9,10,36,508,492,21,13,70,26
8,1000,10,5.13,10.3,18,37,2,940,38,12,10,60,7.430841135,102,32,2.496528964,9.130064298,6.768761792,8.11172192,487,15,1,4,20,453,23,11,6,40,507,493,17,15,72,30
7,1000,10,5.13,10.3,18,37,2,947,26,22,5,53,6.985221396,107,36,2.483601738,8.784696907,6.647519976,7.343811565,488,13,11,3,27,459,13,11,2,26,515,485,22,14,67,40
3,1000,10,5.13,10.3,18,37,2,936,28,14,22,64,7.544926407,102,30,2.549006765,9.211109447,7.057005874,8.006267611,462,11,6,7,24,474,17,8,15,40,486,514,11,19,68,34
6,1000,10,5.13,10.3,18,37,3,941,28,14,17,59,7.349323455,90,31,2.602560511,9.449506872,6.464802511,8.212867618,475,13,2,4,19,466,15,12,13,40,494,506,23,8,64,26
4,1000,10,5.13,10.3,18,37,2,940,32,18,10,60,7.178845423,105,41,2.476383127,9.076381603,6.469895075,7.88779577,481,10,6,3,19,459,22,12,7,41,500,500,24,17,74,31
1,1000,10,5.13,10.3,18,37,2,935,36,13,16,65,7.284822574,96,34,2.521387941,9.13355455,6.419214342,8.160880806,481,15,3,4,22,454,21,10,12,43,503,497,23,11,64,32
5,1000,10,5.13,10.3,18,37,3,949,35,6,10,51,6.949071669,82,19,2.512296894,8.875104143,6.305154739,7.632818513,501,8,2,4,14,448,27,4,6,37,515,485,15,4,55,27
2,1000,10,5.13,10.3,18,37,3,935,37,13,15,65,7.594452613,94,35,2.556241176,9.068580294,7.014344291,8.193426246,478,21,5,4,30,457,16,8,11,35,508,492,15,20,60,34
8,1000,10,5.13,10.3,18,37,3,940,38,12,10,60,7.442523995,90,36,2.5085201,9.143223905,6.790886816,8.112666085,487,15,1,4,20,453,23,11,6,40,507,493,21,15,61,29
6,1000,10,5.13,10.3,18,37,4,941,28,14,17,59,7.407192087,115,39,2.591163978,9.460581294,6.552114375,8.241991278,475,13,2,4,19,466,15,12,13,40,494,506,23,16,82,33
7,1000,10,5.13,10.3,18,37,3,947,26,21,6,53,7.011904026,83,32,2.501618527,8.787523151,6.686236117,7.357716341,488,13,10,4,27,459,13,11,2,26,515,485,19,13,51,32
3,1000,10,5.13,10.3,18,37,3,934,31,14,21,66,7.569088458,96,17,2.537914755,9.211805027,7.095249824,8.01711487,461,12,6,7,25,473,19,8,14,41,486,514,10,7,65,31
4,1000,10,5.13,10.3,18,37,3,941,32,18,9,59,7.176419146,92,24,2.483869422,9.069792884,6.481513321,7.871324971,482,9,6,3,18,459,23,12,6,41,500,500,15,9,63,29
5,1000,10,5.13,10.3,18,37,4,947,36,7,10,53,7.009635577,84,20,2.512524218,8.887095981,6.385531454,7.672344079,500,8,3,4,15,447,28,4,6,38,515,485,11,9,55,29
1,1000,10,5.13,10.3,18,37,3,939,34,11,16,61,7.269894765,106,40,2.539135381,9.139700413,6.426185846,8.123789305,482,14,3,4,21,457,20,8,12,40,503,497,22,18,74,32
6,1000,10,5.13,10.3,18,37,5,946,25,13,16,54,7.387219403,96,28,2.59106338,9.474176705,6.539881565,8.214462273,478,11,2,3,16,468,14,11,13,38,494,506,14,14,62,34
8,1000,10,5.13,10.3,18,37,4,942,37,12,9,58,7.418585025,94,29,2.508075137,9.161186652,6.792781391,8.062159959,487,15,1,4,20,455,22,11,5,38,507,493,17,12,66,28
7,1000,10,5.13,10.3,18,37,4,948,26,20,6,52,7.037763804,115,27,2.47702506,8.809002367,6.735610291,7.358607225,489,13,9,4,26,459,13,11,2,26,515,485,16,11,72,43
2,1000,10,5.13,10.3,18,37,4,935,37,13,15,65,7.625301046,106,44,2.561000836,9.079008601,7.039833029,8.229808673,479,20,5,4,29,456,17,8,11,36,508,492,25,19,74,32
3,1000,10,5.13,10.3,18,37,4,935,31,13,21,65,7.554410365,93,33,2.537868916,9.224754056,7.095323135,7.988488952,461,12,6,7,25,474,19,7,14,40,486,514,23,10,63,30
4,1000,10,5.13,10.3,18,37,4,942,32,17,9,58,7.186113971,92,39,2.490789406,9.058466757,6.530022785,7.842205156,482,9,6,3,18,460,23,11,6,40,500,500,22,17,72,20
5,1000,10,5.13,10.3,18,37,5,947,36,8,9,53,7.030241503,94,36,2.520935107,8.906258925,6.406873049,7.692168831,500,8,3,4,15,447,28,5,5,38,515,485,19,17,66,28
6,1000,10,5.13,10.3,18,37,6,946,25,14,15,54,7.422760945,103,20,2.593568815,9.479593007,6.631768495,8.194994682,478,11,2,3,16,468,14,12,12,38,494,506,9,11,81,22
1,1000,10,5.13,10.3,18,37,4,940,32,12,16,60,7.286106309,86,36,2.56009703,9.136902946,6.437713294,8.144741494,482,14,3,4,21,458,18,9,12,39,503,497,25,11,60,26
8,1000,10,5.13,10.3,18,37,5,943,38,10,9,57,7.444701459,88,31,2.504713627,9.184511252,6.850757619,8.055511859,487,15,1,4,20,456,23,9,5,37,507,493,19,12,57,31
7,1000,10,5.13,10.3,18,37,5,948,27,19,6,52,7.07887259,89,26,2.483626243,8.811572552,6.782605997,7.393464952,488,14,9,4,27,460,13,10,2,25,515,485,9,17,63,26
2,1000,10,5.13,10.3,18,37,5,936,37,12,15,64,7.618838723,104,34,2.59380577,9.112064381,7.072980211,8.182448732,479,20,5,4,29,457,17,7,11,35,508,492,22,12,68,36
3,1000,10,5.13,10.3,18,37,5,934,31,14,21,66,7.610425878,98,33,2.541423987,9.235183289,7.128063626,8.066511588,461,12,6,7,25,473,19,8,14,41,486,514,21,12,63,35
4,1000,10,5.13,10.3,18,37,5,945,30,15,10,55,7.190855214,95,39,2.495188993,9.053570542,6.562629273,7.819081155,482,9,6,3,18,463,21,9,7,37,500,500,29,10,63,32
6,1000,10,5.13,10.3,18,37,7,946,25,13,16,54,7.461859914,108,32,2.603618901,9.479834029,6.665139493,8.23968578,478,11,2,3,16,468,14,11,13,38,494,506,20,12,81,27
5,1000,10,5.13,10.3,18,37,6,945,37,9,9,55,7.057120679,81,23,2.529862224,8.911923878,6.414326405,7.739675424,499,9,3,4,16,446,28,6,5,39,515,485,10,13,58,23
8,1000,10,5.13,10.3,18,37,6,942,40,8,10,58,7.473377612,93,27,2.51292014,9.203729704,6.905071478,8.057822257,486,16,1,4,21,456,24,7,6,37,507,493,16,11,63,30
1,1000,10,5.13,10.3,18,37,5,942,31,11,16,58,7.302563241,98,35,2.556315568,9.144377028,6.458340432,8.156977874,482,14,3,4,21,460,17,8,12,37,503,497,19,16,73,25
7,1000,10,5.13,10.3,18,37,6,950,27,18,5,50,7.063112741,97,19,2.489994458,8.832297622,6.805957475,7.336174519,488,13,10,4,27,462,14,8,1,23,515,485,10,9,55,42
2,1000,10,5.13,10.3,18,37,6,935,37,13,15,65,7.637733057,76,31,2.609073616,9.105607052,7.130977239,8.160968738,479,19,6,4,29,456,18,7,11,36,508,492,18,13,48,28
6,1000,10,5.13,10.3,18,37,8,947,24,13,16,53,7.454060186,97,34,2.602833533,9.488692351,6.684395577,8.205471879,478,11,2,3,16,469,13,11,13,37,494,506,23,11,66,31
3,1000,10,5.13,10.3,18,37,6,935,30,14,21,65,7.621442386,95,33,2.541685762,9.256018598,7.175336548,8.043246738,462,11,6,7,24,473,19,8,14,41,486,514,18,15,71,24
4,1000,10,5.13,10.3,18,37,6,946,28,15,11,54,7.202414969,100,27,2.494939537,9.070050949,6.562629273,7.842200666,482,9,6,3,18,464,19,9,8,36,500,500,14,13,80,20
5,1000,10,5.13,10.3,18,37,7,950,34,7,9,50,7.026959916,111,24,2.554596184,8.946409082,6.40811732,7.684081435,500,8,3,4,15,450,26,4,5,35,515,485,14,10,77,34
8,1000,10,5.13,10.3,18,37,7,942,41,8,9,58,7.477903973,96,30,2.52499628,9.215054644,6.916656678,8.055089324,486,16,1,4,21,456,25,7,5,37,507,493,22,8,66,30
7,1000,10,5.13,10.3,18,37,7,952,26,17,5,48,7.098536884,81,35,2.489879599,8.843124577,6.863299034,7.34832553,489,13,9,4,26,463,13,8,1,22,515,485,21,14,52,29
1,1000,10,5.13,10.3,18,37,6,944,29,12,15,56,7.276527336,89,18,2.555207362,9.147561573,6.486747558,8.075841678,482,13,4,4,21,462,16,8,11,35,503,497,10,8,56,33
2,1000,10,5.13,10.3,18,37,7,935,37,13,15,65,7.661905092,95,31,2.611042467,9.135894494,7.150630619,8.189806378,479,19,6,4,29,456,18,7,11,36,508,492,17,14,65,30
6,1000,10,5.13,10.3,18,37,9,948,23,13,16,52,7.485179689,100,37,2.592369651,9.502753031,6.763306997,8.189932871,478,11,2,3,16,470,12,11,13,36,494,506,15,22,71,29
3,1000,10,5.13,10.3,18,37,7,934,31,14,21,66,7.632385285,89,32,2.559753297,9.257535384,7.194091042,8.046803577,462,11,6,7,24,472,20,8,14,42,486,514,15,17,61,28
4,1000,10,5.13,10.3,18,37,7,948,26,15,11,52,7.223601665,96,31,2.482353221,9.062864811,6.572188931,7.875014399,482,9,6,3,18,466,17,9,8,34,500,500,17,14,64,32
5,1000,10,5.13,10.3,18,37,8,950,34,8,8,50,7.028985117,100,38,2.548089884,8.957983914,6.449285939,7.644541977,500,7,4,4,15,450,27,4,4,35,515,485,21,17,64,36
8,1000,10,5.13,10.3,18,37,8,942,41,8,9,58,7.484745816,98,31,2.5287724,9.225127134,6.942632059,8.042254284,486,16,1,4,21,456,25,7,5,37,507,493,25,6,58,40
7,1000,10,5.13,10.3,18,37,8,951,25,19,5,49,7.151346541,96,23,2.493669541,8.851926375,6.890104161,7.428748244,488,14,9,4,27,463,11,10,1,22,515,485,8,15,62,34
1,1000,10,5.13,10.3,18,37,7,945,28,12,15,55,7.293510032,82,22,2.547906084,9.15684586,6.527935382,8.068327032,482,13,4,4,21,463,15,8,11,34,503,497,10,12,60,22
2,1000,10,5.13,10.3,18,37,8,935,37,13,15,65,7.674301012,109,33,2.623822536,9.161922936,7.162778814,8.202458078,479,19,6,4,29,456,18,7,11,36,508,492,21,12,73,36
6,1000,10,5.13,10.3,18,37,10,950,22,12,16,50,7.50875093,96,32,2.609035018,9.530139225,6.778334361,8.221845366,479,11,1,3,15,471,11,11,13,35,494,506,20,12,71,25
3,1000,10,5.13,10.3,18,37,8,935,30,13,22,65,7.656251859,109,32,2.559332041,9.273736701,7.258347954,8.032480066,462,11,5,8,24,473,19,8,14,41,486,514,21,11,73,36
4,1000,10,5.13,10.3,18,37,8,949,26,15,10,51,7.212291659,84,27,2.488522731,9.072834478,6.611722074,7.812861245,482,9,6,3,18,467,17,9,7,33,500,500,19,8,61,23
5,1000,10,5.13,10.3,18,37,9,951,33,8,8,49,7.04669147,94,31,2.534460226,8.990054837,6.483914053,7.644279861,500,7,4,4,15,451,26,4,4,34,515,485,14,17,75,19
8,1000,10,5.13,10.3,18,37,9,942,42,7,9,58,7.503346173,98,28,2.514518809,9.248134388,7.006208807,8.014601029,485,17,1,4,22,457,25,6,5,36,507,493,17,11,67,31
7,1000,10,5.13,10.3,18,37,9,952,24,19,5,48,7.194908437,88,38,2.512010446,8.850791457,6.960723026,7.443579544,488,14,9,4,27,464,10,10,1,21,515,485,17,21,58,30
1,1000,10,5.13,10.3,18,37,8,946,27,12,15,54,7.291898158,88,27,2.536487935,9.186495454,6.507792501,8.085469879,483,12,4,4,20,463,15,8,11,34,503,497,16,11,63,25
2,1000,10,5.13,10.3,18,37,9,936,38,12,14,64,7.617221313,95,31,2.623097823,9.182997845,7.184216277,8.064307814,478,20,6,4,30,458,18,6,10,34,508,492,21,10,63,32
6,1000,10,5.13,10.3,18,37,11,951,21,12,16,49,7.517655752,85,28,2.604327159,9.530231142,6.836007552,8.183138381,480,10,1,3,14,471,11,11,13,35,494,506,13,15,55,30
3,1000,10,5.13,10.3,18,37,9,934,31,14,21,66,7.678749649,94,27,2.587708404,9.2820719,7.277236389,8.058390591,462,11,6,7,24,472,20,8,14,42,486,514,12,15,59,35
4,1000,10,5.13,10.3,18,37,9,949,26,14,11,51,7.259225181,88,32,2.487440332,9.09066758,6.670575902,7.84787446,482,9,5,4,18,467,17,9,7,33,500,500,16,16,63,25
8,1000,10,5.13,10.3,18,37,10,943,41,8,8,57,7.516957919,94,28,2.490171001,9.278944504,7.026830988,8.021003262,485,16,2,4,22,458,25,6,4,35,507,493,14,14,68,26
5,1000,10,5.13,10.3,18,37,10,951,32,8,9,49,7.060298375,101,21,2.5129857,8.972972405,6.500952292,7.654243185,500,6,4,5,15,451,26,4,4,34,515,485,13,8,64,37
7,1000,10,5.13,10.3,18,37,10,951,25,19,5,49,7.208216287,90,34,2.522534344,8.85830756,6.996929268,7.432572606,488,14,9,4,27,463,11,10,1,22,515,485,17,17,63,27
1,1000,10,5.13,10.3,18,37,9,948,25,12,15,52,7.267500164,90,29,2.544607129,9.19017044,6.479114299,8.065403767,484,11,4,4,19,464,14,8,11,33,503,497,16,13,59,31
2,1000,10,5.13,10.3,18,37,10,939,35,12,14,61,7.612316541,113,17,2.634756407,9.202624454,7.218029168,8.019426269,479,19,6,4,29,460,16,6,10,32,508,492,12,5,79,34
6,1000,10,5.13,10.3,18,37,12,951,21,11,17,49,7.538669787,103,31,2.620719576,9.555376346,6.888812298,8.173115636,480,10,1,3,14,471,11,10,14,35,494,506,14,17,73,30
3,1000,10,5.13,10.3,18,37,10,936,28,15,21,64,7.670701595,93,37,2.588770345,9.30806397,7.275029106,8.044819941,463,9,7,7,23,473,19,8,14,41,486,514,17,20,60,33
4,1000,10,5.13,10.3,18,37,10,951,24,13,12,49,7.22818121,105,35,2.495742437,9.089180894,6.694267576,7.762094844,482,9,4,5,18,469,15,9,7,31,500,500,19,16,72,33
8,1000,10,5.13,10.3,18,37,11,943,42,8,7,57,7.549016979,96,34,2.49817661,9.289681016,7.093067801,8.017914003,485,16,2,4,22,458,26,6,3,35,507,493,14,20,68,28
7,1000,10,5.13,10.3,18,37,11,952,25,18,5,48,7.21907419,96,19,2.535311967,8.869336005,7.021891917,7.428453305,488,14,9,4,27,464,11,9,1,21,515,485,9,10,66,30
5,1000,10,5.13,10.3,18,37,11,952,31,8,9,48,7.080553445,101,35,2.496749836,8.956805095,6.524843152,7.670637571,500,6,4,5,15,452,25,4,4,33,515,485,24,11,69,32
6,1000,10,5.13,10.3,18,37,13,949,24,11,16,51,7.542809285,101,36,2.616767574,9.563149638,6.892264763,8.177925873,479,11,1,3,15,470,13,10,13,36,494,506,24,12,70,31
3,1000,10,5.13,10.3,18,37,11,940,25,14,21,60,7.660203552,102,23,2.609172226,9.323064634,7.330748702,7.971711445,463,9,7,7,23,477,16,7,14,37,486,514,16,7,74,28
2,1000,10,5.13,10.3,18,37,11,939,36,11,14,61,7.623711395,92,30,2.618036025,9.220644093,7.260525064,7.998708664,478,20,6,4,30,461,16,5,10,31,508,492,17,13,63,29
1,1000,10,5.13,10.3,18,37,10,947,26,12,15,53,7.324977298,93,26,2.540682028,9.19816513,6.558284895,8.100925545,483,12,4,4,20,464,14,8,11,33,503,497,15,11,54,39
4,1000,10,5.13,10.3,18,37,11,951,24,13,12,49,7.248610802,105,33,2.498611774,9.095945902,6.731774613,7.765446992,482,9,4,5,18,469,15,9,7,31,500,500,16,17,72,33
8,1000,10,5.13,10.3,18,37,12,944,41,8,7,56,7.554300928,102,29,2.491982266,9.299777741,7.112883168,8.008253877,485,16,2,4,22,459,25,6,3,34,507,493,20,9,68,34
5,1000,10,5.13,10.3,18,37,12,953,30,8,9,47,7.08768278,90,24,2.499960635,8.972739871,6.536538477,7.672918484,500,6,4,5,15,453,24,4,4,32,515,485,11,13,58,32
7,1000,10,5.13,10.3,18,37,12,952,25,18,5,48,7.243540051,107,33,2.541062525,8.882218788,7.061654706,7.436676036,488,14,9,4,27,464,11,9,1,21,515,485,21,12,72,35
3,1000,10,5.13,10.3,18,37,12,940,25,14,21,60,7.675036397,87,35,2.600954434,9.344408858,7.344998498,7.987095578,464,9,6,7,22,476,16,8,14,38,486,514,21,14,66,21
6,1000,10,5.13,10.3,18,37,14,951,23,11,15,49,7.578506621,109,45,2.632545524,9.566340675,6.972058481,8.170572591,479,11,1,3,15,472,12,10,12,34,494,506,20,25,75,34
2,1000,10,5.13,10.3,18,37,12,941,35,11,13,59,7.592599791,100,34,2.626637884,9.226417676,7.30109637,7.893582998,478,20,6,4,30,463,15,5,9,29,508,492,25,9,63,37
4,1000,10,5.13,10.3,18,37,12,952,23,13,12,48,7.277771465,100,42,2.505917101,9.095161792,6.798542373,7.757000556,482,9,4,5,18,470,14,9,7,30,500,500,20,22,67,33
1,1000,10,5.13,10.3,18,37,11,947,25,13,15,53,7.385748359,98,41,2.541867885,9.217769944,6.616106871,8.164681293,483,11,5,4,20,464,14,8,11,33,503,497,18,23,64,34
7,1000,10,5.13,10.3,18,37,13,953,25,17,5,47,7.250717006,112,30,2.534699425,8.910130655,7.07051935,7.442060908,488,14,9,4,27,465,11,8,1,20,515,485,20,10,69,43
8,1000,10,5.13,10.3,18,37,13,944,41,8,7,56,7.574320469,92,27,2.50844525,9.309484141,7.129228039,8.032052439,485,16,2,4,22,459,25,6,3,34,507,493,16,11,60,32
5,1000,10,5.13,10.3,18,37,13,954,29,8,9,46,7.135906156,99,24,2.490153846,9.009398544,6.620345787,7.683356858,500,6,4,5,15,454,23,4,4,31,515,485,13,11,71,28
3,1000,10,5.13,10.3,18,37,13,940,24,15,21,60,7.702364348,118,24,2.597775483,9.35424609,7.382258324,8.005032689,464,8,7,7,22,476,16,8,14,38,486,514,17,7,81,37
6,1000,10,5.13,10.3,18,37,15,952,23,10,15,48,7.580185297,111,24,2.638095468,9.576183481,7.00282745,8.143850862,478,12,1,3,16,474,11,9,12,32,494,506,13,11,73,38
4,1000,10,5.13,10.3,18,37,13,952,23,13,12,48,7.288871381,85,34,2.499778606,9.135933628,6.825743148,7.751999614,482,9,4,5,18,470,14,9,7,30,500,500,18,16,65,20
2,1000,10,5.13,10.3,18,37,13,941,35,11,13,59,7.621397851,94,33,2.633103483,9.253342898,7.339873226,7.912077747,478,20,6,4,30,463,15,5,9,29,508,492,17,16,61,33
1,1000,10,5.13,10.3,18,37,12,951,23,12,14,49,7.364151197,90,31,2.53612315,9.234126152,6.6312202,8.105930455,484,9,6,4,19,467,14,6,10,30,503,497,21,10,72,18
7,1000,10,5.13,10.3,18,37,14,954,24,17,5,46,7.250261061,92,33,2.542864273,8.935060993,7.075639613,7.435683836,488,14,9,4,27,466,10,8,1,19,515,485,19,14,62,30
8,1000,10,5.13,10.3,18,37,14,946,40,7,7,54,7.582243515,109,28,2.508606121,9.313209347,7.176949256,7.999047144,484,17,2,4,23,462,23,5,3,31,507,493,18,10,79,30
5,1000,10,5.13,10.3,18,37,14,957,27,8,8,43,7.148608114,91,23,2.50296816,9.021307805,6.635373771,7.693588912,500,6,4,5,15,457,21,4,3,28,515,485,11,12,59,32
6,1000,10,5.13,10.3,18,37,16,955,22,9,14,45,7.578629742,108,26,2.62896568,9.573582082,7.016060259,8.127857656,478,12,1,3,16,477,10,8,11,29,494,506,15,11,75,33
3,1000,10,5.13,10.3,18,37,14,940,26,13,21,60,7.699782719,95,41,2.591966777,9.35638846,7.413842951,7.970146001,463,9,6,8,23,477,17,7,13,37,486,514,26,15,68,27
4,1000,10,5.13,10.3,18,37,14,953,23,12,12,47,7.307490876,105,38,2.497028782,9.146672391,6.862563583,7.752418169,482,9,4,5,18,471,14,8,7,29,500,500,23,15,79,26
2,1000,10,5.13,10.3,18,37,14,941,36,11,12,59,7.631297526,99,33,2.618270478,9.263280248,7.356063155,7.91548261,478,20,6,4,30,463,16,5,8,29,508,492,19,14,64,35
7,1000,10,5.13,10.3,18,37,15,953,25,17,5,47,7.268912532,88,31,2.547076629,8.942065721,7.072657892,7.477306633,487,15,9,4,28,466,10,8,1,19,515,485,22,9,57,31
8,1000,10,5.13,10.3,18,37,15,947,39,7,7,53,7.571377486,86,30,2.537821848,9.317343872,7.205567145,7.94757595,483,18,2,4,24,464,21,5,3,29,507,493,19,11,62,24
5,1000,10,5.13,10.3,18,37,15,957,27,8,8,43,7.160289913,90,28,2.500673008,9.020314936,6.642616589,7.709984268,500,6,4,5,15,457,21,4,3,28,515,485,10,18,59,31
1,1000,10,5.13,10.3,18,37,13,950,24,13,13,50,7.400124047,97,31,2.547002988,9.230374559,6.695335702,8.113420903,484,9,6,4,19,466,15,7,9,31,503,497,18,13,67,30
6,1000,10,5.13,10.3,18,37,17,954,22,10,14,46,7.640281318,97,23,2.633018073,9.590374743,7.091069361,8.176468485,478,11,2,3,16,476,11,8,11,30,494,506,11,12,63,34
3,1000,10,5.13,10.3,18,37,15,943,24,13,20,57,7.705607853,107,36,2.6021727,9.354539356,7.446834485,7.950284617,463,9,6,8,23,480,15,7,12,34,486,514,20,16,76,31
4,1000,10,5.13,10.3,18,37,15,952,24,11,13,48,7.355275503,93,26,2.498076286,9.152383757,6.958354712,7.752196294,481,10,4,5,19,471,14,7,8,29,500,500,15,11,70,23
2,1000,10,5.13,10.3,18,37,15,942,35,11,12,58,7.646281471,89,33,2.627001538,9.272379728,7.376911081,7.924411875,478,20,6,4,30,464,15,5,8,28,508,492,19,14,56,33
7,1000,10,5.13,10.3,18,37,16,955,24,16,5,45,7.260966941,93,26,2.55779265,8.967874311,7.082152341,7.450842238,487,15,9,4,28,468,9,7,1,17,515,485,15,11,65,28
8,1000,10,5.13,10.3,18,37,16,948,38,7,7,52,7.593564025,83,31,2.552588618,9.340393627,7.241113555,7.956023231,483,18,2,4,24,465,20,5,3,28,507,493,11,20,61,22
5,1000,10,5.13,10.3,18,37,16,957,26,9,8,43,7.185970924,98,41,2.520990115,9.021942531,6.690454963,7.712137355,500,6,4,5,15,457,20,5,3,28,515,485,21,20,63,35
1,1000,10,5.13,10.3,18,37,14,950,24,13,13,50,7.4143526,93,35,2.554108323,9.243402247,6.738077851,8.098791633,484,9,6,4,19,466,15,7,9,31,503,497,15,20,67,26
6,1000,10,5.13,10.3,18,37,18,953,23,10,14,47,7.673230419,103,42,2.635869187,9.593619749,7.148320926,8.185691466,477,12,2,3,17,476,11,8,11,30,494,506,25,17,71,32
3,1000,10,5.13,10.3,18,37,16,943,24,11,22,57,7.725174257,105,34,2.607575702,9.378942564,7.475723131,7.961036605,463,9,5,9,23,480,15,6,13,34,486,514,19,15,68,37
4,1000,10,5.13,10.3,18,37,16,953,23,11,13,47,7.355845536,100,32,2.47448209,9.173131266,6.942424611,7.769266462,482,9,4,5,18,471,14,7,8,29,500,500,19,13,63,37
2,1000,10,5.13,10.3,18,37,16,943,34,12,11,57,7.648307019,85,30,2.636745525,9.309640742,7.400320266,7.904358383,479,19,6,4,29,464,15,6,7,28,508,492,16,14,57,28
7,1000,10,5.13,10.3,18,37,17,953,26,15,6,47,7.292599653,94,23,2.559281249,8.970979972,7.111687428,7.484702325,486,16,8,5,29,467,10,7,1,18,515,485,17,6,63,31
8,1000,10,5.13,10.3,18,37,17,948,38,7,7,52,7.653934217,98,32,2.575047495,9.360304796,7.378322263,7.93737288,482,19,2,4,25,466,19,5,3,27,507,493,19,13,72,26
5,1000,10,5.13,10.3,18,37,17,957,25,10,8,43,7.190128823,89,32,2.523453281,9.019391892,6.700133721,7.7104329,500,5,5,5,15,457,20,5,3,28,515,485,16,16,69,20
1,1000,10,5.13,10.3,18,37,15,949,26,12,13,51,7.454882904,107,30,2.567672701,9.26090748,6.809344099,8.108214934,483,10,6,4,20,466,16,6,9,31,503,497,15,15,71,36
6,1000,10,5.13,10.3,18,37,19,953,23,9,15,47,7.698405266,103,34,2.649429872,9.591254599,7.200308056,8.184689894,476,12,3,3,18,477,11,6,12,29,494,506,14,20,70,33
3,1000,10,5.13,10.3,18,37,17,945,22,11,22,55,7.71940747,102,35,2.600764225,9.400639095,7.458597003,7.966010362,464,8,5,9,22,481,14,6,13,33,486,514,21,14,72,30
4,1000,10,5.13,10.3,18,37,17,954,23,11,12,46,7.374976382,122,35,2.46830224,9.179043687,6.988434038,7.761518726,482,9,4,5,18,472,14,7,7,28,500,500,16,19,86,36
2,1000,10,5.13,10.3,18,37,17,945,34,10,11,55,7.643151146,105,30,2.645798943,9.328731832,7.417084766,7.876569278,479,19,6,4,29,466,15,4,7,26,508,492,17,13,55,50
7,1000,10,5.13,10.3,18,37,18,953,27,14,6,47,7.301746437,105,34,2.562255219,8.967545867,7.106625943,7.508936239,486,17,7,5,29,467,10,7,1,18,515,485,21,13,63,42
8,1000,10,5.13,10.3,18,37,18,951,36,6,7,49,7.645692087,98,25,2.575276924,9.359733118,7.436741741,7.860576115,482,18,3,4,25,469,18,3,3,24,507,493,17,8,70,28
5,1000,10,5.13,10.3,18,37,18,958,25,8,9,42,7.198636554,100,25,2.536879587,9.030409593,6.741319364,7.684241404,500,5,4,6,15,458,20,4,3,27,515,485,16,9,66,34
6,1000,10,5.13,10.3,18,37,20,954,22,9,15,46,7.699207697,85,35,2.645173953,9.624333318,7.229315678,8.157956031,476,12,3,3,18,478,10,6,12,28,494,506,16,19,62,23
3,1000,10,5.13,10.3,18,37,18,944,23,11,22,56,7.773708558,87,17,2.622379737,9.41865099,7.535408272,7.999027506,463,9,5,9,23,481,14,6,13,33,486,514,8,9,62,25
1,1000,10,5.13,10.3,18,37,16,948,28,11,13,52,7.485464014,83,43,2.57715386,9.274263,6.837554401,8.141195474,482,11,6,4,21,466,17,5,9,31,503,497,24,19,52,31
4,1000,10,5.13,10.3,18,37,18,954,23,11,12,46,7.409788662,91,46,2.491871441,9.190793602,7.060024305,7.759553018,482,9,4,5,18,472,14,7,7,28,500,500,27,19,62,29
7,1000,10,5.13,10.3,18,37,19,955,26,13,6,45,7.302970067,99,31,2.554465673,8.991760509,7.142910526,7.472930198,486,17,7,5,29,469,9,6,1,16,515,485,23,8,67,32
2,1000,10,5.13,10.3,18,37,18,945,34,10,11,55,7.6582681,102,36,2.646798485,9.345194821,7.447612831,7.875773948,479,19,6,4,29,466,15,4,7,26,508,492,27,9,72,30
8,1000,10,5.13,10.3,18,37,19,951,33,9,7,49,7.702823761,113,33,2.578139807,9.363995926,7.492271136,7.919355568,482,18,3,4,25,469,15,6,3,24,507,493,16,17,80,33
5,1000,10,5.13,10.3,18,37,19,960,23,8,9,40,7.220379864,91,26,2.55950473,9.038124445,6.772029599,7.696463135,501,4,4,6,14,459,19,4,3,26,515,485,13,13,68,23
6,1000,10,5.13,10.3,18,37,21,952,24,9,15,48,7.721825562,107,27,2.651816871,9.629537849,7.268198104,8.164695056,476,11,4,3,18,476,13,5,12,30,494,506,13,14,82,25
3,1000,10,5.13,10.3,18,37,19,944,25,10,21,56,7.79755943,91,39,2.628441271,9.43716745,7.599595197,7.984739619,463,9,5,9,23,481,16,5,12,33,486,514,17,22,63,28
1,1000,10,5.13,10.3,18,37,17,949,27,11,13,51,7.504736276,97,36,2.581262113,9.284351463,6.883679129,8.133291096,482,11,6,4,21,467,16,5,9,30,503,497,20,16,54,43
4,1000,10,5.13,10.3,18,37,19,956,22,11,11,44,7.407176616,89,42,2.48463921,9.222614514,7.069235193,7.745118039,484,8,4,4,16,472,14,7,7,28,500,500,27,15,62,27
7,1000,10,5.13,10.3,18,37,20,955,26,13,6,45,7.338403665,98,30,2.556107034,9.000269836,7.192469144,7.493365064,486,17,7,5,29,469,9,6,1,16,515,485,18,12,70,28
2,1000,10,5.13,10.3,18,37,19,946,32,11,11,54,7.687169485,106,35,2.661706751,9.375698895,7.506810569,7.873393731,479,18,7,4,29,467,14,4,7,25,508,492,23,12,74,32
8,1000,10,5.13,10.3,18,37,20,952,32,9,7,48,7.716716943,115,37,2.585355766,9.407962856,7.502941736,7.936562846,483,17,3,4,24,469,15,6,3,24,507,493,26,11,82,33
5,1000,10,5.13,10.3,18,37,20,960,23,8,9,40,7.226953332,93,29,2.54686856,9.042959571,6.793775327,7.686925852,501,4,4,6,14,459,19,4,3,26,515,485,13,16,63,30
6,1000,10,5.13,10.3,18,37,22,953,21,11,15,47,7.791819135,97,28,2.639647725,9.623849892,7.355418741,8.217870112,477,8,6,3,17,476,13,5,12,30,494,506,13,15,72,25
3,1000,10,5.13,10.3,18,37,20,945,25,10,20,55,7.816241832,89,29,2.644390947,9.449912333,7.662557597,7.961554163,463,9,5,9,23,482,16,5,11,32,486,514,19,10,52,37
4,1000,10,5.13,10.3,18,37,20,958,23,9,10,42,7.425435869,106,30,2.490252503,9.23791166,7.101766446,7.749105291,484,8,4,4,16,474,15,5,6,26,500,500,14,16,75,31
1,1000,10,5.13,10.3,18,37,18,949,26,12,13,51,7.533810886,98,28,2.598728542,9.301467755,6.895857541,8.179465881,482,10,7,4,21,467,16,5,9,30,503,497,16,12,78,20
7,1000,10,5.13,10.3,18,37,21,956,25,13,6,44,7.336900691,87,22,2.565514063,8.998047275,7.21381019,7.467605038,486,17,7,5,29,470,8,6,1,15,515,485,13,9,55,32
2,1000,10,5.13,10.3,18,37,20,946,32,11,11,54,7.7099152,110,35,2.675110547,9.370504598,7.511982534,7.9142847,479,18,7,4,29,467,14,4,7,25,508,492,22,13,65,45
8,1000,10,5.13,10.3,18,37,21,953,32,9,6,47,7.707610619,106,24,2.58071496,9.419448324,7.515471666,7.90520585,483,16,4,4,24,470,16,5,2,23,507,493,12,12,75,31
5,1000,10,5.13,10.3,18,37,21,960,23,8,9,40,7.265130261,108,34,2.559655422,9.051844898,6.80287689,7.755976625,501,4,4,6,14,459,19,4,3,26,515,485,23,11,76,32
6,1000,10,5.13,10.3,18,37,23,952,22,11,15,48,7.822402978,108,36,2.659692501,9.646105814,7.384960316,8.249471506,477,8,6,3,17,475,14,5,12,31,494,506,24,12,77,31
3,1000,10,5.13,10.3,18,37,21,945,25,10,20,55,7.814633294,94,38,2.672315522,9.457845693,7.665309717,7.955822513,463,9,5,9,23,482,16,5,11,32,486,514,19,19,74,20
4,1000,10,5.13,10.3,18,37,21,957,23,10,10,43,7.445265535,88,21,2.493128071,9.263186428,7.114205854,7.776325217,484,7,5,4,16,473,16,5,6,27,500,500,13,8,61,27
1,1000,10,5.13,10.3,18,37,19,949,25,14,12,51,7.571015314,94,33,2.600562082,9.305494505,6.936410414,8.213281441,482,10,7,4,21,467,15,7,8,30,503,497,22,11,58,36
7,1000,10,5.13,10.3,18,37,22,954,26,13,7,46,7.390875355,87,33,2.568156573,9.021501341,7.279893501,7.508722066,485,17,7,6,30,469,9,6,1,16,515,485,13,20,56,31
2,1000,10,5.13,10.3,18,37,21,946,32,11,11,54,7.742181525,95,45,2.658860446,9.360380075,7.53869169,7.952288916,479,18,7,4,29,467,14,4,7,25,508,492,32,13,64,31
8,1000,10,5.13,10.3,18,37,22,955,30,9,6,45,7.713034371,88,25,2.574228516,9.416913686,7.542073444,7.888850171,483,16,4,4,24,472,14,5,2,21,507,493,17,8,61,27
5,1000,10,5.13,10.3,18,37,22,960,23,8,9,40,7.284538241,105,32,2.569794791,9.034376898,6.851022012,7.744869907,500,5,4,6,15,460,18,4,3,25,515,485,16,16,79,26
6,1000,10,5.13,10.3,18,37,24,951,24,10,15,49,7.847409172,96,31,2.655181713,9.667831999,7.373655861,8.309927226,477,9,6,2,17,474,15,4,13,32,494,506,22,9,80,16
3,1000,10,5.13,10.3,18,37,22,943,27,10,20,57,7.820137194,112,44,2.680427669,9.504038231,7.711277018,7.923067244,462,10,5,9,24,481,17,5,11,33,486,514,28,16,73,39
4,1000,10,5.13,10.3,18,37,22,956,24,10,10,44,7.502336655,94,27,2.472967191,9.279898071,7.199359378,7.805313932,483,8,5,4,17,473,16,5,6,27,500,500,18,9,70,24
7,1000,10,5.13,10.3,18,37,23,955,25,13,7,45,7.424353757,97,32,2.568004773,9.041329187,7.302372847,7.553879878,485,17,7,6,30,470,8,6,1,15,515,485,21,11,66,31
1,1000,10,5.13,10.3,18,37,20,947,27,14,12,53,7.552420044,103,39,2.605347623,9.310615729,6.957333537,8.154690694,481,11,7,4,22,466,16,7,8,31,503,497,16,23,74,29
5,1000,10,5.13,10.3,18,37,23,960,23,9,8,40,7.312997956,102,25,2.582522959,9.03839418,6.885190748,7.767267465,499,7,4,5,16,461,16,5,3,24,515,485,15,10,72,30
2,1000,10,5.13,10.3,18,37,22,945,32,12,11,55,7.779375035,92,44,2.654975531,9.381119539,7.5754976,7.98988263,478,18,8,4,30,467,14,4,7,25,508,492,24,20,59,33
8,1000,10,5.13,10.3,18,37,23,956,30,8,6,44,7.722411668,100,26,2.579435626,9.419033888,7.56593381,7.883333115,483,16,4,4,24,473,14,4,2,20,507,493,16,10,71,29
6,1000,10,5.13,10.3,18,37,25,950,25,10,15,50,7.904195834,97,32,2.669186596,9.669880215,7.452523205,8.345156858,476,10,6,2,18,474,15,4,13,32,494,506,22,10,68,29
3,1000,10,5.13,10.3,18,37,23,944,26,11,19,56,7.800765945,101,25,2.678319371,9.511083813,7.693172611,7.902498164,463,10,4,9,23,481,16,7,10,33,486,514,16,9,75,26
4,1000,10,5.13,10.3,18,37,23,956,24,10,10,44,7.542384563,106,24,2.466749227,9.306533439,7.255404303,7.829364823,483,8,5,4,17,473,16,5,6,27,500,500,13,11,69,37
7,1000,10,5.13,10.3,18,37,24,957,25,11,7,43,7.41738303,94,20,2.575739787,9.064864741,7.343955558,7.495352409,485,17,7,6,30,472,8,4,1,13,515,485,7,13,61,33
1,1000,10,5.13,10.3,18,37,21,947,27,14,12,53,7.534554811,99,29,2.594928411,9.34875954,6.963648154,8.112353702,481,11,7,4,22,466,16,7,8,31,503,497,21,8,69,30
6,1000,10,5.13,10.3,18,37,26,950,26,10,14,50,7.886084103,122,35,2.687310176,9.673687174,7.481364909,8.281205214,476,10,6,2,18,474,16,4,12,32,494,506,20,15,81,41
5,1000,10,5.13,10.3,18,37,24,959,24,9,8,41,7.377357062,81,30,2.584241007,9.069097901,6.931804399,7.850469684,499,7,4,5,16,460,17,5,3,25,515,485,15,15,52,29
8,1000,10,5.13,10.3,18,37,24,956,30,8,6,44,7.73968905,103,32,2.576959681,9.436892542,7.58803487,7.89564984,483,16,4,4,24,473,14,4,2,20,507,493,16,16,61,42
2,1000,10,5.13,10.3,18,37,23,948,28,13,11,52,7.782349989,111,23,2.63387449,9.390165486,7.599320842,7.971331305,478,17,9,4,30,470,11,4,7,22,508,492,13,10,80,31
3,1000,10,5.13,10.3,18,37,24,945,26,10,19,55,7.799427597,98,33,2.68008299,9.532425572,7.705270553,7.888455463,464,10,3,9,22,481,16,7,10,33,486,514,19,14,66,32
4,1000,10,5.13,10.3,18,37,24,955,24,11,10,45,7.565402785,109,29,2.465583026,9.324262279,7.269989735,7.860815835,483,8,5,4,17,472,16,6,6,28,500,500,19,10,74,35
7,1000,10,5.13,10.3,18,37,25,956,26,11,7,44,7.461106529,91,35,2.583637934,9.084340696,7.389742909,7.536884393,485,17,7,6,30,471,9,4,1,14,515,485,17,18,59,32
1,1000,10,5.13,10.3,18,37,22,948,26,14,12,52,7.55709386,89,27,2.582215628,9.353943011,7.000238215,8.120672107,482,10,7,4,21,466,16,7,8,31,503,497,13,14,58,31
6,1000,10,5.13,10.3,18,37,27,955,23,9,13,45,7.861558719,117,28,2.691806029,9.709256906,7.488610167,8.225662642,478,9,5,2,16,477,14,4,11,29,494,506,18,10,83,34
5,1000,10,5.13,10.3,18,37,25,960,23,9,8,40,7.39338179,85,42,2.57782753,9.094494205,7.007211503,7.803438898,499,7,4,5,16,461,16,5,3,24,515,485,22,20,56,29
8,1000,10,5.13,10.3,18,37,25,955,32,7,6,45,7.75818278,109,42,2.564714075,9.430101808,7.606555846,7.914115549,483,16,4,4,24,472,16,3,2,21,507,493,21,21,79,30
3,1000,10,5.13,10.3,18,37,25,948,24,9,19,52,7.76074085,101,26,2.685309824,9.552961893,7.662764142,7.853380305,466,8,3,9,20,482,16,6,10,32,486,514,14,12,69,32
2,1000,10,5.13,10.3,18,37,24,948,28,13,11,52,7.828486847,102,30,2.641998974,9.391654137,7.685836626,7.975776099,478,17,9,4,30,470,11,4,7,22,508,492,20,10,66,36
4,1000,10,5.13,10.3,18,37,25,952,27,11,10,48,7.607094364,106,30,2.458699747,9.33634133,7.276316831,7.937871897,482,9,5,4,18,470,18,6,6,30,500,500,22,8,73,33
7,1000,10,5.13,10.3,18,37,26,957,25,11,7,43,7.459192529,85,24,2.587361015,9.110278431,7.375465533,7.548098514,486,16,7,6,29,471,9,4,1,14,515,485,14,10,51,34
6,1000,10,5.13,10.3,18,37,28,955,23,9,13,45,7.890058468,100,41,2.705894139,9.720723599,7.531866777,8.239755494,478,9,5,2,16,477,14,4,11,29,494,506,24,17,78,22
1,1000,10,5.13,10.3,18,37,23,948,26,14,12,52,7.564339251,102,31,2.588482202,9.36657439,7.000444251,8.135041836,482,10,7,4,21,466,16,7,8,31,503,497,18,13,67,35
5,1000,10,5.13,10.3,18,37,26,960,23,8,9,40,7.439535,110,36,2.578113846,9.103162115,7.084382057,7.816656167,499,7,3,6,16,461,16,5,3,24,515,485,21,15,84,26
8,1000,10,5.13,10.3,18,37,26,956,32,6,6,44,7.773904137,99,28,2.56705655,9.433240501,7.649096661,7.902255842,483,16,4,4,24,473,16,2,2,20,507,493,18,10,56,43
3,1000,10,5.13,10.3,18,37,26,948,24,10,18,52,7.77553895,94,27,2.69260601,9.578710374,7.685568684,7.860608112,466,8,3,9,20,482,16,7,9,32,486,514,19,8,61,33
2,1000,10,5.13,10.3,18,37,25,948,28,13,11,52,7.827606244,102,40,2.641431088,9.404620762,7.686731184,7.973062606,478,17,9,4,30,470,11,4,7,22,508,492,28,12,73,29
4,1000,10,5.13,10.3,18,37,26,953,26,11,10,47,7.645295471,90,30,2.464626983,9.350394976,7.340077374,7.950513568,482,9,5,4,18,471,17,6,6,29,500,500,14,16,59,31
7,1000,10,5.13,10.3,18,37,27,956,24,13,7,44,7.472543237,100,41,2.589882432,9.115251996,7.370746952,7.580636199,486,15,8,6,29,470,9,5,1,15,515,485,28,13,74,26
6,1000,10,5.13,10.3,18,37,29,955,24,8,13,45,7.909073049,106,37,2.703320528,9.726209943,7.587580363,8.222941403,476,11,5,2,18,479,13,3,11,27,494,506,22,15,79,27
3,1000,10,5.13,10.3,18,37,27,948,25,10,17,52,7.777771393,106,32,2.690180887,9.591822523,7.74030577,7.813196086,464,10,3,9,22,484,15,7,8,30,486,514,20,12,77,29
5,1000,10,5.13,10.3,18,37,27,960,23,8,9,40,7.456410948,100,32,2.58796751,9.107352001,7.142164643,7.790095169,499,7,3,6,16,461,16,5,3,24,515,485,20,12,74,26
1,1000,10,5.13,10.3,18,37,24,948,25,15,12,52,7.579326656,107,27,2.609031803,9.387414327,7.027765694,8.137546302,482,10,7,4,21,466,15,8,8,31,503,497,17,10,75,32
8,1000,10,5.13,10.3,18,37,27,957,31,6,6,43,7.821119209,98,23,2.536605768,9.426354953,7.694225558,7.951616331,483,16,4,4,24,474,15,2,2,19,507,493,16,7,72,26
2,1000,10,5.13,10.3,18,37,26,948,27,14,11,52,7.835612934,81,23,2.645745401,9.405180025,7.709133944,7.966205062,478,16,10,4,30,470,11,4,7,22,508,492,16,7,62,19
4,1000,10,5.13,10.3,18,37,27,954,25,10,11,46,7.681405917,104,40,2.461717795,9.345772243,7.380542034,7.982269799,482,9,5,4,18,472,16,5,7,28,500,500,14,26,61,43
7,1000,10,5.13,10.3,18,37,28,956,24,13,7,44,7.499170575,90,32,2.583737948,9.141663097,7.431154922,7.571393382,486,15,8,6,29,470,9,5,1,15,515,485,15,17,61,29
6,1000,10,5.13,10.3,18,37,30,956,24,8,12,44,7.881639206,111,27,2.700732215,9.740115241,7.594476257,8.161991967,476,11,5,2,18,480,13,3,10,26,494,506,13,14,85,26
3,1000,10,5.13,10.3,18,37,28,948,25,10,17,52,7.788421143,108,34,2.697754642,9.606006654,7.78087602,7.795555247,464,10,3,9,22,484,15,7,8,30,486,514,21,13,83,25
5,1000,10,5.13,10.3,18,37,28,961,22,8,9,39,7.468968524,90,35,2.603524125,9.115254046,7.179593411,7.776243129,498,8,3,6,17,463,14,5,3,22,515,485,20,15,66,24
8,1000,10,5.13,10.3,18,37,28,956,32,6,6,44,7.831511801,116,23,2.566013087,9.441543105,7.727660221,7.938312513,483,16,4,4,24,473,16,2,2,20,507,493,17,6,79,37
1,1000,10,5.13,10.3,18,37,25,948,26,14,12,52,7.62384046,96,31,2.5987572,9.397320676,7.077848537,8.176423834,482,11,6,4,21,466,15,8,8,31,503,497,13,18,68,28
4,1000,10,5.13,10.3,18,37,28,955,23,11,11,45,7.710965375,103,26,2.462874342,9.35807914,7.438453316,7.983477434,482,8,6,4,18,473,15,5,7,27,500,500,19,7,64,39
2,1000,10,5.13,10.3,18,37,27,949,26,14,11,51,7.866484842,120,25,2.659651818,9.410956931,7.732325559,8.005007028,479,15,10,4,29,470,11,4,7,22,508,492,16,9,82,38
7,1000,10,5.13,10.3,18,37,29,956,24,13,7,44,7.483942374,91,26,2.578544773,9.17214433,7.424966531,7.546566207,486,15,8,6,29,470,9,5,1,15,515,485,13,13,67,24
6,1000,10,5.13,10.3,18,37,31,957,23,8,12,43,7.869477664,106,36,2.690887245,9.768782198,7.646300475,8.087362114,476,11,5,2,18,481,12,3,10,25,494,506,16,20,76,30
3,1000,10,5.13,10.3,18,37,29,950,24,10,16,50,7.785175748,104,29,2.696900832,9.631417873,7.80705602,7.764487397,464,10,3,9,22,486,14,7,7,28,486,514,18,11,74,30
5,1000,10,5.13,10.3,18,37,29,960,22,9,9,40,7.481578429,104,36,2.60049328,9.129854294,7.21878409,7.760628087,497,8,4,6,18,463,14,5,3,22,515,485,27,9,71,33
8,1000,10,5.13,10.3,18,37,29,955,34,5,6,45,7.841577192,100,26,2.577801712,9.445077033,7.761072565,7.924367953,483,17,3,4,24,472,17,2,2,21,507,493,15,11,69,31
4,1000,10,5.13,10.3,18,37,29,958,19,12,11,42,7.705779404,103,34,2.462211408,9.364735718,7.465421429,7.946137379,482,6,8,4,18,476,13,4,7,24,500,500,15,19,71,32
1,1000,10,5.13,10.3,18,37,26,947,26,15,12,53,7.650244165,100,33,2.592943891,9.403935741,7.091693787,8.215537607,482,11,6,4,21,465,15,9,8,32,503,497,14,19,75,25
2,1000,10,5.13,10.3,18,37,28,950,25,14,11,50,7.89948822,84,36,2.671476413,9.424205825,7.817795297,7.983837823,479,15,10,4,29,471,10,4,7,21,508,492,22,14,65,19
7,1000,10,5.13,10.3,18,37,30,956,23,14,7,44,7.489142609,93,29,2.584300218,9.168647113,7.399368278,7.584469991,487,14,8,6,28,469,9,6,1,16,515,485,18,11,65,28
6,1000,10,5.13,10.3,18,37,32,957,22,9,12,43,7.869596522,105,36,2.677231527,9.790061067,7.667191486,8.067201437,476,10,6,2,18,481,12,3,10,25,494,506,24,12,77,28
3,1000,10,5.13,10.3,18,37,30,951,22,12,15,49,7.790208536,107,26,2.690737081,9.642310986,7.846831425,7.736670163,464,9,4,9,22,487,13,8,6,27,486,514,12,14,64,43
5,1000,10,5.13,10.3,18,37,30,959,22,9,10,41,7.507118093,102,27,2.598136625,9.144067443,7.266992396,7.762096926,496,9,3,7,19,463,13,6,3,22,515,485,14,13,68,34
8,1000,10,5.13,10.3,18,37,30,954,35,5,6,46,7.86642423,96,28,2.569758251,9.45240076,7.806607166,7.927939953,483,17,3,4,24,471,18,2,2,22,507,493,15,13,75,21
4,1000,10,5.13,10.3,18,37,30,956,21,12,11,44,7.750769991,84,34,2.461469159,9.375880533,7.487132657,8.014407324,482,6,8,4,18,474,15,4,7,26,500,500,18,16,51,33
1,1000,10,5.13,10.3,18,37,27,946,26,14,14,54,7.704401779,95,30,2.57000875,9.405017144,7.145407581,8.270144397,482,10,6,5,21,464,16,8,9,33,503,497,18,12,64,31
2,1000,10,5.13,10.3,18,37,29,950,25,14,11,50,7.917480327,108,27,2.673332783,9.439324699,7.844753417,7.99257234,479,15,10,4,29,471,10,4,7,21,508,492,17,10,77,31
7,1000,10,5.13,10.3,18,37,31,958,22,13,7,42,7.496840776,101,29,2.5841524,9.187878148,7.437491322,7.559861331,487,14,8,6,28,471,8,5,1,14,515,485,19,10,67,34
6,1000,10,5.13,10.3,18,37,33,958,23,9,10,42,7.868530522,114,43,2.675958251,9.79979894,7.708115029,8.025141696,476,10,6,2,18,482,13,3,8,24,494,506,22,21,84,30
3,1000,10,5.13,10.3,18,37,31,953,21,11,15,47,7.784760952,100,32,2.693020299,9.660947428,7.856666331,7.716772598,465,8,4,9,21,488,13,7,6,26,486,514,18,14,73,27
5,1000,10,5.13,10.3,18,37,31,961,22,8,9,39,7.479291817,108,28,2.607132534,9.151813714,7.273836125,7.697456108,496,9,3,7,19,465,13,5,2,20,515,485,19,9,74,34
4,1000,10,5.13,10.3,18,37,31,955,21,13,11,45,7.798543964,103,31,2.452427266,9.389994647,7.554896348,8.042191579,482,5,9,4,18,473,16,4,7,27,500,500,15,16,72,31
8,1000,10,5.13,10.3,18,37,31,954,35,5,6,46,7.882208316,107,39,2.576669042,9.483256674,7.828854586,7.937077162,483,17,3,4,24,471,18,2,2,22,507,493,20,19,73,34
2,1000,10,5.13,10.3,18,37,30,950,25,14,11,50,7.962656392,98,35,2.667946888,9.438541067,7.899853364,8.027501794,479,15,10,4,29,471,10,4,7,21,508,492,19,16,69,29
1,1000,10,5.13,10.3,18,37,28,946,26,14,14,54,7.728319941,108,20,2.569979188,9.410922269,7.179474772,8.283791008,482,10,6,5,21,464,16,8,9,33,503,497,13,7,74,34
7,1000,10,5.13,10.3,18,37,32,958,22,13,7,42,7.513693662,100,33,2.590050565,9.213710679,7.457361688,7.573510087,488,13,8,6,27,470,9,5,1,15,515,485,22,11,68,32
6,1000,10,5.13,10.3,18,37,34,958,23,9,10,42,7.876578348,106,31,2.682189639,9.805866769,7.736622381,8.013215201,475,11,6,2,19,483,12,3,8,23,494,506,23,8,75,31
3,1000,10,5.13,10.3,18,37,32,955,20,11,14,45,7.787409805,107,39,2.68544694,9.676304424,7.87026924,7.709064114,465,8,4,9,21,490,12,7,5,24,486,514,25,14,83,24
5,1000,10,5.13,10.3,18,37,32,962,21,8,9,38,7.504867777,102,32,2.605860877,9.159549734,7.309005884,7.712844839,496,9,3,7,19,466,12,5,2,19,515,485,18,14,65,37
8,1000,10,5.13,10.3,18,37,32,956,33,5,6,44,7.894146783,104,21,2.57787135,9.492309585,7.865855536,7.923241432,484,16,3,4,23,472,17,2,2,21,507,493,16,5,84,20
4,1000,10,5.13,10.3,18,37,32,954,22,13,11,46,7.812845319,110,23,2.462881843,9.390590532,7.609365573,8.016325065,481,6,9,4,19,473,16,4,7,27,500,500,8,15,77,33
2,1000,10,5.13,10.3,18,37,31,949,26,14,11,51,7.981863456,100,35,2.664724812,9.456210459,7.935596915,8.0296346,479,15,10,4,29,470,11,4,7,22,508,492,27,8,69,31
6,1000,10,5.13,10.3,18,37,35,959,22,9,10,41,7.888935334,106,32,2.712433829,9.830886911,7.793452153,7.982154092,475,11,6,2,19,484,11,3,8,22,494,506,19,13,77,29
7,1000,10,5.13,10.3,18,37,33,960,20,12,8,40,7.51472744,101,29,2.582505961,9.210701423,7.461735997,7.570996704,488,13,8,6,27,472,7,4,2,13,515,485,17,12,68,33
1,1000,10,5.13,10.3,18,37,29,948,26,13,13,52,7.707197243,127,35,2.56930903,9.408380442,7.205279366,8.215174491,482,10,6,5,21,466,16,7,8,31,503,497,18,17,96,31
3,1000,10,5.13,10.3,18,37,33,954,21,11,14,46,7.814993219,95,30,2.676537678,9.68265837,7.940144508,7.69665951,465,8,4,9,21,489,13,7,5,25,486,514,15,15,68,27
5,1000,10,5.13,10.3,18,37,33,962,21,7,10,38,7.521574922,104,25,2.602354577,9.166664394,7.344915879,7.709161328,496,9,2,8,19,466,12,5,2,19,515,485,13,12,78,26
4,1000,10,5.13,10.3,18,37,33,956,21,12,11,44,7.805947085,95,24,2.471665192,9.413526256,7.603737784,8.008156386,482,6,8,4,18,474,15,4,7,26,500,500,11,13,68,27
8,1000,10,5.13,10.3,18,37,33,957,31,6,6,43,7.924576319,101,25,2.585710577,9.502984041,7.932601582,7.916323157,484,15,4,4,23,473,16,2,2,20,507,493,11,14,71,30
6,1000,10,5.13,10.3,18,37,36,956,25,9,10,44,7.93166159,96,33,2.737370989,9.862756557,7.852829004,8.008624628,472,14,6,2,22,484,11,3,8,22,494,506,12,21,66,30
2,1000,10,5.13,10.3,18,37,32,951,25,13,11,49,7.960499724,90,28,2.678367379,9.481657645,7.93973623,7.981938453,479,15,10,4,29,472,10,3,7,20,508,492,18,10,62,28
7,1000,10,5.13,10.3,18,37,34,959,21,13,7,41,7.518949756,109,34,2.596600621,9.204134344,7.516283767,7.521780652,488,12,9,6,27,471,9,4,1,14,515,485,17,17,72,37
1,1000,10,5.13,10.3,18,37,30,948,26,13,13,52,7.713986639,87,23,2.564513734,9.396522016,7.231603167,8.202193654,482,10,6,5,21,466,16,7,8,31,503,497,13,10,63,24
3,1000,10,5.13,10.3,18,37,34,953,23,11,13,47,7.850503055,103,28,2.685952608,9.693686111,7.974648118,7.733120759,465,9,4,8,21,488,14,7,5,26,486,514,12,16,76,27
5,1000,10,5.13,10.3,18,37,34,959,24,6,11,41,7.587912654,93,30,2.602812525,9.179935924,7.392703891,7.795196186,495,10,2,8,20,464,14,4,3,21,515,485,17,13,63,30
8,1000,10,5.13,10.3,18,37,34,957,31,6,6,43,7.948505625,95,41,2.603761631,9.521325519,8.015450549,7.879659628,484,15,4,4,23,473,16,2,2,20,507,493,21,20,68,27
4,1000,10,5.13,10.3,18,37,34,955,23,11,11,45,7.812496463,89,29,2.46350636,9.427648104,7.609790465,8.015202461,482,6,8,4,18,473,17,3,7,27,500,500,22,7,67,22
6,1000,10,5.13,10.3,18,37,37,955,25,10,10,45,7.932285259,79,29,2.748039236,9.866762514,7.874167001,7.989025218,472,13,7,2,22,483,12,3,8,23,494,506,17,12,52,27
7,1000,10,5.13,10.3,18,37,35,959,21,13,7,41,7.510809852,108,32,2.600072729,9.196720109,7.519378262,7.501711438,488,12,9,6,27,471,9,4,1,14,515,485,22,10,67,41
2,1000,10,5.13,10.3,18,37,33,953,23,12,12,47,7.989816559,97,27,2.687336088,9.495911732,7.9822211,7.997659024,481,13,9,5,27,472,10,3,7,20,508,492,20,7,72,25
3,1000,10,5.13,10.3,18,37,35,954,23,10,13,46,7.840246686,99,33,2.685214644,9.723522133,7.989726359,7.698909875,465,9,4,8,21,489,14,6,5,25,486,514,19,14,72,27
1,1000,10,5.13,10.3,18,37,31,949,25,13,13,51,7.730639714,113,40,2.566904663,9.412294705,7.277566585,8.189182538,482,10,6,5,21,467,15,7,8,30,503,497,23,17,77,36
5,1000,10,5.13,10.3,18,37,35,960,23,6,11,40,7.566777976,78,34,2.604633563,9.195986877,7.395774365,7.748359131,495,10,2,8,20,465,13,4,3,20,515,485,20,14,60,18
4,1000,10,5.13,10.3,18,37,35,956,23,10,11,44,7.843777202,102,34,2.455437105,9.447459193,7.624472727,8.063081677,482,6,8,4,18,474,17,2,7,26,500,500,19,15,67,35
8,1000,10,5.13,10.3,18,37,35,957,31,5,7,43,7.953264832,109,38,2.616985395,9.541239237,8.082940301,7.819906896,484,15,3,5,23,473,16,2,2,20,507,493,21,17,80,29
6,1000,10,5.13,10.3,18,37,38,955,25,10,10,45,7.95781385,111,41,2.768069968,9.883271152,7.90021974,8.014042092,472,13,7,2,22,483,12,3,8,23,494,506,28,13,80,31
7,1000,10,5.13,10.3,18,37,36,959,23,12,6,41,7.512626866,108,30,2.604575008,9.211124614,7.552530388,7.470255084,487,13,9,6,28,472,10,3,0,13,515,485,15,15,70,38
3,1000,10,5.13,10.3,18,37,36,955,23,8,14,45,7.837101076,97,33,2.701617153,9.73828173,8.000341703,7.682752935,465,9,4,8,21,490,14,4,6,24,486,514,18,15,68,29
2,1000,10,5.13,10.3,18,37,34,953,23,12,12,47,8.004199205,104,45,2.690689813,9.493306042,8.013925746,7.994156354,481,13,9,5,27,472,10,3,7,20,508,492,32,13,71,33
1,1000,10,5.13,10.3,18,37,32,949,25,13,13,51,7.761980399,106,36,2.562875099,9.414883991,7.317416148,8.211911623,482,10,6,5,21,467,15,7,8,30,503,497,17,19,83,23
5,1000,10,5.13,10.3,18,37,36,962,22,4,12,38,7.583652289,81,34,2.582555616,9.212932797,7.458605354,7.716434087,495,10,2,8,20,467,12,2,4,18,515,485,19,15,58,23
4,1000,10,5.13,10.3,18,37,36,957,22,10,11,43,7.857166789,101,30,2.464555377,9.474296205,7.665781888,8.048551691,482,6,8,4,18,475,16,2,7,25,500,500,17,13,77,24
8,1000,10,5.13,10.3,18,37,36,959,28,6,7,41,7.97085142,96,30,2.629640235,9.54644421,8.118826746,7.818673955,484,14,4,5,23,475,14,2,2,18,507,493,18,12,71,25
6,1000,10,5.13,10.3,18,37,39,956,24,10,10,44,7.960071763,119,26,2.756938528,9.909489727,7.893972104,8.02460384,472,13,7,2,22,484,11,3,8,22,494,506,14,12,91,28
7,1000,10,5.13,10.3,18,37,37,959,23,12,6,41,7.518597742,92,30,2.613356877,9.213793095,7.58004871,7.453345682,487,13,9,6,28,472,10,3,0,13,515,485,23,7,63,29
3,1000,10,5.13,10.3,18,37,37,955,25,7,13,45,7.844924144,104,32,2.699046824,9.707903536,8.006157342,7.692474076,466,9,3,8,20,489,16,4,5,25,486,514,19,13,75,29
2,1000,10,5.13,10.3,18,37,35,953,23,12,12,47,8.021121741,107,34,2.726914705,9.503307002,8.018658853,8.023664724,481,13,9,5,27,472,10,3,7,20,508,492,21,13,77,30
1,1000,10,5.13,10.3,18,37,33,948,26,13,13,52,7.778750791,109,36,2.559707009,9.41042001,7.349776833,8.212903509,482,10,6,5,21,466,16,7,8,31,503,497,17,19,81,28
5,1000,10,5.13,10.3,18,37,37,961,23,4,12,39,7.622393488,92,33,2.581441462,9.213519836,7.479728205,7.773883427,494,11,2,8,21,467,12,2,4,18,515,485,21,12,64,28
4,1000,10,5.13,10.3,18,37,37,961,20,10,9,39,7.799200583,114,24,2.475944595,9.480390215,7.625050101,7.973351064,484,5,7,4,16,477,15,3,5,23,500,500,13,11,73,41
8,1000,10,5.13,10.3,18,37,37,959,28,6,7,41,7.994345719,104,33,2.632351298,9.557939423,8.130833178,7.853982347,484,14,4,5,23,475,14,2,2,18,507,493,21,12,74,30
6,1000,10,5.13,10.3,18,37,40,955,25,10,10,45,7.99533745,103,26,2.757457066,9.918724816,7.963017472,8.026890946,470,14,7,3,24,485,11,3,7,21,494,506,12,14,72,31
7,1000,10,5.13,10.3,18,37,38,959,23,12,6,41,7.53426164,91,33,2.621514991,9.215291689,7.614340217,7.449229749,486,14,9,6,29,473,9,3,0,12,515,485,19,14,64,27
3,1000,10,5.13,10.3,18,37,38,955,25,7,13,45,7.892039182,117,40,2.708420654,9.707295348,8.069143343,7.724582718,466,9,3,8,20,489,16,4,5,25,486,514,23,17,79,38
2,1000,10,5.13,10.3,18,37,36,953,23,12,12,47,8.042881279,94,31,2.741513605,9.516633184,8.029982843,8.056199177,481,13,9,5,27,472,10,3,7,20,508,492,19,12,65,29
5,1000,10,5.13,10.3,18,37,38,960,24,4,12,40,7.659932346,102,34,2.567250592,9.247413301,7.517581909,7.811087965,494,11,2,8,21,466,13,2,4,19,515,485,19,15,76,26
1,1000,10,5.13,10.3,18,37,34,949,26,13,12,51,7.755828809,93,26,2.561129192,9.411358356,7.355435819,8.161055518,482,10,6,5,21,467,16,7,7,30,503,497,17,9,70,23
4,1000,10,5.13,10.3,18,37,38,961,20,10,9,39,7.805569651,83,31,2.484143118,9.505494587,7.642188001,7.968951301,484,5,7,4,16,477,15,3,5,23,500,500,23,8,55,28
8,1000,10,5.13,10.3,18,37,38,957,29,6,8,43,8.045547844,111,31,2.631927832,9.567196555,8.165350658,7.922342921,482,16,4,5,25,475,13,2,3,18,507,493,18,13,70,41
6,1000,10,5.13,10.3,18,37,41,953,27,10,10,47,8.041593444,107,35,2.757255287,9.928420773,8.005948619,8.076392938,469,15,7,3,25,484,12,3,7,22,494,506,17,18,74,33
7,1000,10,5.13,10.3,18,37,39,958,24,12,6,42,7.55280143,82,26,2.619647549,9.215667856,7.625387377,7.475725629,486,14,9,6,29,472,10,3,0,13,515,485,16,10,51,31
3,1000,10,5.13,10.3,18,37,39,953,25,9,13,47,7.949945773,129,38,2.733582848,9.72600517,8.130614708,7.779118725,463,10,5,8,23,490,15,4,5,24,486,514,23,15,91,38
2,1000,10,5.13,10.3,18,37,37,953,23,12,12,47,8.041683794,90,28,2.7490011,9.535363025,8.047026182,8.036167669,481,13,9,5,27,472,10,3,7,20,508,492,20,8,68,22
5,1000,10,5.13,10.3,18,37,39,959,25,4,12,41,7.704356799,85,30,2.570862063,9.263904689,7.550837825,7.867371792,494,11,2,8,21,465,14,2,4,20,515,485,19,11,67,18
4,1000,10,5.13,10.3,18,37,39,962,19,10,9,38,7.793178709,88,23,2.461807959,9.49871141,7.669472141,7.916885278,484,5,7,4,16,478,14,3,5,22,500,500,15,8,62,26
1,1000,10,5.13,10.3,18,37,35,950,26,12,12,50,7.742948899,99,38,2.581651974,9.431273326,7.355132424,8.135447264,482,10,6,5,21,468,16,6,7,29,503,497,26,12,68,31
6,1000,10,5.13,10.3,18,37,42,953,27,10,10,47,8.078401904,96,34,2.779768232,9.939033151,8.069594269,8.087000663,470,14,7,3,24,483,13,3,7,23,494,506,16,18,66,30
8,1000,10,5.13,10.3,18,37,39,958,30,4,8,42,8.055523838,116,36,2.629852036,9.587179666,8.199378965,7.907583575,483,16,3,5,24,475,14,1,3,18,507,493,17,19,74,42
7,1000,10,5.13,10.3,18,37,40,958,25,11,6,42,7.571859645,101,29,2.61689664,9.234623365,7.660769439,7.477450277,487,14,8,6,28,471,11,3,0,14,515,485,16,13,69,32
3,1000,10,5.13,10.3,18,37,40,952,26,9,13,48,7.994009475,100,36,2.755191603,9.727257316,8.195363108,7.803624523,463,10,5,8,23,489,16,4,5,25,486,514,24,12,73,27
2,1000,10,5.13,10.3,18,37,38,955,23,11,11,45,8.077058573,99,34,2.756159381,9.553835606,8.051646788,8.103296758,482,13,8,5,26,473,10,3,6,19,508,492,23,11,65,34
5,1000,10,5.13,10.3,18,37,40,959,25,4,12,41,7.725489492,97,32,2.548621649,9.270500228,7.56143302,7.899693787,494,11,2,8,21,465,14,2,4,20,515,485,21,11,64,33
4,1000,10,5.13,10.3,18,37,40,962,19,10,9,38,7.829153224,111,28,2.457221474,9.504669587,7.723029179,7.93527727,484,5,7,4,16,478,14,3,5,22,500,500,13,15,75,36
6,1000,10,5.13,10.3,18,37,43,954,26,10,10,46,8.075857218,98,30,2.789963846,9.977542622,8.127185068,8.025746628,470,14,7,3,24,484,12,3,7,22,494,506,18,12,72,26
8,1000,10,5.13,10.3,18,37,40,958,30,4,8,42,8.095140334,101,40,2.628290149,9.592582192,8.25902334,7.92660345,483,16,3,5,24,475,14,1,3,18,507,493,21,19,75,26
1,1000,10,5.13,10.3,18,37,36,950,26,12,12,50,7.777547903,105,24,2.581556308,9.439134852,7.37010385,8.189910799,482,10,6,5,21,468,16,6,7,29,503,497,16,8,70,35
7,1000,10,5.13,10.3,18,37,41,957,26,11,6,43,7.610967506,100,39,2.605880774,9.249943746,7.70911963,7.506744116,486,15,8,6,29,471,11,3,0,14,515,485,24,15,70,30
3,1000,10,5.13,10.3,18,37,41,951,27,9,13,49,7.989771378,106,27,2.770200512,9.730649028,8.212670115,7.779014986,463,10,5,8,23,488,17,4,5,26,486,514,9,18,77,29
2,1000,10,5.13,10.3,18,37,39,955,24,9,12,45,8.118269264,97,34,2.761638112,9.571992268,8.124766439,8.111560799,481,14,7,6,27,474,10,2,6,18,508,492,26,8,68,29
4,1000,10,5.13,10.3,18,37,41,962,19,10,9,38,7.838203915,123,48,2.465494336,9.51548495,7.757230345,7.919177484,484,5,7,4,16,478,14,3,5,22,500,500,22,26,85,38
5,1000,10,5.13,10.3,18,37,41,959,25,4,12,41,7.733226763,105,33,2.552428638,9.292625101,7.598823113,7.87594404,494,11,2,8,21,465,14,2,4,20,515,485,15,18,66,39
6,1000,10,5.13,10.3,18,37,44,954,25,12,9,46,8.10484772,95,28,2.790809201,9.997503755,8.193687704,8.018114613,469,14,8,3,25,485,11,4,6,21,494,506,18,10,69,26
8,1000,10,5.13,10.3,18,37,41,957,31,4,8,43,8.113251322,113,39,2.626993205,9.594126894,8.292321219,7.929096276,483,16,3,5,24,474,15,1,3,19,507,493,29,10,79,34
1,1000,10,5.13,10.3,18,37,37,952,24,12,12,48,7.766932265,87,28,2.58149701,9.445371222,7.364851038,8.173867592,482,10,6,5,21,470,14,6,7,27,503,497,19,9,66,21
7,1000,10,5.13,10.3,18,37,42,958,26,10,6,42,7.629112343,110,35,2.600953859,9.254847897,7.738330773,7.513138133,487,15,7,6,28,471,11,3,0,14,515,485,22,13,71,39
3,1000,10,5.13,10.3,18,37,42,951,27,9,13,49,7.992103715,103,29,2.758220572,9.749581604,8.185819603,7.808940444,463,10,5,8,23,488,17,4,5,26,486,514,18,11,71,32
4,1000,10,5.13,10.3,18,37,42,960,21,10,9,40,7.856828195,93,25,2.453776104,9.523203927,7.768044891,7.945611499,483,6,7,4,17,477,15,3,5,23,500,500,18,7,64,29
5,1000,10,5.13,10.3,18,37,42,958,26,4,12,42,7.764329802,93,31,2.569427551,9.298424924,7.651000815,7.88466883,494,11,2,8,21,464,15,2,4,21,515,485,21,10,66,27
2,1000,10,5.13,10.3,18,37,40,956,23,9,12,44,8.117382609,87,33,2.771086747,9.585485653,8.145243027,8.08861616,481,14,7,6,27,475,9,2,6,17,508,492,22,11,68,19
6,1000,10,5.13,10.3,18,37,45,954,25,12,9,46,8.139285975,103,41,2.80590336,10.00912949,8.211476462,8.068807516,469,14,8,3,25,485,11,4,6,21,494,506,23,18,87,16
8,1000,10,5.13,10.3,18,37,42,958,31,4,7,42,8.121387229,105,36,2.644745399,9.59175706,8.290596044,7.947373296,483,16,3,5,24,475,15,1,2,18,507,493,18,18,72,33
7,1000,10,5.13,10.3,18,37,43,958,25,11,6,42,7.617958298,100,44,2.608908751,9.262716303,7.779038684,7.446914177,487,15,7,6,28,471,10,4,0,14,515,485,25,19,72,28
1,1000,10,5.13,10.3,18,37,38,952,23,13,12,48,7.78734794,83,33,2.564876108,9.476910489,7.385257311,8.194292781,482,9,7,5,21,470,14,6,7,27,503,497,22,11,65,18
3,1000,10,5.13,10.3,18,37,43,951,27,9,13,49,8.030145255,116,28,2.764953796,9.773291434,8.239177827,7.83249967,463,10,5,8,23,488,17,4,5,26,486,514,16,12,86,30
4,1000,10,5.13,10.3,18,37,43,959,22,10,9,41,7.871627621,112,23,2.455557751,9.548342547,7.798717539,7.944537703,483,6,7,4,17,476,16,3,5,24,500,500,13,10,76,36
5,1000,10,5.13,10.3,18,37,43,960,25,3,12,40,7.754758957,94,37,2.566680583,9.316708308,7.671116482,7.843575193,495,11,1,8,20,465,14,2,4,20,515,485,24,13,68,26
6,1000,10,5.13,10.3,18,37,46,954,25,12,9,46,8.1540422,111,30,2.793166541,10.02270325,8.223452723,8.086277777,469,14,8,3,25,485,11,4,6,21,494,506,15,15,88,23
2,1000,10,5.13,10.3,18,37,41,956,23,10,11,44,8.104628095,90,36,2.780697339,9.606035317,8.150999636,8.056748537,481,14,7,6,27,475,9,3,5,17,508,492,15,21,65,25
8,1000,10,5.13,10.3,18,37,43,959,30,4,7,41,8.145345613,96,39,2.659109643,9.600937119,8.323383491,7.962251894,482,17,3,5,25,477,13,1,2,16,507,493,22,17,62,34
7,1000,10,5.13,10.3,18,37,44,959,25,11,5,41,7.623819676,111,24,2.590392366,9.272461141,7.775702936,7.462541576,488,15,7,5,27,471,10,4,0,14,515,485,15,9,71,40
3,1000,10,5.13,10.3,18,37,44,952,26,9,13,48,8.036209513,101,30,2.765369712,9.782349304,8.241577521,7.842028867,463,10,5,8,23,489,16,4,5,25,486,514,19,11,73,28
1,1000,10,5.13,10.3,18,37,39,952,24,12,12,48,7.813584201,89,32,2.557869142,9.510455355,7.417653512,8.214294738,482,10,6,5,21,470,14,6,7,27,503,497,19,13,63,26
4,1000,10,5.13,10.3,18,37,44,961,20,10,9,39,7.868527386,132,28,2.464762652,9.56407727,7.823178064,7.913876708,484,5,7,4,16,477,15,3,5,23,500,500,17,11,87,45
6,1000,10,5.13,10.3,18,37,47,954,25,12,9,46,8.184263575,108,42,2.768090817,10.0307117,8.283081989,8.087788681,469,14,8,3,25,485,11,4,6,21,494,506,25,17,82,26
5,1000,10,5.13,10.3,18,37,44,960,25,3,12,40,7.738585155,99,37,2.570990061,9.314773379,7.677773572,7.803158278,495,11,1,8,20,465,14,2,4,20,515,485,26,11,68,31
2,1000,10,5.13,10.3,18,37,42,957,23,9,11,43,8.089532354,113,28,2.788694729,9.63207766,8.134601186,8.04299787,481,14,7,6,27,476,9,2,5,16,508,492,23,5,71,42
8,1000,10,5.13,10.3,18,37,44,960,29,4,7,40,8.146120271,86,28,2.678535333,9.617447232,8.324530085,7.962644053,483,16,3,5,24,477,13,1,2,16,507,493,12,16,61,25
7,1000,10,5.13,10.3,18,37,45,960,24,11,5,40,7.627859259,116,34,2.603068401,9.311473707,7.78747625,7.458369052,488,15,7,5,27,472,9,4,0,13,515,485,20,14,81,35
3,1000,10,5.13,10.3,18,37,45,950,29,9,12,50,8.073694341,110,31,2.766403141,9.815657628,8.297775495,7.861819943,461,12,5,8,25,489,17,4,4,25,486,514,24,7,81,29
1,1000,10,5.13,10.3,18,37,40,952,24,12,12,48,7.838227476,93,32,2.56550051,9.517711056,7.439987757,8.241274917,482,10,6,5,21,470,14,6,7,27,503,497,17,15,65,28
4,1000,10,5.13,10.3,18,37,45,962,22,9,7,38,7.90855101,104,26,2.469621848,9.555106668,7.898661722,7.918440297,485,6,6,3,15,477,16,3,4,23,500,500,13,13,75,29
6,1000,10,5.13,10.3,18,37,48,956,23,12,9,44,8.180859859,113,31,2.749455244,10.02980147,8.322971927,8.042118038,469,14,8,3,25,487,9,4,6,19,494,506,17,14,86,27
5,1000,10,5.13,10.3,18,37,45,960,25,3,12,40,7.760158471,101,35,2.558334131,9.324884685,7.726897129,7.795477216,495,11,1,8,20,465,14,2,4,20,515,485,23,12,73,28
8,1000,10,5.13,10.3,18,37,45,960,29,4,7,40,8.18972338,91,37,2.681927318,9.611943216,8.388845204,7.984946981,483,16,3,5,24,477,13,1,2,16,507,493,19,18,70,21
2,1000,10,5.13,10.3,18,37,43,959,20,10,11,41,8.085558763,96,27,2.791080075,9.639440173,8.173750155,7.994499359,482,13,7,6,26,477,7,3,5,15,508,492,19,8,71,25
7,1000,10,5.13,10.3,18,37,46,962,22,11,5,38,7.599696356,94,22,2.59935715,9.344815885,7.799854593,7.387157197,489,14,7,5,26,473,8,4,0,12,515,485,10,12,71,23
3,1000,10,5.13,10.3,18,37,46,951,26,11,12,49,8.086811521,105,28,2.788938909,9.816061688,8.308236572,7.877448536,461,12,5,8,25,490,14,6,4,24,486,514,17,11,77,28
1,1000,10,5.13,10.3,18,37,41,951,25,11,13,49,7.840292807,81,25,2.559636423,9.525247312,7.500392549,8.184296489,481,11,5,6,22,470,14,6,7,27,503,497,14,11,57,24
4,1000,10,5.13,10.3,18,37,46,961,23,9,7,39,7.939687703,87,30,2.479945689,9.56965684,7.959598456,7.91977695,483,8,6,3,17,478,15,3,4,22,500,500,18,12,71,16
6,1000,10,5.13,10.3,18,37,49,956,23,12,9,44,8.161528563,117,27,2.751441744,10.05200476,8.329008394,7.998020585,469,14,8,3,25,487,9,4,6,19,494,506,13,14,87,30
5,1000,10,5.13,10.3,18,37,46,960,25,3,12,40,7.767185611,88,24,2.560255952,9.332382532,7.73484113,7.801530781,495,11,1,8,20,465,14,2,4,20,515,485,16,8,66,22
8,1000,10,5.13,10.3,18,37,46,959,29,5,7,41,8.220479191,88,43,2.675218771,9.609908027,8.435888362,7.998952923,483,15,4,5,24,476,14,1,2,17,507,493,18,25,66,22
7,1000,10,5.13,10.3,18,37,47,962,22,11,5,38,7.642443615,102,46,2.604433197,9.365625694,7.859850239,7.411589158,489,14,7,5,26,473,8,4,0,12,515,485,25,21,71,31
3,1000,10,5.13,10.3,18,37,47,952,25,11,12,48,8.10690841,96,32,2.788867097,9.835261833,8.342377865,7.884266085,461,12,5,8,25,491,13,6,4,23,486,514,19,13,67,29
2,1000,10,5.13,10.3,18,37,44,959,20,10,11,41,8.14238404,90,36,2.779865579,9.649999094,8.255607216,8.025478809,482,13,7,6,26,477,7,3,5,15,508,492,26,10,65,25
1,1000,10,5.13,10.3,18,37,42,951,25,11,13,49,7.863408659,88,42,2.554783491,9.565295507,7.556252669,8.174272769,481,11,5,6,22,470,14,6,7,27,503,497,21,21,64,24
4,1000,10,5.13,10.3,18,37,47,961,22,10,7,39,7.946398743,108,28,2.469457677,9.578634764,7.999920175,7.892877311,483,8,6,3,17,478,14,4,4,22,500,500,17,11,67,41
6,1000,10,5.13,10.3,18,37,50,956,23,12,9,44,8.1721155,110,36,2.745300384,10.07830448,8.334325665,8.013752216,469,14,8,3,25,487,9,4,6,19,494,506,21,15,75,35
5,1000,10,5.13,10.3,18,37,47,960,25,3,12,40,7.777406013,83,31,2.550646865,9.347413814,7.752732402,7.803605826,495,11,1,8,20,465,14,2,4,20,515,485,18,13,61,22
7,1000,10,5.13,10.3,18,37,48,962,22,11,5,38,7.641074022,96,39,2.598204513,9.350021938,7.866104867,7.402123745,490,13,7,5,25,472,9,4,0,13,515,485,22,17,71,25
8,1000,10,5.13,10.3,18,37,47,959,30,4,7,41,8.240321526,93,23,2.677162225,9.597265666,8.453630053,8.020955557,482,16,4,5,25,477,14,0,2,16,507,493,15,8,66,27
3,1000,10,5.13,10.3,18,37,48,951,26,11,12,49,8.161362395,96,30,2.80139102,9.854730637,8.443190874,7.894886441,461,12,5,8,25,490,14,6,4,24,486,514,20,10,69,27
2,1000,10,5.13,10.3,18,37,45,959,20,10,11,41,8.148905688,95,33,2.783404924,9.664943691,8.264482592,8.029570185,482,13,7,6,26,477,7,3,5,15,508,492,22,11,61,34
6,1000,10,5.13,10.3,18,37,51,956,23,12,9,44,8.186428955,104,34,2.752036947,10.09980624,8.388853449,7.988805042,468,15,8,3,26,488,8,4,6,18,494,506,20,14,76,28
4,1000,10,5.13,10.3,18,37,48,960,22,10,8,40,7.956752489,111,31,2.471337432,9.599373124,8.03338344,7.880121538,482,8,6,4,18,478,14,4,4,22,500,500,16,15,77,34
1,1000,10,5.13,10.3,18,37,43,951,25,11,13,49,7.889286396,109,30,2.587162928,9.567494319,7.555006312,8.227602054,481,11,5,6,22,470,14,6,7,27,503,497,15,15,73,36
5,1000,10,5.13,10.3,18,37,48,959,26,3,12,41,7.8284057,109,34,2.55665494,9.386265414,7.815670178,7.841928987,495,11,1,8,20,464,15,2,4,21,515,485,22,12,75,34
3,1000,10,5.13,10.3,18,37,49,949,28,11,12,51,8.207157677,89,26,2.806492095,9.877945704,8.501122256,7.929206733,458,15,5,8,28,491,13,6,4,23,486,514,15,11,64,25
7,1000,10,5.13,10.3,18,37,49,961,23,11,5,39,7.690238013,106,38,2.600387111,9.345407245,7.908097362,7.458902829,489,14,7,5,26,472,9,4,0,13,515,485,20,18,74,32
8,1000,10,5.13,10.3,18,37,48,959,29,5,7,41,8.270087334,106,37,2.689436527,9.60909059,8.478892523,8.055352586,482,15,5,5,25,477,14,0,2,16,507,493,22,15,80,26
2,1000,10,5.13,10.3,18,37,46,959,20,11,10,41,8.187126942,101,29,2.780496399,9.676680281,8.358386584,8.010297881,481,14,7,6,27,478,6,4,4,14,508,492,19,10,76,25
4,1000,10,5.13,10.3,18,37,49,960,22,10,8,40,7.976035694,109,35,2.492664934,9.608338698,8.072515638,7.87955575,481,9,6,4,19,479,13,4,4,21,500,500,19,16,80,29
6,1000,10,5.13,10.3,18,37,52,955,24,11,10,45,8.191412958,95,41,2.763188493,10.11003489,8.387320131,8.000151804,467,16,8,3,27,488,8,3,7,18,494,506,30,11,68,27
1,1000,10,5.13,10.3,18,37,44,952,24,11,13,48,7.882611509,108,37,2.592423318,9.580059939,7.566319992,8.202721434,482,10,5,6,21,470,14,6,7,27,503,497,20,17,80,28
5,1000,10,5.13,10.3,18,37,49,959,24,5,12,41,7.881611073,96,28,2.572698974,9.39560779,7.881226328,7.882019617,495,10,2,8,20,464,14,3,4,21,515,485,21,7,71,25
3,1000,10,5.13,10.3,18,37,50,949,29,10,12,51,8.252579154,105,33,2.800992845,9.89740767,8.510945432,8.008287303,459,15,4,8,27,490,14,6,4,24,486,514,15,18,80,25
7,1000,10,5.13,10.3,18,37,50,959,25,11,5,41,7.700614556,96,26,2.594763577,9.35910563,7.9364188,7.450224484,488,15,7,5,27,471,10,4,0,14,515,485,16,10,64,32
8,1000,10,5.13,10.3,18,37,49,960,28,5,7,40,8.266701321,105,32,2.695038065,9.626614485,8.506630113,8.019959135,482,15,5,5,25,478,13,0,2,15,507,493,20,12,77,28
2,1000,10,5.13,10.3,18,37,47,958,20,12,10,42,8.23368998,94,27,2.79266503,9.691882372,8.410965393,8.050649512,480,14,8,6,28,478,6,4,4,14,508,492,18,9,60,34
6,1000,10,5.13,10.3,18,37,53,955,24,11,10,45,8.235806261,102,32,2.774749681,10.10909362,8.489186473,7.988435065,467,16,8,3,27,488,8,3,7,18,494,506,18,14,73,29
4,1000,10,5.13,10.3,18,37,50,960,23,10,7,40,8.010650651,98,41,2.495908923,9.608782471,8.121486522,7.899814779,481,10,6,3,19,479,13,4,4,21,500,500,23,18,79,19
1,1000,10,5.13,10.3,18,37,45,952,25,11,12,48,7.892078649,103,30,2.590276949,9.585042772,7.558204887,8.229983079,482,10,5,6,21,470,15,6,6,27,503,497,16,14,77,26
3,1000,10,5.13,10.3,18,37,51,949,29,10,12,51,8.300202082,115,39,2.792115002,9.902241283,8.548851972,8.065097322,459,15,4,8,27,490,14,6,4,24,486,514,22,17,80,35
5,1000,10,5.13,10.3,18,37,50,958,25,5,12,42,7.930118518,87,41,2.57942352,9.409479758,7.953556706,7.905230546,495,10,2,8,20,463,15,3,4,22,515,485,27,14,49,38
7,1000,10,5.13,10.3,18,37,51,957,28,11,4,43,7.698977041,95,29,2.611285715,9.374813199,7.903264744,7.482052985,488,16,7,4,27,469,12,4,0,16,515,485,18,11,66,29
8,1000,10,5.13,10.3,18,37,50,960,27,6,7,40,8.286848222,107,36,2.703620606,9.624022985,8.484595806,8.083485088,482,14,6,5,25,478,13,0,2,15,507,493,19,17,74,33
2,1000,10,5.13,10.3,18,37,48,957,21,12,10,43,8.286310577,117,46,2.808181407,9.713526439,8.484998558,8.081161198,480,14,8,6,28,477,7,4,4,15,508,492,33,13,78,39
6,1000,10,5.13,10.3,18,37,54,955,24,11,10,45,8.233933471,115,21,2.783685255,10.13644267,8.487117176,7.986754123,468,15,8,3,26,487,9,3,7,19,494,506,12,9,81,34
4,1000,10,5.13,10.3,18,37,51,960,22,10,8,40,8.048614753,116,31,2.501733518,9.618078702,8.190819714,7.906409793,481,10,5,4,19,479,12,5,4,21,500,500,17,14,85,31
3,1000,10,5.13,10.3,18,37,52,948,30,10,12,52,8.313868645,120,36,2.792381944,9.927887734,8.582777216,8.05960879,459,15,4,8,27,489,15,6,4,25,486,514,24,12,86,34
1,1000,10,5.13,10.3,18,37,46,952,25,11,12,48,7.914410593,102,38,2.591225814,9.592883733,7.596877468,8.235777116,481,11,5,6,22,471,14,6,6,26,503,497,23,15,71,31
5,1000,10,5.13,10.3,18,37,51,957,26,5,12,43,7.989457645,106,30,2.599046407,9.401748007,8.039621468,7.936190906,494,11,2,8,21,463,15,3,4,22,515,485,17,13,79,27
7,1000,10,5.13,10.3,18,37,52,959,26,10,5,41,7.743488136,104,25,2.620886807,9.390126589,7.94940587,7.524833221,488,16,7,4,27,471,10,3,1,14,515,485,17,8,75,29
8,1000,10,5.13,10.3,18,37,51,962,25,6,7,38,8.260300579,99,22,2.694345131,9.640167275,8.496477177,8.01741714,483,13,6,5,24,479,12,0,2,14,507,493,12,10,78,21
2,1000,10,5.13,10.3,18,37,49,956,20,14,10,44,8.323458643,96,29,2.813812475,9.707786026,8.539722097,8.100162231,479,13,10,6,29,477,7,4,4,15,508,492,13,16,67,29
6,1000,10,5.13,10.3,18,37,55,954,24,12,10,46,8.232013766,120,30,2.786549583,10.14075312,8.526148903,7.944854166,467,15,9,3,27,487,9,3,7,19,494,506,19,11,86,34
4,1000,10,5.13,10.3,18,37,52,959,23,10,8,41,8.06836952,105,31,2.509641808,9.609252896,8.22268313,7.914055911,480,11,5,4,20,479,12,5,4,21,500,500,21,10,73,32
3,1000,10,5.13,10.3,18,37,53,948,29,11,12,52,8.334694181,110,39,2.824830089,9.959765414,8.602106976,8.08184862,459,15,4,8,27,489,14,7,4,25,486,514,23,16,83,27
5,1000,10,5.13,10.3,18,37,52,957,26,6,11,43,7.976842063,98,32,2.614229004,9.420657732,8.087515662,7.859322675,493,11,3,8,22,464,15,3,3,21,515,485,19,13,75,23
7,1000,10,5.13,10.3,18,37,53,959,25,11,5,41,7.739656405,97,19,2.633223241,9.408033914,7.970675732,7.494347223,488,15,8,4,27,471,10,3,1,14,515,485,11,8,75,22
1,1000,10,5.13,10.3,18,37,47,952,24,11,13,48,7.937630384,108,34,2.592280261,9.596802961,7.631446088,8.24751107,481,11,5,6,22,471,13,6,7,26,503,497,19,15,86,22
8,1000,10,5.13,10.3,18,37,52,961,26,6,7,39,8.284183506,100,21,2.709562172,9.654997398,8.557151535,8.003463849,483,13,6,5,24,478,13,0,2,15,507,493,14,7,74,26
6,1000,10,5.13,10.3,18,37,56,954,24,13,9,46,8.19844342,111,40,2.77749487,10.17564403,8.541289624,7.863727957,467,14,10,3,27,487,10,3,6,19,494,506,27,13,84,27
2,1000,10,5.13,10.3,18,37,50,956,20,14,10,44,8.369035789,73,45,2.80758174,9.706036457,8.612911672,8.117228983,479,13,10,6,29,477,7,4,4,15,508,492,29,16,54,19
4,1000,10,5.13,10.3,18,37,53,959,23,11,7,41,8.072914228,103,31,2.512675258,9.632742054,8.263285753,7.882542703,480,10,6,4,20,479,13,5,3,21,500,500,20,11,73,30
3,1000,10,5.13,10.3,18,37,54,950,29,9,12,50,8.322314797,105,41,2.830559081,9.991493458,8.619829423,8.041007194,460,15,3,8,26,490,14,6,4,24,486,514,21,20,86,19
7,1000,10,5.13,10.3,18,37,54,959,24,12,5,41,7.741468123,103,37,2.637693165,9.410712403,7.984337193,7.483576225,488,14,9,4,27,471,10,3,1,14,515,485,27,10,75,28
5,1000,10,5.13,10.3,18,37,53,958,25,6,11,42,8.023518154,94,33,2.616860278,9.459079424,8.131105372,7.909276057,493,11,3,8,22,465,14,3,3,20,515,485,18,15,71,23
8,1000,10,5.13,10.3,18,37,53,961,27,6,6,39,8.282113913,95,37,2.720848251,9.676462216,8.575939239,7.979944664,483,13,6,5,24,478,14,0,1,15,507,493,20,17,74,21
1,1000,10,5.13,10.3,18,37,48,952,24,11,13,48,7.992145139,85,33,2.612690832,9.639422914,7.685389884,8.302603676,481,11,5,6,22,471,13,6,7,26,503,497,24,9,62,23
6,1000,10,5.13,10.3,18,37,57,955,24,12,9,45,8.237116351,110,36,2.802809944,10.18256747,8.614648045,7.868537978,467,14,10,3,27,488,10,2,6,18,494,506,22,14,82,28
4,1000,10,5.13,10.3,18,37,54,960,23,10,7,40,8.062641714,101,37,2.491459605,9.66589992,8.273700269,7.851583159,481,9,6,4,19,479,14,4,3,21,500,500,21,16,78,23
2,1000,10,5.13,10.3,18,37,51,955,21,14,10,45,8.370309282,108,46,2.819003469,9.7167628,8.615695034,8.116943506,479,13,10,6,29,476,8,4,4,16,508,492,33,13,74,34
3,1000,10,5.13,10.3,18,37,55,950,29,9,12,50,8.335577854,111,34,2.822129545,10.00345168,8.657399999,8.031286876,460,15,3,8,26,490,14,6,4,24,486,514,21,13,82,29
7,1000,10,5.13,10.3,18,37,55,959,24,12,5,41,7.773734119,99,29,2.657117874,9.407237494,8.030274878,7.501324859,488,14,9,4,27,471,10,3,1,14,515,485,20,9,73,26
5,1000,10,5.13,10.3,18,37,54,957,25,7,11,43,8.043949761,107,36,2.645249912,9.458903884,8.157366173,7.9235179,492,12,3,8,23,465,13,4,3,20,515,485,14,22,80,27
8,1000,10,5.13,10.3,18,37,54,961,27,6,6,39,8.273381425,106,33,2.714831077,9.68913071,8.598376058,7.939157736,483,13,6,5,24,478,14,0,1,15,507,493,18,15,76,30
1,1000,10,5.13,10.3,18,37,49,953,23,11,13,47,8.019173175,101,36,2.616131863,9.651309264,7.71577793,8.32623114,481,10,6,6,22,472,13,5,7,25,503,497,23,13,77,24
6,1000,10,5.13,10.3,18,37,58,955,24,12,9,45,8.237311959,101,35,2.790637746,10.20316171,8.667195822,7.81762297,467,14,10,3,27,488,10,2,6,18,494,506,22,13,75,26
4,1000,10,5.13,10.3,18,37,55,959,23,11,7,41,8.059516404,102,27,2.511364667,9.687456802,8.275280786,7.843752021,481,8,7,4,19,478,15,4,3,22,500,500,20,7,71,31
2,1000,10,5.13,10.3,18,37,52,955,21,14,10,45,8.332588601,120,33,2.823807506,9.736834456,8.607777293,8.048450684,479,13,10,6,29,476,8,4,4,16,508,492,17,16,81,39
3,1000,10,5.13,10.3,18,37,56,950,29,9,12,50,8.337070044,100,36,2.826311568,10.05136219,8.72047487,7.974551083,459,16,3,8,27,491,13,6,4,23,486,514,23,13,75,25
7,1000,10,5.13,10.3,18,37,56,958,25,12,5,42,7.813097787,97,27,2.664957533,9.433513651,8.085165774,7.524200852,487,15,9,4,28,471,10,3,1,14,515,485,17,10,71,26
8,1000,10,5.13,10.3,18,37,55,961,27,6,6,39,8.285761457,88,42,2.717967717,9.711779031,8.637832216,7.923692746,483,13,6,5,24,478,14,0,1,15,507,493,31,11,66,22
5,1000,10,5.13,10.3,18,37,55,955,26,7,12,45,8.04791694,85,31,2.639059798,9.500847843,8.221290972,7.863818741,490,13,3,9,25,465,13,4,3,20,515,485,20,11,64,21
1,1000,10,5.13,10.3,18,37,50,953,23,11,13,47,8.039748465,102,39,2.616394062,9.651565716,7.7817253,8.300886598,480,11,6,6,23,473,12,5,7,24,503,497,26,13,76,26
6,1000,10,5.13,10.3,18,37,59,953,26,12,9,47,8.278229155,106,34,2.783821295,10.21767708,8.71181792,7.854923127,466,15,10,3,28,487,11,2,6,19,494,506,20,14,80,26
4,1000,10,5.13,10.3,18,37,56,961,21,11,7,39,8.058353354,92,35,2.533913891,9.689597476,8.297411409,7.8192953,481,8,7,4,19,480,13,4,3,20,500,500,19,16,64,28
3,1000,10,5.13,10.3,18,37,57,950,29,10,11,50,8.315720192,102,32,2.828885202,10.05603142,8.706990553,7.94576417,459,16,4,7,27,491,13,6,4,23,486,514,18,14,74,28
2,1000,10,5.13,10.3,18,37,53,953,24,14,9,47,8.322684289,91,32,2.828469629,9.755518789,8.642305876,7.992668503,478,14,10,6,30,475,10,4,3,17,508,492,26,6,64,27
7,1000,10,5.13,10.3,18,37,57,960,25,10,5,40,7.830104039,101,37,2.674804746,9.446078902,8.126050051,7.515852089,487,15,9,4,28,473,10,1,1,12,515,485,24,13,67,34
8,1000,10,5.13,10.3,18,37,56,960,27,7,6,40,8.351916696,104,34,2.721919748,9.733907758,8.688956846,8.005305427,482,14,6,5,25,478,13,1,1,15,507,493,19,15,76,28
5,1000,10,5.13,10.3,18,37,56,955,25,8,12,45,8.067383253,101,33,2.644756238,9.515578322,8.257325097,7.86569243,490,12,4,9,25,465,13,4,3,20,515,485,18,15,64,37
6,1000,10,5.13,10.3,18,37,60,953,27,12,8,47,8.277780008,111,31,2.782226112,10.23965546,8.70882704,7.856955436,466,15,10,3,28,487,12,2,5,19,494,506,22,9,84,27
4,1000,10,5.13,10.3,18,37,57,961,21,11,7,39,8.054437851,113,33,2.537709606,9.694374747,8.312229083,7.796646618,481,8,7,4,19,480,13,4,3,20,500,500,17,16,83,30
1,1000,10,5.13,10.3,18,37,51,953,23,11,13,47,8.069061581,102,30,2.635542325,9.654453178,7.840682593,8.300197659,480,11,6,6,23,473,12,5,7,24,503,497,18,12,70,32
3,1000,10,5.13,10.3,18,37,58,949,28,12,11,51,8.346293619,110,27,2.822474158,10.0633392,8.740606801,7.973460532,458,17,4,7,28,491,11,8,4,23,486,514,17,10,86,24
2,1000,10,5.13,10.3,18,37,54,952,26,14,8,48,8.329934853,95,28,2.82872252,9.768268799,8.654461452,7.994854544,478,14,10,6,30,474,12,4,2,18,508,492,22,6,73,22
7,1000,10,5.13,10.3,18,37,58,961,25,9,5,39,7.846271087,119,38,2.674646402,9.452377502,8.165282223,7.507527302,488,15,8,4,27,473,10,1,1,12,515,485,23,15,89,30
8,1000,10,5.13,10.3,18,37,57,959,28,7,6,41,8.357513314,121,39,2.72962833,9.741588113,8.707078266,7.998021569,481,15,6,5,26,478,13,1,1,15,507,493,22,17,88,33
5,1000,10,5.13,10.3,18,37,57,954,25,9,12,46,8.113525705,104,29,2.639701075,9.53215207,8.309701739,7.90521507,490,12,4,9,25,464,13,5,3,21,515,485,17,12,81,23
6,1000,10,5.13,10.3,18,37,61,953,27,12,8,47,8.329657592,97,40,2.763128536,10.26558188,8.757670379,7.911795306,466,15,10,3,28,487,12,2,5,19,494,506,26,14,76,21
4,1000,10,5.13,10.3,18,37,58,961,21,11,7,39,8.059653718,123,31,2.53820195,9.714459217,8.316432767,7.80287467,481,8,7,4,19,480,13,4,3,20,500,500,20,11,83,40
1,1000,10,5.13,10.3,18,37,52,953,23,11,13,47,8.127271897,95,33,2.617780362,9.680570269,7.927630416,8.329323536,480,11,6,6,23,473,12,5,7,24,503,497,16,17,79,16
3,1000,10,5.13,10.3,18,37,59,949,28,12,11,51,8.35226638,127,40,2.824769101,10.08407382,8.74606184,7.979922812,458,17,4,7,28,491,11,8,4,23,486,514,27,13,95,32
2,1000,10,5.13,10.3,18,37,55,952,27,13,8,48,8.335176639,105,25,2.824498856,9.761163593,8.693829585,7.964860182,477,15,10,6,31,475,12,3,2,17,508,492,18,7,70,35
7,1000,10,5.13,10.3,18,37,59,961,24,10,5,39,7.870987661,93,36,2.664461697,9.476267804,8.200744001,7.520834023,488,14,9,4,27,473,10,1,1,12,515,485,20,16,64,29
8,1000,10,5.13,10.3,18,37,58,959,27,8,6,41,8.377898059,111,35,2.748352737,9.74026325,8.788723116,7.955406571,481,15,6,5,26,478,12,2,1,15,507,493,17,18,82,29
5,1000,10,5.13,10.3,18,37,58,956,24,9,11,44,8.115714643,106,22,2.662491793,9.522889076,8.326454933,7.891938872,490,12,4,9,25,466,12,5,2,19,515,485,9,13,75,31
6,1000,10,5.13,10.3,18,37,62,952,28,11,9,48,8.36412369,97,41,2.76765469,10.29419285,8.825680556,7.913512836,465,16,9,4,29,487,12,2,5,19,494,506,30,11,75,22
4,1000,10,5.13,10.3,18,37,59,962,21,10,7,38,8.080640995,107,41,2.558117719,9.75552648,8.368645709,7.792636282,481,8,7,4,19,481,13,3,3,19,500,500,25,16,76,31
3,1000,10,5.13,10.3,18,37,60,948,29,12,11,52,8.346287594,98,41,2.820080686,10.1005128,8.759347223,7.955729267,457,18,4,7,29,491,11,8,4,23,486,514,24,17,65,33
1,1000,10,5.13,10.3,18,37,53,953,24,11,12,47,8.186135126,91,30,2.629519293,9.682677096,7.995771894,8.378796506,480,11,6,6,23,473,13,5,6,24,503,497,20,10,76,15
2,1000,10,5.13,10.3,18,37,56,952,26,14,8,48,8.336003932,86,51,2.823027026,9.771703172,8.687845831,7.97272002,477,15,10,6,31,475,11,4,2,17,508,492,26,25,53,33
7,1000,10,5.13,10.3,18,37,60,960,25,10,5,40,7.925292102,93,24,2.664840414,9.487156893,8.264693479,7.564896825,488,14,9,4,27,472,11,1,1,13,515,485,12,12,64,29
5,1000,10,5.13,10.3,18,37,59,958,22,9,11,42,8.112698238,97,34,2.689999675,9.52652602,8.348509974,7.862300208,490,12,4,9,25,468,10,5,2,17,515,485,19,15,63,34
8,1000,10,5.13,10.3,18,37,59,959,26,9,6,41,8.363549802,112,35,2.74178421,9.736618684,8.810159899,7.904257066,481,14,7,5,26,478,12,2,1,15,507,493,21,14,80,32
6,1000,10,5.13,10.3,18,37,63,954,24,13,9,46,8.383178723,102,36,2.774402468,10.31928846,8.875051909,7.902970515,465,14,11,4,29,489,10,2,5,17,494,506,21,15,75,27
4,1000,10,5.13,10.3,18,37,60,963,21,9,7,37,8.093163984,112,33,2.569001026,9.76678081,8.420022487,7.766305482,481,8,7,4,19,482,13,2,3,18,500,500,21,12,77,35
3,1000,10,5.13,10.3,18,37,61,948,29,12,11,52,8.355510244,104,31,2.823656082,10.1031422,8.771609716,7.96207767,457,18,4,7,29,491,11,8,4,23,486,514,26,5,76,28
1,1000,10,5.13,10.3,18,37,54,953,24,11,12,47,8.178021728,109,25,2.634382104,9.695897517,8.018563438,8.339405067,480,11,6,6,23,473,13,5,6,24,503,497,17,8,77,32
2,1000,10,5.13,10.3,18,37,57,951,27,13,9,49,8.366330139,105,40,2.83527664,9.788947895,8.733701769,7.987011465,477,15,9,7,31,474,12,4,2,18,508,492,28,12,79,26
7,1000,10,5.13,10.3,18,37,61,960,25,10,5,40,7.924475244,93,31,2.691303371,9.51524441,8.280480111,7.546449458,488,14,9,4,27,472,11,1,1,13,515,485,20,11,66,27
5,1000,10,5.13,10.3,18,37,60,958,23,9,10,42,8.106327575,107,41,2.672678609,9.534120166,8.340178882,7.858011238,490,13,4,8,25,468,10,5,2,17,515,485,23,18,72,35
8,1000,10,5.13,10.3,18,37,60,958,27,8,7,42,8.365817695,90,36,2.744879264,9.761244386,8.810849711,7.908147853,481,14,7,5,26,477,13,1,2,16,507,493,23,13,51,39
6,1000,10,5.13,10.3,18,37,64,954,24,13,9,46,8.390644908,108,35,2.778962485,10.32319795,8.910395112,7.883220795,465,14,11,4,29,489,10,2,5,17,494,506,23,12,81,27
4,1000,10,5.13,10.3,18,37,61,961,23,9,7,39,8.114549116,110,32,2.558478807,9.77863569,8.449497901,7.779600331,481,8,7,4,19,480,15,2,3,20,500,500,22,10,74,36
3,1000,10,5.13,10.3,18,37,62,947,30,12,11,53,8.38261889,112,34,2.830626381,10.13542515,8.804612844,7.983612934,457,18,4,7,29,490,12,8,4,24,486,514,20,14,78,34
1,1000,10,5.13,10.3,18,37,55,952,26,11,11,48,8.183222664,120,31,2.644345368,9.708648985,8.007497631,8.361069126,480,12,6,5,23,472,14,5,6,25,503,497,19,12,94,26
7,1000,10,5.13,10.3,18,37,62,959,25,11,5,41,7.94443153,87,34,2.719541324,9.522551785,8.297130448,7.569916183,489,13,9,4,26,470,12,2,1,15,515,485,24,10,58,29
2,1000,10,5.13,10.3,18,37,58,949,28,14,9,51,8.384171664,112,26,2.850038709,9.806855365,8.757854772,7.998336261,475,16,10,7,33,474,12,4,2,18,508,492,16,10,76,36
5,1000,10,5.13,10.3,18,37,61,958,23,8,11,42,8.142177316,97,25,2.689922681,9.551345248,8.40952178,7.85829608,490,13,4,8,25,468,10,4,3,17,515,485,20,5,66,31
6,1000,10,5.13,10.3,18,37,65,953,25,13,9,47,8.453235448,96,32,2.766767026,10.33200517,8.99134432,7.927888051,464,15,11,4,30,489,10,2,5,17,494,506,21,11,71,25
4,1000,10,5.13,10.3,18,37,62,961,22,10,7,39,8.125126132,102,31,2.551988663,9.78587125,8.453986321,7.796265944,481,7,8,4,19,480,15,2,3,20,500,500,16,15,74,28
8,1000,10,5.13,10.3,18,37,61,957,27,9,7,43,8.339669804,104,32,2.749311201,9.778117954,8.799230937,7.867058253,481,14,7,5,26,476,13,2,2,17,507,493,19,13,70,34
3,1000,10,5.13,10.3,18,37,63,947,30,12,11,53,8.402847087,107,36,2.830061609,10.15348812,8.872275114,7.958991015,457,18,4,7,29,490,12,8,4,24,486,514,24,12,81,26
7,1000,10,5.13,10.3,18,37,63,958,26,11,5,42,7.991932619,89,42,2.730884724,9.547191065,8.36809957,7.592497608,488,14,9,4,27,470,12,2,1,15,515,485,29,13,68,21
5,1000,10,5.13,10.3,18,37,62,958,23,8,11,42,8.201007636,86,28,2.673974436,9.580717002,8.492448581,7.891539416,490,13,4,8,25,468,10,4,3,17,515,485,15,13,69,17
1,1000,10,5.13,10.3,18,37,56,951,28,11,10,49,8.161600762,106,29,2.636144314,9.71066624,7.995440135,8.329767354,480,12,6,5,23,471,16,5,5,26,503,497,18,11,79,27
2,1000,10,5.13,10.3,18,37,59,951,28,13,8,49,8.357031121,85,43,2.838432415,9.805909764,8.750137912,7.95114037,475,17,10,6,33,476,11,3,2,16,508,492,27,16,64,21
6,1000,10,5.13,10.3,18,37,66,953,25,13,9,47,8.487834396,100,32,2.784614787,10.39002609,9.039272176,7.949474192,464,15,11,4,30,489,10,2,5,17,494,506,21,11,79,21
8,1000,10,5.13,10.3,18,37,62,958,26,9,7,42,8.376528643,105,40,2.744230693,9.80565004,8.81925672,7.921228167,481,14,7,5,26,477,12,2,2,16,507,493,17,23,75,30
4,1000,10,5.13,10.3,18,37,63,961,22,10,7,39,8.141364478,111,33,2.559739404,9.793500229,8.506591768,7.776137187,481,7,8,4,19,480,15,2,3,20,500,500,18,15,78,33
3,1000,10,5.13,10.3,18,37,64,946,31,12,11,54,8.427083528,82,34,2.852676409,10.16965786,8.892863047,7.986677212,456,19,4,7,30,490,12,8,4,24,486,514,24,10,63,19
7,1000,10,5.13,10.3,18,37,64,957,27,11,5,43,8.049190656,94,34,2.726244973,9.572719212,8.460860565,7.612056629,488,14,9,4,27,469,13,2,1,16,515,485,23,11,72,22
5,1000,10,5.13,10.3,18,37,63,958,23,8,11,42,8.186688597,101,32,2.672699651,9.609812425,8.49499047,7.859316505,490,13,4,8,25,468,10,4,3,17,515,485,16,16,78,23
6,1000,10,5.13,10.3,18,37,67,953,26,12,9,47,8.533451653,117,35,2.783059861,10.40004441,9.06868183,8.010914681,464,15,11,4,30,489,11,1,5,17,494,506,24,11,84,33
2,1000,10,5.13,10.3,18,37,60,951,28,13,8,49,8.39577742,115,30,2.836400147,9.808304284,8.808585291,7.969544903,475,17,10,6,33,476,11,3,2,16,508,492,15,15,88,27
1,1000,10,5.13,10.3,18,37,57,951,29,10,10,49,8.193706003,104,30,2.664158963,9.738053343,7.997016092,8.392770441,481,12,5,5,22,470,17,5,5,27,503,497,18,12,75,29
8,1000,10,5.13,10.3,18,37,63,958,26,9,7,42,8.407874964,91,31,2.772098832,9.81958164,8.85336751,7.949731514,481,14,7,5,26,477,12,2,2,16,507,493,23,8,60,31
4,1000,10,5.13,10.3,18,37,64,962,22,9,7,38,8.158638891,95,26,2.568033157,9.818150794,8.53537472,7.781903062,481,7,7,5,19,481,15,2,2,19,500,500,15,11,70,25
3,1000,10,5.13,10.3,18,37,65,945,31,13,11,55,8.472635072,109,43,2.864855559,10.18211258,8.94905447,8.022168481,456,19,4,7,30,489,12,9,4,25,486,514,22,21,86,23
7,1000,10,5.13,10.3,18,37,65,957,27,10,6,43,8.067698584,93,44,2.724708576,9.583667529,8.53483744,7.571664541,488,14,8,5,27,469,13,2,1,16,515,485,22,22,69,24
5,1000,10,5.13,10.3,18,37,64,958,24,8,10,42,8.200262486,111,42,2.682555132,9.641707525,8.481827823,7.901280737,490,14,4,7,25,468,10,4,3,17,515,485,22,20,78,33
6,1000,10,5.13,10.3,18,37,68,953,26,12,9,47,8.514820589,100,33,2.787252563,10.41327623,9.072014616,7.97084065,464,15,11,4,30,489,11,1,5,17,494,506,24,9,78,22
2,1000,10,5.13,10.3,18,37,61,950,28,13,9,50,8.404366096,104,41,2.84873961,9.806746472,8.838627686,7.955982178,474,18,9,7,34,476,10,4,2,16,508,492,28,13,76,28
4,1000,10,5.13,10.3,18,37,65,962,22,9,7,38,8.182184716,109,29,2.596388311,9.831557857,8.570976572,7.79339286,481,7,7,5,19,481,15,2,2,19,500,500,15,14,79,30
8,1000,10,5.13,10.3,18,37,64,959,26,9,6,41,8.405908492,109,34,2.778366882,9.830339252,8.855451135,7.943599933,482,13,7,5,25,477,13,2,1,16,507,493,21,13,80,29
1,1000,10,5.13,10.3,18,37,58,949,30,10,11,51,8.235239391,107,30,2.659431543,9.761440242,8.056833969,8.4157986,479,13,5,6,24,470,17,5,5,27,503,497,14,16,80,27
3,1000,10,5.13,10.3,18,37,66,945,31,13,11,55,8.470912323,110,39,2.8739875,10.20093735,8.972954449,7.996218796,456,19,4,7,30,489,12,9,4,25,486,514,28,11,83,27
7,1000,10,5.13,10.3,18,37,66,957,27,10,6,43,8.105148862,103,42,2.719158679,9.610191699,8.598164923,7.581636961,488,14,8,5,27,469,13,2,1,16,515,485,25,17,79,24
6,1000,10,5.13,10.3,18,37,69,950,30,12,8,50,8.559163365,115,35,2.820760641,10.43061695,9.129854209,8.00200669,462,17,11,4,32,488,13,1,4,18,494,506,19,16,90,25
5,1000,10,5.13,10.3,18,37,65,957,24,9,10,43,8.23123794,101,31,2.679616205,9.667979931,8.525096895,7.919202142,489,14,5,7,26,468,10,4,3,17,515,485,13,18,76,25
4,1000,10,5.13,10.3,18,37,66,962,23,8,7,38,8.214324385,97,24,2.581978114,9.840061907,8.640930027,7.787718743,481,7,7,5,19,481,16,1,2,19,500,500,14,10,71,26
2,1000,10,5.13,10.3,18,37,62,949,29,13,9,51,8.435182795,107,33,2.85561837,9.82995056,8.881482815,7.974368954,473,19,9,7,35,476,10,4,2,16,508,492,22,11,74,33
8,1000,10,5.13,10.3,18,37,65,957,28,8,7,43,8.439313181,116,27,2.775073964,9.837163596,8.838628248,8.028658538,482,13,7,5,25,475,15,1,2,18,507,493,18,9,77,39
1,1000,10,5.13,10.3,18,37,59,947,32,10,11,53,8.250048199,103,29,2.639177499,9.773797844,8.083577704,8.418528399,478,14,5,6,25,469,18,5,5,28,503,497,20,9,74,29
3,1000,10,5.13,10.3,18,37,67,944,31,14,11,56,8.490483188,110,37,2.879147365,10.2135518,8.977636726,8.029867197,456,19,4,7,30,488,12,10,4,26,486,514,26,11,86,24
6,1000,10,5.13,10.3,18,37,70,951,30,12,7,49,8.544178097,117,32,2.825478693,10.46286209,9.111426764,7.990381968,462,17,11,4,32,489,13,1,3,17,494,506,20,12,89,28
7,1000,10,5.13,10.3,18,37,67,956,28,10,6,44,8.120951232,113,33,2.731270205,9.625744007,8.665342588,7.542886184,487,15,8,5,28,469,13,2,1,16,515,485,21,12,81,32
5,1000,10,5.13,10.3,18,37,66,955,26,9,10,45,8.264940471,97,35,2.694599697,9.675591547,8.55961777,7.952035711,488,15,5,7,27,467,11,4,3,18,515,485,20,15,71,26
4,1000,10,5.13,10.3,18,37,67,962,23,8,7,38,8.214424566,102,46,2.57164859,9.848469639,8.672208053,7.756641079,481,7,7,5,19,481,16,1,2,19,500,500,25,21,72,30
2,1000,10,5.13,10.3,18,37,63,950,28,13,9,50,8.434758157,104,41,2.861308983,9.826327188,8.865616955,7.98988769,474,18,9,7,34,476,10,4,2,16,508,492,30,11,81,23
8,1000,10,5.13,10.3,18,37,66,956,29,8,7,44,8.446233843,96,31,2.783059233,9.839850546,8.870327145,8.010097324,481,14,7,5,26,475,15,1,2,18,507,493,21,10,70,26
3,1000,10,5.13,10.3,18,37,68,944,31,14,11,56,8.522055561,115,42,2.892330416,10.26249072,8.994222474,8.075609802,455,20,4,7,31,489,11,10,4,25,486,514,29,13,85,30
1,1000,10,5.13,10.3,18,37,60,948,32,9,11,52,8.250886162,110,25,2.653938718,9.776864997,8.140408072,8.362697992,478,14,5,6,25,470,18,4,5,27,503,497,18,7,82,28
7,1000,10,5.13,10.3,18,37,68,955,29,10,6,45,8.129376418,108,33,2.735846038,9.652350014,8.677929442,7.54689228,486,16,8,5,29,469,13,2,1,16,515,485,19,14,73,35
6,1000,10,5.13,10.3,18,37,71,951,30,12,7,49,8.577658153,114,26,2.841179,10.4966864,9.160373377,8.008762263,462,17,11,4,32,489,13,1,3,17,494,506,17,9,92,22
5,1000,10,5.13,10.3,18,37,67,957,24,9,10,43,8.271862241,95,34,2.715163551,9.693491032,8.597918941,7.925637085,488,15,5,7,27,469,9,4,3,16,515,485,19,15,71,24
4,1000,10,5.13,10.3,18,37,68,962,22,9,7,38,8.270646434,109,34,2.584245437,9.853855949,8.744609674,7.796683194,481,6,8,5,19,481,16,1,2,19,500,500,21,13,77,32
2,1000,10,5.13,10.3,18,37,64,950,28,13,9,50,8.477168678,94,37,2.872062534,9.836188376,8.912404807,8.02777853,474,18,9,7,34,476,10,4,2,16,508,492,18,19,70,24
8,1000,10,5.13,10.3,18,37,67,956,29,7,8,44,8.489903553,92,33,2.786048779,9.851739815,8.923478021,8.044016626,481,14,6,6,26,475,15,1,2,18,507,493,21,12,73,19
3,1000,10,5.13,10.3,18,37,69,944,31,15,10,56,8.562136065,116,34,2.890799287,10.27852064,9.07734289,8.074994981,455,19,5,7,31,489,12,10,3,25,486,514,19,15,88,28
1,1000,10,5.13,10.3,18,37,61,948,31,10,11,52,8.304281144,105,32,2.661044823,9.77585624,8.19844701,8.411392953,478,13,6,6,25,470,18,4,5,27,503,497,23,9,78,27
6,1000,10,5.13,10.3,18,37,72,951,29,13,7,49,8.612301807,118,28,2.844780549,10.5146273,9.173392643,8.064517473,462,16,12,4,32,489,13,1,3,17,494,506,18,10,91,27
7,1000,10,5.13,10.3,18,37,69,954,30,10,6,46,8.176416194,100,25,2.744306158,9.676520704,8.747810897,7.569677488,485,17,8,5,30,469,13,2,1,16,515,485,15,10,73,27
5,1000,10,5.13,10.3,18,37,68,956,24,10,10,44,8.320752269,108,32,2.734799354,9.70057475,8.67132725,7.948492239,487,15,6,7,28,469,9,4,3,16,515,485,16,16,77,31
4,1000,10,5.13,10.3,18,37,69,962,22,9,7,38,8.274207959,105,25,2.579538619,9.854707822,8.75194428,7.796471638,481,6,8,5,19,481,16,1,2,19,500,500,17,8,76,29
2,1000,10,5.13,10.3,18,37,65,951,26,14,9,49,8.483633869,118,46,2.875853515,9.84714515,8.926759567,8.02609758,473,18,10,7,35,478,8,4,2,14,508,492,27,19,84,34
3,1000,10,5.13,10.3,18,37,70,945,30,15,10,55,8.555863656,106,32,2.909104183,10.29889564,9.048732987,8.089843237,456,18,5,7,30,489,12,10,3,25,486,514,19,13,87,19
8,1000,10,5.13,10.3,18,37,68,955,30,7,8,45,8.512447314,90,43,2.782967223,9.846886631,8.962388879,8.049728505,481,14,6,6,26,474,16,1,2,19,507,493,23,20,71,19
1,1000,10,5.13,10.3,18,37,62,952,29,8,11,48,8.27486358,94,34,2.671557573,9.780352974,8.219711313,8.330681669,479,12,6,6,24,473,17,2,5,24,503,497,16,18,70,24
6,1000,10,5.13,10.3,18,37,73,950,30,13,7,50,8.625750761,104,36,2.854431223,10.5369974,9.165353053,8.098945362,462,16,12,4,32,488,14,1,3,18,494,506,28,8,88,16
7,1000,10,5.13,10.3,18,37,70,953,32,10,5,47,8.22688591,106,31,2.743232246,9.693856129,8.77872304,7.640914525,484,19,8,4,31,469,13,2,1,16,515,485,15,16,73,33
5,1000,10,5.13,10.3,18,37,69,955,25,10,10,45,8.31816404,122,33,2.736681533,9.713587763,8.703321418,7.909182495,487,15,6,7,28,468,10,4,3,17,515,485,20,13,89,33
4,1000,10,5.13,10.3,18,37,70,962,22,9,7,38,8.268908852,106,37,2.591229442,9.875153885,8.768057996,7.769759708,481,6,8,5,19,481,16,1,2,19,500,500,23,14,77,29
2,1000,10,5.13,10.3,18,37,66,951,26,14,9,49,8.475419199,109,45,2.90169212,9.867587919,8.926470686,8.00969937,473,18,10,7,35,478,8,4,2,14,508,492,31,14,81,28
3,1000,10,5.13,10.3,18,37,71,945,31,15,9,55,8.56827375,101,35,2.914748398,10.328749,9.081028715,8.083450962,456,19,5,6,30,489,12,10,3,25,486,514,21,14,72,29
8,1000,10,5.13,10.3,18,37,69,953,31,6,10,47,8.568019937,116,27,2.795402832,9.856246143,9.051069578,8.071252861,481,14,4,8,26,472,17,2,2,21,507,493,17,10,89,27
6,1000,10,5.13,10.3,18,37,74,950,30,13,7,50,8.645407693,112,34,2.844104421,10.54413748,9.180144251,8.123352634,462,16,12,4,32,488,14,1,3,18,494,506,20,14,76,36
7,1000,10,5.13,10.3,18,37,71,952,33,10,5,48,8.256054297,106,34,2.760347077,9.708294563,8.859386157,7.61540294,484,19,8,4,31,468,14,2,1,17,515,485,21,13,79,27
5,1000,10,5.13,10.3,18,37,70,956,24,10,10,44,8.341062174,139,31,2.73325601,9.760923677,8.761858333,7.894237387,488,14,6,7,27,468,10,4,3,17,515,485,20,11,109,30
1,1000,10,5.13,10.3,18,37,63,951,30,8,11,49,8.288464907,98,28,2.683953244,9.824582148,8.225383629,8.352307731,479,12,6,6,24,472,18,2,5,25,503,497,13,15,69,29
4,1000,10,5.13,10.3,18,37,71,962,22,9,7,38,8.28487584,98,27,2.60821682,9.902519079,8.795830586,7.773921093,481,6,8,5,19,481,16,1,2,19,500,500,16,11,74,24
3,1000,10,5.13,10.3,18,37,72,945,31,14,10,55,8.593022285,106,44,2.917710899,10.36018542,9.101876483,8.111887771,456,19,5,6,30,489,12,9,4,25,486,514,27,17,77,29
2,1000,10,5.13,10.3,18,37,67,951,26,14,9,49,8.463639974,115,35,2.890306736,9.891669234,8.927681262,7.984507913,473,18,10,7,35,478,8,4,2,14,508,492,25,10,84,31
8,1000,10,5.13,10.3,18,37,70,953,31,6,10,47,8.582152473,101,24,2.805501572,9.874486069,9.062344217,8.088324452,481,14,4,8,26,472,17,2,2,21,507,493,15,9,74,27
6,1000,10,5.13,10.3,18,37,75,950,30,13,7,50,8.666067561,107,30,2.848495757,10.53459054,9.204651316,8.140256544,462,16,12,4,32,488,14,1,3,18,494,506,18,12,77,30
5,1000,10,5.13,10.3,18,37,71,956,24,10,10,44,8.350610287,107,34,2.759728086,9.789610328,8.774368996,7.900639698,488,14,6,7,27,468,10,4,3,17,515,485,21,13,80,27
7,1000,10,5.13,10.3,18,37,72,954,31,10,5,46,8.251133444,107,40,2.782836338,9.726304185,8.840921024,7.624864158,485,18,8,4,30,469,13,2,1,16,515,485,26,14,82,25
1,1000,10,5.13,10.3,18,37,64,951,31,7,11,49,8.325233349,109,36,2.690315017,9.818180007,8.205324275,8.446590017,480,12,5,6,23,471,19,2,5,26,503,497,20,16,67,42
4,1000,10,5.13,10.3,18,37,72,962,22,9,7,38,8.299315258,111,30,2.601364964,9.922143399,8.831075255,7.767555261,481,6,8,5,19,481,16,1,2,19,500,500,20,10,81,30
3,1000,10,5.13,10.3,18,37,73,946,30,14,10,54,8.590176507,109,40,2.950288425,10.40165032,9.103192737,8.105106686,456,19,5,6,30,490,11,9,4,24,486,514,26,14,77,32
2,1000,10,5.13,10.3,18,37,68,955,24,13,8,45,8.440296266,119,35,2.9033266,9.903516257,8.89292959,7.972943159,476,17,9,6,32,479,7,4,2,13,508,492,19,16,87,32
8,1000,10,5.13,10.3,18,37,71,953,32,6,9,47,8.591051005,117,40,2.818825644,9.887503938,9.086421176,8.081613528,481,15,4,7,26,472,17,2,2,21,507,493,24,16,84,33
6,1000,10,5.13,10.3,18,37,76,951,27,15,7,49,8.716127982,101,24,2.870113106,10.56855647,9.271298451,8.174123611,463,15,12,4,31,488,12,3,3,18,494,506,14,10,76,25
7,1000,10,5.13,10.3,18,37,73,954,31,10,5,46,8.256050807,109,35,2.791049659,9.738744994,8.845062032,7.630605898,485,18,8,4,30,469,13,2,1,16,515,485,20,15,79,30
5,1000,10,5.13,10.3,18,37,72,956,24,10,10,44,8.386974882,105,41,2.763280748,9.810095936,8.84755685,7.897903308,488,14,6,7,27,468,10,4,3,17,515,485,25,16,79,26
4,1000,10,5.13,10.3,18,37,73,961,22,10,7,39,8.280770323,109,34,2.583468793,9.937793838,8.824564793,7.736975853,480,6,9,5,20,481,16,1,2,19,500,500,24,10,75,34
1,1000,10,5.13,10.3,18,37,65,951,30,8,11,49,8.32412017,108,28,2.679175429,9.838939007,8.200901556,8.448826334,480,11,6,6,23,471,19,2,5,26,503,497,13,15,77,31
3,1000,10,5.13,10.3,18,37,74,947,29,14,10,53,8.613147927,111,33,2.952245456,10.42676157,9.118179128,8.135628154,456,19,5,6,30,491,10,9,4,23,486,514,23,10,78,33
2,1000,10,5.13,10.3,18,37,69,955,24,13,8,45,8.457226106,109,36,2.912128746,9.913975472,8.946901569,7.951626238,476,17,9,6,32,479,7,4,2,13,508,492,20,16,77,32
8,1000,10,5.13,10.3,18,37,72,951,33,7,9,49,8.587966164,117,28,2.846966697,9.924051361,9.115156925,8.045804469,480,15,5,7,27,471,18,2,2,22,507,493,14,14,96,21
6,1000,10,5.13,10.3,18,37,77,951,27,15,7,49,8.742484361,115,42,2.87066939,10.58057529,9.305759768,8.192567265,463,15,12,4,31,488,12,3,3,18,494,506,25,17,83,32
7,1000,10,5.13,10.3,18,37,74,956,30,9,5,44,8.244834431,101,38,2.809319696,9.780665578,8.804810794,7.650220356,487,17,7,4,28,469,13,2,1,16,515,485,15,23,68,33
4,1000,10,5.13,10.3,18,37,74,961,22,10,7,39,8.299100262,98,33,2.574288122,9.943900939,8.854530464,7.743670059,480,6,9,5,20,481,16,1,2,19,500,500,18,15,70,28
5,1000,10,5.13,10.3,18,37,73,957,23,10,10,43,8.430047623,103,33,2.772314209,9.844931994,8.943491735,7.884844081,488,14,6,7,27,469,9,4,3,16,515,485,21,12,75,28
1,1000,10,5.13,10.3,18,37,66,952,27,10,11,48,8.353299103,117,39,2.680074591,9.857591148,8.21980911,8.488400644,480,11,6,6,23,472,16,4,5,25,503,497,26,13,86,31
3,1000,10,5.13,10.3,18,37,75,947,30,14,9,53,8.64569487,119,34,2.943253954,10.44607789,9.186456007,8.134391538,455,20,5,6,31,492,10,9,3,22,486,514,21,13,93,26
2,1000,10,5.13,10.3,18,37,70,955,24,12,9,45,8.494301985,97,38,2.917998847,9.92677778,9.02236184,7.949069451,476,17,8,7,32,479,7,4,2,13,508,492,26,12,78,19
6,1000,10,5.13,10.3,18,37,78,950,29,15,6,50,8.731331378,105,28,2.873179062,10.58857073,9.298849445,8.177272238,463,15,12,4,31,487,14,3,2,19,494,506,22,6,83,22
8,1000,10,5.13,10.3,18,37,73,949,34,8,9,51,8.616966636,103,33,2.840090996,9.937302008,9.157930899,8.060640304,479,16,5,7,28,470,18,3,2,23,507,493,21,12,78,25
7,1000,10,5.13,10.3,18,37,75,957,29,9,5,43,8.223886594,103,37,2.793347512,9.790672198,8.798234704,7.614011797,488,16,7,4,27,469,13,2,1,16,515,485,22,15,74,29
4,1000,10,5.13,10.3,18,37,75,960,23,10,7,40,8.322854273,104,35,2.582061305,9.957103167,8.906167912,7.739540633,479,7,9,5,21,481,16,1,2,19,500,500,18,17,76,28
5,1000,10,5.13,10.3,18,37,74,957,23,11,9,43,8.445973652,105,36,2.812553048,9.849536357,8.946467823,7.914521079,488,14,7,6,27,469,9,4,3,16,515,485,21,15,87,18
3,1000,10,5.13,10.3,18,37,76,947,31,12,10,53,8.645249403,101,45,2.931060492,10.45058641,9.227992482,8.094251083,455,20,4,7,31,492,11,8,3,22,486,514,35,10,82,19
1,1000,10,5.13,10.3,18,37,67,952,28,10,10,48,8.364831313,99,43,2.676682568,9.871911795,8.259347109,8.471588967,478,13,6,6,25,474,15,4,4,23,503,497,24,19,74,25
6,1000,10,5.13,10.3,18,37,79,949,30,15,6,51,8.782476027,112,38,2.880926324,10.61377618,9.307737167,8.269671673,463,15,12,4,31,486,15,3,2,20,494,506,25,13,79,33
2,1000,10,5.13,10.3,18,37,71,955,25,11,9,45,8.522361189,99,39,2.913018386,9.934935669,9.098898058,7.927075153,476,17,8,7,32,479,8,3,2,13,508,492,28,11,76,23
8,1000,10,5.13,10.3,18,37,74,950,32,9,9,50,8.627503156,96,41,2.842647224,9.94851852,9.186966344,8.052152576,479,16,5,7,28,471,16,4,2,22,507,493,28,13,71,25
7,1000,10,5.13,10.3,18,37,76,956,30,8,6,44,8.260892528,109,28,2.776805128,9.796686604,8.829453288,7.65716306,488,16,6,5,27,468,14,2,1,17,515,485,15,13,83,26
5,1000,10,5.13,10.3,18,37,75,957,23,11,9,43,8.455871443,111,29,2.840318872,9.862841646,8.937906666,7.944019609,489,13,7,6,26,468,10,4,3,17,515,485,16,13,75,36
4,1000,10,5.13,10.3,18,37,76,959,24,10,7,41,8.367967421,95,36,2.597694727,9.979967017,8.969992235,7.765942608,479,7,9,5,21,480,17,1,2,20,500,500,17,19,68,27
3,1000,10,5.13,10.3,18,37,77,946,31,13,10,54,8.696084935,119,39,2.928943203,10.45677477,9.279993199,8.143984903,455,19,5,7,31,491,12,8,3,23,486,514,26,13,86,33
1,1000,10,5.13,10.3,18,37,68,953,28,10,9,47,8.397838597,113,29,2.673331776,9.879713109,8.307382674,8.489386543,478,13,6,6,25,475,15,4,3,22,503,497,14,15,81,32
6,1000,10,5.13,10.3,18,37,80,948,31,15,6,52,8.788393995,123,32,2.896041498,10.64094632,9.347199317,8.242840974,462,16,12,4,32,486,15,3,2,20,494,506,17,15,95,28
2,1000,10,5.13,10.3,18,37,72,955,24,12,9,45,8.550194507,98,36,2.932939829,9.94500229,9.125115343,7.956577059,476,16,9,7,32,479,8,3,2,13,508,492,27,9,71,27
8,1000,10,5.13,10.3,18,37,75,950,31,10,9,50,8.667719367,86,28,2.853180376,9.968431354,9.226512766,8.093057596,479,16,5,7,28,471,15,5,2,22,507,493,18,10,66,20
5,1000,10,5.13,10.3,18,37,76,958,23,10,9,42,8.455840704,112,35,2.850132785,9.865744037,8.944719022,7.93672249,489,13,7,6,26,469,10,3,3,16,515,485,25,10,86,26
4,1000,10,5.13,10.3,18,37,77,958,25,10,7,42,8.391545258,107,30,2.617728073,9.989034257,9.017338151,7.765752364,479,7,9,5,21,479,18,1,2,21,500,500,22,8,83,24
7,1000,10,5.13,10.3,18,37,77,956,29,9,6,44,8.285652043,118,37,2.789479053,9.832450201,8.854478096,7.681640872,488,16,6,5,27,468,13,3,1,17,515,485,27,10,89,29
3,1000,10,5.13,10.3,18,37,78,946,32,12,10,54,8.696662216,113,39,2.933323469,10.45238172,9.317325002,8.109809854,454,20,5,7,32,492,12,7,3,22,486,514,26,13,87,26
6,1000,10,5.13,10.3,18,37,81,949,30,15,6,51,8.826009631,125,46,2.893083304,10.64809672,9.378093733,8.287018431,462,16,12,4,32,487,14,3,2,19,494,506,31,15,97,28
1,1000,10,5.13,10.3,18,37,69,953,28,10,9,47,8.413203498,121,35,2.690958917,9.880822348,8.340468925,8.486816154,478,13,6,6,25,475,15,4,3,22,503,497,25,10,96,25
2,1000,10,5.13,10.3,18,37,73,955,23,13,9,45,8.565052188,112,33,2.943391536,9.938349123,9.155062711,7.95585433,476,15,10,7,32,479,8,3,2,13,508,492,19,14,89,23
8,1000,10,5.13,10.3,18,37,76,949,32,10,9,51,8.684384239,105,29,2.863868511,9.999955583,9.263039443,8.089296636,479,16,5,7,28,470,16,5,2,23,507,493,19,10,89,16
5,1000,10,5.13,10.3,18,37,77,957,24,10,9,43,8.49796761,96,34,2.871020023,9.885079275,8.979680446,7.986458103,488,14,7,6,27,469,10,3,3,16,515,485,23,11,69,27
4,1000,10,5.13,10.3,18,37,78,957,26,10,7,43,8.421850015,105,36,2.605830725,10.02565846,9.038131225,7.805568804,478,8,9,5,22,479,18,1,2,21,500,500,22,14,72,33
7,1000,10,5.13,10.3,18,37,78,956,29,9,6,44,8.302905975,97,27,2.800526399,9.864931941,8.888362712,7.681235419,488,16,6,5,27,468,13,3,1,17,515,485,14,13,73,24
3,1000,10,5.13,10.3,18,37,79,946,32,12,10,54,8.679598789,122,33,2.936942328,10.48305608,9.308723822,8.084745159,454,20,5,7,32,492,12,7,3,22,486,514,20,13,89,33
6,1000,10,5.13,10.3,18,37,82,951,28,15,6,49,8.836973677,114,39,2.919863351,10.66396803,9.39942941,8.287856815,462,16,12,4,32,489,12,3,2,17,494,506,22,17,87,27
1,1000,10,5.13,10.3,18,37,70,952,29,11,8,48,8.40726623,99,39,2.696495422,9.887075745,8.409288718,8.405219326,477,14,6,6,26,475,15,5,2,22,503,497,26,13,80,19
8,1000,10,5.13,10.3,18,37,77,949,32,10,9,51,8.710328246,107,37,2.862026847,10.00609132,9.310404273,8.093211519,479,16,5,7,28,470,16,5,2,23,507,493,21,16,76,31
2,1000,10,5.13,10.3,18,37,74,954,24,13,9,46,8.591761905,108,55,2.959156356,9.957464481,9.167544471,7.997254703,475,16,10,7,33,479,8,3,2,13,508,492,32,23,83,25
5,1000,10,5.13,10.3,18,37,78,957,24,10,9,43,8.498498085,105,38,2.864497139,9.904732248,8.975500021,7.991990875,488,14,7,6,27,469,10,3,3,16,515,485,21,17,74,31
7,1000,10,5.13,10.3,18,37,79,958,28,9,5,42,8.307481133,107,35,2.801281056,9.881981512,8.884655129,7.694605653,490,15,6,4,25,468,13,3,1,17,515,485,18,17,84,23
4,1000,10,5.13,10.3,18,37,79,956,27,10,7,44,8.447029987,101,36,2.622453457,10.03918649,9.095619401,7.798440573,477,9,9,5,23,479,18,1,2,21,500,500,18,18,76,25
3,1000,10,5.13,10.3,18,37,80,948,32,11,9,52,8.701287476,122,39,2.945089957,10.50978609,9.342446132,8.09505575,455,20,5,6,31,493,12,6,3,21,486,514,25,14,93,29
6,1000,10,5.13,10.3,18,37,83,952,28,14,6,48,8.842295323,128,38,2.924407151,10.69411735,9.426097478,8.272338279,463,16,11,4,31,489,12,3,2,17,494,506,23,15,94,34
8,1000,10,5.13,10.3,18,37,78,949,31,11,9,51,8.749718489,116,40,2.85620666,10.02601585,9.349054339,8.133362959,479,16,5,7,28,470,15,6,2,23,507,493,26,14,93,23
1,1000,10,5.13,10.3,18,37,71,952,28,12,8,48,8.404489748,104,31,2.717826027,9.914539424,8.412312853,8.3965722,477,14,6,6,26,475,14,6,2,22,503,497,17,14,81,23
2,1000,10,5.13,10.3,18,37,75,954,24,13,9,46,8.616573659,106,40,2.976547179,9.966726337,9.20549266,8.00850282,475,16,10,7,33,479,8,3,2,13,508,492,24,16,81,25
5,1000,10,5.13,10.3,18,37,79,955,26,10,9,45,8.532732018,109,28,2.878921031,9.913949828,9.018677635,8.016727909,488,14,7,6,27,467,12,3,3,18,515,485,16,12,85,24
7,1000,10,5.13,10.3,18,37,80,956,29,10,5,44,8.370493837,102,36,2.80143546,9.886762639,8.955351508,7.749459403,489,16,6,4,26,467,13,4,1,18,515,485,23,13,78,24
4,1000,10,5.13,10.3,18,37,80,957,25,11,7,43,8.455889439,108,29,2.600588225,10.05095542,9.07782433,7.833954548,478,8,9,5,22,479,17,2,2,21,500,500,16,13,83,25
3,1000,10,5.13,10.3,18,37,81,948,31,11,10,52,8.732623914,113,42,2.965353532,10.53300079,9.374646885,8.125574957,455,19,5,7,31,493,12,6,3,21,486,514,26,16,85,28
6,1000,10,5.13,10.3,18,37,84,952,28,14,6,48,8.846552745,112,44,2.923198333,10.69296349,9.466185732,8.241614611,463,16,11,4,31,489,12,3,2,17,494,506,35,9,89,23
8,1000,10,5.13,10.3,18,37,79,950,32,9,9,50,8.737089288,104,39,2.868561492,10.05224713,9.300047099,8.158144846,480,16,5,6,27,470,16,4,3,23,507,493,35,4,81,23
1,1000,10,5.13,10.3,18,37,72,953,26,13,8,47,8.403937687,100,38,2.719244112,9.928539126,8.413755725,8.394001121,478,12,7,6,25,475,14,6,2,22,503,497,23,15,77,23
2,1000,10,5.13,10.3,18,37,76,955,24,13,8,45,8.621725438,82,31,3.002422499,10.00502029,9.234200265,7.98933273,475,16,10,7,33,480,8,3,1,12,508,492,22,9,57,25
7,1000,10,5.13,10.3,18,37,81,955,31,10,4,45,8.374353258,107,26,2.818650317,9.902645934,8.971523176,7.740244995,488,18,6,3,27,467,13,4,1,18,515,485,18,8,82,25
5,1000,10,5.13,10.3,18,37,80,954,27,11,8,46,8.539827074,128,27,2.888435746,9.952658309,9.084733687,7.961214898,488,14,8,5,27,466,13,3,3,19,515,485,14,13,99,29
3,1000,10,5.13,10.3,18,37,82,949,31,11,9,51,8.726213819,114,37,2.974230039,10.56648979,9.42298773,8.067396463,455,19,5,7,31,494,12,6,2,20,486,514,24,13,86,28
4,1000,10,5.13,10.3,18,37,81,955,26,11,8,45,8.518844268,101,42,2.612218459,10.07682233,9.148084857,7.889603679,476,9,9,6,24,479,17,2,2,21,500,500,18,24,78,23
6,1000,10,5.13,10.3,18,37,85,950,30,14,6,50,8.868049381,98,41,2.92686798,10.70958287,9.48377357,8.266927346,462,17,11,4,32,488,13,3,2,18,494,506,29,12,76,22
8,1000,10,5.13,10.3,18,37,80,951,32,8,9,49,8.724140821,106,38,2.873348234,10.06913308,9.337747093,8.093109625,479,17,5,6,28,472,15,3,3,21,507,493,23,15,81,25
2,1000,10,5.13,10.3,18,37,77,954,25,13,8,46,8.645570318,94,38,3.013587932,10.02196461,9.253567756,8.017800605,474,17,10,7,34,480,8,3,1,12,508,492,24,14,66,28
1,1000,10,5.13,10.3,18,37,73,954,26,11,9,46,8.408936382,98,25,2.728867465,9.950824027,8.428060945,8.38958094,479,12,6,6,24,475,14,5,3,22,503,497,18,7,71,27
3,1000,10,5.13,10.3,18,37,83,949,31,11,9,51,8.731537084,119,41,2.995897691,10.58830613,9.424288078,8.076523498,455,19,5,7,31,494,12,6,2,20,486,514,27,14,85,34
7,1000,10,5.13,10.3,18,37,82,954,32,10,4,46,8.406546398,115,35,2.827704999,9.925300372,8.982807097,7.794640708,488,18,6,3,27,466,14,4,1,19,515,485,21,14,87,28
5,1000,10,5.13,10.3,18,37,81,954,27,10,9,46,8.566164221,104,29,2.879645531,9.975169002,9.133522959,7.963711129,487,14,8,6,28,467,13,2,3,18,515,485,21,8,75,29
4,1000,10,5.13,10.3,18,37,82,954,26,12,8,46,8.552463181,105,33,2.616194491,10.09545856,9.16113521,7.943791152,476,9,9,6,24,478,17,3,2,22,500,500,18,15,74,31
6,1000,10,5.13,10.3,18,37,86,949,30,14,7,51,8.871739253,103,33,2.929752637,10.71758121,9.510610127,8.248019466,462,17,10,5,32,487,13,4,2,19,494,506,19,14,78,25
8,1000,10,5.13,10.3,18,37,81,951,32,8,9,49,8.739126539,119,32,2.872352695,10.12618321,9.374010397,8.086213525,479,17,5,6,28,472,15,3,3,21,507,493,14,18,89,30
2,1000,10,5.13,10.3,18,37,78,955,25,12,8,45,8.632745972,111,42,3.009006869,10.04762929,9.252672244,7.992659497,475,17,9,7,33,480,8,3,1,12,508,492,28,14,89,22
3,1000,10,5.13,10.3,18,37,84,951,29,11,9,49,8.796433928,106,33,2.989902751,10.58093116,9.449285154,8.179146581,457,17,5,7,29,494,12,6,2,20,486,514,22,11,82,24
1,1000,10,5.13,10.3,18,37,74,953,27,11,9,47,8.40947717,111,23,2.730058832,9.953877621,8.452953448,8.365476027,478,13,6,6,25,475,14,5,3,22,503,497,13,10,87,24
7,1000,10,5.13,10.3,18,37,83,953,33,10,4,47,8.431896164,107,45,2.821603913,9.90894034,8.986542915,7.842941366,488,18,6,3,27,465,15,4,1,20,515,485,24,21,81,26
5,1000,10,5.13,10.3,18,37,82,954,27,10,9,46,8.56690366,101,38,2.883589591,9.979784668,9.136112938,7.962485561,487,14,8,6,28,467,13,2,3,18,515,485,22,16,78,23
4,1000,10,5.13,10.3,18,37,83,953,28,11,8,47,8.584048927,102,25,2.624472037,10.11392961,9.225428831,7.942669024,476,10,8,6,24,477,18,3,2,23,500,500,13,12,81,21
6,1000,10,5.13,10.3,18,37,87,949,30,14,7,51,8.850884374,113,31,2.925879545,10.72861683,9.523005169,8.194703203,463,16,10,5,31,486,14,4,2,20,494,506,16,15,87,26
8,1000,10,5.13,10.3,18,37,82,950,32,9,9,50,8.7429097,106,40,2.882525721,10.1512235,9.38135122,8.086337994,479,17,5,6,28,471,15,4,3,22,507,493,26,14,77,29
3,1000,10,5.13,10.3,18,37,85,951,29,11,9,49,8.807615808,120,47,2.984454856,10.62516591,9.457044237,8.193564803,457,17,5,7,29,494,12,6,2,20,486,514,31,16,91,29
2,1000,10,5.13,10.3,18,37,79,955,25,12,8,45,8.625968641,100,39,3.021563554,10.05154525,9.272309038,7.958609043,475,17,9,7,33,480,8,3,1,12,508,492,28,11,79,21
7,1000,10,5.13,10.3,18,37,84,951,35,10,4,49,8.471133329,98,42,2.81460812,9.915104707,9.038005346,7.869197063,486,20,6,3,29,465,15,4,1,20,515,485,27,15,75,23
1,1000,10,5.13,10.3,18,37,75,951,28,12,9,49,8.444603961,85,33,2.738798146,9.967232025,8.490408393,8.398246557,477,13,7,6,26,474,15,5,3,23,503,497,22,11,67,18
5,1000,10,5.13,10.3,18,37,83,955,25,11,9,45,8.59351004,102,32,2.903136053,10.00630926,9.222740024,7.925358613,487,13,9,6,28,468,12,2,3,17,515,485,24,8,80,22
6,1000,10,5.13,10.3,18,37,88,948,31,14,7,52,8.844052642,105,39,2.953648114,10.7930184,9.53981168,8.164793818,462,17,10,5,32,486,14,4,2,20,494,506,26,13,76,29
4,1000,10,5.13,10.3,18,37,84,955,26,11,8,45,8.592614405,90,31,2.624007747,10.12385166,9.242589596,7.942639214,476,10,8,6,24,479,16,3,2,21,500,500,19,12,67,23
8,1000,10,5.13,10.3,18,37,83,950,32,8,10,50,8.7648799,115,40,2.886215664,10.16870059,9.391250728,8.120721665,479,17,4,7,28,471,15,4,3,22,507,493,25,15,91,24
3,1000,10,5.13,10.3,18,37,86,951,29,11,9,49,8.842539934,98,40,2.976980618,10.66108926,9.517981164,8.203893168,457,17,5,7,29,494,12,6,2,20,486,514,20,20,81,17
7,1000,10,5.13,10.3,18,37,85,951,35,10,4,49,8.472642244,104,31,2.823736423,9.942069713,9.058890784,7.850130908,486,20,6,3,29,465,15,4,1,20,515,485,15,16,80,24
2,1000,10,5.13,10.3,18,37,80,955,25,12,8,45,8.673002991,111,48,3.024996857,10.07492928,9.335830105,7.988620523,475,17,9,7,33,480,8,3,1,12,508,492,29,19,83,28
6,1000,10,5.13,10.3,18,37,89,948,31,14,7,52,8.890423397,104,41,2.961925632,10.8237757,9.60448519,8.193295876,462,17,10,5,32,486,14,4,2,20,494,506,26,15,79,25
5,1000,10,5.13,10.3,18,37,84,955,24,13,8,45,8.597293627,102,36,2.911965537,10.03386785,9.222339128,7.933585518,487,13,10,5,28,468,11,3,3,17,515,485,21,15,75,27
1,1000,10,5.13,10.3,18,37,76,952,27,11,10,48,8.444844921,101,36,2.740412825,9.983605874,8.497195957,8.39186188,478,12,6,7,25,474,15,5,3,23,503,497,20,16,74,27
4,1000,10,5.13,10.3,18,37,85,955,26,12,7,45,8.592119525,100,42,2.626314526,10.14242604,9.272591305,7.911647745,476,10,8,6,24,479,16,4,1,21,500,500,29,13,75,25
8,1000,10,5.13,10.3,18,37,84,949,33,8,10,51,8.811647712,104,34,2.903119643,10.18274975,9.462941117,8.141859161,478,18,4,7,29,471,15,4,3,22,507,493,24,10,78,26
3,1000,10,5.13,10.3,18,37,87,954,28,11,7,46,8.835066828,108,31,2.985185672,10.66797241,9.527663533,8.180199127,458,17,5,6,28,496,11,6,1,18,486,514,21,10,89,19
7,1000,10,5.13,10.3,18,37,86,952,34,10,4,48,8.468546096,100,40,2.827310172,9.971126149,9.084064618,7.814954264,486,20,6,3,29,466,14,4,1,19,515,485,27,13,74,26
6,1000,10,5.13,10.3,18,37,90,947,33,14,6,53,8.911784515,114,39,2.974919086,10.85490694,9.646135431,8.194849036,462,17,10,5,32,485,16,4,1,21,494,506,24,15,85,29
5,1000,10,5.13,10.3,18,37,85,955,23,14,8,45,8.612153189,86,36,2.927053042,10.03588983,9.263038699,7.92100672,487,12,11,5,28,468,11,3,3,17,515,485,22,14,64,22
2,1000,10,5.13,10.3,18,37,81,956,24,12,8,44,8.677631195,111,52,3.046534174,10.09879029,9.349282759,7.984137304,475,17,9,7,33,481,7,3,1,11,508,492,35,17,77,34
4,1000,10,5.13,10.3,18,37,86,956,26,11,7,44,8.618506345,105,34,2.632839876,10.1517254,9.29450741,7.942505279,477,10,7,6,23,479,16,4,1,21,500,500,24,10,80,25
1,1000,10,5.13,10.3,18,37,77,951,28,11,10,49,8.502909506,111,27,2.75219616,10.0024848,8.60298094,8.401629966,477,13,6,7,26,474,15,5,3,23,503,497,13,14,79,32
8,1000,10,5.13,10.3,18,37,85,949,33,8,10,51,8.84275639,91,37,2.905582838,10.21405199,9.468883307,8.198848991,478,18,4,7,29,471,15,4,3,22,507,493,19,18,72,19
3,1000,10,5.13,10.3,18,37,88,954,29,9,8,46,8.862350247,126,35,2.989166741,10.69577968,9.558511281,8.204112383,458,17,4,7,28,496,12,5,1,18,486,514,17,18,94,32
7,1000,10,5.13,10.3,18,37,87,952,33,11,4,48,8.485950799,93,43,2.834070795,9.98718155,9.12139731,7.811198317,486,20,6,3,29,466,13,5,1,19,515,485,23,20,66,27
6,1000,10,5.13,10.3,18,37,91,947,33,14,6,53,8.931237861,120,34,2.99827921,10.89057838,9.686466585,8.1939197,462,17,10,5,32,485,16,4,1,21,494,506,21,13,94,26
5,1000,10,5.13,10.3,18,37,86,955,23,14,8,45,8.624084615,96,37,2.916808779,10.06689614,9.301914974,7.904326604,487,12,11,5,28,468,11,3,3,17,515,485,24,13,72,24
4,1000,10,5.13,10.3,18,37,87,956,26,11,7,44,8.628800884,108,40,2.637246322,10.13944834,9.323300202,7.934301566,477,10,7,6,23,479,16,4,1,21,500,500,30,10,83,25
2,1000,10,5.13,10.3,18,37,82,956,24,12,8,44,8.701717045,95,45,3.057832379,10.10392556,9.390857819,7.990165188,475,17,9,7,33,481,7,3,1,11,508,492,31,14,72,23
1,1000,10,5.13,10.3,18,37,78,950,29,11,10,50,8.540723219,102,35,2.73778858,10.01284438,8.639046756,8.441212678,477,13,6,7,26,473,16,5,3,24,503,497,23,12,80,22
8,1000,10,5.13,10.3,18,37,86,949,32,8,11,51,8.829892099,95,34,2.901856403,10.2462642,9.463051071,8.178752955,478,18,4,7,29,471,14,4,4,22,507,493,25,9,76,19
3,1000,10,5.13,10.3,18,37,89,953,30,9,8,47,8.868248465,130,39,2.997407174,10.71091409,9.596282763,8.179873624,458,17,4,7,28,495,13,5,1,19,486,514,27,12,101,29
6,1000,10,5.13,10.3,18,37,92,947,32,15,6,53,8.97259501,123,46,3.004484126,10.93065947,9.738928117,8.224435811,462,16,11,5,32,485,16,4,1,21,494,506,35,11,94,29
7,1000,10,5.13,10.3,18,37,88,952,33,11,4,48,8.501328355,106,40,2.832495584,10.00238223,9.137489095,7.825817466,486,20,6,3,29,466,13,5,1,19,515,485,24,16,82,24
4,1000,10,5.13,10.3,18,37,88,955,26,12,7,45,8.666697465,106,36,2.637568682,10.15160762,9.358104763,7.975290167,476,11,7,6,24,479,15,5,1,21,500,500,25,11,80,26
5,1000,10,5.13,10.3,18,37,87,957,22,14,7,43,8.613431442,95,36,2.912283736,10.06915216,9.281700925,7.903825701,488,12,10,5,27,469,10,4,2,16,515,485,23,13,66,29
2,1000,10,5.13,10.3,18,37,83,956,24,12,8,44,8.707684652,110,49,3.059533945,10.11224838,9.432693005,7.959098791,475,17,9,7,33,481,7,3,1,11,508,492,34,15,84,26
1,1000,10,5.13,10.3,18,37,79,950,28,11,11,50,8.599048327,107,42,2.74366741,10.03629623,8.694078401,8.50287101,477,12,6,8,26,473,16,5,3,24,503,497,23,19,90,17
3,1000,10,5.13,10.3,18,37,90,949,33,9,9,51,8.875882981,101,31,2.99839624,10.73077596,9.612515432,8.179378367,456,18,4,8,30,493,15,5,1,21,486,514,26,5,81,20
8,1000,10,5.13,10.3,18,37,87,949,31,9,11,51,8.853858604,136,31,2.918261912,10.26787095,9.5318751,8.156588091,477,19,4,7,30,472,12,5,4,21,507,493,21,10,112,24
6,1000,10,5.13,10.3,18,37,93,947,32,15,6,53,8.991820866,119,38,3.008760952,10.92996404,9.781117468,8.221242759,462,16,11,5,32,485,16,4,1,21,494,506,28,10,94,25
7,1000,10,5.13,10.3,18,37,89,952,31,13,4,48,8.529399584,114,42,2.834782041,9.984351414,9.179646241,7.838931484,486,19,7,3,29,466,12,6,1,19,515,485,24,18,84,30
4,1000,10,5.13,10.3,18,37,89,956,24,13,7,44,8.672238072,80,36,2.649189088,10.16918461,9.35967139,7.984804755,476,10,8,6,24,480,14,5,1,20,500,500,24,12,60,20
5,1000,10,5.13,10.3,18,37,88,957,24,14,5,43,8.597226458,107,35,2.921324225,10.08411895,9.265195581,7.887939657,488,13,10,4,27,469,11,4,1,16,515,485,22,13,79,28
2,1000,10,5.13,10.3,18,37,84,956,24,12,8,44,8.707286958,105,33,3.080690635,10.14109696,9.461877195,7.9281572,474,18,9,7,34,482,6,3,1,10,508,492,24,9,78,27
1,1000,10,5.13,10.3,18,37,80,949,29,11,11,51,8.660574078,111,31,2.753192948,10.06490118,8.768525105,8.55131982,477,12,6,8,26,472,17,5,3,25,503,497,19,12,83,28
3,1000,10,5.13,10.3,18,37,91,949,33,10,8,51,8.898676674,114,32,3.003674082,10.74674642,9.645888999,8.192168523,456,18,5,7,30,493,15,5,1,21,486,514,24,8,87,27
6,1000,10,5.13,10.3,18,37,94,948,31,13,8,52,9.027981036,116,35,3.025839002,10.95494795,9.845430171,8.229918046,462,16,10,6,32,486,15,3,2,20,494,506,22,13,87,29
8,1000,10,5.13,10.3,18,37,88,949,32,9,10,51,8.870136104,99,32,2.917536674,10.26776049,9.566269977,8.154233724,477,19,4,7,30,472,13,5,3,21,507,493,26,6,78,21
7,1000,10,5.13,10.3,18,37,90,952,31,13,4,48,8.567768839,120,47,2.854274586,10.01458426,9.224076949,7.870864351,486,19,7,3,29,466,12,6,1,19,515,485,24,23,91,29
4,1000,10,5.13,10.3,18,37,90,956,23,14,7,44,8.671253353,118,26,2.642424319,10.18723699,9.397091221,7.945415485,476,9,9,6,24,480,14,5,1,20,500,500,16,10,89,29
5,1000,10,5.13,10.3,18,37,89,958,23,14,5,42,8.586462148,101,45,2.938207967,10.11676028,9.294001654,7.835157311,488,13,10,4,27,470,10,4,1,15,515,485,28,17,78,23
2,1000,10,5.13,10.3,18,37,85,954,25,13,8,46,8.726784974,106,33,3.076598864,10.15256409,9.482423414,7.946572926,473,19,9,7,35,481,6,4,1,11,508,492,18,15,77,29
1,1000,10,5.13,10.3,18,37,81,949,29,10,12,51,8.671765389,114,31,2.782728808,10.07893446,8.809896802,8.531966393,477,12,5,9,26,472,17,5,3,25,503,497,20,11,86,28
3,1000,10,5.13,10.3,18,37,92,950,31,10,9,50,8.883417285,110,47,3.01951269,10.79010434,9.638246416,8.169707252,456,18,5,7,30,494,13,5,2,20,486,514,35,12,80,30
6,1000,10,5.13,10.3,18,37,95,948,31,13,8,52,9.014661472,115,45,3.025751479,10.97180501,9.859879565,8.189488077,462,16,10,6,32,486,15,3,2,20,494,506,32,13,91,24
7,1000,10,5.13,10.3,18,37,91,952,31,13,4,48,8.588093113,101,36,2.867242962,10.03308337,9.254268119,7.880711406,486,19,7,3,29,466,12,6,1,19,515,485,23,13,71,30
8,1000,10,5.13,10.3,18,37,89,947,33,10,10,53,8.916375525,117,38,2.91138716,10.27660257,9.635198501,8.177139727,475,20,5,7,32,472,13,5,3,21,507,493,23,15,88,29
4,1000,10,5.13,10.3,18,37,91,956,23,15,6,44,8.686504657,98,39,2.636441966,10.21561553,9.40341137,7.969597945,476,10,9,5,24,480,13,6,1,20,500,500,24,15,81,17
5,1000,10,5.13,10.3,18,37,90,960,21,14,5,40,8.557366594,119,35,2.952452542,10.17080177,9.293037553,7.776190216,488,13,10,4,27,472,8,4,1,13,515,485,18,17,92,27
2,1000,10,5.13,10.3,18,37,86,954,25,13,8,46,8.730418458,118,40,3.08838662,10.15063815,9.470772331,7.965988037,474,18,9,7,34,480,7,4,1,12,508,492,29,11,78,40
3,1000,10,5.13,10.3,18,37,93,948,33,10,9,52,8.926899023,105,38,3.022188631,10.80370201,9.712591468,8.184006944,455,19,5,7,31,493,14,5,2,21,486,514,27,11,84,21
6,1000,10,5.13,10.3,18,37,96,947,32,13,8,53,9.009041664,109,49,3.015429523,10.9889657,9.86069284,8.177587749,461,17,10,6,33,486,15,3,2,20,494,506,35,14,83,26
1,1000,10,5.13,10.3,18,37,82,948,30,10,12,52,8.682666224,115,36,2.772911002,10.06986651,8.808284531,8.555531398,477,12,5,9,26,471,18,5,3,26,503,497,19,17,93,22
7,1000,10,5.13,10.3,18,37,92,950,31,14,5,50,8.659549406,99,36,2.851015796,10.05988657,9.347066813,7.929505149,485,20,6,4,30,465,11,8,1,20,515,485,22,14,72,27
8,1000,10,5.13,10.3,18,37,90,946,34,10,10,54,8.913608376,99,35,2.914950644,10.29175483,9.654744928,8.151425349,474,21,5,7,33,472,13,5,3,21,507,493,25,10,81,18
4,1000,10,5.13,10.3,18,37,92,955,24,15,6,45,8.70396215,103,34,2.647977896,10.236801,9.395114296,8.012810004,476,10,9,5,24,479,14,6,1,21,500,500,24,10,82,21
5,1000,10,5.13,10.3,18,37,91,960,21,14,5,40,8.56113393,109,40,2.953208091,10.185644,9.291595784,7.785488868,488,13,10,4,27,472,8,4,1,13,515,485,24,16,81,28
2,1000,10,5.13,10.3,18,37,87,953,25,13,9,47,8.797892777,109,36,3.089508641,10.16491148,9.559590339,8.011424562,473,18,9,8,35,480,7,4,1,12,508,492,22,14,76,33
3,1000,10,5.13,10.3,18,37,94,948,33,10,9,52,8.935087371,122,46,3.033751717,10.80413713,9.770736204,8.144960265,454,20,5,7,32,494,13,5,2,20,486,514,32,14,98,24
6,1000,10,5.13,10.3,18,37,97,949,31,12,8,51,8.992197477,123,50,3.015776823,11.01191507,9.896749047,8.109097724,461,17,10,6,33,488,14,2,2,18,494,506,32,18,98,25
7,1000,10,5.13,10.3,18,37,93,950,31,14,5,50,8.684988762,100,42,2.856020068,10.09152823,9.377273692,7.949882085,485,20,6,4,30,465,11,8,1,20,515,485,27,15,74,26
1,1000,10,5.13,10.3,18,37,83,949,29,10,12,51,8.685245415,100,37,2.772764839,10.07980788,8.846563633,8.521979695,477,12,5,9,26,472,17,5,3,25,503,497,26,11,79,21
8,1000,10,5.13,10.3,18,37,91,944,36,10,10,56,8.894657926,120,37,2.916070394,10.33031203,9.604217587,8.164948498,474,21,5,7,33,470,15,5,3,23,507,493,24,13,86,34
4,1000,10,5.13,10.3,18,37,93,955,25,14,6,45,8.704165034,125,27,2.651271517,10.27645131,9.417075477,7.99125459,475,11,9,5,25,480,14,5,1,20,500,500,19,8,89,36
5,1000,10,5.13,10.3,18,37,92,959,24,12,5,41,8.569823099,109,32,2.974319871,10.21256149,9.330485239,7.762109693,487,15,9,4,28,472,9,3,1,13,515,485,15,17,90,19
2,1000,10,5.13,10.3,18,37,88,953,26,12,9,47,8.773108791,113,26,3.101143657,10.18498678,9.527347404,7.994342093,474,18,8,8,34,479,8,4,1,13,508,492,20,6,91,22
3,1000,10,5.13,10.3,18,37,95,949,31,11,9,51,8.930593874,120,46,3.042770715,10.81327863,9.769471203,8.137414142,454,19,6,7,32,495,12,5,2,19,486,514,31,15,95,25
6,1000,10,5.13,10.3,18,37,98,945,32,14,9,55,9.02026369,108,36,3.019187899,11.04342866,9.965380035,8.097561171,458,18,12,6,36,487,14,2,3,19,494,506,21,15,87,21
7,1000,10,5.13,10.3,18,37,94,950,31,14,5,50,8.723619448,106,32,2.881971876,10.12030659,9.427612547,7.976080384,485,20,6,4,30,465,11,8,1,20,515,485,21,11,75,31
8,1000,10,5.13,10.3,18,37,92,942,37,11,10,58,8.895345472,102,40,2.923491717,10.34924016,9.606993568,8.163488304,473,21,6,7,34,469,16,5,3,24,507,493,21,19,72,30
1,1000,10,5.13,10.3,18,37,84,948,30,10,12,52,8.69652394,109,28,2.786898445,10.09854864,8.833141651,8.55825692,477,12,5,9,26,471,18,5,3,26,503,497,17,11,85,24
4,1000,10,5.13,10.3,18,37,94,955,26,13,6,45,8.720972452,130,33,2.65542104,10.29530377,9.41232331,8.029621595,475,12,8,5,25,480,14,5,1,20,500,500,23,10,96,34
5,1000,10,5.13,10.3,18,37,93,959,24,12,5,41,8.614561183,104,33,2.993675066,10.25178631,9.400220698,7.780304172,487,15,9,4,28,472,9,3,1,13,515,485,24,9,81,23
3,1000,10,5.13,10.3,18,37,96,948,32,11,9,52,8.950548866,112,38,3.051321423,10.84371832,9.786535923,8.160101961,453,20,6,7,33,495,12,5,2,19,486,514,25,13,90,22
2,1000,10,5.13,10.3,18,37,89,951,27,13,9,49,8.814698052,105,39,3.103522275,10.18646756,9.582092123,8.022348076,474,17,9,8,34,477,10,4,1,15,508,492,23,16,81,24
6,1000,10,5.13,10.3,18,37,99,945,32,13,10,55,9.080740786,105,40,3.034961826,11.0810961,10.04340801,8.140903612,458,18,11,7,36,487,14,2,3,19,494,506,27,13,83,22
7,1000,10,5.13,10.3,18,37,95,949,32,14,5,51,8.749143187,120,47,2.88679723,10.14282177,9.44425037,8.011039683,485,20,6,4,30,464,12,8,1,21,515,485,30,17,96,24
8,1000,10,5.13,10.3,18,37,93,943,36,10,11,57,8.895792584,125,35,2.923615725,10.36672257,9.650379384,8.119777356,474,20,6,7,33,469,16,4,4,24,507,493,25,10,93,32
4,1000,10,5.13,10.3,18,37,95,956,25,13,6,44,8.721119504,107,36,2.676328803,10.31411555,9.412136312,8.030102696,476,11,8,5,24,480,14,5,1,20,500,500,22,14,81,26
1,1000,10,5.13,10.3,18,37,85,949,28,11,12,51,8.70576884,114,25,2.812067728,10.13074775,8.874542294,8.53495788,477,11,6,9,26,472,17,5,3,25,503,497,16,9,90,24
5,1000,10,5.13,10.3,18,37,94,958,25,12,5,42,8.637655747,109,34,2.99917098,10.27867447,9.430996877,7.79524197,487,15,9,4,28,471,10,3,1,14,515,485,24,10,94,15
3,1000,10,5.13,10.3,18,37,97,948,32,11,9,52,8.944456468,116,35,3.055893684,10.88084329,9.799350613,8.136132432,453,20,6,7,33,495,12,5,2,19,486,514,24,11,87,29
6,1000,10,5.13,10.3,18,37,100,943,34,13,10,57,9.089645366,117,40,3.022303838,11.10488906,10.05051953,8.151558732,456,20,11,7,38,487,14,2,3,19,494,506,30,10,90,27
2,1000,10,5.13,10.3,18,37,90,951,27,13,9,49,8.826412803,112,37,3.139066291,10.21762723,9.624451683,8.002421439,474,17,9,8,34,477,10,4,1,15,508,492,26,11,88,24
7,1000,10,5.13,10.3,18,37,96,948,32,15,5,52,8.785527557,99,33,2.893586269,10.15775193,9.525765838,7.99950134,484,21,6,4,31,464,11,9,1,21,515,485,19,14,75,24
8,1000,10,5.13,10.3,18,37,94,942,37,10,11,58,8.904752128,98,35,2.915523538,10.40694039,9.635356027,8.153400857,474,20,6,7,33,468,17,4,4,25,507,493,26,9,76,22
4,1000,10,5.13,10.3,18,37,96,957,24,13,6,43,8.738412206,116,31,2.669327154,10.34308612,9.420734718,8.056089694,476,11,8,5,24,481,13,5,1,19,500,500,20,11,88,28
1,1000,10,5.13,10.3,18,37,86,949,28,11,12,51,8.748247011,105,44,2.829694322,10.14020645,8.949103414,8.544965782,477,11,6,9,26,472,17,5,3,25,503,497,30,14,76,29
5,1000,10,5.13,10.3,18,37,95,958,25,12,5,42,8.65815063,100,40,3.004406555,10.30169072,9.446552371,7.820981772,487,15,9,4,28,471,10,3,1,14,515,485,29,11,81,19
3,1000,10,5.13,10.3,18,37,98,947,33,11,9,53,8.988439878,112,34,3.046607162,10.89832826,9.853996741,8.170033973,453,20,6,7,33,494,13,5,2,20,486,514,18,16,82,30
6,1000,10,5.13,10.3,18,37,101,944,34,11,11,56,9.100166819,101,42,3.007847187,11.13438197,10.06833141,8.154962653,456,21,10,7,38,488,13,1,4,18,494,506,31,11,79,22
2,1000,10,5.13,10.3,18,37,91,950,29,13,8,50,8.836829902,98,53,3.155433958,10.25267577,9.630677962,8.017165645,475,17,9,7,33,475,12,4,1,17,508,492,35,18,77,21
7,1000,10,5.13,10.3,18,37,97,948,32,15,5,52,8.826813934,115,37,2.893607072,10.20212945,9.572729524,8.034759236,484,21,6,4,31,464,11,9,1,21,515,485,18,19,88,27
8,1000,10,5.13,10.3,18,37,95,941,39,10,10,59,8.889181941,88,29,2.926302706,10.42645183,9.664157945,8.092198504,473,21,6,7,34,468,18,4,3,25,507,493,17,12,67,21
4,1000,10,5.13,10.3,18,37,97,956,24,14,6,44,8.727048171,105,43,2.684525703,10.35511606,9.430851313,8.023245029,475,11,9,5,25,481,13,5,1,19,500,500,28,15,77,28
1,1000,10,5.13,10.3,18,37,87,949,28,11,12,51,8.766019026,113,44,2.826480508,10.15380945,8.977139278,8.552350039,477,11,6,9,26,472,17,5,3,25,503,497,25,19,87,26
5,1000,10,5.13,10.3,18,37,96,955,28,12,5,45,8.67131233,120,39,3.025881754,10.34778836,9.485268938,7.807007889,484,18,9,4,31,471,10,3,1,14,515,485,24,15,88,32
3,1000,10,5.13,10.3,18,37,99,948,32,11,9,52,8.998352468,103,48,3.05323128,10.9229219,9.930001448,8.117454794,453,20,6,7,33,495,12,5,2,19,486,514,31,17,79,24
6,1000,10,5.13,10.3,18,37,102,944,34,11,11,56,9.095777408,134,39,3.012845023,11.1775985,10.08868473,8.126417297,455,22,10,7,39,489,12,1,4,17,494,506,26,13,105,29
2,1000,10,5.13,10.3,18,37,92,951,29,12,8,49,8.839363687,102,38,3.17176184,10.26620794,9.661669228,7.990316502,475,17,9,7,33,476,12,3,1,16,508,492,27,11,73,29
7,1000,10,5.13,10.3,18,37,98,947,33,15,5,53,8.825853182,116,28,2.914258247,10.24080998,9.575500143,8.029836306,483,22,6,4,32,464,11,9,1,21,515,485,22,6,91,25
4,1000,10,5.13,10.3,18,37,98,957,23,14,6,43,8.731166319,116,29,2.698755909,10.34466787,9.48254401,7.979788629,475,11,9,5,25,482,12,5,1,18,500,500,15,14,95,21
8,1000,10,5.13,10.3,18,37,96,941,38,11,10,59,8.884686646,111,39,2.928644754,10.48142998,9.687594402,8.058978263,473,21,6,7,34,468,17,5,3,25,507,493,23,16,84,27
5,1000,10,5.13,10.3,18,37,97,955,28,12,5,45,8.68484496,128,45,3.021965949,10.39687688,9.512997208,7.805466799,484,18,9,4,31,471,10,3,1,14,515,485,31,14,102,26
3,1000,10,5.13,10.3,18,37,100,947,33,11,9,53,9.026790523,138,40,3.052935255,10.93576776,10.01893088,8.088696726,452,21,6,7,34,495,12,5,2,19,486,514,28,12,108,30
1,1000,10,5.13,10.3,18,37,88,949,28,11,12,51,8.780298113,111,39,2.824584189,10.16708108,8.984715798,8.573412608,477,11,6,9,26,472,17,5,3,25,503,497,25,14,84,27
6,1000,10,5.13,10.3,18,37,103,944,34,11,11,56,9.101316751,122,54,3.007293129,11.19309267,10.09478364,8.131410337,455,22,10,7,39,489,12,1,4,17,494,506,38,16,98,24
7,1000,10,5.13,10.3,18,37,99,948,32,15,5,52,8.831468215,121,43,2.932289431,10.2719026,9.649259505,7.963091897,483,22,6,4,32,465,10,9,1,20,515,485,25,18,92,29
2,1000,10,5.13,10.3,18,37,93,950,29,13,8,50,8.861209069,124,37,3.195725272,10.28177866,9.655026601,8.041576333,475,17,9,7,33,475,12,4,1,17,508,492,29,8,93,31
4,1000,10,5.13,10.3,18,37,99,956,24,14,6,44,8.724697324,127,37,2.701657123,10.36117224,9.477010783,7.972383865,475,11,9,5,25,481,13,5,1,19,500,500,23,14,95,32
8,1000,10,5.13,10.3,18,37,97,940,39,11,10,60,8.926654369,105,39,2.910320033,10.50548004,9.740690622,8.089501467,473,21,6,7,34,467,18,5,3,26,507,493,24,15,85,20
5,1000,10,5.13,10.3,18,37,98,956,27,12,5,44,8.690196718,118,37,3.020962811,10.43946012,9.533925974,7.794278023,484,18,9,4,31,472,9,3,1,13,515,485,24,13,87,31
3,1000,10,5.13,10.3,18,37,101,947,33,11,9,53,9.0641878,107,34,3.0692699,10.95693066,10.05967248,8.122931863,453,20,6,7,33,494,13,5,2,20,486,514,26,8,76,31
6,1000,10,5.13,10.3,18,37,104,944,36,11,9,56,9.091989752,112,37,3.0142461,11.20439571,10.12099975,8.087383151,454,24,10,6,40,490,12,1,3,16,494,506,21,16,95,17
1,1000,10,5.13,10.3,18,37,89,947,30,11,12,53,8.81196885,108,35,2.825582887,10.19193683,9.068320435,8.552522477,475,13,6,9,28,472,17,5,3,25,503,497,20,15,83,25
9,1000,10,5.13,10.3,18,37,0,945,26,17,12,55,6.94,109,22,2.426089563,8.78239971,6.348336595,7.558282209,488,10,9,4,23,457,16,8,8,32,511,489,12,10,65,44
7,1000,10,5.13,10.3,18,37,100,945,33,17,5,55,8.870014359,100,49,2.928955673,10.3049498,9.700225937,7.988449487,482,21,8,4,33,463,12,9,1,22,515,485,35,14,73,27
4,1000,10,5.13,10.3,18,37,100,956,23,15,6,44,8.734990739,109,34,2.704396998,10.37446793,9.496663515,7.973317964,475,10,10,5,25,481,13,5,1,19,500,500,23,11,75,34
2,1000,10,5.13,10.3,18,37,94,949,30,13,8,51,8.890393334,120,39,3.212282967,10.29432164,9.719246473,8.034585622,474,18,9,7,34,475,12,4,1,17,508,492,23,16,92,28
8,1000,10,5.13,10.3,18,37,98,941,38,11,10,59,8.909263201,109,37,2.92720151,10.54631695,9.748347193,8.046351266,473,21,6,7,34,468,17,5,3,25,507,493,25,12,87,22
3,1000,10,5.13,10.3,18,37,102,946,34,11,9,54,9.06988937,117,27,3.08807574,10.98405278,10.08863967,8.106635193,452,21,6,7,34,494,13,5,2,20,486,514,18,9,91,26
5,1000,10,5.13,10.3,18,37,99,957,26,12,5,43,8.705437464,122,39,3.025827295,10.47410961,9.584809633,7.77167114,484,18,9,4,31,473,8,3,1,12,515,485,29,10,90,32
9,1000,10,5.13,10.3,18,37,1,944,28,18,10,56,6.955747793,89,24,2.427798853,8.802437191,6.363393343,7.574752138,489,9,9,4,22,455,19,9,6,34,511,489,14,10,63,26
1,1000,10,5.13,10.3,18,37,90,947,30,11,12,53,8.827124223,116,39,2.828788823,10.21961553,9.125283397,8.525365541,474,14,6,9,29,473,16,5,3,24,503,497,25,14,87,29
7,1000,10,5.13,10.3,18,37,101,946,33,16,5,54,8.870852559,97,35,2.945387477,10.3130668,9.73955851,7.948412219,482,21,8,4,33,464,12,8,1,21,515,485,22,13,72,25
4,1000,10,5.13,10.3,18,37,101,956,23,15,6,44,8.74360731,108,40,2.706553342,10.39337464,9.511205891,7.976008728,475,10,10,5,25,481,13,5,1,19,500,500,28,12,82,26
2,1000,10,5.13,10.3,18,37,95,947,32,13,8,53,8.916621743,106,43,3.216339366,10.31444159,9.759373221,8.046463713,472,20,9,7,36,475,12,4,1,17,508,492,27,16,83,23
8,1000,10,5.13,10.3,18,37,99,943,35,12,10,57,8.946949363,100,44,2.918027356,10.57289675,9.788797555,8.081194731,474,19,7,7,33,469,16,5,3,24,507,493,26,18,82,18
3,1000,10,5.13,10.3,18,37,103,947,35,10,8,53,9.049727979,113,33,3.104181187,11.00895253,10.08863569,8.067414466,451,22,6,7,35,496,13,4,1,18,486,514,20,13,83,30
5,1000,10,5.13,10.3,18,37,100,958,25,12,5,42,8.681715463,117,39,3.035100442,10.49568254,9.55853981,7.750654558,485,17,9,4,30,473,8,3,1,12,515,485,25,14,89,28
9,1000,10,5.13,10.3,18,37,2,946,27,17,10,54,6.972618128,92,23,2.44325473,8.81125778,6.384882042,7.586796328,489,9,9,4,22,457,18,8,6,32,511,489,17,6,57,35
1,1000,10,5.13,10.3,18,37,91,946,31,11,12,54,8.845428259,105,28,2.836574766,10.24418648,9.155169029,8.531948164,474,14,6,9,29,472,17,5,3,25,503,497,16,12,88,17
7,1000,10,5.13,10.3,18,37,102,946,33,16,5,54,8.895225483,106,39,2.944056347,10.32805206,9.78240137,7.953172736,482,21,8,4,33,464,12,8,1,21,515,485,26,13,86,20
4,1000,10,5.13,10.3,18,37,102,955,24,15,6,45,8.752466494,123,25,2.714930484,10.40204908,9.515480783,7.989452205,475,10,10,5,25,480,14,5,1,20,500,500,14,11,91,32
2,1000,10,5.13,10.3,18,37,96,946,33,13,8,54,8.943645366,100,44,3.226813921,10.33811551,9.782989903,8.077005071,472,20,9,7,36,474,13,4,1,18,508,492,28,16,71,29
8,1000,10,5.13,10.3,18,37,100,942,35,13,10,58,8.988470789,104,41,2.941897457,10.60360247,9.855029471,8.09730395,473,19,8,7,34,469,16,5,3,24,507,493,30,11,83,21
3,1000,10,5.13,10.3,18,37,104,947,34,11,8,53,9.05373672,114,50,3.115859478,11.05465236,10.07316036,8.089845882,452,21,6,7,34,495,13,5,1,19,486,514,32,18,91,23
10,1000,10,5.13,10.3,18,37,0,945,29,14,12,55,7.009,86,28,2.589843112,9.039022711,6.100401606,7.910358566,479,14,3,2,19,466,15,11,10,36,498,502,17,11,53,33
5,1000,10,5.13,10.3,18,37,101,957,26,12,5,43,8.702670368,123,32,3.030057071,10.53754807,9.586800872,7.763851379,484,18,9,4,31,473,8,3,1,12,515,485,20,12,97,26
9,1000,10,5.13,10.3,18,37,3,946,26,18,10,54,7.007116125,93,26,2.44607126,8.824769071,6.420053714,7.620590342,489,9,9,4,22,457,17,9,6,32,511,489,11,15,61,32
1,1000,10,5.13,10.3,18,37,92,946,32,10,12,54,8.856006701,120,25,2.83044616,10.25261129,9.201931066,8.505906187,473,15,6,9,30,473,17,4,3,24,503,497,19,6,92,28
7,1000,10,5.13,10.3,18,37,103,945,34,15,6,55,8.929586469,108,30,2.940896196,10.35869624,9.804405207,8.000655231,482,21,8,4,33,463,13,7,2,22,515,485,25,5,84,24
4,1000,10,5.13,10.3,18,37,103,952,27,15,6,48,8.793861268,107,40,2.712318011,10.44340329,9.565146463,8.022576073,473,12,10,5,27,479,15,5,1,21,500,500,24,16,83,24
8,1000,10,5.13,10.3,18,37,101,943,34,13,10,57,8.985956408,114,30,2.936487543,10.63033295,9.87018757,8.076615234,474,18,8,7,33,469,16,5,3,24,507,493,22,8,86,28
2,1000,10,5.13,10.3,18,37,97,945,34,14,7,55,8.962399997,115,39,3.21441091,10.32953908,9.825649852,8.071076975,472,20,9,7,36,473,14,5,0,19,508,492,22,17,83,32
10,1000,10,5.13,10.3,18,37,1,947,28,13,12,53,6.997875096,99,29,2.595821412,9.045632888,6.126989534,7.86182133,479,14,3,2,19,468,14,10,10,34,498,502,11,18,74,25
5,1000,10,5.13,10.3,18,37,102,957,24,13,6,43,8.721481456,131,42,3.023818859,10.55640379,9.63676582,7.749581565,484,16,10,5,31,473,8,3,1,12,515,485,30,12,96,35
9,1000,10,5.13,10.3,18,37,4,946,26,18,10,54,7.008228111,93,37,2.444618722,8.840186744,6.445337348,7.596443203,488,10,9,4,23,458,16,9,6,31,511,489,18,19,63,30
7,1000,10,5.13,10.3,18,37,104,946,33,15,6,54,8.92190804,103,40,2.957436231,10.37885941,9.832472069,7.955020462,482,21,8,4,33,464,12,7,2,21,515,485,25,15,69,34
11,1000,10,5.13,10.3,18,37,0,942,31,14,13,58,7.213,88,27,2.461242707,9.151545952,6.52173913,7.858800774,462,11,7,3,21,480,20,7,10,37,483,517,18,9,66,22
1,1000,10,5.13,10.3,18,37,93,946,32,10,12,54,8.838966712,108,40,2.814476075,10.28315388,9.203310936,8.470223967,473,15,6,9,30,473,17,4,3,24,503,497,25,15,82,26
4,1000,10,5.13,10.3,18,37,104,952,26,16,6,48,8.783340849,128,42,2.717649267,10.45580617,9.584101361,7.982580337,473,12,10,5,27,479,14,6,1,21,500,500,26,16,105,23
12,1000,10,5.13,10.3,18,37,0,949,22,12,17,51,7.274,80,25,2.48125052,8.784732144,6.37964775,8.208588957,496,5,3,7,15,453,17,9,10,36,511,489,11,14,58,22
8,1000,10,5.13,10.3,18,37,102,942,35,13,10,58,9.022862682,108,44,2.943318337,10.6692333,9.919512174,8.100750527,473,19,8,7,34,469,16,5,3,24,507,493,23,21,78,30
2,1000,10,5.13,10.3,18,37,98,944,34,15,7,56,9.010825525,113,49,3.230566931,10.34954668,9.891917657,8.10107999,472,19,10,7,36,472,15,5,0,20,508,492,32,17,88,25
10,1000,10,5.13,10.3,18,37,2,947,28,12,13,53,7.029256944,93,25,2.603526075,9.029092886,6.188206965,7.86360533,479,14,3,2,19,468,14,9,11,34,498,502,13,12,69,24
5,1000,10,5.13,10.3,18,37,103,955,25,14,6,45,8.771634227,91,35,3.0293495,10.56249336,9.681108079,7.80590426,485,14,11,5,30,470,11,3,1,15,515,485,20,15,77,14
9,1000,10,5.13,10.3,18,37,5,946,28,15,11,54,7.007981962,79,22,2.456473972,8.845355086,6.474536294,7.565427231,487,11,8,5,24,459,17,7,6,30,511,489,10,12,51,28
11,1000,10,5.13,10.3,18,37,1,941,30,16,13,59,7.287382179,109,33,2.441646765,9.154424603,6.60349207,7.926296923,461,12,7,3,22,480,18,9,10,37,483,517,21,12,76,33
1,1000,10,5.13,10.3,18,37,94,946,32,10,12,54,8.829009868,109,23,2.818093892,10.30098647,9.193826965,8.459788541,473,15,6,9,30,473,17,4,3,24,503,497,13,10,83,26
12,1000,10,5.13,10.3,18,37,1,950,23,11,16,50,7.267839903,86,39,2.475393806,8.79104039,6.390325829,8.184833138,496,5,3,7,15,454,18,8,9,35,511,489,23,16,50,36
8,1000,10,5.13,10.3,18,37,103,943,33,13,11,57,9.006625309,101,37,2.952622987,10.69781449,9.924272133,8.062919549,473,18,9,7,34,470,15,4,4,23,507,493,22,15,75,26
2,1000,10,5.13,10.3,18,37,99,946,32,15,7,54,8.982618096,113,43,3.235745532,10.36363637,9.857997757,8.078770804,474,17,10,7,34,472,15,5,0,20,508,492,25,18,83,30
10,1000,10,5.13,10.3,18,37,3,947,28,13,12,53,7.052759196,85,39,2.623357204,9.040068355,6.202370043,7.89637234,479,14,3,2,19,468,14,10,10,34,498,502,24,15,52,33
5,1000,10,5.13,10.3,18,37,104,955,25,14,6,45,8.782006902,118,51,3.049695752,10.6038598,9.721788081,7.78409493,485,14,11,5,30,470,11,3,1,15,515,485,35,16,99,19
9,1000,10,5.13,10.3,18,37,6,947,28,15,10,53,6.998688422,94,30,2.462997258,8.854918344,6.503630733,7.516018644,487,11,8,5,24,460,17,7,5,29,511,489,18,12,66,28
13,1000,10,5.13,10.3,18,37,0,949,29,9,13,51,6.973,85,23,2.549110116,8.78935808,6.131630648,7.845213849,493,11,4,1,16,456,18,5,12,35,509,491,12,11,54,31
11,1000,10,5.13,10.3,18,37,2,942,29,16,13,58,7.271969898,98,24,2.445493356,9.171893581,6.620847799,7.880271588,461,12,7,3,22,481,17,9,10,36,483,517,12,12,68,30
1,1000,10,5.13,10.3,18,37,95,946,32,10,12,54,8.850459067,118,36,2.825543017,10.32389117,9.210295028,8.486279009,473,15,6,9,30,473,17,4,3,24,503,497,16,20,88,30
12,1000,10,5.13,10.3,18,37,2,950,23,11,16,50,7.284982976,94,26,2.476868242,8.812314682,6.401831478,8.207867261,495,6,3,7,16,455,17,8,9,34,511,489,13,13,67,27
8,1000,10,5.13,10.3,18,37,104,944,32,13,11,56,8.972956616,124,34,2.939069233,10.72182302,9.958129992,7.959806713,473,18,9,7,34,471,14,4,4,22,507,493,21,13,91,33
14,1000,10,5.13,10.3,18,37,0,949,27,13,11,51,6.938,103,33,2.508046647,8.883200958,5.859683794,8.042510121,493,8,3,2,13,456,19,10,9,38,506,494,22,11,72,31
2,1000,10,5.13,10.3,18,37,100,947,31,15,7,53,8.998585581,115,38,3.238877372,10.36931464,9.900344963,8.067500689,474,17,10,7,34,473,14,5,0,19,508,492,22,16,90,25
9,1000,10,5.13,10.3,18,37,7,948,27,14,11,52,7.024390483,101,23,2.460476724,8.861181696,6.532732588,7.538167955,487,11,7,6,24,461,16,7,5,28,511,489,11,12,56,45
10,1000,10,5.13,10.3,18,37,4,946,30,13,11,54,7.057489616,98,27,2.6214407,9.070081444,6.234040159,7.874377722,479,14,3,2,19,467,16,10,9,35,498,502,21,6,66,32
13,1000,10,5.13,10.3,18,37,1,949,29,9,13,51,6.990268479,93,42,2.536873238,8.789671178,6.201260942,7.808200937,491,13,4,1,18,458,16,5,12,33,509,491,22,20,68,25
11,1000,10,5.13,10.3,18,37,3,943,28,16,13,57,7.296033667,86,33,2.441413263,9.162256302,6.666205579,7.884441726,460,13,7,3,23,483,15,9,10,34,483,517,19,14,64,22
1,1000,10,5.13,10.3,18,37,96,945,33,9,13,55,8.860145621,95,41,2.831824168,10.36077245,9.240193055,8.475510089,473,15,6,9,30,472,18,3,4,25,503,497,28,13,70,25
12,1000,10,5.13,10.3,18,37,3,950,24,11,15,50,7.308326288,85,25,2.463934425,8.804701014,6.443145865,8.212430984,494,8,3,6,17,456,16,8,9,33,511,489,15,10,51,34
14,1000,10,5.13,10.3,18,37,1,951,25,13,11,49,6.94091769,80,35,2.504137066,8.889397189,5.88059408,8.026998149,493,8,3,2,13,458,17,10,9,36,506,494,22,13,53,27
9,1000,10,5.13,10.3,18,37,8,948,27,14,11,52,7.04192513,90,34,2.47551282,8.883026153,6.537811652,7.568718559,487,11,7,6,24,461,16,7,5,28,511,489,14,20,58,32
2,1000,10,5.13,10.3,18,37,101,945,33,15,7,55,9.031719437,102,38,3.245924338,10.39593541,9.969731602,8.063202811,473,18,10,7,35,472,15,5,0,20,508,492,24,14,86,16
10,1000,10,5.13,10.3,18,37,5,946,30,13,11,54,7.066859924,95,30,2.626777919,9.071975981,6.242353802,7.884796275,479,14,3,2,19,467,16,10,9,35,498,502,19,11,55,40
13,1000,10,5.13,10.3,18,37,2,949,30,8,13,51,7.046575011,89,18,2.53294628,8.796393605,6.267729616,7.853972782,491,13,4,1,18,458,17,4,12,33,509,491,10,8,56,33
11,1000,10,5.13,10.3,18,37,4,941,29,17,13,59,7.331193191,100,28,2.454971158,9.178964934,6.675608905,7.943663617,460,13,7,3,23,481,16,10,10,36,483,517,15,13,68,32
1,1000,10,5.13,10.3,18,37,97,944,34,9,13,56,8.858795221,116,31,2.84732115,10.37771142,9.240376639,8.472607186,473,15,6,9,30,471,19,3,4,26,503,497,19,12,90,26
12,1000,10,5.13,10.3,18,37,4,949,25,11,15,51,7.350442694,92,29,2.451066061,8.814617448,6.489814772,8.249790073,494,8,3,6,17,455,17,8,9,34,511,489,20,9,60,32
14,1000,10,5.13,10.3,18,37,2,951,24,14,11,49,6.99557616,79,31,2.500312095,8.888529931,5.920403635,8.096866236,492,8,4,2,14,459,16,10,9,35,506,494,17,14,54,25
9,1000,10,5.13,10.3,18,37,9,950,28,12,10,50,7.020264696,101,30,2.482237688,8.899154924,6.549871445,7.511820833,488,11,6,6,23,462,17,6,4,27,511,489,13,17,67,34
2,1000,10,5.13,10.3,18,37,102,945,33,15,7,55,9.043001776,109,34,3.230939134,10.39714965,10.02931541,8.024612898,473,18,10,7,35,472,15,5,0,20,508,492,24,10,84,25
10,1000,10,5.13,10.3,18,37,6,948,29,12,11,52,7.079235376,90,37,2.625967606,9.070997407,6.277628348,7.874455098,479,14,3,2,19,469,15,9,9,33,498,502,21,16,60,30
13,1000,10,5.13,10.3,18,37,3,951,29,7,13,49,7.053620687,96,19,2.533980728,8.794701837,6.286779835,7.848573831,492,12,4,1,17,459,17,3,12,32,509,491,9,10,66,30
11,1000,10,5.13,10.3,18,37,5,941,29,17,13,59,7.35678613,96,33,2.458958236,9.199521737,6.760145303,7.914189455,459,14,7,3,24,482,15,10,10,35,483,517,23,10,66,30
1,1000,10,5.13,10.3,18,37,98,943,35,9,13,57,8.883795224,112,28,2.840813672,10.39633517,9.289105392,8.473591975,472,16,6,9,31,471,19,3,4,26,503,497,19,9,87,25
9,1000,10,5.13,10.3,18,37,10,951,26,12,11,49,7.059574536,104,33,2.48102779,8.911884579,6.60632381,7.533216911,488,10,7,6,23,463,16,5,5,26,511,489,17,16,68,36
14,1000,10,5.13,10.3,18,37,3,952,25,12,11,48,7.011862913,91,25,2.514554959,8.900685978,5.958665143,8.090644435,493,8,3,2,13,459,17,9,9,35,506,494,14,11,58,33
12,1000,10,5.13,10.3,18,37,5,949,25,11,15,51,7.337045677,92,32,2.466724399,8.831126565,6.469655702,8.243459332,494,8,3,6,17,455,17,8,9,34,511,489,17,15,63,29
2,1000,10,5.13,10.3,18,37,103,944,33,16,7,56,9.076137827,115,31,3.230223866,10.4049039,10.11878495,7.999583482,472,18,11,7,36,472,15,5,0,20,508,492,21,10,91,24
10,1000,10,5.13,10.3,18,37,7,947,30,11,12,53,7.120614632,91,25,2.629531313,9.100450053,6.313234991,7.921560969,479,14,2,3,19,468,16,9,9,34,498,502,16,9,68,23
13,1000,10,5.13,10.3,18,37,4,950,30,7,13,50,7.057458676,103,36,2.537601252,8.804883139,6.298700386,7.844032953,492,13,3,1,17,458,17,4,12,33,509,491,23,13,61,42
11,1000,10,5.13,10.3,18,37,6,943,27,17,13,57,7.390494091,90,24,2.460549633,9.224288936,6.751431072,7.987529755,460,13,7,3,23,483,14,10,10,34,483,517,14,10,63,27
9,1000,10,5.13,10.3,18,37,11,954,24,11,11,46,7.054689632,99,27,2.47831591,8.909164852,6.662276492,7.46475735,488,10,7,6,23,466,14,4,5,23,511,489,13,14,65,34
14,1000,10,5.13,10.3,18,37,4,953,26,10,11,47,7.014061328,81,28,2.526508973,8.920219977,5.979357311,8.073899856,494,8,2,2,12,459,18,8,9,35,506,494,17,11,62,19
12,1000,10,5.13,10.3,18,37,6,950,24,11,15,50,7.344379906,88,25,2.480847355,8.836046553,6.499450033,8.227322983,495,7,3,6,16,455,17,8,9,34,511,489,9,16,65,23
1,1000,10,5.13,10.3,18,37,99,940,36,11,13,60,8.940897245,118,39,2.846346611,10.41402739,9.374659009,8.50189892,471,16,7,9,32,469,20,4,4,28,503,497,28,11,93,25
2,1000,10,5.13,10.3,18,37,104,946,32,15,7,54,9.098331004,117,36,3.222764207,10.42839152,10.15463695,8.007673642,472,18,11,7,36,474,14,4,0,18,508,492,23,13,92,25
10,1000,10,5.13,10.3,18,37,8,950,28,10,12,50,7.120617404,106,27,2.635050411,9.112228032,6.357379541,7.87777369,479,14,2,3,19,471,14,8,9,31,498,502,11,16,68,38
15,1000,10,5.13,10.3,18,37,0,946,28,12,14,54,7.298,109,33,2.547700197,9.032848891,6.367010309,8.174757282,467,11,5,2,18,479,17,7,12,36,485,515,21,12,76,33
13,1000,10,5.13,10.3,18,37,5,950,29,8,13,50,7.0540087,91,32,2.544839958,8.813393974,6.324410013,7.810354386,492,12,4,1,17,458,17,4,12,33,509,491,21,11,53,38
11,1000,10,5.13,10.3,18,37,7,943,26,18,13,57,7.404294956,100,32,2.462190267,9.251851668,6.802126648,7.966862254,461,11,8,3,22,482,15,10,10,35,483,517,16,16,63,37
9,1000,10,5.13,10.3,18,37,12,955,23,11,11,45,7.045959578,102,30,2.465775568,8.910604607,6.63435396,7.476083241,489,9,7,6,22,466,14,4,5,23,511,489,15,15,68,34
14,1000,10,5.13,10.3,18,37,5,951,28,10,11,49,7.047267251,91,25,2.531850183,8.945576883,6.044070388,8.074833268,493,9,2,2,13,458,19,8,9,36,506,494,11,14,73,18
12,1000,10,5.13,10.3,18,37,7,951,23,11,15,49,7.336563734,95,25,2.494450321,8.86565037,6.48921308,8.222036503,495,7,3,6,16,456,16,8,9,33,511,489,8,17,65,30
1,1000,10,5.13,10.3,18,37,100,937,39,10,14,63,8.970475334,104,35,2.836322484,10.42308558,9.437125712,8.49819135,468,19,7,9,35,469,20,3,5,28,503,497,21,14,84,20
10,1000,10,5.13,10.3,18,37,9,949,29,10,12,51,7.154245557,105,41,2.641826154,9.108263113,6.387630838,7.914751792,478,15,2,3,20,471,14,8,9,31,498,502,20,21,76,29
15,1000,10,5.13,10.3,18,37,1,945,29,12,14,55,7.321773594,96,25,2.551094531,9.034167679,6.41456668,8.176133504,466,12,5,2,19,479,17,7,12,36,485,515,14,11,63,33
13,1000,10,5.13,10.3,18,37,6,951,29,7,13,49,7.046837762,107,35,2.562583263,8.81591036,6.35086477,7.768325038,491,13,4,1,18,460,16,3,12,31,509,491,15,20,75,32
9,1000,10,5.13,10.3,18,37,13,955,23,11,11,45,7.064613903,85,25,2.463624039,8.90475442,6.657348459,7.490202128,489,9,7,6,22,466,14,4,5,23,511,489,10,15,54,31
11,1000,10,5.13,10.3,18,37,8,943,26,18,13,57,7.424308252,106,28,2.469266226,9.271189698,6.807200278,8.000832722,461,11,8,3,22,482,15,10,10,35,483,517,14,14,68,38
12,1000,10,5.13,10.3,18,37,8,950,24,12,14,50,7.376110653,77,26,2.494145865,8.848557564,6.576158666,8.2120523,493,9,3,6,18,457,15,9,8,32,511,489,14,12,58,19
14,1000,10,5.13,10.3,18,37,6,950,29,10,11,50,7.072095927,83,32,2.524476372,8.963553224,6.087296251,8.080817862,493,9,2,2,13,457,20,8,9,37,506,494,16,16,55,28
1,1000,10,5.13,10.3,18,37,101,935,40,10,15,65,9.028741665,121,36,2.842483942,10.4469418,9.484251393,8.567732826,468,19,6,10,35,467,21,4,5,30,503,497,25,11,95,26
10,1000,10,5.13,10.3,18,37,10,950,28,11,11,50,7.153178752,98,33,2.625906901,9.113824584,6.407834443,7.892584063,478,15,2,3,20,472,13,9,8,30,498,502,20,13,68,30
13,1000,10,5.13,10.3,18,37,7,953,28,7,12,47,7.056829442,99,23,2.562656802,8.833827955,6.44307925,7.69307964,491,13,4,1,18,462,15,3,11,29,509,491,16,7,69,30
15,1000,10,5.13,10.3,18,37,2,946,30,13,11,54,7.318153051,111,32,2.557523432,9.058064662,6.53037521,8.060040919,466,12,5,2,19,480,18,8,9,35,485,515,18,14,71,40
9,1000,10,5.13,10.3,18,37,14,956,22,11,11,44,7.092260702,99,22,2.475655407,8.922748738,6.679985351,7.523084228,489,9,7,6,22,467,13,4,5,22,511,489,10,12,62,37
11,1000,10,5.13,10.3,18,37,9,945,25,18,12,55,7.403219445,105,34,2.471615403,9.259408843,6.8037623,7.963253876,461,11,8,3,22,484,14,10,9,33,483,517,18,16,73,32
12,1000,10,5.13,10.3,18,37,9,950,27,12,11,50,7.360431323,101,30,2.492218408,8.835272756,6.575429354,8.180750354,492,10,4,5,19,458,17,8,6,31,511,489,20,10,64,37
14,1000,10,5.13,10.3,18,37,7,949,30,10,11,51,7.098493596,88,30,2.531606574,8.968757979,6.13598311,8.084384903,491,11,2,2,15,458,19,8,9,36,506,494,15,15,62,26
10,1000,10,5.13,10.3,18,37,11,952,26,11,11,48,7.175619581,92,43,2.624765835,9.121334796,6.436466326,7.908883169,478,14,3,3,20,474,12,8,8,28,498,502,29,14,59,33
1,1000,10,5.13,10.3,18,37,102,934,41,10,15,66,9.082772619,107,30,2.844350115,10.46387624,9.543844601,8.616134376,467,20,6,10,36,467,21,4,5,30,503,497,23,7,83,24
13,1000,10,5.13,10.3,18,37,8,953,27,8,12,47,7.099756843,91,27,2.566569591,8.835118782,6.46691291,7.755800757,491,13,4,1,18,462,14,4,11,29,509,491,16,11,61,30
15,1000,10,5.13,10.3,18,37,3,946,30,13,11,54,7.337950389,85,23,2.545549399,9.060608457,6.549077536,8.080869483,467,11,5,2,18,479,19,8,9,36,485,515,17,6,58,27
9,1000,10,5.13,10.3,18,37,15,957,21,11,11,43,7.076825174,97,29,2.493697073,8.939572204,6.662399642,7.509895617,489,9,7,6,22,468,12,4,5,21,511,489,15,14,66,31
11,1000,10,5.13,10.3,18,37,10,944,25,18,13,56,7.469941265,109,20,2.46638661,9.266162139,6.907704083,7.995203467,460,12,7,4,23,484,13,11,9,33,483,517,13,7,76,33
12,1000,10,5.13,10.3,18,37,10,951,26,12,11,49,7.374471049,92,21,2.500195084,8.843446288,6.58073746,8.203914533,493,9,4,5,18,458,17,8,6,31,511,489,14,7,60,32
14,1000,10,5.13,10.3,18,37,8,950,30,9,11,50,7.093811874,94,36,2.539351765,8.982610309,6.159254786,8.051070754,491,11,2,2,15,459,19,7,9,35,506,494,25,11,72,22
10,1000,10,5.13,10.3,18,37,12,953,25,11,11,47,7.217420763,97,29,2.620096983,9.144468695,6.486627747,7.942390727,478,14,3,3,20,475,11,8,8,27,498,502,16,13,66,31
1,1000,10,5.13,10.3,18,37,103,935,40,10,15,65,9.081057545,113,24,2.844419298,10.48843531,9.591885224,8.564062932,467,20,6,10,36,468,20,4,5,29,503,497,18,6,87,26
13,1000,10,5.13,10.3,18,37,9,951,29,8,12,49,7.121933456,98,29,2.568603515,8.833317523,6.520326275,7.745595482,489,15,4,1,20,462,14,4,11,29,509,491,11,18,70,28
15,1000,10,5.13,10.3,18,37,4,948,30,12,10,52,7.353262457,89,41,2.554208567,9.087361793,6.582193405,8.079414866,467,11,5,2,18,481,19,7,8,34,485,515,26,15,61,28
9,1000,10,5.13,10.3,18,37,16,957,21,11,11,43,7.078568568,94,26,2.492235474,8.947953016,6.684762255,7.49009214,489,9,7,6,22,468,12,4,5,21,511,489,14,12,70,24
11,1000,10,5.13,10.3,18,37,11,947,24,15,14,53,7.429239565,106,37,2.469097148,9.28251043,6.912657542,7.911849077,461,12,5,5,22,486,12,10,9,31,483,517,23,14,74,32
12,1000,10,5.13,10.3,18,37,11,952,25,12,11,48,7.405488594,104,28,2.501925928,8.867010532,6.629857912,8.216014725,493,9,4,5,18,459,16,8,6,30,511,489,18,10,74,30
14,1000,10,5.13,10.3,18,37,9,950,30,9,11,50,7.115790507,95,27,2.529797425,9.003515904,6.184292642,8.069915851,491,11,2,2,15,459,19,7,9,35,506,494,10,17,69,26
13,1000,10,5.13,10.3,18,37,10,951,28,9,12,49,7.143859323,106,38,2.561335247,8.845062232,6.544609042,7.765078047,489,14,5,1,20,462,14,4,11,29,509,491,20,18,65,41
10,1000,10,5.13,10.3,18,37,13,955,23,11,11,45,7.228463671,97,30,2.614162915,9.152667382,6.521178634,7.93011297,478,14,3,3,20,477,9,8,8,25,498,502,17,13,67,30
1,1000,10,5.13,10.3,18,37,104,934,42,10,14,66,9.049141659,106,44,2.857001289,10.50474467,9.559177455,8.532948489,466,22,6,9,37,468,20,4,5,29,503,497,19,25,83,23
16,1000,10,5.13,10.3,18,37,0,943,30,12,15,57,7.323,106,38,2.576294654,9.058877576,6.832271762,7.759924386,447,12,7,5,24,496,18,5,10,33,471,529,23,15,74,32
15,1000,10,5.13,10.3,18,37,5,949,30,11,10,51,7.368973971,101,26,2.566577488,9.10168987,6.59859421,8.094477242,467,11,5,2,18,482,19,6,8,33,485,515,18,8,76,25
9,1000,10,5.13,10.3,18,37,17,957,21,11,11,43,7.116316244,102,23,2.505320042,8.959035819,6.720154721,7.530300985,489,9,7,6,22,468,12,4,5,21,511,489,10,13,68,34
11,1000,10,5.13,10.3,18,37,12,948,23,15,14,52,7.438746041,93,32,2.478474494,9.297247166,6.971615151,7.875156524,461,12,5,5,22,487,11,10,9,30,483,517,20,12,76,17
12,1000,10,5.13,10.3,18,37,12,952,26,12,10,48,7.435680852,104,36,2.508294169,8.884335484,6.708325304,8.195759962,493,9,4,5,18,459,17,8,5,30,511,489,20,16,71,33
14,1000,10,5.13,10.3,18,37,10,953,29,7,11,47,7.094718898,111,35,2.525111456,9.006312587,6.216271925,7.994504664,491,11,2,2,15,462,18,5,9,32,506,494,23,12,75,36
13,1000,10,5.13,10.3,18,37,11,951,28,9,12,49,7.138610184,98,25,2.578610072,8.860387091,6.554191823,7.744453251,489,14,5,1,20,462,14,4,11,29,509,491,19,6,65,33
10,1000,10,5.13,10.3,18,37,14,956,23,11,10,44,7.219937245,99,27,2.612888463,9.165546614,6.522270051,7.912045339,479,13,3,3,19,477,10,8,7,25,498,502,14,13,65,34
9,1000,10,5.13,10.3,18,37,18,958,21,10,11,42,7.13471957,114,36,2.532319432,8.973136149,6.752692317,7.533934143,489,9,7,6,22,469,12,3,5,20,511,489,20,16,76,38
16,1000,10,5.13,10.3,18,37,1,943,31,12,14,57,7.341620216,92,22,2.562709221,9.054399742,6.873590476,7.758334786,447,12,7,5,24,496,19,5,9,33,471,529,12,10,59,33
15,1000,10,5.13,10.3,18,37,6,951,28,11,10,49,7.397379003,78,39,2.582354021,9.088958446,6.635915773,8.114485152,467,11,5,2,18,484,17,6,8,31,485,515,24,15,59,19
11,1000,10,5.13,10.3,18,37,13,947,24,15,14,53,7.488002716,91,35,2.492829506,9.317376926,7.023253877,7.922187801,461,12,5,5,22,486,12,10,9,31,483,517,16,19,65,26
12,1000,10,5.13,10.3,18,37,13,953,26,11,10,47,7.428058966,93,33,2.503350872,8.893877837,6.687627154,8.201802638,493,9,4,5,18,460,17,7,5,29,511,489,18,15,57,36
14,1000,10,5.13,10.3,18,37,11,954,28,7,11,46,7.117101148,98,28,2.533551756,9.035035718,6.248488251,8.006813955,491,11,2,2,15,463,17,5,9,31,506,494,19,9,69,29
13,1000,10,5.13,10.3,18,37,12,950,29,9,12,50,7.147219987,89,21,2.576322403,8.878722905,6.5688636,7.746778849,489,14,5,1,20,461,15,4,11,30,509,491,16,5,60,29
10,1000,10,5.13,10.3,18,37,15,955,24,11,10,45,7.233060088,86,38,2.605862367,9.189989405,6.579710836,7.88120337,478,14,3,3,20,477,10,8,7,25,498,502,21,17,61,25
9,1000,10,5.13,10.3,18,37,19,958,20,11,11,42,7.154932381,107,34,2.540646363,8.983107466,6.777597335,7.549243646,489,9,7,6,22,469,11,4,5,20,511,489,20,14,69,38
15,1000,10,5.13,10.3,18,37,7,953,28,9,10,47,7.370031267,106,35,2.58254436,9.098035422,6.638774798,8.058690271,467,11,5,2,18,486,17,4,8,29,485,515,20,15,70,36
16,1000,10,5.13,10.3,18,37,2,943,31,12,14,57,7.377699218,94,29,2.561166389,9.06776081,6.926017852,7.779857862,447,12,7,5,24,496,19,5,9,33,471,529,13,16,66,28
11,1000,10,5.13,10.3,18,37,14,948,23,15,14,52,7.473698553,104,32,2.49663915,9.345398379,7.07121623,7.84971202,461,12,5,5,22,487,11,10,9,30,483,517,19,13,75,29
12,1000,10,5.13,10.3,18,37,14,955,24,11,10,45,7.449219356,101,32,2.517723548,8.915373762,6.755477301,8.17417271,493,9,4,5,18,462,15,7,5,27,511,489,17,15,64,37
14,1000,10,5.13,10.3,18,37,12,955,26,8,11,45,7.159480754,98,36,2.547078802,9.039812452,6.289822314,8.0502645,491,10,3,2,15,464,16,5,9,30,506,494,17,19,58,40
13,1000,10,5.13,10.3,18,37,13,951,30,9,10,49,7.151709316,85,28,2.581345027,8.886933997,6.602133098,7.721432931,489,14,5,1,20,462,16,4,9,29,509,491,14,14,66,19
10,1000,10,5.13,10.3,18,37,16,954,25,11,10,46,7.270667448,107,31,2.610850801,9.182665708,6.631953668,7.904291876,478,14,3,3,20,476,11,8,7,26,498,502,22,9,73,34
9,1000,10,5.13,10.3,18,37,20,959,19,10,12,41,7.179465691,87,31,2.528150995,9.015216656,6.81606422,7.559216512,489,9,6,7,22,470,10,4,5,19,511,489,12,19,59,28
15,1000,10,5.13,10.3,18,37,8,953,28,9,10,47,7.385532581,101,27,2.59936829,9.11592878,6.653281971,8.075127815,467,11,5,2,18,486,17,4,8,29,485,515,13,14,76,25
11,1000,10,5.13,10.3,18,37,15,947,24,15,14,53,7.544116258,83,20,2.490776297,9.341994776,7.105698064,7.953702307,461,12,5,5,22,486,12,10,9,31,483,517,14,6,61,22
16,1000,10,5.13,10.3,18,37,3,943,31,12,14,57,7.400582769,94,29,2.573364592,9.088023767,6.945944676,7.805373963,447,12,7,5,24,496,19,5,9,33,471,529,16,13,66,28
12,1000,10,5.13,10.3,18,37,15,957,22,11,10,43,7.459611836,98,37,2.524538305,8.938712421,6.832973005,8.114443007,493,8,5,5,18,464,14,6,5,25,511,489,21,16,65,33
14,1000,10,5.13,10.3,18,37,13,957,25,8,10,43,7.132807483,93,34,2.556723845,9.035629562,6.28731087,7.998842474,492,9,3,2,14,465,16,5,8,29,506,494,21,13,67,26
13,1000,10,5.13,10.3,18,37,14,951,30,9,10,49,7.201813182,80,40,2.565038559,8.88693935,6.658833098,7.76469885,489,14,5,1,20,462,16,4,9,29,509,491,24,16,58,22
9,1000,10,5.13,10.3,18,37,21,958,21,8,13,42,7.218961915,88,29,2.517227994,9.04631873,6.865478359,7.588348617,487,11,5,8,24,471,10,3,5,18,511,489,17,12,57,31
10,1000,10,5.13,10.3,18,37,17,955,25,11,9,45,7.265441085,115,19,2.596251916,9.187504385,6.612636399,7.91304414,479,13,3,3,19,476,12,8,6,26,498,502,11,8,85,30
11,1000,10,5.13,10.3,18,37,16,947,25,15,13,53,7.538125894,104,24,2.515710963,9.339914242,7.124039039,7.924980732,461,12,5,5,22,486,13,10,8,31,483,517,16,8,77,27
15,1000,10,5.13,10.3,18,37,9,954,27,9,10,46,7.385081068,105,40,2.614222019,9.150680806,6.665253326,8.062977098,467,11,5,2,18,487,16,4,8,28,485,515,24,16,74,31
12,1000,10,5.13,10.3,18,37,16,958,22,9,11,42,7.488179075,112,30,2.508855135,8.949568865,6.86228432,8.142232695,494,8,3,6,17,464,14,6,5,25,511,489,16,14,82,30
16,1000,10,5.13,10.3,18,37,4,944,31,11,14,56,7.411731499,88,28,2.579851176,9.117685694,6.964627148,7.809814958,447,12,7,5,24,497,19,4,9,32,471,529,17,11,61,27
14,1000,10,5.13,10.3,18,37,14,959,25,6,10,41,7.136650822,102,26,2.542957966,9.031001219,6.313890643,7.979397079,492,9,3,2,14,467,16,3,8,27,506,494,12,14,60,42
13,1000,10,5.13,10.3,18,37,15,951,30,9,10,49,7.254313723,91,35,2.576316768,8.903513683,6.726133623,7.801856841,489,14,5,1,20,462,16,4,9,29,509,491,21,14,61,30
9,1000,10,5.13,10.3,18,37,22,956,21,10,13,44,7.246745414,94,34,2.513863985,9.057924788,6.898016662,7.611163395,486,11,6,8,25,470,10,4,5,19,511,489,20,14,64,30
10,1000,10,5.13,10.3,18,37,18,955,25,11,9,45,7.275431125,105,28,2.589073556,9.183396866,6.630980133,7.91474705,478,14,3,3,20,477,11,8,6,25,498,502,13,15,69,36
11,1000,10,5.13,10.3,18,37,17,949,25,14,12,51,7.556085269,104,31,2.519593761,9.325515757,7.094939431,7.986904301,463,12,4,4,20,486,13,10,8,31,483,517,17,14,70,34
12,1000,10,5.13,10.3,18,37,17,959,21,8,12,41,7.517817782,104,35,2.509159687,8.955835402,6.908106781,8.154959543,494,8,3,6,17,465,13,5,6,24,511,489,23,12,61,43
15,1000,10,5.13,10.3,18,37,10,954,26,10,10,46,7.41600646,88,36,2.616220509,9.169375521,6.693294789,8.096618422,467,11,5,2,18,487,15,5,8,28,485,515,19,17,59,29
14,1000,10,5.13,10.3,18,37,15,962,24,4,10,38,7.104715689,93,37,2.535887818,9.02933112,6.297086297,7.931963609,493,9,2,2,13,469,15,2,8,25,506,494,20,17,69,24
16,1000,10,5.13,10.3,18,37,5,944,31,11,14,56,7.484348467,102,30,2.587979507,9.141635109,6.997644393,7.917689902,447,12,7,5,24,497,19,4,9,32,471,529,15,15,76,26
13,1000,10,5.13,10.3,18,37,16,951,30,9,10,49,7.265644524,98,30,2.564529107,8.927717075,6.782231393,7.766779521,489,14,5,1,20,462,16,4,9,29,509,491,23,7,72,26
9,1000,10,5.13,10.3,18,37,23,955,22,10,13,45,7.246083151,103,41,2.503656105,9.071504456,6.962456354,7.542470253,485,12,6,8,26,470,10,4,5,19,511,489,23,18,74,29
10,1000,10,5.13,10.3,18,37,19,954,27,11,8,46,7.313723575,99,29,2.586291836,9.199825724,6.681331052,7.941077113,477,15,3,3,21,477,12,8,5,25,498,502,19,10,67,32
11,1000,10,5.13,10.3,18,37,18,951,24,14,11,49,7.588124653,106,33,2.529719104,9.34090081,7.147896216,7.999401898,463,12,4,4,20,488,12,10,7,29,483,517,18,15,74,32
12,1000,10,5.13,10.3,18,37,18,960,20,8,12,40,7.532241797,89,34,2.508396393,8.962691748,6.935974664,8.155334855,493,8,4,6,18,467,12,4,6,22,511,489,18,16,66,23
15,1000,10,5.13,10.3,18,37,11,954,26,11,9,46,7.437975737,99,34,2.628687754,9.180229503,6.71950904,8.114590005,467,11,5,2,18,487,15,6,7,28,485,515,23,11,75,24
14,1000,10,5.13,10.3,18,37,16,962,23,5,10,38,7.154991056,87,18,2.527323786,9.036153673,6.336569362,7.99329344,493,9,2,2,13,469,14,3,8,25,506,494,13,5,62,25
13,1000,10,5.13,10.3,18,37,17,952,30,8,10,48,7.299344163,89,34,2.565970119,8.958329079,6.840239429,7.775279621,489,14,5,1,20,463,16,3,9,28,509,491,21,13,57,32
16,1000,10,5.13,10.3,18,37,6,945,30,11,14,55,7.501807819,93,29,2.586337761,9.16266881,7.048211955,7.905671055,447,12,7,5,24,498,18,4,9,31,471,529,20,9,73,20
9,1000,10,5.13,10.3,18,37,24,956,21,10,13,44,7.253512599,97,32,2.508124148,9.078760195,7.006284009,7.511863948,485,12,6,8,26,471,9,4,5,18,511,489,20,12,72,25
11,1000,10,5.13,10.3,18,37,19,951,23,15,11,49,7.612750703,109,37,2.528841596,9.362286036,7.183277336,8.013980173,464,11,4,4,19,487,12,11,7,30,483,517,20,17,73,36
12,1000,10,5.13,10.3,18,37,19,960,20,9,11,40,7.535395805,81,38,2.497366857,8.986077719,6.949943772,8.147187192,493,8,5,5,18,467,12,4,6,22,511,489,18,20,52,29
10,1000,10,5.13,10.3,18,37,20,957,26,9,8,43,7.287287482,94,30,2.597264979,9.242956375,6.67519549,7.894502248,478,15,2,3,20,479,11,7,5,23,498,502,19,11,65,29
14,1000,10,5.13,10.3,18,37,17,960,26,5,9,40,7.147411417,85,30,2.52765161,9.026665892,6.329590935,7.985097983,492,11,2,1,14,468,15,3,8,26,506,494,12,18,62,23
15,1000,10,5.13,10.3,18,37,12,956,23,12,9,44,7.45121821,89,40,2.634771126,9.193647465,6.773638113,8.089327621,467,10,6,2,18,489,13,6,7,26,485,515,23,17,60,29
13,1000,10,5.13,10.3,18,37,18,953,29,8,10,47,7.29581415,92,34,2.554843934,8.960531796,6.850327034,7.75763277,490,13,5,1,19,463,16,3,9,28,509,491,19,15,65,27
9,1000,10,5.13,10.3,18,37,25,956,21,10,13,44,7.266113961,102,34,2.505104431,9.074209337,7.048138625,7.493895958,485,12,6,8,26,471,9,4,5,18,511,489,18,16,70,32
16,1000,10,5.13,10.3,18,37,7,944,30,12,14,56,7.575853542,102,36,2.603650562,9.158061546,7.147070371,7.957624569,447,12,7,5,24,497,18,5,9,32,471,529,17,19,77,25
11,1000,10,5.13,10.3,18,37,20,952,22,15,11,48,7.60517304,95,24,2.522305483,9.389628397,7.184477336,7.998202103,464,11,4,4,19,488,11,11,7,29,483,517,11,13,66,29
12,1000,10,5.13,10.3,18,37,20,960,19,9,12,40,7.568458238,101,30,2.489149809,9.004009419,7.000200904,8.162281341,493,7,5,6,18,467,12,4,6,22,511,489,17,13,68,33
10,1000,10,5.13,10.3,18,37,21,957,26,9,8,43,7.265953714,120,25,2.59299548,9.250236007,6.664665577,7.86245071,477,16,2,3,21,480,10,7,5,22,498,502,14,11,84,36
14,1000,10,5.13,10.3,18,37,18,962,25,4,9,38,7.153088151,110,29,2.550872612,9.030513486,6.383347927,7.941526518,492,11,2,1,14,470,14,2,8,24,506,494,17,12,83,27
15,1000,10,5.13,10.3,18,37,13,958,21,12,9,42,7.460089426,93,32,2.63222275,9.19003317,6.819544483,8.063321072,467,10,6,2,18,491,11,6,7,24,485,515,19,13,62,31
13,1000,10,5.13,10.3,18,37,19,951,31,8,10,49,7.359497737,83,24,2.541337164,8.981711374,6.920745292,7.814334793,489,14,5,1,20,462,17,3,9,29,509,491,12,12,61,22
9,1000,10,5.13,10.3,18,37,26,957,20,10,13,43,7.290976002,87,31,2.503947091,9.095491204,7.075710749,7.515925991,486,11,6,8,25,471,9,4,5,18,511,489,17,14,62,25
11,1000,10,5.13,10.3,18,37,21,952,24,15,9,48,7.588524801,92,33,2.512495991,9.393780877,7.153632818,7.994816537,464,12,4,3,19,488,12,11,6,29,483,517,21,12,67,25
16,1000,10,5.13,10.3,18,37,8,945,29,12,14,55,7.596515226,86,32,2.599320868,9.165437521,7.199896932,7.949647961,447,12,7,5,24,498,17,5,9,31,471,529,15,17,52,34
12,1000,10,5.13,10.3,18,37,21,961,18,8,13,39,7.58895161,77,27,2.514382133,9.010123496,7.004862663,8.199318588,493,7,4,7,18,468,11,4,6,21,511,489,17,10,41,36
10,1000,10,5.13,10.3,18,37,22,957,26,9,8,43,7.298331735,88,29,2.608459242,9.247161177,6.693159921,7.898681463,476,16,3,3,22,481,10,6,5,21,498,502,17,12,64,24
13,1000,10,5.13,10.3,18,37,20,951,31,8,10,49,7.376758655,100,23,2.551402699,8.989129476,6.943933781,7.825450836,489,14,5,1,20,462,17,3,9,29,509,491,11,12,80,20
14,1000,10,5.13,10.3,18,37,19,963,25,3,9,37,7.139513513,91,30,2.566452124,9.03316842,6.379066194,7.918433236,493,11,1,1,13,470,14,2,8,24,506,494,16,14,63,28
15,1000,10,5.13,10.3,18,37,14,958,19,14,9,42,7.481258854,100,30,2.641469629,9.198912008,6.818768127,8.105157887,467,10,6,2,18,491,9,8,7,24,485,515,19,11,64,36
9,1000,10,5.13,10.3,18,37,27,957,20,10,13,43,7.320442952,113,37,2.520901724,9.106786504,7.134955059,7.514275904,486,11,6,8,25,471,9,4,5,18,511,489,19,18,80,33
11,1000,10,5.13,10.3,18,37,22,952,25,15,8,48,7.589945544,97,24,2.533498877,9.39746575,7.224864445,7.931017441,464,12,4,3,19,488,13,11,5,29,483,517,14,10,71,26
12,1000,10,5.13,10.3,18,37,22,962,19,8,11,38,7.581304307,102,32,2.503020939,9.021299241,7.026938809,8.160610584,494,7,4,6,17,468,12,4,5,21,511,489,18,14,69,33
16,1000,10,5.13,10.3,18,37,9,944,30,12,14,56,7.633029899,91,28,2.596101359,9.182999425,7.240886856,7.982178053,447,12,7,5,24,497,18,5,9,32,471,529,19,9,59,32
10,1000,10,5.13,10.3,18,37,23,957,26,9,8,43,7.347885033,94,42,2.600882993,9.237678448,6.779732059,7.911510891,476,16,3,3,22,481,10,6,5,21,498,502,24,18,66,28
13,1000,10,5.13,10.3,18,37,21,952,30,8,10,48,7.396738061,98,21,2.540355032,9.002335416,6.991045629,7.817303128,489,14,5,1,20,463,16,3,9,28,509,491,13,8,66,32
14,1000,10,5.13,10.3,18,37,20,964,24,3,9,36,7.165033638,116,27,2.588714903,9.033805308,6.379179255,7.969977602,494,10,1,1,12,470,14,2,8,24,506,494,18,9,70,46
15,1000,10,5.13,10.3,18,37,15,959,19,13,9,41,7.48782307,99,37,2.631783741,9.203450055,6.865785285,8.073625644,465,12,6,2,20,494,7,7,7,21,485,515,23,14,67,32
9,1000,10,5.13,10.3,18,37,28,957,19,11,13,43,7.335569286,79,30,2.522681125,9.113509704,7.200533215,7.476680599,486,10,7,8,25,471,9,4,5,18,511,489,18,12,58,21
11,1000,10,5.13,10.3,18,37,23,950,26,17,7,50,7.600669152,90,21,2.526641755,9.417744288,7.216244486,7.959812504,463,12,6,2,20,487,14,11,5,30,483,517,10,11,58,32
12,1000,10,5.13,10.3,18,37,23,962,19,8,11,38,7.629485356,94,29,2.512615304,9.023510803,7.083981789,8.199531006,494,7,4,6,17,468,12,4,5,21,511,489,17,12,60,34
10,1000,10,5.13,10.3,18,37,24,955,30,8,7,45,7.373781264,104,35,2.612483633,9.264916469,6.849117636,7.894264305,474,19,3,2,24,481,11,5,5,21,498,502,23,12,70,34
16,1000,10,5.13,10.3,18,37,10,946,29,11,14,54,7.625097123,88,41,2.589314132,9.197394415,7.25212246,7.957178534,448,11,7,5,23,498,18,4,9,31,471,529,26,15,60,28
13,1000,10,5.13,10.3,18,37,22,953,31,7,9,47,7.376068097,95,43,2.529019706,9.009074829,6.966742901,7.800399103,490,14,4,1,19,463,17,3,8,28,509,491,24,19,66,29
14,1000,10,5.13,10.3,18,37,21,964,25,3,8,36,7.155777744,99,39,2.591844905,9.055767679,6.416530698,7.912982209,494,10,1,1,12,470,15,2,7,24,506,494,21,18,73,26
15,1000,10,5.13,10.3,18,37,16,959,18,14,9,41,7.548759267,91,41,2.625069523,9.195171916,6.929255791,8.132175162,465,11,7,2,20,494,7,7,7,21,485,515,20,21,60,31
9,1000,10,5.13,10.3,18,37,29,956,19,12,13,44,7.371917039,90,37,2.530719442,9.11876125,7.22934859,7.520899611,485,10,8,8,26,471,9,4,5,18,511,489,17,20,57,33
11,1000,10,5.13,10.3,18,37,24,951,27,15,7,49,7.61452733,89,33,2.527742888,9.429769231,7.253647336,7.951674403,463,13,5,2,20,488,14,10,5,29,483,517,18,15,62,27
12,1000,10,5.13,10.3,18,37,24,962,19,9,10,38,7.655649592,85,37,2.504318006,9.066866268,7.12082166,8.214539312,494,8,4,5,17,468,11,5,5,21,511,489,23,14,62,23
10,1000,10,5.13,10.3,18,37,25,955,30,8,7,45,7.39565647,95,40,2.623419022,9.267451848,6.874166005,7.912991632,474,19,3,2,24,481,11,5,5,21,498,502,25,15,66,29
16,1000,10,5.13,10.3,18,37,11,948,27,12,13,52,7.639183619,89,37,2.599144952,9.192717219,7.262269558,7.97477251,448,11,7,5,23,500,16,5,8,29,471,529,24,13,56,33
13,1000,10,5.13,10.3,18,37,23,952,32,7,9,48,7.430251911,93,29,2.532878268,9.02328624,7.02439177,7.850990836,490,14,4,1,19,462,18,3,8,29,509,491,16,13,72,21
14,1000,10,5.13,10.3,18,37,22,963,25,4,8,37,7.200176429,94,22,2.592266283,9.053711992,6.489283025,7.928338499,494,10,1,1,12,469,15,3,7,25,506,494,10,12,56,38
15,1000,10,5.13,10.3,18,37,17,958,18,14,10,42,7.57007555,95,41,2.629868465,9.222653813,6.937952489,8.165375909,465,11,7,2,20,493,7,7,8,22,485,515,23,18,65,30
9,1000,10,5.13,10.3,18,37,30,957,20,11,12,43,7.35419169,112,31,2.502816444,9.124937842,7.229177771,7.484829956,485,11,8,7,26,472,9,3,5,17,511,489,16,15,78,34
11,1000,10,5.13,10.3,18,37,25,950,27,16,7,50,7.626574982,80,30,2.52555728,9.435714382,7.249038302,7.97928333,463,12,6,2,20,487,15,10,5,30,483,517,18,12,52,28
12,1000,10,5.13,10.3,18,37,25,963,18,9,10,37,7.695900928,91,32,2.507027697,9.104372234,7.18640613,8.228317782,493,9,4,5,18,470,9,5,5,19,511,489,25,7,58,33
10,1000,10,5.13,10.3,18,37,26,955,30,7,8,45,7.425185054,104,31,2.622594554,9.269111356,6.900195743,7.945991184,474,19,2,3,24,481,11,5,5,21,498,502,15,16,82,22
13,1000,10,5.13,10.3,18,37,24,951,33,7,9,49,7.456721727,103,30,2.534017519,9.036896966,7.111882644,7.814202568,490,14,3,2,19,461,19,4,7,30,509,491,17,13,76,27
16,1000,10,5.13,10.3,18,37,12,951,24,12,13,49,7.644125382,107,31,2.600607383,9.196508544,7.28688775,7.962195183,449,9,8,5,22,502,15,4,8,27,471,529,16,15,74,33
14,1000,10,5.13,10.3,18,37,23,963,25,3,9,37,7.205277701,106,29,2.614145292,9.064674609,6.51398401,7.913363951,494,10,0,2,12,469,15,3,7,25,506,494,14,15,72,34
15,1000,10,5.13,10.3,18,37,18,959,18,12,11,41,7.578057854,103,38,2.638313586,9.24425676,6.968960669,8.15167365,466,11,5,3,19,493,7,7,8,22,485,515,26,12,74,29
9,1000,10,5.13,10.3,18,37,31,956,23,11,10,44,7.372599283,97,34,2.482078168,9.15285027,7.22031756,7.531732126,484,13,8,6,27,472,10,3,4,17,511,489,22,12,68,29
11,1000,10,5.13,10.3,18,37,26,950,28,15,7,50,7.624886273,90,17,2.526436248,9.438594917,7.304346731,7.924345845,460,15,6,2,23,490,13,9,5,27,483,517,9,8,69,21
12,1000,10,5.13,10.3,18,37,26,963,18,9,10,37,7.692090552,97,28,2.519450547,9.116864271,7.17068022,8.236959017,493,9,4,5,18,470,9,5,5,19,511,489,15,13,68,29
10,1000,10,5.13,10.3,18,37,27,956,28,8,8,44,7.44074144,103,36,2.634624866,9.274008229,6.946519148,7.931025707,474,18,3,3,24,482,10,5,5,20,498,502,17,19,72,31
13,1000,10,5.13,10.3,18,37,25,951,34,7,8,49,7.47462362,98,28,2.538282718,9.035383614,7.1170646,7.845290711,490,14,3,2,19,461,20,4,6,30,509,491,17,11,63,35
15,1000,10,5.13,10.3,18,37,19,959,18,12,11,41,7.595595997,94,39,2.627665751,9.25184056,7.004430717,8.152324464,466,11,5,3,19,493,7,7,8,22,485,515,27,12,63,31
14,1000,10,5.13,10.3,18,37,24,961,27,3,9,39,7.215579704,100,37,2.630213371,9.075770902,6.547423028,7.899966906,494,10,0,2,12,467,17,3,7,27,506,494,19,18,74,26
16,1000,10,5.13,10.3,18,37,13,950,25,12,13,50,7.71258541,80,32,2.592490479,9.219788317,7.371253036,8.016493819,448,10,8,5,23,502,15,4,8,27,471,529,17,15,53,27
9,1000,10,5.13,10.3,18,37,32,957,23,11,9,43,7.388197067,101,40,2.484507688,9.181987481,7.237889852,7.54526657,485,13,8,5,26,472,10,3,4,17,511,489,23,17,78,23
11,1000,10,5.13,10.3,18,37,27,950,28,16,6,50,7.617761123,95,25,2.525463976,9.459452812,7.32722125,7.889193925,460,15,6,2,23,490,13,10,4,27,483,517,13,12,73,22
12,1000,10,5.13,10.3,18,37,27,962,19,9,10,38,7.700612783,82,32,2.535521772,9.136184139,7.213136561,8.21002045,492,10,4,5,19,470,9,5,5,19,511,489,21,11,58,24
10,1000,10,5.13,10.3,18,37,28,954,30,8,8,46,7.460087328,93,25,2.627167087,9.274387788,6.965593537,7.950640929,472,20,3,3,26,482,10,5,5,20,498,502,14,11,70,23
13,1000,10,5.13,10.3,18,37,26,952,34,7,7,48,7.491311794,95,32,2.548259578,9.036491053,7.157575884,7.837282421,490,14,3,2,19,462,20,4,5,29,509,491,20,12,62,33
15,1000,10,5.13,10.3,18,37,20,960,18,11,11,40,7.604811263,91,32,2.633892356,9.264883551,7.044613138,8.132376489,466,11,5,3,19,494,7,6,8,21,485,515,19,13,67,24
14,1000,10,5.13,10.3,18,37,25,963,26,2,9,37,7.23244007,88,26,2.654200456,9.104251821,6.60335448,7.876807091,494,10,0,2,12,469,16,2,7,25,506,494,16,10,69,19
9,1000,10,5.13,10.3,18,37,33,958,22,11,9,42,7.436126413,88,29,2.5046601,9.182731485,7.268127876,7.611683167,486,12,8,5,25,472,10,3,4,17,511,489,17,12,58,30
16,1000,10,5.13,10.3,18,37,14,950,26,12,12,50,7.702248627,93,39,2.601086494,9.246221799,7.360701163,8.006348544,448,11,8,4,23,502,15,4,8,27,471,529,21,18,62,31
11,1000,10,5.13,10.3,18,37,28,949,28,17,6,51,7.675040403,116,26,2.535723772,9.480399609,7.362469528,7.96705536,460,15,6,2,23,489,13,11,4,28,483,517,12,14,80,36
12,1000,10,5.13,10.3,18,37,28,962,19,9,10,38,7.732057958,102,28,2.556337508,9.147846636,7.235944713,8.250491225,492,10,4,5,19,470,9,5,5,19,511,489,18,10,71,31
10,1000,10,5.13,10.3,18,37,29,953,30,9,8,47,7.48806525,105,24,2.616418132,9.26990713,7.042163912,7.930413589,471,20,4,3,27,482,10,5,5,20,498,502,16,8,78,27
15,1000,10,5.13,10.3,18,37,21,959,19,11,11,41,7.630019405,96,49,2.660189884,9.274074831,7.078335665,8.149566228,465,12,5,3,20,494,7,6,8,21,485,515,28,21,67,29
13,1000,10,5.13,10.3,18,37,27,952,34,7,7,48,7.521063747,92,43,2.54176489,9.038588838,7.216583935,7.836705751,490,14,3,2,19,462,20,4,5,29,509,491,24,19,70,22
14,1000,10,5.13,10.3,18,37,26,963,26,2,9,37,7.229437337,96,34,2.654530925,9.118327702,6.608221842,7.865743086,494,10,0,2,12,469,16,2,7,25,506,494,17,17,71,25
9,1000,10,5.13,10.3,18,37,34,959,22,11,8,41,7.484778755,110,29,2.514120768,9.201980993,7.308685328,7.668794585,486,12,8,5,25,473,10,3,3,16,511,489,22,7,75,35
11,1000,10,5.13,10.3,18,37,29,948,28,18,6,52,7.687005297,124,35,2.521644506,9.485244615,7.377550459,7.976109139,459,15,7,2,24,489,13,11,4,28,483,517,25,10,93,31
16,1000,10,5.13,10.3,18,37,15,949,26,13,12,51,7.754555077,85,26,2.616010103,9.275561321,7.427158715,8.04605543,447,12,8,4,24,502,14,5,8,27,471,529,11,15,58,27
12,1000,10,5.13,10.3,18,37,29,960,21,9,10,40,7.763136914,94,27,2.576103989,9.169617486,7.251036015,8.298277118,491,11,4,5,20,469,10,5,5,20,511,489,16,11,56,38
10,1000,10,5.13,10.3,18,37,30,954,29,9,8,46,7.486404598,86,32,2.625471134,9.278826262,7.064467615,7.904979533,471,20,4,3,27,483,9,5,5,19,498,502,22,10,58,28
15,1000,10,5.13,10.3,18,37,22,960,18,11,11,40,7.647796741,100,30,2.662261754,9.29719876,7.0912183,8.171953137,465,12,5,3,20,495,6,6,8,20,485,515,17,13,75,25
13,1000,10,5.13,10.3,18,37,28,952,34,6,8,48,7.516166586,77,36,2.535436345,9.034296473,7.230754088,7.812042272,489,15,3,2,20,463,19,3,6,28,509,491,19,17,54,23
9,1000,10,5.13,10.3,18,37,35,960,22,10,8,40,7.447414888,93,27,2.496372374,9.201327268,7.31942509,7.581162917,486,12,8,5,25,474,10,2,3,15,511,489,15,12,72,21
14,1000,10,5.13,10.3,18,37,27,963,25,3,9,37,7.30300889,109,19,2.658218142,9.127378091,6.6858335,7.935176394,494,10,0,2,12,469,15,3,7,25,506,494,9,10,76,33
11,1000,10,5.13,10.3,18,37,30,948,27,19,6,52,7.693277836,111,38,2.529828657,9.500638962,7.42789282,7.941210065,459,15,7,2,24,489,12,12,4,28,483,517,21,17,81,30
12,1000,10,5.13,10.3,18,37,30,961,19,10,10,39,7.798435536,107,38,2.563740712,9.178584427,7.311554776,8.307220953,491,10,5,5,20,470,9,5,5,19,511,489,22,16,75,32
10,1000,10,5.13,10.3,18,37,31,955,28,9,8,45,7.52587903,88,34,2.622487947,9.283689662,7.126277242,7.92229674,471,20,4,3,27,484,8,5,5,18,498,502,21,13,61,27
16,1000,10,5.13,10.3,18,37,16,948,27,13,12,52,7.749186154,88,22,2.61628829,9.273940119,7.456719307,8.009586693,445,14,8,4,26,503,13,5,8,26,471,529,10,12,66,22
15,1000,10,5.13,10.3,18,37,23,962,15,12,11,38,7.68096579,87,23,2.657140321,9.304738476,7.10950475,8.219137838,466,11,5,3,19,496,4,7,8,19,485,515,16,7,71,16
9,1000,10,5.13,10.3,18,37,36,962,21,9,8,38,7.467816825,105,39,2.501628755,9.202395986,7.356886345,7.583738042,486,12,8,5,25,476,9,1,3,13,511,489,23,16,73,32
13,1000,10,5.13,10.3,18,37,29,952,34,6,8,48,7.528844003,98,36,2.540917165,9.032267501,7.258153686,7.809457795,489,15,3,2,20,463,19,3,6,28,509,491,21,15,68,30
14,1000,10,5.13,10.3,18,37,28,962,26,3,9,38,7.341481078,89,30,2.676583284,9.144479652,6.710225458,7.988070842,493,11,0,2,13,469,15,3,7,25,506,494,19,11,64,25
11,1000,10,5.13,10.3,18,37,31,946,28,19,7,54,7.738689629,95,37,2.549910648,9.514624717,7.474000037,7.985972168,458,15,8,2,25,488,13,11,5,29,483,517,19,18,79,16
12,1000,10,5.13,10.3,18,37,31,960,20,10,10,40,7.822545294,100,33,2.585135642,9.192983312,7.320370757,8.347312551,491,10,5,5,20,469,10,5,5,20,511,489,17,16,66,34
10,1000,10,5.13,10.3,18,37,32,956,28,9,7,44,7.522842805,94,36,2.623391252,9.299814322,7.152737161,7.8899994,471,20,4,3,27,485,8,5,4,17,498,502,24,12,66,28
16,1000,10,5.13,10.3,18,37,17,950,25,13,12,50,7.778941819,89,32,2.639754354,9.291248827,7.507215552,8.020875792,445,14,8,4,26,505,11,5,8,24,471,529,17,15,68,21
15,1000,10,5.13,10.3,18,37,24,961,18,11,10,39,7.692589412,82,38,2.66286465,9.325218427,7.175367553,8.179681843,464,13,5,3,21,497,5,6,7,18,485,515,26,12,52,30
9,1000,10,5.13,10.3,18,37,37,962,20,9,9,38,7.502497335,86,24,2.484651203,9.206502708,7.416905237,7.591940202,486,11,8,6,25,476,9,1,3,13,511,489,7,17,61,25
13,1000,10,5.13,10.3,18,37,30,951,35,6,8,49,7.557208612,117,26,2.546108322,9.063578388,7.25828538,7.867090333,489,15,3,2,20,462,20,3,6,29,509,491,18,8,85,32
14,1000,10,5.13,10.3,18,37,29,963,25,3,9,37,7.370503529,98,33,2.684769634,9.172506645,6.757322361,7.998579785,494,10,0,2,12,469,15,3,7,25,506,494,21,12,61,37
11,1000,10,5.13,10.3,18,37,32,947,28,18,7,53,7.765271726,105,28,2.551544008,9.518213832,7.501207596,8.011969937,459,15,7,2,24,488,13,11,5,29,483,517,19,9,73,32
12,1000,10,5.13,10.3,18,37,32,961,20,11,8,39,7.789205552,94,37,2.595908431,9.193445781,7.300292622,8.300114564,491,10,5,5,20,470,10,6,3,19,511,489,24,13,58,36
10,1000,10,5.13,10.3,18,37,33,956,28,9,7,44,7.545083575,96,31,2.623096349,9.312285007,7.192868818,7.894491841,471,20,4,3,27,485,8,5,4,17,498,502,18,13,73,23
16,1000,10,5.13,10.3,18,37,18,950,24,14,12,50,7.789899202,111,29,2.669969638,9.299739905,7.541066124,8.011450014,444,14,9,4,27,506,10,5,8,23,471,529,19,10,83,28
15,1000,10,5.13,10.3,18,37,25,962,19,10,9,38,7.701345227,88,34,2.666492982,9.37095422,7.203172907,8.170497799,464,13,5,3,21,498,6,5,6,17,485,515,16,18,59,29
9,1000,10,5.13,10.3,18,37,38,964,18,9,9,36,7.524380168,105,39,2.487286924,9.203362295,7.494740518,7.555353298,487,10,8,6,24,477,8,1,3,12,511,489,23,16,70,35
13,1000,10,5.13,10.3,18,37,31,951,35,6,8,49,7.57082501,87,38,2.562019786,9.074301694,7.26717902,7.885602624,489,15,3,2,20,462,20,3,6,29,509,491,26,12,63,24
14,1000,10,5.13,10.3,18,37,30,964,24,3,9,36,7.361494244,105,27,2.679467105,9.186049101,6.79113345,7.945709956,495,9,0,2,11,469,15,3,7,25,506,494,13,14,78,27
11,1000,10,5.13,10.3,18,37,33,949,26,17,8,51,7.751647187,104,22,2.55381857,9.524020723,7.543013428,7.946560351,459,15,6,3,24,490,11,11,5,27,483,517,13,9,79,25
12,1000,10,5.13,10.3,18,37,33,962,19,11,8,38,7.811730213,95,34,2.609660818,9.207565933,7.317956405,8.327718793,492,9,5,5,19,470,10,6,3,19,511,489,19,15,63,32
10,1000,10,5.13,10.3,18,37,34,957,28,9,6,43,7.565490712,102,39,2.612655671,9.321941949,7.214093678,7.91408777,472,19,4,3,26,485,9,5,3,17,498,502,22,17,73,29
15,1000,10,5.13,10.3,18,37,26,962,19,10,9,38,7.719176599,81,25,2.660922551,9.386999304,7.222814934,8.186623993,464,13,5,3,21,498,6,5,6,17,485,515,18,7,59,22
9,1000,10,5.13,10.3,18,37,39,963,19,9,9,37,7.56309226,92,44,2.508121967,9.20522538,7.527384613,7.600406387,487,10,8,6,24,476,9,1,3,13,511,489,22,22,56,36
16,1000,10,5.13,10.3,18,37,19,951,23,14,12,49,7.816824196,95,23,2.675110104,9.301705195,7.592553904,8.016505307,444,13,10,4,27,507,10,4,8,22,471,529,14,9,70,25
13,1000,10,5.13,10.3,18,37,32,952,35,6,7,48,7.564177618,109,31,2.566156702,9.096192612,7.302063421,7.835900889,489,15,3,2,20,463,20,3,5,28,509,491,18,13,81,28
14,1000,10,5.13,10.3,18,37,31,962,26,3,9,38,7.413325409,73,25,2.670034817,9.215571522,6.842607431,7.997906981,495,9,0,2,11,467,17,3,7,27,506,494,15,10,55,18
11,1000,10,5.13,10.3,18,37,34,949,26,17,8,51,7.785477812,84,32,2.578346098,9.540391945,7.575543055,7.981606415,459,15,6,3,24,490,11,11,5,27,483,517,23,9,61,23
12,1000,10,5.13,10.3,18,37,34,960,21,11,8,40,7.829416405,102,30,2.6217148,9.212445633,7.320644422,8.361077925,492,9,5,5,19,468,12,6,3,21,511,489,17,13,74,28
10,1000,10,5.13,10.3,18,37,35,959,26,9,6,41,7.549379829,107,31,2.616749504,9.367498219,7.173964081,7.921804216,474,17,4,3,24,485,9,5,3,17,498,502,19,12,77,30
15,1000,10,5.13,10.3,18,37,27,961,19,11,9,39,7.734952349,100,28,2.676954384,9.397408292,7.265295425,8.177250618,463,13,6,3,22,498,6,5,6,17,485,515,16,12,68,32
9,1000,10,5.13,10.3,18,37,40,961,21,9,9,39,7.594070191,85,35,2.50939354,9.21104671,7.553184962,7.636794838,487,10,8,6,24,474,11,1,3,15,511,489,18,17,63,22
16,1000,10,5.13,10.3,18,37,20,953,21,14,12,47,7.823168505,89,42,2.694362981,9.336791647,7.622769218,8.001595848,444,13,10,4,27,509,8,4,8,20,471,529,26,16,65,24
13,1000,10,5.13,10.3,18,37,33,953,34,6,7,47,7.582392644,103,44,2.574031408,9.134945704,7.349167154,7.824168153,489,15,3,2,20,464,19,3,5,27,509,491,28,16,65,38
11,1000,10,5.13,10.3,18,37,35,950,25,17,8,50,7.811367957,102,35,2.567010125,9.540687558,7.588252095,8.019810822,460,14,6,3,23,490,11,11,5,27,483,517,19,16,61,41
14,1000,10,5.13,10.3,18,37,32,962,26,3,9,38,7.426500827,93,29,2.672427899,9.252781421,6.843983647,8.023168222,495,9,0,2,11,467,17,3,7,27,506,494,15,14,63,30
12,1000,10,5.13,10.3,18,37,35,960,21,11,8,40,7.826518744,94,31,2.635175303,9.227799271,7.325642383,8.349929419,492,9,5,5,19,468,12,6,3,21,511,489,17,14,62,32
10,1000,10,5.13,10.3,18,37,36,959,26,8,7,41,7.547160425,100,24,2.630706591,9.417492508,7.223535895,7.868206273,474,17,3,4,24,485,9,5,3,17,498,502,15,9,80,20
15,1000,10,5.13,10.3,18,37,28,961,19,11,9,39,7.756746872,91,23,2.688054034,9.387993105,7.286334126,8.199756933,463,13,6,3,22,498,6,5,6,17,485,515,15,8,68,23
9,1000,10,5.13,10.3,18,37,41,962,21,8,9,38,7.589617784,101,23,2.530381655,9.215519583,7.5318654,7.649968435,488,10,7,6,23,474,11,1,3,15,511,489,9,14,75,26
13,1000,10,5.13,10.3,18,37,34,954,32,7,7,46,7.582313107,91,39,2.578425809,9.151103438,7.354581836,7.818392978,489,15,3,2,20,465,17,4,5,26,509,491,22,17,66,25
11,1000,10,5.13,10.3,18,37,36,949,26,17,8,51,7.814625943,105,37,2.582460062,9.535122492,7.660933508,7.958210945,460,14,6,3,23,489,12,11,5,28,483,517,13,24,74,31
14,1000,10,5.13,10.3,18,37,33,962,26,3,9,38,7.467482614,88,27,2.675920446,9.262946248,6.857703578,8.092074095,495,9,0,2,11,467,17,3,7,27,506,494,16,11,62,26
12,1000,10,5.13,10.3,18,37,36,960,21,11,8,40,7.818999353,90,32,2.639295631,9.232518273,7.339601993,8.319964693,492,9,5,5,19,468,12,6,3,21,511,489,17,15,59,31
10,1000,10,5.13,10.3,18,37,37,959,26,8,7,41,7.547226182,97,30,2.631995981,9.425200788,7.210904862,7.880867652,473,17,4,4,25,486,9,4,3,16,498,502,17,13,62,35
16,1000,10,5.13,10.3,18,37,21,954,20,14,12,46,7.824161275,100,32,2.69617707,9.350678629,7.645887883,7.982888623,444,13,10,4,27,510,7,4,8,19,471,529,12,20,75,25
15,1000,10,5.13,10.3,18,37,29,961,19,11,9,39,7.766658447,98,38,2.698624247,9.412541246,7.286767461,8.218594619,463,13,6,3,22,498,6,5,6,17,485,515,29,9,70,28
9,1000,10,5.13,10.3,18,37,42,962,21,8,9,38,7.595411876,103,38,2.522600919,9.232935365,7.54392424,7.649215929,488,10,7,6,23,474,11,1,3,15,511,489,18,20,78,25
11,1000,10,5.13,10.3,18,37,37,951,24,17,8,49,7.823527883,110,30,2.583535391,9.556133926,7.686054983,7.951960012,460,13,7,3,23,491,11,10,5,26,483,517,16,14,85,25
13,1000,10,5.13,10.3,18,37,35,955,29,8,8,45,7.60212006,84,31,2.579698766,9.172257201,7.359131327,7.854016729,490,13,3,3,19,465,16,5,5,26,509,491,20,11,55,29
12,1000,10,5.13,10.3,18,37,37,959,22,11,8,41,7.870372338,95,41,2.619396523,9.247888378,7.409191813,8.352301271,491,10,5,5,20,468,12,6,3,21,511,489,25,16,63,32
10,1000,10,5.13,10.3,18,37,38,959,26,8,7,41,7.553842487,98,37,2.64240459,9.441350895,7.223647121,7.881406813,473,17,4,4,25,486,9,4,3,16,498,502,27,10,74,24
14,1000,10,5.13,10.3,18,37,34,960,28,3,9,40,7.483942529,113,34,2.682745415,9.269518914,6.882301004,8.100198828,493,11,0,2,13,467,17,3,7,27,506,494,26,8,84,29
16,1000,10,5.13,10.3,18,37,22,955,19,14,12,45,7.828689332,89,36,2.699478562,9.367674969,7.67984707,7.961212405,445,12,10,4,26,510,7,4,8,19,471,529,21,15,54,35
15,1000,10,5.13,10.3,18,37,30,961,19,11,9,39,7.764156167,108,31,2.703878816,9.424758671,7.284373911,8.215989941,463,13,6,3,22,498,6,5,6,17,485,515,18,13,77,31
9,1000,10,5.13,10.3,18,37,43,962,21,8,9,38,7.597534172,100,36,2.516893385,9.232854307,7.52877991,7.669381673,488,10,7,6,23,474,11,1,3,15,511,489,24,12,71,29
12,1000,10,5.13,10.3,18,37,38,957,24,11,8,43,7.892715201,84,23,2.609549164,9.266136989,7.430850637,8.375358947,491,10,5,5,20,466,14,6,3,23,511,489,12,11,52,32
11,1000,10,5.13,10.3,18,37,38,951,24,17,8,49,7.859074738,113,35,2.605779399,9.555837142,7.757048385,7.954391429,460,13,7,3,23,491,11,10,5,26,483,517,23,12,77,36
10,1000,10,5.13,10.3,18,37,39,959,26,8,7,41,7.596213836,94,34,2.6457899,9.468577751,7.256337746,7.93338175,473,17,4,4,25,486,9,4,3,16,498,502,15,19,67,27
13,1000,10,5.13,10.3,18,37,36,957,28,8,7,43,7.606779978,98,34,2.577463142,9.188143804,7.366346356,7.856027867,490,14,3,2,19,467,14,5,5,24,509,491,21,13,68,30
14,1000,10,5.13,10.3,18,37,35,959,30,3,8,41,7.491051234,91,33,2.70557214,9.282225932,6.887198163,8.109572801,491,14,0,1,15,468,16,3,7,26,506,494,19,14,59,32
16,1000,10,5.13,10.3,18,37,23,956,17,14,13,44,7.848901917,114,38,2.712073231,9.378134527,7.684654893,7.995140762,445,11,11,4,26,511,6,3,9,18,471,529,19,19,75,39
15,1000,10,5.13,10.3,18,37,31,962,18,12,8,38,7.823763273,87,25,2.698460726,9.430918492,7.353781191,8.266367759,463,12,7,3,22,499,6,5,5,16,485,515,15,10,65,22
9,1000,10,5.13,10.3,18,37,44,962,21,9,8,38,7.63446491,85,29,2.511944712,9.237169064,7.549053753,7.723718696,488,10,8,5,23,474,11,1,3,15,511,489,10,19,59,26
12,1000,10,5.13,10.3,18,37,39,956,25,11,8,44,7.947657357,100,34,2.618071029,9.276998235,7.50525156,8.409966891,491,10,5,5,20,465,15,6,3,24,511,489,17,17,66,34
11,1000,10,5.13,10.3,18,37,39,949,26,17,8,51,7.874299794,104,36,2.61034251,9.558396865,7.804398657,7.93960395,458,15,7,3,25,491,11,10,5,26,483,517,22,14,82,22
10,1000,10,5.13,10.3,18,37,40,957,27,9,7,43,7.615598168,92,33,2.647735824,9.470352203,7.297107375,7.931551187,472,18,4,4,26,485,9,5,3,17,498,502,20,13,64,28
13,1000,10,5.13,10.3,18,37,37,957,27,9,7,43,7.608275023,90,36,2.58635929,9.197974058,7.407240524,7.816679422,490,13,4,2,19,467,14,5,5,24,509,491,20,16,65,25
14,1000,10,5.13,10.3,18,37,36,958,31,3,8,42,7.513041627,99,31,2.700401181,9.2876225,6.916231163,8.12434951,490,15,0,1,16,468,16,3,7,26,506,494,21,10,77,22
16,1000,10,5.13,10.3,18,37,24,954,19,14,13,46,7.870888327,91,30,2.693394657,9.405219324,7.714087123,8.010497716,444,12,11,4,27,510,7,3,9,19,471,529,22,8,62,29
15,1000,10,5.13,10.3,18,37,32,963,18,12,7,37,7.836472099,89,39,2.723554017,9.434473498,7.383109726,8.263425013,463,12,7,3,22,500,6,5,4,15,485,515,24,15,64,25
9,1000,10,5.13,10.3,18,37,45,963,21,8,8,37,7.646996151,103,25,2.507823222,9.259489224,7.544662303,7.753933975,489,10,7,5,22,474,11,1,3,15,511,489,15,10,71,32
12,1000,10,5.13,10.3,18,37,40,956,25,11,8,44,7.952765118,101,31,2.618250274,9.275954701,7.517509205,8.407603096,490,11,5,5,21,466,14,6,3,23,511,489,20,11,66,35
11,1000,10,5.13,10.3,18,37,40,949,27,16,8,51,7.898707157,92,32,2.624715692,9.562349723,7.848971344,7.945172143,458,15,7,3,25,491,12,9,5,26,483,517,19,13,69,23
10,1000,10,5.13,10.3,18,37,41,958,27,8,7,42,7.628846731,89,31,2.653392995,9.47071396,7.305944983,7.949175557,473,18,3,4,25,485,9,5,3,17,498,502,16,15,58,31
13,1000,10,5.13,10.3,18,37,38,957,27,9,7,43,7.652238006,92,26,2.581665713,9.188586394,7.482841648,7.827844413,490,13,4,2,19,467,14,5,5,24,509,491,14,12,63,29
14,1000,10,5.13,10.3,18,37,37,958,31,3,8,42,7.512660579,118,28,2.71884893,9.294036948,6.916588034,8.123212619,490,15,0,1,16,468,16,3,7,26,506,494,15,13,90,28
9,1000,10,5.13,10.3,18,37,46,964,19,9,8,36,7.661968706,93,33,2.489795103,9.259011042,7.587412112,7.739879585,489,10,7,5,22,475,9,2,3,14,511,489,21,12,61,32
15,1000,10,5.13,10.3,18,37,33,963,18,12,7,37,7.829828885,89,34,2.741433872,9.441342808,7.398279345,8.236239617,464,11,7,3,21,499,7,5,4,16,485,515,18,16,61,28
16,1000,10,5.13,10.3,18,37,25,954,20,13,13,46,7.889120623,109,34,2.698577043,9.431759012,7.705598498,8.052521229,445,12,10,4,26,509,8,3,9,20,471,529,17,17,76,33
12,1000,10,5.13,10.3,18,37,41,954,27,11,8,46,7.955609339,94,37,2.629683317,9.279243358,7.536942147,8.393112273,490,11,5,5,21,464,16,6,3,25,511,489,23,14,65,29
11,1000,10,5.13,10.3,18,37,41,948,28,16,8,52,7.940588404,96,18,2.623685852,9.567204874,7.872175751,8.004501966,458,15,7,3,25,490,13,9,5,27,483,517,13,5,73,23
10,1000,10,5.13,10.3,18,37,42,958,27,8,7,42,7.659401604,103,33,2.665258918,9.477581157,7.340370621,7.975890508,473,18,3,4,25,485,9,5,3,17,498,502,18,15,75,28
13,1000,10,5.13,10.3,18,37,39,955,28,10,7,45,7.635103967,107,20,2.573746619,9.20416729,7.513474552,7.7611923,489,13,5,2,20,466,15,5,5,25,509,491,14,6,80,27
14,1000,10,5.13,10.3,18,37,38,957,33,3,7,43,7.503850061,110,34,2.711844574,9.32274897,6.955679898,8.065336098,490,15,0,1,16,467,18,3,6,27,506,494,19,15,76,34
9,1000,10,5.13,10.3,18,37,47,964,19,9,8,36,7.676729613,92,26,2.480975028,9.271892362,7.604606237,7.752097804,490,9,7,5,21,474,10,2,3,15,511,489,20,6,63,29
15,1000,10,5.13,10.3,18,37,34,963,18,12,7,37,7.856082848,97,38,2.748680594,9.462681589,7.471710333,8.218064731,464,11,7,3,21,499,7,5,4,16,485,515,28,10,71,26
12,1000,10,5.13,10.3,18,37,42,954,27,11,8,46,7.959005986,81,33,2.634663903,9.272179091,7.543884479,8.392803717,490,11,5,5,21,464,16,6,3,25,511,489,17,16,60,21
16,1000,10,5.13,10.3,18,37,26,954,20,13,13,46,7.912130992,106,27,2.704134091,9.432238162,7.71052818,8.091629903,445,12,10,4,26,509,8,3,9,20,471,529,19,8,66,40
11,1000,10,5.13,10.3,18,37,42,950,27,16,7,50,7.923141413,104,28,2.621005002,9.59548739,7.848033878,7.993309574,458,15,7,3,25,492,12,9,4,25,483,517,19,9,78,26
10,1000,10,5.13,10.3,18,37,43,956,29,7,8,44,7.658505301,92,35,2.675998457,9.485506527,7.345177203,7.96933676,473,18,2,5,25,483,11,5,3,19,498,502,25,10,67,25
13,1000,10,5.13,10.3,18,37,40,956,27,10,7,44,7.687620222,116,34,2.579237917,9.22149126,7.584029132,7.795008949,489,13,5,2,20,467,14,5,5,24,509,491,19,15,77,39
14,1000,10,5.13,10.3,18,37,39,958,33,2,7,42,7.529526324,119,36,2.700834603,9.356510128,6.994058884,8.07800107,490,15,0,1,16,468,18,2,6,26,506,494,24,12,91,28
9,1000,10,5.13,10.3,18,37,48,965,18,9,8,35,7.692549354,99,38,2.498122774,9.279019771,7.66255801,7.723890001,490,9,7,5,21,475,9,2,3,14,511,489,19,19,70,29
15,1000,10,5.13,10.3,18,37,35,963,18,13,6,37,7.900384471,104,31,2.763731319,9.480085108,7.517969577,8.26052277,464,11,7,3,21,499,7,6,3,16,485,515,20,11,76,28
12,1000,10,5.13,10.3,18,37,43,955,26,11,8,45,7.953627397,105,32,2.637474809,9.276561867,7.566658709,8.358005719,491,10,5,5,20,464,16,6,3,25,511,489,20,12,80,25
11,1000,10,5.13,10.3,18,37,43,948,29,15,8,52,7.959133614,92,38,2.609397917,9.608459836,7.863759587,8.048235462,458,15,7,3,25,490,14,8,5,27,483,517,18,20,74,18
10,1000,10,5.13,10.3,18,37,44,955,30,7,8,45,7.726100754,108,27,2.674664838,9.507302056,7.403939599,8.045694889,473,18,2,5,25,482,12,5,3,20,498,502,17,10,75,33
16,1000,10,5.13,10.3,18,37,27,955,20,13,12,45,7.902898409,95,37,2.691312896,9.435825484,7.734132038,8.053161094,446,11,10,4,25,509,9,3,8,20,471,529,23,14,68,27
13,1000,10,5.13,10.3,18,37,41,955,28,10,7,45,7.691286266,100,30,2.587388087,9.242975893,7.575305905,7.811518454,489,13,5,2,20,466,15,5,5,25,509,491,20,10,74,26
14,1000,10,5.13,10.3,18,37,40,960,31,3,6,40,7.534167591,111,30,2.723366498,9.367012342,7.013456924,8.0675271,490,14,1,1,16,470,17,2,5,24,506,494,19,11,82,29
9,1000,10,5.13,10.3,18,37,49,967,16,9,8,33,7.670953812,108,32,2.507008773,9.281903581,7.652850436,7.689871655,490,9,7,5,21,477,7,2,3,12,511,489,18,14,76,32
15,1000,10,5.13,10.3,18,37,36,966,17,11,6,34,7.869240173,104,36,2.754326021,9.490555126,7.515967463,8.20193389,465,10,7,3,20,501,7,4,3,14,485,515,19,17,72,32
12,1000,10,5.13,10.3,18,37,44,955,26,11,8,45,7.955093363,94,30,2.618899968,9.283879062,7.566658709,8.361003605,491,10,5,5,20,464,16,6,3,25,511,489,16,14,75,19
10,1000,10,5.13,10.3,18,37,45,958,27,7,8,42,7.709860149,101,30,2.684847717,9.516137765,7.449513156,7.968132665,473,18,2,5,25,485,9,5,3,17,498,502,23,7,73,28
11,1000,10,5.13,10.3,18,37,44,948,30,15,7,52,7.964388148,102,25,2.600348151,9.628997546,7.881518989,8.041807497,458,15,7,3,25,490,15,8,4,27,483,517,18,7,72,30
13,1000,10,5.13,10.3,18,37,42,956,28,10,6,44,7.701311254,86,37,2.600925025,9.242042496,7.574337108,7.832940256,488,14,5,2,21,468,14,5,4,23,509,491,22,15,59,27
16,1000,10,5.13,10.3,18,37,28,955,20,13,12,45,7.889935334,93,33,2.667377215,9.464040836,7.713730976,8.0468205,446,11,10,4,25,509,9,3,8,20,471,529,19,14,65,28
14,1000,10,5.13,10.3,18,37,41,960,31,3,6,40,7.529901963,109,29,2.716080203,9.384729321,7.040517944,8.031173853,490,14,1,1,16,470,17,2,5,24,506,494,18,11,82,27
9,1000,10,5.13,10.3,18,37,50,967,16,9,8,33,7.709126809,88,29,2.499257451,9.291856745,7.671883498,7.748045689,490,9,7,5,21,477,7,2,3,12,511,489,17,12,59,29
15,1000,10,5.13,10.3,18,37,37,966,16,12,6,34,7.882322302,93,47,2.765665072,9.512072242,7.501938854,8.24054749,466,8,8,3,19,500,8,4,3,15,485,515,29,18,73,20
12,1000,10,5.13,10.3,18,37,45,953,28,11,8,47,8.000799942,100,29,2.621327061,9.299971262,7.639849775,8.377989175,490,11,5,5,21,463,17,6,3,26,511,489,20,9,70,30
10,1000,10,5.13,10.3,18,37,46,958,27,7,8,42,7.740772628,84,24,2.689348067,9.521647001,7.482064151,7.997419684,473,18,2,5,25,485,9,5,3,17,498,502,15,9,67,17
11,1000,10,5.13,10.3,18,37,45,948,27,18,7,52,7.988016448,97,35,2.622093269,9.645626731,7.937425872,8.035279984,457,13,10,3,26,491,14,8,4,26,483,517,22,13,71,26
13,1000,10,5.13,10.3,18,37,43,956,28,10,6,44,7.728888023,101,35,2.600636696,9.247318122,7.644106337,7.816777796,487,15,5,2,22,469,13,5,4,22,509,491,19,16,74,27
14,1000,10,5.13,10.3,18,37,42,960,32,3,5,40,7.5249365,91,41,2.718554476,9.400160103,7.087374868,7.973127161,489,15,1,1,17,471,17,2,4,23,506,494,21,20,64,27
16,1000,10,5.13,10.3,18,37,29,957,18,13,12,43,7.894549812,96,40,2.662664401,9.4650386,7.698900888,8.068747624,447,10,9,5,24,510,8,4,7,19,471,529,26,14,61,35
9,1000,10,5.13,10.3,18,37,51,965,18,8,9,35,7.745894218,82,27,2.51610266,9.294851043,7.724543115,7.768205902,488,11,7,5,23,477,7,1,4,12,511,489,16,11,59,23
15,1000,10,5.13,10.3,18,37,38,967,16,10,7,33,7.907100685,103,28,2.760853052,9.536223633,7.573179154,8.221570477,465,9,8,3,20,502,7,2,4,13,485,515,18,10,76,27
12,1000,10,5.13,10.3,18,37,46,952,29,12,7,48,7.994337097,96,30,2.628807684,9.302563938,7.677383187,8.325550693,489,12,5,5,22,463,17,7,2,26,511,489,16,14,68,28
10,1000,10,5.13,10.3,18,37,47,958,27,7,8,42,7.764614338,94,31,2.708352101,9.541471067,7.505707178,8.021458493,474,17,2,5,24,484,10,5,3,18,498,502,21,10,68,26
11,1000,10,5.13,10.3,18,37,46,947,28,18,7,53,7.988886602,96,34,2.64711375,9.67674113,7.951112103,8.024176897,456,14,10,3,27,491,14,8,4,26,483,517,19,15,70,26
13,1000,10,5.13,10.3,18,37,44,956,28,10,6,44,7.743342599,90,28,2.601149101,9.25348916,7.687929875,7.800786747,486,16,5,2,23,470,12,5,4,21,509,491,19,9,76,14
14,1000,10,5.13,10.3,18,37,43,960,31,4,5,40,7.569073571,103,28,2.729478185,9.408304513,7.134576697,8.014125024,489,14,2,1,17,471,17,2,4,23,506,494,18,10,70,33
9,1000,10,5.13,10.3,18,37,52,962,21,8,9,38,7.800297248,107,30,2.504195793,9.331109138,7.787983772,7.813164704,486,13,7,5,25,476,8,1,4,13,511,489,22,8,74,33
15,1000,10,5.13,10.3,18,37,39,967,16,10,7,33,7.939469008,106,35,2.769277161,9.538597972,7.625394932,8.235247506,465,9,8,3,20,502,7,2,4,13,485,515,26,9,71,35
16,1000,10,5.13,10.3,18,37,30,957,19,12,12,43,7.924001203,107,20,2.655991467,9.494916044,7.736472368,8.090969221,447,10,8,6,24,510,9,4,6,19,471,529,15,5,75,32
12,1000,10,5.13,10.3,18,37,47,952,29,12,7,48,8.019543939,105,31,2.638953601,9.317644429,7.695247832,8.358430055,489,12,5,5,22,463,17,7,2,26,511,489,15,16,77,28
10,1000,10,5.13,10.3,18,37,48,958,27,7,8,42,7.797182534,108,30,2.702541286,9.561039898,7.572001021,8.020569771,474,17,2,5,24,484,10,5,3,18,498,502,16,14,84,24
11,1000,10,5.13,10.3,18,37,47,950,26,18,6,50,7.983316685,117,40,2.662428568,9.686471577,7.922659483,8.039984826,457,13,10,3,26,493,13,8,3,24,483,517,20,20,82,35
13,1000,10,5.13,10.3,18,37,45,956,28,10,6,44,7.758035734,96,34,2.61038809,9.25267533,7.7340415,7.782909593,486,16,5,2,23,470,12,5,4,21,509,491,21,13,71,25
14,1000,10,5.13,10.3,18,37,44,959,31,5,5,41,7.647909549,105,36,2.735948347,9.429560428,7.237052774,8.068746651,489,14,2,1,17,470,17,3,4,24,506,494,25,11,69,36
9,1000,10,5.13,10.3,18,37,53,962,21,8,9,38,7.810626475,113,36,2.508677353,9.343859181,7.808225448,7.813135524,486,13,7,5,25,476,8,1,4,13,511,489,23,13,79,34
15,1000,10,5.13,10.3,18,37,40,966,17,10,7,34,7.98784522,97,29,2.782674361,9.550422004,7.682294283,8.275597074,465,9,8,3,20,501,8,2,4,14,485,515,19,10,79,18
16,1000,10,5.13,10.3,18,37,31,957,19,12,12,43,7.917857165,102,35,2.645579004,9.50322842,7.723472199,8.090929603,447,10,8,6,24,510,9,4,6,19,471,529,16,19,72,30
12,1000,10,5.13,10.3,18,37,48,952,30,11,7,48,8.03212302,109,21,2.633558364,9.313698671,7.706465321,8.372431985,490,12,4,5,21,462,18,7,2,27,511,489,16,5,77,32
10,1000,10,5.13,10.3,18,37,49,957,27,8,8,43,7.817751117,96,25,2.71757157,9.570567706,7.589111925,8.044568484,474,17,2,5,24,483,10,6,3,19,498,502,14,11,75,21
11,1000,10,5.13,10.3,18,37,48,951,26,18,5,49,7.988935281,111,30,2.666827864,9.69492964,7.988892679,7.988975081,457,13,10,3,26,494,13,8,2,23,483,517,18,12,85,26
13,1000,10,5.13,10.3,18,37,46,954,30,10,6,46,7.791172098,97,43,2.617819926,9.273358981,7.782114343,7.800561909,484,18,5,2,25,470,12,5,4,21,509,491,27,16,73,24
14,1000,10,5.13,10.3,18,37,45,960,31,5,4,40,7.706493666,91,42,2.743413277,9.435955041,7.313508158,8.109025381,490,14,2,0,16,470,17,3,4,24,506,494,23,19,64,27
9,1000,10,5.13,10.3,18,37,54,962,21,8,9,38,7.822158773,90,32,2.508656245,9.355440481,7.831583129,7.812310416,486,13,7,5,25,476,8,1,4,13,511,489,19,13,64,26
15,1000,10,5.13,10.3,18,37,41,966,17,10,7,34,7.991582783,92,41,2.794476465,9.564198177,7.719548221,8.247770672,465,9,8,3,20,501,8,2,4,14,485,515,28,13,66,26
12,1000,10,5.13,10.3,18,37,49,953,29,11,7,47,8.057407067,104,29,2.634823507,9.314416034,7.736417928,8.392837436,490,12,4,5,21,463,17,7,2,26,511,489,13,16,77,27
10,1000,10,5.13,10.3,18,37,50,958,26,8,8,42,7.817797373,85,37,2.715558582,9.583549659,7.592584479,8.041215742,475,16,2,5,23,483,10,6,3,19,498,502,25,12,59,26
11,1000,10,5.13,10.3,18,37,49,951,27,17,5,49,7.995342774,107,31,2.671275789,9.714254877,8.019194404,7.973059722,457,13,10,3,26,494,14,7,2,23,483,517,20,11,76,31
16,1000,10,5.13,10.3,18,37,32,957,19,13,11,43,7.9362086,91,33,2.651071325,9.50677526,7.714509032,8.133600843,447,10,9,5,24,510,9,4,6,19,471,529,22,11,67,24
13,1000,10,5.13,10.3,18,37,47,954,29,11,6,46,7.823742513,111,35,2.611004736,9.297189873,7.815628236,7.832154258,484,17,6,2,25,470,12,5,4,21,509,491,16,19,74,37
14,1000,10,5.13,10.3,18,37,46,959,32,5,4,41,7.725943332,98,30,2.746657061,9.468828592,7.336788568,8.124551248,490,14,2,0,16,469,18,3,4,25,506,494,17,13,65,33
9,1000,10,5.13,10.3,18,37,55,963,19,9,9,37,7.811193956,110,27,2.521102052,9.357575132,7.856036226,7.764334241,487,11,8,5,24,476,8,1,4,13,511,489,17,10,79,31
15,1000,10,5.13,10.3,18,37,42,966,16,12,6,34,7.96503454,100,32,2.780975505,9.561157961,7.723875255,8.192145711,465,8,9,3,20,501,8,3,3,14,485,515,18,14,70,30
10,1000,10,5.13,10.3,18,37,51,958,26,8,8,42,7.852197383,98,35,2.741632083,9.590365757,7.62199934,8.080561179,475,16,2,5,23,483,10,6,3,19,498,502,26,9,75,23
12,1000,10,5.13,10.3,18,37,50,952,30,11,7,48,8.102189703,107,30,2.643470167,9.320521318,7.814155775,8.403182212,490,12,4,5,21,462,18,7,2,27,511,489,16,14,76,31
11,1000,10,5.13,10.3,18,37,50,951,27,17,5,49,8.019555582,113,28,2.652288099,9.721114461,8.038103671,8.00222729,457,13,10,3,26,494,14,7,2,23,483,517,16,12,86,27
16,1000,10,5.13,10.3,18,37,33,957,19,13,11,43,7.948514454,95,43,2.652132104,9.529075863,7.750439877,8.12487197,447,10,9,5,24,510,9,4,6,19,471,529,29,14,69,26
13,1000,10,5.13,10.3,18,37,48,953,30,11,6,47,7.866904367,95,37,2.614782293,9.304365354,7.883960909,7.849222535,483,18,6,2,26,470,12,5,4,21,509,491,20,17,69,26
9,1000,10,5.13,10.3,18,37,56,963,19,9,9,37,7.849868638,93,34,2.53841835,9.375832622,7.916624757,7.780109176,487,11,8,5,24,476,8,1,4,13,511,489,18,16,64,29
14,1000,10,5.13,10.3,18,37,47,958,33,5,4,42,7.742101969,120,43,2.736340309,9.49209896,7.392852842,8.099834881,489,15,2,0,17,469,18,3,4,25,506,494,27,16,89,31
15,1000,10,5.13,10.3,18,37,43,965,17,12,6,35,8.023854284,84,31,2.791019997,9.576578603,7.791357075,8.242807967,464,9,9,3,21,501,8,3,3,14,485,515,17,14,62,22
10,1000,10,5.13,10.3,18,37,52,959,25,8,8,41,7.865439652,101,27,2.745088004,9.616484055,7.625604063,8.1033642,475,16,2,5,23,484,9,6,3,18,498,502,18,9,72,29
12,1000,10,5.13,10.3,18,37,51,952,30,11,7,48,8.119398744,102,25,2.641698947,9.332641612,7.856503546,8.394121537,490,12,4,5,21,462,18,7,2,27,511,489,16,9,78,24
11,1000,10,5.13,10.3,18,37,51,950,28,17,5,50,8.034548414,99,36,2.659897815,9.724465588,8.035909253,8.033277069,457,13,10,3,26,493,15,7,2,24,483,517,22,14,77,22
16,1000,10,5.13,10.3,18,37,34,955,21,13,11,45,7.986643675,94,29,2.678343258,9.548438108,7.763620393,8.1852145,447,10,9,5,24,508,11,4,6,21,471,529,18,11,62,32
9,1000,10,5.13,10.3,18,37,57,964,17,10,9,36,7.853188626,103,34,2.556043017,9.415644328,7.919261845,7.784142787,488,10,8,5,23,476,7,2,4,13,511,489,18,16,74,29
13,1000,10,5.13,10.3,18,37,49,953,31,10,6,47,7.88600141,100,31,2.611180394,9.315806289,7.932015457,7.838300494,483,18,5,3,26,470,13,5,3,21,509,491,21,10,71,29
14,1000,10,5.13,10.3,18,37,48,959,32,5,4,41,7.756316211,110,35,2.743680787,9.479657106,7.458622012,8.061241847,489,15,2,0,17,470,17,3,4,24,506,494,27,8,79,31
15,1000,10,5.13,10.3,18,37,44,967,17,11,5,33,7.998014335,97,28,2.793658548,9.588237134,7.779331113,8.203958728,465,9,8,3,20,502,8,3,2,13,485,515,19,9,70,27
10,1000,10,5.13,10.3,18,37,53,959,25,8,8,41,7.897897628,111,40,2.767866979,9.617656309,7.667822092,8.126139894,475,16,2,5,23,484,9,6,3,18,498,502,22,18,83,28
12,1000,10,5.13,10.3,18,37,52,952,31,11,6,48,8.134376204,101,36,2.643466709,9.372600539,7.861889468,8.419122058,491,12,4,4,20,461,19,7,2,28,511,489,25,11,71,30
11,1000,10,5.13,10.3,18,37,52,949,29,17,5,51,8.076835265,81,35,2.672075061,9.759703626,8.074857668,8.078682806,457,13,10,3,26,492,16,7,2,25,483,517,16,19,55,26
9,1000,10,5.13,10.3,18,37,58,962,19,11,8,38,7.879899642,73,28,2.549465203,9.437591022,7.9342286,7.823126436,487,11,9,4,24,475,8,2,4,14,511,489,15,13,51,22
16,1000,10,5.13,10.3,18,37,35,953,23,13,11,47,8.016781297,113,39,2.661905241,9.569765813,7.77775777,8.229598086,446,11,9,5,25,507,12,4,6,22,471,529,24,15,82,31
13,1000,10,5.13,10.3,18,37,50,953,32,9,6,47,7.921551568,103,28,2.624093782,9.324510012,7.966885513,7.874555685,483,19,4,3,26,470,13,5,3,21,509,491,17,11,79,24
15,1000,10,5.13,10.3,18,37,45,967,16,12,5,33,7.975251292,94,36,2.785696114,9.575289218,7.790586097,8.149159291,465,9,8,3,20,502,7,4,2,13,485,515,23,13,68,26
14,1000,10,5.13,10.3,18,37,49,960,32,4,4,40,7.775448442,99,34,2.74876528,9.496651161,7.462192558,8.096313781,490,15,1,0,16,470,17,3,4,24,506,494,26,8,75,24
10,1000,10,5.13,10.3,18,37,54,957,27,8,8,43,7.944966059,107,31,2.755727422,9.619763559,7.712824745,8.175257641,474,17,2,5,24,483,10,6,3,19,498,502,13,18,80,27
12,1000,10,5.13,10.3,18,37,53,951,32,11,6,49,8.180990228,115,37,2.643326173,9.376285456,7.953276189,8.41894907,491,12,4,4,20,460,20,7,2,29,511,489,23,14,78,37
11,1000,10,5.13,10.3,18,37,53,949,29,17,5,51,8.054839232,112,27,2.667342968,9.759502934,8.083478539,8.028083362,457,13,10,3,26,492,16,7,2,25,483,517,17,10,85,27
9,1000,10,5.13,10.3,18,37,59,964,19,9,8,36,7.891981114,125,35,2.552590227,9.448357336,7.955739638,7.825354108,488,11,8,4,23,476,8,1,4,13,511,489,22,13,87,38
13,1000,10,5.13,10.3,18,37,51,954,33,9,4,46,7.925914376,81,34,2.628837494,9.336174486,8.047376946,7.799999004,483,19,4,3,26,471,14,5,1,20,509,491,20,14,61,20
15,1000,10,5.13,10.3,18,37,46,967,16,12,5,33,8.005251626,98,38,2.789969753,9.605268555,7.836057482,8.164589801,465,9,8,3,20,502,7,4,2,13,485,515,19,19,74,24
14,1000,10,5.13,10.3,18,37,50,960,32,4,4,40,7.775526254,108,30,2.751223036,9.493388031,7.474549763,8.083813914,489,16,1,0,17,471,16,3,4,23,506,494,18,12,81,27
16,1000,10,5.13,10.3,18,37,36,951,26,12,11,49,8.020518112,119,37,2.663373839,9.584232113,7.775831796,8.238376818,446,12,8,5,25,505,14,4,6,24,471,529,22,15,83,36
10,1000,10,5.13,10.3,18,37,55,957,27,8,8,43,7.99962419,94,36,2.758058979,9.640978245,7.801199379,8.196467928,473,18,2,5,25,484,9,6,3,18,498,502,24,12,71,23
12,1000,10,5.13,10.3,18,37,54,952,32,10,6,48,8.169935261,98,29,2.650447314,9.383088,7.953748965,8.395847731,491,12,4,4,20,461,20,6,2,28,511,489,19,10,69,29
11,1000,10,5.13,10.3,18,37,54,948,30,17,5,52,8.06304375,114,29,2.678245381,9.772627959,8.082743094,8.044639914,456,14,10,3,27,492,16,7,2,25,483,517,17,12,86,28
9,1000,10,5.13,10.3,18,37,60,965,19,8,8,35,7.871027883,111,19,2.566633777,9.468674156,7.950358181,7.788128533,489,11,7,4,22,476,8,1,4,13,511,489,13,6,77,34
15,1000,10,5.13,10.3,18,37,47,967,16,12,5,33,8.021924225,91,28,2.789979047,9.613625231,7.841690277,8.191659108,465,9,8,3,20,502,7,4,2,13,485,515,18,10,69,22
13,1000,10,5.13,10.3,18,37,52,955,32,9,4,45,7.967846508,97,37,2.629732348,9.345031321,8.075735602,7.856002212,483,19,4,3,26,472,13,5,1,19,509,491,24,13,76,21
14,1000,10,5.13,10.3,18,37,51,960,32,4,4,40,7.790918084,91,33,2.755612415,9.497243354,7.492901422,8.096174017,489,16,1,0,17,471,16,3,4,23,506,494,17,16,69,22
10,1000,10,5.13,10.3,18,37,56,957,27,7,9,43,8.007872092,102,34,2.755219695,9.6804682,7.818448695,8.195786139,473,18,2,5,25,484,9,5,4,18,498,502,22,12,68,34
16,1000,10,5.13,10.3,18,37,37,949,29,12,10,51,8.040933285,91,30,2.676046189,9.62001567,7.790509823,8.263900111,445,15,7,4,26,504,14,5,6,25,471,529,22,8,64,27
12,1000,10,5.13,10.3,18,37,55,952,32,10,6,48,8.203920812,109,30,2.659167086,9.398308293,7.962182601,8.45653477,491,12,4,4,20,461,20,6,2,28,511,489,20,10,84,25
11,1000,10,5.13,10.3,18,37,55,953,27,15,5,47,8.006490765,119,32,2.68810507,9.801891423,8.091539963,7.927034745,457,13,10,3,26,496,14,5,2,21,483,517,21,11,87,32
9,1000,10,5.13,10.3,18,37,61,965,19,8,8,35,7.874922031,103,34,2.574517566,9.466161062,7.975791015,7.769514974,489,11,7,4,22,476,8,1,4,13,511,489,21,13,78,25
15,1000,10,5.13,10.3,18,37,48,967,15,12,6,33,8.05276494,103,37,2.807288482,9.632885186,7.910281124,8.186948727,464,9,8,4,21,503,6,4,2,12,485,515,21,16,77,26
13,1000,10,5.13,10.3,18,37,53,954,32,9,5,46,8.046745976,109,43,2.626510441,9.341040707,8.154980803,7.934543274,482,19,5,3,27,472,13,4,2,19,509,491,28,15,84,25
14,1000,10,5.13,10.3,18,37,52,959,32,5,4,41,7.818617553,119,36,2.776138467,9.507361788,7.492718955,8.152432715,490,15,1,0,16,469,17,4,4,25,506,494,24,12,78,41
10,1000,10,5.13,10.3,18,37,57,957,27,7,9,43,8.048056599,108,31,2.743180822,9.699858112,7.876595708,8.218151269,472,19,2,5,26,485,8,5,4,17,498,502,22,9,83,25
12,1000,10,5.13,10.3,18,37,56,952,32,10,6,48,8.211573321,105,32,2.672646738,9.403036392,7.992999514,8.439980714,491,12,4,4,20,461,20,6,2,28,511,489,15,17,73,32
11,1000,10,5.13,10.3,18,37,56,953,27,16,4,47,8.020495655,103,38,2.695470791,9.80931797,8.075016032,7.969560756,458,12,10,3,25,495,15,6,1,22,483,517,26,12,78,25
16,1000,10,5.13,10.3,18,37,38,949,28,13,10,51,8.058648964,108,38,2.668487821,9.642781174,7.837254465,8.255769586,445,15,7,4,26,504,13,6,6,25,471,529,20,18,79,29
9,1000,10,5.13,10.3,18,37,62,965,19,8,8,35,7.877079465,112,29,2.585017008,9.483613502,7.999655546,7.748988713,489,11,7,4,22,476,8,1,4,13,511,489,15,14,78,34
15,1000,10,5.13,10.3,18,37,49,970,13,11,6,30,8.038867577,123,29,2.80311751,9.657249787,7.895375402,8.174000985,466,8,7,4,19,504,5,4,2,11,485,515,18,11,84,39
13,1000,10,5.13,10.3,18,37,54,954,32,9,5,46,8.051025908,99,21,2.634716076,9.364450046,8.18979903,7.90716538,482,19,5,3,27,472,13,4,2,19,509,491,14,7,76,23
10,1000,10,5.13,10.3,18,37,58,956,28,7,9,44,8.087159499,104,31,2.750151507,9.699573202,7.900876094,8.271958575,472,19,2,5,26,484,9,5,4,18,498,502,15,16,73,31
14,1000,10,5.13,10.3,18,37,53,959,34,3,4,41,7.833778605,91,37,2.789053705,9.51676592,7.531552855,8.143345872,489,16,1,0,17,470,18,2,4,24,506,494,27,10,68,23
12,1000,10,5.13,10.3,18,37,57,950,34,10,6,50,8.246663552,89,25,2.674173665,9.437681204,8.032986003,8.469954406,490,13,4,4,21,460,21,6,2,29,511,489,13,12,61,28
11,1000,10,5.13,10.3,18,37,57,952,28,16,4,48,8.06083773,101,50,2.697971837,9.840582916,8.144116408,7.983035794,457,13,10,3,26,495,15,6,1,22,483,517,35,15,73,28
16,1000,10,5.13,10.3,18,37,39,948,29,12,11,52,8.097496144,110,33,2.679376109,9.666756032,7.929072008,8.247454117,445,15,7,4,26,503,14,5,7,26,471,529,20,13,86,24
9,1000,10,5.13,10.3,18,37,63,964,20,8,8,36,7.90893619,110,35,2.608193852,9.49836176,8.03616815,7.775980094,489,11,7,4,22,475,9,1,4,14,511,489,21,14,82,28
15,1000,10,5.13,10.3,18,37,50,970,13,11,6,30,8.058961182,95,38,2.810260177,9.680187105,7.890996493,8.217141519,466,8,7,4,19,504,5,4,2,11,485,515,21,17,64,31
13,1000,10,5.13,10.3,18,37,55,954,32,9,5,46,8.074905625,114,34,2.644322154,9.374430163,8.216416831,7.928206635,482,19,5,3,27,472,13,4,2,19,509,491,20,14,82,32
10,1000,10,5.13,10.3,18,37,59,956,28,7,9,44,8.093952119,98,34,2.731593492,9.716484638,7.928018997,8.258563065,472,19,2,5,26,484,9,5,4,18,498,502,20,14,69,29
14,1000,10,5.13,10.3,18,37,54,956,38,2,4,44,7.863685928,118,46,2.802612399,9.553216188,7.56713807,8.167437377,488,17,1,0,18,468,21,1,4,26,506,494,26,20,81,37
12,1000,10,5.13,10.3,18,37,58,951,34,9,6,49,8.253030919,109,39,2.685287294,9.45709672,8.059898174,8.454852662,490,13,4,4,21,461,21,5,2,28,511,489,20,19,72,37
11,1000,10,5.13,10.3,18,37,58,953,27,15,5,47,8.116930654,100,39,2.70616228,9.880634214,8.20552223,8.034165217,457,13,9,4,26,496,14,6,1,21,483,517,25,14,77,23
9,1000,10,5.13,10.3,18,37,64,965,20,7,8,35,7.923753294,111,38,2.60156668,9.519343666,8.057477475,7.784012892,489,12,6,4,22,476,8,1,4,13,511,489,24,14,84,27
16,1000,10,5.13,10.3,18,37,40,947,30,11,12,53,8.134548124,103,36,2.685165333,9.675085896,7.96803672,8.282803079,445,15,7,4,26,502,15,4,8,27,471,529,23,13,71,32
15,1000,10,5.13,10.3,18,37,51,967,15,12,6,33,8.106721982,99,25,2.820051619,9.692775659,7.953147943,8.251349962,465,8,8,4,20,502,7,4,2,13,485,515,15,10,74,25
10,1000,10,5.13,10.3,18,37,60,957,27,7,9,43,8.087525527,95,33,2.73091983,9.722477982,7.945746181,8.228175157,472,19,2,5,26,485,8,5,4,17,498,502,17,16,72,23
13,1000,10,5.13,10.3,18,37,56,953,33,9,5,47,8.123138894,98,45,2.630979974,9.375208143,8.298562076,7.941284719,482,19,5,3,27,471,14,4,2,20,509,491,27,18,80,18
14,1000,10,5.13,10.3,18,37,55,956,38,2,4,44,7.899463194,115,34,2.801343738,9.548171728,7.628593785,8.176912427,488,17,1,0,18,468,21,1,4,26,506,494,26,8,90,25
12,1000,10,5.13,10.3,18,37,59,950,33,10,7,50,8.274805498,95,23,2.708451599,9.482755983,8.089971462,8.467955175,490,13,4,4,21,460,20,6,3,29,511,489,18,5,70,25
11,1000,10,5.13,10.3,18,37,59,954,27,14,5,46,8.101468368,113,18,2.716179113,9.901359721,8.24368927,7.968600485,458,13,8,4,25,496,14,6,1,21,483,517,11,7,93,20
9,1000,10,5.13,10.3,18,37,65,963,22,7,8,37,7.980876286,90,38,2.613105031,9.554310427,8.123501152,7.83183476,488,13,6,4,23,475,9,1,4,14,511,489,24,14,69,21
15,1000,10,5.13,10.3,18,37,52,966,16,12,6,34,8.123546661,108,25,2.83007991,9.715673136,7.988851496,8.250395506,464,9,8,4,21,502,7,4,2,13,485,515,12,13,74,34
16,1000,10,5.13,10.3,18,37,41,947,30,11,12,53,8.138812043,95,31,2.68977864,9.697054716,7.983057862,8.277489207,445,15,7,4,26,502,15,4,8,27,471,529,18,13,70,25
10,1000,10,5.13,10.3,18,37,61,957,28,7,8,43,8.102294645,98,31,2.747207371,9.737052642,7.96509195,8.23840409,472,19,2,5,26,485,9,5,3,17,498,502,18,13,74,24
13,1000,10,5.13,10.3,18,37,57,955,32,8,5,45,8.135336212,99,32,2.638445681,9.374615149,8.317472207,7.946523133,483,18,5,3,26,472,14,3,2,19,509,491,18,14,69,30
12,1000,10,5.13,10.3,18,37,60,950,34,9,7,50,8.278980158,110,37,2.733942077,9.481973343,8.117569427,8.447652721,489,14,4,4,22,461,20,5,3,28,511,489,19,18,75,35
14,1000,10,5.13,10.3,18,37,56,956,38,2,4,44,7.922999806,125,33,2.811359534,9.548357912,7.678367072,8.173575035,488,17,1,0,18,468,21,1,4,26,506,494,19,14,94,31
11,1000,10,5.13,10.3,18,37,60,953,28,14,5,47,8.11700749,103,36,2.718859278,9.917145437,8.249785128,7.992961843,457,14,8,4,26,496,14,6,1,21,483,517,21,15,72,31
9,1000,10,5.13,10.3,18,37,66,960,24,7,9,40,7.998514209,99,27,2.624642891,9.565661137,8.164468469,7.825093704,485,15,6,5,26,475,9,1,4,14,511,489,16,11,75,24
15,1000,10,5.13,10.3,18,37,53,963,18,12,7,37,8.16502073,98,40,2.852723493,9.751308693,8.07813104,8.246848885,462,10,8,5,23,501,8,4,2,14,485,515,24,16,71,27
10,1000,10,5.13,10.3,18,37,62,957,28,7,8,43,8.129734285,110,33,2.760196376,9.749847348,8.005329573,8.253147725,472,19,2,5,26,485,9,5,3,17,498,502,22,11,80,30
16,1000,10,5.13,10.3,18,37,42,948,30,11,11,52,8.17114452,91,40,2.690597875,9.701448409,8.009793937,8.314804492,445,15,7,4,26,503,15,4,7,26,471,529,25,15,67,24
13,1000,10,5.13,10.3,18,37,58,954,33,8,5,46,8.183646858,105,30,2.639952879,9.395549354,8.36831578,7.992207995,483,18,5,3,26,471,15,3,2,20,509,491,21,9,77,28
12,1000,10,5.13,10.3,18,37,61,951,33,9,7,49,8.285351701,111,44,2.735215062,9.503216074,8.144455641,8.432586643,489,14,4,4,22,462,19,5,3,27,511,489,23,21,81,30
14,1000,10,5.13,10.3,18,37,57,955,39,2,4,45,7.947011672,98,45,2.804512714,9.557289272,7.70513734,8.194761494,487,18,1,0,19,468,21,1,4,26,506,494,29,16,68,30
11,1000,10,5.13,10.3,18,37,61,954,27,14,5,46,8.11639455,108,29,2.718360773,9.933250044,8.236329407,8.004347092,457,14,8,4,26,497,13,6,1,20,483,517,20,9,80,28
9,1000,10,5.13,10.3,18,37,67,960,24,7,9,40,8.029166832,111,37,2.616057026,9.603142535,8.203362193,7.84713446,485,15,6,5,26,475,9,1,4,14,511,489,18,19,74,37
15,1000,10,5.13,10.3,18,37,54,963,18,12,7,37,8.157542905,109,40,2.863748955,9.753825166,8.089394229,8.221721755,462,10,8,5,23,501,8,4,2,14,485,515,24,16,82,27
10,1000,10,5.13,10.3,18,37,63,958,28,8,6,42,8.115310182,116,36,2.75497642,9.758383372,8.00623785,8.223513411,472,19,3,4,26,486,9,5,2,16,498,502,20,16,89,27
12,1000,10,5.13,10.3,18,37,62,951,33,9,7,49,8.280769671,119,27,2.732557527,9.52765687,8.119995264,8.448777282,489,14,4,4,22,462,19,5,3,27,511,489,16,11,84,35
13,1000,10,5.13,10.3,18,37,59,952,35,8,5,48,8.214918627,109,47,2.673473059,9.4214302,8.392926107,8.030385414,482,19,5,3,27,470,16,3,2,21,509,491,32,15,79,30
14,1000,10,5.13,10.3,18,37,58,956,38,2,4,44,7.921082288,93,30,2.804917938,9.601611859,7.70739151,8.139963934,487,18,1,0,19,469,20,1,4,25,506,494,20,10,74,19
16,1000,10,5.13,10.3,18,37,43,948,30,11,11,52,8.19979458,95,28,2.694324146,9.723265922,8.044025932,8.338484624,445,15,7,4,26,503,15,4,7,26,471,529,15,13,67,28
11,1000,10,5.13,10.3,18,37,62,955,26,14,5,45,8.133996946,99,22,2.731284856,9.945602226,8.293857372,7.984649585,457,14,8,4,26,498,12,6,1,19,483,517,14,8,73,26
9,1000,10,5.13,10.3,18,37,68,960,23,8,9,40,8.055722202,110,40,2.618849369,9.619539552,8.26348665,7.83861048,485,14,7,5,26,475,9,1,4,14,511,489,26,14,77,33
15,1000,10,5.13,10.3,18,37,55,964,18,11,7,36,8.165130479,109,33,2.853531761,9.767113928,8.091233454,8.234722822,463,10,7,5,22,501,8,4,2,14,485,515,24,9,84,25
10,1000,10,5.13,10.3,18,37,64,958,28,8,6,42,8.113570355,119,36,2.752094969,9.768475828,8.01987564,8.206518498,472,19,3,4,26,486,9,5,2,16,498,502,21,15,85,34
12,1000,10,5.13,10.3,18,37,63,951,33,9,7,49,8.290273293,107,41,2.727382786,9.534610673,8.128554732,8.459267536,489,14,4,4,22,462,19,5,3,27,511,489,21,20,87,20
13,1000,10,5.13,10.3,18,37,60,952,35,8,5,48,8.25335626,109,41,2.690597672,9.428429928,8.418523597,8.082133909,481,20,5,3,28,471,15,3,2,20,509,491,27,14,84,25
11,1000,10,5.13,10.3,18,37,63,956,24,14,6,44,8.169553769,99,37,2.719021031,9.950146171,8.309205846,8.039085774,458,12,8,5,25,498,12,6,1,19,483,517,23,14,73,26
14,1000,10,5.13,10.3,18,37,59,956,38,2,4,44,7.966515794,105,29,2.825469548,9.647584398,7.751844719,8.186401551,487,18,1,0,19,469,20,1,4,25,506,494,21,8,79,26
16,1000,10,5.13,10.3,18,37,44,948,31,10,11,52,8.198522835,104,43,2.687390924,9.71847255,8.003289244,8.372350853,446,15,6,4,25,502,16,4,7,27,471,529,29,14,78,26
9,1000,10,5.13,10.3,18,37,69,958,25,8,9,42,8.107671606,100,36,2.615442916,9.630510208,8.33363871,7.871538293,483,16,7,5,28,475,9,1,4,14,511,489,14,22,68,32
15,1000,10,5.13,10.3,18,37,56,962,19,12,7,38,8.219317693,125,35,2.84592067,9.815484447,8.175143248,8.26091887,461,11,8,5,24,501,8,4,2,14,485,515,20,15,93,32
10,1000,10,5.13,10.3,18,37,65,959,26,9,6,41,8.088462985,104,40,2.750218322,9.799244869,8.028584124,8.147864724,472,18,4,4,26,487,8,5,2,15,498,502,21,19,69,35
12,1000,10,5.13,10.3,18,37,64,949,35,9,7,51,8.318985404,111,46,2.723123374,9.565236374,8.155275084,8.490061015,488,15,4,4,23,461,20,5,3,28,511,489,25,21,78,33
13,1000,10,5.13,10.3,18,37,61,952,36,8,4,48,8.256706424,97,38,2.726114157,9.451639242,8.433516286,8.073414735,481,20,5,3,28,471,16,3,1,20,509,491,27,11,74,23
11,1000,10,5.13,10.3,18,37,64,956,23,15,6,44,8.191873376,95,34,2.725889368,9.956219794,8.368124361,8.027213365,458,11,9,5,25,498,12,6,1,19,483,517,23,11,68,27
14,1000,10,5.13,10.3,18,37,60,957,37,2,4,43,7.960260901,111,31,2.843508481,9.66694557,7.730839331,8.195255464,487,18,1,0,19,470,19,1,4,24,506,494,19,12,84,27
9,1000,10,5.13,10.3,18,37,70,957,26,8,9,43,8.130835839,97,31,2.60657567,9.652701489,8.386262448,7.863917644,483,16,7,5,28,474,10,1,4,15,511,489,19,12,67,30
16,1000,10,5.13,10.3,18,37,45,947,32,8,13,53,8.219936965,116,27,2.682288259,9.727604622,8.04731597,8.37363165,445,16,6,4,26,502,16,2,9,27,471,529,15,12,90,26
15,1000,10,5.13,10.3,18,37,57,962,19,12,7,38,8.224961831,113,37,2.857029206,9.814050022,8.182174761,8.265256449,461,11,8,5,24,501,8,4,2,14,485,515,27,10,86,27
10,1000,10,5.13,10.3,18,37,66,957,27,10,6,43,8.11959591,117,35,2.772429945,9.828342574,8.070354582,8.168444877,470,19,5,4,28,487,8,5,2,15,498,502,23,12,87,30
12,1000,10,5.13,10.3,18,37,65,949,35,9,7,51,8.340075456,102,17,2.742065907,9.585330391,8.180230294,8.507112015,488,15,4,4,23,461,20,5,3,28,511,489,10,7,74,28
11,1000,10,5.13,10.3,18,37,65,959,21,14,6,41,8.191634888,110,35,2.737580941,9.982452952,8.40776521,7.989718167,458,11,9,5,25,501,10,5,1,16,483,517,18,17,85,25
13,1000,10,5.13,10.3,18,37,62,953,35,8,4,47,8.285535168,88,27,2.730472131,9.468767161,8.474979699,8.089145623,481,20,5,3,28,472,15,3,1,19,509,491,18,9,66,22
14,1000,10,5.13,10.3,18,37,61,957,37,2,4,43,7.959807061,97,30,2.831571194,9.691527692,7.732414275,8.192723559,487,18,1,0,19,470,19,1,4,24,506,494,17,13,73,24
9,1000,10,5.13,10.3,18,37,71,957,27,7,9,43,8.205519047,96,34,2.617110354,9.644305919,8.467283307,7.931978071,483,17,6,5,28,474,10,1,4,15,511,489,18,16,79,17
15,1000,10,5.13,10.3,18,37,58,964,19,10,7,36,8.245634799,96,41,2.86860565,9.839583695,8.215990773,8.273551988,462,11,7,5,23,502,8,3,2,13,485,515,26,15,68,28
16,1000,10,5.13,10.3,18,37,46,946,33,8,13,54,8.214564087,84,36,2.682180449,9.752571908,8.059947326,8.352228537,444,17,6,4,27,502,16,2,9,27,471,529,20,16,67,17
10,1000,10,5.13,10.3,18,37,67,958,25,10,7,42,8.160504336,100,31,2.768293215,9.831495531,8.154421408,8.166538794,470,18,5,5,28,488,7,5,2,14,498,502,20,11,71,29
12,1000,10,5.13,10.3,18,37,66,948,37,8,7,52,8.366133908,110,37,2.752741685,9.586922972,8.244632249,8.493101901,488,15,4,4,23,460,22,4,3,29,511,489,24,13,83,27
11,1000,10,5.13,10.3,18,37,66,959,21,14,6,41,8.180452176,105,29,2.759073322,10.00486895,8.454004955,7.924889327,457,12,9,5,26,502,9,5,1,15,483,517,18,11,77,28
13,1000,10,5.13,10.3,18,37,63,953,35,8,4,47,8.332281566,97,39,2.723842681,9.478739785,8.510174469,8.147867131,480,21,5,3,29,473,14,3,1,18,509,491,21,18,70,27
14,1000,10,5.13,10.3,18,37,62,957,37,2,4,43,7.973274879,87,35,2.840058778,9.706705039,7.758041842,8.19373625,487,18,1,0,19,470,19,1,4,24,506,494,25,10,63,24
9,1000,10,5.13,10.3,18,37,72,957,27,7,9,43,8.224005242,93,38,2.612594079,9.680589282,8.480581978,7.955885176,483,17,6,5,28,474,10,1,4,15,511,489,25,13,64,29
15,1000,10,5.13,10.3,18,37,59,965,17,10,8,35,8.256347316,112,33,2.902037252,9.851830961,8.244644013,8.267368873,462,10,8,5,23,503,7,2,3,12,485,515,21,12,87,25
10,1000,10,5.13,10.3,18,37,68,958,25,10,7,42,8.199868803,95,32,2.763786722,9.844044169,8.240333682,8.159726353,470,18,5,5,28,488,7,5,2,14,498,502,21,11,73,22
16,1000,10,5.13,10.3,18,37,47,944,35,8,13,56,8.283107884,106,35,2.690412947,9.791016459,8.158329245,8.394205689,443,18,6,4,28,501,17,2,9,28,471,529,19,16,77,29
12,1000,10,5.13,10.3,18,37,67,949,36,8,7,51,8.388390689,111,36,2.756215188,9.599999349,8.268000649,8.51419705,487,16,4,4,24,462,20,4,3,27,511,489,21,15,81,30
11,1000,10,5.13,10.3,18,37,67,959,20,14,7,41,8.227915224,105,31,2.763442031,10.0244767,8.514666058,7.960022279,457,11,9,6,26,502,9,5,1,15,483,517,22,9,78,27
13,1000,10,5.13,10.3,18,37,64,952,36,7,5,48,8.386507929,97,34,2.727930569,9.495516327,8.55448627,8.212371522,479,22,5,3,30,473,14,2,2,18,509,491,23,11,71,26
14,1000,10,5.13,10.3,18,37,63,956,39,2,3,44,7.9819825,106,35,2.838625234,9.702247904,7.821904051,8.145949495,486,19,1,0,20,470,20,1,3,24,506,494,24,11,81,25
9,1000,10,5.13,10.3,18,37,73,957,28,7,8,43,8.206485613,94,40,2.63403598,9.716822533,8.501867926,7.897814116,483,17,6,5,28,474,11,1,3,15,511,489,19,21,65,29
15,1000,10,5.13,10.3,18,37,60,963,19,10,8,37,8.279088971,103,33,2.87934307,9.873125995,8.277564573,8.28052457,461,11,8,5,24,502,8,2,3,13,485,515,18,15,76,27
10,1000,10,5.13,10.3,18,37,69,956,28,9,7,44,8.229212051,101,41,2.773171584,9.873013274,8.27100097,8.187756112,470,19,4,5,28,486,9,5,2,16,498,502,27,14,77,24
12,1000,10,5.13,10.3,18,37,68,948,37,8,7,52,8.407618426,108,38,2.745884445,9.633494552,8.324509204,8.494466713,487,16,4,4,24,461,21,4,3,28,511,489,26,12,85,23
16,1000,10,5.13,10.3,18,37,48,943,35,9,13,57,8.286257987,109,30,2.694745607,9.80274118,8.176242333,8.384211434,443,18,6,4,28,500,17,3,9,29,471,529,19,11,72,37
11,1000,10,5.13,10.3,18,37,68,960,19,14,7,40,8.211799982,102,16,2.768954427,10.02997237,8.519313101,7.924510162,457,11,9,6,26,503,8,5,1,14,483,517,10,6,77,25
13,1000,10,5.13,10.3,18,37,65,954,35,6,5,46,8.369481082,115,35,2.719862398,9.541957629,8.575306841,8.156109775,479,22,5,3,30,475,13,1,2,16,509,491,19,16,86,29
14,1000,10,5.13,10.3,18,37,64,956,39,2,3,44,7.980200426,114,31,2.845530095,9.745216465,7.846782141,8.116859641,486,19,1,0,20,470,20,1,3,24,506,494,23,8,80,34
9,1000,10,5.13,10.3,18,37,74,953,32,7,8,47,8.255012861,102,31,2.634734336,9.739977772,8.533532212,7.963962988,482,18,6,5,29,471,14,1,3,18,511,489,17,14,74,28
15,1000,10,5.13,10.3,18,37,61,962,20,10,8,38,8.283568006,111,37,2.886713783,9.898091544,8.317796187,8.2513337,460,12,8,5,25,502,8,2,3,13,485,515,24,13,85,26
10,1000,10,5.13,10.3,18,37,70,955,29,9,7,45,8.267351007,103,30,2.768654206,9.875383849,8.312002868,8.223054937,470,19,4,5,28,485,10,5,2,17,498,502,14,16,73,30
12,1000,10,5.13,10.3,18,37,69,948,37,8,7,52,8.420807774,116,42,2.74445783,9.661846443,8.354942958,8.489635834,487,16,4,4,24,461,21,4,3,28,511,489,25,17,86,30
11,1000,10,5.13,10.3,18,37,69,960,19,14,7,40,8.264854931,104,34,2.781072481,10.04602895,8.571686456,7.978201882,457,11,9,6,26,503,8,5,1,14,483,517,22,12,81,23
16,1000,10,5.13,10.3,18,37,49,941,37,9,13,59,8.326944795,108,26,2.695327834,9.799462483,8.238914132,8.405323702,442,19,6,4,29,499,18,3,9,30,471,529,15,11,77,31
13,1000,10,5.13,10.3,18,37,66,954,35,6,5,46,8.418833688,81,38,2.713564153,9.56221872,8.609798953,8.220867659,479,22,5,3,30,475,13,1,2,16,509,491,23,15,57,24
14,1000,10,5.13,10.3,18,37,65,955,41,1,3,45,7.975939446,99,44,2.846831089,9.761247918,7.839051582,8.116152522,486,20,0,0,20,469,21,1,3,25,506,494,27,17,73,26
9,1000,10,5.13,10.3,18,37,75,953,32,7,8,47,8.294664509,114,45,2.641622184,9.761146934,8.610942939,7.964156783,482,18,6,5,29,471,14,1,3,18,511,489,25,20,81,33
15,1000,10,5.13,10.3,18,37,62,962,20,10,8,38,8.332452062,109,33,2.895370369,9.904358689,8.363891609,8.302843946,460,12,8,5,25,502,8,2,3,13,485,515,23,10,89,20
10,1000,10,5.13,10.3,18,37,71,954,30,9,7,46,8.31655507,99,32,2.77750217,9.894648558,8.34092232,8.29238198,469,20,4,5,29,485,10,5,2,17,498,502,19,13,74,25
12,1000,10,5.13,10.3,18,37,70,950,35,8,7,50,8.425271888,99,28,2.750936388,9.681521273,8.385416537,8.466920322,486,17,4,4,25,464,18,4,3,25,511,489,20,8,81,18
11,1000,10,5.13,10.3,18,37,70,961,18,14,7,39,8.255881135,112,41,2.786249363,10.05510513,8.576727172,7.956135224,457,11,9,6,26,504,7,5,1,13,483,517,27,14,84,28
13,1000,10,5.13,10.3,18,37,67,955,34,6,5,45,8.436562054,112,33,2.721578407,9.569247159,8.671318328,8.193199643,479,22,5,3,30,476,12,1,2,15,509,491,18,15,78,34
14,1000,10,5.13,10.3,18,37,66,956,40,1,3,44,7.981890444,102,39,2.839593754,9.770204634,7.89004362,8.075968365,487,19,0,0,19,469,21,1,3,25,506,494,25,14,76,26
16,1000,10,5.13,10.3,18,37,50,942,36,9,13,58,8.324365085,100,27,2.694277439,9.820708205,8.19586896,8.438772788,442,19,6,4,29,500,17,3,9,29,471,529,16,11,64,36
9,1000,10,5.13,10.3,18,37,76,951,34,7,8,49,8.279820617,98,28,2.642230518,9.785804699,8.614315753,7.93027662,481,19,6,5,30,470,15,1,3,19,511,489,17,11,65,33
15,1000,10,5.13,10.3,18,37,63,964,17,11,8,36,8.33817979,97,26,2.899280002,9.922523249,8.374167055,8.304288871,461,11,8,5,24,503,6,3,3,12,485,515,13,13,71,26
10,1000,10,5.13,10.3,18,37,72,954,30,8,8,46,8.350482262,108,26,2.78512317,9.930831048,8.353556973,8.347432051,469,20,3,6,29,485,10,5,2,17,498,502,16,10,74,34
12,1000,10,5.13,10.3,18,37,71,949,37,8,6,51,8.442145298,109,26,2.76909856,9.702442595,8.462373429,8.421007108,486,17,4,4,25,463,20,4,2,26,511,489,22,4,83,26
11,1000,10,5.13,10.3,18,37,71,961,17,15,7,39,8.264908371,102,33,2.804241266,10.06852322,8.589569654,7.96159812,457,11,9,6,26,504,6,6,1,13,483,517,25,8,79,23
13,1000,10,5.13,10.3,18,37,68,956,34,5,5,44,8.451586001,98,39,2.728629201,9.593369019,8.706376979,8.187454417,480,22,4,3,29,476,12,1,2,15,509,491,24,15,72,26
14,1000,10,5.13,10.3,18,37,67,956,39,2,3,44,8.026579846,98,32,2.846058078,9.769154103,7.944072095,8.111091834,487,18,1,0,19,469,21,1,3,25,506,494,20,12,72,26
9,1000,10,5.13,10.3,18,37,77,951,34,7,8,49,8.295649465,96,33,2.62497372,9.794473099,8.648462079,7.92696389,481,19,6,5,30,470,15,1,3,19,511,489,22,11,71,25
16,1000,10,5.13,10.3,18,37,51,944,34,9,13,56,8.340810442,90,38,2.703627509,9.830061494,8.194085543,8.4714483,443,18,6,4,28,501,16,3,9,28,471,529,23,15,64,26
15,1000,10,5.13,10.3,18,37,64,963,18,11,8,37,8.35520092,92,27,2.901926357,9.923917129,8.395103547,8.317622717,461,11,8,5,24,502,7,3,3,13,485,515,18,9,70,22
10,1000,10,5.13,10.3,18,37,73,955,30,7,8,45,8.323307642,107,38,2.776575773,9.930719024,8.331092228,8.315585084,469,21,2,6,29,486,9,5,2,16,498,502,28,10,79,28
12,1000,10,5.13,10.3,18,37,72,949,37,8,6,51,8.428183898,121,30,2.760826459,9.725449661,8.485176453,8.368627261,485,18,4,4,26,464,19,4,2,25,511,489,17,13,93,28
11,1000,10,5.13,10.3,18,37,72,960,18,14,8,40,8.294219464,98,27,2.822106136,10.09614072,8.629595075,7.980899503,457,11,9,6,26,503,7,5,2,14,483,517,14,13,80,18
13,1000,10,5.13,10.3,18,37,69,954,36,5,5,46,8.482043836,112,38,2.71458445,9.612162192,8.752250377,8.201931556,478,24,4,3,31,476,12,1,2,15,509,491,28,10,84,28
14,1000,10,5.13,10.3,18,37,68,957,38,2,3,43,8.017867921,93,36,2.850342085,9.790080954,7.940107356,8.097517406,488,17,1,0,18,469,21,1,3,25,506,494,19,17,71,22
9,1000,10,5.13,10.3,18,37,78,951,34,7,8,49,8.309597724,108,28,2.634785956,9.795797615,8.671728404,7.931174866,481,19,6,5,30,470,15,1,3,19,511,489,17,11,73,35
15,1000,10,5.13,10.3,18,37,65,963,18,10,9,37,8.359277976,106,31,2.867786095,9.927245258,8.407633901,8.313738901,461,11,7,6,24,502,7,3,3,13,485,515,21,10,83,23
10,1000,10,5.13,10.3,18,37,74,954,30,8,8,46,8.359363244,112,35,2.785979127,9.963874868,8.370580991,8.348234882,469,20,3,6,29,485,10,5,2,17,498,502,22,13,83,29
16,1000,10,5.13,10.3,18,37,52,943,33,9,15,57,8.378249965,102,39,2.725487311,9.844245319,8.186880829,8.548637231,443,18,6,4,28,500,15,3,11,29,471,529,25,14,65,37
12,1000,10,5.13,10.3,18,37,73,948,37,9,6,52,8.450093399,91,39,2.770033878,9.748183185,8.508503215,8.389055739,485,18,4,4,26,463,19,5,2,26,511,489,31,8,68,23
11,1000,10,5.13,10.3,18,37,73,961,18,13,8,39,8.310691807,121,28,2.821731064,10.13378649,8.702936567,7.94424264,457,11,9,6,26,504,7,4,2,13,483,517,14,14,96,25
13,1000,10,5.13,10.3,18,37,70,953,37,5,5,47,8.526567615,93,36,2.73135201,9.629942376,8.805984996,8.236906826,478,24,4,3,31,475,13,1,2,16,509,491,18,18,72,21
14,1000,10,5.13,10.3,18,37,69,958,38,2,2,42,8.024096742,103,36,2.836205447,9.801637623,7.973121517,8.076310232,488,17,1,0,18,470,21,1,2,24,506,494,23,13,76,27
9,1000,10,5.13,10.3,18,37,79,951,33,8,8,49,8.316902164,94,42,2.633692918,9.800470727,8.696651109,7.920068399,481,18,7,5,30,470,15,1,3,19,511,489,21,21,67,27
10,1000,10,5.13,10.3,18,37,75,952,31,9,8,48,8.392584585,92,36,2.778238151,9.997260954,8.453174041,8.332477913,468,20,4,6,30,484,11,5,2,18,498,502,25,11,63,29
15,1000,10,5.13,10.3,18,37,66,963,18,10,9,37,8.366948902,106,33,2.863412527,9.947100246,8.436689065,8.301271274,461,11,7,6,24,502,7,3,3,13,485,515,22,11,81,25
12,1000,10,5.13,10.3,18,37,74,950,35,9,6,50,8.44064064,111,37,2.785797902,9.765620126,8.531142384,8.346067242,485,18,4,4,26,465,17,5,2,24,511,489,20,17,82,29
16,1000,10,5.13,10.3,18,37,53,942,34,9,15,58,8.459986886,111,30,2.732184409,9.865916362,8.307149748,8.596066834,443,18,6,4,28,499,16,3,11,30,471,529,16,14,77,34
11,1000,10,5.13,10.3,18,37,74,961,18,13,8,39,8.358706867,116,36,2.836124442,10.14056543,8.75555711,7.987955092,457,11,9,6,26,504,7,4,2,13,483,517,27,9,86,30
13,1000,10,5.13,10.3,18,37,71,952,37,6,5,48,8.531588186,95,24,2.730915759,9.646119284,8.830706416,8.221504317,477,24,5,3,32,475,13,1,2,16,509,491,15,9,69,26
14,1000,10,5.13,10.3,18,37,70,957,39,2,2,43,8.047136608,91,26,2.815623326,9.80856118,7.985870231,8.109891237,488,17,1,0,18,469,22,1,2,25,506,494,15,11,71,20
9,1000,10,5.13,10.3,18,37,80,948,37,7,8,52,8.348791473,86,37,2.635413633,9.823485497,8.734513716,7.945715673,479,20,7,5,32,469,17,0,3,20,511,489,24,13,64,22
10,1000,10,5.13,10.3,18,37,76,952,31,9,8,48,8.444188526,102,38,2.767219629,10.01880401,8.533200947,8.355885368,468,20,4,6,30,484,11,5,2,18,498,502,24,14,80,22
15,1000,10,5.13,10.3,18,37,67,962,19,10,9,38,8.38300293,99,31,2.882773281,9.956242601,8.476999214,8.294482157,460,12,7,6,25,502,7,3,3,13,485,515,17,14,81,18
12,1000,10,5.13,10.3,18,37,75,950,35,9,6,50,8.458282514,102,39,2.782110802,9.781604915,8.559935668,8.352056008,485,18,4,4,26,465,17,5,2,24,511,489,23,16,73,29
11,1000,10,5.13,10.3,18,37,75,960,19,13,8,40,8.381004823,97,35,2.841182186,10.15389177,8.774965322,8.012952751,456,12,9,6,27,504,7,4,2,13,483,517,22,13,75,22
16,1000,10,5.13,10.3,18,37,54,942,34,10,14,58,8.463074724,100,39,2.723018691,9.89091662,8.323124942,8.587680296,443,18,6,4,28,499,16,4,10,30,471,529,24,15,81,19
9,1000,10,5.13,10.3,18,37,81,948,37,7,8,52,8.376765201,85,29,2.648191357,9.820817242,8.768850649,7.967039917,479,20,7,5,32,469,17,0,3,20,511,489,17,12,63,22
14,1000,10,5.13,10.3,18,37,71,958,38,2,2,42,8.056915954,111,38,2.833881634,9.828939152,7.997643858,8.117627857,488,17,1,0,18,470,21,1,2,24,506,494,17,21,81,30
13,1000,10,5.13,10.3,18,37,72,951,38,6,5,49,8.58419537,122,35,2.74930037,9.657952417,8.887144071,8.270140607,477,24,5,3,32,474,14,1,2,17,509,491,18,17,85,37
10,1000,10,5.13,10.3,18,37,77,952,31,9,8,48,8.477451257,92,24,2.757221694,10.02488938,8.566711493,8.388902259,468,20,4,6,30,484,11,5,2,18,498,502,17,7,67,25
15,1000,10,5.13,10.3,18,37,68,963,17,11,9,37,8.426330715,109,35,2.879930138,9.978389055,8.523560224,8.334765061,461,10,8,6,24,502,7,3,3,13,485,515,21,14,78,31
12,1000,10,5.13,10.3,18,37,76,949,36,9,6,51,8.43954148,109,33,2.777978797,9.806485032,8.56073162,8.312899023,484,19,4,4,27,465,17,5,2,24,511,489,20,13,84,25
11,1000,10,5.13,10.3,18,37,76,960,19,13,8,40,8.339950906,124,37,2.845255653,10.16289902,8.738430234,7.967677181,456,12,9,6,27,504,7,4,2,13,483,517,25,12,92,32
16,1000,10,5.13,10.3,18,37,55,943,33,10,14,57,8.455642003,106,40,2.729340694,9.926521485,8.327300934,8.56991165,444,17,6,4,27,499,16,4,10,30,471,529,25,15,79,27
9,1000,10,5.13,10.3,18,37,82,946,39,8,7,54,8.413920888,105,29,2.653331041,9.836578098,8.804568339,8.005698296,479,20,8,4,32,467,19,0,3,22,511,489,17,12,77,28
14,1000,10,5.13,10.3,18,37,72,956,40,2,2,44,8.045248649,103,37,2.839121495,9.861057394,7.987495223,8.104404992,488,17,1,0,18,468,23,1,2,26,506,494,21,16,76,27
10,1000,10,5.13,10.3,18,37,78,952,31,9,8,48,8.47650931,110,35,2.75699311,10.04541517,8.577152809,8.376667751,468,20,4,6,30,484,11,5,2,18,498,502,25,10,73,37
13,1000,10,5.13,10.3,18,37,73,952,36,6,6,48,8.562947277,109,42,2.779082725,9.680233227,8.887245106,8.226760729,477,23,5,4,32,475,13,1,2,16,509,491,28,14,77,32
15,1000,10,5.13,10.3,18,37,69,962,18,11,9,38,8.429470542,96,42,2.88241655,9.995893019,8.519362861,8.344814669,461,10,8,6,24,501,8,3,3,14,485,515,27,15,76,20
12,1000,10,5.13,10.3,18,37,77,949,36,9,6,51,8.476458476,98,31,2.765148531,9.805386346,8.622006288,8.3243625,484,19,4,4,27,465,17,5,2,24,511,489,17,14,65,33
11,1000,10,5.13,10.3,18,37,77,960,19,13,8,40,8.366082491,113,38,2.852681011,10.21018497,8.81220024,7.949303241,456,12,9,6,27,504,7,4,2,13,483,517,24,14,76,37
9,1000,10,5.13,10.3,18,37,83,946,39,8,7,54,8.407062388,115,43,2.656183736,9.844097966,8.824784298,7.970547262,480,19,8,4,31,466,20,0,3,23,511,489,23,20,90,25
16,1000,10,5.13,10.3,18,37,56,942,34,10,14,58,8.467703689,138,40,2.737943648,9.936484245,8.344508926,8.577391275,443,18,6,4,28,499,16,4,10,30,471,529,22,18,107,31
10,1000,10,5.13,10.3,18,37,79,952,30,10,8,48,8.51751068,113,37,2.776505037,10.09280921,8.619452164,8.416381479,468,20,4,6,30,484,10,6,2,18,498,502,26,11,87,26
14,1000,10,5.13,10.3,18,37,73,955,41,2,2,45,8.086533793,105,35,2.848873089,9.879381355,8.037470801,8.136788598,488,17,1,0,18,467,24,1,2,27,506,494,21,14,82,23
13,1000,10,5.13,10.3,18,37,74,952,36,6,6,48,8.5597503,94,28,2.777317172,9.688946985,8.878569888,8.229242824,477,23,5,4,32,475,13,1,2,16,509,491,19,9,62,32
15,1000,10,5.13,10.3,18,37,70,961,19,11,9,39,8.491308329,116,31,2.896575848,9.998885108,8.550568894,8.435499836,460,11,8,6,25,501,8,3,3,14,485,515,20,11,93,23
12,1000,10,5.13,10.3,18,37,78,949,36,9,6,51,8.496352663,93,35,2.776687703,9.81464511,8.650072432,8.335717076,484,19,4,4,27,465,17,5,2,24,511,489,22,13,66,27
11,1000,10,5.13,10.3,18,37,78,960,19,13,8,40,8.405426519,122,36,2.868411957,10.22110158,8.864836693,7.976229006,456,12,9,6,27,504,7,4,2,13,483,517,20,16,96,26
9,1000,10,5.13,10.3,18,37,84,946,38,9,7,54,8.448144597,102,34,2.69568605,9.881354255,8.865480675,8.012032662,480,19,8,4,31,466,19,1,3,23,511,489,16,18,71,31
10,1000,10,5.13,10.3,18,37,80,954,29,9,8,46,8.531844047,98,27,2.791602059,10.13058146,8.67700852,8.387836263,468,20,4,6,30,486,9,5,2,16,498,502,13,14,72,26
14,1000,10,5.13,10.3,18,37,74,955,41,2,2,45,8.096297576,89,30,2.846680587,9.892804101,8.064681479,8.128681675,488,17,1,0,18,467,24,1,2,27,506,494,22,8,62,27
15,1000,10,5.13,10.3,18,37,71,960,20,11,9,40,8.50915778,104,35,2.879577016,9.989830893,8.591588569,8.431528784,460,11,8,6,25,500,9,3,3,15,485,515,24,11,79,25
13,1000,10,5.13,10.3,18,37,75,951,36,7,6,49,8.581139779,116,36,2.78338579,9.722234395,8.952404149,8.196264904,477,23,5,4,32,474,13,2,2,17,509,491,19,17,92,24
16,1000,10,5.13,10.3,18,37,57,942,34,10,14,58,8.482138045,99,30,2.742365581,9.957389634,8.355988622,8.59445634,443,18,6,4,28,499,16,4,10,30,471,529,15,15,77,22
12,1000,10,5.13,10.3,18,37,79,949,35,10,6,51,8.5358775,97,30,2.776715058,9.852503674,8.704103582,8.360082964,484,18,5,4,27,465,17,5,2,24,511,489,17,13,77,20
11,1000,10,5.13,10.3,18,37,79,958,20,14,8,42,8.429732473,101,27,2.872734721,10.24607713,8.927670875,7.964540504,455,12,10,6,28,503,8,4,2,14,483,517,11,16,71,30
9,1000,10,5.13,10.3,18,37,85,946,38,9,7,54,8.466949082,114,36,2.69894492,9.885329724,8.871086249,8.044629874,480,19,8,4,31,466,19,1,3,23,511,489,25,11,83,31
10,1000,10,5.13,10.3,18,37,81,954,29,9,8,46,8.554504362,100,32,2.801305712,10.13937393,8.72178671,8.388554941,468,20,4,6,30,486,9,5,2,16,498,502,21,11,77,23
15,1000,10,5.13,10.3,18,37,72,960,20,11,9,40,8.553536053,87,40,2.873672075,9.99971879,8.648410405,8.464188361,460,11,8,6,25,500,9,3,3,15,485,515,27,13,64,23
14,1000,10,5.13,10.3,18,37,75,953,43,2,2,47,8.073894323,105,38,2.861960337,9.924621392,8.043938162,8.104578164,487,18,1,0,19,466,25,1,2,28,506,494,22,16,80,25
13,1000,10,5.13,10.3,18,37,76,952,35,7,6,48,8.603795959,87,33,2.787404199,9.744027695,8.96199662,8.232463704,478,22,5,4,31,474,13,2,2,17,509,491,23,10,73,14
12,1000,10,5.13,10.3,18,37,80,949,35,10,6,51,8.559850057,124,35,2.792316355,9.85362705,8.796399805,8.312657988,484,18,5,4,27,465,17,5,2,24,511,489,23,12,94,30
16,1000,10,5.13,10.3,18,37,58,943,32,11,14,57,8.501428094,104,39,2.758916088,9.979093874,8.412314034,8.580771614,443,18,6,4,28,500,14,5,10,29,471,529,25,14,75,29
11,1000,10,5.13,10.3,18,37,80,958,19,15,8,42,8.464956022,107,35,2.881515875,10.25066571,8.982674124,7.981285145,455,12,10,6,28,503,7,5,2,14,483,517,18,17,80,27
9,1000,10,5.13,10.3,18,37,86,946,37,10,7,54,8.491608132,109,32,2.693814304,9.911049158,8.891725446,8.07348963,480,18,9,4,31,466,19,1,3,23,511,489,19,13,83,26
10,1000,10,5.13,10.3,18,37,82,954,29,9,8,46,8.579370856,112,35,2.807405272,10.16783804,8.734782484,8.425197568,468,20,4,6,30,486,9,5,2,16,498,502,23,12,86,26
15,1000,10,5.13,10.3,18,37,73,961,20,10,9,39,8.543382406,111,32,2.863763246,10.01008847,8.650044838,8.442933319,461,11,7,6,24,500,9,3,3,15,485,515,21,11,87,24
14,1000,10,5.13,10.3,18,37,76,952,44,2,2,48,8.083928436,105,40,2.867121198,9.953790803,8.054127694,8.114453083,487,18,1,0,19,465,26,1,2,29,506,494,29,11,81,24
13,1000,10,5.13,10.3,18,37,77,954,34,5,7,46,8.62485698,109,40,2.763271728,9.769730495,9.007154584,8.228544393,479,22,4,4,30,475,12,1,3,16,509,491,24,16,86,23
12,1000,10,5.13,10.3,18,37,81,948,36,10,6,52,8.586804386,117,27,2.825984451,9.867116817,8.834830075,8.327620077,483,19,5,4,28,465,17,5,2,24,511,489,18,9,85,32
11,1000,10,5.13,10.3,18,37,81,958,19,14,9,42,8.508101716,114,31,2.893458384,10.26800362,9.058713073,7.993700777,455,12,9,7,28,503,7,5,2,14,483,517,15,16,90,24
16,1000,10,5.13,10.3,18,37,59,945,32,9,14,55,8.460177208,89,25,2.76535875,9.990906629,8.376191533,8.534954624,445,17,5,4,26,500,15,4,10,29,471,529,14,11,66,23
9,1000,10,5.13,10.3,18,37,87,945,37,11,7,55,8.53648198,106,28,2.706715448,9.947035647,8.950898582,8.103420869,480,17,10,4,31,465,20,1,3,24,511,489,17,11,70,36
10,1000,10,5.13,10.3,18,37,83,957,26,9,8,43,8.58702865,121,40,2.814879851,10.19400292,8.803316594,8.372464116,469,18,5,6,29,488,8,4,2,14,498,502,30,10,90,31
15,1000,10,5.13,10.3,18,37,74,960,20,11,9,40,8.604381974,107,40,2.865417015,10.00060256,8.755497875,8.462068941,460,12,7,6,25,500,8,4,3,15,485,515,26,14,87,20
14,1000,10,5.13,10.3,18,37,77,952,43,3,2,48,8.134814694,110,38,2.887398475,9.976793475,8.122616661,8.147309035,487,17,2,0,19,465,26,1,2,29,506,494,27,11,83,27
13,1000,10,5.13,10.3,18,37,78,954,35,4,7,46,8.610313171,129,40,2.760317882,9.79796335,9.029944008,8.175298718,478,23,4,4,31,476,12,0,3,15,509,491,27,13,90,39
12,1000,10,5.13,10.3,18,37,82,947,37,10,6,53,8.598790333,98,34,2.835110146,9.89860986,8.846070633,8.340384948,483,19,5,4,28,464,18,5,2,25,511,489,21,13,77,21
11,1000,10,5.13,10.3,18,37,82,958,20,13,9,42,8.549336129,110,39,2.904875553,10.29520891,9.074184674,8.059003735,456,12,8,7,27,502,8,5,2,15,483,517,26,13,86,24
16,1000,10,5.13,10.3,18,37,60,945,32,9,14,55,8.46997413,87,34,2.762457385,9.992442925,8.388968559,8.542098183,445,17,5,4,26,500,15,4,10,29,471,529,28,6,64,23
9,1000,10,5.13,10.3,18,37,88,945,36,12,7,55,8.575553726,97,35,2.703145848,9.953094252,8.975107415,8.158024207,480,17,10,4,31,465,19,2,3,24,511,489,19,16,70,27
10,1000,10,5.13,10.3,18,37,84,957,26,9,8,43,8.595678592,114,43,2.813057926,10.24380525,8.839956198,8.353347421,469,18,5,6,29,488,8,4,2,14,498,502,31,12,88,26
15,1000,10,5.13,10.3,18,37,75,960,20,11,9,40,8.622820235,114,38,2.88552013,10.04822964,8.774987883,8.479516721,460,12,7,6,25,500,8,4,3,15,485,515,23,15,84,30
12,1000,10,5.13,10.3,18,37,83,944,40,10,6,56,8.63704191,96,36,2.84845124,9.920782433,8.89110113,8.371552623,482,20,5,4,29,462,20,5,2,27,511,489,25,11,71,25
14,1000,10,5.13,10.3,18,37,78,951,44,3,2,49,8.115903722,123,29,2.875778807,9.972355607,8.090052961,8.142382438,487,17,2,0,19,464,27,1,2,30,506,494,18,11,85,38
13,1000,10,5.13,10.3,18,37,79,954,34,5,7,46,8.617676617,110,33,2.770263408,9.832779298,9.058252649,8.160949121,478,22,5,4,31,476,12,0,3,15,509,491,18,15,86,24
11,1000,10,5.13,10.3,18,37,83,957,20,13,10,43,8.602690686,112,39,2.909395549,10.31007667,9.171557389,8.071234947,455,12,8,8,28,502,8,5,2,15,483,517,21,18,88,24
16,1000,10,5.13,10.3,18,37,61,945,33,9,13,55,8.459668172,109,34,2.761208408,10.01318766,8.389260535,8.522356257,445,17,5,4,26,500,16,4,9,29,471,529,19,15,84,25
9,1000,10,5.13,10.3,18,37,89,945,36,12,7,55,8.600524754,105,40,2.692253994,9.978984207,8.986717776,8.196956995,480,17,10,4,31,465,19,2,3,24,511,489,24,16,85,20
10,1000,10,5.13,10.3,18,37,85,956,27,9,8,44,8.640070963,111,41,2.82156632,10.26292156,8.901243218,8.380979763,468,19,5,6,30,488,8,4,2,14,498,502,27,14,85,26
15,1000,10,5.13,10.3,18,37,76,960,20,10,10,40,8.607702286,110,29,2.904299746,10.05269319,8.770865056,8.454044142,461,11,6,7,24,499,9,4,3,16,485,515,20,9,82,28
12,1000,10,5.13,10.3,18,37,84,943,40,11,6,57,8.663382507,115,37,2.858573074,9.934423773,8.964709313,8.348499076,481,20,6,4,30,462,20,5,2,27,511,489,20,17,80,35
14,1000,10,5.13,10.3,18,37,79,950,45,3,2,50,8.144444628,116,42,2.898319431,9.991894783,8.150218798,8.138530195,487,17,2,0,19,463,28,1,2,31,506,494,31,11,81,35
13,1000,10,5.13,10.3,18,37,80,954,33,6,7,46,8.665069975,106,48,2.771614449,9.843022216,9.112461258,8.201277382,478,21,6,4,31,476,12,0,3,15,509,491,32,16,82,24
11,1000,10,5.13,10.3,18,37,84,956,21,13,10,44,8.650633274,115,37,2.916704053,10.31181116,9.239903911,8.100115445,454,13,8,8,29,502,8,5,2,15,483,517,26,11,91,24
9,1000,10,5.13,10.3,18,37,90,945,36,12,7,55,8.659788544,111,35,2.695766473,9.983250964,9.059652127,8.241935189,479,18,10,4,32,466,18,2,3,23,511,489,19,16,75,36
10,1000,10,5.13,10.3,18,37,86,954,28,9,9,46,8.677120174,94,34,2.821551066,10.29919306,8.961374578,8.395130746,466,20,5,7,32,488,8,4,2,14,498,502,23,11,72,22
16,1000,10,5.13,10.3,18,37,62,947,30,10,13,53,8.474060899,109,40,2.738795065,10.04043864,8.438720343,8.505526688,446,15,6,4,25,501,15,4,9,28,471,529,24,16,80,29
15,1000,10,5.13,10.3,18,37,77,959,21,10,10,41,8.64016078,100,39,2.90546569,10.09156836,8.844098858,8.448102589,460,12,6,7,25,499,9,4,3,16,485,515,21,18,76,24
12,1000,10,5.13,10.3,18,37,85,943,40,11,6,57,8.722381629,103,33,2.860792198,9.968283052,9.026714182,8.404357223,481,20,6,4,30,462,20,5,2,27,511,489,21,12,74,29
14,1000,10,5.13,10.3,18,37,80,949,46,3,2,51,8.144756798,113,32,2.882529174,9.984767109,8.186179627,8.102327748,487,17,2,0,19,462,29,1,2,32,506,494,23,9,85,28
13,1000,10,5.13,10.3,18,37,81,954,33,6,7,46,8.682590987,97,35,2.782392322,9.831567735,9.148804836,8.199285796,478,21,6,4,31,476,12,0,3,15,509,491,22,13,72,25
11,1000,10,5.13,10.3,18,37,85,956,21,13,10,44,8.650746382,102,34,2.921171614,10.33445072,9.26415965,8.077673638,454,13,8,8,29,502,8,5,2,15,483,517,16,18,71,31
9,1000,10,5.13,10.3,18,37,91,944,37,12,7,56,8.68434617,106,38,2.704304651,10.01023164,9.095227627,8.254979248,478,19,10,4,33,466,18,2,3,23,511,489,22,16,84,22
10,1000,10,5.13,10.3,18,37,87,951,30,10,9,49,8.740914051,107,37,2.834825217,10.29789432,9.05590435,8.428433634,463,22,6,7,35,488,8,4,2,14,498,502,20,17,82,25
15,1000,10,5.13,10.3,18,37,78,958,22,10,10,42,8.666988231,101,34,2.916693536,10.11809413,8.876878141,8.469324917,460,12,6,7,25,498,10,4,3,17,485,515,19,15,73,28
16,1000,10,5.13,10.3,18,37,63,949,28,10,13,51,8.479774081,98,25,2.735328543,10.0507301,8.454847583,8.501967617,446,15,6,4,25,503,13,4,9,26,471,529,11,14,74,24
12,1000,10,5.13,10.3,18,37,86,943,41,10,6,57,8.727726191,109,38,2.861957906,9.987546252,9.069629014,8.370441236,480,21,6,4,31,463,20,4,2,26,511,489,19,19,81,28
14,1000,10,5.13,10.3,18,37,81,950,46,3,1,50,8.144768943,97,38,2.904133806,10.00809393,8.188862718,8.099604064,487,17,2,0,19,463,29,1,1,31,506,494,25,13,79,18
13,1000,10,5.13,10.3,18,37,82,953,33,7,7,47,8.73218407,115,35,2.791247585,9.843873953,9.233833825,8.212143896,477,21,7,4,32,476,12,0,3,15,509,491,22,13,88,27
11,1000,10,5.13,10.3,18,37,86,957,21,12,10,43,8.644875417,104,35,2.941430022,10.34860127,9.255495016,8.07441262,455,13,7,8,28,502,8,5,2,15,483,517,23,12,68,36
9,1000,10,5.13,10.3,18,37,92,944,37,12,7,56,8.707636027,129,28,2.704113932,10.01069643,9.121304253,8.275356961,478,19,10,4,33,466,18,2,3,23,511,489,17,11,97,32
10,1000,10,5.13,10.3,18,37,88,950,31,10,9,50,8.741411028,113,34,2.848915291,10.31544402,9.053054731,8.432250541,463,22,6,7,35,487,9,4,2,15,498,502,19,15,85,28
15,1000,10,5.13,10.3,18,37,79,957,23,10,10,43,8.686073572,87,33,2.922043111,10.15964455,8.916162474,8.469387908,459,13,6,7,26,498,10,4,3,17,485,515,22,11,60,27
12,1000,10,5.13,10.3,18,37,87,942,43,10,5,58,8.759559073,118,31,2.862879906,10.02309403,9.081618548,8.423010215,481,21,6,3,30,461,22,4,2,28,511,489,22,9,97,21
16,1000,10,5.13,10.3,18,37,64,950,27,10,13,50,8.488044841,104,37,2.736462277,10.06613293,8.46027483,8.512770124,446,15,6,4,25,504,12,4,9,25,471,529,22,15,73,31
14,1000,10,5.13,10.3,18,37,82,950,46,3,1,50,8.155408826,115,38,2.912554096,10.01325166,8.183449816,8.126686678,487,17,2,0,19,463,29,1,1,31,506,494,21,17,85,30
11,1000,10,5.13,10.3,18,37,87,957,21,12,10,43,8.657451188,112,35,2.933125315,10.3612736,9.26338489,8.091366125,455,13,7,8,28,502,8,5,2,15,483,517,17,18,86,26
13,1000,10,5.13,10.3,18,37,83,953,31,8,8,47,8.778723,98,41,2.792372307,9.840697697,9.283644483,8.255291158,477,19,8,5,32,476,12,0,3,15,509,491,25,16,74,24
9,1000,10,5.13,10.3,18,37,93,944,37,12,7,56,8.733023075,107,32,2.707555185,10.03223841,9.142849531,8.304758618,478,19,10,4,33,466,18,2,3,23,511,489,19,13,81,26
10,1000,10,5.13,10.3,18,37,89,950,31,10,9,50,8.726763926,140,28,2.844039147,10.32716358,9.081343074,8.37501011,463,22,5,8,35,487,9,5,1,15,498,502,20,8,114,26
15,1000,10,5.13,10.3,18,37,80,957,23,10,10,43,8.692672214,96,41,2.911483451,10.19108674,8.954941209,8.445681025,459,13,6,7,26,498,10,4,3,17,485,515,27,14,79,17
12,1000,10,5.13,10.3,18,37,88,941,43,11,5,59,8.796274848,99,41,2.893529306,10.06170639,9.115198403,8.463002995,481,21,6,3,30,460,22,5,2,29,511,489,31,10,80,19
11,1000,10,5.13,10.3,18,37,88,954,23,12,11,46,8.658512545,108,30,2.929718582,10.37220164,9.299142839,8.060012677,452,15,7,9,31,502,8,5,2,15,483,517,18,12,78,30
14,1000,10,5.13,10.3,18,37,83,950,46,3,1,50,8.157479361,108,32,2.924221955,10.03640155,8.195439683,8.118596925,487,17,2,0,19,463,29,1,1,31,506,494,24,8,86,22
13,1000,10,5.13,10.3,18,37,84,953,31,8,8,47,8.76771306,98,45,2.800540599,9.884129339,9.294857007,8.22124408,477,19,8,5,32,476,12,0,3,15,509,491,27,18,70,28
16,1000,10,5.13,10.3,18,37,65,950,28,10,12,50,8.483438102,94,39,2.722971891,10.09632842,8.496157789,8.472113012,446,15,6,4,25,504,13,4,8,25,471,529,24,15,69,25
9,1000,10,5.13,10.3,18,37,94,945,36,12,7,55,8.744252616,103,41,2.705897665,10.04558576,9.182189481,8.286613069,478,19,10,4,33,467,17,2,3,22,511,489,29,12,75,28
10,1000,10,5.13,10.3,18,37,90,950,32,9,9,50,8.749504915,110,33,2.858752926,10.33908915,9.12752119,8.374500722,462,23,5,8,36,488,9,4,1,14,498,502,18,15,84,26
15,1000,10,5.13,10.3,18,37,81,957,23,10,10,43,8.734706941,114,33,2.913598529,10.21526075,9.015515922,8.470255765,459,13,6,7,26,498,10,4,3,17,485,515,23,10,91,23
12,1000,10,5.13,10.3,18,37,89,941,43,11,5,59,8.820330779,121,37,2.911412086,10.11346972,9.13483727,8.491674711,481,21,6,3,30,460,22,5,2,29,511,489,22,15,89,32
11,1000,10,5.13,10.3,18,37,89,954,23,12,11,46,8.666440509,114,42,2.926644149,10.41006157,9.313552303,8.06188539,453,14,7,9,30,501,9,5,2,16,483,517,23,19,88,26
14,1000,10,5.13,10.3,18,37,84,950,45,4,1,50,8.189009005,108,34,2.929245062,10.08815639,8.215233018,8.162147971,487,16,3,0,19,463,29,1,1,31,506,494,20,14,77,31
13,1000,10,5.13,10.3,18,37,85,952,32,8,8,48,8.771758407,111,35,2.817425375,9.908824439,9.299342554,8.22483309,477,19,8,5,32,475,13,0,3,16,509,491,22,13,81,30
16,1000,10,5.13,10.3,18,37,66,950,28,10,12,50,8.493779452,108,38,2.72047835,10.13191783,8.519045182,8.471283878,446,15,6,4,25,504,13,4,8,25,471,529,23,15,81,27
9,1000,10,5.13,10.3,18,37,95,945,36,12,7,55,8.791022309,136,43,2.684841878,10.04707357,9.249835465,8.311567251,478,19,10,4,33,467,17,2,3,22,511,489,29,14,96,40
10,1000,10,5.13,10.3,18,37,91,950,32,9,9,50,8.753936055,99,36,2.868544278,10.35115008,9.131793313,8.379089611,462,23,5,8,36,488,9,4,1,14,498,502,26,10,83,16
15,1000,10,5.13,10.3,18,37,82,957,24,9,10,43,8.731260011,101,49,2.917976651,10.24769254,9.008607327,8.470068848,459,13,6,7,26,498,11,3,3,17,485,515,24,25,76,25
12,1000,10,5.13,10.3,18,37,90,940,44,11,5,60,8.833613133,117,37,2.913355342,10.13466529,9.166416556,8.485836959,481,21,6,3,30,459,23,5,2,30,511,489,21,16,85,32
11,1000,10,5.13,10.3,18,37,90,954,23,12,11,46,8.663259699,111,31,2.946793923,10.41285999,9.329447426,8.040883157,453,14,7,9,30,501,9,5,2,16,483,517,21,10,81,30
14,1000,10,5.13,10.3,18,37,85,953,42,4,1,47,8.169424753,105,37,2.930564425,10.12029162,8.251303577,8.085556971,487,16,3,0,19,466,26,1,1,28,506,494,22,15,83,22
13,1000,10,5.13,10.3,18,37,86,951,32,9,8,49,8.785455834,114,37,2.814810095,9.914328402,9.323326198,8.227867208,476,20,8,5,33,475,12,1,3,16,509,491,27,10,84,30
9,1000,10,5.13,10.3,18,37,96,945,36,12,7,55,8.81617123,97,24,2.681846924,10.05637479,9.26472403,8.34743814,477,20,10,4,34,468,16,2,3,21,511,489,14,10,73,24
10,1000,10,5.13,10.3,18,37,92,951,31,9,9,49,8.751704385,105,38,2.850361173,10.37089455,9.149063673,8.357511306,462,23,5,8,36,489,8,4,1,13,498,502,23,15,74,31
16,1000,10,5.13,10.3,18,37,67,950,29,10,11,50,8.515984302,103,37,2.73590012,10.16124315,8.576015455,8.462535014,446,15,6,4,25,504,14,4,7,25,471,529,27,10,78,25
15,1000,10,5.13,10.3,18,37,83,957,24,9,10,43,8.738103586,98,39,2.928340347,10.24681204,9.057077424,8.437710748,459,13,6,7,26,498,11,3,3,17,485,515,23,16,74,24
12,1000,10,5.13,10.3,18,37,91,939,42,13,6,61,8.87177343,92,43,2.925412556,10.15127912,9.202151068,8.526532177,480,19,8,4,31,459,23,5,2,30,511,489,25,18,75,17
11,1000,10,5.13,10.3,18,37,91,954,23,12,11,46,8.682023468,94,33,2.953832531,10.45824884,9.350424251,8.057579409,453,14,7,9,30,501,9,5,2,16,483,517,17,16,74,20
14,1000,10,5.13,10.3,18,37,86,954,41,4,1,46,8.192306341,104,41,2.924334352,10.15748993,8.301027031,8.080944663,487,16,3,0,19,467,25,1,1,27,506,494,26,15,84,20
13,1000,10,5.13,10.3,18,37,87,949,34,9,8,51,8.835279504,109,33,2.820773765,9.945421062,9.359834511,8.291494374,475,21,8,5,34,474,13,1,3,17,509,491,20,13,86,23
9,1000,10,5.13,10.3,18,37,97,943,36,14,7,57,8.848443906,106,37,2.695383155,10.05272781,9.33354454,8.341518703,475,20,12,4,36,468,16,2,3,21,511,489,23,14,78,28
10,1000,10,5.13,10.3,18,37,93,949,33,9,9,51,8.774382662,108,40,2.86438846,10.37150006,9.182691514,8.369327267,461,24,5,8,37,488,9,4,1,14,498,502,22,18,85,23
16,1000,10,5.13,10.3,18,37,68,950,29,10,11,50,8.5780731,113,38,2.755499541,10.19406495,8.650304538,8.513761177,446,15,6,4,25,504,14,4,7,25,471,529,23,15,81,32
15,1000,10,5.13,10.3,18,37,84,954,27,9,10,46,8.749806805,113,38,2.93182237,10.2683,9.087055042,8.432204096,458,14,6,7,27,496,13,3,3,19,485,515,20,18,89,24
12,1000,10,5.13,10.3,18,37,92,939,42,12,7,61,8.903369923,99,43,2.924108985,10.18114807,9.260545534,8.530125062,480,19,8,4,31,459,23,4,3,30,511,489,30,13,75,24
11,1000,10,5.13,10.3,18,37,92,954,23,12,11,46,8.722146488,122,46,2.939345986,10.48714875,9.351776591,8.133923394,453,14,7,9,30,501,9,5,2,16,483,517,31,15,98,24
14,1000,10,5.13,10.3,18,37,87,955,40,4,1,45,8.198776283,123,41,2.956088078,10.16107796,8.342854756,8.051197928,487,16,3,0,19,468,24,1,1,26,506,494,27,14,98,25
13,1000,10,5.13,10.3,18,37,88,948,35,9,8,52,8.86777151,109,41,2.818557776,9.962640931,9.425527712,8.289568034,474,22,8,5,35,474,13,1,3,17,509,491,26,15,91,18
9,1000,10,5.13,10.3,18,37,98,941,38,14,7,59,8.84278262,95,33,2.688844488,10.0509057,9.338299271,8.324972787,474,21,12,4,37,467,17,2,3,22,511,489,20,13,69,26
10,1000,10,5.13,10.3,18,37,94,949,33,9,9,51,8.790032976,122,28,2.872824756,10.36771783,9.201802202,8.381544779,461,24,5,8,37,488,9,4,1,14,498,502,17,11,94,28
15,1000,10,5.13,10.3,18,37,85,954,26,10,10,46,8.784518319,106,36,2.944640667,10.28794039,9.132482413,8.456823978,458,13,7,7,27,496,13,3,3,19,485,515,22,14,88,18
12,1000,10,5.13,10.3,18,37,93,940,41,11,8,60,8.915369219,97,28,2.949273284,10.20817605,9.288036831,8.525935374,480,19,7,5,31,460,22,4,3,29,511,489,18,10,78,19
16,1000,10,5.13,10.3,18,37,69,951,29,9,11,49,8.58775424,104,31,2.761404191,10.20131009,8.706078628,8.482403037,446,15,6,4,25,505,14,3,7,24,471,529,23,8,72,32
11,1000,10,5.13,10.3,18,37,93,954,22,13,11,46,8.754071214,114,37,2.971837872,10.52668511,9.392480281,8.157646495,453,13,8,9,30,501,9,5,2,16,483,517,23,14,86,28
14,1000,10,5.13,10.3,18,37,88,955,39,5,1,45,8.234343431,109,51,2.976153892,10.21325061,8.402435975,8.062167668,487,16,3,0,19,468,23,2,1,26,506,494,34,17,83,26
13,1000,10,5.13,10.3,18,37,89,945,38,9,8,55,8.888864122,101,44,2.828718447,9.997596134,9.462978204,8.293703088,474,22,8,5,35,471,16,1,3,20,509,491,22,22,81,20
9,1000,10,5.13,10.3,18,37,99,942,37,14,7,58,8.82023558,112,44,2.688395255,10.05387074,9.311591779,8.306773375,474,21,12,4,37,468,16,2,3,21,511,489,25,19,94,18
10,1000,10,5.13,10.3,18,37,95,949,33,9,9,51,8.804516378,119,39,2.87657529,10.38777268,9.231661828,8.380774479,461,24,5,8,37,488,9,4,1,14,498,502,24,15,92,27
15,1000,10,5.13,10.3,18,37,86,952,27,11,10,48,8.808842607,110,35,2.973639566,10.31492768,9.175263047,8.463767047,457,14,7,7,28,495,13,4,3,20,485,515,20,15,77,33
12,1000,10,5.13,10.3,18,37,94,938,43,11,8,62,8.922828754,102,29,2.95782751,10.20927567,9.296773163,8.53206067,480,19,7,5,31,458,24,4,3,31,511,489,21,8,78,24
16,1000,10,5.13,10.3,18,37,70,950,30,9,11,50,8.640269723,82,38,2.766360011,10.22375032,8.783428988,8.512806559,445,16,6,4,26,505,14,3,7,24,471,529,24,14,55,27
11,1000,10,5.13,10.3,18,37,94,955,21,13,11,45,8.735346859,120,48,2.975044888,10.55679257,9.380977158,8.132175806,453,13,8,9,30,502,8,5,2,15,483,517,31,17,90,30
14,1000,10,5.13,10.3,18,37,89,956,37,6,1,44,8.241692164,97,48,2.994824034,10.24420279,8.445514255,8.032918929,487,15,4,0,19,469,22,2,1,25,506,494,28,20,73,24
13,1000,10,5.13,10.3,18,37,90,945,37,10,8,55,8.896471944,101,36,2.832568569,10.02705066,9.469745331,8.302182425,474,21,9,5,35,471,16,1,3,20,509,491,26,10,70,31
10,1000,10,5.13,10.3,18,37,96,950,32,9,9,50,8.782782246,112,36,2.89271219,10.42108822,9.220739428,8.348314762,462,23,5,8,36,488,9,4,1,14,498,502,23,13,82,30
9,1000,10,5.13,10.3,18,37,100,941,37,14,8,59,8.836788424,98,37,2.690076101,10.06437967,9.332365896,8.318915034,473,22,12,4,38,468,15,2,4,21,511,489,20,17,75,23
15,1000,10,5.13,10.3,18,37,87,950,29,10,11,50,8.83040862,97,47,2.985291284,10.32709808,9.210547308,8.472413934,455,16,6,8,30,495,13,4,3,20,485,515,26,21,73,24
12,1000,10,5.13,10.3,18,37,95,939,43,11,7,61,8.951502164,97,42,2.970404821,10.23633185,9.356891381,8.527874578,480,19,7,5,31,459,24,4,2,30,511,489,26,16,77,20
11,1000,10,5.13,10.3,18,37,95,955,21,13,11,45,8.764057987,99,42,2.989264229,10.58322196,9.437974433,8.134460999,453,13,8,9,30,502,8,5,2,15,483,517,27,15,82,17
16,1000,10,5.13,10.3,18,37,71,948,32,9,11,52,8.658065214,97,40,2.787670903,10.25056009,8.800128534,8.531577834,444,17,6,4,27,504,15,3,7,25,471,529,24,16,71,26
14,1000,10,5.13,10.3,18,37,90,955,38,6,1,45,8.279572956,101,39,2.984102861,10.27691725,8.522606898,8.030635355,486,16,4,0,20,469,22,2,1,25,506,494,19,20,82,19
10,1000,10,5.13,10.3,18,37,97,948,34,9,9,52,8.791382755,109,37,2.90164898,10.41511516,9.233255514,8.353030895,460,25,5,8,38,488,9,4,1,14,498,502,27,10,91,18
13,1000,10,5.13,10.3,18,37,91,945,37,10,8,55,8.910856878,86,30,2.832211458,10.03575351,9.487920413,8.312638263,474,21,9,5,35,471,16,1,3,20,509,491,23,7,71,15
9,1000,10,5.13,10.3,18,37,101,942,35,15,8,58,8.813914726,117,31,2.682069286,10.0848808,9.326722345,8.278036006,474,21,12,4,37,468,14,3,4,21,511,489,24,7,97,20
15,1000,10,5.13,10.3,18,37,88,950,29,10,11,50,8.847617531,117,33,3.00227237,10.36550111,9.254148798,8.464767697,455,16,6,8,30,495,13,4,3,20,485,515,17,16,94,23
12,1000,10,5.13,10.3,18,37,96,938,44,11,7,62,8.99670526,111,44,2.962363301,10.2363509,9.393920683,8.581619205,480,19,7,5,31,458,25,4,2,31,511,489,28,16,81,30
11,1000,10,5.13,10.3,18,37,96,955,21,13,11,45,8.768369665,112,36,2.99754911,10.61125269,9.435507123,8.14510585,453,13,8,9,30,502,8,5,2,15,483,517,25,11,91,21
14,1000,10,5.13,10.3,18,37,91,955,38,6,1,45,8.304662913,117,46,2.998535645,10.29548611,8.523948261,8.080050795,486,16,4,0,20,469,22,2,1,25,506,494,27,19,88,29
16,1000,10,5.13,10.3,18,37,72,949,31,9,11,51,8.642003527,104,46,2.788140301,10.2386666,8.821466577,8.482216956,443,18,6,4,28,506,13,3,7,23,471,529,25,21,80,24
10,1000,10,5.13,10.3,18,37,98,946,36,9,9,54,8.842925709,97,41,2.89648936,10.45167038,9.292711207,8.396724159,460,25,5,8,38,486,11,4,1,16,498,502,23,18,76,21
9,1000,10,5.13,10.3,18,37,102,942,34,16,8,58,8.863995033,110,37,2.693327382,10.10082661,9.401408702,8.302403244,473,22,12,4,38,469,12,4,4,20,511,489,20,17,79,31
13,1000,10,5.13,10.3,18,37,92,945,37,10,8,55,8.94491215,102,33,2.835185609,10.04968529,9.547510192,8.320222938,474,21,9,5,35,471,16,1,3,20,509,491,20,13,83,19
15,1000,10,5.13,10.3,18,37,89,950,30,9,11,50,8.856552279,110,34,3.021120742,10.41310268,9.258942287,8.477602465,455,16,6,8,30,495,14,3,3,20,485,515,20,14,89,21
12,1000,10,5.13,10.3,18,37,97,940,43,10,7,60,8.990618328,92,39,2.996926541,10.266585,9.418405201,8.54358542,480,19,7,5,31,460,24,3,2,29,511,489,27,12,76,16
11,1000,10,5.13,10.3,18,37,97,955,21,13,11,45,8.778819808,130,41,3.007446381,10.66927618,9.477809843,8.12579817,453,13,8,9,30,502,8,5,2,15,483,517,28,13,97,33
14,1000,10,5.13,10.3,18,37,92,954,38,7,1,46,8.34587995,93,36,3.008159708,10.30436122,8.573205421,8.113032403,485,17,4,0,21,469,21,3,1,25,506,494,28,8,73,20
10,1000,10,5.13,10.3,18,37,99,946,36,9,9,54,8.832637939,119,39,2.890955634,10.47650703,9.317156927,8.351979661,460,25,5,8,38,486,11,4,1,16,498,502,29,10,92,27
9,1000,10,5.13,10.3,18,37,103,942,35,16,7,58,8.847637546,96,23,2.677777853,10.12995131,9.4189193,8.250653954,473,22,12,4,38,469,13,4,3,20,511,489,12,11,71,25
13,1000,10,5.13,10.3,18,37,93,945,36,11,8,55,8.971032634,115,39,2.846217524,10.07425631,9.610765342,8.307847403,474,20,10,5,35,471,16,1,3,20,509,491,28,11,89,26
16,1000,10,5.13,10.3,18,37,73,951,31,9,9,49,8.652045147,119,31,2.7926898,10.24002877,8.843771552,8.481339785,443,18,6,4,28,508,13,3,5,21,471,529,23,8,90,29
15,1000,10,5.13,10.3,18,37,90,950,30,9,11,50,8.862577118,102,38,3.003144698,10.43394731,9.264665128,8.48391171,455,16,6,8,30,495,14,3,3,20,485,515,25,13,79,23
12,1000,10,5.13,10.3,18,37,98,940,43,9,8,60,9.033804033,130,32,3.00438608,10.31153928,9.484614893,8.562711293,480,19,6,6,31,460,24,3,2,29,511,489,23,9,102,28
11,1000,10,5.13,10.3,18,37,98,955,21,13,11,45,8.78920133,97,38,3.01900086,10.6935094,9.483136594,8.140902041,453,13,8,9,30,502,8,5,2,15,483,517,30,8,75,22
10,1000,10,5.13,10.3,18,37,100,946,35,10,9,54,8.84229427,105,32,2.895518503,10.49644522,9.395056219,8.293936799,460,24,6,8,38,486,11,4,1,16,498,502,22,10,76,29
14,1000,10,5.13,10.3,18,37,93,954,38,7,1,46,8.367037187,100,35,3.020202439,10.32064627,8.628005817,8.099729237,485,17,4,0,21,469,21,3,1,25,506,494,21,14,73,27
9,1000,10,5.13,10.3,18,37,104,941,36,16,7,59,8.895121699,106,40,2.67438904,10.14161005,9.473491847,8.290730808,472,23,12,4,39,469,13,4,3,20,511,489,27,13,85,21
17,1000,10,5.13,10.3,18,37,0,935,29,20,16,65,7.349,84,33,2.505474481,9.061030262,6.875,7.8625,492,15,9,4,28,443,14,11,12,37,520,480,12,21,52,32
13,1000,10,5.13,10.3,18,37,94,946,35,11,8,54,8.967601541,93,34,2.853070364,10.09668168,9.61484527,8.296629936,475,19,10,5,34,471,16,1,3,20,509,491,19,15,74,19
16,1000,10,5.13,10.3,18,37,74,949,34,9,8,51,8.660722908,94,49,2.794269151,10.23869158,8.85283169,8.489677092,443,18,6,4,28,506,16,3,4,23,471,529,30,19,76,18
15,1000,10,5.13,10.3,18,37,91,951,29,9,11,49,8.874832732,114,40,3.028173409,10.43130348,9.275696911,8.497319864,456,15,6,8,29,495,14,3,3,20,485,515,26,14,88,26
12,1000,10,5.13,10.3,18,37,99,940,44,9,7,60,9.029348456,102,32,3.002241623,10.32642651,9.51054952,8.526498264,480,19,6,6,31,460,25,3,1,29,511,489,24,8,79,23
11,1000,10,5.13,10.3,18,37,99,953,24,11,12,47,8.818495223,119,34,3.029224959,10.72382255,9.533659616,8.150362918,451,16,6,10,32,502,8,5,2,15,483,517,24,10,90,29
10,1000,10,5.13,10.3,18,37,101,945,36,10,9,55,8.907120664,107,38,2.900051582,10.5262206,9.423710579,8.394647003,460,24,6,8,38,485,12,4,1,17,498,502,20,18,81,26
14,1000,10,5.13,10.3,18,37,94,953,39,7,1,47,8.385112215,112,36,3.021417218,10.33762708,8.638326565,8.12574691,484,18,4,0,22,469,21,3,1,25,506,494,26,10,83,29
17,1000,10,5.13,10.3,18,37,1,936,28,19,17,64,7.391885869,74,35,2.511454026,9.074357862,6.919696772,7.903424058,491,16,9,4,29,445,12,10,13,35,520,480,22,13,48,26
13,1000,10,5.13,10.3,18,37,95,946,36,10,8,54,8.989678829,120,29,2.83723365,10.13564835,9.680926417,8.273090189,474,20,10,5,35,472,16,0,3,19,509,491,20,9,104,16
15,1000,10,5.13,10.3,18,37,92,952,28,9,11,48,8.886484983,94,32,3.037157051,10.45307264,9.309758849,8.487867847,455,16,6,8,30,497,12,3,3,18,485,515,17,15,75,19
12,1000,10,5.13,10.3,18,37,100,939,44,10,7,61,9.029423368,105,39,2.999125908,10.34019713,9.560780818,8.474160266,478,21,6,6,33,461,23,4,1,28,511,489,26,13,85,20
16,1000,10,5.13,10.3,18,37,75,947,37,9,7,53,8.675653993,100,34,2.80373095,10.258427,8.902725106,8.473479146,442,19,6,4,29,505,18,3,3,24,471,529,20,14,74,26
11,1000,10,5.13,10.3,18,37,100,952,25,11,12,48,8.828786684,106,37,3.030902717,10.73832147,9.574375363,8.132230917,450,17,6,10,33,502,8,5,2,15,483,517,29,8,85,21
10,1000,10,5.13,10.3,18,37,102,944,37,10,9,56,8.914198381,115,31,2.939315668,10.55617174,9.44676188,8.385878415,460,24,6,8,38,484,13,4,1,18,498,502,22,9,92,23
14,1000,10,5.13,10.3,18,37,95,952,40,7,1,48,8.398129653,117,47,3.022312555,10.35860838,8.695346816,8.093692639,483,19,4,0,23,469,21,3,1,25,506,494,27,20,92,25
13,1000,10,5.13,10.3,18,37,96,945,37,9,9,55,9.017826863,113,32,2.846171674,10.1843103,9.730880122,8.278633159,473,21,9,6,36,472,16,0,3,19,509,491,21,11,82,31
17,1000,10,5.13,10.3,18,37,2,936,29,17,18,64,7.386955373,100,35,2.520257882,9.075234744,6.957051365,7.852684715,490,17,8,5,30,446,12,9,13,34,520,480,15,20,67,33
12,1000,10,5.13,10.3,18,37,101,939,44,10,7,61,9.050471558,117,41,2.995283123,10.36626361,9.583551622,8.493408341,478,21,6,6,33,461,23,4,1,28,511,489,24,17,93,24
15,1000,10,5.13,10.3,18,37,93,953,27,9,11,47,8.91418196,134,40,3.026646179,10.47541171,9.387942455,8.468019164,455,16,6,8,30,498,11,3,3,17,485,515,26,14,97,37
11,1000,10,5.13,10.3,18,37,101,953,24,10,13,47,8.839827178,115,23,3.024633361,10.77134785,9.599875742,8.129762465,450,17,6,10,33,503,7,4,3,14,483,517,12,11,93,22
16,1000,10,5.13,10.3,18,37,76,945,40,8,7,55,8.681131979,97,42,2.835065626,10.27487724,8.958762411,8.433941179,440,21,5,5,31,505,19,3,2,24,471,529,27,15,80,17
10,1000,10,5.13,10.3,18,37,103,945,37,9,9,55,8.908728076,102,55,2.946700479,10.58043888,9.448755356,8.373003801,460,24,6,8,38,485,13,3,1,17,498,502,30,25,81,21
14,1000,10,5.13,10.3,18,37,96,954,38,7,1,46,8.407537321,101,36,3.046169608,10.37450975,8.713347828,8.094298218,484,18,4,0,22,470,20,3,1,24,506,494,28,8,74,27
13,1000,10,5.13,10.3,18,37,97,945,37,10,8,55,9.030948559,94,29,2.843866831,10.19937741,9.733109515,8.303046469,473,22,9,5,36,472,15,1,3,19,509,491,18,11,67,27
17,1000,10,5.13,10.3,18,37,3,934,32,17,17,66,7.430554689,78,28,2.52691054,9.090934624,7.033668151,7.860515105,488,19,8,5,32,446,13,9,12,34,520,480,17,11,52,26
12,1000,10,5.13,10.3,18,37,102,939,44,10,7,61,9.072861678,102,40,2.994030755,10.38085778,9.613114684,8.508302812,478,21,6,6,33,461,23,4,1,28,511,489,28,12,79,23
15,1000,10,5.13,10.3,18,37,94,952,28,9,11,48,8.935796297,124,38,3.010696006,10.48201304,9.439449403,8.461482207,454,17,6,8,31,498,11,3,3,17,485,515,24,14,102,22
11,1000,10,5.13,10.3,18,37,102,953,23,11,13,47,8.853986167,116,34,3.033510251,10.82419923,9.63030204,8.12872395,450,16,7,10,33,503,7,4,3,14,483,517,21,13,99,17
16,1000,10,5.13,10.3,18,37,77,945,40,8,7,55,8.699224319,105,39,2.839470917,10.29692682,8.983809799,8.445841027,440,21,5,5,31,505,19,3,2,24,471,529,22,17,79,26
10,1000,10,5.13,10.3,18,37,104,944,38,9,9,56,8.909115906,109,33,2.943548764,10.6106109,9.449887588,8.372653162,460,24,6,8,38,484,14,3,1,18,498,502,25,8,88,21
18,1000,10,5.13,10.3,18,37,0,946,30,12,12,54,7.37,93,22,2.492238939,9.039684278,6.758264463,7.94379845,466,11,3,4,18,480,19,9,8,36,484,516,11,11,60,33
14,1000,10,5.13,10.3,18,37,97,953,38,8,1,47,8.430661098,108,41,3.055221354,10.4075045,8.770240819,8.082832476,484,17,5,0,22,469,21,3,1,25,506,494,29,12,86,22
13,1000,10,5.13,10.3,18,37,98,946,36,10,8,54,9.039011735,102,48,2.828595891,10.24277271,9.726132352,8.32670136,474,21,9,5,35,472,15,1,3,19,509,491,38,10,85,17
15,1000,10,5.13,10.3,18,37,95,952,29,9,10,48,8.971295275,89,51,3.01170814,10.49874112,9.46473282,8.506601663,454,17,6,8,31,498,12,3,2,17,485,515,28,23,71,18
12,1000,10,5.13,10.3,18,37,103,940,43,9,8,60,9.05003648,116,33,3.005584305,10.39912868,9.634982886,8.438773466,478,21,5,7,33,462,22,4,1,27,511,489,25,8,91,25
17,1000,10,5.13,10.3,18,37,4,934,32,17,17,66,7.444182005,88,32,2.528245305,9.110079552,7.053755649,7.867143891,488,19,8,5,32,446,13,9,12,34,520,480,19,13,56,32
11,1000,10,5.13,10.3,18,37,103,953,22,12,13,47,8.845529437,121,44,3.031922439,10.8437111,9.660066944,8.084559194,450,15,8,10,33,503,7,4,3,14,483,517,31,13,94,27
16,1000,10,5.13,10.3,18,37,78,947,40,6,7,53,8.694200049,111,43,2.83638265,10.30007457,9.00178433,8.420339565,441,21,4,5,30,506,19,2,2,23,471,529,27,16,81,30
18,1000,10,5.13,10.3,18,37,1,947,29,12,12,53,7.408482367,84,38,2.494967399,9.052139805,6.829377101,7.951674129,466,11,3,4,18,481,18,9,8,35,484,516,22,16,57,27
14,1000,10,5.13,10.3,18,37,98,953,38,7,2,47,8.45630438,103,47,3.085318204,10.41400321,8.840984951,8.062279341,483,18,5,0,23,470,20,2,2,24,506,494,31,16,81,22
13,1000,10,5.13,10.3,18,37,99,946,35,11,8,54,9.079998611,127,40,2.852045719,10.27557118,9.812751973,8.320382599,474,20,10,5,35,472,15,1,3,19,509,491,30,10,97,30
15,1000,10,5.13,10.3,18,37,96,950,30,10,10,50,8.995038911,107,42,3.024138806,10.53065663,9.5176119,8.502907068,453,17,7,8,32,497,13,3,2,18,485,515,27,15,85,22
12,1000,10,5.13,10.3,18,37,104,940,43,9,8,60,9.057051004,115,42,3.010422259,10.43531622,9.678245682,8.407908917,477,22,5,7,34,463,21,4,1,26,511,489,26,16,86,29
19,1000,10,5.13,10.3,18,37,0,952,27,13,8,48,6.818,96,28,2.470959525,8.511024958,6.395910781,7.30952381,516,15,6,1,22,436,12,7,7,26,538,462,12,16,56,40
17,1000,10,5.13,10.3,18,37,5,936,30,17,17,64,7.444087782,94,30,2.526965616,9.144280736,7.035570656,7.886648003,490,17,8,5,30,446,13,9,12,34,520,480,14,16,63,31
11,1000,10,5.13,10.3,18,37,104,953,22,12,13,47,8.864515094,126,38,3.050099865,10.86314059,9.674913339,8.107411899,450,15,8,10,33,503,7,4,3,14,483,517,29,9,101,25
20,1000,10,5.13,10.3,18,37,0,948,24,19,9,52,7.108,93,32,2.541847925,8.92114245,6.337254902,7.910204082,492,9,5,4,18,456,15,14,5,34,510,490,16,16,58,35
18,1000,10,5.13,10.3,18,37,2,945,30,13,12,55,7.459319239,85,21,2.49317233,9.081891316,6.877757848,8.004814808,466,10,4,4,18,479,20,9,8,37,484,516,10,11,56,29
14,1000,10,5.13,10.3,18,37,99,951,38,9,2,49,8.467454943,132,35,3.096497178,10.45256936,8.882009082,8.042830664,482,18,6,0,24,469,20,3,2,25,506,494,23,12,98,34
16,1000,10,5.13,10.3,18,37,79,947,39,7,7,53,8.711343909,114,34,2.854623658,10.34393708,9.035005604,8.423168751,441,21,4,5,30,506,18,3,2,23,471,529,26,8,86,28
15,1000,10,5.13,10.3,18,37,97,949,31,10,10,51,9.007901138,100,55,3.014441283,10.56050961,9.548870481,8.498444572,452,18,7,8,33,497,13,3,2,18,485,515,42,13,80,20
13,1000,10,5.13,10.3,18,37,100,946,35,11,8,54,9.116137602,111,46,2.863899181,10.32363422,9.85995849,8.345048332,474,20,10,5,35,472,15,1,3,19,509,491,32,14,91,20
19,1000,10,5.13,10.3,18,37,1,953,26,13,8,47,6.830140894,81,31,2.466152986,8.523013089,6.405623586,7.324492219,517,14,6,1,21,436,12,7,7,26,538,462,13,18,51,30
17,1000,10,5.13,10.3,18,37,6,936,30,17,17,64,7.486252086,88,36,2.51874232,9.151572063,7.082700408,7.92343307,490,16,9,5,30,446,14,8,12,34,520,480,23,13,62,26
20,1000,10,5.13,10.3,18,37,1,948,24,19,9,52,7.126724724,105,30,2.537295186,8.92400905,6.344137283,7.94125451,492,9,5,4,18,456,15,14,5,34,510,490,19,11,70,35
18,1000,10,5.13,10.3,18,37,3,946,29,13,12,54,7.470307966,88,34,2.493968904,9.102328473,6.887929675,8.016569773,466,10,4,4,18,480,19,9,8,36,484,516,20,14,69,19
14,1000,10,5.13,10.3,18,37,100,950,38,10,2,50,8.537488068,100,31,3.095955128,10.46064118,8.940004578,8.125193828,482,18,6,0,24,468,20,4,2,26,506,494,24,7,70,30
15,1000,10,5.13,10.3,18,37,98,950,30,10,10,50,9.016718192,105,36,3.033255001,10.57350128,9.570426384,8.495264846,452,18,7,8,33,498,12,3,2,17,485,515,22,14,76,29
13,1000,10,5.13,10.3,18,37,101,947,34,11,8,53,9.128366907,112,28,2.873403091,10.33928833,9.9170683,8.310751819,473,20,11,5,36,474,14,0,3,17,509,491,17,11,86,26
16,1000,10,5.13,10.3,18,37,80,948,39,6,7,52,8.705159739,95,28,2.855173681,10.35483404,9.065456661,8.384366072,441,21,4,5,30,507,18,2,2,22,471,529,16,12,75,20
19,1000,10,5.13,10.3,18,37,2,953,26,13,8,47,6.845152947,72,22,2.476735438,8.535838251,6.421864272,7.338073524,517,14,6,1,21,436,12,7,7,26,538,462,11,11,39,33
17,1000,10,5.13,10.3,18,37,7,936,30,18,16,64,7.510343849,90,23,2.512310068,9.159707798,7.091512825,7.964077458,490,16,10,4,30,446,14,8,12,34,520,480,10,13,52,38
20,1000,10,5.13,10.3,18,37,2,947,27,18,8,53,7.154365894,92,32,2.528444268,8.934935489,6.391000869,7.948888675,491,10,5,4,19,456,17,13,4,34,510,490,14,18,60,32
14,1000,10,5.13,10.3,18,37,101,950,37,10,3,50,8.583448978,105,46,3.102288508,10.48466288,9.027235529,8.128882187,482,17,6,1,24,468,20,4,2,26,506,494,29,17,84,21
18,1000,10,5.13,10.3,18,37,4,946,30,12,12,54,7.497064839,85,44,2.492846309,9.098141616,6.951134528,8.009139008,465,11,4,4,19,481,19,8,8,35,484,516,23,21,61,24
15,1000,10,5.13,10.3,18,37,99,948,32,10,10,52,9.030400959,126,36,3.034246005,10.61041786,9.572551825,8.519831696,452,18,7,8,33,496,14,3,2,19,485,515,24,12,96,30
13,1000,10,5.13,10.3,18,37,102,945,34,12,9,55,9.166675189,108,32,2.891989603,10.37581422,10.00939839,8.29305786,472,20,12,5,37,473,14,0,4,18,509,491,26,6,83,25
16,1000,10,5.13,10.3,18,37,81,948,39,6,7,52,8.724477344,100,26,2.885482916,10.38247733,9.074791567,8.412571864,441,21,4,5,30,507,18,2,2,22,471,529,14,12,78,22
19,1000,10,5.13,10.3,18,37,3,952,30,12,6,48,6.859660491,94,30,2.488195985,8.527669638,6.476806614,7.305494659,516,16,5,1,22,436,14,7,5,26,538,462,18,12,64,30
17,1000,10,5.13,10.3,18,37,8,936,30,18,16,64,7.562281911,100,26,2.513422908,9.156004936,7.133112445,8.0272155,490,16,10,4,30,446,14,8,12,34,520,480,10,16,68,32
20,1000,10,5.13,10.3,18,37,3,948,26,17,9,52,7.193241891,88,29,2.53142394,8.925101342,6.461419208,7.954934887,491,10,5,4,19,457,16,12,5,33,510,490,19,10,55,33
14,1000,10,5.13,10.3,18,37,102,946,39,12,3,54,8.580190552,125,38,3.118543804,10.5193013,9.052220484,8.096694306,478,21,6,1,28,468,18,6,2,26,506,494,28,10,101,24
15,1000,10,5.13,10.3,18,37,100,948,32,10,10,52,9.046003684,120,47,3.027775288,10.63328484,9.563602687,8.55855608,452,18,7,8,33,496,14,3,2,19,485,515,30,17,100,20
18,1000,10,5.13,10.3,18,37,5,946,29,13,12,54,7.539038632,88,30,2.510504538,9.095623776,7.00735645,8.037748276,465,11,4,4,19,481,18,9,8,35,484,516,19,11,56,32
13,1000,10,5.13,10.3,18,37,103,944,35,12,9,56,9.198675329,112,31,2.898274451,10.39016195,10.06373884,8.301898697,471,21,12,5,38,473,14,0,4,18,509,491,21,10,85,27
16,1000,10,5.13,10.3,18,37,82,948,39,6,7,52,8.75182651,109,42,2.882388321,10.40138374,9.118327341,8.425509135,441,21,4,5,30,507,18,2,2,22,471,529,26,16,87,22
19,1000,10,5.13,10.3,18,37,4,952,31,12,5,48,6.87945989,90,28,2.513583189,8.544535189,6.513448617,7.30568081,515,17,5,1,23,437,14,7,4,25,538,462,18,10,56,34
17,1000,10,5.13,10.3,18,37,9,939,28,16,17,61,7.567657032,81,34,2.51151258,9.164492244,7.118408803,8.054342615,492,14,10,4,28,447,14,6,13,33,520,480,16,18,52,29
20,1000,10,5.13,10.3,18,37,4,950,25,15,10,50,7.205469558,98,30,2.528374157,8.936466815,6.442518214,7.999561775,493,9,4,4,17,457,16,11,6,33,510,490,16,14,65,33
15,1000,10,5.13,10.3,18,37,101,948,32,10,10,52,9.058964252,119,39,3.030197823,10.66306134,9.608267151,8.541659579,451,19,7,8,34,497,13,3,2,18,485,515,25,14,93,26
14,1000,10,5.13,10.3,18,37,103,946,39,11,4,54,8.635471101,98,46,3.116644194,10.55308903,9.15400772,8.104338451,477,22,5,2,29,469,17,6,2,25,506,494,30,16,75,23
18,1000,10,5.13,10.3,18,37,6,947,29,12,12,53,7.526954332,113,31,2.513086963,9.129959478,6.995535732,8.025416739,465,11,4,4,19,482,18,8,8,34,484,516,15,16,78,35
13,1000,10,5.13,10.3,18,37,104,944,35,12,9,56,9.202372593,103,35,2.903320267,10.42207366,10.08726882,8.285036176,470,22,12,5,39,474,13,0,4,17,509,491,24,11,77,26
21,1000,10,5.13,10.3,18,37,0,951,23,13,13,49,6.86,84,30,2.515226582,8.595566179,6.109433962,7.706382979,512,13,3,2,18,439,10,10,11,31,530,470,15,15,62,22
16,1000,10,5.13,10.3,18,37,83,949,39,5,7,51,8.770891982,100,35,2.876414754,10.441216,9.131720607,8.449624907,442,21,3,5,29,507,18,2,2,22,471,529,25,10,80,20
19,1000,10,5.13,10.3,18,37,5,952,31,12,5,48,6.915714232,99,27,2.527226566,8.552860611,6.54481742,7.347624373,515,17,5,1,23,437,14,7,4,25,538,462,10,17,65,34
17,1000,10,5.13,10.3,18,37,10,940,26,17,17,60,7.604445086,100,38,2.512731891,9.196668115,7.148161553,8.098752247,493,12,11,4,27,447,14,6,13,33,520,480,16,22,70,30
20,1000,10,5.13,10.3,18,37,5,950,25,15,10,50,7.241025366,86,19,2.526292615,8.953483548,6.475220302,8.038087779,493,9,4,4,17,457,16,11,6,33,510,490,9,10,59,27
15,1000,10,5.13,10.3,18,37,102,948,32,10,10,52,9.050170348,110,36,3.047368986,10.67188845,9.596065528,8.536074887,451,19,7,8,34,497,13,3,2,18,485,515,21,15,80,30
14,1000,10,5.13,10.3,18,37,104,947,39,10,4,53,8.625574841,117,42,3.131948592,10.5798664,9.163973435,8.074097738,477,22,5,2,29,470,17,5,2,24,506,494,27,15,85,32
22,1000,10,5.13,10.3,18,37,0,942,25,19,14,58,7.171,68,33,2.487492546,8.972931854,6.609284333,7.772256729,496,12,7,2,21,446,13,12,12,37,517,483,16,17,44,24
18,1000,10,5.13,10.3,18,37,7,947,28,13,12,53,7.57781842,104,28,2.499748675,9.134411235,7.070320643,8.053843467,465,11,4,4,19,482,17,9,8,34,484,516,13,15,66,38
21,1000,10,5.13,10.3,18,37,1,952,23,12,13,48,6.872689943,107,27,2.511290756,8.608970151,6.144189184,7.694190798,512,13,3,2,18,440,10,9,11,30,530,470,15,12,68,39
19,1000,10,5.13,10.3,18,37,6,953,29,13,5,47,6.916171381,86,29,2.519656121,8.563278353,6.571977562,7.316985827,515,16,6,1,23,438,13,7,4,24,538,462,14,15,57,29
16,1000,10,5.13,10.3,18,37,84,950,38,5,7,50,8.784931695,110,41,2.869428491,10.45546518,9.170994956,8.441196731,442,21,3,5,29,508,17,2,2,21,471,529,24,17,82,28
17,1000,10,5.13,10.3,18,37,11,942,26,15,17,58,7.615695344,88,42,2.51007682,9.224605027,7.124606857,8.147707871,494,11,11,4,26,448,15,4,13,32,520,480,20,22,61,27
20,1000,10,5.13,10.3,18,37,6,953,23,14,10,47,7.256640699,103,24,2.531546133,8.970033177,6.543848525,7.998526431,492,10,4,4,18,461,13,10,6,29,510,490,12,12,73,30
15,1000,10,5.13,10.3,18,37,103,948,32,10,10,52,9.061990627,124,32,3.05302609,10.68889983,9.635111082,8.522255829,451,19,7,8,34,497,13,3,2,18,485,515,20,12,103,21
22,1000,10,5.13,10.3,18,37,1,943,25,18,14,57,7.196490101,86,24,2.486862494,8.988441005,6.632872165,7.799783006,496,12,7,2,21,447,13,11,12,36,517,483,14,10,61,25
18,1000,10,5.13,10.3,18,37,8,947,28,13,12,53,7.600340993,99,24,2.517515237,9.139026053,7.100047807,8.069608245,464,12,4,4,20,483,16,9,8,33,484,516,17,7,71,28
21,1000,10,5.13,10.3,18,37,2,951,24,13,12,49,6.885481165,88,29,2.528892982,8.629421862,6.15086864,7.713874012,512,13,3,2,18,439,11,10,10,31,530,470,19,10,59,29
19,1000,10,5.13,10.3,18,37,7,954,27,14,5,46,6.922258511,99,19,2.494509556,8.57817094,6.593673637,7.304896307,516,14,7,1,22,438,13,7,4,24,538,462,12,7,68,31
17,1000,10,5.13,10.3,18,37,12,941,28,14,17,59,7.655083657,106,20,2.528483277,9.246622259,7.191235891,8.157585403,493,13,10,4,27,448,15,4,13,32,520,480,11,9,74,32
16,1000,10,5.13,10.3,18,37,85,950,38,6,6,50,8.771141648,128,34,2.88151087,10.46157853,9.148330115,8.435308438,441,22,4,4,30,509,16,2,2,20,471,529,23,11,97,31
15,1000,10,5.13,10.3,18,37,104,947,33,9,11,53,9.075495288,126,47,3.066370159,10.71882203,9.680657753,8.505585007,451,19,6,9,34,496,14,3,2,19,485,515,27,20,96,30
20,1000,10,5.13,10.3,18,37,7,955,21,14,10,45,7.277677314,83,32,2.521927085,8.965447364,6.591351387,7.992016545,492,10,4,4,18,463,11,10,6,27,510,490,16,16,55,28
23,1000,10,5.13,10.3,18,37,0,938,35,12,15,62,7.307,95,36,2.556621018,9.049128319,6.662674651,7.953907816,479,14,5,3,22,459,21,7,12,40,501,499,20,16,65,30
22,1000,10,5.13,10.3,18,37,2,944,24,18,14,56,7.197484695,90,34,2.499118239,9.003611335,6.648661322,7.784941598,496,12,7,2,21,448,12,11,12,35,517,483,20,14,56,34
18,1000,10,5.13,10.3,18,37,9,948,27,13,12,52,7.637140819,91,40,2.520941996,9.140761627,7.148989163,8.095019504,465,11,4,4,19,483,16,9,8,33,484,516,23,17,69,22
21,1000,10,5.13,10.3,18,37,3,951,24,13,12,49,6.94577615,99,22,2.517519835,8.624228665,6.24491526,7.736108644,512,13,3,2,18,439,11,10,10,31,530,470,7,15,66,33
19,1000,10,5.13,10.3,18,37,8,956,26,13,5,44,6.933558022,92,33,2.484926622,8.582304315,6.644651302,7.269990522,516,14,7,1,22,440,12,6,4,22,538,462,18,15,61,31
17,1000,10,5.13,10.3,18,37,13,940,30,13,17,60,7.713991641,108,40,2.52781654,9.264824146,7.205237479,8.265141982,494,13,9,4,26,446,17,4,13,34,520,480,20,20,68,40
16,1000,10,5.13,10.3,18,37,86,950,37,5,8,50,8.818015956,109,49,2.892781646,10.47781256,9.176157815,8.499141068,441,22,3,5,30,509,15,2,3,20,471,529,30,19,81,28
20,1000,10,5.13,10.3,18,37,8,955,22,12,11,45,7.328356802,105,24,2.522265438,8.976808237,6.649603148,8.034814688,491,11,4,4,19,464,11,8,7,26,510,490,12,12,71,34
23,1000,10,5.13,10.3,18,37,1,940,34,10,16,60,7.324741968,80,41,2.567706933,9.067985371,6.682003168,7.970056876,479,14,5,3,22,461,20,5,13,38,501,499,29,12,57,23
22,1000,10,5.13,10.3,18,37,3,945,23,18,14,55,7.224697377,83,33,2.498607333,8.991333674,6.686204135,7.801096975,497,11,7,2,20,448,12,11,12,35,517,483,20,13,57,26
18,1000,10,5.13,10.3,18,37,10,948,28,12,12,52,7.640656651,86,36,2.511174042,9.166593979,7.168723403,8.083322721,465,11,4,4,19,483,17,8,8,33,484,516,23,13,65,21
21,1000,10,5.13,10.3,18,37,4,956,22,11,11,44,6.940273518,87,33,2.517907417,8.615930314,6.277951683,7.687147077,513,12,3,2,17,443,10,8,9,27,530,470,16,17,60,27
19,1000,10,5.13,10.3,18,37,9,957,26,12,5,43,6.963185719,88,35,2.487701015,8.594593914,6.702440664,7.266823901,516,14,7,1,22,441,12,5,4,21,538,462,17,18,62,26
17,1000,10,5.13,10.3,18,37,14,939,32,12,17,61,7.775047824,91,28,2.53057724,9.273766436,7.241751431,8.352785584,493,15,8,4,27,446,17,4,13,34,520,480,18,10,63,28
20,1000,10,5.13,10.3,18,37,9,954,23,12,11,46,7.347165846,106,32,2.529606679,9.001627719,6.687433813,8.033825717,491,11,4,4,19,463,12,8,7,27,510,490,18,14,64,42
23,1000,10,5.13,10.3,18,37,2,942,33,10,15,58,7.341111569,93,41,2.562137898,9.111668355,6.677799347,8.007082357,481,13,5,2,20,461,20,5,13,38,501,499,25,16,67,26
16,1000,10,5.13,10.3,18,37,87,949,38,5,8,51,8.808865935,123,38,2.900105343,10.4845853,9.189905631,8.469603749,440,23,3,5,31,509,15,2,3,20,471,529,22,16,95,28
22,1000,10,5.13,10.3,18,37,4,946,21,19,14,54,7.232122971,91,30,2.513151812,9.005933662,6.690099466,7.81230134,497,10,8,2,20,449,11,11,12,34,517,483,22,8,62,29
18,1000,10,5.13,10.3,18,37,11,947,29,12,12,53,7.682830631,108,32,2.509744334,9.181128851,7.176031308,8.158200538,465,11,4,4,19,482,18,8,8,34,484,516,23,9,76,32
21,1000,10,5.13,10.3,18,37,5,955,21,12,12,45,6.996019253,83,29,2.515742793,8.626358285,6.34126482,7.734359359,513,12,3,2,17,442,9,9,10,28,530,470,16,13,53,30
19,1000,10,5.13,10.3,18,37,10,957,26,12,5,43,7.003833119,90,31,2.490618168,8.595504556,6.746527238,7.303466374,516,14,7,1,22,441,12,5,4,21,538,462,18,13,62,28
17,1000,10,5.13,10.3,18,37,15,939,32,12,17,61,7.80755038,85,27,2.51786741,9.271904293,7.25873472,8.402100678,493,15,8,4,27,446,17,4,13,34,520,480,15,12,65,20
20,1000,10,5.13,10.3,18,37,10,954,23,12,11,46,7.359460734,91,29,2.529046653,8.99695235,6.659746891,8.087734326,491,11,4,4,19,463,12,8,7,27,510,490,16,13,62,29
23,1000,10,5.13,10.3,18,37,3,944,32,10,14,56,7.316082653,103,36,2.554655143,9.123417705,6.68635409,7.948335178,481,13,5,2,20,463,19,5,12,36,501,499,22,14,68,35
16,1000,10,5.13,10.3,18,37,88,951,35,6,8,49,8.823067946,107,30,2.907804236,10.50847536,9.231785116,8.459162865,440,22,4,5,31,511,13,2,3,18,471,529,15,15,80,27
22,1000,10,5.13,10.3,18,37,5,947,19,20,14,53,7.223433581,90,30,2.518938396,9.029133584,6.704002516,7.779429152,496,10,9,2,21,451,9,11,12,32,517,483,15,15,68,22
18,1000,10,5.13,10.3,18,37,12,949,27,12,12,51,7.690769251,113,31,2.51201066,9.192076572,7.202441357,8.148813245,465,11,4,4,19,484,16,8,8,32,484,516,21,10,80,33
21,1000,10,5.13,10.3,18,37,6,957,20,10,13,43,7.014093614,105,34,2.502858222,8.654259738,6.357115371,7.75494142,513,12,3,2,17,444,8,7,11,26,530,470,15,19,71,34
19,1000,10,5.13,10.3,18,37,11,958,25,12,5,42,7.029157916,97,38,2.482390559,8.608215583,6.773828148,7.326489983,516,14,7,1,22,442,11,5,4,20,538,462,26,12,65,32
17,1000,10,5.13,10.3,18,37,16,939,32,11,18,61,7.855337061,108,31,2.528732077,9.290223533,7.296085476,8.461192945,494,14,7,5,26,445,18,4,13,35,520,480,23,8,66,42
20,1000,10,5.13,10.3,18,37,11,955,23,12,10,45,7.37622743,95,23,2.542644411,9.006154897,6.693724043,8.086588098,491,11,4,4,19,464,12,8,6,26,510,490,6,17,65,30
23,1000,10,5.13,10.3,18,37,4,945,31,10,14,55,7.322016163,82,36,2.548504524,9.152943584,6.699439776,7.947087847,482,12,5,2,19,463,19,5,12,36,501,499,18,18,51,31
18,1000,10,5.13,10.3,18,37,13,949,27,11,13,51,7.740438908,78,30,2.517294688,9.180325687,7.242922966,8.207101149,465,11,4,4,19,484,16,7,9,32,484,516,13,17,57,21
22,1000,10,5.13,10.3,18,37,6,944,22,19,15,56,7.267992495,92,31,2.515033708,9.037185315,6.75594491,7.816084839,495,11,8,3,22,449,11,11,12,34,517,483,17,14,59,33
16,1000,10,5.13,10.3,18,37,89,952,36,6,6,48,8.800826035,116,30,2.910994549,10.52015888,9.25312226,8.398119945,440,22,4,5,31,512,14,2,1,17,471,529,22,8,93,23
21,1000,10,5.13,10.3,18,37,7,954,23,10,13,46,7.028946328,98,32,2.489277115,8.670371586,6.415707676,7.720470765,511,14,3,2,19,443,9,7,11,27,530,470,19,13,67,31
19,1000,10,5.13,10.3,18,37,12,959,24,12,5,41,7.072779564,96,32,2.491911171,8.614875562,6.828924522,7.356749288,516,14,7,1,22,443,10,5,4,19,538,462,16,16,66,30
17,1000,10,5.13,10.3,18,37,17,939,32,12,17,61,7.870237435,98,31,2.539572895,9.303823292,7.321132926,8.465100653,494,14,7,5,26,445,18,5,12,35,520,480,21,10,64,34
20,1000,10,5.13,10.3,18,37,12,955,23,12,10,45,7.385321627,104,29,2.538181274,8.987785029,6.733063211,8.064202836,491,11,4,4,19,464,12,8,6,26,510,490,19,10,64,40
23,1000,10,5.13,10.3,18,37,5,946,30,10,14,54,7.345000503,91,31,2.549283363,9.15631621,6.722113904,7.970383641,482,12,5,2,19,464,18,5,12,35,501,499,15,16,63,28
18,1000,10,5.13,10.3,18,37,14,949,27,12,12,51,7.761920522,85,21,2.506665488,9.198649742,7.258890925,8.233754485,465,11,5,3,19,484,16,7,9,32,484,516,13,8,61,24
22,1000,10,5.13,10.3,18,37,7,945,22,19,14,55,7.274980869,109,28,2.520421172,9.037164347,6.779892186,7.804920516,495,11,8,3,22,450,11,11,11,33,517,483,15,13,78,31
21,1000,10,5.13,10.3,18,37,8,955,22,10,13,45,7.043109903,101,34,2.485258715,8.667219104,6.452927637,7.708634586,511,14,3,2,19,444,8,7,11,26,530,470,16,18,63,38
16,1000,10,5.13,10.3,18,37,90,950,38,6,6,50,8.830899884,100,39,2.916193141,10.54157569,9.274893386,8.435586199,438,24,4,5,33,512,14,2,1,17,471,529,32,7,71,29
19,1000,10,5.13,10.3,18,37,13,959,24,12,5,41,7.087193846,89,26,2.487199573,8.604930965,6.85721025,7.355010241,516,14,7,1,22,443,10,5,4,19,538,462,14,12,60,29
17,1000,10,5.13,10.3,18,37,18,939,31,13,17,61,7.923477855,110,31,2.535637421,9.308653319,7.413644514,8.475797308,494,14,7,5,26,445,17,6,12,35,520,480,14,17,71,39
20,1000,10,5.13,10.3,18,37,13,954,24,10,12,46,7.399272033,110,21,2.544980812,8.995827319,6.7549024,8.069942467,491,11,3,5,19,463,13,7,7,27,510,490,14,7,72,38
23,1000,10,5.13,10.3,18,37,6,948,27,10,15,52,7.36983948,99,30,2.541237417,9.162452094,6.794204834,7.947781279,482,11,5,3,19,466,16,5,12,33,501,499,15,15,62,37
18,1000,10,5.13,10.3,18,37,15,952,27,9,12,48,7.72065494,99,24,2.518650395,9.23473332,7.254711084,8.157703052,466,11,4,3,18,486,16,5,9,30,484,516,12,12,67,32
22,1000,10,5.13,10.3,18,37,8,947,23,17,13,53,7.280072025,101,25,2.526751825,9.045264615,6.823296662,7.769001346,496,11,7,3,21,451,12,10,10,32,517,483,12,13,73,28
21,1000,10,5.13,10.3,18,37,9,955,22,10,13,45,7.050163006,91,30,2.48856823,8.666704198,6.461656173,7.713798371,511,14,3,2,19,444,8,7,11,26,530,470,16,14,63,28
19,1000,10,5.13,10.3,18,37,14,958,25,12,5,42,7.103188696,81,25,2.503646226,8.607658025,6.864293559,7.3813826,516,14,7,1,22,442,11,5,4,20,538,462,12,13,55,26
16,1000,10,5.13,10.3,18,37,91,950,38,6,6,50,8.852519809,109,37,2.913508366,10.5652297,9.303720593,8.450789054,438,24,4,5,33,512,14,2,1,17,471,529,22,15,81,28
20,1000,10,5.13,10.3,18,37,14,953,25,10,12,47,7.445528754,93,23,2.538603094,8.996676605,6.803597611,8.113661169,491,11,3,5,19,462,14,7,7,28,510,490,12,11,53,40
17,1000,10,5.13,10.3,18,37,19,940,31,11,18,60,7.952781111,102,27,2.542059288,9.336717548,7.441299595,8.506886086,495,14,6,5,25,445,17,5,13,35,520,480,12,15,65,37
23,1000,10,5.13,10.3,18,37,7,948,26,12,14,52,7.424096449,88,31,2.552691067,9.195192818,6.859744908,7.990709919,482,10,6,3,19,466,16,6,11,33,501,499,14,17,64,24
18,1000,10,5.13,10.3,18,37,16,952,27,9,12,48,7.744900586,82,38,2.516161717,9.237735299,7.272506453,8.187998958,466,11,4,3,18,486,16,5,9,30,484,516,22,16,62,20
22,1000,10,5.13,10.3,18,37,9,949,20,18,13,51,7.330382307,104,34,2.536623125,9.082256683,6.893095298,7.798451425,497,8,9,3,20,452,12,9,10,31,517,483,19,15,62,42
21,1000,10,5.13,10.3,18,37,10,956,22,9,13,44,7.047177794,84,34,2.480360754,8.650237016,6.498843202,7.665512548,511,14,3,2,19,445,8,6,11,25,530,470,13,21,55,29
19,1000,10,5.13,10.3,18,37,15,958,25,12,5,42,7.123032168,79,41,2.502942174,8.621497147,6.888561255,7.396074053,516,14,7,1,22,442,11,5,4,20,538,462,20,21,48,31
20,1000,10,5.13,10.3,18,37,15,955,24,10,11,45,7.416974432,98,23,2.522565464,9.007220017,6.768692378,8.091716978,491,12,3,4,19,464,12,7,7,26,510,490,14,9,64,34
17,1000,10,5.13,10.3,18,37,20,942,29,11,18,58,7.972707022,114,28,2.528758717,9.350333226,7.479297578,8.50723392,496,13,6,5,24,446,16,5,13,34,520,480,13,15,74,40
16,1000,10,5.13,10.3,18,37,92,948,40,6,6,52,8.861272979,120,35,2.932394819,10.59408113,9.341335811,8.433844636,437,25,4,5,34,511,15,2,1,18,471,529,18,17,94,26
23,1000,10,5.13,10.3,18,37,8,948,27,12,13,52,7.4688931,109,25,2.554353451,9.21515175,6.903845623,8.036205296,482,10,6,3,19,466,17,6,10,33,501,499,13,12,69,40
18,1000,10,5.13,10.3,18,37,17,951,27,10,12,49,7.773117983,97,34,2.521991072,9.245085913,7.290553754,8.225755748,466,11,4,3,18,485,16,6,9,31,484,516,19,15,60,37
22,1000,10,5.13,10.3,18,37,10,951,18,18,13,49,7.33513588,96,33,2.540890833,9.088275598,6.908857283,7.791421666,498,7,9,3,19,453,11,9,10,30,517,483,15,18,60,36
19,1000,10,5.13,10.3,18,37,16,960,22,13,5,40,7.157667391,95,42,2.529968888,8.630111666,6.917455607,7.437394532,516,14,7,1,22,444,8,6,4,18,538,462,23,19,57,38
21,1000,10,5.13,10.3,18,37,11,955,23,9,13,45,7.108033205,91,34,2.499807178,8.655925024,6.55563229,7.730953386,511,14,3,2,19,444,9,6,11,26,530,470,22,12,61,30
20,1000,10,5.13,10.3,18,37,16,955,24,10,11,45,7.415074781,76,28,2.517991584,9.007367446,6.765623981,8.091033776,491,12,3,4,19,464,12,7,7,26,510,490,17,11,49,27
17,1000,10,5.13,10.3,18,37,21,942,29,11,18,58,7.992892173,87,31,2.534791484,9.355930833,7.529084221,8.495350787,496,13,6,5,24,446,16,5,13,34,520,480,18,13,57,30
23,1000,10,5.13,10.3,18,37,9,948,27,12,13,52,7.492881946,89,25,2.589818135,9.23000761,6.914650377,8.073431076,482,10,6,3,19,466,17,6,10,33,501,499,16,9,60,29
16,1000,10,5.13,10.3,18,37,93,948,41,5,6,52,8.89197905,109,36,2.94569387,10.61183576,9.365447188,8.470422353,437,26,3,5,34,511,15,2,1,18,471,529,24,12,83,26
18,1000,10,5.13,10.3,18,37,18,953,27,8,12,47,7.764886027,87,29,2.516963515,9.241232692,7.319874829,8.182299633,466,11,4,3,18,487,16,4,9,29,484,516,18,11,62,25
22,1000,10,5.13,10.3,18,37,11,951,17,19,13,49,7.364900505,112,16,2.554554776,9.094209068,6.960913053,7.797325996,498,6,10,3,19,453,11,9,10,30,517,483,12,4,73,39
19,1000,10,5.13,10.3,18,37,17,964,22,9,5,36,7.155038765,89,32,2.552100984,8.64623182,6.911999395,7.438058638,518,14,5,1,20,446,8,4,4,16,538,462,15,17,53,36
21,1000,10,5.13,10.3,18,37,12,954,26,9,11,46,7.098467528,108,30,2.512780819,8.678117905,6.569796722,7.694628224,511,14,3,2,19,443,12,6,9,27,530,470,12,18,76,32
20,1000,10,5.13,10.3,18,37,17,955,24,10,11,45,7.415732964,97,32,2.51554677,9.022834677,6.799630199,8.05698278,491,12,3,4,19,464,12,7,7,26,510,490,18,14,67,30
17,1000,10,5.13,10.3,18,37,22,941,31,11,17,59,8.013393899,82,25,2.542570082,9.368583325,7.569542992,8.494232383,495,14,6,5,25,446,17,5,12,34,520,480,11,14,52,30
23,1000,10,5.13,10.3,18,37,10,948,27,12,13,52,7.520149249,109,28,2.587474425,9.231121103,6.962841036,8.079691161,482,10,6,3,19,466,17,6,10,33,501,499,17,11,71,38
18,1000,10,5.13,10.3,18,37,19,952,28,7,13,48,7.783470103,119,36,2.518063183,9.262877778,7.333211937,8.205805283,465,12,4,3,19,487,16,3,10,29,484,516,18,18,76,43
16,1000,10,5.13,10.3,18,37,94,949,40,5,6,51,8.894285896,112,39,2.957850026,10.63372048,9.444100974,8.404753001,437,26,3,5,34,512,14,2,1,17,471,529,27,12,81,31
22,1000,10,5.13,10.3,18,37,12,950,19,18,13,50,7.402829152,91,38,2.549351846,9.106529841,6.946153506,7.891651738,498,7,9,3,19,452,12,9,10,31,517,483,17,21,62,29
19,1000,10,5.13,10.3,18,37,18,964,21,10,5,36,7.167812911,87,27,2.547168749,8.646873747,6.930355765,7.444332272,518,14,5,1,20,446,7,5,4,16,538,462,19,8,55,32
21,1000,10,5.13,10.3,18,37,13,954,26,9,11,46,7.121288995,94,32,2.518408701,8.695123024,6.603326783,7.705374043,511,14,3,2,19,443,12,6,9,27,530,470,19,13,67,27
20,1000,10,5.13,10.3,18,37,18,953,26,10,11,47,7.469213114,88,32,2.51187771,9.042614549,6.87469835,8.087993787,491,12,3,4,19,462,14,7,7,28,510,490,18,14,58,30
17,1000,10,5.13,10.3,18,37,23,943,30,10,17,57,7.98693642,106,27,2.538671948,9.381536664,7.597802582,8.408498077,495,14,6,5,25,448,16,4,12,32,520,480,17,10,77,29
23,1000,10,5.13,10.3,18,37,11,950,25,12,13,50,7.509317661,100,31,2.592183475,9.251303038,7.014682607,8.00593522,482,10,6,3,19,468,15,6,10,31,501,499,15,16,66,34
18,1000,10,5.13,10.3,18,37,20,952,26,9,13,48,7.82310213,86,33,2.517974832,9.282386557,7.37894778,8.239712023,466,10,5,3,18,486,16,4,10,30,484,516,23,10,66,20
16,1000,10,5.13,10.3,18,37,95,947,42,5,6,53,8.920757035,110,41,2.964237775,10.65036867,9.500265783,8.404786109,436,27,3,5,35,511,15,2,1,18,471,529,22,19,84,26
22,1000,10,5.13,10.3,18,37,13,951,18,18,13,49,7.448240314,88,23,2.549227664,9.105921742,7.006744586,7.920814416,498,7,9,3,19,453,11,9,10,30,517,483,12,11,60,28
19,1000,10,5.13,10.3,18,37,19,964,20,11,5,36,7.188588051,93,25,2.562025458,8.649937787,6.951898998,7.464212966,518,14,5,1,20,446,6,6,4,16,538,462,12,13,64,29
21,1000,10,5.13,10.3,18,37,14,953,25,11,11,47,7.18594051,90,26,2.523586338,8.701961256,6.680194957,7.756249324,510,15,3,2,20,443,10,8,9,27,530,470,15,11,59,31
20,1000,10,5.13,10.3,18,37,19,953,26,11,10,47,7.502195983,98,30,2.513940595,9.06203934,6.893148693,8.136102345,491,12,4,3,19,462,14,7,7,28,510,490,21,9,63,35
17,1000,10,5.13,10.3,18,37,24,943,30,10,17,57,8.007817209,98,32,2.548435975,9.397130229,7.63049433,8.416583661,495,14,6,5,25,448,16,4,12,32,520,480,16,16,67,31
23,1000,10,5.13,10.3,18,37,12,951,24,12,13,49,7.541131147,95,36,2.589259804,9.259592517,7.066749184,8.01741444,482,10,6,3,19,469,14,6,10,30,501,499,21,15,68,27
18,1000,10,5.13,10.3,18,37,21,952,26,9,13,48,7.830639734,87,25,2.523916779,9.303672086,7.421280611,8.214612245,466,10,5,3,18,486,16,4,10,30,484,516,15,10,61,26
19,1000,10,5.13,10.3,18,37,20,964,20,11,5,36,7.196704683,99,36,2.541213362,8.641665607,6.98401066,7.444387334,518,14,5,1,20,446,6,6,4,16,538,462,17,19,68,31
22,1000,10,5.13,10.3,18,37,14,953,19,17,11,47,7.446351044,96,35,2.544800927,9.111208142,7.041528763,7.87967013,498,7,9,3,19,455,12,8,8,28,517,483,16,19,63,33
16,1000,10,5.13,10.3,18,37,96,947,42,5,6,53,8.927795681,106,39,2.982875364,10.68552729,9.541780194,8.381128941,436,27,3,5,35,511,15,2,1,18,471,529,25,14,87,19
21,1000,10,5.13,10.3,18,37,15,953,26,11,10,47,7.193704608,103,39,2.524282896,8.699367583,6.697425043,7.753339012,510,15,3,2,20,443,11,8,8,27,530,470,21,18,61,42
20,1000,10,5.13,10.3,18,37,20,952,27,11,10,48,7.578827317,96,40,2.511598388,9.073478999,7.009184563,8.171720796,491,12,4,3,19,461,15,7,7,29,510,490,23,17,72,24
17,1000,10,5.13,10.3,18,37,25,943,30,10,17,57,8.038246395,93,28,2.557302192,9.392807381,7.657410751,8.450818343,495,14,6,5,25,448,16,4,12,32,520,480,14,14,62,31
23,1000,10,5.13,10.3,18,37,13,953,23,12,12,47,7.563457186,104,27,2.584655178,9.294064187,7.122277096,8.006405533,482,10,6,3,19,471,13,6,9,28,501,499,15,12,69,35
18,1000,10,5.13,10.3,18,37,22,956,24,7,13,44,7.805010318,94,23,2.51809803,9.33046677,7.368057758,8.214865044,469,9,3,3,15,487,15,4,10,29,484,516,12,11,65,29
19,1000,10,5.13,10.3,18,37,21,965,19,11,5,35,7.193935553,94,30,2.563173996,8.658689706,6.979817686,7.443276273,518,14,5,1,20,447,5,6,4,15,538,462,17,13,69,25
22,1000,10,5.13,10.3,18,37,15,952,20,17,11,48,7.466479825,100,34,2.532373315,9.12971585,7.079519497,7.880679596,498,7,9,3,19,454,13,8,8,29,517,483,19,15,69,31
21,1000,10,5.13,10.3,18,37,16,954,26,11,9,46,7.210134605,87,37,2.539226726,8.686957188,6.727920444,7.753908021,510,15,3,2,20,444,11,8,7,26,530,470,22,15,56,31
16,1000,10,5.13,10.3,18,37,97,948,41,5,6,52,8.935781893,109,37,2.990464045,10.70149802,9.576325491,8.365468028,436,27,3,5,35,512,14,2,1,17,471,529,26,11,89,20
20,1000,10,5.13,10.3,18,37,21,953,27,11,9,47,7.595341297,109,35,2.522767378,9.086091942,7.026944178,8.186938298,491,12,4,3,19,462,15,7,6,28,510,490,18,17,78,31
17,1000,10,5.13,10.3,18,37,26,943,29,11,17,57,8.088107372,87,27,2.549988373,9.405638362,7.719599099,8.487324667,495,14,6,5,25,448,15,5,12,32,520,480,14,13,61,26
23,1000,10,5.13,10.3,18,37,14,954,23,11,12,46,7.548409252,108,23,2.594945936,9.304712628,7.15033802,7.948075961,482,10,6,3,19,472,13,5,9,27,501,499,9,14,65,43
18,1000,10,5.13,10.3,18,37,23,955,24,8,13,45,7.851588531,105,33,2.530117136,9.3301721,7.399000842,8.276108767,469,9,3,3,15,486,15,5,10,30,484,516,19,14,78,27
19,1000,10,5.13,10.3,18,37,22,966,18,11,5,34,7.184657585,90,25,2.561458066,8.678466279,6.998812966,7.401074047,518,14,5,1,20,448,4,6,4,14,538,462,14,11,72,18
22,1000,10,5.13,10.3,18,37,16,952,20,17,11,48,7.48538023,92,32,2.539119829,9.12987444,7.126800365,7.869201741,498,7,9,3,19,454,13,8,8,29,517,483,14,18,54,38
21,1000,10,5.13,10.3,18,37,17,954,26,11,9,46,7.221857663,89,26,2.566893592,8.70308928,6.746262243,7.758167391,510,15,3,2,20,444,11,8,7,26,530,470,10,16,59,30
20,1000,10,5.13,10.3,18,37,22,953,27,10,10,47,7.628399638,101,38,2.5177191,9.10375716,7.094974457,8.183597275,491,12,3,4,19,462,15,7,6,28,510,490,27,11,73,28
16,1000,10,5.13,10.3,18,37,98,948,41,5,6,52,8.917378011,108,38,2.995507767,10.71736245,9.580801448,8.326692871,436,27,3,5,35,512,14,2,1,17,471,529,23,15,84,24
17,1000,10,5.13,10.3,18,37,27,943,29,11,17,57,8.10770937,89,33,2.556152717,9.402395684,7.749917171,8.495317586,495,14,6,5,25,448,15,5,12,32,520,480,18,15,56,33
23,1000,10,5.13,10.3,18,37,15,952,25,11,12,48,7.578755871,83,27,2.591561251,9.339229348,7.213524169,7.945451428,481,11,6,3,20,471,14,5,9,28,501,499,17,10,54,29
18,1000,10,5.13,10.3,18,37,24,958,22,8,12,42,7.85204059,108,28,2.528890066,9.336143579,7.416379962,8.260683506,469,9,3,3,15,489,13,5,9,27,484,516,16,12,75,33
19,1000,10,5.13,10.3,18,37,23,966,19,10,5,34,7.204329808,100,21,2.569242977,8.677457005,7.012686742,7.427498574,519,14,4,1,19,447,5,6,4,15,538,462,10,11,64,36
22,1000,10,5.13,10.3,18,37,17,953,19,17,11,47,7.505677572,82,34,2.53587182,9.136472364,7.15426266,7.881829767,498,7,9,3,19,455,12,8,8,28,517,483,19,15,58,24
21,1000,10,5.13,10.3,18,37,18,954,26,11,9,46,7.258877751,91,30,2.586332194,8.702266772,6.806680777,7.768801998,510,15,3,2,20,444,11,8,7,26,530,470,18,12,62,29
20,1000,10,5.13,10.3,18,37,23,953,25,12,10,47,7.628821261,90,31,2.512296846,9.088043609,7.131531984,8.146408059,491,11,4,4,19,462,14,8,6,28,510,490,14,17,65,25
23,1000,10,5.13,10.3,18,37,16,953,25,10,12,47,7.586794295,100,36,2.588627713,9.331899141,7.209886426,7.965212817,482,11,5,3,19,471,14,5,9,28,501,499,20,16,71,29
17,1000,10,5.13,10.3,18,37,28,943,28,12,17,57,8.162063387,89,37,2.573645535,9.404744977,7.824328096,8.527943285,495,14,6,5,25,448,14,6,12,32,520,480,16,21,55,34
16,1000,10,5.13,10.3,18,37,99,947,42,5,6,53,8.958859149,112,44,3.007025948,10.7536166,9.640549898,8.35190954,435,28,3,5,36,512,14,2,1,17,471,529,26,18,91,21
18,1000,10,5.13,10.3,18,37,25,958,22,8,12,42,7.882567818,92,34,2.518706148,9.349473847,7.460476363,8.278483059,469,9,3,3,15,489,13,5,9,27,484,516,19,15,70,22
19,1000,10,5.13,10.3,18,37,24,966,20,9,5,34,7.214489149,88,45,2.566673715,8.697767138,7.027368843,7.432391151,519,15,3,1,19,447,5,6,4,15,538,462,25,20,59,29
22,1000,10,5.13,10.3,18,37,18,954,18,17,11,46,7.496750423,90,35,2.521578374,9.161484386,7.181929308,7.833732859,498,7,9,3,19,456,11,8,8,27,517,483,23,12,60,30
21,1000,10,5.13,10.3,18,37,19,954,27,10,9,46,7.288697795,90,32,2.561952292,8.691936792,6.863515912,7.768158215,509,16,3,2,21,445,11,7,7,25,530,470,19,13,65,25
20,1000,10,5.13,10.3,18,37,24,951,28,12,9,49,7.645113454,89,22,2.533827959,9.076271699,7.200275837,8.108107709,490,12,4,4,20,461,16,8,5,29,510,490,10,12,73,16
23,1000,10,5.13,10.3,18,37,17,953,25,10,12,47,7.614205095,95,25,2.575241663,9.332381722,7.271958108,7.957823815,483,10,5,3,18,470,15,5,9,29,501,499,15,10,68,27
17,1000,10,5.13,10.3,18,37,29,943,28,12,17,57,8.193882745,101,36,2.586896013,9.417836754,7.876284326,8.537947698,495,14,6,5,25,448,14,6,12,32,520,480,18,18,68,33
18,1000,10,5.13,10.3,18,37,26,959,23,7,11,41,7.88656013,99,32,2.512490095,9.35318975,7.513656134,8.236338296,469,9,3,3,15,490,14,4,8,26,484,516,19,13,69,30
16,1000,10,5.13,10.3,18,37,100,945,41,8,6,55,9.003324699,107,41,3.022992468,10.80358116,9.716785386,8.368088435,433,28,5,5,38,512,13,3,1,17,471,529,25,16,88,19
19,1000,10,5.13,10.3,18,37,25,968,18,8,6,32,7.220304378,100,29,2.589577726,8.710820229,7.051978546,7.416320174,520,13,4,1,18,448,5,4,5,14,538,462,13,16,67,33
22,1000,10,5.13,10.3,18,37,19,954,18,17,11,46,7.545868896,89,33,2.524698583,9.175222954,7.281968115,7.828346543,498,7,9,3,19,456,11,8,8,27,517,483,21,12,60,29
21,1000,10,5.13,10.3,18,37,20,954,27,10,9,46,7.302341116,86,33,2.573354479,8.706840928,6.912663231,7.741765114,509,15,4,2,21,445,12,6,7,25,530,470,17,16,54,32
20,1000,10,5.13,10.3,18,37,25,950,29,12,9,50,7.666548784,91,33,2.555430875,9.073473726,7.231458093,8.119398279,490,12,4,4,20,460,17,8,5,30,510,490,16,17,58,33
23,1000,10,5.13,10.3,18,37,18,953,25,10,12,47,7.623209823,106,37,2.566289071,9.337189548,7.297368222,7.950357402,483,10,5,3,18,470,15,5,9,29,501,499,18,19,68,38
17,1000,10,5.13,10.3,18,37,30,943,28,12,17,57,8.231951994,105,26,2.586006171,9.425200026,7.901188023,8.59027963,495,14,6,5,25,448,14,6,12,32,520,480,11,15,72,33
18,1000,10,5.13,10.3,18,37,27,958,24,7,11,42,7.904036437,89,33,2.518121843,9.3773233,7.526900243,8.25778434,469,9,3,3,15,489,15,4,8,27,484,516,19,14,64,25
16,1000,10,5.13,10.3,18,37,101,944,40,10,6,56,9.02748749,117,40,3.043989646,10.80383218,9.780872125,8.356704574,432,28,6,5,39,512,12,4,1,17,471,529,25,15,95,22
19,1000,10,5.13,10.3,18,37,26,967,19,8,6,33,7.257205846,69,33,2.594397105,8.706417065,7.072610253,7.472167813,520,13,4,1,18,447,6,4,5,15,538,462,17,16,48,21
22,1000,10,5.13,10.3,18,37,20,954,18,17,11,46,7.592884896,96,38,2.525087219,9.190005648,7.358375273,7.843902443,498,7,9,3,19,456,11,8,8,27,517,483,16,22,59,37
21,1000,10,5.13,10.3,18,37,21,955,27,10,8,45,7.33878297,98,27,2.566238045,8.727230656,6.951233712,7.775806601,509,15,4,2,21,446,12,6,6,24,530,470,17,10,64,34
20,1000,10,5.13,10.3,18,37,26,949,30,11,10,51,7.698737358,84,36,2.554449975,9.086227083,7.270369957,8.144589144,488,14,4,4,22,461,16,7,6,29,510,490,22,14,53,31
23,1000,10,5.13,10.3,18,37,19,955,24,9,12,45,7.629412681,105,25,2.579510087,9.359947526,7.330881304,7.929140577,483,10,5,3,18,472,14,4,9,27,501,499,17,8,71,34
18,1000,10,5.13,10.3,18,37,28,958,24,7,11,42,7.942075202,102,35,2.527166478,9.386612639,7.619979243,8.244196217,468,10,3,3,16,490,14,4,8,26,484,516,27,8,75,27
17,1000,10,5.13,10.3,18,37,31,944,28,12,16,56,8.249253828,96,38,2.574470115,9.424341504,7.951084787,8.572270288,495,14,6,5,25,449,14,6,11,31,520,480,16,22,72,24
19,1000,10,5.13,10.3,18,37,27,967,19,8,6,33,7.296905919,89,35,2.599958174,8.711541579,7.10734161,7.517653968,520,13,4,1,18,447,6,4,5,15,538,462,15,20,60,29
16,1000,10,5.13,10.3,18,37,102,944,40,10,6,56,9.077070039,113,45,3.07207949,10.82342269,9.857051008,8.382606833,432,28,6,5,39,512,12,4,1,17,471,529,32,13,88,25
22,1000,10,5.13,10.3,18,37,21,954,18,16,12,46,7.617313304,89,38,2.521294942,9.195278352,7.376602058,7.874969026,498,7,8,4,19,456,11,8,8,27,517,483,26,12,57,32
21,1000,10,5.13,10.3,18,37,22,956,26,10,8,44,7.346268473,96,36,2.572860913,8.73139034,6.96862582,7.772120827,509,15,4,2,21,447,11,6,6,23,530,470,19,17,63,33
20,1000,10,5.13,10.3,18,37,27,949,30,11,10,51,7.723231663,115,30,2.55118375,9.108089002,7.298757585,8.165031213,488,14,4,4,22,461,16,7,6,29,510,490,15,15,84,31
18,1000,10,5.13,10.3,18,37,29,958,24,7,11,42,7.955383352,93,27,2.538679145,9.400197201,7.650849563,8.241031324,468,10,3,3,16,490,14,4,8,26,484,516,13,14,68,25
23,1000,10,5.13,10.3,18,37,20,955,24,9,12,45,7.630846256,76,32,2.588334142,9.369277571,7.361253826,7.901519217,481,12,5,3,20,474,12,4,9,25,501,499,20,12,54,22
17,1000,10,5.13,10.3,18,37,32,945,28,12,15,55,8.258760839,95,27,2.584784541,9.433713182,7.999712398,8.539396649,495,14,6,5,25,450,14,6,10,30,520,480,18,9,69,26
19,1000,10,5.13,10.3,18,37,28,967,19,8,6,33,7.328447226,99,29,2.610434428,8.728231584,7.13839999,7.549757645,520,13,4,1,18,447,6,4,5,15,538,462,20,9,59,40
16,1000,10,5.13,10.3,18,37,103,944,40,10,6,56,9.08435871,110,36,3.067219219,10.82691305,9.863581432,8.390570616,432,28,6,5,39,512,12,4,1,17,471,529,21,15,93,17
22,1000,10,5.13,10.3,18,37,22,954,18,15,13,46,7.656518481,90,29,2.546069661,9.225138789,7.410953129,7.919370006,498,7,8,4,19,456,11,7,9,27,517,483,16,13,52,38
21,1000,10,5.13,10.3,18,37,23,957,25,10,8,43,7.356832068,93,24,2.57247754,8.740897648,6.970897112,7.792035317,509,15,4,2,21,448,10,6,6,22,530,470,11,13,69,24
20,1000,10,5.13,10.3,18,37,28,950,29,11,10,50,7.73152544,79,35,2.554854124,9.117262273,7.323795953,8.155896947,487,15,4,4,23,463,14,7,6,27,510,490,18,17,52,27
18,1000,10,5.13,10.3,18,37,30,957,25,7,11,43,8.024871552,80,31,2.532231891,9.42966116,7.732560156,8.29905511,468,10,3,3,16,489,15,4,8,27,484,516,19,12,54,26
23,1000,10,5.13,10.3,18,37,21,957,24,7,12,43,7.652109841,99,30,2.589888782,9.377338745,7.411010811,7.894175199,481,12,5,3,20,476,12,2,9,23,501,499,19,11,63,36
17,1000,10,5.13,10.3,18,37,33,947,28,12,13,53,8.270827712,100,35,2.588574635,9.460095023,8.020596298,8.541911744,495,14,6,5,25,452,14,6,8,28,520,480,20,15,71,29
19,1000,10,5.13,10.3,18,37,29,967,19,8,6,33,7.377997833,95,36,2.618804042,8.75322349,7.202511862,7.582351626,520,13,4,1,18,447,6,4,5,15,538,462,19,17,60,35
22,1000,10,5.13,10.3,18,37,23,954,17,16,13,46,7.668547709,100,34,2.553145245,9.234354089,7.437888793,7.915443484,498,6,9,4,19,456,11,7,9,27,517,483,19,15,65,35
21,1000,10,5.13,10.3,18,37,24,958,24,10,8,42,7.345467746,98,35,2.591395084,8.738252257,6.962217689,7.777643341,510,14,4,2,20,448,10,6,6,22,530,470,13,22,65,33
20,1000,10,5.13,10.3,18,37,29,952,28,10,10,48,7.760384584,104,32,2.548717147,9.124892556,7.395298494,8.140372146,487,15,4,4,23,465,13,6,6,25,510,490,16,16,76,28
16,1000,10,5.13,10.3,18,37,104,940,44,9,7,60,9.110306266,107,39,3.061857008,10.86890725,9.858371413,8.444259604,432,28,5,6,39,508,16,4,1,21,471,529,28,11,84,23
24,1000,10,5.13,10.3,18,37,0,949,23,14,14,51,7.084,87,33,2.553363464,8.540920957,6.392789374,7.854122622,506,9,7,5,21,443,14,7,9,30,527,473,19,14,59,28
18,1000,10,5.13,10.3,18,37,31,957,26,7,10,43,8.041252291,95,32,2.530999012,9.446217615,7.745676784,8.318497533,467,11,3,3,17,490,15,4,7,26,484,516,22,10,65,30
23,1000,10,5.13,10.3,18,37,22,958,24,8,10,42,7.62153131,93,34,2.602277714,9.395491813,7.361986216,7.882116664,482,11,6,2,19,476,13,2,8,23,501,499,20,14,66,27
17,1000,10,5.13,10.3,18,37,34,947,27,13,13,53,8.273079126,101,28,2.591140235,9.463889105,8.023264825,8.543711285,495,14,6,5,25,452,13,7,8,28,520,480,16,12,63,38
19,1000,10,5.13,10.3,18,37,30,967,19,8,6,33,7.402383947,91,31,2.617903513,8.766524616,7.229314431,7.603923773,520,13,4,1,18,447,6,4,5,15,538,462,20,11,64,27
22,1000,10,5.13,10.3,18,37,24,955,17,15,13,45,7.64788639,114,28,2.545836813,9.243688735,7.450552544,7.859111232,499,6,8,4,18,456,11,7,9,27,517,483,17,11,79,35
20,1000,10,5.13,10.3,18,37,30,953,27,10,10,47,7.755171555,99,34,2.546829576,9.123029638,7.386763721,8.138616442,487,15,4,4,23,466,12,6,6,24,510,490,23,11,69,30
21,1000,10,5.13,10.3,18,37,25,958,24,11,7,42,7.365807171,82,26,2.610314084,8.754766111,6.989803353,7.789811475,510,14,4,2,20,448,10,7,5,22,530,470,14,12,57,25
18,1000,10,5.13,10.3,18,37,32,955,28,7,10,45,8.089829538,98,23,2.551265609,9.463584588,7.812009854,8.350420094,465,13,3,3,19,490,15,4,7,26,484,516,15,8,75,23
23,1000,10,5.13,10.3,18,37,23,957,25,8,10,43,7.661925349,85,35,2.602231641,9.415669442,7.42233141,7.902479585,481,12,6,2,20,476,13,2,8,23,501,499,21,14,57,28
17,1000,10,5.13,10.3,18,37,35,949,27,12,12,51,8.272860269,111,26,2.604295042,9.482624319,8.031533087,8.534298051,496,14,5,5,24,453,13,7,7,27,520,480,12,14,74,37
24,1000,10,5.13,10.3,18,37,1,948,24,14,14,52,7.095273047,94,21,2.575445066,8.537553547,6.395803493,7.874597476,506,9,7,5,21,442,15,7,9,31,527,473,9,12,58,36
19,1000,10,5.13,10.3,18,37,31,967,19,8,6,33,7.410024403,81,32,2.608952222,8.779229961,7.26888278,7.574384129,520,13,4,1,18,447,6,4,5,15,538,462,20,12,53,28
22,1000,10,5.13,10.3,18,37,25,955,17,14,14,45,7.649237265,86,30,2.553628407,9.249437935,7.449980477,7.862520411,499,6,7,5,18,456,11,7,9,27,517,483,14,16,66,20
20,1000,10,5.13,10.3,18,37,31,952,28,10,10,48,7.797603721,94,30,2.556414465,9.13254357,7.46700989,8.141691179,486,16,4,4,24,466,12,6,6,24,510,490,15,15,66,28
21,1000,10,5.13,10.3,18,37,26,958,24,11,7,42,7.407519421,98,22,2.592713593,8.780422323,7.03625067,7.826184183,510,14,4,2,20,448,10,7,5,22,530,470,17,5,61,37
18,1000,10,5.13,10.3,18,37,33,954,29,7,10,46,8.097829158,88,30,2.534881132,9.501273982,7.845771454,8.334255377,465,13,3,3,19,489,16,4,7,27,484,516,22,8,72,16
23,1000,10,5.13,10.3,18,37,24,957,25,8,10,43,7.644962801,94,48,2.598336671,9.442066164,7.41448108,7.876368296,481,12,6,2,20,476,13,2,8,23,501,499,25,23,64,30
17,1000,10,5.13,10.3,18,37,36,949,27,12,12,51,8.255974086,103,30,2.610691945,9.498675787,8.018310587,8.513442877,496,14,5,5,24,453,13,7,7,27,520,480,20,10,71,32
24,1000,10,5.13,10.3,18,37,2,949,24,14,13,51,7.100480041,97,43,2.578324144,8.572103202,6.421908919,7.856520171,506,9,7,5,21,443,15,7,8,30,527,473,21,22,62,35
19,1000,10,5.13,10.3,18,37,32,966,20,8,6,34,7.449195853,87,30,2.607183648,8.782400767,7.312728835,7.608111992,520,13,4,1,18,446,7,4,5,16,538,462,15,15,62,25
20,1000,10,5.13,10.3,18,37,32,952,28,10,10,48,7.81566738,102,29,2.537346235,9.128570245,7.49075657,8.153839856,486,16,4,4,24,466,12,6,6,24,510,490,23,6,65,37
22,1000,10,5.13,10.3,18,37,26,955,18,14,13,45,7.664817827,105,39,2.55616526,9.251844804,7.481845537,7.860670153,499,6,7,5,18,456,12,7,8,27,517,483,18,21,77,28
21,1000,10,5.13,10.3,18,37,27,960,23,10,7,40,7.432756669,93,29,2.608021095,8.775087097,7.040557306,7.875024035,512,13,3,2,18,448,10,7,5,22,530,470,15,14,59,34
18,1000,10,5.13,10.3,18,37,34,955,28,7,10,45,8.094502846,114,25,2.5282493,9.513121736,7.855200459,8.318964774,466,12,3,3,18,489,16,4,7,27,484,516,13,12,82,32
23,1000,10,5.13,10.3,18,37,25,958,24,8,10,42,7.656120264,103,27,2.593842016,9.452655354,7.457370427,7.855666694,481,12,6,2,20,477,12,2,8,22,501,499,16,11,69,34
17,1000,10,5.13,10.3,18,37,37,949,27,12,12,51,8.22198625,108,32,2.612775397,9.499407869,7.994486103,8.468444743,497,13,5,5,23,452,14,7,7,28,520,480,19,13,81,27
24,1000,10,5.13,10.3,18,37,3,949,24,14,13,51,7.125036621,80,27,2.591001052,8.56814401,6.443449536,7.88443703,506,9,7,5,21,443,15,7,8,30,527,473,13,14,48,32
19,1000,10,5.13,10.3,18,37,33,966,20,8,6,34,7.484480463,88,38,2.619374932,8.79975738,7.367404006,7.620816252,520,13,4,1,18,446,7,4,5,16,538,462,20,18,60,28
20,1000,10,5.13,10.3,18,37,33,952,28,10,10,48,7.83882143,95,27,2.540612714,9.141769692,7.533347885,8.156763282,486,16,4,4,24,466,12,6,6,24,510,490,17,10,69,26
22,1000,10,5.13,10.3,18,37,27,956,18,13,13,44,7.666613636,93,29,2.557298262,9.267970335,7.510236872,7.833998288,499,6,7,5,18,457,12,6,8,26,517,483,17,12,70,23
21,1000,10,5.13,10.3,18,37,28,959,24,10,7,41,7.462767887,100,28,2.612804773,8.785902599,7.051098504,7.926990807,511,14,3,2,19,448,10,7,5,22,530,470,19,9,56,44
18,1000,10,5.13,10.3,18,37,35,954,29,6,11,46,8.096414715,105,35,2.530178417,9.515337636,7.854507488,8.323319943,464,14,3,3,20,490,15,3,8,26,484,516,28,7,80,25
23,1000,10,5.13,10.3,18,37,26,958,24,8,10,42,7.666650039,96,37,2.599536481,9.46310001,7.48729762,7.846721305,481,12,6,2,20,477,12,2,8,22,501,499,20,17,70,26
17,1000,10,5.13,10.3,18,37,38,950,27,11,12,50,8.277011106,95,33,2.615732882,9.513984595,8.048593838,8.524463146,497,13,5,5,23,453,14,6,7,27,520,480,24,9,65,30
19,1000,10,5.13,10.3,18,37,34,966,20,8,6,34,7.535494751,81,30,2.622920269,8.815621188,7.437240386,7.649912171,520,13,4,1,18,446,7,4,5,16,538,462,17,13,53,28
24,1000,10,5.13,10.3,18,37,4,950,23,14,13,50,7.094016958,102,32,2.594562175,8.585699939,6.43190347,7.831720569,507,8,7,5,20,443,15,7,8,30,527,473,18,14,60,42
20,1000,10,5.13,10.3,18,37,34,952,28,10,10,48,7.851540471,86,28,2.549488196,9.155590134,7.546776031,8.168744275,486,16,4,4,24,466,12,6,6,24,510,490,11,17,56,30
22,1000,10,5.13,10.3,18,37,28,956,18,13,13,44,7.698150798,93,20,2.571310697,9.279872629,7.533176276,7.874738434,499,6,7,5,18,457,12,6,8,26,517,483,11,9,59,34
21,1000,10,5.13,10.3,18,37,29,959,24,10,7,41,7.475650711,84,33,2.616286322,8.795203602,7.076305734,7.925975897,511,14,3,2,19,448,10,7,5,22,530,470,16,17,51,33
18,1000,10,5.13,10.3,18,37,36,955,29,5,11,45,8.115247814,101,30,2.525585581,9.526526424,7.880132377,8.335782449,465,14,2,3,19,490,15,3,8,26,484,516,21,9,74,27
23,1000,10,5.13,10.3,18,37,27,958,24,9,9,42,7.707391833,101,33,2.599289556,9.487159226,7.546562792,7.868865479,481,12,6,2,20,477,12,3,7,22,501,499,17,16,73,28
17,1000,10,5.13,10.3,18,37,39,950,27,11,12,50,8.269432226,110,30,2.619868021,9.53993221,8.088144794,8.465826943,496,14,5,5,24,454,13,6,7,26,520,480,20,10,71,39
19,1000,10,5.13,10.3,18,37,35,966,19,9,6,34,7.54285929,94,35,2.613140557,8.824833032,7.450913389,7.64993049,520,12,5,1,18,446,7,4,5,16,538,462,17,18,68,26
20,1000,10,5.13,10.3,18,37,35,952,28,11,9,48,7.877694961,92,43,2.54883816,9.176577993,7.58208786,8.185367658,486,16,5,3,24,466,12,6,6,24,510,490,25,18,66,26
18,1000,10,5.13,10.3,18,37,37,955,29,5,11,45,8.097568805,102,41,2.529364714,9.540539293,7.878892563,8.30268373,465,14,2,3,19,490,15,3,8,26,484,516,24,17,74,28
22,1000,10,5.13,10.3,18,37,29,957,19,12,12,43,7.710578704,97,31,2.571642762,9.297924918,7.583563581,7.84653485,498,7,7,5,19,459,12,5,7,24,517,483,16,15,64,33
21,1000,10,5.13,10.3,18,37,30,959,23,11,7,41,7.524117836,92,27,2.612862126,8.804441934,7.118340677,7.981696336,511,14,3,2,19,448,9,8,5,22,530,470,13,14,55,37
24,1000,10,5.13,10.3,18,37,5,950,24,13,13,50,7.163228632,89,33,2.597919965,8.596655746,6.513263544,7.887396922,507,8,7,5,20,443,16,6,8,30,527,473,15,18,56,33
23,1000,10,5.13,10.3,18,37,28,958,24,9,9,42,7.778235411,95,31,2.589974049,9.489005822,7.638984715,7.918044225,481,12,6,2,20,477,12,3,7,22,501,499,16,15,70,25
17,1000,10,5.13,10.3,18,37,40,950,30,8,12,50,8.276375646,110,27,2.599200153,9.54995186,8.119361079,8.446474761,496,15,4,5,24,454,15,4,7,26,520,480,17,10,84,26
19,1000,10,5.13,10.3,18,37,36,965,20,9,6,35,7.580675512,93,24,2.598221202,8.855672442,7.499892871,7.674747072,519,13,5,1,19,446,7,4,5,16,538,462,12,12,62,31
20,1000,10,5.13,10.3,18,37,36,952,27,11,10,48,7.935293377,98,27,2.549486077,9.172867186,7.6510035,8.231186923,486,15,6,3,24,466,12,5,7,24,510,490,12,15,75,23
18,1000,10,5.13,10.3,18,37,38,955,30,4,11,45,8.108166401,105,34,2.534287131,9.554473527,7.881841795,8.320455372,465,15,1,3,19,490,15,3,8,26,484,516,18,16,74,31
22,1000,10,5.13,10.3,18,37,30,956,20,13,11,44,7.741559895,80,40,2.567498547,9.279987176,7.672188445,7.815814637,498,7,7,5,19,458,13,6,6,25,517,483,26,14,56,24
21,1000,10,5.13,10.3,18,37,31,959,24,10,7,41,7.564350379,82,34,2.59286302,8.81197975,7.152289615,8.029014646,511,14,3,2,19,448,10,7,5,22,530,470,19,15,55,27
23,1000,10,5.13,10.3,18,37,29,959,23,9,9,41,7.80662163,88,33,2.603584249,9.482019386,7.676063921,7.937702616,481,12,6,2,20,478,11,3,7,21,501,499,19,14,58,30
24,1000,10,5.13,10.3,18,37,6,951,24,12,13,49,7.194983345,97,39,2.604846203,8.59406233,6.586568379,7.872857947,507,8,7,5,20,444,16,5,8,29,527,473,17,22,68,29
17,1000,10,5.13,10.3,18,37,41,955,25,8,12,45,8.252993399,102,33,2.606596913,9.55760604,8.141746941,8.373510395,497,14,4,5,23,458,11,4,7,22,520,480,16,17,63,39
19,1000,10,5.13,10.3,18,37,37,965,19,10,6,35,7.608575342,80,35,2.598777068,8.863370697,7.56778846,7.656071754,519,12,6,1,19,446,7,4,5,16,538,462,19,16,55,25
20,1000,10,5.13,10.3,18,37,37,952,28,10,10,48,8.001444955,101,43,2.556829642,9.212983936,7.757291978,8.255563359,486,15,6,3,24,466,13,4,7,24,510,490,23,20,68,33
18,1000,10,5.13,10.3,18,37,39,955,29,5,11,45,8.160385598,110,24,2.528352957,9.562202932,7.948251164,8.359364408,465,15,1,3,19,490,14,4,8,26,484,516,12,12,72,38
22,1000,10,5.13,10.3,18,37,31,958,18,13,11,42,7.733319853,106,35,2.560279526,9.292922023,7.662311434,7.809326795,499,7,6,5,18,459,11,7,6,24,517,483,19,16,71,35
21,1000,10,5.13,10.3,18,37,32,960,22,11,7,40,7.561226587,93,29,2.605699352,8.830490621,7.198154583,7.970648208,511,14,3,2,19,449,8,8,5,21,530,470,14,15,71,22
23,1000,10,5.13,10.3,18,37,30,959,23,9,9,41,7.842147768,93,29,2.608469856,9.492294721,7.682251597,8.002684806,481,12,6,2,20,478,11,3,7,21,501,499,12,17,60,33
17,1000,10,5.13,10.3,18,37,42,954,26,8,12,46,8.258582284,105,25,2.5991309,9.58464409,8.172697687,8.35162393,496,15,4,5,24,458,11,4,7,22,520,480,14,11,66,39
24,1000,10,5.13,10.3,18,37,7,955,22,11,12,45,7.195422952,104,32,2.615789247,8.588610638,6.598932291,7.860011912,508,8,6,5,19,447,14,5,7,26,527,473,16,16,70,34
19,1000,10,5.13,10.3,18,37,38,966,20,9,5,34,7.6077819,110,27,2.592520181,8.874002125,7.534979572,7.692560368,520,13,5,0,18,446,7,4,5,16,538,462,13,14,78,32
20,1000,10,5.13,10.3,18,37,38,951,29,10,10,49,8.024056204,96,26,2.567369401,9.214197274,7.798371673,8.258952348,485,16,6,3,25,466,13,4,7,24,510,490,10,16,63,33
18,1000,10,5.13,10.3,18,37,40,955,30,5,10,45,8.153556594,105,28,2.512593226,9.561107003,8.001169148,8.296493655,463,17,1,3,21,492,13,4,7,24,484,516,16,12,75,30
21,1000,10,5.13,10.3,18,37,33,960,22,11,7,40,7.592394837,98,28,2.610231565,8.851141402,7.239584501,7.99024479,512,13,3,2,18,448,9,8,5,22,530,470,13,15,64,34
22,1000,10,5.13,10.3,18,37,32,958,17,14,11,42,7.794422892,107,54,2.562076501,9.301518804,7.703553867,7.891688494,499,7,6,5,18,459,10,8,6,24,517,483,23,31,72,35
23,1000,10,5.13,10.3,18,37,31,959,23,10,8,41,7.867867386,90,30,2.602501876,9.51378781,7.715287428,8.021058886,481,12,6,2,20,478,11,4,6,21,501,499,21,9,69,21
17,1000,10,5.13,10.3,18,37,43,953,25,9,13,47,8.286199022,116,27,2.597267117,9.602341472,8.221073165,8.356752034,495,14,5,6,25,458,11,4,7,22,520,480,14,13,81,35
19,1000,10,5.13,10.3,18,37,39,966,20,9,5,34,7.620960076,81,27,2.597330959,8.873536878,7.558984865,7.693130343,520,13,5,0,18,446,7,4,5,16,538,462,14,13,58,23
24,1000,10,5.13,10.3,18,37,8,956,22,11,11,44,7.198873833,79,21,2.617792434,8.592426444,6.627632476,7.835330904,508,8,6,5,19,448,14,5,6,25,527,473,12,9,53,26
20,1000,10,5.13,10.3,18,37,39,950,29,11,10,50,8.03447132,100,29,2.595364433,9.222728999,7.835077141,8.242004036,484,16,7,3,26,466,13,4,7,24,510,490,15,14,67,33
18,1000,10,5.13,10.3,18,37,41,955,30,5,10,45,8.1536654,93,24,2.501517148,9.559825195,8.016740347,8.282098977,463,17,1,3,21,492,13,4,7,24,484,516,14,10,71,22
21,1000,10,5.13,10.3,18,37,34,959,23,11,7,41,7.65161987,108,32,2.608932267,8.872559955,7.352289459,7.989162674,511,14,3,2,19,448,9,8,5,22,530,470,16,16,75,33
22,1000,10,5.13,10.3,18,37,33,958,18,13,11,42,7.812869585,98,27,2.554239285,9.301551924,7.739445445,7.891462297,499,7,6,5,18,459,11,7,6,24,517,483,17,10,65,33
23,1000,10,5.13,10.3,18,37,32,958,23,11,8,42,7.881742456,92,32,2.590036119,9.531163796,7.742374611,8.02166889,481,12,6,2,20,477,11,5,6,22,501,499,21,11,58,34
17,1000,10,5.13,10.3,18,37,44,952,27,9,12,48,8.319352693,108,28,2.611253691,9.610173252,8.245752529,8.399086204,494,15,5,6,26,458,12,4,6,22,520,480,15,13,69,39
19,1000,10,5.13,10.3,18,37,40,966,20,9,5,34,7.653329584,89,35,2.615593116,8.904183236,7.579501412,7.739302649,520,13,5,0,18,446,7,4,5,16,538,462,18,17,55,34
24,1000,10,5.13,10.3,18,37,9,956,22,10,12,44,7.242981151,82,39,2.610142565,8.59828497,6.70140137,7.846390336,508,8,5,6,19,448,14,5,6,25,527,473,22,17,54,28
20,1000,10,5.13,10.3,18,37,40,951,28,11,10,49,8.073437669,108,32,2.608440257,9.238524705,7.888909726,8.265497364,485,15,7,3,25,466,13,4,7,24,510,490,18,14,84,24
18,1000,10,5.13,10.3,18,37,42,955,30,7,8,45,8.157860234,96,37,2.507800017,9.546058538,8.054015995,8.255264521,464,15,3,2,20,491,15,4,6,25,484,516,20,17,70,26
21,1000,10,5.13,10.3,18,37,35,958,25,10,7,42,7.660290401,88,33,2.61013688,8.885637738,7.401026573,7.952651739,510,15,3,2,20,448,10,7,5,22,530,470,19,14,64,24
22,1000,10,5.13,10.3,18,37,34,958,17,14,11,42,7.820566302,123,41,2.546075624,9.326759792,7.749515363,7.896618757,499,7,6,5,18,459,10,8,6,24,517,483,21,20,88,35
23,1000,10,5.13,10.3,18,37,33,958,23,11,8,42,7.895809788,107,32,2.582857286,9.536439057,7.751131094,8.041068356,481,12,6,2,20,477,11,5,6,22,501,499,15,17,74,33
17,1000,10,5.13,10.3,18,37,45,952,25,11,12,48,8.325259776,104,26,2.604969338,9.611847393,8.299092664,8.353607481,494,14,6,6,26,458,11,5,6,22,520,480,20,6,74,30
19,1000,10,5.13,10.3,18,37,41,966,21,8,5,34,7.668189476,100,30,2.610644508,8.900734557,7.624506751,7.719058105,519,14,5,0,19,447,7,3,5,15,538,462,18,12,70,30
20,1000,10,5.13,10.3,18,37,41,953,27,11,9,47,8.080179167,106,22,2.608512386,9.242392789,7.902090245,8.265537024,487,14,7,2,23,466,13,4,7,24,510,490,17,5,69,37
24,1000,10,5.13,10.3,18,37,10,954,24,10,12,46,7.2893987,90,28,2.615515298,8.600559655,6.735469146,7.906567569,508,8,5,6,19,446,16,5,6,27,527,473,17,11,58,32
18,1000,10,5.13,10.3,18,37,43,955,29,8,8,45,8.180043529,90,31,2.502000145,9.550801448,8.065991576,8.287022493,464,15,3,2,20,491,14,5,6,25,484,516,20,11,64,26
21,1000,10,5.13,10.3,18,37,36,960,24,9,7,40,7.660631027,106,46,2.614843403,8.892224104,7.412078981,7.940913121,510,15,3,2,20,450,9,6,5,20,530,470,24,22,82,24
22,1000,10,5.13,10.3,18,37,35,957,19,14,10,43,7.852901881,93,29,2.532291366,9.322501526,7.826029028,7.881666405,498,8,6,5,19,459,11,8,5,24,517,483,9,20,64,29
23,1000,10,5.13,10.3,18,37,34,959,23,10,8,41,7.892819966,91,27,2.563366887,9.555274426,7.73806026,8.048199951,482,12,5,2,19,477,11,5,6,22,501,499,17,10,65,26
17,1000,10,5.13,10.3,18,37,46,955,23,10,12,45,8.312049961,104,25,2.617369796,9.64217717,8.335216888,8.286952456,495,12,7,6,25,460,11,3,6,20,520,480,12,13,68,36
19,1000,10,5.13,10.3,18,37,42,966,20,8,6,34,7.698200532,93,39,2.589398324,8.897009649,7.670511573,7.730444384,518,14,5,1,20,448,6,3,5,14,538,462,18,21,61,32
20,1000,10,5.13,10.3,18,37,42,955,25,11,9,45,8.071492191,102,27,2.6187912,9.261880192,7.90024541,8.249728636,488,13,7,2,22,467,12,4,7,23,510,490,13,14,76,26
18,1000,10,5.13,10.3,18,37,44,955,28,9,8,45,8.168852486,104,40,2.494301236,9.553893148,8.018781169,8.309617055,464,15,3,2,20,491,13,6,6,25,484,516,19,21,68,36
24,1000,10,5.13,10.3,18,37,11,954,26,9,11,46,7.322485385,81,27,2.626373163,8.603205779,6.779460816,7.927504303,508,8,5,6,19,446,18,4,5,27,527,473,15,12,51,30
21,1000,10,5.13,10.3,18,37,37,962,23,8,7,38,7.655335695,95,44,2.656239238,8.901965565,7.428652054,7.910957672,510,15,3,2,20,452,8,5,5,18,530,470,22,22,60,35
22,1000,10,5.13,10.3,18,37,36,958,17,15,10,42,7.876909613,105,33,2.522762445,9.330381873,7.886628532,7.866506545,498,7,7,5,19,460,10,8,5,23,517,483,18,15,74,31
23,1000,10,5.13,10.3,18,37,35,957,25,10,8,43,7.900038234,102,32,2.5578458,9.549345382,7.756781403,8.043869241,481,13,5,2,20,476,12,5,6,23,501,499,19,13,65,37
17,1000,10,5.13,10.3,18,37,47,954,24,10,12,46,8.343156177,101,38,2.626560457,9.665441992,8.377599295,8.3058428,495,12,7,6,25,459,12,3,6,21,520,480,22,16,76,25
19,1000,10,5.13,10.3,18,37,43,966,20,8,6,34,7.709578561,112,30,2.597411267,8.900784102,7.693878225,7.727861636,518,14,5,1,20,448,6,3,5,14,538,462,22,8,78,34
20,1000,10,5.13,10.3,18,37,43,955,24,12,9,45,8.080199121,117,24,2.620693446,9.275192818,7.933350726,8.233041328,488,13,7,2,22,467,11,5,7,23,510,490,15,9,81,36
18,1000,10,5.13,10.3,18,37,45,955,28,9,8,45,8.184349384,86,26,2.491978159,9.571175664,8.076894369,8.285140522,464,15,3,2,20,491,13,6,6,25,484,516,18,8,63,23
21,1000,10,5.13,10.3,18,37,38,961,24,8,7,39,7.6668559,97,29,2.651869344,8.907628132,7.483624744,7.873478268,509,16,3,2,21,452,8,5,5,18,530,470,17,12,68,29
22,1000,10,5.13,10.3,18,37,37,958,16,16,10,42,7.915551334,109,31,2.517162098,9.338507989,7.941348005,7.887938749,498,6,8,5,19,460,10,8,5,23,517,483,15,16,80,29
24,1000,10,5.13,10.3,18,37,12,954,26,9,11,46,7.365336802,71,30,2.617901685,8.609719696,6.808925566,7.985270674,508,8,5,6,19,446,18,4,5,27,527,473,19,11,50,21
23,1000,10,5.13,10.3,18,37,36,958,25,9,8,42,7.919778978,112,41,2.57784116,9.543393877,7.773847174,8.06629568,481,13,5,2,20,477,12,4,6,22,501,499,27,14,86,26
17,1000,10,5.13,10.3,18,37,48,953,27,9,11,47,8.358438609,101,33,2.640078043,9.660985918,8.415417432,8.29671155,494,13,7,6,26,459,14,2,5,21,520,480,24,9,72,29
19,1000,10,5.13,10.3,18,37,44,967,20,7,6,33,7.708515029,90,42,2.594532848,8.912109224,7.754914489,7.654482757,518,14,5,1,20,449,6,2,5,13,538,462,24,18,60,30
20,1000,10,5.13,10.3,18,37,44,954,26,11,9,46,8.102506086,82,49,2.630500058,9.288181162,7.977989883,8.232104583,487,14,7,2,23,467,12,4,7,23,510,490,27,22,58,24
18,1000,10,5.13,10.3,18,37,46,955,28,9,8,45,8.219722278,94,30,2.496093964,9.594784648,8.10964494,8.322973114,464,15,3,2,20,491,13,6,6,25,484,516,22,8,76,18
21,1000,10,5.13,10.3,18,37,39,959,26,8,7,41,7.711210018,84,35,2.66647308,8.93261523,7.505570435,7.943101462,507,18,3,2,23,452,8,5,5,18,530,470,17,18,64,20
22,1000,10,5.13,10.3,18,37,38,960,17,13,10,40,7.92899744,96,36,2.523084643,9.33531274,8.034753047,7.81579734,498,7,7,5,19,462,10,6,5,21,517,483,21,15,65,31
23,1000,10,5.13,10.3,18,37,37,958,25,9,8,42,7.966137924,87,31,2.587685204,9.551826838,7.825265402,8.107575066,481,13,5,2,20,477,12,4,6,22,501,499,16,15,72,15
24,1000,10,5.13,10.3,18,37,13,954,27,9,10,46,7.356991931,94,38,2.61458072,8.622044345,6.806547698,7.970277578,508,9,5,5,19,446,18,4,5,27,527,473,22,16,61,33
19,1000,10,5.13,10.3,18,37,45,967,20,8,5,33,7.720509838,99,33,2.602615614,8.92955901,7.791560551,7.63777113,518,14,5,1,20,449,6,3,4,13,538,462,18,15,68,31
17,1000,10,5.13,10.3,18,37,49,952,28,9,11,48,8.37773059,98,26,2.647433199,9.644120597,8.448386112,8.301187109,493,14,7,6,27,459,14,2,5,21,520,480,15,11,63,35
20,1000,10,5.13,10.3,18,37,45,952,28,11,9,48,8.129160955,99,32,2.624092279,9.30154539,8.012813133,8.250257667,486,15,7,2,24,466,13,4,7,24,510,490,15,17,68,31
18,1000,10,5.13,10.3,18,37,47,956,27,9,8,44,8.233766257,102,25,2.503963421,9.589185513,8.095804511,8.363172235,464,14,4,2,20,492,13,5,6,24,484,516,7,18,74,28
21,1000,10,5.13,10.3,18,37,40,960,25,8,7,40,7.691514017,100,36,2.676011765,8.952235572,7.479189175,7.930944158,508,17,3,2,22,452,8,5,5,18,530,470,18,18,66,34
22,1000,10,5.13,10.3,18,37,39,961,16,14,9,39,7.934015487,101,20,2.521549896,9.33504527,8.045370735,7.814821567,498,7,8,4,19,463,9,6,5,20,517,483,12,8,67,34
23,1000,10,5.13,10.3,18,37,38,957,26,9,8,43,7.948977481,117,20,2.605634074,9.585986809,7.81602939,8.08245843,480,14,5,2,21,477,12,4,6,22,501,499,12,8,79,38
19,1000,10,5.13,10.3,18,37,46,969,20,7,4,31,7.734449276,79,37,2.62901188,8.939051334,7.80371551,7.653788596,518,14,5,1,20,451,6,2,3,11,538,462,15,22,49,30
17,1000,10,5.13,10.3,18,37,50,951,29,9,11,49,8.427042945,88,39,2.643739352,9.661142588,8.493209193,8.355362843,492,15,7,6,28,459,14,2,5,21,520,480,18,21,66,22
24,1000,10,5.13,10.3,18,37,14,955,27,8,10,45,7.369636582,102,33,2.60943723,8.630898278,6.824178921,7.977366365,508,10,4,5,19,447,17,4,5,26,527,473,18,15,69,33
20,1000,10,5.13,10.3,18,37,46,951,29,11,9,49,8.145557035,109,27,2.622442982,9.316316376,8.012813133,8.283719054,486,15,7,2,24,465,14,4,7,25,510,490,15,12,81,28
18,1000,10,5.13,10.3,18,37,48,955,28,9,8,45,8.238372588,99,36,2.506419581,9.600561066,8.138039091,8.332483853,463,15,4,2,21,492,13,5,6,24,484,516,23,13,83,16
21,1000,10,5.13,10.3,18,37,41,960,25,8,7,40,7.725495046,101,37,2.67997736,8.953621339,7.499480786,7.98036219,508,17,3,2,22,452,8,5,5,18,530,470,22,15,70,31
22,1000,10,5.13,10.3,18,37,40,961,16,14,9,39,7.961771207,103,30,2.52455505,9.34566876,8.089957633,7.824561306,498,7,8,4,19,463,9,6,5,20,517,483,17,13,72,31
23,1000,10,5.13,10.3,18,37,39,958,24,10,8,42,7.950589906,103,39,2.597514877,9.586413596,7.82870431,8.072964021,480,14,5,2,21,478,10,5,6,21,501,499,22,17,82,21
19,1000,10,5.13,10.3,18,37,47,969,20,7,4,31,7.706788614,101,40,2.633781771,8.951611955,7.785180777,7.61550077,518,14,5,1,20,451,6,2,3,11,538,462,23,17,70,31
17,1000,10,5.13,10.3,18,37,51,951,29,10,10,49,8.442377827,114,35,2.634472859,9.665956193,8.54399818,8.332289111,491,16,7,6,29,460,13,3,4,20,520,480,17,18,70,44
24,1000,10,5.13,10.3,18,37,15,955,27,8,10,45,7.406634663,97,36,2.613057584,8.640723336,6.846808643,8.030373167,508,10,4,5,19,447,17,4,5,26,527,473,20,16,62,35
20,1000,10,5.13,10.3,18,37,47,952,30,10,8,48,8.163316363,106,24,2.61455439,9.327479668,8.071280925,8.259108348,487,14,7,2,23,465,16,3,6,25,510,490,14,10,77,29
18,1000,10,5.13,10.3,18,37,49,953,30,8,9,47,8.282858565,99,31,2.503889988,9.620733519,8.232648718,8.329954622,461,17,3,3,23,492,13,5,6,24,484,516,19,12,76,23
21,1000,10,5.13,10.3,18,37,42,961,24,8,7,39,7.745549734,90,38,2.681426167,8.96648759,7.565830271,7.948212108,508,17,3,2,22,453,7,5,5,17,530,470,22,16,64,26
22,1000,10,5.13,10.3,18,37,41,961,16,14,9,39,7.967064976,98,27,2.511629874,9.349936286,8.127286682,7.795564723,498,7,8,4,19,463,9,6,5,20,517,483,16,11,69,29
23,1000,10,5.13,10.3,18,37,40,956,26,10,8,44,7.967565575,82,34,2.610457493,9.60802928,7.874877266,8.060625381,479,15,5,2,22,477,11,5,6,22,501,499,20,14,61,21
19,1000,10,5.13,10.3,18,37,48,968,19,8,5,32,7.754815976,89,38,2.619046366,8.951366797,7.848029387,7.646268758,517,13,6,2,21,451,6,2,3,11,538,462,26,12,60,29
17,1000,10,5.13,10.3,18,37,52,951,29,10,10,49,8.437065831,105,32,2.638508957,9.668524268,8.547035334,8.317932203,491,16,7,6,29,460,13,3,4,20,520,480,14,18,73,32
20,1000,10,5.13,10.3,18,37,48,952,29,11,8,48,8.183779559,97,32,2.614249903,9.358182922,8.105182174,8.265585002,487,14,7,2,23,465,15,4,6,25,510,490,16,16,71,26
24,1000,10,5.13,10.3,18,37,16,956,27,7,10,44,7.42608127,98,31,2.608722256,8.657782394,6.873145778,8.042142589,508,10,4,5,19,448,17,3,5,25,527,473,13,18,64,34
18,1000,10,5.13,10.3,18,37,50,954,29,8,9,46,8.296847136,86,33,2.501935012,9.61866461,8.240414226,8.34978033,461,17,3,3,23,493,12,5,6,23,484,516,25,8,66,20
21,1000,10,5.13,10.3,18,37,43,960,24,8,8,40,7.767497031,106,36,2.68232706,8.963237797,7.615013535,7.939446506,508,16,4,2,22,452,8,4,6,18,530,470,21,15,68,38
22,1000,10,5.13,10.3,18,37,42,962,16,13,9,38,8.001633498,105,28,2.518165008,9.386397389,8.171069966,7.820269826,498,7,8,4,19,464,9,5,5,19,517,483,14,14,70,35
23,1000,10,5.13,10.3,18,37,41,954,28,10,8,46,7.981673612,108,32,2.624015318,9.62993876,7.901125685,8.062544375,478,16,5,2,23,476,12,5,6,23,501,499,16,16,70,38
19,1000,10,5.13,10.3,18,37,49,967,20,8,5,33,7.821529913,89,45,2.633276653,8.962410862,7.932111368,7.69275757,516,14,6,2,22,451,6,2,3,11,538,462,31,14,65,24
17,1000,10,5.13,10.3,18,37,53,949,30,11,10,51,8.466367645,91,36,2.623304296,9.690356901,8.581830626,8.341282749,489,18,7,6,31,460,12,4,4,20,520,480,19,17,60,31
20,1000,10,5.13,10.3,18,37,49,951,30,11,8,49,8.226698889,100,35,2.612770958,9.368134324,8.121139133,8.336567206,487,15,6,2,23,464,15,5,6,26,510,490,20,15,71,29
18,1000,10,5.13,10.3,18,37,51,955,28,8,9,45,8.297547323,101,29,2.512714866,9.639489183,8.232726467,8.35834828,462,16,3,3,22,493,12,5,6,23,484,516,19,10,77,24
24,1000,10,5.13,10.3,18,37,17,954,28,8,10,46,7.477832158,77,32,2.614580074,8.667764052,6.936691031,8.080752611,507,11,4,5,20,447,17,4,5,26,527,473,21,11,58,19
21,1000,10,5.13,10.3,18,37,44,959,25,8,8,41,7.798888263,86,38,2.705417155,8.989003031,7.657345873,7.958499893,508,16,4,2,22,451,9,4,6,19,530,470,21,17,58,28
22,1000,10,5.13,10.3,18,37,43,962,16,12,10,38,8.030357636,85,43,2.524804704,9.387497491,8.198127013,7.850778406,498,7,8,4,19,464,9,4,6,19,517,483,25,18,62,23
23,1000,10,5.13,10.3,18,37,42,955,27,10,8,45,7.970754526,102,35,2.636843634,9.671307642,7.914359764,8.027375318,478,16,5,2,23,477,11,5,6,22,501,499,25,10,74,28
19,1000,10,5.13,10.3,18,37,50,967,20,8,5,33,7.857729697,113,34,2.622609582,8.953829061,7.991937828,7.701444037,516,14,6,2,22,451,6,2,3,11,538,462,17,17,73,40
17,1000,10,5.13,10.3,18,37,54,949,30,11,10,51,8.477720714,96,32,2.637026355,9.696664936,8.616878524,8.326966419,489,18,7,6,31,460,12,4,4,20,520,480,21,11,68,28
20,1000,10,5.13,10.3,18,37,50,951,30,11,8,49,8.241376852,108,30,2.615163628,9.389831351,8.142905335,8.343867614,487,15,6,2,23,464,15,5,6,26,510,490,19,11,76,32
18,1000,10,5.13,10.3,18,37,52,955,28,8,9,45,8.307068843,108,31,2.510880933,9.653060028,8.266533579,8.345090293,462,16,3,3,22,493,12,5,6,23,484,516,20,11,82,26
24,1000,10,5.13,10.3,18,37,18,955,26,9,10,45,7.49764699,83,37,2.625486309,8.675376811,7.001257976,8.050706209,507,10,5,5,20,448,16,4,5,25,527,473,19,18,64,19
21,1000,10,5.13,10.3,18,37,45,958,25,9,8,42,7.873929111,98,26,2.708427238,9.00498683,7.745889705,8.018313973,507,16,5,2,23,451,9,4,6,19,530,470,17,9,74,24
22,1000,10,5.13,10.3,18,37,44,962,16,12,10,38,8.062754081,96,29,2.548903706,9.395810272,8.254107576,7.857930566,497,8,8,4,20,465,8,4,6,18,517,483,18,11,68,28
23,1000,10,5.13,10.3,18,37,43,955,26,10,9,45,8.005561336,101,40,2.639554601,9.703670164,7.969881774,8.041383903,478,16,5,2,23,477,10,5,7,22,501,499,23,17,76,25
19,1000,10,5.13,10.3,18,37,51,963,24,8,5,37,7.929996866,95,36,2.614699706,8.982786031,8.07563053,7.76040615,513,17,6,2,25,450,7,2,3,12,538,462,17,19,64,31
17,1000,10,5.13,10.3,18,37,55,948,30,12,10,52,8.498405287,111,25,2.643166868,9.717754316,8.603380527,8.38468211,489,17,8,6,31,459,13,4,4,21,520,480,17,8,70,41
20,1000,10,5.13,10.3,18,37,51,951,30,11,8,49,8.233638076,86,37,2.620331695,9.394062648,8.153666149,8.316874164,487,15,6,2,23,464,15,5,6,26,510,490,21,16,64,22
18,1000,10,5.13,10.3,18,37,53,954,29,8,9,46,8.319190036,74,23,2.530102923,9.684433959,8.288188778,8.348268735,462,16,3,3,22,492,13,5,6,24,484,516,14,9,57,17
21,1000,10,5.13,10.3,18,37,46,959,25,8,8,41,7.917443037,103,32,2.714626937,9.01592223,7.778577625,8.074035949,507,16,5,2,23,452,9,3,6,18,530,470,20,12,69,34
23,1000,10,5.13,10.3,18,37,44,954,27,10,9,46,8.033162153,104,31,2.644519791,9.717363065,8.021978417,8.044390714,477,17,5,2,24,477,10,5,7,22,501,499,16,15,82,22
22,1000,10,5.13,10.3,18,37,45,961,17,12,10,39,8.100229708,103,33,2.553015885,9.41043704,8.305627465,7.88037331,497,8,8,4,20,464,9,4,6,19,517,483,19,14,63,40
19,1000,10,5.13,10.3,18,37,52,965,24,6,5,35,7.94471979,87,24,2.628475488,8.977665653,8.119085627,7.741670397,514,17,5,2,24,451,7,1,3,11,538,462,16,8,59,28
17,1000,10,5.13,10.3,18,37,56,949,28,12,11,51,8.501787842,93,38,2.649952338,9.732696272,8.624471868,8.368880148,489,16,8,7,31,460,12,4,4,20,520,480,23,15,67,26
24,1000,10,5.13,10.3,18,37,19,955,25,10,10,45,7.523013088,113,40,2.633216882,8.682528298,7.017807656,8.08589525,507,10,5,5,20,448,15,5,5,25,527,473,25,15,77,36
20,1000,10,5.13,10.3,18,37,52,951,30,10,9,49,8.271240017,92,31,2.619393807,9.412283715,8.208183316,8.336870461,487,15,5,3,23,464,15,5,6,26,510,490,23,8,57,35
18,1000,10,5.13,10.3,18,37,54,955,28,9,8,45,8.347653341,92,41,2.549769374,9.695994244,8.344356977,8.35074528,462,16,3,3,22,493,12,6,5,23,484,516,27,14,72,20
21,1000,10,5.13,10.3,18,37,47,959,25,8,8,41,7.964602943,91,29,2.729257486,9.02374794,7.836102487,8.109507712,507,16,5,2,23,452,9,3,6,18,530,470,13,16,57,34
23,1000,10,5.13,10.3,18,37,45,953,27,10,10,47,8.0716729,93,27,2.643609631,9.749076677,8.063914451,8.079462444,477,17,4,3,24,476,10,6,7,23,501,499,13,14,63,30
17,1000,10,5.13,10.3,18,37,57,947,29,13,11,53,8.525614259,94,44,2.677441554,9.752976478,8.687367201,8.350381905,488,16,9,7,32,459,13,4,4,21,520,480,22,22,72,22
22,1000,10,5.13,10.3,18,37,46,959,18,12,11,41,8.125149928,111,38,2.532398977,9.433200892,8.375693157,7.856970115,495,9,8,5,22,464,9,4,6,19,517,483,25,13,78,33
19,1000,10,5.13,10.3,18,37,53,965,25,5,5,35,7.969327621,100,32,2.632162754,8.99334985,8.177915264,7.726426859,513,18,5,2,25,452,7,0,3,10,538,462,13,19,68,32
24,1000,10,5.13,10.3,18,37,20,954,27,9,10,46,7.553845748,109,24,2.630250467,8.687352956,7.057445354,8.106917646,505,12,5,5,22,449,15,4,5,24,527,473,15,9,74,35
20,1000,10,5.13,10.3,18,37,53,951,30,10,9,49,8.282505694,99,27,2.644311307,9.416468728,8.208705363,8.359318284,487,15,5,3,23,464,15,5,6,26,510,490,15,12,68,31
18,1000,10,5.13,10.3,18,37,55,955,28,10,7,45,8.351943325,96,29,2.565812226,9.710306758,8.370809021,8.334247596,461,16,5,2,23,494,12,5,5,22,484,516,14,15,75,21
21,1000,10,5.13,10.3,18,37,48,959,25,8,8,41,8.019179115,87,40,2.736088729,9.047293353,7.858081144,8.200842785,507,16,5,2,23,452,9,3,6,18,530,470,22,18,66,21
23,1000,10,5.13,10.3,18,37,46,952,28,9,11,48,8.065272908,114,29,2.629685647,9.765211621,8.146005338,7.984216901,477,16,4,4,24,475,12,5,7,24,501,499,21,8,86,28
17,1000,10,5.13,10.3,18,37,58,947,29,13,11,53,8.522493081,96,25,2.689935334,9.779988957,8.692984345,8.337794212,487,17,9,7,33,460,12,4,4,20,520,480,11,14,68,28
19,1000,10,5.13,10.3,18,37,54,966,24,5,5,34,7.978165567,89,36,2.626599775,8.993531363,8.214913779,7.702471762,513,18,5,2,25,453,6,0,3,9,538,462,20,16,58,31
22,1000,10,5.13,10.3,18,37,47,958,19,13,10,42,8.115319279,102,26,2.540171471,9.446721684,8.353571414,7.860295773,495,9,8,5,22,463,10,5,5,20,517,483,16,10,70,32
20,1000,10,5.13,10.3,18,37,54,951,30,10,9,49,8.317366628,81,40,2.639342185,9.426651519,8.241711292,8.396109936,487,15,5,3,23,464,15,5,6,26,510,490,29,11,59,22
24,1000,10,5.13,10.3,18,37,21,956,26,8,10,44,7.553161432,114,41,2.630945519,8.712202804,7.117799237,8.038226711,505,12,5,5,22,451,14,3,5,22,527,473,14,27,76,38
18,1000,10,5.13,10.3,18,37,56,957,26,10,7,43,8.35537584,105,17,2.592934394,9.734701079,8.381923614,8.33047444,462,16,4,2,22,495,10,6,5,21,484,516,14,3,80,25
23,1000,10,5.13,10.3,18,37,47,953,27,8,12,47,8.090611668,103,33,2.64029554,9.782461834,8.196920549,7.9838767,477,15,4,5,24,476,12,4,7,23,501,499,19,14,79,24
21,1000,10,5.13,10.3,18,37,49,958,26,8,8,42,8.008855918,104,40,2.750619073,9.07357574,7.873847354,8.161099618,505,17,6,2,25,453,9,2,6,17,530,470,27,13,74,30
17,1000,10,5.13,10.3,18,37,59,946,31,13,10,54,8.532008523,104,39,2.712102609,9.791341328,8.709972781,8.339213909,487,18,9,6,33,459,13,4,4,21,520,480,20,19,74,30
19,1000,10,5.13,10.3,18,37,55,965,25,5,5,35,8.00114109,106,22,2.61998493,8.994886337,8.218044345,7.74855678,513,18,5,2,25,452,7,0,3,10,538,462,13,9,76,30
22,1000,10,5.13,10.3,18,37,48,960,19,12,9,40,8.098916845,122,22,2.540875581,9.467427425,8.327665085,7.854066244,496,9,7,5,21,464,10,5,4,19,517,483,13,9,86,36
23,1000,10,5.13,10.3,18,37,48,952,27,9,12,48,8.114627658,113,29,2.659308665,9.801786228,8.242839094,7.985902349,477,15,4,5,24,475,12,5,7,24,501,499,19,10,81,32
21,1000,10,5.13,10.3,18,37,50,956,28,8,8,44,8.04797347,114,33,2.745440126,9.079836924,7.920196264,8.192062658,504,18,6,2,26,452,10,2,6,18,530,470,18,15,83,31
24,1000,10,5.13,10.3,18,37,22,955,27,8,10,45,7.567225434,96,29,2.637751215,8.730434987,7.136961938,8.046609922,505,12,5,5,22,450,15,3,5,23,527,473,18,11,63,33
20,1000,10,5.13,10.3,18,37,55,952,29,10,9,48,8.30658824,104,34,2.643693449,9.420186362,8.238302204,8.37766146,487,15,5,3,23,465,14,5,6,25,510,490,20,14,73,31
18,1000,10,5.13,10.3,18,37,57,956,27,10,7,44,8.398323979,93,33,2.596519158,9.762898684,8.469925774,8.331162606,461,17,4,2,23,495,10,6,5,21,484,516,20,13,74,19
17,1000,10,5.13,10.3,18,37,60,946,31,13,10,54,8.541937439,122,37,2.714158262,9.79190818,8.727210192,8.34122529,487,18,9,6,33,459,13,4,4,21,520,480,24,13,91,31
19,1000,10,5.13,10.3,18,37,56,964,26,5,5,36,8.025349131,104,36,2.615685958,9.006697349,8.229445895,7.787678006,513,18,5,2,25,451,8,0,3,11,538,462,22,14,77,27
22,1000,10,5.13,10.3,18,37,49,960,18,12,10,40,8.109260613,111,41,2.5465577,9.465029994,8.35099389,7.850510916,496,8,8,5,21,464,10,4,5,19,517,483,24,17,82,29
23,1000,10,5.13,10.3,18,37,49,953,27,8,12,47,8.135861774,105,31,2.662850119,9.813366362,8.258818454,8.012412281,477,15,4,5,24,476,12,4,7,23,501,499,18,13,79,26
20,1000,10,5.13,10.3,18,37,56,954,28,10,8,46,8.320452982,92,33,2.639017272,9.436318816,8.272000272,8.370883353,487,15,5,3,23,467,13,5,5,23,510,490,22,11,56,36
18,1000,10,5.13,10.3,18,37,58,952,31,11,6,48,8.437586378,97,34,2.615806787,9.78347113,8.555200508,8.327266147,457,21,4,2,27,495,10,7,4,21,484,516,20,14,79,18
21,1000,10,5.13,10.3,18,37,51,957,27,8,8,43,8.045407879,105,34,2.746331576,9.096549474,7.914154177,8.193417372,505,17,6,2,25,452,10,2,6,18,530,470,19,15,79,26
24,1000,10,5.13,10.3,18,37,23,956,25,9,10,44,7.59504213,78,33,2.62625922,8.756026206,7.157435049,8.082608582,505,12,5,5,22,451,13,4,5,22,527,473,19,14,56,22
17,1000,10,5.13,10.3,18,37,61,945,32,12,11,55,8.570112304,89,28,2.724288803,9.809151628,8.781636679,8.340960899,487,18,8,7,33,458,14,4,4,22,520,480,20,8,61,28
19,1000,10,5.13,10.3,18,37,57,965,27,5,3,35,8.05107682,99,31,2.631364713,9.026364944,8.275795976,7.789390877,513,18,5,2,25,452,9,0,1,10,538,462,20,11,78,21
23,1000,10,5.13,10.3,18,37,50,953,26,9,12,47,8.129864614,102,31,2.660800056,9.84506493,8.25545524,8.00377062,478,14,4,5,23,475,12,5,7,24,501,499,22,9,74,28
22,1000,10,5.13,10.3,18,37,50,960,18,12,10,40,8.144069693,82,21,2.542143003,9.47880229,8.41545502,7.853580637,495,9,8,5,22,465,9,4,5,18,517,483,7,14,61,21
20,1000,10,5.13,10.3,18,37,57,953,28,11,8,47,8.320633834,108,42,2.650282441,9.440984485,8.237945775,8.406696916,486,16,5,3,24,467,12,6,5,23,510,490,30,12,67,41
18,1000,10,5.13,10.3,18,37,59,951,32,11,6,49,8.500365654,120,37,2.630582888,9.799621784,8.648038511,8.361850803,457,21,4,2,27,494,11,7,4,22,484,516,25,12,94,26
21,1000,10,5.13,10.3,18,37,52,958,26,8,8,42,8.067419602,89,27,2.758996868,9.118744943,7.954090825,8.195215883,505,17,6,2,25,453,9,2,6,17,530,470,10,17,65,24
17,1000,10,5.13,10.3,18,37,62,946,30,13,11,54,8.589208996,104,38,2.72297804,9.81989131,8.781074872,8.381354298,487,18,8,7,33,459,12,5,4,21,520,480,20,18,69,35
24,1000,10,5.13,10.3,18,37,24,955,25,10,10,45,7.65054888,85,32,2.633051875,8.7682743,7.178613958,8.176362207,505,12,5,5,22,450,13,5,5,23,527,473,18,14,57,28
19,1000,10,5.13,10.3,18,37,58,965,26,6,3,35,8.070509497,107,24,2.636791575,9.031744809,8.333729707,7.763988993,513,17,6,2,25,452,9,0,1,10,538,462,16,8,73,34
23,1000,10,5.13,10.3,18,37,51,955,24,9,12,45,8.124816693,107,27,2.670600284,9.852645441,8.232144923,8.01705829,479,13,4,5,22,476,11,5,7,23,501,499,18,9,76,31
22,1000,10,5.13,10.3,18,37,51,959,19,12,10,41,8.183176563,83,28,2.537995352,9.483317394,8.453927653,7.89336639,495,9,8,5,22,464,10,4,5,19,517,483,17,11,63,20
18,1000,10,5.13,10.3,18,37,60,952,32,10,6,48,8.519367499,95,32,2.622634128,9.844399267,8.643763667,8.402685821,457,22,3,2,27,495,10,7,4,21,484,516,21,11,69,26
21,1000,10,5.13,10.3,18,37,53,957,27,8,8,43,8.091533922,95,36,2.759891281,9.124810651,8.014202961,8.17873692,504,18,6,2,26,453,9,2,6,17,530,470,22,14,66,29
20,1000,10,5.13,10.3,18,37,58,953,28,11,8,47,8.334231652,93,24,2.658916296,9.46199465,8.270943588,8.400102903,486,16,5,3,24,467,12,6,5,23,510,490,12,12,70,23
17,1000,10,5.13,10.3,18,37,63,947,30,12,11,53,8.584360123,88,29,2.738380539,9.846688162,8.799325169,8.351481324,487,18,8,7,33,460,12,4,4,20,520,480,19,10,64,24
24,1000,10,5.13,10.3,18,37,25,958,24,8,10,42,7.653499682,94,31,2.614745262,8.77536025,7.220723601,8.135683604,505,12,5,5,22,453,12,3,5,20,527,473,15,16,62,32
23,1000,10,5.13,10.3,18,37,52,955,24,9,12,45,8.160695218,91,30,2.697094851,9.858902318,8.262161266,8.058822492,479,13,4,5,22,476,11,5,7,23,501,499,16,14,67,24
19,1000,10,5.13,10.3,18,37,59,965,24,7,4,35,8.09881044,111,30,2.641129229,9.059118138,8.375111924,7.777056763,513,15,7,3,25,452,9,0,1,10,538,462,16,14,66,45
21,1000,10,5.13,10.3,18,37,54,956,27,9,8,44,8.129289964,97,34,2.76848413,9.12337958,8.084269869,8.180057304,504,17,7,2,26,452,10,2,6,18,530,470,22,12,73,24
17,1000,10,5.13,10.3,18,37,64,947,29,13,11,53,8.583776015,106,36,2.729595637,9.849520746,8.817902205,8.330139309,487,17,9,7,33,460,12,4,4,20,520,480,29,7,71,35
22,1000,10,5.13,10.3,18,37,52,958,20,12,10,42,8.217699392,96,31,2.540854804,9.501027826,8.487485861,7.928921742,495,9,8,5,22,463,11,4,5,20,517,483,18,13,68,28
18,1000,10,5.13,10.3,18,37,61,951,33,9,7,49,8.550131409,105,35,2.613454017,9.873643276,8.70242897,8.407278659,457,22,2,3,27,494,11,7,4,22,484,516,17,18,80,25
20,1000,10,5.13,10.3,18,37,59,952,28,12,8,48,8.37110315,106,36,2.655068314,9.497769299,8.311790047,8.432837196,486,15,6,3,24,466,13,6,5,24,510,490,21,15,72,34
23,1000,10,5.13,10.3,18,37,53,955,24,9,12,45,8.185345761,110,32,2.71958101,9.902289228,8.297863887,8.07237666,479,13,4,5,22,476,11,5,7,23,501,499,16,16,84,26
19,1000,10,5.13,10.3,18,37,60,964,25,7,4,36,8.115338917,100,36,2.65147514,9.082668433,8.403341838,7.779958893,513,15,7,3,25,451,10,0,1,11,538,462,18,18,64,36
21,1000,10,5.13,10.3,18,37,55,955,28,9,8,45,8.16707292,89,33,2.779653661,9.160817704,8.106534959,8.235339132,504,18,6,2,26,451,10,3,6,19,530,470,17,16,60,29
24,1000,10,5.13,10.3,18,37,26,958,24,8,10,42,7.690465774,85,26,2.62467915,8.773969715,7.255139907,8.175490578,505,12,5,5,22,453,12,3,5,20,527,473,16,10,58,27
17,1000,10,5.13,10.3,18,37,65,947,29,13,11,53,8.59835189,112,33,2.736957903,9.853765168,8.862728108,8.311944321,487,17,9,7,33,460,12,4,4,20,520,480,22,11,73,39
20,1000,10,5.13,10.3,18,37,60,952,28,12,8,48,8.409373212,90,36,2.668377376,9.526647613,8.383776384,8.436014809,486,15,6,3,24,466,13,6,5,24,510,490,23,13,61,29
22,1000,10,5.13,10.3,18,37,53,957,20,13,10,43,8.252257189,101,29,2.565412463,9.513618005,8.567017029,7.915340342,495,8,9,5,22,462,12,4,5,21,517,483,21,8,75,26
18,1000,10,5.13,10.3,18,37,62,949,34,10,7,51,8.599815555,85,27,2.615755203,9.875165241,8.788119889,8.42318901,455,23,3,3,29,494,11,7,4,22,484,516,16,11,66,19
23,1000,10,5.13,10.3,18,37,54,957,22,9,12,43,8.219852517,108,31,2.710755232,9.926318685,8.309038142,8.130309434,479,13,4,5,22,478,9,5,7,21,501,499,11,20,81,27
19,1000,10,5.13,10.3,18,37,61,963,24,9,4,37,8.157847881,109,38,2.659767481,9.092921852,8.473966766,7.789726755,512,14,9,3,26,451,10,0,1,11,538,462,19,19,67,42
21,1000,10,5.13,10.3,18,37,56,957,26,8,9,43,8.185599563,105,25,2.768905176,9.179677458,8.16908379,8.204223734,504,17,6,3,26,453,9,2,6,17,530,470,14,11,76,29
17,1000,10,5.13,10.3,18,37,66,948,29,13,10,52,8.554462065,106,39,2.752239858,9.869546467,8.841259687,8.243764642,488,16,9,7,32,460,13,4,3,20,520,480,25,14,74,32
24,1000,10,5.13,10.3,18,37,27,956,27,7,10,44,7.718566658,95,29,2.62379131,8.783310271,7.298077245,8.187061204,505,12,5,5,22,451,15,2,5,22,527,473,10,19,69,26
18,1000,10,5.13,10.3,18,37,63,950,34,10,6,50,8.634679435,98,36,2.627558639,9.898129841,8.788517309,8.490381894,455,23,3,3,29,495,11,7,3,21,484,516,22,14,80,18
22,1000,10,5.13,10.3,18,37,54,957,20,13,10,43,8.281067027,90,32,2.55715783,9.500723752,8.593528298,7.946610553,495,8,9,5,22,462,12,4,5,21,517,483,17,15,64,26
20,1000,10,5.13,10.3,18,37,61,953,27,11,9,47,8.437643978,111,31,2.670296491,9.544752924,8.441643313,8.433481406,487,14,5,4,23,466,13,6,5,24,510,490,22,9,75,36
23,1000,10,5.13,10.3,18,37,55,955,23,10,12,45,8.276324031,105,44,2.720559996,9.945836709,8.387577377,8.16462478,478,14,4,5,23,477,9,6,7,22,501,499,25,19,74,31
19,1000,10,5.13,10.3,18,37,62,965,22,8,5,35,8.15628425,102,29,2.665311836,9.125538024,8.499331917,7.7568045,512,14,8,4,26,453,8,0,1,9,538,462,18,11,79,23
21,1000,10,5.13,10.3,18,37,57,957,25,7,11,43,8.238041584,96,38,2.763962614,9.19433029,8.249699991,8.224894871,504,17,4,5,26,453,8,3,6,17,530,470,23,15,72,24
17,1000,10,5.13,10.3,18,37,67,945,31,14,10,55,8.553935403,120,29,2.764794593,9.899556073,8.819692374,8.266032017,489,15,9,7,31,456,16,5,3,24,520,480,18,11,86,34
24,1000,10,5.13,10.3,18,37,28,956,27,7,10,44,7.733648554,75,32,2.635090226,8.797520516,7.323698345,8.19040069,505,12,5,5,22,451,15,2,5,22,527,473,23,9,47,28
20,1000,10,5.13,10.3,18,37,62,954,26,11,9,46,8.39799891,116,37,2.689909704,9.556044886,8.436301257,8.358133202,487,14,5,4,23,467,12,6,5,23,510,490,21,16,80,36
18,1000,10,5.13,10.3,18,37,64,950,34,11,5,50,8.640874808,114,36,2.634263027,9.914782605,8.838538281,8.455469534,455,22,4,3,29,495,12,7,2,21,484,516,22,14,88,26
22,1000,10,5.13,10.3,18,37,55,958,20,12,10,42,8.263293734,98,43,2.564372173,9.5148784,8.603373535,7.899274568,495,8,9,5,22,463,12,3,5,20,517,483,20,23,70,28
23,1000,10,5.13,10.3,18,37,56,956,22,10,12,44,8.282317848,111,31,2.704554165,9.956627847,8.418511335,8.145578496,478,13,5,5,23,478,9,5,7,21,501,499,24,7,80,31
19,1000,10,5.13,10.3,18,37,63,964,23,8,5,36,8.208254644,97,30,2.67729726,9.146357098,8.578975606,7.776549281,511,15,8,4,27,453,8,0,1,9,538,462,22,8,75,22
21,1000,10,5.13,10.3,18,37,58,957,25,7,11,43,8.291966196,91,30,2.750620424,9.194398113,8.315672908,8.265233096,504,17,4,5,26,453,8,3,6,17,530,470,12,18,66,25
17,1000,10,5.13,10.3,18,37,68,946,30,14,10,54,8.557689168,118,41,2.75734744,9.917050842,8.839199081,8.252720096,489,15,9,7,31,457,15,5,3,23,520,480,27,14,88,30
18,1000,10,5.13,10.3,18,37,65,949,35,11,5,51,8.652531162,103,27,2.650402717,9.927052088,8.857502455,8.460271268,455,22,4,3,29,494,13,7,2,22,484,516,15,12,77,26
22,1000,10,5.13,10.3,18,37,56,958,20,12,10,42,8.266959657,82,29,2.569250694,9.522724107,8.601825243,7.908521752,495,8,9,5,22,463,12,3,5,20,517,483,18,11,59,23
20,1000,10,5.13,10.3,18,37,63,955,25,11,9,45,8.416192288,88,29,2.696595103,9.577176902,8.432683827,8.399027624,488,13,5,4,22,467,12,6,5,23,510,490,15,14,65,23
24,1000,10,5.13,10.3,18,37,29,955,27,7,11,45,7.789575331,85,38,2.639300622,8.820534126,7.388279718,8.236684818,505,12,5,5,22,450,15,2,6,23,527,473,17,21,56,29
23,1000,10,5.13,10.3,18,37,57,956,22,10,12,44,8.320291399,82,30,2.717903868,9.957568391,8.475449515,8.164511405,478,13,5,5,23,478,9,5,7,21,501,499,19,11,59,23
19,1000,10,5.13,10.3,18,37,64,963,24,8,5,37,8.225556636,110,29,2.689314229,9.178672588,8.609229687,7.778768537,510,16,8,4,28,453,8,0,1,9,538,462,16,13,75,35
21,1000,10,5.13,10.3,18,37,59,957,24,8,11,43,8.302868116,82,34,2.737065571,9.236222439,8.381911978,8.213733549,504,16,5,5,26,453,8,3,6,17,530,470,21,13,60,22
17,1000,10,5.13,10.3,18,37,69,947,29,14,10,53,8.585994005,116,35,2.771536807,9.925258396,8.872509027,8.275602731,490,14,9,7,30,457,15,5,3,23,520,480,19,16,86,30
18,1000,10,5.13,10.3,18,37,66,948,37,11,4,52,8.666466879,109,24,2.65993525,9.9525581,8.896305301,8.450882004,454,23,4,3,30,494,14,7,1,22,484,516,15,9,83,26
20,1000,10,5.13,10.3,18,37,64,953,27,11,9,47,8.404869246,105,31,2.706432262,9.595495782,8.427381817,8.381437796,487,14,5,4,23,466,13,6,5,24,510,490,18,13,70,35
22,1000,10,5.13,10.3,18,37,57,956,20,14,10,44,8.300188225,117,37,2.5695831,9.543819321,8.625755614,7.95170305,494,8,10,5,23,462,12,4,5,21,517,483,22,15,78,39
23,1000,10,5.13,10.3,18,37,58,956,22,10,12,44,8.309372386,94,30,2.720770661,9.981970115,8.480371141,8.137688266,478,13,5,5,23,478,9,5,7,21,501,499,17,13,66,28
24,1000,10,5.13,10.3,18,37,30,955,26,7,12,45,7.807703166,109,38,2.649492107,8.831179234,7.425755083,8.233256315,504,13,5,5,23,451,13,2,7,22,527,473,20,18,80,29
19,1000,10,5.13,10.3,18,37,65,963,24,8,5,37,8.26979807,107,35,2.690332506,9.192800967,8.632975556,7.846877101,510,16,8,4,28,453,8,0,1,9,538,462,18,17,76,31
21,1000,10,5.13,10.3,18,37,60,956,25,8,11,44,8.349584707,87,28,2.714475256,9.260392699,8.475629961,8.207448568,503,17,5,5,27,453,8,3,6,17,530,470,20,8,70,17
17,1000,10,5.13,10.3,18,37,70,947,29,14,10,53,8.600805732,105,33,2.787691703,9.941764066,8.907546012,8.268503761,490,14,9,7,30,457,15,5,3,23,520,480,24,9,77,28
18,1000,10,5.13,10.3,18,37,67,949,36,11,4,51,8.678594533,114,42,2.66253457,9.990935358,8.91569401,8.4561989,454,23,4,3,30,495,13,7,1,21,484,516,28,14,93,21
20,1000,10,5.13,10.3,18,37,65,952,27,12,9,48,8.391880109,115,33,2.70707087,9.624661603,8.424369338,8.358064789,487,14,5,4,23,465,13,7,5,25,510,490,20,13,84,31
22,1000,10,5.13,10.3,18,37,58,957,20,13,10,43,8.294904962,91,34,2.566707947,9.563018814,8.629395844,7.936868138,495,8,9,5,22,462,12,4,5,21,517,483,24,10,67,24
23,1000,10,5.13,10.3,18,37,59,957,23,8,12,43,8.328751153,98,32,2.719100638,9.996818813,8.522060129,8.134667391,479,14,3,5,22,478,9,5,7,21,501,499,22,10,69,29
24,1000,10,5.13,10.3,18,37,31,955,26,7,12,45,7.808150596,88,27,2.65959925,8.837951032,7.44614333,8.211486387,504,13,5,5,23,451,13,2,7,22,527,473,14,13,54,34
19,1000,10,5.13,10.3,18,37,66,962,25,8,5,38,8.288878103,108,27,2.683491261,9.220105685,8.681311625,7.831888418,510,16,8,4,28,452,9,0,1,10,538,462,11,16,76,32
21,1000,10,5.13,10.3,18,37,61,955,25,9,11,45,8.370995478,113,42,2.700935598,9.261250071,8.511301216,8.212778369,503,16,6,5,27,452,9,3,6,18,530,470,20,22,83,30
17,1000,10,5.13,10.3,18,37,71,947,30,13,10,53,8.581126613,111,25,2.798934733,9.965878811,8.916792038,8.217489068,489,15,9,7,31,458,15,4,3,22,520,480,20,5,79,32
20,1000,10,5.13,10.3,18,37,66,952,28,12,8,48,8.406699098,101,38,2.719994806,9.645099625,8.433688087,8.378608518,487,14,5,4,23,465,14,7,4,25,510,490,26,12,78,23
18,1000,10,5.13,10.3,18,37,68,950,33,14,3,50,8.687911488,105,30,2.668800477,10.02571926,8.976651708,8.417077638,454,21,6,3,30,496,12,8,0,20,484,516,20,10,81,24
23,1000,10,5.13,10.3,18,37,60,958,22,8,12,42,8.338780693,111,39,2.724857816,10.03273944,8.584979508,8.09159511,479,14,3,5,22,479,8,5,7,20,501,499,21,18,90,21
22,1000,10,5.13,10.3,18,37,59,956,21,13,10,44,8.326968928,97,40,2.570996697,9.581248462,8.716118583,7.910425716,494,9,9,5,23,462,12,4,5,21,517,483,27,13,64,33
19,1000,10,5.13,10.3,18,37,67,960,26,9,5,40,8.346181505,93,34,2.692496532,9.22745897,8.729325976,7.90000894,508,18,8,4,30,452,8,1,1,10,538,462,21,13,60,33
21,1000,10,5.13,10.3,18,37,62,953,27,9,11,47,8.405961892,77,31,2.719379036,9.304497443,8.562810026,8.229090592,503,16,6,5,27,450,11,3,6,20,530,470,17,14,54,23
24,1000,10,5.13,10.3,18,37,32,955,26,7,12,45,7.80736188,82,26,2.649900901,8.853605801,7.444762374,8.211357524,504,13,5,5,23,451,13,2,7,22,527,473,16,10,61,21
17,1000,10,5.13,10.3,18,37,72,949,29,12,10,51,8.595132476,94,34,2.809206062,9.982179022,8.936755637,8.225040718,491,14,8,7,29,458,15,4,3,22,520,480,22,12,65,29
20,1000,10,5.13,10.3,18,37,67,953,27,12,8,47,8.409037489,85,31,2.732186611,9.65271904,8.458407168,8.35765272,488,13,5,4,22,465,14,7,4,25,510,490,18,13,66,19
18,1000,10,5.13,10.3,18,37,69,950,33,14,3,50,8.693183004,105,39,2.662347214,10.06773448,9.005266539,8.400453488,454,21,6,3,30,496,12,8,0,20,484,516,23,16,85,20
23,1000,10,5.13,10.3,18,37,61,958,23,8,11,42,8.347365701,82,24,2.733947193,10.05655177,8.559982888,8.133896341,479,15,3,4,22,479,8,5,7,20,501,499,15,9,57,25
22,1000,10,5.13,10.3,18,37,60,956,20,13,11,44,8.359446033,108,29,2.578421918,9.589957455,8.78812163,7.900594515,494,8,10,5,23,462,12,3,6,21,517,483,14,15,71,37
19,1000,10,5.13,10.3,18,37,68,960,26,9,5,40,8.415908754,99,31,2.703461307,9.233743774,8.780185725,7.991707432,509,17,8,4,29,451,9,1,1,11,538,462,15,16,67,32
21,1000,10,5.13,10.3,18,37,63,952,29,8,11,48,8.448396538,100,38,2.724727969,9.31628157,8.627658087,8.246250537,503,17,5,5,27,449,12,3,6,21,530,470,21,17,76,24
24,1000,10,5.13,10.3,18,37,33,956,25,7,12,44,7.862471163,107,33,2.662092146,8.877070076,7.509301388,8.255960532,503,14,5,5,24,453,11,2,7,20,527,473,22,11,74,33
17,1000,10,5.13,10.3,18,37,73,951,28,12,9,49,8.585642965,96,34,2.799842208,10.0013636,8.954604002,8.185935175,491,14,8,7,29,460,14,4,2,20,520,480,22,12,62,34
20,1000,10,5.13,10.3,18,37,68,953,28,10,9,47,8.430770524,96,33,2.744267063,9.679438705,8.509699108,8.348620365,489,13,3,5,21,464,15,7,4,26,510,490,20,13,71,25
18,1000,10,5.13,10.3,18,37,70,951,32,14,3,49,8.709090703,100,24,2.671802584,10.0879778,9.019705929,8.417738437,454,21,6,3,30,497,11,8,0,19,484,516,17,7,72,28
23,1000,10,5.13,10.3,18,37,62,960,21,9,10,40,8.359167687,120,31,2.714292063,10.057773,8.563817705,8.153697428,480,14,3,4,21,480,7,6,6,19,501,499,21,10,89,31
22,1000,10,5.13,10.3,18,37,61,956,20,13,11,44,8.394063481,90,29,2.601871904,9.593571104,8.859656183,7.895696138,494,8,10,5,23,462,12,3,6,21,517,483,21,8,63,27
19,1000,10,5.13,10.3,18,37,69,957,29,9,5,43,8.444422782,95,25,2.680454327,9.268227111,8.809382777,8.019426078,507,19,8,4,31,450,10,1,1,12,538,462,11,14,70,25
21,1000,10,5.13,10.3,18,37,64,953,28,8,11,47,8.452914514,91,32,2.727078596,9.305016304,8.649348756,8.23140356,504,16,5,5,26,449,12,3,6,21,530,470,22,10,68,23
17,1000,10,5.13,10.3,18,37,74,948,31,12,9,52,8.622601675,113,35,2.805024291,9.993492686,9.011514473,8.201279478,488,17,8,7,32,460,14,4,2,20,520,480,21,14,88,25
24,1000,10,5.13,10.3,18,37,34,955,26,7,12,45,7.863828648,101,27,2.667361502,8.905934101,7.515358774,8.252081552,503,14,5,5,24,452,12,2,7,21,527,473,14,13,67,34
20,1000,10,5.13,10.3,18,37,69,955,26,10,9,45,8.407760213,102,38,2.751079933,9.688573489,8.52245051,8.288388678,489,12,4,5,21,466,14,6,4,24,510,490,19,19,76,26
18,1000,10,5.13,10.3,18,37,71,951,32,14,3,49,8.699299883,115,26,2.686806769,10.10611785,9.037707651,8.381878644,454,21,6,3,30,497,11,8,0,19,484,516,19,7,82,33
23,1000,10,5.13,10.3,18,37,63,960,22,9,9,40,8.371826735,89,32,2.738119092,10.08240783,8.626931726,8.115699279,480,14,3,4,21,480,8,6,5,19,501,499,22,10,66,23
22,1000,10,5.13,10.3,18,37,62,956,20,13,11,44,8.399890212,115,36,2.612957693,9.607027529,8.880683323,7.885252451,494,8,10,5,23,462,12,3,6,21,517,483,22,14,79,36
19,1000,10,5.13,10.3,18,37,70,958,29,7,6,42,8.459561642,92,40,2.693981579,9.288676491,8.822452213,8.036974786,508,19,6,5,30,450,10,1,1,12,538,462,24,16,66,26
21,1000,10,5.13,10.3,18,37,65,953,25,11,11,47,8.499667837,93,31,2.722690061,9.301326265,8.741254381,8.227240456,503,14,8,5,27,450,11,3,6,20,530,470,21,10,67,26
17,1000,10,5.13,10.3,18,37,75,946,33,12,9,54,8.666816119,94,24,2.80176691,9.997760809,9.058312138,8.242695432,487,18,8,7,33,459,15,4,2,21,520,480,18,6,70,24
20,1000,10,5.13,10.3,18,37,70,955,25,11,9,45,8.418631178,106,31,2.753193928,9.73485147,8.531473505,8.301183042,489,12,4,5,21,466,13,7,4,24,510,490,26,5,85,21
18,1000,10,5.13,10.3,18,37,72,950,34,13,3,50,8.747792594,113,38,2.703176745,10.14741037,9.104493026,8.413213118,453,22,6,3,31,497,12,7,0,19,484,516,21,17,95,18
24,1000,10,5.13,10.3,18,37,35,952,28,7,13,48,7.896786498,95,35,2.668999873,8.930732613,7.562253753,8.269511141,502,15,5,5,25,450,13,2,8,23,527,473,16,19,63,32
23,1000,10,5.13,10.3,18,37,64,960,22,9,9,40,8.394990886,95,31,2.743218433,10.10754934,8.6590833,8.129839985,480,14,3,4,21,480,8,6,5,19,501,499,20,11,69,26
22,1000,10,5.13,10.3,18,37,63,955,21,13,11,45,8.401065937,95,29,2.605538884,9.600650729,8.867091169,7.902235617,493,9,10,5,24,462,12,3,6,21,517,483,17,12,69,26
19,1000,10,5.13,10.3,18,37,71,957,29,8,6,43,8.482443799,90,40,2.701197941,9.312076057,8.870830881,8.030166202,507,19,7,5,31,450,10,1,1,12,538,462,29,11,66,24
21,1000,10,5.13,10.3,18,37,66,955,24,10,11,45,8.522271391,94,23,2.725057191,9.329562046,8.792552216,8.217486631,503,14,8,5,27,452,10,2,6,18,530,470,13,10,69,25
17,1000,10,5.13,10.3,18,37,76,946,33,12,9,54,8.650067903,110,45,2.811556438,10.01890198,9.040122815,8.227508414,487,18,8,7,33,459,15,4,2,21,520,480,29,16,81,29
20,1000,10,5.13,10.3,18,37,71,954,26,11,9,46,8.442633354,106,49,2.748069154,9.780160063,8.546413683,8.334617094,488,13,4,5,22,466,13,7,4,24,510,490,25,24,77,29
18,1000,10,5.13,10.3,18,37,73,949,35,13,3,51,8.785502214,114,36,2.712149666,10.15707588,9.154049217,8.439810839,453,22,6,3,31,496,13,7,0,20,484,516,22,14,84,30
23,1000,10,5.13,10.3,18,37,65,959,23,9,9,41,8.390866066,106,39,2.779360776,10.14827423,8.697569994,8.082932864,480,14,3,4,21,479,9,6,5,20,501,499,23,16,72,34
24,1000,10,5.13,10.3,18,37,36,953,27,7,13,47,7.88811089,103,35,2.676917736,8.979658225,7.535377365,8.281114204,503,14,5,5,24,450,13,2,8,23,527,473,19,16,71,32
22,1000,10,5.13,10.3,18,37,64,954,22,13,11,46,8.404841218,100,39,2.616547899,9.62137798,8.901448829,7.873275721,492,10,10,5,25,462,12,3,6,21,517,483,26,13,72,28
19,1000,10,5.13,10.3,18,37,72,957,27,10,6,43,8.49561148,89,39,2.707097937,9.346466326,8.874743383,8.054111558,507,18,8,5,31,450,9,2,1,12,538,462,20,19,65,24
21,1000,10,5.13,10.3,18,37,67,954,26,10,10,46,8.56197696,89,28,2.739667882,9.367982499,8.864449617,8.220890772,502,15,8,5,28,452,11,2,5,18,530,470,17,11,66,23
17,1000,10,5.13,10.3,18,37,77,945,34,12,9,55,8.692092826,95,41,2.831286411,10.0340003,9.082813088,8.268812543,487,18,8,7,33,458,16,4,2,22,520,480,22,19,70,25
20,1000,10,5.13,10.3,18,37,72,953,26,12,9,47,8.456103067,101,37,2.754033208,9.783044448,8.556542913,8.351563635,488,13,4,5,22,465,13,8,4,25,510,490,26,11,78,23
18,1000,10,5.13,10.3,18,37,74,947,36,14,3,53,8.831045897,108,47,2.702909975,10.17741328,9.211312832,8.474361407,452,23,6,3,32,495,13,8,0,21,484,516,28,19,85,23
23,1000,10,5.13,10.3,18,37,66,959,24,9,8,41,8.364215671,120,35,2.771727539,10.1832727,8.691055003,8.036066362,479,15,3,4,22,480,9,6,4,19,501,499,24,11,95,25
22,1000,10,5.13,10.3,18,37,65,954,23,12,11,46,8.444941076,96,33,2.634819214,9.639149647,8.932414378,7.923152882,492,11,9,5,25,462,12,3,6,21,517,483,25,8,65,31
24,1000,10,5.13,10.3,18,37,37,954,26,7,13,46,7.901263282,94,34,2.677857532,8.983947505,7.536944079,8.307174953,504,12,6,5,23,450,14,1,8,23,527,473,24,10,68,26
19,1000,10,5.13,10.3,18,37,73,957,27,10,6,43,8.501532347,92,34,2.72407522,9.3654303,8.876975407,8.064328091,507,18,8,5,31,450,9,2,1,12,538,462,14,20,62,30
21,1000,10,5.13,10.3,18,37,68,954,26,11,9,46,8.530550446,112,38,2.752316022,9.391417478,8.864909953,8.153506747,501,16,8,5,29,453,10,3,4,17,530,470,22,16,82,30
17,1000,10,5.13,10.3,18,37,78,945,32,14,9,55,8.733313757,104,38,2.821382717,10.03138345,9.107166537,8.32830658,487,17,9,7,33,458,15,5,2,22,520,480,22,16,69,35
20,1000,10,5.13,10.3,18,37,73,953,24,14,9,47,8.456407227,108,29,2.766467786,9.824320886,8.56311407,8.345345002,488,13,4,5,22,465,11,10,4,25,510,490,18,11,74,34
18,1000,10,5.13,10.3,18,37,75,947,35,15,3,53,8.879864619,95,39,2.705458786,10.19450197,9.283235583,8.501508909,451,24,6,3,33,496,11,9,0,20,484,516,24,15,75,20
23,1000,10,5.13,10.3,18,37,67,958,24,9,9,42,8.389784242,101,35,2.771872285,10.20342842,8.746042366,8.032098229,479,14,3,5,22,479,10,6,4,20,501,499,21,14,72,29
22,1000,10,5.13,10.3,18,37,66,952,24,12,12,48,8.4800553,102,40,2.629457848,9.657966544,8.977742143,7.947334601,490,13,9,5,27,462,11,3,7,21,517,483,18,22,73,29
19,1000,10,5.13,10.3,18,37,74,957,27,10,6,43,8.564308982,67,33,2.755177036,9.400177096,8.957223382,8.106759314,507,18,8,5,31,450,9,2,1,12,538,462,11,22,54,13
24,1000,10,5.13,10.3,18,37,38,955,24,8,13,45,7.921759573,93,37,2.68169615,8.998923854,7.574887001,8.308232819,504,11,7,5,23,451,13,1,8,22,527,473,26,11,64,29
21,1000,10,5.13,10.3,18,37,69,954,26,11,9,46,8.520970255,102,48,2.765877448,9.401644059,8.886674628,8.108580217,501,16,8,5,29,453,10,3,4,17,530,470,27,21,73,29
20,1000,10,5.13,10.3,18,37,74,953,24,14,9,47,8.463828632,92,38,2.778543278,9.820576123,8.582623168,8.340185339,488,12,5,5,22,465,12,9,4,25,510,490,18,20,65,27
18,1000,10,5.13,10.3,18,37,76,947,34,16,3,53,8.899437622,102,31,2.69840466,10.21300362,9.328040672,8.497414606,451,24,6,3,33,496,10,10,0,20,484,516,15,16,80,22
17,1000,10,5.13,10.3,18,37,79,945,32,14,9,55,8.733072684,103,39,2.849920981,10.05964248,9.12515423,8.308317676,487,17,9,7,33,458,15,5,2,22,520,480,22,17,82,21
23,1000,10,5.13,10.3,18,37,68,958,24,9,9,42,8.404151654,105,39,2.781069277,10.19070817,8.788319131,8.018444428,479,14,3,5,22,479,10,6,4,20,501,499,22,17,79,26
19,1000,10,5.13,10.3,18,37,75,958,26,11,5,42,8.598234481,101,35,2.757463962,9.410367158,8.97808339,8.155899605,507,19,8,4,31,451,7,3,1,11,538,462,18,17,81,20
22,1000,10,5.13,10.3,18,37,67,952,24,12,12,48,8.477948191,114,35,2.642681066,9.648999537,8.977162611,7.943592382,490,13,9,5,27,462,11,3,7,21,517,483,16,19,85,29
24,1000,10,5.13,10.3,18,37,39,954,25,8,13,46,7.945137594,99,30,2.685290104,9.031732981,7.612001259,8.316306407,503,12,7,5,24,451,13,1,8,22,527,473,16,14,65,34
21,1000,10,5.13,10.3,18,37,70,954,26,11,9,46,8.556224265,99,37,2.791892807,9.398489356,8.978942032,8.079542528,501,16,8,5,29,453,10,3,4,17,530,470,25,12,72,27
18,1000,10,5.13,10.3,18,37,77,949,31,17,3,51,8.893809853,111,40,2.698652668,10.21096601,9.342895884,8.472574119,451,24,6,3,33,498,7,11,0,18,484,516,21,19,80,31
20,1000,10,5.13,10.3,18,37,75,954,23,14,9,46,8.466625883,106,36,2.779282339,9.835843281,8.619667287,8.30733789,489,11,5,5,21,465,12,9,4,25,510,490,23,13,79,27
17,1000,10,5.13,10.3,18,37,80,944,33,14,9,56,8.76219805,92,43,2.862960794,10.09185955,9.141273543,8.351532933,486,18,9,7,34,458,15,5,2,22,520,480,25,18,70,22
23,1000,10,5.13,10.3,18,37,69,957,25,9,9,43,8.418477778,108,36,2.82414714,10.22549774,8.830304814,8.005000132,479,14,3,5,22,478,11,6,4,21,501,499,21,15,83,25
19,1000,10,5.13,10.3,18,37,76,957,26,12,5,43,8.638267572,94,33,2.747061237,9.417405697,9.005919244,8.210136405,506,19,9,4,32,451,7,3,1,11,538,462,14,19,67,27
22,1000,10,5.13,10.3,18,37,68,951,24,12,13,49,8.493838065,99,28,2.660613142,9.670607119,9.009159355,7.94224157,489,13,9,6,28,462,11,3,7,21,517,483,18,10,67,32
21,1000,10,5.13,10.3,18,37,71,953,26,11,10,47,8.565108236,91,41,2.803984025,9.400932744,8.987043034,8.089309422,500,16,8,6,30,453,10,3,4,17,530,470,28,13,63,28
24,1000,10,5.13,10.3,18,37,40,955,24,8,13,45,7.924442375,90,41,2.682184193,9.068301529,7.617967562,8.265905856,503,12,7,5,24,452,12,1,8,21,527,473,20,21,67,23
18,1000,10,5.13,10.3,18,37,78,949,31,16,4,51,8.902822826,107,25,2.690946515,10.21688639,9.352817989,8.48073434,451,24,6,3,33,498,7,10,1,18,484,516,18,7,77,30
20,1000,10,5.13,10.3,18,37,76,951,26,14,9,49,8.493614726,124,38,2.795266743,9.849582991,8.673843825,8.306029337,486,14,5,5,24,465,12,9,4,25,510,490,31,7,91,33
17,1000,10,5.13,10.3,18,37,81,943,34,14,9,57,8.779829581,115,35,2.853522945,10.090278,9.170701041,8.356385501,486,18,9,7,34,457,16,5,2,23,520,480,18,17,91,24
23,1000,10,5.13,10.3,18,37,70,957,24,10,9,43,8.413195146,125,45,2.821463656,10.24741551,8.868077932,7.956489183,479,13,4,5,22,478,11,6,4,21,501,499,26,19,91,34
19,1000,10,5.13,10.3,18,37,77,958,25,12,5,42,8.643110172,95,36,2.756542603,9.449743895,9.015440302,8.209530929,506,19,9,4,32,452,6,3,1,10,538,462,20,16,64,31
22,1000,10,5.13,10.3,18,37,69,952,23,12,13,48,8.505717647,114,31,2.687236584,9.692444501,9.069976611,7.901738589,489,13,9,6,28,463,10,3,7,20,517,483,18,13,84,30
21,1000,10,5.13,10.3,18,37,72,954,26,10,10,46,8.570457422,100,44,2.797388231,9.416984182,9.031074189,8.051038515,499,17,8,6,31,455,9,2,4,15,530,470,20,24,76,24
18,1000,10,5.13,10.3,18,37,79,949,31,16,4,51,8.917387007,106,35,2.706181059,10.23510385,9.410995719,8.454389688,451,24,6,3,33,498,7,10,1,18,484,516,23,12,80,26
20,1000,10,5.13,10.3,18,37,77,950,27,14,9,50,8.492447695,96,36,2.799536294,9.892997857,8.692149715,8.284594571,486,14,5,5,24,464,13,9,4,26,510,490,21,15,69,27
17,1000,10,5.13,10.3,18,37,82,943,34,14,9,57,8.775001878,104,30,2.838177141,10.11688711,9.19333611,8.32180646,486,18,9,7,34,457,16,5,2,23,520,480,18,12,76,28
24,1000,10,5.13,10.3,18,37,41,954,25,8,13,46,7.95739677,89,32,2.709466717,9.077274425,7.665034171,8.283136916,503,12,7,5,24,451,13,1,8,22,527,473,19,13,60,29
23,1000,10,5.13,10.3,18,37,71,958,22,10,10,42,8.434421063,106,41,2.842555736,10.26179322,8.914153456,7.952765894,479,13,4,5,22,479,9,6,5,20,501,499,24,17,85,21
19,1000,10,5.13,10.3,18,37,78,958,24,13,5,42,8.688219193,111,33,2.754552997,9.46675794,9.080100078,8.231873054,506,18,10,4,32,452,6,3,1,10,538,462,20,13,81,30
22,1000,10,5.13,10.3,18,37,70,952,23,12,13,48,8.54993934,95,22,2.692663506,9.70028251,9.12438514,7.935056362,489,13,9,6,28,463,10,3,7,20,517,483,15,7,71,24
20,1000,10,5.13,10.3,18,37,78,950,27,14,9,50,8.505257256,100,32,2.808138449,9.898885833,8.719341034,8.282435365,486,14,5,5,24,464,13,9,4,26,510,490,17,15,68,32
18,1000,10,5.13,10.3,18,37,80,950,32,14,4,50,8.923495377,106,36,2.702734492,10.27423651,9.396637396,8.479695499,451,25,5,3,33,499,7,9,1,17,484,516,23,13,81,25
17,1000,10,5.13,10.3,18,37,83,943,33,14,10,57,8.78927744,108,36,2.840750454,10.14372839,9.237071984,8.304166683,486,17,9,8,34,457,16,5,2,23,520,480,16,20,77,31
21,1000,10,5.13,10.3,18,37,73,953,27,10,10,47,8.624788699,99,31,2.805014483,9.430979425,9.073352415,8.118961531,498,18,8,6,32,455,9,2,4,15,530,470,21,10,70,29
23,1000,10,5.13,10.3,18,37,72,957,22,10,11,43,8.508072477,110,33,2.855477379,10.30613305,9.029621283,7.984433296,479,12,4,6,22,478,10,6,5,21,501,499,20,13,89,21
24,1000,10,5.13,10.3,18,37,42,953,26,9,12,47,7.963926999,97,32,2.719529995,9.106813028,7.662422486,8.299852745,503,12,7,5,24,450,14,2,7,23,527,473,16,16,60,37
19,1000,10,5.13,10.3,18,37,79,958,24,13,5,42,8.707269686,106,27,2.760317446,9.487885412,9.106216962,8.24269472,506,18,10,4,32,452,6,3,1,10,538,462,15,12,76,30
22,1000,10,5.13,10.3,18,37,71,951,24,11,14,49,8.558877237,96,46,2.677032309,9.719216384,9.130746647,7.94675201,489,13,8,7,28,462,11,3,7,21,517,483,34,12,67,29
20,1000,10,5.13,10.3,18,37,79,950,27,12,11,50,8.538474508,109,37,2.816603911,9.935214625,8.775389008,8.291890029,486,14,5,5,24,464,13,7,6,26,510,490,18,19,81,28
18,1000,10,5.13,10.3,18,37,81,951,32,13,4,49,8.950022331,101,37,2.720329257,10.32132191,9.410257298,8.518329068,452,24,5,3,32,499,8,8,1,17,484,516,23,14,75,26
21,1000,10,5.13,10.3,18,37,74,953,27,10,10,47,8.650244357,97,37,2.801119343,9.453684744,9.124162593,8.11582592,498,18,8,6,32,455,9,2,4,15,530,470,27,10,74,23
17,1000,10,5.13,10.3,18,37,84,942,34,14,10,58,8.831906139,103,26,2.833850287,10.15298733,9.280718941,8.34569227,486,17,9,8,34,456,17,5,2,24,520,480,11,15,79,24
23,1000,10,5.13,10.3,18,37,73,957,22,10,11,43,8.490666453,110,35,2.86654595,10.33319098,9.032447473,7.946713967,479,12,4,6,22,478,10,6,5,21,501,499,26,9,92,18
19,1000,10,5.13,10.3,18,37,80,959,23,13,5,41,8.747817439,92,42,2.76593748,9.486788802,9.123601501,8.310216085,507,17,10,4,31,452,6,3,1,10,538,462,30,12,68,24
24,1000,10,5.13,10.3,18,37,43,953,26,9,12,47,7.977516393,107,36,2.715691444,9.119933938,7.685512797,8.302856552,503,12,7,5,24,450,14,2,7,23,527,473,21,15,76,31
22,1000,10,5.13,10.3,18,37,72,950,25,11,14,50,8.558917099,112,36,2.690788751,9.728714269,9.13696241,7.940181227,488,14,8,7,29,462,11,3,7,21,517,483,19,17,78,34
18,1000,10,5.13,10.3,18,37,82,950,33,13,4,50,8.978427087,118,33,2.723418498,10.35346795,9.426212758,8.558411071,451,25,5,3,33,499,8,8,1,17,484,516,19,14,87,31
20,1000,10,5.13,10.3,18,37,80,949,28,12,11,51,8.544837078,115,38,2.817631464,9.952594414,8.8002747,8.278973431,485,15,5,5,25,464,13,7,6,26,510,490,20,18,83,32
21,1000,10,5.13,10.3,18,37,75,953,26,10,11,47,8.665573548,89,43,2.784703819,9.468542392,9.157514546,8.110831571,498,17,8,7,32,455,9,2,4,15,530,470,26,17,72,17
17,1000,10,5.13,10.3,18,37,85,942,34,14,10,58,8.836284939,100,42,2.812927209,10.17172705,9.331529184,8.299770339,486,17,9,8,34,456,17,5,2,24,520,480,25,17,81,19
23,1000,10,5.13,10.3,18,37,74,957,22,10,11,43,8.503418336,99,34,2.872649682,10.34669874,9.031509765,7.973210309,479,12,3,7,22,478,10,7,4,21,501,499,19,15,71,28
19,1000,10,5.13,10.3,18,37,81,958,24,13,5,42,8.764432761,88,35,2.767114149,9.474379808,9.158380959,8.305679233,506,18,10,4,32,452,6,3,1,10,538,462,20,15,66,22
24,1000,10,5.13,10.3,18,37,44,954,25,9,12,46,7.96632474,101,25,2.710806601,9.154540285,7.71724002,8.243846194,503,12,7,5,24,451,13,2,7,22,527,473,15,10,73,28
22,1000,10,5.13,10.3,18,37,73,950,25,11,14,50,8.571163157,95,34,2.711654124,9.750216864,9.158463809,7.94252043,488,14,8,7,29,462,11,3,7,21,517,483,22,12,67,28
18,1000,10,5.13,10.3,18,37,83,950,33,13,4,50,9.000755858,95,38,2.726606463,10.36235479,9.462608202,8.56754552,451,25,5,3,33,499,8,8,1,17,484,516,26,12,75,20
20,1000,10,5.13,10.3,18,37,81,950,27,12,11,50,8.533696507,89,42,2.844253787,9.964250473,8.808204044,8.247984581,486,14,5,5,24,464,13,7,6,26,510,490,26,16,63,26
21,1000,10,5.13,10.3,18,37,76,953,26,10,11,47,8.685448939,120,38,2.792099288,9.492072125,9.222327835,8.080032311,498,17,8,7,32,455,9,2,4,15,530,470,22,16,94,26
17,1000,10,5.13,10.3,18,37,86,942,35,13,10,58,8.850003544,116,35,2.832862883,10.22771654,9.372895504,8.283537254,486,17,9,8,34,456,18,4,2,24,520,480,16,19,91,25
23,1000,10,5.13,10.3,18,37,75,957,21,11,11,43,8.559412493,105,30,2.878645073,10.3704934,9.105814996,8.01082,479,12,3,7,22,478,9,8,4,21,501,499,17,13,82,23
19,1000,10,5.13,10.3,18,37,82,956,25,14,5,44,8.789195391,106,34,2.763489926,9.492177568,9.186061936,8.327043439,505,18,11,4,33,451,7,3,1,11,538,462,17,17,79,27
22,1000,10,5.13,10.3,18,37,74,950,24,12,14,50,8.58732723,100,38,2.73248249,9.760773967,9.192773101,7.93926198,488,13,9,7,29,462,11,3,7,21,517,483,23,15,73,27
24,1000,10,5.13,10.3,18,37,45,953,26,9,12,47,7.999740144,106,30,2.71200468,9.180373852,7.760524123,8.26626624,502,13,7,5,25,451,13,2,7,22,527,473,21,9,78,28
18,1000,10,5.13,10.3,18,37,84,949,35,12,4,51,9.028416613,105,32,2.751789634,10.38083543,9.536627597,8.551722589,450,26,5,3,34,499,9,7,1,17,484,516,22,10,95,10
20,1000,10,5.13,10.3,18,37,82,951,26,12,11,49,8.558355724,107,30,2.842184445,9.994771378,8.830486697,8.275117365,486,14,5,5,24,465,12,7,6,25,510,490,18,12,81,26
21,1000,10,5.13,10.3,18,37,77,951,28,11,10,49,8.731518461,93,39,2.785397138,9.507937189,9.255061682,8.141139936,497,18,9,6,33,454,10,2,4,16,530,470,28,11,70,23
17,1000,10,5.13,10.3,18,37,87,942,35,13,10,58,8.858900626,109,40,2.829660143,10.24732622,9.381009859,8.29328229,486,17,9,8,34,456,18,4,2,24,520,480,22,18,80,29
23,1000,10,5.13,10.3,18,37,76,955,23,11,11,45,8.575166095,123,40,2.885691525,10.38491344,9.144243542,8.003807777,477,14,3,7,24,478,9,8,4,21,501,499,25,15,98,25
19,1000,10,5.13,10.3,18,37,83,954,27,14,5,46,8.811310833,101,33,2.777958339,9.520677925,9.210326005,8.346656801,503,20,11,4,35,451,7,3,1,11,538,462,18,15,72,29
22,1000,10,5.13,10.3,18,37,75,948,27,12,13,52,8.612588518,98,30,2.742671973,9.794683578,9.236198964,7.945080027,486,15,9,7,31,462,12,3,6,21,517,483,15,15,71,27
18,1000,10,5.13,10.3,18,37,85,948,35,12,5,52,9.049078916,119,35,2.755505225,10.40263329,9.602106538,8.530347581,449,26,6,3,35,499,9,6,2,17,484,516,25,10,98,21
20,1000,10,5.13,10.3,18,37,83,951,26,12,11,49,8.604991235,119,46,2.849348524,10.0169058,8.947386839,8.248620301,486,14,5,5,24,465,12,7,6,25,510,490,23,23,95,24
24,1000,10,5.13,10.3,18,37,46,953,26,9,12,47,8.030579544,106,31,2.716596547,9.185543604,7.771384657,8.319365391,502,13,7,5,25,451,13,2,7,22,527,473,20,11,77,29
21,1000,10,5.13,10.3,18,37,78,952,28,11,9,48,8.769597058,106,31,2.798297643,9.531107917,9.323330397,8.145174357,497,18,9,6,33,455,10,2,3,15,530,470,19,12,81,25
17,1000,10,5.13,10.3,18,37,88,942,34,14,10,58,8.882196564,100,43,2.818326424,10.24181145,9.461670432,8.254433208,486,16,10,8,34,456,18,4,2,24,520,480,25,18,74,26
23,1000,10,5.13,10.3,18,37,77,954,25,10,11,46,8.614768522,99,41,2.902152071,10.41062134,9.212493274,8.014648079,476,15,3,7,25,478,10,7,4,21,501,499,30,11,82,17
19,1000,10,5.13,10.3,18,37,84,954,27,12,7,46,8.874118851,92,40,2.779497599,9.558604718,9.294611011,8.384454821,503,20,9,6,35,451,7,3,1,11,538,462,21,19,69,23
22,1000,10,5.13,10.3,18,37,76,947,28,12,13,53,8.627588001,109,37,2.736131699,9.803693943,9.25891935,7.951815106,485,16,9,7,32,462,12,3,6,21,517,483,17,20,78,31
18,1000,10,5.13,10.3,18,37,86,948,34,13,5,52,9.057495544,101,30,2.744761328,10.42399881,9.673612332,8.479587549,449,25,7,3,35,499,9,6,2,17,484,516,18,12,77,24
20,1000,10,5.13,10.3,18,37,84,951,26,12,11,49,8.634007203,97,46,2.849403396,10.00652272,8.978061824,8.275909538,486,14,5,5,24,465,12,7,6,25,510,490,21,25,74,23
21,1000,10,5.13,10.3,18,37,79,951,29,11,9,49,8.811343156,109,40,2.819528887,9.582602329,9.360795808,8.191747613,496,19,9,6,34,455,10,2,3,15,530,470,25,15,84,25
17,1000,10,5.13,10.3,18,37,89,940,36,14,10,60,8.89517916,108,39,2.807884718,10.24345679,9.470198271,8.272241789,486,16,10,8,34,454,20,4,2,26,520,480,26,13,86,22
24,1000,10,5.13,10.3,18,37,47,954,23,11,12,46,8.074418412,100,33,2.717752362,9.200187482,7.803771233,8.375964001,503,12,7,5,24,451,11,4,7,22,527,473,20,13,65,35
23,1000,10,5.13,10.3,18,37,78,953,26,10,11,47,8.641049265,121,36,2.902004724,10.44058707,9.271634066,8.00793707,475,16,3,7,26,478,10,7,4,21,501,499,21,15,90,31
19,1000,10,5.13,10.3,18,37,85,954,27,12,7,46,8.889425498,94,39,2.778820761,9.579707669,9.311687523,8.397700455,503,20,9,6,35,451,7,3,1,11,538,462,26,13,72,22
22,1000,10,5.13,10.3,18,37,77,947,29,12,12,53,8.625480974,122,38,2.742870405,9.816630044,9.297895555,7.905732862,484,17,9,7,33,463,12,3,5,20,517,483,21,17,94,28
18,1000,10,5.13,10.3,18,37,87,949,33,13,5,51,9.032866848,106,31,2.764898267,10.47892344,9.717809389,8.390401364,449,25,7,3,35,500,8,6,2,16,484,516,19,12,88,18
20,1000,10,5.13,10.3,18,37,85,951,25,13,11,49,8.671600861,116,31,2.860644201,10.01087238,9.023916336,8.304905162,486,14,5,5,24,465,11,8,6,25,510,490,13,18,81,35
17,1000,10,5.13,10.3,18,37,90,944,32,14,10,56,8.913101996,106,36,2.816858376,10.25237592,9.50871208,8.267857738,487,16,9,8,33,457,16,5,2,23,520,480,24,12,78,28
21,1000,10,5.13,10.3,18,37,80,951,29,10,10,49,8.858686057,96,34,2.824528899,9.622644966,9.44076351,8.202300845,496,19,8,7,34,455,10,2,3,15,530,470,21,13,70,26
23,1000,10,5.13,10.3,18,37,79,952,26,12,10,48,8.650275752,124,43,2.910853081,10.43654636,9.266993204,8.031086487,475,16,4,6,26,477,10,8,4,22,501,499,27,16,91,33
24,1000,10,5.13,10.3,18,37,48,954,23,11,12,46,8.087376191,106,26,2.731760982,9.22880128,7.803426476,8.403742998,504,11,7,5,23,450,12,4,7,23,527,473,10,16,73,33
19,1000,10,5.13,10.3,18,37,86,955,27,11,7,45,8.908725251,94,40,2.794302008,9.597878537,9.356994104,8.386715201,504,20,8,6,34,451,7,3,1,11,538,462,23,17,77,17
22,1000,10,5.13,10.3,18,37,78,948,29,11,12,52,8.626302377,103,33,2.751216744,9.847326155,9.311907648,7.892435036,484,17,9,7,33,464,12,2,5,19,517,483,19,14,69,34
18,1000,10,5.13,10.3,18,37,88,950,31,14,5,50,9.007816721,118,32,2.777995382,10.50380183,9.683289577,8.374233654,449,24,8,3,35,501,7,6,2,15,484,516,22,10,93,25
20,1000,10,5.13,10.3,18,37,86,951,25,13,11,49,8.680186327,107,35,2.887983924,10.02970118,9.046880642,8.298524897,486,14,5,5,24,465,11,8,6,25,510,490,22,13,79,28
17,1000,10,5.13,10.3,18,37,91,944,32,14,10,56,8.916145208,112,34,2.82963971,10.25206315,9.521311725,8.260548149,487,16,9,8,33,457,16,5,2,23,520,480,20,14,87,25
21,1000,10,5.13,10.3,18,37,81,952,28,10,10,48,8.862092407,109,28,2.82848526,9.641295965,9.476934971,8.168759304,496,19,8,7,34,456,9,2,3,14,530,470,19,9,81,28
23,1000,10,5.13,10.3,18,37,80,951,28,10,11,49,8.69114581,107,29,2.926002538,10.47101652,9.314928405,8.064863085,473,18,4,6,28,478,10,6,5,21,501,499,20,9,83,24
19,1000,10,5.13,10.3,18,37,87,956,26,11,7,44,8.887982849,113,36,2.79148842,9.615839288,9.36278873,8.335070373,504,20,8,6,34,452,6,3,1,10,538,462,23,13,81,32
24,1000,10,5.13,10.3,18,37,49,954,23,11,12,46,8.115658374,119,30,2.73797167,9.259153705,7.845008927,8.41720649,504,11,7,5,23,450,12,4,7,23,527,473,14,16,82,37
18,1000,10,5.13,10.3,18,37,89,950,31,14,5,50,8.989038712,104,42,2.799928009,10.55060273,9.703071093,8.31928741,449,24,8,3,35,501,7,6,2,15,484,516,29,13,80,24
22,1000,10,5.13,10.3,18,37,79,947,29,12,12,53,8.656001495,107,32,2.761037162,9.867549411,9.35500873,7.907788781,483,17,10,7,34,464,12,2,5,19,517,483,21,11,89,18
20,1000,10,5.13,10.3,18,37,87,950,27,13,10,50,8.700942367,112,34,2.895419265,10.06304098,9.085317505,8.300878449,484,16,5,5,26,466,11,8,5,24,510,490,21,13,80,32
17,1000,10,5.13,10.3,18,37,92,945,32,13,10,55,8.9166778,116,30,2.820937443,10.26396875,9.548417501,8.232293123,487,16,9,8,33,458,16,4,2,22,520,480,17,13,88,28
21,1000,10,5.13,10.3,18,37,82,951,28,11,10,49,8.889063698,97,44,2.829864359,9.66591113,9.511406495,8.187272884,495,19,9,7,35,456,9,2,3,14,530,470,22,22,74,23
23,1000,10,5.13,10.3,18,37,81,949,30,10,11,51,8.714965583,127,36,2.928125914,10.50405281,9.365808808,8.061513768,472,19,4,6,29,477,11,6,5,22,501,499,23,13,91,36
19,1000,10,5.13,10.3,18,37,88,957,26,11,6,43,8.889628288,111,28,2.78369667,9.630045571,9.399218376,8.296209528,504,20,8,6,34,453,6,3,0,9,538,462,18,10,80,31
24,1000,10,5.13,10.3,18,37,50,954,23,12,11,46,8.131014324,100,34,2.743795627,9.271445305,7.867449227,8.424669305,504,11,7,5,23,450,12,5,6,23,527,473,19,15,65,35
18,1000,10,5.13,10.3,18,37,90,952,31,12,5,48,8.994423308,101,33,2.795912372,10.56290802,9.708458821,8.324669067,450,24,7,3,34,502,7,5,2,14,484,516,19,14,69,32
22,1000,10,5.13,10.3,18,37,80,946,30,12,12,54,8.692117735,101,29,2.768876884,9.888224712,9.406210998,7.927757037,482,18,10,7,35,464,12,2,5,19,517,483,15,14,73,28
20,1000,10,5.13,10.3,18,37,88,949,28,13,10,51,8.708168078,117,47,2.905893634,10.09346066,9.128566614,8.270610419,483,17,5,5,27,466,11,8,5,24,510,490,26,21,86,31
17,1000,10,5.13,10.3,18,37,93,946,32,13,9,54,8.927100584,102,33,2.832504479,10.28042632,9.627453642,8.168384771,486,16,10,8,34,460,16,3,1,20,520,480,23,10,70,32
21,1000,10,5.13,10.3,18,37,83,950,29,11,10,50,8.90543336,109,30,2.858434103,9.693366324,9.517141789,8.215634493,495,19,9,7,35,455,10,2,3,15,530,470,14,16,80,29
23,1000,10,5.13,10.3,18,37,82,947,32,11,10,53,8.751984241,108,41,2.941174185,10.53821434,9.428690785,8.072565446,470,21,4,6,31,477,11,7,4,22,501,499,29,12,75,33
19,1000,10,5.13,10.3,18,37,89,957,26,11,6,43,8.905565578,100,37,2.779232254,9.651958129,9.417167786,8.309803699,504,20,8,6,34,453,6,3,0,9,538,462,24,13,76,24
18,1000,10,5.13,10.3,18,37,91,954,29,12,5,46,8.997456977,119,30,2.825154917,10.61572644,9.715129437,8.324291337,451,23,7,3,33,503,6,5,2,13,484,516,17,13,88,31
24,1000,10,5.13,10.3,18,37,51,953,23,13,11,47,8.158921505,96,38,2.736287962,9.274159981,7.890191926,8.458330571,504,11,7,5,23,449,12,6,6,24,527,473,25,13,67,29
22,1000,10,5.13,10.3,18,37,81,946,29,13,12,54,8.716171024,86,34,2.801388161,9.918970698,9.444058386,7.937045215,482,18,10,7,35,464,11,3,5,19,517,483,21,13,66,20
20,1000,10,5.13,10.3,18,37,89,948,29,13,10,52,8.794442375,101,30,2.890871611,10.10878967,9.194581607,8.377970929,483,17,5,5,27,465,12,8,5,25,510,490,21,9,74,27
17,1000,10,5.13,10.3,18,37,94,946,32,13,9,54,8.965461974,116,33,2.850782025,10.28119255,9.700566885,8.16909832,486,16,10,8,34,460,16,3,1,20,520,480,21,12,86,30
21,1000,10,5.13,10.3,18,37,84,947,31,12,10,53,8.923028715,97,39,2.851952127,9.723709217,9.54429235,8.222454829,493,21,9,7,37,454,10,3,3,16,530,470,23,16,68,29
23,1000,10,5.13,10.3,18,37,83,947,31,12,10,53,8.775010962,111,37,2.942879308,10.57158345,9.47197702,8.075251453,470,20,5,6,31,477,11,7,4,22,501,499,22,15,80,31
19,1000,10,5.13,10.3,18,37,90,958,27,10,5,42,8.913911164,96,35,2.773979739,9.665401945,9.440787995,8.300361955,504,21,8,5,34,454,6,2,0,8,538,462,23,12,74,22
18,1000,10,5.13,10.3,18,37,92,954,29,12,5,46,8.974054331,110,42,2.838878982,10.64844054,9.718959721,8.275344623,451,23,7,3,33,503,6,5,2,13,484,516,27,15,87,23
20,1000,10,5.13,10.3,18,37,90,949,29,12,10,51,8.767572427,110,39,2.892822903,10.11372797,9.202108942,8.315299728,483,17,5,5,27,466,12,7,5,24,510,490,18,21,80,30
24,1000,10,5.13,10.3,18,37,52,952,24,13,11,48,8.180891334,97,32,2.751709035,9.291796202,7.940630632,8.448581377,503,12,7,5,24,449,12,6,6,24,527,473,17,15,72,25
22,1000,10,5.13,10.3,18,37,82,946,30,12,12,54,8.736964755,98,39,2.810366673,9.921995541,9.471864223,7.950333233,482,18,10,7,35,464,12,2,5,19,517,483,28,11,77,21
17,1000,10,5.13,10.3,18,37,95,944,33,14,9,56,9.004178404,113,41,2.846509835,10.28344488,9.724723084,8.223588334,486,16,10,8,34,458,17,4,1,22,520,480,22,19,86,27
21,1000,10,5.13,10.3,18,37,85,948,30,12,10,52,8.924946955,113,41,2.860416278,9.767934395,9.604242845,8.158932441,493,21,9,7,37,455,9,3,3,15,530,470,26,15,91,22
23,1000,10,5.13,10.3,18,37,84,945,32,13,10,55,8.804590788,118,40,2.947084772,10.59989784,9.496602014,8.10980597,468,22,5,6,33,477,10,8,4,22,501,499,29,11,86,32
19,1000,10,5.13,10.3,18,37,91,959,26,10,5,41,8.915905297,104,34,2.788463175,9.664226488,9.457504025,8.285212407,504,21,8,5,34,455,5,2,0,7,538,462,21,13,77,27
18,1000,10,5.13,10.3,18,37,93,953,28,13,6,47,8.992547757,107,36,2.851968819,10.65961213,9.731711237,8.299223872,451,21,8,4,33,502,7,5,2,14,484,516,27,9,85,22
20,1000,10,5.13,10.3,18,37,91,950,28,12,10,50,8.789239033,119,29,2.889963353,10.12935548,9.275298093,8.283340828,483,16,6,5,27,467,12,6,5,23,510,490,18,11,90,29
22,1000,10,5.13,10.3,18,37,83,945,31,12,12,55,8.744797039,100,31,2.818221213,9.946640689,9.482968361,7.954663346,481,19,10,7,36,464,12,2,5,19,517,483,20,11,73,27
24,1000,10,5.13,10.3,18,37,53,952,25,13,10,48,8.199414051,91,37,2.749696769,9.287822617,8.00091531,8.420574382,502,13,7,5,25,450,12,6,5,23,527,473,23,14,61,30
17,1000,10,5.13,10.3,18,37,96,944,33,14,9,56,9.005221241,108,34,2.859934031,10.31023535,9.737389776,8.212038661,486,16,10,8,34,458,17,4,1,22,520,480,19,15,74,34
21,1000,10,5.13,10.3,18,37,86,948,30,12,10,52,8.940056608,99,37,2.878445939,9.773196552,9.633241706,8.158379796,493,21,9,7,37,455,9,3,3,15,530,470,27,10,77,22
23,1000,10,5.13,10.3,18,37,85,946,33,12,9,54,8.795210773,134,44,2.956836819,10.61122645,9.543418906,8.044003809,467,24,5,5,34,479,9,7,4,20,501,499,26,18,99,35
19,1000,10,5.13,10.3,18,37,92,959,26,10,5,41,8.956365512,95,43,2.779978456,9.711017734,9.553005046,8.261577483,504,21,8,5,34,455,5,2,0,7,538,462,22,21,78,17
18,1000,10,5.13,10.3,18,37,94,953,28,13,6,47,9.015167604,116,31,2.879978196,10.69062548,9.772452518,8.304846095,450,22,8,4,34,503,6,5,2,13,484,516,21,10,89,27
20,1000,10,5.13,10.3,18,37,92,950,28,12,10,50,8.778053142,111,31,2.891850928,10.14852199,9.273361357,8.262528265,484,15,6,5,26,466,13,6,5,24,510,490,20,11,83,28
22,1000,10,5.13,10.3,18,37,84,945,31,12,12,55,8.740120136,105,46,2.817460354,9.950840306,9.478537325,7.949723269,481,19,10,7,36,464,12,2,5,19,517,483,30,16,82,23
24,1000,10,5.13,10.3,18,37,54,950,26,14,10,50,8.25583234,99,25,2.767926964,9.29908535,8.037092253,8.499544868,500,14,8,5,27,450,12,6,5,23,527,473,13,12,67,32
17,1000,10,5.13,10.3,18,37,97,942,34,15,9,58,9.047866297,111,35,2.868789189,10.33531372,9.801144397,8.231815021,484,17,11,8,36,458,17,4,1,22,520,480,21,14,82,29
23,1000,10,5.13,10.3,18,37,86,947,32,12,9,53,8.790628518,119,36,2.951852355,10.64912416,9.53552836,8.042743105,468,23,5,5,33,479,9,7,4,20,501,499,21,15,90,29
21,1000,10,5.13,10.3,18,37,87,948,31,12,9,52,8.948387175,101,31,2.893647985,9.789917587,9.657146831,8.149147562,493,22,9,6,37,455,9,3,3,15,530,470,15,16,72,29
19,1000,10,5.13,10.3,18,37,93,959,25,10,6,41,9.015794745,117,31,2.801035913,9.72559963,9.626841791,8.304229137,504,20,8,6,34,455,5,2,0,7,538,462,17,14,85,32
18,1000,10,5.13,10.3,18,37,95,951,29,14,6,49,9.043944753,102,26,2.899773525,10.69408968,9.824059889,8.312208851,449,22,9,4,35,502,7,5,2,14,484,516,18,8,76,26
20,1000,10,5.13,10.3,18,37,93,950,28,12,10,50,8.803119049,118,39,2.891154161,10.17045042,9.299174403,8.286816538,484,15,6,5,26,466,13,6,5,24,510,490,23,16,90,28
17,1000,10,5.13,10.3,18,37,98,942,34,15,9,58,9.065211074,110,36,2.880841887,10.33976252,9.831385303,8.235188993,484,17,11,8,36,458,17,4,1,22,520,480,21,15,86,24
23,1000,10,5.13,10.3,18,37,87,946,32,13,9,54,8.835611461,104,40,2.958578757,10.65622428,9.566676566,8.101616237,467,23,6,5,34,479,9,7,4,20,501,499,25,15,72,32
22,1000,10,5.13,10.3,18,37,85,946,29,13,12,54,8.771984054,103,42,2.820607064,9.973459767,9.51380103,7.977948078,482,17,11,7,35,464,12,2,5,19,517,483,25,17,76,27
21,1000,10,5.13,10.3,18,37,88,947,32,12,9,53,8.956999033,116,29,2.885903384,9.809853248,9.684865717,8.136213199,493,22,9,6,37,454,10,3,3,16,530,470,17,12,84,32
19,1000,10,5.13,10.3,18,37,94,957,27,10,6,43,9.037254855,94,45,2.806552167,9.746264985,9.667659725,8.303147019,502,22,8,6,36,455,5,2,0,7,538,462,24,21,71,23
24,1000,10,5.13,10.3,18,37,55,950,26,14,10,50,8.263401229,98,45,2.772158669,9.309518762,8.069947924,8.478940112,500,14,8,5,27,450,12,6,5,23,527,473,28,17,73,25
18,1000,10,5.13,10.3,18,37,96,949,30,15,6,51,9.054933651,111,33,2.911409375,10.71454178,9.847482075,8.311535516,448,22,10,4,36,501,8,5,2,15,484,516,23,10,83,28
17,1000,10,5.13,10.3,18,37,99,940,36,15,9,60,9.104918485,100,32,2.892769894,10.36277685,9.898837044,8.244840046,482,19,11,8,38,458,17,4,1,22,520,480,23,9,87,13
23,1000,10,5.13,10.3,18,37,88,946,32,13,9,54,8.844242559,118,36,2.965063437,10.6537563,9.596269325,8.089201657,467,23,6,5,34,479,9,7,4,20,501,499,22,14,91,27
21,1000,10,5.13,10.3,18,37,89,947,32,12,9,53,8.978206524,93,39,2.885893097,9.827886279,9.703070368,8.160806871,493,22,9,6,37,454,10,3,3,16,530,470,27,12,72,21
20,1000,10,5.13,10.3,18,37,94,951,28,11,10,49,8.79542155,115,32,2.902491136,10.17450589,9.324194438,8.245066095,485,14,6,5,25,466,14,5,5,24,510,490,21,11,99,16
22,1000,10,5.13,10.3,18,37,86,945,29,14,12,55,8.805630468,103,35,2.835094834,9.987468442,9.535532304,8.024348379,482,17,11,7,35,463,12,3,5,20,517,483,20,15,80,23
19,1000,10,5.13,10.3,18,37,95,957,27,10,6,43,9.070515595,103,36,2.809422119,9.77047756,9.716694106,8.318039319,502,22,8,6,36,455,5,2,0,7,538,462,25,11,78,25
24,1000,10,5.13,10.3,18,37,56,949,26,15,10,51,8.297027297,100,36,2.791731506,9.313769693,8.110096094,8.505299482,501,13,8,5,26,448,13,7,5,25,527,473,21,15,69,31
18,1000,10,5.13,10.3,18,37,97,947,32,15,6,53,9.066828526,121,38,2.913954455,10.77190672,9.849979212,8.332245324,448,22,10,4,36,499,10,5,2,17,484,516,23,15,95,26
17,1000,10,5.13,10.3,18,37,100,939,36,15,10,61,9.14304796,112,27,2.902052093,10.38896814,9.953543771,8.265010831,481,19,11,9,39,458,17,4,1,22,520,480,16,11,75,37
23,1000,10,5.13,10.3,18,37,89,944,33,14,9,56,8.881914645,117,33,2.988119469,10.70034005,9.654574312,8.106158145,466,24,6,5,35,478,9,8,4,21,501,499,19,14,89,28
21,1000,10,5.13,10.3,18,37,90,947,32,12,9,53,8.963255068,111,38,2.910078647,9.841378373,9.691447455,8.14210195,493,22,9,6,37,454,10,3,3,16,530,470,26,12,85,26
20,1000,10,5.13,10.3,18,37,95,949,29,12,10,51,8.819377203,110,37,2.905699544,10.18348415,9.382134651,8.233650063,483,15,7,5,27,466,14,5,5,24,510,490,25,12,80,30
22,1000,10,5.13,10.3,18,37,87,946,28,15,11,54,8.845288085,108,45,2.858473205,9.999595771,9.568684413,8.070969447,482,17,11,7,35,464,11,4,4,19,517,483,26,19,78,30
19,1000,10,5.13,10.3,18,37,96,956,28,10,6,44,9.087244251,106,41,2.834372759,9.771590135,9.719956772,8.350449151,501,23,8,6,37,455,5,2,0,7,538,462,20,21,86,20
18,1000,10,5.13,10.3,18,37,98,946,33,15,6,54,9.109063742,98,42,2.915324926,10.76398765,9.904647889,8.362818147,448,22,10,4,36,498,11,5,2,18,484,516,26,16,79,19
24,1000,10,5.13,10.3,18,37,57,949,26,15,10,51,8.321179519,97,25,2.783266283,9.342971485,8.181710331,8.476571193,501,13,8,5,26,448,13,7,5,25,527,473,14,11,69,28
17,1000,10,5.13,10.3,18,37,101,939,36,15,10,61,9.147694433,105,36,2.913187427,10.40914037,9.948781395,8.279850225,481,19,11,9,39,458,17,4,1,22,520,480,26,10,86,19
23,1000,10,5.13,10.3,18,37,90,943,33,14,10,57,8.962938875,125,38,2.989231415,10.71669659,9.723290943,8.199539304,466,23,7,5,35,477,10,7,5,22,501,499,27,11,91,34
21,1000,10,5.13,10.3,18,37,91,948,32,11,9,52,8.968201593,92,41,2.926210565,9.868534664,9.703203448,8.139369713,494,21,9,6,36,454,11,2,3,16,530,470,31,10,68,24
20,1000,10,5.13,10.3,18,37,96,948,29,13,10,52,8.878177753,108,38,2.919541287,10.22180849,9.473535752,8.258519427,482,16,7,5,28,466,13,6,5,24,510,490,26,12,80,28
22,1000,10,5.13,10.3,18,37,88,946,28,15,11,54,8.882082832,107,37,2.870575499,10.02192334,9.611958938,8.100828285,482,17,11,7,35,464,11,4,4,19,517,483,22,15,81,26
19,1000,10,5.13,10.3,18,37,97,957,27,10,6,43,9.081158887,98,43,2.827618328,9.779496932,9.710762858,8.3479837,503,21,8,6,35,454,6,2,0,8,538,462,25,18,75,23
18,1000,10,5.13,10.3,18,37,99,946,33,15,6,54,9.135546173,119,33,2.917794711,10.79125779,9.952134328,8.369599143,448,22,10,4,36,498,11,5,2,18,484,516,19,14,90,29
23,1000,10,5.13,10.3,18,37,91,942,34,14,10,58,8.954796215,125,36,2.995746638,10.73547369,9.756028509,8.150352568,465,24,7,5,36,477,10,7,5,22,501,499,25,11,91,34
17,1000,10,5.13,10.3,18,37,102,939,36,15,10,61,9.138192812,105,51,2.925495933,10.45531871,9.949273807,8.259521733,481,19,11,9,39,458,17,4,1,22,520,480,31,20,84,21
24,1000,10,5.13,10.3,18,37,58,949,26,15,10,51,8.363982934,95,28,2.794183584,9.352152687,8.214438654,8.530599922,501,13,8,5,26,448,13,7,5,25,527,473,17,11,66,29
20,1000,10,5.13,10.3,18,37,97,946,30,13,11,54,8.910847758,112,31,2.940971706,10.26796777,9.49171297,8.306273761,482,15,8,5,28,464,15,5,6,26,510,490,17,14,90,22
21,1000,10,5.13,10.3,18,37,92,948,32,11,9,52,8.985498832,121,31,2.934338543,9.894759707,9.719292707,8.158029144,494,21,9,6,36,454,11,2,3,16,530,470,16,15,90,31
22,1000,10,5.13,10.3,18,37,89,946,28,15,11,54,8.916952415,104,30,2.884435127,10.05966497,9.668931116,8.112039395,482,17,11,7,35,464,11,4,4,19,517,483,16,14,80,24
19,1000,10,5.13,10.3,18,37,98,956,27,10,7,44,9.106134332,96,48,2.834129637,9.790002645,9.766014025,8.337703002,502,21,8,7,36,454,6,2,0,8,538,462,31,17,73,23
18,1000,10,5.13,10.3,18,37,100,943,34,16,7,57,9.16326157,98,24,2.920102822,10.8144413,10.03376859,8.346739484,447,21,11,5,37,496,13,5,2,20,484,516,15,9,78,20
23,1000,10,5.13,10.3,18,37,92,939,37,13,11,61,8.956785995,117,30,2.996923141,10.74743021,9.755056518,8.155315991,463,26,7,5,38,476,11,6,6,23,501,499,19,11,90,27
17,1000,10,5.13,10.3,18,37,103,937,38,15,10,63,9.187354481,102,48,2.925458716,10.48893442,10.02106518,8.284167891,479,21,11,9,41,458,17,4,1,22,520,480,29,19,76,26
20,1000,10,5.13,10.3,18,37,98,944,32,13,11,56,8.932971026,115,44,2.945654346,10.3028229,9.526713046,8.314994639,480,17,8,5,30,464,15,5,6,26,510,490,27,17,89,26
21,1000,10,5.13,10.3,18,37,93,948,32,11,9,52,9.010381352,91,39,2.934504309,9.922810366,9.763613574,8.160991826,494,21,9,6,36,454,11,2,3,16,530,470,20,19,69,22
24,1000,10,5.13,10.3,18,37,59,951,24,15,10,49,8.374644596,92,31,2.794011361,9.358759659,8.261665908,8.500521485,501,13,8,5,26,450,11,7,5,23,527,473,20,11,69,23
19,1000,10,5.13,10.3,18,37,99,955,27,11,7,45,9.122065346,100,36,2.841697186,9.77497751,9.774587807,8.362201529,501,22,8,7,37,454,5,3,0,8,538,462,21,15,68,32
22,1000,10,5.13,10.3,18,37,90,945,27,15,13,55,8.937619063,115,39,2.885609066,10.08850871,9.720005779,8.100157505,481,16,11,9,36,464,11,4,4,19,517,483,27,12,87,28
18,1000,10,5.13,10.3,18,37,101,942,34,17,7,58,9.202430763,112,40,2.937698675,10.86354789,10.08818605,8.371606037,446,21,12,5,38,496,13,5,2,20,484,516,26,14,92,20
23,1000,10,5.13,10.3,18,37,93,939,35,15,11,61,8.975150713,113,43,3.009970367,10.76186684,9.791355655,8.155674409,463,25,8,5,38,476,10,7,6,23,501,499,22,21,81,32
17,1000,10,5.13,10.3,18,37,104,937,38,15,10,63,9.214834183,113,35,2.941153202,10.51794437,10.03464138,8.326709722,479,21,11,9,41,458,17,4,1,22,520,480,25,10,85,28
25,1000,10,5.13,10.3,18,37,0,931,39,13,17,69,7.235,99,30,2.481057947,9.27037109,6.569105691,7.87992126,465,17,5,5,27,466,22,8,12,42,492,508,14,16,67,32
21,1000,10,5.13,10.3,18,37,94,949,31,11,9,51,8.975078421,94,41,2.960887879,9.971715947,9.755480597,8.095050434,495,20,9,6,35,454,11,2,3,16,530,470,29,12,69,25
20,1000,10,5.13,10.3,18,37,99,945,34,11,10,55,8.938507235,115,34,2.946690823,10.33813481,9.597170429,8.25295983,480,19,7,4,30,465,15,4,6,25,510,490,21,13,87,28
24,1000,10,5.13,10.3,18,37,60,952,23,15,10,48,8.413232704,95,40,2.807490349,9.367470681,8.283196146,8.558114873,501,13,8,5,26,451,10,7,5,22,527,473,21,19,68,27
19,1000,10,5.13,10.3,18,37,100,954,28,11,7,46,9.129227484,103,38,2.836819641,9.778950444,9.793508548,8.355670747,500,23,8,7,38,454,5,3,0,8,538,462,28,10,80,23
22,1000,10,5.13,10.3,18,37,91,946,26,17,11,54,8.92124022,115,35,2.904899821,10.10321371,9.728039003,8.057648148,482,16,11,8,35,464,10,6,3,19,517,483,24,11,86,29
18,1000,10,5.13,10.3,18,37,102,943,34,16,7,57,9.186039205,119,35,2.969593116,10.90478411,10.13743182,8.293647681,446,21,12,5,38,497,13,4,2,19,484,516,24,11,96,23
23,1000,10,5.13,10.3,18,37,94,939,34,16,11,61,9.00231015,125,44,3.01646661,10.78573169,9.819220106,8.182126005,463,24,9,5,38,476,10,7,6,23,501,499,26,18,95,30
25,1000,10,5.13,10.3,18,37,1,932,39,12,17,68,7.252106062,86,36,2.47288295,9.269460577,6.619793811,7.864502967,465,17,5,5,27,467,22,7,12,41,492,508,24,12,59,27
21,1000,10,5.13,10.3,18,37,95,948,32,11,9,52,8.999747041,115,34,2.963853579,10.01060828,9.825500659,8.068578067,494,21,9,6,36,454,11,2,3,16,530,470,20,14,93,22
20,1000,10,5.13,10.3,18,37,100,947,32,11,10,53,8.949467268,119,37,2.964540188,10.36168233,9.613607708,8.258219055,481,18,7,4,29,466,14,4,6,24,510,490,23,14,95,24
19,1000,10,5.13,10.3,18,37,101,955,27,11,7,45,9.153706941,118,26,2.835111692,9.816036478,9.848105658,8.345078133,500,22,9,7,38,455,5,2,0,7,538,462,15,11,94,24
22,1000,10,5.13,10.3,18,37,92,946,28,16,10,54,8.909550248,121,32,2.925087055,10.13539013,9.701115436,8.062264116,482,17,11,7,35,464,11,5,3,19,517,483,17,15,88,33
18,1000,10,5.13,10.3,18,37,103,943,34,16,7,57,9.198751671,115,56,2.973125769,10.92972172,10.16552146,8.291936599,446,21,12,5,38,497,13,4,2,19,484,516,44,12,96,19
24,1000,10,5.13,10.3,18,37,61,952,24,14,10,48,8.441107794,95,46,2.845433634,9.371902103,8.35041044,8.542159604,500,14,8,5,27,452,10,6,5,21,527,473,29,17,68,27
23,1000,10,5.13,10.3,18,37,95,939,32,18,11,61,9.024977101,108,37,3.033592608,10.81001069,9.823494881,8.223258849,463,24,9,5,38,476,8,9,6,23,501,499,24,13,86,22
21,1000,10,5.13,10.3,18,37,96,947,33,11,9,53,8.999949388,93,42,2.975764047,10.04079074,9.837451839,8.055531732,493,22,9,6,37,454,11,2,3,16,530,470,27,15,73,20
25,1000,10,5.13,10.3,18,37,2,933,37,14,16,67,7.278745465,90,19,2.475137819,9.280286002,6.695344272,7.843771817,466,15,6,5,26,467,22,8,11,41,492,508,13,6,65,25
20,1000,10,5.13,10.3,18,37,101,947,32,11,10,53,8.952442042,106,38,2.982007488,10.39769504,9.599799369,8.278661967,481,18,7,4,29,466,14,4,6,24,510,490,25,13,79,27
18,1000,10,5.13,10.3,18,37,104,942,35,16,7,58,9.192596947,133,35,2.977853621,10.95002859,10.15323549,8.291532885,446,21,12,5,38,496,14,4,2,20,484,516,17,18,102,31
19,1000,10,5.13,10.3,18,37,102,953,30,11,6,47,9.197027637,104,33,2.851923525,9.825801328,9.850248025,8.43635108,500,23,9,6,38,453,7,2,0,9,538,462,18,15,76,28
26,1000,10,5.13,10.3,18,37,0,946,27,15,12,54,7.173,89,43,2.561863742,8.961754117,6.237623762,8.127272727,491,9,3,2,14,455,18,12,10,40,505,495,21,22,53,36
23,1000,10,5.13,10.3,18,37,96,939,33,18,10,61,9.016781182,100,33,3.0310179,10.84553113,9.852507398,8.177705363,463,24,9,5,38,476,9,9,5,23,501,499,21,12,80,20
22,1000,10,5.13,10.3,18,37,93,947,27,16,10,53,8.91167744,92,35,2.931306711,10.15086529,9.74538966,8.019277404,482,17,11,7,35,465,10,5,3,18,517,483,25,10,66,26
21,1000,10,5.13,10.3,18,37,97,948,32,11,9,52,9.039327944,97,45,2.980503743,10.06689637,9.912722989,8.05443566,493,21,10,6,37,455,11,1,3,15,530,470,26,19,75,22
24,1000,10,5.13,10.3,18,37,62,953,24,13,10,47,8.485347373,101,30,2.837989765,9.388316566,8.392799314,8.588461172,501,14,7,5,26,452,10,6,5,21,527,473,18,12,71,30
25,1000,10,5.13,10.3,18,37,3,935,36,13,16,65,7.302441651,90,24,2.475759752,9.277655154,6.73461589,7.852383137,466,15,6,5,26,469,21,7,11,39,492,508,14,10,59,31
20,1000,10,5.13,10.3,18,37,102,946,33,11,10,54,8.981426956,83,27,2.990286062,10.42818506,9.617519464,8.319371489,480,19,7,4,30,466,14,4,6,24,510,490,18,9,69,14
23,1000,10,5.13,10.3,18,37,97,936,34,20,10,64,9.060916113,107,32,3.044316235,10.84524332,9.917378734,8.201020776,461,24,11,5,40,475,10,9,5,24,501,499,20,12,83,24
19,1000,10,5.13,10.3,18,37,103,954,29,11,6,46,9.192066581,104,34,2.865605951,9.847054082,9.83893229,8.438790062,501,22,9,6,37,453,7,2,0,9,538,462,20,14,80,24
26,1000,10,5.13,10.3,18,37,1,946,28,14,12,54,7.205977213,100,25,2.566976663,8.985514678,6.295519119,8.134828401,490,10,3,2,15,456,18,11,10,39,505,495,15,10,69,31
22,1000,10,5.13,10.3,18,37,94,947,26,17,10,53,8.978181371,114,42,2.921109995,10.15832004,9.854289705,8.040400815,482,16,12,7,35,465,10,5,3,18,517,483,27,15,83,31
21,1000,10,5.13,10.3,18,37,98,946,34,12,8,54,9.066368376,98,45,2.998735642,10.11382854,9.94425209,8.076414401,491,23,11,5,39,455,11,1,3,15,530,470,33,12,78,20
24,1000,10,5.13,10.3,18,37,63,954,23,13,10,46,8.51053927,95,35,2.836227478,9.412604345,8.442374799,8.586485731,501,14,7,5,26,453,9,6,5,20,527,473,21,14,66,29
25,1000,10,5.13,10.3,18,37,4,936,36,12,16,64,7.338404837,93,33,2.48151482,9.303201798,6.7925425,7.867074661,466,15,6,5,26,470,21,6,11,38,492,508,17,16,62,31
20,1000,10,5.13,10.3,18,37,103,947,31,12,10,53,9.042074575,115,32,2.996203085,10.47799606,9.692629035,8.364966871,481,17,8,4,29,466,14,4,6,24,510,490,24,8,94,21
23,1000,10,5.13,10.3,18,37,98,936,34,20,10,64,9.057153222,120,44,3.045506614,10.90012311,9.910387708,8.20049896,461,24,12,4,40,475,10,8,6,24,501,499,27,17,90,30
19,1000,10,5.13,10.3,18,37,104,954,29,11,6,46,9.207775209,96,41,2.887300888,9.889470067,9.884963747,8.41918769,501,22,9,6,37,453,7,2,0,9,538,462,25,16,72,24
27,1000,10,5.13,10.3,18,37,0,931,36,18,15,69,7.248,107,33,2.494088259,9.06941922,6.749514563,7.777319588,485,17,9,4,30,446,19,9,11,39,515,485,20,13,64,43
22,1000,10,5.13,10.3,18,37,95,947,27,17,9,53,9.008588191,89,31,2.916160321,10.17849126,9.886926488,8.068420697,482,17,12,6,35,465,10,5,3,18,517,483,17,14,73,16
26,1000,10,5.13,10.3,18,37,2,944,29,14,13,56,7.26450567,92,26,2.577818009,9.007185537,6.333542865,8.214275805,489,11,3,2,16,455,18,11,11,40,505,495,13,13,72,20
21,1000,10,5.13,10.3,18,37,99,946,35,12,7,54,9.025995263,115,40,3.002298936,10.13624253,9.936717681,7.999010409,490,24,11,5,40,456,11,1,2,14,530,470,24,16,84,31
24,1000,10,5.13,10.3,18,37,64,953,24,13,10,47,8.545801647,102,36,2.843189437,9.416305648,8.456017149,8.645836384,501,14,7,5,26,452,10,6,5,21,527,473,17,19,72,30
20,1000,10,5.13,10.3,18,37,104,947,31,11,11,53,9.08622951,106,40,2.989329728,10.51098329,9.752156642,8.393121678,481,17,7,5,29,466,14,4,6,24,510,490,29,11,75,31
28,1000,10,5.13,10.3,18,37,0,957,29,9,5,43,6.656,96,36,2.517990261,8.468940419,6.176699029,7.164948454,500,12,2,1,15,457,17,7,4,28,515,485,17,19,60,36
25,1000,10,5.13,10.3,18,37,5,938,33,13,16,62,7.362138924,100,27,2.483017648,9.313759852,6.832075742,7.875507201,467,13,7,5,25,471,20,6,11,37,492,508,14,13,69,31
23,1000,10,5.13,10.3,18,37,99,936,35,20,9,64,9.074926407,101,40,3.066897281,10.94229884,9.941892613,8.204485386,460,25,12,4,41,476,10,8,5,23,501,499,29,11,83,18
27,1000,10,5.13,10.3,18,37,1,932,34,20,14,68,7.261860159,114,32,2.481276078,9.057339453,6.763838289,7.790687507,486,15,10,4,29,446,19,10,10,39,515,485,14,18,70,44
22,1000,10,5.13,10.3,18,37,96,947,25,19,9,53,9.056362963,109,42,2.904149161,10.20045016,9.970015418,8.078395429,481,16,14,6,36,466,9,5,3,17,517,483,25,17,90,19
26,1000,10,5.13,10.3,18,37,3,945,29,14,12,55,7.278617577,86,31,2.591225727,9.003326483,6.346354032,8.229714728,489,11,3,2,16,456,18,11,10,39,505,495,21,10,56,30
21,1000,10,5.13,10.3,18,37,100,945,36,11,8,55,9.061456333,112,52,3.00753806,10.14707918,9.985254685,8.019726276,490,24,10,6,40,455,12,1,2,15,530,470,35,17,83,29
25,1000,10,5.13,10.3,18,37,6,939,33,12,16,61,7.384680161,83,24,2.488791944,9.333286235,6.870950921,7.882228952,468,13,6,5,24,471,20,6,11,37,492,508,13,11,56,27
24,1000,10,5.13,10.3,18,37,65,951,26,13,10,49,8.58998524,106,30,2.842541235,9.407833418,8.502301739,8.687679119,499,17,6,5,28,452,9,7,5,21,527,473,17,13,75,31
23,1000,10,5.13,10.3,18,37,100,937,36,20,7,63,9.06842118,133,49,3.07072025,10.96216285,9.969210819,8.164021161,460,25,12,4,41,477,11,8,3,22,501,499,27,22,104,29
28,1000,10,5.13,10.3,18,37,1,958,30,7,5,42,6.682420742,96,35,2.519474647,8.473142648,6.221921976,7.171403967,499,13,2,1,16,459,17,5,4,26,515,485,17,18,67,29
27,1000,10,5.13,10.3,18,37,2,932,33,21,14,68,7.329632708,97,36,2.479336438,9.070322941,6.811390945,7.879930662,486,15,10,4,29,446,18,11,10,39,515,485,16,20,61,36
26,1000,10,5.13,10.3,18,37,4,946,29,13,12,54,7.27108115,86,32,2.602967984,9.018501222,6.386438697,8.173595168,489,11,3,2,16,457,18,10,10,38,505,495,20,12,57,29
22,1000,10,5.13,10.3,18,37,97,945,27,19,9,55,9.078376042,90,56,2.906972654,10.22027436,10.00926845,8.081954974,479,18,14,6,38,466,9,5,3,17,517,483,34,22,69,21
21,1000,10,5.13,10.3,18,37,101,945,36,11,8,55,9.084396694,96,37,3.004094836,10.15467838,10.04005108,8.006743878,490,24,10,6,40,455,12,1,2,15,530,470,24,13,74,22
25,1000,10,5.13,10.3,18,37,7,940,33,12,15,60,7.408311796,105,25,2.487358479,9.359324857,6.899283149,7.901308045,468,13,6,5,24,472,20,6,10,36,492,508,11,14,73,32
28,1000,10,5.13,10.3,18,37,2,956,31,8,5,44,6.740400873,91,28,2.511549636,8.468299181,6.283728848,7.225320652,498,14,2,1,17,458,17,6,4,27,515,485,12,16,50,41
23,1000,10,5.13,10.3,18,37,101,936,37,20,7,64,9.082507892,106,28,3.083893792,10.99599359,10.00285866,8.158468347,459,26,12,4,42,477,11,8,3,22,501,499,20,8,85,21
24,1000,10,5.13,10.3,18,37,66,952,25,12,11,48,8.599435026,110,44,2.844876162,9.427435251,8.483851286,8.728214374,499,17,6,5,28,453,8,6,6,20,527,473,28,16,76,34
27,1000,10,5.13,10.3,18,37,3,932,33,21,14,68,7.385949157,83,27,2.470375416,9.064039377,6.84849002,7.956653189,486,15,10,4,29,446,18,11,10,39,515,485,11,16,53,30
22,1000,10,5.13,10.3,18,37,98,943,28,20,9,57,9.080421118,118,54,2.899224014,10.26136614,10.02387272,8.070556774,477,20,14,6,40,466,8,6,3,17,517,483,26,28,94,24
26,1000,10,5.13,10.3,18,37,5,948,28,12,12,52,7.278707984,87,37,2.601953655,9.035398187,6.408596255,8.166397728,489,11,3,2,16,459,17,9,10,36,505,495,20,17,56,31
21,1000,10,5.13,10.3,18,37,102,942,39,11,8,58,9.117480498,98,42,2.993842021,10.17044693,10.09520396,8.01494128,487,27,10,6,43,455,12,1,2,15,530,470,28,14,74,24
25,1000,10,5.13,10.3,18,37,8,939,34,12,15,61,7.460625599,104,33,2.484802781,9.376885615,7.01137998,7.89572175,467,14,6,5,25,472,20,6,10,36,492,508,26,7,82,22
23,1000,10,5.13,10.3,18,37,102,935,35,23,7,65,9.118832491,99,38,3.099992996,11.00921293,10.03421985,8.199776247,459,24,14,4,42,476,11,9,3,23,501,499,22,16,74,25
28,1000,10,5.13,10.3,18,37,3,956,31,8,5,44,6.779070565,89,37,2.522810066,8.47687546,6.364411028,7.219379146,498,14,2,1,17,458,17,6,4,27,515,485,15,22,66,23
24,1000,10,5.13,10.3,18,37,67,952,25,12,11,48,8.585004583,102,27,2.861585641,9.44359957,8.486383001,8.694885289,499,17,6,5,28,453,8,6,6,20,527,473,14,13,78,24
27,1000,10,5.13,10.3,18,37,4,932,32,22,14,68,7.415175209,88,29,2.458046294,9.074570875,6.890535107,7.972267277,486,15,10,4,29,446,17,12,10,39,515,485,18,11,60,28
26,1000,10,5.13,10.3,18,37,6,953,24,11,12,47,7.285098742,105,28,2.600495305,9.050014932,6.440356045,8.146906949,490,10,3,2,15,463,14,8,10,32,505,495,15,13,81,24
22,1000,10,5.13,10.3,18,37,99,941,28,20,11,59,9.119673103,120,32,2.914851823,10.27624121,10.09862585,8.071808569,477,19,15,6,40,464,9,5,5,19,517,483,23,9,83,37
21,1000,10,5.13,10.3,18,37,103,942,40,11,7,58,9.150833522,88,43,3.006448019,10.16863587,10.16085862,8.011869051,487,27,10,6,43,455,13,1,1,15,530,470,27,16,72,16
25,1000,10,5.13,10.3,18,37,9,940,32,13,15,60,7.482312852,88,19,2.487556566,9.392089149,7.064216997,7.887240333,468,12,7,5,24,472,20,6,10,36,492,508,9,10,67,21
23,1000,10,5.13,10.3,18,37,103,937,35,21,7,63,9.119984752,103,43,3.110235014,11.03803961,10.06212324,8.174070157,460,24,13,4,41,477,11,8,3,22,501,499,30,13,89,14
28,1000,10,5.13,10.3,18,37,4,956,31,8,5,44,6.779068608,97,40,2.516921088,8.489224703,6.365047727,7.218699028,498,14,2,1,17,458,17,6,4,27,515,485,24,16,60,37
27,1000,10,5.13,10.3,18,37,5,933,32,20,15,67,7.431824843,85,23,2.466135633,9.073860457,6.923392213,7.971706915,486,15,10,4,29,447,17,10,11,38,515,485,14,9,60,25
26,1000,10,5.13,10.3,18,37,7,953,24,12,11,47,7.311305754,110,28,2.604243994,9.065324878,6.497967524,8.14107506,490,10,4,1,15,463,14,8,10,32,505,495,16,12,73,37
24,1000,10,5.13,10.3,18,37,68,951,25,13,11,49,8.599804156,98,38,2.867415025,9.469915767,8.503175315,8.70746462,499,16,7,5,28,452,9,6,6,21,527,473,25,13,73,25
22,1000,10,5.13,10.3,18,37,100,940,28,21,11,60,9.193805409,107,25,2.915739955,10.29267147,10.20586795,8.110500371,476,19,16,6,41,464,9,5,5,19,517,483,16,9,82,25
21,1000,10,5.13,10.3,18,37,104,941,41,11,7,59,9.154022718,103,47,3.002938205,10.19849672,10.1899996,7.985793464,486,28,10,6,44,455,13,1,1,15,530,470,31,16,77,26
29,1000,10,5.13,10.3,18,37,0,944,28,14,14,56,7.033,89,23,2.60833327,9.009423285,6.504098361,7.537109375,467,11,6,4,21,477,17,8,10,35,488,512,13,10,67,22
25,1000,10,5.13,10.3,18,37,10,941,31,13,15,59,7.515643275,117,37,2.492914025,9.409532506,7.122290045,7.896607426,468,13,6,5,24,473,18,7,10,35,492,508,21,16,79,38
23,1000,10,5.13,10.3,18,37,104,936,36,21,7,64,9.130965818,114,36,3.118825513,11.06329403,10.05843676,8.19977756,460,24,13,4,41,476,12,8,3,23,501,499,22,14,92,22
30,1000,10,5.13,10.3,18,37,0,939,30,15,16,61,7.429,104,29,2.493370215,9.28668846,6.471816284,8.309021113,466,8,3,2,13,473,22,12,14,48,479,521,21,8,80,24
27,1000,10,5.13,10.3,18,37,6,937,29,20,14,63,7.410245491,114,31,2.469836677,9.076420353,6.946293198,7.902895863,487,15,9,4,28,450,14,11,10,35,515,485,16,15,73,41
28,1000,10,5.13,10.3,18,37,5,958,30,8,4,42,6.802030917,89,36,2.491251172,8.512691639,6.415744802,7.212211019,498,14,2,1,17,460,16,6,3,25,515,485,20,16,61,28
26,1000,10,5.13,10.3,18,37,8,952,24,13,11,48,7.33493476,83,25,2.593626509,9.082159674,6.524576097,8.161664305,488,11,5,1,17,464,13,8,10,31,505,495,13,12,59,24
22,1000,10,5.13,10.3,18,37,101,939,29,21,11,61,9.270790376,104,32,2.922755486,10.31314431,10.25001071,8.222639424,476,19,16,6,41,463,10,5,5,20,517,483,21,11,85,19
24,1000,10,5.13,10.3,18,37,69,950,26,13,11,50,8.638205387,92,35,2.866554008,9.487309357,8.514038845,8.77654739,499,16,7,5,28,451,10,6,6,22,527,473,22,13,74,18
29,1000,10,5.13,10.3,18,37,1,946,27,13,14,54,7.033563847,94,38,2.593633965,9.018098379,6.519438305,7.523589755,467,11,6,4,21,479,16,7,10,33,488,512,25,13,72,22
25,1000,10,5.13,10.3,18,37,11,941,30,14,15,59,7.514905751,120,39,2.492045902,9.417454619,7.165454158,7.853350994,468,13,6,5,24,473,17,8,10,35,492,508,22,17,79,41
30,1000,10,5.13,10.3,18,37,1,939,29,16,16,61,7.435418218,95,36,2.49137553,9.309420618,6.504297615,8.291477276,466,8,3,2,13,473,21,13,14,48,479,521,18,18,71,24
27,1000,10,5.13,10.3,18,37,7,939,29,18,14,61,7.431502854,104,22,2.473702941,9.096781611,6.975602418,7.915603317,488,16,7,4,27,451,13,11,10,34,515,485,12,10,65,39
26,1000,10,5.13,10.3,18,37,9,951,25,13,11,49,7.390794601,99,35,2.60319097,9.096339496,6.589524565,8.208251911,488,11,5,1,17,463,14,8,10,32,505,495,14,21,73,26
28,1000,10,5.13,10.3,18,37,6,960,29,7,4,40,6.807373947,88,26,2.484257662,8.531275825,6.448450456,7.18849889,498,14,2,1,17,462,15,5,3,23,515,485,13,13,58,30
22,1000,10,5.13,10.3,18,37,102,940,29,20,11,60,9.277415278,113,31,2.929003354,10.33709025,10.25481891,8.231208902,477,19,15,6,40,463,10,5,5,20,517,483,19,12,85,28
24,1000,10,5.13,10.3,18,37,70,950,26,13,11,50,8.596047219,95,30,2.873174502,9.497080769,8.467439405,8.739337531,499,16,7,5,28,451,10,6,6,22,527,473,22,8,67,28
29,1000,10,5.13,10.3,18,37,2,945,29,12,14,55,7.058671353,108,28,2.601138337,9.049374612,6.55671244,7.537100941,467,12,5,4,21,478,17,7,10,34,488,512,12,16,67,41
25,1000,10,5.13,10.3,18,37,12,945,27,14,14,55,7.486052155,107,37,2.486961739,9.397324579,7.216579995,7.747037004,468,13,6,5,24,477,14,8,9,31,492,508,26,11,74,33
27,1000,10,5.13,10.3,18,37,8,940,29,18,13,60,7.425214359,104,36,2.480643672,9.117492122,6.971491015,7.907003065,489,16,7,3,26,451,13,11,10,34,515,485,21,15,70,34
30,1000,10,5.13,10.3,18,37,2,940,29,14,17,60,7.471537782,95,39,2.488619863,9.346179752,6.527968817,8.339041686,467,8,2,2,12,473,21,12,15,48,479,521,21,18,74,21
26,1000,10,5.13,10.3,18,37,10,952,25,13,10,48,7.417047057,95,23,2.610594276,9.090366362,6.633836055,8.216080503,488,11,5,1,17,464,14,8,9,31,505,495,13,10,67,28
28,1000,10,5.13,10.3,18,37,7,961,28,7,4,39,6.823090292,100,38,2.488836607,8.533860314,6.503417149,7.162537032,498,14,2,1,17,463,14,5,3,22,515,485,16,22,69,31
22,1000,10,5.13,10.3,18,37,103,940,28,21,11,60,9.311030681,125,39,2.934483473,10.35482106,10.31078364,8.240901736,477,18,16,6,40,463,10,5,5,20,517,483,29,10,92,33
29,1000,10,5.13,10.3,18,37,3,945,29,12,14,55,7.073467157,96,29,2.632052806,9.092251674,6.607198983,7.51787901,466,13,5,4,22,479,16,7,10,33,488,512,19,10,62,34
24,1000,10,5.13,10.3,18,37,71,950,26,13,11,50,8.591716881,116,33,2.84887099,9.502500587,8.4667419,8.730959618,499,16,7,5,28,451,10,6,6,22,527,473,23,10,87,29
25,1000,10,5.13,10.3,18,37,13,948,25,13,14,52,7.486406096,99,34,2.481234251,9.414586511,7.236714815,7.728233085,468,13,6,5,24,480,12,7,9,28,492,508,19,15,67,32
27,1000,10,5.13,10.3,18,37,9,940,29,18,13,60,7.44891086,109,33,2.483230574,9.13756189,7.00988684,7.915091005,489,16,7,3,26,451,13,11,10,34,515,485,16,17,77,32
30,1000,10,5.13,10.3,18,37,3,937,32,14,17,63,7.523825695,89,27,2.465617391,9.352541066,6.546807036,8.422082772,466,9,2,2,13,471,23,12,15,50,479,521,21,6,56,33
26,1000,10,5.13,10.3,18,37,11,951,26,14,9,49,7.448476214,105,27,2.608673524,9.088072617,6.662760481,8.250064993,488,11,5,1,17,463,15,9,8,32,505,495,16,11,72,33
28,1000,10,5.13,10.3,18,37,8,962,26,8,4,38,6.825060525,79,44,2.477606066,8.53300609,6.522487362,7.146349553,498,14,2,1,17,464,12,6,3,21,515,485,31,13,54,25
22,1000,10,5.13,10.3,18,37,104,941,28,20,11,59,9.309784673,113,42,2.953161762,10.37032906,10.30890518,8.240332703,478,18,15,6,39,463,10,5,5,20,517,483,24,18,78,35
31,1000,10,5.13,10.3,18,37,0,952,26,14,8,48,6.698,88,31,2.603569267,9.042686662,6.177489177,7.144981413,446,8,6,2,16,506,18,8,6,32,462,538,17,14,65,23
29,1000,10,5.13,10.3,18,37,4,946,29,11,14,54,7.063439055,106,34,2.638466789,9.116471229,6.60970629,7.495903096,467,13,4,4,21,479,16,7,10,33,488,512,25,9,64,42
25,1000,10,5.13,10.3,18,37,14,949,25,12,14,51,7.447920423,92,32,2.484304664,9.431972927,7.215638829,7.672886061,468,13,6,5,24,481,12,6,9,27,492,508,14,18,66,26
24,1000,10,5.13,10.3,18,37,72,950,26,13,11,50,8.573121425,109,38,2.852660899,9.532295731,8.4667419,8.691645759,499,16,7,5,28,451,10,6,6,22,527,473,18,20,81,28
27,1000,10,5.13,10.3,18,37,10,939,30,18,13,61,7.497522324,95,32,2.483944188,9.156047397,7.041657185,7.981585308,488,17,7,3,27,451,13,11,10,34,515,485,19,13,66,29
30,1000,10,5.13,10.3,18,37,4,938,32,13,17,62,7.559356415,101,27,2.469465631,9.378996654,6.595972978,8.445077464,467,8,2,2,12,471,24,11,15,50,479,521,15,12,71,30
26,1000,10,5.13,10.3,18,37,12,951,25,14,10,49,7.47829188,109,34,2.632290339,9.090196057,6.683966417,8.288664321,488,11,5,1,17,463,14,9,9,32,505,495,18,16,67,42
28,1000,10,5.13,10.3,18,37,9,963,25,8,4,37,6.838590437,95,38,2.479621098,8.551425692,6.540612312,7.155000199,498,14,2,1,17,465,11,6,3,20,515,485,18,20,72,23
31,1000,10,5.13,10.3,18,37,1,953,25,14,8,47,6.723341741,105,25,2.599664186,9.074751756,6.248794268,7.130852769,447,7,6,2,15,506,18,8,6,32,462,538,14,11,77,28
29,1000,10,5.13,10.3,18,37,5,947,29,11,13,53,7.042634034,97,32,2.643211707,9.132478254,6.630726876,7.435233044,468,12,4,4,20,479,17,7,9,33,488,512,23,9,71,26
25,1000,10,5.13,10.3,18,37,15,949,25,12,14,51,7.446481986,111,29,2.494563973,9.4222731,7.224786373,7.66119506,469,12,6,5,23,480,13,6,9,28,492,508,20,9,75,36
24,1000,10,5.13,10.3,18,37,73,950,25,14,11,50,8.553975896,98,39,2.852828535,9.560089604,8.483972935,8.631970738,499,16,7,5,28,451,9,7,6,22,527,473,27,12,75,23
27,1000,10,5.13,10.3,18,37,11,940,30,17,13,60,7.503745413,106,28,2.470371943,9.161358024,7.023244611,8.013967914,489,17,6,3,26,451,13,11,10,34,515,485,20,8,72,34
26,1000,10,5.13,10.3,18,37,13,952,24,13,11,48,7.509754954,78,30,2.638952246,9.114776322,6.72998162,8.305281285,488,11,5,1,17,464,13,8,10,31,505,495,15,15,55,23
30,1000,10,5.13,10.3,18,37,5,936,34,14,16,64,7.560951404,98,26,2.473447088,9.400977514,6.684732217,8.366534878,464,11,2,2,15,472,23,12,14,49,479,521,19,7,73,25
28,1000,10,5.13,10.3,18,37,10,962,26,8,4,38,6.856159033,101,43,2.486567041,8.554109264,6.534418888,7.197800631,498,14,2,1,17,464,12,6,3,21,515,485,19,24,71,30
31,1000,10,5.13,10.3,18,37,2,955,23,14,8,45,6.724033845,90,34,2.592687749,9.094884166,6.268811322,7.114949842,447,7,6,2,15,508,16,8,6,30,462,538,23,11,59,31
29,1000,10,5.13,10.3,18,37,6,948,28,11,13,52,7.035588274,98,35,2.664469706,9.132910826,6.649889279,7.403207627,468,12,4,4,20,480,16,7,9,32,488,512,23,12,63,35
25,1000,10,5.13,10.3,18,37,16,948,26,12,14,52,7.468927334,103,31,2.505695595,9.436469571,7.268967956,7.662588779,469,12,6,5,23,479,14,6,9,29,492,508,15,16,76,27
27,1000,10,5.13,10.3,18,37,12,943,29,15,13,57,7.501889204,102,27,2.489752705,9.166277399,7.048108501,7.983738816,490,17,5,3,25,453,12,10,10,32,515,485,14,13,69,33
26,1000,10,5.13,10.3,18,37,14,953,25,12,10,47,7.498778678,105,24,2.633326379,9.121066611,6.737676909,8.275256241,489,11,4,1,16,464,14,8,9,31,505,495,14,10,75,30
30,1000,10,5.13,10.3,18,37,6,937,34,13,16,63,7.583009853,118,28,2.472034993,9.412306093,6.732294245,8.365145701,463,12,2,2,16,474,22,11,14,47,479,521,18,10,84,34
28,1000,10,5.13,10.3,18,37,11,964,25,7,4,36,6.880516973,93,27,2.49980603,8.566741966,6.598781798,7.179679066,498,14,2,1,17,466,11,5,3,19,515,485,12,15,68,25
24,1000,10,5.13,10.3,18,37,74,951,24,14,11,49,8.589955885,105,35,2.852753617,9.585078132,8.522625449,8.664973094,500,15,7,5,27,451,9,7,6,22,527,473,23,12,74,31
31,1000,10,5.13,10.3,18,37,3,956,23,13,8,44,6.762548472,82,36,2.585365298,9.109914365,6.325452341,7.137898681,447,7,6,2,15,509,16,7,6,29,462,538,16,20,57,25
29,1000,10,5.13,10.3,18,37,7,950,29,10,11,50,7.032444806,91,37,2.660120979,9.136011591,6.649921326,7.397037497,469,12,3,4,19,481,17,7,7,31,488,512,20,17,60,31
25,1000,10,5.13,10.3,18,37,17,950,25,12,13,50,7.494262303,115,17,2.503456997,9.438906196,7.317672841,7.665289893,469,12,6,5,23,481,13,6,8,27,492,508,12,5,84,31
27,1000,10,5.13,10.3,18,37,13,943,29,15,13,57,7.54341072,85,23,2.479467481,9.184294295,7.138313009,7.973566022,488,19,5,3,27,455,10,10,10,30,515,485,13,10,55,30
26,1000,10,5.13,10.3,18,37,15,953,24,13,10,47,7.509369387,94,31,2.646580075,9.133254102,6.754801849,8.279180713,489,11,4,1,16,464,13,9,9,31,505,495,15,16,59,35
30,1000,10,5.13,10.3,18,37,7,937,34,13,16,63,7.570673894,95,24,2.483401063,9.421967853,6.754477702,8.321073081,463,12,2,2,16,474,22,11,14,47,479,521,16,8,73,22
28,1000,10,5.13,10.3,18,37,12,965,24,7,4,35,6.883853994,90,37,2.505324489,8.612240384,6.618152446,7.16599069,499,13,2,1,16,466,11,5,3,19,515,485,24,13,64,26
24,1000,10,5.13,10.3,18,37,75,951,23,15,11,49,8.588554056,117,45,2.862084517,9.610526005,8.54775223,8.634014019,500,14,8,5,27,451,9,7,6,22,527,473,27,18,90,27
29,1000,10,5.13,10.3,18,37,8,950,29,10,11,50,7.063910633,113,37,2.677850105,9.1304184,6.697394828,7.413246011,469,12,3,4,19,481,17,7,7,31,488,512,22,15,69,44
31,1000,10,5.13,10.3,18,37,4,957,23,13,7,43,6.759701751,100,37,2.598496363,9.142506601,6.336061956,7.123496519,448,6,6,2,14,509,17,7,5,29,462,538,21,16,73,27
25,1000,10,5.13,10.3,18,37,18,950,26,12,12,50,7.52051175,97,26,2.514450938,9.445250294,7.389350166,7.64754226,469,12,6,5,23,481,14,6,7,27,492,508,14,12,65,32
27,1000,10,5.13,10.3,18,37,14,942,30,15,13,58,7.570344249,100,31,2.477114568,9.203923156,7.164538984,8.00125087,487,20,5,3,28,455,10,10,10,30,515,485,17,14,59,41
26,1000,10,5.13,10.3,18,37,16,954,25,12,9,46,7.546168376,103,40,2.653108812,9.156501211,6.782248246,8.325521237,489,11,4,1,16,465,14,8,8,30,505,495,26,14,76,27
28,1000,10,5.13,10.3,18,37,13,965,24,7,4,35,6.905474529,97,28,2.510783899,8.623288312,6.66419684,7.161676611,500,12,2,1,15,465,12,5,3,20,515,485,13,15,68,29
30,1000,10,5.13,10.3,18,37,8,938,34,12,16,62,7.594188053,96,25,2.482168059,9.446415512,6.807916522,8.31707493,463,12,2,2,16,475,22,10,14,46,479,521,17,8,69,27
24,1000,10,5.13,10.3,18,37,76,952,23,14,11,48,8.611958902,107,52,2.851380002,9.609970854,8.611436631,8.612540799,500,14,8,5,27,452,9,6,6,21,527,473,30,22,78,29
29,1000,10,5.13,10.3,18,37,9,951,29,10,10,49,7.104064887,97,31,2.669301299,9.145417961,6.767126828,7.425208974,468,13,3,4,20,483,16,7,6,29,488,512,19,12,70,27
25,1000,10,5.13,10.3,18,37,19,954,24,10,12,46,7.489663092,123,36,2.525416556,9.472288084,7.394202267,7.582117277,471,11,5,5,21,483,13,5,7,25,492,508,19,17,90,33
31,1000,10,5.13,10.3,18,37,5,957,23,13,7,43,6.757386068,87,24,2.604760837,9.146071588,6.319810434,7.133148043,448,6,6,2,14,509,17,7,5,29,462,538,12,12,65,22
27,1000,10,5.13,10.3,18,37,15,944,28,15,13,56,7.605473872,92,20,2.47582109,9.225285892,7.238003801,7.99567405,487,19,6,3,28,457,9,9,10,28,515,485,13,7,67,25
26,1000,10,5.13,10.3,18,37,17,956,23,10,11,44,7.574599681,99,39,2.667179573,9.163798783,6.821469991,8.342944113,489,11,4,1,16,467,12,6,10,28,505,495,27,12,73,26
28,1000,10,5.13,10.3,18,37,14,965,24,6,5,35,6.934996387,89,27,2.527316548,8.640701028,6.717201807,7.166262796,500,12,1,2,15,465,12,5,3,20,515,485,12,15,68,21
30,1000,10,5.13,10.3,18,37,9,940,34,10,16,60,7.608550103,97,26,2.478792703,9.446017976,6.853912364,8.302353323,463,12,2,2,16,477,22,8,14,44,479,521,13,13,70,27
24,1000,10,5.13,10.3,18,37,77,954,21,15,10,46,8.575777418,95,31,2.858164772,9.637507496,8.573398301,8.578428146,502,12,9,4,25,452,9,6,6,21,527,473,23,8,71,24
29,1000,10,5.13,10.3,18,37,10,953,27,10,10,47,7.111708373,96,22,2.662734022,9.147927613,6.794875306,7.41368989,469,12,3,4,19,484,15,7,6,28,488,512,15,7,75,21
25,1000,10,5.13,10.3,18,37,20,953,25,11,11,47,7.539121016,94,29,2.513755131,9.488355845,7.479090843,7.597260475,471,10,6,5,21,482,15,5,6,26,492,508,19,10,67,27
31,1000,10,5.13,10.3,18,37,6,957,25,12,6,43,6.765205062,99,35,2.597761199,9.162137355,6.33171093,7.137462105,448,6,6,2,14,509,19,6,4,29,462,538,20,15,68,31
26,1000,10,5.13,10.3,18,37,18,957,22,10,11,43,7.571784682,85,27,2.656365734,9.181734783,6.839139222,8.31923106,489,11,4,1,16,468,11,6,10,27,505,495,17,10,61,24
27,1000,10,5.13,10.3,18,37,16,946,25,16,13,54,7.603359651,87,32,2.480882745,9.239030381,7.264718154,7.962948043,488,17,7,3,27,458,8,9,10,27,515,485,16,16,64,23
28,1000,10,5.13,10.3,18,37,15,965,24,6,5,35,6.95361496,88,35,2.526176494,8.648529351,6.73742355,7.183179034,500,12,1,2,15,465,12,5,3,20,515,485,17,18,55,33
30,1000,10,5.13,10.3,18,37,10,940,34,10,16,60,7.620018518,126,37,2.482410859,9.464185021,6.840498946,8.336697741,463,12,2,2,16,477,22,8,14,44,479,521,27,10,83,43
29,1000,10,5.13,10.3,18,37,11,955,26,8,11,45,7.173312099,100,29,2.658040031,9.172547118,6.843504702,7.487659775,470,11,2,5,18,485,15,6,6,27,488,512,20,9,68,32
24,1000,10,5.13,10.3,18,37,78,953,22,15,10,47,8.61382574,101,39,2.875023464,9.65667302,8.586158835,8.644651234,502,12,9,4,25,451,10,6,6,22,527,473,23,16,74,27
25,1000,10,5.13,10.3,18,37,21,952,26,11,11,48,7.578614464,102,28,2.509895233,9.487450241,7.519808776,7.635568005,471,10,6,5,21,481,16,5,6,27,492,508,15,13,80,22
31,1000,10,5.13,10.3,18,37,7,959,23,12,6,41,6.778447959,96,32,2.622597239,9.160759506,6.324038583,7.168665675,449,5,6,2,13,510,18,6,4,28,462,538,22,10,63,33
26,1000,10,5.13,10.3,18,37,19,956,24,9,11,44,7.584383646,78,31,2.671242059,9.212273673,6.86490921,8.318392919,488,12,4,1,17,468,12,5,10,27,505,495,14,17,60,18
27,1000,10,5.13,10.3,18,37,17,948,24,15,13,52,7.625656711,103,31,2.471708484,9.249330471,7.295278314,7.976470884,488,17,7,3,27,460,7,8,10,25,515,485,18,13,71,32
28,1000,10,5.13,10.3,18,37,16,965,24,6,5,35,6.97205938,99,34,2.519636587,8.665449197,6.787929371,7.167578875,500,12,1,2,15,465,12,5,3,20,515,485,20,14,63,36
30,1000,10,5.13,10.3,18,37,11,940,34,10,16,60,7.631237847,88,41,2.483729369,9.493919153,6.824396664,8.373036171,463,12,2,2,16,477,22,8,14,44,479,521,23,18,69,19
29,1000,10,5.13,10.3,18,37,12,955,26,8,11,45,7.19009641,98,34,2.660559236,9.207180771,6.852334464,7.512025764,470,11,2,5,18,485,15,6,6,27,488,512,24,10,66,32
25,1000,10,5.13,10.3,18,37,22,955,25,10,10,45,7.541263277,117,17,2.517045544,9.49256546,7.527204867,7.554878903,471,10,6,5,21,484,15,4,5,24,492,508,9,8,88,29
31,1000,10,5.13,10.3,18,37,8,958,24,12,6,42,6.836647054,104,24,2.628299404,9.173553189,6.345901713,7.258067773,450,4,6,2,12,508,20,6,4,30,462,538,12,12,72,32
26,1000,10,5.13,10.3,18,37,20,956,25,9,10,44,7.601973359,117,28,2.665457619,9.194299262,6.942578099,8.274689735,487,13,4,1,18,469,12,5,9,26,505,495,15,13,87,30
27,1000,10,5.13,10.3,18,37,18,947,25,15,13,53,7.676448621,98,40,2.472987632,9.27078687,7.348954891,8.024199695,487,18,7,3,28,460,7,8,10,25,515,485,22,18,66,32
24,1000,10,5.13,10.3,18,37,79,953,21,16,10,47,8.620435995,101,32,2.898353231,9.685250967,8.594328553,8.649523991,502,12,9,4,25,451,9,7,6,22,527,473,18,14,80,21
28,1000,10,5.13,10.3,18,37,17,965,24,6,5,35,7.002656553,92,25,2.519722951,8.664505053,6.844395994,7.170706424,500,12,1,2,15,465,12,5,3,20,515,485,15,10,65,27
30,1000,10,5.13,10.3,18,37,12,940,33,11,16,60,7.66477965,104,30,2.508869745,9.512405692,6.88558598,8.381159243,463,11,3,2,16,477,22,8,14,44,479,521,20,10,76,28
29,1000,10,5.13,10.3,18,37,13,955,26,8,11,45,7.201694291,106,39,2.663498694,9.230849091,6.875234017,7.512851739,470,11,2,5,18,485,15,6,6,27,488,512,22,17,69,37
25,1000,10,5.13,10.3,18,37,23,952,26,12,10,48,7.611637818,107,22,2.525017997,9.498380455,7.623173119,7.600465834,468,12,7,5,24,484,14,5,5,24,492,508,16,6,64,43
31,1000,10,5.13,10.3,18,37,9,959,23,12,6,41,6.853672302,93,30,2.648968751,9.190682179,6.380605783,7.25991158,450,4,6,2,12,509,19,6,4,29,462,538,16,14,63,30
27,1000,10,5.13,10.3,18,37,19,948,25,15,12,52,7.680609766,104,30,2.468717393,9.270760716,7.354282473,8.027122252,487,18,7,3,28,461,7,8,9,24,515,485,15,15,71,33
26,1000,10,5.13,10.3,18,37,21,956,26,8,10,44,7.618712595,108,31,2.655725518,9.210718059,6.937224776,8.313967845,488,13,3,1,17,468,13,5,9,27,505,495,15,16,72,36
28,1000,10,5.13,10.3,18,37,18,965,25,5,5,35,7.019460267,87,32,2.531925801,8.662393937,6.842723497,7.207129209,500,12,1,2,15,465,13,4,3,20,515,485,20,12,59,28
30,1000,10,5.13,10.3,18,37,13,940,33,11,16,60,7.68232634,106,38,2.526140864,9.536643767,6.92663238,8.377100632,463,11,3,2,16,477,22,8,14,44,479,521,25,13,73,33
24,1000,10,5.13,10.3,18,37,80,952,22,16,10,48,8.651037212,93,35,2.907031015,9.716151664,8.618276951,8.687537544,502,12,9,4,25,450,10,7,6,23,527,473,28,7,71,22
29,1000,10,5.13,10.3,18,37,14,955,26,8,11,45,7.23956457,96,31,2.708342107,9.254356693,6.925167727,7.539224061,470,11,2,5,18,485,15,6,6,27,488,512,14,17,55,41
25,1000,10,5.13,10.3,18,37,24,953,27,11,9,47,7.599446133,94,35,2.516559964,9.537669174,7.571223718,7.626779653,469,13,6,4,23,484,14,5,5,24,492,508,18,17,67,27
31,1000,10,5.13,10.3,18,37,10,960,23,11,6,40,6.904729826,94,29,2.666253097,9.220886594,6.454556922,7.291309532,451,4,5,2,11,509,19,6,4,29,462,538,17,12,63,31
27,1000,10,5.13,10.3,18,37,20,947,24,17,12,53,7.722658336,99,38,2.456586891,9.265262572,7.374491445,8.092361323,488,15,9,3,27,459,9,8,9,26,515,485,21,17,69,30
28,1000,10,5.13,10.3,18,37,19,963,27,5,5,37,7.068464197,98,29,2.540205418,8.68299399,6.87286994,7.276157069,498,14,1,2,17,465,13,4,3,20,515,485,16,13,62,36
26,1000,10,5.13,10.3,18,37,22,955,27,8,10,45,7.655252112,97,31,2.6613398,9.263587051,6.986512367,8.33750175,487,14,3,1,18,468,13,5,9,27,505,495,17,14,69,28
30,1000,10,5.13,10.3,18,37,14,941,32,11,16,59,7.698422471,87,27,2.531516943,9.547599287,6.964157266,8.373495471,463,11,3,2,16,478,21,8,14,43,479,521,17,10,56,31
24,1000,10,5.13,10.3,18,37,81,952,23,15,10,48,8.659231411,93,39,2.910054378,9.741728785,8.625042078,8.697323966,502,12,9,4,25,450,11,6,6,23,527,473,28,11,69,24
29,1000,10,5.13,10.3,18,37,15,956,25,8,11,44,7.266149424,94,39,2.711632101,9.270608715,6.936270056,7.580565696,471,10,2,5,17,485,15,6,6,27,488,512,25,14,70,24
25,1000,10,5.13,10.3,18,37,25,953,27,11,9,47,7.659183275,103,40,2.531150376,9.529060986,7.584347308,7.731662203,469,13,6,4,23,484,14,5,5,24,492,508,22,18,77,26
27,1000,10,5.13,10.3,18,37,21,947,25,16,12,53,7.740568465,94,29,2.44617519,9.273110521,7.426208994,8.074372851,487,16,9,3,28,460,9,7,9,25,515,485,12,17,67,27
31,1000,10,5.13,10.3,18,37,11,961,22,11,6,39,6.906132496,97,26,2.669632223,9.250883488,6.467533794,7.282773017,452,3,4,3,10,509,19,7,3,29,462,538,18,8,64,33
28,1000,10,5.13,10.3,18,37,20,963,27,5,5,37,7.067144838,85,28,2.539014992,8.683959914,6.876042169,7.270068291,498,14,1,2,17,465,13,4,3,20,515,485,16,12,53,32
26,1000,10,5.13,10.3,18,37,23,955,28,8,9,45,7.626770045,96,27,2.659431813,9.298392165,6.968542636,8.298294978,487,15,3,0,18,468,13,5,9,27,505,495,20,7,71,25
30,1000,10,5.13,10.3,18,37,15,944,30,10,16,56,7.683819894,95,33,2.526948254,9.573630847,6.985675846,8.325683616,464,10,3,2,15,480,20,7,14,41,479,521,22,11,64,31
24,1000,10,5.13,10.3,18,37,82,951,24,15,10,49,8.697089597,108,40,2.920645786,9.745395228,8.655800224,8.743092767,502,12,9,4,25,449,12,6,6,24,527,473,20,20,72,36
29,1000,10,5.13,10.3,18,37,16,956,26,7,11,44,7.308539192,86,43,2.692181573,9.283342971,6.996432112,7.606016252,470,11,2,5,18,486,15,5,6,26,488,512,31,12,59,27
25,1000,10,5.13,10.3,18,37,26,953,28,11,8,47,7.702531468,108,40,2.532552985,9.537643364,7.616172387,7.786170578,470,13,6,3,22,483,15,5,5,25,492,508,18,22,77,31
27,1000,10,5.13,10.3,18,37,22,946,26,16,12,54,7.755690506,81,29,2.441964678,9.271737963,7.463743748,8.065695826,486,17,9,3,29,460,9,7,9,25,515,485,15,14,52,29
28,1000,10,5.13,10.3,18,37,21,962,28,5,5,38,7.089937024,86,36,2.53926407,8.70304625,6.953925072,7.234362087,497,15,1,2,18,465,13,4,3,20,515,485,17,19,64,22
31,1000,10,5.13,10.3,18,37,12,962,21,11,6,38,6.921866909,102,31,2.672875163,9.276035856,6.477571562,7.303399346,452,3,4,3,10,510,18,7,3,28,462,538,16,15,77,25
26,1000,10,5.13,10.3,18,37,24,953,30,8,9,47,7.649362032,94,32,2.637441349,9.30423967,7.002237749,8.309559533,486,16,3,0,19,467,14,5,9,28,505,495,19,13,65,29
30,1000,10,5.13,10.3,18,37,16,943,31,10,16,57,7.744035464,106,36,2.52394245,9.592820088,7.033265274,8.397507481,464,10,3,2,15,479,21,7,14,42,479,521,26,10,73,33
24,1000,10,5.13,10.3,18,37,83,951,24,15,10,49,8.701675337,108,40,2.912837672,9.777061308,8.695203236,8.708886325,502,12,8,5,25,449,12,7,5,24,527,473,30,10,83,25
29,1000,10,5.13,10.3,18,37,17,958,24,7,11,42,7.286904043,98,40,2.695139007,9.300557814,7.003472562,7.557049674,470,11,2,5,18,488,13,5,6,24,488,512,30,10,65,33
25,1000,10,5.13,10.3,18,37,27,952,27,13,8,48,7.76067235,108,33,2.539056217,9.542161762,7.641536026,7.876056348,470,13,6,3,22,482,14,7,5,26,492,508,25,8,81,27
28,1000,10,5.13,10.3,18,37,22,962,28,5,5,38,7.109033092,94,31,2.530863626,8.721505936,6.99387973,7.231309342,497,15,1,2,18,465,13,4,3,20,515,485,17,14,67,27
27,1000,10,5.13,10.3,18,37,23,945,27,16,12,55,7.756869481,92,30,2.44896248,9.263828935,7.462793666,8.069135553,486,17,9,3,29,459,10,7,9,26,515,485,18,12,60,32
26,1000,10,5.13,10.3,18,37,25,953,31,7,9,47,7.678229748,92,38,2.636786933,9.295741755,7.062071707,8.306835426,486,16,3,0,19,467,15,4,9,28,505,495,23,15,69,23
31,1000,10,5.13,10.3,18,37,13,960,23,11,6,40,6.994801248,86,33,2.661455079,9.301829651,6.554420265,7.372972277,452,3,4,3,10,508,20,7,3,30,462,538,17,16,64,22
30,1000,10,5.13,10.3,18,37,17,942,32,10,16,58,7.773372527,104,27,2.508321799,9.613669067,7.10427271,8.388533394,464,10,3,2,15,478,22,7,14,43,479,521,19,8,79,25
24,1000,10,5.13,10.3,18,37,84,950,26,15,9,50,8.724714466,101,42,2.901738823,9.821276194,8.706484064,8.74502614,502,12,8,5,25,448,14,7,4,25,527,473,26,16,82,19
29,1000,10,5.13,10.3,18,37,18,958,24,6,12,42,7.313792001,90,30,2.691652191,9.319526259,7.039513768,7.575213442,470,11,2,5,18,488,13,4,7,24,488,512,15,15,64,26
25,1000,10,5.13,10.3,18,37,28,953,27,12,8,47,7.768798147,103,23,2.534987834,9.573025091,7.661272181,7.872937469,470,13,6,3,22,483,14,6,5,25,492,508,13,10,77,26
28,1000,10,5.13,10.3,18,37,23,961,28,6,5,39,7.115008145,92,35,2.545569837,8.743644245,6.990507424,7.247209943,497,15,1,2,18,464,13,5,3,21,515,485,19,16,58,34
27,1000,10,5.13,10.3,18,37,24,946,26,16,12,54,7.760729778,94,36,2.44833686,9.271682769,7.493129462,8.044882691,486,17,9,3,29,460,9,7,9,25,515,485,21,15,69,25
26,1000,10,5.13,10.3,18,37,26,953,32,7,8,47,7.661035689,113,27,2.635649405,9.315520935,7.083587209,8.250149794,486,16,3,0,19,467,16,4,8,28,505,495,21,6,79,34
31,1000,10,5.13,10.3,18,37,14,964,21,7,8,36,6.961870329,119,33,2.660723335,9.311469564,6.597561591,7.27471538,452,3,3,4,10,512,18,4,4,26,462,538,23,10,90,29
30,1000,10,5.13,10.3,18,37,18,944,31,10,15,56,7.800923451,100,28,2.499986788,9.611365046,7.163204706,8.387233007,464,10,3,2,15,480,21,7,13,41,479,521,17,11,78,22
29,1000,10,5.13,10.3,18,37,19,960,23,5,12,40,7.310492519,95,28,2.67919025,9.332772417,7.020800598,7.586605132,471,10,2,5,17,489,13,3,7,23,488,512,15,13,62,33
27,1000,10,5.13,10.3,18,37,25,945,28,15,12,55,7.755877482,105,30,2.458276097,9.309348376,7.4458007,8.085134271,488,16,8,3,27,457,12,7,9,28,515,485,13,17,76,29
26,1000,10,5.13,10.3,18,37,27,951,34,7,8,49,7.679872168,88,34,2.623428286,9.333499442,7.105402734,8.265947045,485,17,3,0,20,466,17,4,8,29,505,495,18,16,61,27
25,1000,10,5.13,10.3,18,37,29,954,26,12,8,46,7.774891245,97,34,2.551167429,9.590180996,7.687560288,7.859471621,470,13,6,3,22,484,13,6,5,24,492,508,24,10,68,29
28,1000,10,5.13,10.3,18,37,24,962,27,6,5,38,7.124487657,86,38,2.560773167,8.753340523,7.026163514,7.228893707,497,15,1,2,18,465,12,5,3,20,515,485,24,14,67,19
24,1000,10,5.13,10.3,18,37,85,949,26,16,9,51,8.789575847,102,37,2.904810047,9.841359702,8.797156109,8.781130185,502,11,9,5,25,447,15,7,4,26,527,473,25,12,79,23
31,1000,10,5.13,10.3,18,37,15,962,23,7,8,38,7.006948394,111,32,2.671837871,9.345123996,6.679874522,7.287818521,451,4,3,4,11,511,19,4,4,27,462,538,20,12,78,33
30,1000,10,5.13,10.3,18,37,19,944,31,10,15,56,7.810396426,103,28,2.507538355,9.614393317,7.193733328,8.37734772,463,11,3,2,16,481,20,7,13,40,479,521,15,13,73,30
29,1000,10,5.13,10.3,18,37,20,960,23,5,12,40,7.32076919,100,24,2.682904815,9.356138314,7.048355336,7.580413644,471,10,2,5,17,489,13,3,7,23,488,512,16,8,67,33
26,1000,10,5.13,10.3,18,37,28,951,34,8,7,49,7.709059977,100,33,2.62192647,9.334931083,7.102725816,8.327643312,486,16,3,0,19,465,18,5,7,30,505,495,18,15,65,35
27,1000,10,5.13,10.3,18,37,26,948,25,15,12,52,7.75363017,109,28,2.46385314,9.30904175,7.430960347,8.096258951,491,14,7,3,24,457,11,8,9,28,515,485,10,18,80,29
25,1000,10,5.13,10.3,18,37,30,955,27,11,7,45,7.773327738,102,29,2.560191058,9.60568139,7.723823654,7.821272638,470,13,5,4,22,485,14,6,3,23,492,508,17,12,77,25
28,1000,10,5.13,10.3,18,37,25,962,27,5,6,38,7.166988281,99,40,2.561360334,8.761756861,7.100217683,7.237889019,497,15,0,3,18,465,12,5,3,20,515,485,28,12,66,33
31,1000,10,5.13,10.3,18,37,16,962,22,8,8,38,7.004486733,94,25,2.684681798,9.36894005,6.690663034,7.273978459,450,5,3,4,12,512,17,5,4,26,462,538,17,8,66,28
24,1000,10,5.13,10.3,18,37,86,949,26,16,9,51,8.802723309,97,40,2.897824874,9.857755014,8.840215245,8.760951109,502,11,9,5,25,447,15,7,4,26,527,473,26,14,71,26
30,1000,10,5.13,10.3,18,37,20,943,32,11,14,57,7.823644148,95,37,2.51129143,9.613335334,7.232719483,8.366931892,463,10,4,2,16,480,22,7,12,41,479,521,18,19,64,31
26,1000,10,5.13,10.3,18,37,29,949,36,8,7,51,7.754263398,96,44,2.632677033,9.343976115,7.176643772,8.343552107,484,18,3,0,21,465,18,5,7,30,505,495,28,16,70,26
27,1000,10,5.13,10.3,18,37,27,949,24,15,12,51,7.749245085,98,18,2.465776796,9.306077928,7.469054886,8.046766637,491,14,7,3,24,458,10,8,9,27,515,485,10,8,68,30
29,1000,10,5.13,10.3,18,37,21,959,24,5,12,41,7.332697447,91,33,2.675543006,9.3943805,7.077059351,7.576352507,470,11,2,5,18,489,13,3,7,23,488,512,18,15,71,20
28,1000,10,5.13,10.3,18,37,26,962,27,5,6,38,7.215857931,108,46,2.56121225,8.770564083,7.141866587,7.29442606,497,15,0,3,18,465,12,5,3,20,515,485,31,15,75,33
25,1000,10,5.13,10.3,18,37,31,958,24,11,7,42,7.813474881,107,21,2.579688767,9.626522777,7.797723458,7.828730197,470,13,5,4,22,488,11,6,3,20,492,508,15,6,76,31
31,1000,10,5.13,10.3,18,37,17,962,22,8,8,38,7.032953579,79,36,2.700772593,9.371586173,6.701856876,7.317278257,450,5,3,4,12,512,17,5,4,26,462,538,23,13,55,24
30,1000,10,5.13,10.3,18,37,21,944,32,10,14,56,7.801888958,113,29,2.523704329,9.61299231,7.268025606,8.292715341,463,10,4,2,16,481,22,6,12,40,479,521,20,9,92,21
24,1000,10,5.13,10.3,18,37,87,950,25,16,9,50,8.801133504,102,39,2.909925328,9.879826047,8.867222764,8.72749917,502,11,9,5,25,448,14,7,4,25,527,473,29,10,69,33
26,1000,10,5.13,10.3,18,37,30,950,35,8,7,50,7.758808442,95,27,2.639738428,9.36869087,7.168346287,8.361199125,485,17,3,0,20,465,18,5,7,30,505,495,17,10,67,28
28,1000,10,5.13,10.3,18,37,27,961,29,5,5,39,7.243798392,72,32,2.568555932,8.763224836,7.206743317,7.283145532,497,15,0,3,18,464,14,5,2,21,515,485,22,10,53,19
27,1000,10,5.13,10.3,18,37,28,951,23,14,12,49,7.745694814,98,27,2.452513213,9.299799283,7.483977072,8.023601284,492,13,7,3,23,459,10,7,9,26,515,485,15,12,73,25
29,1000,10,5.13,10.3,18,37,22,961,23,4,12,39,7.359499966,109,30,2.673193255,9.408521419,7.099983954,7.606851165,471,10,2,5,17,490,13,2,7,22,488,512,19,11,76,33
25,1000,10,5.13,10.3,18,37,32,957,25,10,8,43,7.851351028,93,31,2.576872304,9.639925147,7.833472711,7.868666248,470,13,4,5,22,487,12,6,3,21,492,508,19,12,68,25
31,1000,10,5.13,10.3,18,37,18,963,20,9,8,37,7.057524804,97,27,2.694875873,9.373341101,6.721682746,7.345924489,450,5,3,4,12,513,15,6,4,25,462,538,18,9,69,28
30,1000,10,5.13,10.3,18,37,22,944,32,10,14,56,7.794878146,108,27,2.534139044,9.613790065,7.302879069,8.24721511,462,11,4,2,17,482,21,6,12,39,479,521,18,9,76,32
24,1000,10,5.13,10.3,18,37,88,949,26,15,10,51,8.844483855,122,41,2.907357758,9.905452061,8.882861522,8.801724806,502,11,9,5,25,447,15,6,5,26,527,473,26,15,98,24
26,1000,10,5.13,10.3,18,37,31,950,36,7,7,50,7.773061666,102,25,2.639651403,9.384280214,7.191958955,8.365903825,486,17,2,0,19,464,19,5,7,31,505,495,16,9,71,31
28,1000,10,5.13,10.3,18,37,28,960,29,5,6,40,7.290184641,81,36,2.58553831,8.772759732,7.238598759,7.344961402,496,16,0,3,19,464,13,5,3,21,515,485,24,12,58,23
27,1000,10,5.13,10.3,18,37,29,952,23,13,12,48,7.752404097,81,26,2.456843234,9.286990274,7.532591246,7.98581362,492,13,7,3,23,460,10,6,9,25,515,485,17,9,57,24
29,1000,10,5.13,10.3,18,37,23,963,21,4,12,37,7.359960707,103,33,2.669092852,9.425190598,7.093429222,7.613998528,472,9,2,5,16,491,12,2,7,21,488,512,22,11,78,25
25,1000,10,5.13,10.3,18,37,33,957,25,10,8,43,7.906433116,95,38,2.587082071,9.653925267,7.917652079,7.895567506,470,13,4,5,22,487,12,6,3,21,492,508,28,10,73,22
31,1000,10,5.13,10.3,18,37,19,963,20,9,8,37,7.089703411,91,41,2.692112895,9.389919461,6.774789181,7.360131617,450,5,3,4,12,513,15,6,4,25,462,538,26,15,68,23
30,1000,10,5.13,10.3,18,37,23,943,32,11,14,57,7.838940303,89,31,2.527597292,9.637719506,7.342771108,8.295111213,462,11,4,2,17,481,21,7,12,40,479,521,22,9,61,28
24,1000,10,5.13,10.3,18,37,89,948,26,14,12,52,8.868948245,100,33,2.905621404,9.941938834,8.885603151,8.850391933,501,12,9,5,26,447,14,5,7,26,527,473,25,8,68,32
26,1000,10,5.13,10.3,18,37,32,951,35,7,7,49,7.787558058,90,35,2.66449002,9.394963118,7.205632643,8.381239542,486,17,2,0,19,465,18,5,7,30,505,495,23,12,61,29
28,1000,10,5.13,10.3,18,37,29,960,30,5,5,40,7.307980015,109,29,2.594484295,8.7792595,7.228860811,7.39199319,496,17,0,2,19,464,13,5,3,21,515,485,17,12,73,36
27,1000,10,5.13,10.3,18,37,30,954,22,12,12,46,7.699672366,119,38,2.458902679,9.310978619,7.518966883,7.891555507,493,13,6,3,22,461,9,6,9,24,515,485,25,13,85,34
29,1000,10,5.13,10.3,18,37,24,963,21,4,12,37,7.391035073,109,33,2.696990447,9.440012356,7.157409488,7.61370946,472,9,2,5,16,491,12,2,7,21,488,512,22,11,79,30
25,1000,10,5.13,10.3,18,37,34,956,26,10,8,44,7.920588754,94,29,2.589444397,9.675952331,7.947288769,7.894729685,469,14,4,5,23,487,12,6,3,21,492,508,20,9,65,29
31,1000,10,5.13,10.3,18,37,20,963,21,8,8,37,7.11773092,85,46,2.711741559,9.417654664,6.819014515,7.374249468,450,5,3,4,12,513,16,5,4,25,462,538,26,20,55,30
30,1000,10,5.13,10.3,18,37,24,943,32,11,14,57,7.850412687,98,18,2.525583558,9.631717774,7.384080271,8.279152088,462,11,4,2,17,481,21,7,12,40,479,521,11,7,70,28
26,1000,10,5.13,10.3,18,37,33,952,34,7,7,48,7.800039358,98,25,2.66708429,9.429288726,7.224100241,8.387613608,487,16,2,0,18,465,18,5,7,30,505,495,17,8,74,24
24,1000,10,5.13,10.3,18,37,90,947,29,14,10,53,8.863414288,92,40,2.902936125,9.971382835,8.872759379,8.853002316,501,13,9,4,26,446,16,5,6,27,527,473,28,12,73,19
28,1000,10,5.13,10.3,18,37,30,960,30,5,5,40,7.318357523,81,29,2.592462617,8.788516114,7.238049412,7.403633146,496,17,0,2,19,464,13,5,3,21,515,485,16,13,57,24
27,1000,10,5.13,10.3,18,37,31,956,21,11,12,44,7.701500436,93,34,2.448366018,9.320269688,7.55014723,7.862215695,495,12,5,3,20,461,9,6,9,24,515,485,21,13,60,33
29,1000,10,5.13,10.3,18,37,25,963,21,4,12,37,7.393179696,108,36,2.69541492,9.451907802,7.15223442,7.622830662,472,9,2,5,16,491,12,2,7,21,488,512,21,15,79,29
25,1000,10,5.13,10.3,18,37,35,956,26,10,8,44,7.93437816,85,25,2.593116433,9.695244796,7.979579656,7.890600333,469,14,4,5,23,487,12,6,3,21,492,508,14,11,64,21
31,1000,10,5.13,10.3,18,37,21,965,21,6,8,35,7.130975995,105,33,2.702807719,9.429537399,6.875823345,7.350084777,450,6,2,4,12,515,15,4,4,23,462,538,21,12,73,32
30,1000,10,5.13,10.3,18,37,25,945,30,11,14,55,7.878552064,108,33,2.530003203,9.659644755,7.438558815,8.283075607,462,11,4,2,17,483,19,7,12,38,479,521,20,13,70,38
26,1000,10,5.13,10.3,18,37,34,952,34,7,7,48,7.815263644,90,31,2.675269315,9.41783547,7.272280243,8.369216406,486,17,2,0,19,466,17,5,7,29,505,495,15,16,64,26
28,1000,10,5.13,10.3,18,37,31,960,29,6,5,40,7.373713401,98,40,2.596027583,8.82501576,7.281822284,7.471288505,496,16,1,2,19,464,13,5,3,21,515,485,22,18,74,24
27,1000,10,5.13,10.3,18,37,32,954,24,11,11,46,7.728222517,85,44,2.447964146,9.348700966,7.611766253,7.851882261,493,14,5,3,22,461,10,6,8,24,515,485,21,23,61,24
29,1000,10,5.13,10.3,18,37,26,963,21,4,12,37,7.387723857,98,36,2.699992056,9.465771563,7.154922572,7.609612582,471,10,2,5,17,492,11,2,7,20,488,512,16,20,70,28
24,1000,10,5.13,10.3,18,37,91,947,30,13,10,53,8.88582523,109,30,2.930697213,10.00096092,8.874369315,8.898589007,502,13,8,4,25,445,17,5,6,28,527,473,20,10,87,22
25,1000,10,5.13,10.3,18,37,36,955,26,11,8,45,7.962016614,85,35,2.611277156,9.726088585,8.004417142,7.920951537,469,13,5,5,23,486,13,6,3,22,492,508,13,22,59,26
31,1000,10,5.13,10.3,18,37,22,965,20,6,9,35,7.151062032,106,38,2.710761681,9.449176538,6.908996261,7.358932639,450,6,2,4,12,515,14,4,5,23,462,538,26,12,75,31
30,1000,10,5.13,10.3,18,37,26,947,28,11,14,53,7.887579879,105,40,2.539454665,9.687227097,7.496607728,8.247034122,462,11,4,2,17,485,17,7,12,36,479,521,24,16,79,26
28,1000,10,5.13,10.3,18,37,32,960,29,6,5,40,7.422614901,94,29,2.614413584,8.843802786,7.32103091,7.530482438,496,16,1,2,19,464,13,5,3,21,515,485,14,15,66,28
26,1000,10,5.13,10.3,18,37,35,951,35,7,7,49,7.835886982,89,39,2.657812737,9.421868147,7.300647197,8.381939692,486,17,2,0,19,465,18,5,7,30,505,495,21,18,60,29
27,1000,10,5.13,10.3,18,37,33,952,26,11,11,48,7.76946396,109,28,2.459931278,9.335900126,7.637092968,7.910022848,493,14,5,3,22,459,12,6,8,26,515,485,14,14,71,38
29,1000,10,5.13,10.3,18,37,27,965,18,4,13,35,7.412994483,99,34,2.701671786,9.478901174,7.20161551,7.614465066,472,8,2,6,16,493,10,2,7,19,488,512,19,15,65,34
25,1000,10,5.13,10.3,18,37,37,954,27,11,8,46,7.990387592,107,25,2.59849194,9.747671188,8.042838345,7.939588832,468,14,5,5,24,486,13,6,3,22,492,508,11,14,74,33
31,1000,10,5.13,10.3,18,37,23,964,21,6,9,36,7.195206909,114,32,2.714534128,9.442975073,6.97719499,7.382421606,450,6,2,4,12,514,15,4,5,24,462,538,16,16,81,33
24,1000,10,5.13,10.3,18,37,92,947,30,13,10,53,8.929363722,95,39,2.93045923,10.01406024,8.940451449,8.917010165,502,13,8,4,25,445,17,5,6,28,527,473,22,17,72,23
30,1000,10,5.13,10.3,18,37,27,949,27,10,14,51,7.898758665,97,40,2.543064068,9.69100223,7.514766347,8.251795748,462,11,4,2,17,487,16,6,12,34,479,521,27,13,76,21
28,1000,10,5.13,10.3,18,37,33,961,29,5,5,39,7.460149753,104,27,2.604728153,8.880123754,7.390373982,7.534241551,496,16,1,2,19,465,13,4,3,20,515,485,14,13,70,34
26,1000,10,5.13,10.3,18,37,36,950,36,7,7,50,7.868168155,88,28,2.661736864,9.457048735,7.3542466,8.392471964,485,18,2,0,20,465,18,5,7,30,505,495,14,14,65,23
27,1000,10,5.13,10.3,18,37,34,951,27,11,11,49,7.817502355,89,19,2.475457544,9.341592665,7.71088445,7.930715182,491,16,5,3,24,460,11,6,8,25,515,485,10,9,65,24
29,1000,10,5.13,10.3,18,37,28,965,18,4,13,35,7.424349662,116,26,2.71277615,9.479209124,7.221348445,7.617835197,472,8,2,6,16,493,10,2,7,19,488,512,13,13,81,35
25,1000,10,5.13,10.3,18,37,38,954,26,12,8,46,7.976802802,96,42,2.597646609,9.762353881,8.009445505,7.945188216,468,14,5,5,24,486,12,7,3,22,492,508,24,18,68,28
31,1000,10,5.13,10.3,18,37,24,965,20,5,10,35,7.216764511,94,22,2.724945923,9.460748082,7.008626205,7.39550038,450,6,2,4,12,515,14,3,6,23,462,538,17,5,70,24
30,1000,10,5.13,10.3,18,37,28,951,26,10,13,49,7.90075298,98,30,2.535493342,9.706202468,7.56102928,8.213090124,462,11,4,2,17,489,15,6,11,32,479,521,17,13,74,24
24,1000,10,5.13,10.3,18,37,93,944,33,13,10,56,8.960016948,121,38,2.915995326,10.05160147,8.955884233,8.964621474,500,15,8,4,27,444,18,5,6,29,527,473,27,11,89,32
28,1000,10,5.13,10.3,18,37,34,960,30,5,5,40,7.495599705,83,28,2.607029977,8.883918895,7.454356933,7.539393578,496,16,1,2,19,464,14,4,3,21,515,485,18,10,49,34
26,1000,10,5.13,10.3,18,37,37,951,35,7,7,49,7.883686342,104,33,2.671585335,9.449238712,7.373551753,8.40412668,485,18,2,0,20,466,17,5,7,29,505,495,19,14,73,31
27,1000,10,5.13,10.3,18,37,35,952,26,11,11,48,7.826353995,94,31,2.483384337,9.346740806,7.729587318,7.929106239,492,15,5,3,23,460,11,6,8,25,515,485,16,15,71,23
29,1000,10,5.13,10.3,18,37,29,964,20,3,13,36,7.436256345,94,35,2.710205097,9.475820104,7.281225757,7.584019874,471,9,1,7,17,493,11,2,6,19,488,512,24,11,73,21
25,1000,10,5.13,10.3,18,37,39,954,27,11,8,46,7.964996104,109,36,2.601423984,9.76694974,8.049625724,7.883031984,468,14,5,5,24,486,13,6,3,22,492,508,24,12,70,39
31,1000,10,5.13,10.3,18,37,25,966,19,5,10,34,7.229062111,111,36,2.727841675,9.480202323,6.996571798,7.428709926,450,6,2,4,12,516,13,3,6,22,462,538,19,17,83,28
30,1000,10,5.13,10.3,18,37,29,951,26,9,14,49,7.890659151,108,32,2.523740444,9.713688961,7.52549832,8.226382832,464,9,4,2,15,487,17,5,12,34,479,521,21,11,79,29
24,1000,10,5.13,10.3,18,37,94,942,35,13,10,58,8.994898472,98,34,2.930829377,10.11590755,8.99849718,8.990888918,499,16,8,4,28,443,19,5,6,30,527,473,20,14,77,21
28,1000,10,5.13,10.3,18,37,35,959,32,5,4,41,7.505570337,88,28,2.606385384,8.902127417,7.467287479,7.546221205,496,16,1,2,19,463,16,4,2,22,515,485,19,9,64,24
26,1000,10,5.13,10.3,18,37,38,952,35,7,6,48,7.884630413,85,36,2.66084767,9.45882941,7.394024584,8.38514747,486,17,2,0,19,466,18,5,6,29,505,495,25,11,52,33
27,1000,10,5.13,10.3,18,37,36,953,28,10,9,47,7.831714632,97,31,2.501320192,9.373816084,7.748531011,7.920043633,492,17,5,1,23,461,11,5,8,24,515,485,14,17,68,29
29,1000,10,5.13,10.3,18,37,30,965,20,3,12,35,7.472498343,108,31,2.704910778,9.489191835,7.347291766,7.591835862,472,8,1,7,16,493,12,2,5,19,488,512,19,12,85,23
31,1000,10,5.13,10.3,18,37,26,964,20,5,11,36,7.25472995,88,35,2.70214347,9.498122713,7.047044191,7.433077199,449,6,2,5,13,515,14,3,6,23,462,538,22,13,69,19
25,1000,10,5.13,10.3,18,37,40,954,27,11,8,46,7.960264423,81,38,2.606722479,9.786764761,8.042887557,7.880243593,469,13,5,5,23,485,14,6,3,23,492,508,21,17,54,27
30,1000,10,5.13,10.3,18,37,30,951,26,9,14,49,7.893724182,92,33,2.531577316,9.728790865,7.539127593,8.219735249,464,9,4,2,15,487,17,5,12,34,479,521,20,13,65,27
24,1000,10,5.13,10.3,18,37,95,942,35,13,10,58,9.001855132,112,48,2.926856003,10.14067584,9.020510018,8.981070513,499,16,8,4,28,443,19,5,6,30,527,473,33,15,88,24
28,1000,10,5.13,10.3,18,37,36,959,33,4,4,41,7.533997158,100,36,2.608684837,8.913656864,7.515766488,7.553355499,495,17,1,2,20,464,16,3,2,21,515,485,18,18,77,23
26,1000,10,5.13,10.3,18,37,39,951,35,8,6,49,7.895857693,96,28,2.641280174,9.488171606,7.432237363,8.368844091,486,17,2,0,19,465,18,6,6,30,505,495,14,14,64,32
27,1000,10,5.13,10.3,18,37,37,953,28,10,9,47,7.889482527,106,39,2.512206508,9.378738702,7.797990777,7.98663356,492,17,5,1,23,461,11,5,8,24,515,485,17,22,72,34
29,1000,10,5.13,10.3,18,37,31,964,21,3,12,36,7.502684812,97,34,2.697793004,9.493604554,7.366205888,7.632766286,472,8,1,7,16,492,13,2,5,20,488,512,15,19,78,19
31,1000,10,5.13,10.3,18,37,27,964,20,5,11,36,7.295698017,93,29,2.693490682,9.509243631,7.087461879,7.474517898,449,6,2,5,13,515,14,3,6,23,462,538,18,11,71,22
25,1000,10,5.13,10.3,18,37,41,955,26,11,8,45,7.982364008,123,28,2.611170917,9.79115912,8.1019924,7.866503441,469,13,5,5,23,486,13,6,3,22,492,508,18,10,94,29
30,1000,10,5.13,10.3,18,37,31,952,25,9,14,48,7.893757741,88,37,2.548321152,9.739278349,7.588929612,8.174012392,464,9,4,2,15,488,16,5,12,33,479,521,24,13,63,25
26,1000,10,5.13,10.3,18,37,40,950,36,8,6,50,7.892118252,102,30,2.648716481,9.498106772,7.423533571,8.37016929,487,16,2,0,18,463,20,6,6,32,505,495,19,11,77,25
28,1000,10,5.13,10.3,18,37,37,961,31,4,4,39,7.557647967,81,33,2.616086357,8.927101275,7.537932559,7.578582885,496,16,1,2,19,465,15,3,2,20,515,485,20,13,58,23
27,1000,10,5.13,10.3,18,37,38,954,28,9,9,46,7.891892671,100,33,2.513404826,9.413920863,7.813092848,7.97556671,492,17,5,1,23,462,11,4,8,23,515,485,16,17,73,27
24,1000,10,5.13,10.3,18,37,96,942,35,13,10,58,9.061485567,108,39,2.954921995,10.14567435,9.058157987,9.065193039,499,16,8,4,28,443,19,5,6,30,527,473,29,10,76,32
29,1000,10,5.13,10.3,18,37,32,963,22,3,12,37,7.549441815,93,26,2.715484425,9.51464606,7.431192201,7.662148479,472,8,1,7,16,491,14,2,5,21,488,512,16,10,68,25
31,1000,10,5.13,10.3,18,37,28,965,18,6,11,35,7.31142159,109,38,2.715793418,9.534405459,7.107284478,7.486721489,449,6,2,5,13,516,12,4,6,22,462,538,23,15,78,31
25,1000,10,5.13,10.3,18,37,42,954,27,11,8,46,7.999231298,92,33,2.627343401,9.802078595,8.169767028,7.834066773,468,14,5,5,24,486,13,6,3,22,492,508,22,11,72,20
30,1000,10,5.13,10.3,18,37,32,951,28,9,12,49,7.939909218,106,40,2.555580551,9.74088351,7.650667736,8.205833729,463,10,4,2,16,488,18,5,10,33,479,521,21,19,80,26
28,1000,10,5.13,10.3,18,37,38,962,30,4,4,38,7.552184942,95,33,2.614007165,8.926729206,7.54537959,7.559411243,497,15,1,2,18,465,15,3,2,20,515,485,22,11,69,26
26,1000,10,5.13,10.3,18,37,41,952,34,8,6,48,7.909875193,85,38,2.667402037,9.538051598,7.454409524,8.374542189,487,16,2,0,18,465,18,6,6,30,505,495,25,13,63,22
27,1000,10,5.13,10.3,18,37,39,954,28,9,9,46,7.901250269,111,35,2.519444321,9.433280028,7.825089693,7.982121807,492,17,5,1,23,462,11,4,8,23,515,485,18,17,77,34
29,1000,10,5.13,10.3,18,37,33,963,21,4,12,37,7.555662404,98,30,2.706439924,9.521534303,7.439633106,7.666252829,472,7,2,7,16,491,14,2,5,21,488,512,19,11,65,33
24,1000,10,5.13,10.3,18,37,97,942,35,13,10,58,9.059197412,108,33,2.964433156,10.18094043,9.039533269,9.08110651,500,15,8,4,27,442,20,5,6,31,527,473,21,12,81,27
31,1000,10,5.13,10.3,18,37,29,965,19,5,11,35,7.351006363,110,31,2.756965443,9.55420071,7.150247681,7.523405082,448,7,2,5,14,517,12,3,6,21,462,538,22,9,85,25
25,1000,10,5.13,10.3,18,37,43,954,27,11,8,46,8.011586025,107,40,2.630385204,9.812128999,8.197915013,7.831125666,468,14,5,5,24,486,13,6,3,22,492,508,19,21,75,32
30,1000,10,5.13,10.3,18,37,33,953,26,9,12,47,7.91828767,112,27,2.566391637,9.749007936,7.648303569,8.166507217,463,10,4,2,16,490,16,5,10,31,479,521,17,10,86,26
28,1000,10,5.13,10.3,18,37,39,963,29,4,4,37,7.589824749,99,33,2.635628297,8.957502848,7.615997873,7.562032668,497,14,2,2,18,466,15,2,2,19,515,485,19,14,70,29
26,1000,10,5.13,10.3,18,37,42,952,34,8,6,48,7.960839967,83,29,2.683505147,9.560657999,7.530712913,8.399656457,487,16,2,0,18,465,18,6,6,30,505,495,20,9,65,18
27,1000,10,5.13,10.3,18,37,40,952,31,8,9,48,7.92863316,101,34,2.543665513,9.441132391,7.861799841,7.9996005,490,19,5,1,25,462,12,3,8,23,515,485,23,11,68,33
29,1000,10,5.13,10.3,18,37,34,963,22,4,11,37,7.567342687,98,32,2.720008595,9.505630601,7.448613241,7.68050669,472,8,2,6,16,491,14,2,5,21,488,512,17,15,78,20
25,1000,10,5.13,10.3,18,37,44,957,25,10,8,43,8.038620774,95,36,2.63410014,9.826696097,8.241175707,7.842445524,469,14,4,5,23,488,11,6,3,20,492,508,25,11,72,23
30,1000,10,5.13,10.3,18,37,34,953,26,9,12,47,7.935046845,111,40,2.564027283,9.755117882,7.65753857,8.190184012,463,10,4,2,16,490,16,5,10,31,479,521,24,16,75,36
31,1000,10,5.13,10.3,18,37,30,965,19,4,12,35,7.368316844,99,28,2.75871056,9.566611674,7.195393956,7.516811964,448,7,1,6,14,517,12,3,6,21,462,538,14,14,74,25
24,1000,10,5.13,10.3,18,37,98,941,36,13,10,59,9.069257896,94,41,2.979433762,10.19517356,9.06412069,9.07498159,499,16,8,4,28,442,20,5,6,31,527,473,27,14,73,21
26,1000,10,5.13,10.3,18,37,43,952,34,8,6,48,7.983701799,107,36,2.685767091,9.557574096,7.604131504,8.370940181,486,17,2,0,19,466,17,6,6,29,505,495,19,17,79,28
28,1000,10,5.13,10.3,18,37,40,963,29,4,4,37,7.605715265,100,34,2.645769411,8.967233197,7.637730983,7.571719193,497,14,2,2,18,466,15,2,2,19,515,485,21,13,67,33
27,1000,10,5.13,10.3,18,37,41,951,33,8,8,49,7.929078224,107,33,2.545908001,9.437076914,7.898053348,7.962022164,488,21,5,1,27,463,12,3,7,22,515,485,18,15,77,30
29,1000,10,5.13,10.3,18,37,35,964,21,4,11,36,7.561220403,103,33,2.717826775,9.501935827,7.46672098,7.651290165,472,8,2,6,16,492,13,2,5,20,488,512,21,12,80,23
25,1000,10,5.13,10.3,18,37,45,956,26,10,8,44,8.077782594,118,39,2.621904876,9.825328953,8.326409246,7.836986702,468,15,4,5,24,488,11,6,3,20,492,508,21,18,92,26
30,1000,10,5.13,10.3,18,37,35,953,26,9,12,47,7.976924855,98,35,2.571480527,9.770700875,7.666208394,8.262593155,464,9,4,2,15,489,17,5,10,32,479,521,22,13,73,25
31,1000,10,5.13,10.3,18,37,31,965,19,3,13,35,7.385898327,92,46,2.778805058,9.59165307,7.251285184,7.501495487,447,8,1,6,15,518,11,2,7,20,462,538,26,20,72,20
24,1000,10,5.13,10.3,18,37,99,940,37,12,11,60,9.108587343,92,40,2.985218723,10.1983077,9.092162597,9.126887218,498,17,8,4,29,442,20,4,7,31,527,473,24,16,72,20
26,1000,10,5.13,10.3,18,37,44,953,34,7,6,47,7.9819256,95,34,2.695552047,9.557650769,7.627635951,8.343372616,486,17,2,0,19,467,17,5,6,28,505,495,27,7,72,23
28,1000,10,5.13,10.3,18,37,41,962,28,5,5,38,7.643643742,106,35,2.653708899,8.972351967,7.680249048,7.604774191,496,14,2,3,19,466,14,3,2,19,515,485,18,17,82,24
27,1000,10,5.13,10.3,18,37,42,951,33,9,7,49,7.963135543,107,28,2.551764364,9.452033811,7.940043715,7.987655731,487,22,5,1,28,464,11,4,6,21,515,485,19,9,80,27
29,1000,10,5.13,10.3,18,37,36,964,21,5,10,36,7.565374908,112,34,2.736394408,9.513770391,7.517754784,7.610762838,472,7,3,6,16,492,14,2,4,20,488,512,19,15,78,34
25,1000,10,5.13,10.3,18,37,46,955,27,10,8,45,8.119018088,111,34,2.627195951,9.816093117,8.374587897,7.871497722,467,16,4,5,25,488,11,6,3,20,492,508,23,11,84,27
30,1000,10,5.13,10.3,18,37,36,953,26,8,13,47,7.999265523,101,36,2.552050109,9.782272796,7.694962358,8.279037531,464,9,4,2,15,489,17,4,11,32,479,521,17,19,73,28
31,1000,10,5.13,10.3,18,37,32,965,19,3,13,35,7.409393458,118,38,2.777193341,9.614449187,7.303312883,7.500488674,447,8,1,6,15,518,11,2,7,20,462,538,25,13,86,32
24,1000,10,5.13,10.3,18,37,100,939,37,13,11,61,9.132782055,108,42,2.992221014,10.23100034,9.135780562,9.129441223,498,16,9,4,29,441,21,4,7,32,527,473,28,14,83,25
26,1000,10,5.13,10.3,18,37,45,952,36,7,5,48,8.003623931,110,39,2.707546726,9.571442697,7.656939151,8.357312443,486,17,2,0,19,466,19,5,5,29,505,495,23,16,79,31
27,1000,10,5.13,10.3,18,37,43,952,33,9,6,48,8.004258173,98,37,2.557614924,9.468889001,7.977650724,8.032511444,487,22,5,1,28,465,11,4,5,20,515,485,20,17,73,25
28,1000,10,5.13,10.3,18,37,42,961,29,5,5,39,7.648015566,99,28,2.648669608,8.978580144,7.708897652,7.583367578,495,15,2,3,20,466,14,3,2,19,515,485,17,11,71,28
29,1000,10,5.13,10.3,18,37,37,965,20,5,10,35,7.587253452,106,36,2.763301265,9.535703329,7.57036801,7.603347389,472,7,3,6,16,493,13,2,4,19,488,512,20,16,86,20
25,1000,10,5.13,10.3,18,37,47,955,27,10,8,45,8.139862365,109,22,2.603334945,9.8175931,8.420735857,7.867835283,467,16,4,5,25,488,11,6,3,20,492,508,10,12,76,33
30,1000,10,5.13,10.3,18,37,37,955,24,9,12,45,8.013893915,93,33,2.557461723,9.791181089,7.693344404,8.308602583,465,9,4,1,14,490,15,5,11,31,479,521,22,11,71,22
31,1000,10,5.13,10.3,18,37,33,966,18,3,13,34,7.439179277,121,28,2.777785934,9.610715897,7.3263698,7.536052842,447,8,1,6,15,519,10,2,7,19,462,538,15,13,87,34
26,1000,10,5.13,10.3,18,37,46,952,37,7,4,48,8.034363612,88,31,2.73416143,9.601283478,7.688277395,8.387441469,485,18,2,0,20,467,19,5,4,28,505,495,22,9,66,22
27,1000,10,5.13,10.3,18,37,44,954,30,11,5,46,7.989011929,105,35,2.566205895,9.470385589,7.95149385,8.028850715,489,19,6,1,26,465,11,5,4,20,515,485,21,14,77,28
28,1000,10,5.13,10.3,18,37,43,960,30,5,5,40,7.674243789,87,36,2.655477237,9.00057297,7.765489414,7.577354105,494,16,2,3,21,466,14,3,2,19,515,485,25,11,60,27
24,1000,10,5.13,10.3,18,37,101,939,37,13,11,61,9.141851201,113,33,2.99583792,10.26515342,9.166644048,9.114227882,497,17,9,4,30,442,20,4,7,31,527,473,23,10,86,27
29,1000,10,5.13,10.3,18,37,38,963,22,5,10,37,7.615548129,93,33,2.77099166,9.538886129,7.574591657,7.654584767,471,8,3,6,17,492,14,2,4,20,488,512,24,9,69,24
30,1000,10,5.13,10.3,18,37,38,956,23,10,11,44,8.025185956,114,28,2.562890949,9.82157119,7.741547066,8.285959522,465,9,4,1,14,491,14,6,10,30,479,521,18,10,83,31
25,1000,10,5.13,10.3,18,37,48,955,26,10,9,45,8.173886222,103,32,2.607154958,9.832012997,8.461780535,7.895059446,467,15,5,5,25,488,11,5,4,20,492,508,16,16,71,32
31,1000,10,5.13,10.3,18,37,34,965,19,3,13,35,7.471459938,94,29,2.774356279,9.646797792,7.407621217,7.52628055,446,9,1,6,16,519,10,2,7,19,462,538,19,10,77,17
26,1000,10,5.13,10.3,18,37,47,950,39,7,4,50,8.080569648,100,26,2.74633825,9.638348387,7.758975449,8.408660699,484,19,2,0,21,466,20,5,4,29,505,495,15,11,75,25
27,1000,10,5.13,10.3,18,37,45,953,32,11,4,47,7.987347828,103,28,2.573560292,9.490667702,7.956304175,8.020311706,489,19,6,1,26,464,13,5,3,21,515,485,16,12,73,30
28,1000,10,5.13,10.3,18,37,44,960,31,4,5,40,7.701356549,86,28,2.6683566,9.004270243,7.822177071,7.573062592,494,17,1,3,21,466,14,3,2,19,515,485,13,15,66,20
24,1000,10,5.13,10.3,18,37,102,938,37,13,12,62,9.152631261,110,33,3.013201466,10.3213952,9.213495107,9.0848189,497,17,9,4,30,441,20,4,8,32,527,473,19,14,85,25
29,1000,10,5.13,10.3,18,37,39,963,22,5,10,37,7.638100369,83,32,2.77110806,9.569292814,7.597130919,7.677149375,471,8,3,6,17,492,14,2,4,20,488,512,22,10,57,26
30,1000,10,5.13,10.3,18,37,39,956,24,10,10,44,8.025433815,109,24,2.566365587,9.833144433,7.767648894,8.262437611,465,9,4,1,14,491,15,6,9,30,479,521,18,6,80,29
25,1000,10,5.13,10.3,18,37,49,956,26,9,9,44,8.177736026,96,35,2.603292888,9.875968961,8.48975812,7.8755414,467,15,5,5,25,489,11,4,4,19,492,508,20,15,67,29
31,1000,10,5.13,10.3,18,37,35,965,18,4,13,35,7.518092256,98,32,2.774492446,9.654023951,7.439922032,7.585219847,446,9,1,6,16,519,9,3,7,19,462,538,18,14,64,34
26,1000,10,5.13,10.3,18,37,48,951,38,7,4,49,8.087718455,112,35,2.757381529,9.65969963,7.76566986,8.416273082,485,18,2,0,20,466,20,5,4,29,505,495,21,14,81,31
27,1000,10,5.13,10.3,18,37,46,953,34,9,4,47,7.99333559,98,35,2.58764911,9.502992969,7.99497577,7.991593955,490,20,4,1,25,463,14,5,3,22,515,485,20,15,65,33
28,1000,10,5.13,10.3,18,37,45,959,32,4,5,41,7.725603917,90,34,2.660753542,9.026281419,7.881061076,7.560530851,494,17,1,3,21,465,15,3,2,20,515,485,21,13,65,25
24,1000,10,5.13,10.3,18,37,103,938,36,14,12,62,9.169726015,109,33,3.000351888,10.3441802,9.259350378,9.069869695,497,17,9,4,30,441,19,5,8,32,527,473,22,11,87,22
29,1000,10,5.13,10.3,18,37,40,964,22,4,10,36,7.661094643,95,38,2.763571893,9.570359017,7.618834234,7.701374095,471,8,3,6,17,493,14,1,4,19,488,512,24,14,69,26
30,1000,10,5.13,10.3,18,37,40,955,24,11,10,45,8.079483821,110,22,2.559763094,9.847217793,7.847545673,8.292724459,465,9,4,1,14,490,15,7,9,31,479,521,10,12,76,34
25,1000,10,5.13,10.3,18,37,50,958,25,8,9,42,8.186064415,94,30,2.606053639,9.881997266,8.51886382,7.863746882,467,15,5,5,25,491,10,3,4,17,492,508,18,12,70,24
31,1000,10,5.13,10.3,18,37,36,963,18,6,13,37,7.518661311,112,29,2.780544608,9.670551954,7.450672114,7.577046085,446,7,3,6,16,517,11,3,7,21,462,538,20,9,74,38
26,1000,10,5.13,10.3,18,37,49,952,37,7,4,48,8.115712789,96,42,2.734705335,9.679440058,7.811189536,8.426388027,485,18,2,0,20,467,19,5,4,28,505,495,25,17,64,32
27,1000,10,5.13,10.3,18,37,47,954,33,9,4,46,8.011469819,109,30,2.600668271,9.518081358,8.054597972,7.965673945,490,20,4,1,25,464,13,5,3,21,515,485,14,16,76,33
28,1000,10,5.13,10.3,18,37,46,961,31,3,5,39,7.730769213,99,31,2.65534523,9.039825979,7.928694392,7.520601239,494,17,1,3,21,467,14,2,2,18,515,485,16,15,70,29
30,1000,10,5.13,10.3,18,37,41,955,24,11,10,45,8.102324015,98,36,2.580763342,9.852927433,7.863505683,8.321890197,465,9,4,1,14,490,15,7,9,31,479,521,20,16,72,26
29,1000,10,5.13,10.3,18,37,41,964,22,4,10,36,7.667450294,100,30,2.768650907,9.578088955,7.656067206,7.6782998,471,8,3,6,17,493,14,1,4,19,488,512,18,12,76,24
24,1000,10,5.13,10.3,18,37,104,937,37,13,13,63,9.222652119,107,37,2.999470579,10.36859896,9.350078682,9.080677915,496,18,8,5,31,441,19,5,8,32,527,473,27,10,76,31
25,1000,10,5.13,10.3,18,37,51,958,25,8,9,42,8.173591375,105,44,2.609146649,9.903717434,8.558653916,7.800656788,467,15,5,5,25,491,10,3,4,17,492,508,28,16,74,31
32,1000,10,5.13,10.3,18,37,0,944,32,14,10,56,7.075,90,37,2.537791567,9.058434447,6.289915966,7.788167939,461,9,4,2,15,483,23,10,8,41,476,524,20,17,66,24
31,1000,10,5.13,10.3,18,37,37,962,19,6,13,38,7.522152368,89,29,2.770448166,9.672195859,7.435261481,7.596768706,446,7,3,6,16,516,12,3,7,22,462,538,20,9,65,24
26,1000,10,5.13,10.3,18,37,50,950,39,7,4,50,8.111152853,94,44,2.739955258,9.670717277,7.844102036,8.383598636,484,19,2,0,21,466,20,5,4,29,505,495,29,15,74,20
27,1000,10,5.13,10.3,18,37,48,954,33,9,4,46,8.008487062,111,36,2.59900838,9.526421673,8.030870122,7.984719484,490,20,4,1,25,464,13,5,3,21,515,485,21,15,67,44
28,1000,10,5.13,10.3,18,37,47,960,32,3,5,40,7.778322666,96,25,2.661852421,9.039484881,7.998177456,7.544868609,493,18,1,3,22,467,14,2,2,18,515,485,15,10,68,28
30,1000,10,5.13,10.3,18,37,42,955,24,11,10,45,8.141885858,116,36,2.593358553,9.862833925,7.909531106,8.355509516,464,10,4,1,15,491,14,7,9,30,479,521,23,13,86,30
29,1000,10,5.13,10.3,18,37,42,962,23,5,10,38,7.690606746,90,31,2.77931209,9.606845804,7.658157821,7.721534627,469,9,4,6,19,493,14,1,4,19,488,512,18,13,65,25
25,1000,10,5.13,10.3,18,37,52,959,24,8,9,41,8.159082052,109,33,2.626774825,9.941114774,8.554549049,7.776070708,468,14,5,5,24,491,10,3,4,17,492,508,19,14,77,32
31,1000,10,5.13,10.3,18,37,38,963,18,6,13,37,7.488951703,94,33,2.789358816,9.656447832,7.425105839,7.543778449,446,7,3,6,16,517,11,3,7,21,462,538,23,10,75,19
32,1000,10,5.13,10.3,18,37,1,945,31,14,10,55,7.086216283,85,28,2.51782189,9.068123931,6.318354723,7.783739379,461,9,4,2,15,484,22,10,8,40,476,524,19,9,56,29
26,1000,10,5.13,10.3,18,37,51,950,39,7,4,50,8.098453162,101,35,2.752407799,9.685096095,7.872581657,8.328887728,484,19,2,0,21,466,20,5,4,29,505,495,20,15,74,27
27,1000,10,5.13,10.3,18,37,49,952,35,9,4,48,8.055562368,102,31,2.579988974,9.529646185,8.082876676,8.026558516,489,21,4,1,26,463,14,5,3,22,515,485,17,14,78,24
28,1000,10,5.13,10.3,18,37,48,959,33,3,5,41,7.806407848,92,32,2.673343132,9.052785058,8.043147771,7.555024219,493,18,1,3,22,466,15,2,2,19,515,485,18,14,70,22
30,1000,10,5.13,10.3,18,37,43,954,24,13,9,46,8.149346307,103,30,2.609525788,9.876423645,7.910744551,8.368713372,464,10,4,1,15,490,14,9,8,31,479,521,16,14,72,31
29,1000,10,5.13,10.3,18,37,43,961,24,5,10,39,7.695019755,104,34,2.779258198,9.631147247,7.697797101,7.692372598,468,10,4,6,20,493,14,1,4,19,488,512,22,12,75,29
25,1000,10,5.13,10.3,18,37,53,960,23,8,9,40,8.197748503,114,37,2.641502805,9.947726786,8.626054901,7.782932069,467,15,5,5,25,493,8,3,4,15,492,508,19,18,85,29
31,1000,10,5.13,10.3,18,37,39,963,19,6,12,37,7.495288947,94,42,2.792944186,9.66577118,7.418721329,7.561040321,446,7,3,6,16,517,12,3,6,21,462,538,29,13,73,21
26,1000,10,5.13,10.3,18,37,52,950,39,7,4,50,8.120117478,99,39,2.755359275,9.70910355,7.893149832,8.35167033,484,19,2,0,21,466,20,5,4,29,505,495,22,17,69,30
27,1000,10,5.13,10.3,18,37,50,952,36,8,4,48,8.076014431,103,29,2.578438126,9.517911566,8.071793701,8.080496237,490,21,3,1,25,462,15,5,3,23,515,485,14,15,79,24
28,1000,10,5.13,10.3,18,37,49,960,32,3,5,40,7.834647097,101,38,2.65749404,9.064188509,8.10453546,7.548064608,493,18,1,3,22,467,14,2,2,18,515,485,21,17,77,24
32,1000,10,5.13,10.3,18,37,2,948,29,13,10,52,7.090770362,95,31,2.514991221,9.083960108,6.373846989,7.742021365,461,9,4,2,15,487,20,9,8,37,476,524,17,14,61,34
30,1000,10,5.13,10.3,18,37,44,955,24,12,9,45,8.153032596,95,47,2.617558089,9.914887682,7.911954197,8.374676652,464,10,4,1,15,491,14,8,8,30,479,521,25,22,67,28
29,1000,10,5.13,10.3,18,37,44,961,24,5,10,39,7.733621321,103,42,2.772233666,9.636277982,7.767921224,7.700929227,468,10,4,6,20,493,14,1,4,19,488,512,26,16,78,25
25,1000,10,5.13,10.3,18,37,54,960,22,9,9,40,8.182289975,112,34,2.663737165,9.995743549,8.622374332,7.756066543,467,14,6,5,25,493,8,3,4,15,492,508,19,15,83,29
31,1000,10,5.13,10.3,18,37,40,964,18,7,11,36,7.499913097,108,39,2.794075331,9.665763373,7.422615274,7.566291525,447,6,3,6,15,517,12,4,5,21,462,538,31,8,80,28
26,1000,10,5.13,10.3,18,37,53,950,39,7,4,50,8.157479075,104,39,2.76180726,9.704747474,7.949532971,8.36962611,484,19,2,0,21,466,20,5,4,29,505,495,24,15,78,26
27,1000,10,5.13,10.3,18,37,51,954,34,8,4,46,8.087495993,107,32,2.56341501,9.53308462,8.089946019,8.084894419,490,21,3,1,25,464,13,5,3,21,515,485,17,15,71,36
28,1000,10,5.13,10.3,18,37,50,960,31,4,5,40,7.858796518,114,33,2.655455654,9.09389743,8.185287512,7.512110205,493,17,2,3,22,467,14,2,2,18,515,485,21,12,79,35
32,1000,10,5.13,10.3,18,37,3,948,29,13,10,52,7.110426831,94,25,2.533050186,9.088996914,6.402876425,7.753163458,461,9,4,2,15,487,20,9,8,37,476,524,14,11,58,36
30,1000,10,5.13,10.3,18,37,45,955,25,12,8,45,8.187133739,93,40,2.632508603,9.931172035,7.976300875,8.380970479,463,11,4,1,16,492,14,8,7,29,479,521,25,15,75,18
29,1000,10,5.13,10.3,18,37,45,962,23,6,9,38,7.748776179,115,38,2.76041876,9.643541457,7.825871932,7.67529429,468,10,5,5,20,494,13,1,4,18,488,512,21,17,86,29
25,1000,10,5.13,10.3,18,37,55,961,22,8,9,39,8.206535884,97,27,2.66565019,9.998829832,8.659403589,7.767931729,468,14,5,5,24,493,8,3,4,15,492,508,11,16,72,25
31,1000,10,5.13,10.3,18,37,41,963,19,7,11,37,7.541403316,97,34,2.799504923,9.673700916,7.467492162,7.60487349,447,6,3,6,15,516,13,4,5,22,462,538,23,11,75,22
26,1000,10,5.13,10.3,18,37,54,950,38,8,4,50,8.204614395,103,41,2.756787022,9.723249423,8.003459003,8.409833532,484,18,3,0,21,466,20,5,4,29,505,495,27,14,78,25
27,1000,10,5.13,10.3,18,37,52,954,35,7,4,46,8.110730426,93,21,2.58878737,9.563974351,8.150860208,8.06811839,489,22,3,1,26,465,13,4,3,20,515,485,14,7,70,23
28,1000,10,5.13,10.3,18,37,51,959,32,4,5,41,7.893958216,94,37,2.657025827,9.131001036,8.225831368,7.541556828,492,18,2,3,23,467,14,2,2,18,515,485,19,18,69,25
32,1000,10,5.13,10.3,18,37,4,948,29,13,10,52,7.142106032,111,34,2.540498902,9.11303953,6.433113195,7.78615296,461,9,4,2,15,487,20,9,8,37,476,524,22,12,79,32
30,1000,10,5.13,10.3,18,37,46,954,26,12,8,46,8.245196694,101,36,2.6312648,9.969534256,8.001990435,8.468797074,462,12,4,1,17,492,14,8,7,29,479,521,27,9,74,27
29,1000,10,5.13,10.3,18,37,46,962,24,6,8,38,7.756486127,94,26,2.781117494,9.665471125,7.867608191,7.65057291,468,10,5,5,20,494,14,1,3,18,488,512,18,8,69,25
25,1000,10,5.13,10.3,18,37,56,961,21,8,10,39,8.245107556,105,36,2.668739243,9.995881005,8.700103537,7.804442157,468,14,4,6,24,493,7,4,4,15,492,508,26,10,82,23
31,1000,10,5.13,10.3,18,37,42,962,20,7,11,38,7.577522277,110,32,2.804596573,9.687047352,7.521421875,7.625697715,446,7,3,6,16,516,13,4,5,22,462,538,20,12,81,29
26,1000,10,5.13,10.3,18,37,55,951,37,8,4,49,8.257526122,103,37,2.758880533,9.751451973,8.085925723,8.432593195,484,18,3,0,21,467,19,5,4,28,505,495,21,16,84,19
27,1000,10,5.13,10.3,18,37,53,953,36,7,4,47,8.129415686,108,31,2.599990626,9.591341966,8.20755347,8.046444637,488,23,3,1,27,465,13,4,3,20,515,485,22,9,81,27
28,1000,10,5.13,10.3,18,37,52,959,32,5,4,41,7.886918396,118,30,2.650020512,9.151206388,8.204219333,7.549990596,493,17,2,3,22,466,15,3,1,19,515,485,21,9,86,32
30,1000,10,5.13,10.3,18,37,47,953,27,12,8,47,8.251280006,107,32,2.641897138,9.980935514,8.017198172,8.466491519,462,12,4,1,17,491,15,8,7,30,479,521,16,16,78,29
32,1000,10,5.13,10.3,18,37,5,949,28,12,11,51,7.132839629,94,28,2.536431386,9.126966412,6.478869187,7.726904381,460,10,4,2,16,489,18,8,9,35,476,524,18,10,62,32
29,1000,10,5.13,10.3,18,37,47,961,25,6,8,39,7.793075678,111,30,2.792222828,9.681694528,7.905081713,7.686319926,468,10,5,5,20,493,15,1,3,19,488,512,19,11,84,27
25,1000,10,5.13,10.3,18,37,57,961,21,8,10,39,8.259705534,104,31,2.676073254,9.994167569,8.746314491,7.788422843,468,14,4,6,24,493,7,4,4,15,492,508,14,17,82,22
31,1000,10,5.13,10.3,18,37,43,961,21,8,10,39,7.628241902,113,31,2.820485959,9.703416237,7.597863725,7.654328737,445,8,3,6,17,516,13,5,4,22,462,538,23,8,83,30
26,1000,10,5.13,10.3,18,37,56,950,37,9,4,50,8.283159657,100,30,2.775605121,9.78574453,8.134193819,8.435134907,483,18,4,0,22,467,19,5,4,28,505,495,18,12,81,19
27,1000,10,5.13,10.3,18,37,54,953,36,7,4,47,8.108426643,120,36,2.592522635,9.593977434,8.22173168,7.988113047,488,23,3,1,27,465,13,4,3,20,515,485,23,13,86,34
28,1000,10,5.13,10.3,18,37,53,958,33,5,4,42,7.908139674,92,22,2.646441511,9.172456456,8.2428592,7.552715848,492,18,2,3,23,466,15,3,1,19,515,485,15,7,64,28
30,1000,10,5.13,10.3,18,37,48,954,26,12,8,46,8.267215698,105,27,2.660039934,9.997415289,8.042666843,8.473662726,462,12,4,1,17,492,14,8,7,29,479,521,17,10,79,26
25,1000,10,5.13,10.3,18,37,58,961,22,8,9,39,8.309915529,89,39,2.677231993,10.00117351,8.790865489,7.8441136,468,14,4,6,24,493,8,4,3,15,492,508,24,15,64,25
29,1000,10,5.13,10.3,18,37,48,961,25,6,8,39,7.802027448,110,31,2.793810584,9.706343263,7.910772863,7.698379473,468,10,5,5,20,493,15,1,3,19,488,512,15,16,80,30
32,1000,10,5.13,10.3,18,37,6,950,28,11,11,50,7.181664415,92,23,2.527953977,9.150562958,6.530487827,7.77319124,460,10,4,2,16,490,18,7,9,34,476,524,15,8,65,27
26,1000,10,5.13,10.3,18,37,57,951,36,8,5,49,8.273562077,112,31,2.809012802,9.803520285,8.123615769,8.426537603,483,18,4,0,22,468,18,4,5,27,505,495,18,13,82,30
31,1000,10,5.13,10.3,18,37,44,961,21,8,10,39,7.648509448,108,33,2.811905019,9.7018801,7.666464848,7.633090499,445,8,3,6,17,516,13,5,4,22,462,538,18,15,76,32
27,1000,10,5.13,10.3,18,37,55,955,36,5,4,45,8.107685641,80,25,2.601642725,9.609240981,8.250918256,7.955593277,488,23,3,1,27,467,13,2,3,18,515,485,15,10,57,23
28,1000,10,5.13,10.3,18,37,54,958,33,5,4,42,7.906751045,102,21,2.625391354,9.158345524,8.262036502,7.529489168,492,18,2,3,23,466,15,3,1,19,515,485,9,12,66,36
30,1000,10,5.13,10.3,18,37,49,954,27,11,8,46,8.289067365,92,31,2.667766479,10.03087331,8.090857719,8.471298499,462,13,3,1,17,492,14,8,7,29,479,521,24,7,64,28
25,1000,10,5.13,10.3,18,37,59,960,23,8,9,40,8.320083903,119,37,2.680884834,10.01096425,8.834762225,7.821615923,467,15,4,6,25,493,8,4,3,15,492,508,27,10,88,31
29,1000,10,5.13,10.3,18,37,49,960,26,6,8,40,7.821634749,105,37,2.795849304,9.721493676,7.930945765,7.717447687,467,11,5,5,21,493,15,1,3,19,488,512,23,14,78,27
26,1000,10,5.13,10.3,18,37,58,951,36,8,5,49,8.270714668,107,31,2.816064152,9.816794403,8.150632983,8.393222246,483,18,4,0,22,468,18,4,5,27,505,495,17,14,73,34
32,1000,10,5.13,10.3,18,37,7,950,29,11,10,50,7.195992616,90,43,2.524574046,9.159117889,6.569494885,7.765101242,460,10,4,2,16,490,19,7,8,34,476,524,27,16,67,23
31,1000,10,5.13,10.3,18,37,45,962,21,7,10,38,7.664988298,105,34,2.812060496,9.719952503,7.709807335,7.626500574,445,8,3,6,17,517,13,4,4,21,462,538,23,11,73,32
27,1000,10,5.13,10.3,18,37,56,955,36,5,4,45,8.115897806,102,30,2.598693235,9.634928295,8.271323695,7.950857945,488,23,3,1,27,467,13,2,3,18,515,485,16,14,73,29
28,1000,10,5.13,10.3,18,37,55,959,32,5,4,41,7.928698454,102,32,2.624200383,9.187390532,8.291219302,7.543753637,493,17,2,3,22,466,15,3,1,19,515,485,19,13,76,26
30,1000,10,5.13,10.3,18,37,50,955,27,11,7,45,8.298882191,107,28,2.683645999,10.04506225,8.083693991,8.496723167,462,13,3,1,17,493,14,8,6,28,479,521,18,10,80,27
25,1000,10,5.13,10.3,18,37,60,959,24,8,9,41,8.349750567,113,24,2.67498367,10.0126151,8.88340434,7.832904787,466,16,4,6,26,493,8,4,3,15,492,508,15,9,88,25
29,1000,10,5.13,10.3,18,37,50,960,26,6,8,40,7.844936314,103,35,2.819111628,9.72402092,7.969947366,7.725785156,466,12,5,5,22,494,14,1,3,18,488,512,26,9,75,28
26,1000,10,5.13,10.3,18,37,59,951,36,8,5,49,8.30028578,106,42,2.832437213,9.829319347,8.170834483,8.432352254,483,18,4,0,22,468,18,4,5,27,505,495,27,15,79,27
28,1000,10,5.13,10.3,18,37,56,959,32,4,5,41,7.910524486,95,29,2.628079601,9.187920115,8.302240974,7.494578113,493,17,1,4,22,466,15,3,1,19,515,485,19,10,69,26
27,1000,10,5.13,10.3,18,37,57,955,36,5,4,45,8.131065986,124,35,2.61617535,9.639823576,8.309913445,7.941155797,488,23,3,1,27,467,13,2,3,18,515,485,26,9,90,34
31,1000,10,5.13,10.3,18,37,46,963,21,6,10,37,7.70107712,98,25,2.809607895,9.718188296,7.754597923,7.655116877,445,8,3,6,17,518,13,3,4,20,462,538,16,9,72,26
32,1000,10,5.13,10.3,18,37,8,950,29,11,10,50,7.242146434,85,30,2.547010982,9.17762598,6.64180968,7.787490509,460,10,4,2,16,490,19,7,8,34,476,524,19,11,56,29
30,1000,10,5.13,10.3,18,37,51,954,28,11,7,46,8.323181236,107,34,2.683513006,10.0568083,8.147877284,8.484353199,460,15,3,1,19,494,13,8,6,27,479,521,23,11,84,23
25,1000,10,5.13,10.3,18,37,61,959,24,9,8,41,8.399430786,105,39,2.68096336,10.01234203,8.960301323,7.856225462,466,16,4,6,26,493,8,5,2,15,492,508,26,13,76,29
29,1000,10,5.13,10.3,18,37,51,960,26,6,8,40,7.851029892,111,27,2.819037707,9.746907554,8.000257381,7.708797441,466,12,5,5,22,494,14,1,3,18,488,512,13,14,83,28
26,1000,10,5.13,10.3,18,37,60,951,36,8,5,49,8.326756286,97,41,2.83242688,9.850811877,8.206416648,8.449527028,483,18,4,0,22,468,18,4,5,27,505,495,29,12,69,28
28,1000,10,5.13,10.3,18,37,57,959,32,4,5,41,7.942069498,89,36,2.624376418,9.215688987,8.328182413,7.532073309,493,17,1,4,22,466,15,3,1,19,515,485,21,15,70,19
27,1000,10,5.13,10.3,18,37,58,954,37,5,4,46,8.156146486,111,33,2.629889075,9.678292546,8.384311968,7.913867676,487,24,3,1,28,467,13,2,3,18,515,485,19,14,80,31
31,1000,10,5.13,10.3,18,37,47,962,22,6,10,38,7.725266987,105,41,2.793909306,9.74483579,7.786800942,7.672425561,444,9,3,6,18,518,13,3,4,20,462,538,28,13,81,24
32,1000,10,5.13,10.3,18,37,9,951,28,11,10,49,7.293421294,102,37,2.53826751,9.182303889,6.712053308,7.821534197,460,10,4,2,16,491,18,7,8,33,476,524,21,16,72,30
30,1000,10,5.13,10.3,18,37,52,954,28,10,8,46,8.327617557,93,29,2.692996764,10.0629063,8.174920843,8.468004746,460,15,3,1,19,494,13,7,7,27,479,521,18,11,68,25
25,1000,10,5.13,10.3,18,37,62,958,25,8,9,42,8.436322499,115,43,2.672483832,10.02323031,9.013529895,7.877294863,465,17,4,6,27,493,8,4,3,15,492,508,24,19,83,32
29,1000,10,5.13,10.3,18,37,52,960,26,6,8,40,7.871934263,113,35,2.853154445,9.757504649,8.038870089,7.712823553,466,12,5,5,22,494,14,1,3,18,488,512,21,14,84,29
26,1000,10,5.13,10.3,18,37,61,950,37,8,5,50,8.368799157,98,26,2.837761762,9.853205196,8.273903802,8.46561159,483,18,4,0,22,467,19,4,5,28,505,495,18,8,70,28
28,1000,10,5.13,10.3,18,37,58,960,33,2,5,40,7.96608059,89,41,2.63923083,9.242446895,8.359288345,7.548550706,492,18,1,4,23,468,15,1,1,17,515,485,25,16,62,27
27,1000,10,5.13,10.3,18,37,59,954,37,5,4,46,8.147590607,108,35,2.635045862,9.691465038,8.385143181,7.895344059,487,24,3,1,28,467,13,2,3,18,515,485,26,9,72,36
31,1000,10,5.13,10.3,18,37,48,962,22,6,10,38,7.72754847,109,36,2.785670732,9.748362912,7.809262456,7.657377723,444,9,3,6,18,518,13,3,4,20,462,538,19,17,87,22
32,1000,10,5.13,10.3,18,37,10,950,29,12,9,50,7.28311782,108,31,2.527222505,9.200711005,6.746406073,7.770665131,460,10,4,2,16,490,19,8,7,34,476,524,21,10,74,34
30,1000,10,5.13,10.3,18,37,53,954,28,10,8,46,8.33492429,100,37,2.699103409,10.11101836,8.21492105,8.445253565,460,15,3,1,19,494,13,7,7,27,479,521,21,16,77,23
25,1000,10,5.13,10.3,18,37,63,958,25,8,9,42,8.446895362,115,30,2.661945242,10.03906887,9.041277343,7.871234074,465,17,4,6,27,493,8,4,3,15,492,508,17,13,83,32
29,1000,10,5.13,10.3,18,37,53,960,26,6,8,40,7.873411098,92,49,2.857418253,9.772441748,8.055750532,7.699618824,466,12,5,5,22,494,14,1,3,18,488,512,32,17,68,24
26,1000,10,5.13,10.3,18,37,62,949,39,8,4,51,8.409047241,109,39,2.852158445,9.879897635,8.342217169,8.477227415,483,18,4,0,22,466,21,4,4,29,505,495,25,14,85,24
28,1000,10,5.13,10.3,18,37,59,961,32,2,5,39,7.961908013,91,39,2.642799635,9.266000528,8.341418199,7.558922971,493,17,1,4,22,468,15,1,1,17,515,485,20,19,64,27
27,1000,10,5.13,10.3,18,37,60,954,37,5,4,46,8.157715114,106,32,2.617051943,9.690169507,8.394672508,7.906100562,487,24,3,1,28,467,13,2,3,18,515,485,19,13,68,38
31,1000,10,5.13,10.3,18,37,49,962,22,7,9,38,7.745459978,110,27,2.797506126,9.760359913,7.825088509,7.677080086,445,8,4,5,17,517,14,3,4,21,462,538,21,6,83,27
30,1000,10,5.13,10.3,18,37,54,953,29,10,8,47,8.356002763,97,23,2.700320066,10.15745096,8.262581499,8.441892946,460,15,3,1,19,493,14,7,7,28,479,521,14,9,74,23
32,1000,10,5.13,10.3,18,37,11,950,29,12,9,50,7.307818276,91,23,2.519079243,9.215444934,6.778928845,7.78825982,460,10,4,2,16,490,19,8,7,34,476,524,15,8,66,25
25,1000,10,5.13,10.3,18,37,64,959,25,7,9,41,8.446455264,120,34,2.677715872,10.08119468,9.135921191,7.778704799,464,18,4,6,28,495,7,3,3,13,492,508,18,16,90,30
26,1000,10,5.13,10.3,18,37,63,949,39,8,4,51,8.384557707,109,21,2.856476833,9.907076985,8.336740681,8.433340734,484,17,4,0,21,465,22,4,4,30,505,495,11,10,86,23
28,1000,10,5.13,10.3,18,37,60,961,32,2,5,39,7.978568432,100,41,2.666480167,9.31549862,8.372035145,7.560763572,493,17,1,4,22,468,15,1,1,17,515,485,29,12,77,23
29,1000,10,5.13,10.3,18,37,54,958,26,7,9,42,7.950220668,92,41,2.86737737,9.803314806,8.128848954,7.779965583,465,11,6,6,23,493,15,1,3,19,488,512,27,14,68,24
27,1000,10,5.13,10.3,18,37,61,954,36,6,4,46,8.197668555,107,36,2.615510267,9.71368901,8.472698331,7.905626629,487,23,4,1,28,467,13,2,3,18,515,485,17,19,74,33
31,1000,10,5.13,10.3,18,37,50,962,23,6,9,38,7.755829352,109,43,2.794082188,9.76668466,7.819319756,7.701307852,445,8,4,5,17,517,15,2,4,21,462,538,30,13,76,33
30,1000,10,5.13,10.3,18,37,55,953,29,11,7,47,8.398696426,116,34,2.702860375,10.16459966,8.30736062,8.48266927,460,15,3,1,19,493,14,8,6,28,479,521,22,12,90,26
25,1000,10,5.13,10.3,18,37,65,959,25,7,9,41,8.475864653,112,34,2.6800053,10.07798927,9.167215271,7.806288858,464,18,4,6,28,495,7,3,3,13,492,508,18,16,92,20
26,1000,10,5.13,10.3,18,37,64,949,39,8,4,51,8.403125945,104,38,2.856312041,9.925383561,8.358958705,8.448185451,483,18,4,0,22,466,21,4,4,29,505,495,21,17,75,29
32,1000,10,5.13,10.3,18,37,12,951,29,11,9,49,7.309771232,100,35,2.534484638,9.225275891,6.82058341,7.754147956,460,10,4,2,16,491,19,7,7,33,476,524,18,17,75,25
28,1000,10,5.13,10.3,18,37,61,959,34,2,5,41,8.018509554,107,38,2.664938509,9.334266025,8.426558453,7.585220518,493,17,1,4,22,466,17,1,1,19,515,485,22,16,77,30
29,1000,10,5.13,10.3,18,37,55,958,26,7,9,42,7.964038162,95,44,2.868722293,9.810881635,8.131695625,7.804239642,465,11,6,6,23,493,15,1,3,19,488,512,28,16,69,26
27,1000,10,5.13,10.3,18,37,62,954,36,6,4,46,8.184506905,111,28,2.629440762,9.721514052,8.487799711,7.862453718,487,23,4,1,28,467,13,2,3,18,515,485,10,18,83,28
31,1000,10,5.13,10.3,18,37,51,962,23,6,9,38,7.765705693,104,39,2.7876784,9.801010301,7.835448709,7.70581485,444,9,4,5,18,518,14,2,4,20,462,538,25,14,77,27
30,1000,10,5.13,10.3,18,37,56,954,29,10,7,46,8.415928537,110,28,2.704264336,10.186447,8.354278795,8.472608434,460,15,3,1,19,494,14,7,6,27,479,521,20,8,88,22
25,1000,10,5.13,10.3,18,37,66,959,25,7,9,41,8.484976047,100,33,2.692920528,10.0916159,9.201368587,7.791147051,464,18,4,6,28,495,7,3,3,13,492,508,17,16,72,28
26,1000,10,5.13,10.3,18,37,65,949,39,8,4,51,8.407575198,104,45,2.881340198,9.947074894,8.378587213,8.437148799,483,18,4,0,22,466,21,4,4,29,505,495,28,17,80,24
28,1000,10,5.13,10.3,18,37,62,959,34,2,5,41,8.04012894,89,33,2.656771215,9.32784362,8.419419531,7.637377074,493,17,1,4,22,466,17,1,1,19,515,485,18,15,71,18
27,1000,10,5.13,10.3,18,37,63,952,38,6,4,48,8.199392893,105,33,2.648225601,9.734390745,8.510457657,7.86908701,486,24,4,1,29,466,14,2,3,19,515,485,24,9,84,21
29,1000,10,5.13,10.3,18,37,56,957,27,7,9,43,7.979948324,103,34,2.898483385,9.82871916,8.19038277,7.779377993,464,12,6,6,24,493,15,1,3,19,488,512,23,11,77,26
32,1000,10,5.13,10.3,18,37,13,951,28,13,8,49,7.33600603,84,30,2.536316837,9.227201063,6.84816628,7.779158169,460,10,4,2,16,491,18,9,6,33,476,524,16,14,63,21
31,1000,10,5.13,10.3,18,37,52,963,23,5,9,37,7.767817442,101,38,2.795594558,9.803942301,7.848919379,7.698172285,444,10,3,5,18,519,13,2,4,19,462,538,26,12,75,26
30,1000,10,5.13,10.3,18,37,57,954,30,9,7,46,8.440555647,114,46,2.728964107,10.19244902,8.396737604,8.480841334,459,16,3,1,20,495,14,6,6,26,479,521,27,19,91,23
26,1000,10,5.13,10.3,18,37,66,949,39,8,4,51,8.425728255,97,37,2.879687472,9.978706964,8.396453713,8.455594202,483,18,4,0,22,466,21,4,4,29,505,495,24,13,69,28
25,1000,10,5.13,10.3,18,37,67,960,25,6,9,40,8.474432843,97,35,2.703737962,10.09126374,9.234588194,7.738219393,464,18,4,6,28,496,7,2,3,12,492,508,18,17,82,15
28,1000,10,5.13,10.3,18,37,63,960,33,2,5,40,8.023053277,113,38,2.654000938,9.344769954,8.435557529,7.585033297,493,17,1,4,22,467,16,1,1,18,515,485,28,10,76,37
27,1000,10,5.13,10.3,18,37,64,952,37,7,4,48,8.233696933,100,36,2.634137256,9.750591865,8.548940938,7.898953299,486,23,5,1,29,466,14,2,3,19,515,485,18,18,70,30
29,1000,10,5.13,10.3,18,37,57,957,26,8,9,43,7.966219887,100,33,2.88633729,9.839389196,8.180361775,7.7621159,464,11,7,6,24,493,15,1,3,19,488,512,18,15,74,26
32,1000,10,5.13,10.3,18,37,14,950,29,12,9,50,7.377311978,80,29,2.533551473,9.229123501,6.892530854,7.817685671,459,11,4,2,17,491,18,8,7,33,476,524,19,10,59,21
31,1000,10,5.13,10.3,18,37,53,963,22,6,9,37,7.798731172,102,46,2.797533253,9.833222257,7.845487927,7.758579461,444,10,3,5,18,519,12,3,4,19,462,538,35,11,80,22
30,1000,10,5.13,10.3,18,37,58,953,30,10,7,47,8.449673297,103,39,2.734668159,10.21668153,8.424979708,8.472376232,458,16,4,1,21,495,14,6,6,26,479,521,29,10,79,24
26,1000,10,5.13,10.3,18,37,67,950,38,8,4,50,8.414124501,107,28,2.882533801,9.999850719,8.419534588,8.40860512,483,18,4,0,22,467,20,4,4,28,505,495,12,16,77,30
25,1000,10,5.13,10.3,18,37,68,960,25,6,9,40,8.523497055,97,29,2.715673707,10.10413224,9.317695034,7.754313185,464,18,4,6,28,496,7,2,3,12,492,508,16,13,72,25
28,1000,10,5.13,10.3,18,37,64,960,32,3,5,40,8.028976003,103,34,2.651097109,9.354699334,8.455719035,7.575836496,493,17,1,4,22,467,15,2,1,18,515,485,21,13,80,23
27,1000,10,5.13,10.3,18,37,65,952,37,7,4,48,8.234826512,107,26,2.647596738,9.765610791,8.548940938,7.901282329,486,23,5,1,29,466,14,2,3,19,515,485,13,13,83,24
29,1000,10,5.13,10.3,18,37,58,956,26,9,9,44,7.990635639,109,36,2.907093896,9.847252603,8.244545716,7.748627597,463,11,8,6,25,493,15,1,3,19,488,512,23,13,74,35
31,1000,10,5.13,10.3,18,37,54,961,24,6,9,39,7.847186401,108,41,2.809970749,9.888012648,7.914234138,7.789610091,442,12,3,5,20,519,12,3,4,19,462,538,28,13,81,27
32,1000,10,5.13,10.3,18,37,15,950,29,12,9,50,7.414863225,90,23,2.544125675,9.259308844,6.966502716,7.822152543,458,12,4,2,18,492,17,8,7,32,476,524,12,11,70,20
30,1000,10,5.13,10.3,18,37,59,953,30,10,7,47,8.477901729,106,37,2.746881456,10.23592355,8.432328333,8.519801261,458,16,4,1,21,495,14,6,6,26,479,521,23,14,77,29
26,1000,10,5.13,10.3,18,37,68,948,40,8,4,52,8.483997781,120,31,2.881028587,10.01308802,8.475985853,8.492171567,482,19,4,0,23,466,21,4,4,29,505,495,26,5,91,29
25,1000,10,5.13,10.3,18,37,69,958,27,6,9,42,8.553572834,113,39,2.728488596,10.0969679,9.367706365,7.765081304,463,19,4,6,29,495,8,2,3,13,492,508,27,12,91,22
28,1000,10,5.13,10.3,18,37,65,961,31,3,5,39,8.021271272,102,28,2.649456598,9.374233605,8.475550756,7.538892025,493,17,1,4,22,468,14,2,1,17,515,485,20,8,74,28
27,1000,10,5.13,10.3,18,37,66,952,38,6,4,48,8.246915508,101,34,2.651471543,9.774704275,8.527547924,7.948924385,487,23,4,1,28,465,15,2,3,20,515,485,25,9,67,34
29,1000,10,5.13,10.3,18,37,59,957,25,9,9,43,8.003402038,97,37,2.897766698,9.857192249,8.317192463,7.704320538,463,10,9,6,25,494,15,0,3,18,488,512,22,15,69,28
31,1000,10,5.13,10.3,18,37,55,961,24,6,9,39,7.893559663,87,35,2.816538063,9.888808836,7.990586999,7.81023879,442,12,3,5,20,519,12,3,4,19,462,538,22,13,68,19
32,1000,10,5.13,10.3,18,37,16,951,28,12,9,49,7.417361076,94,21,2.540039018,9.287904536,6.97143707,7.822437082,458,12,4,2,18,493,16,8,7,31,476,524,9,12,68,26
30,1000,10,5.13,10.3,18,37,60,953,31,10,6,47,8.516928453,111,45,2.756352123,10.23812307,8.491990014,8.539856501,458,16,4,1,21,495,15,6,5,26,479,521,29,16,88,23
26,1000,10,5.13,10.3,18,37,69,947,40,9,4,53,8.542003116,103,31,2.891978841,10.05768398,8.552403478,8.531392645,482,18,5,0,23,465,22,4,4,30,505,495,20,11,76,27
25,1000,10,5.13,10.3,18,37,70,957,28,6,9,43,8.567915302,108,35,2.737614193,10.10981695,9.354299535,7.806299076,463,19,4,6,29,494,9,2,3,14,492,508,24,11,78,30
28,1000,10,5.13,10.3,18,37,66,960,32,3,5,40,8.041976878,93,46,2.664957155,9.390705371,8.490498873,7.565711255,493,17,1,4,22,467,15,2,1,18,515,485,32,14,71,22
27,1000,10,5.13,10.3,18,37,67,952,38,6,4,48,8.262750531,85,40,2.639688387,9.781924404,8.561347286,7.945683873,487,23,4,1,28,465,15,2,3,20,515,485,19,21,59,26
29,1000,10,5.13,10.3,18,37,60,957,24,10,9,43,8.021477818,112,36,2.903464986,9.87704983,8.321751489,7.735279475,463,10,9,6,25,494,14,1,3,18,488,512,18,18,89,23
31,1000,10,5.13,10.3,18,37,56,961,24,6,9,39,7.933801934,113,29,2.831709177,9.921371318,8.05244671,7.831917386,442,11,3,6,20,519,13,3,3,19,462,538,17,12,86,27
30,1000,10,5.13,10.3,18,37,61,953,31,10,6,47,8.527407007,106,44,2.76558899,10.26248521,8.545168613,8.511077239,457,17,4,1,22,496,14,6,5,25,479,521,31,13,79,27
32,1000,10,5.13,10.3,18,37,17,951,27,13,9,49,7.454018871,92,35,2.540809052,9.303258999,6.939597965,7.92131725,458,12,4,2,18,493,15,9,7,31,476,524,23,12,65,27
26,1000,10,5.13,10.3,18,37,70,946,39,11,4,54,8.590000227,97,33,2.886309615,10.07285313,8.609775441,8.569825512,482,18,5,0,23,464,21,6,4,31,505,495,20,13,75,22
25,1000,10,5.13,10.3,18,37,71,958,27,6,9,42,8.556604807,114,36,2.762487069,10.14590032,9.340787272,7.797121002,464,18,4,6,28,494,9,2,3,14,492,508,28,8,87,27
27,1000,10,5.13,10.3,18,37,68,951,39,6,4,49,8.293334986,92,37,2.647900062,9.790226716,8.616468276,7.95021407,485,25,4,1,30,466,14,2,3,19,515,485,20,17,69,23
28,1000,10,5.13,10.3,18,37,67,959,33,3,5,41,8.056780484,98,43,2.66573677,9.430846035,8.503474133,7.582456299,492,18,1,4,23,467,15,2,1,18,515,485,26,17,68,30
29,1000,10,5.13,10.3,18,37,61,957,24,10,9,43,8.019356937,107,33,2.896659708,9.903412076,8.356393087,7.698119356,463,10,9,6,25,494,14,1,3,18,488,512,23,10,78,29
31,1000,10,5.13,10.3,18,37,57,962,23,6,9,38,7.946641634,114,32,2.831414736,9.972766856,8.080554438,7.831645881,442,11,3,6,20,520,12,3,3,18,462,538,22,10,90,24
30,1000,10,5.13,10.3,18,37,62,955,30,9,6,45,8.506652449,117,33,2.758594883,10.27939569,8.562809408,8.455022538,457,17,4,1,22,498,13,5,5,23,479,521,18,15,81,36
25,1000,10,5.13,10.3,18,37,72,959,27,5,9,41,8.584201476,109,29,2.777638416,10.15682322,9.367690871,7.825388913,465,18,3,6,27,494,9,2,3,14,492,508,21,8,81,28
26,1000,10,5.13,10.3,18,37,71,945,38,13,4,55,8.626948364,91,30,2.891131873,10.09792635,8.651465268,8.601936168,482,18,5,0,23,463,20,8,4,32,505,495,20,10,74,17
32,1000,10,5.13,10.3,18,37,18,952,26,13,9,48,7.500183506,115,28,2.545360092,9.310718973,7.045929583,7.912826382,458,12,4,2,18,494,14,9,7,30,476,524,17,11,82,33
28,1000,10,5.13,10.3,18,37,68,959,33,3,5,41,8.039003009,101,45,2.66338272,9.444084541,8.512671694,7.536035231,492,18,1,4,23,467,15,2,1,18,515,485,28,17,69,32
29,1000,10,5.13,10.3,18,37,62,957,24,11,8,43,8.026966977,126,24,2.921833477,9.924881596,8.379388228,7.691065472,463,10,9,6,25,494,14,2,2,18,488,512,12,12,98,28
27,1000,10,5.13,10.3,18,37,69,951,38,7,4,49,8.303195875,109,26,2.634089709,9.816481723,8.669355206,7.914387513,485,24,5,1,30,466,14,2,3,19,515,485,13,13,81,28
31,1000,10,5.13,10.3,18,37,58,963,22,6,9,37,7.958069978,116,33,2.838591149,10.00348536,8.115373119,7.822988099,442,10,4,6,20,521,12,2,3,17,462,538,18,15,83,33
30,1000,10,5.13,10.3,18,37,63,955,29,10,6,45,8.517786494,102,32,2.762609628,10.29111614,8.557071196,8.481668698,457,17,4,1,22,498,12,6,5,23,479,521,20,12,88,14
26,1000,10,5.13,10.3,18,37,72,948,36,13,3,52,8.616461256,124,32,2.888282054,10.1396253,8.66815428,8.563723929,483,17,5,0,22,465,19,8,3,30,505,495,17,15,94,30
25,1000,10,5.13,10.3,18,37,73,958,29,5,8,42,8.611826392,100,32,2.791265918,10.18230793,9.423162808,7.826043879,465,18,3,6,27,493,11,2,2,15,492,508,20,12,77,23
32,1000,10,5.13,10.3,18,37,19,954,23,14,9,46,7.520150399,103,32,2.5432788,9.307865667,7.094542639,7.906771188,458,12,4,2,18,496,11,10,7,28,476,524,19,13,84,19
28,1000,10,5.13,10.3,18,37,69,959,33,3,5,41,8.048996715,98,37,2.663444545,9.478821326,8.560944062,7.505382522,492,18,1,4,23,467,15,2,1,18,515,485,20,17,70,28
29,1000,10,5.13,10.3,18,37,63,957,24,11,8,43,8.037949846,114,45,2.928999289,9.953226934,8.382052898,7.709976624,463,10,9,6,25,494,14,2,2,18,488,512,27,18,77,37
27,1000,10,5.13,10.3,18,37,70,950,39,7,4,50,8.31843391,105,38,2.644410859,9.830373676,8.693170588,7.920517643,484,25,5,1,31,466,14,2,3,19,515,485,24,14,77,28
31,1000,10,5.13,10.3,18,37,59,963,21,7,9,37,7.964914937,117,42,2.843045188,10.03573825,8.132474252,7.82102571,442,10,4,6,20,521,11,3,3,17,462,538,30,12,96,21
30,1000,10,5.13,10.3,18,37,64,957,28,9,6,43,8.503570746,97,27,2.773142716,10.30494823,8.553186639,8.457954599,457,17,4,1,22,500,11,5,5,21,479,521,21,6,76,21
26,1000,10,5.13,10.3,18,37,73,948,35,14,3,52,8.615649126,106,34,2.918479546,10.18059157,8.681259096,8.548713703,483,17,5,0,22,465,18,9,3,30,505,495,22,12,79,27
25,1000,10,5.13,10.3,18,37,74,958,29,5,8,42,8.603959538,117,35,2.80972737,10.2048478,9.397550941,7.835363139,465,18,3,6,27,493,11,2,2,15,492,508,26,9,86,31
28,1000,10,5.13,10.3,18,37,70,959,32,4,5,41,8.067860467,94,31,2.662795375,9.508357613,8.602031397,7.500648037,492,18,1,4,23,467,14,3,1,18,515,485,18,13,71,23
27,1000,10,5.13,10.3,18,37,71,949,41,7,3,51,8.321203429,101,40,2.636289531,9.863304144,8.683419166,7.936582594,485,24,5,1,30,464,17,2,2,21,515,485,18,22,75,26
29,1000,10,5.13,10.3,18,37,64,959,23,11,7,41,8.042865204,120,38,2.943141776,9.987164579,8.416434311,7.68680715,463,10,9,6,25,496,13,2,1,16,488,512,25,13,87,33
32,1000,10,5.13,10.3,18,37,20,956,23,13,8,44,7.517648291,92,21,2.541781623,9.285532692,7.152142421,7.849672707,458,12,4,2,18,498,11,9,6,26,476,524,14,7,70,22
31,1000,10,5.13,10.3,18,37,60,963,21,7,9,37,7.975837676,103,41,2.844651576,10.04599648,8.124613816,7.84807824,442,10,4,6,20,521,11,3,3,17,462,538,33,8,86,17
30,1000,10,5.13,10.3,18,37,65,957,28,10,5,43,8.498254034,116,37,2.793825623,10.31987776,8.588817664,8.414991119,456,18,4,1,23,501,10,6,4,20,479,521,26,11,87,29
26,1000,10,5.13,10.3,18,37,74,949,33,15,3,51,8.647585309,109,37,2.934476021,10.20743185,8.77854247,8.513982549,482,16,7,0,23,467,17,8,3,28,505,495,24,13,79,30
25,1000,10,5.13,10.3,18,37,75,958,29,5,8,42,8.631242316,97,35,2.809199781,10.23476168,9.420979208,7.866379026,465,18,3,6,27,493,11,2,2,15,492,508,24,11,67,30
27,1000,10,5.13,10.3,18,37,72,950,40,7,3,50,8.290169553,110,28,2.638077712,9.8492664,8.711146715,7.843152567,485,24,5,1,30,465,16,2,2,20,515,485,20,8,82,28
28,1000,10,5.13,10.3,18,37,71,958,33,4,5,42,8.099276365,86,30,2.665795428,9.532419546,8.651757064,7.512621601,491,19,1,4,24,467,14,3,1,18,515,485,21,9,62,24
29,1000,10,5.13,10.3,18,37,65,957,24,12,7,43,8.056910567,114,36,2.956825267,10.00747368,8.463712613,7.669177367,460,12,10,6,28,497,12,2,1,15,488,512,20,16,88,26
32,1000,10,5.13,10.3,18,37,21,957,22,13,8,43,7.542015962,106,34,2.544334206,9.29282934,7.224171889,7.830744546,457,12,5,2,19,500,10,8,6,24,476,524,24,10,75,31
31,1000,10,5.13,10.3,18,37,61,963,21,7,9,37,7.983922124,106,30,2.85877892,10.06372894,8.141548206,7.848562924,442,10,4,6,20,521,11,3,3,17,462,538,19,11,81,25
30,1000,10,5.13,10.3,18,37,66,956,29,10,5,44,8.509782326,128,29,2.802811844,10.34962348,8.61589966,8.412219556,456,18,4,1,23,500,11,6,4,21,479,521,19,10,100,28
26,1000,10,5.13,10.3,18,37,75,952,32,14,2,48,8.639745257,98,25,2.940700342,10.21104884,8.804901564,8.471252458,482,16,7,0,23,470,16,7,2,25,505,495,16,9,78,20
25,1000,10,5.13,10.3,18,37,76,958,29,5,8,42,8.648949365,112,34,2.809881229,10.28300578,9.468243076,7.85546018,465,18,3,6,27,493,11,2,2,15,492,508,27,7,87,25
27,1000,10,5.13,10.3,18,37,73,948,42,7,3,52,8.319900312,99,37,2.653054693,9.863089396,8.776528371,7.835027218,483,26,5,1,32,465,16,2,2,20,515,485,21,16,73,26
28,1000,10,5.13,10.3,18,37,72,957,34,4,5,43,8.11566834,96,29,2.66365069,9.559362242,8.668546982,7.528591018,491,19,1,4,24,466,15,3,1,19,515,485,14,15,67,29
29,1000,10,5.13,10.3,18,37,66,957,24,12,7,43,8.048156362,108,43,2.944766536,10.03259295,8.478745903,7.637750707,460,12,10,6,28,497,12,2,1,15,488,512,26,17,81,27
31,1000,10,5.13,10.3,18,37,62,962,22,7,9,38,7.98563695,115,31,2.863429546,10.0709131,8.148150364,7.846080822,441,11,4,6,21,521,11,3,3,17,462,538,14,17,91,24
32,1000,10,5.13,10.3,18,37,22,956,25,13,6,44,7.532373922,96,44,2.542599782,9.307327059,7.245078549,7.793352161,457,12,5,2,19,499,13,8,4,25,476,524,26,18,74,22
30,1000,10,5.13,10.3,18,37,67,957,28,10,5,43,8.51796174,109,30,2.830496076,10.3686265,8.63455973,8.410763204,456,18,4,1,23,501,10,6,4,20,479,521,23,7,82,27
26,1000,10,5.13,10.3,18,37,76,951,34,12,3,49,8.654249673,123,40,2.929958178,10.22212404,8.854031216,8.450432139,481,18,5,1,24,470,16,7,2,25,505,495,23,17,94,29
25,1000,10,5.13,10.3,18,37,77,957,30,5,8,43,8.678569179,115,35,2.814665494,10.30866861,9.511508865,7.871863814,464,19,3,6,28,493,11,2,2,15,492,508,24,11,91,24
27,1000,10,5.13,10.3,18,37,74,948,42,7,3,52,8.346548144,98,37,2.652943305,9.887012936,8.816452537,7.847577501,482,27,5,1,33,466,15,2,2,19,515,485,20,17,69,29
28,1000,10,5.13,10.3,18,37,73,957,32,5,6,43,8.163381671,99,46,2.662420388,9.559636849,8.709806772,7.583157079,491,18,1,5,24,466,14,4,1,19,515,485,28,18,73,26
29,1000,10,5.13,10.3,18,37,67,957,24,12,7,43,8.034803987,118,38,2.939815327,10.03805512,8.48703668,7.603769703,460,12,10,6,28,497,12,2,1,15,488,512,20,18,93,25
30,1000,10,5.13,10.3,18,37,68,957,28,9,6,43,8.554819551,113,27,2.827495209,10.39831698,8.693152004,8.427638658,456,18,4,1,23,501,10,5,5,20,479,521,14,13,88,25
31,1000,10,5.13,10.3,18,37,63,962,22,7,9,38,8.023650168,103,47,2.85679977,10.09135585,8.192548206,7.878611333,441,11,4,6,21,521,11,3,3,17,462,538,32,15,79,24
32,1000,10,5.13,10.3,18,37,23,955,26,13,6,45,7.547831873,89,32,2.544284695,9.356453191,7.270226611,7.800007644,456,13,5,2,20,499,13,8,4,25,476,524,19,13,70,19
26,1000,10,5.13,10.3,18,37,77,950,34,13,3,50,8.677750547,124,50,2.943159991,10.23909224,8.898304584,8.452740873,480,18,6,1,25,470,16,7,2,25,505,495,29,21,93,31
25,1000,10,5.13,10.3,18,37,78,957,30,5,8,43,8.681254429,113,30,2.814990742,10.31615605,9.546429104,7.84332935,464,19,3,6,28,493,11,2,2,15,492,508,16,14,84,29
28,1000,10,5.13,10.3,18,37,74,957,32,5,6,43,8.182732119,104,37,2.650244389,9.575911,8.698061748,7.63552643,491,18,1,5,24,466,14,4,1,19,515,485,27,10,80,24
27,1000,10,5.13,10.3,18,37,75,944,45,8,3,56,8.393393694,103,35,2.661984271,9.889768123,8.882472433,7.874062662,478,30,6,1,37,466,15,2,2,19,515,485,21,14,75,28
29,1000,10,5.13,10.3,18,37,68,956,25,12,7,44,8.046052918,97,54,2.935766826,10.05098631,8.520268885,7.594065823,460,12,10,6,28,496,13,2,1,16,488,512,26,28,65,32
31,1000,10,5.13,10.3,18,37,64,962,22,7,9,38,8.060745704,111,31,2.857418514,10.13766857,8.236235128,7.910046606,441,11,4,6,21,521,11,3,3,17,462,538,26,5,84,27
30,1000,10,5.13,10.3,18,37,69,957,28,9,6,43,8.575670522,106,40,2.835238222,10.39374362,8.760756353,8.405505239,456,18,4,1,23,501,10,5,5,20,479,521,24,16,84,22
32,1000,10,5.13,10.3,18,37,24,957,26,11,6,43,7.564585929,86,33,2.539235378,9.35978372,7.298983434,7.805858426,456,13,5,2,20,501,13,6,4,23,476,524,19,14,66,20
26,1000,10,5.13,10.3,18,37,78,948,36,13,3,52,8.680726139,128,30,2.941687098,10.26438953,8.917278655,8.439394784,478,20,6,1,27,470,16,7,2,25,505,495,20,10,94,34
27,1000,10,5.13,10.3,18,37,76,946,44,8,2,54,8.38824339,101,32,2.671098761,9.901537594,8.859944262,7.887365145,479,29,6,1,36,467,15,2,1,18,515,485,18,14,78,23
28,1000,10,5.13,10.3,18,37,75,955,35,5,5,45,8.208490729,113,35,2.677654288,9.569996499,8.759376818,7.623529211,489,21,1,4,26,466,14,4,1,19,515,485,16,19,83,30
25,1000,10,5.13,10.3,18,37,79,956,31,5,8,44,8.68148195,105,23,2.839330498,10.32772862,9.581061351,7.810235759,463,20,3,6,29,493,11,2,2,15,492,508,15,8,80,25
29,1000,10,5.13,10.3,18,37,69,955,26,12,7,45,8.068410216,127,39,2.92696848,10.07212808,8.567673505,7.592549894,459,13,10,6,29,496,13,2,1,16,488,512,24,15,101,26
31,1000,10,5.13,10.3,18,37,65,961,24,7,8,39,8.117206382,121,37,2.864865993,10.17500945,8.281098119,7.976466638,441,11,4,6,21,520,13,3,2,18,462,538,26,11,93,28
30,1000,10,5.13,10.3,18,37,70,957,27,10,6,43,8.590734824,104,31,2.831638847,10.41656122,8.763744669,8.431672029,456,18,4,1,23,501,9,6,5,20,479,521,19,12,86,18
26,1000,10,5.13,10.3,18,37,79,949,35,13,3,51,8.697748067,99,30,2.956089041,10.28525847,8.928980709,8.461844059,478,20,6,1,27,471,15,7,2,24,505,495,22,8,77,22
32,1000,10,5.13,10.3,18,37,25,955,28,11,6,45,7.611308455,95,32,2.546358777,9.370834878,7.349665301,7.848984297,454,15,5,2,22,501,13,6,4,23,476,524,22,10,65,30
27,1000,10,5.13,10.3,18,37,77,946,43,9,2,54,8.419452122,112,35,2.676018961,9.908020833,8.880033107,7.930381591,479,29,6,1,36,467,14,3,1,18,515,485,27,8,79,33
28,1000,10,5.13,10.3,18,37,76,956,35,4,5,44,8.20968447,94,27,2.678905319,9.589986944,8.785261284,7.598504966,489,21,1,4,26,467,14,3,1,18,515,485,20,7,65,29
25,1000,10,5.13,10.3,18,37,80,956,30,6,8,44,8.724635745,99,42,2.842527224,10.35548595,9.611654261,7.865554821,463,19,4,6,29,493,11,2,2,15,492,508,32,10,76,23
29,1000,10,5.13,10.3,18,37,70,954,27,12,7,46,8.076757313,119,38,2.948503363,10.08299751,8.565976054,7.6104707,459,13,10,6,29,495,14,2,1,17,488,512,26,12,88,31
31,1000,10,5.13,10.3,18,37,66,961,24,7,8,39,8.147427379,104,27,2.867704397,10.17918865,8.301867232,8.014804308,441,11,4,6,21,520,13,3,2,18,462,538,17,10,83,21
30,1000,10,5.13,10.3,18,37,71,958,28,8,6,42,8.596427189,116,34,2.8073671,10.42739034,8.785725796,8.422388739,455,19,4,1,24,503,9,4,5,18,479,521,28,6,83,33
26,1000,10,5.13,10.3,18,37,80,948,36,13,3,52,8.718937213,101,35,2.940078252,10.29753273,8.969578556,8.463232409,477,21,6,1,28,471,15,7,2,24,505,495,19,16,81,20
28,1000,10,5.13,10.3,18,37,77,957,34,4,5,43,8.221563976,87,38,2.694929475,9.6250062,8.78493989,7.623340068,490,20,1,4,25,467,14,3,1,18,515,485,21,17,58,29
32,1000,10,5.13,10.3,18,37,26,955,28,11,6,45,7.613305126,92,31,2.537683366,9.372388369,7.377701884,7.827326392,454,15,5,2,22,501,13,6,4,23,476,524,22,9,58,34
27,1000,10,5.13,10.3,18,37,78,948,41,9,2,52,8.450388583,92,33,2.66458754,9.919774797,8.920471817,7.951228036,480,28,6,1,35,468,13,3,1,17,515,485,23,10,71,21
25,1000,10,5.13,10.3,18,37,81,956,30,6,8,44,8.75742578,102,27,2.846074639,10.36204959,9.674619866,7.869119697,463,19,4,6,29,493,11,2,2,15,492,508,14,13,83,19
29,1000,10,5.13,10.3,18,37,71,954,27,12,7,46,8.088435703,100,33,2.95727122,10.11261439,8.584861217,7.615280135,459,13,10,6,29,495,14,2,1,17,488,512,21,12,76,24
31,1000,10,5.13,10.3,18,37,67,961,24,7,8,39,8.15761812,101,37,2.894458433,10.21174444,8.300630494,8.034808238,441,11,4,6,21,520,13,3,2,18,462,538,24,13,72,29
30,1000,10,5.13,10.3,18,37,72,957,29,8,6,43,8.624054542,112,27,2.82127426,10.45043886,8.853776847,8.412851118,455,19,4,1,24,502,10,4,5,19,479,521,20,7,86,26
26,1000,10,5.13,10.3,18,37,81,947,38,12,3,53,8.758869823,122,34,2.939427784,10.31594906,8.999441489,8.513438123,475,23,6,1,30,472,15,6,2,23,505,495,21,13,91,31
28,1000,10,5.13,10.3,18,37,78,957,34,4,5,43,8.226258608,98,45,2.67985114,9.630971245,8.784288807,7.633711078,490,20,1,4,25,467,14,3,1,18,515,485,26,19,73,25
25,1000,10,5.13,10.3,18,37,82,956,30,6,8,44,8.771142783,106,40,2.849617371,10.38343522,9.718007593,7.854100488,463,19,4,6,29,493,11,2,2,15,492,508,26,14,87,19
32,1000,10,5.13,10.3,18,37,27,955,27,12,6,45,7.618077128,92,30,2.551027268,9.383171424,7.439897955,7.779934544,454,14,6,2,22,501,13,6,4,23,476,524,25,5,74,18
27,1000,10,5.13,10.3,18,37,79,947,42,9,2,53,8.454484641,93,31,2.663661333,9.942846727,8.954981622,7.923029084,479,29,6,1,36,468,13,3,1,17,515,485,20,11,67,26
29,1000,10,5.13,10.3,18,37,72,954,27,12,7,46,8.113292022,101,42,2.961714084,10.1552434,8.637855616,7.613317347,459,13,10,6,29,495,14,2,1,17,488,512,33,9,80,21
31,1000,10,5.13,10.3,18,37,68,960,25,7,8,40,8.201331499,124,41,2.887922142,10.24257154,8.367039509,8.059032056,440,12,4,6,22,520,13,3,2,18,462,538,28,13,96,28
30,1000,10,5.13,10.3,18,37,73,958,28,9,5,42,8.619616927,105,30,2.839707828,10.45761517,8.910398956,8.352276061,456,17,5,1,23,502,11,4,4,19,479,521,17,13,78,27
26,1000,10,5.13,10.3,18,37,82,945,39,13,3,55,8.799093783,102,42,2.939888827,10.31848439,9.020043476,8.57368046,475,22,7,1,30,470,17,6,2,25,505,495,29,13,80,22
28,1000,10,5.13,10.3,18,37,79,957,34,4,5,43,8.252096111,124,31,2.689749828,9.65872974,8.818445075,7.650715253,490,20,1,4,25,467,14,3,1,18,515,485,20,11,93,31
25,1000,10,5.13,10.3,18,37,83,956,30,6,8,44,8.778620119,123,39,2.865494667,10.42004919,9.735646514,7.851736288,463,19,4,6,29,493,11,2,2,15,492,508,23,16,98,25
27,1000,10,5.13,10.3,18,37,80,946,43,9,2,54,8.496867186,107,37,2.680381047,9.959739348,9.020649268,7.940686211,478,30,6,1,37,468,13,3,1,17,515,485,17,20,80,27
32,1000,10,5.13,10.3,18,37,28,955,26,13,6,45,7.644364657,82,33,2.552633281,9.379896845,7.499993568,7.775510914,454,14,6,2,22,501,12,7,4,23,476,524,23,10,66,16
29,1000,10,5.13,10.3,18,37,73,954,27,12,7,46,8.153284253,105,42,2.958494502,10.18771405,8.687725909,7.643894548,459,13,10,6,29,495,14,2,1,17,488,512,28,14,79,26
31,1000,10,5.13,10.3,18,37,69,957,27,8,8,43,8.230680648,95,50,2.904032918,10.26973271,8.396937674,8.087909744,439,13,4,6,23,518,14,4,2,20,462,538,35,15,71,24
30,1000,10,5.13,10.3,18,37,74,957,29,9,5,43,8.606282698,103,39,2.850937972,10.46700062,8.939511999,8.299916412,455,18,5,1,24,502,11,4,4,19,479,521,21,18,77,26
26,1000,10,5.13,10.3,18,37,83,943,41,13,3,57,8.797105892,121,36,2.943227816,10.33779938,9.028882794,8.560646628,474,23,7,1,31,469,18,6,2,26,505,495,24,12,99,22
28,1000,10,5.13,10.3,18,37,80,958,33,4,5,42,8.284084131,99,26,2.705042493,9.665856206,8.855706485,7.677103693,491,19,1,4,24,467,14,3,1,18,515,485,23,3,77,22
25,1000,10,5.13,10.3,18,37,84,956,28,8,8,44,8.796154434,121,29,2.88274331,10.46384465,9.798068699,7.825796525,463,17,6,6,29,493,11,2,2,15,492,508,13,16,99,22
27,1000,10,5.13,10.3,18,37,81,944,45,8,3,56,8.519310289,108,32,2.696446408,9.976640281,9.060244841,7.944915867,476,32,5,2,39,468,13,3,1,17,515,485,15,17,86,22
29,1000,10,5.13,10.3,18,37,74,953,28,12,7,47,8.173903765,99,36,2.954273203,10.18424811,8.722595692,7.650931772,458,14,10,6,30,495,14,2,1,17,488,512,24,12,76,23
32,1000,10,5.13,10.3,18,37,29,956,25,13,6,44,7.65133956,90,33,2.552080343,9.371067477,7.527948085,7.763427998,454,14,6,2,22,502,11,7,4,22,476,524,20,13,66,24
30,1000,10,5.13,10.3,18,37,75,956,29,10,5,44,8.615272721,131,34,2.849969551,10.48156172,8.948410958,8.308990158,454,18,6,1,25,502,11,4,4,19,479,521,21,13,106,25
31,1000,10,5.13,10.3,18,37,70,958,27,8,7,42,8.230561254,111,47,2.914554314,10.29119201,8.41507501,8.072112639,439,14,4,5,23,519,13,4,2,19,462,538,34,13,96,15
26,1000,10,5.13,10.3,18,37,84,943,41,13,3,57,8.792531155,107,38,2.957739624,10.37968778,9.050304206,8.529550568,474,23,7,1,31,469,18,6,2,26,505,495,23,15,80,27
28,1000,10,5.13,10.3,18,37,81,957,34,4,5,43,8.330580726,115,35,2.698941719,9.678562446,8.903219408,7.722521095,491,19,1,4,24,466,15,3,1,19,515,485,22,13,86,29
25,1000,10,5.13,10.3,18,37,85,955,28,8,9,45,8.816889358,128,23,2.894562785,10.47072036,9.887226017,7.780264091,463,17,5,7,29,492,11,3,2,16,492,508,17,6,106,22
27,1000,10,5.13,10.3,18,37,82,944,44,9,3,56,8.544902484,110,44,2.695454701,9.9748978,9.053429948,8.004919713,476,31,6,2,39,468,13,3,1,17,515,485,25,19,79,31
29,1000,10,5.13,10.3,18,37,75,953,28,12,7,47,8.182746329,99,32,2.963696525,10.18782833,8.760386408,7.632183128,458,14,10,6,30,495,14,2,1,17,488,512,12,20,79,20
30,1000,10,5.13,10.3,18,37,76,955,29,10,6,45,8.637014307,96,32,2.865016802,10.51379597,9.001180648,8.302204946,453,18,6,2,26,502,11,4,4,19,479,521,18,14,73,23
31,1000,10,5.13,10.3,18,37,71,959,27,8,6,41,8.2298786,100,44,2.926338066,10.32290693,8.425616608,8.061791315,438,15,4,5,24,521,12,4,1,17,462,538,30,14,70,30
32,1000,10,5.13,10.3,18,37,30,955,26,13,6,45,7.684488619,101,29,2.547814265,9.378632737,7.542959896,7.813052879,454,14,6,2,22,501,12,7,4,23,476,524,21,8,73,28
26,1000,10,5.13,10.3,18,37,85,944,41,11,4,56,8.789650702,112,31,2.958290056,10.38019568,9.067894828,8.505785482,474,23,6,2,31,470,18,5,2,25,505,495,15,16,87,25
28,1000,10,5.13,10.3,18,37,82,957,34,4,5,43,8.315242063,115,33,2.717326451,9.677338026,8.892533426,7.702241957,491,19,1,4,24,466,15,3,1,19,515,485,23,10,85,30
25,1000,10,5.13,10.3,18,37,86,954,30,8,8,46,8.833511828,109,35,2.904936207,10.50539687,9.921280111,7.780003963,463,17,5,7,29,491,13,3,1,17,492,508,24,11,74,35
27,1000,10,5.13,10.3,18,37,83,943,45,9,3,57,8.573810937,104,25,2.70272013,9.997466884,9.068009675,8.049043206,476,31,6,2,39,467,14,3,1,18,515,485,18,7,78,26
29,1000,10,5.13,10.3,18,37,76,952,29,12,7,48,8.201091874,103,34,2.972564293,10.19434842,8.805088167,7.625407908,457,15,10,6,31,495,14,2,1,17,488,512,25,9,78,25
30,1000,10,5.13,10.3,18,37,77,953,31,10,6,47,8.681103987,113,41,2.871520089,10.53323479,9.040842141,8.350365837,452,19,6,2,27,501,12,4,4,20,479,521,31,10,90,23
31,1000,10,5.13,10.3,18,37,72,959,27,7,7,41,8.238570534,119,42,2.936888188,10.33501633,8.446653921,8.059881826,438,15,4,5,24,521,12,3,2,17,462,538,25,17,89,30
32,1000,10,5.13,10.3,18,37,31,955,25,14,6,45,7.71261298,87,25,2.551557287,9.405114068,7.617307246,7.799188418,454,13,7,2,22,501,12,7,4,23,476,524,16,9,62,25
26,1000,10,5.13,10.3,18,37,86,944,41,11,4,56,8.807894505,118,38,2.969394156,10.39373635,9.087027458,8.523122502,474,23,6,2,31,470,18,5,2,25,505,495,22,16,95,23
28,1000,10,5.13,10.3,18,37,83,956,33,6,5,44,8.349131252,95,47,2.744961249,9.69237538,8.960052725,7.700420821,491,17,3,4,24,465,16,3,1,20,515,485,28,19,73,22
27,1000,10,5.13,10.3,18,37,84,943,45,9,3,57,8.576782462,133,30,2.719024822,10.02382063,9.07639669,8.046264261,476,31,6,2,39,467,14,3,1,18,515,485,17,13,98,35
25,1000,10,5.13,10.3,18,37,87,954,30,8,8,46,8.836734553,136,45,2.904316099,10.51482889,9.931756692,7.7762013,463,17,5,7,29,491,13,3,1,17,492,508,26,19,95,41
30,1000,10,5.13,10.3,18,37,78,952,31,11,6,48,8.723358156,96,38,2.890633634,10.55832671,9.096431628,8.380359704,452,19,6,2,27,500,12,5,4,21,479,521,22,16,74,22
29,1000,10,5.13,10.3,18,37,77,950,30,13,7,50,8.250192042,110,32,2.972595614,10.21911331,8.891150872,7.639278157,456,15,11,6,32,494,15,2,1,18,488,512,23,9,85,25
31,1000,10,5.13,10.3,18,37,73,957,29,7,7,43,8.255486754,101,34,2.970362757,10.35911132,8.453286602,8.085628891,438,15,4,5,24,519,14,3,2,19,462,538,26,8,75,26
26,1000,10,5.13,10.3,18,37,87,944,40,12,4,56,8.818217233,108,38,2.973025206,10.39882467,9.134971939,8.495063442,474,22,7,2,31,470,18,5,2,25,505,495,23,15,85,23
32,1000,10,5.13,10.3,18,37,32,955,25,15,5,45,7.697327688,92,29,2.569389285,9.424155266,7.639086223,7.750234057,454,13,7,2,22,501,12,8,3,23,476,524,21,8,67,25
28,1000,10,5.13,10.3,18,37,84,955,34,6,5,45,8.348246848,132,40,2.749018352,9.714626858,8.994437874,7.662085244,490,18,3,4,25,465,16,3,1,20,515,485,26,14,96,36
27,1000,10,5.13,10.3,18,37,85,941,47,9,3,59,8.565875737,96,32,2.731709792,10.02897501,9.091292927,8.007958516,474,33,6,2,41,467,14,3,1,18,515,485,18,14,78,18
25,1000,10,5.13,10.3,18,37,88,954,30,8,8,46,8.839552598,108,32,2.900158724,10.54064242,9.964229741,7.750298356,463,17,5,7,29,491,13,3,1,17,492,508,13,19,85,23
30,1000,10,5.13,10.3,18,37,79,950,34,10,6,50,8.71674293,113,48,2.891443615,10.5501668,9.104662951,8.360094772,451,21,6,1,28,499,13,4,5,22,479,521,31,17,83,30
29,1000,10,5.13,10.3,18,37,78,951,29,12,8,49,8.286748577,118,40,2.96814894,10.24852681,8.973877415,7.631828903,456,15,10,7,32,495,14,2,1,17,488,512,28,12,86,32
31,1000,10,5.13,10.3,18,37,74,956,30,7,7,44,8.27707125,116,36,2.983458297,10.40200858,8.461979291,8.118284047,438,15,4,5,24,518,15,3,2,20,462,538,23,13,92,24
26,1000,10,5.13,10.3,18,37,88,943,40,13,4,57,8.847801937,123,34,2.965283457,10.43687215,9.171184819,8.517886067,473,22,8,2,32,470,18,5,2,25,505,495,20,14,101,22
28,1000,10,5.13,10.3,18,37,85,953,36,6,5,47,8.361876054,105,39,2.748450339,9.741015724,9.015136882,7.668207339,489,19,3,4,26,464,17,3,1,21,515,485,20,19,72,33
32,1000,10,5.13,10.3,18,37,33,954,26,15,5,46,7.738175994,86,22,2.576551397,9.450256533,7.681783667,7.789402612,454,13,7,2,22,500,13,8,3,24,476,524,15,7,63,23
27,1000,10,5.13,10.3,18,37,86,940,47,9,4,60,8.600104904,119,33,2.729777638,10.04134507,9.091934894,8.07785244,474,32,7,2,41,466,15,2,2,19,515,485,17,16,86,33
25,1000,10,5.13,10.3,18,37,89,954,30,8,8,46,8.853398837,110,36,2.895144672,10.53304116,9.971080776,7.770919479,463,17,5,7,29,491,13,3,1,17,492,508,22,14,84,26
30,1000,10,5.13,10.3,18,37,80,951,33,10,6,49,8.7521075,123,42,2.912470794,10.57794385,9.166528228,8.371094969,451,21,6,1,28,500,12,4,5,21,479,521,29,13,104,19
29,1000,10,5.13,10.3,18,37,79,952,29,11,8,48,8.303958519,94,45,2.957344804,10.26810862,8.984793697,7.655037491,456,15,10,7,32,496,14,1,1,16,488,512,26,19,72,22
31,1000,10,5.13,10.3,18,37,75,956,29,8,7,44,8.299680095,117,26,2.994150736,10.43124852,8.500792078,8.126977982,438,14,5,5,24,518,15,3,2,20,462,538,19,7,91,26
26,1000,10,5.13,10.3,18,37,89,941,42,14,3,59,8.861341176,114,39,2.971656121,10.42821447,9.2272797,8.488009954,472,23,8,2,33,469,19,6,1,26,505,495,27,12,102,12
28,1000,10,5.13,10.3,18,37,86,954,36,5,5,46,8.336682668,107,31,2.74828973,9.737580701,9.018564158,7.612622942,489,19,3,4,26,465,17,2,1,20,515,485,22,9,81,26
27,1000,10,5.13,10.3,18,37,87,943,45,9,3,57,8.592637936,88,29,2.740947366,10.06591372,9.146528256,8.00448636,474,32,7,2,41,469,13,2,1,16,515,485,20,9,63,25
25,1000,10,5.13,10.3,18,37,90,954,30,8,8,46,8.876356586,111,31,2.910609155,10.53539617,10.01179523,7.776679792,462,18,5,7,30,492,12,3,1,16,492,508,19,12,82,29
32,1000,10,5.13,10.3,18,37,34,955,26,14,5,45,7.772913385,108,34,2.595159121,9.451805345,7.750658662,7.793129507,454,13,7,2,22,501,13,7,3,23,476,524,22,12,81,27
30,1000,10,5.13,10.3,18,37,81,951,32,11,6,49,8.744435469,118,27,2.915478257,10.59509034,9.165605663,8.357217575,451,21,6,1,28,500,11,5,5,21,479,521,17,10,93,25
29,1000,10,5.13,10.3,18,37,80,952,29,11,8,48,8.299172829,122,32,2.975528214,10.29525694,8.966142203,7.663467644,456,15,10,7,32,496,14,1,1,16,488,512,21,11,90,32
31,1000,10,5.13,10.3,18,37,76,957,27,9,7,43,8.313763981,121,34,2.995612771,10.45909662,8.567388903,8.095967114,438,14,5,5,24,519,13,4,2,19,462,538,24,10,100,21
26,1000,10,5.13,10.3,18,37,90,940,43,14,3,60,8.887753046,117,43,2.987557518,10.437474,9.26465479,8.503237125,471,24,8,2,34,469,19,6,1,26,505,495,23,20,89,28
28,1000,10,5.13,10.3,18,37,87,954,36,5,5,46,8.37893154,95,51,2.752460141,9.742394098,9.065630897,7.649755935,489,19,3,4,26,465,17,2,1,20,515,485,35,16,74,21
27,1000,10,5.13,10.3,18,37,88,943,45,9,3,57,8.631622289,92,39,2.751683899,10.10351316,9.217463726,8.009543237,474,32,7,2,41,469,13,2,1,16,515,485,26,13,74,18
25,1000,10,5.13,10.3,18,37,91,954,30,8,8,46,8.842436119,98,28,2.91505479,10.57002628,9.974955993,7.745586163,462,18,5,7,30,492,12,3,1,16,492,508,19,9,80,18
32,1000,10,5.13,10.3,18,37,35,957,24,15,4,43,7.766762928,100,33,2.595443298,9.476941513,7.751475991,7.780649536,455,12,7,2,21,502,12,8,2,22,476,524,24,9,78,22
30,1000,10,5.13,10.3,18,37,82,951,32,11,6,49,8.72994027,119,36,2.935813272,10.61125515,9.17574439,8.320074294,451,21,6,1,28,500,11,5,5,21,479,521,24,12,91,28
31,1000,10,5.13,10.3,18,37,77,957,27,8,8,43,8.374824198,95,35,3.011186795,10.47820877,8.636638568,8.149994758,439,13,4,6,23,518,14,4,2,20,462,538,26,9,80,15
29,1000,10,5.13,10.3,18,37,81,952,29,11,8,48,8.304488046,92,34,3.00716543,10.34207809,8.987613712,7.653383896,456,15,10,7,32,496,14,1,1,16,488,512,21,13,69,23
26,1000,10,5.13,10.3,18,37,91,939,44,14,3,61,8.915206082,105,45,2.994337828,10.45978571,9.273608727,8.54956298,470,25,8,2,35,469,19,6,1,26,505,495,27,18,84,21
28,1000,10,5.13,10.3,18,37,88,953,35,7,5,47,8.408191253,100,37,2.749798111,9.73889115,9.109405774,7.663602638,489,17,5,4,26,464,18,2,1,21,515,485,21,16,73,27
27,1000,10,5.13,10.3,18,37,89,942,46,9,3,58,8.660371221,106,40,2.760544017,10.14266835,9.249520797,8.034779404,474,32,7,2,41,468,14,2,1,17,515,485,22,18,85,21
25,1000,10,5.13,10.3,18,37,92,954,30,8,8,46,8.816308537,112,31,2.907171778,10.59273697,10.00209023,7.667874297,462,18,5,7,30,492,12,3,1,16,492,508,21,10,87,25
30,1000,10,5.13,10.3,18,37,83,952,29,13,6,48,8.759702071,122,39,2.956694622,10.62190414,9.193857963,8.360545311,452,19,7,1,27,500,10,6,5,21,479,521,22,17,91,31
32,1000,10,5.13,10.3,18,37,36,957,23,16,4,43,7.791234727,94,28,2.595652125,9.470495812,7.790321944,7.792063896,454,12,8,2,22,503,11,8,2,21,476,524,16,12,66,28
31,1000,10,5.13,10.3,18,37,78,956,28,8,8,44,8.370600732,105,44,3.013342464,10.5311103,8.634233766,8.144209539,438,14,4,6,24,518,14,4,2,20,462,538,31,13,80,25
29,1000,10,5.13,10.3,18,37,82,953,29,10,8,47,8.317131969,103,36,3.019152651,10.35076998,9.01795738,7.64915775,456,15,10,7,32,497,14,0,1,15,488,512,22,14,78,25
26,1000,10,5.13,10.3,18,37,92,939,44,14,3,61,8.947404689,89,37,3.014958102,10.4737218,9.33120508,8.555850754,470,25,8,2,35,469,19,6,1,26,505,495,26,11,65,24
28,1000,10,5.13,10.3,18,37,89,953,34,8,5,47,8.448952001,110,34,2.774130619,9.741628623,9.118301968,7.738198943,489,16,6,4,26,464,18,2,1,21,515,485,25,9,85,25
27,1000,10,5.13,10.3,18,37,90,942,46,8,4,58,8.674026247,112,25,2.766938779,10.17413689,9.261066391,8.050674342,474,32,6,3,41,468,14,2,1,17,515,485,15,10,71,41
25,1000,10,5.13,10.3,18,37,93,954,30,8,8,46,8.828909215,104,37,2.930264311,10.6501857,10.04427636,7.651821355,462,18,5,7,30,492,12,3,1,16,492,508,21,16,82,22
30,1000,10,5.13,10.3,18,37,84,951,30,13,6,49,8.770567595,108,39,2.955370269,10.63636757,9.210748796,8.365871251,451,20,7,1,28,500,10,6,5,21,479,521,28,11,89,19
31,1000,10,5.13,10.3,18,37,79,957,28,7,8,43,8.372115073,110,34,3.029214112,10.57376015,8.671575092,8.114957956,437,15,4,6,25,520,13,3,2,18,462,538,23,11,83,27
29,1000,10,5.13,10.3,18,37,83,953,29,10,8,47,8.306688984,107,45,3.030990593,10.36396393,9.023632749,7.623351958,456,15,10,7,32,497,14,0,1,15,488,512,31,14,80,27
32,1000,10,5.13,10.3,18,37,37,957,23,16,4,43,7.830914317,91,31,2.599316508,9.49036118,7.797014824,7.861708514,454,12,8,2,22,503,11,8,2,21,476,524,18,13,66,25
26,1000,10,5.13,10.3,18,37,93,939,44,14,3,61,8.95656341,112,41,3.044293466,10.48313965,9.348356081,8.556855737,470,24,9,2,35,469,20,5,1,26,505,495,29,12,92,20
28,1000,10,5.13,10.3,18,37,90,954,32,8,6,46,8.462103105,109,24,2.78735262,9.770881974,9.154873802,7.726480612,489,16,5,5,26,465,16,3,1,20,515,485,12,12,85,24
27,1000,10,5.13,10.3,18,37,91,942,46,8,4,58,8.699524478,92,35,2.772611067,10.21212901,9.28631301,8.076439748,474,32,6,3,41,468,14,2,1,17,515,485,22,13,60,32
25,1000,10,5.13,10.3,18,37,94,952,32,8,8,48,8.883192239,112,35,2.941696374,10.65438398,10.13366214,7.67210722,461,19,5,7,31,491,13,3,1,17,492,508,19,16,89,23
30,1000,10,5.13,10.3,18,37,85,951,30,12,7,49,8.787447902,114,39,2.960961018,10.65239244,9.241916321,8.369616093,451,20,7,1,28,500,10,5,6,21,479,521,28,11,83,31
31,1000,10,5.13,10.3,18,37,80,956,28,8,8,44,8.400729352,105,51,3.025031637,10.59294155,8.689197235,8.153011578,436,15,5,6,26,520,13,3,2,18,462,538,33,18,83,22
29,1000,10,5.13,10.3,18,37,84,954,28,10,8,46,8.278544721,135,51,3.035534882,10.38826684,9.02609103,7.566039645,456,15,10,7,32,498,13,0,1,14,488,512,34,17,95,40
26,1000,10,5.13,10.3,18,37,94,938,45,14,3,62,8.954219281,104,34,3.043688788,10.51493369,9.369517438,8.530531262,470,24,9,2,35,468,21,5,1,27,505,495,24,10,81,23
28,1000,10,5.13,10.3,18,37,91,953,33,8,6,47,8.523432398,91,38,2.77281726,9.781772827,9.208513926,7.795974694,488,17,5,5,27,465,16,3,1,20,515,485,18,20,65,26
32,1000,10,5.13,10.3,18,37,38,958,23,15,4,42,7.826048432,112,33,2.600703143,9.496428913,7.838141372,7.815063243,454,12,8,2,22,504,11,7,2,20,476,524,16,17,87,25
27,1000,10,5.13,10.3,18,37,92,945,42,9,4,55,8.704543201,99,49,2.769015775,10.18575087,9.283884212,8.089366662,477,28,7,3,38,468,14,2,1,17,515,485,21,28,78,21
25,1000,10,5.13,10.3,18,37,95,952,32,8,8,48,8.924739788,106,44,2.944210941,10.6650309,10.16775864,7.720871138,461,19,5,7,31,491,13,3,1,17,492,508,27,17,79,27
30,1000,10,5.13,10.3,18,37,86,949,32,12,7,51,8.807706738,118,37,2.965503279,10.6715864,9.299240702,8.355797393,449,22,7,1,30,500,10,5,6,21,479,521,26,11,94,24
31,1000,10,5.13,10.3,18,37,81,955,28,9,8,45,8.45441163,114,46,3.033742701,10.62776544,8.728808732,8.218776943,435,16,5,6,27,520,12,4,2,18,462,538,28,18,93,21
29,1000,10,5.13,10.3,18,37,85,953,28,11,8,47,8.297091426,104,40,3.052601799,10.4268202,9.056935529,7.572865015,456,15,10,7,32,497,13,1,1,15,488,512,30,10,79,25
26,1000,10,5.13,10.3,18,37,95,937,46,14,3,63,8.988856745,99,48,3.056232009,10.51457914,9.40738415,8.561874241,470,24,9,2,35,467,22,5,1,28,505,495,35,13,80,19
28,1000,10,5.13,10.3,18,37,92,952,33,9,6,48,8.549313821,111,53,2.777430588,9.801491545,9.262171629,7.792361715,488,17,5,5,27,464,16,4,1,21,515,485,34,19,83,28
32,1000,10,5.13,10.3,18,37,39,961,21,14,4,39,7.805103891,93,37,2.615267786,9.50718846,7.862584763,7.752888443,454,12,8,2,22,507,9,6,2,17,476,524,22,15,67,26
27,1000,10,5.13,10.3,18,37,93,946,40,10,4,54,8.734103191,85,30,2.791125087,10.21120795,9.303605996,8.129373407,478,26,8,3,37,468,14,2,1,17,515,485,17,13,61,24
25,1000,10,5.13,10.3,18,37,96,952,32,8,8,48,8.948468537,91,36,2.957204366,10.69174704,10.21768008,7.71923216,461,19,5,7,31,491,13,3,1,17,492,508,22,14,74,17
30,1000,10,5.13,10.3,18,37,87,949,32,12,7,51,8.814954794,119,29,2.971094608,10.67494174,9.30244048,8.366767377,449,22,7,1,30,500,10,5,6,21,479,521,17,12,89,30
31,1000,10,5.13,10.3,18,37,82,955,28,9,8,45,8.478646553,117,37,3.053662076,10.64403865,8.746346227,8.248763189,435,16,5,6,27,520,12,4,2,18,462,538,28,9,92,25
26,1000,10,5.13,10.3,18,37,96,939,43,15,3,61,8.976898565,110,51,3.045422312,10.51195765,9.366258982,8.57967228,471,23,9,2,34,468,20,6,1,27,505,495,32,19,90,20
29,1000,10,5.13,10.3,18,37,86,952,29,11,8,48,8.304785556,119,36,3.053189235,10.45398531,9.059381421,7.585561373,456,15,10,7,32,496,14,1,1,16,488,512,20,16,87,32
28,1000,10,5.13,10.3,18,37,93,952,32,10,6,48,8.588540642,118,32,2.784311884,9.798219295,9.363851317,7.765272606,488,16,6,5,27,464,16,4,1,21,515,485,24,8,91,27
27,1000,10,5.13,10.3,18,37,94,944,42,10,4,56,8.758139559,102,31,2.781939783,10.23401179,9.314398955,8.167472365,476,28,8,3,39,468,14,2,1,17,515,485,16,15,78,24
32,1000,10,5.13,10.3,18,37,40,961,21,14,4,39,7.81634639,109,31,2.616772222,9.514257902,7.882569347,7.756189659,454,12,8,2,22,507,9,6,2,17,476,524,22,9,86,23
25,1000,10,5.13,10.3,18,37,97,953,30,9,8,47,8.95612987,103,45,2.963879482,10.71162452,10.25270372,7.700392995,462,17,6,7,30,491,13,3,1,17,492,508,21,24,80,23
30,1000,10,5.13,10.3,18,37,88,949,32,12,7,51,8.815126711,125,32,2.9714991,10.6909534,9.316049609,8.354585313,449,22,7,1,30,500,10,5,6,21,479,521,21,11,105,20
31,1000,10,5.13,10.3,18,37,83,955,28,9,8,45,8.475921534,118,51,3.06430549,10.68077731,8.751497035,8.239274915,435,16,5,6,27,520,12,4,2,18,462,538,38,13,89,29
26,1000,10,5.13,10.3,18,37,97,938,43,16,3,62,9.036582257,115,36,3.050850954,10.54101599,9.430562439,8.63464288,470,24,9,2,35,468,19,7,1,27,505,495,25,11,94,21
28,1000,10,5.13,10.3,18,37,94,951,33,10,6,49,8.617834851,130,26,2.776161775,9.813444125,9.404292792,7.782730027,487,17,6,5,28,464,16,4,1,21,515,485,17,9,92,38
29,1000,10,5.13,10.3,18,37,87,952,30,11,7,48,8.31461714,119,41,3.044245458,10.50342235,9.079838698,7.585265343,456,16,10,6,32,496,14,1,1,16,488,512,27,14,87,32
27,1000,10,5.13,10.3,18,37,95,945,41,10,4,55,8.762275378,127,43,2.783900367,10.26312267,9.343693838,8.144892891,476,28,8,3,39,469,13,2,1,16,515,485,31,12,97,30
32,1000,10,5.13,10.3,18,37,41,961,20,15,4,39,7.877352502,103,30,2.62847805,9.543168972,7.984710019,7.779829261,454,12,8,2,22,507,8,7,2,17,476,524,16,14,78,25
25,1000,10,5.13,10.3,18,37,98,954,29,9,8,46,8.964097886,118,40,2.966466756,10.74649437,10.27043653,7.698903768,463,16,6,7,29,491,13,3,1,17,492,508,23,17,87,31
30,1000,10,5.13,10.3,18,37,89,949,33,12,6,51,8.827141809,106,35,2.978258984,10.73713465,9.35272805,8.343925284,449,22,7,1,30,500,11,5,5,21,479,521,24,11,84,22
31,1000,10,5.13,10.3,18,37,84,954,29,9,8,46,8.502933431,116,41,3.097905176,10.68705928,8.778303837,8.266462934,435,16,5,6,27,519,13,4,2,19,462,538,27,14,88,28
26,1000,10,5.13,10.3,18,37,98,938,45,14,3,62,9.011601672,130,43,3.043723945,10.57474744,9.418908186,8.596066743,469,25,9,2,36,469,20,5,1,26,505,495,28,15,106,24
28,1000,10,5.13,10.3,18,37,95,951,33,10,6,49,8.64027219,109,38,2.784440168,9.827169328,9.468083192,7.761256384,487,17,6,5,28,464,16,4,1,21,515,485,26,12,82,27
29,1000,10,5.13,10.3,18,37,88,951,32,10,7,49,8.307259388,120,43,3.035684529,10.52400023,9.140600843,7.512980814,455,17,10,6,33,496,15,0,1,16,488,512,29,14,83,37
27,1000,10,5.13,10.3,18,37,96,944,42,10,4,56,8.788961363,99,43,2.783706519,10.25108986,9.393012351,8.147546397,476,28,8,3,39,468,14,2,1,17,515,485,22,21,75,24
32,1000,10,5.13,10.3,18,37,42,959,21,16,4,41,7.918261529,101,43,2.646713358,9.553567481,8.058734553,7.790656262,453,13,8,2,23,506,8,8,2,18,476,524,20,23,74,27
25,1000,10,5.13,10.3,18,37,99,954,28,10,8,46,9.018147566,113,41,2.970301485,10.74541146,10.32198217,7.755378621,463,15,7,7,29,491,13,3,1,17,492,508,24,17,93,20
30,1000,10,5.13,10.3,18,37,90,948,34,12,6,52,8.847702944,116,30,2.947844576,10.75238295,9.391163603,8.348052934,449,22,7,1,30,499,12,5,5,22,479,521,21,9,92,24
26,1000,10,5.13,10.3,18,37,99,938,45,14,3,62,9.033805254,106,37,3.043421327,10.59464965,9.447174113,8.612085509,469,25,9,2,36,469,20,5,1,26,505,495,26,11,81,25
31,1000,10,5.13,10.3,18,37,85,953,29,10,8,47,8.517214756,100,35,3.078156901,10.70668363,8.847768757,8.233356115,434,17,5,6,28,519,12,5,2,19,462,538,22,13,76,24
28,1000,10,5.13,10.3,18,37,96,951,33,10,6,49,8.615486563,111,39,2.785309758,9.838296709,9.459530372,7.719233858,487,17,6,5,28,464,16,4,1,21,515,485,24,15,90,21
29,1000,10,5.13,10.3,18,37,89,951,32,11,6,49,8.349485804,125,41,3.043151544,10.52715656,9.222243826,7.517638316,455,17,10,6,33,496,15,1,0,16,488,512,24,17,102,23
27,1000,10,5.13,10.3,18,37,97,943,43,10,4,57,8.825097133,102,35,2.794940602,10.3059645,9.433066034,8.179521908,475,29,8,3,40,468,14,2,1,17,515,485,23,12,80,22
32,1000,10,5.13,10.3,18,37,43,961,21,14,4,39,7.883296888,121,32,2.640729643,9.582169562,8.039580543,7.741329292,454,13,7,2,22,507,8,7,2,17,476,524,21,11,84,37
25,1000,10,5.13,10.3,18,37,100,954,28,10,8,46,9.020667588,114,36,2.980520417,10.76681483,10.34439966,7.738627868,463,15,7,7,29,491,13,3,1,17,492,508,28,8,86,28
30,1000,10,5.13,10.3,18,37,91,949,32,13,6,51,8.877054224,109,41,2.948522536,10.76210055,9.45657245,8.344253398,450,21,7,1,29,499,11,6,5,22,479,521,27,14,86,23
26,1000,10,5.13,10.3,18,37,100,938,44,15,3,62,9.034469763,112,43,3.036084308,10.59742043,9.492351879,8.567337503,468,26,9,2,37,470,18,6,1,25,505,495,30,13,93,19
31,1000,10,5.13,10.3,18,37,86,951,30,10,9,49,8.549614802,100,37,3.069587286,10.73865195,8.867370736,8.276746323,434,17,5,6,28,517,13,5,3,21,462,538,25,12,73,27
28,1000,10,5.13,10.3,18,37,97,951,33,10,6,49,8.640475768,97,29,2.784147812,9.865764122,9.497152592,7.730808626,487,17,6,5,28,464,16,4,1,21,515,485,19,10,72,25
29,1000,10,5.13,10.3,18,37,90,953,30,11,6,47,8.369773261,106,45,3.046532519,10.54984895,9.269634534,7.512092986,455,17,10,6,33,498,13,1,0,14,488,512,29,16,84,22
27,1000,10,5.13,10.3,18,37,98,943,43,9,5,57,8.810410262,105,32,2.801269172,10.31641521,9.481592222,8.097711892,474,30,7,4,41,469,13,2,1,16,515,485,20,12,81,24
25,1000,10,5.13,10.3,18,37,101,954,28,10,8,46,8.999946261,140,40,2.987223206,10.78958547,10.33079197,7.711016956,464,14,7,7,28,490,14,3,1,18,492,508,28,12,101,39
30,1000,10,5.13,10.3,18,37,92,948,33,13,6,52,8.903855564,124,40,2.95727054,10.77837459,9.480018803,8.374139265,450,21,7,1,29,498,12,6,5,23,479,521,23,17,91,33
26,1000,10,5.13,10.3,18,37,101,940,42,15,3,60,9.052050548,108,32,3.022442799,10.6183777,9.561357815,8.532454246,468,26,9,2,37,472,16,6,1,23,505,495,24,8,86,22
31,1000,10,5.13,10.3,18,37,87,948,32,11,9,52,8.584470421,111,36,3.072512711,10.75419388,8.914439787,8.301113827,433,17,6,6,29,515,15,5,3,23,462,538,29,7,91,20
28,1000,10,5.13,10.3,18,37,98,953,31,10,6,47,8.654298587,115,51,2.781555027,9.893368968,9.557966418,7.694733778,487,16,7,5,28,466,15,3,1,19,515,485,35,16,89,26
32,1000,10,5.13,10.3,18,37,44,961,21,14,4,39,7.88718975,112,34,2.647566133,9.60182766,8.058791059,7.731307645,454,13,7,2,22,507,8,7,2,17,476,524,29,5,82,30
29,1000,10,5.13,10.3,18,37,91,952,31,11,6,48,8.367303352,107,36,3.063272984,10.57268435,9.278998797,7.49834363,455,17,10,6,33,497,14,1,0,15,488,512,27,9,88,19
27,1000,10,5.13,10.3,18,37,99,942,44,9,5,58,8.852271378,123,43,2.819848103,10.36387212,9.529648624,8.132994508,474,30,7,4,41,468,14,2,1,17,515,485,28,15,89,34
30,1000,10,5.13,10.3,18,37,93,947,35,13,5,53,8.897306862,126,35,2.949256254,10.78321698,9.511166762,8.332932789,449,22,7,1,30,498,13,6,4,23,479,521,25,10,100,26
25,1000,10,5.13,10.3,18,37,102,955,28,9,8,45,8.985657901,124,32,3.007191667,10.82081599,10.34021337,7.673765594,464,14,7,7,28,491,14,2,1,17,492,508,21,11,95,29
26,1000,10,5.13,10.3,18,37,102,939,43,15,3,61,9.085751918,112,47,3.029841644,10.6360941,9.633969381,8.526459354,466,28,9,2,39,473,15,6,1,22,505,495,26,21,88,24
28,1000,10,5.13,10.3,18,37,99,953,31,10,6,47,8.691664399,100,31,2.807024166,9.910602247,9.603644243,7.723273431,487,16,7,5,28,466,15,3,1,19,515,485,17,14,75,25
31,1000,10,5.13,10.3,18,37,88,950,29,12,9,50,8.611895579,113,33,3.083269198,10.76651935,8.993208472,8.284448448,433,16,7,6,29,517,13,5,3,21,462,538,24,9,89,24
29,1000,10,5.13,10.3,18,37,92,953,30,11,6,47,8.371767258,97,32,3.058740565,10.59273345,9.285847123,7.500534887,455,17,10,6,33,498,13,1,0,14,488,512,17,15,77,20
32,1000,10,5.13,10.3,18,37,45,961,22,13,4,39,7.88479419,96,33,2.656540945,9.616427795,8.056322464,7.72897843,455,13,6,2,21,506,9,7,2,18,476,524,17,16,74,22
27,1000,10,5.13,10.3,18,37,100,941,45,8,6,59,8.876347125,107,29,2.81996794,10.38975164,9.547187205,8.164011783,474,30,6,5,41,467,15,2,1,18,515,485,20,9,80,27
30,1000,10,5.13,10.3,18,37,94,946,36,13,5,54,8.900356807,109,41,2.960666607,10.81392433,9.537822645,8.314279771,448,23,7,1,31,498,13,6,4,23,479,521,33,8,85,24
25,1000,10,5.13,10.3,18,37,103,956,27,9,8,44,8.978852621,126,34,3.002029613,10.84135931,10.34267715,7.657983197,464,14,7,7,28,492,13,2,1,16,492,508,19,15,100,26
26,1000,10,5.13,10.3,18,37,103,938,44,15,3,62,9.107389983,98,48,3.032823818,10.65705371,9.682766951,8.520389237,466,28,9,2,39,472,16,6,1,23,505,495,30,18,72,26
28,1000,10,5.13,10.3,18,37,100,951,32,8,9,49,8.705383959,100,34,2.818968385,9.925292907,9.636310296,7.716874549,486,17,6,6,29,465,15,2,3,20,515,485,22,12,78,22
31,1000,10,5.13,10.3,18,37,89,951,29,11,9,49,8.588429383,114,41,3.087541778,10.78934416,9.016949433,8.220443764,433,16,7,6,29,518,13,4,3,20,462,538,29,12,88,26
29,1000,10,5.13,10.3,18,37,93,954,29,11,6,46,8.392905532,120,41,3.072145118,10.62490293,9.351848687,7.478912838,454,18,10,6,34,500,11,1,0,12,488,512,20,21,98,22
27,1000,10,5.13,10.3,18,37,101,941,42,11,6,59,8.896163896,107,36,2.827314451,10.41603958,9.565189926,8.185754811,474,29,7,5,41,467,13,4,1,18,515,485,25,11,75,32
32,1000,10,5.13,10.3,18,37,46,961,22,13,4,39,7.954368245,97,22,2.661658931,9.615119144,8.166853727,7.761347082,454,14,6,2,22,507,8,7,2,17,476,524,16,6,72,25
30,1000,10,5.13,10.3,18,37,95,948,35,12,5,52,8.888730842,104,43,2.980806667,10.84744086,9.509145708,8.318330227,449,23,6,1,30,499,12,6,4,22,479,521,30,13,79,25
25,1000,10,5.13,10.3,18,37,104,955,28,8,9,45,8.983205366,114,45,3.017866036,10.88094467,10.36078234,7.649016644,464,14,6,8,28,491,14,2,1,17,492,508,31,14,96,18
33,1000,10,5.13,10.3,18,37,0,941,25,13,21,59,7.225,100,35,2.504887086,8.957834464,6.707317073,7.726377953,465,13,6,8,27,476,12,7,13,32,492,508,22,13,63,37
26,1000,10,5.13,10.3,18,37,104,937,45,15,3,63,9.160011147,108,36,3.034899781,10.67706579,9.734151861,8.574271631,465,29,9,2,40,472,16,6,1,23,505,495,22,14,94,14
34,1000,10,5.13,10.3,18,37,0,938,28,16,18,62,6.959,86,29,2.511462508,9.176494286,6.186878728,7.740442656,483,9,8,3,20,455,19,8,15,42,503,497,13,16,59,27
29,1000,10,5.13,10.3,18,37,94,954,29,11,6,46,8.417798473,89,44,3.086403726,10.66470938,9.370990954,7.509286889,454,18,10,6,34,500,11,1,0,12,488,512,20,24,67,22
28,1000,10,5.13,10.3,18,37,101,951,32,8,9,49,8.746342479,104,33,2.836835736,9.965342189,9.668513702,7.767129736,486,17,6,6,29,465,15,2,3,20,515,485,22,11,82,22
31,1000,10,5.13,10.3,18,37,90,950,29,12,9,50,8.620653979,108,42,3.113284832,10.81057208,9.053976176,8.248544583,432,16,8,6,30,518,13,4,3,20,462,538,28,14,84,24
27,1000,10,5.13,10.3,18,37,102,942,41,11,6,58,8.88984264,97,47,2.844560821,10.4358881,9.599212053,8.136594707,474,29,7,5,41,468,12,4,1,17,515,485,28,19,76,21
32,1000,10,5.13,10.3,18,37,47,962,21,13,4,38,7.978916392,88,30,2.677171587,9.617362463,8.214977053,7.764479609,454,14,6,2,22,508,7,7,2,16,476,524,18,12,59,29
30,1000,10,5.13,10.3,18,37,96,947,36,12,5,53,8.877349935,135,39,2.994333566,10.85939693,9.497018298,8.307635644,448,24,6,1,31,499,12,6,4,22,479,521,25,14,107,28
33,1000,10,5.13,10.3,18,37,1,940,26,13,21,60,7.260944846,103,31,2.505543467,9.002759596,6.79250702,7.714628724,465,13,6,8,27,475,13,7,13,33,492,508,18,13,65,38
34,1000,10,5.13,10.3,18,37,1,939,28,16,17,61,6.984016064,88,29,2.510486353,9.186535073,6.24306481,7.733912403,483,8,9,3,20,456,20,7,14,41,503,497,19,10,57,31
29,1000,10,5.13,10.3,18,37,95,955,28,11,6,45,8.421300849,135,34,3.08856512,10.68049436,9.395746804,7.492532049,455,17,10,6,33,500,11,1,0,12,488,512,24,10,113,22
28,1000,10,5.13,10.3,18,37,102,951,30,10,9,49,8.771402507,101,32,2.859769181,10.00177753,9.742885114,7.739828193,485,17,7,6,30,466,13,3,3,19,515,485,19,13,74,27
31,1000,10,5.13,10.3,18,37,91,950,29,12,9,50,8.637538972,94,36,3.112204812,10.84191656,9.071088113,8.265234691,432,16,8,6,30,518,13,4,3,20,462,538,23,13,73,21
27,1000,10,5.13,10.3,18,37,103,942,41,11,6,58,8.897058492,107,39,2.86772114,10.46476626,9.610453325,8.139536143,474,29,7,5,41,468,12,4,1,17,515,485,22,17,76,31
30,1000,10,5.13,10.3,18,37,97,947,36,12,5,53,8.912390555,119,39,2.996302493,10.87763127,9.547830127,8.328176439,448,24,6,1,31,499,12,6,4,22,479,521,22,17,94,25
32,1000,10,5.13,10.3,18,37,48,962,21,13,4,38,8.004689149,109,32,2.6746475,9.61792987,8.286359514,7.74882065,454,14,6,2,22,508,7,7,2,16,476,524,20,12,80,29
33,1000,10,5.13,10.3,18,37,2,940,26,15,19,60,7.287994249,88,30,2.519699753,9.037869672,6.82678975,7.734672622,465,14,6,7,27,475,12,9,12,33,492,508,17,13,63,25
29,1000,10,5.13,10.3,18,37,96,956,27,11,6,44,8.390809218,119,31,3.102597258,10.72634329,9.375609201,7.452171733,455,17,10,6,33,501,10,1,0,11,488,512,20,11,100,19
28,1000,10,5.13,10.3,18,37,103,951,30,10,9,49,8.789378747,107,30,2.886147486,10.02772455,9.788902852,7.728028408,485,17,7,6,30,466,13,3,3,19,515,485,19,11,84,23
34,1000,10,5.13,10.3,18,37,2,939,29,16,16,61,6.998507539,85,32,2.512439935,9.216071739,6.297401709,7.708077424,483,8,9,3,20,456,21,7,13,41,503,497,21,11,52,33
31,1000,10,5.13,10.3,18,37,92,953,28,11,8,47,8.637245318,111,45,3.137756554,10.87395473,9.038937294,8.292297933,434,15,8,5,28,519,13,3,3,19,462,538,31,14,92,19
27,1000,10,5.13,10.3,18,37,104,942,41,11,6,58,8.931459962,91,41,2.846360251,10.48926712,9.675717496,8.141165879,474,29,7,5,41,468,12,4,1,17,515,485,25,16,74,17
35,1000,10,5.13,10.3,18,37,0,942,33,11,14,58,6.891,92,45,2.483213704,9.074108963,6.730290456,7.040540541,455,19,5,3,27,487,14,6,11,31,482,518,27,18,66,26
30,1000,10,5.13,10.3,18,37,98,947,36,12,5,53,8.926117842,111,36,3.031117926,10.91100713,9.570837178,8.333372042,448,24,6,1,31,499,12,6,4,22,479,521,24,12,90,21
32,1000,10,5.13,10.3,18,37,49,963,20,13,4,37,8.013199867,98,42,2.670681017,9.624779714,8.288070974,7.763507793,455,13,6,2,21,508,7,7,2,16,476,524,29,13,73,25
28,1000,10,5.13,10.3,18,37,104,950,31,10,9,50,8.790059668,102,43,2.900859117,10.06376847,9.808327277,7.708806434,484,18,7,6,31,466,13,3,3,19,515,485,25,18,76,26
36,1000,10,5.13,10.3,18,37,0,930,37,15,18,70,7.206,96,19,2.542640686,9.309033453,5.878486056,8.544176707,485,10,3,4,17,445,27,12,14,53,502,498,11,8,65,31
33,1000,10,5.13,10.3,18,37,3,940,27,15,18,60,7.318195973,95,28,2.518221227,9.047518921,6.876789905,7.745699488,465,14,6,7,27,475,13,9,11,33,492,508,15,13,58,37
29,1000,10,5.13,10.3,18,37,97,956,26,12,6,44,8.384543374,125,38,3.098056779,10.77344126,9.424978266,7.392878868,455,16,11,6,33,501,10,1,0,11,488,512,26,12,105,20
34,1000,10,5.13,10.3,18,37,3,941,28,15,16,59,6.996529512,103,41,2.517240263,9.223106797,6.264535717,7.737360255,485,7,8,3,18,456,21,7,13,41,503,497,21,20,68,35
31,1000,10,5.13,10.3,18,37,93,952,29,11,8,48,8.629658534,102,31,3.136237134,10.90880551,9.049009649,8.26954661,434,15,8,5,28,518,14,3,3,20,462,538,21,10,83,19
35,1000,10,5.13,10.3,18,37,1,944,31,11,14,56,6.913118589,84,28,2.492444216,9.097051863,6.731185926,7.082407282,456,18,5,3,26,488,13,6,11,30,482,518,10,18,49,35
30,1000,10,5.13,10.3,18,37,99,945,38,12,5,55,8.957050276,116,33,3.048787762,10.95103655,9.612939532,8.354035009,446,26,6,1,33,499,12,6,4,22,479,521,21,12,95,21
32,1000,10,5.13,10.3,18,37,50,964,18,13,5,36,8.031194675,105,42,2.680446805,9.640431357,8.308064597,7.779686883,455,13,5,3,21,509,5,8,2,15,476,524,27,15,72,33
29,1000,10,5.13,10.3,18,37,98,953,29,13,5,47,8.410991007,118,32,3.106496203,10.79467706,9.417683804,7.451486936,454,17,12,5,34,499,12,1,0,13,488,512,19,13,94,24
33,1000,10,5.13,10.3,18,37,4,939,28,15,18,61,7.39044428,106,39,2.524526059,9.045086732,6.952278948,7.81480913,464,15,6,7,28,475,13,9,11,33,492,508,25,14,69,37
36,1000,10,5.13,10.3,18,37,1,934,34,13,19,66,7.221302018,97,28,2.550618969,9.315170712,5.919728651,8.53332979,485,9,4,4,17,449,25,9,15,49,502,498,14,14,75,22
34,1000,10,5.13,10.3,18,37,4,945,25,14,16,55,6.965974444,120,26,2.514085752,9.241292373,6.29236419,7.647716814,485,7,8,3,18,460,18,6,13,37,503,497,17,9,79,41
31,1000,10,5.13,10.3,18,37,94,953,29,10,8,47,8.647164226,116,37,3.153229371,10.9293561,9.068139954,8.285657188,435,15,7,5,27,518,14,3,3,20,462,538,24,13,93,23
35,1000,10,5.13,10.3,18,37,2,947,29,11,13,53,6.899481065,99,29,2.482632317,9.089877124,6.741268078,7.046698554,457,16,6,3,25,490,13,5,10,28,482,518,16,13,68,31
30,1000,10,5.13,10.3,18,37,100,944,39,12,5,56,8.974773912,118,45,3.047974384,10.96975973,9.639175421,8.3639326,446,26,6,1,33,498,13,6,4,23,479,521,31,14,94,24
32,1000,10,5.13,10.3,18,37,51,963,20,12,5,37,8.033799965,98,40,2.683392171,9.652630969,8.364680083,7.733229476,454,14,5,3,22,509,6,7,2,15,476,524,26,14,72,26
29,1000,10,5.13,10.3,18,37,99,952,30,13,5,48,8.432319307,103,40,3.091193641,10.81525503,9.441906305,7.470056701,454,17,12,5,34,498,13,1,0,14,488,512,24,16,77,26
33,1000,10,5.13,10.3,18,37,5,940,28,14,18,60,7.39954747,101,25,2.524022631,9.057805477,6.98219257,7.803757334,464,15,6,7,28,476,13,8,11,32,492,508,13,12,70,31
36,1000,10,5.13,10.3,18,37,2,935,33,13,19,65,7.248543965,95,27,2.544593713,9.332460639,5.956581467,8.550883673,485,9,4,4,17,450,24,9,15,48,502,498,16,11,66,29
34,1000,10,5.13,10.3,18,37,5,945,26,14,15,55,6.998892712,98,35,2.509821926,9.240904698,6.324031367,7.681901276,485,7,8,3,18,460,19,6,12,37,503,497,17,18,63,35
31,1000,10,5.13,10.3,18,37,95,953,30,9,8,47,8.667418928,108,36,3.151870299,10.95154304,9.084108362,8.309592686,435,16,7,4,27,518,14,2,4,20,462,538,26,10,89,19
35,1000,10,5.13,10.3,18,37,3,948,28,10,14,52,6.903480661,82,22,2.485518394,9.106636566,6.777064717,7.021110942,457,16,5,4,25,491,12,5,10,27,482,518,17,5,58,24
30,1000,10,5.13,10.3,18,37,101,944,39,12,5,56,8.944123388,117,40,3.076442365,11.00634304,9.613668798,8.328552848,446,26,6,1,33,498,13,6,4,23,479,521,30,10,84,33
29,1000,10,5.13,10.3,18,37,100,951,31,13,5,49,8.458479827,119,32,3.104600488,10.84468134,9.479017123,7.485780217,453,18,12,5,35,498,13,1,0,14,488,512,22,10,97,22
36,1000,10,5.13,10.3,18,37,3,936,32,13,19,64,7.298187215,93,21,2.556410411,9.346152587,6.011866459,8.594839864,486,8,4,4,16,450,24,9,15,48,502,498,14,7,57,36
32,1000,10,5.13,10.3,18,37,52,963,20,12,5,37,8.092436368,99,32,2.683732378,9.679116193,8.446917856,7.770426466,454,14,5,3,22,509,6,7,2,15,476,524,23,9,71,28
33,1000,10,5.13,10.3,18,37,6,943,27,13,17,57,7.400549883,92,25,2.520322748,9.066546723,6.99496503,7.79336041,465,14,6,7,27,478,13,7,10,30,492,508,13,12,62,30
34,1000,10,5.13,10.3,18,37,6,946,26,15,13,54,6.989431358,99,30,2.507978924,9.251691494,6.314867183,7.672139164,486,7,8,2,17,460,19,7,11,37,503,497,17,13,67,32
31,1000,10,5.13,10.3,18,37,96,953,29,10,8,47,8.70794622,120,47,3.166019819,10.97917963,9.133805915,8.342245142,435,16,7,4,27,518,13,3,4,20,462,538,32,15,99,21
35,1000,10,5.13,10.3,18,37,4,949,26,10,15,51,6.944572611,90,30,2.469786514,9.116662854,6.844654137,7.037546943,457,15,5,5,25,492,11,5,10,26,482,518,13,17,60,30
30,1000,10,5.13,10.3,18,37,102,945,39,11,5,55,8.953419024,127,50,3.075054997,11.03091656,9.615616936,8.344603669,447,26,5,1,32,498,13,6,4,23,479,521,30,20,101,26
29,1000,10,5.13,10.3,18,37,101,950,32,13,5,50,8.475531355,119,38,3.104561119,10.8621894,9.462031664,7.535273247,452,19,12,5,36,498,13,1,0,14,488,512,23,15,92,27
33,1000,10,5.13,10.3,18,37,7,943,27,13,17,57,7.438843473,96,25,2.520906727,9.091010686,7.041680852,7.823497036,465,14,6,7,27,478,13,7,10,30,492,508,14,11,56,40
34,1000,10,5.13,10.3,18,37,7,948,25,14,13,52,6.99213166,83,30,2.517691017,9.267436751,6.335339614,7.656852784,487,6,8,2,16,461,19,6,11,36,503,497,19,11,49,34
36,1000,10,5.13,10.3,18,37,4,939,30,12,19,61,7.322392913,112,28,2.560841298,9.353273146,6.094399222,8.560250008,486,8,4,4,16,453,22,8,15,45,502,498,14,14,73,39
31,1000,10,5.13,10.3,18,37,97,953,28,11,8,47,8.708868669,120,46,3.179594204,11.02760642,9.155711066,8.325148989,435,15,8,4,27,518,13,3,4,20,462,538,33,13,102,18
32,1000,10,5.13,10.3,18,37,53,963,19,13,5,37,8.113802882,98,20,2.678248151,9.713114661,8.498094564,7.764713491,454,14,5,3,22,509,5,8,2,15,476,524,13,7,76,22
35,1000,10,5.13,10.3,18,37,5,951,25,10,14,49,6.934484652,80,29,2.469081711,9.129541756,6.861074284,7.002793141,458,14,5,5,24,493,11,5,9,25,482,518,23,6,61,19
30,1000,10,5.13,10.3,18,37,103,942,41,12,5,58,9.019478271,113,45,3.082315451,11.04631833,9.703532753,8.390568297,445,27,6,1,34,497,14,6,4,24,479,521,31,14,86,27
34,1000,10,5.13,10.3,18,37,8,949,25,14,12,51,6.986316554,103,30,2.509895233,9.263352172,6.362040779,7.618128858,486,7,8,2,17,463,18,6,10,34,503,497,18,12,73,30
36,1000,10,5.13,10.3,18,37,5,938,32,11,19,62,7.336448933,101,37,2.562146119,9.362793371,6.143015578,8.539468099,485,9,4,4,17,453,23,7,15,45,502,498,22,15,68,33
33,1000,10,5.13,10.3,18,37,8,944,27,13,16,56,7.441605774,103,36,2.533954161,9.079608319,7.051028954,7.819880961,465,14,6,7,27,479,13,7,9,29,492,508,21,15,71,32
29,1000,10,5.13,10.3,18,37,102,951,31,13,5,49,8.517262171,100,27,3.110501065,10.88445299,9.530821605,7.551213336,452,19,12,5,36,499,12,1,0,13,488,512,15,12,76,24
31,1000,10,5.13,10.3,18,37,98,951,30,11,8,49,8.734090149,116,40,3.193174068,11.0736236,9.213470306,8.322429122,434,16,8,4,28,517,14,3,4,21,462,538,32,8,96,20
35,1000,10,5.13,10.3,18,37,6,952,23,11,14,48,6.983209816,97,27,2.483271564,9.142876917,6.891386515,7.068651575,459,13,5,5,23,493,10,6,9,25,482,518,15,12,65,32
30,1000,10,5.13,10.3,18,37,104,941,43,11,5,59,9.022885897,133,29,3.079956448,11.07613291,9.744729947,8.359232729,444,28,6,1,35,497,15,5,4,24,479,521,17,12,111,22
37,1000,10,5.13,10.3,18,37,0,941,30,14,15,59,7.034,102,23,2.461679626,8.961201249,5.979919679,8.079681275,478,10,3,7,20,463,20,11,8,39,498,502,16,7,66,36
32,1000,10,5.13,10.3,18,37,54,963,18,14,5,37,8.129114184,103,38,2.681253699,9.728076106,8.516116752,7.777562233,454,13,6,3,22,509,5,8,2,15,476,524,27,11,78,25
29,1000,10,5.13,10.3,18,37,103,951,31,13,5,49,8.506490543,112,38,3.122243839,10.91828497,9.522682564,7.537932523,452,19,12,5,36,499,12,1,0,13,488,512,25,13,90,22
33,1000,10,5.13,10.3,18,37,9,945,27,13,15,55,7.429231832,100,27,2.532099111,9.084538086,7.042646091,7.803641643,465,15,6,6,27,480,12,7,9,28,492,508,15,12,72,28
36,1000,10,5.13,10.3,18,37,6,939,31,11,19,61,7.352651916,104,37,2.566029414,9.382160087,6.164151776,8.550698242,485,9,4,4,17,454,22,7,15,44,502,498,22,15,76,28
34,1000,10,5.13,10.3,18,37,9,950,25,13,12,50,7.002833261,95,27,2.515190676,9.266524047,6.437489514,7.575002084,485,8,8,2,18,465,17,5,10,32,503,497,15,12,72,23
35,1000,10,5.13,10.3,18,37,7,953,24,10,13,47,7.007325792,101,23,2.51766522,9.144664391,6.932530157,7.076923275,459,14,5,4,23,494,10,5,9,24,482,518,16,7,69,32
31,1000,10,5.13,10.3,18,37,99,950,31,11,8,50,8.782543541,129,44,3.202881362,11.10752844,9.237012118,8.392274986,433,17,8,4,29,517,14,3,4,21,462,538,30,14,104,25
37,1000,10,5.13,10.3,18,37,1,941,30,15,14,59,7.05297361,71,34,2.48071362,8.96778373,6.030437541,8.067361982,478,10,3,7,20,463,20,12,7,39,498,502,19,15,59,12
32,1000,10,5.13,10.3,18,37,55,964,19,13,4,36,8.133000696,101,33,2.700698222,9.734470096,8.54587239,7.75794931,455,13,5,3,21,509,6,8,1,15,476,524,24,9,79,22
33,1000,10,5.13,10.3,18,37,10,946,26,14,14,54,7.443017528,86,27,2.525921081,9.08268217,7.062153083,7.811886242,466,14,6,6,26,480,12,8,8,28,492,508,17,10,61,25
29,1000,10,5.13,10.3,18,37,104,951,31,13,5,49,8.53692484,110,36,3.108258093,10.93984685,9.537616774,7.58314034,452,19,12,5,36,499,12,1,0,13,488,512,24,12,94,16
38,1000,10,5.13,10.3,18,37,0,957,18,10,15,43,7.025,101,30,2.473668529,8.701466757,6.321285141,7.72310757,485,6,3,4,13,472,12,7,11,30,498,502,18,12,66,35
36,1000,10,5.13,10.3,18,37,7,943,29,9,19,57,7.342868556,108,37,2.566366087,9.382341001,6.164587177,8.530614042,486,9,3,4,16,457,20,6,15,41,502,498,19,18,76,32
34,1000,10,5.13,10.3,18,37,10,950,25,13,12,50,7.02140472,104,18,2.49709752,9.284478164,6.465905874,7.583609789,485,8,8,2,18,465,17,5,10,32,503,497,11,7,71,33
35,1000,10,5.13,10.3,18,37,8,953,25,10,12,47,7.027446715,101,28,2.528605504,9.154002384,7.000302084,7.052704847,459,14,5,4,23,494,11,5,8,24,482,518,13,15,71,30
31,1000,10,5.13,10.3,18,37,100,949,32,11,8,51,8.808426266,125,35,3.224374128,11.12494961,9.296174029,8.389579674,433,17,8,4,29,516,15,3,4,22,462,538,26,9,96,29
37,1000,10,5.13,10.3,18,37,2,942,29,15,14,58,7.080070972,78,30,2.484876493,8.957576836,6.047198373,8.104713511,478,10,3,7,20,464,19,12,7,38,498,502,16,14,59,19
32,1000,10,5.13,10.3,18,37,56,964,19,13,4,36,8.179103058,101,49,2.678948394,9.7419795,8.669304286,7.733805759,455,13,5,3,21,509,6,8,1,15,476,524,35,14,78,23
33,1000,10,5.13,10.3,18,37,11,945,27,14,14,55,7.476319071,111,33,2.521034544,9.090454626,7.110915552,7.830213817,466,14,6,6,26,479,13,8,8,29,492,508,17,16,74,37
38,1000,10,5.13,10.3,18,37,1,957,20,9,14,43,7.020527191,97,30,2.483716456,8.705684997,6.339360591,7.69626617,485,6,3,4,13,472,14,6,10,30,498,502,17,13,72,25
36,1000,10,5.13,10.3,18,37,8,942,30,9,19,58,7.39118349,107,30,2.557482426,9.377023311,6.231776583,8.559902903,485,10,3,4,17,457,20,6,15,41,502,498,12,18,77,30
34,1000,10,5.13,10.3,18,37,11,951,24,13,12,49,7.027478693,103,30,2.515813296,9.296757544,6.492145439,7.569274723,485,8,8,2,18,466,16,5,10,31,503,497,12,18,68,35
35,1000,10,5.13,10.3,18,37,9,953,25,10,12,47,7.073746961,97,28,2.516279509,9.161332322,7.053305747,7.09276755,459,14,5,4,23,494,11,5,8,24,482,518,14,14,59,38
31,1000,10,5.13,10.3,18,37,101,949,31,12,8,51,8.831396921,121,38,3.224935719,11.15074076,9.305481503,8.424283396,433,17,8,4,29,516,14,4,4,22,462,538,23,15,90,31
37,1000,10,5.13,10.3,18,37,3,943,29,15,13,57,7.069190367,105,30,2.508895156,8.964343854,6.052406649,8.077872224,479,8,4,7,19,464,21,11,6,38,498,502,18,12,70,35
32,1000,10,5.13,10.3,18,37,57,959,24,13,4,41,8.23482925,96,26,2.686327354,9.745534391,8.773741647,7.745282873,450,18,5,3,26,509,6,8,1,15,476,524,13,13,65,31
33,1000,10,5.13,10.3,18,37,12,946,27,13,14,54,7.477603111,92,29,2.511687854,9.086115589,7.111383619,7.832288132,466,14,6,6,26,480,13,7,8,28,492,508,15,14,60,32
36,1000,10,5.13,10.3,18,37,9,942,30,8,20,58,7.40567423,90,36,2.582429482,9.383696145,6.263949181,8.55656976,484,11,3,4,18,458,19,5,16,40,502,498,17,19,60,30
34,1000,10,5.13,10.3,18,37,12,952,23,13,12,48,7.049830128,92,32,2.52784261,9.301402907,6.508240514,7.597958046,486,7,8,2,17,466,16,5,10,31,503,497,20,12,64,28
38,1000,10,5.13,10.3,18,37,2,958,20,8,14,42,7.072463972,87,37,2.4861379,8.696735194,6.422772474,7.716978645,485,6,3,4,13,473,14,5,10,29,498,502,16,21,55,32
35,1000,10,5.13,10.3,18,37,10,952,26,10,12,48,7.099316613,111,25,2.5324352,9.166439696,7.106276362,7.092840553,458,15,5,4,24,494,11,5,8,24,482,518,12,13,80,31
31,1000,10,5.13,10.3,18,37,102,948,32,12,8,52,8.829778194,91,44,3.235054191,11.19049717,9.328110694,8.401842108,433,17,8,4,29,515,15,4,4,23,462,538,29,15,72,19
37,1000,10,5.13,10.3,18,37,4,944,29,15,12,56,7.093285101,79,17,2.498318095,8.957791717,6.124186851,8.054661453,479,8,4,7,19,465,21,11,5,37,498,502,7,10,58,21
36,1000,10,5.13,10.3,18,37,10,943,29,8,20,57,7.435333065,107,25,2.599483806,9.392878486,6.290598522,8.589262264,484,11,3,4,18,459,18,5,16,39,502,498,12,13,68,39
33,1000,10,5.13,10.3,18,37,13,946,27,13,14,54,7.503457593,100,27,2.518127162,9.086290918,7.124451755,7.870526239,466,14,6,6,26,480,13,7,8,28,492,508,13,14,67,33
32,1000,10,5.13,10.3,18,37,58,959,24,13,4,41,8.248330369,113,34,2.717943897,9.764365702,8.824613628,7.724836416,450,18,5,3,26,509,6,8,1,15,476,524,21,13,93,20
38,1000,10,5.13,10.3,18,37,3,958,20,8,14,42,7.113931993,112,34,2.506943914,8.705974792,6.47582118,7.746958258,485,6,3,4,13,473,14,5,10,29,498,502,21,13,76,36
34,1000,10,5.13,10.3,18,37,13,954,21,13,12,46,7.055735758,98,24,2.522352823,9.313469023,6.550167319,7.567407639,486,7,8,2,17,468,14,5,10,29,503,497,14,10,69,29
35,1000,10,5.13,10.3,18,37,11,954,25,9,12,46,7.081926187,88,23,2.537810164,9.169840471,7.122621683,7.044058949,458,15,5,4,24,496,10,4,8,22,482,518,17,6,63,25
31,1000,10,5.13,10.3,18,37,103,947,33,12,8,53,8.857613594,115,38,3.234636574,11.22549017,9.378036943,8.410707299,432,18,8,4,30,515,15,4,4,23,462,538,29,9,96,19
37,1000,10,5.13,10.3,18,37,5,944,29,15,12,56,7.127794556,107,29,2.494318603,8.958613946,6.139886098,8.107831233,479,8,4,7,19,465,21,11,5,37,498,502,14,15,70,37
36,1000,10,5.13,10.3,18,37,11,943,29,8,20,57,7.458030898,99,27,2.60060931,9.418052281,6.335406909,8.589671947,484,11,3,4,18,459,18,5,16,39,502,498,17,10,66,33
33,1000,10,5.13,10.3,18,37,14,946,28,13,13,54,7.564418311,113,31,2.527533724,9.101630102,7.212050751,7.90568768,466,14,6,6,26,480,14,7,7,28,492,508,15,16,73,40
34,1000,10,5.13,10.3,18,37,14,953,22,13,12,47,7.096090147,118,26,2.54024327,9.316783232,6.604211246,7.593907225,486,7,8,2,17,467,15,5,10,30,503,497,16,10,76,42
38,1000,10,5.13,10.3,18,37,4,958,21,8,13,42,7.144876746,91,37,2.503610837,8.730979116,6.559122284,7.725963842,486,5,3,4,12,472,16,5,9,30,498,502,26,11,67,24
32,1000,10,5.13,10.3,18,37,59,960,25,11,4,40,8.276286649,108,28,2.731587882,9.782074048,8.861265144,7.74489397,451,18,4,3,25,509,7,7,1,15,476,524,17,11,85,23
35,1000,10,5.13,10.3,18,37,12,954,25,9,12,46,7.114352698,89,31,2.533581703,9.1892695,7.149289857,7.081843604,458,15,5,4,24,496,10,4,8,22,482,518,23,8,62,27
31,1000,10,5.13,10.3,18,37,104,947,33,12,8,53,8.895438706,113,31,3.229304511,11.26266063,9.447834549,8.421076476,432,18,8,4,30,515,15,4,4,23,462,538,19,12,93,20
39,1000,10,5.13,10.3,18,37,0,936,28,15,21,64,7.362,114,27,2.523992462,9.012117433,6.575757576,8.132673267,471,12,9,3,24,465,16,6,18,40,495,505,18,9,83,31
37,1000,10,5.13,10.3,18,37,6,943,29,16,12,57,7.149036973,106,32,2.49670693,8.967544519,6.155323975,8.134831939,479,7,5,7,19,464,22,11,5,38,498,502,16,16,75,31
36,1000,10,5.13,10.3,18,37,12,944,28,8,20,56,7.462400422,90,36,2.601899662,9.427691216,6.358103421,8.575567279,484,11,3,4,18,460,17,5,16,38,502,498,25,11,65,25
34,1000,10,5.13,10.3,18,37,15,954,22,12,12,46,7.119252767,87,31,2.547263211,9.319460946,6.59920243,7.645581377,487,7,7,2,16,467,15,5,10,30,503,497,19,12,65,22
33,1000,10,5.13,10.3,18,37,15,949,24,14,13,51,7.554535428,97,27,2.533919411,9.10004976,7.208157231,7.890004077,466,14,6,6,26,483,10,8,7,25,492,508,15,12,69,28
38,1000,10,5.13,10.3,18,37,5,958,21,8,13,42,7.163538533,108,37,2.520790966,8.740128358,6.583141449,7.739310939,486,5,3,4,12,472,16,5,9,30,498,502,22,15,69,39
35,1000,10,5.13,10.3,18,37,13,954,25,9,12,46,7.117729087,99,40,2.546669953,9.190411376,7.16939423,7.069654572,458,15,5,4,24,496,10,4,8,22,482,518,23,17,71,28
32,1000,10,5.13,10.3,18,37,60,960,25,11,4,40,8.31212209,105,34,2.739679824,9.81168536,8.901776218,7.776482082,451,18,4,3,25,509,7,7,1,15,476,524,22,12,82,23
37,1000,10,5.13,10.3,18,37,7,942,30,16,12,58,7.169179236,93,29,2.500099746,8.983442503,6.184031912,8.146476781,479,7,5,7,19,463,23,11,5,39,498,502,17,12,65,28
39,1000,10,5.13,10.3,18,37,1,936,28,15,21,64,7.35656504,87,24,2.518135807,9.046134307,6.612827968,8.085574645,471,12,9,3,24,465,16,6,18,40,495,505,13,11,64,23
36,1000,10,5.13,10.3,18,37,13,947,26,8,19,53,7.441424214,85,20,2.607373875,9.432605024,6.39059239,8.500696454,484,11,3,4,18,463,15,5,15,35,502,498,11,9,61,24
34,1000,10,5.13,10.3,18,37,16,954,22,12,12,46,7.124367828,104,30,2.548687134,9.35497668,6.669315158,7.584914092,486,8,7,2,17,468,14,5,10,29,503,497,19,11,68,36
33,1000,10,5.13,10.3,18,37,16,950,23,15,12,50,7.578220221,91,32,2.547712099,9.120979539,7.253009976,7.893187623,466,15,6,5,26,484,8,9,7,24,492,508,22,10,62,29
38,1000,10,5.13,10.3,18,37,6,958,19,10,13,42,7.199269532,95,30,2.514126515,8.762646827,6.62282858,7.77111733,486,5,3,4,12,472,14,7,9,30,498,502,12,18,62,33
35,1000,10,5.13,10.3,18,37,14,954,26,9,11,46,7.14507595,104,24,2.548167024,9.206701997,7.180198926,7.112393953,458,16,5,3,24,496,10,4,8,22,482,518,16,8,69,35
32,1000,10,5.13,10.3,18,37,61,960,24,13,3,40,8.341581177,104,23,2.73890344,9.843502581,8.962925668,7.777153738,451,17,5,3,25,509,7,8,0,15,476,524,15,8,86,18
37,1000,10,5.13,10.3,18,37,8,943,30,15,12,57,7.184011006,99,24,2.494980023,8.986778982,6.221425994,8.138926017,479,7,5,7,19,464,23,10,5,38,498,502,11,13,73,26
39,1000,10,5.13,10.3,18,37,2,938,28,13,21,62,7.322891037,98,24,2.52566219,9.059114238,6.630572302,8.00150049,471,12,9,3,24,467,16,4,18,38,495,505,15,9,72,26
36,1000,10,5.13,10.3,18,37,14,947,26,8,19,53,7.483959293,86,30,2.615401203,9.446227839,6.444296885,8.531972403,484,11,3,4,18,463,15,5,15,35,502,498,17,13,62,24
34,1000,10,5.13,10.3,18,37,17,954,22,12,12,46,7.122737559,101,33,2.570593714,9.371264656,6.68233438,7.568457476,485,9,7,2,18,469,13,5,10,28,503,497,15,18,70,31
33,1000,10,5.13,10.3,18,37,17,952,22,14,12,48,7.595146938,91,38,2.556740678,9.142852767,7.297948628,7.882984672,467,14,6,5,25,485,8,8,7,23,492,508,17,21,60,31
38,1000,10,5.13,10.3,18,37,7,960,17,9,14,40,7.220346712,84,23,2.527108891,8.756889699,6.669158375,7.76714311,487,4,3,4,11,473,13,6,10,29,498,502,8,15,53,31
35,1000,10,5.13,10.3,18,37,15,954,26,9,11,46,7.151524906,100,19,2.560189456,9.220563799,7.182624379,7.122586787,458,16,5,3,24,496,10,4,8,22,482,518,12,7,73,27
37,1000,10,5.13,10.3,18,37,9,943,30,14,13,57,7.222607432,95,33,2.496612044,8.974275342,6.309223974,8.128712934,479,7,5,7,19,464,23,9,6,38,498,502,18,15,66,29
39,1000,10,5.13,10.3,18,37,3,939,27,13,21,61,7.312911043,97,30,2.543744485,9.064601083,6.659439371,7.953442681,471,12,9,3,24,468,15,4,18,37,495,505,14,16,67,30
32,1000,10,5.13,10.3,18,37,62,959,24,14,3,41,8.392191361,108,33,2.735761079,9.87354584,9.015494693,7.825984517,451,16,6,3,25,508,8,8,0,16,476,524,18,15,88,20
36,1000,10,5.13,10.3,18,37,15,946,27,9,18,54,7.529029085,101,31,2.626232243,9.477713297,6.507911534,8.558348384,483,11,4,4,19,463,16,5,14,35,502,498,18,13,73,28
34,1000,10,5.13,10.3,18,37,18,954,23,11,12,46,7.119155946,106,33,2.539087223,9.364014211,6.707862043,7.535415168,485,9,7,2,18,469,14,4,10,28,503,497,15,18,65,41
33,1000,10,5.13,10.3,18,37,18,952,22,14,12,48,7.600039742,105,35,2.547537989,9.157775594,7.303646361,7.887097898,467,14,6,5,25,485,8,8,7,23,492,508,23,12,68,37
38,1000,10,5.13,10.3,18,37,8,958,19,9,14,42,7.292176077,86,28,2.540527866,8.777198164,6.750898798,7.829140391,486,5,3,4,12,472,14,6,10,30,498,502,16,12,54,32
35,1000,10,5.13,10.3,18,37,16,955,26,8,11,45,7.166589306,106,32,2.547878032,9.230874578,7.225999212,7.111308273,459,16,4,3,23,496,10,4,8,22,482,518,22,10,72,34
37,1000,10,5.13,10.3,18,37,10,943,30,14,13,57,7.270658934,101,31,2.517330481,8.988617791,6.391092742,8.14321663,479,7,5,7,19,464,23,9,6,38,498,502,16,15,76,25
39,1000,10,5.13,10.3,18,37,4,940,26,13,21,60,7.305954084,93,28,2.538238137,9.064246155,6.663552517,7.935634828,472,11,9,3,23,468,15,4,18,37,495,505,15,13,62,31
32,1000,10,5.13,10.3,18,37,63,959,23,15,3,41,8.400199849,119,32,2.747280408,9.918108193,9.085587833,7.777595497,450,16,7,3,26,509,7,8,0,15,476,524,22,10,97,22
36,1000,10,5.13,10.3,18,37,16,947,26,9,18,53,7.538474651,89,36,2.631174632,9.488749968,6.567072757,8.51767897,483,11,4,4,19,464,15,5,14,34,502,498,21,15,58,31
34,1000,10,5.13,10.3,18,37,19,956,21,11,12,44,7.101199875,104,24,2.551267724,9.373885641,6.734410005,7.472417793,485,9,7,2,18,471,12,4,10,26,503,497,14,10,73,31
35,1000,10,5.13,10.3,18,37,17,956,26,6,12,44,7.187486892,95,31,2.570358602,9.265948212,7.297368164,7.085242156,458,17,3,4,24,498,9,3,8,20,482,518,22,9,68,27
38,1000,10,5.13,10.3,18,37,9,958,19,9,14,42,7.317531287,84,29,2.566807625,8.801670207,6.78321957,7.84758554,486,5,3,4,12,472,14,6,10,30,498,502,15,14,56,28
33,1000,10,5.13,10.3,18,37,19,951,23,15,11,49,7.603025349,106,29,2.520422097,9.164670349,7.338073699,7.859632064,466,15,6,5,26,485,8,9,6,23,492,508,17,12,71,35
37,1000,10,5.13,10.3,18,37,11,944,30,13,13,56,7.255953738,93,39,2.514517125,8.980118289,6.369905295,8.134942034,480,7,4,7,18,464,23,9,6,38,498,502,22,17,64,29
39,1000,10,5.13,10.3,18,37,5,941,24,13,22,59,7.347578092,83,24,2.541195815,9.080458641,6.750297927,7.933030928,472,11,8,4,23,469,13,5,18,36,495,505,13,11,59,24
36,1000,10,5.13,10.3,18,37,17,948,25,9,18,52,7.557411646,104,26,2.619807306,9.500486272,6.580824836,8.541842527,483,11,4,4,19,465,14,5,14,33,502,498,19,7,78,26
32,1000,10,5.13,10.3,18,37,64,959,23,15,3,41,8.41125169,102,32,2.761617572,9.954020091,9.112956116,7.773825533,450,16,7,3,26,509,7,8,0,15,476,524,18,14,88,14
34,1000,10,5.13,10.3,18,37,20,956,21,11,12,44,7.104970778,103,30,2.540703283,9.384863415,6.756483239,7.457665409,485,9,7,2,18,471,12,4,10,26,503,497,18,12,74,29
35,1000,10,5.13,10.3,18,37,18,957,24,7,12,43,7.173645326,85,39,2.563472106,9.284255397,7.274146775,7.080128534,459,15,4,4,23,498,9,3,8,20,482,518,28,11,58,27
38,1000,10,5.13,10.3,18,37,10,959,17,10,14,41,7.353824141,92,34,2.55533087,8.807750185,6.797097356,7.906114857,486,4,4,4,12,473,13,6,10,29,498,502,21,13,58,34
33,1000,10,5.13,10.3,18,37,20,952,23,14,11,48,7.596825467,81,29,2.516599143,9.163308129,7.34044913,7.845126959,467,15,5,5,25,485,8,9,6,23,492,508,14,15,56,25
37,1000,10,5.13,10.3,18,37,12,946,28,13,13,54,7.292103897,99,32,2.533779724,8.994303713,6.453153197,8.124369731,480,7,4,7,18,466,21,9,6,36,498,502,16,16,79,20
39,1000,10,5.13,10.3,18,37,6,941,24,14,21,59,7.344905981,96,23,2.546750761,9.075433548,6.769026231,7.909382171,472,10,9,4,23,469,14,5,17,36,495,505,15,8,69,27
36,1000,10,5.13,10.3,18,37,18,950,25,8,17,50,7.580567002,87,19,2.610633121,9.503296663,6.615333409,8.553553475,484,11,4,3,18,466,14,4,14,32,502,498,17,2,59,28
34,1000,10,5.13,10.3,18,37,21,956,23,11,10,44,7.102085672,94,30,2.533084572,9.413119743,6.770599264,7.437573928,485,9,7,2,18,471,14,4,8,26,503,497,13,17,69,25
35,1000,10,5.13,10.3,18,37,19,955,25,8,12,45,7.186944605,92,42,2.562008693,9.27705446,7.287077487,7.093770765,457,16,5,4,25,498,9,3,8,20,482,518,24,18,61,31
32,1000,10,5.13,10.3,18,37,65,959,23,15,3,41,8.433686087,109,40,2.760880142,9.977637977,9.126639695,7.804209145,450,16,7,3,26,509,7,8,0,15,476,524,23,17,89,20
38,1000,10,5.13,10.3,18,37,11,957,17,11,15,43,7.411148396,79,22,2.577408748,8.814615482,6.850918664,7.966914147,486,4,4,4,12,471,13,7,11,31,498,502,9,13,55,24
33,1000,10,5.13,10.3,18,37,21,952,23,14,11,48,7.619457751,110,24,2.509912568,9.163990431,7.380867615,7.850533237,468,14,5,5,24,484,9,9,6,24,492,508,13,11,70,40
37,1000,10,5.13,10.3,18,37,13,945,29,13,13,55,7.315781042,100,33,2.533675354,9.001439703,6.468011987,8.156794966,480,7,4,7,18,465,22,9,6,37,498,502,20,13,68,32
39,1000,10,5.13,10.3,18,37,7,943,22,14,21,57,7.337149784,95,39,2.561134883,9.085205026,6.818908914,7.845128459,471,11,9,4,24,472,11,5,17,33,495,505,20,19,67,28
36,1000,10,5.13,10.3,18,37,19,951,24,8,17,49,7.57536007,99,29,2.604916329,9.526515481,6.6523412,8.505792745,484,11,4,3,18,467,13,4,14,31,502,498,16,13,71,28
34,1000,10,5.13,10.3,18,37,22,958,21,11,10,42,7.098606881,95,27,2.537099588,9.430064195,6.795148258,7.405728989,485,9,7,2,18,473,12,4,8,24,503,497,15,12,65,30
35,1000,10,5.13,10.3,18,37,20,954,26,8,12,46,7.247718224,88,32,2.555997755,9.269105079,7.361567671,7.141781093,456,17,5,4,26,498,9,3,8,20,482,518,21,11,57,31
33,1000,10,5.13,10.3,18,37,22,952,23,14,11,48,7.638256359,83,27,2.506125715,9.176317279,7.394597251,7.874241164,467,15,5,5,25,485,8,9,6,23,492,508,15,12,60,23
38,1000,10,5.13,10.3,18,37,12,959,15,11,15,41,7.412558127,101,29,2.581881887,8.825042602,6.869668635,7.951121805,486,4,4,4,12,473,11,7,11,29,498,502,20,9,68,33
32,1000,10,5.13,10.3,18,37,66,960,23,14,3,40,8.442430549,112,30,2.757371831,9.984138492,9.144119772,7.805018202,450,16,7,3,26,510,7,7,0,14,476,524,19,11,86,26
37,1000,10,5.13,10.3,18,37,14,945,29,13,13,55,7.337714113,101,29,2.530369067,9.003678468,6.533077327,8.13593945,480,7,4,7,18,465,22,9,6,37,498,502,15,14,75,26
39,1000,10,5.13,10.3,18,37,8,944,22,13,21,56,7.342925234,88,31,2.563512753,9.09551725,6.842825968,7.833121545,471,11,9,4,24,473,11,4,17,32,495,505,14,17,64,24
36,1000,10,5.13,10.3,18,37,20,950,25,8,17,50,7.594459389,102,31,2.616865005,9.545617935,6.681673179,8.514577215,484,11,4,3,18,466,14,4,14,32,502,498,20,11,75,27
34,1000,10,5.13,10.3,18,37,23,958,22,11,9,42,7.101887974,99,31,2.523441103,9.447472403,6.826278194,7.380825036,485,9,7,2,18,473,13,4,7,24,503,497,19,12,73,26
35,1000,10,5.13,10.3,18,37,21,954,25,9,12,46,7.269135567,97,37,2.556786929,9.293102852,7.373971006,7.171585988,456,16,6,4,26,498,9,3,8,20,482,518,20,17,71,26
33,1000,10,5.13,10.3,18,37,23,952,23,14,11,48,7.647960891,104,29,2.493235926,9.187698959,7.398251869,7.889805062,467,15,5,5,25,485,8,9,6,23,492,508,20,9,68,36
38,1000,10,5.13,10.3,18,37,13,960,15,10,15,40,7.397167571,83,27,2.571859493,8.834430341,6.831588738,7.958239799,487,4,3,4,11,473,11,7,11,29,498,502,17,10,58,25
32,1000,10,5.13,10.3,18,37,67,958,25,14,3,42,8.508321967,113,29,2.748800109,10.01405109,9.220379016,7.861491519,448,18,7,3,28,510,7,7,0,14,476,524,16,13,87,26
37,1000,10,5.13,10.3,18,37,15,947,29,11,13,53,7.336148316,103,24,2.508668192,9.022161072,6.587057709,8.079270073,480,7,4,7,18,467,22,7,6,35,498,502,11,13,63,40
39,1000,10,5.13,10.3,18,37,9,945,21,13,21,55,7.340736821,98,38,2.561116102,9.109728138,6.866615175,7.80546992,471,11,9,4,24,474,10,4,17,31,495,505,24,14,65,33
36,1000,10,5.13,10.3,18,37,21,950,25,8,17,50,7.629217463,106,29,2.60883937,9.554596692,6.726704127,8.538979902,484,11,4,3,18,466,14,4,14,32,502,498,13,16,78,28
34,1000,10,5.13,10.3,18,37,24,958,22,11,9,42,7.126558626,88,29,2.526751912,9.468315834,6.863770331,7.392519416,485,9,7,2,18,473,13,4,7,24,503,497,16,13,65,23
35,1000,10,5.13,10.3,18,37,22,954,25,9,12,46,7.303443301,88,27,2.552385484,9.305608715,7.433864356,7.182086258,456,16,6,4,26,498,9,3,8,20,482,518,13,14,62,26
33,1000,10,5.13,10.3,18,37,24,951,24,14,11,49,7.660725856,106,26,2.495523341,9.20480796,7.44352934,7.871081537,467,15,5,5,25,484,9,9,6,24,492,508,20,6,69,37
38,1000,10,5.13,10.3,18,37,14,959,16,10,15,41,7.451699551,114,32,2.582890188,8.846550694,6.914997047,7.984125541,486,5,3,4,12,473,11,7,11,29,498,502,18,14,75,39
37,1000,10,5.13,10.3,18,37,16,949,28,10,13,51,7.329347799,96,33,2.516475569,9.032295328,6.611982315,8.040997222,480,7,4,7,18,469,21,6,6,33,498,502,20,13,66,30
32,1000,10,5.13,10.3,18,37,68,959,25,13,3,41,8.537694903,114,35,2.758115484,10.02936201,9.293523988,7.851102069,448,18,7,3,28,511,7,6,0,13,476,524,25,10,86,28
39,1000,10,5.13,10.3,18,37,10,947,20,12,21,53,7.337793998,98,30,2.537140405,9.11626254,6.881018387,7.785524548,471,11,9,4,24,476,9,3,17,29,495,505,16,14,67,31
36,1000,10,5.13,10.3,18,37,22,949,25,9,17,51,7.703405868,83,18,2.610181997,9.55652528,6.80786781,8.606137003,484,10,5,3,18,465,15,4,14,33,502,498,12,6,60,23
34,1000,10,5.13,10.3,18,37,25,958,22,11,9,42,7.124126607,108,31,2.516836892,9.481809495,6.864291514,7.387098543,485,9,7,2,18,473,13,4,7,24,503,497,16,15,71,37
35,1000,10,5.13,10.3,18,37,23,954,25,9,12,46,7.327849354,96,34,2.545148362,9.304171065,7.443310999,7.220412071,456,16,6,4,26,498,9,3,8,20,482,518,22,12,71,25
33,1000,10,5.13,10.3,18,37,25,949,26,14,11,51,7.692859496,83,36,2.501227937,9.225279304,7.48383387,7.895301637,466,16,5,5,26,483,10,9,6,25,492,508,15,21,55,28
38,1000,10,5.13,10.3,18,37,15,960,15,10,15,40,7.458463619,100,31,2.563020751,8.848293796,6.948730323,7.964135296,486,5,3,4,12,474,10,7,11,28,498,502,17,14,71,29
37,1000,10,5.13,10.3,18,37,17,948,29,11,12,52,7.340396937,76,30,2.532595123,9.054086336,6.617173291,8.057857846,479,8,5,6,19,469,21,6,6,33,498,502,19,11,50,26
32,1000,10,5.13,10.3,18,37,69,959,25,13,3,41,8.54060879,114,34,2.79836946,10.04661731,9.322353686,7.830474113,448,18,7,3,28,511,7,6,0,13,476,524,24,10,84,30
34,1000,10,5.13,10.3,18,37,26,959,22,11,8,41,7.140798213,116,32,2.511524763,9.489765604,6.863983314,7.420954942,485,9,7,2,18,474,13,4,6,23,503,497,24,8,76,40
36,1000,10,5.13,10.3,18,37,23,949,25,9,17,51,7.682594615,119,31,2.600506523,9.563398588,6.849114293,8.522769557,484,10,5,3,18,465,15,4,14,33,502,498,16,15,88,31
39,1000,10,5.13,10.3,18,37,11,946,23,12,19,54,7.332333167,108,30,2.533725576,9.132677202,6.929416223,7.727271558,471,11,9,4,24,475,12,3,15,30,495,505,22,8,79,29
35,1000,10,5.13,10.3,18,37,24,953,26,9,12,47,7.348302501,100,30,2.549312576,9.324774401,7.448632769,7.254944993,455,17,6,4,27,498,9,3,8,20,482,518,17,13,70,30
38,1000,10,5.13,10.3,18,37,16,960,16,10,14,40,7.452501236,98,33,2.571423583,8.849934022,6.952780097,7.948240533,486,5,3,4,12,474,11,7,10,28,498,502,23,10,60,38
33,1000,10,5.13,10.3,18,37,26,950,25,14,11,50,7.743085223,76,36,2.490877334,9.243149568,7.547344715,7.932660675,466,16,5,5,26,484,9,9,6,24,492,508,22,14,54,22
37,1000,10,5.13,10.3,18,37,18,948,29,11,12,52,7.375442886,107,31,2.545584204,9.069213102,6.643378281,8.101674307,479,8,5,6,19,469,21,6,6,33,498,502,20,11,67,40
32,1000,10,5.13,10.3,18,37,70,959,25,13,3,41,8.553674211,96,45,2.812150398,10.10779392,9.33309077,7.84565459,448,18,7,3,28,511,7,6,0,13,476,524,34,11,73,23
34,1000,10,5.13,10.3,18,37,27,960,21,11,8,40,7.148972785,93,32,2.521702172,9.513784052,6.900118365,7.400831484,485,9,7,2,18,475,12,4,6,22,503,497,22,10,71,22
36,1000,10,5.13,10.3,18,37,24,950,25,9,16,50,7.671134369,91,29,2.60552922,9.594729434,6.88582446,8.462751988,484,10,5,3,18,466,15,4,13,32,502,498,18,11,61,30
39,1000,10,5.13,10.3,18,37,12,948,21,13,18,52,7.340375187,77,24,2.532967891,9.125753311,6.915006607,7.757320626,473,9,10,3,22,475,12,3,15,30,495,505,14,10,50,27
35,1000,10,5.13,10.3,18,37,25,951,28,9,12,49,7.392695098,99,35,2.549774565,9.335245891,7.475722857,7.315437609,454,18,6,4,28,497,10,3,8,21,482,518,19,16,72,27
38,1000,10,5.13,10.3,18,37,17,961,15,11,13,39,7.48495308,103,29,2.577378734,8.839943869,6.991826791,7.974150076,486,5,3,4,12,475,10,8,9,27,498,502,16,13,77,26
33,1000,10,5.13,10.3,18,37,27,951,24,14,11,49,7.735082617,88,37,2.503651033,9.25475454,7.560930989,7.903749154,466,16,5,5,26,485,8,9,6,23,492,508,18,19,58,30
37,1000,10,5.13,10.3,18,37,19,948,29,11,12,52,7.384457681,101,22,2.564681837,9.08186764,6.689344867,8.074031748,479,8,5,6,19,469,21,6,6,33,498,502,16,6,70,31
34,1000,10,5.13,10.3,18,37,28,961,21,10,8,39,7.166216582,116,20,2.532761031,9.522404146,6.952495874,7.382517418,485,9,7,2,18,476,12,3,6,21,503,497,9,11,84,32
36,1000,10,5.13,10.3,18,37,25,951,25,9,15,49,7.683513521,106,33,2.603956617,9.624638468,6.96166368,8.411161353,484,10,5,3,18,467,15,4,12,31,502,498,14,19,69,37
39,1000,10,5.13,10.3,18,37,13,948,22,12,18,52,7.373416959,87,27,2.550268435,9.135766376,6.954956208,7.783591359,472,10,10,3,23,476,12,2,15,29,495,505,17,10,65,22
32,1000,10,5.13,10.3,18,37,71,958,26,14,2,42,8.550346007,98,38,2.823568998,10.11592527,9.333868254,7.838596791,447,19,8,2,29,511,7,6,0,13,476,524,26,12,69,29
35,1000,10,5.13,10.3,18,37,26,951,27,10,12,49,7.396259668,104,29,2.571180614,9.341075826,7.469299588,7.328295881,454,18,6,4,28,497,9,4,8,21,482,518,19,10,73,31
38,1000,10,5.13,10.3,18,37,18,962,13,12,13,38,7.543754482,85,33,2.598117121,8.834816958,7.050377885,8.033199791,487,3,4,4,11,475,10,8,9,27,498,502,15,18,62,23
33,1000,10,5.13,10.3,18,37,28,951,24,14,11,49,7.723631406,97,33,2.511124311,9.283942608,7.559260909,7.882824879,466,16,5,5,26,485,8,9,6,23,492,508,19,14,70,27
37,1000,10,5.13,10.3,18,37,20,948,29,11,12,52,7.403408685,96,33,2.556871518,9.084350109,6.739067714,8.062456103,479,8,5,6,19,469,21,6,6,33,498,502,21,12,63,33
34,1000,10,5.13,10.3,18,37,29,964,19,10,7,36,7.132550455,116,33,2.531966883,9.555285235,6.958458185,7.308744441,485,9,7,2,18,479,10,3,5,18,503,497,20,13,78,38
36,1000,10,5.13,10.3,18,37,26,949,27,9,15,51,7.706107569,95,34,2.60341994,9.624606856,6.958330862,8.459890516,483,11,5,3,19,466,16,4,12,32,502,498,20,14,65,30
35,1000,10,5.13,10.3,18,37,27,951,27,10,12,49,7.423667915,89,32,2.567316714,9.321906457,7.501548838,7.351199566,455,17,6,4,27,496,10,4,8,22,482,518,22,10,63,26
39,1000,10,5.13,10.3,18,37,14,948,21,13,18,52,7.415024503,79,40,2.5617965,9.130367363,6.953360153,7.867546986,472,10,10,3,23,476,11,3,15,29,495,505,26,14,54,25
32,1000,10,5.13,10.3,18,37,72,958,27,13,2,42,8.566473576,106,32,2.831332141,10.1170973,9.369969658,7.836580189,446,20,8,2,30,512,7,5,0,12,476,524,24,8,83,23
38,1000,10,5.13,10.3,18,37,19,962,13,12,13,38,7.568775565,89,34,2.61163892,8.857699221,7.08145971,8.052208426,487,3,4,4,11,475,10,8,9,27,498,502,19,15,62,27
33,1000,10,5.13,10.3,18,37,29,951,25,14,10,49,7.750058608,91,28,2.513597949,9.29955007,7.60513158,7.890421006,466,16,5,5,26,485,9,9,5,23,492,508,19,9,68,23
37,1000,10,5.13,10.3,18,37,21,949,29,10,12,51,7.401583129,103,31,2.558068903,9.103729009,6.785486911,8.012770214,479,8,5,6,19,470,21,5,6,32,498,502,17,14,74,29
34,1000,10,5.13,10.3,18,37,30,964,19,10,7,36,7.149923266,87,34,2.537351007,9.567162175,6.993162026,7.308576995,485,9,7,2,18,479,10,3,5,18,503,497,24,10,70,17
36,1000,10,5.13,10.3,18,37,27,952,25,8,15,48,7.694477289,117,30,2.588548743,9.621862933,6.982063782,8.412612993,484,10,5,3,18,468,15,3,12,30,502,498,13,17,89,28
35,1000,10,5.13,10.3,18,37,28,951,28,10,11,49,7.471918743,105,25,2.581121144,9.318795994,7.548436556,7.40071877,454,18,6,4,28,497,10,4,7,21,482,518,15,10,69,36
39,1000,10,5.13,10.3,18,37,15,947,22,12,19,53,7.435701829,106,32,2.579733702,9.156060214,6.996725491,7.865985566,471,11,9,4,24,476,11,3,15,29,495,505,14,18,82,24
32,1000,10,5.13,10.3,18,37,73,958,27,13,2,42,8.556634895,120,33,2.820697355,10.13447086,9.37749017,7.810972469,446,20,8,2,30,512,7,5,0,12,476,524,20,13,90,30
38,1000,10,5.13,10.3,18,37,20,961,13,13,13,39,7.595804652,84,27,2.621496706,8.88066147,7.123457145,8.064388435,486,3,5,4,12,475,10,8,9,27,498,502,19,8,62,22
33,1000,10,5.13,10.3,18,37,30,952,24,14,10,48,7.748775569,116,30,2.501038544,9.291471204,7.621095854,7.872433877,466,16,5,5,26,486,8,9,5,22,492,508,14,16,90,26
37,1000,10,5.13,10.3,18,37,22,949,29,10,12,51,7.387424528,104,33,2.553182577,9.104076919,6.781934316,7.988090117,479,8,5,6,19,470,21,5,6,32,498,502,21,12,72,32
34,1000,10,5.13,10.3,18,37,31,964,19,10,7,36,7.162036035,94,36,2.552991492,9.571716347,7.024294198,7.301440751,484,10,7,2,19,480,9,3,5,17,503,497,20,16,73,21
36,1000,10,5.13,10.3,18,37,28,952,26,8,14,48,7.732157411,102,24,2.59028162,9.634404742,7.061856775,8.407841987,484,10,5,3,18,468,16,3,11,30,502,498,11,13,70,32
35,1000,10,5.13,10.3,18,37,29,951,29,10,10,49,7.45079024,107,38,2.582672163,9.314630487,7.553163366,7.355531848,454,18,6,4,28,497,11,4,6,21,482,518,22,16,78,29
39,1000,10,5.13,10.3,18,37,16,949,21,13,17,51,7.432393429,95,34,2.595208077,9.165711609,7.051111722,7.806125003,471,11,9,4,24,478,10,4,13,27,495,505,23,11,69,26
38,1000,10,5.13,10.3,18,37,21,962,13,12,13,38,7.610054589,101,42,2.629708642,8.879001243,7.125274889,8.090971503,487,3,4,4,11,475,10,8,9,27,498,502,26,16,76,25
33,1000,10,5.13,10.3,18,37,31,951,25,13,11,49,7.798873435,108,29,2.504860796,9.29319813,7.703434438,7.891306479,465,17,4,6,27,486,8,9,5,22,492,508,16,13,72,36
32,1000,10,5.13,10.3,18,37,74,958,27,13,2,42,8.58489561,113,33,2.845740387,10.16906972,9.381250916,7.861488882,446,20,8,2,30,512,7,5,0,12,476,524,23,10,89,24
37,1000,10,5.13,10.3,18,37,23,950,28,11,11,50,7.394331711,110,26,2.557452161,9.132375367,6.795385376,7.988505565,480,8,4,6,18,470,20,7,5,32,498,502,14,12,82,28
34,1000,10,5.13,10.3,18,37,32,964,19,10,7,36,7.197940984,108,35,2.56791769,9.580722186,7.07160452,7.325802637,484,10,7,2,19,480,9,3,5,17,503,497,21,14,84,24
36,1000,10,5.13,10.3,18,37,29,953,27,7,13,47,7.726133875,115,27,2.584305843,9.647944092,7.060119829,8.397497431,485,10,4,3,17,468,17,3,10,30,502,498,16,11,84,31
35,1000,10,5.13,10.3,18,37,30,952,28,10,10,48,7.483728893,95,34,2.577850534,9.317897678,7.603352858,7.372418563,455,17,6,4,27,497,11,4,6,21,482,518,20,14,75,20
39,1000,10,5.13,10.3,18,37,17,951,21,11,17,49,7.433496276,103,29,2.588246698,9.161693963,7.098754304,7.761609695,471,11,8,5,24,480,10,3,12,25,495,505,18,11,71,32
38,1000,10,5.13,10.3,18,37,22,962,13,11,14,38,7.635815652,90,34,2.619305025,8.873525933,7.157870477,8.109952499,486,4,3,5,12,476,9,8,9,26,498,502,17,17,62,28
33,1000,10,5.13,10.3,18,37,32,952,24,9,15,48,7.815291998,99,36,2.505519734,9.288156171,7.677331901,7.948906895,467,15,3,7,25,485,9,6,8,23,492,508,26,10,73,26
37,1000,10,5.13,10.3,18,37,24,952,26,11,11,48,7.390649118,100,26,2.554115151,9.141597931,6.818028164,7.958707356,480,8,4,6,18,472,18,7,5,30,498,502,14,12,62,38
32,1000,10,5.13,10.3,18,37,75,959,25,14,2,41,8.643986924,116,29,2.858727995,10.20130378,9.473436786,7.890517202,446,19,9,2,30,513,6,5,0,11,476,524,16,13,88,28
34,1000,10,5.13,10.3,18,37,33,963,20,10,7,37,7.272119813,84,34,2.557875979,9.610484668,7.124519031,7.421502496,484,10,7,2,19,479,10,3,5,18,503,497,20,14,65,19
36,1000,10,5.13,10.3,18,37,30,952,28,7,13,48,7.746885624,110,18,2.59135253,9.672397172,7.074126788,8.425048146,485,10,4,3,17,467,18,3,10,31,502,498,10,8,73,37
35,1000,10,5.13,10.3,18,37,31,952,28,10,10,48,7.486199612,92,25,2.600245321,9.33546926,7.623581072,7.358365899,454,18,6,4,28,498,10,4,6,20,482,518,12,13,62,30
39,1000,10,5.13,10.3,18,37,18,952,21,11,16,48,7.457160477,86,36,2.587307041,9.17195773,7.137028629,7.77095308,471,11,8,5,24,481,10,3,11,24,495,505,21,15,62,24
38,1000,10,5.13,10.3,18,37,23,964,13,11,12,36,7.610863169,94,24,2.607883259,8.868361325,7.184003553,8.034321513,486,4,3,5,12,478,9,8,7,24,498,502,13,11,67,27
33,1000,10,5.13,10.3,18,37,33,952,24,9,15,48,7.815957198,97,38,2.520734706,9.294240362,7.716008894,7.912757523,467,14,4,7,25,485,10,5,8,23,492,508,19,19,71,26
37,1000,10,5.13,10.3,18,37,25,952,27,10,11,48,7.421315669,96,36,2.548065381,9.160975105,6.860313164,7.977848034,479,9,4,6,19,473,18,6,5,29,498,502,18,18,69,27
34,1000,10,5.13,10.3,18,37,34,963,20,10,7,37,7.318279441,116,33,2.573654617,9.644319517,7.151173884,7.487402368,484,10,7,2,19,479,10,3,5,18,503,497,21,12,78,38
32,1000,10,5.13,10.3,18,37,76,958,26,14,2,42,8.648866865,99,41,2.840235741,10.23102927,9.504281305,7.871811001,445,20,9,2,31,513,6,5,0,11,476,524,27,14,75,24
36,1000,10,5.13,10.3,18,37,31,952,28,7,13,48,7.782229065,104,30,2.589778604,9.713608436,7.117805298,8.451989568,485,10,4,3,17,467,18,3,10,31,502,498,15,15,68,36
35,1000,10,5.13,10.3,18,37,32,953,27,11,9,47,7.512023106,86,35,2.614740991,9.351924702,7.677639692,7.357916553,455,17,6,4,27,498,10,5,5,20,482,518,22,13,64,22
39,1000,10,5.13,10.3,18,37,19,952,21,11,16,48,7.491514697,102,33,2.586355489,9.188058141,7.151663783,7.82463589,471,11,8,5,24,481,10,3,11,24,495,505,16,17,67,35
38,1000,10,5.13,10.3,18,37,24,964,13,11,12,36,7.62135747,91,28,2.614294949,8.905957601,7.171573928,8.06755708,486,4,3,5,12,478,9,8,7,24,498,502,14,14,56,35
37,1000,10,5.13,10.3,18,37,26,954,24,11,11,46,7.422559986,100,26,2.5599575,9.172025088,6.840601897,7.999880959,481,7,4,6,17,473,17,7,5,29,498,502,19,7,73,27
33,1000,10,5.13,10.3,18,37,34,952,24,9,15,48,7.848015386,101,31,2.523347448,9.3204723,7.765800323,7.927640998,467,14,4,7,25,485,10,5,8,23,492,508,20,11,80,21
34,1000,10,5.13,10.3,18,37,35,964,19,10,7,36,7.328643239,95,35,2.555460641,9.633906307,7.191734036,7.46720527,484,10,7,2,19,480,9,3,5,17,503,497,20,15,65,30
36,1000,10,5.13,10.3,18,37,32,953,28,6,13,47,7.808830556,94,31,2.584631423,9.731459062,7.141074655,8.481949959,486,10,3,3,16,467,18,3,10,31,502,498,19,12,70,24
32,1000,10,5.13,10.3,18,37,77,959,25,14,2,41,8.671419176,111,26,2.837147325,10.2463283,9.537842257,7.884363095,446,19,9,2,30,513,6,5,0,11,476,524,21,5,89,22
35,1000,10,5.13,10.3,18,37,33,953,27,11,9,47,7.527096447,104,35,2.634573248,9.354326079,7.722550218,7.345226336,455,17,6,4,27,498,10,5,5,20,482,518,20,15,75,29
39,1000,10,5.13,10.3,18,37,20,956,20,10,14,44,7.470830491,110,27,2.591100764,9.205220244,7.208478584,7.727987311,473,10,7,5,22,483,10,3,9,22,495,505,13,14,77,33
38,1000,10,5.13,10.3,18,37,25,966,13,9,12,34,7.61226446,95,29,2.632671754,8.940195732,7.180025363,8.041059421,486,4,3,5,12,480,9,6,7,22,498,502,13,16,65,30
37,1000,10,5.13,10.3,18,37,27,953,24,12,11,47,7.441751497,98,32,2.562763681,9.184647766,6.868174063,8.010758594,481,7,4,6,17,472,17,8,5,30,498,502,22,10,70,28
33,1000,10,5.13,10.3,18,37,35,951,25,9,15,49,7.877655318,87,33,2.511866672,9.330099195,7.808938714,7.94420762,466,15,4,7,26,485,10,5,8,23,492,508,16,17,70,17
34,1000,10,5.13,10.3,18,37,36,965,19,9,7,35,7.386033362,114,33,2.539080464,9.650640753,7.23272883,7.541188652,485,10,6,2,18,480,9,3,5,17,503,497,20,13,79,35
36,1000,10,5.13,10.3,18,37,33,951,29,7,13,49,7.851932576,87,44,2.575640347,9.74792874,7.182046761,8.527199,485,11,3,3,17,466,18,4,10,32,502,498,25,19,61,26
35,1000,10,5.13,10.3,18,37,34,953,28,11,8,47,7.533379826,87,40,2.657864253,9.367341763,7.745188669,7.336291288,455,17,6,4,27,498,11,5,4,20,482,518,21,19,58,29
32,1000,10,5.13,10.3,18,37,78,958,26,14,2,42,8.680823336,88,32,2.846440087,10.24204875,9.567277866,7.875570748,447,18,9,2,29,511,8,5,0,13,476,524,24,8,65,23
39,1000,10,5.13,10.3,18,37,21,954,22,10,14,46,7.488656932,107,25,2.597537495,9.236720878,7.247745814,7.724797532,471,12,7,5,24,483,10,3,9,22,495,505,13,12,81,26
38,1000,10,5.13,10.3,18,37,26,966,13,9,12,34,7.63041696,92,27,2.634650263,8.951493074,7.182885272,8.074382659,486,4,3,5,12,480,9,6,7,22,498,502,11,16,59,33
37,1000,10,5.13,10.3,18,37,28,954,24,11,11,46,7.468546915,98,32,2.573850853,9.204029074,6.89525119,8.037274547,481,7,4,6,17,473,17,7,5,29,498,502,14,18,73,25
33,1000,10,5.13,10.3,18,37,36,951,24,10,15,49,7.908770528,94,37,2.517264359,9.334004367,7.835912847,7.979333479,466,15,4,7,26,485,9,6,8,23,492,508,18,19,65,29
34,1000,10,5.13,10.3,18,37,37,965,19,10,6,35,7.420738358,99,27,2.53523868,9.667707437,7.308553836,7.53427722,485,10,6,2,18,480,9,4,4,17,503,497,19,8,78,21
36,1000,10,5.13,10.3,18,37,34,951,29,6,14,49,7.888374732,104,28,2.586615616,9.7521077,7.20358033,8.57866949,485,11,3,3,17,466,18,3,11,32,502,498,16,12,76,28
35,1000,10,5.13,10.3,18,37,35,954,28,10,8,46,7.535413714,108,45,2.648334062,9.406788809,7.772476824,7.314826033,455,17,6,4,27,499,11,4,4,19,482,518,24,21,81,27
39,1000,10,5.13,10.3,18,37,22,954,22,10,14,46,7.50326946,107,29,2.581327246,9.26817724,7.24424889,7.75716091,471,12,7,5,24,483,10,3,9,22,495,505,15,14,74,33
32,1000,10,5.13,10.3,18,37,79,959,25,13,3,41,8.669845516,122,36,2.857673934,10.27194936,9.570722045,7.851492027,447,18,8,3,29,512,7,5,0,12,476,524,22,14,88,34
38,1000,10,5.13,10.3,18,37,27,967,13,9,11,33,7.638021778,109,34,2.645344661,8.978718989,7.239296183,8.033570277,486,3,4,5,12,481,10,5,6,21,498,502,17,17,83,26
37,1000,10,5.13,10.3,18,37,29,954,25,10,11,46,7.481095182,99,41,2.563408824,9.218518553,6.912085839,8.045570585,482,7,3,6,16,472,18,7,5,30,498,502,24,17,69,30
33,1000,10,5.13,10.3,18,37,37,952,23,10,15,48,7.948691931,114,27,2.519781821,9.352641961,7.866629486,8.028169731,467,14,4,7,25,485,9,6,8,23,492,508,16,11,77,37
34,1000,10,5.13,10.3,18,37,38,966,18,10,6,34,7.445632629,93,27,2.543624708,9.670444772,7.341911606,7.550605818,485,10,6,2,18,481,8,4,4,16,503,497,14,13,68,25
36,1000,10,5.13,10.3,18,37,35,952,29,6,13,48,7.911505079,112,20,2.599518533,9.768303333,7.252110849,8.576195648,485,11,3,3,17,467,18,3,10,31,502,498,11,9,83,29
35,1000,10,5.13,10.3,18,37,36,954,27,11,8,46,7.588840646,93,27,2.657445702,9.414041202,7.822168875,7.371728278,455,17,6,4,27,499,10,5,4,19,482,518,20,7,66,27
39,1000,10,5.13,10.3,18,37,23,954,22,10,14,46,7.550055118,100,33,2.601009628,9.278842689,7.277793935,7.81692499,471,12,7,5,24,483,10,3,9,22,495,505,19,14,73,27
32,1000,10,5.13,10.3,18,37,80,958,26,13,3,42,8.681124327,111,26,2.855677347,10.29780224,9.61740223,7.830612339,446,19,8,3,30,512,7,5,0,12,476,524,17,9,85,26
37,1000,10,5.13,10.3,18,37,30,953,26,10,11,47,7.539398537,93,33,2.547660023,9.22240977,6.946455075,8.12761735,482,7,3,6,16,471,19,7,5,31,498,502,17,16,73,20
38,1000,10,5.13,10.3,18,37,28,967,13,9,11,33,7.625081745,94,35,2.633841578,8.989722892,7.246560418,8.000586965,486,3,4,5,12,481,10,5,6,21,498,502,13,22,70,24
34,1000,10,5.13,10.3,18,37,39,967,18,8,7,33,7.476225829,110,28,2.553510143,9.675017491,7.412036874,7.541189702,485,10,6,2,18,482,8,2,5,15,503,497,14,14,74,36
33,1000,10,5.13,10.3,18,37,38,952,23,10,15,48,7.942853242,102,23,2.507590515,9.363732798,7.87033195,8.0130904,467,14,4,7,25,485,9,6,8,23,492,508,15,8,73,29
36,1000,10,5.13,10.3,18,37,36,951,30,6,13,49,7.939035433,98,40,2.595955878,9.778578341,7.30789422,8.575246053,485,11,3,3,17,466,19,3,10,32,502,498,17,23,70,28
35,1000,10,5.13,10.3,18,37,37,954,27,11,8,46,7.590582755,90,33,2.674416006,9.43962906,7.848023536,7.351033611,455,17,6,4,27,499,10,5,4,19,482,518,22,11,64,26
39,1000,10,5.13,10.3,18,37,24,954,22,10,14,46,7.528933495,90,25,2.604266109,9.299355756,7.276210935,7.776651648,471,12,7,5,24,483,10,3,9,22,495,505,13,12,65,25
37,1000,10,5.13,10.3,18,37,31,953,26,10,11,47,7.53420309,94,34,2.534998756,9.222929968,6.949196739,8.114548036,482,7,3,6,16,471,19,7,5,31,498,502,21,13,72,22
38,1000,10,5.13,10.3,18,37,29,966,15,8,11,34,7.635999351,90,32,2.636275636,9.015426795,7.256249641,8.012723167,486,4,3,5,12,480,11,5,6,22,498,502,23,9,58,32
34,1000,10,5.13,10.3,18,37,40,967,18,8,7,33,7.523062533,85,40,2.562857609,9.693056332,7.465801219,7.581015132,485,10,6,2,18,482,8,2,5,15,503,497,22,18,67,18
32,1000,10,5.13,10.3,18,37,81,956,28,13,3,44,8.702027982,125,33,2.874661597,10.31207088,9.653881842,7.837366841,445,20,8,3,31,511,8,5,0,13,476,524,20,13,92,33
33,1000,10,5.13,10.3,18,37,39,953,22,10,15,47,7.97000257,96,28,2.497225148,9.362001361,7.896730416,8.040966941,467,14,4,7,25,486,8,6,8,22,492,508,15,13,64,32
36,1000,10,5.13,10.3,18,37,37,953,30,6,11,47,7.897549836,105,31,2.605885751,9.804664723,7.326294147,8.473393924,485,11,3,3,17,468,19,3,8,30,502,498,14,17,77,28
35,1000,10,5.13,10.3,18,37,38,953,28,10,9,47,7.63791486,104,40,2.688275063,9.489534544,7.87877255,7.413796313,455,17,5,5,27,498,11,5,4,20,482,518,26,14,76,28
39,1000,10,5.13,10.3,18,37,25,954,22,10,14,46,7.569245377,93,32,2.594891604,9.32931818,7.346003972,7.788066161,471,12,7,5,24,483,10,3,9,22,495,505,17,15,65,28
37,1000,10,5.13,10.3,18,37,32,952,27,10,11,48,7.549783284,100,35,2.53745353,9.227278882,6.967610918,8.127316826,482,7,3,6,16,470,20,7,5,32,498,502,17,18,74,26
38,1000,10,5.13,10.3,18,37,30,965,16,8,11,35,7.68447847,90,30,2.646011751,9.017907241,7.319492345,8.046556338,486,4,3,5,12,479,12,5,6,23,498,502,21,9,65,25
34,1000,10,5.13,10.3,18,37,41,968,17,8,7,32,7.506301717,118,32,2.574990036,9.713068736,7.445895369,7.567437317,486,9,6,2,17,482,8,2,5,15,503,497,16,16,83,35
33,1000,10,5.13,10.3,18,37,40,953,22,9,16,47,8.006809095,95,37,2.504299267,9.375186218,7.888034117,8.121843129,467,14,4,7,25,486,8,5,9,22,492,508,25,12,71,24
32,1000,10,5.13,10.3,18,37,82,954,29,13,4,46,8.71973537,112,33,2.872121777,10.33281907,9.701365088,7.828025931,443,21,8,4,33,511,8,5,0,13,476,524,22,11,93,19
36,1000,10,5.13,10.3,18,37,38,953,30,6,11,47,7.865482539,102,38,2.597457655,9.807322519,7.351957965,8.383131808,485,11,3,3,17,468,19,3,8,30,502,498,25,13,70,32
35,1000,10,5.13,10.3,18,37,39,953,28,10,9,47,7.66472465,100,34,2.697218767,9.518262051,7.876678228,7.467501436,455,17,5,5,27,498,11,5,4,20,482,518,22,12,70,30
37,1000,10,5.13,10.3,18,37,33,950,30,10,10,50,7.564224615,88,32,2.577415948,9.275688214,6.979632267,8.144158856,482,7,3,6,16,468,23,7,4,34,498,502,22,10,62,26
39,1000,10,5.13,10.3,18,37,26,954,22,10,14,46,7.597502043,96,33,2.584375529,9.332179623,7.389008312,7.801867185,470,13,7,5,25,484,9,3,9,21,495,505,18,15,71,25
34,1000,10,5.13,10.3,18,37,42,969,17,7,7,31,7.516340601,99,31,2.583547203,9.71703989,7.426881015,7.606880181,486,9,6,2,17,483,8,1,5,14,503,497,17,14,72,27
38,1000,10,5.13,10.3,18,37,31,966,16,7,11,34,7.698932391,104,45,2.657549017,9.043512988,7.334808392,8.060155004,487,4,2,5,11,479,12,5,6,23,498,502,21,24,68,36
33,1000,10,5.13,10.3,18,37,41,953,22,9,16,47,8.043511178,111,26,2.508560673,9.39407131,7.946291972,8.137668362,466,15,4,7,26,487,7,5,9,21,492,508,15,11,82,29
36,1000,10,5.13,10.3,18,37,39,953,30,6,11,47,7.878687834,112,30,2.587853965,9.836849435,7.383404292,8.377949557,485,11,3,3,17,468,19,3,8,30,502,498,17,13,82,30
32,1000,10,5.13,10.3,18,37,83,954,29,13,4,46,8.73763611,110,38,2.889181156,10.33747231,9.730777712,7.83546931,443,21,8,4,33,511,8,5,0,13,476,524,25,13,86,24
35,1000,10,5.13,10.3,18,37,40,953,28,10,9,47,7.696956444,118,23,2.692607076,9.519254786,7.927145129,7.482765427,455,17,5,5,27,498,11,5,4,20,482,518,12,11,88,30
37,1000,10,5.13,10.3,18,37,34,951,30,10,9,49,7.565899221,97,18,2.563839722,9.308823831,7.021568966,8.105892184,481,9,3,5,17,470,21,7,4,32,498,502,11,7,71,26
39,1000,10,5.13,10.3,18,37,27,953,24,9,14,47,7.620535498,107,34,2.587435345,9.349657608,7.431379542,7.80594579,469,15,6,5,26,484,9,3,9,21,495,505,18,16,68,39
34,1000,10,5.13,10.3,18,37,43,970,16,7,7,30,7.546674018,94,37,2.604853542,9.723943449,7.456889993,7.637541956,487,8,6,2,16,483,8,1,5,14,503,497,24,13,65,29
38,1000,10,5.13,10.3,18,37,32,965,17,7,11,35,7.749377837,88,42,2.656216621,9.049486548,7.383873182,8.111970105,486,5,2,5,12,479,12,5,6,23,498,502,24,18,58,30
33,1000,10,5.13,10.3,18,37,42,952,23,8,17,48,8.079677008,97,35,2.509978778,9.406784982,7.966436565,8.189350824,465,16,4,7,27,487,7,4,10,21,492,508,17,18,71,26
36,1000,10,5.13,10.3,18,37,40,956,28,5,11,44,7.864588122,121,35,2.589812887,9.860118344,7.385754338,8.347267961,485,11,3,3,17,471,17,2,8,27,502,498,21,14,85,36
35,1000,10,5.13,10.3,18,37,41,954,27,10,9,46,7.721044275,99,32,2.697948686,9.539100736,7.943600766,7.513955031,455,17,5,5,27,499,10,5,4,19,482,518,19,13,75,24
32,1000,10,5.13,10.3,18,37,84,953,29,13,5,47,8.807494007,113,43,2.897777263,10.36662114,9.864984292,7.84687306,443,20,8,5,33,510,9,5,0,14,476,524,31,12,95,18
37,1000,10,5.13,10.3,18,37,35,951,29,11,9,49,7.623007767,89,28,2.56238797,9.32853607,7.079991475,8.161697236,481,8,4,5,17,470,21,7,4,32,498,502,19,9,58,31
39,1000,10,5.13,10.3,18,37,28,953,24,9,14,47,7.654451981,96,28,2.58830955,9.352382112,7.469864653,7.835384114,469,15,6,5,26,484,9,3,9,21,495,505,12,16,66,30
34,1000,10,5.13,10.3,18,37,44,971,17,6,6,29,7.561102149,105,25,2.603304302,9.745026756,7.467967787,7.655360869,487,9,6,1,16,484,8,0,5,13,503,497,9,16,78,27
38,1000,10,5.13,10.3,18,37,33,967,15,7,11,33,7.762514284,99,40,2.676641089,9.053362924,7.404271502,8.117902543,486,5,2,5,12,481,10,5,6,21,498,502,22,18,70,29
33,1000,10,5.13,10.3,18,37,43,952,22,9,17,48,8.137129688,103,34,2.494629294,9.415797541,8.028493097,8.242344654,465,15,5,7,27,487,7,4,10,21,492,508,20,14,77,26
36,1000,10,5.13,10.3,18,37,41,955,27,6,12,45,7.901693774,91,27,2.59983914,9.88989915,7.418092106,8.389179792,485,11,3,3,17,470,16,3,9,28,502,498,14,13,67,24
35,1000,10,5.13,10.3,18,37,42,954,27,10,9,46,7.714643979,97,27,2.687983962,9.547196313,7.943540331,7.501655481,455,17,5,5,27,499,10,5,4,19,482,518,16,11,69,28
32,1000,10,5.13,10.3,18,37,85,953,28,14,5,47,8.820550732,115,36,2.914697368,10.37238817,9.842734944,7.892001714,443,20,8,5,33,510,8,6,0,14,476,524,19,17,82,33
37,1000,10,5.13,10.3,18,37,36,952,28,11,9,48,7.634132108,79,31,2.588357238,9.335030144,7.107303272,8.156763105,481,8,4,5,17,471,20,7,4,31,498,502,21,10,59,20
34,1000,10,5.13,10.3,18,37,45,972,15,7,6,28,7.569441354,119,42,2.597257318,9.768393278,7.463557282,7.676603705,487,8,7,1,16,485,7,0,5,12,503,497,24,18,85,34
39,1000,10,5.13,10.3,18,37,29,952,25,8,15,48,7.688935901,102,31,2.57295044,9.368921944,7.51471665,7.859705267,469,15,6,5,26,483,10,2,10,22,495,505,13,18,73,29
38,1000,10,5.13,10.3,18,37,34,967,15,7,11,33,7.820468966,108,39,2.671027744,9.052969783,7.512857863,8.125628984,486,5,2,5,12,481,10,5,6,21,498,502,21,18,74,34
33,1000,10,5.13,10.3,18,37,44,954,21,9,16,46,8.138954539,87,25,2.506328922,9.416123836,8.047805566,8.227232677,466,15,5,6,26,488,6,4,10,20,492,508,14,11,63,24
36,1000,10,5.13,10.3,18,37,42,956,26,6,12,44,7.899153225,106,38,2.617589887,9.899541187,7.447671271,8.35426154,485,11,3,3,17,471,15,3,9,27,502,498,24,14,79,27
35,1000,10,5.13,10.3,18,37,43,955,27,9,9,45,7.731299056,103,40,2.682933521,9.563305509,7.973447219,7.505979723,455,17,5,5,27,500,10,4,4,18,482,518,22,18,71,32
32,1000,10,5.13,10.3,18,37,86,951,30,14,5,49,8.874289858,112,40,2.923884552,10.38621564,9.906695825,7.93645543,443,20,8,5,33,508,10,6,0,16,476,524,30,10,86,26
37,1000,10,5.13,10.3,18,37,37,954,28,10,8,46,7.616118493,104,41,2.584780801,9.364749302,7.100727578,8.127402708,481,9,4,4,17,473,19,6,4,29,498,502,18,23,65,39
34,1000,10,5.13,10.3,18,37,46,972,16,6,6,28,7.625043575,98,28,2.609742147,9.804344116,7.527731454,7.723530491,487,9,6,1,16,485,7,0,5,12,503,497,16,12,75,23
39,1000,10,5.13,10.3,18,37,30,954,24,7,15,46,7.684246542,86,31,2.57966575,9.385684203,7.521346702,7.843920642,470,15,5,5,25,484,9,2,10,21,495,505,17,14,51,35
38,1000,10,5.13,10.3,18,37,35,967,15,7,11,33,7.844085896,99,28,2.661570066,9.074253244,7.552384486,8.133462993,486,5,2,5,12,481,10,5,6,21,498,502,13,15,71,28
33,1000,10,5.13,10.3,18,37,45,954,23,9,14,46,8.147836847,99,32,2.498209497,9.428579772,8.098978502,8.195156346,466,15,5,6,26,488,8,4,8,20,492,508,24,8,76,23
36,1000,10,5.13,10.3,18,37,43,957,25,6,12,43,7.910475864,102,31,2.625937941,9.912844241,7.483356288,8.341026121,485,11,3,3,17,472,14,3,9,26,502,498,23,8,76,26
35,1000,10,5.13,10.3,18,37,44,955,28,9,8,45,7.763889537,109,39,2.674383536,9.544930398,8.037167798,7.509603588,455,17,5,5,27,500,11,4,3,18,482,518,26,13,83,26
37,1000,10,5.13,10.3,18,37,38,956,26,10,8,44,7.60174393,111,22,2.566340894,9.375334214,7.127116581,8.072589387,481,9,4,4,17,475,17,6,4,27,498,502,13,9,79,32
34,1000,10,5.13,10.3,18,37,47,973,16,6,5,27,7.617558254,100,41,2.60803937,9.824467203,7.569456747,7.666240463,488,8,6,1,15,485,8,0,4,12,503,497,23,18,71,29
32,1000,10,5.13,10.3,18,37,87,950,30,15,5,50,8.87842602,113,27,2.944341031,10.38807504,9.923288165,7.929276438,443,20,8,5,33,507,10,7,0,17,476,524,18,9,90,23
39,1000,10,5.13,10.3,18,37,31,955,23,7,15,45,7.684220125,108,30,2.57304518,9.421433676,7.547001394,7.818721653,470,15,5,5,25,485,8,2,10,20,495,505,20,10,71,37
38,1000,10,5.13,10.3,18,37,36,967,16,6,11,33,7.861879738,97,33,2.662038995,9.086916474,7.555805937,8.165514703,486,5,2,5,12,481,11,4,6,21,498,502,19,14,74,23
36,1000,10,5.13,10.3,18,37,44,957,25,6,12,43,7.929308373,98,34,2.625956091,9.95744947,7.536752931,8.325016871,484,12,3,3,18,473,13,3,9,25,502,498,13,21,73,25
33,1000,10,5.13,10.3,18,37,46,954,23,9,14,46,8.181775445,100,29,2.499360272,9.436329028,8.153528754,8.209132476,466,15,5,6,26,488,8,4,8,20,492,508,20,9,73,27
35,1000,10,5.13,10.3,18,37,45,954,29,9,8,46,7.797364162,108,45,2.671923174,9.558038087,8.081455625,7.533016507,455,17,5,5,27,499,12,4,3,19,482,518,26,19,84,24
37,1000,10,5.13,10.3,18,37,39,956,26,10,8,44,7.614815757,101,39,2.575104687,9.385119442,7.179319774,8.046841652,480,10,4,4,18,476,16,6,4,26,498,502,32,7,74,27
34,1000,10,5.13,10.3,18,37,48,972,18,6,4,28,7.615811652,102,34,2.610338888,9.841403594,7.603537487,7.628233995,487,9,6,1,16,485,9,0,3,12,503,497,23,11,79,23
32,1000,10,5.13,10.3,18,37,88,949,30,16,5,51,8.856516707,98,37,2.940929923,10.39760323,9.958341877,7.855622086,442,20,9,5,34,507,10,7,0,17,476,524,26,11,75,23
39,1000,10,5.13,10.3,18,37,32,956,23,7,14,44,7.72123222,84,37,2.563153637,9.433438825,7.646844373,7.79414704,470,15,5,5,25,486,8,2,9,19,495,505,22,15,59,25
38,1000,10,5.13,10.3,18,37,37,967,16,6,11,33,7.887335092,89,29,2.657858518,9.119558562,7.605693799,8.166732232,486,5,2,5,12,481,11,4,6,21,498,502,16,13,68,21
36,1000,10,5.13,10.3,18,37,45,957,25,6,12,43,7.93213837,106,32,2.62563982,9.956648681,7.564240756,8.302990984,484,12,3,3,18,473,13,3,9,25,502,498,17,15,83,23
33,1000,10,5.13,10.3,18,37,47,954,23,9,14,46,8.186040752,90,44,2.504192771,9.468899411,8.20125011,8.171310428,465,16,5,6,27,489,7,4,8,19,492,508,23,21,70,20
35,1000,10,5.13,10.3,18,37,46,955,28,9,8,45,7.813468235,108,32,2.683278042,9.582796105,8.102511795,7.544512644,455,17,5,5,27,500,11,4,3,18,482,518,22,10,77,31
37,1000,10,5.13,10.3,18,37,40,956,27,8,9,44,7.648754126,76,28,2.593409811,9.387987345,7.209820736,8.08419004,480,10,4,4,18,476,17,4,5,26,498,502,16,12,59,17
34,1000,10,5.13,10.3,18,37,49,971,19,6,4,29,7.671778743,115,35,2.60497439,9.847918824,7.652607968,7.691180956,486,10,6,1,17,485,9,0,3,12,503,497,19,16,82,33
39,1000,10,5.13,10.3,18,37,33,956,23,7,14,44,7.740755359,104,26,2.564224668,9.457485221,7.662070374,7.817882225,470,15,5,5,25,486,8,2,9,19,495,505,15,11,82,22
38,1000,10,5.13,10.3,18,37,38,967,16,6,11,33,7.907748921,98,24,2.648932825,9.143618296,7.609973916,8.203151218,486,5,2,5,12,481,11,4,6,21,498,502,13,11,71,27
36,1000,10,5.13,10.3,18,37,46,956,25,6,13,44,7.964447966,105,38,2.627254003,9.969419143,7.600446492,8.331373146,483,12,3,4,19,473,13,3,9,25,502,498,19,19,75,30
33,1000,10,5.13,10.3,18,37,48,953,22,11,14,47,8.218747977,106,40,2.501820027,9.474909345,8.238857163,8.19927215,464,16,6,6,28,489,6,5,8,19,492,508,20,20,84,22
32,1000,10,5.13,10.3,18,37,89,949,29,17,5,51,8.897448474,115,39,2.961240604,10.41703896,10.00258092,7.893549531,442,19,10,5,34,507,10,7,0,17,476,524,30,9,88,27
35,1000,10,5.13,10.3,18,37,47,956,27,9,8,44,7.79449054,102,35,2.69028992,9.591024403,8.088766939,7.520665783,456,16,5,5,26,500,11,4,3,18,482,518,18,17,62,40
37,1000,10,5.13,10.3,18,37,41,957,26,8,9,43,7.660469641,84,32,2.597611645,9.411857268,7.244723667,8.072902898,480,10,4,4,18,477,16,4,5,25,498,502,17,15,64,20
34,1000,10,5.13,10.3,18,37,50,971,19,6,4,29,7.689566859,113,36,2.60817547,9.869579628,7.700927181,7.678069389,486,10,6,1,17,485,9,0,3,12,503,497,21,15,87,26
39,1000,10,5.13,10.3,18,37,34,957,23,7,13,43,7.745133692,92,27,2.552966714,9.450308841,7.712266244,7.7773503,470,15,5,5,25,487,8,2,8,18,495,505,13,14,64,28
36,1000,10,5.13,10.3,18,37,47,954,26,7,13,46,8.004521061,102,28,2.644942764,9.995853382,7.639899673,8.372071135,481,13,4,4,21,473,13,3,9,25,502,498,19,9,80,22
38,1000,10,5.13,10.3,18,37,39,969,15,5,11,31,7.955012459,101,43,2.636879726,9.165942703,7.67850995,8.22931176,486,5,2,5,12,483,10,3,6,19,498,502,27,16,82,19
33,1000,10,5.13,10.3,18,37,49,953,22,12,13,47,8.219874493,104,24,2.49921757,9.489773645,8.286419762,8.155425137,464,16,6,6,28,489,6,6,7,19,492,508,14,10,81,23
35,1000,10,5.13,10.3,18,37,48,956,27,9,8,44,7.825071952,83,37,2.696897716,9.613664578,8.12556189,7.545465486,456,16,5,5,26,500,11,4,3,18,482,518,24,13,62,21
32,1000,10,5.13,10.3,18,37,90,949,29,17,5,51,8.920937196,108,38,2.966335457,10.45781839,10.03678227,7.907306935,442,19,10,5,34,507,10,7,0,17,476,524,26,12,91,17
37,1000,10,5.13,10.3,18,37,42,957,26,8,9,43,7.728693905,106,36,2.579253683,9.42682585,7.305915557,8.148103502,480,10,4,4,18,477,16,4,5,25,498,502,20,16,75,31
34,1000,10,5.13,10.3,18,37,51,970,19,7,4,30,7.750017708,106,30,2.616450476,9.896473794,7.782264264,7.717381857,485,10,7,1,18,485,9,0,3,12,503,497,16,14,72,34
39,1000,10,5.13,10.3,18,37,35,957,23,7,13,43,7.78259678,82,35,2.571120106,9.464797426,7.74417831,7.820254488,470,15,5,5,25,487,8,2,8,18,495,505,18,17,51,31
36,1000,10,5.13,10.3,18,37,48,954,26,7,13,46,8.030373057,94,42,2.656466992,10.01203472,7.677849128,8.385728504,481,13,4,4,21,473,13,3,9,25,502,498,30,12,66,28
38,1000,10,5.13,10.3,18,37,40,969,16,5,10,31,7.985650773,93,24,2.644437191,9.167114522,7.739554908,8.229785715,485,6,2,5,13,484,10,3,5,18,498,502,11,13,72,21
33,1000,10,5.13,10.3,18,37,50,953,22,11,14,47,8.255083982,113,29,2.502901599,9.525794266,8.359654606,8.153806921,464,16,5,7,28,489,6,6,7,19,492,508,15,14,83,30
35,1000,10,5.13,10.3,18,37,49,958,26,7,9,42,7.830070794,100,39,2.702915574,9.622239583,8.152013697,7.530502301,457,15,5,5,25,501,11,2,4,17,482,518,26,13,72,28
32,1000,10,5.13,10.3,18,37,91,948,30,17,5,52,8.98941985,105,38,2.980518445,10.49097451,10.11798956,7.964230567,441,20,10,5,35,507,10,7,0,17,476,524,26,12,83,22
37,1000,10,5.13,10.3,18,37,43,957,26,8,9,43,7.764371919,95,27,2.566416619,9.455423677,7.317238222,8.207942798,480,10,4,4,18,477,16,4,5,25,498,502,16,11,72,23
34,1000,10,5.13,10.3,18,37,52,969,19,8,4,31,7.760848116,123,29,2.611258723,9.921399541,7.786779946,7.734603225,484,10,8,1,19,485,9,0,3,12,503,497,16,13,85,38
39,1000,10,5.13,10.3,18,37,36,957,23,7,13,43,7.802317676,104,29,2.575238258,9.4815693,7.754881554,7.848814469,471,14,5,5,24,486,9,2,8,19,495,505,17,12,66,38
36,1000,10,5.13,10.3,18,37,49,953,26,8,13,47,8.049323906,92,40,2.652577842,10.06085119,7.719663259,8.381632428,481,12,5,4,21,472,14,3,9,26,502,498,22,18,69,23
35,1000,10,5.13,10.3,18,37,50,957,27,7,9,43,7.861186931,113,32,2.694198373,9.631260224,8.178230576,7.566177207,456,16,5,5,26,501,11,2,4,17,482,518,22,10,75,38
33,1000,10,5.13,10.3,18,37,51,953,22,11,14,47,8.25987629,89,28,2.493902177,9.536051433,8.395030177,8.128979219,464,16,5,7,28,489,6,6,7,19,492,508,17,11,67,22
38,1000,10,5.13,10.3,18,37,41,969,16,5,10,31,7.976429577,93,29,2.648972341,9.186510785,7.782756195,8.168559744,485,6,2,5,13,484,10,3,5,18,498,502,16,13,64,29
37,1000,10,5.13,10.3,18,37,44,957,27,8,8,43,7.788946908,90,29,2.573594546,9.487270189,7.389039468,8.185667834,480,10,4,4,18,477,17,4,4,25,498,502,19,10,69,21
34,1000,10,5.13,10.3,18,37,53,968,20,8,4,32,7.792268043,103,35,2.623737837,9.921147071,7.804624276,7.77976264,484,10,8,1,19,484,10,0,3,13,503,497,27,8,75,28
32,1000,10,5.13,10.3,18,37,92,948,30,17,5,52,8.977498082,111,37,2.985236252,10.50420016,10.09206538,7.965028553,441,20,10,5,35,507,10,7,0,17,476,524,27,10,86,25
39,1000,10,5.13,10.3,18,37,37,958,23,7,12,42,7.821139738,87,25,2.576358202,9.492885037,7.789064154,7.852580161,471,14,5,5,24,487,9,2,7,18,495,505,10,15,62,25
36,1000,10,5.13,10.3,18,37,50,952,27,8,13,48,8.084688177,115,29,2.654933116,10.1147636,7.760474107,8.411506377,480,13,5,4,22,472,14,3,9,26,502,498,18,11,91,24
35,1000,10,5.13,10.3,18,37,51,957,27,7,9,43,7.892611903,105,40,2.72157775,9.634014275,8.246381238,7.563428854,455,16,6,5,27,502,11,1,4,16,482,518,27,13,79,26
33,1000,10,5.13,10.3,18,37,52,953,22,11,14,47,8.263350244,92,30,2.485317818,9.561084044,8.410622995,8.120716006,464,15,5,8,28,489,7,6,6,19,492,508,19,11,69,23
38,1000,10,5.13,10.3,18,37,42,969,16,5,10,31,8.00683227,93,41,2.660989826,9.211278853,7.819452064,8.192719406,485,6,2,5,13,484,10,3,5,18,498,502,23,18,65,28
37,1000,10,5.13,10.3,18,37,45,957,28,9,6,43,7.82788106,112,36,2.588562372,9.513912009,7.448843174,8.203898724,480,10,4,4,18,477,18,5,2,25,498,502,16,20,78,34
34,1000,10,5.13,10.3,18,37,54,969,19,8,4,31,7.794028987,115,28,2.639118506,9.915325631,7.798818571,7.789181581,485,9,8,1,18,484,10,0,3,13,503,497,18,10,80,35
32,1000,10,5.13,10.3,18,37,93,949,29,17,5,51,8.960319443,110,43,3.011639754,10.53754671,10.11320546,7.913041305,442,19,10,5,34,507,10,7,0,17,476,524,25,18,89,21
36,1000,10,5.13,10.3,18,37,51,953,27,8,12,47,8.080304586,113,23,2.649074652,10.12797619,7.779036749,8.383992245,480,13,5,4,22,473,14,3,8,25,502,498,12,11,81,32
39,1000,10,5.13,10.3,18,37,38,957,24,7,12,43,7.850942517,104,38,2.595522488,9.494847938,7.852185661,7.849723989,470,15,5,5,25,487,9,2,7,18,495,505,23,15,73,31
35,1000,10,5.13,10.3,18,37,52,956,28,7,9,44,7.92066459,103,44,2.729900907,9.648930798,8.28553081,7.581155868,454,17,6,5,28,502,11,1,4,16,482,518,28,16,71,32
33,1000,10,5.13,10.3,18,37,53,954,22,10,14,46,8.259822639,93,36,2.482008508,9.587539813,8.430222736,8.094789475,465,15,4,8,27,489,7,6,6,19,492,508,21,15,69,24
38,1000,10,5.13,10.3,18,37,43,968,17,5,10,32,8.047231542,94,37,2.659767566,9.217620766,7.884365383,8.208799962,485,6,2,5,13,483,11,3,5,19,498,502,21,16,63,31
37,1000,10,5.13,10.3,18,37,46,958,28,9,5,42,7.845738663,97,31,2.604455321,9.537669153,7.452952296,8.235395258,481,10,4,3,17,477,18,5,2,25,498,502,18,13,78,19
34,1000,10,5.13,10.3,18,37,55,968,20,8,4,32,7.790987319,107,31,2.650396553,9.94821166,7.776745664,7.805400906,485,9,8,1,18,483,11,0,3,14,503,497,18,13,68,39
32,1000,10,5.13,10.3,18,37,94,949,29,17,5,51,8.953061973,110,30,3.006828292,10.5487827,10.13160488,7.882477192,442,19,10,5,34,507,10,7,0,17,476,524,22,8,88,22
36,1000,10,5.13,10.3,18,37,52,953,27,8,12,47,8.101425416,116,33,2.642492246,10.14877254,7.811803541,8.393373571,480,13,5,4,22,473,14,3,8,25,502,498,19,14,87,29
39,1000,10,5.13,10.3,18,37,39,957,25,7,11,43,7.874240656,101,29,2.598765258,9.508180847,7.913084848,7.836165655,469,16,5,5,26,488,9,2,6,17,495,505,15,14,74,27
35,1000,10,5.13,10.3,18,37,53,956,28,7,9,44,7.970696293,104,37,2.718473534,9.642775587,8.361983329,7.606602952,454,17,6,5,28,502,11,1,4,16,482,518,17,20,74,30
33,1000,10,5.13,10.3,18,37,54,955,22,9,14,45,8.29958421,115,32,2.487897163,9.606314026,8.516070989,8.089915913,465,15,3,9,27,490,7,6,5,18,492,508,17,15,77,38
38,1000,10,5.13,10.3,18,37,44,966,19,5,10,34,8.065403473,103,38,2.662779118,9.224435131,7.902747279,8.226763602,485,6,2,5,13,481,13,3,5,21,498,502,19,19,76,27
34,1000,10,5.13,10.3,18,37,56,967,21,8,4,33,7.784762507,87,38,2.655169387,9.966725673,7.783697514,7.785840356,484,10,8,1,19,483,11,0,3,14,503,497,24,14,63,24
37,1000,10,5.13,10.3,18,37,47,960,27,8,5,40,7.852471534,114,38,2.613841997,9.557435504,7.498254693,8.203865929,480,11,4,3,18,480,16,4,2,22,498,502,25,13,84,30
36,1000,10,5.13,10.3,18,37,53,953,27,7,13,47,8.124719365,102,30,2.653671503,10.18252273,7.893834981,8.357458243,480,13,4,5,22,473,14,3,8,25,502,498,16,14,77,25
32,1000,10,5.13,10.3,18,37,95,948,30,17,5,52,8.963202479,105,37,3.002707265,10.56567678,10.14570774,7.889018307,441,19,11,5,35,507,11,6,0,17,476,524,22,15,81,24
35,1000,10,5.13,10.3,18,37,54,957,27,7,9,43,8.002504034,107,39,2.715385301,9.640848572,8.390544218,7.641431894,454,17,6,5,28,503,10,1,4,15,482,518,22,17,78,29
39,1000,10,5.13,10.3,18,37,40,958,24,7,11,42,7.867598339,92,37,2.619379696,9.519217575,7.936532019,7.800029682,469,16,5,5,26,489,8,2,6,16,495,505,18,19,59,33
33,1000,10,5.13,10.3,18,37,55,955,23,9,13,45,8.323550811,97,39,2.488328412,9.631519273,8.548799219,8.10539684,466,15,3,8,26,489,8,6,5,19,492,508,19,20,63,34
38,1000,10,5.13,10.3,18,37,45,966,20,5,9,34,8.086791941,91,47,2.659045272,9.230167942,7.916530829,8.255696391,485,7,2,4,13,481,13,3,5,21,498,502,24,23,66,25
34,1000,10,5.13,10.3,18,37,57,968,20,9,3,32,7.790746246,112,36,2.660941021,9.976237684,7.803859343,7.777474841,484,10,8,1,19,484,10,1,2,13,503,497,25,11,77,35
37,1000,10,5.13,10.3,18,37,48,960,28,8,4,40,7.86501647,88,42,2.607037138,9.613482622,7.513142509,8.214086654,480,12,4,2,18,480,16,4,2,22,498,502,26,16,65,23
36,1000,10,5.13,10.3,18,37,54,949,30,8,13,51,8.144857479,122,34,2.652080357,10.20946949,7.937769565,8.35360875,477,16,4,5,25,472,14,4,8,26,502,498,15,19,90,32
35,1000,10,5.13,10.3,18,37,55,958,26,9,7,42,8.001904576,104,31,2.712814361,9.655289809,8.409129581,7.622980922,454,16,8,4,28,504,10,1,3,14,482,518,17,14,69,35
39,1000,10,5.13,10.3,18,37,41,959,24,7,10,41,7.862825084,112,33,2.635308701,9.547535811,7.957325704,7.770195763,469,16,5,5,26,490,8,2,5,15,495,505,18,15,79,33
33,1000,10,5.13,10.3,18,37,56,954,23,10,13,46,8.391396469,93,30,2.489057461,9.615599125,8.632433359,8.157951293,466,14,4,8,26,488,9,6,5,20,492,508,18,12,68,25
32,1000,10,5.13,10.3,18,37,96,948,30,17,5,52,8.999425092,124,34,2.993359853,10.58255686,10.16131287,7.943969786,441,19,11,5,35,507,11,6,0,17,476,524,25,9,95,29
38,1000,10,5.13,10.3,18,37,46,965,19,6,10,35,8.096056186,102,33,2.677127031,9.269520399,7.917965936,8.27272739,484,6,3,5,14,481,13,3,5,21,498,502,17,16,70,32
34,1000,10,5.13,10.3,18,37,58,969,20,8,3,31,7.804306772,115,38,2.67529128,10.0168097,7.822075227,7.786323809,485,10,7,1,18,484,10,1,2,13,503,497,21,17,86,29
37,1000,10,5.13,10.3,18,37,49,961,28,7,4,39,7.866840464,105,36,2.609123379,9.627279289,7.529490463,8.201502417,480,12,4,2,18,481,16,3,2,21,498,502,26,10,80,25
35,1000,10,5.13,10.3,18,37,56,960,25,8,7,40,8.006626505,110,29,2.733298449,9.668330258,8.423623363,7.618610123,455,16,7,4,27,505,9,1,3,13,482,518,23,6,79,31
36,1000,10,5.13,10.3,18,37,55,950,29,8,13,50,8.139885051,91,35,2.653270018,10.21473348,7.950553849,8.330736985,478,15,4,5,24,472,14,4,8,26,502,498,21,14,73,18
39,1000,10,5.13,10.3,18,37,42,959,24,7,10,41,7.921991505,101,34,2.63961493,9.559158512,8.054852806,7.79176112,470,15,5,5,25,489,9,2,5,16,495,505,23,11,69,32
33,1000,10,5.13,10.3,18,37,57,954,24,10,12,46,8.403830816,109,27,2.504183461,9.643674885,8.604438655,8.209541334,466,15,4,7,26,488,9,6,5,20,492,508,16,11,77,32
38,1000,10,5.13,10.3,18,37,47,963,21,6,10,37,8.094818326,100,29,2.686672114,9.296119961,7.942049794,8.246369579,483,7,3,5,15,480,14,3,5,22,498,502,19,10,76,24
32,1000,10,5.13,10.3,18,37,97,948,30,17,5,52,9.0529277,103,46,3.006284752,10.61684694,10.19664515,8.01397826,441,19,11,5,35,507,11,6,0,17,476,524,35,11,89,14
34,1000,10,5.13,10.3,18,37,59,969,20,8,3,31,7.869511025,107,21,2.686425224,10.02687772,7.906748968,7.831823531,485,10,7,1,18,484,10,1,2,13,503,497,14,7,75,32
37,1000,10,5.13,10.3,18,37,50,963,28,6,3,37,7.879702489,104,31,2.60427605,9.648286373,7.588934228,8.168153872,480,12,4,2,18,483,16,2,1,19,498,502,18,13,79,25
35,1000,10,5.13,10.3,18,37,57,961,23,9,7,39,8.044877762,111,38,2.747443891,9.67754329,8.495607755,7.625472633,455,16,7,4,27,506,7,2,3,12,482,518,23,15,74,37
36,1000,10,5.13,10.3,18,37,56,950,28,9,13,50,8.134515982,97,36,2.666452106,10.24056435,7.968571496,8.301793355,478,15,4,5,24,472,13,5,8,26,502,498,22,14,60,37
39,1000,10,5.13,10.3,18,37,43,959,23,8,10,41,7.923349793,106,25,2.643070566,9.5900371,8.060679766,7.788739225,470,14,6,5,25,489,9,2,5,16,495,505,16,9,75,31
33,1000,10,5.13,10.3,18,37,58,953,24,10,13,47,8.459492028,85,24,2.524478139,9.672380148,8.69033598,8.235918751,465,15,4,8,27,488,9,6,5,20,492,508,14,10,65,20
38,1000,10,5.13,10.3,18,37,48,964,20,7,9,36,8.08987927,113,32,2.692740796,9.297050652,7.915709468,8.262661265,484,6,3,5,14,480,14,4,4,22,498,502,18,14,81,32
34,1000,10,5.13,10.3,18,37,60,967,23,7,3,33,7.886832282,111,28,2.702959178,10.03902297,7.939860686,7.833163696,483,12,7,1,20,484,11,0,2,13,503,497,19,9,68,43
37,1000,10,5.13,10.3,18,37,51,963,29,5,3,37,7.88160746,115,28,2.609439454,9.665951377,7.590252697,8.170640671,481,12,3,2,17,482,17,2,1,20,498,502,11,17,85,30
32,1000,10,5.13,10.3,18,37,98,948,30,17,5,52,9.076178071,123,42,3.020303479,10.65682121,10.23662334,8.022033135,440,20,11,5,36,508,10,6,0,16,476,524,32,10,105,18
35,1000,10,5.13,10.3,18,37,58,961,23,9,7,39,8.056954507,83,29,2.742879353,9.691675628,8.515632913,7.630153364,455,16,7,4,27,506,7,2,3,12,482,518,17,12,61,22
36,1000,10,5.13,10.3,18,37,57,951,27,9,13,49,8.178293697,109,33,2.660710027,10.27142952,8.014172422,8.343733215,479,14,4,5,23,472,13,5,8,26,502,498,16,17,77,32
39,1000,10,5.13,10.3,18,37,44,959,23,8,10,41,7.912802232,105,30,2.655640584,9.604030134,8.058642244,7.769850141,469,15,6,5,26,490,8,2,5,15,495,505,16,14,80,25
33,1000,10,5.13,10.3,18,37,59,952,25,11,12,48,8.506766796,91,40,2.52986836,9.671736847,8.699694053,8.319915987,464,16,5,7,28,488,9,6,5,20,492,508,23,17,70,21
38,1000,10,5.13,10.3,18,37,49,964,20,7,9,36,8.106882952,99,35,2.690235887,9.327111003,7.935555648,8.276845097,484,6,3,5,14,480,14,4,4,22,498,502,21,14,74,25
34,1000,10,5.13,10.3,18,37,61,968,22,7,3,32,7.892788161,115,34,2.70115826,10.06651889,7.987145546,7.797291654,483,12,7,1,20,485,10,0,2,12,503,497,21,13,92,23
37,1000,10,5.13,10.3,18,37,52,963,29,5,3,37,7.907045122,114,37,2.619125081,9.681816878,7.658244502,8.153863267,481,12,3,2,17,482,17,2,1,20,498,502,16,21,87,27
32,1000,10,5.13,10.3,18,37,99,948,30,16,6,52,9.087858035,121,38,3.038624004,10.66988324,10.29873555,7.987900595,439,21,10,6,37,509,9,6,0,15,476,524,22,16,98,23
36,1000,10,5.13,10.3,18,37,58,953,26,9,12,47,8.205230471,108,24,2.674815174,10.28580938,8.011250908,8.400768103,479,14,4,5,23,474,12,5,7,24,502,498,17,7,80,28
35,1000,10,5.13,10.3,18,37,59,960,24,9,7,40,8.081264704,113,34,2.765266286,9.724973164,8.528446407,7.665161267,455,16,7,4,27,505,8,2,3,13,482,518,18,16,88,25
33,1000,10,5.13,10.3,18,37,60,949,27,11,13,51,8.560098387,98,33,2.534619234,9.672525398,8.753968412,8.372334505,462,18,5,7,30,487,9,6,6,21,492,508,22,11,77,21
39,1000,10,5.13,10.3,18,37,45,958,23,9,10,42,7.929816497,105,27,2.661474403,9.6337501,8.084713678,7.777986587,469,14,7,5,26,489,9,2,5,16,495,505,15,12,78,27
34,1000,10,5.13,10.3,18,37,62,967,23,7,3,33,7.924599313,102,26,2.694532753,10.10132737,8.034844233,7.813023468,482,13,7,1,21,485,10,0,2,12,503,497,16,10,79,23
38,1000,10,5.13,10.3,18,37,50,962,21,8,9,38,8.136750464,95,28,2.698238861,9.346917743,7.960273409,8.311821328,483,7,3,5,15,479,14,5,4,23,498,502,20,8,68,27
37,1000,10,5.13,10.3,18,37,53,962,29,6,3,38,7.924145762,94,33,2.625055763,9.689790848,7.672485692,8.173800573,481,12,3,2,17,481,17,3,1,21,498,502,19,14,75,19
32,1000,10,5.13,10.3,18,37,100,947,30,17,6,53,9.123600184,119,40,3.035603554,10.68060059,10.34946119,8.010031793,438,21,11,6,38,509,9,6,0,15,476,524,29,11,96,23
36,1000,10,5.13,10.3,18,37,59,953,25,10,12,47,8.20192419,100,30,2.679563582,10.29910566,8.018490047,8.3868317,479,13,5,5,23,474,12,5,7,24,502,498,18,12,72,28
35,1000,10,5.13,10.3,18,37,60,960,24,9,7,40,8.095586052,110,33,2.773225189,9.775113239,8.536345913,7.685458151,455,16,7,4,27,505,8,2,3,13,482,518,20,13,84,26
33,1000,10,5.13,10.3,18,37,61,949,27,11,13,51,8.56778436,103,35,2.526773573,9.676566796,8.779641592,8.362599797,462,18,5,7,30,487,9,6,6,21,492,508,21,14,74,29
39,1000,10,5.13,10.3,18,37,46,955,26,9,10,45,7.94171204,91,30,2.666111453,9.661567446,8.120124814,7.766832193,467,16,7,5,28,488,10,2,5,17,495,505,19,11,68,23
34,1000,10,5.13,10.3,18,37,63,968,22,7,3,32,7.907987152,121,31,2.695147712,10.11169738,8.036142756,7.778284397,482,13,7,1,21,486,9,0,2,11,503,497,20,11,93,28
38,1000,10,5.13,10.3,18,37,51,962,21,8,9,38,8.155170522,110,33,2.721263545,9.368370051,7.991503769,8.317533157,483,7,3,5,15,479,14,5,4,23,498,502,25,8,74,36
37,1000,10,5.13,10.3,18,37,54,961,29,7,3,39,7.990769393,91,36,2.640922074,9.692703773,7.75730059,8.222377886,481,11,4,2,17,480,18,3,1,22,498,502,23,13,71,20
32,1000,10,5.13,10.3,18,37,101,947,30,17,6,53,9.171814927,126,35,3.045400942,10.72424256,10.36331882,8.089456425,437,22,11,6,39,510,8,6,0,14,476,524,19,16,98,28
36,1000,10,5.13,10.3,18,37,60,953,24,11,12,47,8.22248408,118,40,2.693347364,10.33379579,8.056875586,8.389422762,479,12,6,5,23,474,12,5,7,24,502,498,23,17,89,29
35,1000,10,5.13,10.3,18,37,61,959,25,9,7,41,8.118871404,86,27,2.786065645,9.801381592,8.555820302,7.71228961,455,16,7,4,27,504,9,2,3,14,482,518,14,13,66,20
33,1000,10,5.13,10.3,18,37,62,949,27,11,13,51,8.613934143,88,31,2.527440798,9.671212421,8.822881469,8.411567834,462,18,5,7,30,487,9,6,6,21,492,508,19,12,64,24
39,1000,10,5.13,10.3,18,37,47,957,24,9,10,43,7.955181129,108,34,2.680332947,9.692929694,8.157680954,7.756691201,468,15,7,5,27,489,9,2,5,16,495,505,20,14,84,24
34,1000,10,5.13,10.3,18,37,64,968,21,7,4,32,7.910569932,102,28,2.699319921,10.12173388,8.036696463,7.782920748,482,12,7,2,21,486,9,0,2,11,503,497,18,10,73,29
38,1000,10,5.13,10.3,18,37,52,960,23,8,9,40,8.181791547,101,36,2.711856109,9.392671772,8.019607773,8.342683019,481,9,3,5,17,479,14,5,4,23,498,502,24,12,66,35
37,1000,10,5.13,10.3,18,37,55,960,30,7,3,40,7.996883078,110,25,2.629164895,9.713501562,7.791844895,8.200287491,481,11,4,2,17,479,19,3,1,23,498,502,13,12,77,33
35,1000,10,5.13,10.3,18,37,62,959,25,8,8,41,8.133128556,109,39,2.812141029,9.823415088,8.595842011,7.702572794,455,16,6,5,27,504,9,2,3,14,482,518,25,14,80,29
32,1000,10,5.13,10.3,18,37,102,946,31,17,6,54,9.211605783,106,45,3.046021863,10.76182244,10.4087039,8.124165512,436,23,11,6,40,510,8,6,0,14,476,524,31,14,90,16
36,1000,10,5.13,10.3,18,37,61,954,24,10,12,46,8.257181208,109,26,2.693473439,10.3373997,8.112285244,8.403240996,479,12,6,5,23,475,12,4,7,23,502,498,19,7,81,28
33,1000,10,5.13,10.3,18,37,63,949,26,12,13,51,8.645851784,95,28,2.527439426,9.684042724,8.882965413,8.416206301,462,18,5,7,30,487,8,7,6,21,492,508,23,5,68,27
39,1000,10,5.13,10.3,18,37,48,957,24,9,10,43,8.001554461,94,36,2.683243748,9.696161235,8.219478153,7.78794609,467,16,7,5,28,490,8,2,5,15,495,505,25,11,68,26
34,1000,10,5.13,10.3,18,37,65,968,22,7,3,32,7.916501769,99,24,2.704708126,10.14434058,8.0418811,7.789608805,482,12,7,2,21,486,10,0,1,11,503,497,11,13,73,26
37,1000,10,5.13,10.3,18,37,56,961,27,9,3,39,8.007759878,110,47,2.643893267,9.714725033,7.842741398,8.171463471,481,11,4,2,17,480,16,5,1,22,498,502,29,18,82,28
38,1000,10,5.13,10.3,18,37,53,959,24,7,10,41,8.210397051,101,28,2.726444392,9.42737047,8.041032099,8.378412481,481,9,3,5,17,478,15,4,5,24,498,502,19,9,73,28
35,1000,10,5.13,10.3,18,37,63,960,25,7,8,40,8.092787159,106,37,2.811870894,9.829327633,8.558346164,7.659583606,456,16,5,5,26,504,9,2,3,14,482,518,22,15,83,23
36,1000,10,5.13,10.3,18,37,62,953,26,10,11,47,8.26462853,123,33,2.711988328,10.36086086,8.124990942,8.405387705,479,12,6,5,23,474,14,4,6,24,502,498,20,13,90,33
33,1000,10,5.13,10.3,18,37,64,951,25,11,13,49,8.676053827,119,31,2.507313159,9.688595689,8.947159883,8.413486545,463,17,5,7,29,488,8,6,6,20,492,508,20,11,86,33
32,1000,10,5.13,10.3,18,37,103,947,31,16,6,53,9.210507642,114,43,3.058430642,10.77947075,10.40301198,8.127240341,437,23,10,6,39,510,8,6,0,14,476,524,32,11,91,23
34,1000,10,5.13,10.3,18,37,66,969,21,7,3,31,7.911231172,109,27,2.70828174,10.15382916,8.076736139,7.743728158,482,12,7,2,21,487,9,0,1,10,503,497,19,8,77,32
39,1000,10,5.13,10.3,18,37,49,957,23,9,11,43,8.024732053,88,24,2.688316016,9.702458601,8.262050309,7.792113169,467,15,8,5,28,490,8,1,6,15,495,505,13,11,68,20
37,1000,10,5.13,10.3,18,37,57,961,26,10,3,39,8.022351761,88,25,2.652231518,9.736768383,7.862161263,8.181265842,481,11,4,2,17,480,15,6,1,22,498,502,19,6,64,24
38,1000,10,5.13,10.3,18,37,54,959,24,7,10,41,8.229631774,104,36,2.737230414,9.446502373,8.082399663,8.375690721,481,9,3,5,17,478,15,4,5,24,498,502,24,12,70,34
35,1000,10,5.13,10.3,18,37,64,958,27,7,8,42,8.131408342,96,45,2.808177673,9.857813204,8.625001248,7.672119191,456,16,5,5,26,502,11,2,3,16,482,518,31,14,69,27
36,1000,10,5.13,10.3,18,37,63,953,26,10,11,47,8.25072459,102,42,2.715612399,10.39781414,8.145313464,8.356982391,480,11,6,5,22,473,15,4,6,25,502,498,26,16,76,26
33,1000,10,5.13,10.3,18,37,65,952,25,10,13,48,8.708137221,110,29,2.505490541,9.683883981,8.980316129,8.444530878,463,17,5,7,29,489,8,5,6,19,492,508,17,12,85,25
34,1000,10,5.13,10.3,18,37,67,967,23,7,3,33,7.884470815,101,25,2.693211573,10.15613194,8.045174998,7.721826541,481,13,7,2,22,486,10,0,1,11,503,497,17,8,61,40
39,1000,10,5.13,10.3,18,37,50,957,23,8,12,43,8.070447752,102,33,2.690327536,9.722020789,8.305232833,7.840311882,467,15,7,6,28,490,8,1,6,15,495,505,15,18,68,34
37,1000,10,5.13,10.3,18,37,58,963,25,9,3,37,8.01117721,110,40,2.67197887,9.757793313,7.828003715,8.192891156,483,10,3,2,15,480,15,6,1,22,498,502,25,15,83,27
32,1000,10,5.13,10.3,18,37,104,947,31,16,6,53,9.215172992,115,45,3.072061798,10.77181184,10.42438235,8.116730902,437,23,10,6,39,510,8,6,0,14,476,524,32,13,98,17
40,1000,10,5.13,10.3,18,37,0,957,26,13,4,43,6.963,80,39,2.546524891,8.727731729,6.551724138,7.362919132,477,11,4,1,16,480,15,9,3,27,493,507,18,21,51,29
38,1000,10,5.13,10.3,18,37,55,960,23,7,10,40,8.263348509,93,36,2.756801618,9.458357181,8.143110502,8.382628445,481,9,3,5,17,479,14,4,5,23,498,502,23,13,68,25
35,1000,10,5.13,10.3,18,37,65,958,27,7,8,42,8.134493009,99,39,2.81174741,9.877317012,8.644736645,7.659710321,456,16,5,5,26,502,11,2,3,16,482,518,28,11,67,32
36,1000,10,5.13,10.3,18,37,64,953,27,10,10,47,8.251744462,123,33,2.707718528,10.41117191,8.178420281,8.325657592,480,11,6,5,22,473,16,4,5,25,502,498,22,11,97,26
34,1000,10,5.13,10.3,18,37,68,966,24,7,3,34,7.901214264,119,36,2.691732177,10.17646735,8.121440232,7.678329632,480,14,7,2,23,486,10,0,1,11,503,497,21,15,87,32
33,1000,10,5.13,10.3,18,37,66,950,26,11,13,50,8.733409377,98,34,2.504430521,9.699785391,9.0320075,8.44421592,461,18,6,7,31,489,8,5,6,19,492,508,26,8,73,25
37,1000,10,5.13,10.3,18,37,59,961,27,9,3,39,8.047789598,107,27,2.667305205,9.780203889,7.872430806,8.221751109,481,12,3,2,17,480,15,6,1,22,498,502,17,10,85,22
39,1000,10,5.13,10.3,18,37,51,957,22,9,12,43,8.077534227,111,39,2.710878533,9.762547128,8.302578453,7.856946323,467,14,8,6,28,490,8,1,6,15,495,505,23,16,79,32
38,1000,10,5.13,10.3,18,37,56,960,24,7,9,40,8.262069927,94,24,2.772293023,9.477808992,8.165679293,8.357692507,481,9,3,5,17,479,15,4,4,23,498,502,14,10,69,25
40,1000,10,5.13,10.3,18,37,1,956,27,13,4,44,6.971978979,99,36,2.551137349,8.723228476,6.585776006,7.34751757,476,12,4,1,17,480,15,9,3,27,493,507,16,20,61,38
35,1000,10,5.13,10.3,18,37,66,960,26,6,8,40,8.121290236,100,30,2.814988225,9.901194259,8.670007497,7.610707765,456,16,5,5,26,504,10,1,3,14,482,518,22,8,72,28
36,1000,10,5.13,10.3,18,37,65,953,28,10,9,47,8.285199519,113,28,2.713296217,10.41009767,8.241674912,8.329073722,480,11,6,5,22,473,17,4,4,25,502,498,16,12,86,27
34,1000,10,5.13,10.3,18,37,69,967,23,7,3,33,7.926877738,111,45,2.681375181,10.18392841,8.134818323,7.716426803,480,14,7,2,23,487,9,0,1,10,503,497,29,16,80,31
33,1000,10,5.13,10.3,18,37,67,949,27,11,13,51,8.745914519,105,36,2.51453103,9.710178529,9.037892423,8.463132769,460,19,6,7,32,489,8,5,6,19,492,508,27,9,73,32
37,1000,10,5.13,10.3,18,37,60,962,26,9,3,38,8.052206826,112,31,2.690532095,9.795848309,7.901919344,8.201296798,481,12,3,2,17,481,14,6,1,21,498,502,20,11,87,25
39,1000,10,5.13,10.3,18,37,52,957,22,9,12,43,8.083352447,120,35,2.710849719,9.778154263,8.289984553,7.880812066,467,14,8,6,28,490,8,1,6,15,495,505,20,15,78,42
38,1000,10,5.13,10.3,18,37,57,960,24,8,8,40,8.268252645,102,32,2.773174952,9.474282096,8.205398924,8.330605539,481,9,3,5,17,479,15,5,3,23,498,502,17,15,83,19
40,1000,10,5.13,10.3,18,37,2,954,29,13,4,46,6.992171083,98,31,2.536762443,8.725783985,6.591874064,7.381414535,476,12,4,1,17,478,17,9,3,29,493,507,17,14,65,33
35,1000,10,5.13,10.3,18,37,67,960,27,6,7,40,8.133303341,101,36,2.828535813,9.937465409,8.695787617,7.609910637,456,17,5,4,26,504,10,1,3,14,482,518,20,16,81,20
36,1000,10,5.13,10.3,18,37,66,952,29,10,9,48,8.310143224,99,42,2.710267977,10.41844713,8.288121363,8.332341967,479,12,6,5,23,473,17,4,4,25,502,498,25,17,81,18
34,1000,10,5.13,10.3,18,37,70,966,24,8,2,34,7.908029813,118,27,2.689825526,10.20075183,8.177082582,7.635728921,479,15,7,2,24,487,9,1,0,10,503,497,18,9,84,34
33,1000,10,5.13,10.3,18,37,68,950,27,9,14,50,8.728521984,105,29,2.511853221,9.710586454,9.068831011,8.398931352,460,19,5,8,32,490,8,4,6,18,492,508,22,7,80,25
37,1000,10,5.13,10.3,18,37,61,964,25,8,3,36,8.047868912,105,35,2.686790811,9.807641925,7.900820951,8.193745176,481,12,3,2,17,483,13,5,1,19,498,502,23,12,82,23
39,1000,10,5.13,10.3,18,37,53,956,22,10,12,44,8.084045996,113,30,2.718482389,9.795374342,8.299232689,7.873120426,467,13,9,6,28,489,9,1,6,16,495,505,15,15,86,27
38,1000,10,5.13,10.3,18,37,58,960,24,8,8,40,8.31107722,95,32,2.768450421,9.48661815,8.282218376,8.339706113,481,9,3,5,17,479,15,5,3,23,498,502,22,10,70,25
40,1000,10,5.13,10.3,18,37,3,956,28,12,4,44,7.005760028,87,31,2.534465485,8.738795863,6.641429282,7.360030358,476,12,4,1,17,480,16,8,3,27,493,507,20,11,56,31
35,1000,10,5.13,10.3,18,37,68,959,28,6,7,41,8.145248254,117,38,2.850702803,9.955452218,8.724931801,7.605851595,456,17,5,4,26,503,11,1,3,15,482,518,24,14,84,33
36,1000,10,5.13,10.3,18,37,67,951,30,10,9,49,8.337424943,97,50,2.73026672,10.4514046,8.358626585,8.316053006,478,13,6,5,24,473,17,4,4,25,502,498,33,17,69,28
34,1000,10,5.13,10.3,18,37,71,964,26,6,4,36,7.961088875,116,35,2.701731417,10.22389957,8.282094342,7.63620809,478,16,5,4,25,486,10,1,0,11,503,497,24,11,87,29
37,1000,10,5.13,10.3,18,37,62,966,24,8,2,34,8.052120748,87,35,2.681946909,9.824811487,7.892101215,8.210865224,483,11,3,1,15,483,13,5,1,19,498,502,19,16,64,23
33,1000,10,5.13,10.3,18,37,69,952,26,8,14,48,8.706399108,100,44,2.505401182,9.725306676,9.048843104,8.374740749,462,18,4,8,30,490,8,4,6,18,492,508,29,15,71,29
39,1000,10,5.13,10.3,18,37,54,956,22,10,12,44,8.081046084,117,30,2.724335859,9.827487462,8.336959592,7.83020017,467,13,9,6,28,489,9,1,6,16,495,505,18,12,85,32
38,1000,10,5.13,10.3,18,37,59,960,23,10,7,40,8.328389807,96,25,2.780610802,9.516303749,8.296803705,8.359724226,481,8,5,4,17,479,15,5,3,23,498,502,15,10,66,30
40,1000,10,5.13,10.3,18,37,4,957,27,12,4,43,7.070522818,88,27,2.541820373,8.726336535,6.70696212,7.424044365,476,12,4,1,17,481,15,8,3,26,493,507,14,13,57,31
35,1000,10,5.13,10.3,18,37,69,958,28,7,7,42,8.145160582,118,31,2.84642405,9.995796438,8.757923824,7.574983203,456,16,6,4,26,502,12,1,3,16,482,518,21,10,89,29
36,1000,10,5.13,10.3,18,37,68,951,30,10,9,49,8.341627065,93,38,2.735300075,10.46638393,8.364976024,8.318090564,479,12,6,5,23,472,18,4,4,26,502,498,26,12,74,19
34,1000,10,5.13,10.3,18,37,72,964,25,7,4,36,7.976200382,107,31,2.706235487,10.23230392,8.287645573,7.660995289,478,15,6,4,25,486,10,1,0,11,503,497,19,12,82,25
37,1000,10,5.13,10.3,18,37,63,967,24,7,2,33,8.064343261,107,30,2.659776761,9.838551753,7.8961632,8.231183242,483,11,3,1,15,484,13,4,1,18,498,502,13,17,67,40
33,1000,10,5.13,10.3,18,37,70,950,28,8,14,50,8.734907308,107,37,2.50685768,9.767035479,9.100059895,8.38125559,460,20,4,8,32,490,8,4,6,18,492,508,25,12,84,23
38,1000,10,5.13,10.3,18,37,60,960,22,12,6,40,8.324679707,100,26,2.78075727,9.524979312,8.309310276,8.339926672,481,7,7,3,17,479,15,5,3,23,498,502,13,13,75,25
39,1000,10,5.13,10.3,18,37,55,953,25,10,12,47,8.11919428,99,41,2.715067767,9.835236751,8.393987389,7.849842619,465,15,9,6,30,488,10,1,6,17,495,505,27,14,76,23
35,1000,10,5.13,10.3,18,37,70,958,27,8,7,42,8.190040561,122,42,2.860374318,10.01571034,8.805064545,7.617759557,456,15,7,4,26,502,12,1,3,16,482,518,27,15,89,33
40,1000,10,5.13,10.3,18,37,5,958,26,12,4,42,7.088553777,104,23,2.539272887,8.721955415,6.738413874,7.429025123,476,12,4,1,17,482,14,8,3,25,493,507,14,9,62,42
36,1000,10,5.13,10.3,18,37,69,952,28,11,9,48,8.35836539,117,42,2.744639759,10.47235449,8.383918281,8.332607255,480,10,7,5,22,472,18,4,4,26,502,498,20,22,88,29
34,1000,10,5.13,10.3,18,37,73,964,25,7,4,36,7.97149256,119,36,2.715073937,10.24957339,8.288231344,7.650929969,478,15,6,4,25,486,10,1,0,11,503,497,27,9,87,32
37,1000,10,5.13,10.3,18,37,64,965,26,7,2,35,8.144782366,101,40,2.662559572,9.844341004,8.007182688,8.281285632,482,12,3,1,16,483,14,4,1,19,498,502,22,18,72,29
33,1000,10,5.13,10.3,18,37,71,949,29,8,14,51,8.773180987,103,27,2.50779306,9.78896851,9.11737324,8.439829435,459,21,4,8,33,490,8,4,6,18,492,508,14,13,84,19
38,1000,10,5.13,10.3,18,37,61,960,21,13,6,40,8.325570599,113,46,2.798686892,9.533814008,8.326285656,8.324861241,481,7,7,3,17,479,14,6,3,23,498,502,28,18,87,26
39,1000,10,5.13,10.3,18,37,56,953,25,10,12,47,8.133197218,117,23,2.714648728,9.833942583,8.446952752,7.825654665,465,15,9,6,30,488,10,1,6,17,495,505,13,10,81,36
35,1000,10,5.13,10.3,18,37,71,957,27,9,7,43,8.225467391,106,35,2.855774085,10.02436429,8.812932236,7.678830219,456,15,7,4,26,501,12,2,3,17,482,518,22,13,89,17
36,1000,10,5.13,10.3,18,37,70,953,28,11,8,47,8.344522088,123,39,2.746874522,10.49107471,8.371973063,8.316850623,480,10,7,5,22,473,18,4,3,25,502,498,22,17,94,29
34,1000,10,5.13,10.3,18,37,74,965,24,7,4,35,7.976722141,109,35,2.721749491,10.27494753,8.305332807,7.644144343,478,15,6,4,25,487,9,1,0,10,503,497,19,16,87,22
40,1000,10,5.13,10.3,18,37,6,959,26,12,3,41,7.099648585,80,31,2.554737651,8.714946034,6.797957178,7.393009262,476,12,4,1,17,483,14,8,2,24,493,507,17,14,61,19
37,1000,10,5.13,10.3,18,37,65,965,26,7,2,35,8.141903914,103,32,2.654712941,9.877012074,8.017634516,8.265183117,482,12,3,1,16,483,14,4,1,19,498,502,20,12,79,24
33,1000,10,5.13,10.3,18,37,72,947,30,9,14,53,8.789059691,95,26,2.505320213,9.786562213,9.110546883,8.477698079,459,21,4,8,33,488,9,5,6,20,492,508,16,10,75,20
38,1000,10,5.13,10.3,18,37,62,961,21,11,7,39,8.311910569,98,35,2.805539588,9.533282036,8.338310052,8.28572144,481,7,7,3,17,480,14,4,4,22,498,502,23,12,72,26
35,1000,10,5.13,10.3,18,37,72,956,29,8,7,44,8.233118727,121,34,2.858031354,10.03012534,8.772051891,7.731640377,456,16,7,3,26,500,13,1,4,18,482,518,19,15,82,39
39,1000,10,5.13,10.3,18,37,57,953,25,10,12,47,8.150061097,103,34,2.709303026,9.842288448,8.47948067,7.827164684,465,15,9,6,30,488,10,1,6,17,495,505,22,12,76,27
34,1000,10,5.13,10.3,18,37,75,965,24,7,4,35,8.000031953,107,37,2.714560517,10.28684925,8.319815929,7.676387406,478,15,6,4,25,487,9,1,0,10,503,497,27,10,84,23
36,1000,10,5.13,10.3,18,37,71,952,29,11,8,48,8.384746578,107,35,2.743931558,10.50700969,8.440430194,8.328615704,480,10,7,5,22,472,19,4,3,26,502,498,20,15,82,25
37,1000,10,5.13,10.3,18,37,66,964,27,7,2,36,8.169988067,92,26,2.650930119,9.892275298,8.044943519,8.294036244,482,12,3,1,16,482,15,4,1,20,498,502,12,14,65,27
40,1000,10,5.13,10.3,18,37,7,958,27,12,3,42,7.111886474,85,32,2.577181052,8.71225209,6.842685485,7.373653905,475,13,4,1,18,483,14,8,2,24,493,507,20,12,65,20
33,1000,10,5.13,10.3,18,37,73,946,30,10,14,54,8.842803654,94,32,2.512461809,9.825637508,9.173349062,8.522669125,458,21,5,8,34,488,9,5,6,20,492,508,15,17,71,23
38,1000,10,5.13,10.3,18,37,63,963,19,11,7,37,8.300301024,89,41,2.819796105,9.549407418,8.329167146,8.271664911,482,6,7,3,16,481,13,4,4,21,498,502,27,14,63,26
35,1000,10,5.13,10.3,18,37,73,956,29,8,7,44,8.247696098,98,41,2.856131739,10.04680166,8.823482358,7.711925872,456,16,7,3,26,500,13,1,4,18,482,518,29,12,81,17
39,1000,10,5.13,10.3,18,37,58,953,26,9,12,47,8.180112378,112,33,2.700537298,9.871344459,8.493042015,7.873379368,466,15,8,6,29,487,11,1,6,18,495,505,25,8,81,31
34,1000,10,5.13,10.3,18,37,76,964,25,6,5,36,8.014916707,108,46,2.70757764,10.2888551,8.3442234,7.68163448,478,15,5,5,25,486,10,1,0,11,503,497,28,18,80,28
36,1000,10,5.13,10.3,18,37,72,954,28,10,8,46,8.355474774,103,38,2.75840036,10.54386367,8.410567389,8.299939649,481,9,7,5,21,473,19,3,3,25,502,498,26,12,68,35
37,1000,10,5.13,10.3,18,37,67,962,28,8,2,38,8.219940122,111,26,2.641488598,9.90856081,8.091964181,8.346896334,482,11,4,1,16,480,17,4,1,22,498,502,17,9,83,28
40,1000,10,5.13,10.3,18,37,8,957,28,11,4,43,7.1635798,89,27,2.580412823,8.750255861,6.885081939,7.434387384,475,13,4,1,18,482,15,7,3,25,493,507,15,12,62,27
33,1000,10,5.13,10.3,18,37,74,946,30,10,14,54,8.864359389,107,32,2.499912156,9.850105328,9.223660096,8.516375239,458,21,5,8,34,488,9,5,6,20,492,508,21,11,81,26
35,1000,10,5.13,10.3,18,37,74,956,29,8,7,44,8.284601582,102,27,2.865590291,10.07571323,8.862796528,7.746590069,455,17,7,3,27,501,12,1,4,17,482,518,19,8,74,28
38,1000,10,5.13,10.3,18,37,64,963,19,11,7,37,8.315146779,97,46,2.818126949,9.587928691,8.344989677,8.285541674,482,6,7,3,16,481,13,4,4,21,498,502,26,20,68,29
39,1000,10,5.13,10.3,18,37,59,952,28,9,11,48,8.190871883,109,35,2.739083683,9.903471922,8.51021561,7.877851793,466,15,8,6,29,486,13,1,5,19,495,505,21,14,75,34
34,1000,10,5.13,10.3,18,37,77,964,24,7,5,36,8.045802936,108,30,2.719619091,10.32303528,8.384244655,7.703275401,478,15,5,5,25,486,9,2,0,11,503,497,21,9,81,27
36,1000,10,5.13,10.3,18,37,73,956,26,10,8,44,8.357668513,123,28,2.766408877,10.56957097,8.453029769,8.261541303,481,9,7,5,21,475,17,3,3,23,502,498,20,8,95,28
37,1000,10,5.13,10.3,18,37,68,963,27,8,2,37,8.228754098,99,36,2.637766098,9.914443674,8.111886851,8.344690132,482,11,4,1,16,481,16,4,1,21,498,502,22,14,74,25
33,1000,10,5.13,10.3,18,37,75,944,32,10,14,56,8.920815201,127,25,2.50368097,9.864573052,9.274507984,8.578262347,458,21,5,8,34,486,11,5,6,22,492,508,13,12,94,33
40,1000,10,5.13,10.3,18,37,9,958,27,10,5,42,7.189114768,103,19,2.560030722,8.78632044,6.891533307,7.478478989,476,12,4,1,17,482,15,6,4,25,493,507,10,9,69,34
35,1000,10,5.13,10.3,18,37,75,955,29,9,7,45,8.312380187,115,42,2.86667814,10.0912769,8.904782807,7.761148406,455,17,7,3,27,500,12,2,4,18,482,518,32,10,86,29
38,1000,10,5.13,10.3,18,37,65,962,19,12,7,38,8.337519693,96,32,2.828119748,9.604120814,8.37885488,8.29651387,482,6,7,3,16,480,13,5,4,22,498,502,21,11,63,33
34,1000,10,5.13,10.3,18,37,78,964,25,6,5,36,8.07694644,99,39,2.741093914,10.35004228,8.40657961,7.743333796,479,15,4,5,24,485,10,2,0,12,503,497,21,18,69,30
39,1000,10,5.13,10.3,18,37,60,950,30,9,11,50,8.248349901,102,35,2.759825942,9.915265503,8.547088575,7.955526844,464,17,8,6,31,486,13,1,5,19,495,505,17,18,63,39
36,1000,10,5.13,10.3,18,37,74,955,27,10,8,45,8.392604383,111,38,2.773844439,10.58061436,8.483347105,8.301132804,481,9,7,5,21,474,18,3,3,24,502,498,25,13,81,30
37,1000,10,5.13,10.3,18,37,69,962,27,9,2,38,8.285434404,102,29,2.643307067,9.937304135,8.199521839,8.370662406,481,12,4,1,17,481,15,5,1,21,498,502,15,14,78,24
33,1000,10,5.13,10.3,18,37,76,942,34,10,14,58,8.945383848,90,34,2.536140877,9.912706462,9.32200777,8.580622098,457,22,5,8,35,485,12,5,6,23,492,508,24,10,71,19
35,1000,10,5.13,10.3,18,37,76,955,29,10,6,45,8.330400539,103,32,2.857484813,10.10409448,8.939173692,7.763935946,455,17,8,2,27,500,12,2,4,18,482,518,16,16,81,22
40,1000,10,5.13,10.3,18,37,10,957,28,10,5,43,7.225444907,98,33,2.574609826,8.790692077,6.920039912,7.522416628,475,13,4,1,18,482,15,6,4,25,493,507,19,14,67,31
38,1000,10,5.13,10.3,18,37,66,961,20,12,7,39,8.343043672,111,35,2.829790029,9.628862577,8.372917335,8.313408046,482,6,7,3,16,479,14,5,4,23,498,502,17,18,80,31
34,1000,10,5.13,10.3,18,37,79,964,25,6,5,36,8.114715703,110,29,2.749710455,10.36855242,8.446238896,7.779190217,479,15,4,5,24,485,10,2,0,12,503,497,18,11,76,34
36,1000,10,5.13,10.3,18,37,75,954,27,10,9,46,8.434971103,113,31,2.792744763,10.58177837,8.568944497,8.299921617,480,9,7,6,22,474,18,3,3,24,502,498,19,12,86,27
37,1000,10,5.13,10.3,18,37,70,963,26,9,2,37,8.271959173,120,23,2.645333076,9.963067058,8.221269555,8.322244888,481,12,4,1,17,482,14,5,1,20,498,502,11,12,89,31
39,1000,10,5.13,10.3,18,37,61,950,31,8,11,50,8.270546216,91,31,2.761132063,9.919580451,8.583686952,7.963606287,463,19,7,6,32,487,12,1,5,18,495,505,16,15,59,32
33,1000,10,5.13,10.3,18,37,77,944,34,8,14,56,8.932438841,90,32,2.528304763,9.937352509,9.32587434,8.55139501,457,22,5,8,35,487,12,3,6,21,492,508,17,15,65,25
35,1000,10,5.13,10.3,18,37,77,955,29,10,6,45,8.311139614,113,40,2.855337829,10.13050643,8.927715128,7.737414908,455,17,8,2,27,500,12,2,4,18,482,518,27,13,92,21
38,1000,10,5.13,10.3,18,37,67,961,21,11,7,39,8.335735278,110,39,2.844295553,9.634667026,8.404913006,8.267108766,481,7,7,3,17,480,14,4,4,22,498,502,26,13,81,29
34,1000,10,5.13,10.3,18,37,80,965,24,6,5,35,8.11411523,113,35,2.754476411,10.41381262,8.463980453,7.760026283,479,15,4,5,24,486,9,2,0,11,503,497,23,12,77,36
40,1000,10,5.13,10.3,18,37,11,958,27,10,5,42,7.232210976,98,16,2.565372179,8.793420134,6.944658576,7.511823072,476,12,4,1,17,482,15,6,4,25,493,507,10,6,66,32
36,1000,10,5.13,10.3,18,37,76,953,28,10,9,47,8.436562266,119,33,2.805787171,10.61201279,8.56592438,8.306161099,479,10,7,6,23,474,18,3,3,24,502,498,24,9,88,31
37,1000,10,5.13,10.3,18,37,71,964,27,7,2,36,8.297801177,126,32,2.658169739,9.996183623,8.288932875,8.306598814,481,13,3,1,17,483,14,4,1,19,498,502,19,13,94,32
39,1000,10,5.13,10.3,18,37,62,949,32,8,11,51,8.308752121,105,35,2.790795686,9.95234423,8.658162105,7.966261147,462,20,7,6,33,487,12,1,5,18,495,505,25,10,78,27
33,1000,10,5.13,10.3,18,37,78,944,34,8,14,56,8.943876977,109,30,2.526441963,9.943067394,9.346588431,8.553849348,457,22,5,8,35,487,12,3,6,21,492,508,16,14,81,28
35,1000,10,5.13,10.3,18,37,78,954,30,10,6,46,8.344476511,110,47,2.861023233,10.13184711,8.964105976,7.767910097,455,17,8,2,27,499,13,2,4,19,482,518,25,22,81,29
34,1000,10,5.13,10.3,18,37,81,963,24,7,6,37,8.15065905,103,29,2.752047467,10.41498508,8.531313234,7.765409443,478,14,5,6,25,485,10,2,0,12,503,497,20,9,80,23
38,1000,10,5.13,10.3,18,37,68,962,21,10,7,38,8.33647384,109,33,2.840044009,9.656842768,8.427509681,8.246163384,481,7,7,3,17,481,14,3,4,21,498,502,13,20,76,33
37,1000,10,5.13,10.3,18,37,72,964,28,7,1,36,8.281418552,99,28,2.659817361,10.01520063,8.311842253,8.251237271,481,13,3,1,17,483,15,4,0,19,498,502,21,7,75,24
36,1000,10,5.13,10.3,18,37,77,953,28,10,9,47,8.454825285,121,30,2.810051646,10.61663471,8.595825003,8.312693039,479,10,7,6,23,474,18,3,3,24,502,498,16,14,93,28
40,1000,10,5.13,10.3,18,37,12,958,27,10,5,42,7.257514561,90,37,2.568263633,8.80688663,6.976864456,7.530414958,476,12,4,1,17,482,15,6,4,25,493,507,18,19,62,28
39,1000,10,5.13,10.3,18,37,63,949,31,9,11,51,8.330509396,107,29,2.812406211,9.957200831,8.688828162,7.979286051,462,19,8,6,33,487,12,1,5,18,495,505,18,11,77,30
33,1000,10,5.13,10.3,18,37,79,942,36,8,14,58,8.946539725,105,34,2.502620739,9.955656507,9.400696758,8.50668685,455,24,5,8,37,487,12,3,6,21,492,508,14,20,75,30
35,1000,10,5.13,10.3,18,37,79,953,31,10,6,47,8.359387241,100,38,2.850412552,10.14656387,8.99344788,7.769392593,454,18,8,2,28,499,13,2,4,19,482,518,27,11,80,20
34,1000,10,5.13,10.3,18,37,82,963,23,8,6,37,8.190820391,111,23,2.744691365,10.47581311,8.567297356,7.809798431,477,15,5,6,26,486,8,3,0,11,503,497,14,9,80,31
38,1000,10,5.13,10.3,18,37,69,961,21,11,7,39,8.366464624,99,44,2.842791144,9.668754612,8.442074033,8.291457679,481,7,7,3,17,480,14,4,4,22,498,502,30,14,69,30
37,1000,10,5.13,10.3,18,37,73,963,28,8,1,37,8.282609855,98,22,2.668668778,10.0664329,8.330345215,8.235254856,481,13,3,1,17,482,15,5,0,20,498,502,15,7,66,32
36,1000,10,5.13,10.3,18,37,78,953,27,11,9,47,8.477254138,112,31,2.815542339,10.6316331,8.591474168,8.362116679,479,10,7,6,23,474,17,4,3,24,502,498,21,10,81,31
39,1000,10,5.13,10.3,18,37,64,949,31,9,11,51,8.331112855,102,29,2.815969075,9.989837855,8.673515133,7.995490821,462,19,8,6,33,487,12,1,5,18,495,505,23,6,70,32
40,1000,10,5.13,10.3,18,37,13,959,27,9,5,41,7.255627561,95,33,2.560087818,8.818724939,6.969424391,7.533927684,477,12,3,1,16,482,15,6,4,25,493,507,17,16,67,28
33,1000,10,5.13,10.3,18,37,80,943,35,8,14,57,8.940062603,96,28,2.482013726,9.95111145,9.434886754,8.460823464,455,24,5,8,37,488,11,3,6,20,492,508,20,8,76,20
35,1000,10,5.13,10.3,18,37,80,953,30,11,6,47,8.347599954,104,52,2.85671272,10.16232601,9.034887826,7.708077261,453,19,8,2,29,500,11,3,4,18,482,518,36,16,77,27
34,1000,10,5.13,10.3,18,37,83,962,24,8,6,38,8.239507377,109,39,2.760331365,10.50847813,8.606834568,7.867745653,477,15,5,6,26,485,9,3,0,12,503,497,20,19,86,23
38,1000,10,5.13,10.3,18,37,70,961,21,11,7,39,8.384584108,92,37,2.850040338,9.670923642,8.491109755,8.278907271,481,7,7,3,17,480,14,4,4,22,498,502,27,10,68,24
37,1000,10,5.13,10.3,18,37,74,964,27,8,1,36,8.295776042,86,37,2.693566407,10.09636048,8.345073883,8.246871013,482,12,3,1,16,482,15,5,0,20,498,502,18,19,65,21
36,1000,10,5.13,10.3,18,37,79,953,27,11,9,47,8.478333438,92,31,2.820962691,10.61887218,8.619579433,8.335952937,479,10,7,6,23,474,17,4,3,24,502,498,18,13,72,20
39,1000,10,5.13,10.3,18,37,65,948,31,10,11,52,8.3627275,97,44,2.818225562,9.995917419,8.710306348,8.022031402,461,19,9,6,34,487,12,1,5,18,495,505,29,15,72,25
40,1000,10,5.13,10.3,18,37,14,957,28,9,6,43,7.297697995,86,36,2.570160248,8.808643605,7.016981751,7.570662706,476,12,3,2,17,481,16,6,4,26,493,507,23,13,55,31
33,1000,10,5.13,10.3,18,37,81,945,34,8,13,55,8.921253124,107,34,2.482102022,9.968616246,9.470712733,8.389099329,455,25,5,7,37,490,9,3,6,18,492,508,25,9,80,27
35,1000,10,5.13,10.3,18,37,81,952,31,11,6,48,8.366963648,94,51,2.865810223,10.15703392,9.065038838,7.717403337,452,20,8,2,30,500,11,3,4,18,482,518,32,19,69,25
34,1000,10,5.13,10.3,18,37,84,961,25,8,6,39,8.270061569,98,35,2.757010875,10.55194825,8.622619069,7.913247842,476,16,5,6,27,485,9,3,0,12,503,497,25,10,65,33
37,1000,10,5.13,10.3,18,37,75,964,27,8,1,36,8.301834391,111,35,2.713877274,10.15253886,8.348417508,8.255622454,482,12,3,1,16,482,15,5,0,20,498,502,23,12,86,25
38,1000,10,5.13,10.3,18,37,71,958,25,10,7,42,8.42648441,104,32,2.858335838,9.686090323,8.561032554,8.293008363,479,10,6,3,19,479,15,4,4,23,498,502,15,17,81,23
36,1000,10,5.13,10.3,18,37,80,952,28,11,9,48,8.490803989,115,28,2.826928079,10.64114127,8.676498636,8.303617818,478,11,7,6,24,474,17,4,3,24,502,498,19,9,91,24
39,1000,10,5.13,10.3,18,37,66,949,29,10,12,51,8.400471966,105,28,2.804247176,10.04788736,8.770604317,8.037668969,461,18,9,7,34,488,11,1,5,17,495,505,16,12,89,16
40,1000,10,5.13,10.3,18,37,15,957,27,10,6,43,7.311215481,108,30,2.563312982,8.819146117,7.070163755,7.545610947,476,12,3,2,17,481,15,7,4,26,493,507,14,16,69,39
33,1000,10,5.13,10.3,18,37,82,945,34,8,13,55,8.943946916,90,34,2.488113788,9.976268921,9.52049475,8.385558068,455,25,5,7,37,490,9,3,6,18,492,508,22,12,72,18
35,1000,10,5.13,10.3,18,37,82,952,29,13,6,48,8.42239961,113,33,2.880367362,10.18970086,9.124868368,7.768751074,453,18,9,2,29,499,11,4,4,19,482,518,19,14,87,26
34,1000,10,5.13,10.3,18,37,85,961,25,8,6,39,8.282955699,112,37,2.757665551,10.53667625,8.636757098,7.924883054,476,16,5,6,27,485,9,3,0,12,503,497,20,17,87,25
37,1000,10,5.13,10.3,18,37,76,963,28,7,2,37,8.343963483,116,29,2.713621931,10.18100442,8.415621979,8.272875971,480,13,4,1,18,483,15,3,1,19,498,502,13,16,93,23
38,1000,10,5.13,10.3,18,37,72,958,25,10,7,42,8.460803155,100,38,2.860076448,9.69468031,8.600146261,8.322570352,479,10,6,3,19,479,15,4,4,23,498,502,25,13,69,31
36,1000,10,5.13,10.3,18,37,81,951,29,11,9,49,8.518785613,98,40,2.826189737,10.69195196,8.701928331,8.33417187,477,12,7,6,25,474,17,4,3,24,502,498,25,15,72,26
39,1000,10,5.13,10.3,18,37,67,949,29,10,12,51,8.439368028,114,31,2.823461081,10.0863059,8.822952205,8.063379577,461,18,9,7,34,488,11,1,5,17,495,505,14,17,79,35
35,1000,10,5.13,10.3,18,37,83,953,29,13,5,47,8.43771771,93,37,2.888437765,10.22859017,9.130167876,7.793391495,453,18,9,2,29,500,11,4,3,18,482,518,29,8,72,21
33,1000,10,5.13,10.3,18,37,83,944,35,8,13,56,8.939059743,98,35,2.493767794,9.993535878,9.546689402,8.350568027,455,25,5,7,37,489,10,3,6,19,492,508,21,14,73,25
40,1000,10,5.13,10.3,18,37,16,957,27,10,6,43,7.335904926,107,18,2.573451329,8.827520138,7.086576996,7.57834806,476,12,3,2,17,481,15,7,4,26,493,507,12,6,83,24
34,1000,10,5.13,10.3,18,37,86,960,25,9,6,40,8.320899016,101,44,2.763041407,10.53380737,8.669813231,7.967772558,475,16,6,6,28,485,9,3,0,12,503,497,30,14,75,26
37,1000,10,5.13,10.3,18,37,77,963,27,8,2,37,8.353803741,111,37,2.726215131,10.21099529,8.461592222,8.246874133,480,12,5,1,18,483,15,3,1,19,498,502,19,18,81,30
36,1000,10,5.13,10.3,18,37,82,951,28,12,9,49,8.537137914,121,37,2.831775103,10.70380774,8.72306227,8.34972019,477,12,7,6,25,474,16,5,3,24,502,498,24,13,96,25
38,1000,10,5.13,10.3,18,37,73,957,26,10,7,43,8.484571656,107,47,2.857049126,9.703812045,8.613169307,8.356998687,479,10,6,3,19,478,16,4,4,24,498,502,27,20,75,32
39,1000,10,5.13,10.3,18,37,68,948,30,10,12,52,8.469183481,96,50,2.822021454,10.09085945,8.886049405,8.060572327,460,19,9,7,35,488,11,1,5,17,495,505,29,21,69,27
35,1000,10,5.13,10.3,18,37,84,953,29,13,5,47,8.422668522,109,34,2.901766077,10.24410478,9.149814065,7.74605819,453,18,9,2,29,500,11,4,3,18,482,518,20,14,82,27
33,1000,10,5.13,10.3,18,37,84,944,35,8,13,56,8.935346186,115,33,2.506649908,10.00568785,9.515472042,8.37349201,456,24,5,7,36,488,11,3,6,20,492,508,23,10,83,32
34,1000,10,5.13,10.3,18,37,87,957,27,10,6,43,8.390195136,107,32,2.784062741,10.5644946,8.747408493,8.028669344,474,16,7,6,29,483,11,3,0,14,503,497,24,8,88,19
37,1000,10,5.13,10.3,18,37,78,963,27,8,2,37,8.372294077,112,40,2.736569281,10.24784007,8.490907224,8.254626055,480,12,5,1,18,483,15,3,1,19,498,502,26,14,79,33
40,1000,10,5.13,10.3,18,37,17,957,27,10,6,43,7.398786642,93,22,2.590298281,8.839652304,7.133173854,7.657064955,476,12,3,2,17,481,15,7,4,26,493,507,14,8,62,31
36,1000,10,5.13,10.3,18,37,83,951,28,12,9,49,8.558860539,103,29,2.830412784,10.71631538,8.759339485,8.356771321,477,12,7,6,25,474,16,5,3,24,502,498,14,15,81,22
38,1000,10,5.13,10.3,18,37,74,957,24,12,7,43,8.527586016,89,42,2.86003336,9.72234892,8.661083482,8.395152275,479,9,7,3,19,478,15,5,4,24,498,502,25,17,65,24
39,1000,10,5.13,10.3,18,37,69,948,29,11,12,52,8.486302163,114,34,2.820697201,10.09957265,8.941419209,8.040197335,460,18,10,7,35,488,11,1,5,17,495,505,18,16,91,23
35,1000,10,5.13,10.3,18,37,85,955,29,10,6,45,8.404256715,128,38,2.912688603,10.24805012,9.118686798,7.739478142,455,18,6,3,27,500,11,4,3,18,482,518,26,12,95,33
33,1000,10,5.13,10.3,18,37,85,944,34,9,13,56,8.952743323,107,38,2.510047663,10.01415599,9.517959164,8.405329557,456,24,5,7,36,488,10,4,6,20,492,508,22,16,81,26
34,1000,10,5.13,10.3,18,37,88,957,26,10,7,43,8.396815056,104,29,2.796495986,10.57579786,8.77259318,8.016500374,474,16,7,6,29,483,10,3,1,14,503,497,19,10,86,18
37,1000,10,5.13,10.3,18,37,79,963,27,8,2,37,8.369429119,116,34,2.76992121,10.25657161,8.509472906,8.23050122,480,12,5,1,18,483,15,3,1,19,498,502,20,14,89,27
36,1000,10,5.13,10.3,18,37,84,951,28,12,9,49,8.592515737,126,37,2.817148427,10.74486907,8.802794054,8.380548436,477,12,7,6,25,474,16,5,3,24,502,498,24,13,102,24
40,1000,10,5.13,10.3,18,37,18,957,27,10,6,43,7.421868665,100,29,2.606456562,8.849181447,7.152962267,7.68334964,476,12,3,2,17,481,15,7,4,26,493,507,17,12,70,30
38,1000,10,5.13,10.3,18,37,75,952,29,12,7,48,8.599561227,98,33,2.857721845,9.747442649,8.748628521,8.45168172,476,12,7,3,22,476,17,5,4,26,498,502,19,14,75,23
39,1000,10,5.13,10.3,18,37,70,948,29,11,12,52,8.523327188,110,33,2.842873105,10.12010654,8.955906987,8.099313325,460,18,10,7,35,488,11,1,5,17,495,505,17,16,87,23
35,1000,10,5.13,10.3,18,37,86,954,29,11,6,46,8.443038107,95,37,2.925672955,10.2571528,9.146740356,7.788241807,455,18,6,3,27,499,11,5,3,19,482,518,20,17,70,25
33,1000,10,5.13,10.3,18,37,86,943,35,9,13,57,8.990091177,93,28,2.513563342,10.03121021,9.56589054,8.432427226,455,25,5,7,37,488,10,4,6,20,492,508,15,13,72,21
34,1000,10,5.13,10.3,18,37,89,959,23,11,7,41,8.382930203,120,26,2.79425494,10.59351147,8.74432244,8.017175081,476,14,7,6,27,483,9,4,1,14,503,497,15,11,92,28
37,1000,10,5.13,10.3,18,37,80,963,26,8,3,37,8.390378747,110,43,2.796503428,10.28705187,8.543504552,8.238473068,481,10,5,2,17,482,16,3,1,20,498,502,30,13,83,27
36,1000,10,5.13,10.3,18,37,85,949,29,13,9,51,8.643874463,94,35,2.809959834,10.77057332,8.885953227,8.399851292,476,12,8,6,26,473,17,5,3,25,502,498,19,16,76,18
38,1000,10,5.13,10.3,18,37,76,953,28,12,7,47,8.603775225,114,36,2.879773983,9.76774983,8.754193494,8.454555509,476,12,7,3,22,477,16,5,4,25,498,502,25,11,86,28
40,1000,10,5.13,10.3,18,37,19,959,26,9,6,41,7.457103516,85,26,2.618097339,8.857040955,7.195200126,7.711774859,476,12,3,2,17,483,14,6,4,24,493,507,12,14,54,31
39,1000,10,5.13,10.3,18,37,71,949,28,12,11,51,8.514711124,110,30,2.835469301,10.14822513,8.916067638,8.121302263,461,17,11,6,34,488,11,1,5,17,495,505,23,7,86,24
35,1000,10,5.13,10.3,18,37,87,954,29,11,6,46,8.43926526,114,37,2.924000645,10.25706725,9.164514896,7.764419073,455,18,6,3,27,499,11,5,3,19,482,518,26,11,90,24
33,1000,10,5.13,10.3,18,37,87,944,34,9,13,56,8.991725382,108,32,2.533750719,10.05519339,9.592888694,8.409496347,455,25,5,7,37,489,9,4,6,19,492,508,20,12,86,22
34,1000,10,5.13,10.3,18,37,90,959,22,12,7,41,8.386222722,120,38,2.797142186,10.61408061,8.721676618,8.046719081,475,15,7,6,28,484,7,5,1,13,503,497,28,10,88,32
37,1000,10,5.13,10.3,18,37,81,962,27,7,4,38,8.429708523,115,34,2.79224349,10.31061745,8.6169729,8.243936292,480,11,5,2,18,482,16,2,2,20,498,502,24,10,83,32
36,1000,10,5.13,10.3,18,37,86,948,30,13,9,52,8.657641411,118,36,2.8325779,10.80660541,8.913229464,8.400000442,476,12,8,6,26,472,18,5,3,26,502,498,17,19,91,27
38,1000,10,5.13,10.3,18,37,77,953,28,12,7,47,8.6107,110,41,2.884421216,9.798742144,8.782868368,8.439903492,476,12,7,3,22,477,16,5,4,25,498,502,20,21,84,26
40,1000,10,5.13,10.3,18,37,20,959,27,9,5,41,7.456621856,84,37,2.611236596,8.859921346,7.207362639,7.698998174,476,12,3,2,17,483,15,6,3,24,493,507,21,16,61,23
39,1000,10,5.13,10.3,18,37,72,948,30,11,11,52,8.5535579,122,35,2.818128651,10.16809068,8.973721847,8.141714032,461,17,11,6,34,487,13,0,5,18,495,505,20,15,90,32
35,1000,10,5.13,10.3,18,37,88,953,30,11,6,47,8.481454318,101,35,2.942163894,10.28969516,9.217712923,7.796364264,454,19,6,3,28,499,11,5,3,19,482,518,27,8,75,26
33,1000,10,5.13,10.3,18,37,88,944,34,10,12,56,8.998577803,105,31,2.534962065,10.08340817,9.603018828,8.413174291,455,25,5,7,37,489,9,5,5,19,492,508,16,15,75,30
34,1000,10,5.13,10.3,18,37,91,959,22,11,8,41,8.381362127,114,43,2.799501108,10.62262556,8.736776668,8.021656868,475,15,7,6,28,484,7,4,2,13,503,497,30,13,87,27
37,1000,10,5.13,10.3,18,37,82,960,29,7,4,40,8.487620938,110,39,2.811092764,10.32823033,8.662692092,8.313944772,480,11,5,2,18,480,18,2,2,22,498,502,21,18,87,23
36,1000,10,5.13,10.3,18,37,87,946,32,13,9,54,8.696073661,113,29,2.840584501,10.83656747,8.971282664,8.418654144,475,13,8,6,27,471,19,5,3,27,502,498,14,15,89,24
38,1000,10,5.13,10.3,18,37,78,951,30,13,6,49,8.663248148,111,38,2.877721612,9.812441859,8.851564776,8.476432051,474,15,7,2,24,477,15,6,4,25,498,502,26,12,86,25
39,1000,10,5.13,10.3,18,37,73,947,31,11,11,53,8.582380252,96,31,2.825018581,10.18378372,9.001312705,8.171743491,461,17,11,6,34,486,14,0,5,19,495,505,19,12,79,17
40,1000,10,5.13,10.3,18,37,21,958,28,9,5,42,7.485636643,81,34,2.625675861,8.869403813,7.254617023,7.710277023,475,13,3,2,18,483,15,6,3,24,493,507,21,13,59,22
35,1000,10,5.13,10.3,18,37,89,952,30,12,6,48,8.501051342,105,51,2.937931205,10.32058148,9.296453798,7.760927822,453,19,7,3,29,499,11,5,3,19,482,518,31,20,79,26
33,1000,10,5.13,10.3,18,37,89,944,32,12,12,56,9.04019926,93,32,2.503545483,10.08890696,9.678472706,8.422028914,455,23,7,7,37,489,9,5,5,19,492,508,22,10,65,28
34,1000,10,5.13,10.3,18,37,92,959,23,10,8,41,8.381985527,102,34,2.801790961,10.64434687,8.743231226,8.016378712,476,15,6,6,27,483,8,4,2,14,503,497,23,11,83,19
37,1000,10,5.13,10.3,18,37,83,959,29,8,4,41,8.524626574,109,30,2.822866272,10.37134064,8.697180256,8.353447821,480,11,5,2,18,479,18,3,2,23,498,502,22,8,91,18
36,1000,10,5.13,10.3,18,37,88,947,31,13,9,53,8.66232651,104,33,2.854987025,10.87455524,8.953838878,8.368472677,475,13,8,6,27,472,18,5,3,26,502,498,22,11,84,20
38,1000,10,5.13,10.3,18,37,79,951,30,13,6,49,8.685740644,94,40,2.89060619,9.846286368,8.892052112,8.481073091,474,15,7,2,24,477,15,6,4,25,498,502,25,15,72,22
39,1000,10,5.13,10.3,18,37,74,945,33,10,12,55,8.608615532,113,42,2.822192742,10.20206533,9.022288144,8.203134458,461,17,10,7,34,484,16,0,5,21,495,505,31,11,80,33
35,1000,10,5.13,10.3,18,37,90,951,30,13,6,49,8.539424215,104,39,2.950000218,10.34732825,9.330676969,7.803162,453,19,7,3,29,498,11,6,3,20,482,518,26,13,77,27
33,1000,10,5.13,10.3,18,37,90,945,32,12,11,55,9.066301323,124,24,2.500031615,10.09436406,9.730668747,8.422858857,456,23,7,6,36,489,9,5,5,19,492,508,18,6,94,30
40,1000,10,5.13,10.3,18,37,22,958,28,9,5,42,7.507882963,97,31,2.610828417,8.867592749,7.296207966,7.713712891,475,13,3,2,18,483,15,6,3,24,493,507,14,17,76,21
34,1000,10,5.13,10.3,18,37,93,959,23,9,9,41,8.417686577,102,37,2.787046008,10.68040674,8.786884516,8.04403152,476,15,6,6,27,483,8,3,3,14,503,497,25,12,73,29
37,1000,10,5.13,10.3,18,37,84,960,29,7,4,40,8.540811518,106,32,2.839130944,10.35991145,8.701664201,8.38124053,480,11,5,2,18,480,18,2,2,22,498,502,22,10,77,29
36,1000,10,5.13,10.3,18,37,89,947,31,13,9,53,8.696600215,93,38,2.855944608,10.90536953,8.993127332,8.397691355,475,13,8,6,27,472,18,5,3,26,502,498,21,17,74,19
38,1000,10,5.13,10.3,18,37,80,952,30,12,6,48,8.695239332,113,34,2.887374728,9.872788085,8.915395953,8.476836947,474,15,7,2,24,478,15,5,4,24,498,502,22,12,81,32
39,1000,10,5.13,10.3,18,37,75,947,32,10,11,53,8.599586175,100,33,2.823984369,10.22562641,9.04609027,8.161923744,462,16,10,7,33,485,16,0,4,20,495,505,24,9,75,25
35,1000,10,5.13,10.3,18,37,91,951,29,14,6,49,8.546552173,119,37,2.958511102,10.3890622,9.335667683,7.812278668,454,17,8,3,28,497,12,6,3,21,482,518,25,12,90,29
33,1000,10,5.13,10.3,18,37,91,944,33,12,11,56,9.109900134,110,30,2.513999705,10.12645227,9.777447388,8.46337799,455,24,7,6,37,489,9,5,5,19,492,508,21,9,87,23
34,1000,10,5.13,10.3,18,37,94,959,22,10,9,41,8.441282749,110,38,2.787856987,10.69816972,8.825097114,8.052834811,476,15,6,6,27,483,7,4,3,14,503,497,25,13,79,31
40,1000,10,5.13,10.3,18,37,23,958,29,8,5,42,7.514298073,97,35,2.604850005,8.880746373,7.322302539,7.700991956,475,13,3,2,18,483,16,5,3,24,493,507,22,13,70,27
37,1000,10,5.13,10.3,18,37,85,959,30,7,4,41,8.572970945,120,30,2.867192534,10.378795,8.716029061,8.431052733,480,11,5,2,18,479,19,2,2,23,498,502,26,4,85,35
36,1000,10,5.13,10.3,18,37,90,947,33,12,8,53,8.703155504,121,25,2.874574854,10.92914992,8.974409893,8.429722364,475,14,8,5,27,472,19,4,3,26,502,498,15,10,91,30
38,1000,10,5.13,10.3,18,37,81,952,29,13,6,48,8.730022088,118,38,2.89222615,9.894368969,8.97583883,8.486164044,474,15,7,2,24,478,14,6,4,24,498,502,25,13,89,29
35,1000,10,5.13,10.3,18,37,92,952,28,13,7,48,8.593174393,126,32,2.972206238,10.39475105,9.385609931,7.855811594,455,17,7,3,27,497,11,6,4,21,482,518,24,8,93,33
39,1000,10,5.13,10.3,18,37,76,945,34,10,11,55,8.632838113,119,47,2.817397446,10.23677226,9.08664744,8.18801511,461,17,10,7,34,484,17,0,4,21,495,505,33,14,84,35
33,1000,10,5.13,10.3,18,37,92,942,35,12,11,58,9.124865137,97,33,2.522381539,10.15260115,9.800995702,8.470030024,454,25,7,6,38,488,10,5,5,20,492,508,24,9,71,26
34,1000,10,5.13,10.3,18,37,95,959,22,10,9,41,8.463182612,114,31,2.79582984,10.70944301,8.842558861,8.079226369,476,15,6,6,27,483,7,4,3,14,503,497,22,9,85,29
37,1000,10,5.13,10.3,18,37,86,959,30,6,5,41,8.600926574,104,34,2.879983058,10.40128886,8.769228639,8.433965561,480,11,4,3,18,479,19,2,2,23,498,502,22,12,78,26
36,1000,10,5.13,10.3,18,37,91,948,32,12,8,52,8.683133277,129,38,2.880002134,10.94293186,8.982446909,8.38141552,475,14,8,5,27,473,18,4,3,25,502,498,23,15,103,26
40,1000,10,5.13,10.3,18,37,24,958,29,8,5,42,7.57079702,93,26,2.611194674,8.895840532,7.355848816,7.77980977,475,13,3,2,18,483,16,5,3,24,493,507,16,10,62,31
38,1000,10,5.13,10.3,18,37,82,952,29,13,6,48,8.742300935,105,35,2.89322759,9.898045877,8.99452019,8.492091395,474,15,7,2,24,478,14,6,4,24,498,502,17,18,81,24
35,1000,10,5.13,10.3,18,37,93,951,29,13,7,49,8.610267451,105,37,2.969132974,10.41737676,9.401775676,7.873767519,454,18,7,3,28,497,11,6,4,21,482,518,23,14,81,24
39,1000,10,5.13,10.3,18,37,77,946,32,11,11,54,8.660244847,107,38,2.822157993,10.24946852,9.12665571,8.203069843,461,16,11,7,34,485,16,0,4,20,495,505,20,18,77,30
34,1000,10,5.13,10.3,18,37,96,959,21,11,9,41,8.454608462,114,45,2.782281702,10.71177124,8.841781213,8.062761592,476,14,7,6,27,483,7,4,3,14,503,497,29,16,86,28
33,1000,10,5.13,10.3,18,37,93,941,36,12,11,59,9.128707848,124,39,2.529640713,10.17139793,9.837245749,8.442486102,454,25,7,6,38,487,11,5,5,21,492,508,24,15,104,20
37,1000,10,5.13,10.3,18,37,87,960,28,7,5,40,8.603283055,120,34,2.90722727,10.42459951,8.758353962,8.449447773,481,10,4,3,17,479,18,3,2,23,498,502,22,12,90,30
36,1000,10,5.13,10.3,18,37,92,948,32,12,8,52,8.752779132,123,41,2.880660819,10.97207559,9.056328823,8.446791291,475,14,8,5,27,473,18,4,3,25,502,498,25,16,94,29
40,1000,10,5.13,10.3,18,37,25,957,30,8,5,43,7.599964837,83,33,2.606279236,8.90755807,7.392198138,7.801994388,476,12,3,2,17,481,18,5,3,26,493,507,13,20,58,25
38,1000,10,5.13,10.3,18,37,83,952,30,13,5,48,8.770190457,108,35,2.893205366,9.917822261,9.032521599,8.509949604,474,15,7,2,24,478,15,6,3,24,498,502,21,14,84,24
35,1000,10,5.13,10.3,18,37,94,951,29,13,7,49,8.627256133,114,35,2.98942024,10.42995182,9.440828899,7.870225104,454,18,7,3,28,497,11,6,4,21,482,518,17,18,91,23
34,1000,10,5.13,10.3,18,37,97,958,21,12,9,42,8.496167345,98,38,2.804211906,10.73675537,8.880710184,8.106982138,476,14,7,6,27,482,7,5,3,15,503,497,28,10,76,22
39,1000,10,5.13,10.3,18,37,78,945,33,11,11,55,8.680422766,110,26,2.813704319,10.26117866,9.115064928,8.254387378,460,17,11,7,35,485,16,0,4,20,495,505,19,7,82,28
33,1000,10,5.13,10.3,18,37,94,942,35,12,11,58,9.120554755,110,35,2.521704655,10.19303026,9.872022795,8.392754999,454,24,8,6,38,488,11,4,5,20,492,508,27,8,87,23
37,1000,10,5.13,10.3,18,37,88,960,27,8,5,40,8.616011728,117,47,2.898436051,10.44711029,8.770912117,8.462345605,481,10,4,3,17,479,17,4,2,23,498,502,30,17,89,28
36,1000,10,5.13,10.3,18,37,93,949,31,12,8,51,8.786026936,118,33,2.888516237,10.98999453,9.131172285,8.438109335,476,13,8,5,26,473,18,4,3,25,502,498,19,14,96,22
40,1000,10,5.13,10.3,18,37,26,957,30,8,5,43,7.698880111,71,24,2.621035743,8.917274515,7.500132314,7.892139804,475,13,3,2,18,482,17,5,3,25,493,507,13,11,46,25
38,1000,10,5.13,10.3,18,37,84,951,30,13,6,49,8.819940886,102,37,2.892253216,9.945282996,9.118614686,8.523646957,474,14,8,2,24,477,16,5,4,25,498,502,19,18,72,30
35,1000,10,5.13,10.3,18,37,95,952,28,13,7,48,8.593781853,123,34,2.986566778,10.46373794,9.398421226,7.845063362,455,17,7,3,27,497,11,6,4,21,482,518,21,13,99,24
34,1000,10,5.13,10.3,18,37,98,957,22,12,9,43,8.54083823,100,41,2.81810279,10.79549129,8.914541492,8.162623459,476,14,7,6,27,481,8,5,3,16,503,497,27,14,78,22
33,1000,10,5.13,10.3,18,37,95,943,35,10,12,57,9.114499325,104,33,2.520821049,10.20046195,9.862711105,8.389853271,455,24,6,7,37,488,11,4,5,20,492,508,20,13,83,21
39,1000,10,5.13,10.3,18,37,79,947,33,10,10,53,8.691816579,114,35,2.808131402,10.27784931,9.114465616,8.277536829,461,17,10,7,34,486,16,0,3,19,495,505,22,13,81,33
37,1000,10,5.13,10.3,18,37,89,960,27,8,5,40,8.62729493,116,38,2.901570713,10.4671201,8.813049254,8.443020721,481,10,4,3,17,479,17,4,2,23,498,502,27,11,86,30
36,1000,10,5.13,10.3,18,37,94,949,32,12,7,51,8.789363553,126,36,2.885983177,11.00414362,9.159543112,8.416210665,476,13,8,5,26,473,19,4,2,25,502,498,21,15,103,23
38,1000,10,5.13,10.3,18,37,85,948,32,13,7,52,8.839407892,115,42,2.907281072,9.963573931,9.16926857,8.512175587,471,16,8,3,27,477,16,5,4,25,498,502,28,14,95,20
40,1000,10,5.13,10.3,18,37,27,958,30,6,6,42,7.744650317,89,39,2.625891166,8.942592705,7.565995448,7.918371916,475,13,3,2,18,483,17,3,4,24,493,507,23,16,60,29
35,1000,10,5.13,10.3,18,37,96,952,27,14,7,48,8.58339076,113,48,2.98279994,10.49081931,9.403041934,7.820703761,455,16,8,3,27,497,11,6,4,21,482,518,30,18,82,31
34,1000,10,5.13,10.3,18,37,99,957,21,13,9,43,8.589103098,108,30,2.833489939,10.81040073,9.004303144,8.168890576,476,13,8,6,27,481,8,5,3,16,503,497,23,7,86,22
33,1000,10,5.13,10.3,18,37,96,944,34,10,12,56,9.108398576,103,31,2.537643872,10.22021852,9.863302914,8.377270753,456,23,6,7,36,488,11,4,5,20,492,508,16,15,71,32
39,1000,10,5.13,10.3,18,37,80,947,33,11,9,53,8.687370925,110,24,2.802606103,10.29139216,9.114114714,8.269077508,461,17,11,6,34,486,16,0,3,19,495,505,15,9,84,26
37,1000,10,5.13,10.3,18,37,90,959,28,8,5,41,8.664912514,114,30,2.897181337,10.47920784,8.841094234,8.490134633,481,10,4,3,17,478,18,4,2,24,498,502,20,10,87,27
36,1000,10,5.13,10.3,18,37,95,949,32,12,7,51,8.822953322,118,36,2.879502364,11.04553542,9.209331722,8.433471482,476,13,8,5,26,473,19,4,2,25,502,498,26,10,86,32
38,1000,10,5.13,10.3,18,37,86,948,31,14,7,52,8.87504447,107,42,2.885900848,9.978793134,9.18122278,8.571305828,471,15,9,3,27,477,16,5,4,25,498,502,26,16,80,27
35,1000,10,5.13,10.3,18,37,97,953,26,14,7,47,8.613151091,111,40,2.982300082,10.51011965,9.42247942,7.860069518,455,16,8,3,27,498,10,6,4,20,482,518,27,13,85,26
34,1000,10,5.13,10.3,18,37,100,956,22,13,9,44,8.641024109,101,29,2.858460531,10.80994995,9.067880655,8.209014365,475,14,8,6,28,481,8,5,3,16,503,497,22,7,75,26
40,1000,10,5.13,10.3,18,37,28,958,30,6,6,42,7.768912558,91,40,2.61049592,8.951738521,7.620574827,7.913154178,475,13,3,2,18,483,17,3,4,24,493,507,26,14,63,28
33,1000,10,5.13,10.3,18,37,97,945,33,10,12,55,9.093779928,118,49,2.553147774,10.26256786,9.863486097,8.348316473,457,22,6,7,35,488,11,4,5,20,492,508,35,14,95,23
39,1000,10,5.13,10.3,18,37,81,946,34,11,9,54,8.70575572,92,43,2.811447975,10.31619152,9.124398772,8.295402628,461,17,11,6,34,485,17,0,3,20,495,505,28,15,71,21
37,1000,10,5.13,10.3,18,37,91,958,29,8,5,42,8.6788097,118,43,2.898034868,10.50812289,8.885897062,8.473372436,480,11,4,3,18,478,18,4,2,24,498,502,26,17,93,25
36,1000,10,5.13,10.3,18,37,96,949,32,12,7,51,8.842384058,130,49,2.89312859,11.06673514,9.243808427,8.437735398,476,13,8,5,26,473,19,4,2,25,502,498,30,19,104,26
38,1000,10,5.13,10.3,18,37,87,949,30,14,7,51,8.865711083,97,27,2.899823355,9.969151924,9.183205653,8.550746351,472,14,9,3,26,477,16,5,4,25,498,502,16,11,69,28
35,1000,10,5.13,10.3,18,37,98,953,27,13,7,47,8.61187285,111,36,3.010137458,10.51568531,9.44297565,7.838530091,455,17,7,3,27,498,10,6,4,20,482,518,28,8,87,24
34,1000,10,5.13,10.3,18,37,101,956,22,12,10,44,8.629730963,98,36,2.860493531,10.86653003,9.052442314,8.201916457,475,14,8,6,28,481,8,4,4,16,503,497,25,11,74,24
33,1000,10,5.13,10.3,18,37,98,948,29,12,11,52,9.086805835,100,25,2.546571032,10.273637,9.838251023,8.359028212,460,20,6,6,32,488,9,6,5,20,492,508,15,10,71,29
37,1000,10,5.13,10.3,18,37,92,959,29,8,4,41,8.658343239,123,36,2.897694583,10.52817873,8.868434881,8.449925633,481,11,4,2,17,478,18,4,2,24,498,502,23,13,102,21
40,1000,10,5.13,10.3,18,37,29,957,30,7,6,43,7.809675237,92,16,2.60985176,8.945352171,7.673276493,7.942307547,475,12,4,2,18,482,18,3,4,25,493,507,9,7,62,30
39,1000,10,5.13,10.3,18,37,82,943,37,11,9,57,8.754496658,116,35,2.809028594,10.34209613,9.143756384,8.372945046,459,19,11,6,36,484,18,0,3,21,495,505,23,12,83,33
36,1000,10,5.13,10.3,18,37,97,948,32,13,7,52,8.858802373,124,37,2.898505994,11.0712642,9.295473943,8.418623401,475,14,8,5,27,473,18,5,2,25,502,498,27,10,95,29
35,1000,10,5.13,10.3,18,37,99,953,27,13,7,47,8.689580809,117,36,3.015238801,10.55026873,9.537304776,7.900772021,455,17,7,3,27,498,10,6,4,20,482,518,20,16,90,27
38,1000,10,5.13,10.3,18,37,88,949,30,14,7,51,8.878826537,95,37,2.898668014,9.979266283,9.210016247,8.550275789,472,14,9,3,26,477,16,5,4,25,498,502,19,18,78,17
34,1000,10,5.13,10.3,18,37,102,955,24,12,9,45,8.64543632,100,40,2.884356092,10.88779331,9.099292764,8.186100723,474,15,8,6,29,481,9,4,3,16,503,497,26,14,75,25
37,1000,10,5.13,10.3,18,37,93,957,30,9,4,43,8.679917429,126,42,2.906562082,10.55465777,8.91523861,8.446471316,480,11,5,2,18,477,19,4,2,25,498,502,24,18,88,38
33,1000,10,5.13,10.3,18,37,99,948,28,13,11,52,9.11221981,102,30,2.54208397,10.28261416,9.856077514,8.391790695,460,20,6,6,32,488,8,7,5,20,492,508,22,8,80,22
39,1000,10,5.13,10.3,18,37,83,943,37,11,9,57,8.812241906,114,35,2.817766413,10.36401451,9.220535852,8.412032989,458,20,11,6,37,485,17,0,3,20,495,505,24,11,86,28
40,1000,10,5.13,10.3,18,37,30,957,30,7,6,43,7.838492706,96,26,2.600881392,8.971455222,7.711788913,7.961697775,475,12,4,2,18,482,18,3,4,25,493,507,16,10,67,29
36,1000,10,5.13,10.3,18,37,98,948,32,13,7,52,8.902760754,127,33,2.909054329,11.0960761,9.321918491,8.480236289,475,14,8,5,27,473,18,5,2,25,502,498,20,13,100,27
35,1000,10,5.13,10.3,18,37,100,951,29,13,7,49,8.714921238,112,37,3.025646062,10.58092252,9.572389815,7.917045071,455,17,7,3,27,496,12,6,4,22,482,518,23,14,82,30
38,1000,10,5.13,10.3,18,37,89,949,30,14,7,51,8.924531969,98,23,2.904547107,10.01548672,9.262526438,8.589230683,472,14,9,3,26,477,16,5,4,25,498,502,14,9,77,21
34,1000,10,5.13,10.3,18,37,103,954,25,12,9,46,8.644031077,114,35,2.888439596,10.93688697,9.135102138,8.147031593,473,16,8,6,30,481,9,4,3,16,503,497,25,10,94,20
33,1000,10,5.13,10.3,18,37,100,948,27,14,11,52,9.166268872,112,44,2.548567519,10.28879942,9.943020209,8.413982144,460,20,6,6,32,488,7,8,5,20,492,508,27,17,87,25
37,1000,10,5.13,10.3,18,37,94,956,29,11,4,44,8.724559537,113,34,2.920016351,10.56868286,8.985674473,8.465525197,480,10,6,2,18,476,19,5,2,26,498,502,24,10,82,31
39,1000,10,5.13,10.3,18,37,84,943,37,11,9,57,8.840128689,106,38,2.834817999,10.41962886,9.27303165,8.415798064,458,20,11,6,37,485,17,0,3,20,495,505,26,12,82,24
36,1000,10,5.13,10.3,18,37,99,948,32,13,7,52,8.901828082,137,34,2.919444342,11.11662197,9.355443041,8.444569629,475,14,8,5,27,473,18,5,2,25,502,498,20,14,107,30
40,1000,10,5.13,10.3,18,37,31,956,31,7,6,44,7.855765512,110,34,2.614764449,8.990488757,7.772473707,7.936757346,474,13,4,2,19,482,18,3,4,25,493,507,21,13,73,37
35,1000,10,5.13,10.3,18,37,101,950,28,15,7,50,8.734613697,114,35,3.006049417,10.60500639,9.608811178,7.921171255,455,16,8,3,27,495,12,7,4,23,482,518,26,9,84,30
34,1000,10,5.13,10.3,18,37,104,955,25,11,9,45,8.629741267,110,38,2.893240298,10.97472501,9.120876513,8.132676823,474,16,7,6,29,481,9,4,3,16,503,497,21,17,86,24
41,1000,10,5.13,10.3,18,37,0,951,29,12,8,49,6.795,92,32,2.482618972,8.828885824,6.152475248,7.450505051,489,9,5,2,16,462,20,7,6,33,505,495,21,11,62,30
38,1000,10,5.13,10.3,18,37,90,949,30,14,7,51,8.964052895,102,40,2.917170634,10.00630061,9.309677445,8.621182327,472,14,9,3,26,477,16,5,4,25,498,502,23,17,81,21
37,1000,10,5.13,10.3,18,37,95,957,28,10,5,43,8.724155494,127,35,2.920471808,10.56329394,9.051924265,8.398998426,479,11,6,2,19,478,17,4,3,24,498,502,23,12,97,30
33,1000,10,5.13,10.3,18,37,101,947,28,15,10,53,9.153076427,116,31,2.565395188,10.30672868,9.947084259,8.384076715,459,22,6,5,33,488,6,9,5,20,492,508,23,8,92,24
39,1000,10,5.13,10.3,18,37,85,944,34,13,9,56,8.86713164,99,43,2.837467988,10.42980146,9.318525193,8.424676573,458,19,12,6,37,486,15,1,3,19,495,505,31,12,79,20
36,1000,10,5.13,10.3,18,37,100,947,33,13,7,53,8.89467053,123,33,2.935817868,11.14106898,9.365101301,8.420461198,474,15,8,5,28,473,18,5,2,25,502,498,20,13,98,25
40,1000,10,5.13,10.3,18,37,32,956,30,8,6,44,7.90625017,86,31,2.617752374,8.993733636,7.827289987,7.983029992,474,13,4,2,19,482,17,4,4,25,493,507,22,9,50,36
35,1000,10,5.13,10.3,18,37,102,949,30,14,7,51,8.770210854,128,45,3.010931935,10.62055879,9.61787459,7.98145811,455,17,7,3,27,494,13,7,4,24,482,518,28,17,91,37
38,1000,10,5.13,10.3,18,37,91,950,29,14,7,50,8.97636071,96,41,2.903043839,10.02835612,9.330613453,8.624930699,472,14,9,3,26,478,15,5,4,24,498,502,30,11,70,26
41,1000,10,5.13,10.3,18,37,1,952,29,11,8,48,6.801433899,93,36,2.488910438,8.83124043,6.163354112,7.452404186,491,8,4,2,14,461,21,7,6,34,505,495,18,18,58,35
37,1000,10,5.13,10.3,18,37,96,956,29,10,5,44,8.748817074,111,28,2.923096437,10.59374731,9.098583952,8.401837183,479,11,6,2,19,477,18,4,3,25,498,502,16,12,83,28
33,1000,10,5.13,10.3,18,37,102,947,29,14,10,53,9.15965845,114,30,2.559365144,10.3303407,9.966873495,8.3778675,459,22,6,5,33,488,7,8,5,20,492,508,18,12,88,26
39,1000,10,5.13,10.3,18,37,86,945,33,13,9,55,8.921417767,108,34,2.839285813,10.44424363,9.358273144,8.493212991,458,19,12,6,37,487,14,1,3,18,495,505,23,11,77,31
36,1000,10,5.13,10.3,18,37,101,945,35,13,7,55,8.932266821,125,32,2.942371433,11.17244796,9.406679235,8.454043866,473,16,8,5,29,472,19,5,2,26,502,498,23,9,96,29
35,1000,10,5.13,10.3,18,37,103,949,30,14,7,51,8.771131587,111,31,3.021472378,10.65103469,9.633989068,7.968241036,455,17,7,3,27,494,13,7,4,24,482,518,20,11,86,25
40,1000,10,5.13,10.3,18,37,33,956,29,9,6,44,7.924270662,99,27,2.607075588,8.973151487,7.87046288,7.976592627,474,12,5,2,19,482,17,4,4,25,493,507,17,10,69,30
38,1000,10,5.13,10.3,18,37,92,949,29,15,7,51,8.983545279,119,43,2.927994321,10.07618985,9.355166248,8.614885434,472,14,9,3,26,477,15,6,4,25,498,502,25,18,93,26
41,1000,10,5.13,10.3,18,37,2,952,29,11,8,48,6.864533406,84,38,2.493991367,8.836978139,6.225288892,7.51669195,491,8,4,2,14,461,21,7,6,34,505,495,22,16,51,33
37,1000,10,5.13,10.3,18,37,97,955,29,10,6,45,8.782834634,99,29,2.932253884,10.6249114,9.150649778,8.417950287,478,11,6,3,20,477,18,4,3,25,498,502,19,10,76,23
33,1000,10,5.13,10.3,18,37,103,947,29,14,10,53,9.163771508,126,36,2.563386645,10.35191233,9.988024015,8.36547971,459,22,6,5,33,488,7,8,5,20,492,508,24,12,96,30
36,1000,10,5.13,10.3,18,37,102,945,34,14,7,55,8.955156276,118,38,2.952407292,11.19608039,9.432463015,8.474015749,473,16,8,5,29,472,18,6,2,26,502,498,24,14,101,17
39,1000,10,5.13,10.3,18,37,87,945,33,13,9,55,8.939954312,125,42,2.844840552,10.50335583,9.404018005,8.48508,458,19,12,6,37,487,14,1,3,18,495,505,26,16,91,34
35,1000,10,5.13,10.3,18,37,104,950,29,14,7,50,8.796972358,115,38,3.021704247,10.67720573,9.667919802,7.986554081,455,17,7,3,27,495,12,7,4,23,482,518,24,14,87,28
42,1000,10,5.13,10.3,18,37,0,947,28,10,15,53,7.08,97,32,2.558672255,8.785229867,6.488047809,7.676706827,485,7,3,7,17,462,21,7,8,36,502,498,14,18,63,34
38,1000,10,5.13,10.3,18,37,93,949,29,14,8,51,9.010101389,99,41,2.927508444,10.09762805,9.406196472,8.617162442,472,14,8,4,26,477,15,6,4,25,498,502,27,14,67,32
40,1000,10,5.13,10.3,18,37,34,956,29,9,6,44,7.941928753,95,38,2.611956707,8.986277803,7.882648861,7.999571725,474,12,5,2,19,482,17,4,4,25,493,507,26,12,65,30
37,1000,10,5.13,10.3,18,37,98,954,30,10,6,46,8.767761104,110,40,2.941760922,10.64160111,9.147126106,8.391418931,477,12,6,3,21,477,18,4,3,25,498,502,27,13,79,31
41,1000,10,5.13,10.3,18,37,3,950,30,11,9,50,6.918168892,91,21,2.499602018,8.837838364,6.296343809,7.552556098,489,10,4,2,16,461,20,7,7,34,505,495,10,11,69,22
33,1000,10,5.13,10.3,18,37,104,948,28,14,10,52,9.157450077,101,29,2.557060024,10.36618657,10.00908305,8.332640194,459,22,6,5,33,489,6,8,5,19,492,508,15,14,83,18
43,1000,10,5.13,10.3,18,37,0,935,24,22,19,65,7.549,94,34,2.519421632,9.043241505,7.208661417,7.900406504,479,13,11,5,29,456,11,11,14,36,508,492,18,16,57,37
36,1000,10,5.13,10.3,18,37,103,946,34,12,8,54,8.951329827,98,41,2.970828493,11.24082841,9.446148446,8.452536761,473,16,8,5,29,473,18,4,3,25,502,498,24,17,74,24
39,1000,10,5.13,10.3,18,37,88,945,33,13,9,55,8.954879119,124,33,2.861036379,10.54139235,9.462268546,8.457537008,458,19,12,6,37,487,14,1,3,18,495,505,21,12,85,39
42,1000,10,5.13,10.3,18,37,1,946,29,10,15,54,7.081436563,89,29,2.550122666,8.781315859,6.504622217,7.662883956,485,7,3,7,17,461,22,7,8,37,502,498,17,12,61,28
38,1000,10,5.13,10.3,18,37,94,950,28,14,8,50,9.000274876,112,38,2.939266551,10.08712715,9.409677807,8.59413412,472,14,8,4,26,478,14,6,4,24,498,502,23,15,81,31
37,1000,10,5.13,10.3,18,37,99,954,30,10,6,46,8.74684418,109,39,2.945890578,10.67533277,9.14221749,8.354621255,477,12,6,3,21,477,18,4,3,25,498,502,31,8,86,23
41,1000,10,5.13,10.3,18,37,4,951,29,11,9,49,6.967363053,106,32,2.496444698,8.849529252,6.34598561,7.601293577,489,10,4,2,16,462,19,7,7,33,505,495,16,16,74,32
40,1000,10,5.13,10.3,18,37,35,955,30,8,7,45,7.988714397,89,23,2.611849,8.983398218,7.927528826,8.048210426,473,13,5,2,20,482,17,3,5,25,493,507,16,7,65,24
43,1000,10,5.13,10.3,18,37,1,937,24,20,19,63,7.534164744,80,51,2.526289195,9.072605287,7.204246954,7.874811568,479,13,11,5,29,458,11,9,14,34,508,492,32,19,61,19
36,1000,10,5.13,10.3,18,37,104,944,35,12,9,56,8.988049702,119,36,2.958309772,11.25645833,9.493003563,8.479039987,471,17,8,6,31,473,18,4,3,25,502,498,24,12,96,23
44,1000,10,5.13,10.3,18,37,0,948,25,8,19,52,7.197,102,29,2.471772404,8.65362202,6.424581006,8.09287257,519,13,3,2,18,429,12,5,17,34,537,463,14,15,64,38
39,1000,10,5.13,10.3,18,37,89,945,33,13,9,55,8.983784097,128,35,2.876093079,10.56063334,9.497024935,8.480706444,458,19,12,6,37,487,14,1,3,18,495,505,23,12,98,30
42,1000,10,5.13,10.3,18,37,2,948,28,9,15,52,7.102467578,89,25,2.56318509,8.790606448,6.539772669,7.669682124,485,7,3,7,17,463,21,6,8,35,502,498,10,15,60,29
38,1000,10,5.13,10.3,18,37,95,948,30,14,8,52,9.031940598,99,42,2.963370295,10.11016093,9.467267933,8.600082006,471,15,8,4,27,477,15,6,4,25,498,502,34,8,79,20
37,1000,10,5.13,10.3,18,37,100,953,30,11,6,47,8.779692878,113,38,2.952134703,10.69572228,9.169464356,8.393027149,477,12,6,3,21,476,18,5,3,26,498,502,26,12,91,22
41,1000,10,5.13,10.3,18,37,5,951,28,12,9,49,6.981597348,83,23,2.516564291,8.866208938,6.352331458,7.62357568,490,9,4,2,15,461,19,8,7,34,505,495,13,10,60,23
43,1000,10,5.13,10.3,18,37,2,939,24,18,19,61,7.533289513,90,28,2.522693391,9.079544561,7.253451494,7.822227955,480,12,11,5,28,459,12,7,14,33,508,492,18,10,55,35
40,1000,10,5.13,10.3,18,37,36,955,30,7,8,45,8.041809191,87,39,2.630844322,8.998125979,8.005460841,8.07715384,473,13,4,3,20,482,17,3,5,25,493,507,26,13,66,21
39,1000,10,5.13,10.3,18,37,90,943,35,13,9,57,8.970069655,113,40,2.872275931,10.59520104,9.520365761,8.430670502,456,21,12,6,39,487,14,1,3,18,495,505,30,10,77,36
44,1000,10,5.13,10.3,18,37,1,947,27,7,19,53,7.225637692,93,30,2.463113375,8.653287663,6.494491367,8.073641097,517,15,3,2,20,430,12,4,17,33,537,463,21,9,57,36
42,1000,10,5.13,10.3,18,37,3,948,27,10,15,52,7.124566616,98,40,2.577893301,8.791146199,6.580224013,7.673281449,484,8,3,7,18,464,19,7,8,34,502,498,25,15,69,29
37,1000,10,5.13,10.3,18,37,101,952,31,11,6,48,8.779238792,109,41,2.955323551,10.71687346,9.205992902,8.355885114,476,13,6,3,22,476,18,5,3,26,498,502,26,15,90,19
38,1000,10,5.13,10.3,18,37,96,947,31,14,8,53,9.04014036,106,32,2.96586987,10.14498614,9.464490545,8.619171451,471,15,8,4,27,476,16,6,4,26,498,502,22,10,76,30
41,1000,10,5.13,10.3,18,37,6,952,27,12,9,48,7.001218919,91,30,2.517938852,8.889224654,6.397845486,7.616781714,490,9,4,2,15,462,18,8,7,33,505,495,16,14,64,27
43,1000,10,5.13,10.3,18,37,3,941,24,17,18,59,7.573906631,107,24,2.535005952,9.079097985,7.290297812,7.866738501,480,12,11,5,28,461,12,6,13,31,508,492,13,11,77,30
39,1000,10,5.13,10.3,18,37,91,942,36,13,9,58,9.00107725,97,27,2.869794359,10.63217406,9.549507657,8.463506852,456,21,12,6,39,486,15,1,3,19,495,505,19,8,74,23
44,1000,10,5.13,10.3,18,37,2,949,26,7,18,51,7.226212217,102,25,2.472969669,8.659744485,6.512734168,8.053723474,518,14,3,2,19,431,12,4,16,32,537,463,16,9,58,44
40,1000,10,5.13,10.3,18,37,37,955,30,7,8,45,8.09686542,104,29,2.625951555,9.006597455,8.082212636,8.11111359,473,13,4,3,20,482,17,3,5,25,493,507,14,15,66,38
42,1000,10,5.13,10.3,18,37,4,950,25,10,15,50,7.106543342,89,30,2.557030726,8.792262954,6.626136154,7.590809222,484,8,3,7,18,466,17,7,8,32,502,498,18,12,61,28
37,1000,10,5.13,10.3,18,37,102,952,31,11,6,48,8.804018516,116,40,2.97439238,10.73791477,9.234867207,8.376602882,476,13,6,3,22,476,18,5,3,26,498,502,28,12,93,23
41,1000,10,5.13,10.3,18,37,7,952,27,11,10,48,7.038484798,95,37,2.522742695,8.92737626,6.44052445,7.648525154,490,9,3,3,15,462,18,8,7,33,505,495,16,21,62,33
38,1000,10,5.13,10.3,18,37,97,947,32,14,7,53,9.076752618,104,41,2.99637115,10.15282386,9.521693715,8.635356868,470,16,8,4,28,477,16,6,3,25,498,502,29,12,81,23
43,1000,10,5.13,10.3,18,37,4,942,24,16,18,58,7.593327737,89,29,2.540127646,9.094183261,7.295399441,7.900944758,481,12,10,5,27,461,12,6,13,31,508,492,17,12,61,28
39,1000,10,5.13,10.3,18,37,92,943,36,13,8,57,8.988039544,107,30,2.867018021,10.64620731,9.545069406,8.442039977,456,21,12,6,39,487,15,1,2,18,495,505,19,11,77,30
44,1000,10,5.13,10.3,18,37,3,951,25,7,17,49,7.172374995,103,33,2.466216826,8.659541967,6.530299862,7.917071207,519,13,3,2,18,432,12,4,15,31,537,463,18,15,71,32
40,1000,10,5.13,10.3,18,37,38,954,31,7,8,46,8.13021914,95,38,2.630462959,9.024897317,8.124248564,8.136024848,472,14,4,3,21,482,17,3,5,25,493,507,23,15,66,29
42,1000,10,5.13,10.3,18,37,5,950,26,10,14,50,7.124191599,86,29,2.553168427,8.787684753,6.662659752,7.589430528,484,8,3,7,18,466,18,7,7,32,502,498,14,15,58,28
37,1000,10,5.13,10.3,18,37,103,950,32,12,6,50,8.844969993,114,39,2.987759202,10.75599805,9.306457735,8.387159444,474,14,7,3,24,476,18,5,3,26,498,502,28,11,92,22
38,1000,10,5.13,10.3,18,37,98,944,35,14,7,56,9.097329069,117,41,2.973832846,10.15395296,9.548561021,8.64969259,469,17,8,4,29,475,18,6,3,27,498,502,26,15,92,25
41,1000,10,5.13,10.3,18,37,8,953,27,11,9,47,7.076089667,90,29,2.516403047,8.944169728,6.467991086,7.696473068,490,9,3,3,15,463,18,8,6,32,505,495,16,13,59,31
43,1000,10,5.13,10.3,18,37,5,943,24,15,18,57,7.610560689,91,28,2.548975787,9.091526725,7.310631555,7.920243617,482,12,9,5,26,461,12,6,13,31,508,492,12,16,67,24
39,1000,10,5.13,10.3,18,37,93,943,36,12,9,57,9.00544944,130,38,2.876790083,10.70280908,9.586730151,8.435679237,456,21,11,7,39,487,15,1,2,18,495,505,23,15,94,36
44,1000,10,5.13,10.3,18,37,4,952,25,7,16,48,7.180868505,96,38,2.467953436,8.659632949,6.547286606,7.915714035,519,13,3,2,18,433,12,4,14,30,537,463,19,19,68,28
42,1000,10,5.13,10.3,18,37,6,950,27,11,12,50,7.132118532,100,27,2.544511763,8.819087035,6.69597956,7.571760628,483,10,3,6,19,467,17,8,6,31,502,498,15,12,73,27
40,1000,10,5.13,10.3,18,37,39,955,30,7,8,45,8.137199151,94,24,2.648669686,9.043307748,8.138320606,8.136108663,473,13,4,3,20,482,17,3,5,25,493,507,10,14,70,24
37,1000,10,5.13,10.3,18,37,104,947,35,13,5,53,8.855861988,117,42,2.980254999,10.75186735,9.355170551,8.360531979,473,14,8,3,25,474,21,5,2,28,498,502,29,13,85,32
45,1000,10,5.13,10.3,18,37,0,943,26,18,13,57,7.067,96,24,2.485492266,8.964846581,6.384158416,7.763636364,487,8,7,3,18,456,18,11,10,39,505,495,13,11,66,30
41,1000,10,5.13,10.3,18,37,9,953,27,12,8,47,7.1145288,89,32,2.516066836,8.960414471,6.522771039,7.718241263,490,9,3,3,15,463,18,9,5,32,505,495,18,14,56,33
38,1000,10,5.13,10.3,18,37,99,946,34,13,7,54,9.093999141,121,39,2.987898911,10.18273415,9.574787173,8.617042089,470,16,8,4,28,476,18,5,3,26,498,502,28,11,84,37
43,1000,10,5.13,10.3,18,37,6,943,25,15,17,57,7.658540129,99,22,2.54701205,9.106845482,7.4132703,7.911786213,482,12,9,5,26,461,13,6,12,31,508,492,13,9,63,36
39,1000,10,5.13,10.3,18,37,94,943,35,13,9,57,9.033671958,122,34,2.881456443,10.72708772,9.634691284,8.444554006,456,21,11,7,39,487,14,2,2,18,495,505,21,13,91,31
44,1000,10,5.13,10.3,18,37,5,953,24,6,17,47,7.215795276,92,22,2.461392058,8.695924435,6.55672281,7.98020546,519,13,3,2,18,434,11,3,15,29,537,463,9,13,58,34
42,1000,10,5.13,10.3,18,37,7,952,25,11,12,48,7.121305506,106,34,2.546474621,8.840023659,6.732993859,7.512736121,483,10,3,6,19,469,15,8,6,29,502,498,21,13,79,27
41,1000,10,5.13,10.3,18,37,10,955,25,12,8,45,7.115527604,109,25,2.534352895,8.975705525,6.542455615,7.700176805,490,9,3,3,15,465,16,9,5,30,505,495,15,10,76,33
40,1000,10,5.13,10.3,18,37,40,953,32,7,8,47,8.173930992,95,37,2.642926782,9.049757629,8.194465175,8.153963828,471,15,4,3,22,482,17,3,5,25,493,507,24,13,65,30
45,1000,10,5.13,10.3,18,37,1,942,26,19,13,58,7.102749943,81,32,2.475790661,8.979027438,6.410212458,7.809278084,487,8,7,3,18,455,18,12,10,40,505,495,17,15,59,22
38,1000,10,5.13,10.3,18,37,100,946,35,12,7,54,9.093677784,117,37,2.998043541,10.20201003,9.58942437,8.601881369,470,16,8,4,28,476,19,4,3,26,498,502,26,11,89,28
43,1000,10,5.13,10.3,18,37,7,942,26,16,16,58,7.671795174,101,42,2.558265195,9.118960896,7.434895592,7.916398808,481,13,9,5,27,461,13,7,11,31,508,492,29,13,59,42
44,1000,10,5.13,10.3,18,37,6,952,25,6,17,48,7.259984548,84,32,2.471247842,8.673925525,6.596887496,8.029062555,519,13,3,2,18,433,12,3,15,30,537,463,16,16,47,37
39,1000,10,5.13,10.3,18,37,95,943,35,13,9,57,9.034551834,104,35,2.877714918,10.75311548,9.650216744,8.431078309,455,22,11,7,40,488,13,2,2,17,495,505,25,10,81,23
42,1000,10,5.13,10.3,18,37,8,952,25,11,12,48,7.15361083,102,36,2.548495988,8.834127874,6.762529951,7.547832921,483,10,3,6,19,469,15,8,6,29,502,498,23,13,62,40
41,1000,10,5.13,10.3,18,37,11,957,24,11,8,43,7.123379847,109,29,2.519739078,8.972524194,6.578411806,7.679357343,490,9,3,3,15,467,15,8,5,28,505,495,15,14,63,46
45,1000,10,5.13,10.3,18,37,2,942,28,18,12,58,7.117398498,79,37,2.472336269,8.988813039,6.424771491,7.824017971,486,9,7,3,19,456,19,11,9,39,505,495,20,17,51,28
40,1000,10,5.13,10.3,18,37,41,953,32,8,7,47,8.229394564,84,30,2.635103587,9.060153762,8.26365255,8.196082558,470,16,4,3,23,483,16,4,4,24,493,507,17,13,63,21
38,1000,10,5.13,10.3,18,37,101,943,35,13,9,57,9.163552805,105,51,3.006997656,10.22777296,9.664180304,8.666914369,469,17,7,5,29,474,18,6,4,28,498,502,34,17,85,20
43,1000,10,5.13,10.3,18,37,8,947,23,13,17,53,7.682516197,98,38,2.537687156,9.135409488,7.470903084,7.901011037,481,13,8,6,27,466,10,5,11,26,508,492,14,24,71,27
44,1000,10,5.13,10.3,18,37,7,952,26,6,16,48,7.290077548,80,29,2.454698605,8.675043476,6.622725108,8.064091069,519,14,3,1,18,433,12,3,15,30,537,463,16,13,49,31
42,1000,10,5.13,10.3,18,37,9,954,22,12,12,46,7.139655955,97,26,2.566924035,8.853573302,6.769940853,7.512340656,483,10,3,6,19,471,12,9,6,27,502,498,15,11,66,31
39,1000,10,5.13,10.3,18,37,96,942,36,13,9,58,9.051113908,104,44,2.886598157,10.78895486,9.677717789,8.436918024,454,23,11,7,41,488,13,2,2,17,495,505,29,15,77,27
41,1000,10,5.13,10.3,18,37,12,958,24,11,7,42,7.153411808,85,28,2.542400084,8.970164344,6.599039388,7.718983671,490,10,3,2,15,468,14,8,5,27,505,495,15,13,61,24
45,1000,10,5.13,10.3,18,37,3,943,28,17,12,57,7.127044831,93,24,2.482523434,9.007247685,6.426527238,7.841714294,487,9,6,3,18,456,19,11,9,39,505,495,17,7,59,34
38,1000,10,5.13,10.3,18,37,102,943,35,13,9,57,9.185634377,108,31,3.01826911,10.26933245,9.689495197,8.685788384,470,16,7,5,28,473,19,6,4,29,498,502,21,10,78,30
40,1000,10,5.13,10.3,18,37,42,953,32,8,7,47,8.262272762,103,33,2.627064533,9.063889963,8.301898445,8.223741279,470,16,4,3,23,483,16,4,4,24,493,507,18,15,76,27
44,1000,10,5.13,10.3,18,37,8,953,26,6,15,47,7.327805186,94,23,2.46368006,8.676221347,6.695013401,8.061734318,519,14,3,1,18,434,12,3,14,29,537,463,11,12,64,30
43,1000,10,5.13,10.3,18,37,9,947,23,13,17,53,7.70138931,91,38,2.538219136,9.135537841,7.503081752,7.906145894,481,13,8,6,27,466,10,5,11,26,508,492,22,16,57,34
42,1000,10,5.13,10.3,18,37,10,957,20,12,11,43,7.166999863,76,31,2.571551154,8.853001693,6.775109601,7.562037839,484,10,2,6,18,473,10,10,5,25,502,498,15,16,51,25
39,1000,10,5.13,10.3,18,37,97,941,37,13,9,59,9.068358696,114,34,2.884870128,10.80961527,9.700298458,8.448932592,454,23,11,7,41,487,14,2,2,18,495,505,20,14,95,19
41,1000,10,5.13,10.3,18,37,13,958,24,11,7,42,7.169011727,89,40,2.5500197,8.967358426,6.629355704,7.719569891,490,10,3,2,15,468,14,8,5,27,505,495,28,12,62,27
45,1000,10,5.13,10.3,18,37,4,944,26,18,12,56,7.151029582,102,34,2.478309484,8.99447558,6.446291456,7.870004843,487,9,6,3,18,457,17,12,9,38,505,495,18,16,65,37
38,1000,10,5.13,10.3,18,37,103,944,34,13,9,56,9.205939843,101,38,3.019870131,10.2665405,9.690866151,8.72487749,471,15,7,5,27,473,19,6,4,29,498,502,20,18,84,17
40,1000,10,5.13,10.3,18,37,43,953,32,8,7,47,8.284924941,85,35,2.634886704,9.088923417,8.330159507,8.240939455,470,16,4,3,23,483,16,4,4,24,493,507,22,13,64,21
44,1000,10,5.13,10.3,18,37,9,951,29,6,14,49,7.347667452,91,31,2.464386612,8.689051727,6.714428841,8.082114825,518,15,3,1,19,433,14,3,13,30,537,463,22,9,56,35
43,1000,10,5.13,10.3,18,37,10,947,23,13,17,53,7.722628846,89,24,2.540147769,9.13798164,7.535936983,7.91539199,481,13,8,6,27,466,10,5,11,26,508,492,11,13,56,33
42,1000,10,5.13,10.3,18,37,11,958,19,12,11,42,7.173323445,93,28,2.552454258,8.859026151,6.788352088,7.561386941,484,10,2,6,18,474,9,10,5,24,502,498,17,11,62,31
39,1000,10,5.13,10.3,18,37,98,941,37,13,9,59,9.100897987,118,36,2.907466731,10.82957428,9.738157045,8.476257921,454,23,11,7,41,487,14,2,2,18,495,505,28,8,95,23
41,1000,10,5.13,10.3,18,37,14,958,24,11,7,42,7.19185781,86,29,2.529733149,8.966851995,6.623640156,7.77155461,490,10,3,2,15,468,14,8,5,27,505,495,12,17,68,18
45,1000,10,5.13,10.3,18,37,5,945,26,18,11,55,7.132011852,95,26,2.4783415,9.009444723,6.469004623,7.808413167,487,9,6,3,18,458,17,12,8,37,505,495,14,12,60,35
38,1000,10,5.13,10.3,18,37,104,944,33,14,9,56,9.243778839,114,55,3.019436189,10.2794449,9.724543895,8.76684458,471,14,8,5,27,473,19,6,4,29,498,502,34,21,91,23
46,1000,10,5.13,10.3,18,37,0,923,43,17,17,77,7.334,86,31,2.540284635,9.317088933,6.451361868,8.267489712,481,22,5,6,33,442,21,12,11,44,514,486,19,12,49,37
44,1000,10,5.13,10.3,18,37,10,954,26,5,15,46,7.365449744,87,23,2.460570212,8.71355734,6.773475227,8.052037899,518,14,3,2,19,436,12,2,13,27,537,463,12,11,53,34
42,1000,10,5.13,10.3,18,37,12,958,19,12,11,42,7.19567074,89,25,2.557859643,8.857307885,6.791518092,7.603069594,484,10,2,6,18,474,9,10,5,24,502,498,18,7,63,26
43,1000,10,5.13,10.3,18,37,11,949,23,11,17,51,7.699802802,100,22,2.524560017,9.128223651,7.565739135,7.838226264,482,13,7,6,26,467,10,4,11,25,508,492,14,8,72,28
40,1000,10,5.13,10.3,18,37,44,952,33,8,7,48,8.328379038,98,40,2.659406085,9.118786854,8.380354691,8.27783861,469,17,4,3,24,483,16,4,4,24,493,507,17,23,72,26
39,1000,10,5.13,10.3,18,37,99,941,37,14,8,59,9.090811692,114,35,2.927842518,10.83527761,9.746624121,8.447985648,454,23,11,7,41,487,14,3,1,18,495,505,18,17,94,20
41,1000,10,5.13,10.3,18,37,15,958,24,11,7,42,7.231506762,91,32,2.544561691,8.9756013,6.652095739,7.822623057,490,10,3,2,15,468,14,8,5,27,505,495,18,14,65,26
45,1000,10,5.13,10.3,18,37,6,946,24,19,11,54,7.126146464,83,26,2.474340034,9.021141598,6.486243029,7.778977241,487,9,6,3,18,459,15,13,8,36,505,495,16,10,52,31
46,1000,10,5.13,10.3,18,37,1,923,43,17,17,77,7.335045635,101,24,2.55531971,9.340662434,6.461943928,8.258449498,480,23,5,6,34,443,20,12,11,43,514,486,13,11,69,32
44,1000,10,5.13,10.3,18,37,11,954,28,4,14,46,7.398312545,96,30,2.480316363,8.717015538,6.826435292,8.061591346,519,14,2,2,18,435,14,2,12,28,537,463,13,17,63,33
42,1000,10,5.13,10.3,18,37,13,959,19,11,11,41,7.182401,97,29,2.547142606,8.859482143,6.802196721,7.565659128,484,10,2,6,18,475,9,9,5,23,502,498,22,7,69,28
43,1000,10,5.13,10.3,18,37,12,950,21,13,16,50,7.720854306,85,31,2.510771317,9.137922331,7.597033074,7.848702244,482,13,7,6,26,468,8,6,10,24,508,492,18,13,57,28
40,1000,10,5.13,10.3,18,37,45,954,30,9,7,46,8.350806146,111,29,2.650695984,9.137346008,8.431280835,8.272553638,469,16,5,3,24,485,14,4,4,22,493,507,18,11,79,32
41,1000,10,5.13,10.3,18,37,16,958,24,11,7,42,7.249438198,84,24,2.549895208,8.996668454,6.688678383,7.821526494,490,10,3,2,15,468,14,8,5,27,505,495,11,13,61,23
39,1000,10,5.13,10.3,18,37,100,944,36,13,7,56,9.081084354,127,38,2.943057358,10.84220347,9.697421315,8.476952085,456,23,10,6,39,488,13,3,1,17,495,505,25,13,91,36
45,1000,10,5.13,10.3,18,37,7,947,24,18,11,53,7.148859124,91,32,2.479283717,9.044230849,6.495961383,7.814946718,487,9,6,3,18,460,15,12,8,35,505,495,15,17,66,25
46,1000,10,5.13,10.3,18,37,2,924,43,17,16,76,7.330166937,105,38,2.556417826,9.361905881,6.49073123,8.217965196,480,23,5,6,34,444,20,12,10,42,514,486,22,16,63,42
44,1000,10,5.13,10.3,18,37,12,953,28,5,14,47,7.43544624,97,22,2.477521176,8.722977838,6.889500362,8.068649126,518,15,2,2,19,435,13,3,12,28,537,463,9,13,71,26
42,1000,10,5.13,10.3,18,37,14,960,18,11,11,40,7.177117395,97,31,2.577394892,8.863031201,6.813784382,7.543368745,485,9,2,6,17,475,9,9,5,23,502,498,18,13,69,28
43,1000,10,5.13,10.3,18,37,13,954,21,10,15,46,7.696151855,93,36,2.511061291,9.152111266,7.589543833,7.806226805,485,12,5,6,23,469,9,5,9,23,508,492,20,16,61,32
41,1000,10,5.13,10.3,18,37,17,960,24,9,7,40,7.255006458,105,32,2.54892347,8.995258035,6.745337064,7.774972203,489,11,3,2,16,471,13,6,5,24,505,495,18,14,63,42
39,1000,10,5.13,10.3,18,37,101,944,36,13,7,56,9.095299854,114,45,2.963096531,10.88999103,9.710156206,8.492618875,456,23,10,6,39,488,13,3,1,17,495,505,25,20,87,27
40,1000,10,5.13,10.3,18,37,46,955,30,8,7,45,8.361790728,107,36,2.65622334,9.139925011,8.457657352,8.268571308,469,16,5,3,24,486,14,3,4,21,493,507,17,19,75,32
45,1000,10,5.13,10.3,18,37,8,946,25,18,11,54,7.163718814,98,31,2.491551524,9.031699134,6.5273323,7.812961622,487,9,6,3,18,459,16,12,8,36,505,495,21,10,70,28
46,1000,10,5.13,10.3,18,37,3,926,41,17,16,74,7.391194187,94,23,2.567545149,9.369649283,6.593494324,8.234852068,481,22,5,6,33,445,19,12,10,41,514,486,16,7,63,31
44,1000,10,5.13,10.3,18,37,13,954,27,5,14,46,7.482209537,97,26,2.488765687,8.729407943,6.931306993,8.1211613,519,14,2,2,18,435,13,3,12,28,537,463,17,9,68,29
42,1000,10,5.13,10.3,18,37,15,963,16,10,11,37,7.138812414,113,26,2.570725509,8.896587155,6.759268599,7.521404775,488,7,1,6,14,475,9,9,5,23,502,498,13,13,72,41
43,1000,10,5.13,10.3,18,37,14,953,22,10,15,47,7.718821601,86,20,2.521206149,9.155240206,7.627699255,7.812907275,485,12,5,6,23,468,10,5,9,24,508,492,7,13,58,28
41,1000,10,5.13,10.3,18,37,18,961,24,9,6,39,7.259630397,87,27,2.526414978,9.034865793,6.744772704,7.784889256,489,11,3,2,16,472,13,6,4,23,505,495,14,13,57,30
39,1000,10,5.13,10.3,18,37,102,947,34,12,7,53,9.060052493,111,35,2.970363741,10.89944624,9.68090477,8.451494321,457,22,10,6,38,490,12,2,1,15,495,505,20,15,86,25
45,1000,10,5.13,10.3,18,37,9,946,25,18,11,54,7.168459631,99,26,2.4954558,9.026043198,6.559954667,7.789257623,487,9,6,3,18,459,16,12,8,36,505,495,15,11,75,24
40,1000,10,5.13,10.3,18,37,47,957,30,7,6,43,8.358831773,104,30,2.663294713,9.170784574,8.485277931,8.235877226,470,16,4,3,23,487,14,3,3,20,493,507,21,9,72,32
44,1000,10,5.13,10.3,18,37,14,954,29,4,13,46,7.460466071,102,39,2.50313772,8.759202792,6.94342065,8.06014942,518,15,2,2,19,436,14,2,11,27,537,463,19,20,70,32
46,1000,10,5.13,10.3,18,37,4,927,40,17,16,73,7.435861218,107,29,2.560743086,9.396693119,6.671881966,8.243855735,481,22,5,6,33,446,18,12,10,40,514,486,16,13,71,36
42,1000,10,5.13,10.3,18,37,16,962,16,11,11,38,7.1859116,94,26,2.562386057,8.901398814,6.815566411,7.55923145,487,7,2,6,15,475,9,9,5,23,502,498,17,9,72,22
43,1000,10,5.13,10.3,18,37,15,953,22,10,15,47,7.707380516,84,29,2.528380336,9.17040855,7.621944319,7.795595127,485,12,5,6,23,468,10,5,9,24,508,492,20,9,60,24
41,1000,10,5.13,10.3,18,37,19,962,23,8,7,38,7.269473196,110,16,2.541763663,9.04974749,6.763729916,7.785433512,489,10,3,3,16,473,13,5,4,22,505,495,6,10,74,36
39,1000,10,5.13,10.3,18,37,103,950,32,12,6,50,9.056591836,121,41,2.980681517,10.91065734,9.684132449,8.44147777,458,22,10,5,37,492,10,2,1,13,495,505,25,16,94,27
45,1000,10,5.13,10.3,18,37,10,946,26,18,10,54,7.194271933,95,25,2.496394323,9.039116951,6.625348833,7.774688429,487,9,6,3,18,459,17,12,7,36,505,495,12,13,60,35
40,1000,10,5.13,10.3,18,37,48,957,30,7,6,43,8.357659343,92,32,2.665194988,9.196016116,8.494787752,8.224317517,470,16,4,3,23,487,14,3,3,20,493,507,18,14,68,24
44,1000,10,5.13,10.3,18,37,15,954,28,5,13,46,7.443250983,84,28,2.497183864,8.775884333,6.959146585,8.004728438,518,14,3,2,19,436,14,2,11,27,537,463,17,11,54,30
42,1000,10,5.13,10.3,18,37,17,961,17,11,11,39,7.245985721,95,31,2.570224465,8.913023837,6.866197136,7.628824818,486,8,2,6,16,475,9,9,5,23,502,498,14,17,69,26
46,1000,10,5.13,10.3,18,37,5,928,39,17,16,72,7.484489132,99,27,2.566140863,9.395744182,6.72716567,8.285444399,482,21,5,6,32,446,18,12,10,40,514,486,16,11,72,27
43,1000,10,5.13,10.3,18,37,16,953,22,10,15,47,7.728897378,101,28,2.534554169,9.190607884,7.613204161,7.848352975,485,12,5,6,23,468,10,5,9,24,508,492,17,11,70,31
41,1000,10,5.13,10.3,18,37,20,961,24,8,7,39,7.31644064,99,37,2.54846886,9.063119954,6.790800816,7.85269945,489,10,3,3,16,472,14,5,4,23,505,495,19,18,67,32
39,1000,10,5.13,10.3,18,37,104,950,32,12,6,50,9.098166115,120,37,2.996103067,10.94600784,9.706488908,8.501889318,458,22,10,5,37,492,10,2,1,13,495,505,24,13,97,23
47,1000,10,5.13,10.3,18,37,0,948,29,11,12,52,6.901,97,37,2.477036541,8.596374616,6.401151631,7.444676409,493,17,6,5,28,455,12,5,7,24,521,479,22,15,56,41
45,1000,10,5.13,10.3,18,37,11,948,26,16,10,52,7.226493013,100,45,2.513875955,9.061713981,6.706120469,7.757378132,487,9,6,3,18,461,17,10,7,34,505,495,27,18,70,30
40,1000,10,5.13,10.3,18,37,49,959,28,7,6,41,8.406809437,113,29,2.66934234,9.218629577,8.518032214,8.2986579,471,15,4,3,22,488,13,3,3,19,493,507,18,11,85,28
44,1000,10,5.13,10.3,18,37,16,956,26,5,13,44,7.449625462,95,26,2.515738265,8.777241272,6.98843845,7.984522709,519,13,3,2,18,437,13,2,11,26,537,463,10,16,67,28
42,1000,10,5.13,10.3,18,37,18,960,19,11,10,40,7.24092213,98,29,2.556229688,8.924308665,6.911132049,7.573361127,484,10,2,6,18,476,9,9,4,22,502,498,20,9,72,26
46,1000,10,5.13,10.3,18,37,6,927,41,17,15,73,7.513372248,105,34,2.567903583,9.392181871,6.776955722,8.292216063,482,21,5,6,32,445,20,12,9,41,514,486,21,13,65,40
41,1000,10,5.13,10.3,18,37,21,960,25,8,7,40,7.368174649,89,28,2.544690824,9.075291618,6.846741248,7.900142058,489,10,3,3,16,471,15,5,4,24,505,495,13,15,68,21
43,1000,10,5.13,10.3,18,37,17,954,22,10,14,46,7.709072182,97,38,2.538911522,9.224203079,7.588082085,7.833996915,485,12,5,6,23,469,10,5,8,23,508,492,18,20,64,33
45,1000,10,5.13,10.3,18,37,12,947,26,17,10,53,7.252049622,91,38,2.519761778,9.080353468,6.727328446,7.787371226,487,8,7,3,18,460,18,10,7,35,505,495,17,21,67,24
47,1000,10,5.13,10.3,18,37,1,949,29,10,12,51,6.949303618,90,35,2.487584686,8.611748166,6.475696467,7.46443791,494,17,5,5,27,455,12,5,7,24,521,479,22,13,56,34
44,1000,10,5.13,10.3,18,37,17,957,23,7,13,43,7.513654728,96,21,2.521348373,8.782223347,7.011971117,8.095521033,520,11,4,2,17,437,12,3,11,26,537,463,13,8,58,38
42,1000,10,5.13,10.3,18,37,19,961,18,10,11,39,7.262139748,78,34,2.567243981,8.936585459,6.91839016,7.608650377,485,9,2,6,17,476,9,8,5,22,502,498,20,14,53,25
40,1000,10,5.13,10.3,18,37,50,959,31,6,4,41,8.385767224,107,23,2.687291871,9.230093026,8.55727762,8.218992815,469,17,4,3,24,490,14,2,1,17,493,507,18,5,75,32
46,1000,10,5.13,10.3,18,37,7,929,39,17,15,71,7.551959736,98,31,2.550198285,9.38391847,6.835567564,8.30962553,482,21,5,6,32,447,18,12,9,39,514,486,15,16,62,36
41,1000,10,5.13,10.3,18,37,22,959,26,8,7,41,7.394125931,90,35,2.550524003,9.08792365,6.878224808,7.920449299,488,11,3,3,17,471,15,5,4,24,505,495,27,8,65,25
43,1000,10,5.13,10.3,18,37,18,952,24,10,14,48,7.767994793,84,24,2.560791242,9.253209463,7.634837755,7.905482141,484,13,5,6,24,468,11,5,8,24,508,492,12,12,55,29
45,1000,10,5.13,10.3,18,37,13,947,24,18,11,53,7.304683952,112,29,2.524567724,9.078973333,6.784532081,7.835343943,487,8,6,4,18,460,16,12,7,35,505,495,16,13,78,34
47,1000,10,5.13,10.3,18,37,2,950,28,11,11,50,6.961970982,98,23,2.480974213,8.620808379,6.508929683,7.454736152,494,16,6,5,27,456,12,5,6,23,521,479,18,5,60,38
44,1000,10,5.13,10.3,18,37,18,959,21,7,13,41,7.492722343,85,23,2.514115585,8.799946142,7.010539993,8.051970555,520,11,4,2,17,439,10,3,11,24,537,463,9,14,52,33
42,1000,10,5.13,10.3,18,37,20,960,19,10,11,40,7.28060908,101,29,2.573336252,8.93905367,6.932531326,7.631482639,484,10,2,6,18,476,9,8,5,22,502,498,13,16,67,34
46,1000,10,5.13,10.3,18,37,8,928,40,15,17,72,7.583848832,103,32,2.576138506,9.413537725,6.860376756,8.349002426,481,22,5,6,33,447,18,10,11,39,514,486,14,18,66,37
41,1000,10,5.13,10.3,18,37,23,957,29,8,6,43,7.459210114,88,26,2.548901856,9.088547586,6.972616088,7.955634322,486,13,3,3,19,471,16,5,3,24,505,495,12,14,60,28
40,1000,10,5.13,10.3,18,37,51,959,30,6,5,41,8.395081995,90,44,2.709628353,9.244098943,8.58939593,8.206133731,469,16,4,4,24,490,14,2,1,17,493,507,30,14,71,19
43,1000,10,5.13,10.3,18,37,19,952,24,10,14,48,7.773700423,90,28,2.550864351,9.263872688,7.620486142,7.931897281,484,13,5,6,24,468,11,5,8,24,508,492,13,15,60,30
45,1000,10,5.13,10.3,18,37,14,948,23,18,11,52,7.340190507,89,37,2.539309182,9.082182767,6.820047724,7.870841225,487,8,6,4,18,461,15,12,7,34,505,495,20,17,55,34
47,1000,10,5.13,10.3,18,37,3,949,29,11,11,51,7.023093026,84,27,2.480026106,8.618445154,6.557436255,7.529579827,494,16,6,5,27,455,13,5,6,24,521,479,17,10,52,32
42,1000,10,5.13,10.3,18,37,21,959,20,10,11,41,7.289009281,103,32,2.598228938,8.945145269,6.944294322,7.636493035,483,11,2,6,19,476,9,8,5,22,502,498,22,10,67,36
44,1000,10,5.13,10.3,18,37,19,958,22,7,13,42,7.537988666,87,26,2.519941415,8.808410157,7.058437784,8.094184829,519,12,4,2,18,439,10,3,11,24,537,463,16,10,56,31
46,1000,10,5.13,10.3,18,37,9,931,38,14,17,69,7.578652702,81,30,2.600701722,9.426288538,6.894647509,8.302065601,481,22,5,6,33,450,16,9,11,36,514,486,16,14,61,20
43,1000,10,5.13,10.3,18,37,20,953,23,10,14,47,7.790779139,85,34,2.55487119,9.280974756,7.658041811,7.927833129,484,13,5,6,24,469,10,5,8,23,508,492,21,13,68,17
41,1000,10,5.13,10.3,18,37,24,958,29,7,6,42,7.462882162,97,33,2.551721399,9.105774294,6.979116584,7.956420782,486,13,3,3,19,472,16,4,3,23,505,495,15,18,70,27
40,1000,10,5.13,10.3,18,37,52,958,31,6,5,42,8.423578832,101,26,2.711499683,9.267660243,8.666043551,8.187809392,468,17,4,4,25,490,14,2,1,17,493,507,16,10,72,29
45,1000,10,5.13,10.3,18,37,15,951,20,17,12,49,7.331336808,111,31,2.540212348,9.085542248,6.793918426,7.879612127,489,6,6,4,16,462,14,11,8,33,505,495,17,14,76,35
46,1000,10,5.13,10.3,18,37,10,932,37,14,17,68,7.586295525,97,32,2.620040695,9.430636536,6.950078555,8.25916697,481,22,5,6,33,451,15,9,11,35,514,486,17,15,66,31
42,1000,10,5.13,10.3,18,37,22,960,20,9,11,40,7.302995627,89,38,2.602634743,8.943795726,6.974969311,7.633656693,483,11,2,6,19,477,9,7,5,21,502,498,24,14,49,40
47,1000,10,5.13,10.3,18,37,4,949,30,11,10,51,7.043218216,84,36,2.476437332,8.624424612,6.602087548,7.523028399,494,16,6,5,27,455,14,5,5,24,521,479,25,11,53,31
43,1000,10,5.13,10.3,18,37,21,951,25,10,14,49,7.819008328,108,23,2.555734575,9.29598894,7.726196743,7.914838177,483,14,5,6,25,468,11,5,8,24,508,492,11,12,74,34
44,1000,10,5.13,10.3,18,37,20,958,23,7,12,42,7.560869276,90,27,2.533240855,8.829076556,7.115975042,8.076869715,518,13,4,2,19,440,10,3,10,23,537,463,16,11,66,24
41,1000,10,5.13,10.3,18,37,25,960,27,6,7,40,7.483135803,101,24,2.571991363,9.12576167,7.017049768,7.958637718,486,13,3,3,19,474,14,3,4,21,505,495,17,7,68,33
45,1000,10,5.13,10.3,18,37,16,953,18,17,12,47,7.321847768,120,25,2.535755324,9.09371965,6.821797999,7.831999553,490,5,6,4,15,463,13,11,8,32,505,495,12,13,83,37
40,1000,10,5.13,10.3,18,37,53,958,31,6,5,42,8.456185448,101,20,2.728235454,9.279897988,8.703713787,8.215492211,469,16,4,4,24,489,15,2,1,18,493,507,10,10,72,29
46,1000,10,5.13,10.3,18,37,11,931,38,14,17,69,7.649458474,86,29,2.621449331,9.456393768,7.023011991,8.311996524,480,23,5,6,34,451,15,9,11,35,514,486,17,12,56,30
43,1000,10,5.13,10.3,18,37,22,950,26,10,14,50,7.86163142,97,28,2.562388648,9.299648576,7.820075061,7.904539205,482,15,5,6,26,468,11,5,8,24,508,492,19,9,68,29
42,1000,10,5.13,10.3,18,37,23,959,22,9,10,41,7.303734235,100,42,2.603480797,8.960476241,6.965297653,7.644889184,483,12,2,5,19,476,10,7,5,22,502,498,24,18,72,28
47,1000,10,5.13,10.3,18,37,5,950,29,11,10,50,7.069325836,97,39,2.483411433,8.626793181,6.622310981,7.555536149,494,16,6,5,27,456,13,5,5,23,521,479,15,24,61,36
44,1000,10,5.13,10.3,18,37,21,958,23,7,12,42,7.570897641,122,26,2.540876205,8.843229041,7.127128031,8.085593712,517,14,4,2,20,441,9,3,10,22,537,463,11,15,69,53
41,1000,10,5.13,10.3,18,37,26,960,27,6,7,40,7.516079931,96,33,2.562454513,9.141253203,7.062721577,7.97859704,486,13,3,3,19,474,14,3,4,21,505,495,17,16,64,32
45,1000,10,5.13,10.3,18,37,17,955,17,16,12,45,7.33790216,96,27,2.541256115,9.10780717,6.864453915,7.820915016,490,5,6,4,15,465,12,10,8,30,505,495,11,16,72,24
40,1000,10,5.13,10.3,18,37,54,957,32,6,5,43,8.479414633,102,39,2.73492579,9.292682719,8.736975162,8.228966229,468,17,4,4,25,489,15,2,1,18,493,507,28,11,68,34
43,1000,10,5.13,10.3,18,37,23,950,25,11,14,50,7.891881779,95,30,2.584064188,9.317096059,7.877342491,7.90689389,482,14,6,6,26,468,11,5,8,24,508,492,19,11,61,34
46,1000,10,5.13,10.3,18,37,12,932,37,13,18,68,7.649407474,95,31,2.62038118,9.455485844,7.047209631,8.286299843,480,22,6,6,34,452,15,7,12,34,514,486,13,18,64,31
42,1000,10,5.13,10.3,18,37,24,960,21,9,10,40,7.286392964,100,26,2.598979495,8.983680561,6.927271905,7.648398529,484,11,2,5,18,476,10,7,5,22,502,498,16,10,66,34
47,1000,10,5.13,10.3,18,37,6,951,28,11,10,49,7.070176932,103,26,2.475336426,8.658383297,6.638539323,7.53966168,494,16,6,5,27,457,12,5,5,22,521,479,11,15,63,40
41,1000,10,5.13,10.3,18,37,27,960,27,6,7,40,7.542345482,92,29,2.54458144,9.160333346,7.077312793,8.016772771,487,12,3,3,18,473,15,3,4,22,505,495,13,16,59,33
45,1000,10,5.13,10.3,18,37,18,955,16,17,12,45,7.376283787,110,30,2.536613529,9.115066585,6.903953815,7.858155778,490,4,7,4,15,465,12,10,8,30,505,495,15,15,76,34
44,1000,10,5.13,10.3,18,37,22,959,23,6,12,41,7.568909188,103,41,2.526143173,8.855368172,7.135907763,8.071116024,517,14,4,2,20,442,9,2,10,21,537,463,24,17,60,43
40,1000,10,5.13,10.3,18,37,55,956,34,6,4,44,8.495543657,107,29,2.729663485,9.325377897,8.750845897,8.247291183,468,18,4,3,25,488,16,2,1,19,493,507,19,10,71,36
43,1000,10,5.13,10.3,18,37,24,950,25,11,14,50,7.939406874,94,27,2.591191405,9.319566229,7.94053706,7.938239933,482,14,6,6,26,468,11,5,8,24,508,492,13,14,62,32
42,1000,10,5.13,10.3,18,37,25,960,21,9,10,40,7.289690458,101,33,2.60140782,9.000233278,6.967150692,7.614820904,484,11,2,5,18,476,10,7,5,22,502,498,16,17,67,34
46,1000,10,5.13,10.3,18,37,13,934,37,12,17,66,7.635279995,92,39,2.634128759,9.466742135,7.020603671,8.285369769,481,22,6,5,33,453,15,6,12,33,514,486,21,18,61,31
47,1000,10,5.13,10.3,18,37,7,951,28,11,10,49,7.112452154,100,35,2.479975811,8.671786235,6.70188622,7.559017606,494,16,6,5,27,457,12,5,5,22,521,479,24,11,65,35
41,1000,10,5.13,10.3,18,37,28,960,27,6,7,40,7.549090581,118,27,2.545683553,9.179530625,7.090195935,8.017255827,487,12,3,3,18,473,15,3,4,22,505,495,18,9,82,36
45,1000,10,5.13,10.3,18,37,19,955,15,18,12,45,7.426388617,105,25,2.533781075,9.132753267,6.96915519,7.892859082,490,3,8,4,15,465,12,10,8,30,505,495,12,13,79,26
44,1000,10,5.13,10.3,18,37,23,959,23,6,12,41,7.589291068,92,31,2.542161334,8.868662395,7.169996004,8.075600894,517,14,4,2,20,442,9,2,10,21,537,463,22,9,60,32
40,1000,10,5.13,10.3,18,37,56,956,34,6,4,44,8.504076374,93,27,2.747149767,9.337063984,8.786051466,8.229887576,468,18,4,3,25,488,16,2,1,19,493,507,17,10,65,28
43,1000,10,5.13,10.3,18,37,25,950,25,12,13,50,7.946025169,100,33,2.577827457,9.336874015,7.961120066,7.93043938,482,14,7,5,26,468,11,5,8,24,508,492,22,11,68,32
42,1000,10,5.13,10.3,18,37,26,958,23,9,10,42,7.334435712,87,25,2.607707529,9.033113031,6.976608835,7.6951367,484,11,2,5,18,474,12,7,5,24,502,498,13,12,54,33
41,1000,10,5.13,10.3,18,37,29,960,27,6,7,40,7.551634404,84,26,2.534687865,9.178855625,7.106669853,8.005588138,487,12,3,3,18,473,15,3,4,22,505,495,14,12,64,20
46,1000,10,5.13,10.3,18,37,14,933,38,12,17,67,7.661917813,99,41,2.631946586,9.502620287,7.05094886,8.308086624,481,22,6,5,33,452,16,6,12,34,514,486,20,21,66,33
47,1000,10,5.13,10.3,18,37,8,951,28,11,10,49,7.140753809,96,29,2.472387036,8.68735823,6.745751186,7.570391318,494,16,6,5,27,457,12,5,5,22,521,479,16,13,69,27
44,1000,10,5.13,10.3,18,37,24,957,24,7,12,43,7.601816036,96,26,2.553976982,8.893941683,7.206198868,8.060663593,516,14,5,2,21,441,10,2,10,22,537,463,13,13,64,32
45,1000,10,5.13,10.3,18,37,20,955,15,18,12,45,7.455624228,85,33,2.534079709,9.143099297,6.981912589,7.938905799,490,3,8,4,15,465,12,10,8,30,505,495,19,14,59,26
43,1000,10,5.13,10.3,18,37,26,950,25,12,13,50,7.95972355,112,32,2.571923864,9.333398048,7.985120565,7.933500615,483,13,7,5,25,467,12,5,8,25,508,492,16,16,78,34
40,1000,10,5.13,10.3,18,37,57,955,35,6,4,45,8.513174837,111,33,2.739868168,9.351683325,8.831780454,8.203367007,467,19,4,3,26,488,16,2,1,19,493,507,18,15,78,33
42,1000,10,5.13,10.3,18,37,27,957,24,9,10,43,7.360185383,87,32,2.609388788,9.057629995,7.021701107,7.701388407,483,12,2,5,19,474,12,7,5,24,502,498,17,15,63,24
41,1000,10,5.13,10.3,18,37,30,961,26,6,7,39,7.576439862,96,33,2.546636956,9.185125938,7.132535386,8.029312104,488,11,3,3,17,473,15,3,4,22,505,495,19,14,72,24
46,1000,10,5.13,10.3,18,37,15,933,38,13,16,67,7.698080479,93,34,2.656865083,9.533388152,7.12646581,8.30262768,481,21,7,5,33,452,17,6,11,34,514,486,18,16,62,31
47,1000,10,5.13,10.3,18,37,9,951,28,11,10,49,7.162268613,101,24,2.467701867,8.697990869,6.784311272,7.573366262,493,17,6,5,28,458,11,5,5,21,521,479,12,12,68,33
44,1000,10,5.13,10.3,18,37,25,954,27,7,12,46,7.628159253,92,33,2.554185816,8.878133332,7.247703887,8.06942174,514,16,5,2,23,440,11,2,10,23,537,463,24,9,62,30
45,1000,10,5.13,10.3,18,37,21,956,16,17,11,44,7.448885224,105,25,2.542647101,9.142114508,7.043620525,7.86233709,489,4,8,4,16,467,12,9,7,28,505,495,13,12,82,23
43,1000,10,5.13,10.3,18,37,27,952,23,11,14,48,7.978802324,91,34,2.558704578,9.339433615,8.028224703,7.927772712,484,12,6,6,24,468,11,5,8,24,508,492,21,13,70,21
42,1000,10,5.13,10.3,18,37,28,958,24,8,10,42,7.382950389,93,32,2.602434963,9.066959227,7.067503311,7.700931178,483,12,2,5,19,475,12,6,5,23,502,498,15,17,68,25
41,1000,10,5.13,10.3,18,37,31,961,26,6,7,39,7.568149629,101,27,2.54409258,9.196284941,7.140995189,8.003933451,488,11,3,3,17,473,15,3,4,22,505,495,13,14,80,21
46,1000,10,5.13,10.3,18,37,16,935,35,14,16,65,7.751969778,113,23,2.668735412,9.553021736,7.175832603,8.361300041,482,19,8,5,32,453,16,6,11,33,514,486,13,10,76,37
40,1000,10,5.13,10.3,18,37,58,955,37,5,3,45,8.528515424,104,25,2.727500751,9.343703829,8.870175505,8.196289744,467,19,4,3,26,488,18,1,0,19,493,507,20,5,76,28
47,1000,10,5.13,10.3,18,37,10,952,27,11,10,48,7.176194801,86,28,2.484907903,8.7107179,6.789975161,7.59627921,494,16,6,5,27,458,11,5,5,21,521,479,11,17,57,29
44,1000,10,5.13,10.3,18,37,26,954,27,7,12,46,7.657734792,103,34,2.550926745,8.866109728,7.277166811,8.099127894,514,16,5,2,23,440,11,2,10,23,537,463,18,16,63,40
45,1000,10,5.13,10.3,18,37,22,956,17,16,11,44,7.478458228,98,40,2.545656178,9.163946646,7.100550418,7.864000539,488,5,8,4,17,468,12,8,7,27,505,495,22,18,57,41
43,1000,10,5.13,10.3,18,37,28,952,23,11,14,48,8.011187964,94,49,2.556492473,9.331668583,8.088616899,7.931241016,484,12,6,6,24,468,11,5,8,24,508,492,26,23,69,25
42,1000,10,5.13,10.3,18,37,29,958,25,8,9,42,7.383949251,99,35,2.602158746,9.065286345,7.082850242,7.687466726,483,12,2,5,19,475,13,6,4,23,502,498,21,14,70,29
41,1000,10,5.13,10.3,18,37,32,960,26,7,7,40,7.595630887,102,33,2.562575107,9.20469819,7.183165172,8.016429243,487,11,4,3,18,473,15,3,4,22,505,495,15,18,72,30
46,1000,10,5.13,10.3,18,37,17,934,35,15,16,66,7.794308149,97,41,2.673783685,9.566495095,7.217563247,8.404281153,482,18,9,5,32,452,17,6,11,34,514,486,26,15,73,24
44,1000,10,5.13,10.3,18,37,27,955,27,7,11,45,7.655410052,102,41,2.563289184,8.872369875,7.294236391,8.074309094,513,17,5,2,24,442,10,2,9,21,537,463,27,14,68,34
47,1000,10,5.13,10.3,18,37,11,952,28,12,8,48,7.159559244,88,23,2.475512435,8.715590821,6.825244053,7.523188085,493,17,6,5,28,459,11,6,3,20,521,479,13,10,51,37
40,1000,10,5.13,10.3,18,37,59,955,37,5,3,45,8.528243696,86,43,2.72731177,9.342534377,8.887556254,8.178852984,467,19,4,3,26,488,18,1,0,19,493,507,28,15,68,18
45,1000,10,5.13,10.3,18,37,23,958,16,15,11,42,7.486041097,88,25,2.577308273,9.169981011,7.161987797,7.816640928,488,5,8,4,17,470,11,7,7,25,505,495,14,11,54,34
43,1000,10,5.13,10.3,18,37,29,952,23,11,14,48,8.007039471,93,26,2.575457715,9.339211281,8.075071398,7.936795123,483,13,6,6,25,469,10,5,8,23,508,492,16,10,70,23
42,1000,10,5.13,10.3,18,37,30,956,27,8,9,44,7.405221854,98,35,2.615334648,9.076326322,7.114952169,7.697823022,482,13,2,5,20,474,14,6,4,24,502,498,21,14,80,18
46,1000,10,5.13,10.3,18,37,18,936,34,14,16,64,7.789286148,103,26,2.679489529,9.584699917,7.197756651,8.414895533,484,17,8,5,30,452,17,6,11,34,514,486,12,14,67,36
44,1000,10,5.13,10.3,18,37,28,954,28,7,11,46,7.689071661,131,31,2.567627059,8.892465474,7.341385063,8.09232804,512,18,5,2,25,442,10,2,9,21,537,463,14,17,85,46
41,1000,10,5.13,10.3,18,37,33,960,26,7,7,40,7.61982617,111,29,2.560687969,9.213521265,7.221013747,8.026695409,487,11,4,3,18,473,15,3,4,22,505,495,19,10,77,34
47,1000,10,5.13,10.3,18,37,12,952,27,13,8,48,7.18942863,86,42,2.498162092,8.748127433,6.877040924,7.529207326,493,16,7,5,28,459,11,6,3,20,521,479,22,20,52,34
45,1000,10,5.13,10.3,18,37,24,959,16,14,11,41,7.469254869,108,32,2.578550079,9.166421023,7.180921154,7.763413506,488,6,7,4,17,471,10,7,7,24,505,495,18,14,76,32
40,1000,10,5.13,10.3,18,37,60,954,37,6,3,46,8.55451334,98,30,2.731456705,9.363476361,8.968788168,8.151678053,465,20,5,3,28,489,17,1,0,18,493,507,15,15,70,28
43,1000,10,5.13,10.3,18,37,30,954,23,11,12,46,7.999082675,87,27,2.588340181,9.340790938,8.0708489,7.924982589,484,13,6,5,24,470,10,5,7,22,508,492,13,14,67,20
42,1000,10,5.13,10.3,18,37,31,955,28,7,10,45,7.449120299,100,28,2.609117281,9.088102,7.150475486,7.750163866,482,13,2,5,20,473,15,5,5,25,502,498,17,11,73,27
46,1000,10,5.13,10.3,18,37,19,937,33,15,15,63,7.777982314,114,35,2.693716551,9.595669883,7.194688115,8.39488194,485,15,9,5,29,452,18,6,10,34,514,486,17,18,69,45
44,1000,10,5.13,10.3,18,37,29,954,27,9,10,46,7.713946244,105,32,2.575989208,8.93962552,7.347916448,8.138477563,512,18,6,1,25,442,9,3,9,21,537,463,21,11,70,35
41,1000,10,5.13,10.3,18,37,34,960,26,7,7,40,7.654275046,97,31,2.569508499,9.213395413,7.282522836,8.033537402,487,11,4,3,18,473,15,3,4,22,505,495,13,18,68,29
47,1000,10,5.13,10.3,18,37,13,954,26,12,8,46,7.217934372,90,34,2.486998751,8.747608499,6.915469421,7.546920259,495,15,6,5,26,459,11,6,3,20,521,479,20,14,54,36
45,1000,10,5.13,10.3,18,37,25,959,16,14,11,41,7.487395048,100,34,2.577373362,9.169752477,7.20843021,7.771995539,488,6,7,4,17,471,10,7,7,24,505,495,20,14,78,22
40,1000,10,5.13,10.3,18,37,61,955,35,7,3,45,8.618806124,94,31,2.732740765,9.396009086,9.046211449,8.203202919,465,19,6,3,28,490,16,1,0,17,493,507,22,9,62,32
43,1000,10,5.13,10.3,18,37,31,956,21,11,12,44,7.964326291,104,34,2.585854731,9.357696667,8.055153745,7.870545098,486,11,6,5,22,470,10,5,7,22,508,492,22,12,67,37
42,1000,10,5.13,10.3,18,37,32,956,27,7,10,44,7.471519309,103,33,2.604324749,9.100834045,7.206992391,7.738170942,482,13,2,5,20,474,14,5,5,24,502,498,20,13,73,30
46,1000,10,5.13,10.3,18,37,20,939,33,14,14,61,7.770785236,104,24,2.693396038,9.614897672,7.181371962,8.394156477,485,16,9,4,29,454,17,5,10,32,514,486,13,11,68,36
44,1000,10,5.13,10.3,18,37,30,956,26,9,9,44,7.703573665,80,36,2.575188524,8.942577237,7.356027329,8.106667364,512,18,6,1,25,444,8,3,8,19,537,463,21,15,52,28
41,1000,10,5.13,10.3,18,37,35,960,26,7,7,40,7.704127992,100,30,2.566545549,9.221574403,7.275562484,8.141351388,487,11,4,3,18,473,15,3,4,22,505,495,14,16,69,31
47,1000,10,5.13,10.3,18,37,14,953,27,12,8,47,7.249401645,94,32,2.482720008,8.738086419,6.927541499,7.599483349,495,15,6,5,26,458,12,6,3,21,521,479,14,18,58,36
45,1000,10,5.13,10.3,18,37,26,959,16,14,11,41,7.48828783,104,33,2.590438706,9.150323055,7.200454482,7.781935992,488,6,7,4,17,471,10,7,7,24,505,495,15,18,70,34
40,1000,10,5.13,10.3,18,37,62,954,36,7,3,46,8.647728372,112,40,2.73019712,9.432517806,9.107057169,8.20108321,465,19,6,3,28,489,17,1,0,18,493,507,30,10,70,42
42,1000,10,5.13,10.3,18,37,33,957,27,7,9,43,7.470529927,97,41,2.614273525,9.110709614,7.25222269,7.690590635,482,13,2,5,20,475,14,5,4,23,502,498,28,13,73,24
43,1000,10,5.13,10.3,18,37,32,956,21,11,12,44,7.956684229,92,29,2.601500442,9.365202519,8.055654335,7.854495582,486,11,6,5,22,470,10,5,7,22,508,492,17,12,63,29
46,1000,10,5.13,10.3,18,37,21,940,32,13,15,60,7.787481978,94,33,2.692023348,9.645795243,7.203115287,8.405515885,485,16,9,4,29,455,16,4,11,31,514,486,22,11,57,37
44,1000,10,5.13,10.3,18,37,31,956,26,10,8,44,7.708625351,110,31,2.571298278,8.955971034,7.397415985,8.069574444,512,17,7,1,25,444,9,3,7,19,537,463,17,14,71,39
41,1000,10,5.13,10.3,18,37,36,961,26,7,6,39,7.717367295,103,32,2.559854151,9.247065713,7.319405754,8.123368463,488,11,4,2,17,473,15,3,4,22,505,495,17,15,71,32
47,1000,10,5.13,10.3,18,37,15,952,29,12,7,48,7.285242305,88,28,2.483407873,8.716630427,6.975267817,7.622396183,494,16,6,5,27,458,13,6,2,21,521,479,16,12,58,30
45,1000,10,5.13,10.3,18,37,27,961,14,14,11,39,7.510780093,99,18,2.590234361,9.154051014,7.204071952,7.823684358,489,6,6,4,16,472,8,8,7,23,505,495,8,10,67,32
40,1000,10,5.13,10.3,18,37,63,951,39,7,3,49,8.672686167,102,38,2.726360579,9.455343194,9.122432739,8.235358633,464,20,6,3,29,487,19,1,0,20,493,507,19,19,74,28
42,1000,10,5.13,10.3,18,37,34,957,27,7,9,43,7.494533181,101,36,2.63856602,9.129853093,7.282197223,7.70857465,482,13,2,5,20,475,14,5,4,23,502,498,21,15,72,29
43,1000,10,5.13,10.3,18,37,33,958,20,10,12,42,7.945608437,111,32,2.602375835,9.377814613,8.056606507,7.831000674,487,10,6,5,21,471,10,4,7,21,508,492,21,11,69,42
46,1000,10,5.13,10.3,18,37,22,940,33,13,14,60,7.780974348,109,34,2.687351185,9.651978412,7.172452272,8.424555308,485,17,9,3,29,455,16,4,11,31,514,486,21,13,73,36
44,1000,10,5.13,10.3,18,37,32,956,24,12,8,44,7.761255274,88,37,2.565276555,8.972307388,7.441590543,8.132011129,512,17,7,1,25,444,7,5,7,19,537,463,18,19,63,25
47,1000,10,5.13,10.3,18,37,16,951,30,11,8,49,7.333060602,92,38,2.479689252,8.723052464,7.021613269,7.671816469,494,16,6,5,27,457,14,5,3,22,521,479,20,18,55,37
41,1000,10,5.13,10.3,18,37,37,960,27,7,6,40,7.754940373,85,35,2.552301823,9.246614696,7.377624237,8.139879057,487,12,4,2,18,473,15,3,4,22,505,495,23,12,53,32
45,1000,10,5.13,10.3,18,37,28,961,14,13,12,39,7.527681939,95,21,2.59893773,9.151958881,7.21779979,7.843824333,489,6,6,4,16,472,8,7,8,23,505,495,14,7,65,30
40,1000,10,5.13,10.3,18,37,64,951,37,9,3,49,8.705015066,96,42,2.731573811,9.466781824,9.129248784,8.29249589,464,20,6,3,29,487,17,3,0,20,493,507,25,17,70,26
42,1000,10,5.13,10.3,18,37,35,960,25,7,8,40,7.488141492,96,40,2.643488422,9.174151656,7.30352331,7.674242551,483,12,2,5,19,477,13,5,3,21,502,498,18,22,71,25
46,1000,10,5.13,10.3,18,37,23,941,34,13,12,59,7.762606911,115,26,2.692697852,9.6633755,7.22827819,8.327720003,486,16,9,3,28,455,18,4,9,31,514,486,19,7,76,39
44,1000,10,5.13,10.3,18,37,33,955,25,12,8,45,7.779202058,95,35,2.572483657,9.001687473,7.472726581,8.134660656,511,18,7,1,26,444,7,5,7,19,537,463,22,13,66,29
43,1000,10,5.13,10.3,18,37,34,958,19,10,13,42,7.944704211,114,33,2.602570447,9.396064235,8.072548637,7.812702241,487,10,5,6,21,471,9,5,7,21,508,492,15,18,80,34
47,1000,10,5.13,10.3,18,37,17,952,29,11,8,48,7.396971479,108,27,2.458390898,8.732518506,7.112573939,7.706305756,494,16,6,5,27,458,13,5,3,21,521,479,11,16,76,32
41,1000,10,5.13,10.3,18,37,38,961,27,6,6,39,7.732454405,111,37,2.552809479,9.25500004,7.429352987,8.041679084,486,13,4,2,19,475,14,2,4,20,505,495,20,17,82,29
45,1000,10,5.13,10.3,18,37,29,960,15,13,12,40,7.568067931,86,36,2.60072777,9.167388021,7.244769633,7.897897507,489,6,6,4,16,471,9,7,8,24,505,495,16,20,55,31
42,1000,10,5.13,10.3,18,37,36,960,24,8,8,40,7.513872718,105,25,2.647386756,9.18594676,7.348299577,7.680775763,483,11,3,5,19,477,13,5,3,21,502,498,15,10,74,31
40,1000,10,5.13,10.3,18,37,65,952,36,9,3,48,8.726739211,97,33,2.734672642,9.466341381,9.16365304,8.301890063,464,20,6,3,29,488,16,3,0,19,493,507,17,16,74,23
44,1000,10,5.13,10.3,18,37,34,956,25,11,8,44,7.789891289,102,28,2.590727154,9.02253666,7.489758435,8.137993541,511,18,7,1,26,445,7,4,7,18,537,463,12,16,69,33
46,1000,10,5.13,10.3,18,37,24,941,34,13,12,59,7.783035957,94,41,2.702010601,9.68422177,7.268521131,8.327193612,485,17,9,3,29,456,17,4,9,30,514,486,27,14,73,21
43,1000,10,5.13,10.3,18,37,35,957,20,10,13,43,7.925913935,102,31,2.625414535,9.387287957,8.054938416,7.792693537,487,10,5,6,21,470,10,5,7,22,508,492,13,18,76,26
47,1000,10,5.13,10.3,18,37,18,951,29,12,8,49,7.450233604,83,33,2.444906268,8.726442734,7.18246888,7.741476654,494,15,7,5,27,457,14,5,3,22,521,479,15,18,50,33
41,1000,10,5.13,10.3,18,37,39,959,29,6,6,41,7.7350188,90,25,2.544076358,9.277048329,7.450146037,8.025646568,484,15,4,2,21,475,14,2,4,20,505,495,13,12,61,29
45,1000,10,5.13,10.3,18,37,30,962,15,11,12,38,7.551670307,96,42,2.627647817,9.173093447,7.240975755,7.868641517,489,6,6,4,16,473,9,5,8,22,505,495,23,19,70,26
42,1000,10,5.13,10.3,18,37,37,961,24,7,8,39,7.553221731,104,32,2.643866108,9.195715857,7.390998873,7.716747584,483,11,3,5,19,478,13,4,3,20,502,498,18,14,85,19
44,1000,10,5.13,10.3,18,37,35,956,25,11,8,44,7.834625639,117,31,2.57590994,9.02572053,7.551617675,8.162865977,511,18,7,1,26,445,7,4,7,18,537,463,16,15,78,39
46,1000,10,5.13,10.3,18,37,25,940,34,14,12,60,7.808236585,98,43,2.708544033,9.689565519,7.326946426,8.317255395,484,17,10,3,30,456,17,4,9,30,514,486,21,22,69,29
40,1000,10,5.13,10.3,18,37,66,952,36,9,3,48,8.757047154,89,34,2.731043211,9.489159054,9.206919157,8.319597652,464,20,6,3,29,488,16,3,0,19,493,507,23,11,57,32
43,1000,10,5.13,10.3,18,37,36,956,20,11,13,44,7.953066514,104,33,2.625236063,9.377820254,8.097203937,7.804241695,486,10,6,6,22,470,10,5,7,22,508,492,25,8,79,25
47,1000,10,5.13,10.3,18,37,19,951,27,14,8,49,7.541104709,90,27,2.461975955,8.730276432,7.26087616,7.845904447,494,13,9,5,27,457,14,5,3,22,521,479,15,12,60,30
41,1000,10,5.13,10.3,18,37,40,959,28,6,7,41,7.772491609,110,31,2.55186406,9.28326674,7.497838141,8.052693632,484,14,4,3,21,475,14,2,4,20,505,495,18,13,86,24
45,1000,10,5.13,10.3,18,37,31,962,16,12,10,38,7.537716258,99,29,2.623813431,9.185481834,7.231451003,7.85016869,489,6,6,4,16,473,10,6,6,22,505,495,17,12,67,32
42,1000,10,5.13,10.3,18,37,38,958,27,7,8,42,7.580997629,91,27,2.636451539,9.225857016,7.44512478,7.717961827,482,12,3,5,20,476,15,4,3,22,502,498,16,11,62,29
44,1000,10,5.13,10.3,18,37,36,956,25,11,8,44,7.86206831,83,38,2.574474708,9.052145655,7.589376651,8.178343517,511,18,7,1,26,445,7,4,7,18,537,463,20,18,65,18
46,1000,10,5.13,10.3,18,37,26,941,33,14,12,59,7.825670896,93,33,2.686922875,9.703977726,7.363377743,8.314598223,484,16,11,3,30,457,17,3,9,29,514,486,18,15,66,27
40,1000,10,5.13,10.3,18,37,67,953,35,9,3,47,8.765547153,107,38,2.740128567,9.511209885,9.196013992,8.346966972,465,19,6,3,28,488,16,3,0,19,493,507,23,15,72,35
43,1000,10,5.13,10.3,18,37,37,956,20,11,13,44,7.989160989,98,35,2.628570975,9.37734875,8.141913604,7.831440808,486,10,6,6,22,470,10,5,7,22,508,492,25,10,65,33
47,1000,10,5.13,10.3,18,37,20,952,27,13,8,48,7.575577146,87,38,2.475359597,8.782213391,7.330090304,7.842588931,494,13,9,5,27,458,14,4,3,21,521,479,17,21,56,31
41,1000,10,5.13,10.3,18,37,41,960,26,7,7,40,7.800709666,81,37,2.573547019,9.304062645,7.543673341,8.062938644,484,14,4,3,21,476,12,3,4,19,505,495,21,16,59,22
42,1000,10,5.13,10.3,18,37,39,959,26,7,8,41,7.617196508,114,28,2.631993899,9.247569731,7.492331029,7.743064922,482,12,3,5,20,477,14,4,3,21,502,498,15,13,81,33
45,1000,10,5.13,10.3,18,37,32,961,17,12,10,39,7.547049043,106,32,2.642338986,9.203568233,7.271649325,7.828012391,488,7,6,4,17,473,10,6,6,22,505,495,14,18,79,27
44,1000,10,5.13,10.3,18,37,37,957,24,12,7,43,7.881650267,80,35,2.594337822,9.070225613,7.647171232,8.153605433,511,18,7,1,26,446,6,5,6,17,537,463,23,12,51,29
46,1000,10,5.13,10.3,18,37,27,943,31,14,12,57,7.839841784,94,32,2.70179594,9.729795936,7.364148866,8.342940878,486,14,11,3,28,457,17,3,9,29,514,486,17,15,67,27
43,1000,10,5.13,10.3,18,37,38,956,19,12,13,44,8.018752613,100,39,2.641925682,9.413141736,8.158697109,7.874257076,486,9,7,6,22,470,10,5,7,22,508,492,25,14,73,27
40,1000,10,5.13,10.3,18,37,68,952,36,8,4,48,8.786875333,97,33,2.747023521,9.524637458,9.23394324,8.352152496,464,20,5,4,29,488,16,3,0,19,493,507,21,12,72,25
47,1000,10,5.13,10.3,18,37,21,953,27,12,8,47,7.604552541,93,27,2.470796076,8.774272724,7.376119723,7.853014959,495,13,8,5,26,458,14,4,3,21,521,479,14,13,58,35
42,1000,10,5.13,10.3,18,37,40,960,26,6,8,40,7.632010165,101,34,2.629528139,9.264068534,7.541174842,7.72357509,482,12,3,5,20,478,14,3,3,20,502,498,18,16,68,33
41,1000,10,5.13,10.3,18,37,42,961,27,5,7,39,7.843926775,99,31,2.572758102,9.300240889,7.609843556,8.082738947,484,14,4,3,21,477,13,1,4,18,505,495,19,12,75,24
45,1000,10,5.13,10.3,18,37,33,962,17,12,9,38,7.569018777,102,35,2.653144665,9.247941753,7.302172935,7.841255444,488,7,6,4,17,474,10,6,5,21,505,495,23,12,70,32
44,1000,10,5.13,10.3,18,37,38,958,23,12,7,42,7.909969861,78,28,2.609469274,9.087860323,7.70292504,8.15010608,512,17,7,1,25,446,6,5,6,17,537,463,15,13,55,23
46,1000,10,5.13,10.3,18,37,28,945,28,16,11,55,7.889224402,100,34,2.702897942,9.730072679,7.444862681,8.359187209,486,12,13,3,28,459,16,3,8,27,514,486,19,15,72,28
43,1000,10,5.13,10.3,18,37,39,955,20,13,12,45,8.009973864,83,34,2.658653226,9.433398279,8.151956252,7.863374163,485,10,8,5,23,470,10,5,7,22,508,492,22,12,68,15
47,1000,10,5.13,10.3,18,37,22,955,24,13,8,45,7.618026913,90,30,2.47619957,8.797499127,7.426110857,7.826770681,495,13,8,5,26,460,11,5,3,19,521,479,22,8,67,23
40,1000,10,5.13,10.3,18,37,69,953,35,8,4,47,8.81079801,104,29,2.741083401,9.530277284,9.304471968,8.330756074,464,19,6,4,29,489,16,2,0,18,493,507,22,7,80,24
42,1000,10,5.13,10.3,18,37,41,960,25,7,8,40,7.640108795,97,33,2.621363355,9.272896365,7.552072419,7.72885229,482,11,4,5,20,478,14,3,3,20,502,498,17,16,67,30
44,1000,10,5.13,10.3,18,37,39,958,23,12,7,42,7.913619205,102,33,2.609204728,9.100602222,7.707865397,8.152258071,512,17,7,1,25,446,6,5,6,17,537,463,17,16,62,40
41,1000,10,5.13,10.3,18,37,43,960,29,4,7,40,7.891016199,95,49,2.60793236,9.30372875,7.684532385,8.101671403,484,14,4,3,21,476,15,0,4,19,505,495,26,23,65,30
45,1000,10,5.13,10.3,18,37,34,961,18,12,9,39,7.624437567,91,26,2.640904631,9.25534498,7.34543883,7.909072641,487,8,6,4,18,474,10,6,5,21,505,495,17,9,53,38
46,1000,10,5.13,10.3,18,37,29,948,26,14,12,52,7.899048664,89,35,2.690242889,9.737184048,7.458741533,8.364723284,487,12,12,3,27,461,14,2,9,25,514,486,20,15,60,29
43,1000,10,5.13,10.3,18,37,40,955,20,13,12,45,8.037114604,81,28,2.675091895,9.453474141,8.181291535,7.888248992,485,10,8,5,23,470,10,5,7,22,508,492,16,12,58,23
47,1000,10,5.13,10.3,18,37,23,957,23,12,8,43,7.635150516,74,32,2.471168026,8.80158753,7.49380388,7.788890802,495,13,7,6,26,462,10,5,2,17,521,479,21,11,52,22
42,1000,10,5.13,10.3,18,37,42,959,27,6,8,41,7.659164244,90,30,2.59589908,9.273633424,7.583155062,7.735783941,481,12,4,5,21,478,15,2,3,20,502,498,19,11,73,17
40,1000,10,5.13,10.3,18,37,70,951,37,8,4,49,8.836433496,115,37,2.743754303,9.535528877,9.352375195,8.334738708,463,20,6,4,30,488,17,2,0,19,493,507,23,14,84,31
44,1000,10,5.13,10.3,18,37,40,959,24,12,5,41,7.921854127,114,30,2.61671626,9.11816755,7.776453722,8.090493473,512,17,7,1,25,447,7,5,4,16,537,463,17,13,92,22
41,1000,10,5.13,10.3,18,37,44,960,29,4,7,40,7.906547746,96,22,2.608991522,9.299824183,7.718287058,8.09861168,484,14,4,3,21,476,15,0,4,19,505,495,18,4,72,24
46,1000,10,5.13,10.3,18,37,30,948,26,14,12,52,7.902946796,98,27,2.686408996,9.721124254,7.472016302,8.358704562,487,12,12,3,27,461,14,2,9,25,514,486,18,9,64,34
45,1000,10,5.13,10.3,18,37,35,962,18,12,8,38,7.628913974,107,24,2.661368555,9.249885261,7.402033531,7.860377861,487,8,6,4,18,475,10,6,4,20,505,495,11,13,73,34
43,1000,10,5.13,10.3,18,37,41,955,21,12,12,45,8.078646906,96,39,2.674022828,9.473107223,8.22141998,7.931230806,484,11,7,6,24,471,10,5,6,21,508,492,18,21,71,25
47,1000,10,5.13,10.3,18,37,24,957,24,11,8,43,7.658771634,86,25,2.480045799,8.830249311,7.51912363,7.810664349,496,13,6,6,25,461,11,5,2,18,521,479,17,8,62,24
42,1000,10,5.13,10.3,18,37,43,958,28,6,8,42,7.695324235,124,29,2.607030448,9.280309374,7.635703968,7.755423381,480,13,4,5,22,478,15,2,3,20,502,498,18,11,88,36
44,1000,10,5.13,10.3,18,37,41,961,23,11,5,39,7.910166825,117,29,2.620896591,9.129541751,7.809532621,8.026885113,512,17,7,1,25,449,6,4,4,14,537,463,14,15,83,34
40,1000,10,5.13,10.3,18,37,71,951,37,8,4,49,8.868016294,101,33,2.743483798,9.545469857,9.378397018,8.371728922,463,20,6,4,30,488,17,2,0,19,493,507,23,10,69,32
46,1000,10,5.13,10.3,18,37,31,947,26,15,12,53,7.978392209,108,30,2.694043503,9.726193874,7.531644089,8.450878905,487,11,13,3,27,460,15,2,9,26,514,486,18,12,73,35
41,1000,10,5.13,10.3,18,37,45,961,29,4,6,39,7.965024369,108,33,2.616631461,9.295122184,7.755503622,8.178777857,485,14,4,2,20,476,15,0,4,19,505,495,13,20,68,40
45,1000,10,5.13,10.3,18,37,36,961,19,12,8,39,7.638335806,111,29,2.635086129,9.277270208,7.426146033,7.854812242,487,8,6,4,18,474,11,6,4,21,505,495,14,15,76,35
47,1000,10,5.13,10.3,18,37,25,957,24,9,10,43,7.674550078,80,30,2.485766321,8.82537518,7.530841608,7.830859291,496,13,6,6,25,461,11,3,4,18,521,479,13,17,46,34
42,1000,10,5.13,10.3,18,37,44,957,28,7,8,43,7.710119207,109,31,2.622903482,9.288406859,7.716073996,7.704116588,480,12,5,5,22,477,16,2,3,21,502,498,20,11,77,32
43,1000,10,5.13,10.3,18,37,42,956,20,12,12,44,8.052748974,108,30,2.697140585,9.478101083,8.165958159,7.935858189,485,10,7,6,23,471,10,5,6,21,508,492,18,12,75,33
44,1000,10,5.13,10.3,18,37,42,961,22,12,5,39,7.928946482,99,30,2.645710303,9.162980493,7.851954397,8.018243997,512,16,8,1,25,449,6,4,4,14,537,463,19,11,70,29
46,1000,10,5.13,10.3,18,37,32,949,26,14,11,51,7.958543234,106,30,2.686771087,9.723588055,7.522523918,8.419683004,488,11,12,3,26,461,15,2,8,25,514,486,21,9,75,31
40,1000,10,5.13,10.3,18,37,72,952,37,7,4,48,8.902189915,114,39,2.767386035,9.572887431,9.392482355,8.425436122,464,20,5,4,29,488,17,2,0,19,493,507,25,14,83,31
41,1000,10,5.13,10.3,18,37,46,961,29,4,6,39,7.972896294,116,47,2.618380093,9.3094057,7.773651496,8.17616624,485,14,4,2,20,476,15,0,4,19,505,495,27,20,79,37
45,1000,10,5.13,10.3,18,37,37,960,20,12,8,40,7.672223662,95,35,2.644192639,9.298471419,7.454302843,7.894546921,486,9,6,4,19,474,11,6,4,21,505,495,25,10,65,30
42,1000,10,5.13,10.3,18,37,45,955,30,6,9,45,7.750545939,97,22,2.631526276,9.309983339,7.763440163,7.737548147,479,13,4,6,23,476,17,2,3,22,502,498,13,9,70,27
47,1000,10,5.13,10.3,18,37,26,957,24,9,10,43,7.680194408,98,35,2.490059478,8.819858689,7.556645132,7.814576814,496,13,6,6,25,461,11,3,4,18,521,479,21,14,61,37
43,1000,10,5.13,10.3,18,37,43,957,18,13,12,43,8.062975989,93,35,2.721212815,9.484357268,8.211499952,7.909621978,485,10,7,6,23,472,8,6,6,20,508,492,18,17,71,22
44,1000,10,5.13,10.3,18,37,43,961,22,12,5,39,7.953001216,89,38,2.666324487,9.186746287,7.883590305,8.03350588,512,16,8,1,25,449,6,4,4,14,537,463,24,14,58,31
46,1000,10,5.13,10.3,18,37,33,950,25,14,11,50,7.943666755,109,45,2.68281725,9.755471549,7.525118038,8.386329391,489,10,12,3,25,461,15,2,8,25,514,486,26,19,69,40
40,1000,10,5.13,10.3,18,37,73,952,37,7,4,48,8.911587136,115,39,2.754994575,9.583004409,9.424521029,8.412817097,465,19,5,4,28,487,18,2,0,20,493,507,25,14,86,29
41,1000,10,5.13,10.3,18,37,47,960,30,4,6,40,8.045599434,103,40,2.605896903,9.32302425,7.887894724,8.206490097,484,15,4,2,21,476,15,0,4,19,505,495,22,18,78,25
45,1000,10,5.13,10.3,18,37,38,961,20,11,8,39,7.672113696,86,31,2.653941889,9.297927654,7.467418894,7.880943747,486,9,6,4,19,475,11,5,4,20,505,495,17,14,55,31
42,1000,10,5.13,10.3,18,37,46,955,29,7,9,45,7.78859013,95,34,2.633154549,9.319541767,7.831114322,7.745724379,479,13,4,6,23,476,16,3,3,22,502,498,17,17,66,29
47,1000,10,5.13,10.3,18,37,27,952,29,9,10,48,7.737137262,90,31,2.49934268,8.830616201,7.634324226,7.84896522,492,17,6,6,29,460,12,3,4,19,521,479,16,15,55,35
44,1000,10,5.13,10.3,18,37,44,960,23,12,5,40,7.965857357,111,27,2.672440146,9.196622783,7.933570708,8.003304292,511,17,8,1,26,449,6,4,4,14,537,463,23,4,82,29
43,1000,10,5.13,10.3,18,37,44,957,18,12,13,43,8.086505935,110,31,2.735354408,9.522499119,8.230958351,7.93735588,485,10,7,6,23,472,8,5,7,20,508,492,16,15,78,32
46,1000,10,5.13,10.3,18,37,34,951,24,14,11,49,7.937485802,94,39,2.680690759,9.763384873,7.587064522,8.308095961,489,10,12,3,25,462,14,2,8,24,514,486,19,20,72,22
41,1000,10,5.13,10.3,18,37,48,962,29,4,5,38,8.04937194,82,46,2.609803605,9.329141213,7.911695764,8.189829454,484,15,4,2,21,478,14,0,3,17,505,495,29,17,62,20
40,1000,10,5.13,10.3,18,37,74,952,37,7,4,48,8.882003486,105,39,2.752545872,9.615485787,9.403056869,8.375338165,465,19,5,4,28,487,18,2,0,20,493,507,21,18,70,35
45,1000,10,5.13,10.3,18,37,39,962,19,11,8,38,7.678664825,106,29,2.663060111,9.297423138,7.498795394,7.862167982,485,10,6,4,20,477,9,5,4,18,505,495,14,15,75,31
42,1000,10,5.13,10.3,18,37,47,955,30,7,8,45,7.842577446,113,38,2.641257682,9.321424314,7.904611053,7.780045577,478,14,4,6,24,477,16,3,2,21,502,498,21,17,83,30
44,1000,10,5.13,10.3,18,37,45,959,24,12,5,41,7.998975929,103,24,2.67043873,9.228925421,8.008652844,7.987752379,510,18,8,1,27,449,6,4,4,14,537,463,10,14,82,21
47,1000,10,5.13,10.3,18,37,28,952,29,9,10,48,7.782202282,81,23,2.51566503,8.852351392,7.699532476,7.872120797,492,17,6,6,29,460,12,3,4,19,521,479,13,10,58,23
43,1000,10,5.13,10.3,18,37,45,958,19,10,13,42,8.111323164,98,35,2.730705351,9.520452532,8.286719121,7.930223273,484,11,7,6,24,474,8,3,7,18,508,492,21,14,74,24
46,1000,10,5.13,10.3,18,37,35,954,23,12,11,46,7.928507813,111,32,2.67180338,9.78135658,7.610242317,8.265109592,489,10,12,3,25,465,13,0,8,21,514,486,17,15,78,33
41,1000,10,5.13,10.3,18,37,49,961,30,4,5,39,8.046288939,111,35,2.608594336,9.336349745,7.915845211,8.179367895,484,15,4,2,21,477,15,0,3,18,505,495,19,16,85,26
40,1000,10,5.13,10.3,18,37,75,952,36,8,4,48,8.901782545,104,31,2.754105201,9.627713591,9.435924714,8.382389864,464,19,6,4,29,488,17,2,0,19,493,507,19,12,85,19
45,1000,10,5.13,10.3,18,37,40,962,20,10,8,38,7.723255787,108,30,2.653016912,9.309499931,7.540964515,7.909229711,485,10,6,4,20,477,10,4,4,18,505,495,16,14,75,33
42,1000,10,5.13,10.3,18,37,48,955,30,6,9,45,7.877530588,88,37,2.649965653,9.340654957,8.003645159,7.750403049,478,14,3,7,24,477,16,3,2,21,502,498,22,15,63,25
44,1000,10,5.13,10.3,18,37,46,959,24,12,5,41,8.035746729,99,36,2.676955316,9.243603813,8.043455855,8.026805476,510,18,8,1,27,449,6,4,4,14,537,463,20,16,71,28
47,1000,10,5.13,10.3,18,37,29,952,29,9,10,48,7.845765327,87,45,2.507137264,8.838443644,7.742639644,7.957933346,492,17,6,6,29,460,12,3,4,19,521,479,28,17,62,25
46,1000,10,5.13,10.3,18,37,36,955,21,13,11,45,7.94950134,97,37,2.699903662,9.802601881,7.625526593,8.292141298,490,9,12,3,24,465,12,1,8,21,514,486,18,19,64,33
43,1000,10,5.13,10.3,18,37,46,958,20,9,13,42,8.115999821,94,27,2.736291869,9.547538465,8.312937773,7.912657383,484,11,6,7,24,474,9,3,6,18,508,492,19,8,63,31
41,1000,10,5.13,10.3,18,37,50,961,31,3,5,39,8.068660937,95,28,2.615646788,9.329536387,7.905621278,8.234994326,484,16,3,2,21,477,15,0,3,18,505,495,13,15,71,24
45,1000,10,5.13,10.3,18,37,41,960,22,10,8,40,7.739307994,98,22,2.659191726,9.326799523,7.58973105,7.891906695,483,12,6,4,22,477,10,4,4,18,505,495,12,10,73,25
42,1000,10,5.13,10.3,18,37,49,955,30,6,9,45,7.905681601,89,31,2.650163022,9.3581862,8.02924541,7.781125311,478,14,3,7,24,477,16,3,2,21,502,498,18,13,64,25
40,1000,10,5.13,10.3,18,37,76,952,36,8,4,48,8.917864475,125,36,2.746289048,9.654353499,9.450169584,8.400258126,464,19,6,4,29,488,17,2,0,19,493,507,25,11,94,31
44,1000,10,5.13,10.3,18,37,47,960,25,10,5,40,8.067209409,99,37,2.673850863,9.264368838,8.087728418,8.043410904,510,19,7,1,27,450,6,3,4,13,537,463,21,16,67,32
47,1000,10,5.13,10.3,18,37,30,952,29,9,10,48,7.860931081,86,34,2.49951393,8.858697522,7.755992555,7.975070897,492,17,6,6,29,460,12,3,4,19,521,479,22,12,55,31
46,1000,10,5.13,10.3,18,37,37,958,20,12,10,42,7.954974935,101,37,2.688627318,9.826013284,7.678391743,8.247492961,490,9,12,3,24,468,11,0,7,18,514,486,24,13,69,32
43,1000,10,5.13,10.3,18,37,47,958,19,10,13,42,8.131750007,101,39,2.745550503,9.57216945,8.329226222,7.9278518,483,11,7,7,25,475,8,3,6,17,508,492,27,12,70,31
41,1000,10,5.13,10.3,18,37,51,958,34,3,5,42,8.131919915,82,27,2.601828659,9.337642379,7.951761999,8.315717386,483,17,3,2,22,475,17,0,3,20,505,495,14,13,62,20
42,1000,10,5.13,10.3,18,37,50,955,30,6,9,45,7.912639181,90,28,2.644441916,9.372830783,8.021442378,7.802962064,478,14,3,7,24,477,16,3,2,21,502,498,18,10,64,26
45,1000,10,5.13,10.3,18,37,42,961,22,9,8,39,7.760295762,99,32,2.647362215,9.341002856,7.620499787,7.902915898,484,12,5,4,21,477,10,4,4,18,505,495,18,14,69,30
44,1000,10,5.13,10.3,18,37,48,958,27,11,4,42,8.095098528,83,30,2.6637133,9.2863566,8.167114764,8.011572138,509,19,8,1,28,449,8,3,3,14,537,463,16,14,67,16
40,1000,10,5.13,10.3,18,37,77,952,35,9,4,48,8.94659068,104,36,2.766244405,9.674055011,9.489053115,8.419107485,464,19,6,4,29,488,16,3,0,19,493,507,26,10,81,23
47,1000,10,5.13,10.3,18,37,31,952,29,9,10,48,7.904348333,99,36,2.523490696,8.866534078,7.822593164,7.993272014,492,17,6,6,29,460,12,3,4,19,521,479,23,13,72,27
46,1000,10,5.13,10.3,18,37,38,959,19,12,10,41,7.964684115,98,41,2.693547026,9.843094918,7.714473658,8.22930999,490,9,12,3,24,469,10,0,7,17,514,486,27,14,75,23
43,1000,10,5.13,10.3,18,37,48,958,19,10,13,42,8.150665396,92,33,2.756718338,9.569756544,8.361180618,7.933304149,483,11,7,7,25,475,8,3,6,17,508,492,19,14,67,25
42,1000,10,5.13,10.3,18,37,51,955,30,6,9,45,7.938115213,110,38,2.660955017,9.367775608,8.064600332,7.810614149,478,14,3,7,24,477,16,3,2,21,502,498,21,17,78,32
41,1000,10,5.13,10.3,18,37,52,958,34,3,5,42,8.157262428,100,34,2.617474558,9.346924421,7.990082306,8.327819926,483,17,3,2,22,475,17,0,3,20,505,495,23,11,75,25
45,1000,10,5.13,10.3,18,37,43,959,24,9,8,41,7.786270243,97,38,2.653928439,9.335486379,7.658545049,7.916575744,484,12,5,4,21,475,12,4,4,20,505,495,24,14,76,21
44,1000,10,5.13,10.3,18,37,49,956,29,11,4,44,8.137333484,88,32,2.68152946,9.296484482,8.211239818,8.051614907,509,19,8,1,28,447,10,3,3,16,537,463,21,11,63,25
46,1000,10,5.13,10.3,18,37,39,960,19,11,10,40,7.941172445,97,42,2.697298343,9.867437769,7.703279886,8.192770748,490,10,11,3,24,470,9,0,7,16,514,486,21,21,71,26
47,1000,10,5.13,10.3,18,37,32,951,29,10,10,49,7.936094264,81,29,2.544710221,8.887611994,7.85608307,8.023121053,491,18,6,6,30,460,11,4,4,19,521,479,18,11,56,25
40,1000,10,5.13,10.3,18,37,78,949,38,9,4,51,8.991692347,110,32,2.785803863,9.700464717,9.546490778,8.452213793,462,21,6,4,31,487,17,3,0,20,493,507,17,15,80,30
43,1000,10,5.13,10.3,18,37,49,956,22,10,12,44,8.139376625,109,27,2.765040925,9.604164105,8.346459642,7.925559201,482,12,7,7,26,474,10,3,5,18,508,492,19,8,74,35
42,1000,10,5.13,10.3,18,37,52,956,29,6,9,44,7.954451283,88,31,2.652282371,9.363599043,8.096273076,7.811490359,478,14,3,7,24,478,15,3,2,20,502,498,16,15,70,18
41,1000,10,5.13,10.3,18,37,53,956,36,3,5,44,8.161791921,81,22,2.613845576,9.343634372,8.041237307,8.284781982,481,19,3,2,24,475,17,0,3,20,505,495,10,12,63,18
44,1000,10,5.13,10.3,18,37,50,956,29,10,5,44,8.15940577,82,29,2.681884801,9.306811594,8.2667902,8.034858387,509,19,7,2,28,447,10,3,3,16,537,463,18,11,61,21
45,1000,10,5.13,10.3,18,37,44,959,24,9,8,41,7.830633849,94,38,2.662053105,9.356339687,7.757710716,7.905030178,484,12,5,4,21,475,12,4,4,20,505,495,20,18,75,19
46,1000,10,5.13,10.3,18,37,40,960,18,11,11,40,7.982443834,99,35,2.692584677,9.87963346,7.785403908,8.190835855,489,11,10,4,25,471,7,1,7,15,514,486,19,16,69,30
47,1000,10,5.13,10.3,18,37,33,950,29,11,10,50,7.963356901,99,30,2.521765333,8.897469459,7.924650867,8.005456784,491,17,7,6,30,459,12,4,4,20,521,479,17,13,69,30
40,1000,10,5.13,10.3,18,37,79,949,38,9,4,51,8.985419935,108,32,2.786100274,9.697077514,9.558585748,8.428081186,462,21,6,4,31,487,17,3,0,20,493,507,14,18,78,30
43,1000,10,5.13,10.3,18,37,50,958,21,8,13,42,8.150916022,105,30,2.76671195,9.596471954,8.335649584,7.960174866,483,11,7,7,25,475,10,1,6,17,508,492,17,13,69,36
42,1000,10,5.13,10.3,18,37,53,956,29,5,10,44,7.957913617,110,35,2.661017971,9.381282617,8.113276617,7.801302721,478,14,2,8,24,478,15,3,2,20,502,498,20,15,83,27
44,1000,10,5.13,10.3,18,37,51,958,27,10,5,42,8.173405253,107,32,2.683566333,9.296759205,8.283152613,8.046117278,511,17,7,2,26,447,10,3,3,16,537,463,18,14,78,29
41,1000,10,5.13,10.3,18,37,54,956,36,3,5,44,8.171757295,87,26,2.616260147,9.362254683,8.058085332,8.287725662,481,19,3,2,24,475,17,0,3,20,505,495,16,10,60,27
45,1000,10,5.13,10.3,18,37,45,960,25,8,7,40,7.834047001,103,26,2.66809525,9.368419642,7.744415032,7.925489717,484,13,5,3,21,476,12,3,4,19,505,495,10,16,70,33
46,1000,10,5.13,10.3,18,37,41,961,16,11,12,39,8.013050329,110,30,2.701847797,9.905088428,7.86517375,8.169446546,489,10,10,5,25,472,6,1,7,14,514,486,19,11,77,33
47,1000,10,5.13,10.3,18,37,34,950,29,11,10,50,7.982400749,95,40,2.541791958,8.89309416,7.96716345,7.998974095,491,17,7,6,30,459,12,4,4,20,521,479,27,13,66,29
40,1000,10,5.13,10.3,18,37,80,950,38,8,4,50,8.988832473,94,26,2.79473209,9.722751575,9.605668496,8.389029397,462,21,6,4,31,488,17,2,0,19,493,507,17,9,73,21
43,1000,10,5.13,10.3,18,37,51,958,22,8,12,42,8.125831104,122,38,2.772691633,9.593943306,8.332593869,7.912344347,482,12,7,7,26,476,10,1,5,16,508,492,23,15,87,35
42,1000,10,5.13,10.3,18,37,54,958,29,4,9,42,7.944396392,97,33,2.64234374,9.387511464,8.138721159,7.748510783,478,14,2,8,24,480,15,2,1,18,502,498,19,14,73,24
44,1000,10,5.13,10.3,18,37,52,959,25,11,5,41,8.170984209,95,29,2.694574306,9.317027553,8.284666887,8.039131947,511,16,8,2,26,448,9,3,3,15,537,463,18,11,67,28
41,1000,10,5.13,10.3,18,37,55,956,36,3,5,44,8.216478458,103,28,2.618373423,9.37463929,8.101677172,8.333598962,481,19,3,2,24,475,17,0,3,20,505,495,19,9,73,30
46,1000,10,5.13,10.3,18,37,42,962,16,11,11,38,8.008435309,117,32,2.708459168,9.922620808,7.904487866,8.118371494,489,10,10,5,25,473,6,1,6,13,514,486,19,13,86,31
45,1000,10,5.13,10.3,18,37,46,961,25,8,6,39,7.848677209,121,20,2.662698019,9.390869803,7.82201262,7.875880476,484,13,5,3,21,477,12,3,3,18,505,495,14,6,83,38
47,1000,10,5.13,10.3,18,37,35,951,28,11,10,49,7.976068816,106,32,2.53753669,8.916271028,7.971038343,7.981540375,492,16,7,6,29,459,12,4,4,20,521,479,17,15,72,34
42,1000,10,5.13,10.3,18,37,55,956,30,4,10,44,7.970553907,91,29,2.645657894,9.389012518,8.16498715,7.774558953,477,14,2,9,25,479,16,2,1,19,502,498,19,10,73,18
40,1000,10,5.13,10.3,18,37,81,949,39,8,4,51,9.023361382,91,26,2.808074827,9.733949276,9.653584919,8.410540469,462,21,6,4,31,487,18,2,0,20,493,507,18,8,72,19
43,1000,10,5.13,10.3,18,37,52,958,21,9,12,42,8.124876023,106,41,2.77446598,9.596884289,8.354515661,7.887768429,482,12,7,7,26,476,9,2,5,16,508,492,25,16,76,30
44,1000,10,5.13,10.3,18,37,53,961,22,12,5,39,8.18230542,114,32,2.719798697,9.344894541,8.312951932,8.03077804,512,14,9,2,25,449,8,3,3,14,537,463,22,10,85,29
41,1000,10,5.13,10.3,18,37,56,956,35,4,5,44,8.212150949,95,38,2.615671653,9.388562852,8.122011012,8.304111895,481,19,3,2,24,475,16,1,3,20,505,495,24,14,75,20
46,1000,10,5.13,10.3,18,37,43,961,17,11,11,39,8.010519486,113,24,2.712041402,9.920576101,7.880877077,8.147631004,489,10,10,5,25,472,7,1,6,14,514,486,8,16,72,41
45,1000,10,5.13,10.3,18,37,47,960,25,9,6,40,7.879418746,108,22,2.66013747,9.40544994,7.875679807,7.88323322,484,12,6,3,21,476,13,3,3,19,505,495,17,5,78,30
47,1000,10,5.13,10.3,18,37,36,950,28,12,10,50,7.996009505,119,36,2.548947435,8.923083645,7.994789909,7.997336038,492,15,8,6,29,458,13,4,4,21,521,479,19,17,79,40
42,1000,10,5.13,10.3,18,37,56,957,29,4,10,43,7.964889705,87,30,2.668131998,9.425639348,8.152095195,7.776180556,478,13,2,9,24,479,16,2,1,19,502,498,17,13,63,24
43,1000,10,5.13,10.3,18,37,53,959,20,10,11,41,8.105045634,99,29,2.798787737,9.62018906,8.362530957,7.839186805,482,12,7,7,26,477,8,3,4,15,508,492,19,10,74,25
40,1000,10,5.13,10.3,18,37,82,950,39,7,4,50,9.036266712,117,40,2.810033585,9.774518688,9.708473943,8.382621416,461,22,6,4,32,489,17,1,0,18,493,507,24,16,82,35
44,1000,10,5.13,10.3,18,37,54,960,23,12,5,40,8.23893235,96,38,2.740608906,9.340638912,8.362134612,8.096039014,511,15,9,2,26,449,8,3,3,14,537,463,20,18,72,24
46,1000,10,5.13,10.3,18,37,44,961,17,11,11,39,8.043072943,103,40,2.704935755,9.944237817,7.932578746,8.159933062,489,10,10,5,25,472,7,1,6,14,514,486,28,12,67,36
41,1000,10,5.13,10.3,18,37,57,956,34,4,6,44,8.22309885,97,28,2.62707455,9.417633325,8.144566481,8.303217732,481,18,3,3,24,475,16,1,3,20,505,495,16,12,73,24
45,1000,10,5.13,10.3,18,37,48,960,25,9,6,40,7.897807526,105,27,2.65431645,9.411740965,7.877806486,7.918212626,484,12,6,3,21,476,13,3,3,19,505,495,16,11,69,36
47,1000,10,5.13,10.3,18,37,37,949,29,12,10,51,8.017154831,78,31,2.55356763,8.920580582,8.038122198,7.99434899,492,15,8,6,29,457,14,4,4,22,521,479,18,13,58,20
42,1000,10,5.13,10.3,18,37,57,957,28,5,10,43,8.005944433,112,29,2.686007109,9.429267205,8.184143851,7.826313695,478,12,3,9,24,479,16,2,1,19,502,498,14,15,67,45
44,1000,10,5.13,10.3,18,37,55,959,24,12,5,41,8.245055708,96,32,2.725581662,9.354752618,8.364604309,8.106399987,511,15,9,2,26,448,9,3,3,15,537,463,21,11,63,33
43,1000,10,5.13,10.3,18,37,54,959,20,10,11,41,8.128815388,98,40,2.804256681,9.626445499,8.409366178,7.839140996,482,12,7,7,26,477,8,3,4,15,508,492,22,18,69,29
40,1000,10,5.13,10.3,18,37,83,949,40,7,4,51,9.036080646,117,33,2.832327505,9.80845544,9.745917437,8.345844871,461,22,6,4,32,488,18,1,0,19,493,507,20,13,84,33
46,1000,10,5.13,10.3,18,37,45,961,17,11,11,39,8.045560641,100,34,2.69628572,9.965479791,7.953741021,8.14267028,489,10,10,5,25,472,7,1,6,14,514,486,20,14,67,33
41,1000,10,5.13,10.3,18,37,58,957,32,6,5,43,8.22106576,92,33,2.619515921,9.445816696,8.18862167,8.254165286,481,17,4,3,24,476,15,2,2,19,505,495,24,9,73,19
45,1000,10,5.13,10.3,18,37,49,960,24,10,6,40,7.893061684,98,32,2.667948457,9.416199074,7.897199685,7.888840086,484,11,7,3,21,476,13,3,3,19,505,495,14,18,73,25
47,1000,10,5.13,10.3,18,37,38,951,26,13,10,49,8.023632228,107,29,2.549458266,8.938495302,8.065266138,7.978347744,493,13,9,6,28,458,13,4,4,21,521,479,12,17,77,30
42,1000,10,5.13,10.3,18,37,58,955,30,5,10,45,8.046343911,97,23,2.687195663,9.445718567,8.224183466,7.867075927,476,14,3,9,26,479,16,2,1,19,502,498,10,13,72,25
44,1000,10,5.13,10.3,18,37,56,960,23,12,5,40,8.273376364,101,31,2.735463803,9.38640453,8.400579827,8.125842326,511,15,9,2,26,449,8,3,3,14,537,463,21,10,74,27
43,1000,10,5.13,10.3,18,37,55,958,20,11,11,42,8.151834115,115,27,2.810199065,9.652559051,8.443440628,7.850744464,482,12,7,7,26,476,8,4,4,16,508,492,14,13,89,26
40,1000,10,5.13,10.3,18,37,84,950,39,7,4,50,9.069207893,110,30,2.836681517,9.831042706,9.82463353,8.334642137,461,22,6,4,32,489,17,1,0,18,493,507,20,10,81,29
46,1000,10,5.13,10.3,18,37,46,960,18,10,12,40,8.104357113,100,32,2.688051956,9.962140219,7.994251421,8.220806344,489,10,9,6,25,471,8,1,6,15,514,486,21,11,74,26
41,1000,10,5.13,10.3,18,37,59,958,31,6,5,42,8.233818734,102,31,2.610714288,9.447930697,8.206811663,8.261371401,481,17,4,3,24,477,14,2,2,18,505,495,16,15,78,24
45,1000,10,5.13,10.3,18,37,50,959,25,10,6,41,7.898783318,107,33,2.668061318,9.444483802,7.92804887,7.868926542,484,11,7,3,21,475,14,3,3,20,505,495,18,15,72,35
42,1000,10,5.13,10.3,18,37,59,955,30,5,10,45,8.057877486,98,36,2.683684342,9.46963338,8.218724318,7.895738711,476,14,3,9,26,479,16,2,1,19,502,498,21,15,66,32
47,1000,10,5.13,10.3,18,37,39,951,25,14,10,49,8.06555701,100,34,2.549476732,8.958058139,8.07443679,8.055898628,493,13,9,6,28,458,12,5,4,21,521,479,22,12,68,32
44,1000,10,5.13,10.3,18,37,57,959,23,13,5,41,8.287733193,109,31,2.71437804,9.39003032,8.422454515,8.131479738,510,16,9,2,27,449,7,4,3,14,537,463,18,13,77,32
43,1000,10,5.13,10.3,18,37,56,957,21,11,11,43,8.148654431,98,48,2.800819306,9.669643588,8.46954576,7.817327612,481,13,7,7,27,476,8,4,4,16,508,492,27,21,76,22
46,1000,10,5.13,10.3,18,37,47,959,19,10,12,41,8.120132763,97,27,2.692511128,9.982166801,8.051295377,8.192936089,489,10,9,6,25,470,9,1,6,16,514,486,15,12,75,22
40,1000,10,5.13,10.3,18,37,85,949,39,8,4,51,9.0705767,98,24,2.834419022,9.848007741,9.849288761,8.313367536,460,22,7,4,33,489,17,1,0,18,493,507,13,11,66,32
41,1000,10,5.13,10.3,18,37,60,958,31,6,5,42,8.224970749,88,32,2.613645253,9.460045266,8.202415895,8.247981257,481,17,4,3,24,477,14,2,2,18,505,495,19,13,63,25
45,1000,10,5.13,10.3,18,37,51,959,24,11,6,41,7.937570162,117,25,2.667551016,9.450244921,7.985983178,7.888179105,484,10,8,3,21,475,14,3,3,20,505,495,18,7,87,30
42,1000,10,5.13,10.3,18,37,60,955,30,5,10,45,8.092876356,118,39,2.695763002,9.504239267,8.237763288,7.946825674,476,14,3,9,26,479,16,2,1,19,502,498,24,15,88,30
47,1000,10,5.13,10.3,18,37,40,949,26,15,10,51,8.125658603,91,28,2.544472143,8.986387946,8.12264386,8.128937687,493,13,9,6,28,456,13,6,4,23,521,479,15,13,67,24
44,1000,10,5.13,10.3,18,37,58,958,24,13,5,42,8.299979663,113,39,2.748584008,9.408160185,8.441526992,8.135809218,510,16,9,2,27,448,8,4,3,15,537,463,28,11,84,29
46,1000,10,5.13,10.3,18,37,48,960,19,8,13,40,8.135906699,108,38,2.685073742,10.00877171,8.092137037,8.182198071,489,11,7,7,25,471,8,1,6,15,514,486,23,15,74,34
43,1000,10,5.13,10.3,18,37,57,957,21,11,11,43,8.179755269,92,37,2.78366803,9.670597933,8.498749349,7.850387398,481,13,7,7,27,476,8,4,4,16,508,492,22,15,65,27
40,1000,10,5.13,10.3,18,37,86,951,37,8,4,49,9.053126435,88,37,2.836339502,9.843884907,9.888801371,8.240527337,460,22,7,4,33,491,15,1,0,16,493,507,28,9,67,21
41,1000,10,5.13,10.3,18,37,61,958,31,6,5,42,8.251628639,107,25,2.619188748,9.491952802,8.250633406,8.252643978,481,17,4,3,24,477,14,2,2,18,505,495,16,9,75,32
42,1000,10,5.13,10.3,18,37,61,955,30,5,10,45,8.106050245,98,25,2.693885664,9.525270814,8.258916742,7.951955904,477,13,3,9,25,478,17,2,1,20,502,498,16,9,75,23
45,1000,10,5.13,10.3,18,37,52,958,25,11,6,42,7.973937376,81,31,2.675952222,9.47630958,8.011666323,7.935446228,484,10,8,3,21,474,15,3,3,21,505,495,19,12,65,16
47,1000,10,5.13,10.3,18,37,41,950,26,15,9,50,8.136971078,116,25,2.535070276,8.986327815,8.167786656,8.103453508,493,13,9,6,28,457,13,6,3,22,521,479,13,12,72,44
44,1000,10,5.13,10.3,18,37,59,958,24,13,5,42,8.318127069,97,36,2.752462076,9.420923844,8.501834306,8.105058416,510,16,9,2,27,448,8,4,3,15,537,463,22,14,69,28
46,1000,10,5.13,10.3,18,37,49,960,19,8,13,40,8.118044934,108,37,2.694219257,10.02440954,8.108131379,8.12852964,489,11,7,7,25,471,8,1,6,15,514,486,25,12,79,29
43,1000,10,5.13,10.3,18,37,58,956,22,11,11,44,8.224712323,107,29,2.793320416,9.687049239,8.560899405,7.877592327,480,14,7,7,28,476,8,4,4,16,508,492,18,11,81,26
42,1000,10,5.13,10.3,18,37,62,955,30,5,10,45,8.155673386,108,35,2.681620826,9.533053196,8.336803851,7.973088058,477,13,3,9,25,478,17,2,1,20,502,498,20,15,87,21
41,1000,10,5.13,10.3,18,37,62,959,31,5,5,41,8.283442553,101,35,2.624583554,9.504117202,8.296672977,8.269944848,481,17,4,3,24,478,14,1,2,17,505,495,16,19,71,30
40,1000,10,5.13,10.3,18,37,87,951,37,8,4,49,9.070555095,100,37,2.852761829,9.871327079,9.903483095,8.260627079,460,22,7,4,33,491,15,1,0,16,493,507,23,14,76,24
45,1000,10,5.13,10.3,18,37,53,958,25,11,6,42,8.010938423,107,32,2.670043661,9.508606797,8.079421056,7.941072301,484,10,8,3,21,474,15,3,3,21,505,495,21,11,72,35
47,1000,10,5.13,10.3,18,37,42,950,25,16,9,50,8.144649406,92,30,2.542854956,9.008107083,8.186442064,8.099192255,493,13,9,6,28,457,12,7,3,22,521,479,18,12,58,34
44,1000,10,5.13,10.3,18,37,60,956,26,13,5,44,8.335055213,85,36,2.750842244,9.402317318,8.520889028,8.119520096,509,17,9,2,28,447,9,4,3,16,537,463,22,14,56,29
46,1000,10,5.13,10.3,18,37,50,960,20,8,12,40,8.123406013,91,38,2.69810606,10.06346311,8.180324954,8.063207791,488,12,7,7,26,472,8,1,5,14,514,486,21,17,61,30
43,1000,10,5.13,10.3,18,37,59,954,24,11,11,46,8.249579712,105,32,2.794570554,9.74403179,8.635204798,7.851413972,478,16,7,7,30,476,8,4,4,16,508,492,15,17,82,23
42,1000,10,5.13,10.3,18,37,63,955,29,6,10,45,8.19229752,108,40,2.675978557,9.529355874,8.398546298,7.984392126,477,12,4,9,25,478,17,2,1,20,502,498,31,9,85,23
41,1000,10,5.13,10.3,18,37,63,958,31,6,5,42,8.324814204,109,34,2.637564905,9.51731087,8.366353814,8.282435411,480,17,5,3,25,478,14,1,2,17,505,495,19,15,83,26
47,1000,10,5.13,10.3,18,37,43,951,23,17,9,49,8.165626548,86,29,2.548096967,9.020112755,8.226846021,8.099039189,494,11,10,6,27,457,12,7,3,22,521,479,16,13,53,33
45,1000,10,5.13,10.3,18,37,54,958,25,11,6,42,8.027853781,97,24,2.66663652,9.50775955,8.11720432,7.936698181,484,10,7,4,21,474,15,4,2,21,505,495,18,6,72,25
40,1000,10,5.13,10.3,18,37,88,951,37,8,4,49,9.133952248,96,35,2.853063514,9.884845997,9.965017387,8.325835654,460,22,7,4,33,491,15,1,0,16,493,507,21,14,63,33
44,1000,10,5.13,10.3,18,37,61,954,28,13,5,46,8.387427028,80,31,2.76477544,9.4154861,8.581531837,8.16229899,509,17,9,2,28,445,11,4,3,18,537,463,18,13,56,24
46,1000,10,5.13,10.3,18,37,51,960,20,8,12,40,8.151790145,100,54,2.712554666,10.0890275,8.201365342,8.099358764,488,12,7,7,26,472,8,1,5,14,514,486,30,24,70,30
43,1000,10,5.13,10.3,18,37,60,955,23,11,11,45,8.303918637,96,34,2.789819122,9.777181703,8.688300937,7.9070361,478,15,8,7,30,477,8,3,4,15,508,492,25,9,71,25
42,1000,10,5.13,10.3,18,37,64,954,28,8,10,46,8.234005267,107,38,2.6744172,9.544874806,8.444593309,8.021725756,477,11,5,9,25,477,17,3,1,21,502,498,25,13,87,20
47,1000,10,5.13,10.3,18,37,44,952,22,17,9,48,8.208365632,115,30,2.546098114,9.023563787,8.278934018,8.13160962,494,11,10,6,27,458,11,7,3,21,521,479,17,13,79,36
41,1000,10,5.13,10.3,18,37,64,958,31,6,5,42,8.36646229,90,40,2.631409234,9.55005746,8.393371873,8.339009078,480,17,5,3,25,478,14,1,2,17,505,495,26,14,67,23
44,1000,10,5.13,10.3,18,37,62,953,29,13,5,47,8.433335631,92,38,2.743661673,9.427236902,8.616523997,8.220868779,509,17,9,2,28,444,12,4,3,19,537,463,24,14,64,28
45,1000,10,5.13,10.3,18,37,55,959,25,9,7,41,8.054392468,105,36,2.677438682,9.521368102,8.138002476,7.969093368,485,10,6,4,20,474,15,3,3,21,505,495,25,11,76,29
40,1000,10,5.13,10.3,18,37,89,952,36,8,4,48,9.158494197,113,39,2.858422992,9.895680338,10.02451008,8.316391962,460,22,7,4,33,492,14,1,0,15,493,507,29,10,88,25
46,1000,10,5.13,10.3,18,37,52,960,19,9,12,40,8.177999817,96,36,2.704962119,10.10006448,8.253218277,8.098447784,488,12,7,7,26,472,7,2,5,14,514,486,18,18,65,31
42,1000,10,5.13,10.3,18,37,65,954,29,7,10,46,8.22040195,106,28,2.681127942,9.562402096,8.489561505,7.94908047,477,11,5,9,25,477,18,2,1,21,502,498,16,12,77,29
43,1000,10,5.13,10.3,18,37,61,953,25,11,11,47,8.336851014,89,28,2.775110576,9.779421927,8.736247594,7.924465928,477,16,8,7,31,476,9,3,4,16,508,492,16,12,65,24
47,1000,10,5.13,10.3,18,37,45,951,23,17,9,49,8.274226026,94,30,2.551304793,9.01918225,8.321729536,8.222557281,494,11,10,6,27,457,12,7,3,22,521,479,19,11,58,36
44,1000,10,5.13,10.3,18,37,63,953,29,13,5,47,8.445682042,100,37,2.760047657,9.425683368,8.649571666,8.209205308,508,18,9,2,29,445,11,4,3,18,537,463,19,18,68,32
41,1000,10,5.13,10.3,18,37,65,959,30,6,5,41,8.360713821,106,21,2.635249135,9.562564524,8.417829681,8.302444105,480,17,5,3,25,479,13,1,2,16,505,495,15,6,73,33
45,1000,10,5.13,10.3,18,37,56,960,24,9,7,40,8.055246473,94,31,2.683260326,9.551901292,8.180253431,7.927714123,484,11,6,4,21,476,13,3,3,19,505,495,15,16,72,22
40,1000,10,5.13,10.3,18,37,90,951,37,8,4,49,9.198940439,108,39,2.877887085,9.937088855,10.11229477,8.310806941,459,23,7,4,34,492,14,1,0,15,493,507,21,18,79,29
46,1000,10,5.13,10.3,18,37,53,960,19,9,12,40,8.183290565,111,25,2.6896695,10.10921165,8.283010303,8.077825656,488,12,7,7,26,472,7,2,5,14,514,486,16,9,72,39
42,1000,10,5.13,10.3,18,37,66,953,30,7,10,47,8.273216287,84,36,2.693833708,9.574368752,8.573334474,7.970687513,477,11,5,9,25,476,19,2,1,22,502,498,19,17,60,24
43,1000,10,5.13,10.3,18,37,62,953,25,11,11,47,8.366499509,90,26,2.787771434,9.823602148,8.760795345,7.959381044,477,16,8,7,31,476,9,3,4,16,508,492,14,12,63,27
47,1000,10,5.13,10.3,18,37,46,951,23,17,9,49,8.276376756,109,29,2.555514246,9.042520014,8.320733975,8.228130178,494,11,10,6,27,457,12,7,3,22,521,479,19,10,80,29
44,1000,10,5.13,10.3,18,37,64,952,28,15,5,48,8.462636349,110,39,2.762826152,9.463472334,8.705531941,8.180919431,507,17,11,2,30,445,11,4,3,18,537,463,22,17,82,28
41,1000,10,5.13,10.3,18,37,66,958,31,6,5,42,8.407234569,98,28,2.641051258,9.58107453,8.461466385,8.351907161,479,18,5,3,26,479,13,1,2,16,505,495,20,8,66,32
45,1000,10,5.13,10.3,18,37,57,960,24,9,7,40,8.087849967,118,27,2.686621255,9.557710273,8.173816175,8.000147068,484,11,6,4,21,476,13,3,3,19,505,495,13,14,86,32
46,1000,10,5.13,10.3,18,37,54,960,19,7,14,40,8.214004079,99,41,2.705893077,10.13321506,8.316146053,8.105977383,488,12,6,8,26,472,7,1,6,14,514,486,19,22,65,34
40,1000,10,5.13,10.3,18,37,91,953,35,8,4,47,9.176085988,109,34,2.893710307,9.95349958,10.15861924,8.220683836,459,23,7,4,34,494,12,1,0,13,493,507,20,14,87,22
42,1000,10,5.13,10.3,18,37,67,952,31,7,10,48,8.330146018,91,35,2.697650124,9.575150949,8.642671846,8.015109942,476,12,5,9,26,476,19,2,1,22,502,498,19,16,73,18
47,1000,10,5.13,10.3,18,37,47,949,26,16,9,51,8.281952032,107,37,2.552128024,9.05751516,8.334702668,8.224576079,493,13,9,6,28,456,13,7,3,23,521,479,25,12,82,25
44,1000,10,5.13,10.3,18,37,65,950,30,15,5,50,8.502872066,98,35,2.784544993,9.47025879,8.72364198,8.246817113,505,19,11,2,32,445,11,4,3,18,537,463,19,16,70,28
43,1000,10,5.13,10.3,18,37,63,954,24,10,12,46,8.385047474,111,27,2.779456506,9.846929304,8.805602989,7.950815356,477,16,8,7,31,477,8,2,5,15,508,492,20,7,79,32
41,1000,10,5.13,10.3,18,37,67,959,29,7,5,41,8.436000791,88,45,2.637462218,9.608542401,8.51089049,8.359598168,479,17,6,3,26,480,12,1,2,15,505,495,29,16,69,19
45,1000,10,5.13,10.3,18,37,58,960,24,9,7,40,8.121536874,99,28,2.688447008,9.581304061,8.231148504,8.009710868,484,11,6,4,21,476,13,3,3,19,505,495,14,14,69,30
46,1000,10,5.13,10.3,18,37,55,961,20,5,14,39,8.205379664,102,41,2.718763859,10.15362016,8.344340391,8.05841297,488,13,5,8,26,473,7,0,6,13,514,486,19,22,78,24
42,1000,10,5.13,10.3,18,37,68,952,31,7,10,48,8.336178906,122,42,2.691110412,9.597163478,8.630914819,8.039075635,476,12,5,9,26,476,19,2,1,22,502,498,20,22,84,38
40,1000,10,5.13,10.3,18,37,92,950,37,9,4,50,9.190940742,85,36,2.900739231,9.96560352,10.16563032,8.24316567,457,25,7,4,36,493,12,2,0,14,493,507,23,13,66,19
47,1000,10,5.13,10.3,18,37,48,950,26,15,9,50,8.273872322,89,36,2.541278196,9.078416394,8.354870805,8.185771677,493,13,9,6,28,457,13,6,3,22,521,479,21,15,68,21
44,1000,10,5.13,10.3,18,37,66,949,31,15,5,51,8.532336058,112,46,2.806251296,9.488769763,8.755028937,8.274050795,504,20,11,2,33,445,11,4,3,18,537,463,33,13,71,41
43,1000,10,5.13,10.3,18,37,64,953,25,10,12,47,8.402376976,95,28,2.774066109,9.870993166,8.840785756,7.949711,476,17,8,7,32,477,8,2,5,15,508,492,12,16,65,30
45,1000,10,5.13,10.3,18,37,59,959,25,9,7,41,8.113700735,124,27,2.697598321,9.581849826,8.270024772,7.954218636,483,12,6,4,22,476,13,3,3,19,505,495,14,13,90,34
41,1000,10,5.13,10.3,18,37,68,959,29,7,5,41,8.431501349,114,40,2.650845288,9.600090542,8.522247201,8.338922247,479,17,6,3,26,480,12,1,2,15,505,495,27,13,84,30
46,1000,10,5.13,10.3,18,37,56,959,22,5,14,41,8.234124009,109,29,2.72905674,10.17067446,8.36462531,8.096104114,488,13,5,8,26,471,9,0,6,15,514,486,19,10,81,28
42,1000,10,5.13,10.3,18,37,69,953,30,7,10,47,8.3629105,92,34,2.694550119,9.625114001,8.690069314,8.033123905,476,12,5,9,26,477,18,2,1,21,502,498,22,12,71,21
40,1000,10,5.13,10.3,18,37,93,950,37,9,4,50,9.205128871,103,39,2.908285814,9.969635617,10.19193385,8.245572945,457,25,7,4,36,493,12,2,0,14,493,507,26,13,75,28
47,1000,10,5.13,10.3,18,37,49,951,25,15,9,49,8.298329283,104,30,2.545055784,9.09243844,8.362041126,8.229031016,494,13,8,6,27,457,12,7,3,22,521,479,15,15,68,36
44,1000,10,5.13,10.3,18,37,67,948,33,14,5,52,8.55409886,98,32,2.813689276,9.502315122,8.78783259,8.283008118,505,20,10,2,32,443,13,4,3,20,537,463,19,13,76,22
43,1000,10,5.13,10.3,18,37,65,954,24,10,12,46,8.430838575,94,28,2.793386503,9.881695155,8.894959361,7.95162443,476,17,8,7,32,478,7,2,5,14,508,492,22,6,70,24
46,1000,10,5.13,10.3,18,37,57,958,23,5,14,42,8.297379829,116,36,2.739353642,10.19518811,8.438632621,8.147989016,487,14,5,8,27,471,9,0,6,15,514,486,24,12,89,27
45,1000,10,5.13,10.3,18,37,60,959,25,9,7,41,8.141405288,93,31,2.711844635,9.60380288,8.328771951,7.950253439,483,12,6,4,22,476,13,3,3,19,505,495,22,9,71,22
41,1000,10,5.13,10.3,18,37,69,959,29,7,5,41,8.472477466,90,42,2.665049596,9.614897504,8.566789046,8.376260603,479,17,6,3,26,480,12,1,2,15,505,495,23,19,67,23
42,1000,10,5.13,10.3,18,37,70,954,29,7,10,46,8.379288931,104,31,2.706869718,9.671723473,8.677559342,8.078622774,477,11,5,9,25,477,18,2,1,21,502,498,16,15,74,30
47,1000,10,5.13,10.3,18,37,50,952,24,15,9,48,8.305948838,96,33,2.547464441,9.110218202,8.362856206,8.244051681,494,13,8,6,27,458,11,7,3,21,521,479,22,11,65,31
44,1000,10,5.13,10.3,18,37,68,947,32,16,5,53,8.58247239,106,34,2.817264923,9.528440405,8.777419325,8.356367629,504,20,11,2,33,443,12,5,3,20,537,463,23,11,75,31
40,1000,10,5.13,10.3,18,37,94,949,38,9,4,51,9.235055242,108,43,2.895086749,9.978961649,10.22859502,8.268950488,457,25,7,4,36,492,13,2,0,15,493,507,24,19,85,23
43,1000,10,5.13,10.3,18,37,66,952,25,11,12,48,8.432134502,104,38,2.802541465,9.869818587,8.93768034,7.910148148,475,17,9,7,33,477,8,2,5,15,508,492,24,14,78,26
46,1000,10,5.13,10.3,18,37,58,957,23,6,14,43,8.302224472,125,43,2.733108422,10.20595261,8.448065248,8.147981347,486,15,5,8,28,471,8,1,6,15,514,486,24,19,89,36
45,1000,10,5.13,10.3,18,37,61,959,25,9,7,41,8.158625809,105,29,2.700028129,9.632080048,8.356096393,7.957165921,483,12,6,4,22,476,13,3,3,19,505,495,15,14,78,27
41,1000,10,5.13,10.3,18,37,70,958,30,7,5,42,8.473056046,95,24,2.665244113,9.63688104,8.585956757,8.357874513,478,18,6,3,27,480,12,1,2,15,505,495,15,9,74,21
42,1000,10,5.13,10.3,18,37,71,955,28,7,10,45,8.381273496,102,28,2.709734038,9.697906119,8.689900668,8.070167391,477,11,5,9,25,478,17,2,1,20,502,498,11,17,77,25
47,1000,10,5.13,10.3,18,37,51,952,24,15,9,48,8.315648596,102,36,2.575353728,9.11543309,8.357132974,8.270526757,494,13,8,6,27,458,11,7,3,21,521,479,19,17,68,34
44,1000,10,5.13,10.3,18,37,69,947,31,16,6,53,8.606011841,103,33,2.820700712,9.537038449,8.75285009,8.435704845,505,19,10,3,32,442,12,6,3,21,537,463,19,14,79,24
40,1000,10,5.13,10.3,18,37,95,950,36,10,4,50,9.243774551,111,36,2.893823447,10.00246613,10.26320351,8.252495501,457,24,8,4,36,493,12,2,0,14,493,507,21,15,91,20
43,1000,10,5.13,10.3,18,37,67,951,27,11,11,49,8.42939833,93,28,2.816774649,9.914400039,8.958503505,7.883086483,474,18,9,7,34,477,9,2,4,15,508,492,17,11,70,23
46,1000,10,5.13,10.3,18,37,59,957,24,5,14,43,8.319868648,109,42,2.733541443,10.20570884,8.490962931,8.138917082,486,15,4,9,28,471,9,1,5,15,514,486,24,18,88,21
45,1000,10,5.13,10.3,18,37,62,958,26,9,7,42,8.157129505,97,26,2.711610702,9.647512863,8.376143045,7.933691449,482,13,6,4,23,476,13,3,3,19,505,495,14,12,66,31
41,1000,10,5.13,10.3,18,37,71,958,30,7,5,42,8.475321753,101,27,2.660577363,9.651728624,8.610067518,8.337853851,478,18,6,3,27,480,12,1,2,15,505,495,17,10,75,26
42,1000,10,5.13,10.3,18,37,72,957,27,7,9,43,8.372995347,115,29,2.708881351,9.728855096,8.709627185,8.03365964,478,10,5,9,24,479,17,2,0,19,502,498,21,8,76,39
47,1000,10,5.13,10.3,18,37,52,952,24,15,9,48,8.322047944,101,44,2.570169204,9.124994034,8.364914134,8.275423133,494,13,8,6,27,458,11,7,3,21,521,479,23,21,79,22
44,1000,10,5.13,10.3,18,37,70,947,31,15,7,53,8.636437399,94,35,2.814297163,9.540062337,8.800285277,8.446402171,505,19,9,4,32,442,12,6,3,21,537,463,20,15,72,22
40,1000,10,5.13,10.3,18,37,96,950,36,9,5,50,9.233914551,109,44,2.907047218,10.03267211,10.27913895,8.217552367,457,24,7,5,36,493,12,2,0,14,493,507,27,17,76,33
46,1000,10,5.13,10.3,18,37,60,957,24,5,14,43,8.369495026,107,31,2.742145749,10.22639369,8.525301333,8.204712224,486,15,4,9,28,471,9,1,5,15,514,486,16,15,79,28
43,1000,10,5.13,10.3,18,37,68,951,29,10,10,49,8.470515753,101,35,2.826359422,9.925451132,9.025348945,7.897639206,474,19,8,7,34,477,10,2,3,15,508,492,17,18,76,25
42,1000,10,5.13,10.3,18,37,73,958,26,7,9,42,8.39990554,98,33,2.726270556,9.74871499,8.749432206,8.047571431,478,10,5,9,24,480,16,2,0,18,502,498,21,12,77,21
45,1000,10,5.13,10.3,18,37,63,959,25,9,7,41,8.159130364,96,29,2.717508485,9.642011155,8.394381796,7.919126378,482,13,6,4,23,477,12,3,3,18,505,495,16,13,73,23
41,1000,10,5.13,10.3,18,37,72,956,32,7,5,44,8.508908663,110,34,2.661528631,9.672644141,8.673289008,8.341207504,477,19,6,3,28,479,13,1,2,16,505,495,20,14,80,30
47,1000,10,5.13,10.3,18,37,53,951,25,15,9,49,8.341590684,109,27,2.568738715,9.117557679,8.434084851,8.240986381,494,13,8,6,27,457,12,7,3,22,521,479,16,11,74,35
44,1000,10,5.13,10.3,18,37,71,948,31,14,7,52,8.61773818,101,35,2.815184099,9.599481693,8.806175668,8.399183252,504,19,9,5,33,444,12,5,2,19,537,463,22,13,72,29
46,1000,10,5.13,10.3,18,37,61,957,23,6,14,43,8.418819145,115,37,2.742289543,10.24901146,8.608082221,8.218652025,486,14,5,9,28,471,9,1,5,15,514,486,20,17,87,28
40,1000,10,5.13,10.3,18,37,97,950,36,9,5,50,9.263397921,109,50,2.911634713,10.04994286,10.3035092,8.252007661,457,24,7,5,36,493,12,2,0,14,493,507,27,23,88,21
43,1000,10,5.13,10.3,18,37,69,952,28,10,10,48,8.493256319,103,37,2.823238138,9.930046396,9.054425092,7.913838154,474,19,8,7,34,478,9,2,3,14,508,492,24,13,70,33
42,1000,10,5.13,10.3,18,37,74,958,26,7,9,42,8.432597825,115,39,2.718153415,9.779520372,8.793971145,8.068321909,478,10,5,9,24,480,16,2,0,18,502,498,23,16,87,28
45,1000,10,5.13,10.3,18,37,64,958,26,9,7,42,8.168938727,83,37,2.712720653,9.683322785,8.38627742,7.947209353,481,14,6,4,24,477,12,3,3,18,505,495,22,15,60,23
41,1000,10,5.13,10.3,18,37,73,956,32,7,5,44,8.523323958,89,40,2.65379527,9.686769585,8.720758129,8.321901217,477,19,6,3,28,479,13,1,2,16,505,495,21,19,65,24
47,1000,10,5.13,10.3,18,37,54,950,25,16,9,50,8.396038184,100,17,2.57435826,9.125291897,8.483443427,8.300969015,494,12,9,6,27,456,13,7,3,23,521,479,10,7,72,28
44,1000,10,5.13,10.3,18,37,72,948,31,14,7,52,8.599476674,110,25,2.820456206,9.61188171,8.827729075,8.334743328,503,20,9,5,34,445,11,5,2,18,537,463,18,7,85,25
46,1000,10,5.13,10.3,18,37,62,956,23,7,14,44,8.438993802,123,28,2.756180821,10.27124475,8.617858243,8.249824414,486,14,5,9,28,470,9,2,5,16,514,486,17,11,91,32
42,1000,10,5.13,10.3,18,37,75,957,27,7,9,43,8.454613815,102,45,2.720926042,9.794187651,8.832183703,8.074011237,477,11,5,9,25,480,16,2,0,18,502,498,32,13,76,26
43,1000,10,5.13,10.3,18,37,70,951,30,9,10,49,8.515397392,106,32,2.836833555,9.953113452,9.109944886,7.90151502,473,20,8,7,35,478,10,1,3,14,508,492,19,13,79,27
40,1000,10,5.13,10.3,18,37,98,950,36,9,5,50,9.294021072,125,33,2.913097857,10.07845831,10.34355358,8.273469741,457,24,7,5,36,493,12,2,0,14,493,507,22,11,91,34
45,1000,10,5.13,10.3,18,37,65,958,25,10,7,42,8.185041364,116,42,2.73495659,9.725632104,8.384317787,7.981739156,482,12,7,4,23,476,13,3,3,19,505,495,25,17,81,35
47,1000,10,5.13,10.3,18,37,55,950,24,16,10,50,8.397688944,104,33,2.568401805,9.148564869,8.499473981,8.286979123,494,11,9,7,27,456,13,7,3,23,521,479,22,11,73,31
41,1000,10,5.13,10.3,18,37,74,956,32,7,5,44,8.513029681,108,31,2.650503522,9.730239589,8.739751068,8.281728064,477,19,6,3,28,479,13,1,2,16,505,495,15,16,84,24
44,1000,10,5.13,10.3,18,37,73,949,29,15,7,51,8.631536782,103,43,2.819746515,9.611388668,8.877183601,8.346628916,504,18,10,5,33,445,11,5,2,18,537,463,22,21,76,27
46,1000,10,5.13,10.3,18,37,63,957,23,7,13,43,8.460530239,110,38,2.774261341,10.29682354,8.644730974,8.265717117,486,14,5,9,28,471,9,2,4,15,514,486,25,13,77,33
42,1000,10,5.13,10.3,18,37,76,958,26,7,9,42,8.476085363,99,40,2.727761436,9.799701602,8.828750637,8.120587438,478,10,5,9,24,480,16,2,0,18,502,498,25,15,74,25
43,1000,10,5.13,10.3,18,37,71,953,28,10,9,47,8.503661486,111,40,2.853464697,9.965798138,9.114849732,7.872597199,474,18,9,7,34,479,10,1,2,13,508,492,26,14,86,25
47,1000,10,5.13,10.3,18,37,56,949,25,15,11,51,8.441804229,120,39,2.548091606,9.155313048,8.559848396,8.313409634,494,11,8,8,27,455,14,7,3,24,521,479,19,20,85,35
40,1000,10,5.13,10.3,18,37,99,949,36,10,5,51,9.319153117,115,29,2.896108723,10.1157399,10.39416369,8.273827259,456,25,7,5,37,493,11,3,0,14,493,507,20,9,92,23
45,1000,10,5.13,10.3,18,37,66,958,26,10,6,42,8.200826913,92,43,2.736224241,9.727772994,8.458297811,7.938154583,481,13,7,4,24,477,13,3,2,18,505,495,21,22,73,19
44,1000,10,5.13,10.3,18,37,74,949,29,15,7,51,8.65390974,101,34,2.819089364,9.618573558,8.914514303,8.351653476,504,18,10,5,33,445,11,5,2,18,537,463,17,17,71,30
41,1000,10,5.13,10.3,18,37,75,955,33,7,5,45,8.547184421,77,32,2.664326355,9.753911627,8.779591927,8.310081813,477,19,6,3,28,478,14,1,2,17,505,495,19,13,62,15
46,1000,10,5.13,10.3,18,37,64,958,21,8,13,42,8.486578113,102,39,2.778796645,10.30056638,8.667671331,8.295051541,487,13,5,9,27,471,8,3,4,15,514,486,26,13,70,32
42,1000,10,5.13,10.3,18,37,77,955,29,7,9,45,8.514902577,110,32,2.746900339,9.815352738,8.862925663,8.164084125,476,12,5,9,26,479,17,2,0,19,502,498,21,11,81,29
47,1000,10,5.13,10.3,18,37,57,949,25,15,11,51,8.459042041,92,28,2.548285665,9.165000207,8.596661763,8.309355454,494,11,8,8,27,455,14,7,3,24,521,479,16,12,59,33
43,1000,10,5.13,10.3,18,37,72,953,28,10,9,47,8.508745015,103,40,2.863734894,9.987473255,9.160802493,7.835482415,474,18,9,7,34,479,10,1,2,13,508,492,24,16,79,24
44,1000,10,5.13,10.3,18,37,75,950,30,14,6,50,8.653423259,108,39,2.827692298,9.629004558,8.952118942,8.306987877,505,19,9,4,32,445,11,5,2,18,537,463,23,16,73,35
45,1000,10,5.13,10.3,18,37,67,958,26,9,7,42,8.246074939,118,31,2.749794392,9.761586841,8.507348228,7.979523401,481,13,6,5,24,477,13,3,2,18,505,495,20,11,84,34
40,1000,10,5.13,10.3,18,37,100,949,36,10,5,51,9.352289989,89,28,2.914434759,10.14073991,10.43957797,8.295025738,456,25,7,5,37,493,11,3,0,14,493,507,17,11,72,17
41,1000,10,5.13,10.3,18,37,76,954,33,7,6,46,8.545131984,106,40,2.67203058,9.755762788,8.781741111,8.303742874,477,18,6,4,28,477,15,1,2,18,505,495,27,13,67,39
46,1000,10,5.13,10.3,18,37,65,958,21,8,13,42,8.51281066,112,37,2.795414323,10.32336965,8.715645835,8.298289507,487,13,5,9,27,471,8,3,4,15,514,486,28,9,79,33
42,1000,10,5.13,10.3,18,37,78,955,29,7,9,45,8.522764439,97,32,2.754412037,9.827092176,8.88269396,8.159943917,476,12,5,9,26,479,17,2,0,19,502,498,21,11,80,17
47,1000,10,5.13,10.3,18,37,58,949,26,15,10,51,8.470538414,89,36,2.549687146,9.174521249,8.599343078,8.330439812,494,12,8,7,27,455,14,7,3,24,521,479,25,11,59,30
44,1000,10,5.13,10.3,18,37,76,949,31,14,6,51,8.694303869,94,40,2.832317077,9.654938182,8.999696523,8.340101158,505,19,9,4,32,444,12,5,2,19,537,463,29,11,71,23
43,1000,10,5.13,10.3,18,37,73,953,28,10,9,47,8.578886123,91,37,2.871513447,9.981914711,9.234118604,7.902345269,474,18,9,7,34,479,10,1,2,13,508,492,18,19,66,25
45,1000,10,5.13,10.3,18,37,68,957,27,9,7,43,8.273187486,113,33,2.77086178,9.768142777,8.545862266,7.995004124,481,13,6,5,24,476,14,3,2,19,505,495,19,14,84,29
41,1000,10,5.13,10.3,18,37,77,954,34,6,6,46,8.579240347,97,33,2.682529962,9.774491672,8.79676112,8.357325214,477,18,6,4,28,477,16,0,2,18,505,495,23,10,73,24
40,1000,10,5.13,10.3,18,37,101,949,36,10,5,51,9.350051494,103,32,2.942373519,10.17972479,10.451369,8.279145122,456,25,7,5,37,493,11,3,0,14,493,507,18,14,83,20
46,1000,10,5.13,10.3,18,37,66,956,22,7,15,44,8.523560209,114,43,2.801898798,10.34992624,8.7286925,8.306609596,486,14,4,10,28,470,8,3,5,16,514,486,23,20,85,29
42,1000,10,5.13,10.3,18,37,79,955,29,7,9,45,8.544066508,111,47,2.756094211,9.829538824,8.93309026,8.151918068,476,12,5,9,26,479,17,2,0,19,502,498,25,22,93,18
47,1000,10,5.13,10.3,18,37,59,949,25,16,10,51,8.481781902,110,18,2.564767929,9.192279773,8.613246202,8.33879046,494,12,8,7,27,455,13,8,3,24,521,479,12,6,70,40
44,1000,10,5.13,10.3,18,37,77,949,31,14,6,51,8.69769453,95,36,2.843254284,9.663871693,8.993578056,8.354520765,505,19,9,4,32,444,12,5,2,19,537,463,20,16,73,22
43,1000,10,5.13,10.3,18,37,74,953,29,9,9,47,8.601428581,100,37,2.872510442,10.00997537,9.281816914,7.898913798,474,18,9,7,34,479,11,0,2,13,508,492,23,14,76,24
45,1000,10,5.13,10.3,18,37,69,956,28,9,7,44,8.281373728,99,36,2.777202049,9.773495739,8.545862266,8.011541988,481,13,6,5,24,475,15,3,2,20,505,495,20,16,85,14
41,1000,10,5.13,10.3,18,37,78,954,34,6,6,46,8.571595834,104,28,2.69444168,9.808256504,8.831310224,8.306634689,477,18,6,4,28,477,16,0,2,18,505,495,17,11,78,26
40,1000,10,5.13,10.3,18,37,102,948,37,10,5,52,9.417383698,94,34,2.955287209,10.19568205,10.50055636,8.364121129,455,26,7,5,38,493,11,3,0,14,493,507,24,10,74,20
46,1000,10,5.13,10.3,18,37,67,956,22,7,15,44,8.551342767,133,36,2.807418019,10.37282372,8.773072842,8.31683812,486,14,4,10,28,470,8,3,5,16,514,486,24,12,104,29
42,1000,10,5.13,10.3,18,37,80,955,29,7,9,45,8.55140881,105,28,2.744997938,9.850600889,8.92416299,8.175660621,476,12,5,9,26,479,17,2,0,19,502,498,12,16,76,29
47,1000,10,5.13,10.3,18,37,60,949,25,16,10,51,8.502143606,105,33,2.554624064,9.201259572,8.623739775,8.36988556,494,12,8,7,27,455,13,8,3,24,521,479,20,13,77,28
44,1000,10,5.13,10.3,18,37,78,948,32,14,6,52,8.73225586,106,34,2.859990107,9.668227475,9.017619761,8.401283041,505,19,9,4,32,443,13,5,2,20,537,463,15,19,78,28
43,1000,10,5.13,10.3,18,37,75,952,29,10,9,48,8.630261371,110,42,2.875195762,10.03065832,9.305110296,7.933466139,474,18,9,7,34,478,11,1,2,14,508,492,26,16,80,30
45,1000,10,5.13,10.3,18,37,70,956,29,9,6,44,8.283435222,111,38,2.769051312,9.789932985,8.564962998,7.996220016,481,13,6,5,24,475,16,3,1,20,505,495,23,15,80,31
41,1000,10,5.13,10.3,18,37,79,952,36,6,6,48,8.59598,100,41,2.688202745,9.817261239,8.88831178,8.297742526,475,20,6,4,30,477,16,0,2,18,505,495,26,15,79,21
46,1000,10,5.13,10.3,18,37,68,956,22,7,15,44,8.533140207,114,30,2.818541697,10.38816891,8.774269882,8.278118289,486,14,4,10,28,470,8,3,5,16,514,486,20,10,84,30
40,1000,10,5.13,10.3,18,37,103,947,37,11,5,53,9.423566252,103,28,2.951983094,10.2163388,10.47252085,8.403576875,456,24,8,5,37,491,13,3,0,16,493,507,24,4,80,23
42,1000,10,5.13,10.3,18,37,81,955,29,7,9,45,8.583668054,114,32,2.737741664,9.875448499,8.97670978,8.187469366,476,12,5,9,26,479,17,2,0,19,502,498,19,13,84,30
47,1000,10,5.13,10.3,18,37,61,951,24,14,11,49,8.514214565,93,40,2.553706183,9.238834286,8.643143539,8.373980754,495,12,7,7,26,456,12,7,4,23,521,479,24,16,65,28
44,1000,10,5.13,10.3,18,37,79,947,31,16,6,53,8.767788078,93,37,2.867092154,9.673568893,9.069228282,8.418169527,504,18,11,4,33,443,13,5,2,20,537,463,17,20,65,28
43,1000,10,5.13,10.3,18,37,76,951,30,10,9,49,8.654172784,111,35,2.874306215,10.03641136,9.349791294,7.935932533,474,18,9,7,34,477,12,1,2,15,508,492,18,17,82,29
45,1000,10,5.13,10.3,18,37,71,958,26,7,9,42,8.277010033,111,35,2.773926681,9.79650784,8.576863502,7.971098919,481,13,5,6,24,477,13,2,3,18,505,495,22,13,80,31
41,1000,10,5.13,10.3,18,37,80,952,36,6,6,48,8.602055656,84,38,2.696511865,9.829846297,8.907047787,8.290902068,475,20,6,4,30,477,16,0,2,18,505,495,19,19,68,16
46,1000,10,5.13,10.3,18,37,69,956,21,8,15,44,8.558081259,111,39,2.819548311,10.39502794,8.820354082,8.280698067,486,13,5,10,28,470,8,3,5,16,514,486,21,18,78,33
42,1000,10,5.13,10.3,18,37,82,954,30,8,8,46,8.586959655,108,37,2.748780785,9.880564501,8.99973005,8.170873834,476,13,5,8,26,478,17,3,0,20,502,498,19,18,70,38
40,1000,10,5.13,10.3,18,37,104,944,39,12,5,56,9.436537547,104,36,2.973781649,10.23395041,10.48318267,8.418793867,456,23,9,5,37,488,16,3,0,19,493,507,18,18,80,24
48,1000,10,5.13,10.3,18,37,0,955,31,9,5,45,6.84,88,34,2.475283445,8.727713674,6.327967807,7.345924453,475,15,4,3,22,480,16,5,2,23,497,503,16,18,50,38
44,1000,10,5.13,10.3,18,37,80,948,31,16,5,52,8.75933637,88,44,2.874710488,9.67838223,9.090044785,8.375771751,504,19,11,3,33,444,12,5,2,19,537,463,26,18,58,30
47,1000,10,5.13,10.3,18,37,62,949,25,16,10,51,8.516867688,101,30,2.56440031,9.249053867,8.648151605,8.374072446,495,12,8,6,26,454,13,8,4,25,521,479,19,11,82,19
45,1000,10,5.13,10.3,18,37,72,958,26,7,9,42,8.331477933,102,42,2.78057953,9.81295939,8.643059397,8.013601894,481,13,5,6,24,477,13,2,3,18,505,495,28,14,72,30
43,1000,10,5.13,10.3,18,37,77,950,30,11,9,50,8.692488959,94,36,2.889269752,10.06049465,9.401912177,7.959995068,473,19,9,7,35,477,11,2,2,15,508,492,24,12,76,18
46,1000,10,5.13,10.3,18,37,70,955,21,9,15,45,8.621166437,117,30,2.841071334,10.40550831,8.913365607,8.312132746,484,14,6,10,30,471,7,3,5,15,514,486,21,9,91,26
42,1000,10,5.13,10.3,18,37,83,954,30,8,8,46,8.608303108,81,45,2.751599187,9.900092008,8.999510078,8.213953913,476,13,5,8,26,478,17,3,0,20,502,498,29,16,59,22
41,1000,10,5.13,10.3,18,37,81,951,37,6,6,49,8.622763496,106,29,2.676090243,9.850984346,8.967073768,8.27149746,474,21,6,4,31,477,16,0,2,18,505,495,14,15,76,30
44,1000,10,5.13,10.3,18,37,81,948,30,17,5,52,8.783504331,103,46,2.870533431,9.714541462,9.138411815,8.371872972,504,18,12,3,33,444,12,5,2,19,537,463,29,17,82,21
48,1000,10,5.13,10.3,18,37,1,957,30,8,5,43,6.840927065,84,40,2.485339913,8.754167217,6.315849839,7.359740944,476,14,4,3,21,481,16,4,2,22,497,503,23,17,54,30
47,1000,10,5.13,10.3,18,37,63,950,24,15,11,50,8.54407666,92,44,2.580380588,9.260675067,8.721793439,8.3507772,495,12,7,7,26,455,12,8,4,24,521,479,25,19,65,27
45,1000,10,5.13,10.3,18,37,73,957,26,8,9,43,8.332437996,99,36,2.790476781,9.83875984,8.690822168,7.96681374,479,14,6,6,26,478,12,2,3,17,505,495,20,16,80,19
43,1000,10,5.13,10.3,18,37,78,948,31,12,9,52,8.732141762,98,36,2.915461598,10.08618498,9.444197149,7.996930103,472,20,9,7,36,476,11,3,2,16,508,492,16,20,73,25
46,1000,10,5.13,10.3,18,37,71,953,22,10,15,47,8.657352665,114,35,2.866420181,10.42153982,8.947827217,8.350142953,484,14,6,10,30,469,8,4,5,17,514,486,19,16,82,32
42,1000,10,5.13,10.3,18,37,84,953,31,8,8,47,8.636042552,96,31,2.754589681,9.902145897,9.032801272,8.236097014,475,14,5,8,27,478,17,3,0,20,502,498,13,18,72,24
41,1000,10,5.13,10.3,18,37,82,950,38,7,5,50,8.677898739,106,45,2.653191339,9.876425968,8.996923165,8.352429375,473,23,6,3,32,477,15,1,2,18,505,495,29,16,83,23
44,1000,10,5.13,10.3,18,37,82,948,30,17,5,52,8.76373379,95,43,2.878502862,9.709229437,9.175680678,8.285946579,504,18,12,3,33,444,12,5,2,19,537,463,20,23,67,28
47,1000,10,5.13,10.3,18,37,64,950,24,15,11,50,8.549691911,97,37,2.577578427,9.263633409,8.754519004,8.326905031,495,12,7,7,26,455,12,8,4,24,521,479,21,16,74,23
48,1000,10,5.13,10.3,18,37,2,958,29,8,5,42,6.839518237,106,29,2.488851982,8.786096668,6.333155264,7.339841095,476,14,4,3,21,482,15,4,2,21,497,503,13,16,77,29
45,1000,10,5.13,10.3,18,37,74,957,26,8,9,43,8.306517788,107,33,2.792368708,9.844057397,8.71132055,7.893537193,479,14,6,6,26,478,12,2,3,17,505,495,20,13,85,22
46,1000,10,5.13,10.3,18,37,72,953,22,10,15,47,8.681488259,105,35,2.859306579,10.45960173,8.944678576,8.403134714,485,14,5,10,29,468,8,5,5,18,514,486,26,9,80,25
42,1000,10,5.13,10.3,18,37,85,953,30,9,8,47,8.682672156,102,46,2.775747851,9.894014707,9.097468683,8.26454393,475,13,6,8,27,478,17,3,0,20,502,498,28,18,65,37
43,1000,10,5.13,10.3,18,37,79,949,31,11,9,51,8.717467189,122,39,2.929889086,10.10862387,9.438993536,7.97247657,472,20,9,7,36,477,11,2,2,15,508,492,26,13,90,32
41,1000,10,5.13,10.3,18,37,83,950,38,7,5,50,8.657461559,109,34,2.666125714,9.926885069,8.999935778,8.308068669,473,23,6,3,32,477,15,1,2,18,505,495,25,9,84,25
44,1000,10,5.13,10.3,18,37,83,949,29,17,5,51,8.785207847,94,40,2.874008256,9.752228888,9.193404876,8.311769825,505,17,12,3,32,444,12,5,2,19,537,463,24,16,64,30
47,1000,10,5.13,10.3,18,37,65,948,26,15,11,52,8.584605442,85,38,2.578885127,9.283259721,8.834128072,8.313204002,494,13,7,7,27,454,13,8,4,25,521,479,24,14,62,23
48,1000,10,5.13,10.3,18,37,3,958,29,8,5,42,6.918627163,87,28,2.481616606,8.772917429,6.433713531,7.397756537,476,14,4,3,21,482,15,4,2,21,497,503,17,11,54,33
42,1000,10,5.13,10.3,18,37,86,952,31,9,8,48,8.713986581,107,30,2.776230279,9.902533768,9.128329926,8.296315178,475,13,6,8,27,477,18,3,0,21,502,498,15,15,84,23
46,1000,10,5.13,10.3,18,37,73,953,22,10,15,47,8.717047487,96,33,2.857529301,10.46967732,9.002691306,8.414946823,485,14,5,10,29,468,8,5,5,18,514,486,18,15,67,29
45,1000,10,5.13,10.3,18,37,75,956,24,9,11,44,8.349985779,102,36,2.803745419,9.888724145,8.749869393,7.942023708,479,13,7,6,26,477,11,2,5,18,505,495,25,11,81,21
43,1000,10,5.13,10.3,18,37,80,948,31,12,9,52,8.759522795,98,34,2.935344608,10.12191248,9.482458611,8.013076872,472,20,9,7,36,476,11,3,2,16,508,492,21,13,71,27
41,1000,10,5.13,10.3,18,37,84,951,37,7,5,49,8.691056887,101,22,2.678458657,9.963645115,9.029000683,8.346285944,473,23,6,3,32,478,14,1,2,17,505,495,7,15,80,21
44,1000,10,5.13,10.3,18,37,84,950,29,17,4,50,8.806681571,103,32,2.877964085,9.776466533,9.220901181,8.326258394,505,17,12,3,32,445,12,5,1,18,537,463,16,16,79,24
47,1000,10,5.13,10.3,18,37,66,949,26,13,12,51,8.609562817,114,39,2.574632235,9.297879054,8.866533437,8.330060326,494,13,6,8,27,455,13,7,4,24,521,479,27,12,87,27
48,1000,10,5.13,10.3,18,37,4,958,29,8,5,42,6.944806029,90,27,2.496310054,8.794228808,6.481306524,7.402776713,476,14,4,3,21,482,15,4,2,21,497,503,14,13,60,30
42,1000,10,5.13,10.3,18,37,87,952,31,9,8,48,8.707062477,96,30,2.779520323,9.935403023,9.165843605,8.244596359,475,13,6,8,27,477,18,3,0,21,502,498,20,10,73,23
46,1000,10,5.13,10.3,18,37,74,950,25,10,15,50,8.732920301,103,38,2.867660754,10.46138647,9.056547558,8.390647852,482,17,5,10,32,468,8,5,5,18,514,486,22,16,82,21
45,1000,10,5.13,10.3,18,37,76,956,24,8,12,44,8.359660965,115,32,2.809385213,9.918858177,8.802598727,7.907774966,479,13,6,7,26,477,11,2,5,18,505,495,18,14,83,32
43,1000,10,5.13,10.3,18,37,81,948,31,13,8,52,8.751158387,104,43,2.935881203,10.13031869,9.523363134,7.953841291,472,19,10,7,36,476,12,3,1,16,508,492,26,17,78,26
44,1000,10,5.13,10.3,18,37,85,952,28,16,4,48,8.832301781,107,27,2.892688039,9.792192707,9.270628811,8.323918163,505,17,12,3,32,447,11,4,1,16,537,463,20,7,74,33
41,1000,10,5.13,10.3,18,37,85,950,38,7,5,50,8.71059201,122,43,2.685549246,9.992284637,9.054932657,8.359294987,473,23,6,3,32,477,15,1,2,18,505,495,20,23,89,33
47,1000,10,5.13,10.3,18,37,67,947,28,12,13,53,8.625093833,85,26,2.590861133,9.325586408,8.9057621,8.319815823,494,13,5,9,27,453,15,7,4,26,521,479,16,10,60,25
42,1000,10,5.13,10.3,18,37,88,952,31,9,8,48,8.720190818,112,42,2.768665413,9.933199599,9.208628604,8.227829837,475,13,6,8,27,477,18,3,0,21,502,498,26,16,85,27
46,1000,10,5.13,10.3,18,37,75,949,26,10,15,51,8.760494935,116,47,2.859982509,10.47856085,9.120467337,8.379783383,481,18,5,10,33,468,8,5,5,18,514,486,32,15,90,26
48,1000,10,5.13,10.3,18,37,5,957,30,8,5,43,6.953771257,94,25,2.499025193,8.796103004,6.534537285,7.368004427,475,15,4,3,22,482,15,4,2,21,497,503,13,12,60,34
45,1000,10,5.13,10.3,18,37,77,955,25,8,12,45,8.382432465,101,34,2.805396744,9.948559228,8.85199072,7.903388185,479,13,6,7,26,476,12,2,5,19,505,495,17,17,82,19
43,1000,10,5.13,10.3,18,37,82,947,32,13,8,53,8.769801835,113,31,2.956112647,10.13121814,9.54715228,7.967171701,472,19,10,7,36,475,13,3,1,17,508,492,18,13,80,33
44,1000,10,5.13,10.3,18,37,86,952,27,17,4,48,8.829938812,118,35,2.920162831,9.808747558,9.270955305,8.318435883,505,17,12,3,32,447,10,5,1,16,537,463,20,15,88,30
47,1000,10,5.13,10.3,18,37,68,947,28,12,13,53,8.68160439,87,27,2.611436216,9.357703326,8.982802891,8.353996,494,13,5,9,27,453,15,7,4,26,521,479,19,8,65,22
41,1000,10,5.13,10.3,18,37,86,949,39,8,4,51,8.713467721,100,32,2.694537869,9.991268961,9.042293693,8.377998801,473,24,6,2,32,476,15,2,2,19,505,495,23,9,77,23
42,1000,10,5.13,10.3,18,37,89,952,31,9,8,48,8.71236991,109,40,2.763316029,9.976495114,9.196534519,8.224316427,475,13,6,8,27,477,18,3,0,21,502,498,25,15,87,22
46,1000,10,5.13,10.3,18,37,76,948,27,10,15,52,8.780377112,99,47,2.860319809,10.50959014,9.170779069,8.367482861,481,18,5,10,33,467,9,5,5,19,514,486,26,21,75,24
45,1000,10,5.13,10.3,18,37,78,957,24,7,12,43,8.341999825,111,40,2.788388118,9.963691473,8.798097984,7.876687562,480,13,5,7,25,477,11,2,5,18,505,495,17,23,82,29
48,1000,10,5.13,10.3,18,37,6,959,29,7,5,41,6.996035809,83,28,2.493831539,8.827169775,6.582118957,7.405015282,475,15,4,3,22,484,14,3,2,19,497,503,17,11,59,24
44,1000,10,5.13,10.3,18,37,87,951,28,17,4,49,8.831443787,106,38,2.932728015,9.82147198,9.331110046,8.251917262,504,18,12,3,33,447,10,5,1,16,537,463,15,23,78,28
43,1000,10,5.13,10.3,18,37,83,946,33,13,8,54,8.787414754,121,31,2.969793903,10.17533132,9.590091521,7.958634678,471,20,10,7,37,475,13,3,1,17,508,492,16,15,87,34
47,1000,10,5.13,10.3,18,37,69,945,30,12,13,55,8.703918884,93,31,2.612046282,9.375510373,9.032578554,8.346441456,492,15,5,9,29,453,15,7,4,26,521,479,20,11,65,28
41,1000,10,5.13,10.3,18,37,87,949,39,8,4,51,8.735386741,120,30,2.684036472,9.987054799,9.078722027,8.385115389,473,24,6,2,32,476,15,2,2,19,505,495,17,13,102,18
42,1000,10,5.13,10.3,18,37,90,951,31,10,8,49,8.736022382,101,42,2.772071511,9.981503195,9.227701654,8.240393878,475,13,6,8,27,476,18,4,0,22,502,498,31,11,73,28
46,1000,10,5.13,10.3,18,37,77,946,29,9,16,54,8.796424238,134,33,2.865448306,10.55672209,9.215460313,8.353246167,480,19,5,10,34,466,10,4,6,20,514,486,17,16,100,34
45,1000,10,5.13,10.3,18,37,79,957,25,6,12,43,8.322675713,111,31,2.808348207,9.975213257,8.799007132,7.836721437,480,14,4,7,25,477,11,2,5,18,505,495,18,13,88,23
44,1000,10,5.13,10.3,18,37,88,950,29,17,4,50,8.863171373,94,48,2.937463998,9.858911632,9.381290089,8.262243185,504,18,12,3,33,446,11,5,1,17,537,463,29,19,66,28
47,1000,10,5.13,10.3,18,37,70,946,30,11,13,54,8.713125379,85,33,2.625034715,9.395681302,9.036715362,8.361162162,493,15,4,9,28,453,15,7,4,26,521,479,17,16,60,25
48,1000,10,5.13,10.3,18,37,7,958,30,7,5,42,6.99385765,103,28,2.493623068,8.828814108,6.536256216,7.446000617,474,16,4,3,23,484,14,3,2,19,497,503,15,13,64,39
43,1000,10,5.13,10.3,18,37,84,946,32,13,9,54,8.827105682,106,41,2.967868313,10.19789076,9.623793949,8.004508854,471,20,10,7,37,475,12,3,2,17,508,492,27,14,80,26
41,1000,10,5.13,10.3,18,37,88,948,40,8,4,52,8.776377826,88,35,2.696031189,10.029477,9.088057152,8.458401947,473,24,6,2,32,475,16,2,2,20,505,495,20,15,71,17
42,1000,10,5.13,10.3,18,37,91,950,32,10,8,50,8.752013277,105,41,2.769542701,9.990050603,9.231143109,8.269035014,474,14,6,8,28,476,18,4,0,22,502,498,22,19,78,27
46,1000,10,5.13,10.3,18,37,78,943,32,9,16,57,8.829358613,101,45,2.866242352,10.57073729,9.221052825,8.415097657,480,19,5,10,34,463,13,4,6,23,514,486,23,22,75,26
44,1000,10,5.13,10.3,18,37,89,951,28,16,5,49,8.889394477,106,31,2.964901042,9.868347464,9.414127012,8.280795402,504,18,11,4,33,447,10,5,1,16,537,463,17,14,80,26
45,1000,10,5.13,10.3,18,37,80,957,25,6,12,43,8.364430167,106,34,2.79915993,10.00517255,8.845313799,7.873831715,480,14,4,7,25,477,11,2,5,18,505,495,19,15,79,27
47,1000,10,5.13,10.3,18,37,71,944,32,11,13,56,8.731606853,105,31,2.633470378,9.415443705,9.06135087,8.372949999,492,16,4,9,29,452,16,7,4,27,521,479,21,10,78,27
43,1000,10,5.13,10.3,18,37,85,943,35,12,10,57,8.856602138,113,31,2.959092055,10.22381101,9.622303519,8.065999898,470,21,10,7,38,473,14,2,3,19,508,492,26,5,79,34
48,1000,10,5.13,10.3,18,37,8,959,28,8,5,41,7.041011316,85,33,2.488451969,8.846136305,6.59554697,7.481161971,474,16,4,3,23,485,12,4,2,18,497,503,19,14,53,32
41,1000,10,5.13,10.3,18,37,89,948,40,8,4,52,8.811216935,109,31,2.714493226,10.0535065,9.129815133,8.48618241,473,24,6,2,32,475,16,2,2,20,505,495,19,12,83,26
42,1000,10,5.13,10.3,18,37,92,950,32,10,8,50,8.780648816,101,42,2.767675794,9.999058969,9.295156499,8.262008542,474,14,6,8,28,476,18,4,0,22,502,498,22,20,84,17
46,1000,10,5.13,10.3,18,37,79,943,32,9,16,57,8.88744221,125,33,2.860737993,10.61203623,9.319974852,8.429989992,480,19,5,10,34,463,13,4,6,23,514,486,22,11,95,30
44,1000,10,5.13,10.3,18,37,90,951,29,16,4,49,8.890824348,105,32,2.953589925,9.888815343,9.42829448,8.267451862,503,19,11,4,34,448,10,5,0,15,537,463,18,14,78,27
47,1000,10,5.13,10.3,18,37,72,944,33,11,12,56,8.72444541,93,39,2.642274854,9.444996544,9.046688475,8.373947211,492,17,4,8,29,452,16,7,4,27,521,479,16,23,62,31
45,1000,10,5.13,10.3,18,37,81,955,25,7,13,45,8.415965819,104,37,2.81220026,10.03058823,8.883186098,7.939306747,479,14,5,7,26,476,11,2,6,19,505,495,24,13,77,27
43,1000,10,5.13,10.3,18,37,86,943,36,12,9,57,8.858571325,122,34,2.972465738,10.26642482,9.63287487,8.059087176,470,21,10,7,38,473,15,2,2,19,508,492,19,15,87,35
48,1000,10,5.13,10.3,18,37,9,959,28,8,5,41,7.033310655,87,26,2.493314477,8.880322899,6.611289129,7.450298126,474,16,4,3,23,485,12,4,2,18,497,503,17,9,62,25
41,1000,10,5.13,10.3,18,37,90,949,38,9,4,51,8.862027684,114,32,2.697398211,10.07656478,9.213857259,8.503090442,473,23,7,2,32,476,15,2,2,19,505,495,24,8,81,33
42,1000,10,5.13,10.3,18,37,93,949,32,11,8,51,8.777783266,103,30,2.774213069,10.00772544,9.32127509,8.229926045,473,15,6,8,29,476,17,5,0,22,502,498,14,16,78,25
46,1000,10,5.13,10.3,18,37,80,944,32,9,15,56,8.891826247,120,37,2.8647066,10.63999659,9.361054728,8.395564025,480,19,5,10,34,464,13,4,5,22,514,486,26,11,93,27
44,1000,10,5.13,10.3,18,37,91,951,29,16,4,49,8.919512456,92,36,2.95589038,9.921621793,9.461704791,8.290663031,503,19,11,4,34,448,10,5,0,15,537,463,24,12,67,25
47,1000,10,5.13,10.3,18,37,73,944,34,10,12,56,8.743186585,91,33,2.652493417,9.462763469,9.070157053,8.387546473,493,17,3,8,28,451,17,7,4,28,521,479,21,12,67,24
45,1000,10,5.13,10.3,18,37,82,953,27,7,13,47,8.445671957,107,30,2.813393835,10.02669409,8.900940038,7.981206541,479,14,5,7,26,474,13,2,6,21,505,495,19,11,82,25
43,1000,10,5.13,10.3,18,37,87,943,36,12,9,57,8.858590247,118,41,2.964591919,10.28905539,9.617948241,8.074537685,471,20,10,7,37,472,16,2,2,20,508,492,23,18,95,23
42,1000,10,5.13,10.3,18,37,94,948,33,11,8,52,8.782611363,101,27,2.761881959,10.03074208,9.338529268,8.222228253,473,15,6,8,29,475,18,5,0,23,502,498,20,7,78,23
41,1000,10,5.13,10.3,18,37,91,950,37,9,4,50,8.897284051,104,39,2.686481396,10.09169051,9.253527038,8.533844236,473,23,7,2,32,477,14,2,2,18,505,495,22,17,79,25
48,1000,10,5.13,10.3,18,37,10,958,29,7,6,42,7.09989657,97,30,2.501376144,8.87754574,6.67818947,7.516573367,473,17,3,4,24,485,12,4,2,18,497,503,14,16,64,33
46,1000,10,5.13,10.3,18,37,81,942,33,10,15,58,8.890820021,101,28,2.879459098,10.67257539,9.353314496,8.401679773,479,20,5,10,35,463,13,5,5,23,514,486,20,8,75,26
44,1000,10,5.13,10.3,18,37,92,951,28,17,4,49,8.915315866,96,34,2.949233649,9.955987124,9.483093387,8.256792045,503,18,12,4,34,448,10,5,0,15,537,463,19,15,77,19
47,1000,10,5.13,10.3,18,37,74,944,34,10,12,56,8.784018256,88,36,2.654068669,9.478605295,9.116153889,8.422760083,493,17,3,8,28,451,17,7,4,28,521,479,22,14,56,32
45,1000,10,5.13,10.3,18,37,83,953,27,7,13,47,8.456284415,90,47,2.81988407,10.04320681,8.899403627,8.0042133,479,14,5,7,26,474,13,2,6,21,505,495,27,20,75,15
43,1000,10,5.13,10.3,18,37,88,943,35,13,9,57,8.885835688,87,32,2.970887386,10.30741344,9.64992051,8.096902578,471,19,11,7,37,472,16,2,2,20,508,492,20,12,57,30
42,1000,10,5.13,10.3,18,37,95,948,33,11,8,52,8.80700806,113,41,2.762962716,10.06029364,9.381775554,8.227623961,473,15,6,8,29,475,18,5,0,23,502,498,24,17,93,20
41,1000,10,5.13,10.3,18,37,92,951,37,8,4,49,8.936352379,105,41,2.698073514,10.08627221,9.308077091,8.557118076,474,23,6,2,31,477,14,2,2,18,505,495,29,12,77,28
46,1000,10,5.13,10.3,18,37,82,941,34,9,16,59,8.914937529,130,35,2.882267512,10.6889489,9.400265722,8.401648042,479,20,4,11,35,462,14,5,5,24,514,486,16,19,96,34
48,1000,10,5.13,10.3,18,37,11,959,29,6,6,41,7.143783011,95,30,2.491737362,8.896458217,6.74438939,7.538412494,475,16,2,4,22,484,13,4,2,19,497,503,20,10,58,37
44,1000,10,5.13,10.3,18,37,93,951,29,16,4,49,8.930620847,111,34,2.93466269,9.969160815,9.555570932,8.205786731,502,19,12,4,35,449,10,4,0,14,537,463,22,12,82,29
47,1000,10,5.13,10.3,18,37,75,944,35,10,11,56,8.780590156,104,37,2.646527021,9.47370298,9.164064805,8.363491426,493,17,3,8,28,451,18,7,3,28,521,479,16,21,77,27
45,1000,10,5.13,10.3,18,37,84,952,28,7,13,48,8.477121478,105,37,2.820441092,10.07244845,8.96116002,7.98330438,478,15,5,7,27,474,13,2,6,21,505,495,26,11,79,26
42,1000,10,5.13,10.3,18,37,96,946,35,11,8,54,8.832825678,119,41,2.759721251,10.10196051,9.431137508,8.229708131,471,17,6,8,31,475,18,5,0,23,502,498,27,14,97,22
43,1000,10,5.13,10.3,18,37,89,942,35,14,9,58,8.914472935,107,34,2.988097333,10.3419707,9.67347691,8.130785904,470,19,12,7,38,472,16,2,2,20,508,492,21,13,85,22
46,1000,10,5.13,10.3,18,37,83,940,35,9,16,60,8.944623474,115,32,2.887399248,10.71622078,9.479673311,8.378747721,478,21,4,11,36,462,14,5,5,24,514,486,17,15,90,25
41,1000,10,5.13,10.3,18,37,93,951,37,8,4,49,8.964541971,92,35,2.695961785,10.08937044,9.372165771,8.548683347,474,23,6,2,31,477,14,2,2,18,505,495,23,12,73,19
44,1000,10,5.13,10.3,18,37,94,950,31,15,4,50,8.928965296,106,43,2.930869852,9.969585727,9.561298024,8.195568589,501,21,11,4,36,449,10,4,0,14,537,463,24,19,79,27
47,1000,10,5.13,10.3,18,37,76,942,37,10,11,58,8.786149573,91,38,2.641413099,9.496428043,9.191146748,8.345641163,492,18,3,8,29,450,19,7,3,29,521,479,23,15,66,25
48,1000,10,5.13,10.3,18,37,12,959,29,6,6,41,7.197212058,101,31,2.508329789,8.912871695,6.801795814,7.587911608,475,16,2,4,22,484,13,4,2,19,497,503,16,15,73,28
45,1000,10,5.13,10.3,18,37,85,952,29,7,12,48,8.48382804,120,27,2.829129988,10.10348072,8.9573539,8.000736001,478,16,5,6,27,474,13,2,6,21,505,495,17,10,95,25
42,1000,10,5.13,10.3,18,37,97,947,34,10,9,53,8.8438299,110,40,2.753817806,10.11409814,9.485298515,8.197208927,471,17,5,9,31,476,17,5,0,22,502,498,21,19,88,22
46,1000,10,5.13,10.3,18,37,84,940,34,10,16,60,8.963008322,115,40,2.865602145,10.74302318,9.504538907,8.390278445,478,20,5,11,36,462,14,5,5,24,514,486,24,16,88,27
43,1000,10,5.13,10.3,18,37,90,941,36,14,9,59,8.9274272,96,32,2.997991687,10.36969067,9.712701713,8.116615304,469,20,12,7,39,472,16,2,2,20,508,492,24,8,71,25
41,1000,10,5.13,10.3,18,37,94,951,37,8,4,49,8.998230887,102,39,2.709389274,10.11380186,9.396569872,8.591844649,474,23,6,2,31,477,14,2,2,18,505,495,20,19,74,28
44,1000,10,5.13,10.3,18,37,95,951,30,15,4,49,8.947625731,117,38,2.940060788,9.997638884,9.567828295,8.22829792,502,20,11,4,35,449,10,4,0,14,537,463,21,17,88,29
47,1000,10,5.13,10.3,18,37,77,943,36,10,11,57,8.808803709,94,31,2.658620228,9.510841687,9.24164794,8.338006539,492,18,3,8,29,451,18,7,3,28,521,479,16,15,60,34
48,1000,10,5.13,10.3,18,37,13,958,30,7,5,42,7.214487797,101,28,2.510344044,8.926762969,6.807177822,7.616939203,475,17,2,3,22,483,13,5,2,20,497,503,19,9,67,34
45,1000,10,5.13,10.3,18,37,86,953,28,7,12,47,8.447445184,115,47,2.831594215,10.10230889,8.929683733,7.955464442,479,15,5,6,26,474,13,2,6,21,505,495,28,19,86,29
42,1000,10,5.13,10.3,18,37,98,947,34,10,9,53,8.894790215,106,35,2.750574365,10.13974366,9.572877447,8.2112565,470,18,5,9,32,477,16,5,0,21,502,498,19,16,86,20
46,1000,10,5.13,10.3,18,37,85,939,35,10,16,61,8.968900037,126,39,2.883254765,10.77632341,9.545654079,8.358917367,477,21,5,11,37,462,14,5,5,24,514,486,27,12,98,28
43,1000,10,5.13,10.3,18,37,91,940,36,14,10,60,8.964139357,121,43,3.002143602,10.39560749,9.752165459,8.15048639,468,21,11,8,40,472,15,3,2,20,508,492,30,13,83,38
44,1000,10,5.13,10.3,18,37,96,951,28,17,4,49,8.979192788,100,43,2.930885995,10.01104014,9.622498504,8.233069313,502,20,11,4,35,449,8,6,0,14,537,463,27,16,83,17
41,1000,10,5.13,10.3,18,37,95,949,38,8,5,51,9.016702899,96,28,2.701369382,10.13420939,9.440334113,8.58451348,473,23,6,3,32,476,15,2,2,19,505,495,18,10,75,21
47,1000,10,5.13,10.3,18,37,78,939,40,10,11,61,8.844601496,93,46,2.650498924,9.544235104,9.308098055,8.340464319,489,21,3,8,32,450,19,7,3,29,521,479,27,19,69,24
48,1000,10,5.13,10.3,18,37,14,957,30,8,5,43,7.264137115,97,36,2.51888074,8.929021126,6.832519235,7.690606471,474,18,2,3,23,483,12,6,2,20,497,503,22,14,65,32
42,1000,10,5.13,10.3,18,37,99,947,33,11,9,53,8.905710422,106,26,2.754627436,10.1607005,9.59693375,8.208935099,470,17,6,9,32,477,16,5,0,21,502,498,14,12,80,26
45,1000,10,5.13,10.3,18,37,87,955,27,6,12,45,8.451998297,119,38,2.836232362,10.12615668,8.960576873,7.933145406,479,15,5,6,26,476,12,1,6,19,505,495,26,12,87,32
46,1000,10,5.13,10.3,18,37,86,938,36,10,16,62,8.97651424,118,25,2.901415222,10.82479287,9.553802682,8.365966381,477,21,5,11,37,461,15,5,5,25,514,486,12,13,90,28
44,1000,10,5.13,10.3,18,37,97,950,29,16,5,50,8.999539388,120,44,2.941624945,10.02821393,9.65361532,8.240924322,502,20,10,5,35,448,9,6,0,15,537,463,27,17,89,31
43,1000,10,5.13,10.3,18,37,92,939,37,14,10,61,8.989050278,118,32,2.998461065,10.41802759,9.802166593,8.149491156,467,22,11,8,41,472,15,3,2,20,508,492,24,8,89,29
41,1000,10,5.13,10.3,18,37,96,948,39,8,5,52,9.010420954,109,37,2.716997812,10.1617873,9.458783959,8.553000111,472,24,6,3,33,476,15,2,2,19,505,495,20,17,87,22
47,1000,10,5.13,10.3,18,37,79,938,42,9,11,62,8.857833047,97,20,2.671420252,9.569606321,9.333010074,8.340991228,488,22,3,8,33,450,20,6,3,29,521,479,10,10,72,25
42,1000,10,5.13,10.3,18,37,100,947,34,10,9,53,8.952689149,99,38,2.751711581,10.20282107,9.635852502,8.26403854,470,17,6,9,32,477,17,4,0,21,502,498,17,21,78,21
45,1000,10,5.13,10.3,18,37,88,955,27,6,12,45,8.49582987,95,47,2.830613974,10.15507633,9.021630543,7.959406961,478,16,5,6,27,477,11,1,6,18,505,495,31,16,70,25
48,1000,10,5.13,10.3,18,37,15,957,29,9,5,43,7.301167363,104,30,2.530360443,8.954304033,6.830153864,7.766562411,475,17,2,3,22,482,12,7,2,21,497,503,21,9,76,28
46,1000,10,5.13,10.3,18,37,87,937,37,10,16,63,8.982921095,115,43,2.898281917,10.84186862,9.56473213,8.367590082,477,21,5,11,37,460,16,5,5,26,514,486,30,13,88,27
44,1000,10,5.13,10.3,18,37,98,950,30,15,5,50,9.047053682,103,38,2.942097868,10.06768907,9.70913067,8.279158773,501,21,10,5,36,449,9,5,0,14,537,463,27,11,79,24
43,1000,10,5.13,10.3,18,37,93,939,37,14,10,61,8.99726338,114,45,2.986796167,10.46706575,9.831464934,8.13593332,467,22,11,8,41,472,15,3,2,20,508,492,28,17,91,23
47,1000,10,5.13,10.3,18,37,80,937,43,9,11,63,8.875986683,92,29,2.663091842,9.60236241,9.346533716,8.364180828,488,22,3,8,33,449,21,6,3,30,521,479,17,12,63,29
41,1000,10,5.13,10.3,18,37,97,946,40,9,5,54,9.034306012,105,43,2.719454456,10.19726082,9.520417966,8.538373615,471,24,7,3,34,475,16,2,2,20,505,495,27,16,84,21
42,1000,10,5.13,10.3,18,37,101,946,35,10,9,54,8.954618685,109,38,2.762298182,10.21057124,9.655316733,8.248292541,470,17,6,9,32,476,18,4,0,22,502,498,26,12,88,21
45,1000,10,5.13,10.3,18,37,89,955,27,6,12,45,8.535238556,107,37,2.846115173,10.1853333,9.079481036,7.980001279,478,16,5,6,27,477,11,1,6,18,505,495,20,17,81,26
46,1000,10,5.13,10.3,18,37,88,934,40,10,16,66,9.072206316,116,35,2.900743882,10.87645398,9.681215304,8.428110391,475,23,5,11,39,459,17,5,5,27,514,486,21,14,86,30
48,1000,10,5.13,10.3,18,37,16,959,28,8,5,41,7.305612246,90,28,2.530614333,8.953507034,6.814732054,7.790637009,476,16,2,3,21,483,12,6,2,20,497,503,16,12,64,26
44,1000,10,5.13,10.3,18,37,99,948,31,15,6,52,9.094361513,107,38,2.950496287,10.09346348,9.807816449,8.266877063,499,23,9,6,38,449,8,6,0,14,537,463,19,19,76,31
47,1000,10,5.13,10.3,18,37,81,936,44,9,11,64,8.890591182,113,36,2.675926625,9.618655682,9.359766814,8.380276977,487,23,3,8,34,449,21,6,3,30,521,479,20,16,80,33
43,1000,10,5.13,10.3,18,37,94,939,37,14,10,61,9.047469927,109,41,3.004028055,10.48685531,9.912646165,8.154157876,467,22,11,8,41,472,15,3,2,20,508,492,29,12,75,34
41,1000,10,5.13,10.3,18,37,98,947,40,9,4,53,9.050045829,112,27,2.709172486,10.18951956,9.586957722,8.502287231,471,25,7,2,34,476,15,2,2,19,505,495,17,10,85,27
42,1000,10,5.13,10.3,18,37,102,946,35,10,9,54,8.980265131,110,44,2.759853465,10.24020211,9.73434086,8.220132568,470,17,6,9,32,476,18,4,0,22,502,498,32,12,86,24
45,1000,10,5.13,10.3,18,37,90,955,27,6,12,45,8.610246593,89,32,2.853127419,10.22438703,9.15352822,8.05598958,477,17,5,6,28,478,10,1,6,17,505,495,18,14,65,24
46,1000,10,5.13,10.3,18,37,89,934,41,10,15,66,9.091769044,128,37,2.920830822,10.90067458,9.716303039,8.431253666,476,23,5,10,38,458,18,5,5,28,514,486,23,14,98,30
44,1000,10,5.13,10.3,18,37,100,949,31,14,6,51,9.090836411,123,36,2.967259365,10.13339239,9.854447668,8.205179295,499,23,9,6,38,450,8,5,0,13,537,463,20,16,101,22
48,1000,10,5.13,10.3,18,37,17,959,28,8,5,41,7.311403831,91,22,2.538147947,8.970052159,6.84130016,7.775899904,476,16,2,3,21,483,12,6,2,20,497,503,13,9,60,31
47,1000,10,5.13,10.3,18,37,82,935,45,9,11,65,8.898635338,98,28,2.697800973,9.64426809,9.386715117,8.36775942,487,23,3,8,34,448,22,6,3,31,521,479,12,16,70,28
43,1000,10,5.13,10.3,18,37,95,937,39,14,10,63,9.089184564,108,33,3.022957243,10.50920999,9.95691831,8.193231833,466,23,11,8,42,471,16,3,2,21,508,492,19,14,81,27
41,1000,10,5.13,10.3,18,37,99,948,39,9,4,52,9.066807581,113,35,2.696680696,10.19079755,9.622818747,8.499563866,471,25,7,2,34,477,14,2,2,18,505,495,21,14,91,22
42,1000,10,5.13,10.3,18,37,103,945,35,11,9,55,9.009980175,113,31,2.764221845,10.27187708,9.774735305,8.239082433,470,16,7,9,32,475,19,4,0,23,502,498,19,12,90,23
46,1000,10,5.13,10.3,18,37,90,933,42,10,15,67,9.117861661,133,43,2.933792357,10.92254323,9.727607441,8.472986493,476,23,5,10,38,457,19,5,5,29,514,486,26,17,101,32
44,1000,10,5.13,10.3,18,37,101,949,30,15,6,51,9.149666976,117,35,2.985457485,10.19257252,9.919486354,8.256809513,499,22,10,6,38,450,8,5,0,13,537,463,23,12,85,32
45,1000,10,5.13,10.3,18,37,91,955,27,6,12,45,8.603601103,113,32,2.836071973,10.23479176,9.196293263,7.998935364,477,17,5,6,28,478,10,1,6,17,505,495,20,12,87,26
47,1000,10,5.13,10.3,18,37,83,936,44,9,11,64,8.921263395,108,34,2.701074908,9.658292253,9.413619861,8.385735798,488,22,3,8,33,448,22,6,3,31,521,479,23,11,80,28
48,1000,10,5.13,10.3,18,37,18,959,29,7,5,41,7.371127623,85,33,2.542271557,8.986608753,6.939542454,7.79756466,475,17,2,3,22,484,12,5,2,19,497,503,19,14,59,26
43,1000,10,5.13,10.3,18,37,96,936,40,14,10,64,9.114516929,105,28,3.041424081,10.55961075,9.982266895,8.218547453,466,23,11,8,42,470,17,3,2,22,508,492,20,8,83,22
42,1000,10,5.13,10.3,18,37,104,944,35,12,9,56,9.083432462,103,38,2.763177616,10.28726712,9.855109008,8.30555771,469,16,8,9,33,475,19,4,0,23,502,498,26,12,78,25
41,1000,10,5.13,10.3,18,37,100,946,41,8,5,54,9.083610026,112,28,2.690531604,10.21732072,9.688536264,8.466463056,469,27,6,3,36,477,14,2,2,18,505,495,19,9,94,18
49,1000,10,5.13,10.3,18,37,0,943,35,13,9,57,6.922,82,31,2.515235624,9.021067175,6.347022587,7.467836257,465,12,6,4,22,478,23,7,5,35,487,513,18,13,49,33
44,1000,10,5.13,10.3,18,37,102,949,30,14,7,51,9.195417816,110,36,2.982543203,10.19542487,9.952996663,8.316757251,499,22,10,6,38,450,8,4,1,13,537,463,19,17,85,25
46,1000,10,5.13,10.3,18,37,91,935,40,10,15,65,9.141848261,100,42,2.940522351,10.94434871,9.797786303,8.448119549,477,22,5,10,37,458,18,5,5,28,514,486,24,18,77,23
45,1000,10,5.13,10.3,18,37,92,954,28,6,12,46,8.636052278,106,36,2.836633626,10.22976313,9.232921557,8.027125033,476,18,5,6,29,478,10,1,6,17,505,495,19,17,78,28
47,1000,10,5.13,10.3,18,37,84,934,44,11,11,66,8.934237818,106,31,2.691546699,9.655894319,9.434707592,8.389885517,486,22,5,8,35,448,22,6,3,31,521,479,18,13,80,26
48,1000,10,5.13,10.3,18,37,19,960,28,7,5,40,7.377938623,97,37,2.545005387,8.986657954,6.915847084,7.834518135,476,16,2,3,21,484,12,5,2,19,497,503,16,21,69,28
43,1000,10,5.13,10.3,18,37,97,938,38,14,10,62,9.095067808,130,40,3.052788626,10.58778828,9.979595282,8.181775213,467,22,11,8,41,471,16,3,2,21,508,492,30,10,101,29
41,1000,10,5.13,10.3,18,37,101,946,41,8,5,54,9.079795198,115,39,2.710666017,10.24419247,9.688235469,8.459063203,469,27,6,3,36,477,14,2,2,18,505,495,23,16,95,20
49,1000,10,5.13,10.3,18,37,1,943,34,14,9,57,6.970937931,91,28,2.516487029,9.037418619,6.368913386,7.54245051,465,12,6,4,22,478,22,8,5,35,487,513,10,18,62,29
44,1000,10,5.13,10.3,18,37,103,948,31,14,7,52,9.228746631,98,42,2.9975223,10.21873222,10.0016825,8.332274571,498,23,10,6,39,450,8,4,1,13,537,463,21,21,80,18
46,1000,10,5.13,10.3,18,37,92,935,41,10,14,65,9.133566069,120,26,2.943948552,10.96656791,9.817111072,8.410639873,477,23,5,9,37,458,18,5,5,28,514,486,17,9,92,28
45,1000,10,5.13,10.3,18,37,93,955,28,6,11,45,8.667011985,97,43,2.865329841,10.23619472,9.304528858,8.016615983,476,18,5,6,29,479,10,1,5,16,505,495,29,14,75,22
47,1000,10,5.13,10.3,18,37,85,936,43,10,11,64,8.899183484,99,34,2.692513523,9.685134168,9.393471452,8.361555027,487,22,4,8,34,449,21,6,3,30,521,479,18,16,68,31
48,1000,10,5.13,10.3,18,37,20,962,26,7,5,38,7.369393758,102,25,2.549183698,9.000326859,6.925387874,7.808103349,477,15,2,3,20,485,11,5,2,18,497,503,14,11,67,35
43,1000,10,5.13,10.3,18,37,98,938,36,15,11,62,9.131030356,109,40,3.044412024,10.59629466,10.05160806,8.180515166,466,22,11,9,42,472,14,4,2,20,508,492,26,14,86,23
49,1000,10,5.13,10.3,18,37,2,945,31,15,9,55,6.985328442,109,29,2.504861044,9.053113356,6.425521569,7.516763037,465,11,7,4,22,480,20,8,5,33,487,513,24,5,75,34
41,1000,10,5.13,10.3,18,37,102,946,41,8,5,54,9.087918268,120,34,2.70544088,10.25461852,9.723563168,8.439432057,468,28,6,3,37,478,13,2,2,17,505,495,23,11,97,23
44,1000,10,5.13,10.3,18,37,104,949,30,14,7,51,9.213705874,112,39,2.993744956,10.23187559,9.987706406,8.315998993,499,22,10,6,38,450,8,4,1,13,537,463,24,15,81,31
50,1000,10,5.13,10.3,18,37,0,935,31,15,19,65,7.376,99,32,2.522466054,8.929012539,6.615969582,8.219409283,499,14,9,4,27,436,17,6,15,38,526,474,17,15,69,30
46,1000,10,5.13,10.3,18,37,93,935,41,10,14,65,9.169165876,110,34,2.95124407,10.97631997,9.848142693,8.451071052,477,23,5,9,37,458,18,5,5,28,514,486,22,12,91,19
45,1000,10,5.13,10.3,18,37,94,955,28,6,11,45,8.703444391,105,46,2.873849184,10.24866951,9.346598352,8.04729742,476,18,5,6,29,479,10,1,5,16,505,495,30,16,76,29
47,1000,10,5.13,10.3,18,37,86,935,44,10,11,65,8.91440368,108,38,2.699556273,9.718767132,9.400051193,8.386173296,486,23,4,8,35,449,21,6,3,30,521,479,27,11,73,35
49,1000,10,5.13,10.3,18,37,3,944,33,14,9,56,7.016351788,119,30,2.511200878,9.077802823,6.488900104,7.517071028,463,13,7,4,24,481,20,7,5,32,487,513,18,12,79,40
48,1000,10,5.13,10.3,18,37,21,963,25,7,5,37,7.386903749,86,27,2.55369185,9.013862076,6.903917079,7.864129147,478,14,2,3,19,485,11,5,2,18,497,503,13,14,61,25
43,1000,10,5.13,10.3,18,37,99,937,37,15,11,63,9.141867461,109,36,3.050864307,10.61499879,10.1082878,8.14401882,464,24,11,9,44,473,13,4,2,19,508,492,28,8,85,24
41,1000,10,5.13,10.3,18,37,103,945,42,7,6,55,9.103750407,120,34,2.709250526,10.28311029,9.74370717,8.450865225,468,28,5,4,37,477,14,2,2,18,505,495,21,13,93,27
46,1000,10,5.13,10.3,18,37,94,936,40,11,13,64,9.159946436,119,38,2.967824714,10.99643432,9.851122249,8.428949794,478,21,6,9,36,458,19,5,4,28,514,486,22,16,93,26
50,1000,10,5.13,10.3,18,37,1,938,30,16,16,62,7.334019032,83,44,2.525214444,8.935804303,6.584291656,8.165994981,501,14,9,2,25,437,16,7,14,37,526,474,20,24,49,34
47,1000,10,5.13,10.3,18,37,87,936,43,10,11,64,8.906217344,116,36,2.710568239,9.719985868,9.416717807,8.350954835,486,23,4,8,35,450,20,6,3,29,521,479,23,13,90,26
45,1000,10,5.13,10.3,18,37,95,956,28,6,10,44,8.712999798,119,34,2.86806709,10.27664709,9.36187841,8.051012528,476,18,5,6,29,480,10,1,4,15,505,495,19,15,93,26
49,1000,10,5.13,10.3,18,37,4,945,32,14,9,55,7.037793969,95,26,2.513260811,9.084266817,6.524998103,7.524600181,463,13,7,4,24,482,19,7,5,31,487,513,17,9,68,27
43,1000,10,5.13,10.3,18,37,100,937,36,16,11,63,9.132392307,118,30,3.065781678,10.62688735,10.11122148,8.121731294,464,23,12,9,44,473,13,4,2,19,508,492,22,8,95,23
41,1000,10,5.13,10.3,18,37,104,945,42,7,6,55,9.094567118,92,34,2.718077403,10.30682598,9.744805172,8.431192941,468,28,5,4,37,477,14,2,2,18,505,495,21,13,72,20
48,1000,10,5.13,10.3,18,37,22,964,24,7,5,36,7.400259094,99,38,2.56298165,9.011141858,6.927875903,7.867007495,479,13,2,3,18,485,11,5,2,18,497,503,21,17,64,35
46,1000,10,5.13,10.3,18,37,95,934,43,10,13,66,9.217833888,102,37,2.974783473,11.00216532,9.963394378,8.429319296,476,23,6,9,38,458,20,4,4,28,514,486,26,11,80,22
50,1000,10,5.13,10.3,18,37,2,939,29,16,16,61,7.350773443,97,34,2.530746096,8.933634447,6.630332453,8.150250153,502,13,9,2,24,437,16,7,14,37,526,474,15,19,61,36
47,1000,10,5.13,10.3,18,37,88,936,43,10,11,64,8.926861882,94,47,2.719854565,9.742189452,9.454900088,8.352523876,486,23,4,8,35,450,20,6,3,29,521,479,30,17,67,27
45,1000,10,5.13,10.3,18,37,96,955,29,6,10,45,8.746866246,87,43,2.865540473,10.29192207,9.387683167,8.093103528,476,18,5,6,29,479,11,1,4,16,505,495,22,21,62,25
49,1000,10,5.13,10.3,18,37,5,946,31,14,9,54,7.070901297,90,17,2.518051547,9.082364545,6.548512442,7.566814304,464,12,7,4,23,482,19,7,5,31,487,513,11,6,56,34
46,1000,10,5.13,10.3,18,37,96,933,44,10,13,67,9.21992861,126,38,2.969218936,11.00910428,9.984478775,8.411330289,475,24,6,9,39,458,20,4,4,28,514,486,27,11,95,31
43,1000,10,5.13,10.3,18,37,101,936,38,15,11,64,9.149844606,105,38,3.088844387,10.6323354,10.14774129,8.119495997,463,24,12,9,45,473,14,3,2,19,508,492,22,16,81,24
48,1000,10,5.13,10.3,18,37,23,965,23,7,5,35,7.392159896,100,35,2.568653138,9.031651581,6.943140194,7.835823498,479,13,2,3,18,486,10,5,2,17,497,503,15,20,71,29
50,1000,10,5.13,10.3,18,37,3,938,29,17,16,62,7.395710626,90,31,2.511991651,8.95110718,6.679838885,8.19011682,501,14,9,2,25,437,15,8,14,37,526,474,17,14,62,28
47,1000,10,5.13,10.3,18,37,89,935,43,11,11,65,8.963573462,100,35,2.716892168,9.744261699,9.505714527,8.37389602,486,22,5,8,35,449,21,6,3,30,521,479,21,14,72,28
45,1000,10,5.13,10.3,18,37,97,953,31,6,10,47,8.787589791,113,43,2.87072944,10.28987957,9.409024911,8.153600426,474,20,5,6,31,479,11,1,4,16,505,495,28,15,75,38
49,1000,10,5.13,10.3,18,37,6,947,30,14,9,53,7.019717397,101,36,2.530530623,9.084115921,6.52991446,7.484696014,465,11,7,4,22,482,19,7,5,31,487,513,18,18,67,34
46,1000,10,5.13,10.3,18,37,97,935,42,11,12,65,9.21902114,108,33,2.993912958,11.01896362,10.02227354,8.369490823,475,23,7,9,39,460,19,4,3,26,514,486,20,13,85,23
43,1000,10,5.13,10.3,18,37,102,937,37,15,11,63,9.15700997,104,35,3.111571015,10.66588174,10.17916366,8.101615509,463,24,12,9,45,474,13,3,2,18,508,492,20,15,73,31
50,1000,10,5.13,10.3,18,37,4,939,29,16,16,61,7.4123913,104,24,2.503946319,8.969991244,6.697277586,8.205956307,502,13,9,2,24,437,16,7,14,37,526,474,17,7,66,38
47,1000,10,5.13,10.3,18,37,90,934,44,11,11,66,8.974082113,98,37,2.723148093,9.741064962,9.53197736,8.367269119,485,23,5,8,36,449,21,6,3,30,521,479,29,8,70,28
48,1000,10,5.13,10.3,18,37,24,966,22,7,5,34,7.410343142,86,38,2.566612468,9.058022312,6.996514315,7.819235642,479,13,2,3,18,487,9,5,2,16,497,503,23,15,66,20
45,1000,10,5.13,10.3,18,37,98,954,30,6,10,46,8.797554848,113,33,2.882194433,10.3014742,9.415231652,8.167399724,474,20,5,6,31,480,10,1,4,15,505,495,22,11,83,30
49,1000,10,5.13,10.3,18,37,7,946,31,14,9,54,7.061906452,98,43,2.53463023,9.068343992,6.59032288,7.509589103,464,12,7,4,23,482,19,7,5,31,487,513,21,22,65,33
46,1000,10,5.13,10.3,18,37,98,935,42,11,12,65,9.213212094,116,34,2.978637787,11.04777375,10.03003197,8.349332641,475,23,7,9,39,460,19,4,3,26,514,486,23,11,88,28
50,1000,10,5.13,10.3,18,37,5,940,28,16,16,60,7.410348552,106,21,2.489300647,8.977525428,6.71816874,8.178463701,502,13,9,2,24,438,15,7,14,36,526,474,15,6,66,40
43,1000,10,5.13,10.3,18,37,103,933,40,15,12,67,9.164454244,111,49,3.130580376,10.66764403,10.2275985,8.066736193,461,26,12,9,47,472,14,3,3,20,508,492,32,17,90,21
47,1000,10,5.13,10.3,18,37,91,934,43,12,11,66,8.965894762,112,28,2.730159038,9.74227019,9.540382124,8.341034812,485,22,6,8,36,449,21,6,3,30,521,479,17,11,95,17
48,1000,10,5.13,10.3,18,37,25,964,23,8,5,36,7.480920125,95,24,2.555282743,9.063257321,7.075661779,7.881344376,478,13,3,3,19,486,10,5,2,17,497,503,13,11,65,30
45,1000,10,5.13,10.3,18,37,99,953,31,6,10,47,8.813172408,126,45,2.868471029,10.32129193,9.48083697,8.132019672,473,21,5,6,32,480,10,1,4,15,505,495,27,18,91,35
49,1000,10,5.13,10.3,18,37,8,947,30,14,9,53,7.065261439,107,31,2.535359,9.06613802,6.58986381,7.516564841,464,12,7,4,23,483,18,7,5,30,487,513,21,10,77,30
46,1000,10,5.13,10.3,18,37,99,935,43,10,12,65,9.210388128,115,36,2.985400863,11.08354104,10.0420313,8.330831362,476,23,6,9,38,459,20,4,3,27,514,486,27,9,89,26
50,1000,10,5.13,10.3,18,37,6,941,27,16,16,59,7.413732027,93,32,2.491221623,8.975037369,6.735135492,8.166773751,503,12,9,2,23,438,15,7,14,36,526,474,15,17,64,29
47,1000,10,5.13,10.3,18,37,92,935,42,12,11,65,8.957917237,108,38,2.739883459,9.752464402,9.551040831,8.312786982,485,22,6,8,36,450,20,6,3,29,521,479,20,18,81,27
43,1000,10,5.13,10.3,18,37,104,933,40,15,12,67,9.183267688,108,29,3.12666392,10.69039588,10.27698829,8.053978941,460,27,12,9,48,473,13,3,3,19,508,492,15,14,87,21
48,1000,10,5.13,10.3,18,37,26,964,23,8,5,36,7.49559284,92,36,2.569080961,9.067350205,7.122704555,7.864033155,478,13,3,3,19,486,10,5,2,17,497,503,20,16,63,29
45,1000,10,5.13,10.3,18,37,100,952,32,6,10,48,8.830891743,113,35,2.865623188,10.32792666,9.509822402,8.138245312,473,21,5,6,32,479,11,1,4,16,505,495,26,9,81,32
49,1000,10,5.13,10.3,18,37,9,947,29,15,9,53,7.088443312,93,28,2.53402588,9.056872757,6.603236525,7.549058722,464,12,7,4,23,483,17,8,5,30,487,513,16,12,57,36
46,1000,10,5.13,10.3,18,37,100,934,44,8,14,66,9.238059398,118,34,2.988054981,11.1274886,10.1080587,8.31793668,475,24,4,11,39,459,20,4,3,27,514,486,21,13,87,31
50,1000,10,5.13,10.3,18,37,7,940,28,16,16,60,7.479750593,99,25,2.488773843,8.984711164,6.833809772,8.19655412,502,13,9,2,24,438,15,7,14,36,526,474,18,7,71,28
47,1000,10,5.13,10.3,18,37,93,935,42,12,11,65,8.988509547,108,36,2.746962964,9.781170375,9.607220027,8.31554888,484,23,6,8,37,451,19,6,3,28,521,479,24,12,82,26
45,1000,10,5.13,10.3,18,37,101,953,31,6,10,47,8.841825114,112,34,2.865528315,10.35812425,9.558935033,8.110228126,473,21,5,6,32,480,10,1,4,15,505,495,20,14,89,23
48,1000,10,5.13,10.3,18,37,27,963,24,8,5,37,7.512359053,85,29,2.573101892,9.065276418,7.151063444,7.869344974,478,13,3,3,19,485,11,5,2,18,497,503,17,12,57,28
49,1000,10,5.13,10.3,18,37,10,947,30,15,8,53,7.086358818,91,38,2.536202324,9.074383412,6.598387574,7.549598576,464,12,8,3,23,483,18,7,5,30,487,513,18,20,63,28
46,1000,10,5.13,10.3,18,37,101,932,47,8,13,68,9.23928859,125,34,2.996733373,11.12674968,10.12007696,8.307755212,474,25,4,11,40,458,22,4,2,28,514,486,23,11,88,37
50,1000,10,5.13,10.3,18,37,8,941,27,16,16,59,7.461738703,105,28,2.484285136,9.012905234,6.808695326,8.186423969,503,12,9,2,23,438,15,7,14,36,526,474,14,14,64,41
47,1000,10,5.13,10.3,18,37,94,935,42,12,11,65,9.01498697,92,44,2.752250178,9.828608546,9.623355553,8.353275003,484,23,6,8,37,451,19,6,3,28,521,479,32,12,71,21
49,1000,10,5.13,10.3,18,37,11,948,30,15,7,52,7.085146796,95,27,2.531683636,9.084449596,6.646765283,7.501310142,464,11,9,3,23,484,19,6,4,29,487,513,17,10,66,29
45,1000,10,5.13,10.3,18,37,102,953,32,5,10,47,8.821606297,132,40,2.867724198,10.36608319,9.570796023,8.057281424,472,22,5,6,33,481,10,0,4,14,505,495,24,16,105,27
46,1000,10,5.13,10.3,18,37,102,930,48,9,13,70,9.292481049,136,35,3.001197419,11.16275658,10.18051441,8.353285272,473,25,5,11,41,457,23,4,2,29,514,486,24,11,103,33
50,1000,10,5.13,10.3,18,37,9,944,24,16,16,56,7.45293831,96,22,2.501714301,9.005998616,6.801108901,8.176276431,505,10,9,2,21,439,14,7,14,35,526,474,14,8,64,32
47,1000,10,5.13,10.3,18,37,95,936,42,11,11,64,9.028689865,93,42,2.754212,9.837478542,9.643913508,8.359521768,484,23,6,8,37,452,19,5,3,27,521,479,28,14,76,17
48,1000,10,5.13,10.3,18,37,28,964,23,8,5,36,7.499652976,103,39,2.563486899,9.071301025,7.14016983,7.854848054,479,12,3,3,18,485,11,5,2,18,497,503,22,17,79,24
49,1000,10,5.13,10.3,18,37,12,950,28,15,7,50,7.069625065,88,33,2.531059418,9.10628892,6.642539212,7.475065241,465,10,9,3,22,485,18,6,4,28,487,513,23,10,60,28
45,1000,10,5.13,10.3,18,37,103,952,34,5,9,48,8.826265175,108,40,2.853933242,10.38668147,9.572429001,8.065027333,472,23,5,5,33,480,11,0,4,15,505,495,24,16,79,29
46,1000,10,5.13,10.3,18,37,103,930,48,9,13,70,9.324990253,123,42,2.999321946,11.20203105,10.21799884,8.380532612,473,25,5,11,41,457,23,4,2,29,514,486,29,13,95,28
50,1000,10,5.13,10.3,18,37,10,945,24,16,15,55,7.448034301,95,25,2.507094774,9.033502022,6.800824618,8.16624589,505,10,9,2,21,440,14,7,13,34,526,474,11,14,63,32
47,1000,10,5.13,10.3,18,37,96,937,41,11,11,63,9.048980214,94,38,2.761280002,9.853824411,9.67619638,8.366768059,485,22,6,8,36,452,19,5,3,27,521,479,26,12,74,20
48,1000,10,5.13,10.3,18,37,29,964,23,8,5,36,7.513275779,106,37,2.566899303,9.066814958,7.173678767,7.848821933,479,12,3,3,18,485,11,5,2,18,497,503,20,17,74,32
49,1000,10,5.13,10.3,18,37,13,950,28,14,8,50,7.107718635,108,22,2.527102576,9.127125866,6.699049111,7.495675865,465,10,8,4,22,485,18,6,4,28,487,513,14,8,67,41
45,1000,10,5.13,10.3,18,37,104,953,33,5,9,47,8.829018181,101,38,2.84449843,10.38494745,9.612040463,8.030177266,472,23,5,5,33,481,10,0,4,14,505,495,21,17,70,31
46,1000,10,5.13,10.3,18,37,104,930,48,9,13,70,9.317232226,109,40,2.998614937,11.22636808,10.21276227,8.370107861,473,25,5,11,41,457,23,4,2,29,514,486,27,13,90,19
50,1000,10,5.13,10.3,18,37,11,947,24,15,14,53,7.450531949,103,34,2.518144143,9.034056038,6.824462566,8.145284049,505,10,9,2,21,442,14,6,12,32,526,474,15,19,64,39
47,1000,10,5.13,10.3,18,37,97,936,41,12,11,64,9.077989525,83,39,2.756703254,9.851906413,9.696089919,8.405692437,485,21,7,8,36,451,20,5,3,28,521,479,23,16,61,22
48,1000,10,5.13,10.3,18,37,30,961,24,10,5,39,7.546868479,94,25,2.571773976,9.095438923,7.232429143,7.857557047,476,14,4,3,21,485,10,6,2,18,497,503,16,9,62,32
49,1000,10,5.13,10.3,18,37,14,949,29,14,8,51,7.128365818,101,23,2.549934892,9.128105946,6.73287266,7.503814489,465,10,8,4,22,484,19,6,4,29,487,513,13,10,68,33
47,1000,10,5.13,10.3,18,37,98,937,39,12,12,63,9.112868573,96,39,2.771753162,9.891372549,9.767074913,8.401299673,485,20,8,8,36,452,19,4,4,27,521,479,25,14,73,23
50,1000,10,5.13,10.3,18,37,12,946,25,15,14,54,7.468797334,88,30,2.512090173,9.035859781,6.831373018,8.176150057,505,10,9,2,21,441,15,6,12,33,526,474,15,15,57,31
48,1000,10,5.13,10.3,18,37,31,961,25,10,4,39,7.54261663,109,33,2.591274735,9.108165022,7.224287523,7.857148571,475,15,5,2,22,486,10,5,2,17,497,503,19,14,73,36
49,1000,10,5.13,10.3,18,37,15,949,30,14,7,51,7.150203037,91,28,2.55958178,9.118410677,6.770684217,7.510486985,465,10,8,4,22,484,20,6,3,29,487,513,16,12,62,29
50,1000,10,5.13,10.3,18,37,13,947,24,15,14,53,7.479645381,105,26,2.508347774,9.050026637,6.897341278,8.125830947,505,10,9,2,21,442,14,6,12,32,526,474,14,12,64,41
47,1000,10,5.13,10.3,18,37,99,935,42,12,11,65,9.101723369,115,30,2.779031621,9.931122055,9.738155516,8.40948715,484,22,8,7,37,451,20,4,4,28,521,479,17,13,81,34
48,1000,10,5.13,10.3,18,37,32,961,25,10,4,39,7.569532296,103,32,2.593144646,9.14194315,7.249537538,7.885710018,475,15,5,2,22,486,10,5,2,17,497,503,22,10,71,32
49,1000,10,5.13,10.3,18,37,16,950,30,14,6,50,7.150787066,95,26,2.56936583,9.1173515,6.800315522,7.48349592,465,10,8,4,22,485,20,6,2,28,487,513,17,9,61,34
47,1000,10,5.13,10.3,18,37,100,933,45,11,11,67,9.124267622,92,46,2.814363595,9.940053928,9.791026076,8.399046004,481,25,8,7,40,452,20,3,4,27,521,479,27,19,66,26
50,1000,10,5.13,10.3,18,37,14,945,26,15,14,55,7.51104923,95,32,2.529166623,9.053901063,6.942424116,8.142055157,505,10,9,2,21,440,16,6,12,34,526,474,16,16,65,30
48,1000,10,5.13,10.3,18,37,33,962,24,10,4,38,7.620456466,81,28,2.610549222,9.153812931,7.280785663,7.956075529,476,14,5,2,21,486,10,5,2,17,497,503,18,10,46,35
49,1000,10,5.13,10.3,18,37,17,951,30,13,6,49,7.193518418,97,32,2.579722088,9.122493624,6.842353108,7.526885877,466,10,7,4,21,485,20,6,2,28,487,513,20,12,67,30
47,1000,10,5.13,10.3,18,37,101,934,44,11,11,66,9.134325931,112,38,2.823789735,9.964205389,9.780790185,8.431177964,482,24,8,7,39,452,20,3,4,27,521,479,23,15,83,29
50,1000,10,5.13,10.3,18,37,15,945,24,17,14,55,7.536348782,91,36,2.522606188,9.080936944,6.968550353,8.166437335,505,9,10,2,21,440,15,7,12,34,526,474,20,16,63,28
48,1000,10,5.13,10.3,18,37,34,961,25,10,4,39,7.63506324,97,36,2.627805658,9.200415379,7.291992549,7.974041636,476,14,5,2,21,485,11,5,2,18,497,503,23,13,67,30
49,1000,10,5.13,10.3,18,37,18,951,31,12,6,49,7.221236774,89,33,2.59889884,9.131256316,6.920379982,7.506845463,466,10,7,4,21,485,21,5,2,28,487,513,19,14,66,23
47,1000,10,5.13,10.3,18,37,102,934,43,12,11,66,9.164432118,103,40,2.836578669,9.977019852,9.840196012,8.429415441,482,24,8,7,39,452,19,4,4,27,521,479,25,15,86,17
50,1000,10,5.13,10.3,18,37,16,946,22,18,14,54,7.545173428,110,38,2.531469317,9.070577768,7.00923227,8.139909818,505,9,10,2,21,441,13,8,12,33,526,474,19,19,76,34
48,1000,10,5.13,10.3,18,37,35,959,26,11,4,41,7.679778731,91,33,2.63000475,9.22379705,7.376889907,7.979054566,473,17,5,2,24,486,9,6,2,17,497,503,16,17,65,26
49,1000,10,5.13,10.3,18,37,19,952,30,12,6,48,7.209138029,106,27,2.604928223,9.153026948,6.907480297,7.495507066,466,10,7,4,21,486,20,5,2,27,487,513,16,11,76,30
47,1000,10,5.13,10.3,18,37,103,932,44,13,11,68,9.178336734,101,33,2.829412624,10.01086538,9.885692338,8.4089583,480,26,8,7,41,452,18,5,4,27,521,479,24,9,76,25
50,1000,10,5.13,10.3,18,37,17,946,22,18,14,54,7.566645133,89,31,2.52404118,9.066153192,7.073330945,8.114078178,505,9,10,2,21,441,13,8,12,33,526,474,13,18,55,34
49,1000,10,5.13,10.3,18,37,20,954,29,11,6,46,7.224628563,95,25,2.61699828,9.158623903,6.940969215,7.493911414,467,10,6,4,20,487,19,5,2,26,487,513,16,9,66,29
48,1000,10,5.13,10.3,18,37,36,958,27,11,4,42,7.703618802,105,32,2.643184217,9.220841797,7.401891249,8.001747219,472,18,5,2,25,486,9,6,2,17,497,503,21,11,80,25
47,1000,10,5.13,10.3,18,37,104,933,44,13,10,67,9.183557601,95,32,2.852256517,10.02325029,9.899166095,8.405202643,480,27,8,6,41,453,17,5,4,26,521,479,15,17,68,27
50,1000,10,5.13,10.3,18,37,18,945,23,18,14,55,7.600381968,94,33,2.529308243,9.090499742,7.142682634,8.108293043,505,9,10,2,21,440,14,8,12,34,526,474,19,14,59,35
49,1000,10,5.13,10.3,18,37,21,954,29,11,6,46,7.243380297,87,28,2.625312921,9.184886303,6.941979081,7.529505817,467,10,6,4,20,487,19,5,2,26,487,513,19,9,64,23
48,1000,10,5.13,10.3,18,37,37,959,27,10,4,41,7.734743339,100,43,2.648849323,9.231982327,7.42992672,8.035923975,473,18,4,2,24,486,9,6,2,17,497,503,21,22,75,25
50,1000,10,5.13,10.3,18,37,19,944,24,18,14,56,7.597739129,99,32,2.521632151,9.093659336,7.13518633,8.111036116,504,10,10,2,22,440,14,8,12,34,526,474,19,13,69,30
49,1000,10,5.13,10.3,18,37,22,953,32,10,5,47,7.236232911,90,34,2.620150428,9.191621511,6.941480204,7.516046885,465,13,6,3,22,488,19,4,2,25,487,513,20,14,57,33
48,1000,10,5.13,10.3,18,37,38,959,27,10,4,41,7.74141422,108,35,2.660388915,9.241089179,7.432017497,8.047120326,473,18,4,2,24,486,9,6,2,17,497,503,20,15,78,30
50,1000,10,5.13,10.3,18,37,20,945,23,17,15,55,7.59763147,105,39,2.533716734,9.09614509,7.146568486,8.098178157,505,9,9,3,21,440,14,8,12,34,526,474,24,15,70,35
49,1000,10,5.13,10.3,18,37,23,955,30,10,5,45,7.274338925,91,27,2.647876492,9.198298083,6.985296079,7.548732426,466,12,6,3,21,489,18,4,2,24,487,513,15,12,58,33
48,1000,10,5.13,10.3,18,37,39,959,26,11,4,41,7.793178446,107,29,2.641067443,9.2631906,7.460629585,8.121760521,473,17,5,2,24,486,9,6,2,17,497,503,19,10,63,44
50,1000,10,5.13,10.3,18,37,21,945,24,17,14,55,7.624420082,102,38,2.54193133,9.097367531,7.175467008,8.122625393,505,9,9,3,21,440,15,8,11,34,526,474,21,17,74,28
49,1000,10,5.13,10.3,18,37,24,955,30,9,6,45,7.303717348,100,24,2.660076569,9.211892518,7.043968123,7.550301896,466,12,5,4,21,489,18,4,2,24,487,513,15,9,71,29
48,1000,10,5.13,10.3,18,37,40,960,25,11,4,40,7.778634718,106,39,2.639444368,9.277853741,7.473113464,8.080511585,474,16,5,2,23,486,9,6,2,17,497,503,14,25,78,28
50,1000,10,5.13,10.3,18,37,22,945,24,17,14,55,7.663279702,109,39,2.547294951,9.117249295,7.256423498,8.114769919,504,10,9,3,22,441,14,8,11,33,526,474,23,16,77,32
49,1000,10,5.13,10.3,18,37,25,954,30,10,6,46,7.342399415,85,36,2.66325769,9.22063357,7.060436661,7.610071659,466,12,5,4,21,488,18,5,2,25,487,513,19,17,67,18
48,1000,10,5.13,10.3,18,37,41,962,24,10,4,38,7.787141986,120,30,2.652834098,9.302969769,7.520539539,8.050564284,474,16,5,2,23,488,8,5,2,15,497,503,18,12,88,32
50,1000,10,5.13,10.3,18,37,23,945,25,16,14,55,7.705985184,96,31,2.563495276,9.127156964,7.284580905,8.173619467,504,11,8,3,22,441,14,8,11,33,526,474,19,12,60,36
49,1000,10,5.13,10.3,18,37,26,956,29,8,7,44,7.346945619,99,40,2.667710392,9.226852233,7.057343048,7.621870476,466,12,5,4,21,490,17,3,3,23,487,513,28,12,69,30
48,1000,10,5.13,10.3,18,37,42,961,25,10,4,39,7.796821091,88,35,2.657457368,9.309094947,7.52351315,8.066868896,474,16,5,2,23,487,9,5,2,16,497,503,19,16,59,29
50,1000,10,5.13,10.3,18,37,24,945,26,14,15,55,7.721709291,104,27,2.573727243,9.145350038,7.318984059,8.16861535,503,12,7,4,23,442,14,7,11,32,526,474,18,9,70,34
49,1000,10,5.13,10.3,18,37,27,958,28,7,7,42,7.375167011,111,39,2.674184477,9.233851661,7.125504924,7.612175659,466,12,5,4,21,492,16,2,3,21,487,513,24,15,76,35
50,1000,10,5.13,10.3,18,37,25,945,26,14,15,55,7.753345955,96,29,2.561548042,9.165727218,7.367032729,8.182039535,503,12,7,4,23,442,14,7,11,32,526,474,16,13,70,26
48,1000,10,5.13,10.3,18,37,43,962,24,10,4,38,7.818767543,95,28,2.674769389,9.31127333,7.548918977,8.08539724,474,15,6,2,23,488,9,4,2,15,497,503,19,9,71,24
49,1000,10,5.13,10.3,18,37,28,959,28,6,7,41,7.403789287,91,22,2.68398598,9.256961148,7.134909924,7.659041237,466,12,5,4,21,493,16,1,3,20,487,513,14,8,55,36
50,1000,10,5.13,10.3,18,37,26,946,25,14,15,54,7.774904982,114,27,2.573292496,9.192618311,7.423621615,8.164725765,503,11,8,4,23,443,14,6,11,31,526,474,17,10,75,39
48,1000,10,5.13,10.3,18,37,44,962,24,10,4,38,7.831272843,100,38,2.663758914,9.300069743,7.562262894,8.097073927,474,15,6,2,23,488,9,4,2,15,497,503,24,14,67,33
49,1000,10,5.13,10.3,18,37,29,960,27,6,7,40,7.389481933,114,36,2.682146975,9.280060674,7.15346035,7.613541408,466,12,5,4,21,494,15,1,3,19,487,513,26,10,91,23
50,1000,10,5.13,10.3,18,37,27,945,26,14,15,55,7.792343159,91,31,2.566802334,9.203740704,7.463006124,8.157809996,503,11,8,4,23,442,15,6,11,32,526,474,21,10,67,24
48,1000,10,5.13,10.3,18,37,45,962,24,10,4,38,7.835525184,117,31,2.673403067,9.31813612,7.586282775,8.081794523,474,15,6,2,23,488,9,4,2,15,497,503,21,10,87,30
49,1000,10,5.13,10.3,18,37,30,959,28,6,7,41,7.418773549,98,27,2.680782586,9.30132292,7.189138245,7.636770416,465,13,5,4,22,494,15,1,3,19,487,513,17,10,68,30
50,1000,10,5.13,10.3,18,37,28,945,26,15,14,55,7.794500211,104,27,2.577760828,9.218935592,7.507649362,8.112819931,503,11,8,4,23,442,15,7,10,32,526,474,11,16,70,34
48,1000,10,5.13,10.3,18,37,46,961,25,10,4,39,7.843165926,116,37,2.671337346,9.311290277,7.584081982,8.099159406,473,16,6,2,24,488,9,4,2,15,497,503,22,15,75,41
49,1000,10,5.13,10.3,18,37,31,957,30,6,7,43,7.480364603,90,32,2.693662081,9.309340607,7.241234774,7.707374791,464,14,5,4,23,493,16,1,3,20,487,513,16,16,74,16
50,1000,10,5.13,10.3,18,37,29,945,26,15,14,55,7.82758059,105,23,2.559995735,9.236910355,7.566303567,8.117520916,503,11,8,4,23,442,15,7,10,32,526,474,14,9,80,25
48,1000,10,5.13,10.3,18,37,47,962,22,12,4,38,7.841080803,115,35,2.66733298,9.334193995,7.601121226,8.07817804,472,15,8,2,25,490,7,4,2,13,497,503,21,14,83,32
49,1000,10,5.13,10.3,18,37,32,957,28,7,8,43,7.489416254,97,28,2.697082533,9.315182931,7.253250691,7.713612413,464,14,5,4,23,493,14,2,4,20,487,513,14,14,72,25
50,1000,10,5.13,10.3,18,37,30,946,25,15,14,54,7.862076509,91,33,2.573527013,9.242257186,7.578871977,8.176349892,504,10,8,4,22,442,15,7,10,32,526,474,19,14,64,27
48,1000,10,5.13,10.3,18,37,48,962,20,14,4,38,7.878520306,101,29,2.682881219,9.335423844,7.686097127,8.068648179,472,13,10,2,25,490,7,4,2,13,497,503,20,9,71,30
49,1000,10,5.13,10.3,18,37,33,956,29,7,8,44,7.495378391,106,34,2.700057296,9.319536443,7.248996204,7.729273371,464,14,5,4,23,492,15,2,4,21,487,513,18,16,70,36
50,1000,10,5.13,10.3,18,37,31,947,24,15,14,53,7.897768079,81,23,2.574004602,9.254020813,7.636943644,8.187206166,504,10,8,4,22,443,14,7,10,31,526,474,5,18,53,28
48,1000,10,5.13,10.3,18,37,49,960,22,14,4,40,7.88674219,119,44,2.677152277,9.346038563,7.694945569,8.076250979,471,14,10,2,26,489,8,4,2,14,497,503,28,16,82,37
49,1000,10,5.13,10.3,18,37,34,957,26,9,8,43,7.501145885,111,30,2.697077457,9.325497145,7.268708446,7.721802869,464,12,7,4,23,493,14,2,4,20,487,513,16,14,86,25
50,1000,10,5.13,10.3,18,37,32,947,24,15,14,53,7.894374078,97,31,2.558662773,9.273023458,7.631817439,8.185734399,504,10,8,4,22,443,14,7,10,31,526,474,17,14,71,26
48,1000,10,5.13,10.3,18,37,50,959,22,15,4,41,7.901201014,122,30,2.674232936,9.355361011,7.73746202,8.062986858,471,13,11,2,26,488,9,4,2,15,497,503,13,17,79,43
49,1000,10,5.13,10.3,18,37,35,956,27,9,8,44,7.5317216,109,35,2.692004097,9.344266685,7.308509764,7.743620555,464,12,7,4,23,492,15,2,4,21,487,513,15,20,77,32
50,1000,10,5.13,10.3,18,37,33,948,24,15,13,52,7.912378542,115,32,2.574493278,9.280938772,7.70372017,8.143927706,504,10,8,4,22,444,14,7,9,30,526,474,17,15,78,37
48,1000,10,5.13,10.3,18,37,51,959,21,15,5,41,7.93105552,115,27,2.680796142,9.384095945,7.793477306,8.066992643,471,12,11,3,26,488,9,4,2,15,497,503,15,12,82,33
49,1000,10,5.13,10.3,18,37,36,958,25,9,8,42,7.551445455,108,36,2.686086257,9.363807039,7.356515982,7.736495461,464,12,7,4,23,494,13,2,4,19,487,513,21,15,79,29
50,1000,10,5.13,10.3,18,37,34,947,25,16,12,53,7.947192574,100,31,2.572082505,9.273601895,7.760876311,8.153948596,504,10,8,4,22,443,15,8,8,31,526,474,14,17,73,27
48,1000,10,5.13,10.3,18,37,52,958,21,15,6,42,7.977911834,99,32,2.695985467,9.400562805,7.878993245,8.07565048,470,12,12,3,27,488,9,3,3,15,497,503,23,9,66,33
50,1000,10,5.13,10.3,18,37,35,946,26,16,12,54,7.965347338,94,33,2.582495365,9.300001803,7.784456199,8.166083074,503,11,8,4,23,443,15,8,8,31,526,474,23,10,65,29
49,1000,10,5.13,10.3,18,37,37,958,25,9,8,42,7.60915929,95,27,2.684580404,9.40325739,7.387035394,7.820025445,464,12,7,4,23,494,13,2,4,19,487,513,17,10,66,29
48,1000,10,5.13,10.3,18,37,53,958,20,15,7,42,8.007975517,97,28,2.711867633,9.400760234,7.914535548,8.100300894,471,11,11,4,26,487,9,4,3,16,497,503,20,8,73,24
50,1000,10,5.13,10.3,18,37,36,946,26,16,12,54,8.005481016,111,25,2.595229027,9.302965229,7.820295132,8.210982652,503,11,8,4,23,443,15,8,8,31,526,474,12,13,78,33
49,1000,10,5.13,10.3,18,37,38,957,24,11,8,43,7.642823481,97,24,2.693097129,9.422861942,7.423694971,7.850846063,464,12,7,4,23,493,12,4,4,20,487,513,14,10,73,24
48,1000,10,5.13,10.3,18,37,54,959,20,15,6,41,8.024493411,95,34,2.706122059,9.430833907,7.957701535,8.090488564,471,11,11,4,26,488,9,4,2,15,497,503,18,16,63,32
50,1000,10,5.13,10.3,18,37,37,946,26,16,12,54,8.011539105,115,23,2.592344979,9.301482191,7.835719669,8.206646749,504,10,8,4,22,442,16,8,8,32,526,474,17,6,70,45
49,1000,10,5.13,10.3,18,37,39,956,25,11,8,44,7.658089583,95,29,2.690038307,9.437305445,7.472251066,7.834509385,464,12,7,4,23,492,13,4,4,21,487,513,16,13,69,26
50,1000,10,5.13,10.3,18,37,38,946,26,16,12,54,8.009186126,93,39,2.596918229,9.309850338,7.845180494,8.191183937,504,10,8,4,22,442,16,8,8,32,526,474,25,14,68,25
49,1000,10,5.13,10.3,18,37,40,956,25,11,8,44,7.680453757,95,23,2.704657969,9.456627211,7.503352052,7.848579547,464,12,7,4,23,492,13,4,4,21,487,513,14,9,74,21
48,1000,10,5.13,10.3,18,37,55,959,20,15,6,41,8.022358114,93,42,2.720587806,9.444724229,7.942885914,8.100882337,471,11,11,4,26,488,9,4,2,15,497,503,27,15,66,27
50,1000,10,5.13,10.3,18,37,39,945,26,17,12,55,8.045766601,99,28,2.598581358,9.323442223,7.897758149,8.210012267,504,10,8,4,22,441,16,9,8,33,526,474,12,16,66,33
48,1000,10,5.13,10.3,18,37,56,959,20,15,6,41,8.029485028,110,34,2.714900558,9.486270595,7.956771842,8.10133086,471,11,11,4,26,488,9,4,2,15,497,503,21,13,77,33
49,1000,10,5.13,10.3,18,37,41,956,25,11,8,44,7.704647403,108,33,2.6848832,9.480555448,7.569510837,7.832934941,464,12,7,4,23,492,13,4,4,21,487,513,23,10,86,22
50,1000,10,5.13,10.3,18,37,40,945,28,17,10,55,8.038640779,116,39,2.602119789,9.32724673,7.914063918,8.176884299,504,10,8,4,22,441,18,9,6,33,526,474,25,14,84,32
49,1000,10,5.13,10.3,18,37,42,956,24,12,8,44,7.748526191,93,23,2.696735462,9.501757879,7.605968408,7.883858824,464,11,8,4,23,492,13,4,4,21,487,513,15,8,69,24
48,1000,10,5.13,10.3,18,37,57,960,19,15,6,40,8.042248094,89,35,2.731105929,9.51250252,7.992819173,8.091087405,471,11,11,4,26,489,8,4,2,14,497,503,21,14,65,24
50,1000,10,5.13,10.3,18,37,41,945,28,17,10,55,8.044932182,101,27,2.615667622,9.350601054,7.922303438,8.181013869,504,10,8,4,22,441,18,9,6,33,526,474,14,13,69,32
48,1000,10,5.13,10.3,18,37,58,957,22,15,6,43,8.079375328,106,35,2.733981601,9.522225286,8.042847091,8.11546784,470,12,11,4,27,487,10,4,2,16,497,503,21,14,77,29
49,1000,10,5.13,10.3,18,37,43,957,23,12,8,43,7.727452549,104,33,2.675106374,9.531366415,7.63260939,7.817488842,464,11,8,4,23,493,12,4,4,20,487,513,23,10,82,22
50,1000,10,5.13,10.3,18,37,42,947,28,15,10,53,8.058130756,91,42,2.616982435,9.383141047,7.974593844,8.150832056,504,10,8,4,22,443,18,7,6,31,526,474,22,20,62,29
49,1000,10,5.13,10.3,18,37,44,958,22,12,8,42,7.747134073,102,27,2.694112603,9.55317957,7.615520549,7.872077125,465,10,8,4,22,493,12,4,4,20,487,513,23,4,72,30
48,1000,10,5.13,10.3,18,37,59,957,22,15,6,43,8.089212105,108,35,2.734477045,9.543982181,8.091294369,8.087154679,470,12,11,4,27,487,10,4,2,16,497,503,24,11,75,33
50,1000,10,5.13,10.3,18,37,43,950,26,15,9,50,8.031735003,92,32,2.618528463,9.387004465,7.999177228,8.067864517,504,10,8,4,22,446,16,7,5,28,526,474,22,10,70,22
49,1000,10,5.13,10.3,18,37,45,957,23,12,8,43,7.791025414,100,40,2.702956387,9.585867316,7.661923537,7.913584116,464,11,8,4,23,493,12,4,4,20,487,513,22,18,79,21
48,1000,10,5.13,10.3,18,37,60,956,24,14,6,44,8.080232502,104,23,2.740472591,9.570563576,8.081047143,8.079427578,470,13,10,4,27,486,11,4,2,17,497,503,14,9,78,26
50,1000,10,5.13,10.3,18,37,44,950,27,15,8,50,8.033370593,88,36,2.637227136,9.430948488,8.008243252,8.061254521,504,10,8,4,22,446,17,7,4,28,526,474,26,10,61,27
49,1000,10,5.13,10.3,18,37,46,958,23,12,7,42,7.79476216,94,29,2.693113694,9.602705278,7.700984143,7.883787295,464,11,8,4,23,494,12,4,3,19,487,513,18,11,71,23
48,1000,10,5.13,10.3,18,37,61,956,25,13,6,44,8.09036444,90,33,2.738472429,9.59324841,8.114305042,8.066709411,469,14,10,4,28,487,11,3,2,16,497,503,18,15,66,24
50,1000,10,5.13,10.3,18,37,45,953,25,15,7,47,8.017895988,107,36,2.662075541,9.445550874,7.982180598,8.057529523,505,10,8,3,21,448,15,7,4,26,526,474,15,21,78,29
49,1000,10,5.13,10.3,18,37,47,959,21,12,8,41,7.819756753,87,41,2.70419384,9.635116469,7.74239226,7.893200239,464,11,8,4,23,495,10,4,4,18,487,513,26,15,67,20
48,1000,10,5.13,10.3,18,37,62,957,25,12,6,43,8.114896573,86,41,2.744666539,9.618786917,8.176488903,8.054038943,469,14,10,4,28,488,11,2,2,15,497,503,27,14,62,24
50,1000,10,5.13,10.3,18,37,46,952,25,16,7,48,8.051608691,116,36,2.668435759,9.453394425,8.044888641,8.059065963,504,10,9,3,22,448,15,7,4,26,526,474,22,14,77,39
49,1000,10,5.13,10.3,18,37,48,957,23,12,8,43,7.867341144,106,37,2.730149468,9.663704016,7.806465591,7.925131386,464,11,8,4,23,493,12,4,4,20,487,513,23,14,84,22
48,1000,10,5.13,10.3,18,37,63,957,24,13,6,43,8.147660976,102,29,2.739936158,9.6261702,8.260177777,8.036486324,468,14,11,4,29,489,10,2,2,14,497,503,17,12,70,32
50,1000,10,5.13,10.3,18,37,47,949,27,17,7,51,8.11305445,100,27,2.686297862,9.480667775,8.073643148,8.156789355,504,10,9,3,22,445,17,8,4,29,526,474,12,15,66,34
49,1000,10,5.13,10.3,18,37,49,957,24,11,8,43,7.867735877,107,25,2.75327931,9.684621972,7.780633969,7.950423264,465,11,7,4,22,492,13,4,4,21,487,513,19,6,82,25
48,1000,10,5.13,10.3,18,37,64,956,25,13,6,44,8.18134316,104,40,2.73343715,9.63916667,8.309944979,8.054275358,468,14,11,4,29,488,11,2,2,15,497,503,23,17,77,27
50,1000,10,5.13,10.3,18,37,48,949,28,16,7,51,8.134576485,103,29,2.692241259,9.492671196,8.062909616,8.214105542,505,10,8,3,21,444,18,8,4,30,526,474,20,9,72,31
49,1000,10,5.13,10.3,18,37,50,955,26,10,9,45,7.903748571,95,30,2.747777533,9.681908579,7.805370232,7.997140872,463,13,7,4,24,492,13,3,5,21,487,513,15,15,65,30
48,1000,10,5.13,10.3,18,37,65,956,26,12,6,44,8.203527858,103,32,2.751076605,9.651047952,8.301215452,8.107005524,469,14,10,4,28,487,12,2,2,16,497,503,17,15,70,33
50,1000,10,5.13,10.3,18,37,49,950,28,16,6,50,8.139420838,96,35,2.707316366,9.528538807,8.091587917,8.192501251,506,10,7,3,20,444,18,9,3,30,526,474,22,13,71,25
49,1000,10,5.13,10.3,18,37,51,955,25,11,9,45,7.928669783,100,39,2.771441323,9.697041573,7.846612514,8.006568204,463,13,7,4,24,492,12,4,5,21,487,513,27,12,74,26
48,1000,10,5.13,10.3,18,37,66,957,25,12,6,43,8.210555301,95,26,2.746442182,9.663855493,8.312106879,8.110215073,469,14,10,4,28,488,11,2,2,15,497,503,14,12,68,27
50,1000,10,5.13,10.3,18,37,50,951,27,16,6,49,8.157425475,102,31,2.703170577,9.529861198,8.087153478,8.235406635,506,10,7,3,20,445,17,9,3,29,526,474,17,14,71,31
49,1000,10,5.13,10.3,18,37,52,953,26,12,9,47,7.986434796,103,32,2.798745051,9.709676354,7.944862266,8.025900335,462,13,8,4,25,491,13,4,5,22,487,513,19,13,80,23
50,1000,10,5.13,10.3,18,37,51,950,28,17,5,50,8.184962424,102,23,2.704940827,9.550372741,8.139778302,8.235103454,505,11,7,3,21,445,17,10,2,29,526,474,9,14,79,23
49,1000,10,5.13,10.3,18,37,53,951,28,12,9,49,8.030521951,95,40,2.797620321,9.747952916,7.985767801,8.07300786,461,14,8,4,26,490,14,4,5,23,487,513,24,16,62,33
48,1000,10,5.13,10.3,18,37,67,957,24,13,6,43,8.228831716,107,34,2.750745244,9.680992318,8.321241692,8.137524047,469,13,11,4,28,488,11,2,2,15,497,503,18,16,79,28
50,1000,10,5.13,10.3,18,37,52,951,27,17,5,49,8.199529044,89,29,2.712990909,9.59857961,8.140017724,8.265569032,505,11,7,3,21,446,16,10,2,28,526,474,16,13,67,22
49,1000,10,5.13,10.3,18,37,54,950,29,12,9,50,8.055383894,108,42,2.807824255,9.75092741,8.060802439,8.050239973,460,15,8,4,27,490,14,4,5,23,487,513,23,19,84,24
48,1000,10,5.13,10.3,18,37,68,957,24,12,7,43,8.263967204,93,38,2.744714885,9.705357887,8.390277353,8.139163736,469,13,10,5,28,488,11,2,2,15,497,503,22,16,72,21
50,1000,10,5.13,10.3,18,37,53,952,26,17,5,48,8.1800663,89,31,2.718669795,9.622376121,8.169687351,8.191583869,506,10,7,3,20,446,16,10,2,28,526,474,21,10,59,30
49,1000,10,5.13,10.3,18,37,55,949,29,13,9,51,8.081484178,100,37,2.812903325,9.761354609,8.095653242,8.068033235,458,17,8,4,29,491,12,5,5,22,487,513,20,17,76,24
48,1000,10,5.13,10.3,18,37,69,955,26,12,7,45,8.266188404,87,36,2.729358763,9.741120658,8.413305146,8.120826534,468,14,10,5,29,487,12,2,2,16,497,503,26,10,61,26
50,1000,10,5.13,10.3,18,37,54,953,25,17,5,47,8.208746622,107,29,2.734043976,9.626369113,8.224643918,8.191105319,507,9,7,3,19,446,16,10,2,28,526,474,19,10,78,29
49,1000,10,5.13,10.3,18,37,56,948,30,13,9,52,8.101565784,118,22,2.822428648,9.779619419,8.106611197,8.096776083,457,18,8,4,30,491,12,5,5,22,487,513,12,10,88,30
48,1000,10,5.13,10.3,18,37,70,955,26,12,7,45,8.278631571,107,30,2.738905538,9.775773671,8.422112476,8.136862169,468,14,10,5,29,487,12,2,2,16,497,503,18,12,74,33
50,1000,10,5.13,10.3,18,37,55,952,27,16,5,48,8.235018837,87,28,2.758524438,9.631261917,8.261974333,8.205106198,508,9,6,3,18,444,18,10,2,30,526,474,17,11,57,30
49,1000,10,5.13,10.3,18,37,57,948,30,13,9,52,8.110294402,93,25,2.837606295,9.812432858,8.100898056,8.11921452,457,18,8,4,30,491,12,5,5,22,487,513,16,9,68,25
48,1000,10,5.13,10.3,18,37,71,954,27,12,7,46,8.321479077,98,32,2.721519108,9.775578656,8.460031642,8.184579226,468,14,10,5,29,486,13,2,2,17,497,503,20,12,75,23
50,1000,10,5.13,10.3,18,37,56,952,26,17,5,48,8.228887478,108,31,2.783055981,9.643679643,8.276124791,8.176468012,508,9,6,3,18,444,17,11,2,30,526,474,23,8,76,32
49,1000,10,5.13,10.3,18,37,58,948,30,13,9,52,8.139956174,101,40,2.838217892,9.820183205,8.164805008,8.116366736,457,18,8,4,30,491,12,5,5,22,487,513,21,19,74,27
48,1000,10,5.13,10.3,18,37,72,954,27,12,7,46,8.307350373,120,20,2.72683922,9.804799898,8.475680221,8.141028436,468,14,10,5,29,486,13,2,2,17,497,503,13,7,86,34
50,1000,10,5.13,10.3,18,37,57,953,26,16,5,47,8.228037572,113,32,2.803171229,9.628720913,8.263615184,8.18855693,509,9,5,3,17,444,17,11,2,30,526,474,17,15,85,28
49,1000,10,5.13,10.3,18,37,59,948,31,12,9,52,8.160614194,93,37,2.836851244,9.835191755,8.117534826,8.201510202,457,19,7,4,30,491,12,5,5,22,487,513,25,12,63,30
50,1000,10,5.13,10.3,18,37,58,953,26,16,5,47,8.249204539,108,35,2.808296216,9.627131937,8.322966763,8.167350256,509,9,5,3,17,444,17,11,2,30,526,474,26,9,79,29
48,1000,10,5.13,10.3,18,37,73,953,27,13,7,47,8.330533949,98,35,2.749061615,9.814807073,8.499805784,8.163281261,468,14,10,5,29,485,13,3,2,18,497,503,13,22,72,26
49,1000,10,5.13,10.3,18,37,60,949,30,11,10,51,8.171606188,104,35,2.853329568,9.853190853,8.151981092,8.190236639,457,19,7,4,30,492,11,4,6,21,487,513,17,18,77,27
50,1000,10,5.13,10.3,18,37,59,954,24,17,5,46,8.264625479,97,30,2.810356177,9.663616684,8.338668627,8.182459454,509,8,6,3,17,445,16,11,2,29,526,474,18,12,67,30
48,1000,10,5.13,10.3,18,37,74,953,27,13,7,47,8.363331409,99,39,2.75299333,9.834462452,8.534367278,8.194335728,468,14,10,5,29,485,13,3,2,18,497,503,24,15,72,27
49,1000,10,5.13,10.3,18,37,61,949,29,12,10,51,8.185401682,84,40,2.879424317,9.870386286,8.21715992,8.155253024,457,18,8,4,30,492,11,4,6,21,487,513,23,17,60,24
50,1000,10,5.13,10.3,18,37,60,953,25,17,5,47,8.301117924,111,38,2.822922045,9.667373609,8.400879777,8.190411733,508,9,6,3,18,445,16,11,2,29,526,474,24,14,86,25
48,1000,10,5.13,10.3,18,37,75,953,27,13,7,47,8.413201306,86,32,2.767748227,9.851790712,8.562003375,8.266174212,468,14,10,5,29,485,13,3,2,18,497,503,20,12,64,22
49,1000,10,5.13,10.3,18,37,62,949,29,12,10,51,8.231134589,102,49,2.910112475,9.882544822,8.269363348,8.19484335,457,18,8,4,30,492,11,4,6,21,487,513,33,16,76,26
50,1000,10,5.13,10.3,18,37,61,951,27,17,5,49,8.340340256,109,30,2.812550532,9.68526036,8.430684515,8.240084813,507,9,7,3,19,444,18,10,2,30,526,474,21,9,84,25
48,1000,10,5.13,10.3,18,37,76,953,28,12,7,47,8.394111486,118,29,2.770270964,9.858320362,8.528824353,8.261005531,468,15,9,5,29,485,13,3,2,18,497,503,15,14,77,41
49,1000,10,5.13,10.3,18,37,63,947,30,13,10,53,8.267637517,117,31,2.913540857,9.900549066,8.315452379,8.222246021,456,18,9,4,31,491,12,4,6,22,487,513,17,14,84,33
50,1000,10,5.13,10.3,18,37,62,952,27,16,5,48,8.34030239,83,39,2.825643036,9.678662782,8.443627411,8.225642134,507,9,7,3,19,445,18,9,2,29,526,474,22,17,53,30
48,1000,10,5.13,10.3,18,37,77,953,28,12,7,47,8.406123958,110,39,2.765023813,9.87728951,8.556575179,8.257467385,468,15,9,5,29,485,13,3,2,18,497,503,26,13,92,18
49,1000,10,5.13,10.3,18,37,64,949,28,13,10,51,8.274414394,111,39,2.918950413,9.912656078,8.309149092,8.241440129,457,17,9,4,30,492,11,4,6,21,487,513,28,11,83,28
50,1000,10,5.13,10.3,18,37,63,952,27,16,5,48,8.370085425,116,26,2.847630955,9.71473353,8.468119296,8.261296784,506,10,7,3,20,446,17,9,2,28,526,474,13,13,86,30
48,1000,10,5.13,10.3,18,37,78,952,28,13,7,48,8.439189739,100,34,2.764563126,9.940590856,8.608464744,8.271933918,467,15,10,5,30,485,13,3,2,18,497,503,24,10,73,27
49,1000,10,5.13,10.3,18,37,65,948,29,13,10,52,8.275509961,111,38,2.920638139,9.945729688,8.344314454,8.210192636,456,18,9,4,31,492,11,4,6,21,487,513,21,17,87,24
50,1000,10,5.13,10.3,18,37,64,950,29,16,5,50,8.357236303,108,33,2.853740565,9.715674712,8.482927443,8.217756261,505,11,7,3,21,445,18,9,2,29,526,474,21,12,75,33
48,1000,10,5.13,10.3,18,37,79,953,28,12,7,47,8.406585034,101,23,2.777993983,9.966466744,8.59224805,8.223136686,468,15,9,5,29,485,13,3,2,18,497,503,19,4,72,29
49,1000,10,5.13,10.3,18,37,66,950,29,11,10,50,8.298317973,122,38,2.930350314,9.971595282,8.350167406,8.249096386,458,18,7,4,29,492,11,4,6,21,487,513,22,16,90,32
50,1000,10,5.13,10.3,18,37,65,950,29,16,5,50,8.390937908,104,42,2.844423497,9.737420965,8.547268319,8.217457324,505,11,7,3,21,445,18,9,2,29,526,474,23,19,77,27
49,1000,10,5.13,10.3,18,37,67,950,30,10,10,50,8.299759525,130,34,2.959447561,9.998986286,8.375595137,8.227767432,458,18,7,4,29,492,12,3,6,21,487,513,23,11,95,35
48,1000,10,5.13,10.3,18,37,80,954,27,12,7,46,8.381605766,100,39,2.778213621,10.01748832,8.59946831,8.16634198,467,15,10,5,30,487,12,2,2,16,497,503,24,15,76,24
50,1000,10,5.13,10.3,18,37,66,953,27,16,4,47,8.416243089,98,36,2.837462713,9.733631149,8.589011363,8.224521334,507,9,7,3,19,446,18,9,1,28,526,474,20,16,66,32
49,1000,10,5.13,10.3,18,37,68,949,31,10,10,51,8.296745035,114,28,2.953211233,10.01702564,8.363221525,8.233637723,458,18,7,4,29,491,13,3,6,22,487,513,14,14,84,30
48,1000,10,5.13,10.3,18,37,81,953,28,11,8,47,8.453384051,92,35,2.773465104,10.04625909,8.694203543,8.215437157,466,16,9,6,31,487,12,2,2,16,497,503,21,14,65,27
50,1000,10,5.13,10.3,18,37,67,954,27,15,4,46,8.42781044,124,33,2.841870177,9.723132078,8.582780298,8.255839668,507,9,7,3,19,447,18,8,1,27,526,474,14,19,92,32
49,1000,10,5.13,10.3,18,37,69,948,31,11,10,52,8.320240959,88,38,2.955302268,10.04713518,8.393822847,8.250388367,457,18,8,4,30,491,13,3,6,22,487,513,24,14,72,16
48,1000,10,5.13,10.3,18,37,82,953,28,11,8,47,8.430228543,111,47,2.784594738,10.06260901,8.683277206,8.180198354,466,16,9,6,31,487,12,2,2,16,497,503,24,23,81,30
50,1000,10,5.13,10.3,18,37,68,955,25,15,5,45,8.437951749,104,39,2.852952903,9.724467673,8.612582384,8.244163322,507,9,7,3,19,448,16,8,2,26,526,474,22,17,74,30
49,1000,10,5.13,10.3,18,37,70,949,30,11,10,51,8.340136022,105,41,2.970498636,10.08095791,8.434606584,8.250453443,457,18,8,4,30,492,12,3,6,21,487,513,23,18,77,28
48,1000,10,5.13,10.3,18,37,83,953,28,11,8,47,8.464413802,104,34,2.797998952,10.08328499,8.702988984,8.228684447,466,16,9,6,31,487,12,2,2,16,497,503,16,18,84,20
50,1000,10,5.13,10.3,18,37,69,954,26,15,5,46,8.467987137,77,27,2.87113818,9.7317928,8.648970027,8.267149583,507,9,7,3,19,447,17,8,2,27,526,474,16,11,60,17
49,1000,10,5.13,10.3,18,37,71,949,30,11,10,51,8.351404543,102,43,2.964858467,10.09959193,8.443871728,8.263623803,457,18,8,4,30,492,12,3,6,21,487,513,25,18,77,25
48,1000,10,5.13,10.3,18,37,84,953,28,11,8,47,8.474053887,78,35,2.809855215,10.12533223,8.711165481,8.239770661,466,16,9,6,31,487,12,2,2,16,497,503,26,9,60,18
50,1000,10,5.13,10.3,18,37,70,954,26,15,5,46,8.506581337,99,45,2.881412947,9.737760137,8.736682054,8.251237503,506,10,7,3,20,448,16,8,2,26,526,474,32,13,75,24
49,1000,10,5.13,10.3,18,37,72,947,33,11,9,53,8.372753508,117,36,2.96876165,10.11776305,8.482765073,8.268317577,457,18,8,4,30,490,15,3,5,23,487,513,19,17,86,31
48,1000,10,5.13,10.3,18,37,85,953,28,11,8,47,8.533705068,105,36,2.828894467,10.14708374,8.779504672,8.290837467,465,17,9,6,32,488,11,2,2,15,497,503,17,19,80,25
50,1000,10,5.13,10.3,18,37,71,953,27,15,5,47,8.521585839,110,43,2.87198941,9.767851743,8.730481346,8.289773525,506,10,7,3,20,447,17,8,2,27,526,474,29,14,76,34
49,1000,10,5.13,10.3,18,37,73,946,34,11,9,54,8.391235358,112,30,2.985969397,10.14067995,8.522057356,8.267043714,456,19,8,4,31,490,15,3,5,23,487,513,19,11,90,22
50,1000,10,5.13,10.3,18,37,72,954,28,14,4,46,8.520689525,101,43,2.886434377,9.795169063,8.774387663,8.239159523,505,11,7,3,21,449,17,7,1,25,526,474,24,19,69,32
48,1000,10,5.13,10.3,18,37,86,952,28,12,8,48,8.561007474,114,22,2.832946108,10.15682766,8.81045811,8.314532392,465,17,9,6,32,487,11,3,2,16,497,503,13,9,90,24
49,1000,10,5.13,10.3,18,37,74,947,33,11,9,53,8.381660281,122,36,2.993322265,10.14605684,8.528940036,8.241844997,457,18,8,4,30,490,15,3,5,23,487,513,28,8,93,29
50,1000,10,5.13,10.3,18,37,73,953,29,14,4,47,8.534646725,78,35,2.880489877,9.827043264,8.790814628,8.250376014,505,11,7,3,21,448,18,7,1,26,526,474,23,12,60,18
48,1000,10,5.13,10.3,18,37,87,952,28,12,8,48,8.56999414,109,30,2.832058611,10.16273554,8.834467982,8.308675055,465,17,9,6,32,487,11,3,2,16,497,503,17,13,79,30
49,1000,10,5.13,10.3,18,37,75,947,32,12,9,53,8.39308298,115,29,2.985425952,10.16159669,8.525149496,8.267709895,457,18,8,4,30,490,14,4,5,23,487,513,20,9,86,29
50,1000,10,5.13,10.3,18,37,74,954,28,15,3,46,8.521373859,80,34,2.879500703,9.813980629,8.780447637,8.233878486,505,11,8,2,21,449,17,7,1,25,526,474,18,16,63,17
48,1000,10,5.13,10.3,18,37,88,951,29,11,9,49,8.605885386,92,36,2.826873287,10.17967758,8.913028226,8.302406278,465,17,8,7,32,486,12,3,2,17,497,503,22,14,66,26
49,1000,10,5.13,10.3,18,37,76,948,31,12,9,52,8.368065095,114,40,3.008549024,10.17716614,8.522582723,8.221378771,457,18,8,4,30,491,13,4,5,22,487,513,23,17,87,27
50,1000,10,5.13,10.3,18,37,75,955,27,15,3,45,8.518957772,88,29,2.898784602,9.851623545,8.787258513,8.221223194,505,11,8,2,21,450,16,7,1,24,526,474,21,8,67,21
49,1000,10,5.13,10.3,18,37,77,949,30,12,9,51,8.371179482,121,49,3.010508835,10.21081299,8.558515193,8.193338369,457,18,8,4,30,492,12,4,5,21,487,513,30,19,87,34
48,1000,10,5.13,10.3,18,37,89,951,28,12,9,49,8.664200002,94,34,2.834737157,10.20356837,8.961532016,8.370414693,465,17,8,7,32,486,11,4,2,17,497,503,24,10,70,24
50,1000,10,5.13,10.3,18,37,76,955,27,15,3,45,8.510433801,105,26,2.906453202,9.869428144,8.804692795,8.183893229,505,11,8,2,21,450,16,7,1,24,526,474,17,9,82,23
48,1000,10,5.13,10.3,18,37,90,952,28,11,9,48,8.669646959,117,37,2.845916752,10.24279557,8.980062866,8.362933826,465,17,8,7,32,487,11,3,2,16,497,503,19,18,90,27
49,1000,10,5.13,10.3,18,37,78,948,32,13,7,52,8.407122587,117,32,3.018524998,10.24033385,8.612259225,8.212382737,456,18,9,4,31,492,14,4,3,21,487,513,17,15,93,24
50,1000,10,5.13,10.3,18,37,77,954,28,15,3,46,8.510507798,88,28,2.923539038,9.877220456,8.809507061,8.178706927,504,12,8,2,22,450,16,7,1,24,526,474,17,11,64,24
48,1000,10,5.13,10.3,18,37,91,952,28,11,9,48,8.685690813,98,39,2.849289413,10.25858333,8.997479263,8.377621508,465,17,8,7,32,487,11,3,2,16,497,503,24,15,74,24
49,1000,10,5.13,10.3,18,37,79,948,33,12,7,52,8.394756883,107,43,3.021369815,10.27599288,8.61341276,8.187182979,456,19,8,4,31,492,14,4,3,21,487,513,26,17,79,28
50,1000,10,5.13,10.3,18,37,78,954,26,16,4,46,8.563677319,105,37,2.959580218,9.885078465,8.852080574,8.243634888,504,11,9,2,22,450,15,7,2,24,526,474,20,17,74,31
48,1000,10,5.13,10.3,18,37,92,951,29,11,9,49,8.707945961,102,44,2.840993763,10.27534381,9.000341755,8.41903799,464,18,8,7,33,487,11,3,2,16,497,503,26,18,74,28
49,1000,10,5.13,10.3,18,37,80,950,31,12,7,50,8.39404619,107,33,3.022887315,10.28580519,8.645758029,8.155091675,456,19,8,4,31,494,12,4,3,19,487,513,23,10,90,17
50,1000,10,5.13,10.3,18,37,79,954,26,16,4,46,8.581504501,108,40,2.945415804,9.886066479,8.914851002,8.211588342,503,12,9,2,23,451,14,7,2,23,526,474,25,15,81,27
48,1000,10,5.13,10.3,18,37,93,950,28,13,9,50,8.718236532,117,33,2.853593823,10.31050291,9.058334447,8.382195452,464,17,9,7,33,486,11,4,2,17,497,503,21,12,91,26
49,1000,10,5.13,10.3,18,37,81,950,32,11,7,50,8.401991014,109,44,3.010181603,10.28621689,8.632343349,8.183313456,456,19,8,4,31,494,13,3,3,19,487,513,31,13,85,24
50,1000,10,5.13,10.3,18,37,80,953,27,16,4,47,8.613937719,95,47,2.956328256,9.914723399,8.950321461,8.24065112,502,13,9,2,24,451,14,7,2,23,526,474,30,17,73,22
48,1000,10,5.13,10.3,18,37,94,946,32,13,9,54,8.754988659,111,34,2.855061691,10.31439123,9.10044745,8.41365065,463,18,9,7,34,483,14,4,2,20,497,503,25,9,86,25
49,1000,10,5.13,10.3,18,37,82,949,32,12,7,51,8.417950965,113,46,3.022168762,10.307906,8.650635837,8.197059089,456,19,8,4,31,493,13,4,3,20,487,513,31,15,87,26
50,1000,10,5.13,10.3,18,37,81,953,26,17,4,47,8.623561858,96,40,2.973410694,9.934991753,9.036459714,8.165367191,501,13,10,2,25,452,13,7,2,22,526,474,27,13,74,22
48,1000,10,5.13,10.3,18,37,95,945,33,13,9,55,8.778218082,95,32,2.853018377,10.33508193,9.142902717,8.417883562,462,19,9,7,35,483,14,4,2,20,497,503,25,7,71,24
49,1000,10,5.13,10.3,18,37,83,949,33,12,6,51,8.441711847,113,37,3.025989454,10.31648332,8.704872745,8.191888538,456,19,8,4,31,493,14,4,2,20,487,513,25,12,83,30
50,1000,10,5.13,10.3,18,37,82,954,26,16,4,46,8.65147439,100,32,2.970550521,9.93698075,9.055584402,8.203031634,502,13,9,2,24,452,13,7,2,22,526,474,16,16,78,22
49,1000,10,5.13,10.3,18,37,84,949,33,12,6,51,8.478158789,96,29,3.038975931,10.32851181,8.722268107,8.246421484,456,19,8,4,31,493,14,4,2,20,487,513,21,8,71,25
48,1000,10,5.13,10.3,18,37,96,944,35,12,9,56,8.822021121,107,38,2.850579468,10.35537934,9.181506894,8.466823449,462,20,8,7,35,482,15,4,2,21,497,503,22,16,86,21
50,1000,10,5.13,10.3,18,37,83,953,27,16,4,47,8.646698388,119,32,2.991868858,9.967783035,9.073216597,8.173389153,501,14,9,2,25,452,13,7,2,22,526,474,16,16,80,39
49,1000,10,5.13,10.3,18,37,85,948,33,13,6,52,8.498418629,118,44,3.046295745,10.34647886,8.742251108,8.266944131,456,18,9,4,31,492,15,4,2,21,487,513,32,12,92,26
48,1000,10,5.13,10.3,18,37,97,944,35,12,9,56,8.827754067,111,27,2.864699607,10.34466902,9.187161181,8.472634116,462,20,8,7,35,482,15,4,2,21,497,503,19,8,86,25
50,1000,10,5.13,10.3,18,37,84,952,28,16,4,48,8.671922518,112,43,2.995607884,9.981782694,9.08919451,8.208873852,501,14,9,2,25,451,14,7,2,23,526,474,30,13,78,34
49,1000,10,5.13,10.3,18,37,86,948,33,13,6,52,8.501546126,112,46,3.055831544,10.3877237,8.756060453,8.25993116,457,17,9,4,30,491,16,4,2,22,487,513,31,15,90,22
50,1000,10,5.13,10.3,18,37,85,950,31,15,4,50,8.679290382,101,40,3.00460882,10.0044241,9.101406984,8.21086563,500,15,9,2,26,450,16,6,2,24,526,474,27,13,81,20
48,1000,10,5.13,10.3,18,37,98,943,36,12,9,57,8.819674805,149,38,2.866831169,10.37106513,9.197521899,8.446334834,461,21,8,7,36,482,15,4,2,21,497,503,27,11,116,33
49,1000,10,5.13,10.3,18,37,87,947,34,13,6,53,8.510621515,110,42,3.053652747,10.39702142,8.778780719,8.256053226,457,17,9,4,30,490,17,4,2,23,487,513,29,13,89,21
50,1000,10,5.13,10.3,18,37,86,951,29,16,4,49,8.701050163,112,49,3.01492479,10.01640878,9.149480734,8.203424678,500,14,10,2,26,451,15,6,2,23,526,474,30,19,79,33
48,1000,10,5.13,10.3,18,37,99,944,34,13,9,56,8.826317394,121,43,2.87963276,10.39914517,9.221207275,8.436137928,461,21,8,7,36,483,13,5,2,20,497,503,26,17,91,30
49,1000,10,5.13,10.3,18,37,88,946,35,13,6,54,8.523343145,114,43,3.074124498,10.39857389,8.801430557,8.259349833,457,17,9,4,30,489,18,4,2,24,487,513,32,11,95,19
50,1000,10,5.13,10.3,18,37,87,950,28,17,5,50,8.773912567,108,36,3.015654692,10.03846592,9.204681437,8.295886353,500,13,11,2,26,450,15,6,3,24,526,474,18,18,79,29
48,1000,10,5.13,10.3,18,37,100,945,34,12,9,55,8.852917653,109,36,2.889433517,10.42061764,9.288960983,8.422075635,461,21,8,7,36,484,13,4,2,19,497,503,24,12,87,22
49,1000,10,5.13,10.3,18,37,89,946,34,14,6,54,8.551973679,132,25,3.096339886,10.44189256,8.820765939,8.296804417,457,17,9,4,30,489,17,5,2,24,487,513,18,7,103,29
50,1000,10,5.13,10.3,18,37,88,950,28,17,5,50,8.791435336,101,35,3.003938002,10.06905731,9.243220677,8.290087047,500,13,11,2,26,450,15,6,3,24,526,474,17,18,72,29
48,1000,10,5.13,10.3,18,37,101,945,34,12,9,55,8.863800308,110,44,2.88923612,10.42562229,9.2996438,8.433155745,461,21,8,7,36,484,13,4,2,19,497,503,29,15,83,27
49,1000,10,5.13,10.3,18,37,90,945,35,14,6,55,8.565800961,100,51,3.099706913,10.47512412,8.869002712,8.277966161,457,17,9,4,30,488,18,5,2,25,487,513,31,20,82,18
50,1000,10,5.13,10.3,18,37,89,949,29,16,6,51,8.818311514,98,32,3.002750951,10.10976381,9.271049747,8.315905795,499,14,11,2,27,450,15,5,4,24,526,474,16,16,75,23
48,1000,10,5.13,10.3,18,37,102,944,34,13,9,56,8.901464674,108,33,2.888445216,10.4545042,9.323216009,8.484744171,461,20,9,7,36,483,14,4,2,20,497,503,22,11,85,23
49,1000,10,5.13,10.3,18,37,91,944,36,13,7,56,8.592337142,109,54,3.11191934,10.48294403,8.915535249,8.285519447,457,17,8,5,30,487,19,5,2,26,487,513,37,17,83,26
50,1000,10,5.13,10.3,18,37,90,949,29,16,6,51,8.826568263,108,45,3.004260148,10.15196347,9.294882273,8.306878033,499,14,11,2,27,450,15,5,4,24,526,474,22,23,83,25
48,1000,10,5.13,10.3,18,37,103,944,34,13,9,56,8.909567491,112,41,2.907361556,10.50155565,9.332723284,8.491459283,461,20,9,7,36,483,14,4,2,20,497,503,26,15,87,25
49,1000,10,5.13,10.3,18,37,92,944,36,13,7,56,8.604366108,112,44,3.142077688,10.51317431,8.892164926,8.331153585,457,17,8,5,30,487,19,5,2,26,487,513,32,12,92,20
50,1000,10,5.13,10.3,18,37,91,948,30,15,7,52,8.832658836,115,40,3.021111851,10.16871317,9.351987788,8.256357088,497,16,10,3,29,451,14,5,4,23,526,474,21,19,82,33
48,1000,10,5.13,10.3,18,37,104,941,37,14,8,59,8.919908556,102,37,2.910792942,10.5089955,9.358627615,8.486422725,460,20,10,7,37,481,17,4,1,22,497,503,26,11,75,27
49,1000,10,5.13,10.3,18,37,93,943,37,13,7,57,8.642846537,106,31,3.128885807,10.53690305,8.959753678,8.342000966,456,18,8,5,31,487,19,5,2,26,487,513,23,8,83,23
50,1000,10,5.13,10.3,18,37,92,945,33,15,7,55,8.851886888,116,35,3.022012764,10.19839883,9.377870707,8.268200203,497,16,10,3,29,448,17,5,4,26,526,474,24,11,91,25
49,1000,10,5.13,10.3,18,37,94,944,35,14,7,56,8.651721852,109,38,3.143689937,10.56771584,8.97231017,8.347381673,456,18,8,5,31,488,17,6,2,25,487,513,29,9,78,31
50,1000,10,5.13,10.3,18,37,93,946,32,15,7,54,8.829192077,97,41,3.00816628,10.2113697,9.348692737,8.252699783,498,16,9,3,28,448,16,6,4,26,526,474,24,17,78,19
49,1000,10,5.13,10.3,18,37,95,946,34,14,6,54,8.662488084,125,49,3.159065885,10.61145407,8.963716943,8.376526184,457,18,8,4,30,489,16,6,2,24,487,513,34,15,95,30
50,1000,10,5.13,10.3,18,37,94,944,33,16,7,56,8.870256943,119,32,3.009440994,10.24421765,9.431287619,8.247678597,497,16,10,3,29,447,17,6,4,27,526,474,21,11,92,27
49,1000,10,5.13,10.3,18,37,96,947,33,14,6,53,8.637484089,116,51,3.158122485,10.62846678,8.990681383,8.302187633,457,18,8,4,30,490,15,6,2,23,487,513,35,16,98,18
50,1000,10,5.13,10.3,18,37,95,945,33,14,8,55,8.884744003,104,40,3.013923874,10.26219485,9.478136307,8.226253809,497,16,9,4,29,448,17,5,4,26,526,474,29,11,82,22
49,1000,10,5.13,10.3,18,37,97,946,34,14,6,54,8.657218271,122,29,3.177517968,10.64867106,9.049811999,8.284522081,455,20,8,4,32,491,14,6,2,22,487,513,21,8,92,30
50,1000,10,5.13,10.3,18,37,96,946,33,14,7,54,8.90126907,118,44,3.017285626,10.3057316,9.498903467,8.238071406,497,16,9,4,29,449,17,5,3,25,526,474,26,18,90,28
49,1000,10,5.13,10.3,18,37,98,945,35,14,6,55,8.657435156,116,39,3.180929387,10.67729078,9.05045979,8.284329899,454,21,8,4,33,491,14,6,2,22,487,513,30,9,96,20
50,1000,10,5.13,10.3,18,37,97,945,34,14,7,55,8.915779143,103,41,3.025732283,10.34038134,9.519358827,8.245983965,496,17,9,4,30,449,17,5,3,25,526,474,26,15,78,25
49,1000,10,5.13,10.3,18,37,99,944,36,14,6,56,8.65792011,115,35,3.193434108,10.71385256,9.071340957,8.265452366,453,22,8,4,34,491,14,6,2,22,487,513,25,10,93,22
50,1000,10,5.13,10.3,18,37,98,945,33,15,7,55,8.908389597,107,48,3.039306729,10.35844845,9.512634006,8.23785677,496,16,10,4,30,449,17,5,3,25,526,474,32,16,85,22
49,1000,10,5.13,10.3,18,37,100,945,35,14,6,55,8.705814233,131,50,3.207665355,10.74398758,9.14585772,8.288073146,454,21,8,4,33,491,14,6,2,22,487,513,33,17,101,30
50,1000,10,5.13,10.3,18,37,99,945,33,14,8,55,8.920662477,129,34,3.052149783,10.3994141,9.570242755,8.199820227,496,16,10,4,30,449,17,4,4,25,526,474,26,8,95,34
49,1000,10,5.13,10.3,18,37,101,945,34,15,6,55,8.720404018,101,45,3.219071381,10.75461272,9.169179265,8.294373715,454,20,9,4,33,491,14,6,2,22,487,513,29,16,78,23
50,1000,10,5.13,10.3,18,37,100,944,34,14,8,56,8.934767012,127,48,3.056689885,10.41283858,9.606568262,8.189266047,495,17,10,4,31,449,17,4,4,25,526,474,32,16,99,28
49,1000,10,5.13,10.3,18,37,102,945,34,15,6,55,8.754898322,112,50,3.21482211,10.74725683,9.185357414,8.346255871,454,20,9,4,33,491,14,6,2,22,487,513,35,15,89,23
50,1000,10,5.13,10.3,18,37,101,943,36,13,8,57,8.964874005,119,37,3.054886968,10.43090148,9.643718058,8.211557609,495,18,9,4,31,448,18,4,4,26,526,474,22,15,88,31
49,1000,10,5.13,10.3,18,37,103,944,35,15,6,56,8.770930518,118,42,3.210781134,10.73385901,9.263250725,8.303562212,453,21,9,4,34,491,14,6,2,22,487,513,26,16,96,22
50,1000,10,5.13,10.3,18,37,102,942,37,13,8,58,8.970474751,118,40,3.039966203,10.45905693,9.64890854,8.217613626,494,19,9,4,32,448,18,4,4,26,526,474,26,14,94,24
49,1000,10,5.13,10.3,18,37,104,943,36,14,7,57,8.780992175,112,41,3.219237523,10.74946466,9.292724895,8.295195225,452,22,8,5,35,491,14,6,2,22,487,513,32,9,89,23
50,1000,10,5.13,10.3,18,37,103,941,38,13,8,59,9.000654843,104,40,3.031359336,10.50406958,9.673704943,8.253768022,494,19,9,4,32,447,19,4,4,27,526,474,23,17,80,24
50,1000,10,5.13,10.3,18,37,104,941,38,13,8,59,9.017087199,118,40,3.03352429,10.52434784,9.722803555,8.233950484,494,19,9,4,32,447,19,4,4,27,526,474,26,14,86,32
