[run number],initial-people,environment,healthy-treatment-chance-men,healthy-treatment-chance-women,dep-treatment-chance-men,dep-treatment-chance-women,[step],"count turtles with [ severity = ""No Depression"" ]","count turtles with [ severity = ""Mild Depression"" ]","count turtles with [ severity = ""Moderate Depression"" ]","count turtles with [ severity = ""Severe Depression"" ]","count turtles with [ severity != ""No Depression"" ]",mean [ dep-score ] of turtles,count turtles with [ treatment? ],count turtles with [ talks? ],mean [ prob-of-talking ] of turtles,mean [ prob-of-treatment ] of turtles,"mean [ dep-score ] of turtles with [ gender? = ""male"" ]","mean [ dep-score ] of turtles with [ gender? = ""female"" ]","count turtles with [ severity = ""No Depression"" and gender? = ""male"" ]","count turtles with [ severity = ""Mild Depression"" and gender? = ""male"" ]","count turtles with [ severity = ""Moderate Depression"" and gender? = ""male"" ]","count turtles with [ severity = ""Severe Depression"" and gender? = ""male"" ]","count turtles with [ severity != ""No Depression"" and gender? = ""male"" ]","count turtles with [ severity = ""No Depression"" and gender? = ""female"" ]","count turtles with [ severity = ""Mild Depression"" and gender? = ""female"" ]","count turtles with [ severity = ""Moderate Depression"" and gender? = ""female"" ]","count turtles with [ severity = ""Severe Depression"" and gender? = ""female"" ]","count turtles with [ severity != ""No Depression"" and gender? = ""female"" ]","count turtles with [ gender? = ""male"" ]","count turtles with [ gender? = ""female"" ]","count turtles with [ talks? = TRUE and gender? = ""female"" ]","count turtles with [ talks? = TRUE and gender? = ""male"" ]","count turtles with [ treatment? = TRUE and gender? = ""female"" ]","count turtles with [ treatment? = TRUE and gender? = ""male"" ]"
3,1000,60,5.13,10.3,18,37,0,929,33,18,20,71,7.466,101,158,15.0108145,9.326007134,6.52917505,8.391650099,469,15,4,9,28,460,18,14,11,43,497,503,82,76,75,26
5,1000,60,5.13,10.3,18,37,0,936,38,18,8,64,7.169,76,155,14.97465817,9.132909431,6.579158317,7.756487026,472,20,4,3,27,464,18,14,5,37,499,501,89,66,45,31
6,1000,60,5.13,10.3,18,37,0,936,39,8,17,64,7.168,118,172,14.93492816,8.996352114,6.34375,8.032786885,491,14,4,3,21,445,25,4,14,43,512,488,100,72,77,41
2,1000,60,5.13,10.3,18,37,0,938,33,14,15,62,7.094,103,160,15.01227781,9.060759716,6.058116232,8.125748503,480,11,3,5,19,458,22,11,10,43,499,501,88,72,73,30
8,1000,60,5.13,10.3,18,37,0,936,28,13,23,64,7.442,90,146,14.95795151,9.076408734,6.414396887,8.528806584,494,7,7,6,20,442,21,6,17,44,514,486,66,80,70,20
7,1000,60,5.13,10.3,18,37,0,929,37,19,15,71,7.649,108,142,14.96950052,9.30469538,6.5625,8.788934426,494,9,3,6,18,435,28,16,9,53,512,488,75,67,71,37
4,1000,60,5.13,10.3,18,37,0,941,37,11,11,59,7.119,89,134,15.07565053,9.129096435,6.187242798,8,469,12,3,2,17,472,25,8,9,42,486,514,70,64,63,26
1,1000,60,5.13,10.3,18,37,0,952,26,9,13,48,6.882,117,150,15.04625814,8.828615794,5.774390244,7.954724409,479,10,0,3,13,473,16,9,10,35,492,508,83,67,79,38
3,1000,60,5.13,10.3,18,37,1,929,32,18,21,71,7.493787575,108,145,15.03714116,9.345814295,6.579443134,8.397225323,469,15,4,9,28,460,17,14,12,43,497,503,85,60,69,39
5,1000,60,5.13,10.3,18,37,1,936,38,18,8,64,7.204592299,83,162,15.02412242,9.188466393,6.623283882,7.783580123,472,20,4,3,27,464,18,14,5,37,499,501,88,74,56,27
6,1000,60,5.13,10.3,18,37,1,936,38,9,17,64,7.189872368,95,149,15.01929368,9.074356605,6.341465177,8.080004503,491,14,4,3,21,445,24,5,14,43,512,488,96,53,58,37
7,1000,60,5.13,10.3,18,37,1,928,38,19,15,72,7.694110846,93,156,15.02521579,9.379983498,6.629425762,8.811157491,493,10,3,6,19,435,28,16,9,53,512,488,86,70,67,26
8,1000,60,5.13,10.3,18,37,1,937,28,12,23,63,7.419898715,102,151,15.00688701,9.133674885,6.382313056,8.517262973,495,7,6,6,19,442,21,6,17,44,514,486,88,63,72,30
2,1000,60,5.13,10.3,18,37,1,942,30,14,14,58,7.119630609,105,152,15.08868647,9.139297485,6.067623148,8.167438439,481,11,3,4,18,461,19,11,10,40,499,501,82,70,74,31
4,1000,60,5.13,10.3,18,37,1,943,35,12,10,57,7.112531619,91,154,15.11670084,9.162940001,6.225486496,7.951255218,470,10,4,2,16,473,25,8,8,41,486,514,78,76,63,28
1,1000,60,5.13,10.3,18,37,1,955,24,8,13,45,6.889949761,83,146,15.06381356,8.882229777,5.782624583,7.962398556,481,8,0,3,11,474,16,8,10,34,492,508,79,67,57,26
3,1000,60,5.13,10.3,18,37,2,930,32,17,21,70,7.485129085,95,150,15.07403331,9.388394972,6.618319083,8.341599406,469,15,4,9,28,461,17,13,12,42,497,503,85,65,65,30
5,1000,60,5.13,10.3,18,37,2,935,40,16,9,65,7.243256037,93,152,15.04827016,9.236572691,6.661839844,7.822351208,470,22,4,3,29,465,18,12,6,36,499,501,88,64,64,29
6,1000,60,5.13,10.3,18,37,2,936,38,8,18,64,7.230706975,96,146,15.05226008,9.0958657,6.378588829,8.124732571,491,14,4,3,21,445,24,4,15,43,512,488,83,63,59,37
7,1000,60,5.13,10.3,18,37,2,932,38,16,14,68,7.701560792,100,170,15.0385587,9.446375336,6.661342094,8.792937787,494,11,2,5,18,438,27,14,9,50,512,488,93,77,71,29
8,1000,60,5.13,10.3,18,37,2,937,28,12,23,63,7.440423524,106,156,15.03960903,9.208018342,6.405264087,8.535221775,495,7,6,6,19,442,21,6,17,44,514,486,94,62,79,27
2,1000,60,5.13,10.3,18,37,2,943,30,14,13,57,7.125638304,88,142,15.12483692,9.194241074,6.073952396,8.173125864,481,11,3,4,18,462,19,11,9,39,499,501,80,62,62,26
4,1000,60,5.13,10.3,18,37,2,943,35,12,10,57,7.112659264,103,177,15.16028465,9.209274387,6.232409758,7.944957435,470,10,4,2,16,473,25,8,8,41,486,514,105,72,66,37
1,1000,60,5.13,10.3,18,37,2,955,24,8,13,45,6.936483598,85,151,15.07751941,8.909651222,5.848102248,7.990585221,481,8,0,3,11,474,16,8,10,34,492,508,86,65,55,30
3,1000,60,5.13,10.3,18,37,3,930,32,16,22,70,7.509264339,80,146,15.0982592,9.439223438,6.630351861,8.377692771,469,15,4,9,28,461,17,12,13,42,497,503,81,65,48,32
6,1000,60,5.13,10.3,18,37,3,937,37,7,19,63,7.259869043,102,142,15.11596738,9.216195815,6.408017281,8.153615155,491,14,4,3,21,446,23,3,16,42,512,488,76,66,66,36
5,1000,60,5.13,10.3,18,37,3,936,40,15,9,64,7.265535735,91,145,15.0689934,9.28471622,6.681211164,7.847527672,471,22,3,3,28,465,18,12,6,36,499,501,79,66,62,29
7,1000,60,5.13,10.3,18,37,3,934,37,15,14,66,7.731418686,96,154,15.07869553,9.509778662,6.73115868,8.780871807,494,11,2,5,18,440,26,13,9,48,512,488,95,59,66,30
8,1000,60,5.13,10.3,18,37,3,938,27,11,24,62,7.440195657,96,181,15.0916511,9.260426545,6.414448538,8.525039318,495,7,6,6,19,443,20,5,18,43,514,486,108,73,60,36
2,1000,60,5.13,10.3,18,37,3,943,30,14,13,57,7.142562401,103,145,15.18732189,9.261991414,6.12576047,8.155305242,481,11,3,4,18,462,19,11,9,39,499,501,76,69,71,32
4,1000,60,5.13,10.3,18,37,3,945,34,11,10,55,7.121137181,96,169,15.1757499,9.234203235,6.265525551,7.930139617,470,10,4,2,16,475,24,7,8,39,486,514,102,67,73,23
3,1000,60,5.13,10.3,18,37,4,933,31,15,21,67,7.502002013,103,154,15.1655757,9.499321826,6.648097134,8.345721147,468,16,4,9,29,465,15,11,12,38,497,503,100,54,70,33
1,1000,60,5.13,10.3,18,37,3,956,24,9,11,44,6.917763998,97,163,15.12704622,8.970375153,5.840137673,7.961449336,481,9,0,2,11,475,15,9,9,33,492,508,100,63,65,32
6,1000,60,5.13,10.3,18,37,4,936,38,7,19,64,7.264589745,92,135,15.17377864,9.298415432,6.41309133,8.15796513,491,14,4,3,21,445,24,3,16,43,512,488,74,61,60,32
7,1000,60,5.13,10.3,18,37,4,937,34,15,14,63,7.734818364,108,150,15.1448893,9.576394928,6.77062712,8.74642885,495,10,2,5,17,442,24,13,9,46,512,488,89,61,82,26
5,1000,60,5.13,10.3,18,37,4,936,41,15,8,64,7.288739874,94,147,15.12759046,9.353101068,6.721952809,7.853264317,470,23,3,3,29,466,18,12,5,35,499,501,84,63,66,28
8,1000,60,5.13,10.3,18,37,4,939,28,10,23,61,7.401344266,95,164,15.13667889,9.337621341,6.417822531,8.441529805,495,7,6,6,19,444,21,4,17,42,514,486,90,74,65,30
2,1000,60,5.13,10.3,18,37,4,943,30,14,13,57,7.143038306,118,155,15.22134206,9.315002451,6.122824337,8.159179565,481,11,3,4,18,462,19,11,9,39,499,501,89,66,78,40
4,1000,60,5.13,10.3,18,37,4,943,37,11,9,57,7.129728588,96,168,15.21979699,9.283419914,6.292648028,7.921209429,468,12,4,2,18,475,25,7,7,39,486,514,102,66,64,32
3,1000,60,5.13,10.3,18,37,5,934,31,15,20,66,7.517837566,101,159,15.23140534,9.559914134,6.662054139,8.36341284,468,17,4,8,29,466,14,11,12,37,497,503,103,56,63,38
1,1000,60,5.13,10.3,18,37,4,956,23,10,11,44,6.931153895,96,173,15.1809769,9.057628892,5.841709315,7.98628526,481,8,1,2,11,475,15,9,9,33,492,508,106,67,64,32
6,1000,60,5.13,10.3,18,37,5,939,36,6,19,61,7.243660537,102,153,15.24121086,9.341212095,6.430631846,8.096674245,491,14,4,3,21,448,22,2,16,40,512,488,98,55,67,35
7,1000,60,5.13,10.3,18,37,5,939,32,15,14,61,7.759041226,105,151,15.20934492,9.676514251,6.761716345,8.805414871,496,9,2,5,16,443,23,13,9,45,512,488,94,57,79,26
5,1000,60,5.13,10.3,18,37,5,938,39,15,8,62,7.323378421,92,144,15.15842594,9.407170822,6.748636582,7.895825882,471,22,3,3,28,467,17,12,5,34,499,501,82,62,58,34
8,1000,60,5.13,10.3,18,37,5,939,28,10,23,61,7.414957362,119,169,15.24634865,9.428959073,6.455296657,8.429907161,495,7,6,6,19,444,21,4,17,42,514,486,99,70,80,39
2,1000,60,5.13,10.3,18,37,5,942,31,14,13,58,7.194744984,102,175,15.28138339,9.37267993,6.173902764,8.211511986,480,12,3,4,19,462,19,11,9,39,499,501,100,75,67,35
4,1000,60,5.13,10.3,18,37,5,944,35,12,9,56,7.18136731,98,147,15.26069464,9.330772725,6.365479739,7.952809644,468,11,5,2,18,476,24,7,7,38,486,514,86,61,63,35
3,1000,60,5.13,10.3,18,37,6,936,29,15,20,64,7.542221734,101,152,15.24891939,9.606732862,6.718653043,8.355966545,468,17,4,8,29,468,12,11,12,35,497,503,90,62,77,24
1,1000,60,5.13,10.3,18,37,5,957,22,10,11,43,6.919346892,86,151,15.18828189,9.092460638,5.8468213,7.95809215,481,8,1,2,11,476,14,9,9,32,492,508,96,55,59,27
5,1000,60,5.13,10.3,18,37,6,940,40,12,8,60,7.31232967,88,151,15.24642712,9.481763151,6.77972542,7.842807755,471,22,3,3,28,469,18,9,5,32,499,501,84,67,57,31
6,1000,60,5.13,10.3,18,37,6,939,35,6,20,61,7.287259926,88,170,15.26963128,9.411432672,6.465333293,8.149609181,491,14,4,3,21,448,21,2,17,40,512,488,103,67,57,31
8,1000,60,5.13,10.3,18,37,6,940,28,11,21,60,7.421568502,98,159,15.29693571,9.496210188,6.481381553,8.4159226,495,7,6,6,19,445,21,5,15,41,514,486,95,64,65,33
7,1000,60,5.13,10.3,18,37,6,937,34,15,14,63,7.785131283,106,178,15.30288222,9.790911807,6.799702639,8.819023631,494,11,2,5,18,443,23,13,9,45,512,488,103,75,81,25
2,1000,60,5.13,10.3,18,37,6,943,31,14,12,57,7.166015062,97,160,15.37887694,9.472223877,6.17015231,8.157902313,480,12,3,4,19,463,19,11,8,38,499,501,97,63,61,36
4,1000,60,5.13,10.3,18,37,6,945,35,12,8,55,7.154387742,115,161,15.26171133,9.377383474,6.362505671,7.903132269,469,10,5,2,17,476,25,7,6,38,486,514,93,68,84,31
3,1000,60,5.13,10.3,18,37,7,938,28,14,20,62,7.518791353,105,156,15.30701173,9.690348769,6.759823008,8.268706398,468,17,4,8,29,470,11,10,12,33,497,503,102,54,75,30
5,1000,60,5.13,10.3,18,37,7,940,40,12,8,60,7.330978827,116,186,15.33387824,9.56144604,6.816157128,7.843745349,471,22,3,3,28,469,18,9,5,32,499,501,107,79,81,35
7,1000,60,5.13,10.3,18,37,7,939,33,14,14,61,7.787247414,100,162,15.38487857,9.875750009,6.807212128,8.815481156,494,11,2,5,18,445,22,12,9,43,512,488,97,65,69,31
1,1000,60,5.13,10.3,18,37,6,958,22,10,10,42,6.904453152,97,165,15.24324689,9.124588608,5.842676372,7.932788144,481,8,1,2,11,477,14,9,8,31,492,508,109,56,71,26
6,1000,60,5.13,10.3,18,37,7,939,35,6,20,61,7.308081068,97,148,15.33270176,9.45494519,6.492028256,8.164267625,491,14,4,3,21,448,21,2,17,40,512,488,82,66,77,20
8,1000,60,5.13,10.3,18,37,7,942,26,11,21,58,7.422941541,103,162,15.37634171,9.556077632,6.526215035,8.371331303,495,7,6,6,19,447,19,5,15,39,514,486,90,72,70,33
2,1000,60,5.13,10.3,18,37,7,947,32,10,11,53,7.133455698,107,160,15.41643544,9.51825461,6.226377101,8.036913223,480,12,3,4,19,467,20,7,7,34,499,501,112,48,76,31
4,1000,60,5.13,10.3,18,37,7,943,36,13,8,57,7.218914971,109,139,15.28121869,9.417061874,6.436916433,7.958314367,467,12,5,2,19,476,24,8,6,38,486,514,78,61,74,35
3,1000,60,5.13,10.3,18,37,8,938,27,15,20,62,7.58062771,111,140,15.38683414,9.804173442,6.860848046,8.291821532,468,16,5,8,29,470,11,10,12,33,497,503,86,54,82,29
7,1000,60,5.13,10.3,18,37,8,939,32,15,14,61,7.807840035,116,166,15.47227523,9.973538189,6.888242195,8.772663998,493,11,3,5,19,446,21,12,9,42,512,488,105,61,85,31
5,1000,60,5.13,10.3,18,37,8,942,38,12,8,58,7.336885226,109,158,15.43278622,9.660187076,6.823336688,7.84838367,472,21,3,3,27,470,17,9,5,31,499,501,99,59,80,29
8,1000,60,5.13,10.3,18,37,8,942,27,11,20,58,7.470964576,79,173,15.47457373,9.666888453,6.600683153,8.39138567,495,7,6,6,19,447,20,5,14,39,514,486,105,68,60,19
6,1000,60,5.13,10.3,18,37,8,939,35,6,20,61,7.313954135,89,160,15.36262049,9.514192113,6.50120582,8.166673678,492,13,4,3,20,447,22,2,17,41,512,488,99,61,62,27
1,1000,60,5.13,10.3,18,37,7,958,21,11,10,42,6.952577624,92,154,15.35311848,9.192181976,5.903374775,7.968734714,481,8,1,2,11,477,13,10,8,31,492,508,86,68,62,30
2,1000,60,5.13,10.3,18,37,8,946,33,10,11,54,7.13294843,98,160,15.4809062,9.63019093,6.272861929,7.989601451,479,13,3,4,20,467,20,7,7,34,499,501,99,61,68,30
4,1000,60,5.13,10.3,18,37,8,945,35,14,6,55,7.226606178,109,152,15.30880419,9.469585971,6.488728263,7.924288409,466,13,5,2,20,479,22,9,4,35,486,514,97,55,77,32
3,1000,60,5.13,10.3,18,37,9,940,26,14,20,60,7.641372396,111,162,15.47904809,9.88781522,6.964423898,8.310245962,469,16,4,8,28,471,10,10,12,32,497,503,98,64,80,31
7,1000,60,5.13,10.3,18,37,9,941,32,14,13,59,7.787231686,106,152,15.5363471,10.06911465,6.912175424,8.705323502,493,11,3,5,19,448,21,11,8,40,512,488,91,61,75,31
5,1000,60,5.13,10.3,18,37,9,943,37,12,8,57,7.325020477,111,160,15.4879455,9.710048836,6.848467692,7.799670856,471,22,3,3,28,472,15,9,5,29,499,501,103,57,74,37
8,1000,60,5.13,10.3,18,37,9,943,26,11,20,57,7.493963909,110,175,15.51938953,9.728751361,6.611948776,8.426794729,496,6,6,6,18,447,20,5,14,39,514,486,107,68,81,29
6,1000,60,5.13,10.3,18,37,9,938,35,7,20,62,7.333185941,96,168,15.42638256,9.597017585,6.522463366,8.183780118,491,13,5,3,21,447,22,2,17,41,512,488,99,69,75,21
1,1000,60,5.13,10.3,18,37,8,959,21,11,9,41,6.964171227,90,159,15.44465216,9.25629817,5.937385049,7.958617684,481,8,1,2,11,478,13,10,7,30,492,508,96,63,70,20
4,1000,60,5.13,10.3,18,37,9,946,35,13,6,54,7.271255016,95,163,15.3140771,9.495801384,6.517121341,7.984307479,467,13,4,2,19,479,22,9,4,35,486,514,98,65,69,26
2,1000,60,5.13,10.3,18,37,9,944,35,10,11,56,7.207524796,102,158,15.57285513,9.695900997,6.353228307,8.058410919,479,13,3,4,20,465,22,7,7,36,499,501,96,62,72,30
3,1000,60,5.13,10.3,18,37,10,941,27,13,19,59,7.63649886,104,171,15.55485162,9.96783161,6.960549593,8.304385114,469,17,3,8,28,472,10,10,11,31,497,503,101,70,77,27
7,1000,60,5.13,10.3,18,37,10,943,29,16,12,57,7.735393438,107,157,15.64955998,10.16286277,6.899287374,8.612619472,493,11,3,5,19,450,18,13,7,38,512,488,93,64,86,21
8,1000,60,5.13,10.3,18,37,10,945,25,10,20,55,7.524751713,102,163,15.59042156,9.808336497,6.678079684,8.4202032,497,6,5,6,17,448,19,5,14,38,514,486,96,67,74,28
5,1000,60,5.13,10.3,18,37,10,942,38,12,8,58,7.336901848,91,169,15.54959228,9.785666306,6.878775306,7.793199542,470,23,3,3,29,472,15,9,5,29,499,501,105,64,64,27
6,1000,60,5.13,10.3,18,37,10,939,34,7,20,61,7.378691926,93,159,15.48504629,9.659514739,6.591860642,8.20421983,491,13,5,3,21,448,21,2,17,40,512,488,89,70,63,30
1,1000,60,5.13,10.3,18,37,9,958,21,12,9,42,6.996794799,96,172,15.52722148,9.358986998,5.977856714,7.983640347,481,7,2,2,11,477,14,10,7,31,492,508,105,67,69,27
4,1000,60,5.13,10.3,18,37,10,947,34,13,6,53,7.314468471,101,139,15.37536909,9.568545001,6.54345216,8.043483894,467,13,4,2,19,480,21,9,4,34,486,514,93,46,70,31
2,1000,60,5.13,10.3,18,37,10,945,34,10,11,55,7.239551949,103,168,15.67440751,9.789227921,6.394071912,8.081656816,479,13,3,4,20,466,21,7,7,35,499,501,101,67,79,24
3,1000,60,5.13,10.3,18,37,11,942,28,12,18,58,7.643886582,95,184,15.61688102,10.05016766,6.987752347,8.292194166,469,17,3,8,28,473,11,9,10,30,497,503,116,68,72,23
7,1000,60,5.13,10.3,18,37,11,945,30,13,12,55,7.716562296,95,173,15.70450244,10.20809814,6.920259298,8.552027737,493,11,3,5,19,452,19,10,7,36,512,488,108,65,76,19
8,1000,60,5.13,10.3,18,37,11,946,24,11,19,54,7.511391159,84,188,15.68079371,9.914936348,6.705074319,8.364162468,497,6,5,6,17,449,18,6,13,37,514,486,117,71,61,23
5,1000,60,5.13,10.3,18,37,11,942,37,13,8,58,7.356905777,97,152,15.56811927,9.847487708,6.884894266,7.827033011,470,23,3,3,29,472,14,10,5,29,499,501,104,48,64,33
6,1000,60,5.13,10.3,18,37,11,940,33,8,19,60,7.389189955,94,167,15.5387067,9.725995249,6.639470609,8.175780745,491,13,5,3,21,449,20,3,16,39,512,488,108,59,74,20
1,1000,60,5.13,10.3,18,37,10,958,20,12,10,42,7.048033332,92,162,15.56655127,9.40636569,6.096967307,7.969144522,481,6,2,3,11,477,14,10,7,31,492,508,94,68,68,24
4,1000,60,5.13,10.3,18,37,11,949,32,13,6,51,7.318093167,117,137,15.49426905,9.664198129,6.554945847,8.03966826,469,11,4,2,17,480,21,9,4,34,486,514,89,48,92,25
3,1000,60,5.13,10.3,18,37,12,942,28,12,18,58,7.660610768,113,172,15.75514135,10.14645904,7.025219574,8.288422744,469,17,3,8,28,473,11,9,10,30,497,503,109,63,79,34
7,1000,60,5.13,10.3,18,37,12,946,30,11,13,54,7.744957501,115,175,15.78086758,10.30030229,6.986716167,8.540489393,493,11,3,5,19,453,19,8,8,35,512,488,104,71,83,32
8,1000,60,5.13,10.3,18,37,12,947,24,10,19,53,7.530164626,96,137,15.78046611,9.999703528,6.730916132,8.37546036,497,6,5,6,17,450,18,5,13,36,514,486,92,45,75,21
2,1000,60,5.13,10.3,18,37,11,946,33,9,12,54,7.314736267,91,161,15.74959236,9.851694623,6.481078949,8.145065611,480,12,3,4,19,466,21,6,8,35,499,501,113,48,68,23
5,1000,60,5.13,10.3,18,37,12,944,34,14,8,56,7.358011926,98,165,15.65636983,9.894649507,6.877109153,7.836994928,472,20,4,3,27,472,14,10,5,29,499,501,105,60,70,28
6,1000,60,5.13,10.3,18,37,12,942,33,9,16,58,7.352068662,97,152,15.63382247,9.809723971,6.650705253,8.087925353,491,13,6,2,21,451,20,3,14,37,512,488,105,47,71,26
1,1000,60,5.13,10.3,18,37,11,958,20,12,10,42,7.106087212,97,173,15.65684525,9.463154618,6.108404373,8.072346969,481,6,2,3,11,477,14,10,7,31,492,508,108,65,64,33
4,1000,60,5.13,10.3,18,37,12,950,31,13,6,50,7.333639866,90,151,15.56788611,9.741754552,6.597582489,8.029600732,469,11,4,2,17,481,20,9,4,33,486,514,100,51,63,27
3,1000,60,5.13,10.3,18,37,13,941,28,13,18,59,7.683022579,102,178,15.86258862,10.27046207,7.072253171,8.286506468,469,16,4,8,28,472,12,9,10,31,497,503,101,77,74,28
8,1000,60,5.13,10.3,18,37,13,947,24,10,19,53,7.516710604,118,170,15.91879999,10.09973997,6.734132112,8.344375923,497,6,5,6,17,450,18,5,13,36,514,486,110,60,83,35
7,1000,60,5.13,10.3,18,37,13,946,32,11,11,54,7.745608526,101,199,15.79358513,10.34652839,7.012232092,8.515052653,493,12,3,4,19,453,20,8,7,35,512,488,130,69,71,30
2,1000,60,5.13,10.3,18,37,12,948,32,8,12,52,7.338220356,103,177,15.85295002,9.934446099,6.521578289,8.151602374,480,12,3,4,19,468,20,5,8,33,499,501,120,57,82,21
5,1000,60,5.13,10.3,18,37,13,945,37,13,5,55,7.333069887,109,159,15.72020235,9.947885495,6.863724473,7.800541666,472,21,4,2,27,473,16,9,3,28,499,501,107,52,73,36
6,1000,60,5.13,10.3,18,37,13,943,32,9,16,57,7.348986567,100,151,15.66235051,9.855270009,6.694667878,8.035484863,491,13,6,2,21,452,19,3,14,36,512,488,86,65,68,32
1,1000,60,5.13,10.3,18,37,12,959,19,13,9,41,7.098776652,106,166,15.74392304,9.573239235,6.130201041,8.036845945,481,6,2,3,11,478,13,11,6,30,492,508,111,55,82,24
4,1000,60,5.13,10.3,18,37,13,951,31,11,7,49,7.360681158,105,142,15.65679441,9.823383967,6.635329538,8.046519461,469,11,4,2,17,482,20,7,5,32,486,514,92,50,82,23
3,1000,60,5.13,10.3,18,37,14,944,25,13,18,56,7.675954406,105,169,15.9772938,10.34909666,7.103325261,8.241752984,470,15,4,8,27,474,10,9,10,29,497,503,109,60,74,31
8,1000,60,5.13,10.3,18,37,14,944,27,10,19,56,7.539266814,114,172,16.08453189,10.22689493,6.757389669,8.366190379,495,8,5,6,19,449,19,5,13,37,514,486,114,58,78,36
7,1000,60,5.13,10.3,18,37,14,948,29,12,11,52,7.762332494,103,162,15.84039379,10.40238779,7.094343967,8.463172916,493,11,4,4,19,455,18,8,7,33,512,488,107,55,74,29
2,1000,60,5.13,10.3,18,37,13,949,32,7,12,51,7.370108371,123,164,15.93750944,10.01398061,6.557998448,8.178976338,481,11,3,4,18,468,21,4,8,33,499,501,99,65,86,37
5,1000,60,5.13,10.3,18,37,14,944,37,14,5,56,7.363419674,108,161,15.78486433,9.996868635,6.92406631,7.801019133,471,21,5,2,28,473,16,9,3,28,499,501,105,56,86,22
6,1000,60,5.13,10.3,18,37,14,942,33,10,15,58,7.345079641,102,155,15.74493014,9.939542078,6.704983004,8.016656441,491,13,6,2,21,451,20,4,13,37,512,488,105,50,72,30
4,1000,60,5.13,10.3,18,37,14,950,32,11,7,50,7.404729685,105,160,15.74472003,9.907323401,6.708026869,8.063479819,468,12,4,2,18,482,20,7,5,32,486,514,108,52,77,28
1,1000,60,5.13,10.3,18,37,13,959,19,13,9,41,7.121991011,94,166,15.83007919,9.669748359,6.194834147,8.019946083,481,6,2,3,11,478,13,11,6,30,492,508,104,62,69,25
8,1000,60,5.13,10.3,18,37,15,944,27,11,18,56,7.549143307,100,175,16.276384,10.38035779,6.787827686,8.354320733,495,8,5,6,19,449,19,6,12,37,514,486,113,62,78,22
3,1000,60,5.13,10.3,18,37,15,944,25,13,18,56,7.683962776,109,166,16.08621718,10.45756828,7.125911874,8.235357007,471,14,4,8,26,473,11,9,10,30,497,503,111,55,74,35
7,1000,60,5.13,10.3,18,37,15,950,28,11,11,50,7.758993343,95,146,15.90337406,10.48766861,7.121551575,8.427784707,493,11,4,4,19,457,17,7,7,31,512,488,97,49,70,25
2,1000,60,5.13,10.3,18,37,14,950,31,7,12,50,7.357782959,111,171,16.05219724,10.14871502,6.578420235,8.134034455,481,11,3,4,18,469,20,4,8,32,499,501,113,58,86,25
5,1000,60,5.13,10.3,18,37,15,944,38,12,6,56,7.381925662,114,181,15.87654496,10.07111718,6.954985924,7.80716105,470,22,5,2,29,474,16,7,4,27,499,501,109,72,85,29
6,1000,60,5.13,10.3,18,37,15,943,32,10,15,57,7.351941758,101,157,15.82871087,9.998822949,6.741486533,7.99241937,491,13,6,2,21,452,19,4,13,36,512,488,104,53,80,21
4,1000,60,5.13,10.3,18,37,15,950,30,13,7,50,7.452983979,95,140,15.85521877,10.00465741,6.726360484,8.140024871,468,12,4,2,18,482,18,9,5,32,486,514,100,40,71,24
8,1000,60,5.13,10.3,18,37,16,947,25,10,18,53,7.564199724,104,162,16.38230277,10.48374712,6.882068635,8.285630545,495,8,5,6,19,452,17,5,12,34,514,486,111,51,83,21
7,1000,60,5.13,10.3,18,37,16,951,28,10,11,49,7.77266598,108,185,15.97059834,10.55263706,7.166863797,8.408261713,493,11,4,4,19,458,17,6,7,30,512,488,107,78,75,33
3,1000,60,5.13,10.3,18,37,16,946,22,13,19,54,7.695944619,135,180,16.19551363,10.55195747,7.132122466,8.25304126,472,12,4,9,25,474,10,9,10,29,497,503,125,55,90,45
1,1000,60,5.13,10.3,18,37,14,956,23,13,8,44,7.167603766,104,151,15.92539204,9.771457942,6.251970291,8.054398391,480,7,2,3,12,476,16,11,5,32,492,508,103,48,79,25
2,1000,60,5.13,10.3,18,37,15,950,31,7,12,50,7.365060106,98,172,16.19563683,10.27136664,6.596934642,8.130119202,481,11,3,4,18,469,20,4,8,32,499,501,113,59,72,26
5,1000,60,5.13,10.3,18,37,16,946,37,11,6,54,7.416283612,100,168,15.97250795,10.17657625,7.029270253,7.801752008,470,22,5,2,29,476,15,6,4,25,499,501,108,60,78,22
6,1000,60,5.13,10.3,18,37,16,943,32,10,15,57,7.396773236,120,157,15.94423136,10.08971555,6.769615335,8.054774968,491,13,6,2,21,452,19,4,13,36,512,488,98,59,85,35
4,1000,60,5.13,10.3,18,37,16,949,31,13,7,51,7.470575902,96,159,15.97519891,10.11458693,6.73273594,8.168222247,468,12,4,2,18,481,19,9,5,33,486,514,109,50,67,29
8,1000,60,5.13,10.3,18,37,17,947,25,11,17,53,7.544071769,124,190,16.49064311,10.58397206,6.907631115,8.217179786,495,8,5,6,19,452,17,6,11,34,514,486,130,60,97,27
7,1000,60,5.13,10.3,18,37,17,952,27,10,11,48,7.80146731,105,181,16.1107918,10.69064617,7.234879648,8.395919938,493,11,4,4,19,459,16,6,7,29,512,488,125,56,77,28
3,1000,60,5.13,10.3,18,37,17,948,20,13,19,52,7.702655058,100,172,16.31821542,10.65572624,7.177534732,8.221511523,472,12,4,9,25,476,8,9,10,27,497,503,110,62,71,29
1,1000,60,5.13,10.3,18,37,15,954,25,13,8,46,7.199739997,112,177,16.03675877,9.877314485,6.30655513,8.064793056,479,7,3,3,13,475,18,10,5,33,492,508,116,61,85,27
2,1000,60,5.13,10.3,18,37,16,951,31,7,11,49,7.394529217,123,169,16.34777903,10.39097099,6.669436704,8.11672715,481,11,3,4,18,470,20,4,7,31,499,501,115,54,90,33
5,1000,60,5.13,10.3,18,37,17,946,37,11,6,54,7.45056443,112,193,16.06580563,10.27488315,7.06928448,7.830322304,470,22,5,2,29,476,15,6,4,25,499,501,132,61,87,25
6,1000,60,5.13,10.3,18,37,17,943,33,9,15,57,7.420312029,107,151,16.04250925,10.17373781,6.838887392,8.03033132,491,13,6,2,21,452,20,3,13,36,512,488,104,47,74,33
8,1000,60,5.13,10.3,18,37,18,950,23,11,16,50,7.571886543,109,176,16.63645877,10.69107431,6.962635225,8.216238761,496,7,5,6,18,454,16,6,10,32,514,486,122,54,93,16
4,1000,60,5.13,10.3,18,37,17,949,31,13,7,51,7.528576074,104,168,16.10059223,10.20307917,6.790650153,8.226303696,468,12,4,2,18,481,19,9,5,33,486,514,106,62,77,27
7,1000,60,5.13,10.3,18,37,18,954,26,9,11,46,7.839820523,118,154,16.24118535,10.85510899,7.312794949,8.392765388,493,11,4,4,19,461,15,5,7,27,512,488,92,62,87,31
3,1000,60,5.13,10.3,18,37,18,948,21,12,19,52,7.705962779,126,160,16.45332361,10.75511939,7.180936395,8.224726424,472,12,4,9,25,476,9,8,10,27,497,503,109,51,95,31
1,1000,60,5.13,10.3,18,37,16,955,24,13,8,45,7.246215079,98,183,16.17004766,9.965235437,6.408098628,8.05793416,479,7,3,3,13,476,17,10,5,32,492,508,122,61,73,25
5,1000,60,5.13,10.3,18,37,18,948,36,10,6,52,7.441742545,83,151,16.15678527,10.36427693,7.113040426,7.76913248,470,22,5,2,29,478,14,5,4,23,499,501,104,47,60,23
2,1000,60,5.13,10.3,18,37,17,952,31,6,11,48,7.398043149,115,173,16.43806904,10.46329547,6.682401317,8.110828128,482,11,2,4,17,470,20,4,7,31,499,501,108,65,84,31
6,1000,60,5.13,10.3,18,37,18,943,33,10,14,57,7.414987923,92,169,16.18836718,10.29862008,6.865258477,7.991753243,491,13,6,2,21,452,20,4,12,36,512,488,113,56,77,15
8,1000,60,5.13,10.3,18,37,19,950,23,10,17,50,7.607309781,112,164,16.76306515,10.76555567,6.995246647,8.254635811,496,7,5,6,18,454,16,5,11,32,514,486,116,48,89,23
7,1000,60,5.13,10.3,18,37,19,956,24,9,11,44,7.842151358,102,161,16.34269133,10.98378862,7.352098492,8.356305184,493,11,4,4,19,463,13,5,7,25,512,488,103,58,81,21
4,1000,60,5.13,10.3,18,37,18,949,31,13,7,51,7.567456653,106,152,16.21322542,10.29145468,6.901051707,8.197559384,467,13,4,2,19,482,18,9,5,32,486,514,102,50,82,24
3,1000,60,5.13,10.3,18,37,19,951,21,10,18,49,7.68070779,106,170,16.64093479,10.91286324,7.18654195,8.168979007,472,12,4,9,25,479,9,6,9,24,497,503,106,64,92,14
5,1000,60,5.13,10.3,18,37,19,951,32,11,6,49,7.416252068,102,188,16.32192748,10.50380783,7.100429451,7.730813916,473,18,6,2,26,478,14,5,4,23,499,501,132,56,75,27
6,1000,60,5.13,10.3,18,37,19,946,32,9,13,54,7.390297983,111,168,16.33529495,10.43727853,6.870247598,7.935924616,491,13,6,2,21,455,19,3,11,33,512,488,117,51,79,32
1,1000,60,5.13,10.3,18,37,17,956,23,13,8,44,7.269416449,103,162,16.3449693,10.13858828,6.41223373,8.099601288,479,7,3,3,13,477,16,10,5,31,492,508,112,50,80,23
2,1000,60,5.13,10.3,18,37,18,953,30,6,11,47,7.423093167,89,172,16.56902372,10.5628601,6.737215299,8.106232999,482,11,2,4,17,471,19,4,7,30,499,501,109,63,66,23
8,1000,60,5.13,10.3,18,37,20,952,21,10,17,48,7.598893509,124,194,16.97450736,10.91979026,7.041750627,8.188135159,496,7,5,6,18,456,14,5,11,30,514,486,134,60,90,34
7,1000,60,5.13,10.3,18,37,20,956,25,8,11,44,7.822807863,139,170,16.53839238,11.15309428,7.368422167,8.299540396,494,11,3,4,18,462,14,5,7,26,512,488,121,49,110,29
4,1000,60,5.13,10.3,18,37,19,953,29,11,7,47,7.581451023,109,168,16.38834424,10.44351195,6.933516253,8.194089735,468,13,3,2,18,485,16,8,5,29,486,514,115,53,86,23
3,1000,60,5.13,10.3,18,37,20,951,21,10,18,49,7.694309369,90,154,16.80665404,11.03745073,7.229603613,8.153471915,472,12,4,9,25,479,9,6,9,24,497,503,108,46,69,21
6,1000,60,5.13,10.3,18,37,20,946,33,9,12,54,7.390255207,116,176,16.44957075,10.5637248,6.877947845,7.927758012,491,14,6,1,21,455,19,3,11,33,512,488,118,58,90,26
5,1000,60,5.13,10.3,18,37,20,950,33,10,7,50,7.430565938,105,156,16.39788096,10.56436841,7.119983945,7.739908083,473,18,5,3,26,477,15,5,4,24,499,501,107,49,78,27
2,1000,60,5.13,10.3,18,37,19,953,30,7,10,47,7.426335531,117,187,16.70402026,10.68959549,6.789845349,8.060284834,482,11,2,4,17,471,19,5,6,30,499,501,127,60,87,30
1,1000,60,5.13,10.3,18,37,18,959,20,13,8,41,7.258411653,114,183,16.49599643,10.25753455,6.433629605,8.057216313,479,7,3,3,13,480,13,10,5,28,492,508,127,56,93,21
8,1000,60,5.13,10.3,18,37,21,952,21,11,16,48,7.591017877,112,193,17.13582833,11.05219931,7.060401823,8.152204403,496,7,5,6,18,456,14,6,10,30,514,486,135,58,89,23
7,1000,60,5.13,10.3,18,37,21,956,25,8,11,44,7.867231792,112,159,16.69688842,11.3253042,7.426960774,8.329155482,494,11,3,4,18,462,14,5,7,26,512,488,111,48,79,33
4,1000,60,5.13,10.3,18,37,20,954,28,11,7,46,7.576130032,99,154,16.49111032,10.53706554,6.96060163,8.158127704,468,13,3,2,18,486,15,8,5,28,486,514,103,51,83,16
3,1000,60,5.13,10.3,18,37,21,950,22,10,18,50,7.733324756,110,148,16.98362945,11.20207713,7.296115416,8.165318875,471,13,4,9,26,479,9,6,9,24,497,503,102,46,92,18
6,1000,60,5.13,10.3,18,37,21,944,36,9,11,56,7.394941709,131,165,16.60329973,10.69924328,6.91064752,7.903053644,490,16,6,0,22,454,20,3,11,34,512,488,113,52,99,32
5,1000,60,5.13,10.3,18,37,21,949,34,10,7,51,7.434485986,118,184,16.49337033,10.64720921,7.147955077,7.719873058,472,19,5,3,27,477,15,5,4,24,499,501,127,57,91,27
2,1000,60,5.13,10.3,18,37,20,953,30,7,10,47,7.435745384,106,169,16.87239393,10.84958415,6.802337467,8.066624726,482,11,2,4,17,471,19,5,6,30,499,501,120,49,78,28
1,1000,60,5.13,10.3,18,37,19,960,19,13,8,40,7.261231554,115,176,16.61721551,10.39262303,6.480059271,8.017799987,479,7,3,3,13,481,12,10,5,27,492,508,121,55,94,21
8,1000,60,5.13,10.3,18,37,22,952,20,12,16,48,7.618552345,103,190,17.29850269,11.17985091,7.083413625,8.184522102,497,6,5,6,17,455,14,7,10,31,514,486,130,60,84,19
7,1000,60,5.13,10.3,18,37,22,957,26,6,11,43,7.848339148,126,178,16.91040141,11.58815316,7.432990035,8.284115268,494,11,3,4,18,463,15,3,7,25,512,488,109,69,101,25
4,1000,60,5.13,10.3,18,37,21,955,28,11,6,45,7.567720268,120,176,16.62773213,10.64416712,6.990542553,8.113456395,469,12,3,2,17,486,16,8,4,28,486,514,130,46,87,33
3,1000,60,5.13,10.3,18,37,22,951,22,9,18,49,7.721097644,123,167,17.1571771,11.33642236,7.329408075,8.108114971,471,13,4,9,26,480,9,5,9,23,497,503,112,55,91,32
6,1000,60,5.13,10.3,18,37,22,944,35,10,11,56,7.4069127,106,176,16.74631622,10.83619974,6.9513196,7.884912018,490,15,7,0,22,454,20,3,11,34,512,488,112,64,79,27
5,1000,60,5.13,10.3,18,37,22,951,30,12,7,49,7.414670681,116,193,16.65509646,10.78155241,7.148410296,7.679868151,474,17,5,3,25,477,13,7,4,24,499,501,135,58,87,29
2,1000,60,5.13,10.3,18,37,21,953,30,8,9,47,7.447325467,125,183,16.99019815,10.97041704,6.824271514,8.067892177,482,11,2,4,17,471,19,6,5,30,499,501,129,54,95,30
1,1000,60,5.13,10.3,18,37,20,960,20,12,8,40,7.276772733,105,185,16.69856943,10.51149579,6.496108153,8.032849454,479,7,3,3,13,481,13,9,5,27,492,508,132,53,82,23
8,1000,60,5.13,10.3,18,37,23,952,19,13,16,48,7.627509253,113,173,17.45325097,11.33016661,7.114351115,8.170232057,497,6,5,6,17,455,13,8,10,31,514,486,118,55,96,17
7,1000,60,5.13,10.3,18,37,23,957,26,6,11,43,7.869205602,124,168,17.21817827,11.9149645,7.453681437,8.305165381,494,11,3,4,18,463,15,3,7,25,512,488,130,38,91,33
4,1000,60,5.13,10.3,18,37,22,957,26,11,6,43,7.56413514,109,162,16.81270123,10.80753327,7.009636018,8.088428083,469,12,3,2,17,488,14,8,4,26,486,514,122,40,80,29
3,1000,60,5.13,10.3,18,37,23,952,21,10,17,48,7.738128484,146,184,17.33914516,11.48481159,7.369895984,8.101968549,472,12,5,8,25,480,9,5,9,23,497,503,127,57,110,36
6,1000,60,5.13,10.3,18,37,23,944,35,10,11,56,7.387659139,109,185,16.94640025,10.99487312,6.958241415,7.838195768,490,15,7,0,22,454,20,3,11,34,512,488,125,60,77,32
5,1000,60,5.13,10.3,18,37,23,952,29,12,7,48,7.442559646,117,161,16.83472174,10.9356417,7.184943697,7.699147188,474,17,5,3,25,478,12,7,4,23,499,501,107,54,89,28
2,1000,60,5.13,10.3,18,37,22,954,29,8,9,46,7.438616338,115,165,17.13764795,11.1233189,6.845814478,8.029051724,482,11,2,4,17,472,18,6,5,29,499,501,117,48,90,25
8,1000,60,5.13,10.3,18,37,24,955,17,12,16,45,7.613813612,122,178,17.62175166,11.47753033,7.081336259,8.176968674,498,6,4,6,16,457,11,8,10,29,514,486,120,58,89,33
1,1000,60,5.13,10.3,18,37,21,959,21,12,8,41,7.308947856,98,179,16.79929018,10.61346163,6.537088954,8.056496242,479,7,3,3,13,480,14,9,5,28,492,508,122,57,84,14
7,1000,60,5.13,10.3,18,37,24,955,28,6,11,45,7.891775888,133,163,17.48885525,12.16663098,7.505374607,8.297180511,493,12,3,4,19,462,16,3,7,26,512,488,118,45,106,27
4,1000,60,5.13,10.3,18,37,23,957,26,11,6,43,7.588656979,114,166,16.98258253,10.93079916,7.048608425,8.099286545,469,12,3,2,17,488,14,8,4,26,486,514,118,48,87,27
3,1000,60,5.13,10.3,18,37,24,953,21,9,17,47,7.75757526,142,177,17.53576765,11.64250115,7.436750617,8.074572969,472,12,5,8,25,481,9,4,9,22,497,503,128,49,116,26
6,1000,60,5.13,10.3,18,37,24,945,33,11,11,55,7.415538188,111,166,17.13976587,11.15070295,7.001063358,7.850397026,490,15,7,0,22,455,18,4,11,33,512,488,117,49,92,19
5,1000,60,5.13,10.3,18,37,24,950,30,13,7,50,7.498400154,113,168,16.95837579,11.07873737,7.233474792,7.762267929,473,17,6,3,26,477,13,7,4,24,499,501,120,48,93,20
2,1000,60,5.13,10.3,18,37,23,954,29,8,9,46,7.458736365,122,186,17.2311846,11.19027214,6.905029745,8.010232579,482,11,2,4,17,472,18,6,5,29,499,501,130,56,102,20
8,1000,60,5.13,10.3,18,37,25,953,19,12,16,47,7.664997969,105,191,17.87506649,11.6511034,7.140318857,8.219905508,496,8,4,6,18,457,11,8,10,29,514,486,142,49,87,18
7,1000,60,5.13,10.3,18,37,25,954,29,6,11,46,7.892554648,133,171,17.81325255,12.47513193,7.531588444,8.271273287,492,13,3,4,20,462,16,3,7,26,512,488,121,50,103,30
1,1000,60,5.13,10.3,18,37,22,959,21,12,8,41,7.320388976,101,172,16.93523917,10.77698928,6.563304103,8.053628657,479,7,3,3,13,480,14,9,5,28,492,508,123,49,79,22
4,1000,60,5.13,10.3,18,37,24,961,23,11,5,39,7.583085915,117,179,17.11211068,11.02616924,7.05993994,8.077733665,470,11,3,2,16,491,12,8,3,23,486,514,133,46,87,30
3,1000,60,5.13,10.3,18,37,25,952,22,9,17,48,7.788424058,123,185,17.69573199,11.79338326,7.480934688,8.092245563,472,12,5,8,25,480,10,4,9,23,497,503,128,57,104,19
6,1000,60,5.13,10.3,18,37,25,944,34,10,12,56,7.483084055,111,197,17.26788109,11.27436928,7.102545431,7.882337694,489,16,6,1,23,455,18,4,11,33,512,488,145,52,87,24
5,1000,60,5.13,10.3,18,37,25,952,30,12,6,48,7.48559205,122,195,17.09081614,11.20721007,7.262807479,7.707487262,473,17,6,3,26,479,13,6,3,22,499,501,133,62,95,27
8,1000,60,5.13,10.3,18,37,26,954,20,11,15,46,7.688248513,117,164,18.05687577,11.77317582,7.218513152,8.185046816,496,8,4,6,18,458,12,7,9,28,514,486,123,41,90,27
2,1000,60,5.13,10.3,18,37,24,956,27,8,9,44,7.438010078,119,173,17.39156,11.34673125,6.964139308,7.909989148,482,10,3,4,17,474,17,5,5,27,499,501,115,58,96,23
7,1000,60,5.13,10.3,18,37,26,956,27,6,11,44,7.916239826,105,181,18.2512973,12.85373598,7.574259975,8.275038359,492,13,3,4,20,464,14,3,7,24,512,488,140,41,88,17
1,1000,60,5.13,10.3,18,37,23,959,22,11,8,41,7.351704149,110,185,17.10205046,10.95627613,6.626891703,8.053687857,479,7,3,3,13,480,15,8,5,28,492,508,130,55,83,27
4,1000,60,5.13,10.3,18,37,25,962,22,10,6,38,7.5956821,113,186,17.28666858,11.18961504,7.143195089,8.023520012,470,11,3,2,16,492,11,7,4,22,486,514,140,46,96,17
3,1000,60,5.13,10.3,18,37,26,952,22,9,17,48,7.79907971,129,187,17.89016577,11.95546192,7.527665785,8.067256092,472,12,5,8,25,480,10,4,9,23,497,503,131,56,102,27
6,1000,60,5.13,10.3,18,37,26,945,34,9,12,55,7.460684291,122,178,17.45720148,11.42173283,7.103079827,7.83587586,490,16,5,1,22,455,18,4,11,33,512,488,130,48,100,22
5,1000,60,5.13,10.3,18,37,26,952,31,11,6,48,7.477903607,119,189,17.2358546,11.31275115,7.29579389,7.659286338,473,17,6,3,26,479,14,5,3,22,499,501,138,51,101,18
8,1000,60,5.13,10.3,18,37,27,954,20,12,14,46,7.660864945,124,213,18.30379664,11.96588598,7.232766326,8.113627682,496,8,4,6,18,458,12,8,8,28,514,486,152,61,96,28
2,1000,60,5.13,10.3,18,37,25,954,27,9,10,46,7.495247207,119,190,17.66014193,11.55958436,7.042456392,7.946230474,482,10,3,4,17,472,17,6,6,29,499,501,138,52,94,25
7,1000,60,5.13,10.3,18,37,27,956,27,6,11,44,7.952488139,133,177,18.5289318,13.08694912,7.599308278,8.323037502,492,13,3,4,20,464,14,3,7,24,512,488,138,39,112,21
4,1000,60,5.13,10.3,18,37,26,962,22,10,6,38,7.625208339,115,189,17.46846037,11.33228108,7.195996514,8.031038976,470,11,3,2,16,492,11,7,4,22,486,514,136,53,92,23
1,1000,60,5.13,10.3,18,37,24,961,20,11,8,39,7.385585425,114,176,17.28739616,11.14903068,6.682096847,8.066916882,479,7,3,3,13,482,13,8,5,26,492,508,131,45,94,20
3,1000,60,5.13,10.3,18,37,27,953,22,9,16,47,7.811313595,129,207,18.06516568,12.11200008,7.56461504,8.055069423,472,12,5,8,25,481,10,4,8,22,497,503,150,57,104,25
6,1000,60,5.13,10.3,18,37,27,946,33,9,12,54,7.472789947,120,175,17.60461683,11.57071111,7.137425782,7.824647432,490,16,5,1,22,456,17,4,11,32,512,488,127,48,99,21
5,1000,60,5.13,10.3,18,37,27,954,30,11,5,46,7.493586691,104,162,17.5134965,11.51637908,7.342765958,7.643805347,473,17,6,3,26,481,13,5,2,20,499,501,116,46,89,15
8,1000,60,5.13,10.3,18,37,28,954,19,13,14,46,7.676616253,125,190,18.55316559,12.13277296,7.275896098,8.100423166,496,7,5,6,18,458,12,8,8,28,514,486,138,52,100,25
7,1000,60,5.13,10.3,18,37,28,955,28,6,11,45,7.98480794,120,183,18.88389546,13.38081627,7.652655869,8.333295359,492,13,3,4,20,463,15,3,7,25,512,488,145,38,102,18
2,1000,60,5.13,10.3,18,37,26,954,27,9,10,46,7.528586763,116,182,17.81507552,11.70944375,7.077545083,7.977827878,482,10,3,4,17,472,17,6,6,29,499,501,128,54,91,25
4,1000,60,5.13,10.3,18,37,27,961,23,10,6,39,7.648878799,122,177,17.65024788,11.50234299,7.229318703,8.045583481,470,11,3,2,16,491,12,7,4,23,486,514,129,48,97,25
3,1000,60,5.13,10.3,18,37,28,954,21,9,16,46,7.818369953,103,191,18.25203381,12.25064316,7.565938323,8.06779047,473,11,5,8,24,481,10,4,8,22,497,503,142,49,77,26
1,1000,60,5.13,10.3,18,37,25,959,22,10,9,41,7.39078052,102,182,17.50952207,11.35737068,6.691783211,8.067762165,479,7,3,3,13,480,15,7,6,28,492,508,132,50,76,26
6,1000,60,5.13,10.3,18,37,28,946,34,9,11,54,7.453568097,128,210,17.77889667,11.72281335,7.153320899,7.76858155,490,16,5,1,22,456,18,4,10,32,512,488,152,58,104,24
8,1000,60,5.13,10.3,18,37,29,953,20,13,14,47,7.717493481,140,188,18.82956329,12.32801505,7.331708284,8.125504987,494,9,5,6,20,459,11,8,8,27,514,486,144,44,121,19
5,1000,60,5.13,10.3,18,37,28,954,30,11,5,46,7.492537401,119,180,17.70197576,11.65090786,7.379464367,7.605159047,473,17,6,3,26,481,13,5,2,20,499,501,134,46,97,22
7,1000,60,5.13,10.3,18,37,29,955,28,6,11,45,7.94899378,127,207,19.62355998,13.99202661,7.642384472,8.270682233,492,13,3,4,20,463,15,3,7,25,512,488,154,53,113,14
2,1000,60,5.13,10.3,18,37,27,955,25,10,10,45,7.537264599,128,189,17.99129914,11.91466328,7.125744526,7.947141878,482,10,3,4,17,473,15,7,6,28,499,501,137,52,98,30
4,1000,60,5.13,10.3,18,37,28,964,22,9,5,36,7.640912652,125,191,17.858001,11.67433352,7.250803865,8.009770376,471,11,3,1,15,493,11,6,4,21,486,514,140,51,101,24
3,1000,60,5.13,10.3,18,37,29,955,20,9,16,45,7.841874276,145,206,18.44007452,12.37823678,7.609968478,8.071013802,473,11,5,8,24,482,9,4,8,21,497,503,140,66,115,30
1,1000,60,5.13,10.3,18,37,26,959,22,10,9,41,7.390427849,110,174,17.67949728,11.49952197,6.757103747,8.003804735,479,7,3,3,13,480,15,7,6,28,492,508,129,45,96,14
6,1000,60,5.13,10.3,18,37,29,946,34,9,11,54,7.451750846,137,176,18.06606078,11.91381839,7.202531245,7.71322715,490,16,5,1,22,456,18,4,10,32,512,488,129,47,113,24
8,1000,60,5.13,10.3,18,37,30,956,17,13,14,44,7.705097075,121,181,19.04374964,12.4938124,7.369323652,8.060215469,494,8,6,6,20,462,9,7,8,24,514,486,145,36,103,18
5,1000,60,5.13,10.3,18,37,29,954,29,12,5,46,7.532378994,125,196,17.93916314,11.788804,7.417566747,7.646732908,473,16,7,3,26,481,13,5,2,20,499,501,145,51,97,28
7,1000,60,5.13,10.3,18,37,30,957,27,6,10,43,7.978989545,132,176,20.41069208,14.68036012,7.690086756,8.282100668,492,13,3,4,20,465,14,3,6,23,512,488,140,36,116,16
2,1000,60,5.13,10.3,18,37,28,955,25,10,10,45,7.562958492,124,194,18.1780766,12.06068093,7.16520809,7.959121068,482,10,3,4,17,473,15,7,6,28,499,501,129,65,94,30
4,1000,60,5.13,10.3,18,37,29,963,23,9,5,37,7.660745937,119,174,18.09158923,11.85115383,7.323913652,7.979229381,469,13,3,1,17,494,10,6,4,20,486,514,128,46,95,24
3,1000,60,5.13,10.3,18,37,30,955,21,9,15,45,7.854812122,146,169,18.70571595,12.57361146,7.628157631,8.078762982,473,11,5,8,24,482,10,4,7,21,497,503,129,40,120,26
6,1000,60,5.13,10.3,18,37,30,946,35,8,11,54,7.460637507,116,193,18.30102883,12.12787398,7.28143463,7.64865364,489,17,5,1,23,457,18,3,10,31,512,488,140,53,95,21
1,1000,60,5.13,10.3,18,37,27,959,22,10,9,41,7.373813219,118,168,17.8677865,11.66714097,6.76353256,7.96487244,479,7,3,3,13,480,15,7,6,28,492,508,127,41,99,19
8,1000,60,5.13,10.3,18,37,31,956,17,13,14,44,7.722939006,139,197,19.31684085,12.68770625,7.412365756,8.051405365,494,8,6,6,20,462,9,7,8,24,514,486,145,52,113,26
5,1000,60,5.13,10.3,18,37,30,956,28,11,5,44,7.538576651,123,183,18.1277007,11.91800525,7.450121692,7.626678495,474,15,7,3,25,482,13,4,2,19,499,501,136,47,100,23
7,1000,60,5.13,10.3,18,37,31,958,26,6,10,42,7.979181622,145,182,21.34890906,15.41196132,7.709281908,8.262355092,492,13,3,4,20,466,13,3,6,22,512,488,130,52,117,28
2,1000,60,5.13,10.3,18,37,29,955,26,10,9,45,7.559119884,134,195,18.43163568,12.26947663,7.179486794,7.937237473,482,10,3,4,17,473,16,7,5,28,499,501,147,48,108,26
3,1000,60,5.13,10.3,18,37,31,955,21,9,15,45,7.874876449,119,199,18.90646605,12.76257461,7.690431988,8.057120776,473,11,5,8,24,482,10,4,7,21,497,503,158,41,98,21
4,1000,60,5.13,10.3,18,37,30,964,23,8,5,36,7.668928905,124,196,18.34725577,12.0379966,7.360926155,7.960153295,469,13,3,1,17,495,10,5,4,19,486,514,143,53,104,20
6,1000,60,5.13,10.3,18,37,31,947,34,8,11,53,7.459011064,147,191,18.68000493,12.4249601,7.308122734,7.617320131,489,17,5,1,23,458,17,3,10,30,512,488,141,50,122,25
8,1000,60,5.13,10.3,18,37,32,956,17,13,14,44,7.739111271,151,188,19.73042682,12.97099121,7.456069672,8.038459794,494,8,6,6,20,462,9,7,8,24,514,486,143,45,130,21
1,1000,60,5.13,10.3,18,37,28,958,23,10,9,42,7.413667279,120,159,18.04813873,11.86494031,6.820399249,7.988249701,478,8,3,3,14,480,15,7,6,28,492,508,111,48,96,24
5,1000,60,5.13,10.3,18,37,31,955,27,12,6,45,7.568387765,141,188,18.38173352,12.15859026,7.473348035,7.663048095,474,15,6,4,25,481,12,6,2,20,499,501,140,48,114,27
7,1000,60,5.13,10.3,18,37,32,957,27,6,10,43,8.017765276,141,203,23.42168544,16.95145241,7.719986359,8.330189057,492,13,3,4,20,465,14,3,6,23,512,488,153,50,112,29
2,1000,60,5.13,10.3,18,37,30,956,25,9,10,44,7.551640285,119,183,18.69709065,12.49498729,7.205798685,7.89610128,483,9,2,5,16,473,16,7,5,28,499,501,139,44,100,19
4,1000,60,5.13,10.3,18,37,31,964,23,7,6,36,7.707667493,153,198,18.55821709,12.19771057,7.400263554,7.998325692,469,13,3,1,17,495,10,4,5,19,486,514,142,56,128,25
3,1000,60,5.13,10.3,18,37,32,956,21,8,15,44,7.875369784,140,198,19.15326639,12.91582922,7.702082105,8.046590414,473,11,5,8,24,483,10,3,7,20,497,503,155,43,113,27
8,1000,60,5.13,10.3,18,37,33,956,17,13,14,44,7.750932061,138,206,20.14462287,13.27523651,7.486760912,8.030322946,494,8,6,6,20,462,9,7,8,24,514,486,154,52,111,27
6,1000,60,5.13,10.3,18,37,32,949,33,7,11,51,7.46679964,122,194,19.12615709,12.70074488,7.331523626,7.608728574,490,16,5,1,22,459,17,2,10,29,512,488,145,49,97,25
1,1000,60,5.13,10.3,18,37,29,959,22,10,9,41,7.449135844,126,209,18.26149877,12.05201474,6.890592623,7.990087152,478,8,3,3,14,481,14,7,6,27,492,508,155,54,103,23
5,1000,60,5.13,10.3,18,37,32,957,25,12,6,43,7.613475317,121,216,18.65768735,12.370334,7.586903548,7.63994101,474,15,6,4,25,483,10,6,2,18,499,501,173,43,100,21
7,1000,60,5.13,10.3,18,37,33,956,28,5,11,44,8.05575276,146,208,24.58914905,17.76938999,7.751886002,8.374563784,491,14,3,4,21,465,14,2,7,23,512,488,155,53,123,23
2,1000,60,5.13,10.3,18,37,31,956,25,9,10,44,7.549817516,132,204,19.04565285,12.81168736,7.254494725,7.843961373,483,9,2,5,16,473,16,7,5,28,499,501,157,47,110,22
4,1000,60,5.13,10.3,18,37,32,964,25,6,5,36,7.672093785,122,205,18.72714821,12.33809529,7.387797914,7.940902722,470,13,2,1,16,494,12,4,4,20,486,514,158,47,102,20
3,1000,60,5.13,10.3,18,37,33,957,21,8,14,43,7.889666193,131,189,19.45968211,13.12518916,7.730843775,8.046594108,473,11,5,8,24,484,10,3,6,19,497,503,144,45,111,20
8,1000,60,5.13,10.3,18,37,34,954,19,13,14,46,7.762525376,147,215,20.57960828,13.60638968,7.504734203,8.035168716,493,9,6,6,21,461,10,7,8,25,514,486,171,44,125,22
6,1000,60,5.13,10.3,18,37,33,949,34,7,10,51,7.465342011,127,171,19.3712126,12.91584214,7.370551042,7.564794831,490,16,5,1,22,459,18,2,9,29,512,488,130,41,105,22
1,1000,60,5.13,10.3,18,37,30,958,24,10,8,42,7.472383492,128,182,18.46538427,12.23763236,6.955140192,7.973335665,477,9,3,3,15,481,15,7,5,27,492,508,138,44,103,25
7,1000,60,5.13,10.3,18,37,34,956,28,5,11,44,8.071757209,134,201,26.72799852,19.25977823,7.768830268,8.389582197,491,14,3,4,21,465,14,2,7,23,512,488,149,52,109,25
5,1000,60,5.13,10.3,18,37,33,957,25,12,6,43,7.600411594,126,187,19.01091844,12.64623515,7.584307414,7.616451485,474,15,6,4,25,483,10,6,2,18,499,501,146,41,106,20
2,1000,60,5.13,10.3,18,37,32,957,25,9,9,43,7.564835495,130,191,19.35358129,13.10457918,7.298129337,7.830476958,483,9,2,5,16,474,16,7,4,27,499,501,146,45,113,17
4,1000,60,5.13,10.3,18,37,33,964,24,6,6,36,7.718717068,115,196,19.00087854,12.52631124,7.485884602,7.938866053,470,12,2,2,16,494,12,4,4,20,486,514,150,46,100,15
3,1000,60,5.13,10.3,18,37,34,959,19,8,14,41,7.861762421,127,231,19.68387091,13.26359514,7.74113175,7.980954159,474,10,5,8,23,485,9,3,6,18,497,503,186,45,103,24
6,1000,60,5.13,10.3,18,37,34,950,33,6,11,50,7.461729946,138,197,19.78856858,13.20908559,7.405007513,7.521242007,490,16,4,2,22,460,17,2,9,28,512,488,146,51,118,20
8,1000,60,5.13,10.3,18,37,35,954,19,13,14,46,7.767275926,138,191,21.16099634,13.99304785,7.525777057,8.022688311,493,9,6,6,21,461,10,7,8,25,514,486,161,30,120,18
7,1000,60,5.13,10.3,18,37,35,956,29,5,10,44,8.060562189,139,205,28.41170545,20.25092852,7.794408558,8.339805343,491,13,4,4,21,465,16,1,6,23,512,488,153,52,118,21
5,1000,60,5.13,10.3,18,37,34,957,25,12,6,43,7.610449705,123,182,19.4351873,13.01110879,7.606024633,7.614857112,474,15,6,4,25,483,10,6,2,18,499,501,143,39,102,21
1,1000,60,5.13,10.3,18,37,31,958,24,10,8,42,7.469834491,113,173,18.68734073,12.43625898,6.961239373,7.962410864,477,9,3,3,15,481,15,7,5,27,492,508,128,45,95,18
2,1000,60,5.13,10.3,18,37,33,959,21,10,10,41,7.571558686,129,198,19.77895338,13.50294142,7.309738422,7.832333759,483,9,2,5,16,476,12,8,5,25,499,501,159,39,116,13
3,1000,60,5.13,10.3,18,37,35,959,19,8,14,41,7.894391789,135,212,19.96515772,13.5195674,7.756971799,8.030172574,474,10,5,8,23,485,9,3,6,18,497,503,165,47,118,17
4,1000,60,5.13,10.3,18,37,34,964,24,6,6,36,7.742853691,134,196,19.2816838,12.7398472,7.555871474,7.919650106,470,12,2,2,16,494,12,4,4,20,486,514,158,38,115,19
8,1000,60,5.13,10.3,18,37,36,955,19,13,13,45,7.773705318,143,213,21.81540923,14.40345475,7.571215669,7.987861039,493,9,6,6,21,462,10,7,7,24,514,486,177,36,117,26
6,1000,60,5.13,10.3,18,37,35,953,31,5,11,47,7.485269561,159,188,20.05941097,13.41759802,7.476918882,7.49403093,490,16,4,2,22,463,15,1,9,25,512,488,137,51,129,30
7,1000,60,5.13,10.3,18,37,36,957,29,5,9,43,8.04394666,135,222,30.78846732,21.91704596,7.825043118,8.27361595,491,13,4,4,21,466,16,1,5,22,512,488,174,48,118,17
5,1000,60,5.13,10.3,18,37,35,958,25,12,5,42,7.605158558,115,217,19.80074439,13.36034208,7.629396425,7.58101745,474,15,6,4,25,484,10,6,1,17,499,501,171,46,99,16
1,1000,60,5.13,10.3,18,37,32,957,25,9,9,43,7.475389684,126,183,18.98971172,12.7297981,6.985173187,7.95016629,477,9,2,4,15,480,16,7,5,28,492,508,136,47,103,23
2,1000,60,5.13,10.3,18,37,34,960,20,10,10,40,7.576890271,140,189,20.13267576,13.80837377,7.324610568,7.828162869,483,9,2,5,16,477,11,8,5,24,499,501,143,46,111,29
3,1000,60,5.13,10.3,18,37,36,960,19,8,13,40,7.882366769,156,225,20.36175784,13.82409542,7.777544669,7.985938506,474,11,5,7,23,486,8,3,6,17,497,503,175,50,133,23
4,1000,60,5.13,10.3,18,37,35,964,25,5,6,36,7.75258133,130,196,19.57196028,12.96812348,7.589553001,7.906728738,469,13,2,2,17,495,12,3,4,19,486,514,155,41,112,18
8,1000,60,5.13,10.3,18,37,37,953,21,13,13,47,7.799371742,137,216,22.42063438,14.79498183,7.606019202,8.003863935,492,10,6,6,22,461,11,7,7,25,514,486,179,37,114,23
6,1000,60,5.13,10.3,18,37,36,953,32,5,10,47,7.477267394,132,201,20.40747595,13.64821593,7.52371538,7.42853508,490,16,3,3,22,463,16,2,7,25,512,488,150,51,113,19
7,1000,60,5.13,10.3,18,37,37,958,28,5,9,42,8.008870825,142,210,32.99805625,23.20352596,7.87064848,8.153890989,491,13,4,4,21,467,15,1,5,21,512,488,167,43,119,23
5,1000,60,5.13,10.3,18,37,36,958,24,13,5,42,7.634481975,153,212,20.26521566,13.78241851,7.720799177,7.548509352,474,14,7,4,25,484,10,6,1,17,499,501,160,52,130,23
2,1000,60,5.13,10.3,18,37,35,959,21,11,9,41,7.608843137,143,196,20.54412828,14.13486453,7.39431938,7.822510511,482,10,2,5,17,477,11,9,4,24,499,501,150,46,119,24
3,1000,60,5.13,10.3,18,37,37,962,19,6,13,38,7.884226025,159,209,20.68338629,14.06796521,7.772302865,7.994814118,475,11,5,6,22,487,8,1,7,16,497,503,156,53,132,27
1,1000,60,5.13,10.3,18,37,33,958,23,10,9,42,7.473115271,130,193,19.26425233,12.97765939,7.009879311,7.921761122,477,8,3,4,15,481,15,7,5,27,492,508,149,44,113,17
4,1000,60,5.13,10.3,18,37,36,963,26,5,6,37,7.782949208,131,192,19.82170971,13.15460972,7.640645708,7.917500767,469,13,2,2,17,494,13,3,4,20,486,514,150,42,110,21
8,1000,60,5.13,10.3,18,37,38,954,21,12,13,46,7.75044078,136,228,23.06940156,15.23690559,7.603458659,7.905891006,492,10,6,6,22,462,11,6,7,24,514,486,176,52,115,21
6,1000,60,5.13,10.3,18,37,37,955,30,5,10,45,7.498204649,136,214,20.8749491,14.01210094,7.572215571,7.420553844,490,16,3,3,22,465,14,2,7,23,512,488,161,53,121,15
7,1000,60,5.13,10.3,18,37,38,960,27,5,8,40,8.002549207,148,206,35.47378769,24.8968373,7.923438995,8.085550085,492,12,4,4,20,468,15,1,4,20,512,488,163,43,132,16
5,1000,60,5.13,10.3,18,37,37,959,23,13,5,41,7.632936856,141,208,20.76350389,14.19412529,7.74913291,7.517204657,474,14,7,4,25,485,9,6,1,16,499,501,156,52,125,16
3,1000,60,5.13,10.3,18,37,38,963,18,6,13,37,7.89037997,149,212,21.14222192,14.42814273,7.81572012,7.964149244,475,11,5,6,22,488,7,1,7,15,497,503,165,47,128,21
2,1000,60,5.13,10.3,18,37,36,959,21,11,9,41,7.625010926,151,200,20.87997816,14.40060758,7.464129188,7.785250421,482,10,2,5,17,477,11,9,4,24,499,501,151,49,131,20
4,1000,60,5.13,10.3,18,37,37,964,25,5,6,36,7.77532243,122,187,20.11011937,13.39180614,7.700176978,7.846374354,470,12,2,2,16,494,13,3,4,20,486,514,146,41,110,12
1,1000,60,5.13,10.3,18,37,34,958,23,10,9,42,7.469224601,137,209,19.50409137,13.19610861,7.020487622,7.903828133,477,8,3,4,15,481,15,7,5,27,492,508,167,42,111,26
6,1000,60,5.13,10.3,18,37,38,956,28,6,10,44,7.501085313,147,217,21.39539199,14.39592658,7.616281153,7.380224104,490,16,3,3,22,466,12,3,7,22,512,488,171,46,119,28
8,1000,60,5.13,10.3,18,37,39,956,20,12,12,44,7.726640145,149,229,23.7457384,15.66957437,7.590328308,7.870805339,492,11,6,5,22,464,9,6,7,22,514,486,183,46,136,13
7,1000,60,5.13,10.3,18,37,39,960,27,5,8,40,8.026154204,145,201,38.40090089,26.55465316,7.956390678,8.099348724,492,12,4,4,20,468,15,1,4,20,512,488,163,38,127,18
5,1000,60,5.13,10.3,18,37,38,960,23,12,5,40,7.666780366,131,206,21.26920996,14.6475025,7.784125794,7.549903383,474,14,7,4,25,486,9,5,1,15,499,501,172,34,106,25
3,1000,60,5.13,10.3,18,37,39,963,19,5,13,37,7.901758824,141,204,21.54630528,14.73082331,7.841095215,7.961698811,474,12,4,7,23,489,7,1,6,14,497,503,170,34,121,20
2,1000,60,5.13,10.3,18,37,37,960,21,10,9,40,7.669478958,136,196,21.11933788,14.61158836,7.563142601,7.775390818,482,10,2,5,17,478,11,8,4,23,499,501,156,40,117,19
4,1000,60,5.13,10.3,18,37,38,966,23,5,6,34,7.761103533,135,204,20.46081022,13.65252793,7.707293627,7.811982159,471,11,2,2,15,495,12,3,4,19,486,514,167,37,115,20
6,1000,60,5.13,10.3,18,37,39,959,26,5,10,41,7.485132398,139,223,21.88077183,14.78440567,7.688557002,7.271703305,490,16,3,3,22,469,10,2,7,19,512,488,172,51,120,19
8,1000,60,5.13,10.3,18,37,40,956,20,12,12,44,7.71886982,171,220,24.56032752,16.20727167,7.607595001,7.836555533,492,11,6,5,22,464,9,6,7,22,514,486,171,49,147,24
1,1000,60,5.13,10.3,18,37,35,958,24,9,9,42,7.461452418,134,182,19.78882297,13.46376973,7.028138513,7.881118641,477,8,3,4,15,481,16,6,5,27,492,508,137,45,114,20
7,1000,60,5.13,10.3,18,37,40,959,29,4,8,41,8.053367661,165,204,41.79100821,28.75327474,8.019961115,8.088417152,491,13,4,4,21,468,16,0,4,20,512,488,163,41,143,22
5,1000,60,5.13,10.3,18,37,39,960,25,10,5,40,7.654286985,139,201,21.79220633,15.04533585,7.809806558,7.499388249,473,15,7,4,26,487,10,3,1,14,499,501,173,28,122,17
3,1000,60,5.13,10.3,18,37,40,963,19,5,13,37,7.89933406,144,234,22.01252257,15.05007202,7.879501611,7.918929938,474,12,4,7,23,489,7,1,6,14,497,503,188,46,126,18
2,1000,60,5.13,10.3,18,37,38,963,19,9,9,37,7.655228855,130,193,21.45169967,14.89603248,7.620206514,7.690111387,482,10,2,5,17,481,9,7,4,20,499,501,152,41,114,16
6,1000,60,5.13,10.3,18,37,40,958,27,5,10,42,7.529380994,148,204,22.58328669,15.27350669,7.722708813,7.326545251,490,16,3,3,22,468,11,2,7,20,512,488,169,35,126,22
8,1000,60,5.13,10.3,18,37,41,956,20,12,12,44,7.716726376,156,235,25.14498991,16.57956643,7.65887765,7.77790795,492,11,6,5,22,464,9,6,7,22,514,486,201,34,131,25
4,1000,60,5.13,10.3,18,37,39,966,23,5,6,34,7.781044215,147,212,20.89822772,13.95307355,7.740853354,7.819045691,471,11,2,2,15,495,12,3,4,19,486,514,169,43,123,24
1,1000,60,5.13,10.3,18,37,36,959,24,9,8,41,7.450364474,134,185,20.11268174,13.66922205,7.071350725,7.817440782,477,8,3,4,15,482,16,6,4,26,492,508,149,36,111,23
7,1000,60,5.13,10.3,18,37,41,958,30,4,8,42,8.072691108,157,219,42.67864274,29.92279287,8.066128163,8.079576821,491,13,4,4,21,467,17,0,4,21,512,488,186,33,143,14
5,1000,60,5.13,10.3,18,37,40,959,26,10,5,41,7.682036565,140,205,22.29421351,15.50650071,7.845680569,7.51904583,473,15,7,4,26,486,11,3,1,15,499,501,173,32,129,11
3,1000,60,5.13,10.3,18,37,41,963,19,5,13,37,7.900019833,142,219,22.54480877,15.45142501,7.954121436,7.846563577,474,12,4,7,23,489,7,1,6,14,497,503,185,34,125,17
2,1000,60,5.13,10.3,18,37,39,963,19,9,9,37,7.666607535,153,194,21.83653389,15.16181834,7.661495828,7.671698836,482,10,2,5,17,481,9,7,4,20,499,501,159,35,134,19
8,1000,60,5.13,10.3,18,37,42,955,20,14,11,45,7.68482486,169,215,25.64837362,16.9210526,7.663220374,7.70767405,492,11,6,5,22,463,9,8,6,23,514,486,181,34,148,21
6,1000,60,5.13,10.3,18,37,41,960,24,7,9,40,7.554464053,166,208,23.06364391,15.64470734,7.776290012,7.32172862,491,14,4,3,21,469,10,3,6,19,512,488,166,42,141,25
4,1000,60,5.13,10.3,18,37,40,966,23,5,6,34,7.799195894,139,209,21.27653106,14.18957367,7.818625772,7.780824454,471,11,2,2,15,495,12,3,4,19,486,514,171,38,117,22
1,1000,60,5.13,10.3,18,37,37,962,22,8,8,38,7.43050361,126,225,20.36373357,13.85341528,7.07990421,7.770060508,477,8,3,4,15,485,14,5,4,23,492,508,175,50,96,30
7,1000,60,5.13,10.3,18,37,42,957,31,4,8,43,8.072902878,180,237,47.40633207,33.21760795,8.094780473,8.049949335,491,13,4,4,21,466,18,0,4,22,512,488,189,48,155,25
5,1000,60,5.13,10.3,18,37,41,957,28,10,5,43,7.722340705,150,204,22.82587724,16.05759109,7.911010824,7.534423761,471,17,7,4,28,486,11,3,1,15,499,501,169,35,124,26
3,1000,60,5.13,10.3,18,37,42,965,19,4,12,35,7.863409827,176,220,23.22330622,15.93247814,7.983779827,7.744475651,474,12,4,7,23,491,7,0,5,12,497,503,179,41,155,21
8,1000,60,5.13,10.3,18,37,43,955,20,14,11,45,7.701655858,155,247,26.4494143,17.46679945,7.714945855,7.687600182,492,11,6,5,22,463,9,8,6,23,514,486,209,38,130,25
6,1000,60,5.13,10.3,18,37,42,962,22,7,9,38,7.572107612,161,215,23.48623587,15.97369465,7.817725211,7.314410458,491,14,4,3,21,471,8,3,6,17,512,488,173,42,140,21
2,1000,60,5.13,10.3,18,37,40,964,18,10,8,36,7.670754487,149,248,22.19713884,15.44176003,7.683425377,7.658134179,482,9,3,5,17,482,9,7,3,19,499,501,187,61,130,19
4,1000,60,5.13,10.3,18,37,41,967,22,5,6,33,7.797214093,156,183,21.59344724,14.42429099,7.820949819,7.774771364,472,10,2,2,14,495,12,3,4,19,486,514,154,29,132,24
7,1000,60,5.13,10.3,18,37,43,957,31,4,8,43,8.07240358,178,231,50.26927756,35.353822,8.122789451,8.019539715,491,13,4,4,21,466,18,0,4,22,512,488,203,28,157,21
1,1000,60,5.13,10.3,18,37,38,964,20,7,9,36,7.477242693,131,197,20.75930238,14.12794202,7.175631753,7.769354076,477,8,2,5,15,487,12,5,4,21,492,508,160,37,113,18
5,1000,60,5.13,10.3,18,37,42,956,28,10,6,44,7.762580998,140,233,23.42733897,16.64220823,7.978815204,7.547210002,471,16,7,5,28,485,12,3,1,16,499,501,193,40,118,22
3,1000,60,5.13,10.3,18,37,43,963,21,4,12,37,7.898236594,161,228,23.9592281,16.45290704,8.065648354,7.732821794,472,14,4,7,25,491,7,0,5,12,497,503,186,42,144,17
8,1000,60,5.13,10.3,18,37,44,957,19,13,11,43,7.683798263,154,225,27.31451873,18.05578269,7.73299061,7.631771789,492,11,6,5,22,465,8,7,6,21,514,486,196,29,139,15
6,1000,60,5.13,10.3,18,37,43,960,24,7,9,40,7.601320278,129,218,24.11265686,16.41899615,7.867090479,7.322479412,491,14,4,3,21,469,10,3,6,19,512,488,178,40,110,19
2,1000,60,5.13,10.3,18,37,41,965,18,9,8,35,7.658907949,161,216,22.46904687,15.68037232,7.689516172,7.628421914,483,8,3,5,16,482,10,6,3,19,499,501,186,30,142,19
4,1000,60,5.13,10.3,18,37,42,966,23,5,6,34,7.790838778,144,217,22.02938537,14.74161197,7.841977468,7.742485853,472,10,2,2,14,494,13,3,4,20,486,514,179,38,127,17
7,1000,60,5.13,10.3,18,37,44,956,32,4,8,44,8.062436077,184,229,53.54577832,38.18464435,8.164484786,7.95536858,490,14,4,4,22,466,18,0,4,22,512,488,192,37,157,27
1,1000,60,5.13,10.3,18,37,39,965,19,7,9,35,7.507244744,140,203,21.0950035,14.31133048,7.22109655,7.784380397,477,8,2,5,15,488,11,5,4,20,492,508,164,39,122,18
5,1000,60,5.13,10.3,18,37,43,958,26,10,6,42,7.750270256,169,242,24.15107847,17.17627221,7.996613395,7.504910523,471,16,7,5,28,487,10,3,1,14,499,501,196,46,149,20
3,1000,60,5.13,10.3,18,37,44,962,22,4,12,38,7.911565339,163,220,24.94097532,17.19089201,8.129718067,7.696014831,472,14,4,7,25,490,8,0,5,13,497,503,178,42,145,18
8,1000,60,5.13,10.3,18,37,45,957,20,13,10,43,7.696251282,176,239,28.28181554,18.70994579,7.778468924,7.609296822,491,12,6,5,23,466,8,7,5,20,514,486,198,41,153,23
6,1000,60,5.13,10.3,18,37,44,961,24,6,9,39,7.585834385,170,234,24.62702127,16.75705582,7.885541134,7.271387959,491,14,4,3,21,470,10,2,6,18,512,488,201,33,154,16
4,1000,60,5.13,10.3,18,37,43,968,22,4,6,32,7.779462531,148,202,22.46078415,15.05739529,7.8426691,7.719699123,473,10,1,2,13,495,12,3,4,19,486,514,173,29,132,16
2,1000,60,5.13,10.3,18,37,42,964,19,9,8,36,7.702819039,163,229,23.11136981,16.17192629,7.722692833,7.683024582,483,8,3,5,16,481,11,6,3,20,499,501,183,46,143,20
7,1000,60,5.13,10.3,18,37,45,957,31,4,8,43,8.08557996,171,235,59.94440063,43.0666368,8.210861267,7.954137278,490,14,4,4,22,467,17,0,4,21,512,488,198,37,153,18
1,1000,60,5.13,10.3,18,37,40,965,19,7,9,35,7.493888975,157,207,21.53290626,14.63269796,7.250376254,7.729732005,477,8,2,5,15,488,11,5,4,20,492,508,169,38,138,19
8,1000,60,5.13,10.3,18,37,46,957,20,13,10,43,7.718486048,163,255,29.75568988,19.7666101,7.815608884,7.615767658,491,12,6,5,23,466,8,7,5,20,514,486,211,44,143,20
5,1000,60,5.13,10.3,18,37,44,958,26,10,6,42,7.710455002,163,237,24.87726441,17.70486454,7.983147983,7.438850616,471,16,7,5,28,487,10,3,1,14,499,501,199,38,140,23
3,1000,60,5.13,10.3,18,37,45,962,23,3,12,38,7.920021732,167,230,25.76434089,17.72700718,8.162320811,7.6806129,472,14,3,8,25,490,9,0,4,13,497,503,196,34,151,16
6,1000,60,5.13,10.3,18,37,45,961,24,6,9,39,7.579985758,172,221,25.17210898,17.15518764,7.899799816,7.24444314,491,14,4,3,21,470,10,2,6,18,512,488,185,36,153,19
4,1000,60,5.13,10.3,18,37,44,965,25,4,6,35,7.791590639,156,221,22.89576395,15.37164752,7.886439542,7.701908602,472,11,1,2,14,493,14,3,4,21,486,514,174,47,142,14
2,1000,60,5.13,10.3,18,37,43,963,21,9,7,37,7.721503005,156,237,23.62571369,16.61806211,7.7591628,7.68399355,483,8,3,5,16,480,13,6,2,21,499,501,190,47,137,19
7,1000,60,5.13,10.3,18,37,46,957,31,4,8,43,8.092347127,183,224,74.71012579,52.12283224,8.263023031,7.913277327,490,14,4,4,22,467,17,0,4,21,512,488,190,34,163,20
1,1000,60,5.13,10.3,18,37,41,966,19,6,9,34,7.477129041,135,212,21.93283637,14.93680325,7.265671257,7.681926738,477,8,2,5,15,489,11,4,4,19,492,508,172,40,116,19
8,1000,60,5.13,10.3,18,37,47,958,19,13,10,42,7.742095636,177,219,31.27660637,20.82506122,7.888853275,7.586882824,491,12,6,5,23,467,7,7,5,19,514,486,198,21,159,18
3,1000,60,5.13,10.3,18,37,46,962,23,3,12,38,7.936435162,172,251,26.8884827,18.42846304,8.22486318,7.651447637,472,14,3,8,25,490,9,0,4,13,497,503,218,33,152,20
5,1000,60,5.13,10.3,18,37,45,958,26,10,6,42,7.68559588,162,226,25.60130203,18.2410014,8.015599939,7.356909203,471,16,7,5,28,487,10,3,1,14,499,501,189,37,146,16
6,1000,60,5.13,10.3,18,37,46,961,24,6,9,39,7.581910365,152,235,25.95836728,17.74883565,7.952407557,7.193191999,491,14,4,3,21,470,10,2,6,18,512,488,192,43,133,19
4,1000,60,5.13,10.3,18,37,45,965,27,4,4,35,7.796390385,168,218,23.43080988,15.77757345,7.902156597,7.696385758,471,12,1,2,15,494,15,3,2,20,486,514,189,29,150,18
2,1000,60,5.13,10.3,18,37,44,964,21,8,7,36,7.712908492,154,215,24.29545893,17.1397253,7.778692729,7.647386866,483,8,3,5,16,481,13,5,2,20,499,501,173,42,130,24
7,1000,60,5.13,10.3,18,37,47,957,30,5,8,43,8.069877647,178,234,81.3950375,57.30789371,8.272401165,7.857393956,489,15,4,4,23,468,15,1,4,20,512,488,196,38,161,17
8,1000,60,5.13,10.3,18,37,48,960,19,13,8,40,7.713463753,177,269,32.8504978,21.96215333,7.89880786,7.517441384,491,12,6,5,23,469,7,7,3,17,514,486,235,34,156,21
3,1000,60,5.13,10.3,18,37,47,963,22,3,12,37,7.946909915,177,241,28.36732276,19.39312095,8.255497224,7.642003567,472,14,3,8,25,491,8,0,4,12,497,503,208,33,159,18
5,1000,60,5.13,10.3,18,37,46,960,25,8,7,40,7.683099102,153,225,26.30469592,18.86982597,8.042950013,7.324684722,472,15,6,6,27,488,10,2,1,13,499,501,190,35,134,19
1,1000,60,5.13,10.3,18,37,42,966,18,7,9,34,7.498344481,136,197,22.33560607,15.31698474,7.362555017,7.629857112,477,7,3,5,15,489,11,4,4,19,492,508,157,40,118,18
6,1000,60,5.13,10.3,18,37,47,962,20,8,10,38,7.546954296,162,246,26.4997671,18.25614299,7.985188438,7.087167655,490,12,6,4,22,472,8,2,6,16,512,488,207,39,141,21
4,1000,60,5.13,10.3,18,37,46,964,28,4,4,36,7.785080037,160,222,24.0056342,16.21705569,7.872429303,7.702489096,471,12,1,2,15,493,16,3,2,21,486,514,194,28,139,21
2,1000,60,5.13,10.3,18,37,45,966,19,8,7,34,7.721630688,156,233,25.02657142,17.65222409,7.850988624,7.59278915,483,8,3,5,16,483,11,5,2,18,499,501,194,39,136,20
7,1000,60,5.13,10.3,18,37,48,958,29,5,8,42,8.102857001,181,241,83.20673046,59.22990241,8.31894687,7.87613976,489,15,4,4,23,469,14,1,4,19,512,488,209,32,164,17
8,1000,60,5.13,10.3,18,37,49,959,19,14,8,41,7.719477906,174,268,34.49978345,23.13043256,7.921125318,7.506212946,491,12,6,5,23,468,7,8,3,18,514,486,230,38,159,15
3,1000,60,5.13,10.3,18,37,48,963,22,3,12,37,7.925908413,168,258,29.58685736,20.21776776,8.325020716,7.531556893,472,14,3,8,25,491,8,0,4,12,497,503,219,39,151,17
5,1000,60,5.13,10.3,18,37,47,959,26,8,7,41,7.704155991,162,242,27.20152054,19.53190624,8.081308215,7.328509364,472,15,6,6,27,487,11,2,1,14,499,501,204,38,138,24
6,1000,60,5.13,10.3,18,37,48,961,22,7,10,39,7.571841011,176,237,27.28535355,18.83694526,8.01033326,7.111783568,488,14,6,4,24,473,8,1,6,15,512,488,197,40,155,21
1,1000,60,5.13,10.3,18,37,43,965,19,7,9,35,7.517068301,147,206,22.81864962,15.75576678,7.383019037,7.646895541,476,8,3,5,16,489,11,4,4,19,492,508,167,39,128,19
4,1000,60,5.13,10.3,18,37,47,962,30,3,5,38,7.808781451,150,238,24.51850858,16.5820531,7.930977662,7.693241844,471,12,1,2,15,491,18,2,3,23,486,514,206,32,134,16
2,1000,60,5.13,10.3,18,37,46,968,18,6,8,32,7.723198976,186,236,25.89674504,18.215641,7.92758269,7.519631165,483,8,2,6,16,485,10,4,2,16,499,501,200,36,164,22
7,1000,60,5.13,10.3,18,37,49,962,25,7,6,38,8.069737531,185,261,85.27955672,61.35365963,8.354314041,7.771165455,489,14,5,4,23,473,11,2,2,15,512,488,231,30,170,15
8,1000,60,5.13,10.3,18,37,50,959,18,14,9,41,7.729993714,196,249,35.70736221,23.8348243,7.9480875,7.499334855,491,12,6,5,23,468,6,8,4,18,514,486,212,37,174,22
3,1000,60,5.13,10.3,18,37,49,964,21,3,12,36,7.89442958,167,258,30.44601439,20.90771872,8.340641751,7.453540019,472,14,3,8,25,492,7,0,4,11,497,503,213,45,153,14
5,1000,60,5.13,10.3,18,37,48,959,26,8,7,41,7.729759587,158,240,28.10141144,20.19014371,8.138837609,7.322314611,472,15,6,6,27,487,11,2,1,14,499,501,203,37,145,13
6,1000,60,5.13,10.3,18,37,49,962,21,7,10,38,7.588318392,169,268,27.78658599,19.26930599,8.052502459,7.1013056,489,13,6,4,23,473,8,1,6,15,512,488,220,48,153,16
1,1000,60,5.13,10.3,18,37,44,963,21,7,9,37,7.548568484,155,210,23.46323113,16.1757308,7.43984837,7.653864342,475,9,3,5,17,488,12,4,4,20,492,508,181,29,139,16
4,1000,60,5.13,10.3,18,37,48,962,30,3,5,38,7.809742642,183,239,25.10619174,16.95703628,8.004243954,7.625836732,471,12,1,2,15,491,18,2,3,23,486,514,202,37,158,25
2,1000,60,5.13,10.3,18,37,47,968,18,6,8,32,7.739749976,156,243,27.25213237,19.25662784,7.960457171,7.519923848,482,9,2,6,17,486,9,4,2,15,499,501,208,35,144,12
7,1000,60,5.13,10.3,18,37,50,962,25,7,6,38,8.020818545,177,260,87.36351336,62.52923384,8.365602421,7.659078085,489,14,5,4,23,473,11,2,2,15,512,488,232,28,164,13
8,1000,60,5.13,10.3,18,37,51,957,21,14,8,43,7.738465791,187,274,37.63681708,25.07473341,7.999243047,7.46266433,490,13,6,5,24,467,8,8,3,19,514,486,243,31,171,16
3,1000,60,5.13,10.3,18,37,50,964,21,3,12,36,7.927534038,173,267,31.44077784,21.5933569,8.422473104,7.438498818,472,14,3,8,25,492,7,0,4,11,497,503,225,42,159,14
5,1000,60,5.13,10.3,18,37,49,959,26,8,7,41,7.734855587,186,235,29.15642224,21.00265376,8.162288185,7.309129307,472,15,6,6,27,487,11,2,1,14,499,501,204,31,165,21
6,1000,60,5.13,10.3,18,37,50,962,22,7,9,38,7.622508826,184,244,28.49736624,19.86950071,8.124887965,7.095422516,489,13,6,4,23,473,9,1,5,15,512,488,221,23,164,20
4,1000,60,5.13,10.3,18,37,49,962,30,3,5,38,7.818129898,161,258,25.89720857,17.47393511,8.016593349,7.630477685,471,12,1,2,15,491,18,2,3,23,486,514,218,40,141,20
1,1000,60,5.13,10.3,18,37,45,962,22,7,9,38,7.548083247,148,217,24.11334124,16.67546959,7.459533831,7.633843704,474,10,3,5,18,488,12,4,4,20,492,508,181,36,130,18
7,1000,60,5.13,10.3,18,37,51,963,24,7,6,37,8.028079973,181,240,91.65842101,66.96305912,8.408952523,7.628475987,489,14,5,4,23,474,10,2,2,14,512,488,205,35,156,25
2,1000,60,5.13,10.3,18,37,48,970,17,6,7,30,7.716566849,168,224,28.46683197,20.15339181,7.981325045,7.452865571,482,9,2,6,17,488,8,4,1,13,499,501,193,31,150,18
8,1000,60,5.13,10.3,18,37,52,957,21,14,8,43,7.727666836,185,252,39.42344352,26.32877784,8.01702374,7.421639163,490,13,6,5,24,467,8,8,3,19,514,486,228,24,168,17
3,1000,60,5.13,10.3,18,37,51,964,21,3,12,36,7.937445742,180,262,32.71862516,22.50990015,8.469642296,7.411597458,472,14,3,8,25,492,7,0,4,11,497,503,228,34,166,14
6,1000,60,5.13,10.3,18,37,51,962,22,7,9,38,7.596928935,169,264,29.51376594,20.6451599,8.149495332,7.017187142,489,13,6,4,23,473,9,1,5,15,512,488,225,39,152,17
5,1000,60,5.13,10.3,18,37,50,960,26,8,6,40,7.716866789,177,264,30.14789306,21.68318171,8.188444237,7.247171887,472,15,6,6,27,488,11,2,0,13,499,501,226,38,161,16
4,1000,60,5.13,10.3,18,37,50,963,29,3,5,37,7.814078714,162,255,26.45686665,17.902046,8.040212571,7.600263433,472,11,1,2,14,491,18,2,3,23,486,514,213,42,137,25
1,1000,60,5.13,10.3,18,37,46,963,21,7,9,37,7.538143606,147,233,24.67985033,17.07149433,7.455930591,7.617767235,475,9,3,5,17,488,12,4,4,20,492,508,199,34,130,17
7,1000,60,5.13,10.3,18,37,52,966,22,6,6,34,7.991887562,184,245,93.38648849,67.96920488,8.421003689,7.541667363,489,14,5,4,23,477,8,1,2,11,512,488,215,30,171,13
2,1000,60,5.13,10.3,18,37,49,970,17,6,7,30,7.737335682,188,250,29.44884768,20.82326524,8.040385211,7.435495931,482,9,2,6,17,488,8,4,1,13,499,501,209,41,165,23
8,1000,60,5.13,10.3,18,37,53,959,20,14,7,41,7.696262251,205,262,41.07734653,27.46651029,8.063907908,7.307435363,490,13,6,5,24,469,7,8,2,17,514,486,236,26,191,14
3,1000,60,5.13,10.3,18,37,52,964,21,3,12,36,7.910570625,205,276,33.81183572,23.30117435,8.485478211,7.342520783,473,13,3,8,24,491,8,0,4,12,497,503,241,35,186,19
6,1000,60,5.13,10.3,18,37,52,963,20,8,9,37,7.578729203,182,267,30.48518337,21.60685467,8.201453527,6.925379092,489,12,7,4,23,474,8,1,5,14,512,488,226,41,163,19
5,1000,60,5.13,10.3,18,37,51,960,27,7,6,40,7.724706875,184,249,31.52712685,22.76868671,8.219844667,7.231545681,471,16,6,6,28,489,11,1,0,12,499,501,220,29,163,21
4,1000,60,5.13,10.3,18,37,51,960,31,4,5,40,7.822488373,165,252,27.31872223,18.45785332,8.054604965,7.603016266,471,12,1,2,15,489,19,3,3,25,486,514,217,35,149,16
7,1000,60,5.13,10.3,18,37,53,967,22,5,6,33,7.997229787,187,259,95.72639817,69.45312688,8.45026091,7.521918445,489,14,5,4,23,478,8,0,2,10,512,488,220,39,169,18
2,1000,60,5.13,10.3,18,37,50,969,18,6,7,31,7.730505606,178,271,31.0554775,21.98917785,8.09237905,7.370076767,482,9,2,6,17,487,9,4,1,14,499,501,232,39,159,19
1,1000,60,5.13,10.3,18,37,47,965,19,7,9,35,7.506582327,155,259,25.3340827,17.52972314,7.46513667,7.54672261,475,9,3,5,17,490,10,4,4,18,492,508,213,46,142,13
8,1000,60,5.13,10.3,18,37,54,960,20,13,7,40,7.693908002,210,265,42.62708372,28.43637193,8.118794076,7.244542894,491,13,5,5,23,469,7,8,2,17,514,486,230,35,191,19
3,1000,60,5.13,10.3,18,37,53,962,21,4,13,38,7.907893594,205,279,35.59459969,24.46189571,8.519733864,7.303351618,472,13,3,9,25,490,8,1,4,13,497,503,249,30,189,16
6,1000,60,5.13,10.3,18,37,53,963,20,8,9,37,7.592172158,185,252,31.65359703,22.70732742,8.253891024,6.897909742,489,12,7,4,23,474,8,1,5,14,512,488,209,43,169,16
5,1000,60,5.13,10.3,18,37,52,960,28,6,6,40,7.713721373,185,262,32.50429959,23.44541854,8.238981414,7.190558178,472,16,5,6,27,488,12,1,0,13,499,501,224,38,171,14
4,1000,60,5.13,10.3,18,37,52,962,29,4,5,38,7.827111396,202,260,28.0914731,18.99231129,8.064755199,7.602413169,471,12,1,2,15,491,17,3,3,23,486,514,225,35,181,21
7,1000,60,5.13,10.3,18,37,54,967,22,5,6,33,8.025097492,182,270,98.96287209,72.63012041,8.475606408,7.5524324,489,14,5,4,23,478,8,0,2,10,512,488,226,44,163,19
2,1000,60,5.13,10.3,18,37,51,969,17,7,7,31,7.742476738,185,248,32.54126613,23.28883783,8.138732344,7.347802992,481,9,3,6,18,488,8,4,1,13,499,501,216,32,170,15
1,1000,60,5.13,10.3,18,37,48,965,18,8,9,35,7.508434482,167,240,25.90229828,17.96915839,7.545088988,7.47293445,474,10,3,5,18,491,8,5,4,17,492,508,206,34,148,19
8,1000,60,5.13,10.3,18,37,55,961,20,12,7,39,7.679681181,214,275,43.95171788,29.30700834,8.138879517,7.194026972,491,13,5,5,23,470,7,7,2,16,514,486,245,30,189,25
3,1000,60,5.13,10.3,18,37,54,963,21,4,12,37,7.917411395,205,272,36.69645675,25.27845226,8.561910041,7.280600605,472,13,3,9,25,491,8,1,3,12,497,503,231,41,187,18
6,1000,60,5.13,10.3,18,37,54,962,21,8,9,38,7.594134188,194,266,32.7022976,23.56107025,8.309224645,6.843875347,488,13,7,4,24,474,8,1,5,14,512,488,221,45,180,14
5,1000,60,5.13,10.3,18,37,53,960,27,7,6,40,7.703798649,201,264,33.67714955,24.32616887,8.281505172,7.12839834,472,16,5,6,27,488,11,2,0,13,499,501,245,19,187,14
4,1000,60,5.13,10.3,18,37,53,964,29,3,4,36,7.844143259,191,238,29.08397963,19.66255598,8.149425035,7.555491619,471,12,1,2,15,493,17,2,2,21,486,514,210,28,173,18
7,1000,60,5.13,10.3,18,37,55,966,23,5,6,34,8.00990492,202,266,103.3632925,78.21020208,8.494447969,7.501531885,488,15,5,4,24,478,8,0,2,10,512,488,235,31,185,17
2,1000,60,5.13,10.3,18,37,52,970,16,7,7,30,7.716461252,195,274,34.3307088,24.95038076,8.154931009,7.279741873,482,8,3,6,17,488,8,4,1,13,499,501,236,38,177,18
1,1000,60,5.13,10.3,18,37,49,964,19,8,9,36,7.505367877,172,225,26.4449658,18.36017809,7.598762041,7.414915261,474,10,3,5,18,490,9,5,4,18,492,508,191,34,159,13
8,1000,60,5.13,10.3,18,37,56,962,19,11,8,38,7.687831272,204,278,45.2917074,30.15060597,8.190962292,7.15571328,491,13,5,5,23,471,6,6,3,15,514,486,246,32,189,15
3,1000,60,5.13,10.3,18,37,55,963,21,4,12,37,7.903976279,204,298,37.69146039,26.09054796,8.60323354,7.213060059,472,13,3,9,25,491,8,1,3,12,497,503,256,42,186,18
6,1000,60,5.13,10.3,18,37,55,961,23,8,8,39,7.565804839,175,265,33.76843255,24.39378894,8.333482275,6.760372775,488,13,7,4,24,473,10,1,4,15,512,488,233,32,159,16
5,1000,60,5.13,10.3,18,37,54,961,27,7,5,39,7.6806287,199,285,35.45110774,25.6362619,8.291203663,7.072491161,473,16,5,5,26,488,11,2,0,13,499,501,243,42,182,17
4,1000,60,5.13,10.3,18,37,54,964,29,3,4,36,7.811221938,170,276,30.06298738,20.31074554,8.17154385,7.470528457,471,12,1,2,15,493,17,2,2,21,486,514,240,36,155,15
7,1000,60,5.13,10.3,18,37,56,967,21,6,6,33,8.039004059,213,286,109.623542,85.52388981,8.566217402,7.485862191,487,15,6,4,25,480,6,0,2,8,512,488,242,44,198,15
2,1000,60,5.13,10.3,18,37,53,970,16,7,7,30,7.698236486,198,281,36.28646961,26.87435505,8.145615868,7.252643049,482,8,3,6,17,488,8,4,1,13,499,501,234,47,183,15
8,1000,60,5.13,10.3,18,37,57,962,20,10,8,38,7.689286356,221,288,47.01398862,31.17300153,8.23316585,7.11407224,491,14,4,5,23,471,6,6,3,15,514,486,252,36,205,16
1,1000,60,5.13,10.3,18,37,50,964,19,8,9,36,7.491906386,176,245,27.3273973,18.96771067,7.653889012,7.335025575,474,10,3,5,18,490,9,5,4,18,492,508,211,34,157,19
3,1000,60,5.13,10.3,18,37,56,962,21,5,12,38,7.893715379,218,287,39.36797657,27.33842841,8.626435736,7.169735224,471,14,3,9,26,491,7,2,3,12,497,503,257,30,204,14
6,1000,60,5.13,10.3,18,37,56,960,24,8,8,40,7.592193295,193,274,35.2978313,25.53586444,8.39946351,6.745221266,488,13,7,4,24,472,11,1,4,16,512,488,234,40,180,13
5,1000,60,5.13,10.3,18,37,55,961,27,6,6,39,7.669345045,198,271,36.40892227,26.3925663,8.302657714,7.038560569,473,16,5,5,26,488,11,1,1,13,499,501,233,38,180,18
4,1000,60,5.13,10.3,18,37,55,964,28,4,4,36,7.832079716,181,263,31.06859612,20.96810599,8.197525448,7.486541533,471,12,1,2,15,493,16,3,2,21,486,514,243,20,170,11
7,1000,60,5.13,10.3,18,37,57,964,24,6,6,36,8.035250029,200,261,114.392976,90.45084834,8.650329385,7.38992087,485,17,6,4,27,479,7,0,2,9,512,488,229,32,185,15
2,1000,60,5.13,10.3,18,37,54,970,16,7,7,30,7.704117712,185,265,38.36145746,28.93620108,8.184923682,7.225231127,481,9,3,6,18,489,7,4,1,12,499,501,228,37,176,9
8,1000,60,5.13,10.3,18,37,58,962,21,10,7,38,7.692181602,202,288,49.53207372,32.78865878,8.28191802,7.068468601,491,14,4,5,23,471,7,6,2,15,514,486,267,21,180,22
1,1000,60,5.13,10.3,18,37,51,966,18,7,9,34,7.516660422,182,248,28.23767883,19.5145826,7.746043589,7.294501921,474,10,3,5,18,492,8,4,4,16,492,508,214,34,164,18
3,1000,60,5.13,10.3,18,37,57,963,20,5,12,37,7.929818974,211,285,41.35985457,28.81558782,8.675506624,7.193026207,472,14,2,9,25,491,6,3,3,12,497,503,251,34,188,23
6,1000,60,5.13,10.3,18,37,57,960,24,8,8,40,7.627926231,193,260,36.68485881,26.62639779,8.459427463,6.755531495,488,13,7,4,24,472,11,1,4,16,512,488,226,34,181,12
4,1000,60,5.13,10.3,18,37,56,964,27,5,4,36,7.803661514,192,256,32.33986651,21.81907838,8.212923484,7.41669397,470,12,2,2,16,494,15,3,2,20,486,514,220,36,178,14
5,1000,60,5.13,10.3,18,37,56,961,26,7,6,39,7.688360994,204,287,37.48541588,27.07686675,8.385179419,6.994324279,473,15,6,5,26,488,11,1,1,13,499,501,257,30,188,16
7,1000,60,5.13,10.3,18,37,58,962,25,7,6,38,8.022268151,214,298,118.281737,95.58651309,8.686202812,7.325680965,484,18,6,4,28,478,7,1,2,10,512,488,269,29,197,17
2,1000,60,5.13,10.3,18,37,55,970,16,7,7,30,7.679843238,210,247,41.5349469,32.05008324,8.192413558,7.169319107,481,9,3,6,18,489,7,4,1,12,499,501,218,29,194,16
8,1000,60,5.13,10.3,18,37,59,961,22,10,7,39,7.70233331,206,295,52.83625932,34.79627546,8.329011712,7.039549981,491,14,4,5,23,470,8,6,2,16,514,486,262,33,193,13
3,1000,60,5.13,10.3,18,37,58,960,22,6,12,40,7.943523588,211,290,43.26395053,30.27838042,8.728896092,7.167519344,469,16,3,9,28,491,6,3,3,12,497,503,256,34,195,16
6,1000,60,5.13,10.3,18,37,58,960,24,8,8,40,7.645159745,198,287,38.26902362,27.92085828,8.525433294,6.721594053,488,13,7,4,24,472,11,1,4,16,512,488,259,28,184,14
1,1000,60,5.13,10.3,18,37,52,963,21,7,9,37,7.535813454,162,276,29.08809298,20.08397374,7.795051169,7.284740707,472,12,3,5,20,491,9,4,4,17,492,508,242,34,156,6
4,1000,60,5.13,10.3,18,37,57,964,26,6,4,36,7.788801426,203,292,33.98921819,22.97536355,8.252199496,7.35064683,470,11,3,2,16,494,15,3,2,20,486,514,247,45,193,10
7,1000,60,5.13,10.3,18,37,59,964,24,6,6,36,8.020675112,210,301,125.5840095,105.4477498,8.74463408,7.261111606,484,18,6,4,28,480,6,0,2,8,512,488,255,46,193,17
5,1000,60,5.13,10.3,18,37,57,960,27,7,6,40,7.712902337,204,294,38.51924981,27.7885852,8.435838448,6.992852199,472,16,6,5,27,488,11,1,1,13,499,501,264,30,191,13
8,1000,60,5.13,10.3,18,37,60,961,22,9,8,39,7.715552825,216,284,55.89752415,36.75416245,8.386530414,7.005918092,491,14,3,6,23,470,8,6,2,16,514,486,265,19,208,8
2,1000,60,5.13,10.3,18,37,56,971,16,6,7,29,7.654578197,209,282,44.64606289,34.67070034,8.194292917,7.117018028,481,9,3,6,18,490,7,3,1,11,499,501,247,35,189,20
3,1000,60,5.13,10.3,18,37,59,961,21,6,12,39,7.943212696,223,276,44.7281111,31.43751408,8.750824904,7.145234033,469,16,3,9,28,492,5,3,3,11,497,503,243,33,204,19
6,1000,60,5.13,10.3,18,37,59,961,23,8,8,39,7.652720559,203,311,39.87703366,29.34132634,8.553001069,6.708163958,489,12,7,4,23,472,11,1,4,16,512,488,275,36,181,22
1,1000,60,5.13,10.3,18,37,53,963,20,8,9,37,7.525598017,193,263,30.0573711,20.85136855,7.844019324,7.217205728,472,12,3,5,20,491,8,5,4,17,492,508,231,32,179,14
7,1000,60,5.13,10.3,18,37,60,964,24,7,5,36,7.975889456,219,285,129.2696092,111.2567925,8.782023672,7.130109294,483,18,7,4,29,481,6,0,1,7,512,488,249,36,199,20
4,1000,60,5.13,10.3,18,37,58,964,27,5,4,36,7.783781938,218,271,35.23539561,23.86409843,8.292836223,7.302458236,470,12,2,2,16,494,15,3,2,20,486,514,244,27,199,19
5,1000,60,5.13,10.3,18,37,58,960,27,7,6,40,7.749365157,199,284,40.56441209,29.2435771,8.48152464,7.020128466,472,16,6,5,27,488,11,1,1,13,499,501,259,25,184,15
8,1000,60,5.13,10.3,18,37,61,961,23,8,8,39,7.699708182,240,320,59.08026188,38.79817258,8.436361984,6.920613419,490,15,3,6,24,471,8,5,2,15,514,486,283,37,220,20
2,1000,60,5.13,10.3,18,37,57,971,16,6,7,29,7.659989759,220,278,46.91230741,36.3301483,8.23803715,7.084249942,481,9,3,6,18,490,7,3,1,11,499,501,242,36,203,17
3,1000,60,5.13,10.3,18,37,60,960,22,6,12,40,7.966848944,227,300,46.65198251,32.77265764,8.828507194,7.115468924,469,16,3,9,28,491,6,3,3,12,497,503,270,30,210,17
6,1000,60,5.13,10.3,18,37,60,961,24,8,7,39,7.649341541,218,293,41.51482445,30.59588499,8.609485446,6.641977445,488,13,7,4,24,473,11,1,3,15,512,488,257,36,209,9
1,1000,60,5.13,10.3,18,37,54,962,21,7,10,38,7.533904108,187,250,30.84791221,21.49131801,7.864728329,7.213499547,472,12,2,6,20,490,9,5,4,18,492,508,226,24,170,17
7,1000,60,5.13,10.3,18,37,61,963,25,7,5,37,7.987331186,237,295,133.0889995,117.4222382,8.822069238,7.111540443,482,19,7,4,30,481,6,0,1,7,512,488,266,29,225,12
4,1000,60,5.13,10.3,18,37,59,963,29,4,4,37,7.8167462,198,282,36.19377363,24.51201931,8.351838328,7.310803059,467,15,2,2,19,496,14,2,2,18,486,514,251,31,183,15
5,1000,60,5.13,10.3,18,37,59,961,26,7,6,39,7.750350371,209,271,43.2318111,31.10510958,8.527716909,6.976087092,471,17,6,5,28,490,9,1,1,11,499,501,249,22,196,13
8,1000,60,5.13,10.3,18,37,62,962,22,8,8,38,7.697887449,247,291,63.00222796,41.17699658,8.476291435,6.874637143,490,15,3,6,24,472,7,5,2,14,514,486,270,21,227,20
2,1000,60,5.13,10.3,18,37,58,970,16,6,8,30,7.671660778,197,280,49.53725277,38.25109995,8.28678551,7.058991633,481,8,3,7,18,489,8,3,1,12,499,501,252,28,183,14
3,1000,60,5.13,10.3,18,37,61,960,22,6,12,40,7.936007245,224,307,48.33181692,34.01126594,8.862803119,7.02026659,469,16,3,9,28,491,6,3,3,12,497,503,283,24,205,19
6,1000,60,5.13,10.3,18,37,61,961,24,8,7,39,7.669327131,223,292,43.57510525,32.2352601,8.668045796,6.621491154,488,13,7,4,24,473,11,1,3,15,512,488,263,29,206,17
1,1000,60,5.13,10.3,18,37,55,964,20,6,10,36,7.527482265,202,261,31.81162622,22.24012599,7.93753357,7.130345962,472,12,2,6,20,492,8,4,4,16,492,508,224,37,182,20
7,1000,60,5.13,10.3,18,37,62,962,26,7,5,38,8.013852838,221,295,134.8162812,119.0091121,8.890112346,7.0944986,481,20,7,4,31,481,6,0,1,7,512,488,273,22,206,15
4,1000,60,5.13,10.3,18,37,60,963,30,3,4,37,7.801570743,215,292,37.61255709,25.47659038,8.39863843,7.237028145,466,16,2,2,20,497,14,1,2,17,486,514,266,26,189,26
5,1000,60,5.13,10.3,18,37,60,961,26,7,6,39,7.746811362,203,313,45.5974046,32.8122125,8.546986649,6.949830388,470,18,6,5,29,491,8,1,1,10,499,501,287,26,192,11
8,1000,60,5.13,10.3,18,37,63,963,21,8,8,37,7.672874679,244,304,67.77649677,43.81910297,8.488138921,6.810640481,490,15,3,6,24,473,6,5,2,13,514,486,278,26,227,17
2,1000,60,5.13,10.3,18,37,59,970,16,6,8,30,7.671160203,212,292,52.16404864,40.53641781,8.334729822,7.010239565,481,8,3,7,18,489,8,3,1,12,499,501,254,38,190,22
3,1000,60,5.13,10.3,18,37,62,959,23,6,12,41,7.941556557,225,303,50.2795045,35.43197468,8.930401615,6.964506868,468,17,3,9,29,491,6,3,3,12,497,503,274,29,215,10
6,1000,60,5.13,10.3,18,37,62,961,24,7,8,39,7.653669258,212,309,45.41646639,33.93345874,8.705296883,6.550322241,488,13,6,5,24,473,11,1,3,15,512,488,273,36,197,15
7,1000,60,5.13,10.3,18,37,63,962,26,7,5,38,8.03822644,223,291,141.6420108,126.9386726,8.913787449,7.119605054,481,20,7,4,31,481,6,0,1,7,512,488,262,29,210,13
1,1000,60,5.13,10.3,18,37,56,962,22,7,9,38,7.546304157,202,286,33.13006964,23.29772356,7.956062817,7.149451282,471,13,2,6,21,491,9,5,3,17,492,508,256,30,185,17
4,1000,60,5.13,10.3,18,37,61,965,28,3,4,35,7.793699445,209,312,38.95407537,26.37021068,8.483378783,7.141590187,466,16,2,2,20,499,12,1,2,15,486,514,280,32,196,13
5,1000,60,5.13,10.3,18,37,61,961,25,8,6,39,7.763690403,227,285,47.73187883,34.29743747,8.598635811,6.932078111,470,18,6,5,29,491,7,2,1,10,499,501,264,21,215,12
8,1000,60,5.13,10.3,18,37,64,962,22,8,8,38,7.69323887,246,306,71.9980037,46.56305317,8.544726056,6.792694809,489,16,3,6,25,473,6,5,2,13,514,486,274,32,228,18
2,1000,60,5.13,10.3,18,37,60,971,15,6,8,29,7.648582172,223,315,54.55009835,42.836922,8.374588727,6.925473847,481,8,3,7,18,490,7,3,1,11,499,501,287,28,207,16
3,1000,60,5.13,10.3,18,37,63,960,21,7,12,40,7.93052555,243,310,52.01762361,36.97511311,8.982982533,6.890622726,468,16,4,9,29,492,5,3,3,11,497,503,286,24,224,19
6,1000,60,5.13,10.3,18,37,63,961,25,7,7,39,7.658591724,218,306,47.70695061,35.63855245,8.731317694,6.533108739,487,14,6,5,25,474,11,1,2,14,512,488,271,35,210,8
7,1000,60,5.13,10.3,18,37,64,962,25,8,5,38,8.048174039,223,301,151.2891848,136.7278634,8.964630671,7.086645769,481,19,8,4,31,481,6,0,1,7,512,488,278,23,207,16
1,1000,60,5.13,10.3,18,37,57,960,23,8,9,40,7.584888134,206,264,34.52630047,24.3572456,8.009612419,7.173540992,471,13,2,6,21,489,10,6,3,19,492,508,239,25,187,19
8,1000,60,5.13,10.3,18,37,65,962,22,8,8,38,7.675715515,242,314,76.51781245,49.17185427,8.571680777,6.728130856,489,16,3,6,25,473,6,5,2,13,514,486,291,23,230,12
4,1000,60,5.13,10.3,18,37,62,964,29,3,4,36,7.776785449,214,301,40.99528952,27.72037655,8.49607516,7.096678834,466,16,2,2,20,498,13,1,2,16,486,514,273,28,192,22
5,1000,60,5.13,10.3,18,37,62,960,26,8,6,40,7.767031632,224,294,50.48327057,36.07577621,8.636464522,6.901069531,469,19,6,5,30,491,7,2,1,10,499,501,274,20,207,17
2,1000,60,5.13,10.3,18,37,61,970,16,6,8,30,7.636758183,207,292,56.86617055,44.29028569,8.408271465,6.868324795,480,9,3,7,19,490,7,3,1,11,499,501,262,30,190,17
3,1000,60,5.13,10.3,18,37,64,961,20,7,12,39,7.924608048,234,321,53.94219788,38.52692509,9.052782053,6.809891387,468,16,4,9,29,493,4,3,3,10,497,503,288,33,222,12
6,1000,60,5.13,10.3,18,37,64,963,23,7,7,37,7.620766085,230,296,49.96027362,37.42229536,8.746442966,6.439728046,486,15,6,5,26,477,8,1,2,11,512,488,269,27,223,7
7,1000,60,5.13,10.3,18,37,65,961,25,9,5,39,8.051325734,211,320,166.7513513,156.3035397,9.001752127,7.054157061,481,19,8,4,31,480,6,1,1,8,512,488,291,29,201,10
8,1000,60,5.13,10.3,18,37,66,962,22,8,8,38,7.722571134,255,322,79.76584575,51.34394352,8.653971132,6.737510231,489,16,3,6,25,473,6,5,2,13,514,486,290,32,233,22
4,1000,60,5.13,10.3,18,37,63,966,28,3,3,34,7.780246211,228,310,42.70429759,28.84086503,8.520265078,7.080539656,466,16,2,2,20,500,12,1,1,14,486,514,288,22,214,14
1,1000,60,5.13,10.3,18,37,58,960,23,8,9,40,7.592824184,193,278,35.7494927,25.16622267,8.095451015,7.10602812,471,13,2,6,21,489,10,6,3,19,492,508,252,26,180,13
5,1000,60,5.13,10.3,18,37,63,961,26,8,5,39,7.756366895,227,305,52.78437997,37.61538696,8.650096867,6.866204707,469,19,6,5,30,492,7,2,0,9,499,501,292,13,217,10
2,1000,60,5.13,10.3,18,37,62,969,17,6,8,31,7.613805118,217,303,58.77742915,45.71386775,8.430583549,6.80028728,479,10,3,7,20,490,7,3,1,11,499,501,279,24,205,12
3,1000,60,5.13,10.3,18,37,65,961,21,7,11,39,7.930439956,248,317,56.26334412,40.50779406,9.076497928,6.798052655,469,16,4,8,28,492,5,3,3,11,497,503,284,33,234,14
6,1000,60,5.13,10.3,18,37,65,962,24,7,7,38,7.601365429,246,335,51.96540108,39.08644413,8.781418209,6.363277267,485,16,6,5,27,477,8,1,2,11,512,488,305,30,224,22
7,1000,60,5.13,10.3,18,37,66,960,27,10,3,40,8.050650503,240,310,180.6309981,170.4673997,9.06581659,6.985558215,480,20,9,3,32,480,7,1,0,8,512,488,283,27,231,9
8,1000,60,5.13,10.3,18,37,67,960,24,8,8,40,7.747500126,269,303,84.30416311,54.51783355,8.715862415,6.723347417,487,18,3,6,27,473,6,5,2,13,514,486,280,23,257,12
4,1000,60,5.13,10.3,18,37,64,966,29,2,3,34,7.801848663,233,304,44.17808933,29.82779488,8.566286484,7.07905337,465,17,2,2,21,501,12,0,1,13,486,514,278,26,223,10
1,1000,60,5.13,10.3,18,37,59,958,23,10,9,42,7.589703056,192,309,37.36350814,26.14210036,8.113601935,7.082304929,471,13,2,6,21,487,10,8,3,21,492,508,269,40,182,10
5,1000,60,5.13,10.3,18,37,64,960,26,9,5,40,7.764475674,247,308,56.08839178,40.17230377,8.686960055,6.845673866,469,18,7,5,30,491,8,2,0,10,499,501,278,30,228,19
2,1000,60,5.13,10.3,18,37,63,969,17,6,8,31,7.607290793,226,299,60.40326019,47.21683462,8.435156219,6.78273022,479,10,3,7,20,490,7,3,1,11,499,501,263,36,208,18
3,1000,60,5.13,10.3,18,37,66,961,22,7,10,39,7.914119713,244,322,58.58082698,42.00443322,9.156006244,6.687046938,469,16,4,8,28,492,6,3,2,11,497,503,296,26,229,15
6,1000,60,5.13,10.3,18,37,66,962,24,7,7,38,7.608429402,251,329,54.27215178,40.89221055,8.802295872,6.355848187,485,16,6,5,27,477,8,1,2,11,512,488,306,23,236,15
7,1000,60,5.13,10.3,18,37,67,960,27,10,3,40,7.984013659,230,319,193.5175014,185.3024482,9.060729782,6.854344284,480,20,9,3,32,480,7,1,0,8,512,488,294,25,219,11
4,1000,60,5.13,10.3,18,37,65,967,28,2,3,33,7.824511155,249,320,45.40773428,30.69071372,8.633770762,7.059335729,465,17,2,2,21,502,11,0,1,12,486,514,289,31,227,22
8,1000,60,5.13,10.3,18,37,68,961,24,8,7,39,7.750432854,270,312,91.18375056,59.05619122,8.794031177,6.646709525,487,18,3,6,27,474,6,5,1,12,514,486,280,32,251,19
3,1000,60,5.13,10.3,18,37,67,961,22,7,10,39,7.905796535,239,335,60.40725117,43.30024228,9.174930391,6.651801452,469,16,4,8,28,492,6,3,2,11,497,503,313,22,227,12
1,1000,60,5.13,10.3,18,37,60,960,23,8,9,40,7.593448901,211,277,38.73995977,27.05433758,8.174354729,7.030839319,471,13,2,6,21,489,10,6,3,19,492,508,243,34,201,10
5,1000,60,5.13,10.3,18,37,65,961,24,10,5,39,7.731996394,237,316,59.01648417,42.33061836,8.725791839,6.742168196,469,17,8,5,30,492,7,2,0,9,499,501,290,26,223,14
2,1000,60,5.13,10.3,18,37,64,969,17,6,8,31,7.59750467,227,313,64.03989278,51.56164989,8.470551685,6.727942872,479,10,3,7,20,490,7,3,1,11,499,501,285,28,214,13
6,1000,60,5.13,10.3,18,37,67,962,23,8,7,38,7.635711474,252,326,56.24196037,42.2743796,8.857957896,6.353354573,485,15,7,5,27,477,8,1,2,11,512,488,300,26,238,14
7,1000,60,5.13,10.3,18,37,68,960,27,10,3,40,7.980340192,224,319,215.0765295,213.8693038,9.087246708,6.818995651,480,20,9,3,32,480,7,1,0,8,512,488,297,22,213,11
4,1000,60,5.13,10.3,18,37,66,966,29,2,3,34,7.81641102,229,333,46.95123566,31.86086976,8.664468575,7.014551152,464,18,2,2,22,502,11,0,1,12,486,514,302,31,217,12
8,1000,60,5.13,10.3,18,37,69,959,26,7,8,41,7.76000242,256,332,100.710537,65.26846862,8.83343458,6.624726432,486,19,2,7,28,473,7,5,1,13,514,486,314,18,245,11
3,1000,60,5.13,10.3,18,37,68,960,23,7,10,40,7.908656041,249,329,62.85615885,45.06541485,9.213554802,6.619322673,469,16,4,8,28,491,7,3,2,12,497,503,308,21,235,14
5,1000,60,5.13,10.3,18,37,66,960,25,11,4,40,7.738116484,242,319,62.63040014,45.00717187,8.741717706,6.738521655,468,18,9,4,31,492,7,2,0,9,499,501,294,25,233,9
1,1000,60,5.13,10.3,18,37,61,959,24,8,9,41,7.610397816,217,297,40.27996271,28.2419567,8.209650523,7.030019211,470,14,2,6,22,489,10,6,3,19,492,508,267,30,201,16
2,1000,60,5.13,10.3,18,37,65,969,17,6,8,31,7.571913573,232,305,68.50938783,56.01733127,8.467416859,6.679985151,479,10,3,7,20,490,7,3,1,11,499,501,272,33,215,17
6,1000,60,5.13,10.3,18,37,68,963,22,8,7,37,7.612405708,240,326,58.91390245,44.19549003,8.879880794,6.282595781,485,15,7,5,27,478,7,1,2,10,512,488,295,31,232,8
7,1000,60,5.13,10.3,18,37,69,960,27,10,3,40,7.992013199,234,347,224.8307498,220.0608756,9.13128153,6.796715277,479,21,9,3,33,481,6,1,0,7,512,488,320,27,225,9
4,1000,60,5.13,10.3,18,37,67,968,28,2,2,32,7.824757158,246,347,48.52866675,33.04333105,8.754944227,6.945241758,464,18,2,2,22,504,10,0,0,10,486,514,312,35,235,11
8,1000,60,5.13,10.3,18,37,70,960,25,7,8,40,7.745909632,274,333,108.3758117,70.11627222,8.883301838,6.542988657,486,19,2,7,28,474,6,5,1,12,514,486,311,22,263,11
3,1000,60,5.13,10.3,18,37,69,960,23,7,10,40,7.885541295,248,355,64.93601104,46.69339645,9.245426223,6.541877658,469,16,4,8,28,491,7,3,2,12,497,503,326,29,226,22
5,1000,60,5.13,10.3,18,37,67,960,25,10,5,40,7.746759857,237,342,65.60529072,46.94368224,8.794268007,6.703433376,468,18,8,5,31,492,7,2,0,9,499,501,317,25,227,10
2,1000,60,5.13,10.3,18,37,66,967,19,6,8,33,7.562060503,258,306,73.13319033,60.28707512,8.523849437,6.604111045,477,12,3,7,22,490,7,3,1,11,499,501,284,22,249,9
6,1000,60,5.13,10.3,18,37,69,962,23,8,7,38,7.620019292,254,330,61.90654391,46.65609242,8.899760992,6.277339476,484,16,7,5,28,478,7,1,2,10,512,488,305,25,244,10
1,1000,60,5.13,10.3,18,37,62,958,25,8,9,42,7.603953468,217,311,42.37100421,29.55268103,8.238907486,6.988998003,469,15,2,6,23,489,10,6,3,19,492,508,278,33,200,17
7,1000,60,5.13,10.3,18,37,70,959,28,10,3,41,7.987420719,250,341,235.8554119,227.5227714,9.177553645,6.738756666,478,22,9,3,34,481,6,1,0,7,512,488,319,22,232,18
8,1000,60,5.13,10.3,18,37,71,958,27,7,8,42,7.752233035,266,352,120.1506056,77.56265706,8.930011189,6.50659935,484,21,2,7,30,474,6,5,1,12,514,486,328,24,250,16
4,1000,60,5.13,10.3,18,37,68,968,28,2,2,32,7.81198414,243,329,50.29149292,34.20911017,8.78295493,6.893906701,464,18,2,2,22,504,10,0,0,10,486,514,303,26,232,11
3,1000,60,5.13,10.3,18,37,70,961,22,7,10,39,7.879905145,253,354,67.63491344,48.73885763,9.30144623,6.475320813,469,16,4,8,28,492,6,3,2,11,497,503,323,31,243,10
5,1000,60,5.13,10.3,18,37,68,959,26,9,6,41,7.802305593,260,340,69.86358098,49.77455701,8.913534143,6.695513086,467,19,7,6,32,492,7,2,0,9,499,501,315,25,244,16
6,1000,60,5.13,10.3,18,37,70,958,28,8,6,42,7.640818553,266,357,65.2561173,49.22482355,9.006233623,6.208251922,479,21,7,5,33,479,7,1,1,9,512,488,326,31,248,18
2,1000,60,5.13,10.3,18,37,67,968,19,5,8,32,7.540307123,243,328,76.22772305,63.14888019,8.568648867,6.516070536,477,12,3,7,22,491,7,2,1,10,499,501,300,28,228,15
1,1000,60,5.13,10.3,18,37,63,957,26,8,9,43,7.60783407,224,320,45.31245885,31.28076376,8.295648796,6.941682799,469,15,2,6,23,488,11,6,3,20,492,508,295,25,214,10
7,1000,60,5.13,10.3,18,37,71,958,29,10,3,42,7.972166504,260,347,269.9878895,266.5532466,9.23489429,6.647337351,477,23,9,3,35,481,6,1,0,7,512,488,319,28,249,11
8,1000,60,5.13,10.3,18,37,72,959,26,7,8,41,7.746167421,272,334,129.8287381,83.65955404,8.998894625,6.421266633,484,21,2,7,30,475,5,5,1,11,514,486,317,17,256,16
4,1000,60,5.13,10.3,18,37,69,968,28,2,2,32,7.823307927,263,330,52.33286503,35.62034117,8.890126118,6.814604345,464,18,2,2,22,504,10,0,0,10,486,514,306,24,250,13
3,1000,60,5.13,10.3,18,37,71,960,23,7,10,40,7.869356588,273,353,70.52520159,50.72968425,9.31374454,6.442197917,468,17,4,8,29,492,6,3,2,11,497,503,325,28,258,15
5,1000,60,5.13,10.3,18,37,69,958,26,10,6,42,7.795122627,275,328,74.62570891,53.26572241,8.966073264,6.628846443,466,19,8,6,33,492,7,2,0,9,499,501,307,21,262,13
6,1000,60,5.13,10.3,18,37,71,958,28,8,6,42,7.635451408,257,335,69.01638727,52.40988392,9.061435902,6.139336528,479,21,7,5,33,479,7,1,1,9,512,488,309,26,249,8
2,1000,60,5.13,10.3,18,37,68,968,19,5,8,32,7.542056258,249,333,80.063448,67.49142897,8.570966535,6.517253407,477,12,3,7,22,491,7,2,1,10,499,501,289,44,235,14
1,1000,60,5.13,10.3,18,37,64,958,25,8,9,42,7.60000318,233,325,48.76955603,33.54741517,8.34865152,6.874934316,469,15,2,6,23,489,10,6,3,19,492,508,298,27,215,18
7,1000,60,5.13,10.3,18,37,72,958,29,10,3,42,7.947770239,255,338,283.3071089,274.532947,9.275788426,6.554439682,477,23,9,3,35,481,6,1,0,7,512,488,313,25,232,23
8,1000,60,5.13,10.3,18,37,73,958,27,7,8,42,7.732959221,267,359,138.8816234,89.29020536,9.034614118,6.356311862,484,21,2,7,30,474,6,5,1,12,514,486,331,28,250,17
4,1000,60,5.13,10.3,18,37,70,969,27,2,2,31,7.806457193,269,341,54.6967251,37.28415789,8.909426402,6.76357191,465,17,2,2,21,504,10,0,0,10,486,514,318,23,256,13
3,1000,60,5.13,10.3,18,37,72,961,22,7,10,39,7.852176617,282,354,74.76400353,53.75111001,9.292696649,6.428839726,469,16,4,8,28,492,6,3,2,11,497,503,328,26,267,15
5,1000,60,5.13,10.3,18,37,70,959,26,9,6,41,7.787667217,263,335,80.17952098,57.15521357,8.975532467,6.604543945,466,19,8,6,33,493,7,1,0,8,499,501,315,20,254,9
6,1000,60,5.13,10.3,18,37,72,956,30,8,6,44,7.635957192,261,349,72.46823814,55.21051356,9.112808402,6.086473955,477,23,7,5,35,479,7,1,1,9,512,488,325,24,252,9
2,1000,60,5.13,10.3,18,37,69,967,20,6,7,33,7.549884877,268,330,82.35768495,69.0966205,8.643472785,6.460662589,476,13,3,7,23,491,7,3,0,10,499,501,306,24,252,16
1,1000,60,5.13,10.3,18,37,65,959,25,8,8,41,7.634763568,230,323,51.88330532,35.52130535,8.432628444,6.862028294,469,15,2,6,23,490,10,6,2,18,492,508,292,31,209,21
7,1000,60,5.13,10.3,18,37,73,958,28,11,3,42,7.942451384,273,349,291.2427159,279.2674431,9.296084113,6.522246554,477,23,9,3,35,481,5,2,0,7,512,488,330,19,258,15
8,1000,60,5.13,10.3,18,37,74,958,27,7,8,42,7.729899292,271,358,147.1102915,95.45858893,9.06397364,6.318964694,484,21,2,7,30,474,6,5,1,12,514,486,339,19,253,18
4,1000,60,5.13,10.3,18,37,71,968,26,4,2,32,7.838424016,246,317,56.69676456,38.71792233,8.976471806,6.762371047,464,16,4,2,22,504,10,0,0,10,486,514,307,10,237,9
3,1000,60,5.13,10.3,18,37,73,960,22,8,10,40,7.861776773,268,350,77.52022887,55.80112414,9.316197632,6.42470487,469,16,4,8,28,491,6,4,2,12,497,503,314,36,258,10
6,1000,60,5.13,10.3,18,37,73,955,31,8,6,45,7.643150267,274,352,76.64743072,58.69601181,9.152266047,6.059815677,477,23,7,5,35,478,8,1,1,10,512,488,328,24,262,12
5,1000,60,5.13,10.3,18,37,71,959,26,9,6,41,7.777150379,272,369,85.13299822,60.69404484,9.013639522,6.54559732,466,19,8,6,33,493,7,1,0,8,499,501,341,28,265,7
2,1000,60,5.13,10.3,18,37,70,966,21,6,7,34,7.516639071,264,336,86.81762679,75.61722557,8.667204093,6.370667123,476,13,3,7,23,490,8,3,0,11,499,501,308,28,253,11
7,1000,60,5.13,10.3,18,37,74,957,29,10,4,43,7.962088212,271,341,300.8081986,284.4139445,9.336973158,6.519585973,478,22,8,4,34,479,7,2,0,9,512,488,318,23,259,12
8,1000,60,5.13,10.3,18,37,75,958,27,7,8,42,7.713240085,280,352,164.621322,106.7137241,9.095620002,6.25121688,484,21,2,7,30,474,6,5,1,12,514,486,326,26,273,7
1,1000,60,5.13,10.3,18,37,66,959,25,8,8,41,7.654838591,241,316,55.61926259,37.95275549,8.523887233,6.813161561,469,15,2,6,23,490,10,6,2,18,492,508,296,20,230,11
4,1000,60,5.13,10.3,18,37,72,968,26,4,2,32,7.859624058,261,334,60.38506732,41.18399651,9.005483058,6.776185392,464,16,4,2,22,504,10,0,0,10,486,514,314,20,244,17
3,1000,60,5.13,10.3,18,37,74,959,22,9,10,41,7.858019214,271,357,80.02774612,57.86289494,9.332302987,6.40132133,468,16,5,8,29,491,6,4,2,12,497,503,326,31,253,18
6,1000,60,5.13,10.3,18,37,74,954,31,8,7,46,7.642418518,284,371,81.23398678,62.43915548,9.221302292,5.985884723,476,23,7,6,36,478,8,1,1,10,512,488,337,34,269,15
5,1000,60,5.13,10.3,18,37,72,957,27,10,6,43,7.750736854,277,335,89.46678506,64.09523291,9.064165309,6.442551627,464,20,9,6,35,493,7,1,0,8,499,501,311,24,264,13
2,1000,60,5.13,10.3,18,37,71,963,23,7,7,37,7.50978697,266,354,92.71052813,84.24013615,8.725156014,6.299269697,473,15,4,7,26,490,8,3,0,11,499,501,326,28,254,12
8,1000,60,5.13,10.3,18,37,76,958,27,7,8,42,7.683450077,303,341,173.5636509,114.0910816,9.124085354,6.159815236,483,22,2,7,31,475,5,5,1,11,514,486,322,19,291,12
7,1000,60,5.13,10.3,18,37,75,958,28,10,4,42,7.996376078,265,367,304.0542687,287.4800507,9.48623219,6.433248353,478,22,8,4,34,480,6,2,0,8,512,488,341,26,259,6
3,1000,60,5.13,10.3,18,37,75,958,22,8,12,42,7.884347404,274,367,84.22836722,60.91549989,9.414160812,6.372782269,466,17,4,10,31,492,5,4,2,11,497,503,341,26,259,15
1,1000,60,5.13,10.3,18,37,67,959,26,8,7,41,7.666827859,232,333,60.11056778,40.52633626,8.585078099,6.777498887,468,16,2,6,24,491,10,6,1,17,492,508,306,27,226,6
4,1000,60,5.13,10.3,18,37,73,968,26,4,2,32,7.842383044,278,352,64.02924766,43.62248044,9.023500941,6.7256062,464,16,4,2,22,504,10,0,0,10,486,514,332,20,263,15
6,1000,60,5.13,10.3,18,37,75,952,34,8,6,48,7.617766983,284,349,86.05191045,66.06819139,9.26682132,5.887611614,474,26,7,5,38,478,8,1,1,10,512,488,324,25,270,14
5,1000,60,5.13,10.3,18,37,73,956,27,11,6,44,7.730522469,279,344,95.57227581,68.41894828,9.091380811,6.375096695,463,20,10,6,36,493,7,1,0,8,499,501,319,25,266,13
2,1000,60,5.13,10.3,18,37,72,963,23,7,7,37,7.512434789,261,363,97.26028895,88.52742744,8.786104567,6.24384952,472,16,4,7,27,491,7,3,0,10,499,501,341,22,251,10
7,1000,60,5.13,10.3,18,37,76,959,27,10,4,41,7.967283312,271,364,311.6882665,293.0682627,9.553394194,6.303166977,477,23,8,4,35,482,4,2,0,6,512,488,344,20,262,9
8,1000,60,5.13,10.3,18,37,77,957,30,6,7,43,7.679837676,299,359,191.1716003,126.588048,9.193663896,6.078795131,480,25,2,7,34,477,5,4,0,9,514,486,331,28,289,10
3,1000,60,5.13,10.3,18,37,76,956,24,8,12,44,7.888102168,279,360,88.95839956,63.78239581,9.437078065,6.35760312,465,18,4,10,32,491,6,4,2,12,497,503,337,23,272,7
4,1000,60,5.13,10.3,18,37,74,967,27,4,2,33,7.841510407,280,363,68.41378113,46.61956705,9.062868219,6.686685705,464,16,4,2,22,503,11,0,0,11,486,514,340,23,268,12
1,1000,60,5.13,10.3,18,37,68,960,23,10,7,40,7.660455473,255,329,63.93237699,42.97778536,8.649253582,6.702800612,468,14,4,6,24,492,9,6,1,16,492,508,303,26,245,10
6,1000,60,5.13,10.3,18,37,76,951,35,8,6,49,7.612538539,300,359,91.16439418,69.7197001,9.34632103,5.793488056,474,26,7,5,38,477,9,1,1,11,512,488,333,26,287,13
2,1000,60,5.13,10.3,18,37,73,964,23,6,7,36,7.462184846,275,359,101.7573925,92.94390539,8.804702151,6.125026891,472,16,4,7,27,492,7,2,0,9,499,501,336,23,256,19
5,1000,60,5.13,10.3,18,37,74,956,27,11,6,44,7.718489553,289,352,102.4117918,73.11008787,9.115651138,6.32690546,463,20,10,6,36,493,7,1,0,8,499,501,324,28,282,7
8,1000,60,5.13,10.3,18,37,78,959,29,5,7,41,7.635506539,305,368,204.7269221,138.1658422,9.212542453,5.967612589,480,25,2,7,34,479,4,3,0,7,514,486,345,23,289,16
7,1000,60,5.13,10.3,18,37,77,959,27,10,4,41,7.971243507,287,357,323.8892305,312.1234314,9.599609341,6.262794106,477,23,8,4,35,482,4,2,0,6,512,488,336,21,273,14
3,1000,60,5.13,10.3,18,37,77,956,25,7,12,44,7.871335509,282,354,93.30933487,66.66820873,9.490375544,6.27160808,464,19,4,10,33,492,6,3,2,11,497,503,333,21,277,5
4,1000,60,5.13,10.3,18,37,75,967,27,4,2,33,7.814754294,285,361,71.78616163,48.88386415,9.097399423,6.601980885,464,16,4,2,22,503,11,0,0,11,486,514,343,18,275,10
6,1000,60,5.13,10.3,18,37,77,949,36,9,6,51,7.637040675,285,372,97.24132788,75.01963553,9.396286477,5.791274587,473,26,8,5,39,476,10,1,1,12,512,488,351,21,273,12
1,1000,60,5.13,10.3,18,37,69,961,23,9,7,39,7.64441035,249,340,67.4383737,44.96368961,8.761215305,6.562780354,467,15,4,6,25,494,8,5,1,14,492,508,311,29,242,7
2,1000,60,5.13,10.3,18,37,74,963,24,6,7,37,7.451855693,286,368,109.1978571,100.8111231,8.825701972,6.08349383,472,16,4,7,27,491,8,2,0,10,499,501,343,25,271,15
5,1000,60,5.13,10.3,18,37,75,956,27,11,6,44,7.693732061,287,359,107.0601802,76.29292363,9.106563308,6.28654086,463,20,10,6,36,493,7,1,0,8,499,501,341,18,272,15
8,1000,60,5.13,10.3,18,37,79,959,28,6,7,41,7.624906598,304,372,222.1903173,152.0005826,9.251753282,5.904332122,480,24,3,7,34,479,4,3,0,7,514,486,344,28,289,15
7,1000,60,5.13,10.3,18,37,78,959,27,10,4,41,7.970852503,281,354,335.1866032,331.8564936,9.6194396,6.241187352,477,23,8,4,35,482,4,2,0,6,512,488,336,18,273,8
3,1000,60,5.13,10.3,18,37,78,956,25,7,12,44,7.839428098,284,361,98.71940842,70.56308926,9.488613895,6.209914497,464,19,4,10,33,492,6,3,2,11,497,503,333,28,277,7
4,1000,60,5.13,10.3,18,37,76,965,29,4,2,35,7.786062425,305,374,75.04858033,51.20959598,9.160381438,6.48660904,462,18,4,2,24,503,11,0,0,11,486,514,349,25,288,17
6,1000,60,5.13,10.3,18,37,78,948,37,9,6,52,7.65265875,316,363,105.4063534,81.9031411,9.49892063,5.715597105,472,27,8,5,40,476,10,1,1,12,512,488,334,29,302,14
1,1000,60,5.13,10.3,18,37,70,961,23,9,7,39,7.655057088,255,337,72.53041978,48.4846243,8.831564774,6.515604763,467,15,4,6,25,494,8,5,1,14,492,508,308,29,246,9
5,1000,60,5.13,10.3,18,37,76,955,28,11,6,45,7.689591911,284,382,113.2573672,80.59111719,9.155857162,6.229180014,463,20,10,6,36,492,8,1,0,9,499,501,353,29,270,14
2,1000,60,5.13,10.3,18,37,75,963,24,6,7,37,7.397035453,294,354,113.9267014,103.8781039,8.8478226,5.952039872,472,16,4,7,27,491,8,2,0,10,499,501,340,14,277,17
8,1000,60,5.13,10.3,18,37,80,959,28,6,7,41,7.618290289,307,367,233.2924574,161.7330003,9.287898775,5.852490368,480,24,3,7,34,479,4,3,0,7,514,486,342,25,294,13
7,1000,60,5.13,10.3,18,37,79,957,27,11,5,43,7.994864294,290,373,349.2037556,355.6893011,9.657060111,6.250921142,476,23,8,5,36,481,4,3,0,7,512,488,353,20,275,15
3,1000,60,5.13,10.3,18,37,79,958,24,7,11,42,7.848178005,289,383,104.3278545,74.18810698,9.57005299,6.146842285,464,19,4,10,33,494,5,3,1,9,497,503,365,18,282,7
4,1000,60,5.13,10.3,18,37,77,965,29,4,2,35,7.802249666,288,371,78.81837469,53.77096771,9.22683589,6.455267361,462,18,4,2,24,503,11,0,0,11,486,514,350,21,273,15
6,1000,60,5.13,10.3,18,37,79,948,37,9,6,52,7.683305632,297,358,112.476432,89.18646137,9.571373485,5.702381982,472,27,8,5,40,476,10,1,1,12,512,488,341,17,279,18
1,1000,60,5.13,10.3,18,37,71,963,22,8,7,37,7.676335922,262,340,78.46907082,53.08325918,8.902137784,6.489141992,467,15,4,6,25,496,7,4,1,12,492,508,318,22,252,10
5,1000,60,5.13,10.3,18,37,77,955,27,12,6,45,7.701418735,300,377,120.3904897,85.48639748,9.209415808,6.199441609,463,19,11,6,36,492,8,1,0,9,499,501,347,30,285,15
2,1000,60,5.13,10.3,18,37,76,963,25,5,7,37,7.389003428,295,347,118.227441,108.4889862,8.937323985,5.846863791,471,17,4,7,28,492,8,1,0,9,499,501,318,29,283,12
8,1000,60,5.13,10.3,18,37,81,959,27,7,7,41,7.629113034,291,373,241.5610889,166.8965801,9.377315655,5.780190919,479,24,4,7,35,480,3,3,0,6,514,486,354,19,283,8
7,1000,60,5.13,10.3,18,37,80,956,27,11,6,44,7.987208267,300,378,363.8924671,380.3155292,9.68224994,6.208803888,475,24,8,5,37,481,3,3,1,7,512,488,358,20,286,14
3,1000,60,5.13,10.3,18,37,80,958,24,7,11,42,7.856094501,304,379,109.2456831,77.56540871,9.601423637,6.1315844,464,19,4,10,33,494,5,3,1,9,497,503,358,21,293,11
6,1000,60,5.13,10.3,18,37,80,948,37,9,6,52,7.684460219,305,365,119.8923971,96.12825529,9.598162974,5.676640934,472,27,8,5,40,476,10,1,1,12,512,488,348,17,289,16
4,1000,60,5.13,10.3,18,37,78,963,31,4,2,37,7.77685698,300,378,82.8153938,56.64058833,9.255192561,6.379053299,461,19,4,2,25,502,12,0,0,12,486,514,349,29,293,7
5,1000,60,5.13,10.3,18,37,78,955,27,12,6,45,7.677969132,317,370,126.8215474,89.49404327,9.249735363,6.112477418,463,19,11,6,36,492,8,1,0,9,499,501,348,22,308,9
8,1000,60,5.13,10.3,18,37,82,958,28,7,7,42,7.62123688,318,380,252.7329363,173.2802799,9.431711228,5.706455368,478,25,4,7,36,480,3,3,0,6,514,486,361,19,305,13
1,1000,60,5.13,10.3,18,37,72,962,22,9,7,38,7.673064363,247,346,83.2864291,56.66597167,8.933403384,6.452421059,467,14,5,6,25,495,8,4,1,13,492,508,328,18,239,8
2,1000,60,5.13,10.3,18,37,77,963,25,5,7,37,7.400565749,266,364,123.5501922,113.7659306,8.978513788,5.828916903,471,17,4,7,28,492,8,1,0,9,499,501,333,31,257,9
7,1000,60,5.13,10.3,18,37,81,956,27,11,6,44,7.990824674,315,375,391.7237072,432.6111043,9.71763899,6.179085063,475,24,8,5,37,481,3,3,1,7,512,488,357,18,294,21
3,1000,60,5.13,10.3,18,37,81,959,23,7,11,41,7.837276658,313,382,114.172045,81.43961251,9.600806837,6.094782624,465,18,4,10,32,494,5,3,1,9,497,503,359,23,303,10
6,1000,60,5.13,10.3,18,37,81,949,34,11,6,51,7.666853196,311,377,125.2206979,100.2298175,9.62241319,5.615118122,472,26,9,5,40,477,8,2,1,11,512,488,353,24,300,11
4,1000,60,5.13,10.3,18,37,79,963,31,4,2,37,7.734698367,315,383,87.18887258,59.47358318,9.254233302,6.297939654,461,19,4,2,25,502,12,0,0,12,486,514,361,22,301,14
8,1000,60,5.13,10.3,18,37,83,959,28,6,7,41,7.622265295,310,387,267.093205,185.6272055,9.479160917,5.658388032,478,25,4,7,36,481,3,2,0,5,514,486,366,21,302,8
5,1000,60,5.13,10.3,18,37,79,954,27,13,6,46,7.67258198,311,370,133.6846857,93.89267646,9.289328954,6.062289085,463,19,11,6,36,491,8,2,0,10,499,501,351,19,294,17
2,1000,60,5.13,10.3,18,37,78,963,25,5,7,37,7.39470731,307,387,128.2807441,116.7748305,8.946658229,5.848951805,471,17,4,7,28,492,8,1,0,9,499,501,358,29,289,18
7,1000,60,5.13,10.3,18,37,82,956,26,12,6,44,7.98551092,300,374,413.7635081,466.943168,9.790574866,6.091673338,475,23,9,5,37,481,3,3,1,7,512,488,357,17,291,9
1,1000,60,5.13,10.3,18,37,73,964,21,8,7,36,7.666737696,269,367,92.58759583,63.04094862,8.961255411,6.412992193,467,14,5,6,25,497,7,3,1,11,492,508,347,20,259,10
3,1000,60,5.13,10.3,18,37,82,961,22,6,11,39,7.79486645,293,375,117.9211403,84.09018083,9.606483994,6.004858658,465,18,4,10,32,496,4,2,1,7,497,503,356,19,282,11
6,1000,60,5.13,10.3,18,37,82,948,35,11,6,52,7.655839074,320,384,132.926398,106.6509446,9.661494019,5.551545362,471,27,9,5,41,477,8,2,1,11,512,488,362,22,311,9
4,1000,60,5.13,10.3,18,37,80,963,31,4,2,37,7.726905885,322,372,91.01855544,61.96797314,9.292679944,6.246426912,461,19,4,2,25,502,12,0,0,12,486,514,355,17,311,11
8,1000,60,5.13,10.3,18,37,84,959,28,6,7,41,7.598619168,328,375,283.4966032,195.4264082,9.537778444,5.547738782,478,25,4,7,36,481,3,2,0,5,514,486,354,21,319,9
5,1000,60,5.13,10.3,18,37,80,952,29,14,5,48,7.689733204,315,384,139.2125393,97.73988717,9.360400483,6.025735256,461,21,12,5,38,491,8,2,0,10,499,501,362,22,304,11
2,1000,60,5.13,10.3,18,37,79,962,26,5,7,38,7.406397279,308,358,136.9905857,123.8146876,9.021821498,5.797421859,469,19,4,7,30,493,7,1,0,8,499,501,341,17,296,12
7,1000,60,5.13,10.3,18,37,83,953,29,12,6,47,7.975262007,326,380,453.357775,514.4436159,9.844718182,6.013865366,473,25,9,5,39,480,4,3,1,8,512,488,363,17,314,12
1,1000,60,5.13,10.3,18,37,74,964,21,8,7,36,7.648081307,285,366,101.1085656,67.96429682,8.999985731,6.338756549,467,14,5,6,25,497,7,3,1,11,492,508,339,27,269,16
3,1000,60,5.13,10.3,18,37,83,961,22,6,11,39,7.796348166,306,381,122.6045005,87.85918653,9.687024425,5.928224705,465,18,4,10,32,496,4,2,1,7,497,503,366,15,297,9
6,1000,60,5.13,10.3,18,37,83,949,34,11,6,51,7.649637895,316,385,145.048067,116.5794073,9.741580529,5.454812836,471,27,9,5,41,478,7,2,1,10,512,488,366,19,308,8
4,1000,60,5.13,10.3,18,37,81,964,30,4,2,36,7.704292092,317,380,95.59667602,65.2434398,9.302297602,6.193337466,461,19,4,2,25,503,11,0,0,11,486,514,365,15,312,5
8,1000,60,5.13,10.3,18,37,85,960,29,4,7,40,7.598341765,319,383,291.5257806,201.2074577,9.5998954,5.481472282,477,26,4,7,37,483,3,0,0,3,514,486,365,18,309,10
5,1000,60,5.13,10.3,18,37,81,952,29,14,5,48,7.667082247,315,378,153.8921607,107.2543566,9.396200345,5.944866815,461,21,12,5,38,491,8,2,0,10,499,501,359,19,303,12
7,1000,60,5.13,10.3,18,37,84,951,31,12,6,49,7.963496967,332,394,466.127842,523.3430582,9.882500532,5.950116178,471,27,9,5,41,480,4,3,1,8,512,488,367,27,324,8
2,1000,60,5.13,10.3,18,37,80,962,25,5,8,38,7.430248638,295,387,144.8843166,128.6682294,9.122540432,5.7447125,469,18,4,8,30,493,7,1,0,8,499,501,361,26,285,10
3,1000,60,5.13,10.3,18,37,84,960,22,7,11,40,7.808577842,320,394,128.7100129,92.86831015,9.778771753,5.86188525,464,18,5,10,33,496,4,2,1,7,497,503,371,23,310,10
1,1000,60,5.13,10.3,18,37,75,964,20,9,7,36,7.63551107,287,374,104.8394294,70.38077665,9.037240639,6.277930463,466,15,5,6,26,498,5,4,1,10,492,508,349,25,274,13
6,1000,60,5.13,10.3,18,37,84,950,33,11,6,50,7.652339386,313,393,154.4678595,123.8870884,9.820964825,5.377060236,471,27,9,5,41,479,6,2,1,9,512,488,374,19,295,18
4,1000,60,5.13,10.3,18,37,82,964,30,4,2,36,7.682844456,319,380,100.4911919,68.44346709,9.331550681,6.123951022,461,19,4,2,25,503,11,0,0,11,486,514,365,15,307,12
8,1000,60,5.13,10.3,18,37,86,961,27,5,7,39,7.558259609,329,378,306.6704301,210.6131483,9.610090545,5.38821619,478,24,5,7,36,483,3,0,0,3,514,486,360,18,315,14
5,1000,60,5.13,10.3,18,37,82,951,30,13,6,49,7.641126629,326,378,162.5395805,112.8100863,9.414636919,5.87469622,460,22,11,6,39,491,8,2,0,10,499,501,361,17,311,15
7,1000,60,5.13,10.3,18,37,85,951,29,13,7,49,7.969205609,312,392,494.9875861,567.3500641,9.918245706,5.924311081,471,25,10,6,41,480,4,3,1,8,512,488,376,16,300,12
2,1000,60,5.13,10.3,18,37,81,961,25,6,8,39,7.475375778,312,398,155.007759,134.8548618,9.189990296,5.767606028,468,19,4,8,31,493,6,2,0,8,499,501,375,23,297,15
3,1000,60,5.13,10.3,18,37,85,960,21,8,11,40,7.776385173,310,391,135.4492786,99.37575888,9.803661321,5.773291246,464,17,6,10,33,496,4,2,1,7,497,503,377,14,302,8
1,1000,60,5.13,10.3,18,37,76,963,20,10,7,37,7.638378643,290,372,109.724906,73.59623265,9.044334997,6.276704379,466,15,5,6,26,497,5,5,1,11,492,508,355,17,275,15
6,1000,60,5.13,10.3,18,37,85,950,33,11,6,50,7.638374879,324,384,162.6212164,129.7401676,9.834801395,5.333927387,471,27,9,5,41,479,6,2,1,9,512,488,364,20,316,8
4,1000,60,5.13,10.3,18,37,83,964,30,4,2,36,7.679596938,316,386,105.2137247,71.6543514,9.388045268,6.064215831,461,19,4,2,25,503,11,0,0,11,486,514,367,19,302,14
8,1000,60,5.13,10.3,18,37,87,960,27,5,8,40,7.54832547,335,396,323.3911266,223.8954634,9.648600055,5.327047411,478,23,5,8,36,482,4,0,0,4,514,486,377,19,328,7
5,1000,60,5.13,10.3,18,37,83,952,29,13,6,48,7.678790146,340,388,174.3062288,121.203738,9.464150373,5.900557106,460,22,11,6,39,492,7,2,0,9,499,501,365,23,327,13
7,1000,60,5.13,10.3,18,37,86,951,29,13,7,49,7.929592054,331,402,515.3980673,581.5887561,9.957110991,5.802359071,471,25,10,6,41,480,4,3,1,8,512,488,383,19,320,11
2,1000,60,5.13,10.3,18,37,82,962,24,6,8,38,7.455057199,314,394,166.9066185,144.1550732,9.196855177,5.720212508,468,19,4,8,31,494,5,2,0,7,499,501,375,19,304,10
3,1000,60,5.13,10.3,18,37,86,960,21,8,11,40,7.752437181,328,401,143.135551,105.559049,9.825573803,5.704029823,464,17,6,10,33,496,4,2,1,7,497,503,386,15,320,8
6,1000,60,5.13,10.3,18,37,86,951,33,11,5,49,7.620068239,323,389,174.1653392,141.510088,9.895043185,5.233209278,471,27,9,5,41,480,6,2,0,8,512,488,375,14,313,10
1,1000,60,5.13,10.3,18,37,77,964,19,10,7,36,7.640894879,302,360,116.0057293,77.62249099,9.095597337,6.232009822,466,15,5,6,26,498,4,5,1,10,492,508,341,19,293,9
4,1000,60,5.13,10.3,18,37,84,964,30,4,2,36,7.631492389,334,393,110.5698511,75.11804312,9.40635374,5.953316091,461,19,4,2,25,503,11,0,0,11,486,514,375,18,322,12
8,1000,60,5.13,10.3,18,37,88,958,29,5,8,42,7.515772785,339,412,340.5428122,233.9769565,9.661718402,5.246192441,478,23,5,8,36,480,6,0,0,6,514,486,386,26,330,9
7,1000,60,5.13,10.3,18,37,87,951,29,13,7,49,7.889416866,332,391,566.2332292,610.7112046,9.993194668,5.682174582,470,26,10,6,42,481,3,3,1,7,512,488,378,13,323,9
5,1000,60,5.13,10.3,18,37,84,952,29,13,6,48,7.678249945,319,385,187.3544215,130.2216451,9.50960002,5.85421065,460,22,11,6,39,492,7,2,0,9,499,501,372,13,311,8
2,1000,60,5.13,10.3,18,37,83,961,25,6,8,39,7.484324511,312,386,181.2952261,155.081941,9.25504611,5.72067166,468,19,4,8,31,493,6,2,0,8,499,501,358,28,295,17
3,1000,60,5.13,10.3,18,37,87,958,23,8,11,42,7.760247342,341,409,149.758406,112.1784687,9.892433222,5.65349509,463,18,6,10,34,495,5,2,1,8,497,503,397,12,330,11
6,1000,60,5.13,10.3,18,37,87,951,33,11,5,49,7.628953802,329,396,188.9361283,156.1688429,9.914942942,5.230538968,471,27,9,5,41,480,6,2,0,8,512,488,377,19,325,4
4,1000,60,5.13,10.3,18,37,85,964,30,4,2,36,7.661357421,341,386,116.2470534,78.83471048,9.494721957,5.927864882,461,19,4,2,25,503,11,0,0,11,486,514,370,16,328,13
8,1000,60,5.13,10.3,18,37,89,957,29,6,8,43,7.51130479,350,402,354.3508059,244.9441272,9.716028494,5.179559967,478,22,6,8,36,479,7,0,0,7,514,486,380,22,341,9
1,1000,60,5.13,10.3,18,37,78,964,19,10,7,36,7.643092671,290,397,121.4118014,80.96219349,9.177112607,6.157388323,466,15,5,6,26,498,4,5,1,10,492,508,378,19,286,4
7,1000,60,5.13,10.3,18,37,88,950,29,14,7,50,7.877184248,327,413,616.4068136,704.0528958,10.01705711,5.632071741,469,27,10,6,43,481,2,4,1,7,512,488,395,18,316,11
5,1000,60,5.13,10.3,18,37,85,952,29,13,6,48,7.672835012,336,393,204.4098823,142.1070137,9.538414628,5.814702821,460,22,11,6,39,492,7,2,0,9,499,501,371,22,319,17
2,1000,60,5.13,10.3,18,37,84,961,25,6,8,39,7.497321306,299,386,191.7955717,166.5322884,9.300667897,5.701173702,468,19,4,8,31,493,6,2,0,8,499,501,367,19,288,11
3,1000,60,5.13,10.3,18,37,88,957,24,8,11,43,7.791926181,323,405,155.014137,117.1992443,9.994218294,5.615903953,462,19,6,10,35,495,5,2,1,8,497,503,389,16,312,11
6,1000,60,5.13,10.3,18,37,88,952,34,10,4,48,7.641611498,343,401,200.9808549,167.9914773,9.975804447,5.192622174,471,28,9,4,41,481,6,1,0,7,512,488,378,23,328,15
8,1000,60,5.13,10.3,18,37,90,957,29,6,8,43,7.459308761,335,389,392.278036,266.123207,9.735880712,5.051576285,478,22,6,8,36,479,7,0,0,7,514,486,378,11,325,10
4,1000,60,5.13,10.3,18,37,86,965,29,4,2,35,7.661320596,347,405,123.7411113,84.15002503,9.56546663,5.860902362,461,19,4,2,25,504,10,0,0,10,486,514,384,21,338,9
1,1000,60,5.13,10.3,18,37,79,964,21,9,6,36,7.653131981,306,394,128.2104179,85.29950359,9.198914219,6.156035798,466,17,4,5,26,498,4,5,1,10,492,508,376,18,293,13
7,1000,60,5.13,10.3,18,37,89,950,29,14,7,50,7.885730763,337,407,652.3350483,760.092763,10.08782671,5.57533502,469,27,10,6,43,481,2,4,1,7,512,488,392,15,328,9
5,1000,60,5.13,10.3,18,37,86,952,29,13,6,48,7.666621223,334,390,226.6318362,157.6744066,9.574223061,5.766634561,460,22,11,6,39,492,7,2,0,9,499,501,371,19,328,6
2,1000,60,5.13,10.3,18,37,85,961,25,6,8,39,7.48268348,325,398,210.1368766,180.9375039,9.328859778,5.643877147,468,19,4,8,31,493,6,2,0,8,499,501,376,22,318,7
3,1000,60,5.13,10.3,18,37,89,957,24,8,11,43,7.82652536,329,390,162.7850118,123.0608814,10.03267662,5.646690018,462,19,6,10,35,495,5,2,1,8,497,503,379,11,321,8
6,1000,60,5.13,10.3,18,37,89,953,33,10,4,47,7.658798852,328,395,220.3799007,187.5985244,10.06056361,5.138914514,472,27,9,4,40,481,6,1,0,7,512,488,381,14,317,11
8,1000,60,5.13,10.3,18,37,91,955,31,6,8,45,7.443168222,353,407,443.1306195,293.5550254,9.755570125,4.997541517,476,24,6,8,38,479,7,0,0,7,514,486,388,19,342,11
4,1000,60,5.13,10.3,18,37,87,964,28,6,2,36,7.681778014,339,409,133.4068626,90.73814337,9.653719225,5.817257725,460,18,6,2,26,504,10,0,0,10,486,514,392,17,326,13
7,1000,60,5.13,10.3,18,37,90,949,30,14,7,51,7.873784959,345,408,685.5779456,779.1466723,10.12722376,5.509521302,468,28,10,6,44,481,2,4,1,7,512,488,392,16,333,12
1,1000,60,5.13,10.3,18,37,80,963,22,9,6,37,7.649201823,303,392,138.44737,91.53273924,9.231683426,6.116562161,465,18,4,5,27,498,4,5,1,10,492,508,373,19,291,12
5,1000,60,5.13,10.3,18,37,87,952,28,14,6,48,7.689414501,331,409,255.7049333,176.5567413,9.633083968,5.753504194,460,21,12,6,39,492,7,2,0,9,499,501,384,25,321,10
2,1000,60,5.13,10.3,18,37,86,960,26,5,9,40,7.447757809,329,394,226.1801933,197.9523269,9.346927939,5.556169196,468,19,3,9,31,492,7,2,0,9,499,501,372,22,319,10
3,1000,60,5.13,10.3,18,37,90,957,24,8,11,43,7.819256756,359,415,172.3434525,131.965878,10.04260009,5.622434414,462,19,6,10,35,495,5,2,1,8,497,503,399,16,349,10
6,1000,60,5.13,10.3,18,37,90,951,35,10,4,49,7.63872282,332,399,240.9170963,208.4528814,10.07806427,5.079413756,470,29,9,4,42,481,6,1,0,7,512,488,378,21,322,10
8,1000,60,5.13,10.3,18,37,92,956,29,7,8,44,7.439528986,350,413,469.7887172,312.6999074,9.829206844,4.912174213,476,23,7,8,38,480,6,0,0,6,514,486,396,17,343,7
4,1000,60,5.13,10.3,18,37,88,965,27,6,2,35,7.664537222,340,396,141.0738989,95.70680382,9.741958444,5.700282916,459,19,6,2,27,506,8,0,0,8,486,514,382,14,328,12
7,1000,60,5.13,10.3,18,37,91,947,32,14,7,53,7.863422103,335,399,757.003162,904.0429036,10.18783679,5.424691938,466,30,10,6,46,481,2,4,1,7,512,488,379,20,326,9
1,1000,60,5.13,10.3,18,37,81,962,23,9,6,38,7.663227123,324,392,151.9735863,100.3580858,9.241369546,6.134789973,465,18,4,5,27,497,5,5,1,11,492,508,371,21,309,15
5,1000,60,5.13,10.3,18,37,88,952,28,14,6,48,7.675296434,331,399,284.6692211,196.5027065,9.677939549,5.680647902,460,21,12,6,39,492,7,2,0,9,499,501,374,25,323,8
2,1000,60,5.13,10.3,18,37,87,959,26,6,9,41,7.442951838,338,408,236.8900997,208.3795765,9.408331921,5.485417583,467,20,3,9,32,492,6,3,0,9,499,501,391,17,325,13
3,1000,60,5.13,10.3,18,37,91,954,27,7,12,46,7.82469755,346,413,180.5223276,140.4199516,10.08443077,5.5919194,459,22,5,11,38,495,5,2,1,8,497,503,400,13,331,15
6,1000,60,5.13,10.3,18,37,91,950,36,10,4,50,7.612166898,346,405,262.57632,230.8720352,10.11408065,4.987208211,469,30,9,4,43,481,6,1,0,7,512,488,384,21,337,9
8,1000,60,5.13,10.3,18,37,93,955,30,7,8,45,7.437671163,359,410,510.6965016,340.0633907,9.855299239,4.880755872,476,23,7,8,38,479,7,0,0,7,514,486,394,16,352,7
4,1000,60,5.13,10.3,18,37,89,964,28,6,2,36,7.649418385,340,431,149.1807522,101.107802,9.775838559,5.63883433,458,20,6,2,28,506,8,0,0,8,486,514,416,15,334,6
7,1000,60,5.13,10.3,18,37,92,946,33,14,7,54,7.870620305,339,414,776.7985623,916.9826545,10.25170819,5.372429741,465,31,10,6,47,481,2,4,1,7,512,488,396,18,332,7
5,1000,60,5.13,10.3,18,37,89,952,28,14,6,48,7.676142237,354,404,315.9531053,218.5434085,9.73383364,5.626665172,459,22,12,6,40,493,6,2,0,8,499,501,394,10,345,9
1,1000,60,5.13,10.3,18,37,82,961,24,9,6,39,7.641760288,327,384,168.8105631,112.1597385,9.30525688,6.03065729,465,18,4,5,27,496,6,5,1,12,492,508,362,22,313,14
3,1000,60,5.13,10.3,18,37,92,954,27,7,12,46,7.817492914,363,431,190.0067549,149.1402934,10.13126091,5.531324537,459,22,5,11,38,495,5,2,1,8,497,503,412,19,354,9
2,1000,60,5.13,10.3,18,37,88,959,26,6,9,41,7.445836548,337,408,251.1487419,221.131812,9.440204076,5.459430568,467,20,3,9,32,492,6,3,0,9,499,501,392,16,328,9
6,1000,60,5.13,10.3,18,37,92,949,36,11,4,51,7.556860032,365,388,285.0004322,255.7625952,10.13226984,4.854790722,468,30,10,4,44,481,6,1,0,7,512,488,374,14,343,22
8,1000,60,5.13,10.3,18,37,94,955,30,7,8,45,7.413608302,358,417,553.6383679,369.4326566,9.881952756,4.803054704,476,23,7,8,38,479,7,0,0,7,514,486,399,18,348,10
4,1000,60,5.13,10.3,18,37,90,963,28,7,2,37,7.68007668,368,438,157.898767,106.9291471,9.882743478,5.597399513,458,20,6,2,28,505,8,1,0,9,486,514,412,26,359,9
7,1000,60,5.13,10.3,18,37,93,945,34,14,7,55,7.843649919,371,401,919.9212766,1160.832001,10.31779588,5.247824646,464,32,10,6,48,481,2,4,1,7,512,488,383,18,359,12
5,1000,60,5.13,10.3,18,37,90,952,28,14,6,48,7.674051707,343,405,355.2685131,246.51799,9.773855631,5.582630234,459,22,12,6,40,493,6,2,0,8,499,501,387,18,334,9
1,1000,60,5.13,10.3,18,37,83,960,24,10,6,40,7.658976945,317,405,182.9581477,121.2809911,9.356446893,6.014970616,464,18,5,5,28,496,6,5,1,12,492,508,387,18,307,10
3,1000,60,5.13,10.3,18,37,93,955,26,7,12,45,7.788379059,361,426,199.6257378,157.9662028,10.14551109,5.459363916,459,22,5,11,38,496,4,2,1,7,497,503,417,9,350,11
2,1000,60,5.13,10.3,18,37,89,959,25,7,9,41,7.483905764,353,405,267.2020559,232.6712187,9.519219373,5.456717159,467,19,4,9,32,492,6,3,0,9,499,501,390,15,341,12
8,1000,60,5.13,10.3,18,37,95,955,30,7,8,45,7.438762485,368,412,613.5045462,404.3159751,9.982671945,4.74829034,476,23,7,8,38,479,7,0,0,7,514,486,397,15,359,9
6,1000,60,5.13,10.3,18,37,93,950,35,11,4,50,7.538715309,353,410,308.4201785,280.9546517,10.18051228,4.766993897,468,30,10,4,44,482,5,1,0,6,512,488,386,24,339,14
4,1000,60,5.13,10.3,18,37,91,962,29,7,2,38,7.679890686,355,418,166.0135582,112.1716611,9.922507931,5.559439361,456,22,6,2,30,506,7,1,0,8,486,514,403,15,346,9
7,1000,60,5.13,10.3,18,37,94,945,33,15,7,55,7.844836968,356,411,974.8489576,1262.897935,10.37539576,5.189824463,464,31,11,6,48,481,2,4,1,7,512,488,397,14,341,15
5,1000,60,5.13,10.3,18,37,91,953,26,15,6,47,7.660654211,350,402,387.0516522,266.0197015,9.814353803,5.515552222,459,21,13,6,40,494,5,2,0,7,499,501,386,16,343,7
1,1000,60,5.13,10.3,18,37,84,959,24,11,6,41,7.638398191,308,399,198.3899277,132.2687973,9.411455482,5.921185224,463,18,6,5,29,496,6,5,1,12,492,508,391,8,301,7
3,1000,60,5.13,10.3,18,37,94,955,26,6,13,45,7.777140379,361,429,208.2816793,165.2994779,10.18594243,5.397071556,459,22,4,12,38,496,4,2,1,7,497,503,415,14,347,14
2,1000,60,5.13,10.3,18,37,90,959,25,7,9,41,7.435955579,343,417,290.1817912,255.9692145,9.545768669,5.334564897,467,19,4,9,32,492,6,3,0,9,499,501,400,17,331,12
8,1000,60,5.13,10.3,18,37,96,953,32,7,8,47,7.434886926,369,417,680.5997984,442.9176678,10.02169061,4.699049281,475,24,7,8,39,478,8,0,0,8,514,486,403,14,358,11
6,1000,60,5.13,10.3,18,37,94,948,35,12,5,52,7.536910515,356,407,336.5885826,312.246852,10.22926939,4.712140551,466,30,11,5,46,482,5,1,0,6,512,488,389,18,342,14
4,1000,60,5.13,10.3,18,37,92,962,29,7,2,38,7.618100695,357,428,175.3465854,118.2809054,9.937476664,5.425072056,455,23,6,2,31,507,6,1,0,7,486,514,413,15,349,8
7,1000,60,5.13,10.3,18,37,95,946,33,14,7,54,7.848236475,361,417,1123.784564,1508.4903,10.41876827,5.151285083,464,31,11,6,48,482,2,3,1,6,512,488,395,22,348,13
5,1000,60,5.13,10.3,18,37,92,952,27,15,6,48,7.663334546,348,418,429.4467538,294.7179086,9.836837017,5.498508732,458,22,13,6,41,494,5,2,0,7,499,501,396,22,337,11
3,1000,60,5.13,10.3,18,37,95,955,26,6,13,45,7.72644598,371,426,220.0481668,178.6644049,10.21012513,5.272393218,458,23,4,12,39,497,3,2,1,6,497,503,411,15,356,15
1,1000,60,5.13,10.3,18,37,85,959,24,11,6,41,7.62635163,323,407,210.5750182,140.1451488,9.444875486,5.865104117,463,18,6,5,29,496,6,5,1,12,492,508,391,16,312,11
8,1000,60,5.13,10.3,18,37,97,954,31,7,8,46,7.417973806,373,416,776.0835095,491.9276474,10.0827045,4.59971953,475,24,7,8,39,479,7,0,0,7,514,486,402,14,365,8
2,1000,60,5.13,10.3,18,37,91,961,22,8,9,39,7.377741525,355,408,310.0859049,276.7848453,9.52296622,5.241080601,468,18,4,9,31,493,4,4,0,8,499,501,398,10,340,15
6,1000,60,5.13,10.3,18,37,95,948,35,12,5,52,7.558541048,359,418,361.2290811,328.0111857,10.27288692,4.710702756,466,30,11,5,46,482,5,1,0,6,512,488,402,16,350,9
4,1000,60,5.13,10.3,18,37,93,961,30,7,2,39,7.640525486,360,440,185.8329909,125.1453894,10.00168108,5.407993156,455,23,6,2,31,506,7,1,0,8,486,514,420,20,352,8
7,1000,60,5.13,10.3,18,37,96,945,34,13,8,55,7.884177953,369,435,1217.185239,1657.077713,10.50724311,5.132109589,463,32,11,6,49,482,2,2,2,6,512,488,419,16,357,12
5,1000,60,5.13,10.3,18,37,93,953,24,17,6,47,7.63210214,354,412,482.0845834,329.180421,9.837699449,5.435309611,459,20,14,6,40,494,4,3,0,7,499,501,396,16,338,16
3,1000,60,5.13,10.3,18,37,96,956,24,7,13,44,7.738310035,355,436,229.4852038,185.6564826,10.23782112,5.26861419,459,22,4,12,38,497,2,3,1,6,497,503,414,22,346,9
8,1000,60,5.13,10.3,18,37,98,954,30,8,8,46,7.416962355,373,422,873.8233919,549.0976114,10.10887579,4.569959256,475,23,8,8,39,479,7,0,0,7,514,486,410,12,366,7
2,1000,60,5.13,10.3,18,37,92,961,22,8,9,39,7.383463525,366,418,330.3790381,298.4100172,9.596375796,5.179385236,468,18,4,9,31,493,4,4,0,8,499,501,406,12,356,10
6,1000,60,5.13,10.3,18,37,96,949,34,12,5,51,7.516558633,354,418,374.5540013,339.8637057,10.29478863,4.601694378,466,30,11,5,46,483,4,1,0,5,512,488,401,17,343,11
1,1000,60,5.13,10.3,18,37,86,959,24,11,6,41,7.62518441,341,412,215.37358,143.5903338,9.484505585,5.824424532,463,18,6,5,29,496,6,5,1,12,492,508,388,24,329,12
4,1000,60,5.13,10.3,18,37,94,961,30,7,2,39,7.62744764,373,433,199.8197586,134.7225013,10.02960136,5.356150545,455,23,6,2,31,506,7,1,0,8,486,514,412,21,371,2
7,1000,60,5.13,10.3,18,37,97,945,34,13,8,55,7.872930821,369,436,1233.038927,1674.636389,10.54766015,5.066657428,463,32,11,6,49,482,2,2,2,6,512,488,413,23,360,9
5,1000,60,5.13,10.3,18,37,94,952,26,16,6,48,7.616311153,355,408,532.6711511,363.7747229,9.843995312,5.397519945,457,22,14,6,42,495,4,2,0,6,499,501,395,13,345,10
3,1000,60,5.13,10.3,18,37,97,954,26,7,13,46,7.737200903,360,435,241.4492099,198.4421967,10.26883602,5.235764214,457,24,4,12,40,497,2,3,1,6,497,503,417,18,351,9
8,1000,60,5.13,10.3,18,37,99,953,31,7,9,47,7.410365856,371,427,928.876576,589.4738585,10.18326907,4.477706905,474,24,7,9,40,479,7,0,0,7,514,486,406,21,362,9
6,1000,60,5.13,10.3,18,37,97,949,34,12,5,51,7.496290864,359,412,396.5802022,361.2741597,10.31716433,4.53668592,465,31,11,5,47,484,3,1,0,4,512,488,403,9,353,6
2,1000,60,5.13,10.3,18,37,93,960,23,8,9,40,7.377334989,357,418,351.6363589,319.4191234,9.615663936,5.147941486,468,18,4,9,31,492,5,4,0,9,499,501,394,24,345,12
1,1000,60,5.13,10.3,18,37,87,958,25,9,8,42,7.626543377,325,402,231.2520373,151.8674626,9.530913361,5.78215355,463,18,5,6,29,495,7,4,2,13,492,508,394,8,315,10
7,1000,60,5.13,10.3,18,37,98,946,32,14,8,54,7.845592788,380,409,1268.26486,1699.721825,10.62415954,4.930375211,463,30,13,6,49,483,2,1,2,5,512,488,401,8,369,11
4,1000,60,5.13,10.3,18,37,95,960,31,7,2,40,7.633476969,365,444,211.3333031,142.62403,10.09834838,5.302878705,454,24,6,2,32,506,7,1,0,8,486,514,429,15,358,7
5,1000,60,5.13,10.3,18,37,95,952,26,16,6,48,7.605762759,373,418,590.2952723,403.0190682,9.888900753,5.331739088,457,22,14,6,42,495,4,2,0,6,499,501,400,18,364,9
3,1000,60,5.13,10.3,18,37,98,951,28,8,13,49,7.722458363,374,441,250.9204397,205.7064786,10.29697229,5.178654342,455,25,5,12,42,496,3,3,1,7,497,503,428,13,366,8
8,1000,60,5.13,10.3,18,37,100,953,31,7,9,47,7.376666909,383,434,1027.674989,653.2381464,10.18970289,4.401563013,474,24,7,9,40,479,7,0,0,7,514,486,416,18,373,10
6,1000,60,5.13,10.3,18,37,98,949,34,12,5,51,7.50441105,369,425,426.7215088,387.5078188,10.35840046,4.510061505,465,31,11,5,47,484,3,1,0,4,512,488,410,15,360,9
2,1000,60,5.13,10.3,18,37,94,960,23,8,9,40,7.382167797,363,409,372.6446478,334.1460001,9.653505862,5.11989695,468,18,4,9,31,492,5,4,0,9,499,501,395,14,354,9
7,1000,60,5.13,10.3,18,37,99,944,34,14,8,56,7.82992298,362,427,1393.846284,1876.120689,10.65912315,4.861581814,461,32,13,6,51,483,2,1,2,5,512,488,406,21,353,9
4,1000,60,5.13,10.3,18,37,96,959,32,7,2,41,7.659413384,381,445,226.4120734,152.4391945,10.15138273,5.303193337,454,24,6,2,32,505,8,1,0,9,486,514,427,18,373,8
1,1000,60,5.13,10.3,18,37,88,958,25,9,8,42,7.60156568,350,419,249.0892603,161.5144921,9.569771933,5.695350174,463,18,5,6,29,495,7,4,2,13,492,508,402,17,338,12
5,1000,60,5.13,10.3,18,37,96,952,26,16,6,48,7.539662012,368,430,608.9500319,416.667282,9.914333496,5.174470255,457,22,14,6,42,495,4,2,0,6,499,501,418,12,360,8
3,1000,60,5.13,10.3,18,37,99,950,29,8,13,50,7.698670716,392,445,268.4715588,224.6722881,10.34162276,5.087244941,454,26,5,12,43,496,3,3,1,7,497,503,431,14,378,14
8,1000,60,5.13,10.3,18,37,101,953,31,7,9,47,7.407300653,380,436,1087.887593,702.7810156,10.24584152,4.405222449,474,24,7,9,40,479,7,0,0,7,514,486,416,20,371,9
6,1000,60,5.13,10.3,18,37,99,947,36,11,6,53,7.519585458,371,446,463.1267392,428.7972809,10.3956248,4.502101554,464,32,10,6,48,483,4,1,0,5,512,488,424,22,360,11
2,1000,60,5.13,10.3,18,37,95,960,23,8,9,40,7.398184461,375,432,396.37821,354.9686472,9.722418486,5.083228816,468,18,4,9,31,492,5,4,0,9,499,501,420,12,369,6
7,1000,60,5.13,10.3,18,37,100,944,34,14,8,56,7.835326683,377,440,1533.539565,2075.264629,10.70394626,4.825627458,461,32,13,6,51,483,2,1,2,5,512,488,421,19,367,10
4,1000,60,5.13,10.3,18,37,97,959,32,6,3,41,7.637368015,388,441,243.962116,163.9394467,10.21548133,5.199696671,454,24,5,3,32,505,8,1,0,9,486,514,427,14,376,12
1,1000,60,5.13,10.3,18,37,89,959,25,8,8,41,7.581525835,355,427,269.1572126,173.0127616,9.592081772,5.634294494,463,18,5,6,29,496,7,3,2,12,492,508,405,22,341,14
5,1000,60,5.13,10.3,18,37,97,951,26,17,6,49,7.530690922,364,410,648.7565042,443.8588019,9.941382888,5.129622477,456,22,15,6,43,495,4,2,0,6,499,501,398,12,355,9
3,1000,60,5.13,10.3,18,37,100,951,30,6,13,49,7.638157052,382,431,278.5645162,231.4433399,10.38027462,4.928748642,453,27,5,12,44,498,3,1,1,5,497,503,418,13,372,10
8,1000,60,5.13,10.3,18,37,102,952,32,7,9,48,7.400827015,383,428,1147.106213,746.8025536,10.28560309,4.349849852,473,25,7,9,41,479,7,0,0,7,514,486,413,15,376,7
6,1000,60,5.13,10.3,18,37,100,947,36,11,6,53,7.532620515,377,433,484.2446149,441.7888425,10.45975024,4.461533589,464,32,10,6,48,483,4,1,0,5,512,488,412,21,366,11
7,1000,60,5.13,10.3,18,37,101,943,34,15,8,57,7.844925408,368,433,1582.395784,2110.116994,10.81555557,4.728198684,460,32,14,6,52,483,2,1,2,5,512,488,412,21,359,9
2,1000,60,5.13,10.3,18,37,96,960,21,10,9,40,7.391835651,361,435,416.0812389,384.4279983,9.775424403,5.017762224,468,16,6,9,31,492,5,4,0,9,499,501,419,16,352,9
4,1000,60,5.13,10.3,18,37,98,959,32,6,3,41,7.643610399,396,449,259.2012457,173.778863,10.27477024,5.155782222,454,24,5,3,32,505,8,1,0,9,486,514,436,13,384,12
1,1000,60,5.13,10.3,18,37,90,959,26,8,7,41,7.562952508,345,421,277.5839462,179.0285662,9.63838905,5.552884047,463,18,5,6,29,496,8,3,1,12,492,508,404,17,337,8
8,1000,60,5.13,10.3,18,37,103,951,32,8,9,49,7.441105576,389,438,1264.681727,834.2462041,10.3782917,4.334698855,471,26,8,9,43,480,6,0,0,6,514,486,428,10,380,9
3,1000,60,5.13,10.3,18,37,101,951,30,6,13,49,7.612646215,372,438,287.061043,237.7366623,10.38212997,4.876198047,453,27,5,12,44,498,3,1,1,5,497,503,426,12,360,12
5,1000,60,5.13,10.3,18,37,98,951,25,18,6,49,7.528651668,382,431,666.8333561,456.9819989,10.02255621,5.044702831,455,22,16,6,44,496,3,2,0,5,499,501,407,24,375,7
6,1000,60,5.13,10.3,18,37,101,947,36,11,6,53,7.516092941,368,414,502.7121958,454.281161,10.50117019,4.384208611,464,32,10,6,48,483,4,1,0,5,512,488,406,8,362,6
7,1000,60,5.13,10.3,18,37,102,942,35,15,8,58,7.831104961,373,443,1769.574623,2484.038656,10.82115679,4.694001406,459,33,14,6,53,483,2,1,2,5,512,488,425,18,362,11
4,1000,60,5.13,10.3,18,37,99,960,31,6,3,40,7.612995944,398,445,280.3156501,187.0512569,10.31023864,5.062684753,454,24,5,3,32,506,7,1,0,8,486,514,430,15,391,7
2,1000,60,5.13,10.3,18,37,97,959,21,10,10,41,7.396724043,370,444,444.8282657,413.9486135,9.831911711,4.971257684,468,16,5,10,31,491,5,5,0,10,499,501,422,22,356,14
1,1000,60,5.13,10.3,18,37,91,959,26,8,7,41,7.529817813,364,423,290.0982324,186.189883,9.63518353,5.490762827,463,18,5,6,29,496,8,3,1,12,492,508,409,14,352,12
8,1000,60,5.13,10.3,18,37,104,949,33,8,10,51,7.466446908,388,434,1485.770844,975.2599113,10.45095946,4.30998713,470,27,8,9,44,479,6,0,1,7,514,486,421,13,384,4
3,1000,60,5.13,10.3,18,37,102,951,29,7,13,49,7.625121636,383,438,304.6652402,252.8496285,10.42246742,4.861143797,453,26,6,12,44,498,3,1,1,5,497,503,424,14,375,8
9,1000,60,5.13,10.3,18,37,0,944,27,18,11,56,7.079,102,170,14.88193692,8.853264859,6.233396584,8.021141649,508,10,8,1,19,436,17,10,10,37,527,473,93,77,73,29
5,1000,60,5.13,10.3,18,37,99,950,26,18,6,50,7.500632883,391,426,689.798309,476.0813201,10.04907881,4.962360397,454,23,16,6,45,496,3,2,0,5,499,501,409,17,381,10
6,1000,60,5.13,10.3,18,37,102,947,36,11,6,53,7.516939886,379,438,534.8001433,478.2003393,10.56979159,4.313947933,464,32,10,6,48,483,4,1,0,5,512,488,420,18,370,9
7,1000,60,5.13,10.3,18,37,103,941,34,16,9,59,7.847812652,379,433,1791.976137,2509.010854,10.86048585,4.686975201,458,32,15,7,54,483,2,1,2,5,512,488,419,14,371,8
4,1000,60,5.13,10.3,18,37,100,960,31,6,3,40,7.579811807,395,449,298.2284605,198.9962654,10.34341718,4.966753029,454,24,5,3,32,506,7,1,0,8,486,514,440,9,387,8
2,1000,60,5.13,10.3,18,37,98,959,21,10,10,41,7.38133024,381,421,474.8023576,465.3753611,9.871967016,4.900636126,467,17,5,10,32,492,4,5,0,9,499,501,409,12,372,9
1,1000,60,5.13,10.3,18,37,92,959,25,9,7,41,7.541569405,363,420,304.5197596,193.9640411,9.673259395,5.477019256,462,18,6,6,30,497,7,3,1,11,492,508,405,15,355,8
3,1000,60,5.13,10.3,18,37,103,951,29,7,13,49,7.604501147,388,440,320.8474816,268.3283262,10.4326065,4.810130651,453,26,6,12,44,498,3,1,1,5,497,503,430,10,379,9
9,1000,60,5.13,10.3,18,37,1,948,25,15,12,52,7.09076693,91,169,14.8857088,8.901729567,6.244028156,8.034173555,510,10,5,2,17,438,15,10,10,35,527,473,85,84,56,35
5,1000,60,5.13,10.3,18,37,100,948,28,18,6,52,7.48316203,384,431,748.0949685,520.2216124,10.0810957,4.895599353,452,25,16,6,47,496,3,2,0,5,499,501,418,13,374,10
6,1000,60,5.13,10.3,18,37,103,945,37,12,6,55,7.544104661,383,424,570.5555127,502.5031915,10.6377837,4.298277469,462,33,11,6,50,483,4,1,0,5,512,488,411,13,371,12
7,1000,60,5.13,10.3,18,37,104,941,34,16,9,59,7.833146722,402,440,2054.815017,2986.950779,10.85372589,4.664014476,458,32,15,7,54,483,2,1,2,5,512,488,424,16,389,13
10,1000,60,5.13,10.3,18,37,0,946,28,12,14,54,7.352,92,154,15.15736239,8.866649491,6.914893617,7.739622642,446,15,5,4,24,500,13,7,10,30,470,530,95,59,63,29
4,1000,60,5.13,10.3,18,37,101,959,32,6,3,41,7.568106173,402,457,315.8612653,211.2595072,10.36715911,4.921530832,454,24,5,3,32,505,8,1,0,9,486,514,439,18,397,5
2,1000,60,5.13,10.3,18,37,99,958,22,10,10,42,7.375178821,397,442,494.1879021,478.126818,9.924179978,4.836353317,467,17,5,10,32,491,5,5,0,10,499,501,423,19,384,13
3,1000,60,5.13,10.3,18,37,104,951,29,7,13,49,7.637892763,403,446,336.6970265,278.9741931,10.50240481,4.80754985,453,26,6,12,44,498,3,1,1,5,497,503,432,14,390,13
1,1000,60,5.13,10.3,18,37,93,960,24,9,7,40,7.514068122,377,420,328.7852941,207.8758208,9.706045447,5.391129452,462,18,6,6,30,498,6,3,1,10,492,508,405,15,364,13
11,1000,60,5.13,10.3,18,37,0,952,19,11,18,48,7.133,117,146,14.97323113,8.659457778,6.355029586,7.93306288,492,7,6,2,15,460,12,5,16,33,507,493,82,64,74,43
9,1000,60,5.13,10.3,18,37,2,947,26,15,12,53,7.105538887,94,172,14.9224647,8.925014751,6.262834352,8.044450705,510,10,5,2,17,437,16,10,10,36,527,473,90,82,69,25
5,1000,60,5.13,10.3,18,37,101,948,27,18,7,52,7.492938888,381,439,777.6447626,549.4554931,10.13734813,4.859086171,452,24,16,7,47,496,3,2,0,5,499,501,426,13,370,11
6,1000,60,5.13,10.3,18,37,104,944,38,12,6,56,7.555568489,388,435,609.0274729,527.1793985,10.69095038,4.265987485,461,34,11,6,51,483,4,1,0,5,512,488,421,14,381,7
12,1000,60,5.13,10.3,18,37,0,931,35,21,13,69,7.441,106,151,14.99229684,9.330442377,6.415019763,8.491902834,486,12,3,5,20,445,23,18,8,49,506,494,80,71,74,32
10,1000,60,5.13,10.3,18,37,1,945,29,12,14,55,7.372078442,94,163,15.20161046,8.932131961,6.94520214,7.750629125,446,15,5,4,24,499,14,7,10,31,470,530,100,63,67,27
4,1000,60,5.13,10.3,18,37,102,959,32,6,3,41,7.581416367,396,452,334.8459731,223.5477584,10.37655388,4.938543151,454,24,5,3,32,505,8,1,0,9,486,514,439,13,389,7
2,1000,60,5.13,10.3,18,37,100,956,24,10,10,44,7.380319827,382,431,515.8576931,514.4477787,9.989112694,4.781941303,466,18,5,10,33,490,6,5,0,11,499,501,415,16,372,10
11,1000,60,5.13,10.3,18,37,1,952,19,12,17,48,7.165782711,102,152,14.98440237,8.701404518,6.414462931,7.938438144,492,7,6,2,15,460,12,6,15,33,507,493,76,76,75,27
9,1000,60,5.13,10.3,18,37,3,952,23,13,12,48,7.098668085,94,148,14.96853421,8.971098243,6.302627407,7.985588671,512,8,5,2,15,440,15,8,10,33,527,473,89,59,65,29
1,1000,60,5.13,10.3,18,37,94,960,24,9,7,40,7.460043668,361,441,354.5975009,223.1073146,9.712313569,5.278711402,462,18,6,6,30,498,6,3,1,10,492,508,421,20,353,8
5,1000,60,5.13,10.3,18,37,102,948,27,18,7,52,7.480326877,375,438,834.6714631,597.4982059,10.16713522,4.804244318,452,24,16,7,47,496,3,2,0,5,499,501,424,14,372,3
12,1000,60,5.13,10.3,18,37,1,932,35,22,11,68,7.421733585,101,162,15.027842,9.389865869,6.458645758,8.408216258,485,13,3,5,21,447,22,19,6,47,506,494,92,70,68,33
4,1000,60,5.13,10.3,18,37,103,958,32,6,4,42,7.583303476,409,456,356.1667441,237.2263785,10.41774839,4.903264125,453,24,5,4,33,505,8,1,0,9,486,514,448,8,396,13
10,1000,60,5.13,10.3,18,37,2,946,29,11,14,54,7.378459457,99,155,15.27110631,8.996305427,6.966563419,7.743725755,447,15,4,4,23,499,14,7,10,31,470,530,89,66,72,27
2,1000,60,5.13,10.3,18,37,101,958,23,9,10,42,7.409528773,378,462,543.1372297,534.8250601,10.06833891,4.761332646,466,18,5,10,33,492,5,4,0,9,499,501,437,25,372,6
11,1000,60,5.13,10.3,18,37,2,952,19,12,17,48,7.202627644,102,162,15.01191499,8.739480008,6.480364824,7.945400971,492,7,6,2,15,460,12,6,15,33,507,493,93,69,66,36
9,1000,60,5.13,10.3,18,37,4,954,21,13,12,46,7.112551335,87,158,15.00921755,9.013938012,6.317647945,7.998204795,512,7,6,2,15,442,14,7,10,31,527,473,89,69,54,33
1,1000,60,5.13,10.3,18,37,95,959,25,8,8,41,7.515609976,361,439,391.1728109,246.056738,9.796570905,5.306490335,461,19,5,7,31,498,6,3,1,10,492,508,425,14,354,7
5,1000,60,5.13,10.3,18,37,103,947,28,18,7,53,7.468139848,385,446,893.4803947,638.9177377,10.21429775,4.732944657,451,25,16,7,48,496,3,2,0,5,499,501,428,18,377,8
4,1000,60,5.13,10.3,18,37,104,957,33,6,4,43,7.588965023,408,470,382.8200463,255.2483523,10.47353898,4.861527387,451,26,5,4,35,506,7,1,0,8,486,514,454,16,399,9
12,1000,60,5.13,10.3,18,37,2,933,34,22,11,67,7.457144032,85,176,15.09136106,9.442076849,6.491461435,8.446284505,486,12,3,5,20,447,22,19,6,47,506,494,101,75,52,33
13,1000,60,5.13,10.3,18,37,0,937,32,18,13,63,7.199,88,154,14.99979859,9.003081759,6.811507937,7.592741935,478,14,7,5,26,459,18,11,8,37,504,496,87,67,50,38
10,1000,60,5.13,10.3,18,37,3,945,30,11,14,55,7.398334985,100,140,15.3500662,9.096542178,6.973880592,7.774737937,447,15,4,4,23,498,15,7,10,32,470,530,80,60,65,35
2,1000,60,5.13,10.3,18,37,102,958,23,9,10,42,7.403714167,380,452,587.3840859,582.0049646,10.08779125,4.73035196,466,18,5,10,33,492,5,4,0,9,499,501,435,17,371,9
11,1000,60,5.13,10.3,18,37,3,951,20,12,17,49,7.22907159,86,170,15.02074679,8.777140145,6.512922954,7.965557103,492,7,6,2,15,459,13,6,15,34,507,493,104,66,59,27
9,1000,60,5.13,10.3,18,37,5,955,21,13,11,45,7.135504314,86,142,15.03292954,9.064173489,6.376684896,7.980954279,512,7,6,2,15,443,14,7,9,30,527,473,79,63,66,20
5,1000,60,5.13,10.3,18,37,104,947,28,18,7,53,7.438383773,383,439,928.6257328,663.6725927,10.19502639,4.692745722,451,25,16,7,48,496,3,2,0,5,499,501,427,12,373,10
1,1000,60,5.13,10.3,18,37,96,959,24,9,8,41,7.541368743,370,437,426.9510022,266.3956459,9.844042456,5.311220187,461,18,6,7,31,498,6,3,1,10,492,508,423,14,364,6
14,1000,60,5.13,10.3,18,37,0,934,29,16,21,66,7.332,104,142,14.98289525,9.154894708,6.390781563,8.269461078,478,11,7,3,21,456,18,9,18,45,499,501,94,48,76,28
13,1000,60,5.13,10.3,18,37,1,938,31,17,14,62,7.212618147,96,136,15.0311612,9.054583939,6.826346432,7.605120051,479,13,7,5,25,459,18,10,9,37,504,496,82,54,63,33
12,1000,60,5.13,10.3,18,37,3,933,34,22,11,67,7.469982946,100,177,15.13628062,9.516472129,6.519155432,8.443907484,485,13,3,5,21,448,21,19,6,46,506,494,100,77,75,25
10,1000,60,5.13,10.3,18,37,4,947,28,11,14,53,7.382673051,90,149,15.40396155,9.15976048,7.011652622,7.711691168,447,15,4,4,23,500,13,7,10,30,470,530,96,53,64,26
2,1000,60,5.13,10.3,18,37,103,958,23,9,10,42,7.399770215,391,453,641.5163971,648.2638848,10.11284216,4.697528898,465,19,5,10,34,493,4,4,0,8,499,501,441,12,383,8
11,1000,60,5.13,10.3,18,37,4,951,21,12,16,49,7.245110279,98,149,15.02275769,8.799902872,6.531929608,7.978543546,492,8,6,1,15,459,13,6,15,34,507,493,85,64,62,36
9,1000,60,5.13,10.3,18,37,6,956,21,12,11,44,7.169280954,81,145,15.0903516,9.114846578,6.411071063,8.014051805,514,6,5,2,13,442,15,7,9,31,527,473,87,58,57,24
14,1000,60,5.13,10.3,18,37,1,936,28,15,21,64,7.334229695,98,157,15.03340268,9.22266231,6.40495499,8.259794721,478,11,7,3,21,458,17,8,18,43,499,501,87,70,68,30
1,1000,60,5.13,10.3,18,37,97,959,24,9,8,41,7.553344171,373,458,451.9015196,280.7427653,9.923305365,5.258027425,461,18,6,7,31,498,6,3,1,10,492,508,435,23,367,6
13,1000,60,5.13,10.3,18,37,2,938,31,16,15,62,7.229003231,103,132,15.09479698,9.109171563,6.854279563,7.609770828,478,14,7,5,26,460,17,9,10,36,504,496,65,67,72,31
12,1000,60,5.13,10.3,18,37,4,936,32,20,12,64,7.476550575,89,138,15.17748278,9.571457114,6.568531783,8.406626504,486,12,3,5,20,450,20,17,7,44,506,494,81,57,65,24
10,1000,60,5.13,10.3,18,37,5,949,26,11,14,51,7.410521739,111,170,15.48511825,9.223884499,7.070497173,7.712052958,447,15,4,4,23,502,11,7,10,28,470,530,110,60,75,36
2,1000,60,5.13,10.3,18,37,104,958,23,9,10,42,7.404279041,389,455,676.3574587,698.3990578,10.14316982,4.67632196,465,19,5,10,34,493,4,4,0,8,499,501,434,21,382,7
15,1000,60,5.13,10.3,18,37,0,927,36,16,21,73,7.551,93,156,14.98227374,9.128556223,6.890219561,8.214428858,468,18,8,7,33,459,18,8,14,40,501,499,91,65,57,36
11,1000,60,5.13,10.3,18,37,5,951,21,12,16,49,7.271659912,105,138,15.02953728,8.846488937,6.553566058,8.010145883,492,8,6,1,15,459,13,6,15,34,507,493,74,64,74,31
9,1000,60,5.13,10.3,18,37,7,955,23,12,10,45,7.195280625,101,178,15.13282536,9.179724513,6.438881215,8.038034302,513,7,5,2,14,442,16,7,8,31,527,473,102,76,70,31
14,1000,60,5.13,10.3,18,37,2,937,27,13,23,63,7.37947538,85,154,15.02812636,9.275979289,6.451387319,8.303858498,478,11,6,4,21,459,16,7,19,42,499,501,87,67,61,24
1,1000,60,5.13,10.3,18,37,98,958,25,9,8,42,7.520162602,370,439,496.6199893,302.6762723,9.935175356,5.181213242,460,19,6,7,32,498,6,3,1,10,492,508,428,11,365,5
12,1000,60,5.13,10.3,18,37,5,936,32,20,12,64,7.47391697,100,152,15.24966021,9.645491874,6.582794153,8.386686496,486,12,3,5,20,450,20,17,7,44,506,494,94,58,71,29
13,1000,60,5.13,10.3,18,37,3,940,30,15,15,60,7.209639255,89,148,15.1832412,9.190364191,6.868434218,7.556347599,478,14,7,5,26,462,16,8,10,34,504,496,88,60,64,25
10,1000,60,5.13,10.3,18,37,6,950,26,11,13,50,7.410698322,94,171,15.56936214,9.293082412,7.070897637,7.712031006,446,16,4,4,24,504,10,7,9,26,470,530,106,65,74,20
15,1000,60,5.13,10.3,18,37,1,927,35,18,20,73,7.543669623,101,163,15.02230648,9.154863493,6.901371315,8.188542273,468,18,9,6,33,459,17,9,14,40,501,499,97,66,69,32
9,1000,60,5.13,10.3,18,37,8,957,22,12,9,43,7.244726466,92,156,15.15218306,9.215892546,6.484072955,8.092219913,513,7,5,2,14,444,15,7,7,29,527,473,86,70,62,30
11,1000,60,5.13,10.3,18,37,6,951,20,13,16,49,7.289273917,92,165,15.10635594,8.910426708,6.599927171,7.998196433,492,7,7,1,15,459,13,6,15,34,507,493,103,62,59,33
14,1000,60,5.13,10.3,18,37,3,937,27,13,23,63,7.35389417,96,144,15.02360177,9.319990031,6.457824109,8.246387105,476,13,6,4,23,461,14,7,19,40,499,501,88,56,66,30
1,1000,60,5.13,10.3,18,37,99,958,25,9,8,42,7.522800797,376,449,526.8910312,316.9101194,9.983470353,5.139632645,460,19,6,7,32,498,6,3,1,10,492,508,435,14,371,5
13,1000,60,5.13,10.3,18,37,4,939,31,15,15,61,7.257704333,101,157,15.23174876,9.230402323,6.899970556,7.62120801,478,14,7,5,26,461,17,8,10,35,504,496,101,56,67,34
10,1000,60,5.13,10.3,18,37,7,951,24,12,13,49,7.465572278,78,167,15.69413424,9.398094067,7.088343132,7.800096238,447,15,4,4,23,504,9,8,9,26,470,530,104,63,59,19
12,1000,60,5.13,10.3,18,37,6,935,33,19,13,65,7.523118921,95,138,15.32069858,9.737812807,6.649418664,8.418042665,486,12,3,5,20,449,21,16,8,45,506,494,85,53,80,15
15,1000,60,5.13,10.3,18,37,2,928,34,18,20,72,7.568522253,105,160,15.07635737,9.218442508,6.938230729,8.201339995,468,17,10,6,33,460,17,8,14,39,501,499,83,77,80,25
9,1000,60,5.13,10.3,18,37,9,959,21,11,9,41,7.228918349,91,158,15.21111811,9.304387037,6.538241539,7.998446212,513,7,5,2,14,446,14,6,7,27,527,473,100,58,70,21
11,1000,60,5.13,10.3,18,37,7,952,20,13,15,48,7.288268775,83,139,15.12871153,8.930656817,6.594456589,8.001783539,493,6,7,1,14,459,14,6,14,34,507,493,71,68,52,31
14,1000,60,5.13,10.3,18,37,4,939,24,14,23,61,7.359318688,116,157,15.08417389,9.388392309,6.471114298,8.243977353,477,11,7,4,22,462,13,7,19,39,499,501,95,62,76,40
1,1000,60,5.13,10.3,18,37,100,957,26,9,8,43,7.513677317,397,452,542.0130586,328.4278306,9.99747514,5.108109347,459,20,6,7,33,498,6,3,1,10,492,508,436,16,386,11
12,1000,60,5.13,10.3,18,37,7,935,34,19,12,65,7.526197777,98,140,15.39304016,9.821501558,6.681555216,8.391357971,486,12,3,5,20,449,22,16,7,45,506,494,84,56,64,34
13,1000,60,5.13,10.3,18,37,5,940,31,14,15,60,7.285114386,89,136,15.28737085,9.306861903,6.942477445,7.63327773,478,14,7,5,26,462,17,7,10,34,504,496,80,56,58,31
10,1000,60,5.13,10.3,18,37,8,951,24,12,13,49,7.472728893,108,168,15.79458074,9.471146968,7.107339229,7.79675369,447,15,4,4,23,504,9,8,9,26,470,530,106,62,79,29
15,1000,60,5.13,10.3,18,37,3,928,33,18,21,72,7.627618687,82,154,15.13988225,9.283834166,7.032130588,8.225493513,468,17,9,7,33,460,16,9,14,39,501,499,100,54,63,19
9,1000,60,5.13,10.3,18,37,10,962,18,12,8,38,7.250058279,90,181,15.23219381,9.370097459,6.557372673,8.021824271,514,6,5,2,13,448,12,7,6,25,527,473,116,65,64,26
11,1000,60,5.13,10.3,18,37,8,950,23,12,15,50,7.298626403,85,147,15.19090543,8.987055145,6.669117413,7.946011915,491,8,6,2,16,459,15,6,13,34,507,493,81,66,66,19
14,1000,60,5.13,10.3,18,37,5,940,23,14,23,60,7.357271986,97,160,15.15066386,9.446401448,6.483318816,8.227736322,477,11,7,4,22,463,12,7,19,38,499,501,97,63,74,23
1,1000,60,5.13,10.3,18,37,101,955,28,9,8,45,7.506155384,391,453,553.1656402,338.2282311,10.03304486,5.05885298,457,22,6,7,35,498,6,3,1,10,492,508,435,18,382,9
10,1000,60,5.13,10.3,18,37,9,952,24,11,13,48,7.502731214,104,165,15.9124284,9.574822292,7.14116911,7.823361759,447,15,4,4,23,505,9,7,9,25,470,530,108,57,76,28
13,1000,60,5.13,10.3,18,37,6,940,29,16,15,60,7.302232314,92,173,15.31442809,9.365602974,6.961982331,7.6479702,478,14,7,5,26,462,15,9,10,34,504,496,98,75,75,17
12,1000,60,5.13,10.3,18,37,8,934,36,19,11,66,7.534477967,104,143,15.45720743,9.912365191,6.700067544,8.38915747,485,14,3,4,21,449,22,16,7,45,506,494,82,61,76,28
15,1000,60,5.13,10.3,18,37,4,929,32,18,21,71,7.627183499,74,170,15.19761859,9.338148216,7.100683105,8.155794114,468,16,9,8,33,461,16,9,13,38,501,499,106,64,53,21
9,1000,60,5.13,10.3,18,37,11,962,18,12,8,38,7.262902722,103,162,15.27571998,9.447869252,6.565281803,8.040167466,514,6,5,2,13,448,12,7,6,25,527,473,100,62,81,22
11,1000,60,5.13,10.3,18,37,9,949,23,13,15,51,7.34414855,111,132,15.26464562,9.048636491,6.70375361,8.002729148,491,8,6,2,16,458,15,7,13,35,507,493,78,54,84,27
14,1000,60,5.13,10.3,18,37,6,941,22,14,23,59,7.34475946,100,166,15.20706848,9.513236338,6.48234385,8.203732293,478,10,7,4,21,463,12,7,19,38,499,501,94,72,76,24
1,1000,60,5.13,10.3,18,37,102,954,28,10,8,46,7.502095047,394,452,568.0454744,350.139291,10.10619189,4.980017004,456,22,7,7,36,498,6,3,1,10,492,508,439,13,386,8
10,1000,60,5.13,10.3,18,37,10,952,24,12,12,48,7.510449029,84,145,15.98046452,9.655325143,7.176099641,7.806947543,447,14,5,4,23,505,10,7,8,25,470,530,97,48,67,17
13,1000,60,5.13,10.3,18,37,7,941,29,15,15,59,7.308864847,96,184,15.3669096,9.417014494,6.973425516,7.64971449,479,14,6,5,25,462,15,9,10,34,504,496,118,66,75,21
12,1000,60,5.13,10.3,18,37,9,935,35,19,11,65,7.532594724,121,155,15.57446123,10.02527178,6.678628149,8.407305426,485,14,3,4,21,450,21,16,7,44,506,494,95,60,80,41
15,1000,60,5.13,10.3,18,37,5,931,31,17,21,69,7.643695155,110,162,15.25058634,9.406410914,7.116101162,8.173403753,469,15,9,8,32,462,16,8,13,37,501,499,99,63,80,30
9,1000,60,5.13,10.3,18,37,12,960,20,12,8,40,7.288435418,93,165,15.34685487,9.528002452,6.594260398,8.061860862,514,6,5,2,13,446,14,7,6,27,527,473,104,61,61,32
11,1000,60,5.13,10.3,18,37,10,952,22,12,14,48,7.342382357,94,145,15.37868137,9.135284551,6.731583416,7.9705265,491,8,6,2,16,461,14,6,12,32,507,493,86,59,75,19
14,1000,60,5.13,10.3,18,37,7,941,22,14,23,59,7.351782175,103,163,15.24950295,9.562177568,6.506602369,8.19358801,477,11,7,4,22,464,11,7,19,37,499,501,102,61,77,26
10,1000,60,5.13,10.3,18,37,11,954,22,12,12,46,7.514463327,104,165,16.10821236,9.726233937,7.220385032,7.775249739,447,14,5,4,23,507,8,7,8,23,470,530,107,58,79,25
13,1000,60,5.13,10.3,18,37,8,942,29,15,14,58,7.346498776,93,154,15.48790975,9.536095585,7.041724081,7.656189192,479,14,6,5,25,463,15,9,9,33,504,496,100,54,70,23
12,1000,60,5.13,10.3,18,37,10,936,35,18,11,64,7.533576288,118,170,15.6867095,10.14217532,6.68838576,8.39929776,485,14,3,4,21,451,21,15,7,43,506,494,106,64,79,39
1,1000,60,5.13,10.3,18,37,103,953,29,10,8,47,7.507408574,387,466,582.0030268,359.5602311,10.14340489,4.954435768,455,23,7,7,37,498,6,3,1,10,492,508,452,14,380,7
15,1000,60,5.13,10.3,18,37,6,932,31,16,21,68,7.674624405,99,133,15.32887565,9.500032035,7.132013497,8.219410105,469,16,9,7,32,463,15,7,14,36,501,499,84,49,66,33
9,1000,60,5.13,10.3,18,37,13,960,20,12,8,40,7.309905918,111,157,15.40858013,9.616541404,6.618318003,8.080448901,515,5,5,2,12,445,15,7,6,28,527,473,95,62,79,32
11,1000,60,5.13,10.3,18,37,11,953,21,12,14,47,7.376192979,92,146,15.51151221,9.233712557,6.750267245,8.01989348,492,7,6,2,15,461,14,6,12,32,507,493,96,50,69,23
10,1000,60,5.13,10.3,18,37,12,956,22,10,12,44,7.534379403,116,166,16.25341413,9.835566786,7.235931686,7.799040585,449,13,4,4,21,507,9,6,8,23,470,530,110,56,89,27
14,1000,60,5.13,10.3,18,37,8,942,21,13,24,58,7.377943806,106,153,15.31728586,9.614062587,6.563506245,8.189130119,477,11,6,5,22,465,10,7,19,36,499,501,86,67,73,33
13,1000,60,5.13,10.3,18,37,9,939,32,15,14,61,7.386766125,114,137,15.56292327,9.611857633,7.060431334,7.718364381,478,15,6,5,26,461,17,9,9,35,504,496,90,47,79,35
12,1000,60,5.13,10.3,18,37,11,937,35,17,11,63,7.540733788,109,171,15.75419168,10.21959606,6.698253447,8.403679237,485,14,3,4,21,452,21,14,7,42,506,494,108,63,80,29
15,1000,60,5.13,10.3,18,37,7,933,31,16,20,67,7.681167907,104,157,15.4515125,9.637913861,7.145900213,8.218580961,469,17,9,6,32,464,14,7,14,35,501,499,104,53,71,33
1,1000,60,5.13,10.3,18,37,104,951,31,10,8,49,7.485090536,402,462,624.2105123,381.9441037,10.22013475,4.836189446,453,25,7,7,39,498,6,3,1,10,492,508,447,15,394,8
16,1000,60,5.13,10.3,18,37,0,937,29,18,16,63,7.201,113,157,15.02220172,9.109327696,6.629032258,7.763888889,472,12,5,7,24,465,17,13,9,39,496,504,91,66,77,36
9,1000,60,5.13,10.3,18,37,14,959,20,13,8,41,7.330176623,116,148,15.46623083,9.679781988,6.660728383,8.076052358,514,6,5,2,13,445,14,8,6,28,527,473,93,55,87,29
11,1000,60,5.13,10.3,18,37,12,952,21,13,14,48,7.441964793,98,160,15.5712182,9.294493174,6.838100888,8.062976963,491,8,6,2,16,461,13,7,12,32,507,493,99,61,72,26
13,1000,60,5.13,10.3,18,37,10,938,32,15,15,62,7.448678074,93,166,15.64246933,9.677356918,7.11498768,7.787750571,478,14,7,5,26,460,18,8,10,36,504,496,98,68,67,26
14,1000,60,5.13,10.3,18,37,9,944,19,13,24,56,7.395615566,76,174,15.33621138,9.682426771,6.638472235,8.149736369,477,11,6,5,22,467,8,7,19,34,499,501,109,65,59,17
10,1000,60,5.13,10.3,18,37,13,955,23,10,12,45,7.556836335,98,166,16.41436309,9.93518725,7.279996971,7.802335394,449,13,4,4,21,506,10,6,8,24,470,530,110,56,80,18
12,1000,60,5.13,10.3,18,37,12,937,35,17,11,63,7.545497552,107,174,15.82860432,10.32666391,6.716699059,8.394428802,485,14,3,4,21,452,21,14,7,42,506,494,112,62,79,28
15,1000,60,5.13,10.3,18,37,8,934,31,15,20,66,7.66784405,110,161,15.52189381,9.708167891,7.136312464,8.201506024,470,17,8,6,31,464,14,7,14,35,501,499,100,61,81,29
9,1000,60,5.13,10.3,18,37,15,961,20,12,7,39,7.34482962,117,139,15.53782294,9.75356956,6.695501405,8.068288329,514,6,5,2,13,447,14,7,5,26,527,473,93,46,88,29
16,1000,60,5.13,10.3,18,37,1,936,31,18,15,64,7.211805852,93,171,15.06727522,9.179835394,6.660981173,7.753887281,472,12,5,7,24,464,19,13,8,40,496,504,85,86,61,32
11,1000,60,5.13,10.3,18,37,13,954,20,12,14,46,7.42832434,91,143,15.66009906,9.374774903,6.854589349,8.018352009,491,8,6,2,16,463,12,6,12,30,507,493,88,55,70,21
13,1000,60,5.13,10.3,18,37,11,938,33,15,14,62,7.467741392,105,183,15.7012311,9.76373941,7.134444267,7.806414276,478,14,7,5,26,460,19,8,9,36,504,496,109,74,70,35
14,1000,60,5.13,10.3,18,37,10,944,19,13,24,56,7.423437049,113,158,15.42526003,9.762530682,6.663575981,8.180264739,477,11,6,5,22,467,8,7,19,34,499,501,99,59,75,38
10,1000,60,5.13,10.3,18,37,14,954,25,9,12,46,7.604270752,97,178,16.47993781,10.02511703,7.349724714,7.830000258,447,15,4,4,23,507,10,5,8,23,470,530,121,57,74,23
12,1000,60,5.13,10.3,18,37,13,938,34,17,11,62,7.55780309,115,169,15.92597318,10.45612729,6.722551618,8.413344071,485,14,3,4,21,453,20,14,7,41,506,494,104,65,86,29
15,1000,60,5.13,10.3,18,37,9,935,30,15,20,65,7.649839367,98,154,15.59273238,9.775436326,7.163932634,8.137693622,470,17,8,6,31,465,13,7,14,34,501,499,92,62,81,17
9,1000,60,5.13,10.3,18,37,16,962,19,12,7,38,7.348462826,107,179,15.64236728,9.853505046,6.715555457,8.053626004,514,6,5,2,13,448,13,7,5,25,527,473,123,56,80,27
16,1000,60,5.13,10.3,18,37,2,936,32,17,15,64,7.202601017,101,157,15.11581874,9.231603861,6.663139812,7.733499345,472,12,5,7,24,464,20,12,8,40,496,504,97,60,68,33
11,1000,60,5.13,10.3,18,37,14,954,20,11,15,46,7.434599701,117,173,15.72476567,9.443847972,6.895885515,7.988612058,491,8,5,3,16,463,12,6,12,30,507,493,106,67,85,32
13,1000,60,5.13,10.3,18,37,12,939,32,15,14,61,7.52416812,101,177,15.76850883,9.836018138,7.230221128,7.822856192,478,13,8,5,26,461,19,7,9,35,504,496,110,67,73,28
14,1000,60,5.13,10.3,18,37,11,943,20,13,24,57,7.441032255,92,153,15.51642905,9.830588623,6.69540264,8.183685304,476,12,6,5,23,467,8,7,19,34,499,501,96,57,68,24
12,1000,60,5.13,10.3,18,37,14,940,33,17,10,60,7.543545879,117,164,16.03618331,10.56442451,6.732254274,8.374544974,485,14,3,4,21,455,19,14,6,39,506,494,103,61,89,28
10,1000,60,5.13,10.3,18,37,15,952,27,9,12,48,7.64636159,112,165,16.56427749,10.08371996,7.407011347,7.85861558,445,17,4,4,25,507,10,5,8,23,470,530,114,51,79,33
15,1000,60,5.13,10.3,18,37,10,935,31,13,21,65,7.672671578,95,159,15.65794003,9.834488455,7.165907209,8.181467067,471,17,7,6,30,464,14,6,15,35,501,499,94,65,74,21
9,1000,60,5.13,10.3,18,37,17,964,18,11,7,36,7.367631673,117,158,15.73414652,9.973056664,6.717955455,8.091478116,515,6,4,2,12,449,12,7,5,24,527,473,97,61,91,26
16,1000,60,5.13,10.3,18,37,3,936,32,17,15,64,7.247541012,92,161,15.18111338,9.314226746,6.723487625,7.763276091,472,12,5,7,24,464,20,12,8,40,496,504,97,64,59,33
13,1000,60,5.13,10.3,18,37,13,939,32,15,14,61,7.542565334,103,160,15.8633555,9.941900497,7.264185413,7.825435254,478,13,8,5,26,461,19,7,9,35,504,496,99,61,76,27
11,1000,60,5.13,10.3,18,37,15,954,20,11,15,46,7.442922517,97,154,15.83688072,9.541140758,6.897948783,8.003372178,491,8,5,3,16,463,12,6,12,30,507,493,104,50,71,26
14,1000,60,5.13,10.3,18,37,12,943,20,13,24,57,7.449596156,105,154,15.59313133,9.927062359,6.710914806,8.185328679,476,12,6,5,23,467,8,7,19,34,499,501,90,64,83,22
12,1000,60,5.13,10.3,18,37,15,938,35,17,10,62,7.579659711,101,168,16.17781857,10.71878894,6.797101975,8.381226946,483,16,3,4,23,455,19,14,6,39,506,494,103,65,80,21
10,1000,60,5.13,10.3,18,37,16,952,27,9,12,48,7.680692558,107,183,16.66199036,10.16173257,7.420728859,7.911226403,445,17,4,4,25,507,10,5,8,23,470,530,125,58,78,29
15,1000,60,5.13,10.3,18,37,11,934,31,14,21,66,7.672282886,121,156,15.76688418,9.948307257,7.202939313,8.143507595,471,16,8,6,30,463,15,6,15,36,501,499,88,68,90,31
9,1000,60,5.13,10.3,18,37,18,963,19,11,7,37,7.426794332,107,152,15.82961635,10.04109719,6.769901181,8.158681627,515,6,4,2,12,448,13,7,5,25,527,473,92,60,79,28
13,1000,60,5.13,10.3,18,37,14,940,32,15,13,60,7.570499539,97,172,15.9492582,10.06408071,7.309256201,7.835956479,478,13,8,5,26,462,19,7,8,34,504,496,103,69,68,29
11,1000,60,5.13,10.3,18,37,16,954,19,13,14,46,7.454433935,118,166,15.94129339,9.610555909,6.909168625,8.015183452,491,7,6,3,16,463,12,7,11,30,507,493,114,52,77,41
14,1000,60,5.13,10.3,18,37,13,943,20,13,24,57,7.484225269,88,150,15.64898265,9.996025055,6.75866214,8.206891939,476,12,6,5,23,467,8,7,19,34,499,501,103,47,58,30
16,1000,60,5.13,10.3,18,37,4,937,31,17,15,63,7.2897816,98,142,15.22538989,9.354307942,6.775170834,7.796223942,473,11,5,7,23,464,20,12,8,40,496,504,83,59,59,39
12,1000,60,5.13,10.3,18,37,16,939,34,16,11,61,7.620443005,118,154,16.28611079,10.80855257,6.843856641,8.415893815,484,15,3,4,22,455,19,13,7,39,506,494,96,58,90,28
10,1000,60,5.13,10.3,18,37,17,953,26,9,12,47,7.72682391,102,190,16.77595875,10.26085443,7.506372091,7.92231892,445,17,4,4,25,508,9,5,8,22,470,530,147,43,76,26
15,1000,60,5.13,10.3,18,37,12,935,31,13,21,65,7.685362499,106,175,15.85464481,10.04272284,7.261438958,8.110985132,471,16,8,6,30,464,15,5,15,35,501,499,107,68,80,26
9,1000,60,5.13,10.3,18,37,19,962,19,12,7,38,7.46216421,108,142,15.93046148,10.12980483,6.817035816,8.180943626,515,5,5,2,12,447,14,7,5,26,527,473,99,43,77,31
13,1000,60,5.13,10.3,18,37,15,941,32,14,13,59,7.54070324,112,159,16.10765547,10.16115626,7.273886394,7.811823583,479,13,7,5,25,462,19,7,8,34,504,496,104,55,78,34
11,1000,60,5.13,10.3,18,37,17,954,19,13,14,46,7.480198573,106,151,16.01326201,9.705194325,6.932639734,8.04330675,492,7,5,3,15,462,12,8,11,31,507,493,97,54,80,26
14,1000,60,5.13,10.3,18,37,14,943,20,13,24,57,7.496371276,86,169,15.73157489,10.10501365,6.792636974,8.19729626,476,12,6,5,23,467,8,7,19,34,499,501,114,55,67,19
12,1000,60,5.13,10.3,18,37,17,941,33,15,11,59,7.627478568,119,184,16.40844694,10.93811439,6.868345532,8.405052083,485,15,2,4,21,456,18,13,7,38,506,494,127,57,82,37
10,1000,60,5.13,10.3,18,37,18,953,25,10,12,47,7.7404935,97,183,16.88041914,10.33000545,7.556209815,7.903914882,444,18,4,4,26,509,7,6,8,21,470,530,126,57,81,16
16,1000,60,5.13,10.3,18,37,5,937,30,18,15,63,7.346213333,99,150,15.23978532,9.407635383,6.858577533,7.826108882,473,11,5,7,23,464,19,13,8,40,496,504,81,69,68,31
15,1000,60,5.13,10.3,18,37,13,937,32,13,18,63,7.693451111,96,160,15.94338222,10.13222695,7.311999711,8.076431374,471,16,8,6,30,466,16,5,12,33,501,499,102,58,73,23
9,1000,60,5.13,10.3,18,37,20,962,20,12,6,38,7.432610265,124,160,16.01818652,10.22447678,6.846313518,8.085841525,515,5,4,3,12,447,15,8,3,26,527,473,106,54,93,31
13,1000,60,5.13,10.3,18,37,16,942,32,14,12,58,7.545245341,112,184,16.19125971,10.22454961,7.314302413,7.779913155,479,13,7,5,25,463,19,7,7,33,504,496,113,71,77,35
11,1000,60,5.13,10.3,18,37,18,955,20,11,14,45,7.512761283,103,163,16.11716039,9.820247845,6.981260976,8.059354905,493,7,3,4,14,462,13,8,10,31,507,493,107,56,79,24
14,1000,60,5.13,10.3,18,37,15,944,19,13,24,56,7.518926256,103,155,15.8356881,10.21979152,6.795720174,8.239245287,477,11,6,5,22,467,8,7,19,34,499,501,108,47,75,28
12,1000,60,5.13,10.3,18,37,18,941,33,16,10,59,7.643640366,101,174,16.46533878,11.01238555,6.942575766,8.361734875,485,14,3,4,21,456,19,13,6,38,506,494,112,62,80,21
10,1000,60,5.13,10.3,18,37,19,955,25,9,11,45,7.718038158,111,161,16.9967435,10.4495761,7.57585515,7.844124977,444,18,4,4,26,511,7,5,7,19,470,530,113,48,84,27
16,1000,60,5.13,10.3,18,37,6,937,32,17,14,63,7.377873871,114,158,15.27406914,9.458688813,6.88822054,7.859754927,474,11,4,7,22,463,21,13,7,41,496,504,94,64,83,31
15,1000,60,5.13,10.3,18,37,14,938,31,13,18,62,7.740488261,110,152,16.0512303,10.26890217,7.382997703,8.099411646,471,16,8,6,30,467,15,5,12,32,501,499,96,56,82,28
9,1000,60,5.13,10.3,18,37,21,963,19,12,6,37,7.437767878,119,179,16.13765468,10.32432748,6.867931788,8.072659251,516,5,3,3,11,447,14,9,3,26,527,473,121,58,93,26
13,1000,60,5.13,10.3,18,37,17,944,30,14,12,56,7.567923428,105,144,16.32801132,10.34984477,7.345073479,7.794367731,480,12,7,5,24,464,18,7,7,32,504,496,100,44,81,24
11,1000,60,5.13,10.3,18,37,19,956,20,10,14,44,7.541044394,107,186,16.27350244,9.953279969,7.056981596,8.038853398,493,7,3,4,14,463,13,7,10,30,507,493,137,49,87,20
14,1000,60,5.13,10.3,18,37,16,943,19,13,25,57,7.539885444,113,181,15.92737618,10.3131516,6.839395807,8.237578716,477,11,5,6,22,466,8,8,19,35,499,501,126,55,89,24
12,1000,60,5.13,10.3,18,37,19,942,32,16,10,58,7.647385493,130,156,16.5964225,11.15863776,7.001361875,8.309101993,485,14,3,4,21,457,18,13,6,37,506,494,114,42,102,28
10,1000,60,5.13,10.3,18,37,20,956,25,8,11,44,7.75980575,102,177,17.15164407,10.58078174,7.622251745,7.881787603,444,18,4,4,26,512,7,4,7,18,470,530,113,64,82,20
9,1000,60,5.13,10.3,18,37,22,963,19,12,6,37,7.417064218,121,154,16.23544572,10.41624974,6.904171952,7.98851078,516,5,3,3,11,447,14,9,3,26,527,473,109,45,97,24
15,1000,60,5.13,10.3,18,37,15,938,31,13,18,62,7.746518065,113,169,16.14094669,10.37061192,7.428133177,8.066179045,471,16,8,6,30,467,15,5,12,32,501,499,115,54,89,24
16,1000,60,5.13,10.3,18,37,7,940,31,15,14,60,7.371783811,106,162,15.34530576,9.553809169,6.903903508,7.832237443,474,12,4,6,22,466,19,11,8,38,496,504,105,57,75,31
13,1000,60,5.13,10.3,18,37,18,943,31,15,11,57,7.628988425,108,174,16.38512922,10.42874141,7.422658531,7.83864622,480,12,7,5,24,463,19,8,6,33,504,496,118,56,82,26
11,1000,60,5.13,10.3,18,37,20,959,19,8,14,41,7.512881571,109,163,16.47888126,10.10462203,7.030177932,8.009292819,494,7,2,4,13,465,12,6,10,28,507,493,108,55,83,26
14,1000,60,5.13,10.3,18,37,17,943,19,13,25,57,7.578103148,101,168,16.01869337,10.41959021,6.882378527,8.271050424,476,12,5,6,23,467,7,8,19,34,499,501,104,64,76,25
12,1000,60,5.13,10.3,18,37,20,942,32,15,11,58,7.691441951,109,182,16.72251401,11.28485221,7.02481918,8.374257988,485,14,2,5,21,457,18,13,6,37,506,494,128,54,82,27
10,1000,60,5.13,10.3,18,37,21,955,26,8,11,45,7.786061197,107,183,17.35255297,10.72653783,7.643752498,7.912259478,444,18,4,4,26,511,8,4,7,19,470,530,140,43,85,22
9,1000,60,5.13,10.3,18,37,23,963,19,12,6,37,7.459682186,94,169,16.37798935,10.55654757,6.97724855,7.997192813,516,5,3,3,11,447,14,9,3,26,527,473,118,51,79,15
15,1000,60,5.13,10.3,18,37,16,937,32,13,18,63,7.755195854,93,151,16.23709908,10.49298474,7.419270902,8.092467198,471,16,8,6,30,466,16,5,12,33,501,499,103,48,74,19
16,1000,60,5.13,10.3,18,37,8,941,31,15,13,59,7.390331692,86,154,15.42005458,9.61352827,6.951842648,7.821860592,474,12,4,6,22,467,19,11,7,37,496,504,88,66,55,31
13,1000,60,5.13,10.3,18,37,19,942,32,15,11,58,7.645185562,108,188,16.46157081,10.51654022,7.461923321,7.831403646,480,12,7,5,24,462,20,8,6,34,504,496,137,51,79,29
11,1000,60,5.13,10.3,18,37,21,961,18,7,14,39,7.533897829,115,179,16.64569611,10.24602526,7.098372086,7.981791443,494,7,2,4,13,467,11,5,10,26,507,493,124,55,86,29
14,1000,60,5.13,10.3,18,37,18,946,16,13,25,54,7.599067765,111,165,16.15637314,10.54252555,6.963836728,8.23176295,477,11,5,6,22,469,5,8,19,32,499,501,108,57,88,23
12,1000,60,5.13,10.3,18,37,21,941,31,17,11,59,7.735824376,120,191,16.81177169,11.35643554,7.089589793,8.397756966,484,14,3,5,22,457,17,14,6,37,506,494,139,52,92,28
9,1000,60,5.13,10.3,18,37,24,964,18,12,6,36,7.468805832,115,177,16.47773845,10.68117137,7.048631534,7.93694929,516,5,3,3,11,448,13,9,3,25,527,473,131,46,95,20
10,1000,60,5.13,10.3,18,37,22,954,27,8,11,46,7.772653774,128,172,17.51270158,10.86158696,7.669082071,7.864500378,444,18,4,4,26,510,9,4,7,20,470,530,125,47,101,27
15,1000,60,5.13,10.3,18,37,17,936,33,13,18,64,7.778844671,113,172,16.3273327,10.5998321,7.48476175,8.074106281,470,17,8,6,31,466,16,5,12,33,501,499,109,63,83,30
13,1000,60,5.13,10.3,18,37,20,944,30,15,11,56,7.650791245,113,161,16.57921396,10.6376686,7.478198786,7.826167453,480,11,8,5,24,464,19,7,6,32,504,496,108,53,81,32
16,1000,60,5.13,10.3,18,37,9,941,31,15,13,59,7.401938601,112,158,15.44818583,9.673656479,6.984746194,7.812508906,473,12,5,6,23,468,19,10,7,36,496,504,97,61,76,36
11,1000,60,5.13,10.3,18,37,22,961,19,8,12,39,7.528040524,103,165,16.78952883,10.35977923,7.098716107,7.969556708,494,7,2,4,13,467,12,6,8,26,507,493,113,52,80,23
14,1000,60,5.13,10.3,18,37,19,945,17,13,25,55,7.649179417,104,169,16.33892397,10.6922763,7.025281831,8.270586394,477,11,5,6,22,468,6,8,19,33,499,501,121,48,87,17
12,1000,60,5.13,10.3,18,37,22,942,30,17,11,58,7.738428104,121,165,16.95581869,11.48828682,7.112233412,8.379834003,484,14,3,5,22,458,16,14,6,36,506,494,116,49,92,29
9,1000,60,5.13,10.3,18,37,25,964,19,11,6,36,7.463674048,122,175,16.63640187,10.80741437,7.105051189,7.863239052,516,5,3,3,11,448,14,8,3,25,527,473,123,52,90,32
15,1000,60,5.13,10.3,18,37,18,939,31,12,18,61,7.75224953,107,174,16.36721689,10.64771404,7.482860075,8.022718703,472,16,7,6,29,467,15,5,12,32,501,499,110,64,81,26
10,1000,60,5.13,10.3,18,37,23,953,27,9,11,47,7.803223078,114,188,17.6334934,10.95475877,7.776947264,7.826524272,443,18,5,4,27,510,9,4,7,20,470,530,135,53,91,23
13,1000,60,5.13,10.3,18,37,21,944,30,15,11,56,7.642585194,113,182,16.69490817,10.72404326,7.497352953,7.790159891,480,11,8,5,24,464,19,7,6,32,504,496,123,59,91,22
11,1000,60,5.13,10.3,18,37,23,963,17,8,12,37,7.558412227,103,173,16.99688744,10.51112864,7.13989642,7.988812864,494,7,2,4,13,469,10,6,8,24,507,493,113,60,75,28
14,1000,60,5.13,10.3,18,37,20,945,17,13,25,55,7.639005869,119,157,16.50948836,10.85382466,7.073571917,8.2021826,477,11,4,7,22,468,6,9,18,33,499,501,110,47,91,28
16,1000,60,5.13,10.3,18,37,10,942,32,15,11,58,7.380255137,139,146,15.53895876,9.770444788,7.015734017,7.738990208,472,14,5,5,24,470,18,10,6,34,496,504,91,55,103,36
12,1000,60,5.13,10.3,18,37,23,940,32,17,11,60,7.762016794,125,188,17.11949484,11.65863704,7.179434568,8.358750815,484,14,3,5,22,456,18,14,6,38,506,494,141,47,107,18
9,1000,60,5.13,10.3,18,37,26,965,19,10,6,35,7.447367264,112,177,16.79032317,10.95356051,7.089224845,7.846396978,516,5,3,3,11,449,14,7,3,24,527,473,122,55,83,29
15,1000,60,5.13,10.3,18,37,19,939,32,11,18,61,7.751868451,111,142,16.48705636,10.75296096,7.50005697,8.004689196,473,16,6,6,28,466,16,5,12,33,501,499,96,46,81,30
10,1000,60,5.13,10.3,18,37,24,954,26,9,11,46,7.823678058,114,176,17.82322469,11.13478125,7.826087055,7.821541778,443,17,6,4,27,511,9,3,7,19,470,530,136,40,95,19
13,1000,60,5.13,10.3,18,37,22,944,30,15,11,56,7.627550776,118,181,16.94085976,10.89935618,7.511066631,7.745913696,480,11,8,5,24,464,19,7,6,32,504,496,126,55,86,32
11,1000,60,5.13,10.3,18,37,24,965,15,8,12,35,7.532414646,114,169,17.15619306,10.62892106,7.125826355,7.950549055,495,6,2,4,12,470,9,6,8,23,507,493,113,56,89,25
12,1000,60,5.13,10.3,18,37,24,941,31,17,11,59,7.767666233,137,160,17.36939262,11.88612219,7.274374781,8.272940473,484,14,3,5,22,457,17,14,6,37,506,494,119,41,108,29
14,1000,60,5.13,10.3,18,37,21,945,17,12,26,55,7.680824731,121,188,16.71053988,11.0388886,7.124761962,8.234667688,477,11,4,7,22,468,6,8,19,33,499,501,130,58,96,25
16,1000,60,5.13,10.3,18,37,11,943,32,14,11,57,7.398353882,104,157,15.61142999,9.828032601,7.07606434,7.715527717,472,14,5,5,24,471,18,9,6,33,496,504,97,60,81,23
9,1000,60,5.13,10.3,18,37,27,968,18,8,6,32,7.4697978,104,185,16.96063734,11.09272214,7.137795738,7.839702846,516,5,3,3,11,452,13,5,3,21,527,473,125,60,86,18
15,1000,60,5.13,10.3,18,37,20,940,30,12,18,60,7.78473369,128,162,16.61064564,10.84987384,7.562138863,8.00822068,473,15,7,6,28,467,15,5,12,32,501,499,107,55,106,22
10,1000,60,5.13,10.3,18,37,25,953,27,9,11,47,7.874480208,108,179,17.98942781,11.28350715,7.902232387,7.849869786,443,17,6,4,27,510,10,3,7,20,470,530,143,36,90,18
11,1000,60,5.13,10.3,18,37,25,965,16,8,11,35,7.495994864,122,170,17.32118026,10.76299279,7.16503661,7.836351527,495,6,2,4,12,470,10,6,7,23,507,493,120,50,96,26
13,1000,60,5.13,10.3,18,37,23,946,30,14,10,54,7.60111539,121,190,17.11226178,11.03956535,7.522356926,7.681144151,481,10,8,5,23,465,20,6,5,31,504,496,127,63,95,26
14,1000,60,5.13,10.3,18,37,22,945,18,12,25,55,7.6837035,106,177,16.94746248,11.24569432,7.109682726,8.255432773,477,11,4,7,22,468,7,8,18,33,499,501,129,48,84,22
12,1000,60,5.13,10.3,18,37,25,941,31,17,11,59,7.778242545,129,168,17.48446481,12.02685644,7.300182083,8.267915813,483,14,4,5,23,458,17,13,6,36,506,494,117,51,103,26
16,1000,60,5.13,10.3,18,37,12,944,31,14,11,56,7.408183906,109,170,15.68927137,9.901424098,7.12816544,7.683757635,472,14,5,5,24,472,17,9,6,32,496,504,103,67,82,27
9,1000,60,5.13,10.3,18,37,28,968,18,8,6,32,7.478126104,126,152,17.10771452,11.19937972,7.161316897,7.831103803,516,5,3,3,11,452,13,5,3,21,527,473,115,37,97,29
15,1000,60,5.13,10.3,18,37,21,938,32,12,18,62,7.844073206,98,166,16.69565199,10.96186183,7.621016565,8.068023862,473,15,7,6,28,465,17,5,12,34,501,499,106,60,81,17
10,1000,60,5.13,10.3,18,37,26,954,27,8,11,46,7.889818293,107,182,18.11719057,11.38709196,7.916083335,7.866526653,443,17,6,4,27,511,10,2,7,19,470,530,138,44,87,20
11,1000,60,5.13,10.3,18,37,26,964,18,7,11,36,7.526841672,119,175,17.47804995,10.8722305,7.207175899,7.855585174,494,7,2,4,13,470,11,5,7,23,507,493,121,54,98,21
13,1000,60,5.13,10.3,18,37,24,948,28,13,11,52,7.583568278,113,180,17.36953728,11.24353331,7.556838291,7.610729395,481,10,7,6,23,467,18,6,5,29,504,496,126,54,80,33
12,1000,60,5.13,10.3,18,37,26,943,30,17,10,57,7.781690346,104,183,17.6356313,12.16311631,7.335294922,8.238929384,483,14,4,5,23,460,16,13,5,34,506,494,129,54,80,24
14,1000,60,5.13,10.3,18,37,23,946,18,12,24,54,7.632630257,115,167,17.27203811,11.51122704,7.119050486,8.144159809,477,11,4,7,22,469,7,8,17,32,499,501,123,44,93,22
9,1000,60,5.13,10.3,18,37,29,969,17,8,6,31,7.462583302,129,206,17.31654803,11.3585656,7.178140833,7.779499119,516,5,3,3,11,453,12,5,3,20,527,473,156,50,107,22
16,1000,60,5.13,10.3,18,37,13,946,29,14,11,54,7.401916666,110,189,15.76778567,9.981828763,7.159179213,7.640801144,473,13,5,5,23,473,16,9,6,31,496,504,120,69,86,24
15,1000,60,5.13,10.3,18,37,22,937,32,13,18,63,7.899359731,105,174,16.87035153,11.09947377,7.690649521,8.108906456,472,15,8,6,29,465,17,5,12,34,501,499,119,55,85,20
10,1000,60,5.13,10.3,18,37,27,956,24,9,11,44,7.911044219,113,187,18.36951951,11.57593717,7.964179631,7.863924136,445,14,7,4,25,511,10,2,7,19,470,530,149,38,81,32
11,1000,60,5.13,10.3,18,37,27,962,19,8,11,38,7.549756669,115,179,17.71763765,11.02460559,7.259872251,7.847873099,493,7,3,4,14,469,12,5,7,24,507,493,137,42,83,32
13,1000,60,5.13,10.3,18,37,25,948,29,12,11,52,7.602439674,130,183,17.62800462,11.41261787,7.594748184,7.61025522,481,10,7,6,23,467,19,5,5,29,504,496,139,44,96,34
12,1000,60,5.13,10.3,18,37,27,945,30,15,10,55,7.790140452,131,178,17.85657092,12.34525585,7.417541068,8.171790834,482,15,4,5,24,463,15,11,5,31,506,494,120,58,103,28
14,1000,60,5.13,10.3,18,37,24,946,19,13,22,54,7.650145024,119,181,17.50337472,11.71607507,7.208188207,8.090337543,476,11,5,7,23,470,8,8,15,31,499,501,125,56,97,22
9,1000,60,5.13,10.3,18,37,30,970,15,9,6,30,7.467619597,130,178,17.48084665,11.45863067,7.215917861,7.748056837,516,5,3,3,11,454,10,6,3,19,527,473,116,62,111,19
15,1000,60,5.13,10.3,18,37,23,938,32,12,18,62,7.930080541,121,158,17.04447798,11.22847437,7.740450593,8.120470529,473,15,7,6,28,465,17,5,12,34,501,499,116,42,93,28
16,1000,60,5.13,10.3,18,37,14,949,26,15,10,51,7.394562805,109,184,15.85609844,10.10255751,7.171545612,7.614040042,474,12,5,5,22,475,14,10,5,29,496,504,116,68,89,20
10,1000,60,5.13,10.3,18,37,28,956,23,10,11,44,7.941595178,127,185,18.56308773,11.7435358,8.016903408,7.874812408,445,14,7,4,25,511,9,3,7,19,470,530,143,42,100,27
11,1000,60,5.13,10.3,18,37,28,963,19,8,10,37,7.56914053,124,184,17.91762309,11.15668296,7.315918049,7.829553912,493,7,3,4,14,470,12,5,6,23,507,493,137,47,102,22
13,1000,60,5.13,10.3,18,37,26,949,28,12,11,51,7.629052857,122,188,17.90179057,11.57389401,7.596118973,7.662517933,481,10,7,6,23,468,18,5,5,28,504,496,137,51,101,21
12,1000,60,5.13,10.3,18,37,28,948,29,14,9,52,7.761797118,122,186,18.05975442,12.56486987,7.424539204,8.107247533,483,14,4,5,23,465,15,10,4,29,506,494,136,50,97,25
14,1000,60,5.13,10.3,18,37,25,945,20,13,22,55,7.662339712,126,191,17.67851466,11.91765769,7.247501738,8.075521645,475,12,5,7,24,470,8,8,15,31,499,501,136,55,99,27
9,1000,60,5.13,10.3,18,37,31,969,15,10,6,31,7.49120448,120,193,17.66774008,11.60706733,7.253969384,7.755523499,515,6,3,3,12,454,9,7,3,19,527,473,132,61,93,27
15,1000,60,5.13,10.3,18,37,24,937,33,12,18,63,7.969901661,108,175,17.15888958,11.3464872,7.766532422,8.174086007,473,15,7,6,28,464,18,5,12,35,501,499,114,61,79,29
10,1000,60,5.13,10.3,18,37,29,956,24,10,10,44,7.950578796,127,202,18.84397085,11.97729653,8.054846815,7.858114704,445,14,7,4,25,511,10,3,6,19,470,530,158,44,107,20
16,1000,60,5.13,10.3,18,37,15,949,26,15,10,51,7.455774706,105,161,15.94818553,10.15774278,7.256170743,7.652210352,474,12,5,5,22,475,14,10,5,29,496,504,105,56,79,26
11,1000,60,5.13,10.3,18,37,29,963,20,8,9,37,7.582199065,130,184,18.18916494,11.34503517,7.361629106,7.809032673,492,8,3,4,15,471,12,5,5,22,507,493,136,48,102,28
13,1000,60,5.13,10.3,18,37,27,949,28,12,11,51,7.667303723,119,182,18.15529077,11.74315891,7.667064083,7.667547229,481,10,7,6,23,468,18,5,5,28,504,496,125,57,95,24
12,1000,60,5.13,10.3,18,37,29,948,29,14,9,52,7.771880014,115,191,18.27626792,12.74517712,7.461173086,8.09013448,483,14,4,5,23,465,15,10,4,29,506,494,146,45,97,18
14,1000,60,5.13,10.3,18,37,26,945,19,15,21,55,7.656820169,132,170,17.92578324,12.10618077,7.298855559,8.013355777,475,11,6,7,24,470,8,9,14,31,499,501,118,52,106,26
9,1000,60,5.13,10.3,18,37,32,970,15,9,6,30,7.484222219,116,176,17.85707429,11.73979511,7.271374095,7.721370129,516,5,3,3,11,454,10,6,3,19,527,473,128,48,98,18
15,1000,60,5.13,10.3,18,37,25,935,35,12,18,65,7.988816621,124,197,17.31483709,11.47600808,7.789435614,8.188996749,472,16,7,6,29,463,19,5,12,36,501,499,141,56,99,25
10,1000,60,5.13,10.3,18,37,30,954,26,10,10,46,8.005173893,138,192,19.04605583,12.14329098,8.104640552,7.91696761,445,14,7,4,25,509,12,3,6,21,470,530,159,33,117,21
16,1000,60,5.13,10.3,18,37,16,951,25,14,10,49,7.483931313,107,157,16.04644809,10.24941472,7.257448328,7.706819329,476,11,4,5,20,475,14,10,5,29,496,504,108,49,79,28
11,1000,60,5.13,10.3,18,37,30,962,21,8,9,38,7.589243344,117,208,18.49213938,11.53024654,7.390409164,7.793723931,491,9,3,4,16,471,12,5,5,22,507,493,157,51,87,30
13,1000,60,5.13,10.3,18,37,28,949,28,12,11,51,7.704788545,125,204,18.36179687,11.90475275,7.701010329,7.7086277,481,10,7,6,23,468,18,5,5,28,504,496,149,55,103,22
12,1000,60,5.13,10.3,18,37,30,950,28,13,9,50,7.761427274,139,192,18.5061556,12.97564383,7.460728552,8.069430418,483,14,4,5,23,467,14,9,4,27,506,494,138,54,108,31
14,1000,60,5.13,10.3,18,37,27,945,19,14,22,55,7.713916384,125,179,18.16459552,12.32934258,7.350369787,8.076011698,475,11,5,8,24,470,8,9,14,31,499,501,134,45,104,21
9,1000,60,5.13,10.3,18,37,33,970,15,9,6,30,7.509624582,128,181,18.18426358,11.97413085,7.314947929,7.726526476,516,5,3,3,11,454,10,6,3,19,527,473,132,49,112,16
15,1000,60,5.13,10.3,18,37,26,937,34,11,18,63,7.972353076,121,173,17.43936655,11.59587439,7.775537408,8.169957585,473,15,7,6,28,464,19,4,12,35,501,499,117,56,96,25
10,1000,60,5.13,10.3,18,37,31,955,26,10,9,45,8.004817256,121,201,19.31039542,12.32587476,8.145793293,7.87980077,445,14,7,4,25,510,12,3,5,20,470,530,151,50,103,18
11,1000,60,5.13,10.3,18,37,31,962,21,8,9,38,7.609605461,117,197,18.80734458,11.75735046,7.444390121,7.779512514,491,9,3,4,16,471,12,5,5,22,507,493,153,44,93,24
13,1000,60,5.13,10.3,18,37,29,948,29,12,11,52,7.736872039,111,184,18.66720233,12.14193511,7.751790254,7.721713207,481,10,7,6,23,467,19,5,5,29,504,496,138,46,91,20
16,1000,60,5.13,10.3,18,37,17,953,24,13,10,47,7.475805814,119,179,16.1745114,10.36937246,7.294059247,7.654667514,476,11,4,5,20,477,13,9,5,27,496,504,107,72,89,30
12,1000,60,5.13,10.3,18,37,31,951,27,13,9,49,7.814885084,116,198,18.73659548,13.24066785,7.50390513,8.133419208,484,13,4,5,22,467,14,9,4,27,506,494,149,49,91,25
14,1000,60,5.13,10.3,18,37,28,946,21,13,20,54,7.737886764,131,191,18.45107534,12.61805263,7.448257372,8.026359951,474,12,5,8,25,472,9,8,12,29,499,501,148,43,101,30
9,1000,60,5.13,10.3,18,37,34,969,16,9,6,31,7.518522607,131,186,18.3695809,12.12332874,7.334868963,7.723143053,516,5,3,3,11,453,11,6,3,20,527,473,133,53,108,23
15,1000,60,5.13,10.3,18,37,27,940,32,11,17,60,7.94804242,115,186,17.59701953,11.73613859,7.797071036,8.099618899,473,15,7,6,28,467,17,4,11,32,501,499,128,58,90,25
10,1000,60,5.13,10.3,18,37,32,956,25,10,9,44,8.012546751,139,198,19.623752,12.56185065,8.182443662,7.861883452,445,14,7,4,25,511,11,3,5,19,470,530,159,39,116,23
11,1000,60,5.13,10.3,18,37,32,960,23,7,10,40,7.627293098,109,197,19.06448923,11.92421964,7.468932029,7.790151235,491,9,3,4,16,469,14,4,6,24,507,493,148,49,92,17
13,1000,60,5.13,10.3,18,37,30,949,28,12,11,51,7.74389256,113,182,19.16054194,12.45374882,7.804623824,7.68218176,481,10,7,6,23,468,18,5,5,28,504,496,141,41,97,16
12,1000,60,5.13,10.3,18,37,32,953,27,11,9,47,7.811695531,134,193,19.05693283,13.56616542,7.529143048,8.101111638,484,13,4,5,22,469,14,7,4,25,506,494,143,50,107,27
14,1000,60,5.13,10.3,18,37,29,947,21,13,19,53,7.700686769,144,199,18.70488048,12.86189766,7.452890664,7.947493668,474,12,5,8,25,473,9,8,11,28,499,501,151,48,123,21
16,1000,60,5.13,10.3,18,37,18,952,25,13,10,48,7.500411955,132,192,16.33919994,10.51595745,7.356091964,7.642441153,476,11,4,5,20,476,14,9,5,28,496,504,126,66,104,28
9,1000,60,5.13,10.3,18,37,35,970,16,9,5,30,7.556803733,131,202,18.63663314,12.32190687,7.430445794,7.697587314,516,5,3,3,11,454,11,6,2,19,527,473,146,56,109,22
15,1000,60,5.13,10.3,18,37,28,941,31,11,17,59,7.967908488,109,186,17.76970817,11.87119504,7.84746311,8.088836613,473,15,7,6,28,468,16,4,11,31,501,499,134,52,86,23
10,1000,60,5.13,10.3,18,37,33,958,26,7,9,42,8.040910262,140,184,19.89961973,12.78916616,8.20955337,7.891358827,446,15,5,4,24,512,11,2,5,18,470,530,145,39,115,25
11,1000,60,5.13,10.3,18,37,33,961,23,7,9,39,7.653921722,137,173,19.45397183,12.18771275,7.514498399,7.797304328,491,9,3,4,16,470,14,4,5,23,507,493,134,39,113,24
13,1000,60,5.13,10.3,18,37,31,951,28,11,10,49,7.709930968,135,204,19.59554882,12.72464511,7.776494133,7.642294202,481,11,7,5,23,470,17,4,5,26,504,496,151,53,106,29
12,1000,60,5.13,10.3,18,37,33,953,27,11,9,47,7.803592841,130,200,19.32521778,13.77322559,7.514437488,8.09977221,484,13,4,5,22,469,14,7,4,25,506,494,152,48,107,23
14,1000,60,5.13,10.3,18,37,30,948,20,13,19,52,7.690569155,141,194,19.00915946,13.13233524,7.48750331,7.892824358,474,12,5,8,25,474,8,8,11,27,499,501,146,48,113,28
9,1000,60,5.13,10.3,18,37,36,971,15,9,5,29,7.541605597,137,193,19.02542478,12.56806907,7.425823735,7.670605684,516,5,3,3,11,455,10,6,2,18,527,473,151,42,115,22
16,1000,60,5.13,10.3,18,37,19,951,26,13,10,49,7.532697348,99,158,16.45234494,10.61351577,7.368795548,7.693997533,476,11,4,5,20,475,15,9,5,29,496,504,112,46,76,23
15,1000,60,5.13,10.3,18,37,29,941,33,11,15,59,7.96446896,114,186,17.98053694,12.05214997,7.87762058,8.051665431,472,17,7,5,29,469,16,4,10,30,501,499,132,54,92,22
10,1000,60,5.13,10.3,18,37,34,959,25,8,8,41,8.085438639,130,207,20.20995058,13.03101446,8.286337025,7.907283466,446,14,6,4,24,513,11,2,4,17,470,530,159,48,118,12
11,1000,60,5.13,10.3,18,37,34,964,22,5,9,36,7.657330335,135,203,19.80658818,12.40307352,7.564958786,7.752325011,491,9,3,4,16,473,13,2,5,20,507,493,167,36,114,21
13,1000,60,5.13,10.3,18,37,32,952,27,10,11,48,7.737244315,133,184,19.98676295,12.9605244,7.766631322,7.707383324,482,10,7,5,22,470,17,3,6,26,504,496,138,46,110,23
12,1000,60,5.13,10.3,18,37,34,954,28,9,9,46,7.78522476,141,203,19.55881858,13.99629944,7.55889464,8.017052777,483,15,3,5,23,471,13,6,4,23,506,494,157,46,120,21
14,1000,60,5.13,10.3,18,37,31,949,19,14,18,51,7.706812636,132,199,19.29330266,13.37517861,7.49675552,7.9160312,474,12,6,7,25,475,7,8,11,26,499,501,152,47,113,19
9,1000,60,5.13,10.3,18,37,37,969,18,8,5,31,7.578926375,128,199,19.42843283,12.8570242,7.470940511,7.699240434,514,7,3,3,13,455,11,5,2,18,527,473,147,52,108,20
16,1000,60,5.13,10.3,18,37,20,952,26,12,10,48,7.527673672,132,155,16.62290571,10.76180619,7.423316547,7.630374335,475,12,4,5,21,477,14,8,5,27,496,504,101,54,111,21
15,1000,60,5.13,10.3,18,37,30,941,33,11,15,59,7.94145745,134,214,18.26931399,12.27325474,7.916642583,7.966371775,471,18,7,5,30,470,15,4,10,29,501,499,164,50,110,24
10,1000,60,5.13,10.3,18,37,35,959,25,8,8,41,8.081228498,143,200,20.49897936,13.2664004,8.318982322,7.870390202,445,15,6,4,25,514,10,2,4,16,470,530,161,39,122,21
11,1000,60,5.13,10.3,18,37,35,963,22,6,9,37,7.682523436,133,207,20.14532678,12.63862949,7.58501078,7.782805213,491,9,3,4,16,472,13,3,5,21,507,493,154,53,108,25
13,1000,60,5.13,10.3,18,37,33,951,28,10,11,49,7.756619229,143,194,20.59752019,13.30074048,7.812981922,7.69934746,481,11,7,5,23,470,17,3,6,26,504,496,141,53,122,21
12,1000,60,5.13,10.3,18,37,35,955,29,9,7,45,7.733454263,141,196,19.76487836,14.18515563,7.532235419,7.939561015,483,15,4,4,23,472,14,5,3,22,506,494,154,42,118,23
9,1000,60,5.13,10.3,18,37,38,970,18,7,5,30,7.576070533,124,194,19.87303504,13.20292681,7.446858917,7.720033581,515,7,2,3,12,455,11,5,2,18,527,473,154,40,99,25
14,1000,60,5.13,10.3,18,37,32,950,20,14,16,50,7.700317361,149,191,19.66301532,13.65716443,7.523926084,7.876004482,474,12,6,7,25,476,8,8,9,25,499,501,150,41,120,29
15,1000,60,5.13,10.3,18,37,31,943,31,10,16,57,7.952789043,117,187,18.4976783,12.42773427,7.952230239,7.953350087,471,18,7,5,30,472,13,3,11,27,501,499,141,46,99,18
16,1000,60,5.13,10.3,18,37,21,951,26,13,10,49,7.523759714,108,191,16.74788516,10.8721938,7.45736771,7.589097876,474,12,5,5,22,477,14,8,5,27,496,504,135,56,82,26
10,1000,60,5.13,10.3,18,37,36,957,27,8,8,43,8.099392665,131,220,20.73366575,13.44807776,8.389889381,7.841782369,443,17,6,4,27,514,10,2,4,16,470,530,170,50,118,13
11,1000,60,5.13,10.3,18,37,36,962,23,6,9,38,7.698479482,121,209,20.6536173,12.9692423,7.64448147,7.754010905,490,10,3,4,17,472,13,3,5,21,507,493,174,35,102,19
13,1000,60,5.13,10.3,18,37,34,952,27,10,11,48,7.799730456,132,207,21.00547006,13.52952725,7.909545541,7.68814416,481,11,7,5,23,471,16,3,6,25,504,496,166,41,114,18
12,1000,60,5.13,10.3,18,37,36,956,29,8,7,44,7.721578758,151,195,20.08300134,14.50118693,7.577046177,7.869622251,483,15,4,4,23,473,14,4,3,21,506,494,146,49,123,28
9,1000,60,5.13,10.3,18,37,39,970,19,6,5,30,7.588112971,147,190,20.35595719,13.54998851,7.443912217,7.74877639,515,7,2,3,12,455,12,4,2,18,527,473,147,43,118,29
14,1000,60,5.13,10.3,18,37,33,951,20,14,15,49,7.715864716,125,198,19.92443369,13.86624319,7.601147714,7.830123766,474,12,6,7,25,477,8,8,8,24,499,501,154,44,106,19
15,1000,60,5.13,10.3,18,37,32,944,29,11,16,56,7.988921624,124,201,18.7137607,12.56843741,8.045758364,7.931857082,471,18,7,5,30,473,11,4,11,26,501,499,150,51,100,24
16,1000,60,5.13,10.3,18,37,22,949,28,13,10,51,7.549284555,104,176,16.87184815,10.99718544,7.468034878,7.629244554,473,13,5,5,23,476,15,8,5,28,496,504,129,47,78,26
10,1000,60,5.13,10.3,18,37,37,958,26,8,8,42,8.098910476,147,221,21.06722325,13.67232848,8.439221092,7.797125591,443,17,6,4,27,515,9,2,4,15,470,530,175,46,130,17
11,1000,60,5.13,10.3,18,37,37,962,22,6,10,38,7.738561907,114,219,21.0817732,13.25386955,7.672607443,7.806389317,490,10,3,4,17,472,12,3,6,21,507,493,171,48,96,18
12,1000,60,5.13,10.3,18,37,37,957,29,7,7,43,7.687266322,159,196,20.45595703,14.83191234,7.5846534,7.792371865,482,16,4,4,24,475,13,3,3,19,506,494,168,28,140,19
13,1000,60,5.13,10.3,18,37,35,953,25,11,11,47,7.832223116,147,202,21.36525065,13.76256578,7.942163879,7.720509115,481,11,7,5,23,472,14,4,6,24,504,496,156,46,121,26
9,1000,60,5.13,10.3,18,37,40,970,20,6,4,30,7.587080948,140,225,20.8558664,13.90645547,7.491631215,7.693427692,514,8,2,3,13,456,12,4,1,17,527,473,186,39,119,21
14,1000,60,5.13,10.3,18,37,34,950,21,13,16,50,7.737161988,136,192,20.42704581,14.23360769,7.677788307,7.796298648,474,12,5,8,25,476,9,8,8,25,499,501,155,37,105,31
15,1000,60,5.13,10.3,18,37,33,946,27,11,16,54,8.065922555,149,193,19.00017763,12.81979815,8.096272315,8.035451152,472,17,7,5,29,474,10,4,11,25,501,499,156,37,119,30
16,1000,60,5.13,10.3,18,37,23,950,28,12,10,50,7.569703721,107,182,17.00754968,11.12171625,7.514752572,7.62378263,473,13,5,5,23,477,15,7,5,27,496,504,131,51,81,26
11,1000,60,5.13,10.3,18,37,38,962,22,6,10,38,7.782875304,136,190,21.69145006,13.64889063,7.717572848,7.85003219,489,11,3,4,18,473,11,3,6,20,507,493,159,31,115,21
10,1000,60,5.13,10.3,18,37,38,958,26,8,8,42,8.07796929,149,230,21.43669959,13.96395603,8.505486191,7.698850528,443,17,6,4,27,515,9,2,4,15,470,530,192,38,133,16
12,1000,60,5.13,10.3,18,37,38,957,29,7,7,43,7.666498236,150,196,21.00554416,15.32827767,7.602872081,7.731669965,482,16,4,4,24,475,13,3,3,19,506,494,163,33,134,16
13,1000,60,5.13,10.3,18,37,36,952,26,11,11,48,7.852324751,151,201,21.7921045,14.0297603,8.007914752,7.694225234,479,13,7,5,25,473,13,4,6,23,504,496,157,44,134,17
9,1000,60,5.13,10.3,18,37,41,970,19,6,5,30,7.605645004,145,216,21.334745,14.21309602,7.544319657,7.673971554,514,7,2,4,13,456,12,4,1,17,527,473,174,42,124,21
14,1000,60,5.13,10.3,18,37,35,952,19,12,17,48,7.723073176,145,214,20.88081394,14.57591353,7.688086472,7.757920212,474,12,5,8,25,478,7,7,9,23,499,501,176,38,120,25
15,1000,60,5.13,10.3,18,37,34,945,28,11,16,55,8.085134311,139,193,19.32278162,13.08755211,8.158967293,8.011005404,471,18,7,5,30,474,10,4,11,25,501,499,144,49,110,29
11,1000,60,5.13,10.3,18,37,39,961,23,6,10,39,7.816268393,137,218,22.26176526,13.99980425,7.755002428,7.879274163,489,11,3,4,18,472,12,3,6,21,507,493,175,43,122,15
10,1000,60,5.13,10.3,18,37,39,959,26,7,8,41,8.06044752,150,194,21.70023764,14.15484511,8.524875359,7.648596417,443,17,6,4,27,516,9,1,4,14,470,530,152,42,129,21
12,1000,60,5.13,10.3,18,37,39,958,28,7,7,42,7.655614903,152,226,21.35653973,15.68675628,7.633511721,7.678255004,482,16,4,4,24,476,12,3,3,18,506,494,169,57,134,18
16,1000,60,5.13,10.3,18,37,24,950,27,13,10,50,7.595890513,108,192,17.26805545,11.37531479,7.55802253,7.633157416,473,12,6,5,23,477,15,7,5,27,496,504,138,54,81,27
13,1000,60,5.13,10.3,18,37,37,953,25,11,11,47,7.870280805,135,206,22.23361673,14.37432345,8.060724933,7.676764998,479,13,7,5,25,474,12,4,6,22,504,496,160,46,121,14
9,1000,60,5.13,10.3,18,37,42,970,19,6,5,30,7.603374633,150,208,21.86615328,14.57299298,7.573565743,7.636586653,514,7,2,4,13,456,12,4,1,17,527,473,176,32,137,13
14,1000,60,5.13,10.3,18,37,36,951,20,12,17,49,7.728834305,145,214,21.36490752,14.94908473,7.739678146,7.718033753,473,13,5,8,26,478,7,7,9,23,499,501,169,45,117,28
15,1000,60,5.13,10.3,18,37,35,946,27,12,15,54,8.118403264,119,197,19.60788095,13.36848441,8.228989641,8.007373655,471,17,8,5,30,475,10,4,10,24,501,499,158,39,107,12
11,1000,60,5.13,10.3,18,37,40,963,21,6,10,37,7.798507031,130,215,22.69842746,14.28645145,7.775469884,7.822198376,489,11,3,4,18,474,10,3,6,19,507,493,175,40,117,13
12,1000,60,5.13,10.3,18,37,40,958,28,7,7,42,7.683782486,151,206,21.76394126,16.03138668,7.696776457,7.670472873,482,16,4,4,24,476,12,3,3,18,506,494,167,39,128,23
10,1000,60,5.13,10.3,18,37,40,959,27,7,7,41,8.059973011,155,205,22.09997385,14.44299788,8.5372268,7.636747953,443,17,6,4,27,516,10,1,3,14,470,530,178,27,132,23
13,1000,60,5.13,10.3,18,37,38,953,25,10,12,47,7.904969024,145,216,22.7664122,14.68280354,8.133250986,7.673005096,479,13,6,6,25,474,12,4,6,22,504,496,169,47,125,20
9,1000,60,5.13,10.3,18,37,43,968,21,6,5,32,7.633009874,147,220,22.28006612,14.86029136,7.60865563,7.660144518,513,8,2,4,14,455,13,4,1,18,527,473,172,48,127,20
16,1000,60,5.13,10.3,18,37,25,951,27,12,10,49,7.592488522,113,171,17.41772306,11.52296335,7.589588787,7.595342231,473,12,6,5,23,478,15,6,5,26,496,504,125,46,87,26
14,1000,60,5.13,10.3,18,37,37,953,19,12,16,47,7.711157085,154,208,21.71354128,15.28616701,7.751845226,7.670631371,474,12,5,8,25,479,7,7,8,22,499,501,175,33,127,27
15,1000,60,5.13,10.3,18,37,36,947,26,11,16,53,8.095402376,146,236,19.88343372,13.6099622,8.243447777,7.946763606,471,17,8,5,30,476,9,3,11,23,501,499,179,57,124,22
11,1000,60,5.13,10.3,18,37,41,964,20,6,10,36,7.799109387,137,217,23.2087756,14.60891782,7.799481557,7.798726649,489,11,3,4,18,475,9,3,6,18,507,493,174,43,123,14
12,1000,60,5.13,10.3,18,37,41,961,25,7,7,39,7.657253788,154,224,22.12471433,16.31988169,7.725427781,7.587423746,482,16,4,4,24,479,9,3,3,15,506,494,182,42,141,13
10,1000,60,5.13,10.3,18,37,41,959,26,8,7,41,8.059578634,155,218,22.42817337,14.68161448,8.576282588,7.601369468,443,16,7,4,27,516,10,1,3,14,470,530,184,34,137,18
13,1000,60,5.13,10.3,18,37,39,952,26,9,13,48,7.890550401,148,219,23.31002378,15.05502504,8.167111658,7.609528479,479,13,5,7,25,473,13,4,6,23,504,496,168,51,127,21
9,1000,60,5.13,10.3,18,37,44,968,21,6,5,32,7.650317356,139,200,22.68369703,15.130035,7.654763563,7.645363548,513,8,2,4,14,455,13,4,1,18,527,473,168,32,119,20
14,1000,60,5.13,10.3,18,37,38,952,20,12,16,48,7.754464733,150,228,22.12056676,15.64164303,7.789587827,7.71948185,473,13,5,8,26,479,7,7,8,22,499,501,183,45,137,13
16,1000,60,5.13,10.3,18,37,26,951,26,13,10,49,7.622118948,111,190,17.6290873,11.67995151,7.589387592,7.654330758,473,12,6,5,23,478,14,7,5,26,496,504,136,54,92,19
15,1000,60,5.13,10.3,18,37,37,949,23,12,16,51,8.089878119,148,202,20.09310552,13.77491799,8.301814462,7.877092332,471,16,9,5,30,478,7,3,11,21,501,499,147,55,129,19
11,1000,60,5.13,10.3,18,37,42,966,19,6,9,34,7.736197281,148,222,23.80936604,15.05741894,7.794337669,7.676405847,489,11,3,4,18,477,8,3,5,16,507,493,183,39,125,23
12,1000,60,5.13,10.3,18,37,42,960,26,6,8,40,7.700887967,151,225,22.52422783,16.69546625,7.76830409,7.631834205,482,16,3,5,24,478,10,3,3,16,506,494,189,36,130,21
13,1000,60,5.13,10.3,18,37,40,951,27,9,13,49,7.923704247,158,220,24.06278238,15.56713186,8.238898267,7.603426453,478,14,5,7,26,473,13,4,6,23,504,496,177,43,138,20
10,1000,60,5.13,10.3,18,37,42,963,22,8,7,37,8.010093983,134,229,22.80175336,14.93545507,8.583127089,7.501932549,443,16,6,5,27,520,6,2,2,10,470,530,191,38,118,16
9,1000,60,5.13,10.3,18,37,45,968,21,6,5,32,7.671511539,152,207,23.32696278,15.56036763,7.691141112,7.649640957,513,8,2,4,14,455,13,4,1,18,527,473,164,43,137,15
14,1000,60,5.13,10.3,18,37,39,953,21,10,16,47,7.79991643,145,189,22.55913459,16.00479893,7.854756862,7.745294922,474,13,4,8,25,479,8,6,8,22,499,501,151,38,129,16
16,1000,60,5.13,10.3,18,37,27,951,26,13,10,49,7.618373384,119,179,17.89032378,11.9034275,7.586500352,7.649740495,473,12,6,5,23,478,14,7,5,26,496,504,132,47,98,21
15,1000,60,5.13,10.3,18,37,38,950,22,12,16,50,8.094200244,135,216,20.35000358,13.97789969,8.29450635,7.893091309,472,15,9,5,29,478,7,3,11,21,501,499,177,39,119,16
11,1000,60,5.13,10.3,18,37,43,965,20,6,9,35,7.760843367,138,219,24.411267,15.47661443,7.847268046,7.671964436,489,11,3,4,18,476,9,3,5,17,507,493,171,48,125,13
12,1000,60,5.13,10.3,18,37,43,959,27,6,8,41,7.710233156,163,208,22.9485216,17.05494448,7.81046969,7.607561727,481,17,3,5,25,478,10,3,3,16,506,494,168,40,139,24
13,1000,60,5.13,10.3,18,37,41,952,27,9,12,48,7.862974262,161,205,24.66099801,15.95037312,8.249945181,7.469761877,478,14,5,7,26,474,13,4,5,22,504,496,168,37,136,25
9,1000,60,5.13,10.3,18,37,46,968,21,6,5,32,7.705407018,161,213,23.86279765,15.95486164,7.743203832,7.663295135,513,8,2,4,14,455,13,4,1,18,527,473,179,34,140,21
10,1000,60,5.13,10.3,18,37,43,963,22,8,7,37,8.008645336,136,218,23.13120114,15.1883961,8.593327796,7.490153343,443,16,6,5,27,520,6,2,2,10,470,530,185,33,121,15
14,1000,60,5.13,10.3,18,37,40,954,20,10,16,46,7.812490108,149,206,23.13610049,16.48695628,7.902639492,7.722700603,474,13,4,8,25,480,7,6,8,21,499,501,168,38,129,20
16,1000,60,5.13,10.3,18,37,28,953,25,13,9,47,7.573419824,114,177,18.03898674,12.04215926,7.569247474,7.577525947,474,12,5,5,22,479,13,8,4,25,496,504,129,48,93,21
15,1000,60,5.13,10.3,18,37,39,945,25,14,16,55,8.135146938,143,197,20.6884601,14.24923589,8.369522572,7.899831922,470,16,10,5,31,475,9,4,11,24,501,499,163,34,127,16
11,1000,60,5.13,10.3,18,37,44,965,20,6,9,35,7.780597378,158,202,24.86810206,15.80915928,7.900173679,7.657625401,489,11,3,4,18,476,9,3,5,17,507,493,169,33,131,27
12,1000,60,5.13,10.3,18,37,44,959,26,7,8,41,7.712349906,155,220,23.40121456,17.4280888,7.85912067,7.562013861,481,16,4,5,25,478,10,3,3,16,506,494,193,27,133,22
9,1000,60,5.13,10.3,18,37,47,968,21,6,5,32,7.725637422,174,238,24.47189238,16.40800863,7.765942437,7.680730989,513,8,2,4,14,455,13,4,1,18,527,473,197,41,154,20
13,1000,60,5.13,10.3,18,37,42,952,27,9,12,48,7.892149484,171,233,25.31678019,16.41101342,8.257929559,7.52046973,479,13,5,7,25,473,14,4,5,23,504,496,196,37,158,13
10,1000,60,5.13,10.3,18,37,44,963,23,7,7,37,8.058244788,180,211,23.65165017,15.59933048,8.672560875,7.513473919,444,16,5,5,26,519,7,2,2,11,470,530,173,38,157,23
14,1000,60,5.13,10.3,18,37,41,954,20,10,16,46,7.853882951,130,204,23.48441595,16.79485674,7.978609213,7.729654598,474,13,4,8,25,480,7,6,8,21,499,501,166,38,109,21
15,1000,60,5.13,10.3,18,37,40,944,25,15,16,56,8.162220604,158,206,20.9544525,14.46313075,8.417579524,7.905838201,469,16,11,5,32,475,9,4,11,24,501,499,155,51,139,19
16,1000,60,5.13,10.3,18,37,29,955,24,12,9,45,7.555310946,111,195,18.28119667,12.25221419,7.563213389,7.54753394,475,11,5,5,21,480,13,7,4,24,496,504,132,63,92,19
11,1000,60,5.13,10.3,18,37,45,964,22,5,9,36,7.780652013,159,223,25.44668898,16.21022712,7.904276471,7.653516922,489,12,2,4,18,475,10,3,5,18,507,493,182,41,132,27
12,1000,60,5.13,10.3,18,37,45,961,24,7,8,39,7.693943616,171,234,24.01979481,17.97526782,7.895983388,7.486995997,481,16,4,5,25,480,8,3,3,14,506,494,206,28,150,21
9,1000,60,5.13,10.3,18,37,48,969,20,6,5,31,7.712964053,170,232,25.02088464,16.84408655,7.759462069,7.661157597,513,8,2,4,14,456,12,4,1,17,527,473,194,38,151,19
13,1000,60,5.13,10.3,18,37,43,953,27,8,12,47,7.882539052,151,232,26.45564548,17.21963556,8.318976384,7.439062408,478,14,5,7,26,475,13,3,5,21,504,496,187,45,133,18
10,1000,60,5.13,10.3,18,37,45,963,23,7,7,37,8.067862206,159,221,24.06886029,15.89346744,8.711182537,7.497370591,444,16,5,5,26,519,7,2,2,11,470,530,190,31,144,15
14,1000,60,5.13,10.3,18,37,42,955,23,9,13,45,7.869846655,150,225,23.93144224,17.17858982,8.065047932,7.675424624,472,16,4,7,27,483,7,5,6,18,499,501,186,39,135,15
15,1000,60,5.13,10.3,18,37,41,945,24,15,16,55,8.180003482,156,227,21.28752078,14.77957235,8.460135382,7.898748809,469,16,11,5,32,476,8,4,11,23,501,499,192,35,135,21
11,1000,60,5.13,10.3,18,37,46,964,22,5,9,36,7.759979812,150,243,26.08080726,16.62458838,7.934694338,7.580303819,489,12,2,4,18,475,10,3,5,18,507,493,212,31,128,22
12,1000,60,5.13,10.3,18,37,46,961,23,8,8,39,7.703064416,167,256,24.62279277,18.49965391,7.920317416,7.480534016,481,15,5,5,25,480,8,3,3,14,506,494,215,41,150,17
16,1000,60,5.13,10.3,18,37,30,954,24,13,9,46,7.622407052,118,212,18.47826222,12.42679788,7.646678522,7.598520843,474,12,5,5,22,480,12,8,4,24,496,504,166,46,96,22
9,1000,60,5.13,10.3,18,37,49,968,20,6,6,32,7.718444441,171,243,25.65927144,17.34716306,7.805421992,7.621537106,512,8,2,5,15,456,12,4,1,17,527,473,208,35,153,18
13,1000,60,5.13,10.3,18,37,44,953,27,9,11,47,7.872497905,166,239,27.70507159,18.07827469,8.316685677,7.421145815,478,14,5,7,26,475,13,4,4,21,504,496,194,45,137,29
10,1000,60,5.13,10.3,18,37,46,961,24,8,7,39,8.05042447,167,257,24.48973607,16.21470038,8.755222373,7.42541501,442,17,6,5,28,519,7,2,2,11,470,530,224,33,149,18
14,1000,60,5.13,10.3,18,37,43,955,23,10,12,45,7.863186295,165,228,24.34556697,17.5394017,8.103686279,7.623646391,472,16,4,7,27,483,7,6,5,18,499,501,182,46,148,17
15,1000,60,5.13,10.3,18,37,42,946,23,15,16,54,8.193171141,168,226,21.63550907,15.07764368,8.456979672,7.928305261,470,15,11,5,31,476,8,4,11,23,501,499,188,38,143,25
11,1000,60,5.13,10.3,18,37,47,964,23,5,8,36,7.777077262,167,222,27.00620798,17.18195885,7.955361878,7.593729797,489,13,2,3,18,475,10,3,5,18,507,493,191,31,151,16
12,1000,60,5.13,10.3,18,37,47,961,22,9,8,39,7.673460666,183,244,25.21097833,19.04007867,7.934296475,7.406288765,481,14,6,5,25,480,8,3,3,14,506,494,204,40,165,18
9,1000,60,5.13,10.3,18,37,50,968,20,6,6,32,7.751971496,162,239,26.26293503,17.84912249,7.87815035,7.611387445,512,8,2,5,15,456,12,4,1,17,527,473,200,39,145,17
16,1000,60,5.13,10.3,18,37,31,955,22,14,9,45,7.610682551,127,197,18.7751229,12.6421461,7.648663518,7.573304456,474,12,5,5,22,481,10,9,4,23,496,504,146,51,111,16
13,1000,60,5.13,10.3,18,37,45,953,27,9,11,47,7.896319201,151,253,29.12362432,19.06481881,8.36308796,7.422021912,477,15,5,7,27,476,12,4,4,20,504,496,207,46,137,14
14,1000,60,5.13,10.3,18,37,44,955,23,10,12,45,7.887680223,172,225,25.09576738,18.14740437,8.163153763,7.613306378,472,16,4,7,27,483,7,6,5,18,499,501,186,39,160,12
10,1000,60,5.13,10.3,18,37,47,960,24,9,7,40,8.051028815,172,277,24.8879768,16.50062718,8.769196167,7.414163428,442,16,7,5,28,518,8,2,2,12,470,530,226,51,156,16
15,1000,60,5.13,10.3,18,37,43,947,22,14,17,53,8.212557333,139,219,21.91027916,15.31645838,8.475587194,7.948473245,471,14,10,6,30,476,8,4,11,23,501,499,175,44,117,22
11,1000,60,5.13,10.3,18,37,48,965,22,5,8,35,7.773517807,177,214,27.75461954,17.67639713,7.980961144,7.560183585,490,12,2,3,17,475,10,3,5,18,507,493,176,38,157,20
12,1000,60,5.13,10.3,18,37,48,962,22,8,8,38,7.645706347,181,237,25.83560347,19.55323796,7.971030438,7.312479648,480,15,6,5,26,482,7,2,3,12,506,494,212,25,160,21
9,1000,60,5.13,10.3,18,37,51,968,20,6,6,32,7.73743114,156,246,26.85353985,18.2532119,7.935918055,7.516283985,512,8,2,5,15,456,12,4,1,17,527,473,202,44,143,13
13,1000,60,5.13,10.3,18,37,46,953,27,9,11,47,7.926150567,176,218,31.22492877,20.37562366,8.41794298,7.426426018,477,15,5,7,27,476,12,4,4,20,504,496,182,36,157,19
14,1000,60,5.13,10.3,18,37,45,957,22,9,12,43,7.891806587,177,220,25.67927824,18.56624976,8.198861948,7.585976995,473,16,3,7,26,484,6,6,5,17,499,501,187,33,153,24
16,1000,60,5.13,10.3,18,37,32,955,23,13,9,45,7.616564315,137,199,19.10133603,12.87427499,7.674085837,7.559955833,473,13,5,5,23,482,10,8,4,22,496,504,147,52,117,20
10,1000,60,5.13,10.3,18,37,48,960,25,8,7,40,8.029412467,192,245,25.41149841,16.84265215,8.762791753,7.37905725,442,16,7,5,28,518,9,1,2,12,470,530,212,33,175,17
15,1000,60,5.13,10.3,18,37,44,948,24,13,15,52,8.148528733,155,219,22.31839387,15.61820751,8.489891655,7.805797623,471,14,10,6,30,477,10,3,9,22,501,499,178,41,134,21
11,1000,60,5.13,10.3,18,37,49,965,22,5,8,35,7.76178543,161,249,28.31421796,18.04814317,8.022901365,7.493254438,490,12,2,3,17,475,10,3,5,18,507,493,209,40,143,18
12,1000,60,5.13,10.3,18,37,49,961,22,9,8,39,7.620823236,180,243,26.54912126,20.13798109,7.994442658,7.238128038,480,15,6,5,26,481,7,3,3,13,506,494,206,37,164,16
9,1000,60,5.13,10.3,18,37,52,966,22,6,6,34,7.744927123,164,235,27.58217716,18.75679933,8.006196502,7.453829949,510,10,2,5,17,456,12,4,1,17,527,473,197,38,145,19
13,1000,60,5.13,10.3,18,37,47,952,28,9,11,48,7.929892594,168,247,32.14902819,21.03465768,8.450408739,7.400981028,477,15,5,7,27,475,13,4,4,21,504,496,206,41,151,17
14,1000,60,5.13,10.3,18,37,46,957,22,9,12,43,7.87712344,178,243,26.3554391,19.05834689,8.211188271,7.544392201,473,16,3,7,26,484,6,6,5,17,499,501,200,43,157,21
10,1000,60,5.13,10.3,18,37,49,958,28,8,6,42,8.05083468,177,247,25.82559839,17.12966504,8.849150594,7.342894153,442,16,7,5,28,516,12,1,1,14,470,530,226,21,160,17
16,1000,60,5.13,10.3,18,37,33,955,23,13,9,45,7.61848409,128,217,19.45392395,13.22313168,7.681229776,7.556734367,473,13,5,5,23,482,10,8,4,22,496,504,172,45,106,22
15,1000,60,5.13,10.3,18,37,45,949,23,14,14,51,8.141368238,144,233,22.74906504,15.97333521,8.51496497,7.766274124,471,13,11,6,30,478,10,3,8,21,501,499,198,35,123,21
12,1000,60,5.13,10.3,18,37,50,960,23,9,8,40,7.616201402,174,260,27.30395619,20.85258797,8.045584481,7.176387965,479,16,6,5,27,481,7,3,3,13,506,494,226,34,154,20
11,1000,60,5.13,10.3,18,37,50,965,23,5,7,35,7.745427636,171,268,29.04174662,18.52342406,8.04047694,7.441999651,490,12,2,3,17,475,11,3,4,18,507,493,232,36,160,11
9,1000,60,5.13,10.3,18,37,53,966,22,6,6,34,7.750854358,178,257,28.13803767,19.12966937,8.043478203,7.424823138,510,10,2,5,17,456,12,4,1,17,527,473,217,40,159,19
13,1000,60,5.13,10.3,18,37,48,953,28,9,10,47,7.92499635,176,273,33.98038839,22.25042818,8.468394659,7.372833553,477,16,5,6,27,476,12,4,4,20,504,496,227,46,156,20
14,1000,60,5.13,10.3,18,37,47,958,23,6,13,42,7.865759248,178,220,27.25623741,19.74251574,8.23668799,7.496311259,472,17,3,7,27,486,6,3,6,15,499,501,182,38,160,18
10,1000,60,5.13,10.3,18,37,50,957,29,8,6,43,8.042269231,193,253,26.47044923,17.55852595,8.873551897,7.305094036,442,16,7,5,28,515,13,1,1,15,470,530,222,31,173,20
16,1000,60,5.13,10.3,18,37,34,956,23,12,9,44,7.636448144,138,211,19.77041266,13.50787313,7.733839485,7.540602698,473,13,5,5,23,483,10,7,4,21,496,504,169,42,114,24
15,1000,60,5.13,10.3,18,37,46,948,23,15,14,52,8.15135182,159,243,23.17759714,16.26973687,8.575698496,7.725304354,470,13,12,6,31,478,10,3,8,21,501,499,201,42,139,20
12,1000,60,5.13,10.3,18,37,51,960,24,8,8,40,7.598856449,191,226,28.3873573,21.80438434,8.069300658,7.116984445,479,16,6,5,27,481,8,2,3,13,506,494,197,29,167,24
11,1000,60,5.13,10.3,18,37,51,964,24,5,7,36,7.723032142,157,246,29.67602299,18.96023642,8.104453878,7.330778956,488,14,2,3,19,476,10,3,4,17,507,493,216,30,147,10
9,1000,60,5.13,10.3,18,37,54,966,22,6,6,34,7.754726815,164,253,28.80675709,19.60337076,8.059880591,7.414735186,510,10,2,5,17,456,12,4,1,17,527,473,219,34,151,13
13,1000,60,5.13,10.3,18,37,49,953,28,9,10,47,7.915159679,163,255,35.95578781,23.56222793,8.517578256,7.303024674,477,16,5,6,27,476,12,4,4,20,504,496,219,36,151,12
14,1000,60,5.13,10.3,18,37,48,958,23,6,13,42,7.853931113,171,260,27.6828961,20.06571551,8.272445176,7.437087765,472,17,3,7,27,486,6,3,6,15,499,501,218,42,150,21
10,1000,60,5.13,10.3,18,37,51,955,29,10,6,45,8.10128873,181,257,27.09013503,18.01587926,8.963782553,7.336435716,440,18,7,5,30,515,11,3,1,15,470,530,225,32,165,16
16,1000,60,5.13,10.3,18,37,35,956,23,12,9,44,7.65695256,138,209,20.08067481,13.79328654,7.751308107,7.56409472,473,13,5,5,23,483,10,7,4,21,496,504,161,48,118,20
15,1000,60,5.13,10.3,18,37,47,947,24,15,14,53,8.160812942,155,239,23.6318621,16.63949242,8.61110032,7.708720805,470,13,12,6,31,477,11,3,8,22,501,499,190,49,138,17
11,1000,60,5.13,10.3,18,37,52,965,23,5,7,35,7.699301781,170,225,30.51974016,19.51969692,8.121936378,7.26466539,488,14,2,3,19,477,9,3,4,16,507,493,199,26,152,18
12,1000,60,5.13,10.3,18,37,52,960,24,8,8,40,7.630952704,186,268,29.41154353,22.69042842,8.07583948,7.175258962,479,16,6,5,27,481,8,2,3,13,506,494,234,34,170,16
9,1000,60,5.13,10.3,18,37,55,967,21,6,6,33,7.755797919,187,265,29.49999085,20.10053706,8.062363711,7.414233073,511,9,2,5,16,456,12,4,1,17,527,473,223,42,170,17
13,1000,60,5.13,10.3,18,37,50,952,29,9,10,48,7.907244848,172,255,38.93946835,25.35725612,8.532000164,7.272412835,476,17,5,6,28,476,12,4,4,20,504,496,216,39,155,17
14,1000,60,5.13,10.3,18,37,49,957,24,6,13,43,7.861993746,181,243,28.23743001,20.49732018,8.323430989,7.402398568,471,18,3,7,28,486,6,3,6,15,499,501,211,32,160,21
10,1000,60,5.13,10.3,18,37,52,955,29,10,6,45,8.103932792,183,250,27.5843127,18.33090224,9.000884811,7.308522512,440,18,7,5,30,515,11,3,1,15,470,530,223,27,174,9
15,1000,60,5.13,10.3,18,37,48,948,22,15,15,52,8.174761471,174,240,24.09665533,17.05019588,8.72086305,7.626471108,470,12,12,7,31,478,10,3,8,21,501,499,207,33,151,23
16,1000,60,5.13,10.3,18,37,36,955,24,12,9,45,7.676043625,134,208,20.43240497,14.11928155,7.784731522,7.569080933,473,13,5,5,23,482,11,7,4,22,496,504,171,37,117,17
11,1000,60,5.13,10.3,18,37,53,966,23,5,6,34,7.67024136,175,246,31.50372157,20.20609234,8.142894163,7.184166368,488,14,2,3,19,478,9,3,3,15,507,493,218,28,164,11
12,1000,60,5.13,10.3,18,37,53,959,25,8,8,41,7.665595509,201,257,30.29705903,23.48306412,8.145238196,7.174301583,478,17,6,5,28,481,8,2,3,13,506,494,230,27,180,21
9,1000,60,5.13,10.3,18,37,56,968,20,6,6,32,7.74531098,189,261,30.38754147,20.64779045,8.098092729,7.352253937,510,10,2,5,17,458,10,4,1,15,527,473,224,37,168,21
13,1000,60,5.13,10.3,18,37,51,953,29,9,9,47,7.857482624,191,241,41.61166595,27.15902609,8.520986741,7.183276827,477,17,5,5,27,476,12,4,4,20,504,496,211,30,162,29
14,1000,60,5.13,10.3,18,37,50,956,25,6,13,44,7.857048461,176,264,29.07630343,21.13935125,8.317867241,7.398069276,471,18,3,7,28,485,7,3,6,16,499,501,215,49,153,23
10,1000,60,5.13,10.3,18,37,53,955,29,10,6,45,8.121473268,180,281,28.30043271,18.82644404,9.035179221,7.311205725,440,18,7,5,30,515,11,3,1,15,470,530,247,34,164,16
15,1000,60,5.13,10.3,18,37,49,948,22,15,15,52,8.189459215,186,238,24.7134198,17.48500612,8.780510559,7.596038928,470,12,12,7,31,478,10,3,8,21,501,499,209,29,166,20
11,1000,60,5.13,10.3,18,37,54,965,24,5,6,35,7.682242725,166,288,32.16582249,20.66170965,8.192966968,7.157015157,487,15,2,3,20,478,9,3,3,15,507,493,241,47,155,11
9,1000,60,5.13,10.3,18,37,57,968,20,6,6,32,7.811071746,178,264,31.00951091,21.04717923,8.21671516,7.35911809,510,10,2,5,17,458,10,4,1,15,527,473,230,34,165,13
12,1000,60,5.13,10.3,18,37,54,960,25,7,8,40,7.663693409,216,254,31.50633517,24.48413715,8.114788946,7.201640087,479,17,5,5,27,481,8,2,3,13,506,494,222,32,191,25
16,1000,60,5.13,10.3,18,37,37,954,26,11,9,46,7.687241473,152,213,20.76015832,14.3472919,7.840300278,7.536612172,473,13,5,5,23,481,13,6,4,23,496,504,160,53,128,24
13,1000,60,5.13,10.3,18,37,52,955,27,9,9,45,7.817995911,200,260,44.36593595,28.98384446,8.526590707,7.097972167,478,16,5,5,26,477,11,4,4,19,504,496,225,35,178,22
14,1000,60,5.13,10.3,18,37,51,955,26,6,13,45,7.846135771,166,248,29.79529648,21.77313669,8.320446766,7.373718233,471,18,3,7,28,484,8,3,6,17,499,501,214,34,146,20
10,1000,60,5.13,10.3,18,37,54,955,29,10,6,45,8.146916966,192,260,29.10646742,19.38357312,9.065206779,7.332584491,440,18,7,5,30,515,11,3,1,15,470,530,231,29,168,24
15,1000,60,5.13,10.3,18,37,50,950,21,15,14,50,8.154383009,187,235,25.28977302,17.91751585,8.829514067,7.476546014,470,12,12,7,31,480,9,3,7,19,501,499,201,34,170,17
9,1000,60,5.13,10.3,18,37,58,969,20,5,6,31,7.812714252,171,254,31.91621595,21.6572665,8.238180475,7.338674719,509,11,2,5,18,460,9,3,1,13,527,473,227,27,153,18
11,1000,60,5.13,10.3,18,37,55,968,21,5,6,32,7.674610265,195,264,33.04299122,21.19870606,8.261695288,7.070853456,487,15,2,3,20,481,6,3,3,12,507,493,235,29,180,15
12,1000,60,5.13,10.3,18,37,55,958,26,8,8,42,7.691374775,203,263,32.90430865,25.7811379,8.19549159,7.175012207,477,18,6,5,29,481,8,2,3,13,506,494,228,35,181,22
16,1000,60,5.13,10.3,18,37,38,953,28,10,9,47,7.72028387,144,221,21.22659709,14.69964067,7.867242944,7.575657479,473,14,4,5,23,480,14,6,4,24,496,504,181,40,126,18
13,1000,60,5.13,10.3,18,37,53,953,29,9,9,47,7.812763913,198,265,46.96999966,30.81590394,8.572414213,7.040861189,476,18,5,5,28,477,11,4,4,19,504,496,228,37,178,20
14,1000,60,5.13,10.3,18,37,52,955,26,6,13,45,7.853015573,195,250,30.69948315,22.41961583,8.395091775,7.313103347,471,17,4,7,28,484,9,2,6,17,499,501,213,37,178,17
10,1000,60,5.13,10.3,18,37,55,955,29,10,6,45,8.145288505,190,271,30.02134915,19.97590296,9.099586972,7.299023826,440,18,8,4,30,515,11,2,2,15,470,530,238,33,175,15
15,1000,60,5.13,10.3,18,37,51,949,22,15,14,51,8.169562598,168,242,25.95289653,18.51433138,8.868013044,7.468312752,470,12,12,7,31,479,10,3,7,20,501,499,216,26,147,21
9,1000,60,5.13,10.3,18,37,59,972,18,4,6,28,7.820900788,192,276,32.76783945,22.19804502,8.314468962,7.270984451,509,11,2,5,18,463,7,2,1,10,527,473,237,39,173,19
11,1000,60,5.13,10.3,18,37,56,968,22,5,5,32,7.659329076,191,265,34.47406522,22.19423832,8.270091436,7.031222551,487,15,2,3,20,481,7,3,2,12,507,493,231,34,170,21
12,1000,60,5.13,10.3,18,37,56,957,28,8,7,43,7.6953098,200,289,34.38833331,27.25372795,8.269891861,7.10677028,476,19,6,5,30,481,9,2,2,13,506,494,255,34,182,18
13,1000,60,5.13,10.3,18,37,54,954,26,11,9,46,7.809529822,206,293,48.61698011,31.95564747,8.635715461,6.970018609,476,17,6,5,28,478,9,5,4,18,504,496,249,44,187,19
14,1000,60,5.13,10.3,18,37,53,955,27,5,13,45,7.837674826,180,241,31.71384176,23.16070534,8.413126315,7.264520549,471,17,4,7,28,484,10,1,6,17,499,501,215,26,165,15
16,1000,60,5.13,10.3,18,37,39,954,28,9,9,46,7.724403738,141,210,21.59574052,15.05281329,7.88709026,7.564299542,473,14,4,5,23,481,14,5,4,23,496,504,166,44,123,18
10,1000,60,5.13,10.3,18,37,56,955,29,10,6,45,8.151072006,212,273,31.11200149,20.74932026,9.12235415,7.289746332,440,18,8,4,30,515,11,2,2,15,470,530,245,28,193,19
15,1000,60,5.13,10.3,18,37,52,951,22,13,14,49,8.126474259,190,246,26.60077908,19.00495711,8.849907211,7.400141776,471,13,10,7,30,480,9,3,7,19,501,499,213,33,170,20
9,1000,60,5.13,10.3,18,37,60,971,19,4,6,29,7.781820475,192,277,33.40951088,22.62121424,8.368809528,7.127817873,508,12,2,5,19,463,7,2,1,10,527,473,241,36,174,18
11,1000,60,5.13,10.3,18,37,57,967,23,5,5,33,7.648595797,191,275,35.80679185,23.06711014,8.284883542,6.994239028,487,15,2,3,20,480,8,3,2,13,507,493,244,31,174,17
12,1000,60,5.13,10.3,18,37,57,956,30,7,7,44,7.698103956,202,283,35.8474365,28.63522802,8.329922173,7.050937928,475,20,6,5,31,481,10,1,2,13,506,494,245,38,190,12
13,1000,60,5.13,10.3,18,37,55,955,26,11,8,45,7.815688577,201,267,51.66756978,33.8964402,8.661714646,6.956016927,476,17,6,5,28,479,9,5,3,17,504,496,242,25,184,17
14,1000,60,5.13,10.3,18,37,54,956,26,5,13,44,7.823204437,192,261,32.99102355,24.22712896,8.436137131,7.21271858,472,16,4,7,27,484,10,1,6,17,499,501,225,36,172,20
16,1000,60,5.13,10.3,18,37,40,954,28,9,9,46,7.752309089,150,228,22.45570484,15.71416074,7.954109858,7.553711506,473,14,4,5,23,481,14,5,4,23,496,504,190,38,134,16
10,1000,60,5.13,10.3,18,37,57,955,29,10,6,45,8.143727482,187,300,32.10990403,21.38611621,9.145576601,7.255295244,440,18,8,4,30,515,11,2,2,15,470,530,267,33,178,9
15,1000,60,5.13,10.3,18,37,53,952,21,14,13,48,8.110376129,180,269,27.42722391,19.58631414,8.906530719,7.311030539,471,12,11,7,30,481,9,3,6,18,501,499,231,38,166,14
9,1000,60,5.13,10.3,18,37,61,973,15,6,6,27,7.792673509,167,292,34.34447979,23.22381531,8.404395892,7.111113898,508,11,3,5,19,465,4,3,1,8,527,473,252,40,157,10
11,1000,60,5.13,10.3,18,37,58,966,24,5,5,34,7.64774813,204,300,36.72925985,23.79958077,8.317082502,6.959406291,486,16,2,3,21,480,8,3,2,13,507,493,266,34,185,19
12,1000,60,5.13,10.3,18,37,58,955,31,7,7,45,7.717481885,195,300,37.36350984,30.1351665,8.379988643,7.038881846,473,22,6,5,33,482,9,1,2,12,506,494,268,32,182,13
13,1000,60,5.13,10.3,18,37,56,954,27,11,8,46,7.855335199,188,273,52.84406255,34.65015778,8.764859515,6.931141135,475,18,6,5,29,479,9,5,3,17,504,496,234,39,175,13
14,1000,60,5.13,10.3,18,37,55,957,26,5,12,43,7.805319902,205,249,34.36414627,25.34605827,8.464545516,7.148725926,471,17,4,7,28,486,9,1,5,15,499,501,215,34,184,21
10,1000,60,5.13,10.3,18,37,58,954,30,10,6,46,8.159760282,197,300,33.23442311,22.10528368,9.217053474,7.22216066,439,19,8,4,31,515,11,2,2,15,470,530,272,28,186,11
16,1000,60,5.13,10.3,18,37,41,952,32,8,8,48,7.770754915,160,207,23.02190176,16.1798302,8.021622027,7.523869819,470,18,4,4,26,482,14,4,4,22,496,504,169,38,143,17
15,1000,60,5.13,10.3,18,37,54,949,25,14,12,51,8.123709601,180,266,28.15170878,20.1638495,8.955766708,7.288317596,469,15,11,6,32,480,10,3,6,19,501,499,231,35,166,14
9,1000,60,5.13,10.3,18,37,62,973,14,7,6,27,7.803973314,199,277,35.65301909,24.09785616,8.48619397,7.043867002,508,11,3,5,19,465,3,4,1,8,527,473,241,36,183,16
11,1000,60,5.13,10.3,18,37,59,967,23,5,5,33,7.62708473,191,275,38.02328051,24.65266889,8.343911344,6.889901985,486,16,2,3,21,481,7,3,2,12,507,493,245,30,175,16
12,1000,60,5.13,10.3,18,37,59,954,32,7,7,46,7.694683434,211,285,38.88852257,31.38674715,8.450137639,6.920878115,472,23,6,5,34,482,9,1,2,12,506,494,259,26,194,17
13,1000,60,5.13,10.3,18,37,57,954,28,10,8,46,7.855968358,204,295,54.9989272,35.87957115,8.77328636,6.923854903,474,19,6,5,30,480,9,4,3,16,504,496,254,41,192,12
14,1000,60,5.13,10.3,18,37,56,958,26,5,11,42,7.804602676,211,281,35.62860054,26.27170464,8.553110859,7.05908255,470,18,4,7,29,488,8,1,4,13,499,501,234,47,195,16
10,1000,60,5.13,10.3,18,37,59,955,30,9,6,45,8.173942215,185,320,34.29815956,22.86304365,9.263902149,7.207373972,439,19,8,4,31,516,11,1,2,14,470,530,290,30,178,7
16,1000,60,5.13,10.3,18,37,42,952,34,8,6,48,7.760019617,142,203,23.67753217,16.67916774,8.06151032,7.463314482,470,19,4,3,26,482,15,4,3,22,496,504,174,29,123,19
15,1000,60,5.13,10.3,18,37,55,948,26,14,12,52,8.140408819,206,282,28.92894762,20.76992618,8.980786412,7.29666298,469,15,11,6,32,479,11,3,6,20,501,499,245,37,184,22
9,1000,60,5.13,10.3,18,37,63,973,14,7,6,27,7.791924564,204,301,36.89115697,24.90873044,8.514724388,6.986606366,508,11,3,5,19,465,3,4,1,8,527,473,264,37,191,13
12,1000,60,5.13,10.3,18,37,60,953,32,8,7,47,7.69345049,226,285,41.02882228,33.18686159,8.489912937,6.877640778,472,22,7,5,34,481,10,1,2,13,506,494,257,28,210,16
11,1000,60,5.13,10.3,18,37,60,966,24,5,5,34,7.63115335,206,293,39.22905139,25.47667805,8.35644851,6.885261572,486,16,2,3,21,480,8,3,2,13,507,493,252,41,187,19
13,1000,60,5.13,10.3,18,37,58,956,26,10,8,44,7.857633126,221,290,56.77010601,37.04849025,8.808668742,6.891258225,474,18,7,5,30,482,8,3,3,14,504,496,257,33,205,16
14,1000,60,5.13,10.3,18,37,57,959,26,5,10,41,7.810533197,195,267,37.17403959,27.48698898,8.628242927,6.996087777,470,18,4,7,29,489,8,1,3,12,499,501,235,32,176,19
10,1000,60,5.13,10.3,18,37,60,954,31,9,6,46,8.111531651,235,305,35.26185097,23.51981375,9.292893707,7.063908696,438,20,8,4,32,516,11,1,2,14,470,530,273,32,215,20
15,1000,60,5.13,10.3,18,37,56,948,26,15,11,52,8.151413109,213,279,29.93524379,21.46100963,9.020659644,7.278682621,469,15,11,6,32,479,11,4,5,20,501,499,248,31,201,12
9,1000,60,5.13,10.3,18,37,64,973,14,7,6,27,7.79951068,204,300,38.71525809,26.01890241,8.566183214,6.945311048,508,11,3,5,19,465,3,4,1,8,527,473,259,41,190,14
16,1000,60,5.13,10.3,18,37,43,953,33,8,6,47,7.758566961,174,237,24.488881,17.25167816,8.127283841,7.39570273,471,18,4,3,25,482,15,4,3,22,496,504,200,37,150,24
11,1000,60,5.13,10.3,18,37,61,967,23,5,5,33,7.623448647,202,288,40.61755215,26.47063109,8.365350961,6.860478114,486,16,2,3,21,481,7,3,2,12,507,493,253,35,187,15
12,1000,60,5.13,10.3,18,37,61,952,33,8,7,48,7.668422829,218,295,42.65096805,34.57936296,8.50546789,6.81104469,471,23,7,5,35,481,10,1,2,13,506,494,269,26,204,14
14,1000,60,5.13,10.3,18,37,58,960,25,5,10,40,7.770604378,219,277,38.76800831,28.74060711,8.646247695,6.898456643,471,17,4,7,28,489,8,1,3,12,499,501,252,25,193,26
13,1000,60,5.13,10.3,18,37,59,955,27,10,8,45,7.859275698,223,280,58.67248035,38.25864288,8.847229556,6.8553871,473,19,7,5,31,482,8,3,3,14,504,496,252,28,201,22
10,1000,60,5.13,10.3,18,37,61,954,31,9,6,46,8.124386354,209,312,36.77603788,24.49678326,9.341001325,7.045501379,438,20,8,4,32,516,11,1,2,14,470,530,288,24,200,9
9,1000,60,5.13,10.3,18,37,65,973,14,7,6,27,7.795634415,219,294,41.02792746,27.4735953,8.605183695,6.893663018,508,11,3,5,19,465,3,4,1,8,527,473,261,33,200,19
15,1000,60,5.13,10.3,18,37,57,948,27,15,10,52,8.135819724,215,284,30.77358857,22.11546004,9.002489754,7.265676068,469,16,11,5,32,479,11,4,5,20,501,499,253,31,183,32
11,1000,60,5.13,10.3,18,37,62,967,24,5,4,33,7.591960718,219,303,42.15851793,27.50014539,8.348476629,6.813961598,486,17,2,2,21,481,7,3,2,12,507,493,274,29,206,13
12,1000,60,5.13,10.3,18,37,62,952,33,8,7,48,7.638532722,222,301,43.8796947,35.74769979,8.531553846,6.723818778,471,23,7,5,35,481,10,1,2,13,506,494,266,35,209,13
16,1000,60,5.13,10.3,18,37,44,954,33,7,6,46,7.754858249,149,215,24.98194347,17.63376202,8.176442025,7.339966279,471,18,4,3,25,483,15,3,3,21,496,504,174,41,129,20
14,1000,60,5.13,10.3,18,37,59,960,25,5,10,40,7.755248723,203,283,40.29095347,29.95178267,8.653517109,6.860566238,471,17,4,7,28,489,8,1,3,12,499,501,260,23,189,14
13,1000,60,5.13,10.3,18,37,60,953,28,11,8,47,7.863988834,223,299,60.74948393,39.59553365,8.911146872,6.799941149,471,20,8,5,33,482,8,3,3,14,504,496,271,28,204,19
10,1000,60,5.13,10.3,18,37,62,955,31,9,5,45,8.112114398,233,304,38.81132771,25.85761347,9.376767946,6.990629177,438,20,8,4,32,517,11,1,1,13,470,530,282,22,215,18
9,1000,60,5.13,10.3,18,37,66,974,14,7,5,26,7.793295744,221,296,43.13708034,28.85638186,8.658757442,6.829028694,508,11,3,5,19,466,3,4,0,7,527,473,273,23,206,15
15,1000,60,5.13,10.3,18,37,58,947,27,15,11,53,8.158830724,208,253,31.58536616,22.67908632,9.056389954,7.257674063,468,17,11,5,33,479,10,4,6,20,501,499,217,36,189,19
11,1000,60,5.13,10.3,18,37,63,966,25,5,4,34,7.585226426,215,307,43.77332481,28.65338879,8.36937364,6.77881134,486,17,2,2,21,480,8,3,2,13,507,493,280,27,197,18
12,1000,60,5.13,10.3,18,37,63,952,33,8,7,48,7.626114272,233,301,45.88438677,37.58382827,8.568673157,6.660659219,471,23,7,5,35,481,10,1,2,13,506,494,273,28,222,11
16,1000,60,5.13,10.3,18,37,45,954,32,8,6,46,7.766743161,158,252,25.84458472,18.26536141,8.250469072,7.29069544,471,17,5,3,25,483,15,3,3,21,496,504,202,50,141,17
14,1000,60,5.13,10.3,18,37,60,958,27,5,10,42,7.751257578,211,317,42.66746946,31.78454205,8.67096703,6.835219622,469,19,4,7,30,489,8,1,3,12,499,501,281,36,195,16
13,1000,60,5.13,10.3,18,37,61,951,30,11,8,49,7.871795335,220,307,63.47341867,41.47764706,8.933240473,6.793230114,470,21,8,5,34,481,9,3,3,15,504,496,270,37,203,17
10,1000,60,5.13,10.3,18,37,63,957,29,9,5,43,8.109954541,220,327,40.48808789,27.03618678,9.438829791,6.931517998,438,20,8,4,32,519,9,1,1,11,470,530,297,30,212,8
9,1000,60,5.13,10.3,18,37,67,975,14,6,5,25,7.770446311,215,296,45.22188028,30.34364611,8.681865064,6.754975523,508,11,3,5,19,467,3,3,0,6,527,473,265,31,201,14
15,1000,60,5.13,10.3,18,37,59,949,25,14,12,51,8.14990345,209,293,32.9499193,23.59957291,9.126105279,7.169788989,468,16,11,6,33,481,9,3,6,18,501,499,263,30,197,12
12,1000,60,5.13,10.3,18,37,64,953,32,8,7,47,7.611722038,227,298,47.90673272,39.57421313,8.586418208,6.613349038,471,23,7,5,35,482,9,1,2,12,506,494,263,35,215,12
11,1000,60,5.13,10.3,18,37,64,966,25,5,4,34,7.580040025,247,325,45.25707678,29.67521355,8.392326842,6.74468624,486,17,2,2,21,480,8,3,2,13,507,493,292,33,226,21
14,1000,60,5.13,10.3,18,37,61,959,27,5,9,41,7.756566879,209,294,44.63826157,33.24161834,8.706552713,6.810373403,469,19,4,7,30,490,8,1,2,11,499,501,263,31,196,13
16,1000,60,5.13,10.3,18,37,46,956,31,7,6,44,7.757325301,165,246,27.00233217,19.06944884,8.287541175,7.235525552,472,16,4,4,24,484,15,3,2,20,496,504,205,41,149,16
13,1000,60,5.13,10.3,18,37,62,952,29,10,9,48,7.86624085,229,287,66.57160254,43.69415773,8.962127993,6.752678108,470,20,8,6,34,482,9,2,3,14,504,496,261,26,219,10
10,1000,60,5.13,10.3,18,37,64,957,29,9,5,43,8.123812617,239,334,42.27829798,28.38732338,9.502093067,6.901563916,439,19,8,4,31,518,10,1,1,12,470,530,298,36,223,16
9,1000,60,5.13,10.3,18,37,68,974,14,7,5,26,7.764739014,237,299,48.21878532,32.47163806,8.707965713,6.713828928,507,11,4,5,20,467,3,3,0,6,527,473,265,34,225,12
15,1000,60,5.13,10.3,18,37,60,950,24,15,11,50,8.161207599,225,283,34.38596019,24.70239797,9.200110112,7.118141149,468,15,12,6,33,482,9,3,5,17,501,499,246,37,204,21
12,1000,60,5.13,10.3,18,37,65,952,33,7,8,48,7.597233473,242,330,50.62909455,42.3458683,8.609593854,6.560281343,471,23,6,6,35,481,10,1,2,13,506,494,301,29,227,15
11,1000,60,5.13,10.3,18,37,65,965,26,5,4,35,7.58690273,229,320,46.96584767,30.92206279,8.437566904,6.712081764,485,18,2,2,22,480,8,3,2,13,507,493,282,38,216,13
14,1000,60,5.13,10.3,18,37,62,959,27,5,9,41,7.749677779,223,283,46.49324233,34.63639796,8.709617686,6.793569967,469,19,4,7,30,490,8,1,2,11,499,501,256,27,211,12
13,1000,60,5.13,10.3,18,37,63,952,29,9,10,48,7.870110224,218,314,70.53908191,46.088065,9.006685184,6.71520341,470,20,7,7,34,482,9,2,3,14,504,496,287,27,203,15
16,1000,60,5.13,10.3,18,37,47,957,29,8,6,43,7.749881707,176,263,28.02856221,19.8293809,8.305079347,7.203496729,472,16,4,4,24,485,13,4,2,19,496,504,228,35,155,21
10,1000,60,5.13,10.3,18,37,65,957,29,9,5,43,8.112143926,246,340,44.15839191,29.67503571,9.531085098,6.853837603,438,20,8,4,32,519,9,1,1,11,470,530,303,37,234,12
9,1000,60,5.13,10.3,18,37,69,974,14,6,6,26,7.765233917,236,294,49.99940711,33.62278039,8.745725652,6.672804435,507,11,4,5,20,467,3,2,1,6,527,473,268,26,220,16
15,1000,60,5.13,10.3,18,37,61,949,25,15,11,51,8.16738851,232,288,35.62864362,25.66637042,9.197817714,7.132829329,468,15,12,6,33,481,10,3,5,18,501,499,268,20,209,23
12,1000,60,5.13,10.3,18,37,66,951,33,8,8,49,7.606731269,228,317,53.42931478,44.69251113,8.67639036,6.511088557,470,23,7,6,36,481,10,1,2,13,506,494,289,28,214,14
11,1000,60,5.13,10.3,18,37,66,965,26,5,4,35,7.623447531,218,309,48.72042058,32.18694538,8.506818648,6.714990825,485,18,2,2,22,480,8,3,2,13,507,493,283,26,205,13
14,1000,60,5.13,10.3,18,37,63,960,26,5,9,40,7.699162827,214,304,48.16286067,35.85422817,8.742147814,6.660341454,469,19,4,7,30,491,7,1,2,10,499,501,277,27,199,15
13,1000,60,5.13,10.3,18,37,64,951,30,9,10,49,7.886915276,239,313,72.58305388,47.46870694,9.080210006,6.674373856,469,21,7,7,35,482,9,2,3,14,504,496,272,41,221,18
16,1000,60,5.13,10.3,18,37,48,957,29,7,7,43,7.781533827,170,264,29.57165896,20.92713116,8.370259592,7.202152915,472,16,3,5,24,485,13,4,2,19,496,504,223,41,156,14
10,1000,60,5.13,10.3,18,37,66,957,30,9,4,43,8.091812346,248,331,45.72939438,30.72945882,9.563792057,6.786471847,437,21,8,4,33,520,9,1,0,10,470,530,298,33,235,13
9,1000,60,5.13,10.3,18,37,70,974,15,6,5,26,7.752442969,234,293,52.1623787,35.13926381,8.766486227,6.622631558,507,11,4,5,20,467,4,2,0,6,527,473,276,17,212,22
15,1000,60,5.13,10.3,18,37,62,949,25,15,11,51,8.152375584,239,310,37.14324478,26.79416459,9.232843124,7.067577512,468,15,12,6,33,481,10,3,5,18,501,499,284,26,222,17
12,1000,60,5.13,10.3,18,37,67,953,31,8,8,47,7.561693135,247,314,55.6831179,46.36970196,8.732634492,6.362307858,470,23,7,6,36,483,8,1,2,11,506,494,293,21,231,16
11,1000,60,5.13,10.3,18,37,67,966,26,4,4,34,7.606699949,228,341,50.61426283,33.5171847,8.538913995,6.648013294,484,19,2,2,23,482,7,2,2,11,507,493,307,34,219,9
14,1000,60,5.13,10.3,18,37,64,958,26,7,9,42,7.722569448,235,319,50.39604882,37.49745032,8.785714441,6.663668548,468,19,5,7,31,490,7,2,2,11,499,501,294,25,218,17
13,1000,60,5.13,10.3,18,37,65,949,33,9,9,51,7.89956397,233,330,76.01262632,49.38307891,9.119147028,6.660310217,468,22,7,7,36,481,11,2,2,15,504,496,296,34,222,11
16,1000,60,5.13,10.3,18,37,49,957,29,7,7,43,7.797896139,171,255,31.08071002,22.13433549,8.420348063,7.185324405,472,16,3,5,24,485,13,4,2,19,496,504,220,35,163,8
9,1000,60,5.13,10.3,18,37,71,973,16,6,5,27,7.793370275,221,315,55.26015162,37.1038823,8.829697157,6.638731232,507,11,4,5,20,466,5,2,0,7,527,473,286,29,211,10
10,1000,60,5.13,10.3,18,37,67,957,30,9,4,43,8.10306007,247,329,47.88555843,32.1699931,9.627529126,6.751172417,437,21,8,4,33,520,9,1,0,10,470,530,304,25,227,20
15,1000,60,5.13,10.3,18,37,63,951,23,14,12,49,8.144527272,238,304,38.30899699,27.63386867,9.279867151,7.004636933,468,14,11,8,33,483,9,3,4,16,501,499,282,22,225,13
12,1000,60,5.13,10.3,18,37,68,953,29,10,8,47,7.575642187,253,339,59.30437832,49.83469982,8.767761675,6.354564331,470,21,9,6,36,483,8,1,2,11,506,494,308,31,237,16
11,1000,60,5.13,10.3,18,37,68,967,25,4,4,33,7.590285066,240,327,52.71181422,35.04850187,8.531221561,6.622628265,484,19,2,2,23,483,6,2,2,10,507,493,299,28,224,16
14,1000,60,5.13,10.3,18,37,65,958,26,7,9,42,7.708094923,249,335,52.3990078,39.03846835,8.789484909,6.631021864,468,19,5,7,31,490,7,2,2,11,499,501,302,33,228,21
13,1000,60,5.13,10.3,18,37,66,950,32,9,9,50,7.900560456,246,302,80.71605239,52.12233708,9.159408971,6.621407933,468,22,7,7,36,482,10,2,2,14,504,496,277,25,230,16
9,1000,60,5.13,10.3,18,37,72,973,16,6,5,27,7.809646767,234,328,57.87589289,39.12854367,8.873286522,6.62457668,507,11,4,5,20,466,5,2,0,7,527,473,293,35,222,12
10,1000,60,5.13,10.3,18,37,68,957,30,9,4,43,8.077654578,223,328,49.80988305,33.44566973,9.643788682,6.688818675,437,21,8,4,33,520,9,1,0,10,470,530,306,22,212,11
16,1000,60,5.13,10.3,18,37,50,957,29,7,7,43,7.780370006,192,249,32.65711671,23.35774028,8.451438871,7.119953026,472,16,3,5,24,485,13,4,2,19,496,504,217,32,177,15
15,1000,60,5.13,10.3,18,37,64,953,21,14,12,47,8.084031461,231,313,39.68047279,28.62420205,9.227270007,6.936210798,470,12,11,8,31,483,9,3,4,16,501,499,288,25,213,18
12,1000,60,5.13,10.3,18,37,69,954,29,10,7,46,7.573015429,240,336,63.15735996,53.23039811,8.829401951,6.286109396,469,22,9,6,37,485,7,1,1,9,506,494,313,23,227,13
11,1000,60,5.13,10.3,18,37,69,967,25,4,4,33,7.602731829,271,336,54.94095807,36.58348208,8.590051097,6.587375096,484,19,2,2,23,483,6,2,2,10,507,493,298,38,258,13
14,1000,60,5.13,10.3,18,37,66,958,25,8,9,42,7.736807386,230,317,54.13387153,40.48415549,8.85068696,6.627374437,468,18,6,7,31,490,7,2,2,11,499,501,284,33,218,12
13,1000,60,5.13,10.3,18,37,67,950,32,9,9,50,7.897516652,250,315,85.27015592,54.78254911,9.191881401,6.582275051,468,21,8,7,36,482,11,1,2,14,504,496,280,35,230,20
9,1000,60,5.13,10.3,18,37,73,973,15,7,5,27,7.798871884,244,327,60.90035568,41.54537691,8.897993218,6.574269468,507,11,4,5,20,466,4,3,0,7,527,473,305,22,233,11
10,1000,60,5.13,10.3,18,37,69,957,30,9,4,43,8.061704134,253,349,51.87184322,34.87231053,9.68665201,6.620712622,437,21,8,4,33,520,9,1,0,10,470,530,325,24,244,9
12,1000,60,5.13,10.3,18,37,70,954,29,10,7,46,7.544221095,260,337,67.29844565,57.27711036,8.85796276,6.198566678,469,22,9,6,37,485,7,1,1,9,506,494,312,25,249,11
15,1000,60,5.13,10.3,18,37,65,952,22,14,12,48,8.13648561,219,312,41.20732091,29.74744594,9.303935115,6.964356948,469,13,11,8,32,483,9,3,4,16,501,499,284,28,205,14
11,1000,60,5.13,10.3,18,37,70,967,24,4,5,33,7.589396426,260,341,57.38819434,38.18573172,8.630666944,6.51855636,484,19,1,3,23,483,5,3,2,10,507,493,316,25,251,9
16,1000,60,5.13,10.3,18,37,51,959,29,6,6,41,7.770058442,193,288,33.9486809,24.39349264,8.483674804,7.067769324,473,16,2,5,23,486,13,4,1,18,496,504,248,40,178,15
14,1000,60,5.13,10.3,18,37,67,957,26,8,9,43,7.741095665,252,328,55.98634759,41.93846011,8.912149427,6.574716768,467,19,6,7,32,490,7,2,2,11,499,501,297,31,227,25
13,1000,60,5.13,10.3,18,37,68,950,31,9,10,50,7.92342537,241,322,89.86234725,57.74381183,9.247166832,6.578333238,468,20,8,8,36,482,11,1,2,14,504,496,290,32,226,15
9,1000,60,5.13,10.3,18,37,74,974,14,7,5,26,7.788191269,255,317,64.16399622,44.05380455,8.90877034,6.539681395,507,11,4,5,20,467,3,3,0,6,527,473,289,28,242,13
12,1000,60,5.13,10.3,18,37,71,954,28,11,7,46,7.538392857,272,339,72.75992461,61.74775044,8.886214888,6.15783021,469,21,10,6,37,485,7,1,1,9,506,494,319,20,259,13
10,1000,60,5.13,10.3,18,37,70,957,30,9,4,43,8.083470181,245,360,54.48723723,36.51806044,9.711790131,6.639488338,437,21,8,4,33,520,9,1,0,10,470,530,341,19,231,14
15,1000,60,5.13,10.3,18,37,66,950,24,14,12,50,8.139955096,232,336,42.89929069,30.93978222,9.33235344,6.942777602,467,15,11,8,34,483,9,3,4,16,501,499,294,42,219,13
11,1000,60,5.13,10.3,18,37,71,963,27,5,5,37,7.596726323,267,335,60.16007263,40.23589135,8.687749141,6.474721114,483,20,1,3,24,480,7,4,2,13,507,493,312,23,246,21
16,1000,60,5.13,10.3,18,37,52,959,29,6,6,41,7.807372205,194,253,35.35307759,25.50878614,8.579505341,7.047495151,472,17,2,5,24,487,12,4,1,17,496,504,217,36,179,15
14,1000,60,5.13,10.3,18,37,68,956,28,7,9,44,7.719682063,251,321,58.99060924,44.22308177,8.923415762,6.520753689,467,19,6,7,32,489,9,1,2,12,499,501,299,22,240,11
13,1000,60,5.13,10.3,18,37,69,950,31,8,11,50,7.926434485,233,324,95.03378049,61.08829749,9.277505933,6.553571563,468,20,8,8,36,482,11,0,3,14,504,496,299,25,222,11
9,1000,60,5.13,10.3,18,37,75,976,14,5,5,24,7.767359207,242,313,68.0172936,47.06772452,8.931777736,6.470004948,507,11,4,5,20,469,3,1,0,4,527,473,292,21,231,11
12,1000,60,5.13,10.3,18,37,72,953,29,10,8,47,7.536673924,275,349,79.30943749,67.80777527,8.97388439,6.064551462,469,21,9,7,37,484,8,1,1,10,506,494,317,32,261,14
10,1000,60,5.13,10.3,18,37,71,957,30,9,4,43,8.088778121,252,359,56.64263788,37.91696607,9.759305688,6.607366882,436,22,8,4,34,521,8,1,0,9,470,530,337,22,238,14
15,1000,60,5.13,10.3,18,37,67,948,26,14,12,52,8.153419636,245,333,45.35795748,32.58620944,9.396968398,6.90488671,465,17,11,8,36,483,9,3,4,16,501,499,303,30,233,12
11,1000,60,5.13,10.3,18,37,72,962,27,6,5,38,7.606977661,268,323,63.47035201,42.81786161,8.7279386,6.45418416,482,20,2,3,25,480,7,4,2,13,507,493,306,17,253,15
14,1000,60,5.13,10.3,18,37,69,955,29,7,9,45,7.734393285,250,322,62.74288547,46.99601588,8.991346725,6.482457622,466,20,6,7,33,489,9,1,2,12,499,501,302,20,239,11
16,1000,60,5.13,10.3,18,37,53,959,29,7,5,41,7.808797457,186,257,37.1857492,26.91458396,8.600721311,7.029443823,472,17,2,5,24,487,12,5,0,17,496,504,227,30,170,16
13,1000,60,5.13,10.3,18,37,70,951,30,8,11,49,7.93665081,252,331,98.19153237,63.35220898,9.279398642,6.572245755,468,20,8,8,36,483,10,0,3,13,504,496,305,26,238,14
9,1000,60,5.13,10.3,18,37,76,976,14,5,5,24,7.76428842,265,341,70.8203536,49.10446945,8.935402136,6.459474619,507,11,4,5,20,469,3,1,0,4,527,473,319,22,255,10
12,1000,60,5.13,10.3,18,37,73,951,31,10,8,49,7.542346605,283,351,85.21868726,73.50140176,9.043802186,6.00441842,468,22,9,7,38,483,9,1,1,11,506,494,326,25,271,12
10,1000,60,5.13,10.3,18,37,72,955,31,10,4,45,8.077033307,293,376,58.68943924,39.16301135,9.796156952,6.552527434,435,22,9,4,35,520,9,1,0,10,470,530,347,29,277,16
15,1000,60,5.13,10.3,18,37,68,947,26,15,12,53,8.128237788,265,339,47.2074429,33.8617999,9.440970921,6.810243199,464,18,11,8,37,483,8,4,4,16,501,499,302,37,250,15
11,1000,60,5.13,10.3,18,37,73,962,27,6,5,38,7.622506656,258,353,68.1404295,46.32502598,8.782402094,6.42967301,482,20,2,3,25,480,7,4,2,13,507,493,328,25,247,11
14,1000,60,5.13,10.3,18,37,70,955,28,8,9,45,7.729991285,265,338,67.83793692,50.93189347,9.045436081,6.419797765,466,19,7,7,33,489,9,1,2,12,499,501,314,24,248,17
13,1000,60,5.13,10.3,18,37,71,952,30,8,10,48,7.883384848,273,335,103.3296189,66.44294104,9.289194794,6.454900547,468,20,8,8,36,484,10,0,2,12,504,496,311,24,256,17
16,1000,60,5.13,10.3,18,37,54,959,29,7,5,41,7.800882841,195,273,38.68092683,28.08477361,8.632581058,6.982386184,472,17,2,5,24,487,12,5,0,17,496,504,246,27,182,13
9,1000,60,5.13,10.3,18,37,77,976,13,5,6,24,7.797117019,263,341,75.54828194,52.3644934,9.003982539,6.452469811,507,10,4,6,20,469,3,1,0,4,527,473,318,23,253,10
12,1000,60,5.13,10.3,18,37,74,950,30,12,8,50,7.562816325,271,347,93.61090602,81.32175042,9.127327807,5.960300516,468,21,10,7,38,482,9,2,1,12,506,494,318,29,262,9
11,1000,60,5.13,10.3,18,37,74,961,29,6,4,39,7.648462459,277,331,72.57215009,49.44785285,8.851079417,6.411694107,482,20,2,3,25,479,9,4,1,14,507,493,310,21,267,10
15,1000,60,5.13,10.3,18,37,69,945,28,15,12,55,8.145109819,254,345,49.51261503,35.44467162,9.493878909,6.790934842,463,19,11,8,38,482,9,4,4,17,501,499,317,28,239,15
10,1000,60,5.13,10.3,18,37,73,956,30,10,4,44,8.089228613,281,362,62.10667291,41.46268038,9.88182986,6.499563356,435,22,9,4,35,521,8,1,0,9,470,530,337,25,264,17
14,1000,60,5.13,10.3,18,37,71,955,28,8,9,45,7.753649002,259,339,73.74407128,55.30103376,9.109578589,6.403132308,466,19,7,7,33,489,9,1,2,12,499,501,312,27,247,12
13,1000,60,5.13,10.3,18,37,72,951,31,8,10,49,7.889909136,265,322,109.7864632,70.59910258,9.332594683,6.423954467,468,20,8,8,36,483,11,0,2,13,504,496,304,18,254,11
9,1000,60,5.13,10.3,18,37,78,977,12,5,6,23,7.797633177,289,342,79.77699182,55.62649775,9.027219292,6.427671481,507,10,4,6,20,470,2,1,0,3,527,473,318,24,277,12
16,1000,60,5.13,10.3,18,37,55,957,31,7,5,43,7.826551613,193,279,40.50151562,29.36599943,8.668349109,6.998115981,471,18,2,5,25,486,13,5,0,18,496,504,245,34,173,20
12,1000,60,5.13,10.3,18,37,75,950,31,11,8,50,7.520688232,306,370,102.9933799,89.50156643,9.141826641,5.860169943,467,22,10,7,39,483,9,1,1,11,506,494,335,35,293,13
11,1000,60,5.13,10.3,18,37,75,961,29,6,4,39,7.63727144,262,346,76.44667136,52.40336642,8.903718411,6.334860457,481,21,2,3,26,480,8,4,1,13,507,493,321,25,251,11
15,1000,60,5.13,10.3,18,37,70,945,28,15,12,55,8.160152867,254,335,51.95757431,37.02251559,9.565157785,6.749516666,463,19,11,8,38,482,9,4,4,17,501,499,315,20,242,12
10,1000,60,5.13,10.3,18,37,74,955,31,9,5,45,8.053274423,281,374,65.33120731,43.43348922,9.888359405,6.42593491,435,22,8,5,35,520,9,1,0,10,470,530,354,20,269,12
14,1000,60,5.13,10.3,18,37,72,955,28,7,10,45,7.753719833,269,344,82.77621873,62.20834496,9.131773037,6.381167839,466,19,6,8,33,489,9,1,2,12,499,501,319,25,258,11
13,1000,60,5.13,10.3,18,37,73,951,31,7,11,49,7.920295046,271,340,115.4406453,74.14762243,9.39460918,6.422201651,468,20,7,9,36,483,11,0,2,13,504,496,318,22,261,10
9,1000,60,5.13,10.3,18,37,79,977,11,6,6,23,7.80809078,275,344,85.32847783,59.03832008,9.042322044,6.432953621,507,9,5,6,20,470,2,1,0,3,527,473,321,23,262,13
16,1000,60,5.13,10.3,18,37,56,958,30,7,5,42,7.826342594,210,276,42.09959387,30.53860552,8.726930929,6.940049311,471,18,2,5,25,487,12,5,0,17,496,504,243,33,197,13
12,1000,60,5.13,10.3,18,37,76,951,30,11,8,49,7.523901222,289,369,113.9186811,97.37848131,9.212166905,5.794625036,467,22,10,7,39,484,8,1,1,10,506,494,350,19,278,11
11,1000,60,5.13,10.3,18,37,76,963,26,8,3,37,7.602097844,285,349,81.30858451,55.57861168,8.922462613,6.244237931,481,19,4,3,26,482,7,4,0,11,507,493,335,14,270,15
15,1000,60,5.13,10.3,18,37,71,946,29,14,11,54,8.088167478,271,330,54.30192462,38.83234512,9.577092403,6.593274918,464,19,10,8,37,482,10,4,3,17,501,499,308,22,259,12
10,1000,60,5.13,10.3,18,37,75,955,32,9,4,45,8.020523289,310,393,68.07394224,45.3012631,9.900161646,6.35367418,435,23,8,4,35,520,9,1,0,10,470,530,362,31,300,10
14,1000,60,5.13,10.3,18,37,73,954,29,7,10,46,7.768071824,248,367,86.98695526,65.56348698,9.175033597,6.366726664,465,20,6,8,34,489,9,1,2,12,499,501,334,33,237,11
13,1000,60,5.13,10.3,18,37,74,952,30,7,11,48,7.897235102,264,355,121.504864,78.22210598,9.39460918,6.37570983,468,20,7,9,36,484,10,0,2,12,504,496,327,28,258,6
9,1000,60,5.13,10.3,18,37,80,977,11,6,6,23,7.799530126,287,356,92.49128211,64.09203428,9.082833935,6.36971806,507,9,5,6,20,470,2,1,0,3,527,473,333,23,276,11
12,1000,60,5.13,10.3,18,37,77,950,30,12,8,50,7.5052586,297,359,129.8765365,108.2715475,9.215282483,5.753695675,467,22,10,7,39,483,8,2,1,11,506,494,336,23,279,18
16,1000,60,5.13,10.3,18,37,57,959,30,6,5,41,7.80441427,217,284,43.44801466,31.55512208,8.741820976,6.881887035,471,18,2,5,25,488,12,4,0,16,496,504,255,29,205,12
10,1000,60,5.13,10.3,18,37,76,958,30,8,4,42,7.978907717,270,400,70.99656957,47.22791993,9.931247778,6.247587287,435,23,8,4,35,523,7,0,0,7,470,530,373,27,257,13
11,1000,60,5.13,10.3,18,37,77,963,26,8,3,37,7.591982134,286,357,86.08818754,58.55440142,8.930181601,6.21578106,481,19,4,3,26,482,7,4,0,11,507,493,331,26,271,15
15,1000,60,5.13,10.3,18,37,72,946,29,14,11,54,8.05347239,267,352,57.30377828,41.02194742,9.612585051,6.488110781,463,20,10,8,38,483,9,4,3,16,501,499,324,28,255,12
14,1000,60,5.13,10.3,18,37,74,953,30,7,10,47,7.748141332,270,352,91.65806817,69.08294872,9.227450971,6.27473712,464,21,6,8,35,489,9,1,2,12,499,501,332,20,260,10
13,1000,60,5.13,10.3,18,37,75,952,30,7,11,48,7.862429553,277,356,129.3402953,82.69638534,9.423959913,6.275713219,468,20,7,9,36,484,10,0,2,12,504,496,340,16,270,7
9,1000,60,5.13,10.3,18,37,81,975,13,6,6,25,7.817063656,284,363,100.6861789,70.67412225,9.148031561,6.334145927,505,11,5,6,22,470,2,1,0,3,527,473,340,23,266,18
12,1000,60,5.13,10.3,18,37,78,948,32,12,8,52,7.50810705,297,376,145.8371193,120.0137235,9.264629576,5.708915961,465,24,10,7,41,483,8,2,1,11,506,494,344,32,281,16
15,1000,60,5.13,10.3,18,37,73,945,29,15,11,55,8.054586404,285,351,60.38802705,43.1373164,9.696120402,6.406473111,461,21,10,9,40,484,8,5,2,15,501,499,326,25,276,9
11,1000,60,5.13,10.3,18,37,78,961,28,8,3,39,7.607722627,295,357,90.87397563,61.77460899,8.999168446,6.176763133,479,21,4,3,28,482,7,4,0,11,507,493,336,21,286,9
10,1000,60,5.13,10.3,18,37,77,958,30,8,4,42,7.964175643,310,395,74.31843056,49.47587494,9.972790128,6.182951477,435,23,8,4,35,523,7,0,0,7,470,530,370,25,301,9
16,1000,60,5.13,10.3,18,37,58,959,30,6,5,41,7.78686929,208,276,45.51869873,32.95221758,8.788332581,6.801302241,471,18,2,5,25,488,12,4,0,16,496,504,245,31,194,14
14,1000,60,5.13,10.3,18,37,75,952,31,7,10,48,7.733228796,294,347,96.78235411,72.81160038,9.263415897,6.209150226,463,22,6,8,36,489,9,1,2,12,499,501,326,21,277,17
9,1000,60,5.13,10.3,18,37,82,975,13,5,7,25,7.792716832,298,365,113.3576914,80.28682633,9.16289846,6.26610855,505,11,4,7,22,470,2,1,0,3,527,473,346,19,284,14
13,1000,60,5.13,10.3,18,37,76,953,28,8,11,47,7.82525575,286,356,136.9805784,86.80622048,9.443631582,6.180777082,468,19,8,9,36,485,9,0,2,11,504,496,335,21,268,18
12,1000,60,5.13,10.3,18,37,79,948,32,11,9,52,7.510119368,302,378,157.9430342,131.2128026,9.338345493,5.637482891,464,25,9,8,42,484,7,2,1,10,506,494,353,25,291,11
11,1000,60,5.13,10.3,18,37,79,961,29,7,3,39,7.60988732,305,359,98.34815533,66.909395,9.036013366,6.143262766,478,22,4,3,29,483,7,3,0,10,507,493,345,14,291,14
15,1000,60,5.13,10.3,18,37,74,944,30,15,11,56,8.076073097,281,354,63.52273948,45.30351429,9.768727628,6.376634379,460,22,10,9,41,484,8,5,2,15,501,499,332,22,264,17
10,1000,60,5.13,10.3,18,37,78,960,28,8,4,40,7.946212539,313,401,77.63880164,51.67733392,9.996579291,6.127962779,436,22,8,4,34,524,6,0,0,6,470,530,377,24,298,15
16,1000,60,5.13,10.3,18,37,59,960,30,5,5,40,7.760057937,222,275,48.67318017,35.26841925,8.861531425,6.676068156,470,19,2,5,26,490,11,3,0,14,496,504,259,16,203,19
14,1000,60,5.13,10.3,18,37,76,951,32,7,10,49,7.725695624,275,371,103.2351647,77.70246116,9.337199656,6.120624743,462,23,6,8,37,489,9,1,2,12,499,501,354,17,267,8
9,1000,60,5.13,10.3,18,37,83,975,13,5,7,25,7.780402412,283,370,124.3391758,87.50059001,9.170265829,6.23186537,505,11,4,7,22,470,2,1,0,3,527,473,342,28,267,16
13,1000,60,5.13,10.3,18,37,77,956,26,7,11,44,7.810245446,278,361,144.2920358,90.94223258,9.472693653,6.120983559,469,19,7,9,35,487,7,0,2,9,504,496,338,23,269,9
12,1000,60,5.13,10.3,18,37,80,947,33,11,9,53,7.484121048,298,378,172.1659055,144.4464829,9.340856362,5.582282851,464,25,9,8,42,483,8,2,1,11,506,494,355,23,288,10
11,1000,60,5.13,10.3,18,37,80,961,28,8,3,39,7.591320527,289,372,103.8941958,70.33205173,9.087831753,6.052312025,477,22,5,3,30,484,6,3,0,9,507,493,348,24,280,9
15,1000,60,5.13,10.3,18,37,75,944,30,15,11,56,8.083903556,276,371,66.37444074,47.23707537,9.806522573,6.354380254,460,22,10,9,41,484,8,5,2,15,501,499,346,25,265,11
10,1000,60,5.13,10.3,18,37,79,960,27,8,5,40,7.951543719,312,410,81.4660686,54.23598258,10.06734274,6.075269112,436,21,8,5,34,524,6,0,0,6,470,530,387,23,308,4
9,1000,60,5.13,10.3,18,37,84,975,13,5,7,25,7.773496038,298,374,142.6518239,100.4731557,9.215384505,6.16699451,505,11,4,7,22,470,2,1,0,3,527,473,358,16,286,12
14,1000,60,5.13,10.3,18,37,77,950,33,6,11,50,7.739399961,285,361,106.9346863,80.34751725,9.355406506,6.12984454,462,23,5,9,37,488,10,1,2,13,499,501,342,19,278,7
16,1000,60,5.13,10.3,18,37,60,960,30,5,5,40,7.770813543,217,295,51.42791549,37.25064657,8.922434983,6.637471809,470,19,2,5,26,490,11,3,0,14,496,504,269,26,207,10
13,1000,60,5.13,10.3,18,37,78,957,25,7,11,43,7.789364501,291,349,153.2457202,95.63535194,9.508643893,6.042354796,469,19,7,9,35,488,6,0,2,8,504,496,330,19,282,9
12,1000,60,5.13,10.3,18,37,81,949,32,10,9,51,7.435583909,309,389,180.0149329,151.5783948,9.351726668,5.472895172,464,25,9,8,42,485,7,1,1,9,506,494,368,21,298,11
11,1000,60,5.13,10.3,18,37,81,961,28,8,3,39,7.575731356,295,371,111.2508864,75.39362097,9.099540121,6.008650131,477,22,5,3,30,484,6,3,0,9,507,493,343,28,282,13
15,1000,60,5.13,10.3,18,37,76,945,29,15,11,55,8.06625105,296,353,70.04840496,49.91427522,9.837938448,6.287462701,460,22,10,9,41,485,7,5,2,14,501,499,335,18,285,11
10,1000,60,5.13,10.3,18,37,80,960,27,7,6,40,7.90912897,325,417,85.27766198,56.9154633,10.09205241,5.973328936,436,21,7,6,34,524,6,0,0,6,470,530,403,14,316,9
9,1000,60,5.13,10.3,18,37,85,976,12,5,7,24,7.761836641,302,363,159.2009611,111.6425418,9.246147756,6.108069289,505,11,4,7,22,471,1,1,0,2,527,473,346,17,291,11
14,1000,60,5.13,10.3,18,37,78,949,34,6,11,51,7.73638855,275,365,110.5692244,83.16677841,9.403519022,6.07591329,461,24,5,9,38,488,10,1,2,13,499,501,341,24,260,15
13,1000,60,5.13,10.3,18,37,79,957,25,7,11,43,7.784519153,289,381,158.718183,99.05266717,9.576212443,5.963927584,469,19,7,9,35,488,6,0,2,8,504,496,365,16,279,10
16,1000,60,5.13,10.3,18,37,61,960,30,5,5,40,7.736563886,237,322,53.98787232,39.28116759,8.956076179,6.53640893,470,19,2,5,26,490,11,3,0,14,496,504,293,29,221,16
12,1000,60,5.13,10.3,18,37,82,950,32,10,8,50,7.453886101,314,387,195.8428765,166.5757839,9.381222093,5.479732231,465,25,9,7,41,485,7,1,1,9,506,494,366,21,304,10
11,1000,60,5.13,10.3,18,37,82,960,29,8,3,40,7.538626942,309,367,119.1370297,80.79657677,9.147059095,5.884519231,476,23,5,3,31,484,6,3,0,9,507,493,338,29,300,9
15,1000,60,5.13,10.3,18,37,77,944,30,15,11,56,8.087111278,318,354,74.11614499,52.67010597,9.921409525,6.245461134,459,23,10,9,42,485,7,5,2,14,501,499,336,18,304,14
10,1000,60,5.13,10.3,18,37,81,959,28,6,7,41,7.889631142,334,416,88.95655489,59.42334933,10.15375077,5.881826947,435,22,6,7,35,524,6,0,0,6,470,530,392,24,321,13
9,1000,60,5.13,10.3,18,37,86,976,11,6,7,24,7.749974765,312,382,178.8100622,125.4902737,9.318169446,6.002747288,505,10,5,7,22,471,1,1,0,2,527,473,361,21,299,13
13,1000,60,5.13,10.3,18,37,80,956,26,7,11,44,7.777762138,303,364,166.0414783,103.6827848,9.60681889,5.919204472,468,20,7,9,36,488,6,0,2,8,504,496,336,28,291,12
14,1000,60,5.13,10.3,18,37,79,950,34,5,11,50,7.732981573,305,366,119.5347998,90.37757102,9.411787911,6.060877057,462,24,4,9,37,488,10,1,2,13,499,501,349,17,285,20
16,1000,60,5.13,10.3,18,37,62,960,30,5,5,40,7.728234623,236,305,56.15881867,40.95315175,8.975045723,6.501214175,470,19,2,5,26,490,11,3,0,14,496,504,268,37,220,16
12,1000,60,5.13,10.3,18,37,83,952,30,10,8,48,7.438511314,315,374,211.9737252,181.6095762,9.398059139,5.431363136,466,24,9,7,40,486,6,1,1,8,506,494,352,22,303,12
11,1000,60,5.13,10.3,18,37,83,960,29,8,3,40,7.543938354,310,374,126.610174,86.19740176,9.157101263,5.884965545,476,23,5,3,31,484,6,3,0,9,507,493,355,19,292,18
15,1000,60,5.13,10.3,18,37,78,944,29,16,11,56,8.114940026,293,371,78.09264909,55.52261376,9.972633513,6.249800873,459,22,11,9,42,485,7,5,2,14,501,499,347,24,279,14
10,1000,60,5.13,10.3,18,37,82,958,29,6,7,42,7.871364836,324,410,93.86123282,62.98574146,10.19288115,5.812661686,435,22,6,7,35,523,7,0,0,7,470,530,397,13,318,6
9,1000,60,5.13,10.3,18,37,87,976,12,5,7,24,7.755698302,308,380,215.9410918,150.6756985,9.390119208,5.934683888,505,11,4,7,22,471,1,1,0,2,527,473,364,16,289,19
14,1000,60,5.13,10.3,18,37,80,950,34,4,12,50,7.710488535,305,370,127.4229827,96.17278984,9.431447597,5.996399569,462,24,3,10,37,488,10,1,2,13,499,501,355,15,290,15
13,1000,60,5.13,10.3,18,37,81,957,24,8,11,43,7.756200788,287,361,176.8514336,109.8690588,9.633417278,5.848706613,469,18,8,9,35,488,6,0,2,8,504,496,348,13,278,9
16,1000,60,5.13,10.3,18,37,63,958,32,5,5,42,7.721498657,253,316,58.54607041,42.99204484,9.044579004,6.419419586,467,22,2,5,29,491,10,3,0,13,496,504,290,26,237,16
12,1000,60,5.13,10.3,18,37,84,953,30,10,7,47,7.405027482,332,379,229.8089776,196.7485898,9.405166956,5.356301625,467,24,9,6,39,486,6,1,1,8,506,494,356,23,323,9
11,1000,60,5.13,10.3,18,37,84,960,29,8,3,40,7.514070004,316,367,133.6701624,90.7747829,9.173750321,5.807258806,476,23,5,3,31,484,6,3,0,9,507,493,350,17,302,14
15,1000,60,5.13,10.3,18,37,79,944,29,16,11,56,8.088641605,305,386,83.4809606,59.26476243,10.00928818,6.160297048,459,22,11,9,42,485,7,5,2,14,501,499,367,19,293,12
10,1000,60,5.13,10.3,18,37,83,957,30,6,7,43,7.854761905,340,421,98.98729415,66.33069668,10.22692151,5.751148667,434,23,6,7,36,523,7,0,0,7,470,530,404,17,330,10
9,1000,60,5.13,10.3,18,37,88,976,12,5,7,24,7.717258164,314,383,273.8815003,189.4043658,9.409022382,5.832353846,505,11,4,7,22,471,1,1,0,2,527,473,367,16,303,11
13,1000,60,5.13,10.3,18,37,82,957,24,8,11,43,7.732080171,305,378,189.0818593,116.8733594,9.648957345,5.784285622,469,18,8,9,35,488,6,0,2,8,504,496,354,24,293,12
14,1000,60,5.13,10.3,18,37,81,951,31,6,12,49,7.69526169,294,373,134.4364963,101.6201156,9.47850228,5.919139825,462,22,5,10,37,489,9,1,2,12,499,501,345,28,282,12
12,1000,60,5.13,10.3,18,37,85,954,29,10,7,46,7.393385302,331,397,236.83944,202.9999581,9.429963865,5.307335195,468,23,9,6,38,486,6,1,1,8,506,494,375,22,319,12
16,1000,60,5.13,10.3,18,37,64,957,33,5,5,43,7.738808591,240,338,61.00336627,44.67510445,9.113064097,6.386366665,466,23,2,5,30,491,10,3,0,13,496,504,304,34,227,13
11,1000,60,5.13,10.3,18,37,85,960,29,8,3,40,7.505464971,317,392,140.2573363,95.28447088,9.181600823,5.781730941,476,23,5,3,31,484,6,3,0,9,507,493,372,20,309,8
15,1000,60,5.13,10.3,18,37,80,943,29,18,10,57,8.081345212,315,387,89.68867998,63.33335604,10.05056995,6.104227786,458,23,11,9,43,485,6,7,1,14,501,499,365,22,303,12
10,1000,60,5.13,10.3,18,37,84,957,29,6,8,43,7.877892207,328,400,104.5089069,70.0479419,10.3149699,5.7167101,434,22,6,8,36,523,7,0,0,7,470,530,385,15,321,7
9,1000,60,5.13,10.3,18,37,89,977,11,5,7,23,7.692665593,336,401,322.1303078,222.1545242,9.432073176,5.754678709,505,10,5,7,22,472,1,0,0,1,527,473,380,21,316,20
13,1000,60,5.13,10.3,18,37,83,957,24,8,11,43,7.725231805,313,368,206.0700917,126.9517716,9.694250034,5.724455218,469,18,8,9,35,488,6,0,2,8,504,496,350,18,305,8
14,1000,60,5.13,10.3,18,37,82,952,30,6,12,48,7.676014402,321,375,140.4602984,106.6024723,9.509140709,5.850205965,462,22,5,10,37,490,8,1,2,11,499,501,355,20,305,16
12,1000,60,5.13,10.3,18,37,86,952,30,10,8,48,7.40692503,337,390,253.6593295,218.3776508,9.506026265,5.256833481,468,22,9,7,38,484,8,1,1,10,506,494,371,19,332,5
11,1000,60,5.13,10.3,18,37,86,959,30,8,3,41,7.490894619,310,383,150.4723627,103.0818612,9.205445384,5.727654787,475,24,5,3,32,484,6,3,0,9,507,493,367,16,301,9
16,1000,60,5.13,10.3,18,37,65,956,34,5,5,44,7.728304428,250,315,63.85635012,46.97330033,9.136971614,6.341997039,465,24,2,5,31,491,10,3,0,13,496,504,289,26,237,13
15,1000,60,5.13,10.3,18,37,81,943,29,18,10,57,8.03421974,312,380,96.90224673,68.06475491,10.06808167,5.992206063,457,24,11,9,44,486,5,7,1,13,501,499,360,20,303,9
10,1000,60,5.13,10.3,18,37,85,955,30,7,8,45,7.875209295,335,420,110.1000099,73.80112457,10.35618307,5.675100479,433,22,7,8,37,522,8,0,0,8,470,530,399,21,324,11
9,1000,60,5.13,10.3,18,37,90,977,11,5,7,23,7.718267984,329,395,381.9172479,264.9838754,9.48090381,5.754401007,505,10,5,7,22,472,1,0,0,1,527,473,377,18,317,12
14,1000,60,5.13,10.3,18,37,83,952,30,6,12,48,7.676681989,314,390,152.7331229,116.0213407,9.536033682,5.824752858,462,22,5,10,37,490,8,1,2,11,499,501,367,23,298,16
13,1000,60,5.13,10.3,18,37,84,957,24,8,11,43,7.692301749,305,378,221.3275751,136.6535369,9.732504285,5.619192721,468,19,8,9,36,489,5,0,2,7,504,496,359,19,295,10
12,1000,60,5.13,10.3,18,37,87,952,30,10,8,48,7.407820453,340,398,264.4750674,228.5230056,9.544384242,5.219356329,468,22,9,7,38,484,8,1,1,10,506,494,377,21,328,12
11,1000,60,5.13,10.3,18,37,87,957,32,8,3,43,7.482610839,321,386,157.9111116,107.8042777,9.26611145,5.648463153,474,25,5,3,33,483,7,3,0,10,507,493,369,17,306,15
15,1000,60,5.13,10.3,18,37,82,942,30,18,10,58,8.008539379,324,390,104.6224682,73.26630894,10.09013122,5.918604485,457,24,11,9,44,485,6,7,1,14,501,499,362,28,310,14
9,1000,60,5.13,10.3,18,37,91,975,13,5,7,25,7.710906467,335,376,429.1430887,300.4479381,9.547407995,5.664740916,504,11,5,7,23,471,2,0,0,2,527,473,364,12,321,14
16,1000,60,5.13,10.3,18,37,66,955,35,5,5,45,7.753463142,262,320,67.77191333,50.03420188,9.208066295,6.321948928,464,25,2,5,32,491,10,3,0,13,496,504,298,22,252,10
10,1000,60,5.13,10.3,18,37,86,953,31,8,8,47,7.87717745,355,422,116.5476903,78.38662532,10.39130915,5.647664436,432,23,7,8,38,521,8,1,0,9,470,530,404,18,343,12
14,1000,60,5.13,10.3,18,37,84,952,30,6,12,48,7.703825019,334,394,174.2350233,131.8501568,9.600432762,5.814788565,462,22,5,10,37,490,8,1,2,11,499,501,378,16,319,15
13,1000,60,5.13,10.3,18,37,85,957,25,7,11,43,7.641444997,327,389,234.6871166,145.2105508,9.784597274,5.463725748,467,21,7,9,37,490,4,0,2,6,504,496,375,14,311,16
12,1000,60,5.13,10.3,18,37,88,952,30,10,8,48,7.385310934,329,401,273.6206818,236.5556268,9.572144195,5.145356218,468,22,9,7,38,484,8,1,1,10,506,494,384,17,321,8
11,1000,60,5.13,10.3,18,37,88,958,31,8,3,42,7.470598608,330,379,165.0539188,112.9301494,9.281190672,5.608590136,474,25,5,3,33,484,6,3,0,9,507,493,363,16,316,14
15,1000,60,5.13,10.3,18,37,83,942,29,19,10,58,8.012360656,328,400,113.847939,79.39846415,10.11914916,5.897128107,456,23,13,9,45,486,6,6,1,13,501,499,381,19,311,17
9,1000,60,5.13,10.3,18,37,92,972,16,5,7,28,7.723766707,330,412,480.9467515,342.8220357,9.641344828,5.587268462,501,14,5,7,26,471,2,0,0,2,527,473,389,23,318,12
10,1000,60,5.13,10.3,18,37,87,953,31,8,8,47,7.854495191,361,433,125.9149295,84.69217391,10.40697766,5.590973,432,23,7,8,38,521,8,1,0,9,470,530,415,18,351,10
16,1000,60,5.13,10.3,18,37,67,957,33,5,5,43,7.725869293,258,323,70.68548986,52.40228871,9.210789404,6.264519343,465,24,2,5,31,492,9,3,0,12,496,504,294,29,240,18
14,1000,60,5.13,10.3,18,37,85,952,29,7,12,48,7.723964963,315,389,196.0824713,148.2921901,9.653873801,5.801760352,462,22,5,10,37,490,7,2,2,11,499,501,377,12,303,12
13,1000,60,5.13,10.3,18,37,86,959,23,8,10,41,7.618471746,313,381,256.0003006,158.1213408,9.790400449,5.411511935,467,21,8,8,37,492,2,0,2,4,504,496,363,18,306,7
12,1000,60,5.13,10.3,18,37,89,953,29,9,9,47,7.342349436,333,409,283.2493213,246.4830185,9.59821966,5.031680745,468,22,8,8,38,485,7,1,1,9,506,494,383,26,324,9
11,1000,60,5.13,10.3,18,37,89,955,34,8,3,45,7.455953137,330,384,169.4625312,115.7387528,9.340687247,5.517697166,471,28,5,3,36,484,6,3,0,9,507,493,364,20,313,17
15,1000,60,5.13,10.3,18,37,84,942,29,19,10,58,7.996879472,337,405,121.0010043,83.99401313,10.15257503,5.832543851,456,23,13,9,45,486,6,6,1,13,501,499,384,21,326,11
9,1000,60,5.13,10.3,18,37,93,969,18,6,7,31,7.718404744,342,394,498.9082806,359.09206,9.676189028,5.537110203,499,16,5,7,28,470,2,1,0,3,527,473,383,11,335,7
10,1000,60,5.13,10.3,18,37,88,953,32,8,7,47,7.808659053,358,421,134.021623,89.98955462,10.41447348,5.497842485,432,24,7,7,38,521,8,1,0,9,470,530,410,11,343,15
14,1000,60,5.13,10.3,18,37,86,953,29,7,11,47,7.693895351,332,405,212.8623788,160.7389582,9.706321366,5.689502973,462,22,5,10,37,491,7,2,1,10,499,501,386,19,324,8
13,1000,60,5.13,10.3,18,37,87,957,25,8,10,43,7.646669045,327,392,274.497664,170.197181,9.865717384,5.391829604,465,23,8,8,39,492,2,0,2,4,504,496,368,24,320,7
16,1000,60,5.13,10.3,18,37,68,956,35,5,4,44,7.68657196,266,333,73.48886005,54.29224709,9.226650724,6.170938891,464,25,3,4,32,492,10,2,0,12,496,504,311,22,251,15
12,1000,60,5.13,10.3,18,37,90,953,28,10,9,47,7.345949784,340,416,296.7149341,262.2089761,9.64148285,4.994654781,468,22,8,8,38,485,6,2,1,9,506,494,395,21,329,11
11,1000,60,5.13,10.3,18,37,90,955,34,8,3,45,7.473279987,338,420,178.6304356,121.6620116,9.405258333,5.486438159,471,28,5,3,36,484,6,3,0,9,507,493,394,26,326,12
9,1000,60,5.13,10.3,18,37,94,969,18,6,7,31,7.711206767,349,413,532.5374858,385.915645,9.727843544,5.464340843,499,16,5,7,28,470,2,1,0,3,527,473,392,21,342,7
15,1000,60,5.13,10.3,18,37,85,942,29,19,10,58,7.981265338,326,401,132.2603409,91.31322034,10.1776685,5.776058958,456,23,13,9,45,486,6,6,1,13,501,499,385,16,316,10
10,1000,60,5.13,10.3,18,37,89,954,31,8,7,46,7.765163441,368,429,140.9920738,94.89638747,10.42190165,5.409188048,432,24,7,7,38,522,7,1,0,8,470,530,409,20,357,11
14,1000,60,5.13,10.3,18,37,87,953,29,7,11,47,7.682165586,328,417,227.5563668,172.6635936,9.747605399,5.624971042,461,23,5,10,38,492,6,2,1,9,499,501,397,20,320,8
13,1000,60,5.13,10.3,18,37,88,957,24,9,10,43,7.6510228,322,391,287.3399158,177.8291944,9.876290692,5.389863491,465,22,9,8,39,492,2,0,2,4,504,496,382,9,311,11
16,1000,60,5.13,10.3,18,37,69,955,35,6,4,45,7.714176996,260,317,76.58335933,56.45054644,9.323366113,6.130530564,463,25,4,4,33,492,10,2,0,12,496,504,293,24,248,12
12,1000,60,5.13,10.3,18,37,91,954,27,10,9,46,7.365608656,347,409,329.4927552,288.5434755,9.69480576,4.979831865,468,22,8,8,38,486,5,2,1,8,506,494,392,17,332,15
11,1000,60,5.13,10.3,18,37,91,958,32,7,3,42,7.447324243,352,390,188.7311048,127.8424599,9.45015618,5.387616754,471,28,5,3,36,487,4,2,0,6,507,493,377,13,334,18
9,1000,60,5.13,10.3,18,37,95,968,19,6,7,32,7.704291751,336,419,579.0979284,421.8765955,9.774840656,5.397358828,498,17,5,7,29,470,2,1,0,3,527,473,397,22,324,12
15,1000,60,5.13,10.3,18,37,86,942,29,19,10,58,7.96654032,339,407,145.1032169,99.33453422,10.22158945,5.702452914,456,23,13,9,45,486,6,6,1,13,501,499,383,24,326,13
10,1000,60,5.13,10.3,18,37,90,955,30,8,7,45,7.728973962,366,432,150.2970748,101.4614819,10.41816235,5.344221999,432,24,7,7,38,523,6,1,0,7,470,530,419,13,348,18
14,1000,60,5.13,10.3,18,37,88,953,29,7,11,47,7.66137276,322,405,243.3871773,185.5492343,9.769885012,5.561277723,460,24,5,10,39,493,5,2,1,8,499,501,387,18,316,6
13,1000,60,5.13,10.3,18,37,89,957,24,9,10,43,7.65021205,351,401,307.8963583,190.2587775,9.942641981,5.320807443,465,22,9,8,39,492,2,0,2,4,504,496,387,14,337,14
12,1000,60,5.13,10.3,18,37,92,954,25,12,9,46,7.334094752,334,416,358.1579452,315.8068765,9.764914935,4.844226305,468,20,10,8,38,486,5,2,1,8,506,494,404,12,326,8
16,1000,60,5.13,10.3,18,37,70,955,35,6,4,45,7.681489837,266,342,82.69710636,60.66375454,9.335350181,6.053881243,462,26,4,4,34,493,9,2,0,11,496,504,321,21,258,8
11,1000,60,5.13,10.3,18,37,92,958,31,8,3,42,7.490574225,349,396,197.07111,133.35679,9.512245411,5.411492497,471,27,6,3,36,487,4,2,0,6,507,493,376,20,334,15
9,1000,60,5.13,10.3,18,37,96,968,19,6,7,32,7.67594806,363,396,629.2373911,464.743975,9.789980935,5.320566824,498,17,5,7,29,470,2,1,0,3,527,473,382,14,347,16
15,1000,60,5.13,10.3,18,37,87,942,29,19,10,58,7.944888579,336,416,158.1312296,107.4034061,10.2705339,5.609922033,456,23,13,9,45,486,6,6,1,13,501,499,390,26,326,10
10,1000,60,5.13,10.3,18,37,91,956,29,8,7,44,7.717386604,371,457,159.1935575,107.8408904,10.47581389,5.271234106,432,24,7,7,38,524,5,1,0,6,470,530,437,20,362,9
14,1000,60,5.13,10.3,18,37,89,953,29,7,11,47,7.658318063,340,403,265.2514181,201.9619485,9.806804225,5.518408693,460,24,5,10,39,493,5,2,1,8,499,501,383,20,330,10
13,1000,60,5.13,10.3,18,37,90,956,25,9,10,44,7.649595774,349,389,330.2276147,202.2303276,10.00735208,5.253811146,464,23,9,8,40,492,2,0,2,4,504,496,372,17,338,11
12,1000,60,5.13,10.3,18,37,93,953,26,12,9,47,7.339893786,362,435,388.0818645,346.3890366,9.803059341,4.816894249,468,20,10,8,38,485,6,2,1,9,506,494,411,24,344,18
16,1000,60,5.13,10.3,18,37,71,954,35,7,4,46,7.673366418,262,342,86.30441402,63.52550304,9.360932324,6.012587273,461,26,5,4,35,493,9,2,0,11,496,504,316,26,253,9
11,1000,60,5.13,10.3,18,37,93,958,31,8,3,42,7.475287975,355,401,207.8751641,140.540617,9.542340541,5.349536148,472,26,6,3,35,486,5,2,0,7,507,493,392,9,343,12
9,1000,60,5.13,10.3,18,37,97,968,19,6,7,32,7.644617405,363,415,679.1887004,503.6983138,9.806415525,5.236017809,498,17,5,7,29,470,2,1,0,3,527,473,402,13,342,21
15,1000,60,5.13,10.3,18,37,88,945,25,21,9,55,7.919561774,346,416,178.5139894,120.1698792,10.30273953,5.526832207,457,20,15,9,44,488,5,6,0,11,501,499,388,28,330,16
10,1000,60,5.13,10.3,18,37,92,956,29,8,7,44,7.708009287,374,453,170.0438481,115.4341319,10.50789378,5.225092848,432,24,7,7,38,524,5,1,0,6,470,530,439,14,369,5
14,1000,60,5.13,10.3,18,37,90,954,29,7,10,46,7.60230143,353,413,285.4531281,218.6555177,9.811294301,5.402126894,460,24,5,10,39,494,5,2,0,7,499,501,398,15,338,15
13,1000,60,5.13,10.3,18,37,91,955,25,10,10,45,7.638749765,358,403,351.9680802,215.9566547,10.05439965,5.184137782,463,23,10,8,41,492,2,0,2,4,504,496,378,25,344,14
12,1000,60,5.13,10.3,18,37,94,953,26,12,9,47,7.331780523,354,427,438.1753925,384.6821037,9.871173103,4.730702293,468,20,10,8,38,485,6,2,1,9,506,494,406,21,350,4
11,1000,60,5.13,10.3,18,37,94,959,28,10,3,41,7.428153881,350,424,219.5761957,147.9937198,9.575513307,5.219814675,473,25,6,3,34,486,3,4,0,7,507,493,406,18,338,12
9,1000,60,5.13,10.3,18,37,98,968,19,6,7,32,7.67428145,352,420,750.2984395,554.6595706,9.868681416,5.22935802,498,17,5,7,29,470,2,1,0,3,527,473,406,14,343,9
16,1000,60,5.13,10.3,18,37,72,953,36,7,4,47,7.678928119,283,330,90.49051398,66.91127162,9.412007214,5.973358215,459,27,6,4,37,494,9,1,0,10,496,504,309,21,270,13
15,1000,60,5.13,10.3,18,37,89,945,24,22,9,55,7.949339001,338,404,193.6288096,129.6325591,10.3903112,5.498583345,457,19,16,9,44,488,5,6,0,11,501,499,389,15,330,8
10,1000,60,5.13,10.3,18,37,93,956,29,8,7,44,7.710135436,362,460,179.452536,122.352415,10.58483842,5.160870521,432,24,7,7,38,524,5,1,0,6,470,530,444,16,351,11
13,1000,60,5.13,10.3,18,37,92,952,28,9,11,48,7.662894867,365,403,379.6024267,233.5903795,10.15170712,5.133940485,461,25,9,9,43,491,3,0,2,5,504,496,388,15,349,16
14,1000,60,5.13,10.3,18,37,91,954,29,7,10,46,7.570374195,346,423,297.8420323,227.9271292,9.834985015,5.314803737,460,24,5,10,39,494,5,2,0,7,499,501,412,11,336,10
12,1000,60,5.13,10.3,18,37,95,954,25,12,9,46,7.313142989,362,427,510.2757742,437.4538652,9.884242286,4.679587839,468,20,10,8,38,486,5,2,1,8,506,494,412,15,351,11
11,1000,60,5.13,10.3,18,37,95,959,27,11,3,41,7.441278497,343,407,231.6459678,155.2174371,9.631014111,5.189359722,473,24,7,3,34,486,3,4,0,7,507,493,391,16,335,8
9,1000,60,5.13,10.3,18,37,99,969,18,6,7,31,7.6228386,377,412,790.4711741,590.6535489,9.876170803,5.112254941,499,16,5,7,28,470,2,1,0,3,527,473,395,17,364,13
15,1000,60,5.13,10.3,18,37,90,944,25,21,10,56,7.953542992,364,419,218.4018618,145.1750661,10.46655819,5.43045559,456,20,15,10,45,488,5,6,0,11,501,499,399,20,356,8
16,1000,60,5.13,10.3,18,37,73,954,36,6,4,46,7.664390269,272,356,95.50171992,70.32339162,9.463403967,5.893932344,459,27,6,4,37,495,9,0,0,9,496,504,337,19,262,10
10,1000,60,5.13,10.3,18,37,94,955,30,8,7,45,7.700861462,377,448,191.2305132,130.2560605,10.60545172,5.125092744,431,25,7,7,39,524,5,1,0,6,470,530,430,18,367,10
14,1000,60,5.13,10.3,18,37,92,954,29,7,10,46,7.579632831,354,413,320.543748,244.2726718,9.887493234,5.280985443,460,24,5,10,39,494,5,2,0,7,499,501,399,14,341,13
13,1000,60,5.13,10.3,18,37,93,952,28,9,11,48,7.642814697,361,414,415.0165164,257.3950734,10.16148616,5.0835195,460,26,9,9,44,492,2,0,2,4,504,496,397,17,350,11
12,1000,60,5.13,10.3,18,37,96,953,25,12,10,47,7.331290114,363,434,576.2125741,485.8702155,9.926210443,4.673335282,467,20,10,9,39,486,5,2,1,8,506,494,419,15,351,12
11,1000,60,5.13,10.3,18,37,96,960,27,10,3,40,7.400431258,363,410,240.1005912,161.0341053,9.670837602,5.0655509,473,24,7,3,34,487,3,3,0,6,507,493,386,24,352,11
9,1000,60,5.13,10.3,18,37,100,968,18,7,7,32,7.635587041,373,426,860.7691753,637.1809858,9.933076069,5.075805397,498,16,6,7,29,470,2,1,0,3,527,473,410,16,359,14
15,1000,60,5.13,10.3,18,37,91,944,25,21,10,56,7.909840312,367,434,233.0830794,154.6991773,10.47711315,5.332277801,456,20,15,10,45,488,5,6,0,11,501,499,413,21,356,11
16,1000,60,5.13,10.3,18,37,74,954,36,6,4,46,7.679816885,262,355,98.82366738,72.60995982,9.488526961,5.899816494,459,27,6,4,37,495,9,0,0,9,496,504,334,21,255,7
10,1000,60,5.13,10.3,18,37,95,955,29,9,7,45,7.691257573,392,475,205.6017403,140.1697127,10.6165,5.09717467,431,24,8,7,39,524,5,1,0,6,470,530,452,23,386,6
14,1000,60,5.13,10.3,18,37,93,954,29,7,10,46,7.576435491,356,434,350.7084983,266.7302653,9.931623967,5.230648965,460,24,5,10,39,494,5,2,0,7,499,501,413,21,344,12
13,1000,60,5.13,10.3,18,37,94,952,28,9,11,48,7.654532475,348,423,450.9496554,280.8280114,10.20789606,5.059985611,460,26,9,9,44,492,2,0,2,4,504,496,406,17,345,3
12,1000,60,5.13,10.3,18,37,97,953,25,12,10,47,7.36477609,363,431,592.8195834,498.5998987,9.961347952,4.705129607,467,20,10,9,39,486,5,2,1,8,506,494,409,22,352,11
11,1000,60,5.13,10.3,18,37,97,960,27,10,3,40,7.392822023,350,422,256.496549,171.138921,9.716854969,5.002792198,473,24,7,3,34,487,3,3,0,6,507,493,404,18,342,8
9,1000,60,5.13,10.3,18,37,101,968,18,7,7,32,7.610107388,377,425,903.5243032,665.0684477,9.93367875,5.021265722,497,17,6,7,30,471,1,1,0,2,527,473,410,15,368,9
15,1000,60,5.13,10.3,18,37,92,946,24,19,11,54,7.907704069,368,420,246.7498247,164.1336253,10.52284029,5.282086336,456,20,15,10,45,490,4,4,1,9,501,499,406,14,357,11
10,1000,60,5.13,10.3,18,37,96,957,27,9,7,43,7.641184021,388,447,223.4444776,152.8127496,10.65277616,4.970526839,431,24,8,7,39,526,3,1,0,4,470,530,432,15,382,6
16,1000,60,5.13,10.3,18,37,75,954,35,7,4,46,7.680196384,289,365,103.1501186,75.5505668,9.513610012,5.87588456,459,27,6,4,37,495,8,1,0,9,496,504,335,30,272,17
14,1000,60,5.13,10.3,18,37,94,952,31,7,10,48,7.564909398,363,438,371.3991885,280.903058,10.01572564,5.123876857,458,26,5,10,41,494,5,2,0,7,499,501,408,30,351,12
13,1000,60,5.13,10.3,18,37,95,952,28,9,11,48,7.647785606,342,406,487.2348176,303.1524464,10.27418586,4.979024055,460,26,9,9,44,492,2,0,2,4,504,496,385,21,335,7
12,1000,60,5.13,10.3,18,37,98,953,26,11,10,47,7.356570434,367,432,609.2682846,509.1310385,10.02173592,4.626664089,466,21,10,9,40,487,5,1,1,7,506,494,412,20,356,11
11,1000,60,5.13,10.3,18,37,98,961,27,9,3,39,7.391183202,363,426,273.2647018,182.7330829,9.789315361,4.924949927,474,24,6,3,33,487,3,3,0,6,507,493,412,14,351,12
9,1000,60,5.13,10.3,18,37,102,967,18,8,7,33,7.608343746,366,426,932.6778906,684.0826497,10.02572528,4.914982075,495,18,7,7,32,472,0,1,0,1,527,473,407,19,358,8
15,1000,60,5.13,10.3,18,37,93,946,24,19,11,54,7.888775048,375,418,272.8232409,181.0967001,10.55062637,5.216254987,456,20,15,10,45,490,4,4,1,9,501,499,406,12,364,11
10,1000,60,5.13,10.3,18,37,97,957,27,9,7,43,7.624362307,400,458,238.925406,163.6036608,10.65041445,4.940882102,431,24,8,7,39,526,3,1,0,4,470,530,444,14,390,10
14,1000,60,5.13,10.3,18,37,95,951,31,7,11,49,7.566116028,353,422,417.9753763,316.4416156,10.08845957,5.053841725,457,26,5,11,42,494,5,2,0,7,499,501,405,17,347,6
13,1000,60,5.13,10.3,18,37,96,952,27,10,11,48,7.661209733,359,432,515.2643476,323.0433514,10.31721767,4.962362959,460,26,9,9,44,492,1,1,2,4,504,496,413,19,348,11
16,1000,60,5.13,10.3,18,37,76,954,35,7,4,46,7.69092939,281,359,108.8980199,79.46474548,9.551817776,5.859578915,459,27,6,4,37,495,8,1,0,9,496,504,332,27,268,13
12,1000,60,5.13,10.3,18,37,99,953,26,11,10,47,7.368391998,370,442,653.1861475,538.3461216,10.10583989,4.564447398,466,21,10,9,40,487,5,1,1,7,506,494,426,16,358,12
11,1000,60,5.13,10.3,18,37,99,960,28,9,3,40,7.378268072,354,425,287.473985,192.7327143,9.811721526,4.875710464,473,25,6,3,34,487,3,3,0,6,507,493,410,15,345,9
9,1000,60,5.13,10.3,18,37,103,967,18,8,7,33,7.59002625,384,425,995.5559887,727.2830697,10.07146045,4.825299347,495,18,7,7,32,472,0,1,0,1,527,473,407,18,378,6
15,1000,60,5.13,10.3,18,37,94,946,24,19,11,54,7.896522649,356,435,291.5846633,194.544419,10.5751618,5.207147474,456,20,15,10,45,490,4,4,1,9,501,499,421,14,351,5
10,1000,60,5.13,10.3,18,37,98,957,27,9,7,43,7.608787143,405,475,255.1801487,174.9085985,10.6743634,4.890257254,431,24,8,7,39,526,3,1,0,4,470,530,458,17,400,5
14,1000,60,5.13,10.3,18,37,96,951,31,7,11,49,7.573589684,361,439,443.8279751,335.5071672,10.14074827,5.016679236,457,26,5,11,42,494,5,2,0,7,499,501,423,16,355,6
13,1000,60,5.13,10.3,18,37,97,950,29,10,11,50,7.671688745,352,429,557.7840371,349.7091594,10.35745636,4.9426023,459,27,9,9,45,491,2,1,2,5,504,496,411,18,344,8
12,1000,60,5.13,10.3,18,37,100,954,25,11,10,46,7.292495852,365,435,700.2467518,568.7457972,10.11398642,4.402467047,466,21,10,9,40,488,4,1,1,6,506,494,423,12,352,13
16,1000,60,5.13,10.3,18,37,77,952,35,9,4,48,7.70912715,284,361,113.9395273,82.79953248,9.637453028,5.811409619,457,27,8,4,39,495,8,1,0,9,496,504,340,21,275,9
11,1000,60,5.13,10.3,18,37,100,960,27,10,3,40,7.348651025,378,432,297.5917851,199.7217146,9.834024551,4.792698941,473,24,7,3,34,487,3,3,0,6,507,493,409,23,367,11
9,1000,60,5.13,10.3,18,37,104,966,19,8,7,34,7.59087731,372,425,1025.203266,746.5896772,10.1229871,4.769689447,495,18,7,7,32,471,1,1,0,2,527,473,409,16,359,13
17,1000,60,5.13,10.3,18,37,0,947,27,12,14,53,7.12,94,148,14.82657445,8.639440325,6.600732601,7.744493392,525,12,4,5,21,422,15,8,9,32,546,454,79,69,56,38
15,1000,60,5.13,10.3,18,37,95,946,24,19,11,54,7.904935635,377,430,319.3181169,213.4919521,10.62558416,5.173382711,456,20,15,10,45,490,4,4,1,9,501,499,413,17,364,13
10,1000,60,5.13,10.3,18,37,99,955,29,9,7,45,7.626466126,404,464,273.9870422,187.6431802,10.74516966,4.860823368,429,26,8,7,41,526,3,1,0,4,470,530,441,23,393,11
14,1000,60,5.13,10.3,18,37,97,951,32,6,11,49,7.579037175,366,436,488.7779484,369.5371319,10.16730955,5.001097226,456,27,5,11,43,495,5,1,0,6,499,501,419,17,358,8
12,1000,60,5.13,10.3,18,37,101,953,25,12,10,47,7.286420586,371,434,834.2337918,661.2904929,10.12944445,4.374335417,465,21,11,9,41,488,4,1,1,6,506,494,418,16,363,8
13,1000,60,5.13,10.3,18,37,98,950,29,10,11,50,7.641295037,371,433,602.19597,375.3099457,10.39429388,4.843892989,459,27,9,9,45,491,2,1,2,5,504,496,417,16,360,11
11,1000,60,5.13,10.3,18,37,101,961,25,11,3,39,7.323144597,371,429,312.1509785,209.5161563,9.883557291,4.690022415,473,23,8,3,34,488,2,3,0,5,507,493,421,8,365,6
16,1000,60,5.13,10.3,18,37,78,952,35,9,4,48,7.658535783,299,356,119.8900974,86.90966698,9.664269001,5.6846396,457,27,8,4,39,495,8,1,0,9,496,504,332,24,289,10
17,1000,60,5.13,10.3,18,37,1,947,27,13,13,53,7.153175089,81,162,14.83998332,8.6782761,6.64899795,7.759520282,525,12,4,5,21,422,15,9,8,32,546,454,86,76,59,22
15,1000,60,5.13,10.3,18,37,96,944,26,18,12,56,7.908497193,384,442,332.7205221,222.7081359,10.6894336,5.116414751,454,22,15,10,47,490,4,3,2,9,501,499,424,18,373,11
10,1000,60,5.13,10.3,18,37,100,955,29,9,7,45,7.628936466,389,478,291.9899327,200.3492902,10.81516674,4.803411503,429,26,8,7,41,526,3,1,0,4,470,530,460,18,385,4
14,1000,60,5.13,10.3,18,37,98,949,34,6,11,51,7.566828283,365,442,536.7934392,404.879358,10.23346138,4.910840429,454,29,5,11,45,495,5,1,0,6,499,501,422,20,357,8
12,1000,60,5.13,10.3,18,37,102,952,25,13,10,48,7.295765047,376,437,902.0802689,707.4986655,10.16964663,4.352072578,464,21,12,9,42,488,4,1,1,6,506,494,420,17,366,10
13,1000,60,5.13,10.3,18,37,99,950,28,11,11,50,7.642408446,373,432,645.5395766,400.8648575,10.4534229,4.786055053,459,26,10,9,45,491,2,1,2,5,504,496,415,17,363,10
11,1000,60,5.13,10.3,18,37,102,961,25,11,3,39,7.311950808,384,431,327.7882063,220.1571106,9.956059563,4.592755801,473,23,8,3,34,488,2,3,0,5,507,493,411,20,369,15
16,1000,60,5.13,10.3,18,37,79,950,37,9,4,50,7.655857879,300,372,126.818712,92.00120417,9.714280558,5.630108575,455,29,8,4,41,495,8,1,0,9,496,504,351,21,290,10
17,1000,60,5.13,10.3,18,37,2,947,26,13,14,53,7.1637145,111,162,14.85764427,8.719202288,6.678919084,7.746750395,524,12,4,6,22,423,14,9,8,31,546,454,80,82,66,45
15,1000,60,5.13,10.3,18,37,97,943,28,18,11,57,7.865276122,372,446,342.2363473,229.7191522,10.72974396,4.989327455,453,23,15,10,48,490,5,3,1,9,501,499,426,20,366,6
10,1000,60,5.13,10.3,18,37,101,955,29,9,7,45,7.620378555,405,480,317.7595468,218.168156,10.89002297,4.720882567,429,26,8,7,41,526,3,1,0,4,470,530,462,18,398,7
14,1000,60,5.13,10.3,18,37,99,946,37,6,11,54,7.597012999,387,440,592.927507,445.7558521,10.32346015,4.881449869,453,30,5,11,46,493,7,1,0,8,499,501,421,19,378,9
12,1000,60,5.13,10.3,18,37,103,950,27,13,10,50,7.306461442,384,439,928.3477039,733.24044,10.21984955,4.32230277,462,23,12,9,44,488,4,1,1,6,506,494,418,21,375,9
13,1000,60,5.13,10.3,18,37,100,950,28,12,10,50,7.635669412,366,444,698.2763836,434.7295998,10.48104678,4.744398861,459,25,11,9,45,491,3,1,1,5,504,496,422,22,353,13
11,1000,60,5.13,10.3,18,37,103,961,25,11,3,39,7.340505428,378,439,344.7826547,230.7282862,10.04316903,4.56109276,473,23,8,3,34,488,2,3,0,5,507,493,422,17,370,8
15,1000,60,5.13,10.3,18,37,98,943,28,17,12,57,7.884958512,406,442,358.5429486,240.1423266,10.78893481,4.969343029,453,23,14,11,48,490,5,3,1,9,501,499,428,14,392,14
17,1000,60,5.13,10.3,18,37,3,949,24,12,15,51,7.184636773,114,161,14.89388769,8.76405365,6.661628723,7.813628833,524,12,5,5,22,425,12,7,10,29,546,454,85,76,77,37
16,1000,60,5.13,10.3,18,37,80,949,38,8,5,51,7.672147436,328,368,134.3384182,97.60350737,9.770166104,5.607430653,454,30,7,5,42,495,8,1,0,9,496,504,352,16,311,17
14,1000,60,5.13,10.3,18,37,100,947,36,5,12,53,7.568668142,373,441,630.1818023,474.7251162,10.34849748,4.799935925,453,30,4,12,46,494,6,1,0,7,499,501,426,15,367,6
10,1000,60,5.13,10.3,18,37,102,954,30,9,7,46,7.628510675,414,464,337.0171287,231.7494838,10.94356287,4.688747409,428,27,8,7,42,526,3,1,0,4,470,530,454,10,410,4
12,1000,60,5.13,10.3,18,37,104,950,27,13,10,50,7.298211298,380,453,1047.048352,809.2400003,10.24672756,4.278071159,462,23,12,9,44,488,4,1,1,6,506,494,432,21,372,8
18,1000,60,5.13,10.3,18,37,0,937,30,19,14,63,7.303,83,142,15.04711822,9.14718491,6.308617234,8.293413174,478,12,6,3,21,459,18,13,11,42,499,501,80,62,60,23
13,1000,60,5.13,10.3,18,37,101,950,27,13,10,50,7.606864618,367,435,731.8570802,456.2041546,10.50855963,4.658368077,459,24,12,9,45,491,3,1,1,5,504,496,416,19,358,9
11,1000,60,5.13,10.3,18,37,104,961,25,11,3,39,7.326654713,381,443,361.6255977,242.5582595,10.11366527,4.460499843,473,23,8,3,34,488,2,3,0,5,507,493,430,13,371,10
19,1000,60,5.13,10.3,18,37,0,930,33,17,20,70,7.442,105,166,15.02258761,9.176779026,6.687374749,8.193612774,474,14,6,5,25,456,19,11,15,45,499,501,87,79,72,33
15,1000,60,5.13,10.3,18,37,99,942,29,17,12,58,7.883973464,396,443,373.0084794,249.9357014,10.88411848,4.871803815,452,24,14,11,49,490,5,3,1,9,501,499,432,11,384,12
17,1000,60,5.13,10.3,18,37,4,949,24,12,15,51,7.213824006,93,159,14.92732993,8.825361158,6.711879119,7.817484596,524,12,5,5,22,425,12,7,10,29,546,454,97,62,63,30
16,1000,60,5.13,10.3,18,37,81,950,37,7,6,50,7.658458342,298,385,143.2480621,103.8087716,9.78001632,5.570575887,454,30,7,5,42,496,7,0,1,8,496,504,370,15,289,9
14,1000,60,5.13,10.3,18,37,101,947,35,6,12,53,7.541702124,396,444,718.3076664,543.5601709,10.39735076,4.697453282,453,29,5,12,46,494,6,1,0,7,499,501,430,14,381,15
10,1000,60,5.13,10.3,18,37,103,952,32,9,7,48,7.652775908,423,479,374.5249104,257.0837727,11.03367889,4.654616657,426,29,8,7,44,526,3,1,0,4,470,530,466,13,414,9
18,1000,60,5.13,10.3,18,37,1,937,30,18,15,63,7.362695752,92,163,15.0669331,9.195473198,6.390268979,8.331240583,478,12,6,3,21,459,18,12,12,42,499,501,92,71,59,33
13,1000,60,5.13,10.3,18,37,102,950,26,12,12,50,7.589939086,376,434,785.584029,487.1115335,10.55591941,4.576120371,459,23,11,11,45,491,3,1,1,5,504,496,421,13,368,8
19,1000,60,5.13,10.3,18,37,1,932,32,16,20,68,7.440350818,103,155,15.06040579,9.258887945,6.719880638,8.157944869,475,13,6,5,24,457,19,10,15,44,499,501,89,66,68,35
17,1000,60,5.13,10.3,18,37,5,949,24,12,15,51,7.257473138,101,144,14.95232717,8.855488279,6.754368217,7.862528837,524,12,5,5,22,425,12,7,10,29,546,454,73,71,64,37
15,1000,60,5.13,10.3,18,37,100,941,29,17,13,59,7.88150426,395,460,403.1720351,269.7141481,10.92476535,4.826045734,450,25,14,12,51,491,4,3,1,8,501,499,444,16,385,10
14,1000,60,5.13,10.3,18,37,102,946,35,7,12,54,7.557566903,388,440,779.4828199,591.1897286,10.44662223,4.680044728,453,28,6,12,46,493,7,1,0,8,499,501,422,18,379,9
10,1000,60,5.13,10.3,18,37,104,952,32,9,7,48,7.598807487,426,480,414.6353803,285.1384575,11.06722348,4.523042357,426,29,8,7,44,526,3,1,0,4,470,530,471,9,420,6
16,1000,60,5.13,10.3,18,37,82,949,38,7,6,51,7.675651263,298,400,150.2645689,109.3550509,9.85683941,5.52908515,453,31,7,5,43,496,7,0,1,8,496,504,374,26,290,8
20,1000,60,5.13,10.3,18,37,0,948,25,17,10,52,7.024,81,152,15.01389358,8.895888187,6.324489796,7.696078431,469,11,6,4,21,479,14,11,6,31,490,510,86,66,56,25
13,1000,60,5.13,10.3,18,37,103,951,25,12,12,49,7.588136924,384,443,839.2910651,525.6833544,10.58942219,4.538443829,459,23,11,11,45,492,2,1,1,4,504,496,427,16,374,10
18,1000,60,5.13,10.3,18,37,2,937,30,18,15,63,7.37324663,101,158,15.12273271,9.260619142,6.408292595,8.334348553,478,12,6,3,21,459,18,12,12,42,499,501,84,74,67,34
19,1000,60,5.13,10.3,18,37,2,934,31,14,21,66,7.433354137,83,151,15.08286898,9.292145577,6.769677354,8.094381511,475,13,6,5,24,459,18,8,16,42,499,501,90,61,49,34
17,1000,60,5.13,10.3,18,37,6,948,26,12,14,52,7.304391252,96,163,15.01386077,8.913032556,6.795017396,7.916986242,524,13,5,4,22,424,13,7,10,30,546,454,98,65,59,37
15,1000,60,5.13,10.3,18,37,101,939,30,18,13,61,7.883861789,408,448,430.4631568,288.3598737,10.9646881,4.790687475,448,26,15,12,53,491,4,3,1,8,501,499,433,15,398,10
14,1000,60,5.13,10.3,18,37,103,946,34,8,12,54,7.550362499,391,444,791.5932087,600.6826705,10.467696,4.644675038,453,27,7,12,46,493,7,1,0,8,499,501,435,9,383,8
20,1000,60,5.13,10.3,18,37,1,949,25,16,10,51,7.043105127,94,159,15.09210477,8.951585901,6.353723099,7.705452565,469,11,6,4,21,480,14,10,6,30,490,510,91,68,67,27
16,1000,60,5.13,10.3,18,37,83,948,37,9,6,52,7.695219502,310,389,158.7065411,115.5768716,9.94069292,5.485388518,452,30,9,5,44,496,7,0,1,8,496,504,363,26,301,9
13,1000,60,5.13,10.3,18,37,104,950,26,12,12,50,7.592376326,390,440,902.5145061,570.1885829,10.65200302,4.483400809,459,23,11,11,45,491,3,1,1,5,504,496,427,13,376,14
21,1000,60,5.13,10.3,18,37,0,943,35,16,6,57,7.169,100,151,15.08202876,8.864593002,6.617357002,7.736308316,485,14,7,1,22,458,21,9,5,35,507,493,80,71,69,31
18,1000,60,5.13,10.3,18,37,3,940,28,17,15,60,7.360042665,100,167,15.14852398,9.318583839,6.455054555,8.261418048,478,11,7,3,21,462,17,10,12,39,499,501,97,70,72,28
19,1000,60,5.13,10.3,18,37,3,933,32,14,21,67,7.451637037,115,153,15.13180599,9.36825233,6.80412277,8.096566417,474,13,7,5,25,459,19,7,16,42,499,501,90,63,80,35
17,1000,60,5.13,10.3,18,37,7,950,26,10,14,50,7.313861564,103,152,15.0639083,8.966623561,6.783842141,7.951285803,525,13,4,4,21,425,13,6,10,29,546,454,94,58,73,30
15,1000,60,5.13,10.3,18,37,102,940,30,17,13,60,7.857741879,404,458,458.7356137,307.9212429,10.99343933,4.7094765,448,26,15,12,53,492,4,2,1,7,501,499,447,11,392,12
14,1000,60,5.13,10.3,18,37,104,947,33,8,12,53,7.553377299,400,450,810.7967548,615.8624349,10.54005661,4.578620861,453,27,7,12,46,494,6,1,0,7,499,501,433,17,391,9
22,1000,60,5.13,10.3,18,37,0,941,30,15,14,59,7.103,100,146,15.08525488,9.170326542,6.187891441,7.944337812,461,12,3,3,18,480,18,12,11,41,479,521,83,63,72,28
20,1000,60,5.13,10.3,18,37,2,950,25,15,10,50,7.047679344,101,148,15.15705828,9.000512271,6.382643137,7.686635699,469,11,6,4,21,481,14,9,6,29,490,510,81,67,72,29
16,1000,60,5.13,10.3,18,37,84,946,37,11,6,54,7.704544906,306,392,167.284554,121.2250271,9.98674147,5.458573685,451,30,10,5,45,495,7,1,1,9,496,504,373,19,294,12
21,1000,60,5.13,10.3,18,37,1,944,34,15,7,56,7.187057076,89,175,15.11972315,8.932228012,6.690751717,7.697456299,485,13,7,2,22,459,21,8,5,34,507,493,101,74,57,32
18,1000,60,5.13,10.3,18,37,4,941,27,17,15,59,7.397417129,100,184,15.18597318,9.392207742,6.495290889,8.295942067,478,11,7,3,21,463,16,10,12,38,499,501,116,68,71,29
17,1000,60,5.13,10.3,18,37,8,951,26,11,12,49,7.298726381,84,151,15.10379989,9.038468677,6.812020674,7.884059677,525,13,4,4,21,426,13,7,8,28,546,454,94,57,58,26
19,1000,60,5.13,10.3,18,37,4,934,30,14,22,66,7.543633153,112,171,15.15277037,9.406790254,6.876684498,8.20791934,475,12,6,6,24,459,18,8,16,42,499,501,101,70,77,35
15,1000,60,5.13,10.3,18,37,103,939,31,16,14,61,7.8301505,407,450,503.2492803,337.6896156,11.03584487,4.611607655,446,28,14,13,55,493,3,2,1,6,501,499,438,12,401,6
22,1000,60,5.13,10.3,18,37,1,941,30,15,14,59,7.124370204,99,154,15.08941766,9.211435485,6.227367651,7.949061612,461,12,3,3,18,480,18,12,11,41,479,521,77,77,66,33
20,1000,60,5.13,10.3,18,37,3,951,24,15,10,49,7.058658968,93,181,15.19247439,9.066418758,6.378880921,7.711779052,470,10,6,4,20,481,14,9,6,29,490,510,107,74,61,32
16,1000,60,5.13,10.3,18,37,85,945,38,11,6,55,7.678400242,323,401,176.2210437,128.0312481,10.00536161,5.388374765,451,30,10,5,45,494,8,1,1,10,496,504,376,25,311,12
21,1000,60,5.13,10.3,18,37,2,945,32,16,7,55,7.215254642,72,177,15.16223027,8.988713488,6.740793165,7.703189671,486,12,7,2,21,459,20,9,5,34,507,493,104,73,58,14
18,1000,60,5.13,10.3,18,37,5,941,27,17,15,59,7.422600295,111,153,15.26007685,9.457065274,6.518443694,8.323147489,477,12,7,3,22,464,15,10,12,37,499,501,85,68,77,34
17,1000,60,5.13,10.3,18,37,9,951,26,11,12,49,7.330481695,100,156,15.17626666,9.071106106,6.851274308,7.906797187,525,13,4,4,21,426,13,7,8,28,546,454,92,64,65,35
15,1000,60,5.13,10.3,18,37,104,937,32,17,14,63,7.837746652,397,459,558.4633541,372.6381864,11.11956763,4.542772084,445,28,15,13,56,492,4,2,1,7,501,499,441,18,392,5
23,1000,60,5.13,10.3,18,37,0,939,32,16,13,61,6.962,83,165,15.00060227,9.007890041,6.014,7.91,481,13,5,1,19,458,19,11,12,42,500,500,87,78,55,28
19,1000,60,5.13,10.3,18,37,5,936,30,12,22,64,7.533310832,105,149,15.20607514,9.433914759,6.85671483,8.207205852,476,12,5,6,23,460,18,7,16,41,499,501,85,64,70,35
22,1000,60,5.13,10.3,18,37,2,942,30,14,14,58,7.133832796,94,162,15.13500418,9.267607622,6.277029017,7.92156602,461,12,3,3,18,481,18,11,11,40,479,521,102,60,70,24
20,1000,60,5.13,10.3,18,37,4,951,24,15,10,49,7.077543505,106,149,15.24593229,9.112454558,6.415355221,7.71376362,470,10,6,4,20,481,14,9,6,29,490,510,92,57,74,32
21,1000,60,5.13,10.3,18,37,3,946,31,15,8,54,7.239090564,97,155,15.19266751,9.039310297,6.763363684,7.728326929,486,12,6,3,21,460,19,9,5,33,507,493,89,66,63,34
16,1000,60,5.13,10.3,18,37,86,946,37,11,6,54,7.645625438,343,386,187.9284749,136.2190528,10.02225722,5.306717968,451,30,10,5,45,495,7,1,1,9,496,504,369,17,333,10
17,1000,60,5.13,10.3,18,37,10,951,26,11,12,49,7.384861871,103,175,15.23180316,9.135502616,6.930256564,7.931589839,525,13,4,4,21,426,13,7,8,28,546,454,110,65,75,28
18,1000,60,5.13,10.3,18,37,6,943,24,18,15,57,7.429416265,114,157,15.2973804,9.49384901,6.574470328,8.280949244,477,11,8,3,22,466,13,10,12,35,499,501,96,61,83,31
23,1000,60,5.13,10.3,18,37,1,939,32,17,12,61,6.985180006,113,151,15.05591994,9.039797687,6.100968159,7.869391853,480,13,6,1,20,459,19,11,11,41,500,500,81,70,85,28
19,1000,60,5.13,10.3,18,37,6,935,31,12,22,65,7.582974623,89,164,15.30891289,9.522934581,6.89447533,8.268725416,476,12,5,6,23,459,19,7,16,42,499,501,93,71,65,24
22,1000,60,5.13,10.3,18,37,3,943,28,15,14,57,7.12339231,95,144,15.18548355,9.338910831,6.30251743,7.878093016,461,11,4,3,18,482,17,11,11,39,479,521,83,61,63,32
20,1000,60,5.13,10.3,18,37,5,952,23,15,10,48,7.07763694,100,144,15.32638418,9.164760303,6.429165826,7.700677814,471,9,6,4,19,481,14,9,6,29,490,510,72,72,66,34
17,1000,60,5.13,10.3,18,37,11,950,27,10,13,50,7.442384497,88,165,15.27592431,9.18839623,7.001127425,7.973059302,525,13,4,4,21,425,14,6,9,29,546,454,92,73,57,31
21,1000,60,5.13,10.3,18,37,4,950,30,12,8,50,7.235661081,87,159,15.22133491,9.093859041,6.757392176,7.727511659,488,10,6,3,19,462,20,6,5,31,507,493,91,68,54,33
18,1000,60,5.13,10.3,18,37,7,943,25,18,14,57,7.435788777,81,165,15.29374612,9.548129692,6.62735421,8.24099606,477,11,8,3,22,466,14,10,11,35,499,501,103,62,57,24
16,1000,60,5.13,10.3,18,37,87,945,38,10,7,55,7.6766807,333,400,201.7303502,145.7199075,10.06400176,5.327253628,451,30,9,6,45,494,8,1,1,10,496,504,380,20,321,12
23,1000,60,5.13,10.3,18,37,2,942,29,19,10,58,6.96982567,99,160,15.10900367,9.111618607,6.121443031,7.81820831,481,12,6,1,19,461,17,13,9,39,500,500,93,67,71,28
19,1000,60,5.13,10.3,18,37,7,934,32,12,22,66,7.62688763,96,145,15.37554288,9.60310636,6.952533778,8.29854945,475,13,5,6,24,459,19,7,16,42,499,501,82,63,67,29
22,1000,60,5.13,10.3,18,37,4,944,27,15,14,56,7.134005398,90,170,15.25139529,9.407482568,6.331566267,7.871756538,461,11,4,3,18,483,16,11,11,38,479,521,104,66,60,30
20,1000,60,5.13,10.3,18,37,6,953,22,15,10,47,7.117760015,85,152,15.38279716,9.220928032,6.47490505,7.735404981,470,10,6,4,20,483,12,9,6,27,490,510,97,55,63,22
17,1000,60,5.13,10.3,18,37,12,950,28,9,13,50,7.456328374,87,163,15.37147143,9.297149773,7.022018112,7.978648645,525,14,3,4,21,425,14,6,9,29,546,454,97,66,60,27
21,1000,60,5.13,10.3,18,37,5,951,29,12,8,49,7.239769597,81,160,15.26633237,9.173981785,6.78504371,7.707408592,488,10,6,3,19,463,19,6,5,30,507,493,95,65,60,21
18,1000,60,5.13,10.3,18,37,8,943,24,19,14,57,7.479431608,104,157,15.30769774,9.586977674,6.662115194,8.293485282,477,11,8,3,22,466,13,11,11,35,499,501,89,68,68,36
16,1000,60,5.13,10.3,18,37,88,945,38,9,8,55,7.673890108,359,412,211.7771901,153.4035741,10.09148279,5.294671914,451,30,9,6,45,494,8,0,2,10,496,504,389,23,350,9
23,1000,60,5.13,10.3,18,37,3,945,27,18,10,55,6.985584252,101,158,15.22366671,9.207340646,6.136355182,7.834813322,483,11,5,1,17,462,16,13,9,38,500,500,90,68,73,28
19,1000,60,5.13,10.3,18,37,8,934,32,11,23,66,7.665887252,119,160,15.41264961,9.656569126,6.973259399,8.355750122,475,13,5,6,24,459,19,6,17,42,499,501,101,59,77,42
20,1000,60,5.13,10.3,18,37,7,953,24,14,9,47,7.12416262,94,166,15.48928895,9.284388735,6.47479137,7.748068331,471,10,6,3,19,482,14,8,6,28,490,510,102,64,64,30
17,1000,60,5.13,10.3,18,37,13,951,27,9,13,49,7.459497623,101,161,15.44555689,9.336253928,7.003733009,8.007619824,526,13,3,4,20,425,14,6,9,29,546,454,96,65,64,37
22,1000,60,5.13,10.3,18,37,5,944,27,15,14,56,7.132082577,96,145,15.31753255,9.490222655,6.331485803,7.86813988,461,11,4,3,18,483,16,11,11,38,479,521,86,59,66,30
21,1000,60,5.13,10.3,18,37,6,951,30,12,7,49,7.262567025,111,155,15.3382081,9.222480446,6.833942836,7.703363098,488,10,6,3,19,463,20,6,4,30,507,493,92,63,72,39
18,1000,60,5.13,10.3,18,37,9,944,23,19,14,56,7.499515629,95,148,15.36676875,9.66263396,6.764674466,8.231423293,477,11,8,3,22,467,12,11,11,34,499,501,97,51,77,18
23,1000,60,5.13,10.3,18,37,4,945,25,20,10,55,7.037593414,80,176,15.22625592,9.263740371,6.151978617,7.923208212,483,11,5,1,17,462,14,15,9,38,500,500,98,78,50,30
16,1000,60,5.13,10.3,18,37,89,945,38,9,8,55,7.646465363,350,411,220.940423,159.9017711,10.12463213,5.207634577,450,31,9,6,46,495,7,0,2,9,496,504,389,22,339,11
19,1000,60,5.13,10.3,18,37,9,938,30,9,23,62,7.671235588,108,176,15.48282609,9.711425848,6.960591121,8.37904315,476,13,4,6,23,462,17,5,17,39,499,501,108,68,76,32
17,1000,60,5.13,10.3,18,37,14,952,27,8,13,48,7.448965597,98,145,15.48869041,9.400077653,6.999791561,7.989161684,526,13,3,4,20,426,14,5,9,28,546,454,91,54,64,34
20,1000,60,5.13,10.3,18,37,8,955,22,14,9,45,7.140774856,102,171,15.54429563,9.355573284,6.490811138,7.765249801,472,9,6,3,18,483,13,8,6,27,490,510,109,62,66,36
22,1000,60,5.13,10.3,18,37,6,945,26,15,14,55,7.147603517,98,157,15.40373759,9.57626598,6.35267169,7.878452548,461,11,4,3,18,484,15,11,11,37,479,521,97,60,71,27
21,1000,60,5.13,10.3,18,37,7,953,29,11,7,47,7.270347317,90,166,15.39571566,9.268139373,6.832479173,7.720649851,489,10,5,3,18,464,19,6,4,29,507,493,103,63,56,34
18,1000,60,5.13,10.3,18,37,10,946,23,18,13,54,7.501178675,112,146,15.45561853,9.74405611,6.811905776,8.187699985,477,11,8,3,22,469,12,10,10,32,499,501,89,57,75,37
23,1000,60,5.13,10.3,18,37,5,946,24,19,11,54,7.073606199,87,157,15.28913191,9.34533753,6.185436369,7.961776029,484,10,4,2,16,462,14,15,9,38,500,500,97,60,58,29
16,1000,60,5.13,10.3,18,37,90,946,36,10,8,54,7.648715593,336,392,234.2748884,168.9684982,10.20439854,5.133599043,450,30,10,6,46,496,6,0,2,8,496,504,378,14,325,11
19,1000,60,5.13,10.3,18,37,10,939,29,9,23,61,7.687239174,104,150,15.59038466,9.820766803,6.938772563,8.432717895,477,12,4,6,22,462,17,5,17,39,499,501,91,59,75,29
17,1000,60,5.13,10.3,18,37,15,953,26,8,13,47,7.485801478,90,156,15.55834547,9.480741303,7.038660191,8.023552893,526,13,3,4,20,427,13,5,9,27,546,454,93,63,69,21
20,1000,60,5.13,10.3,18,37,9,955,23,13,9,45,7.13199985,104,169,15.58835788,9.41180631,6.516487205,7.723374745,472,9,6,3,18,483,14,7,6,27,490,510,103,66,63,41
22,1000,60,5.13,10.3,18,37,7,946,25,15,14,54,7.169268352,101,145,15.45449712,9.636311487,6.419737405,7.858376459,461,11,4,3,18,485,14,11,11,36,479,521,86,59,76,25
21,1000,60,5.13,10.3,18,37,8,954,26,13,7,46,7.253013422,109,153,15.49680528,9.360665737,6.870934849,7.645942096,489,9,6,3,18,465,17,7,4,28,507,493,80,73,71,38
18,1000,60,5.13,10.3,18,37,11,945,23,19,13,55,7.523595867,77,181,15.50019597,9.793570381,6.870020427,8.174562223,477,10,9,3,22,468,13,10,10,33,499,501,109,72,60,17
23,1000,60,5.13,10.3,18,37,6,946,24,19,11,54,7.114252179,89,181,15.37646793,9.461950349,6.255235105,7.973269252,484,10,4,2,16,462,14,15,9,38,500,500,103,78,69,20
19,1000,60,5.13,10.3,18,37,11,939,29,9,23,61,7.689570228,111,162,15.65598259,9.898254932,6.942708315,8.433450656,477,12,4,6,22,462,17,5,17,39,499,501,100,62,79,32
16,1000,60,5.13,10.3,18,37,91,947,36,10,7,53,7.632054267,355,401,246.5257627,178.1728816,10.25070186,5.054972509,450,30,10,6,46,497,6,0,1,7,496,504,387,14,348,7
17,1000,60,5.13,10.3,18,37,16,955,26,7,12,45,7.505473105,102,181,15.65422111,9.559020004,7.078547618,8.018912128,526,13,3,4,20,429,13,4,8,25,546,454,113,68,70,32
20,1000,60,5.13,10.3,18,37,10,955,23,13,9,45,7.163740499,97,157,15.66612925,9.482073754,6.588393188,7.716525171,472,9,6,3,18,483,14,7,6,27,490,510,107,50,70,27
22,1000,60,5.13,10.3,18,37,8,943,27,16,14,57,7.194023679,89,147,15.55295059,9.735789235,6.452178486,7.876065612,460,12,4,3,19,483,15,12,11,38,479,521,96,51,71,18
18,1000,60,5.13,10.3,18,37,12,948,19,20,13,52,7.556500994,93,167,15.55873656,9.860917058,6.922795705,8.187676522,478,8,10,3,21,470,11,10,10,31,499,501,105,62,72,21
21,1000,60,5.13,10.3,18,37,9,956,24,13,7,44,7.255749792,108,168,15.56067007,9.410089284,6.903805853,7.617688082,489,9,6,3,18,467,15,7,4,26,507,493,118,50,70,38
23,1000,60,5.13,10.3,18,37,7,948,23,17,12,52,7.104320752,106,177,15.48857539,9.564170449,6.269866513,7.93877499,484,10,4,2,16,464,13,13,10,36,500,500,101,76,69,37
19,1000,60,5.13,10.3,18,37,12,942,27,10,21,58,7.655785984,108,166,15.76859325,9.963475393,6.938400119,8.370308033,477,12,4,6,22,465,15,6,15,36,499,501,105,61,88,20
17,1000,60,5.13,10.3,18,37,17,955,26,7,12,45,7.508368912,98,156,15.75203515,9.611767579,7.085703428,8.01668467,526,13,3,4,20,429,13,4,8,25,546,454,98,58,66,32
16,1000,60,5.13,10.3,18,37,92,946,37,10,7,54,7.614052846,344,424,263.8895246,191.4376585,10.27927884,4.991132026,449,31,10,6,47,497,6,0,1,7,496,504,398,26,334,10
20,1000,60,5.13,10.3,18,37,11,953,25,13,9,47,7.207089528,117,161,15.77139004,9.554520726,6.659321662,7.7333763,471,10,6,3,19,482,15,7,6,28,490,510,100,61,95,22
22,1000,60,5.13,10.3,18,37,9,942,28,16,14,58,7.270352001,97,158,15.63858377,9.811675256,6.501386236,7.977328203,460,12,4,3,19,482,16,12,11,39,479,521,105,53,73,24
18,1000,60,5.13,10.3,18,37,13,948,19,20,13,52,7.577097147,97,166,15.62388564,9.931821315,6.937565539,8.214075735,478,8,10,3,21,470,11,10,10,31,499,501,114,52,67,30
21,1000,60,5.13,10.3,18,37,10,957,24,12,7,43,7.249371134,100,168,15.66116507,9.490786933,6.904887795,7.603636962,489,9,6,3,18,468,15,6,4,25,507,493,109,59,72,28
23,1000,60,5.13,10.3,18,37,8,948,23,17,12,52,7.109414243,100,171,15.53553467,9.62557133,6.275954702,7.942873784,484,10,4,2,16,464,13,13,10,36,500,500,107,64,69,31
19,1000,60,5.13,10.3,18,37,13,942,27,9,22,58,7.665265553,103,168,15.84173965,10.07375502,6.968475818,8.359273692,477,12,4,6,22,465,15,5,16,36,499,501,125,43,73,30
17,1000,60,5.13,10.3,18,37,18,956,25,7,12,44,7.521699183,107,190,15.84512047,9.731037777,7.136080998,7.985460261,526,13,3,4,20,430,12,4,8,24,546,454,119,71,77,30
20,1000,60,5.13,10.3,18,37,12,954,24,13,9,46,7.206136963,103,166,15.88458501,9.641977503,6.694806337,7.697415407,471,10,6,3,19,483,14,7,6,27,490,510,109,57,75,28
22,1000,60,5.13,10.3,18,37,10,943,27,16,14,57,7.289323883,107,138,15.73707905,9.894268242,6.526369921,7.99077292,460,12,4,3,19,483,15,12,11,38,479,521,81,57,70,37
16,1000,60,5.13,10.3,18,37,93,947,37,10,6,53,7.625461343,358,434,282.0071783,204.5943515,10.29911347,4.994248139,450,31,10,5,46,497,6,0,1,7,496,504,411,23,350,8
18,1000,60,5.13,10.3,18,37,14,948,19,19,14,52,7.625687065,92,156,15.69787798,10.02869264,6.976816482,8.271967346,478,8,9,4,21,470,11,10,10,31,499,501,113,43,71,21
21,1000,60,5.13,10.3,18,37,11,956,25,12,7,44,7.291040301,96,164,15.76551855,9.575362275,6.957762219,7.63378267,489,9,6,3,18,467,16,6,4,26,507,493,104,60,65,31
23,1000,60,5.13,10.3,18,37,9,949,24,16,11,51,7.098023648,93,168,15.60053341,9.682482632,6.265266882,7.930780414,484,10,5,1,16,465,14,11,10,35,500,500,100,68,64,29
19,1000,60,5.13,10.3,18,37,14,945,26,7,22,55,7.636477579,88,172,15.94304913,10.15905765,7.009915981,8.260537933,478,12,2,7,21,467,14,5,15,34,499,501,110,62,69,19
17,1000,60,5.13,10.3,18,37,19,957,26,6,11,43,7.546603509,101,150,15.95904733,9.851388703,7.213583265,7.947108031,525,14,3,4,21,432,12,3,7,22,546,454,91,59,71,30
20,1000,60,5.13,10.3,18,37,13,954,25,12,9,46,7.237296249,103,172,16.02285712,9.757060185,6.754726999,7.700941215,471,10,6,3,19,483,15,6,6,27,490,510,114,58,78,25
22,1000,60,5.13,10.3,18,37,11,944,26,16,14,56,7.306749999,93,184,15.82263478,9.970702579,6.547889773,8.004435312,460,12,4,3,19,484,14,12,11,37,479,521,125,59,79,14
16,1000,60,5.13,10.3,18,37,94,947,37,10,6,53,7.608508375,367,429,302.9897317,219.7263774,10.32272715,4.937372438,450,31,10,5,46,497,6,0,1,7,496,504,414,15,356,11
18,1000,60,5.13,10.3,18,37,15,948,20,19,13,52,7.651712594,95,178,15.794801,10.0941806,7.027754996,8.273179343,478,8,9,4,21,470,12,10,9,31,499,501,114,64,71,24
21,1000,60,5.13,10.3,18,37,12,959,23,11,7,41,7.27745676,93,154,15.84830291,9.636852624,6.957290257,7.606715211,490,9,5,3,17,469,14,6,4,24,507,493,86,68,66,27
23,1000,60,5.13,10.3,18,37,10,949,24,16,11,51,7.123654304,104,167,15.71916881,9.781892197,6.273048467,7.97426014,484,10,5,1,16,465,14,11,10,35,500,500,104,63,76,28
19,1000,60,5.13,10.3,18,37,15,946,26,7,21,54,7.634795683,112,164,16.09456527,10.28937716,7.033118939,8.234070525,478,12,2,7,21,468,14,5,14,33,499,501,109,55,80,32
17,1000,60,5.13,10.3,18,37,20,957,27,6,10,43,7.552479394,106,174,16.01225262,9.928850226,7.254918553,7.910338907,525,14,3,4,21,432,13,3,6,22,546,454,121,53,75,31
20,1000,60,5.13,10.3,18,37,14,956,25,10,9,44,7.226310438,99,168,16.13393366,9.840392458,6.755495008,7.678662519,473,9,5,3,17,483,16,5,6,27,490,510,116,52,74,25
22,1000,60,5.13,10.3,18,37,12,943,27,15,15,57,7.347695708,111,157,15.90506685,10.06629735,6.586451362,8.047572947,460,12,4,3,19,483,15,11,12,38,479,521,101,56,81,30
18,1000,60,5.13,10.3,18,37,16,949,20,19,12,51,7.655568546,116,175,15.93541588,10.21882606,7.021577155,8.287029034,479,8,9,3,20,470,12,10,9,31,499,501,113,62,91,25
21,1000,60,5.13,10.3,18,37,13,958,24,11,7,42,7.274437934,96,148,15.88069685,9.663306572,6.947930275,7.610217615,491,8,5,3,16,467,16,6,4,26,507,493,91,57,69,27
16,1000,60,5.13,10.3,18,37,95,947,37,10,6,53,7.632009162,368,415,317.2071126,229.7703709,10.38791432,4.919848529,450,31,10,5,46,497,6,0,1,7,496,504,399,16,359,9
23,1000,60,5.13,10.3,18,37,11,950,24,15,11,50,7.12523423,103,162,15.8305847,9.868275521,6.290550195,7.959918265,484,10,5,1,16,466,14,10,10,34,500,500,94,68,75,28
19,1000,60,5.13,10.3,18,37,16,947,25,7,21,53,7.659100651,108,153,16.1853487,10.39228,7.064504239,8.251323425,478,12,2,7,21,469,13,5,14,32,499,501,106,47,81,27
17,1000,60,5.13,10.3,18,37,21,957,27,6,10,43,7.557297358,98,172,16.06702294,10.00137756,7.262861664,7.911398436,525,14,3,4,21,432,13,3,6,22,546,454,107,65,76,22
20,1000,60,5.13,10.3,18,37,15,955,26,9,10,45,7.213076476,101,164,16.25090908,9.954885863,6.760771536,7.647643968,473,9,5,3,17,482,17,4,7,28,490,510,112,52,81,20
22,1000,60,5.13,10.3,18,37,13,944,26,15,15,56,7.333546079,113,161,16.03194421,10.16611583,6.566455872,8.03879792,461,11,4,3,18,483,15,11,12,38,479,521,107,54,78,35
18,1000,60,5.13,10.3,18,37,17,949,20,19,12,51,7.679648396,93,168,16.10512464,10.35361236,7.047015439,8.309755872,479,8,9,3,20,470,12,10,9,31,499,501,103,65,69,24
21,1000,60,5.13,10.3,18,37,14,958,23,11,8,42,7.302316645,105,145,16.00281793,9.744199219,6.977132409,7.63673532,491,8,4,4,16,467,15,7,4,26,507,493,92,53,74,31
16,1000,60,5.13,10.3,18,37,96,944,40,10,6,56,7.626123385,373,423,335.8767322,244.1391501,10.43740502,4.85946527,448,33,10,5,48,496,7,0,1,8,496,504,406,17,361,12
23,1000,60,5.13,10.3,18,37,12,952,24,13,11,48,7.122145115,108,168,15.9504773,9.974678229,6.313523087,7.930767143,483,11,5,1,17,469,13,8,10,31,500,500,103,65,72,36
19,1000,60,5.13,10.3,18,37,17,948,25,7,20,52,7.639147976,97,176,16.2528748,10.45701051,7.053280902,8.222676258,479,11,2,7,20,469,14,5,13,32,499,501,128,48,71,26
17,1000,60,5.13,10.3,18,37,22,957,28,6,9,43,7.56930006,81,186,16.20385418,10.10485768,7.311201636,7.879700366,525,14,3,4,21,432,14,3,5,22,546,454,118,68,55,26
20,1000,60,5.13,10.3,18,37,16,956,26,9,9,44,7.238131788,122,170,16.35097864,10.05944122,6.845942996,7.614940627,472,10,5,3,18,484,16,4,6,26,490,510,118,52,87,35
22,1000,60,5.13,10.3,18,37,14,944,26,15,15,56,7.366348326,104,182,16.12765631,10.2633676,6.622345967,8.050373528,460,12,4,3,19,484,14,11,12,37,479,521,117,65,81,23
21,1000,60,5.13,10.3,18,37,15,960,23,9,8,40,7.2996912,106,169,16.11158016,9.85044118,7.004198929,7.603574732,491,8,4,4,16,469,15,5,4,24,507,493,108,61,78,28
18,1000,60,5.13,10.3,18,37,18,949,20,19,12,51,7.694006635,111,170,16.21378964,10.4527574,7.081890429,8.303679263,479,8,9,3,20,470,12,10,9,31,499,501,111,59,86,25
23,1000,60,5.13,10.3,18,37,13,954,22,13,11,46,7.11582308,98,168,16.0308077,10.07560496,6.338853303,7.892792858,483,11,5,1,17,471,11,8,10,29,500,500,108,60,75,23
16,1000,60,5.13,10.3,18,37,97,942,41,11,6,58,7.62059322,377,430,357.6942783,259.090406,10.47771761,4.808820012,447,34,10,5,49,495,7,1,1,9,496,504,414,16,366,11
17,1000,60,5.13,10.3,18,37,23,960,26,4,10,40,7.569302416,96,167,16.27977815,10.18580146,7.357083258,7.824526337,525,14,3,4,21,435,12,1,6,19,546,454,114,53,74,22
19,1000,60,5.13,10.3,18,37,18,949,24,7,20,51,7.660722068,106,187,16.39021545,10.56427898,7.09197901,8.227194694,479,11,2,7,20,470,13,5,13,31,499,501,131,56,81,25
20,1000,60,5.13,10.3,18,37,17,955,27,10,8,45,7.281548847,119,162,16.45611734,10.1351478,6.922438544,7.626576393,471,11,5,3,19,484,16,5,5,26,490,510,112,50,86,33
22,1000,60,5.13,10.3,18,37,15,944,26,15,15,56,7.411389081,111,172,16.20885925,10.31599802,6.673912664,8.089414424,460,12,4,3,19,484,14,11,12,37,479,521,101,71,86,25
21,1000,60,5.13,10.3,18,37,16,962,21,9,8,38,7.259259227,99,164,16.19066201,9.95798136,7.02116849,7.504111162,491,8,4,4,16,471,13,5,4,22,507,493,107,57,77,22
18,1000,60,5.13,10.3,18,37,19,952,20,16,12,48,7.687555377,123,176,16.30474744,10.53096461,7.120442567,8.252404265,480,8,8,3,19,472,12,8,9,29,499,501,115,61,96,27
23,1000,60,5.13,10.3,18,37,14,954,22,13,11,46,7.134019128,102,157,16.13680459,10.16090529,6.398944116,7.86909414,483,11,5,1,17,471,11,8,10,29,500,500,91,66,87,15
17,1000,60,5.13,10.3,18,37,24,959,27,4,10,41,7.548075891,100,171,16.46477545,10.34431323,7.387117135,7.741651839,523,16,3,4,23,436,11,1,6,18,546,454,116,55,77,23
19,1000,60,5.13,10.3,18,37,19,948,26,8,18,52,7.637187771,99,172,16.53625851,10.68574573,7.062619097,8.209462758,478,13,3,5,21,470,13,5,13,31,499,501,110,62,75,24
16,1000,60,5.13,10.3,18,37,98,942,41,11,6,58,7.612762293,384,435,381.1489191,275.0467407,10.49912585,4.772214026,448,33,10,5,48,494,8,1,1,10,496,504,413,22,368,16
20,1000,60,5.13,10.3,18,37,18,956,26,10,8,44,7.293213172,93,162,16.58032957,10.24491677,6.937447711,7.635027047,471,11,5,3,19,485,15,5,5,25,490,510,116,46,71,22
22,1000,60,5.13,10.3,18,37,16,944,26,15,15,56,7.43696169,102,180,16.35430766,10.39741644,6.676628009,8.136001676,460,12,4,3,19,484,14,11,12,37,479,521,124,56,73,29
18,1000,60,5.13,10.3,18,37,20,952,21,16,11,48,7.70274542,98,161,16.40164522,10.65422871,7.152623886,8.25067086,480,8,8,3,19,472,13,8,8,29,499,501,108,53,82,16
21,1000,60,5.13,10.3,18,37,17,962,21,9,8,38,7.266923814,93,146,16.24917613,10.0194098,7.011135061,7.529976345,491,8,4,4,16,471,13,5,4,22,507,493,97,49,59,34
23,1000,60,5.13,10.3,18,37,15,954,22,12,12,46,7.178574607,97,175,16.19901258,10.24167021,6.472426168,7.884723045,483,11,4,2,17,471,11,8,10,29,500,500,117,58,70,27
17,1000,60,5.13,10.3,18,37,25,961,25,5,9,39,7.53978156,114,177,16.60243387,10.47914103,7.44383805,7.655167367,524,15,4,3,22,437,10,1,6,17,546,454,115,62,87,27
19,1000,60,5.13,10.3,18,37,20,948,26,8,18,52,7.641521291,99,164,16.57873251,10.75025915,7.071975305,8.20879364,478,13,3,5,21,470,13,5,13,31,499,501,115,49,76,23
16,1000,60,5.13,10.3,18,37,99,942,41,11,6,58,7.637299496,379,440,405.5100014,292.131265,10.57560751,4.745631296,447,34,10,5,49,495,7,1,1,9,496,504,423,17,367,12
20,1000,60,5.13,10.3,18,37,19,960,21,11,8,40,7.28595091,107,161,16.7572953,10.35555043,6.972935647,7.586691064,471,9,7,3,19,489,12,4,5,21,490,510,109,52,75,32
22,1000,60,5.13,10.3,18,37,17,944,26,15,15,56,7.474360999,103,183,16.47838015,10.46559637,6.723578001,8.164620224,460,12,4,3,19,484,14,11,12,37,479,521,124,59,78,25
18,1000,60,5.13,10.3,18,37,21,953,20,16,11,47,7.743096977,109,178,16.5301467,10.76406206,7.198166283,8.285852299,481,7,8,3,18,472,13,8,8,29,499,501,121,57,81,28
21,1000,60,5.13,10.3,18,37,18,963,21,8,8,37,7.256345804,99,155,16.36923816,10.12139541,7.021537335,7.497822263,491,8,4,4,16,472,13,4,4,21,507,493,107,48,68,31
17,1000,60,5.13,10.3,18,37,26,961,25,5,9,39,7.56371895,113,178,16.73686621,10.59860832,7.501035407,7.639104884,524,15,4,3,22,437,10,1,6,17,546,454,111,67,88,25
23,1000,60,5.13,10.3,18,37,16,954,22,12,12,46,7.2067901,96,181,16.36572837,10.37888075,6.498959585,7.914620615,483,11,4,2,17,471,11,8,10,29,500,500,116,65,73,23
19,1000,60,5.13,10.3,18,37,21,947,28,8,17,53,7.636826831,113,156,16.71037947,10.86624448,7.089322758,8.18214526,477,14,3,5,22,470,14,5,12,31,499,501,108,48,87,26
20,1000,60,5.13,10.3,18,37,20,962,20,10,8,38,7.281357519,107,179,16.91262849,10.47892365,6.987419922,7.563768151,473,8,6,3,17,489,12,4,5,21,490,510,128,51,77,30
16,1000,60,5.13,10.3,18,37,100,941,40,13,6,59,7.648973963,396,452,423.75355,304.7217365,10.6636954,4.68210525,446,33,12,5,50,495,7,1,1,9,496,504,432,20,385,11
22,1000,60,5.13,10.3,18,37,18,945,26,13,16,55,7.493476044,97,155,16.61506362,10.54522468,6.737763089,8.188267801,460,12,4,3,19,485,14,9,13,36,479,521,106,49,78,19
18,1000,60,5.13,10.3,18,37,22,956,17,16,11,44,7.737700665,120,157,16.66566423,10.91215188,7.246734853,8.226706535,482,6,8,3,17,474,11,8,8,27,499,501,121,36,98,22
21,1000,60,5.13,10.3,18,37,19,961,23,8,8,39,7.278601517,106,166,16.48546207,10.22959152,7.035162473,7.528953637,490,9,4,4,17,471,14,4,4,22,507,493,116,50,81,25
17,1000,60,5.13,10.3,18,37,27,961,26,5,8,39,7.551962413,117,189,16.92360368,10.74989551,7.508039249,7.604786306,523,16,4,3,23,438,10,1,5,16,546,454,137,52,79,38
23,1000,60,5.13,10.3,18,37,17,954,22,12,12,46,7.248245772,101,165,16.51078201,10.48841793,6.549539113,7.946952431,483,11,4,2,17,471,11,8,10,29,500,500,105,60,77,24
19,1000,60,5.13,10.3,18,37,22,946,30,8,16,54,7.626257737,122,158,16.84848264,11.01991902,7.112712481,8.137752913,476,15,3,5,23,470,15,5,11,31,499,501,117,41,94,28
20,1000,60,5.13,10.3,18,37,21,962,21,9,8,38,7.2885318,126,186,17.09603492,10.63826795,7.037142493,7.530062702,473,8,6,3,17,489,13,3,5,21,490,510,122,64,101,25
22,1000,60,5.13,10.3,18,37,19,944,28,11,17,56,7.554980501,105,150,16.7196439,10.60593975,6.814641485,8.235637678,460,12,4,3,19,484,16,7,14,37,479,521,107,43,67,38
16,1000,60,5.13,10.3,18,37,101,942,39,13,6,58,7.619329158,397,444,445.8718448,321.1810091,10.69255426,4.594885408,446,33,12,5,50,496,6,1,1,8,496,504,438,6,388,9
21,1000,60,5.13,10.3,18,37,20,961,23,8,8,39,7.268408136,99,171,16.60163381,10.35308047,7.048491061,7.49457032,490,9,4,4,17,471,14,4,4,22,507,493,115,56,75,24
18,1000,60,5.13,10.3,18,37,23,955,18,14,13,45,7.781165671,116,163,16.78185863,11.02938428,7.261425439,8.298831092,482,6,8,3,17,473,12,6,10,28,499,501,119,44,89,27
17,1000,60,5.13,10.3,18,37,28,964,23,5,8,36,7.525301918,110,162,17.08369863,10.899801,7.531946908,7.517310366,523,16,4,3,23,441,7,1,5,13,546,454,114,48,82,28
23,1000,60,5.13,10.3,18,37,18,955,23,11,11,45,7.25439154,124,159,16.64557215,10.60564546,6.598869763,7.909913317,484,11,3,2,16,471,12,8,9,29,500,500,109,50,98,26
19,1000,60,5.13,10.3,18,37,23,944,32,8,16,56,7.639123255,129,167,16.98583305,11.12535582,7.113441837,8.162706145,476,15,3,5,23,468,17,5,11,33,499,501,113,54,102,27
20,1000,60,5.13,10.3,18,37,22,963,21,9,7,37,7.307799606,109,176,17.27362531,10.77372763,7.062625528,7.543359014,474,8,6,2,16,489,13,3,5,21,490,510,130,46,81,28
22,1000,60,5.13,10.3,18,37,20,946,27,11,16,54,7.588537471,125,186,16.83667373,10.69706302,6.935685883,8.188759949,460,12,4,3,19,486,15,7,13,35,479,521,131,55,94,31
21,1000,60,5.13,10.3,18,37,21,962,22,8,8,38,7.288232946,113,169,16.68460068,10.43559314,7.086434871,7.495761596,490,9,4,4,17,472,13,4,4,21,507,493,110,59,83,30
18,1000,60,5.13,10.3,18,37,24,956,18,14,12,44,7.819714216,122,177,16.94581894,11.15201231,7.274237615,8.363013265,482,6,8,3,17,474,12,6,9,27,499,501,119,58,95,27
16,1000,60,5.13,10.3,18,37,102,942,37,14,7,58,7.608892237,390,426,489.2405695,352.0694237,10.7185016,4.548641753,446,31,13,6,50,496,6,1,1,8,496,504,415,11,377,13
17,1000,60,5.13,10.3,18,37,29,962,25,5,8,38,7.582084112,110,187,17.23306698,11.03486737,7.616284325,7.54095346,521,18,4,3,25,441,7,1,5,13,546,454,136,51,94,16
23,1000,60,5.13,10.3,18,37,19,953,24,12,11,47,7.289006419,103,173,16.79720946,10.74974695,6.6483854,7.929627438,483,12,3,2,17,470,12,9,9,30,500,500,117,56,75,28
19,1000,60,5.13,10.3,18,37,24,944,32,8,16,56,7.609574741,120,203,17.11177268,11.236719,7.097095509,8.120008147,476,15,3,5,23,468,17,5,11,33,499,501,142,61,93,27
20,1000,60,5.13,10.3,18,37,23,963,21,9,7,37,7.347234197,113,158,17.53254008,10.94967503,7.110540198,7.574646077,474,8,6,2,16,489,13,3,5,21,490,510,115,43,90,23
22,1000,60,5.13,10.3,18,37,21,947,26,11,16,53,7.599089369,113,171,16.93105885,10.75114706,6.978109117,8.170009794,460,12,4,3,19,487,14,7,13,34,479,521,111,60,91,22
18,1000,60,5.13,10.3,18,37,25,956,18,14,12,44,7.847764514,110,188,17.07985753,11.27279237,7.284136056,8.409142959,482,6,8,3,17,474,12,6,9,27,499,501,129,59,95,15
21,1000,60,5.13,10.3,18,37,22,963,21,7,9,37,7.309142651,127,217,16.81962781,10.53091207,7.152543894,7.470188432,490,9,3,5,17,473,12,4,4,20,507,493,141,76,98,29
17,1000,60,5.13,10.3,18,37,30,963,23,6,8,37,7.580913836,112,165,17.41545516,11.20829203,7.64682709,7.501643711,520,18,5,3,26,443,5,1,5,11,546,454,119,46,95,17
16,1000,60,5.13,10.3,18,37,103,942,36,15,7,58,7.584698258,403,448,524.6448477,376.9729737,10.7316136,4.487733951,445,31,14,6,51,497,5,1,1,7,496,504,433,15,393,10
23,1000,60,5.13,10.3,18,37,20,953,24,12,11,47,7.324324713,122,174,16.96228503,10.88258874,6.692452335,7.95619709,483,12,3,2,17,470,12,9,9,30,500,500,117,57,103,19
19,1000,60,5.13,10.3,18,37,25,944,31,9,16,56,7.645839735,112,186,17.24877879,11.39280675,7.164614011,8.125144397,476,15,3,5,23,468,16,6,11,33,499,501,133,53,87,25
20,1000,60,5.13,10.3,18,37,24,965,19,9,7,35,7.36332948,126,175,17.80597807,11.12515781,7.150149166,7.568149782,474,8,6,2,16,491,11,3,5,19,490,510,121,54,93,33
22,1000,60,5.13,10.3,18,37,22,949,24,11,16,51,7.63176289,109,164,17.06752974,10.87926395,7.025133404,8.189489424,460,12,4,3,19,489,12,7,13,32,479,521,112,52,86,23
18,1000,60,5.13,10.3,18,37,26,957,18,13,12,43,7.825767346,125,176,17.23796908,11.40283159,7.290115488,8.359280874,482,6,8,3,17,475,12,5,9,26,499,501,128,48,104,21
21,1000,60,5.13,10.3,18,37,23,963,21,7,9,37,7.328079597,107,155,16.96698128,10.63862101,7.209505182,7.450021237,490,9,3,5,17,473,12,4,4,20,507,493,107,48,86,21
17,1000,60,5.13,10.3,18,37,31,962,24,6,8,38,7.600223568,125,181,17.5132088,11.35449674,7.65151748,7.538535294,520,18,5,3,26,442,6,1,5,12,546,454,132,49,101,24
23,1000,60,5.13,10.3,18,37,21,952,25,12,11,48,7.398654004,126,196,17.14016778,11.03013796,6.741056343,8.056251664,483,12,3,2,17,469,13,9,9,31,500,500,135,61,97,29
16,1000,60,5.13,10.3,18,37,104,941,36,16,7,59,7.582041547,392,449,565.6805466,406.1709418,10.73897539,4.47521777,445,31,14,6,51,496,5,2,1,8,496,504,431,18,382,10
24,1000,60,5.13,10.3,18,37,0,932,35,13,20,68,7.325,113,176,15.08960417,9.557497733,6.292016807,8.263358779,461,6,2,7,15,471,29,11,13,53,476,524,106,70,85,28
19,1000,60,5.13,10.3,18,37,26,942,35,9,14,58,7.644947818,117,171,17.3150521,11.47556149,7.203383009,8.084749893,475,16,3,5,24,467,19,6,9,34,499,501,130,41,91,26
20,1000,60,5.13,10.3,18,37,25,965,19,9,7,35,7.407325807,122,206,17.9393685,11.23666143,7.221734812,7.585638723,474,8,6,2,16,491,11,3,5,19,490,510,148,58,101,21
22,1000,60,5.13,10.3,18,37,23,948,25,10,17,52,7.647436905,129,167,17.20880341,10.98384112,7.039012243,8.206813897,459,13,4,3,20,489,12,6,14,32,479,521,127,40,100,29
18,1000,60,5.13,10.3,18,37,27,956,19,13,12,44,7.809279347,124,182,17.4355165,11.58892523,7.306714986,8.309837464,480,8,8,3,19,476,11,5,9,25,499,501,130,52,98,26
17,1000,60,5.13,10.3,18,37,32,962,22,8,8,38,7.645997647,120,171,17.72843677,11.52081295,7.701721014,7.578982321,520,16,7,3,26,442,6,1,5,12,546,454,116,55,94,26
21,1000,60,5.13,10.3,18,37,24,964,21,6,9,36,7.331369993,117,179,17.11791421,10.77164151,7.228137536,7.437534001,490,9,3,5,17,474,12,3,4,19,507,493,126,53,90,27
23,1000,60,5.13,10.3,18,37,22,952,26,11,11,48,7.457700207,112,164,17.34513617,11.22337055,6.832753496,8.082646918,483,12,3,2,17,469,14,8,9,31,500,500,124,40,88,24
19,1000,60,5.13,10.3,18,37,27,943,34,9,14,57,7.623011024,115,176,17.41369199,11.55249049,7.221221422,8.023196675,476,15,3,5,23,467,19,6,9,34,499,501,122,54,86,29
24,1000,60,5.13,10.3,18,37,1,935,34,12,19,65,7.308804199,104,186,15.10257953,9.615310983,6.266051722,8.256037365,462,6,2,6,14,473,28,10,13,51,476,524,112,74,72,32
20,1000,60,5.13,10.3,18,37,26,964,19,10,7,36,7.456183992,100,174,18.14990096,11.38252282,7.285805944,7.619880548,474,8,6,2,16,490,11,4,5,20,490,510,130,44,77,23
22,1000,60,5.13,10.3,18,37,24,948,25,10,17,52,7.63900978,126,181,17.37859593,11.12371884,7.059062117,8.172205425,459,13,4,3,20,489,12,6,14,32,479,521,127,54,102,24
18,1000,60,5.13,10.3,18,37,28,955,20,13,12,45,7.846666258,108,184,17.58332645,11.72189131,7.336881793,8.354415655,479,9,8,3,20,476,11,5,9,25,499,501,132,52,90,18
17,1000,60,5.13,10.3,18,37,33,962,22,8,8,38,7.66720521,122,171,17.93614636,11.71689546,7.731157517,7.590293404,520,16,7,3,26,442,6,1,5,12,546,454,124,47,102,20
21,1000,60,5.13,10.3,18,37,25,964,21,6,9,36,7.378133637,112,166,17.28378724,10.90875067,7.300603294,7.457865653,490,9,3,5,17,474,12,3,4,19,507,493,119,47,92,20
23,1000,60,5.13,10.3,18,37,23,954,24,11,11,46,7.453236833,105,168,17.55330077,11.39997128,6.865529429,8.040944238,483,12,3,2,17,471,12,8,9,29,500,500,119,49,83,22
19,1000,60,5.13,10.3,18,37,28,941,36,9,14,59,7.668190038,126,178,17.57450306,11.69043288,7.301245093,8.033670133,474,17,3,5,25,467,19,6,9,34,499,501,134,44,101,25
24,1000,60,5.13,10.3,18,37,2,936,34,11,19,64,7.325790692,116,174,15.15012684,9.682460864,6.299918748,8.257689634,463,6,1,6,13,473,28,10,13,51,476,524,96,78,74,42
20,1000,60,5.13,10.3,18,37,27,964,19,10,7,36,7.456213465,130,191,18.35301892,11.55103054,7.283470771,7.622181936,474,8,6,2,16,490,11,4,5,20,490,510,152,39,103,27
22,1000,60,5.13,10.3,18,37,25,947,25,11,17,53,7.666770725,111,160,17.53057052,11.25353056,7.083984866,8.202575767,458,13,5,3,21,489,12,6,14,32,479,521,116,44,96,15
18,1000,60,5.13,10.3,18,37,29,954,21,13,12,46,7.871450006,122,175,17.76399681,11.87086712,7.403181705,8.337848972,478,10,8,3,21,476,11,5,9,25,499,501,130,45,104,18
17,1000,60,5.13,10.3,18,37,34,961,23,8,8,39,7.686968307,119,190,18.19755222,11.91242018,7.774935974,7.581174594,519,17,7,3,27,442,6,1,5,12,546,454,138,52,103,16
21,1000,60,5.13,10.3,18,37,26,964,21,6,9,36,7.371456106,126,179,17.48835182,11.06299445,7.305821165,7.438954919,490,9,3,5,17,474,12,3,4,19,507,493,132,47,101,25
23,1000,60,5.13,10.3,18,37,24,956,23,9,12,44,7.474206563,119,176,17.68258925,11.51952903,6.897573838,8.050839288,484,11,3,2,16,472,12,6,10,28,500,500,136,40,89,30
19,1000,60,5.13,10.3,18,37,29,940,37,9,14,60,7.688539984,115,178,17.72584124,11.83770725,7.337098296,8.038578711,473,18,3,5,26,467,19,6,9,34,499,501,128,50,88,27
20,1000,60,5.13,10.3,18,37,28,964,19,9,8,36,7.492095451,111,196,18.56036603,11.7218189,7.334534787,7.643477266,474,8,5,3,16,490,11,4,5,20,490,510,145,51,98,13
22,1000,60,5.13,10.3,18,37,26,946,27,11,16,54,7.620777734,115,171,17.65516939,11.36195679,7.126467026,8.075239978,457,14,5,3,22,489,13,6,13,32,479,521,131,40,100,15
24,1000,60,5.13,10.3,18,37,3,937,35,9,19,63,7.329777425,107,123,15.22416046,9.744571707,6.309045523,8.257007168,463,6,1,6,13,474,29,8,13,50,476,524,79,44,77,30
18,1000,60,5.13,10.3,18,37,30,955,21,12,12,45,7.896177627,117,201,18.0277445,12.08105376,7.472534692,8.318129374,478,10,8,3,21,477,11,4,9,24,499,501,153,48,99,18
17,1000,60,5.13,10.3,18,37,35,961,23,8,8,39,7.684131138,114,201,18.47033603,12.11265405,7.779518132,7.569414621,519,17,7,3,27,442,6,1,5,12,546,454,148,53,87,27
21,1000,60,5.13,10.3,18,37,27,963,22,5,10,37,7.371983866,121,148,17.66233431,11.20826418,7.332214234,7.412882859,489,10,2,6,18,474,12,3,4,19,507,493,104,44,95,26
23,1000,60,5.13,10.3,18,37,25,957,24,9,10,43,7.444190312,118,168,17.94544508,11.74048629,6.922901345,7.965479279,485,10,3,2,15,472,14,6,8,28,500,500,124,44,91,27
19,1000,60,5.13,10.3,18,37,30,940,37,10,13,60,7.709691378,139,169,17.91565012,11.99061741,7.369140037,8.048883232,472,19,3,5,27,468,18,7,8,33,499,501,126,43,116,23
20,1000,60,5.13,10.3,18,37,29,964,19,10,7,36,7.472873494,135,173,18.82339603,11.90603456,7.379322042,7.562756261,474,8,5,3,16,490,11,5,4,20,490,510,127,46,110,25
22,1000,60,5.13,10.3,18,37,27,946,26,12,16,54,7.611473099,93,180,17.88068869,11.55430028,7.131522563,8.052732806,457,14,5,3,22,489,12,7,13,32,479,521,140,40,75,18
18,1000,60,5.13,10.3,18,37,31,955,21,12,12,45,7.92483738,105,182,18.23493342,12.24925957,7.517731235,8.330318351,478,10,8,3,21,477,11,4,9,24,499,501,140,42,86,19
24,1000,60,5.13,10.3,18,37,4,938,34,9,19,62,7.351668675,103,150,15.23812962,9.827505114,6.310311142,8.297634678,463,6,1,6,13,475,28,8,13,49,476,524,86,64,76,27
17,1000,60,5.13,10.3,18,37,36,961,23,8,8,39,7.716580664,140,185,18.72471237,12.30834465,7.82732707,7.583392256,519,17,7,3,27,442,6,1,5,12,546,454,138,47,106,34
21,1000,60,5.13,10.3,18,37,28,966,21,4,9,34,7.369279086,134,178,17.81518884,11.37057023,7.374901689,7.363496815,490,9,2,6,17,476,12,2,3,17,507,493,126,52,105,29
23,1000,60,5.13,10.3,18,37,26,958,25,7,10,42,7.45335366,129,202,18.22353905,11.9611587,6.971573771,7.935133549,485,10,3,2,15,473,15,4,8,27,500,500,145,57,104,25
19,1000,60,5.13,10.3,18,37,31,938,39,10,13,62,7.752549658,123,192,18.13930852,12.14430453,7.393301566,8.110363627,472,19,3,5,27,466,20,7,8,35,499,501,144,48,94,29
20,1000,60,5.13,10.3,18,37,30,964,19,10,7,36,7.497919576,135,174,19.05195171,12.1152756,7.437599249,7.5558744,474,8,5,3,16,490,11,5,4,20,490,510,142,32,116,19
22,1000,60,5.13,10.3,18,37,28,949,24,12,15,51,7.604933258,114,190,18.07356398,11.70357055,7.14286408,8.029753097,457,14,5,3,22,492,10,7,12,29,479,521,138,52,84,30
18,1000,60,5.13,10.3,18,37,32,955,21,12,12,45,7.937757645,135,186,18.47248264,12.40839939,7.534086849,8.33981698,478,10,8,3,21,477,11,4,9,24,499,501,146,40,113,22
17,1000,60,5.13,10.3,18,37,37,960,23,9,8,40,7.716626652,128,187,18.94133058,12.4923831,7.839247172,7.569157921,518,17,8,3,28,442,6,1,5,12,546,454,149,38,99,29
21,1000,60,5.13,10.3,18,37,29,966,21,4,9,34,7.398192393,133,196,18.01476575,11.52304457,7.400470825,7.395849259,490,9,2,6,17,476,12,2,3,17,507,493,141,55,108,25
24,1000,60,5.13,10.3,18,37,5,938,34,9,19,62,7.373922996,109,152,15.28364637,9.888498268,6.329204388,8.32294219,463,6,1,6,13,475,28,8,13,49,476,524,97,55,84,25
23,1000,60,5.13,10.3,18,37,27,958,25,7,10,42,7.45296813,112,211,18.4743862,12.18585917,6.996070767,7.909865493,485,10,3,2,15,473,15,4,8,27,500,500,158,53,95,17
20,1000,60,5.13,10.3,18,37,31,963,20,9,8,37,7.511932604,145,194,19.37043638,12.34055852,7.47091403,7.551342607,474,8,4,4,16,489,12,5,4,21,490,510,147,47,112,33
19,1000,60,5.13,10.3,18,37,32,938,39,11,12,62,7.762126165,128,167,18.35718385,12.30655447,7.439125437,8.083837469,472,19,3,5,27,466,20,8,7,35,499,501,125,42,103,25
22,1000,60,5.13,10.3,18,37,29,950,23,12,15,50,7.623199866,118,184,18.22346042,11.85817699,7.137456982,8.069784974,457,14,5,3,22,493,9,7,12,28,479,521,140,44,100,18
18,1000,60,5.13,10.3,18,37,33,956,21,13,10,44,7.890994038,123,206,18.72434789,12.61507469,7.574406895,8.206317359,478,9,9,3,21,478,12,4,7,23,499,501,151,55,105,18
17,1000,60,5.13,10.3,18,37,38,960,23,9,8,40,7.7015256,139,184,19.22886941,12.69825587,7.883216795,7.483015926,518,17,8,3,28,442,6,1,5,12,546,454,138,46,127,12
21,1000,60,5.13,10.3,18,37,30,966,21,3,10,34,7.405738444,100,209,18.26076537,11.67879839,7.404277678,7.407240691,490,9,2,6,17,476,12,1,4,17,507,493,154,55,78,22
24,1000,60,5.13,10.3,18,37,6,938,32,11,19,62,7.412202189,112,157,15.35150033,9.983819984,6.377201145,8.352393978,463,6,1,6,13,475,26,10,13,49,476,524,97,60,83,29
23,1000,60,5.13,10.3,18,37,28,961,21,8,10,39,7.452244125,119,181,18.74233978,12.40350946,7.004853001,7.89963525,485,10,3,2,15,476,11,5,8,24,500,500,121,60,97,22
20,1000,60,5.13,10.3,18,37,32,963,21,8,8,37,7.491355556,141,179,19.69338613,12.63345823,7.491587251,7.491132946,474,8,4,4,16,489,13,4,4,21,490,510,141,38,119,22
19,1000,60,5.13,10.3,18,37,33,938,39,11,12,62,7.758750696,128,187,18.67731682,12.54119503,7.468888052,8.047456205,471,20,3,5,28,467,19,8,7,34,499,501,139,48,109,19
22,1000,60,5.13,10.3,18,37,30,950,24,11,15,50,7.619779265,119,190,18.50706327,12.05072821,7.115091257,8.083782253,457,15,4,3,22,493,9,7,12,28,479,521,151,39,99,20
18,1000,60,5.13,10.3,18,37,34,956,23,13,8,44,7.907875913,130,194,18.91861025,12.75892241,7.636131958,8.178535062,477,10,9,3,22,479,13,4,5,22,499,501,143,51,107,23
17,1000,60,5.13,10.3,18,37,39,961,24,9,6,39,7.707643184,144,164,19.53198667,12.93555834,7.917658779,7.455069364,518,17,8,3,28,443,7,1,3,11,546,454,127,37,122,22
21,1000,60,5.13,10.3,18,37,31,967,20,3,10,33,7.398284267,122,184,18.41135541,11.83435868,7.422567862,7.373311076,490,9,2,6,17,477,11,1,4,16,507,493,141,43,96,26
24,1000,60,5.13,10.3,18,37,7,937,34,10,19,63,7.407281434,117,158,15.41908214,10.0831292,6.384881917,8.336026033,462,7,1,6,14,475,27,9,13,49,476,524,99,59,88,29
23,1000,60,5.13,10.3,18,37,29,961,20,9,10,39,7.472951215,127,192,19.12555066,12.65463913,7.040196985,7.905705445,485,10,3,2,15,476,10,6,8,24,500,500,148,44,107,20
20,1000,60,5.13,10.3,18,37,33,963,21,8,8,37,7.493010053,134,196,20.06069117,12.9146032,7.5132202,7.473592461,474,8,4,4,16,489,13,4,4,21,490,510,152,44,110,24
19,1000,60,5.13,10.3,18,37,34,939,37,12,12,61,7.789886435,146,191,19.00732363,12.76870535,7.5448525,8.03394219,471,20,3,5,28,468,17,9,7,33,499,501,158,33,123,23
22,1000,60,5.13,10.3,18,37,31,950,25,10,15,50,7.631645259,126,187,18.75898774,12.25158845,7.132743746,8.090328223,457,15,4,3,22,493,10,6,12,28,479,521,142,45,106,20
18,1000,60,5.13,10.3,18,37,35,955,24,13,8,45,7.945522793,125,195,19.15516357,12.93159708,7.682788005,8.207208739,477,10,9,3,22,478,14,4,5,23,499,501,147,48,108,17
17,1000,60,5.13,10.3,18,37,40,961,25,9,5,39,7.66421233,143,200,19.9941443,13.2827074,7.917287223,7.359853539,518,17,8,3,28,443,8,1,2,11,546,454,159,41,112,31
21,1000,60,5.13,10.3,18,37,32,969,18,3,10,31,7.407206175,130,178,18.62096298,11.99656134,7.468091491,7.344591864,490,9,2,6,17,479,9,1,4,14,507,493,136,42,103,27
23,1000,60,5.13,10.3,18,37,30,961,20,9,10,39,7.520659008,119,205,19.56621679,12.94098474,7.100125377,7.941192639,485,10,3,2,15,476,10,6,8,24,500,500,149,56,98,21
20,1000,60,5.13,10.3,18,37,34,964,20,8,8,36,7.487139113,156,216,20.4118512,13.20536282,7.53143739,7.444578023,474,8,4,4,16,490,12,4,4,20,490,510,172,44,136,20
24,1000,60,5.13,10.3,18,37,8,939,33,10,18,61,7.394458114,125,159,15.47625508,10.15085522,6.402954031,8.295137395,461,7,2,6,15,478,26,8,12,46,476,524,106,53,89,36
19,1000,60,5.13,10.3,18,37,35,941,37,12,10,59,7.766685539,143,187,19.29081269,12.98810056,7.570038871,7.962547189,471,19,4,5,28,470,18,8,5,31,499,501,142,45,113,30
18,1000,60,5.13,10.3,18,37,36,955,24,13,8,45,7.891309417,140,210,19.39062422,13.09682209,7.690964651,8.090854405,476,10,9,4,23,479,14,4,4,22,499,501,162,48,118,22
22,1000,60,5.13,10.3,18,37,32,950,26,10,14,50,7.642054622,137,187,18.97171378,12.42364755,7.186425146,8.060953891,457,16,3,3,22,493,10,7,11,28,479,521,152,35,110,27
17,1000,60,5.13,10.3,18,37,41,961,25,8,6,39,7.67728443,123,207,20.52095411,13.67189861,7.924199776,7.380333374,519,16,7,4,27,442,9,1,2,12,546,454,153,54,102,21
21,1000,60,5.13,10.3,18,37,33,969,18,3,10,31,7.383335439,137,191,18.8519046,12.15250459,7.462733557,7.301682609,490,9,2,6,17,479,9,1,4,14,507,493,154,37,110,27
23,1000,60,5.13,10.3,18,37,31,961,20,10,9,39,7.483638895,127,203,20.01665024,13.26258237,7.122201597,7.845076193,485,9,4,2,15,476,11,6,7,24,500,500,159,44,112,15
20,1000,60,5.13,10.3,18,37,35,965,19,8,8,35,7.479783272,134,212,20.73408473,13.45347212,7.556211933,7.406351814,474,8,4,4,16,491,11,4,4,19,490,510,169,43,112,22
19,1000,60,5.13,10.3,18,37,36,939,39,12,10,61,7.795394188,145,192,19.55564524,13.22400736,7.621691248,7.968403703,469,21,4,5,30,470,18,8,5,31,499,501,150,42,121,24
24,1000,60,5.13,10.3,18,37,9,939,33,10,18,61,7.423041,96,169,15.58930203,10.24122452,6.442356221,8.313892058,461,7,2,6,15,478,26,8,12,46,476,524,108,61,70,26
18,1000,60,5.13,10.3,18,37,37,953,26,13,8,47,7.888904455,153,215,19.66566274,13.31597753,7.725784132,8.051373598,475,11,9,4,24,478,15,4,4,23,499,501,166,49,129,24
22,1000,60,5.13,10.3,18,37,33,949,28,9,14,51,7.662128824,103,205,19.19191586,12.57621588,7.205611175,8.081844667,457,16,3,3,22,492,12,6,11,29,479,521,155,50,90,13
17,1000,60,5.13,10.3,18,37,42,962,24,8,6,38,7.729216055,150,172,20.901474,13.9653,7.956516732,7.455854449,520,15,7,4,26,442,9,1,2,12,546,454,134,38,129,21
21,1000,60,5.13,10.3,18,37,34,971,17,2,10,29,7.38607634,122,196,19.07518573,12.33770978,7.444067178,7.326438704,492,8,1,6,15,479,9,1,4,14,507,493,162,34,100,22
23,1000,60,5.13,10.3,18,37,32,960,21,10,9,40,7.507899367,141,182,20.49114455,13.63242174,7.174345206,7.841453528,484,10,4,2,16,476,11,6,7,24,500,500,140,42,119,22
20,1000,60,5.13,10.3,18,37,36,966,18,7,9,34,7.486074331,135,208,21.10780972,13.73197327,7.618037087,7.359286585,474,8,3,5,16,492,10,4,4,18,490,510,177,31,122,13
19,1000,60,5.13,10.3,18,37,37,939,39,12,10,61,7.807325355,133,187,19.85622253,13.42564786,7.627169538,7.986761986,469,21,4,5,30,470,18,8,5,31,499,501,145,42,116,17
18,1000,60,5.13,10.3,18,37,38,954,26,13,7,46,7.89098092,148,196,19.93096863,13.55896764,7.762535762,8.018913322,476,11,8,4,23,478,15,5,3,23,499,501,151,45,125,23
22,1000,60,5.13,10.3,18,37,34,948,30,8,14,52,7.693092529,148,209,19.50002538,12.87708207,7.241728489,8.108070216,456,17,3,3,23,492,13,5,11,29,479,521,154,55,113,35
17,1000,60,5.13,10.3,18,37,43,961,25,8,6,39,7.755265629,146,206,21.29887343,14.26198233,8.022714584,7.43361997,519,16,7,4,27,442,9,1,2,12,546,454,161,45,124,22
24,1000,60,5.13,10.3,18,37,10,941,32,9,18,59,7.433692887,98,152,15.66764226,10.3514949,6.454463185,8.323222159,462,7,1,6,14,479,25,8,12,45,476,524,90,62,75,23
21,1000,60,5.13,10.3,18,37,35,971,17,2,10,29,7.381846497,141,206,19.31357745,12.55458231,7.417522807,7.345157067,492,8,1,6,15,479,9,1,4,14,507,493,158,48,115,26
23,1000,60,5.13,10.3,18,37,33,958,22,11,9,42,7.550102703,161,212,20.85740699,13.93021629,7.223288789,7.876916618,483,11,4,2,17,475,11,7,7,25,500,500,167,45,143,18
20,1000,60,5.13,10.3,18,37,37,965,19,8,8,35,7.513033721,140,217,21.49746896,14.05233696,7.664034858,7.367954197,474,8,3,5,16,491,11,5,3,19,490,510,177,40,119,21
19,1000,60,5.13,10.3,18,37,38,943,36,12,9,57,7.785984254,144,199,20.18795386,13.66652696,7.654971666,7.916473837,470,20,4,5,29,473,16,8,4,28,499,501,152,47,118,26
18,1000,60,5.13,10.3,18,37,39,955,25,13,7,45,7.912246226,142,196,20.24534744,13.86620798,7.814216301,8.009884815,476,11,8,4,23,479,14,5,3,22,499,501,161,35,122,20
22,1000,60,5.13,10.3,18,37,35,948,30,8,14,52,7.701103821,130,227,19.82094613,13.15960087,7.277459388,8.090596495,455,18,3,3,24,493,12,5,11,28,479,521,169,58,102,28
17,1000,60,5.13,10.3,18,37,44,961,25,8,6,39,7.757868765,130,215,21.67742545,14.55931511,8.03732873,7.421778146,519,16,7,4,27,442,9,1,2,12,546,454,164,51,116,14
24,1000,60,5.13,10.3,18,37,11,943,31,9,17,57,7.410630317,100,156,15.78462789,10.46393025,6.482296346,8.253926062,462,7,1,6,14,481,24,8,11,43,476,524,104,52,73,27
21,1000,60,5.13,10.3,18,37,36,969,19,2,10,31,7.436822911,127,193,19.56217493,12.74196012,7.475155974,7.397401283,491,9,1,6,16,478,10,1,4,15,507,493,151,42,109,18
23,1000,60,5.13,10.3,18,37,34,958,23,10,9,42,7.559321945,140,217,21.42008745,14.30979691,7.239952179,7.878691712,483,11,4,2,17,475,12,6,7,25,500,500,165,52,116,24
20,1000,60,5.13,10.3,18,37,38,961,22,9,8,39,7.5413207,135,220,21.88337103,14.33427598,7.707440082,7.381715803,473,8,4,5,17,488,14,5,3,22,490,510,184,36,110,25
19,1000,60,5.13,10.3,18,37,39,943,36,12,9,57,7.835735023,132,191,20.532469,13.9356963,7.754708913,7.916437676,469,21,4,5,30,474,15,8,4,27,499,501,161,30,103,29
18,1000,60,5.13,10.3,18,37,40,958,25,10,7,42,7.906715669,148,226,20.66629964,14.23740968,7.859097911,7.954143335,477,11,7,4,22,481,14,3,3,20,499,501,181,45,133,15
17,1000,60,5.13,10.3,18,37,45,961,25,8,6,39,7.74202061,147,220,22.01884524,14.84541741,8.04253287,7.380611592,519,16,7,4,27,442,9,1,2,12,546,454,171,49,130,17
22,1000,60,5.13,10.3,18,37,36,950,31,6,13,50,7.672561035,136,218,20.15679668,13.4235787,7.291990545,8.022452138,455,18,3,3,24,495,13,3,10,26,479,521,175,43,121,15
21,1000,60,5.13,10.3,18,37,37,970,18,2,10,30,7.415336232,136,187,19.87321921,12.99427061,7.478429152,7.350451627,491,9,1,6,16,479,9,1,4,14,507,493,134,53,113,23
24,1000,60,5.13,10.3,18,37,12,945,30,9,16,55,7.404401353,105,162,15.89492244,10.57100005,6.473205634,8.250296702,462,8,1,5,14,483,22,8,11,41,476,524,100,62,79,26
23,1000,60,5.13,10.3,18,37,35,958,23,10,9,42,7.581517172,111,239,21.86321769,14.6635825,7.289233713,7.87380063,483,11,4,2,17,475,12,6,7,25,500,500,195,44,100,11
20,1000,60,5.13,10.3,18,37,39,961,23,8,8,39,7.539833351,131,225,22.33107888,14.69306642,7.738712692,7.348753201,472,9,4,5,18,489,14,4,3,21,490,510,181,44,113,18
19,1000,60,5.13,10.3,18,37,40,943,36,13,8,57,7.845422577,140,196,20.86007324,14.19528746,7.823541534,7.867216271,469,21,4,5,30,474,15,9,3,27,499,501,158,38,122,18
18,1000,60,5.13,10.3,18,37,41,956,27,10,7,44,7.940698012,149,209,21.08004742,14.51854127,7.914767287,7.966525221,475,13,7,4,24,481,14,3,3,20,499,501,171,38,129,20
17,1000,60,5.13,10.3,18,37,46,960,26,8,6,40,7.744406056,141,225,22.387498,15.14610849,8.081082317,7.339504651,519,16,7,4,27,441,10,1,2,13,546,454,184,41,128,13
22,1000,60,5.13,10.3,18,37,37,950,31,6,13,50,7.683189233,135,203,20.52885745,13.72920451,7.349507878,7.989971131,455,18,3,3,24,495,13,3,10,26,479,521,158,45,119,16
21,1000,60,5.13,10.3,18,37,38,970,18,2,10,30,7.438113647,133,190,20.19563559,13.22857766,7.522637208,7.351189823,490,10,1,6,17,480,8,1,4,13,507,493,145,45,121,12
23,1000,60,5.13,10.3,18,37,36,959,22,10,9,41,7.585929676,168,200,22.32937726,14.97397034,7.299788496,7.872070855,483,11,4,2,17,476,11,6,7,24,500,500,168,32,137,31
24,1000,60,5.13,10.3,18,37,13,947,29,9,15,53,7.399604307,91,197,16.08065619,10.74286884,6.493890753,8.222351735,462,8,1,5,14,485,21,8,10,39,476,524,138,59,65,26
20,1000,60,5.13,10.3,18,37,40,960,25,8,7,40,7.540244554,137,231,22.90076622,15.07781835,7.763897595,7.325362221,471,10,4,5,19,489,15,4,2,21,490,510,194,37,115,22
19,1000,60,5.13,10.3,18,37,41,944,35,12,9,56,7.838992558,156,207,21.26852706,14.48473077,7.866394278,7.811700227,469,21,4,5,30,475,14,8,4,26,499,501,165,42,132,24
18,1000,60,5.13,10.3,18,37,42,954,28,11,7,46,8.013208114,152,203,21.52747674,14.84501778,8.046648598,7.979901125,473,14,8,4,26,481,14,3,3,20,499,501,161,42,127,25
17,1000,60,5.13,10.3,18,37,47,960,26,8,6,40,7.802604178,148,197,22.65729661,15.38778212,8.134960232,7.402898438,519,16,7,4,27,441,10,1,2,13,546,454,171,26,128,20
22,1000,60,5.13,10.3,18,37,38,950,30,7,13,50,7.674033226,135,202,20.86170962,14.01044734,7.381303791,7.94316451,455,18,3,3,24,495,12,4,10,26,479,521,160,42,124,11
21,1000,60,5.13,10.3,18,37,39,969,19,2,10,31,7.436150765,131,208,20.60256173,13.51542587,7.553309277,7.315665237,490,10,1,6,17,479,9,1,4,14,507,493,164,44,108,23
23,1000,60,5.13,10.3,18,37,37,960,22,9,9,40,7.592346679,138,204,22.86179226,15.32460048,7.335343723,7.849349636,482,12,4,2,18,478,10,5,7,22,500,500,167,37,127,11
20,1000,60,5.13,10.3,18,37,41,960,24,8,8,40,7.567693207,151,231,23.52270091,15.46816712,7.80036111,7.344149536,471,9,4,6,19,489,15,4,2,21,490,510,202,29,124,27
24,1000,60,5.13,10.3,18,37,14,949,28,9,14,51,7.415178679,106,160,16.19524202,10.85973538,6.535518077,8.214259684,462,8,1,5,14,487,20,8,9,37,476,524,114,46,81,25
19,1000,60,5.13,10.3,18,37,42,947,34,12,7,53,7.818950864,157,218,21.75040731,14.8293002,7.907566773,7.730688711,470,20,4,5,29,477,14,8,2,24,499,501,168,50,137,20
18,1000,60,5.13,10.3,18,37,43,954,28,11,7,46,8.049193542,142,214,22.12602783,15.307034,8.069190451,8.029276462,473,14,8,4,26,481,14,3,3,20,499,501,181,33,134,8
17,1000,60,5.13,10.3,18,37,48,960,26,8,6,40,7.793458847,159,203,22.95203828,15.63359397,8.120729463,7.399869076,519,16,7,4,27,441,10,1,2,13,546,454,171,32,140,19
22,1000,60,5.13,10.3,18,37,39,950,31,7,12,50,7.679901558,165,208,21.21401151,14.30147136,7.402814642,7.934651332,455,18,3,3,24,495,13,4,9,26,479,521,181,27,150,15
21,1000,60,5.13,10.3,18,37,40,970,18,2,10,30,7.46080349,143,198,20.97191808,13.78508076,7.565999448,7.352620223,491,9,1,6,16,479,9,1,4,14,507,493,159,39,117,26
23,1000,60,5.13,10.3,18,37,38,962,21,8,9,38,7.563078862,151,231,23.35895794,15.7364315,7.333208502,7.792949223,483,12,3,2,17,479,9,5,7,21,500,500,194,37,128,23
20,1000,60,5.13,10.3,18,37,42,960,24,8,8,40,7.572949149,146,234,24.15414015,15.96871405,7.868281431,7.289198524,471,9,4,6,19,489,15,4,2,21,490,510,196,38,124,22
19,1000,60,5.13,10.3,18,37,43,947,36,11,6,53,7.794359453,155,214,22.13286173,15.09274085,7.918972611,7.670243754,470,20,4,5,29,477,16,7,1,24,499,501,182,32,139,16
18,1000,60,5.13,10.3,18,37,44,953,29,11,7,47,8.09123771,132,227,22.67925064,15.71416452,8.120579748,8.062012806,472,15,8,4,27,481,14,3,3,20,499,501,189,38,118,14
24,1000,60,5.13,10.3,18,37,15,949,28,8,15,51,7.407373905,121,165,16.29574771,10.96137273,6.551798894,8.184575632,462,8,1,5,14,487,20,7,10,37,476,524,115,50,91,30
17,1000,60,5.13,10.3,18,37,49,960,25,9,6,40,7.771981136,142,230,23.3762772,15.93133781,8.128657903,7.343026256,519,16,7,4,27,441,9,2,2,13,546,454,187,43,119,23
21,1000,60,5.13,10.3,18,37,41,971,18,2,9,29,7.464881212,135,206,21.4072041,14.09719212,7.592982559,7.333142098,491,9,1,6,16,480,9,1,3,13,507,493,170,36,118,17
22,1000,60,5.13,10.3,18,37,40,949,30,9,12,51,7.729604731,142,221,21.57409577,14.56047851,7.481859351,7.957378314,455,16,5,3,24,494,14,4,9,27,479,521,185,36,129,13
23,1000,60,5.13,10.3,18,37,39,963,22,7,8,37,7.546321657,141,219,24.06058319,16.33250659,7.349700591,7.742942722,483,12,3,2,17,480,10,4,6,20,500,500,180,39,126,15
20,1000,60,5.13,10.3,18,37,43,960,23,9,8,40,7.595070923,158,242,24.90027002,16.44992856,7.897461193,7.304539096,471,8,5,6,19,489,15,4,2,21,490,510,194,48,140,18
19,1000,60,5.13,10.3,18,37,44,947,35,12,6,53,7.815576751,168,228,22.48169583,15.33841236,7.981299055,7.650516013,470,20,4,5,29,477,15,8,1,24,499,501,186,42,145,23
18,1000,60,5.13,10.3,18,37,45,954,27,12,7,46,8.103282922,150,220,23.38244385,16.22767209,8.180463528,8.026410422,472,14,9,4,27,482,13,3,3,19,499,501,183,37,139,11
17,1000,60,5.13,10.3,18,37,50,959,25,10,6,41,7.817244534,149,217,23.89916754,16.31512134,8.235492852,7.31424105,517,17,8,4,29,442,8,2,2,12,546,454,173,44,136,13
24,1000,60,5.13,10.3,18,37,16,952,26,7,15,48,7.437721218,109,199,16.447468,11.11103715,6.580160685,8.216726588,462,8,1,5,14,490,18,6,10,34,476,524,128,71,89,20
21,1000,60,5.13,10.3,18,37,42,971,18,2,9,29,7.497125002,130,212,21.8804079,14.43464742,7.631367334,7.359070514,491,9,1,6,16,480,9,1,3,13,507,493,173,39,122,8
22,1000,60,5.13,10.3,18,37,41,947,32,9,12,53,7.741609665,143,209,21.99679718,14.86366423,7.506326181,7.957925958,455,16,5,3,24,492,16,4,9,29,479,521,171,38,125,18
23,1000,60,5.13,10.3,18,37,40,964,23,6,7,36,7.536989133,154,250,24.87227463,16.94200545,7.382023759,7.691954508,483,12,3,2,17,481,11,3,5,19,500,500,198,52,135,19
20,1000,60,5.13,10.3,18,37,44,961,22,9,8,39,7.607260744,143,231,25.64746235,17.043878,7.941380871,7.286243367,471,8,5,6,19,490,14,4,2,20,490,510,194,37,126,17
19,1000,60,5.13,10.3,18,37,45,946,35,13,6,54,7.833067842,144,215,22.86845597,15.65118675,8.017584578,7.649287699,469,20,5,5,30,477,15,8,1,24,499,501,176,39,128,16
18,1000,60,5.13,10.3,18,37,46,954,27,12,7,46,8.124524356,161,237,24.11232137,16.73886923,8.25503795,7.994531774,472,14,9,4,27,482,13,3,3,19,499,501,196,41,144,17
17,1000,60,5.13,10.3,18,37,51,961,23,11,5,39,7.802517167,149,222,24.4282946,16.70681175,8.256101286,7.257017324,517,17,8,4,29,444,6,3,1,10,546,454,186,36,136,13
24,1000,60,5.13,10.3,18,37,17,950,29,7,14,50,7.464093695,112,174,16.56658007,11.26651994,6.659099004,8.195348413,462,8,1,5,14,488,21,6,9,36,476,524,112,62,85,27
21,1000,60,5.13,10.3,18,37,43,971,18,2,9,29,7.534122552,144,234,22.41533616,14.83928064,7.703773991,7.359653424,491,9,1,6,16,480,9,1,3,13,507,493,191,43,121,23
22,1000,60,5.13,10.3,18,37,42,947,32,9,12,53,7.789543164,163,240,22.43025174,15.17110527,7.559371443,8.001159775,454,16,6,3,25,493,16,3,9,28,479,521,195,45,141,22
23,1000,60,5.13,10.3,18,37,41,963,24,6,7,37,7.547150618,197,233,25.40147549,17.36454424,7.417188811,7.677112424,482,13,3,2,18,481,11,3,5,19,500,500,189,44,170,27
20,1000,60,5.13,10.3,18,37,45,961,22,9,8,39,7.617751789,155,264,26.28651768,17.47606442,7.963849092,7.285226928,471,8,5,6,19,490,14,4,2,20,490,510,216,48,140,15
19,1000,60,5.13,10.3,18,37,46,949,35,11,5,51,7.792198968,155,235,23.30017599,16.04015099,8.024442344,7.560882711,469,20,5,5,30,480,15,6,0,21,499,501,194,41,138,17
18,1000,60,5.13,10.3,18,37,47,953,28,12,7,47,8.11371366,172,239,24.83599604,17.32787356,8.29383317,7.93431319,471,15,9,4,28,482,13,3,3,19,499,501,210,29,144,28
17,1000,60,5.13,10.3,18,37,52,961,24,11,4,39,7.845276345,154,220,25.0305244,17.13266171,8.336881424,7.254050853,517,17,8,4,29,444,7,3,0,10,546,454,192,28,140,14
24,1000,60,5.13,10.3,18,37,18,951,29,7,13,49,7.466284165,115,186,16.69820771,11.41229101,6.617859355,8.236990671,463,8,1,4,13,488,21,6,9,36,476,524,132,54,93,22
21,1000,60,5.13,10.3,18,37,44,971,18,2,9,29,7.561976847,150,207,22.85662238,15.18267135,7.753800003,7.36470638,491,9,1,6,16,480,9,1,3,13,507,493,159,48,129,21
20,1000,60,5.13,10.3,18,37,46,963,20,8,9,37,7.650049593,160,253,27.2314501,18.14412395,8.043186707,7.272329619,472,8,4,6,18,491,12,4,3,19,490,510,213,40,144,16
23,1000,60,5.13,10.3,18,37,42,964,22,7,7,36,7.534126841,166,239,26.20313715,18.00167197,7.445209482,7.623044201,482,12,4,2,18,482,10,3,5,18,500,500,191,48,149,17
22,1000,60,5.13,10.3,18,37,43,946,31,11,12,54,7.798837658,153,242,22.85991266,15.48810746,7.591038311,7.989885425,454,15,7,3,25,492,16,4,9,29,479,521,204,38,140,13
19,1000,60,5.13,10.3,18,37,47,949,36,10,5,51,7.805801002,172,213,24.02081138,16.54427214,8.101450782,7.51133146,468,21,5,5,31,481,15,5,0,20,499,501,179,34,152,20
18,1000,60,5.13,10.3,18,37,48,956,27,10,7,44,8.121764567,167,253,25.49145041,17.82586245,8.35345404,7.891000002,471,15,9,4,28,485,12,1,3,16,499,501,200,53,153,14
17,1000,60,5.13,10.3,18,37,53,961,24,10,5,39,7.81143649,163,246,25.46520694,17.44910027,8.317972022,7.202254991,517,17,7,5,29,444,7,3,0,10,546,454,209,37,143,20
21,1000,60,5.13,10.3,18,37,45,970,19,2,9,30,7.564757924,149,220,23.4861704,15.58396148,7.752094396,7.372101552,491,9,1,6,16,479,10,1,3,14,507,493,172,48,123,26
24,1000,60,5.13,10.3,18,37,19,950,30,7,13,50,7.482415744,119,174,16.84389027,11.51636558,6.622078946,8.263943064,463,8,1,4,13,487,22,6,9,37,476,524,122,52,91,28
23,1000,60,5.13,10.3,18,37,43,965,22,7,6,35,7.493216895,172,238,26.91186359,18.59112797,7.478690632,7.507743159,481,13,4,2,19,484,9,3,4,16,500,500,198,40,154,18
20,1000,60,5.13,10.3,18,37,47,965,18,7,10,35,7.661350011,181,275,27.93950008,18.66366902,8.068222049,7.270433739,472,8,3,7,18,493,10,4,3,17,490,510,228,47,160,21
22,1000,60,5.13,10.3,18,37,44,949,29,10,12,51,7.792228504,163,218,23.47498701,15.99189871,7.637535906,7.934450681,454,15,7,3,25,495,14,3,9,26,479,521,186,32,143,20
19,1000,60,5.13,10.3,18,37,48,949,36,10,5,51,7.791832046,162,237,24.65189605,17.01932695,8.158569805,7.42655831,468,21,5,5,31,481,15,5,0,20,499,501,211,26,144,18
17,1000,60,5.13,10.3,18,37,54,960,25,10,5,40,7.810420223,179,221,26.15409997,17.94999024,8.357333557,7.152678635,516,18,7,5,30,444,7,3,0,10,546,454,193,28,160,19
18,1000,60,5.13,10.3,18,37,49,954,29,11,6,46,8.127684891,165,233,26.19688995,18.29397598,8.429240675,7.827332923,470,15,10,4,29,484,14,1,2,17,499,501,198,35,148,17
21,1000,60,5.13,10.3,18,37,46,968,22,2,8,32,7.598360237,166,239,24.15953401,16.05119355,7.832562093,7.357507618,489,11,1,6,18,479,11,1,2,14,507,493,197,42,145,21
24,1000,60,5.13,10.3,18,37,20,952,28,7,13,48,7.463524061,130,169,16.96235325,11.64008547,6.648939721,8.203489989,462,9,1,4,14,490,19,6,9,34,476,524,120,49,100,30
23,1000,60,5.13,10.3,18,37,44,965,22,7,6,35,7.506209657,156,235,27.59959908,19.09794893,7.513439726,7.498979588,481,13,4,2,19,484,9,3,4,16,500,500,202,33,139,17
20,1000,60,5.13,10.3,18,37,48,964,19,7,10,36,7.681757937,185,272,28.88824649,19.33823267,8.111243853,7.269114607,471,9,3,7,19,493,10,4,3,17,490,510,239,33,164,21
22,1000,60,5.13,10.3,18,37,45,951,27,10,12,49,7.789657272,158,225,24.10493245,16.4224645,7.637958197,7.929127246,455,14,7,3,24,496,13,3,9,25,479,521,186,39,142,16
19,1000,60,5.13,10.3,18,37,49,949,37,9,5,51,7.794629876,182,249,25.22531801,17.48177352,8.174074106,7.416700393,469,21,4,5,30,480,16,5,0,21,499,501,215,34,160,22
17,1000,60,5.13,10.3,18,37,55,960,24,10,6,40,7.801988726,155,243,26.77627651,18.42388844,8.378625113,7.108500912,516,18,7,5,30,444,6,3,1,10,546,454,202,41,136,19
18,1000,60,5.13,10.3,18,37,50,954,28,12,6,46,8.099272919,163,265,27.15231221,18.99039633,8.447350492,7.752584878,470,15,10,4,29,484,13,2,2,17,499,501,223,42,150,13
21,1000,60,5.13,10.3,18,37,47,969,21,2,8,31,7.611043047,173,247,24.88721275,16.60135569,7.839106009,7.376503651,489,11,1,6,18,480,10,1,2,13,507,493,202,45,153,20
23,1000,60,5.13,10.3,18,37,45,966,22,6,6,34,7.513316812,166,253,28.44622274,19.71196461,7.525536648,7.501096977,481,13,4,2,19,485,9,2,4,15,500,500,216,37,154,12
20,1000,60,5.13,10.3,18,37,49,966,18,6,10,34,7.681997573,192,251,29.87311235,19.99919001,8.148358477,7.233925331,471,9,3,7,19,495,9,3,3,15,490,510,215,36,175,17
24,1000,60,5.13,10.3,18,37,21,952,28,7,13,48,7.470976045,117,186,17.12987077,11.76952908,6.666008969,8.202205679,462,9,1,4,14,490,19,6,9,34,476,524,140,46,101,16
22,1000,60,5.13,10.3,18,37,46,951,27,10,12,49,7.799663939,161,240,24.67497072,16.80678098,7.692406554,7.898274854,455,14,7,3,24,496,13,3,9,25,479,521,208,32,148,13
19,1000,60,5.13,10.3,18,37,50,950,36,8,6,50,7.805245185,174,221,25.87446689,17.94014296,8.226578688,7.385593652,469,21,4,5,30,481,15,4,1,20,499,501,191,30,156,18
17,1000,60,5.13,10.3,18,37,56,960,24,9,7,40,7.786426791,187,235,27.30198239,18.80806455,8.425162217,7.018255994,516,17,7,6,30,444,7,2,1,10,546,454,206,29,165,22
18,1000,60,5.13,10.3,18,37,51,956,26,12,6,44,8.110935833,163,242,27.9488651,19.59649011,8.465003999,7.758281113,470,15,10,4,29,486,11,2,2,15,499,501,210,32,147,16
21,1000,60,5.13,10.3,18,37,48,968,22,2,8,32,7.629229186,161,246,25.81933336,17.32030797,7.877476018,7.373932749,488,12,1,6,19,480,10,1,2,13,507,493,204,42,141,20
23,1000,60,5.13,10.3,18,37,46,969,19,6,6,31,7.480857714,180,251,29.39922929,20.43523162,7.540933352,7.420782075,482,12,4,2,18,487,7,2,4,13,500,500,227,24,158,22
20,1000,60,5.13,10.3,18,37,50,966,18,6,10,34,7.71168334,183,285,30.83034859,20.63254371,8.198581547,7.24387918,471,9,3,7,19,495,9,3,3,15,490,510,244,41,169,14
22,1000,60,5.13,10.3,18,37,47,952,28,9,11,48,7.786012631,179,245,25.40216688,17.34854297,7.707327472,7.858354649,455,14,7,3,24,497,14,2,8,24,479,521,206,39,154,25
19,1000,60,5.13,10.3,18,37,51,949,37,8,6,51,7.845348071,169,237,26.61495506,18.4915836,8.296296588,7.396199748,468,22,4,5,31,481,15,4,1,20,499,501,201,36,154,15
17,1000,60,5.13,10.3,18,37,57,960,24,9,7,40,7.779285604,202,249,28.09453573,19.53428822,8.443360613,6.980640328,516,17,7,6,30,444,7,2,1,10,546,454,217,32,178,24
24,1000,60,5.13,10.3,18,37,22,954,26,7,13,46,7.434658745,115,153,17.31804763,11.95774002,6.682407311,8.11800165,462,9,1,4,14,492,17,6,9,32,476,524,107,46,89,26
18,1000,60,5.13,10.3,18,37,52,956,26,12,6,44,8.117343185,179,274,28.74854501,20.15410029,8.502207656,7.7340151,470,15,10,4,29,486,11,2,2,15,499,501,233,41,159,20
21,1000,60,5.13,10.3,18,37,49,967,22,3,8,33,7.651698635,154,253,26.84201358,18.09506638,7.913566258,7.38239461,488,12,1,6,19,479,10,2,2,14,507,493,204,49,139,15
23,1000,60,5.13,10.3,18,37,47,970,18,6,6,30,7.470307268,177,250,30.15648124,20.96991088,7.588115951,7.352498586,482,12,4,2,18,488,6,2,4,12,500,500,206,44,163,14
20,1000,60,5.13,10.3,18,37,51,966,18,6,10,34,7.723868444,200,275,31.94768261,21.45943315,8.280133562,7.189417644,470,10,3,7,20,496,8,3,3,14,490,510,243,32,186,14
19,1000,60,5.13,10.3,18,37,52,950,35,9,6,50,7.851163319,195,247,27.47067043,19.11638196,8.312556425,7.391612101,469,20,5,5,30,481,15,4,1,20,499,501,209,38,177,18
22,1000,60,5.13,10.3,18,37,48,952,27,10,11,48,7.804004223,169,243,26.08013754,17.80009647,7.747841601,7.855639341,455,13,8,3,24,497,14,2,8,24,479,521,206,37,154,15
17,1000,60,5.13,10.3,18,37,58,962,22,9,7,38,7.777886434,188,255,28.94746284,20.16129379,8.472956832,6.941964767,517,16,7,6,29,445,6,2,1,9,546,454,219,36,167,21
18,1000,60,5.13,10.3,18,37,53,954,28,12,6,46,8.177525462,184,239,29.61325293,20.80760169,8.600277065,7.75646149,469,16,10,4,30,485,12,2,2,16,499,501,209,30,171,13
24,1000,60,5.13,10.3,18,37,23,954,26,7,13,46,7.459728453,127,195,17.58738727,12.15987429,6.77504366,8.081694027,461,10,1,4,15,493,16,6,9,31,476,524,141,54,109,18
21,1000,60,5.13,10.3,18,37,50,967,21,4,8,33,7.687335817,160,256,27.80278386,18.80471577,8.012969787,7.352454634,488,11,2,6,19,479,10,2,2,14,507,493,219,37,141,19
20,1000,60,5.13,10.3,18,37,52,967,17,6,10,33,7.70895773,187,303,33.04372823,22.24260715,8.275279657,7.164844507,471,9,3,7,19,496,8,3,3,14,490,510,266,37,171,16
23,1000,60,5.13,10.3,18,37,48,970,18,6,6,30,7.447532173,184,251,31.27963189,21.80558195,7.601706642,7.293357703,482,12,4,2,18,488,6,2,4,12,500,500,217,34,167,17
19,1000,60,5.13,10.3,18,37,53,948,37,9,6,52,7.874739538,183,242,28.48027513,19.80317268,8.406894263,7.344709183,467,22,5,5,32,481,15,4,1,20,499,501,211,31,163,20
17,1000,60,5.13,10.3,18,37,59,961,22,10,7,39,7.768977671,181,262,29.84600522,20.84702498,8.511239645,6.876301376,516,16,8,6,30,445,6,2,1,9,546,454,231,31,167,14
22,1000,60,5.13,10.3,18,37,49,953,28,10,9,47,7.830844816,163,248,26.81130468,18.28821383,7.808534071,7.851356998,455,13,8,3,24,498,15,2,6,23,479,521,208,40,151,12
18,1000,60,5.13,10.3,18,37,54,955,27,11,7,45,8.202133742,183,255,30.72802523,21.49927312,8.650182848,7.755873255,469,16,10,4,30,486,11,1,3,15,499,501,224,31,168,15
24,1000,60,5.13,10.3,18,37,24,954,26,7,13,46,7.476969661,117,192,17.82287339,12.3799614,6.80374461,8.088525242,461,10,1,4,15,493,16,6,9,31,476,524,148,44,96,21
21,1000,60,5.13,10.3,18,37,51,967,21,4,8,33,7.649791346,181,226,28.44814149,19.22840544,8.029428538,7.259373382,488,11,2,6,19,479,10,2,2,14,507,493,196,30,163,18
20,1000,60,5.13,10.3,18,37,53,968,16,6,10,32,7.703186814,195,268,34.52896606,23.24577636,8.318868202,7.111649793,471,9,3,7,19,497,7,3,3,13,490,510,241,27,184,11
23,1000,60,5.13,10.3,18,37,49,971,17,6,6,29,7.429049646,191,259,32.62287173,22.75422049,7.592584943,7.26551435,482,12,4,2,18,489,5,2,4,11,500,500,223,36,165,26
19,1000,60,5.13,10.3,18,37,54,952,34,9,5,48,7.854820965,179,255,29.54583277,20.67927908,8.456940422,7.255105179,467,22,6,4,32,485,12,3,1,16,499,501,223,32,164,15
17,1000,60,5.13,10.3,18,37,60,961,22,10,7,39,7.778477729,178,270,30.99426934,21.76247945,8.546747738,6.854523049,516,16,8,6,30,445,6,2,1,9,546,454,231,39,161,17
22,1000,60,5.13,10.3,18,37,50,953,29,10,8,47,7.833808364,187,276,27.57713358,18.80510923,7.859385183,7.8102934,454,14,8,3,25,499,15,2,5,22,479,521,241,35,177,10
18,1000,60,5.13,10.3,18,37,55,956,27,11,6,44,8.223947164,198,262,31.51955212,22.12758994,8.716275842,7.73358387,469,16,10,4,30,487,11,1,2,14,499,501,232,30,179,19
24,1000,60,5.13,10.3,18,37,25,955,25,7,13,45,7.464931247,140,189,18.17623737,12.62773772,6.810119044,8.059760653,461,10,1,4,15,494,15,6,9,30,476,524,150,39,110,30
21,1000,60,5.13,10.3,18,37,52,967,21,4,8,33,7.640948787,172,247,29.3567285,19.84026429,8.052041704,7.218181832,488,11,2,6,19,479,10,2,2,14,507,493,219,28,159,13
20,1000,60,5.13,10.3,18,37,54,970,15,5,10,30,7.739387034,212,313,36.09023108,24.32858692,8.380848702,7.123080726,473,8,2,7,17,497,7,3,3,13,490,510,273,40,201,11
23,1000,60,5.13,10.3,18,37,50,968,20,6,6,32,7.45243877,175,266,33.67464475,23.46503876,7.640847559,7.264029982,480,14,4,2,20,488,6,2,4,12,500,500,222,44,159,16
19,1000,60,5.13,10.3,18,37,55,951,34,10,5,49,7.862140782,189,257,30.47083595,21.38267578,8.471002214,7.255709935,467,22,6,4,32,484,12,4,1,17,499,501,229,28,174,15
17,1000,60,5.13,10.3,18,37,61,961,22,10,7,39,7.793498256,181,265,32.19704695,22.56110294,8.601448027,6.821822982,516,16,8,6,30,445,6,2,1,9,546,454,234,31,165,16
22,1000,60,5.13,10.3,18,37,51,953,31,10,6,47,7.808328192,177,280,28.33045952,19.30279269,7.876727809,7.745442555,454,14,8,3,25,499,17,2,3,22,479,521,243,37,162,15
18,1000,60,5.13,10.3,18,37,56,954,29,11,6,46,8.239831885,196,256,32.92879833,23.05985456,8.789857054,7.692002425,468,17,10,4,31,486,12,1,2,15,499,501,224,32,178,18
24,1000,60,5.13,10.3,18,37,26,955,23,9,13,45,7.476149923,121,190,18.4433155,12.86379935,6.85881038,8.036939279,461,9,2,4,15,494,14,7,9,30,476,524,144,46,97,24
21,1000,60,5.13,10.3,18,37,53,967,22,3,8,33,7.642151641,182,265,30.66391311,20.61591452,8.094574139,7.176881445,487,12,2,6,20,480,10,1,2,13,507,493,223,42,163,19
20,1000,60,5.13,10.3,18,37,55,969,15,6,10,31,7.789424848,204,310,37.61565124,25.336353,8.441073442,7.1633311,473,7,3,7,17,496,8,3,3,14,490,510,278,32,186,18
23,1000,60,5.13,10.3,18,37,51,969,19,6,6,31,7.479596626,188,261,35.12018307,24.5855682,7.667782605,7.291410647,480,14,4,2,20,489,5,2,4,11,500,500,238,23,172,16
17,1000,60,5.13,10.3,18,37,62,961,21,11,7,39,7.8318327,185,276,33.18884629,23.28276051,8.679841279,6.811980974,516,15,9,6,30,445,6,2,1,9,546,454,244,32,171,14
19,1000,60,5.13,10.3,18,37,56,954,32,9,5,46,7.859938712,191,259,31.7697466,22.20726256,8.494269442,7.22814024,467,22,6,4,32,487,10,3,1,14,499,501,223,36,171,20
22,1000,60,5.13,10.3,18,37,52,953,31,10,6,47,7.790474505,191,267,29.03283469,19.79357872,7.866905088,7.720205312,454,14,8,3,25,499,17,2,3,22,479,521,236,31,173,18
18,1000,60,5.13,10.3,18,37,57,953,30,11,6,47,8.270670767,196,271,34.15772728,23.89449623,8.854807715,7.688865702,467,18,10,4,32,486,12,1,2,15,499,501,242,29,186,10
21,1000,60,5.13,10.3,18,37,54,966,23,3,8,34,7.637574386,194,282,32.21776472,21.68445888,8.118103616,7.143399296,486,13,2,6,21,480,10,1,2,13,507,493,244,38,171,23
24,1000,60,5.13,10.3,18,37,27,954,25,9,12,46,7.493567024,141,184,18.94484061,13.22486416,6.898196762,8.034399552,460,10,2,4,16,494,15,7,8,30,476,524,133,51,122,19
20,1000,60,5.13,10.3,18,37,56,970,14,6,10,30,7.813265753,218,323,39.38562364,26.60558461,8.500927339,7.152571289,473,7,3,7,17,497,7,3,3,13,490,510,294,29,203,15
23,1000,60,5.13,10.3,18,37,52,967,22,6,5,33,7.486367055,170,273,37.36200754,26.59506588,7.740687773,7.232046337,479,15,4,2,21,488,7,2,3,12,500,500,234,39,159,11
17,1000,60,5.13,10.3,18,37,63,961,21,10,8,39,7.854960983,178,284,34.11221967,24.01719833,8.748408813,6.78046205,516,15,8,7,30,445,6,2,1,9,546,454,250,34,163,15
19,1000,60,5.13,10.3,18,37,57,953,33,9,5,47,7.848408644,207,242,33.70794258,23.33278378,8.509449348,7.190006825,467,22,6,4,32,486,11,3,1,15,499,501,208,34,185,22
18,1000,60,5.13,10.3,18,37,58,952,31,11,6,48,8.302728434,205,284,35.58105274,24.80582259,8.937833005,7.67015921,467,18,10,4,32,485,13,1,2,16,499,501,252,32,190,15
22,1000,60,5.13,10.3,18,37,53,954,30,10,6,46,7.815784537,182,256,29.96922535,20.46355386,7.854565198,7.780130147,455,14,7,3,24,499,16,3,3,22,479,521,218,38,168,14
21,1000,60,5.13,10.3,18,37,55,966,23,3,8,34,7.674277373,190,276,33.37667834,22.55562053,8.17677756,7.157507403,486,13,2,6,21,480,10,1,2,13,507,493,234,42,167,23
20,1000,60,5.13,10.3,18,37,57,970,14,6,10,30,7.816963392,248,308,41.52205996,28.19616463,8.532340098,7.129640675,473,7,3,7,17,497,7,3,3,13,490,510,284,24,223,25
23,1000,60,5.13,10.3,18,37,53,966,23,6,5,34,7.484931518,196,276,39.61745628,28.48103043,7.813620766,7.15624227,478,16,4,2,22,488,7,2,3,12,500,500,243,33,181,15
17,1000,60,5.13,10.3,18,37,64,961,21,10,8,39,7.870701901,207,272,35.16023466,24.85155508,8.777646981,6.779970594,516,15,8,7,30,445,6,2,1,9,546,454,237,35,189,18
24,1000,60,5.13,10.3,18,37,28,955,25,8,12,45,7.47572033,160,176,19.28096053,13.48718272,6.901676644,7.997179862,460,10,2,4,16,495,15,6,8,29,476,524,131,45,134,26
19,1000,60,5.13,10.3,18,37,58,953,33,9,5,47,7.827723219,194,271,35.90208445,24.64891908,8.530320531,7.127930686,467,22,6,4,32,486,11,3,1,15,499,501,235,36,178,16
18,1000,60,5.13,10.3,18,37,59,952,31,11,6,48,8.278712159,196,294,36.7600542,25.71944246,8.985874384,7.574372937,466,19,10,4,33,486,12,1,2,15,499,501,263,31,182,14
22,1000,60,5.13,10.3,18,37,54,955,30,10,5,45,7.755664384,204,266,31.31621363,21.42899717,7.851866948,7.667217113,454,15,7,3,25,501,15,3,2,20,479,521,236,30,194,10
21,1000,60,5.13,10.3,18,37,56,967,21,3,9,33,7.693761153,193,269,34.81573169,23.46606903,8.229247188,7.143068619,486,12,3,6,21,481,9,0,3,12,507,493,223,46,172,21
20,1000,60,5.13,10.3,18,37,58,970,14,6,10,30,7.815077497,214,309,44.59009121,30.37686089,8.57759157,7.082465937,473,7,3,7,17,497,7,3,3,13,490,510,283,26,203,11
23,1000,60,5.13,10.3,18,37,54,967,22,6,5,33,7.477991408,207,293,40.90797861,29.42225025,7.858960024,7.097022793,478,16,4,2,22,489,6,2,3,11,500,500,254,39,191,16
17,1000,60,5.13,10.3,18,37,65,962,20,10,8,38,7.894226024,208,287,36.39407964,25.71776089,8.856320367,6.737169831,516,15,8,7,30,446,5,2,1,8,546,454,255,32,188,20
19,1000,60,5.13,10.3,18,37,59,953,33,9,5,47,7.801432298,216,277,37.79978191,25.92232454,8.564957884,7.040954719,467,22,6,4,32,486,11,3,1,15,499,501,246,31,200,16
18,1000,60,5.13,10.3,18,37,60,954,29,11,6,46,8.252486678,218,299,38.22345679,26.73649213,9.059315724,7.448878506,466,19,10,4,33,488,10,1,2,13,499,501,272,27,207,11
22,1000,60,5.13,10.3,18,37,55,955,30,10,5,45,7.764316685,197,269,32.24584014,22.05849043,7.914215543,7.626501804,454,15,7,3,25,501,15,3,2,20,479,521,241,28,180,17
24,1000,60,5.13,10.3,18,37,29,957,23,9,11,43,7.492329148,135,189,19.72334492,13.82961738,6.983079808,7.954929694,460,9,3,4,16,497,14,6,7,27,476,524,146,43,116,19
21,1000,60,5.13,10.3,18,37,57,967,21,3,9,33,7.70428095,194,285,36.84155762,24.67883781,8.257369421,7.135486113,486,12,3,6,21,481,9,0,3,12,507,493,246,39,177,17
23,1000,60,5.13,10.3,18,37,55,966,23,6,5,34,7.521413451,207,284,43.06099923,31.21834518,7.912838932,7.129987971,478,16,4,2,22,488,7,2,3,12,500,500,255,29,192,15
20,1000,60,5.13,10.3,18,37,59,972,14,5,9,28,7.760891454,238,317,46.6086874,31.80768234,8.596318993,6.958225779,473,7,3,7,17,499,7,2,2,11,490,510,289,28,226,12
17,1000,60,5.13,10.3,18,37,66,962,19,11,8,38,7.896185727,207,301,38.00911721,26.82103898,8.8923002,6.698215457,516,15,8,7,30,446,4,3,1,8,546,454,271,30,192,15
19,1000,60,5.13,10.3,18,37,60,953,33,9,5,47,7.787570089,192,281,40.3908055,27.58862211,8.584424121,6.993897112,467,22,6,4,32,486,11,3,1,15,499,501,249,32,182,10
18,1000,60,5.13,10.3,18,37,61,953,29,12,6,47,8.248779738,207,283,40.39397856,28.26126161,9.08922597,7.411688581,465,20,10,4,34,488,9,2,2,13,499,501,252,31,192,15
22,1000,60,5.13,10.3,18,37,56,959,26,10,5,41,7.728876709,208,293,33.57445211,23.01026796,7.934879166,7.539480976,455,14,7,3,24,504,12,3,2,17,479,521,256,37,187,21
24,1000,60,5.13,10.3,18,37,30,958,24,8,10,42,7.479752456,124,206,20.3106363,14.24519296,7.062321596,7.858945375,459,10,3,4,17,499,14,5,6,25,476,524,163,43,113,11
21,1000,60,5.13,10.3,18,37,58,966,22,3,9,34,7.692148399,201,290,38.60018498,25.77856295,8.263927768,7.104131888,485,13,3,6,22,481,9,0,3,12,507,493,254,36,181,20
23,1000,60,5.13,10.3,18,37,56,965,24,6,5,35,7.498111651,217,292,45.82096391,33.5505665,7.936639991,7.059583311,477,17,4,2,23,488,7,2,3,12,500,500,260,32,199,18
20,1000,60,5.13,10.3,18,37,60,974,12,5,9,26,7.761340911,255,323,48.81256628,33.39461061,8.667099568,6.891102201,473,7,3,7,17,501,5,2,2,9,490,510,291,32,239,16
17,1000,60,5.13,10.3,18,37,67,962,18,12,8,38,7.897967426,187,283,40.05943642,28.35719187,8.917942107,6.67130184,516,14,9,7,30,446,4,3,1,8,546,454,255,28,172,15
19,1000,60,5.13,10.3,18,37,61,954,32,9,5,46,7.804101124,201,285,43.08981361,29.82017092,8.633206231,6.978305818,467,22,6,4,32,487,10,3,1,14,499,501,264,21,186,15
18,1000,60,5.13,10.3,18,37,62,953,29,12,6,47,8.231704984,240,308,42.03176944,29.46408628,9.096955836,7.369908227,465,20,10,4,34,488,9,2,2,13,499,501,275,33,223,17
22,1000,60,5.13,10.3,18,37,57,958,27,10,5,42,7.694272662,206,301,34.87013533,23.90297966,8.004361389,7.40918149,453,16,7,3,26,505,11,3,2,16,479,521,266,35,190,16
24,1000,60,5.13,10.3,18,37,31,959,24,8,9,41,7.479027153,146,210,20.90216098,14.66070741,7.083472421,7.838347864,459,10,3,4,17,500,14,5,5,24,476,524,165,45,127,19
21,1000,60,5.13,10.3,18,37,59,967,20,3,10,33,7.678369362,206,285,40.40705403,27.00613294,8.292477887,7.04682165,485,12,3,7,22,482,8,0,3,11,507,493,249,36,183,23
20,1000,60,5.13,10.3,18,37,61,974,12,5,9,26,7.795268928,241,311,51.69697944,35.33814039,8.742506525,6.885177903,473,7,3,7,17,501,5,2,2,9,490,510,293,18,230,11
23,1000,60,5.13,10.3,18,37,57,965,24,6,5,35,7.501500918,205,311,48.01537868,35.08701875,7.977278147,7.025723688,477,17,4,2,23,488,7,2,3,12,500,500,284,27,188,17
17,1000,60,5.13,10.3,18,37,68,962,18,12,8,38,7.874571479,214,295,41.64826212,29.45455629,8.938917133,6.594543446,516,14,9,7,30,446,4,3,1,8,546,454,276,19,200,14
19,1000,60,5.13,10.3,18,37,62,953,33,9,5,47,7.802664278,214,286,45.82260804,31.72119057,8.673623174,6.935182263,465,24,6,4,34,488,9,3,1,13,499,501,260,26,200,14
18,1000,60,5.13,10.3,18,37,63,953,29,12,6,47,8.205996401,240,294,43.8800419,30.68149342,9.125507811,7.290155695,465,20,10,4,34,488,9,2,2,13,499,501,268,26,222,18
22,1000,60,5.13,10.3,18,37,58,959,27,9,5,41,7.675698589,199,298,36.51222811,24.99558973,8.031268602,7.34879257,454,16,6,3,25,505,11,3,2,16,479,521,267,31,189,10
24,1000,60,5.13,10.3,18,37,32,959,24,8,9,41,7.486803441,128,210,21.40230486,15.01270578,7.111084784,7.828105122,458,11,3,4,18,501,13,5,5,23,476,524,175,35,119,9
21,1000,60,5.13,10.3,18,37,60,965,22,3,10,35,7.697951752,222,296,42.15388905,28.15519241,8.368414825,7.008449161,484,13,3,7,23,481,9,0,3,12,507,493,257,39,202,20
20,1000,60,5.13,10.3,18,37,62,973,12,6,9,27,7.8026548,249,342,53.6902992,36.73704831,8.79797977,6.846362182,472,7,4,7,18,501,5,2,2,9,490,510,313,29,233,16
23,1000,60,5.13,10.3,18,37,58,965,24,6,5,35,7.488949258,232,299,50.48646999,36.81911789,7.974823348,7.003075168,477,17,4,2,23,488,7,2,3,12,500,500,260,39,222,10
17,1000,60,5.13,10.3,18,37,69,959,21,12,8,41,7.884709697,210,307,43.567828,30.70533301,8.975287953,6.573133205,514,16,9,7,32,445,5,3,1,9,546,454,276,31,197,13
19,1000,60,5.13,10.3,18,37,63,953,33,9,5,47,7.784547953,217,286,48.85854922,33.8232001,8.70156979,6.871186881,464,25,6,4,35,489,8,3,1,12,499,501,255,31,197,20
18,1000,60,5.13,10.3,18,37,64,953,29,12,6,47,8.182796041,218,310,45.75680056,31.94152276,9.186166511,7.183431043,465,20,10,4,34,488,9,2,2,13,499,501,283,27,207,11
22,1000,60,5.13,10.3,18,37,59,959,28,8,5,41,7.688999401,214,316,38.25235062,26.15073257,8.033060898,7.372674148,454,16,6,3,25,505,12,2,2,16,479,521,286,30,200,14
21,1000,60,5.13,10.3,18,37,61,963,24,3,10,37,7.705703428,217,287,43.79903392,29.39705438,8.42604375,6.964907193,482,15,3,7,25,481,9,0,3,12,507,493,255,32,193,24
24,1000,60,5.13,10.3,18,37,33,959,24,8,9,41,7.487660273,138,218,21.93707198,15.41547822,7.13993644,7.803531541,457,12,3,4,19,502,12,5,5,22,476,524,173,45,120,18
20,1000,60,5.13,10.3,18,37,63,973,12,6,9,27,7.798192724,251,334,55.8973427,38.34562757,8.833086295,6.803883216,472,7,4,7,18,501,5,2,2,9,490,510,310,24,236,15
23,1000,60,5.13,10.3,18,37,59,966,23,6,5,34,7.47988252,242,308,53.7277727,39.12611396,8.031347314,6.928417727,477,17,4,2,23,489,6,2,3,11,500,500,282,26,230,12
17,1000,60,5.13,10.3,18,37,70,958,22,12,8,42,7.921069972,212,305,45.51141073,32.30601413,9.030699897,6.58658112,513,17,9,7,33,445,5,3,1,9,546,454,278,27,195,17
19,1000,60,5.13,10.3,18,37,64,953,33,9,5,47,7.82642011,213,294,52.52282308,36.50200784,8.741084431,6.915407144,464,25,6,4,35,489,8,3,1,12,499,501,264,30,196,17
18,1000,60,5.13,10.3,18,37,65,953,29,12,6,47,8.177392216,223,310,47.22474339,33.07659397,9.20505029,7.153836569,465,20,10,4,34,488,9,2,2,13,499,501,288,22,213,10
22,1000,60,5.13,10.3,18,37,60,960,27,8,5,40,7.683935736,220,315,40.07212367,27.34602348,8.047184725,7.349969775,455,15,6,3,24,505,12,2,2,16,479,521,287,28,207,13
21,1000,60,5.13,10.3,18,37,62,963,24,3,10,37,7.696373864,215,314,45.96877788,30.70969001,8.460710127,6.91033231,482,15,3,7,25,481,9,0,3,12,507,493,275,39,201,14
23,1000,60,5.13,10.3,18,37,60,966,23,7,4,34,7.447067106,236,311,55.80947488,40.49551853,8.063358255,6.830775958,477,16,5,2,23,489,7,2,2,11,500,500,272,39,218,18
20,1000,60,5.13,10.3,18,37,64,973,12,6,9,27,7.809036307,245,322,58.51246038,40.34163827,8.912424168,6.748918558,472,7,4,7,18,501,5,2,2,9,490,510,309,13,230,15
17,1000,60,5.13,10.3,18,37,71,956,24,12,8,44,7.939779563,231,315,47.31032742,33.55714135,9.056342958,6.59695222,512,18,9,7,34,444,6,3,1,10,546,454,282,33,218,13
19,1000,60,5.13,10.3,18,37,65,953,33,9,5,47,7.855275376,211,305,58.12514301,40.46618291,8.782043294,6.93220713,464,25,6,4,35,489,8,3,1,12,499,501,263,42,195,16
24,1000,60,5.13,10.3,18,37,34,959,23,8,10,41,7.505735728,156,187,22.4801213,15.80418527,7.171072245,7.809743014,457,12,3,4,19,502,11,5,6,22,476,524,150,37,134,22
18,1000,60,5.13,10.3,18,37,66,953,29,12,6,47,8.217778452,235,340,49.93185137,34.98886846,9.249134987,7.19053911,465,20,10,4,34,488,9,2,2,13,499,501,311,29,222,13
22,1000,60,5.13,10.3,18,37,61,960,27,8,5,40,7.705885675,230,311,42.67716609,29.03931846,8.116677397,7.328209601,455,15,6,3,24,505,12,2,2,16,479,521,274,37,216,14
21,1000,60,5.13,10.3,18,37,63,963,24,3,10,37,7.687234891,219,299,47.67861433,31.87588157,8.507555019,6.843619668,481,16,3,7,26,482,8,0,3,11,507,493,272,27,208,11
23,1000,60,5.13,10.3,18,37,61,966,23,7,4,34,7.432312524,233,314,58.02719167,42.28157954,8.096103281,6.768521768,476,17,5,2,24,490,6,2,2,10,500,500,284,30,219,14
20,1000,60,5.13,10.3,18,37,65,973,12,6,9,27,7.763650591,260,334,61.17161974,42.08322115,8.920665926,6.652008407,472,7,4,7,18,501,5,2,2,9,490,510,308,26,251,9
17,1000,60,5.13,10.3,18,37,72,956,24,12,8,44,7.929487644,230,307,49.43368885,34.94426375,9.096930439,6.525470539,511,19,9,7,35,445,5,3,1,9,546,454,284,23,208,22
19,1000,60,5.13,10.3,18,37,66,953,33,9,5,47,7.853986883,231,324,63.47003107,44.6164706,8.84889268,6.863052764,464,25,6,4,35,489,8,3,1,12,499,501,292,32,221,10
18,1000,60,5.13,10.3,18,37,67,952,29,13,6,48,8.226302836,239,321,52.33090073,36.74278144,9.314397006,7.142552356,465,20,10,4,34,487,9,3,2,14,499,501,294,27,226,13
24,1000,60,5.13,10.3,18,37,35,959,23,8,10,41,7.518860064,144,206,23.08432712,16.26344789,7.204440373,7.804477951,457,12,3,4,19,502,11,5,6,22,476,524,166,40,130,14
22,1000,60,5.13,10.3,18,37,62,959,27,9,5,41,7.691839463,232,312,44.92222447,30.44511198,8.156984219,7.26419198,455,14,7,3,24,504,13,2,2,17,479,521,285,27,214,18
21,1000,60,5.13,10.3,18,37,64,964,23,3,10,36,7.687150157,212,290,49.37496799,32.87433597,8.57281338,6.776336255,481,16,3,7,26,483,7,0,3,10,507,493,268,22,198,14
23,1000,60,5.13,10.3,18,37,62,965,25,7,3,35,7.405982472,236,329,60.49088369,44.24742013,8.129153595,6.682811348,474,19,5,2,26,491,6,2,1,9,500,500,289,40,224,12
20,1000,60,5.13,10.3,18,37,66,973,12,6,9,27,7.745498108,274,366,64.71719382,44.57288922,8.946703,6.59139929,472,7,4,7,18,501,5,2,2,9,490,510,344,22,257,17
17,1000,60,5.13,10.3,18,37,73,956,23,13,8,44,7.950196635,248,310,51.89522,36.5296907,9.155456059,6.500699619,511,18,10,7,35,445,5,3,1,9,546,454,285,25,239,9
19,1000,60,5.13,10.3,18,37,67,953,34,8,5,47,7.868788304,241,305,67.89880571,47.46418366,8.899651965,6.842039868,464,25,6,4,35,489,9,2,1,12,499,501,286,19,220,21
18,1000,60,5.13,10.3,18,37,68,951,30,13,6,49,8.255729146,257,331,54.45527037,38.3808093,9.356395869,7.159456302,464,21,10,4,35,487,9,3,2,14,499,501,308,23,245,12
24,1000,60,5.13,10.3,18,37,36,960,22,9,9,40,7.517864325,150,206,23.92005284,16.84131316,7.254142372,7.757428542,457,12,3,4,19,503,10,6,5,21,476,524,167,39,131,19
22,1000,60,5.13,10.3,18,37,63,959,27,9,5,41,7.683125121,225,312,47.74435659,32.20463634,8.219774769,7.189737057,454,15,7,3,25,505,12,2,2,16,479,521,286,26,220,5
23,1000,60,5.13,10.3,18,37,63,966,23,8,3,34,7.458489771,232,333,62.00308522,45.2922674,8.237889526,6.679090016,474,18,6,2,26,492,5,2,1,8,500,500,297,36,216,16
20,1000,60,5.13,10.3,18,37,67,975,10,6,9,25,7.708770632,284,365,67.83541839,46.79213823,8.943357424,6.522599008,472,7,4,7,18,503,3,2,2,7,490,510,340,25,269,15
21,1000,60,5.13,10.3,18,37,65,963,24,3,10,37,7.702264567,226,298,52.11005858,34.59340711,8.632703113,6.745403831,481,16,3,7,26,482,8,0,3,11,507,493,267,31,207,19
17,1000,60,5.13,10.3,18,37,74,956,23,12,9,44,7.944660762,220,342,54.33526096,38.09554463,9.214868058,6.41705463,511,18,10,7,35,445,5,2,2,9,546,454,315,27,213,7
19,1000,60,5.13,10.3,18,37,68,954,33,8,5,46,7.848631212,237,319,72.75470887,50.53445135,8.912709449,6.788800792,464,25,6,4,35,490,8,2,1,11,499,501,286,33,219,18
18,1000,60,5.13,10.3,18,37,69,949,30,15,6,51,8.301060641,264,311,57.8660682,40.68402106,9.414960847,7.191607143,462,21,12,4,37,487,9,3,2,14,499,501,285,26,251,13
22,1000,60,5.13,10.3,18,37,64,959,26,10,5,41,7.697262621,249,308,49.92178306,33.57370069,8.291463293,7.150962963,454,14,8,3,25,505,12,2,2,16,479,521,283,25,233,16
24,1000,60,5.13,10.3,18,37,37,960,22,9,9,40,7.476707666,156,216,24.86491213,17.47033964,7.27781741,7.657378967,457,12,3,4,19,503,10,6,5,21,476,524,181,35,139,17
23,1000,60,5.13,10.3,18,37,64,966,22,9,3,34,7.440152933,236,337,64.3053639,47.0635099,8.278781911,6.601523955,474,17,7,2,26,492,5,2,1,8,500,500,310,27,225,11
20,1000,60,5.13,10.3,18,37,68,975,10,6,9,25,7.675361742,283,352,71.8624635,49.62675112,8.949255877,6.451424239,473,6,4,7,17,502,4,2,2,8,490,510,324,28,270,13
21,1000,60,5.13,10.3,18,37,66,963,24,3,10,37,7.712626996,222,310,55.27032921,36.58261839,8.662976845,6.735289524,481,16,3,7,26,482,8,0,3,11,507,493,272,38,211,11
17,1000,60,5.13,10.3,18,37,75,956,23,12,9,44,7.958480359,256,313,56.65335634,39.67503258,9.245683269,6.410434568,511,18,10,7,35,445,5,2,2,9,546,454,291,22,241,15
19,1000,60,5.13,10.3,18,37,69,954,33,8,5,46,7.84429254,229,335,79.53331025,55.11867045,8.971938505,6.721148155,464,25,6,4,35,490,8,2,1,11,499,501,304,31,217,12
18,1000,60,5.13,10.3,18,37,70,949,30,15,6,51,8.269082111,249,334,60.90728159,42.83375693,9.407977414,7.134733296,462,21,12,4,37,487,9,3,2,14,499,501,313,21,236,13
22,1000,60,5.13,10.3,18,37,65,959,26,10,5,41,7.732255606,257,330,52.36120009,35.22627342,8.362304171,7.152997904,454,14,8,3,25,505,12,2,2,16,479,521,302,28,248,9
24,1000,60,5.13,10.3,18,37,38,960,21,10,9,40,7.520935957,149,221,25.36510804,17.86795121,7.385922532,7.643581741,457,12,3,4,19,503,9,7,5,21,476,524,185,36,126,23
20,1000,60,5.13,10.3,18,37,69,975,10,6,9,25,7.675481942,275,371,75.59155608,52.24087946,9.004405552,6.398672983,472,7,4,7,18,503,3,2,2,7,490,510,350,21,264,11
23,1000,60,5.13,10.3,18,37,65,967,21,9,3,33,7.46431683,247,330,67.25007599,49.485759,8.33024148,6.598392181,474,17,7,2,26,493,4,2,1,7,500,500,312,18,230,17
17,1000,60,5.13,10.3,18,37,76,955,23,13,9,45,7.995143697,271,333,58.69020136,41.0737758,9.295811411,6.430904553,511,17,11,7,35,444,6,2,2,10,546,454,306,27,254,17
21,1000,60,5.13,10.3,18,37,67,961,27,3,9,39,7.73771236,241,315,58.15310141,38.35734735,8.717351339,6.730254017,480,18,3,6,27,481,9,0,3,12,507,493,287,28,220,21
19,1000,60,5.13,10.3,18,37,70,953,34,8,5,47,7.841586913,251,313,86.01477603,59.4211377,9.080428948,6.607690356,464,25,6,4,35,489,9,2,1,12,499,501,289,24,232,19
18,1000,60,5.13,10.3,18,37,71,947,32,15,6,53,8.229148634,256,343,64.69084425,45.62917656,9.415069917,7.047961568,461,22,12,4,38,486,10,3,2,15,499,501,314,29,240,16
22,1000,60,5.13,10.3,18,37,66,959,26,11,4,41,7.707701845,262,347,54.22535807,36.47803893,8.413911796,7.058422447,454,14,8,3,25,505,12,3,1,16,479,521,310,37,252,10
24,1000,60,5.13,10.3,18,37,39,961,20,10,9,39,7.541628266,162,251,26.48885305,18.65970661,7.462000385,7.61396199,457,12,3,4,19,504,8,7,5,20,476,524,198,53,143,19
20,1000,60,5.13,10.3,18,37,70,975,10,6,9,25,7.653093872,281,375,80.88025601,55.63171591,9.044854379,6.315912209,472,7,4,7,18,503,3,2,2,7,490,510,347,28,268,13
23,1000,60,5.13,10.3,18,37,66,967,21,9,3,33,7.429413673,260,357,70.0613821,51.83973811,8.356727396,6.50209995,474,17,7,2,26,493,4,2,1,7,500,500,323,34,247,13
17,1000,60,5.13,10.3,18,37,77,955,23,13,9,45,7.988663249,244,333,61.32200491,42.7926762,9.312429644,6.396644632,511,17,11,7,35,444,6,2,2,10,546,454,308,25,230,14
21,1000,60,5.13,10.3,18,37,68,961,26,4,9,39,7.762056009,231,310,62.05479375,40.88761738,8.78123854,6.713931174,478,20,3,6,29,483,6,1,3,10,507,493,286,24,222,9
19,1000,60,5.13,10.3,18,37,71,952,35,8,5,48,7.85763392,246,318,96.18086386,66.11276466,9.124311553,6.596012885,463,26,6,4,36,489,9,2,1,12,499,501,289,29,234,12
18,1000,60,5.13,10.3,18,37,72,947,32,15,6,53,8.173149084,269,335,68.921081,48.55973041,9.393268511,6.957900392,462,22,11,4,37,485,10,4,2,16,499,501,305,30,254,15
22,1000,60,5.13,10.3,18,37,67,959,25,12,4,41,7.726035085,261,360,56.69705047,38.10618254,8.508969259,7.006216526,453,14,9,3,26,506,11,3,1,15,479,521,332,28,246,15
20,1000,60,5.13,10.3,18,37,71,975,11,5,9,25,7.621160823,293,370,87.75471984,60.3055771,9.03711045,6.260738633,471,8,4,7,19,504,3,1,2,6,490,510,343,27,280,13
17,1000,60,5.13,10.3,18,37,78,955,23,13,9,45,7.992470579,249,329,66.02452901,45.77939885,9.362769473,6.34448997,511,17,11,7,35,444,6,2,2,10,546,454,302,27,231,18
23,1000,60,5.13,10.3,18,37,67,967,21,8,4,33,7.425126895,263,353,73.29126716,54.4855352,8.362474685,6.487779105,475,16,6,3,25,492,5,2,1,8,500,500,326,27,245,18
24,1000,60,5.13,10.3,18,37,40,961,21,11,7,39,7.536590534,172,233,27.44817189,19.36102157,7.491948509,7.577143214,457,12,3,4,19,504,9,8,3,20,476,524,193,40,148,24
21,1000,60,5.13,10.3,18,37,69,960,27,4,9,40,7.753339428,247,322,66.60804798,43.85367373,8.832938557,6.643082311,477,21,3,6,30,483,6,1,3,10,507,493,297,25,232,15
19,1000,60,5.13,10.3,18,37,72,954,33,8,5,46,7.829503313,223,331,106.9348281,72.87247528,9.156395301,6.507908298,463,26,6,4,36,491,7,2,1,10,499,501,308,23,213,10
18,1000,60,5.13,10.3,18,37,73,945,35,15,5,55,8.139351424,269,338,74.07680331,51.86306815,9.432649016,6.851216697,459,25,11,4,40,486,10,4,1,15,499,501,319,19,257,12
22,1000,60,5.13,10.3,18,37,68,957,27,12,4,43,7.719838802,265,335,59.06168188,39.59342177,8.536519192,6.968994452,453,14,9,3,26,504,13,3,1,17,479,521,318,17,255,10
20,1000,60,5.13,10.3,18,37,72,975,11,5,9,25,7.563788594,305,376,93.62190879,64.07064459,9.031030836,6.154085264,471,8,4,7,19,504,3,1,2,6,490,510,353,23,285,20
17,1000,60,5.13,10.3,18,37,79,955,23,13,9,45,7.969543731,271,345,71.79782433,49.23860266,9.374241761,6.280193237,511,17,11,7,35,444,6,2,2,10,546,454,319,26,258,13
23,1000,60,5.13,10.3,18,37,68,968,20,8,4,32,7.396375201,259,359,76.68287547,57.57749438,8.392370374,6.400380027,475,16,6,3,25,493,4,2,1,7,500,500,331,28,245,14
21,1000,60,5.13,10.3,18,37,70,959,27,5,9,41,7.756550991,275,315,72.28375024,47.32199112,8.884939073,6.596119434,476,21,4,6,31,483,6,1,3,10,507,493,297,18,264,11
19,1000,60,5.13,10.3,18,37,73,954,33,8,5,46,7.793874757,266,328,120.3354631,81.63195461,9.195715075,6.397630609,463,26,6,4,36,491,7,2,1,10,499,501,307,21,246,20
18,1000,60,5.13,10.3,18,37,74,945,35,15,5,55,8.124705864,266,343,81.29864734,56.82329664,9.44133356,6.813334167,459,25,11,4,40,486,10,4,1,15,499,501,319,24,256,10
24,1000,60,5.13,10.3,18,37,41,964,20,10,6,36,7.493436948,168,259,28.05789626,19.84954552,7.471828374,7.51306611,458,11,3,4,18,506,9,7,2,18,476,524,211,48,137,31
22,1000,60,5.13,10.3,18,37,69,958,26,12,4,42,7.680000799,265,349,61.46460472,41.31797703,8.536477286,6.892568483,453,14,9,3,26,505,12,3,1,16,479,521,319,30,247,18
20,1000,60,5.13,10.3,18,37,73,975,11,5,9,25,7.575056382,295,396,99.45023905,68.11881502,9.082052031,6.127158601,471,8,4,7,19,504,3,1,2,6,490,510,370,26,283,12
17,1000,60,5.13,10.3,18,37,80,954,24,13,9,46,7.996983707,267,336,75.88900334,52.18500807,9.423783493,6.281052686,510,18,11,7,36,444,6,2,2,10,546,454,311,25,255,12
23,1000,60,5.13,10.3,18,37,69,967,21,8,4,33,7.369484643,284,347,79.30828755,59.3524412,8.446560814,6.292408472,474,17,6,3,26,493,4,2,1,7,500,500,326,21,267,17
21,1000,60,5.13,10.3,18,37,71,959,29,5,7,41,7.704873751,250,350,77.31077049,50.7306017,8.874081029,6.502463833,476,22,4,5,31,483,7,1,2,10,507,493,318,32,237,13
19,1000,60,5.13,10.3,18,37,74,953,34,8,5,47,7.787649756,270,343,125.8279575,85.2054578,9.266017749,6.315183432,463,26,6,4,36,490,8,2,1,11,499,501,322,21,255,15
18,1000,60,5.13,10.3,18,37,75,946,34,15,5,54,8.089362984,288,366,85.2382539,59.76933884,9.43022454,6.753854169,460,24,11,4,39,486,10,4,1,15,499,501,338,28,273,15
24,1000,60,5.13,10.3,18,37,42,963,21,10,6,37,7.477623292,182,222,28.97180426,20.55079811,7.503724051,7.453913442,457,12,3,4,19,506,9,7,2,18,476,524,187,35,162,20
22,1000,60,5.13,10.3,18,37,70,960,25,12,3,40,7.646482538,289,371,64.2960265,43.2602702,8.532010931,6.832340311,454,13,9,3,25,506,12,3,0,15,479,521,344,27,269,20
17,1000,60,5.13,10.3,18,37,81,954,22,15,9,46,7.98781631,287,353,80.7013222,55.6679013,9.470597854,6.204559212,510,17,12,7,36,444,5,3,2,10,546,454,332,21,265,22
20,1000,60,5.13,10.3,18,37,74,976,11,5,8,24,7.52488407,310,377,105.7879404,72.6094183,9.111395996,6.000588297,471,8,4,7,19,505,3,1,1,5,490,510,364,13,293,17
23,1000,60,5.13,10.3,18,37,70,967,21,8,4,33,7.396067253,275,372,82.23429698,61.67967218,8.528150162,6.263984344,474,17,6,3,26,493,4,2,1,7,500,500,342,30,264,11
21,1000,60,5.13,10.3,18,37,72,959,29,5,7,41,7.657963363,264,337,83.00792667,54.31340792,8.873445141,6.407964861,476,22,4,5,31,483,7,1,2,10,507,493,307,30,248,16
19,1000,60,5.13,10.3,18,37,75,954,34,7,5,46,7.77007336,256,352,140.9763198,95.37759625,9.29398667,6.252243536,463,26,6,4,36,491,8,1,1,10,499,501,321,31,237,19
18,1000,60,5.13,10.3,18,37,76,947,33,15,5,53,8.108712681,283,378,88.89580257,62.36790123,9.50680036,6.716206189,460,24,11,4,39,487,9,4,1,14,499,501,349,29,269,14
22,1000,60,5.13,10.3,18,37,71,960,25,12,3,40,7.652423933,268,381,67.31918773,45.38976074,8.593433653,6.787272963,453,14,9,3,26,507,11,3,0,14,479,521,357,24,257,11
24,1000,60,5.13,10.3,18,37,43,965,18,11,6,35,7.511787938,168,244,30.0199088,21.29827579,7.571573146,7.457479239,458,10,4,4,18,507,8,7,2,17,476,524,206,38,153,15
17,1000,60,5.13,10.3,18,37,82,954,22,15,9,46,7.94623977,278,368,86.31507835,59.10273833,9.488035108,6.092010136,510,17,12,7,36,444,5,3,2,10,546,454,343,25,269,9
20,1000,60,5.13,10.3,18,37,75,976,11,5,8,24,7.549603414,317,383,112.033179,77.24154765,9.181935166,5.981284672,471,8,4,7,19,505,3,1,1,5,490,510,363,20,308,9
23,1000,60,5.13,10.3,18,37,71,966,21,9,4,34,7.398247441,272,368,87.09158108,65.83400266,8.550492487,6.246002394,474,16,7,3,26,492,5,2,1,8,500,500,349,19,258,14
19,1000,60,5.13,10.3,18,37,76,954,34,7,5,46,7.78644038,287,343,163.8400205,111.1427729,9.346982532,6.232127937,462,27,6,4,37,492,7,1,1,9,499,501,320,23,271,16
21,1000,60,5.13,10.3,18,37,73,958,29,5,8,42,7.632590142,271,360,88.37521963,58.10040378,8.885118087,6.344493452,476,22,4,5,31,482,7,1,3,11,507,493,332,28,259,12
18,1000,60,5.13,10.3,18,37,77,948,33,13,6,52,8.087707495,293,355,95.04898461,67.38426305,9.548935719,6.632312517,459,25,10,5,40,489,8,3,1,12,499,501,334,21,281,12
22,1000,60,5.13,10.3,18,37,72,959,26,12,3,41,7.633688036,276,361,70.19769037,47.5575808,8.618719717,6.7280639,452,15,9,3,27,507,11,3,0,14,479,521,341,20,268,8
24,1000,60,5.13,10.3,18,37,44,965,18,11,6,35,7.540893929,177,266,31.92356425,22.81267177,7.624626815,7.464831231,458,10,4,4,18,507,8,7,2,17,476,524,222,44,158,19
17,1000,60,5.13,10.3,18,37,83,952,24,15,9,48,7.958305528,282,340,92.08263558,62.50006548,9.538914212,6.057397286,508,19,12,7,38,444,5,3,2,10,546,454,325,15,268,14
20,1000,60,5.13,10.3,18,37,76,976,11,5,8,24,7.554444755,325,381,120.258068,82.28629264,9.218059266,5.956070029,471,8,4,7,19,505,3,1,1,5,490,510,360,21,314,11
23,1000,60,5.13,10.3,18,37,72,967,20,9,4,33,7.407550372,303,372,91.06585139,69.06754831,8.6049375,6.210163243,475,15,7,3,25,492,5,2,1,8,500,500,352,20,289,14
19,1000,60,5.13,10.3,18,37,77,955,32,8,5,45,7.759055735,281,358,178.6826121,122.4462388,9.374407267,6.150152712,462,26,7,4,37,493,6,1,1,8,499,501,331,27,266,15
21,1000,60,5.13,10.3,18,37,74,959,27,5,9,41,7.594574261,274,343,93.27640013,61.572681,8.954426476,6.196105552,476,21,4,6,31,483,6,1,3,10,507,493,313,30,257,17
18,1000,60,5.13,10.3,18,37,78,946,35,13,6,54,8.048813014,304,368,100.4471385,71.29060245,9.584229668,6.519525767,458,26,10,5,41,488,9,3,1,13,499,501,348,20,289,15
22,1000,60,5.13,10.3,18,37,73,959,25,13,3,41,7.625704441,305,361,73.83516833,50.02719823,8.627771008,6.704418671,452,14,10,3,27,507,11,3,0,14,479,521,334,27,292,13
24,1000,60,5.13,10.3,18,37,45,966,18,11,5,34,7.549560277,192,245,33.91702463,24.31814798,7.668977489,7.441082047,458,10,4,4,18,508,8,7,1,16,476,524,205,40,164,28
17,1000,60,5.13,10.3,18,37,84,952,23,16,9,48,7.965246336,279,356,96.87055959,65.35739895,9.590918858,6.010142377,508,18,13,7,38,444,5,3,2,10,546,454,337,19,269,10
20,1000,60,5.13,10.3,18,37,77,976,11,5,8,24,7.506524202,313,400,127.1988329,86.63820168,9.229483013,5.851132404,471,8,4,7,19,505,3,1,1,5,490,510,382,18,302,11
23,1000,60,5.13,10.3,18,37,73,966,21,9,4,34,7.418697461,280,386,97.20878355,74.46977219,8.657276226,6.180118697,475,15,7,3,25,491,6,2,1,9,500,500,358,28,269,11
19,1000,60,5.13,10.3,18,37,78,955,31,9,5,45,7.732020271,286,352,186.6030039,127.6267615,9.394391852,6.076284903,462,25,8,4,37,493,6,1,1,8,499,501,328,24,266,20
18,1000,60,5.13,10.3,18,37,79,948,34,12,6,52,8.057588977,283,348,105.0697312,74.64352767,9.616674659,6.50472719,458,26,10,5,41,490,8,2,1,11,499,501,331,17,274,9
21,1000,60,5.13,10.3,18,37,75,960,26,4,10,40,7.549367229,286,357,98.24705896,65.31118064,8.962899637,6.09569394,476,21,4,6,31,484,5,0,4,9,507,493,333,24,275,11
22,1000,60,5.13,10.3,18,37,74,958,25,14,3,42,7.626428564,298,378,77.96181254,52.68236586,8.663097716,6.67332967,452,13,11,3,27,506,12,3,0,15,479,521,361,17,288,10
24,1000,60,5.13,10.3,18,37,46,964,20,11,5,36,7.574337188,179,255,35.95816589,26.04741201,7.704149902,7.456415715,458,10,4,4,18,506,10,7,1,18,476,524,217,38,166,13
17,1000,60,5.13,10.3,18,37,85,952,23,16,9,48,8.005048446,287,358,104.5730188,70.01392162,9.635332198,6.044398824,508,18,13,7,38,444,5,3,2,10,546,454,337,21,273,14
23,1000,60,5.13,10.3,18,37,74,966,21,9,4,34,7.439132597,301,382,102.1890753,78.64592983,8.70809266,6.170172534,475,15,7,3,25,491,6,2,1,9,500,500,356,26,289,12
20,1000,60,5.13,10.3,18,37,78,976,11,5,8,24,7.440848257,321,400,134.1069818,91.07238461,9.24757772,5.704970929,471,8,4,7,19,505,3,1,1,5,490,510,379,21,314,7
19,1000,60,5.13,10.3,18,37,79,954,32,9,5,46,7.702194744,277,383,210.6240529,143.9411123,9.374368706,6.036696127,462,25,8,4,37,492,7,1,1,9,499,501,355,28,261,16
18,1000,60,5.13,10.3,18,37,80,946,36,12,6,54,8.008960942,293,365,110.913387,79.12904525,9.612772274,6.41155205,458,26,10,5,41,488,10,2,1,13,499,501,350,15,277,16
21,1000,60,5.13,10.3,18,37,76,961,25,4,10,39,7.532498695,281,343,104.7594409,69.50887511,9.017598939,6.005225219,476,21,4,6,31,485,4,0,4,8,507,493,321,22,272,9
22,1000,60,5.13,10.3,18,37,75,957,26,14,3,43,7.627927223,280,388,80.60310461,54.45133421,8.707772349,6.635132951,452,13,11,3,27,505,13,3,0,16,479,521,367,21,272,8
17,1000,60,5.13,10.3,18,37,86,950,24,17,9,50,7.992790085,280,364,109.1844438,72.58286064,9.711221311,5.926130505,506,20,13,7,40,444,4,4,2,10,546,454,342,22,269,11
23,1000,60,5.13,10.3,18,37,75,966,21,9,4,34,7.441304683,312,399,105.7817713,81.70327882,8.752944685,6.129664682,474,16,7,3,26,492,5,2,1,8,500,500,377,22,290,22
20,1000,60,5.13,10.3,18,37,79,976,11,5,8,24,7.384226479,322,410,147.1504822,99.47918401,9.262048007,5.580045011,471,8,4,7,19,505,3,1,1,5,490,510,387,23,311,11
24,1000,60,5.13,10.3,18,37,47,964,21,10,5,36,7.588781833,193,268,37.41642399,27.3055693,7.759014949,7.434142589,458,10,4,4,18,506,11,6,1,18,476,524,234,34,180,13
19,1000,60,5.13,10.3,18,37,80,953,33,9,5,47,7.71058426,299,360,242.1797789,163.7347386,9.421759942,6.006239619,461,26,8,4,38,492,7,1,1,9,499,501,344,16,288,11
18,1000,60,5.13,10.3,18,37,81,948,34,12,6,52,7.937679512,303,380,116.6889942,83.35864653,9.629867743,6.252246523,458,26,10,5,41,490,8,2,1,11,499,501,353,27,293,10
21,1000,60,5.13,10.3,18,37,77,961,25,3,11,39,7.525081753,276,384,111.6936029,73.76367834,9.050540708,5.956303476,476,21,3,7,31,485,4,0,4,8,507,493,350,34,258,18
22,1000,60,5.13,10.3,18,37,76,959,23,15,3,41,7.569252951,304,391,84.6396375,57.23493283,8.723743791,6.507830471,452,13,11,3,27,507,10,4,0,14,479,521,370,21,297,7
17,1000,60,5.13,10.3,18,37,87,950,24,17,9,50,8.006230721,291,363,115.5601031,76.6269879,9.793165929,5.857185294,506,20,13,7,40,444,4,4,2,10,546,454,337,26,278,13
23,1000,60,5.13,10.3,18,37,76,964,23,9,4,36,7.441833284,300,380,111.5200687,87.57254273,8.782818461,6.100848108,473,17,7,3,27,491,6,2,1,9,500,500,354,26,287,13
20,1000,60,5.13,10.3,18,37,80,976,11,5,8,24,7.3348681,336,404,156.5905969,106.2165003,9.297802329,5.448911684,471,8,4,7,19,505,3,1,1,5,490,510,385,19,324,12
19,1000,60,5.13,10.3,18,37,81,954,32,9,5,46,7.682783864,292,372,254.6276594,171.1137701,9.465354976,5.907328805,461,26,8,4,38,493,6,1,1,8,499,501,348,24,279,13
18,1000,60,5.13,10.3,18,37,82,949,33,13,5,51,7.882059656,307,386,122.4107275,88.06391281,9.648684803,6.122486905,458,25,11,5,41,491,8,2,0,10,499,501,369,17,299,8
24,1000,60,5.13,10.3,18,37,48,964,21,10,5,36,7.584219457,182,264,39.10398138,28.45060282,7.789103913,7.398103042,458,10,4,4,18,506,11,6,1,18,476,524,227,37,167,15
21,1000,60,5.13,10.3,18,37,78,961,25,3,11,39,7.502634052,296,357,117.6756692,77.69692539,9.089205796,5.871007532,476,21,3,7,31,485,4,0,4,8,507,493,342,15,288,8
22,1000,60,5.13,10.3,18,37,77,958,24,15,3,42,7.617301568,316,371,89.51744398,60.49515342,8.822114353,6.509613806,451,14,11,3,28,507,10,4,0,14,479,521,353,18,302,14
17,1000,60,5.13,10.3,18,37,88,949,25,17,9,51,8.00140714,288,368,120.4241729,79.93828361,9.816481411,5.818520461,506,20,13,7,40,443,5,4,2,11,546,454,348,20,274,14
23,1000,60,5.13,10.3,18,37,77,965,22,9,4,35,7.38543328,304,385,115.9363187,90.34854731,8.783840127,5.987026432,473,17,7,3,27,492,5,2,1,8,500,500,362,23,292,12
19,1000,60,5.13,10.3,18,37,82,954,32,9,5,46,7.668947404,307,367,284.8689827,191.4886343,9.502298031,5.842915542,461,26,8,4,38,493,6,1,1,8,499,501,343,24,290,17
20,1000,60,5.13,10.3,18,37,81,978,10,4,8,22,7.306439373,331,401,168.863321,113.6098718,9.301702209,5.389422139,472,7,4,7,18,506,3,0,1,4,490,510,388,13,317,14
18,1000,60,5.13,10.3,18,37,83,949,33,13,5,51,7.910827786,294,368,126.9570527,91.84401707,9.705744121,6.123076785,458,25,11,5,41,491,8,2,0,10,499,501,352,16,286,8
21,1000,60,5.13,10.3,18,37,79,961,25,3,11,39,7.478176183,303,367,126.4223653,84.01542091,9.114616798,5.795264638,476,21,3,7,31,485,4,0,4,8,507,493,343,24,286,17
24,1000,60,5.13,10.3,18,37,49,964,21,10,5,36,7.575112501,203,247,42.62827447,31.32880162,7.795921733,7.374530068,457,11,4,4,19,507,10,6,1,17,476,524,221,26,187,16
22,1000,60,5.13,10.3,18,37,78,957,25,14,4,43,7.625060165,319,405,93.92290428,63.48478935,8.872245375,6.478415797,451,14,11,3,28,506,11,3,1,15,479,521,375,30,307,12
17,1000,60,5.13,10.3,18,37,89,947,26,18,9,53,8.036658837,307,374,129.2473215,85.11426946,9.889997477,5.807753776,505,20,14,7,41,442,6,4,2,12,546,454,350,24,295,12
23,1000,60,5.13,10.3,18,37,78,964,23,9,4,36,7.376264537,317,384,120.9065982,93.64468661,8.793719906,5.958809167,473,17,7,3,27,491,6,2,1,9,500,500,368,16,303,14
19,1000,60,5.13,10.3,18,37,83,954,31,10,5,46,7.691104904,313,385,322.6324442,216.1185567,9.588980988,5.800805171,461,25,9,4,38,493,6,1,1,8,499,501,368,17,301,12
20,1000,60,5.13,10.3,18,37,82,976,12,4,8,24,7.306277537,338,401,176.7410918,119.2892598,9.390060135,5.304211904,470,9,4,7,20,506,3,0,1,4,490,510,382,19,330,8
18,1000,60,5.13,10.3,18,37,84,949,33,13,5,51,7.907334672,327,394,134.4422482,97.56272693,9.736865022,6.085107836,458,25,11,5,41,491,8,2,0,10,499,501,367,27,312,15
21,1000,60,5.13,10.3,18,37,80,959,26,4,11,41,7.488506429,317,366,136.5485837,90.80618547,9.157257279,5.772367117,474,22,4,7,33,485,4,0,4,8,507,493,344,22,302,15
22,1000,60,5.13,10.3,18,37,79,957,25,14,4,43,7.658973674,320,402,98.55482606,66.33023529,8.899847011,6.518132353,451,14,11,3,28,506,11,3,1,15,479,521,383,19,307,13
24,1000,60,5.13,10.3,18,37,50,963,22,10,5,37,7.586608648,211,268,46.15151982,33.82188757,7.83218063,7.363531809,456,12,4,4,20,507,10,6,1,17,476,524,227,41,190,21
17,1000,60,5.13,10.3,18,37,90,947,26,18,9,53,8.036006535,321,357,138.7628793,90.39106977,9.953193075,5.730315234,504,21,14,7,42,443,5,4,2,11,546,454,346,11,307,14
23,1000,60,5.13,10.3,18,37,79,964,22,10,4,36,7.328250738,314,393,127.8088835,98.39485535,8.814517102,5.841984374,473,17,7,3,27,491,5,3,1,9,500,500,376,17,303,11
19,1000,60,5.13,10.3,18,37,84,954,31,9,6,46,7.681896891,304,375,346.8675055,232.052261,9.637504691,5.734095909,461,25,8,5,38,493,6,1,1,8,499,501,353,22,290,14
20,1000,60,5.13,10.3,18,37,83,976,12,4,8,24,7.301882507,337,422,185.6096038,126.1547974,9.407214523,5.279112532,470,9,4,7,20,506,3,0,1,4,490,510,405,17,326,11
18,1000,60,5.13,10.3,18,37,85,948,32,14,6,52,7.937069682,318,382,142.2622956,103.6942958,9.786577676,6.094944954,457,25,11,6,42,491,7,3,0,10,499,501,369,13,306,12
21,1000,60,5.13,10.3,18,37,81,958,27,4,11,42,7.484341698,301,380,142.5797958,95.11946162,9.20893694,5.71077215,473,23,4,7,34,485,4,0,4,8,507,493,353,27,287,14
22,1000,60,5.13,10.3,18,37,80,956,27,14,3,44,7.63772359,331,405,104.3767334,70.08450089,8.934555581,6.445434678,450,15,11,3,29,506,12,3,0,15,479,521,387,18,323,8
24,1000,60,5.13,10.3,18,37,51,963,22,10,5,37,7.592773712,219,261,48.76559664,35.53413283,7.86779926,7.342941345,456,12,4,4,20,507,10,6,1,17,476,524,233,28,206,13
17,1000,60,5.13,10.3,18,37,91,948,25,18,9,52,8.024803984,318,378,151.226764,96.7117375,9.980520486,5.672774886,504,21,14,7,42,444,4,4,2,10,546,454,354,24,296,22
23,1000,60,5.13,10.3,18,37,80,964,22,10,4,36,7.330039221,324,398,133.678597,102.4889041,8.819022253,5.841056189,473,17,7,3,27,491,5,3,1,9,500,500,381,17,311,13
19,1000,60,5.13,10.3,18,37,85,954,31,9,6,46,7.708126326,322,384,365.1644248,243.3727436,9.695749427,5.728437848,461,25,8,5,38,493,6,1,1,8,499,501,357,27,311,11
20,1000,60,5.13,10.3,18,37,84,975,13,4,8,25,7.295135427,344,428,196.0892626,134.2940861,9.464809785,5.210546339,468,11,4,7,22,507,2,0,1,3,490,510,407,21,336,8
18,1000,60,5.13,10.3,18,37,86,946,34,14,6,54,7.934126959,335,406,153.9935303,112.0699893,9.871549893,6.004438247,455,27,11,6,44,491,7,3,0,10,499,501,383,23,323,12
21,1000,60,5.13,10.3,18,37,82,958,27,4,11,42,7.478489877,295,404,150.5315435,100.702055,9.214213425,5.693476005,473,23,4,7,34,485,4,0,4,8,507,493,366,38,286,9
22,1000,60,5.13,10.3,18,37,81,956,27,15,2,44,7.611640966,317,405,109.8565006,74.03652367,8.945157668,6.385624652,450,15,12,2,29,506,12,3,0,15,479,521,380,25,310,7
24,1000,60,5.13,10.3,18,37,52,963,22,10,5,37,7.61500122,223,271,51.25723998,37.61987424,7.951460165,7.309362942,456,12,4,4,20,507,10,6,1,17,476,524,241,30,205,18
17,1000,60,5.13,10.3,18,37,92,950,25,17,8,50,8.025981018,308,372,166.2240965,104.2416193,9.995893103,5.6568797,505,21,13,7,41,445,4,4,1,9,546,454,353,19,298,10
23,1000,60,5.13,10.3,18,37,81,965,21,10,4,35,7.32283023,338,421,141.7580364,109.4337027,8.844502167,5.801158293,473,17,7,3,27,492,4,3,1,8,500,500,392,29,329,9
19,1000,60,5.13,10.3,18,37,86,954,31,9,6,46,7.698026859,326,385,418.9170413,278.5320274,9.703220198,5.700838283,461,25,8,5,38,493,6,1,1,8,499,501,366,19,313,13
18,1000,60,5.13,10.3,18,37,87,946,33,15,6,54,7.949440598,341,395,166.5760323,120.6627203,9.938960144,5.967863245,454,27,12,6,45,492,6,3,0,9,499,501,371,24,327,14
20,1000,60,5.13,10.3,18,37,85,974,14,4,8,26,7.311957554,353,419,207.1839153,141.9390287,9.519305248,5.191172514,467,12,4,7,23,507,2,0,1,3,490,510,395,24,341,12
21,1000,60,5.13,10.3,18,37,83,957,27,5,11,43,7.516182117,317,385,158.3235559,105.6732061,9.314563046,5.666731548,472,24,4,7,35,485,3,1,4,8,507,493,359,26,302,15
22,1000,60,5.13,10.3,18,37,82,956,27,15,2,44,7.632287146,328,408,115.8790566,78.11744206,9.023983289,6.35278148,450,15,12,2,29,506,12,3,0,15,479,521,391,17,317,11
17,1000,60,5.13,10.3,18,37,93,950,24,18,8,50,8.02578256,307,380,179.5567162,111.9582396,10.01737612,5.63060616,505,21,13,7,41,445,3,5,1,9,546,454,367,13,294,13
24,1000,60,5.13,10.3,18,37,53,964,22,9,5,36,7.596217218,218,281,54.46767503,39.96059246,7.973993018,7.253046835,456,12,4,4,20,508,10,5,1,16,476,524,248,33,203,15
23,1000,60,5.13,10.3,18,37,82,964,21,12,3,36,7.261100361,345,407,148.0287656,114.838989,8.879197648,5.643003074,473,16,8,3,27,491,5,4,0,9,500,500,391,16,337,8
19,1000,60,5.13,10.3,18,37,87,954,31,9,6,46,7.700560178,322,381,453.666421,300.4223829,9.775702449,5.633701908,461,25,8,5,38,493,6,1,1,8,499,501,366,15,309,13
18,1000,60,5.13,10.3,18,37,88,945,34,15,6,55,7.950611512,321,400,176.955691,128.3034062,10.017023,5.892449172,453,28,12,6,46,492,6,3,0,9,499,501,385,15,312,9
20,1000,60,5.13,10.3,18,37,86,973,14,4,9,27,7.335248625,356,425,217.526511,149.2408168,9.552924453,5.204540476,466,12,4,8,24,507,2,0,1,3,490,510,407,18,345,11
21,1000,60,5.13,10.3,18,37,84,957,28,5,10,43,7.498976038,316,389,166.2569932,110.5150961,9.337449642,5.608294259,471,25,4,7,36,486,3,1,3,7,507,493,366,23,308,8
22,1000,60,5.13,10.3,18,37,83,956,26,16,2,44,7.64063083,336,397,122.5123807,82.34222821,9.093851234,6.304560632,449,16,12,2,30,507,10,4,0,14,479,521,375,22,326,10
17,1000,60,5.13,10.3,18,37,94,948,26,17,9,52,8.044378015,312,375,192.4031103,119.1801121,10.08388487,5.59157902,503,23,13,7,43,445,3,4,2,9,546,454,363,12,302,10
23,1000,60,5.13,10.3,18,37,83,966,20,11,3,34,7.226629188,355,409,154.235073,119.9972943,8.908525904,5.544732473,473,16,8,3,27,493,4,3,0,7,500,500,395,14,349,6
19,1000,60,5.13,10.3,18,37,88,953,31,10,6,47,7.723297622,314,417,522.172613,344.8592506,9.848642079,5.606437574,460,25,9,5,39,493,6,1,1,8,499,501,396,21,308,6
24,1000,60,5.13,10.3,18,37,54,964,23,8,5,36,7.621949637,220,271,56.65686711,41.75072446,8.039354145,7.242780657,455,13,4,4,21,509,10,4,1,15,476,524,241,30,204,16
18,1000,60,5.13,10.3,18,37,89,944,34,16,6,56,7.957449032,328,411,191.3113928,138.9431424,10.07346033,5.849884886,453,27,13,6,46,491,7,3,0,10,499,501,392,19,318,10
20,1000,60,5.13,10.3,18,37,87,972,15,4,9,28,7.337626357,361,427,231.7673609,159.0395775,9.583667016,5.179665725,465,13,4,8,25,507,2,0,1,3,490,510,409,18,347,14
21,1000,60,5.13,10.3,18,37,85,957,28,5,10,43,7.484181073,311,397,176.2399719,116.7576135,9.339765614,5.575902447,471,25,4,7,36,486,3,1,3,7,507,493,375,22,296,15
22,1000,60,5.13,10.3,18,37,84,956,25,16,3,44,7.606335757,349,416,127.9823949,86.13750883,9.138997771,6.19722807,449,16,11,3,30,507,9,5,0,14,479,521,396,20,336,13
17,1000,60,5.13,10.3,18,37,95,948,26,17,9,52,8.085470395,331,390,210.899253,129.9733354,10.1461976,5.607150889,503,23,13,7,43,445,3,4,2,9,546,454,370,20,322,9
23,1000,60,5.13,10.3,18,37,84,966,19,12,3,34,7.214071115,341,410,165.8436008,132.98588,8.91873282,5.50940941,473,16,8,3,27,493,3,4,0,7,500,500,389,21,334,7
19,1000,60,5.13,10.3,18,37,89,954,29,11,6,46,7.708852332,315,406,571.8878167,379.6786515,9.860756869,5.565538232,461,23,10,5,38,493,6,1,1,8,499,501,381,25,303,12
18,1000,60,5.13,10.3,18,37,90,944,34,16,6,56,7.939956444,353,418,206.0870541,149.4346632,10.08524587,5.80323105,453,27,13,6,46,491,7,3,0,10,499,501,393,25,341,12
24,1000,60,5.13,10.3,18,37,55,964,23,8,5,36,7.616103935,219,300,59.0219142,43.77815747,8.086863418,7.188467459,455,13,4,4,21,509,10,4,1,15,476,524,265,35,201,18
21,1000,60,5.13,10.3,18,37,86,955,30,5,10,45,7.522367025,318,386,187.0040347,123.9708624,9.393826287,5.597762876,469,27,4,7,38,486,3,1,3,7,507,493,365,21,304,14
20,1000,60,5.13,10.3,18,37,88,972,15,4,9,28,7.339614113,352,432,241.1403615,165.4905866,9.637323136,5.132011327,465,13,4,8,25,507,2,0,1,3,490,510,420,12,345,7
22,1000,60,5.13,10.3,18,37,85,955,26,16,3,45,7.600677766,339,432,135.0535516,90.64153944,9.160565936,6.166538738,448,17,11,3,31,507,9,5,0,14,479,521,410,22,329,10
17,1000,60,5.13,10.3,18,37,96,947,26,18,9,53,8.093382648,332,388,225.6382783,139.1836999,10.21109891,5.546525647,502,23,14,7,44,445,3,4,2,9,546,454,363,25,317,15
23,1000,60,5.13,10.3,18,37,85,967,18,11,4,33,7.191745044,354,423,174.3162544,140.1174783,8.942696111,5.440793978,474,15,7,4,26,493,3,4,0,7,500,500,406,17,344,10
19,1000,60,5.13,10.3,18,37,90,954,29,11,6,46,7.706929946,330,408,603.5201858,394.2363484,9.879736915,5.542796858,460,24,10,5,39,494,5,1,1,7,499,501,386,22,320,10
18,1000,60,5.13,10.3,18,37,91,941,36,17,6,59,7.945699938,340,399,222.5320307,160.23996,10.13645323,5.763692166,452,28,13,6,47,489,8,4,0,12,499,501,379,20,332,8
21,1000,60,5.13,10.3,18,37,87,957,30,5,8,43,7.528035561,329,379,196.223902,130.7183036,9.48305506,5.517498266,469,27,4,7,38,488,3,1,1,5,507,493,364,15,316,13
20,1000,60,5.13,10.3,18,37,89,972,14,5,9,28,7.315316013,361,432,254.5422836,174.568775,9.646073216,5.075961054,465,12,5,8,25,507,2,0,1,3,490,510,416,16,351,10
24,1000,60,5.13,10.3,18,37,56,964,23,8,5,36,7.615432826,219,278,61.72341203,45.76315117,8.075798055,7.197238458,455,13,4,4,21,509,10,4,1,15,476,524,257,21,206,13
22,1000,60,5.13,10.3,18,37,86,955,26,16,3,45,7.573915398,362,432,142.6246635,96.05067961,9.209945726,6.069772352,448,17,11,3,31,507,9,5,0,14,479,521,408,24,347,15
17,1000,60,5.13,10.3,18,37,97,948,25,17,10,52,8.096036369,327,407,248.547201,152.1536101,10.30203745,5.443004234,502,23,14,7,44,446,2,3,3,8,546,454,387,20,319,8
23,1000,60,5.13,10.3,18,37,86,967,18,11,4,33,7.173643523,375,417,182.2586861,145.5125747,8.985687899,5.361599147,474,15,7,4,26,493,3,4,0,7,500,500,400,17,360,15
19,1000,60,5.13,10.3,18,37,91,954,27,13,6,46,7.701752324,351,405,634.1830559,414.7920673,9.946732953,5.465733692,460,23,11,5,39,494,4,2,1,7,499,501,382,23,338,13
18,1000,60,5.13,10.3,18,37,92,942,35,17,6,58,7.909790583,341,400,241.2130615,173.013404,10.17460842,5.654013935,452,28,13,6,47,490,7,4,0,11,499,501,384,16,332,9
21,1000,60,5.13,10.3,18,37,88,958,30,4,8,42,7.544638333,347,384,210.6005302,141.7113538,9.531115847,5.501749693,469,27,4,7,38,489,3,0,1,4,507,493,361,23,339,8
20,1000,60,5.13,10.3,18,37,90,972,14,5,9,28,7.34900085,363,449,268.9044662,183.5070939,9.729382821,5.061967191,465,12,5,8,25,507,2,0,1,3,490,510,426,23,355,8
24,1000,60,5.13,10.3,18,37,57,962,25,8,5,38,7.642288093,213,291,65.25554172,48.32858327,8.1692611,7.163587422,454,14,4,4,22,508,11,4,1,16,476,524,262,29,200,13
22,1000,60,5.13,10.3,18,37,87,956,25,16,3,44,7.541997862,356,420,150.6652582,101.9588157,9.236106547,5.984458399,449,16,11,3,30,507,9,5,0,14,479,521,396,24,345,11
17,1000,60,5.13,10.3,18,37,98,947,27,16,10,53,8.04798727,340,404,270.3219475,165.2995926,10.29112048,5.350298428,501,25,13,7,45,446,2,3,3,8,546,454,380,24,329,11
23,1000,60,5.13,10.3,18,37,87,965,20,11,4,35,7.140914631,355,419,190.3385768,152.2539311,8.999335179,5.282494083,472,17,7,4,28,493,3,4,0,7,500,500,400,19,339,16
19,1000,60,5.13,10.3,18,37,92,953,28,13,6,47,7.651970467,350,411,739.2420291,483.3730505,9.967685224,5.345500081,459,24,11,5,40,494,4,2,1,7,499,501,396,15,337,13
18,1000,60,5.13,10.3,18,37,93,942,35,15,8,58,7.900506087,343,414,257.3251109,184.6570391,10.26150234,5.548934967,452,28,11,8,47,490,7,4,0,11,499,501,395,19,334,9
21,1000,60,5.13,10.3,18,37,89,958,29,5,8,42,7.551086385,336,401,220.3121098,148.8298503,9.604361853,5.439502892,469,26,5,7,38,489,3,0,1,4,507,493,381,20,326,10
20,1000,60,5.13,10.3,18,37,91,970,16,5,9,30,7.344778165,359,425,290.2004507,197.6412091,9.807279978,4.978845051,463,14,5,8,27,507,2,0,1,3,490,510,415,10,353,6
22,1000,60,5.13,10.3,18,37,88,956,24,16,4,44,7.532715659,361,423,158.4811388,108.0430754,9.27951722,5.926731115,449,16,11,3,30,507,8,5,1,14,479,521,409,14,347,14
24,1000,60,5.13,10.3,18,37,58,962,24,8,6,38,7.655617543,255,298,68.99851976,51.18964487,8.185967104,7.173849621,454,14,4,4,22,508,10,4,2,16,476,524,264,34,231,24
17,1000,60,5.13,10.3,18,37,99,947,27,15,11,53,8.024351433,320,398,280.8662395,172.1159549,10.34184582,5.237232629,501,25,12,8,45,446,2,3,3,8,546,454,380,18,315,5
23,1000,60,5.13,10.3,18,37,88,965,20,11,4,35,7.133687629,375,416,204.5441546,165.1729974,9.025470359,5.241904899,472,17,7,4,28,493,3,4,0,7,500,500,402,14,364,11
19,1000,60,5.13,10.3,18,37,93,950,29,15,6,50,7.676185268,337,430,802.3977911,515.6908528,10.05920318,5.302680405,456,25,13,5,43,494,4,2,1,7,499,501,414,16,328,9
18,1000,60,5.13,10.3,18,37,94,942,35,15,8,58,7.882058057,360,416,272.9200995,196.7292723,10.28223747,5.491460199,452,28,11,8,47,490,7,4,0,11,499,501,400,16,352,8
21,1000,60,5.13,10.3,18,37,90,958,29,5,8,42,7.55581072,350,396,227.5857917,153.7195349,9.651328584,5.400785248,469,26,5,7,38,489,3,0,1,4,507,493,375,21,335,15
20,1000,60,5.13,10.3,18,37,92,969,18,5,8,31,7.293862713,391,451,304.6244342,206.7835532,9.790837759,4.894808257,463,15,5,7,27,506,3,0,1,4,490,510,430,21,381,10
22,1000,60,5.13,10.3,18,37,89,956,24,16,4,44,7.515679886,354,430,170.7423739,116.4655197,9.32914913,5.848402021,449,16,11,3,30,507,8,5,1,14,479,521,415,15,346,8
24,1000,60,5.13,10.3,18,37,59,961,25,8,6,39,7.667823791,228,312,71.78166445,53.61256792,8.263011669,7.12715694,453,15,4,4,23,508,10,4,2,16,476,524,285,27,219,9
17,1000,60,5.13,10.3,18,37,100,945,29,15,11,55,8.038816888,340,405,289.7339907,177.9607689,10.41780523,5.177742805,499,27,12,8,47,446,2,3,3,8,546,454,380,25,328,12
23,1000,60,5.13,10.3,18,37,89,965,20,10,5,35,7.116759685,376,432,216.9815026,175.5555161,9.061940887,5.171578484,472,17,6,5,28,493,3,4,0,7,500,500,414,18,359,17
19,1000,60,5.13,10.3,18,37,94,950,29,14,7,50,7.682923282,354,414,861.7718519,554.8814297,10.1084706,5.267058787,456,25,13,5,43,494,4,1,2,7,499,501,398,16,342,12
18,1000,60,5.13,10.3,18,37,95,942,35,15,8,58,7.878246052,347,421,293.7220769,211.0612534,10.34305381,5.423277849,452,28,11,8,47,490,7,4,0,11,499,501,405,16,342,5
21,1000,60,5.13,10.3,18,37,91,958,29,5,8,42,7.556093703,329,412,234.6401051,158.1294954,9.691783987,5.359755014,469,26,5,7,38,489,3,0,1,4,507,493,394,18,321,8
20,1000,60,5.13,10.3,18,37,93,969,17,6,8,31,7.260757854,371,443,317.3095056,215.5194942,9.809851364,4.811628795,463,14,6,7,27,506,3,0,1,4,490,510,429,14,369,2
22,1000,60,5.13,10.3,18,37,90,957,23,16,4,43,7.494734273,360,448,181.6455813,124.5052046,9.385502705,5.756388632,449,16,11,3,30,508,7,5,1,13,479,521,426,22,353,7
17,1000,60,5.13,10.3,18,37,101,942,29,18,11,58,8.064157053,342,392,302.7420081,185.3902323,10.49765629,5.137525811,496,27,15,8,50,446,2,3,3,8,546,454,376,16,335,7
23,1000,60,5.13,10.3,18,37,90,965,20,10,5,35,7.107786856,369,429,229.3373651,185.5391652,9.081181644,5.134392067,472,17,6,5,28,493,3,4,0,7,500,500,417,12,360,9
24,1000,60,5.13,10.3,18,37,60,961,26,8,5,39,7.647042154,233,305,74.77988357,56.48146064,8.299477827,7.054371582,453,15,4,4,23,508,11,4,1,16,476,524,272,33,220,13
19,1000,60,5.13,10.3,18,37,95,948,31,14,7,52,7.681855433,346,420,926.3144194,595.7009182,10.14050351,5.233022314,455,26,13,5,44,493,5,1,2,8,499,501,409,11,340,6
18,1000,60,5.13,10.3,18,37,96,942,35,14,9,58,7.879307507,364,418,314.8473855,225.710496,10.35975484,5.408762164,452,28,10,9,47,490,7,4,0,11,499,501,407,11,351,13
21,1000,60,5.13,10.3,18,37,92,959,28,5,8,41,7.544775591,350,397,245.1048308,165.4711725,9.739327465,5.287903786,469,26,5,7,38,490,2,0,1,3,507,493,383,14,340,10
20,1000,60,5.13,10.3,18,37,94,966,20,6,8,34,7.292957003,392,450,331.5860231,224.2408913,9.878136738,4.809156867,461,16,6,7,29,505,4,0,1,5,490,510,425,25,382,10
22,1000,60,5.13,10.3,18,37,91,956,24,16,4,44,7.505140858,378,449,191.3561105,131.6525096,9.416151271,5.748185026,449,16,11,3,30,507,8,5,1,14,479,521,430,19,363,15
17,1000,60,5.13,10.3,18,37,102,942,29,19,10,58,8.047573913,339,390,312.2132498,191.64007,10.53974359,5.050383069,495,27,16,8,51,447,2,3,2,7,546,454,366,24,331,8
23,1000,60,5.13,10.3,18,37,91,966,20,8,6,34,7.100733809,365,431,247.027828,205.1695324,9.130201599,5.071266019,472,17,5,6,28,494,3,3,0,6,500,500,417,14,359,6
19,1000,60,5.13,10.3,18,37,96,948,31,14,7,52,7.659692327,359,423,1047.84007,676.2856126,10.14177322,5.187519944,455,26,13,5,44,493,5,1,2,8,499,501,402,21,345,14
24,1000,60,5.13,10.3,18,37,61,961,26,8,5,39,7.670549797,252,324,77.2338242,59.20700297,8.408355719,7.000329151,452,15,5,4,24,509,11,3,1,15,476,524,296,28,237,15
18,1000,60,5.13,10.3,18,37,97,943,34,14,9,57,7.858317184,373,422,335.3573095,240.1440834,10.39290032,5.333852147,452,28,10,9,47,491,6,4,0,10,499,501,411,11,358,15
21,1000,60,5.13,10.3,18,37,93,959,28,5,8,41,7.558816816,357,409,257.3233011,173.4370519,9.801137851,5.252819321,469,26,5,7,38,490,2,0,1,3,507,493,391,18,345,12
20,1000,60,5.13,10.3,18,37,95,966,19,7,8,34,7.286524434,392,434,348.9108843,236.7816047,9.899863488,4.775669263,461,16,6,7,29,505,3,1,1,5,490,510,424,10,385,7
22,1000,60,5.13,10.3,18,37,92,956,23,17,4,44,7.472728099,378,448,201.1153327,139.1266047,9.474182716,5.632619151,449,16,11,3,30,507,7,6,1,14,479,521,434,14,372,6
17,1000,60,5.13,10.3,18,37,103,944,27,19,10,56,8.020149512,339,398,323.3022063,199.0900098,10.59265615,4.926341968,495,26,17,8,51,449,1,2,2,5,546,454,375,23,329,10
23,1000,60,5.13,10.3,18,37,92,966,20,8,6,34,7.089804225,384,429,258.8275177,215.9542023,9.170567611,5.009040839,472,17,5,6,28,494,3,3,0,6,500,500,411,18,366,18
19,1000,60,5.13,10.3,18,37,97,947,31,14,8,53,7.673370507,347,420,1123.180903,728.9889989,10.21439851,5.142486325,454,26,13,6,45,493,5,1,2,8,499,501,404,16,344,3
18,1000,60,5.13,10.3,18,37,98,943,34,14,9,57,7.867397207,372,426,351.0936513,252.2926044,10.41840583,5.326572256,452,28,10,9,47,491,6,4,0,10,499,501,419,7,369,3
24,1000,60,5.13,10.3,18,37,62,960,27,8,5,40,7.62407886,251,319,79.84555693,61.57736992,8.391254879,6.927178507,452,15,5,4,24,508,12,3,1,16,476,524,294,25,238,13
21,1000,60,5.13,10.3,18,37,94,957,30,5,8,43,7.608700047,363,423,268.9058118,182.6771004,9.931522139,5.219915462,467,28,5,7,40,490,2,0,1,3,507,493,401,22,347,16
20,1000,60,5.13,10.3,18,37,96,966,19,7,8,34,7.280848791,392,461,367.546625,249.5909131,9.932602133,4.733085777,461,16,6,7,29,505,3,1,1,5,490,510,446,15,385,7
22,1000,60,5.13,10.3,18,37,93,956,23,17,4,44,7.479176366,384,462,213.8406742,147.6232905,9.531684038,5.592129966,449,16,11,3,30,507,7,6,1,14,479,521,438,24,376,8
17,1000,60,5.13,10.3,18,37,104,943,28,19,10,57,8.029761713,353,409,339.1012811,208.6691424,10.65281907,4.875159694,494,27,17,8,52,449,1,2,2,5,546,454,386,23,347,6
25,1000,60,5.13,10.3,18,37,0,946,26,12,16,54,7.145,108,144,15.06887406,9.035067978,6.265848671,7.98630137,473,10,3,3,16,473,16,9,13,38,489,511,81,63,75,33
23,1000,60,5.13,10.3,18,37,93,966,20,8,6,34,7.087570976,397,442,277.1171282,232.0346665,9.230921189,4.944220763,472,17,5,6,28,494,3,3,0,6,500,500,422,20,382,15
19,1000,60,5.13,10.3,18,37,98,945,33,14,8,55,7.663701345,382,438,1289.131521,834.3846944,10.30294585,5.034992745,452,28,13,6,47,493,5,1,2,8,499,501,419,19,369,13
18,1000,60,5.13,10.3,18,37,99,942,34,14,10,58,7.849600641,370,440,367.354002,264.5171795,10.45164141,5.257947261,452,27,10,10,47,490,7,4,0,11,499,501,421,19,363,7
24,1000,60,5.13,10.3,18,37,63,961,26,8,5,39,7.628301962,242,331,83.32574568,64.18784673,8.480661527,6.854021136,452,15,5,4,24,509,11,3,1,15,476,524,313,18,228,14
21,1000,60,5.13,10.3,18,37,95,957,30,5,8,43,7.594488776,351,414,281.0478936,191.5567326,9.934510067,5.188016576,467,28,5,7,40,490,2,0,1,3,507,493,398,16,332,19
22,1000,60,5.13,10.3,18,37,94,956,23,17,4,44,7.482233505,389,455,230.9171769,159.2441304,9.573466353,5.559583728,448,17,11,3,31,508,6,6,1,13,479,521,438,17,379,10
20,1000,60,5.13,10.3,18,37,97,966,19,7,8,34,7.265284352,401,442,394.3647896,269.4323248,9.965391638,4.671063626,460,17,6,7,30,506,2,1,1,4,490,510,425,17,391,10
23,1000,60,5.13,10.3,18,37,94,967,19,7,7,33,7.104646231,382,446,299.6301428,255.6990964,9.287527034,4.921765428,472,17,4,7,28,495,2,3,0,5,500,500,425,21,370,12
19,1000,60,5.13,10.3,18,37,99,943,35,14,8,57,7.678131747,372,434,1471.588168,955.2702245,10.37622366,4.990810655,450,30,13,6,49,493,5,1,2,8,499,501,423,11,359,13
25,1000,60,5.13,10.3,18,37,1,948,26,10,16,52,7.114589026,93,159,15.11344491,9.088863083,6.26440406,7.928171117,473,10,3,3,16,475,16,7,13,36,489,511,101,58,65,28
18,1000,60,5.13,10.3,18,37,100,942,34,14,10,58,7.814525671,394,436,387.5079073,278.6235714,10.48502636,5.15468566,452,27,10,10,47,490,7,4,0,11,499,501,422,14,382,12
21,1000,60,5.13,10.3,18,37,96,956,31,5,8,44,7.589925347,356,411,296.0530286,203.2929055,9.989158266,5.122560054,466,29,5,7,41,490,2,0,1,3,507,493,390,21,348,8
24,1000,60,5.13,10.3,18,37,64,959,28,8,5,41,7.612047872,255,343,86.69828693,66.91830609,8.496938858,6.808215603,452,15,5,4,24,507,13,3,1,17,476,524,298,45,246,9
22,1000,60,5.13,10.3,18,37,95,957,22,17,4,43,7.488739079,398,452,243.4423431,167.3303271,9.590448078,5.556457677,448,17,11,3,31,509,5,6,1,12,479,521,438,14,393,5
20,1000,60,5.13,10.3,18,37,98,966,19,6,9,34,7.262834457,401,462,423.8266706,289.4324866,10.01538052,4.618231381,460,17,5,8,30,506,2,1,1,4,490,510,440,22,390,11
23,1000,60,5.13,10.3,18,37,95,967,19,6,8,33,7.084882941,385,436,308.88887,261.5517205,9.355998167,4.813767716,472,17,3,8,28,495,2,3,0,5,500,500,422,14,378,7
19,1000,60,5.13,10.3,18,37,100,943,35,13,9,57,7.720506964,365,437,1942.197875,1260.350862,10.4415181,5.010358149,450,30,12,7,49,493,5,1,2,8,499,501,407,30,356,9
25,1000,60,5.13,10.3,18,37,2,949,25,10,16,51,7.150249525,103,168,15.18073723,9.180430873,6.298812518,7.965029753,473,10,3,3,16,476,15,7,13,35,489,511,97,71,71,32
18,1000,60,5.13,10.3,18,37,101,941,34,15,10,59,7.841497505,379,433,416.4127946,297.3814923,10.57160389,5.122289751,451,27,11,10,48,490,7,4,0,11,499,501,418,15,370,9
21,1000,60,5.13,10.3,18,37,97,955,30,7,8,45,7.592283652,363,408,308.2953365,211.4783145,10.05037875,5.064384637,464,29,7,7,43,491,1,0,1,2,507,493,393,15,352,11
22,1000,60,5.13,10.3,18,37,96,958,20,17,5,42,7.474624014,391,463,259.0672393,177.2218006,9.625656613,5.496995195,448,16,11,4,31,510,4,6,1,11,479,521,450,13,384,7
24,1000,60,5.13,10.3,18,37,65,957,30,8,5,43,7.615149077,265,330,90.50665731,69.86196971,8.560955393,6.755981506,450,17,5,4,26,507,13,3,1,17,476,524,307,23,253,12
20,1000,60,5.13,10.3,18,37,99,966,20,6,8,34,7.25621221,410,450,453.2009315,308.7118166,10.01975468,4.601043956,460,18,5,7,30,506,2,1,1,4,490,510,436,14,398,12
23,1000,60,5.13,10.3,18,37,96,968,19,5,8,32,7.088817943,398,450,325.3659888,274.1215,9.423364625,4.754271261,472,17,3,8,28,496,2,2,0,4,500,500,433,17,385,13
19,1000,60,5.13,10.3,18,37,101,943,35,13,9,57,7.709461914,376,426,2276.693732,1480.779307,10.48669757,4.943313025,450,30,12,7,49,493,5,1,2,8,499,501,413,13,374,2
25,1000,60,5.13,10.3,18,37,3,950,24,10,16,50,7.152142052,111,170,15.26404036,9.238639025,6.315701867,7.952571113,473,10,3,3,16,477,14,7,13,34,489,511,100,70,74,37
18,1000,60,5.13,10.3,18,37,102,938,36,15,11,62,7.846107566,375,430,436.8573951,315.1988527,10.62905175,5.074272945,448,29,11,11,51,490,7,4,0,11,499,501,417,13,364,11
21,1000,60,5.13,10.3,18,37,98,954,31,7,8,46,7.612381719,360,429,322.4734544,219.8850181,10.11118383,5.042619712,463,30,7,7,44,491,1,0,1,2,507,493,411,18,352,8
22,1000,60,5.13,10.3,18,37,97,957,21,17,5,43,7.442371248,394,465,276.9285375,189.7350873,9.649078521,5.413555923,448,16,11,4,31,509,5,6,1,12,479,521,440,25,385,9
20,1000,60,5.13,10.3,18,37,100,965,20,7,8,35,7.243466631,411,458,478.2420307,323.568745,10.07762777,4.520449067,459,18,6,7,31,506,2,1,1,4,490,510,439,19,397,14
24,1000,60,5.13,10.3,18,37,66,957,29,9,5,43,7.648280061,264,324,94.07536428,72.56952997,8.617955258,6.767430073,450,16,6,4,26,507,13,3,1,17,476,524,306,18,246,18
23,1000,60,5.13,10.3,18,37,97,967,19,5,9,33,7.124901512,400,444,342.0440889,290.1647617,9.525722566,4.724080458,471,17,3,9,29,496,2,2,0,4,500,500,426,18,392,8
19,1000,60,5.13,10.3,18,37,102,944,34,13,9,56,7.669497716,372,437,2704.483998,1758.059036,10.49414762,4.856123863,450,30,12,7,49,494,4,1,2,7,499,501,418,19,361,11
25,1000,60,5.13,10.3,18,37,4,951,23,10,16,49,7.16106715,92,169,15.33227776,9.340413223,6.343796161,7.943152304,473,10,3,3,16,478,13,7,13,33,489,511,104,65,66,26
18,1000,60,5.13,10.3,18,37,103,939,36,14,11,61,7.854170581,372,440,470.2468787,341.6159905,10.70140756,5.018299818,447,30,11,11,52,492,6,3,0,9,499,501,422,18,365,7
21,1000,60,5.13,10.3,18,37,99,953,31,8,8,47,7.61501957,365,440,338.1930692,229.5371065,10.14450526,5.013702642,462,30,8,7,45,491,1,0,1,2,507,493,421,19,353,12
22,1000,60,5.13,10.3,18,37,98,958,20,17,5,42,7.397771538,396,447,301.4723584,206.0601206,9.676574096,5.302672834,448,16,11,4,31,510,4,6,1,11,479,521,433,14,389,7
20,1000,60,5.13,10.3,18,37,101,965,20,7,8,35,7.242194281,405,461,509.9314201,347.0319695,10.12203452,4.475288949,459,18,6,7,31,506,2,1,1,4,490,510,445,16,398,7
23,1000,60,5.13,10.3,18,37,98,963,21,7,9,37,7.166589388,396,433,365.049858,312.7397813,9.672237905,4.660940872,467,19,5,9,33,496,2,2,0,4,500,500,424,9,391,5
19,1000,60,5.13,10.3,18,37,103,943,34,15,8,57,7.6600266,389,425,2806.48239,1829.384593,10.57413569,4.757550675,449,29,14,7,50,494,5,1,1,7,499,501,411,14,380,9
24,1000,60,5.13,10.3,18,37,67,958,28,9,5,42,7.623867591,281,336,99.34906665,77.27844182,8.663560371,6.679413844,450,16,6,4,26,508,12,3,1,16,476,524,313,23,265,16
25,1000,60,5.13,10.3,18,37,5,951,23,10,16,49,7.162319876,114,173,15.38929203,9.414836435,6.341804127,7.947510094,473,10,3,3,16,478,13,7,13,33,489,511,108,65,89,25
18,1000,60,5.13,10.3,18,37,104,937,38,14,11,63,7.867885642,391,450,496.9702574,364.3004262,10.76796208,4.979386355,445,32,11,11,54,492,6,3,0,9,499,501,437,13,382,9
26,1000,60,5.13,10.3,18,37,0,948,28,12,12,52,7.188,91,154,15.05278971,8.875392542,6.321792261,8.023575639,469,18,3,1,22,479,10,9,11,30,491,509,87,67,57,34
21,1000,60,5.13,10.3,18,37,100,953,31,8,8,47,7.607675546,362,431,356.4040229,241.7590863,10.18822177,4.95384809,462,30,8,7,45,491,1,0,1,2,507,493,412,19,358,4
22,1000,60,5.13,10.3,18,37,99,958,19,18,5,42,7.371981078,420,461,326.7122059,223.5446002,9.745645295,5.189667911,448,15,12,4,31,510,4,6,1,11,479,521,440,21,412,8
20,1000,60,5.13,10.3,18,37,102,966,20,7,7,34,7.241537463,416,463,544.0301117,370.8154965,10.16072179,4.43683095,459,18,6,7,31,507,2,1,0,3,490,510,447,16,410,6
23,1000,60,5.13,10.3,18,37,99,962,22,7,9,38,7.183587983,401,449,380.986912,326.9578123,9.729091907,4.638084059,466,20,5,9,34,496,2,2,0,4,500,500,436,13,393,8
19,1000,60,5.13,10.3,18,37,104,943,34,15,8,57,7.657908054,368,440,3135.457174,2053.01126,10.61590499,4.711719493,449,29,14,7,50,494,5,1,1,7,499,501,425,15,357,11
27,1000,60,5.13,10.3,18,37,0,948,28,10,14,52,7.075,96,164,15.00675681,8.832411009,6.681541582,7.457593688,468,15,3,7,25,480,13,7,7,27,493,507,95,69,63,33
25,1000,60,5.13,10.3,18,37,6,951,22,11,16,49,7.180098582,86,146,15.44193672,9.475512018,6.331967727,7.991714998,473,10,3,3,16,478,12,8,13,33,489,511,78,68,66,20
24,1000,60,5.13,10.3,18,37,68,957,29,9,5,43,7.612519997,276,338,104.3029734,80.87701194,8.728612345,6.598665115,448,18,6,4,28,509,11,3,1,15,476,524,318,20,263,13
26,1000,60,5.13,10.3,18,37,1,951,26,11,12,49,7.17186131,92,154,15.08354289,8.934308341,6.384945217,7.930949329,469,18,3,1,22,482,8,8,11,27,491,509,89,65,66,26
21,1000,60,5.13,10.3,18,37,101,952,32,8,8,48,7.606773336,367,411,385.9618681,258.924077,10.21008296,4.929536055,462,30,8,7,45,490,2,0,1,3,507,493,397,14,356,11
22,1000,60,5.13,10.3,18,37,100,958,19,17,6,42,7.34542002,417,476,347.6500739,239.4516199,9.78408382,5.10334716,448,15,12,4,31,510,4,5,2,11,479,521,455,21,406,11
20,1000,60,5.13,10.3,18,37,103,966,20,7,7,34,7.221946915,416,474,570.7267224,389.1247219,10.20155726,4.359184032,459,18,6,7,31,507,2,1,0,3,490,510,455,19,407,9
23,1000,60,5.13,10.3,18,37,100,962,22,7,9,38,7.173568728,403,462,398.6834626,342.6124677,9.755720266,4.591417191,466,20,5,9,34,496,2,2,0,4,500,500,441,21,395,8
25,1000,60,5.13,10.3,18,37,7,951,22,11,16,49,7.205938899,95,156,15.51519925,9.549384358,6.361829288,8.013707197,473,10,3,3,16,478,12,8,13,33,489,511,97,59,75,20
27,1000,60,5.13,10.3,18,37,1,951,29,9,11,49,7.042325243,108,157,15.06237192,8.912788748,6.679165023,7.39545737,470,15,2,6,23,481,14,7,5,26,493,507,86,71,67,41
24,1000,60,5.13,10.3,18,37,69,959,27,9,5,41,7.60427771,273,337,111.3778109,85.90745611,8.763763998,6.551003907,448,18,6,4,28,511,9,3,1,13,476,524,321,16,265,8
26,1000,60,5.13,10.3,18,37,2,951,27,11,11,49,7.217769465,86,171,15.12227551,8.9692358,6.424985886,7.982517475,469,18,3,1,22,482,9,8,10,27,491,509,92,79,62,24
21,1000,60,5.13,10.3,18,37,102,951,33,8,8,49,7.599124981,367,433,416.8061088,277.3826482,10.26723784,4.855244207,461,31,8,7,46,490,2,0,1,3,507,493,418,15,361,6
22,1000,60,5.13,10.3,18,37,101,957,21,17,5,43,7.344248662,416,469,377.3697306,260.3567942,9.856092244,5.034895349,447,16,12,4,32,510,5,5,1,11,479,521,451,18,405,11
23,1000,60,5.13,10.3,18,37,101,961,23,7,9,39,7.177574243,404,448,418.0275783,359.8744965,9.809080304,4.546068182,465,21,5,9,35,496,2,2,0,4,500,500,432,16,391,13
20,1000,60,5.13,10.3,18,37,104,967,20,6,7,33,7.250174598,418,463,599.4971977,407.1729309,10.25154081,4.366509023,460,18,5,7,30,507,2,1,0,3,490,510,448,15,409,9
28,1000,60,5.13,10.3,18,37,0,936,39,13,12,64,7.482,77,161,14.99812846,8.944946474,6.799196787,8.15936255,472,16,6,4,26,464,23,7,8,38,498,502,93,68,58,19
25,1000,60,5.13,10.3,18,37,8,951,21,12,16,49,7.243329208,92,181,15.60221968,9.627438757,6.4030695,8.047413351,473,10,3,3,16,478,11,9,13,33,489,511,116,65,64,28
27,1000,60,5.13,10.3,18,37,2,951,30,8,11,49,7.085466549,96,162,15.14106332,9.000026261,6.742704104,7.418764153,470,15,2,6,23,481,15,6,5,26,493,507,95,67,66,30
24,1000,60,5.13,10.3,18,37,70,958,28,9,5,42,7.603325166,286,358,120.7619164,93.78139727,8.805819806,6.510982707,447,19,6,4,29,511,9,3,1,13,476,524,330,28,265,21
26,1000,60,5.13,10.3,18,37,3,952,26,11,11,48,7.233164774,99,150,15.14658979,9.026287816,6.454324884,7.984462192,470,17,3,1,21,482,9,8,10,27,491,509,78,72,64,35
21,1000,60,5.13,10.3,18,37,103,950,34,7,9,50,7.614531989,376,439,442.8789779,293.1636106,10.33967555,4.812000988,460,32,7,8,47,490,2,0,1,3,507,493,417,22,368,8
22,1000,60,5.13,10.3,18,37,102,958,19,18,5,42,7.324185402,408,472,409.700386,283.4464253,9.890639872,4.964623615,447,15,13,4,32,511,4,5,1,10,479,521,456,16,399,9
23,1000,60,5.13,10.3,18,37,102,961,23,7,9,39,7.154333641,411,457,437.8345441,376.6055091,9.835668214,4.472999068,465,21,5,9,35,496,2,2,0,4,500,500,445,12,401,10
25,1000,60,5.13,10.3,18,37,9,950,22,12,16,50,7.273956133,111,164,15.64823054,9.68173766,6.440131032,8.071882697,473,10,3,3,16,477,12,9,13,34,489,511,108,56,85,26
28,1000,60,5.13,10.3,18,37,1,935,40,13,12,65,7.494289471,84,150,15.02889723,9.009930852,6.854003344,8.129473717,471,17,6,4,27,464,23,7,8,38,498,502,88,62,56,28
27,1000,60,5.13,10.3,18,37,3,953,27,9,11,47,7.134818091,105,144,15.18443979,9.05115404,6.804986218,7.45554218,470,14,3,6,23,483,13,6,5,24,493,507,88,56,77,28
26,1000,60,5.13,10.3,18,37,4,950,27,12,11,50,7.288267002,96,164,15.20860687,9.083598101,6.487959762,8.060272611,469,18,3,1,22,481,9,9,10,28,491,509,110,54,65,31
21,1000,60,5.13,10.3,18,37,104,950,34,7,9,50,7.614692192,374,437,472.6483068,311.6179093,10.36418175,4.78712382,459,33,7,8,48,491,1,0,1,2,507,493,422,15,364,10
29,1000,60,5.13,10.3,18,37,0,947,27,15,11,53,7.069,91,155,14.98672841,8.858260571,5.912955466,8.197628458,477,11,2,4,17,470,16,13,7,36,494,506,93,62,60,31
24,1000,60,5.13,10.3,18,37,71,959,27,8,6,41,7.565495061,276,343,127.0800753,98.26544494,8.822648538,6.423500681,447,19,6,4,29,512,8,2,2,12,476,524,327,16,268,8
22,1000,60,5.13,10.3,18,37,103,958,19,18,5,42,7.306883784,430,458,444.337091,307.2983003,9.935680988,4.890004973,447,15,13,4,32,511,4,5,1,10,479,521,448,10,423,7
23,1000,60,5.13,10.3,18,37,103,960,24,6,10,40,7.162866277,422,459,462.1083393,396.2770112,9.880374693,4.44535786,464,22,4,10,36,496,2,2,0,4,500,500,447,12,411,11
25,1000,60,5.13,10.3,18,37,10,950,22,12,16,50,7.264851983,102,165,15.73722089,9.754227551,6.451587302,8.043103313,473,10,3,3,16,477,12,9,13,34,489,511,102,63,76,26
28,1000,60,5.13,10.3,18,37,2,934,41,12,13,66,7.512707268,107,146,15.0792426,9.06126099,6.813283446,8.206557991,471,17,5,5,27,463,24,7,8,39,498,502,85,61,68,39
27,1000,60,5.13,10.3,18,37,4,954,26,8,12,46,7.131335526,103,161,15.22770982,9.094887166,6.842027015,7.412655242,470,14,3,6,23,484,12,5,6,23,493,507,93,68,70,33
26,1000,60,5.13,10.3,18,37,5,954,23,12,11,46,7.294188523,93,162,15.24207529,9.115695107,6.58198173,7.981209221,470,16,4,1,21,484,7,8,10,25,491,509,90,72,68,25
29,1000,60,5.13,10.3,18,37,1,948,28,14,10,52,7.091247501,99,124,15.0226943,8.912363725,5.98144123,8.174734256,477,11,2,4,17,471,17,12,6,35,494,506,71,53,67,32
22,1000,60,5.13,10.3,18,37,104,958,19,18,5,42,7.323385552,426,468,473.334416,327.311614,10.00796764,4.855218905,447,15,13,4,32,511,4,5,1,10,479,521,457,11,415,11
30,1000,60,5.13,10.3,18,37,0,936,37,13,14,64,7.371,96,164,15.07536882,9.024739642,7.058333333,7.659615385,451,15,7,7,29,485,22,6,7,35,480,520,93,71,67,29
24,1000,60,5.13,10.3,18,37,72,959,27,8,6,41,7.559032663,288,371,132.9081237,102.8595785,8.872946685,6.365477178,447,19,6,4,29,512,8,2,2,12,476,524,348,23,278,10
23,1000,60,5.13,10.3,18,37,104,959,25,6,10,41,7.187990676,415,456,487.3197754,418.4230486,9.928674268,4.447307083,463,23,4,10,37,496,2,2,0,4,500,500,442,14,412,3
31,1000,60,5.13,10.3,18,37,0,949,25,11,15,51,6.941,79,159,15.04360885,8.783574049,5.765060241,8.107569721,485,7,3,3,13,464,18,8,12,38,498,502,86,73,52,27
25,1000,60,5.13,10.3,18,37,11,952,22,10,16,48,7.250354364,99,149,15.82308079,9.838882595,6.44050436,8.025338028,474,10,2,3,15,478,12,8,13,33,489,511,110,39,71,28
28,1000,60,5.13,10.3,18,37,3,932,43,12,13,68,7.509478597,98,153,15.14350481,9.16367179,6.808471586,8.204899896,470,18,5,5,28,462,25,7,8,40,498,502,82,71,67,31
27,1000,60,5.13,10.3,18,37,5,953,27,8,12,47,7.176657818,102,151,15.28388379,9.15768276,6.930956478,7.415574506,469,15,3,6,24,484,12,5,6,23,493,507,88,63,72,30
26,1000,60,5.13,10.3,18,37,6,953,23,13,11,47,7.324224877,84,148,15.3301197,9.176876138,6.65498387,7.969799208,469,16,5,1,22,484,7,8,10,25,491,509,93,55,64,20
29,1000,60,5.13,10.3,18,37,2,948,28,14,10,52,7.107969033,99,164,15.07758333,8.991201592,6.015647418,8.174385787,477,11,2,4,17,471,17,12,6,35,494,506,102,62,70,29
30,1000,60,5.13,10.3,18,37,1,938,35,13,14,62,7.379715082,103,148,15.0782593,9.056385474,7.082689631,7.653892422,451,15,7,7,29,487,20,6,7,33,480,520,83,65,67,36
24,1000,60,5.13,10.3,18,37,73,959,27,8,6,41,7.536415354,317,376,140.3132136,108.7523176,8.913504747,6.285471554,447,19,6,4,29,512,8,2,2,12,476,524,353,23,299,18
25,1000,60,5.13,10.3,18,37,12,955,19,10,16,45,7.27047914,100,162,15.91408558,9.909103389,6.480437984,8.026506782,474,10,2,3,15,481,9,8,13,30,489,511,105,57,72,28
31,1000,60,5.13,10.3,18,37,1,950,24,11,15,50,6.971308711,79,137,15.07381323,8.873955419,5.844622348,8.089017494,485,7,3,3,13,465,17,8,12,37,498,502,74,63,62,17
28,1000,60,5.13,10.3,18,37,4,932,43,12,13,68,7.532531918,105,162,15.16270093,9.224556462,6.861806008,8.197913399,470,18,5,5,28,462,25,7,8,40,498,502,96,66,70,35
27,1000,60,5.13,10.3,18,37,6,953,27,8,12,47,7.189159527,105,144,15.4045113,9.255209865,6.951144274,7.420602367,469,15,3,6,24,484,12,5,6,23,493,507,88,56,77,28
26,1000,60,5.13,10.3,18,37,7,954,21,14,11,46,7.342624694,89,178,15.39318968,9.248135887,6.693112109,7.969168268,470,14,6,1,21,484,7,8,10,25,491,509,112,66,64,25
29,1000,60,5.13,10.3,18,37,3,948,29,13,10,52,7.157388985,88,154,15.13889635,9.075340832,6.065872528,8.223019675,477,11,2,4,17,471,18,11,6,35,494,506,84,70,66,22
30,1000,60,5.13,10.3,18,37,2,940,35,11,14,60,7.405132778,78,147,15.12521903,9.113101515,7.080443921,7.704845569,453,14,6,7,27,487,21,5,7,33,480,520,86,61,58,20
25,1000,60,5.13,10.3,18,37,13,957,19,8,16,43,7.27597073,115,150,16.02662727,10.04615032,6.497154792,8.021256433,475,10,1,3,14,482,9,7,13,29,489,511,97,53,90,25
24,1000,60,5.13,10.3,18,37,74,960,26,8,6,40,7.53606028,297,349,149.2240585,117.1209586,8.95312439,6.248803568,448,18,6,4,28,512,8,2,2,12,476,524,328,21,282,15
28,1000,60,5.13,10.3,18,37,5,933,44,11,12,67,7.53633458,100,158,15.23936659,9.306262817,6.904598467,8.163036938,470,19,5,4,28,463,25,6,8,39,498,502,92,66,72,28
31,1000,60,5.13,10.3,18,37,2,953,21,11,15,47,6.969917398,94,148,15.13000595,8.927439284,5.868443385,8.062614726,485,7,3,3,13,468,14,8,12,34,498,502,90,58,63,31
27,1000,60,5.13,10.3,18,37,7,955,26,8,11,45,7.18969291,105,158,15.50590847,9.35714569,6.969945772,7.40337208,470,14,3,6,23,485,12,5,5,22,493,507,105,53,75,30
26,1000,60,5.13,10.3,18,37,8,954,21,14,11,46,7.378033755,97,160,15.46814898,9.302317303,6.736785505,7.996605249,470,14,6,1,21,484,7,8,10,25,491,509,98,62,66,31
25,1000,60,5.13,10.3,18,37,14,957,20,7,16,43,7.292512268,114,156,16.1860961,10.15814455,6.550086607,8.002974398,475,10,1,3,14,482,10,6,13,29,489,511,108,48,89,25
30,1000,60,5.13,10.3,18,37,3,940,35,11,14,60,7.425043527,103,154,15.19222082,9.15327949,7.133788473,7.693894347,453,14,6,7,27,487,21,5,7,33,480,520,90,64,78,25
29,1000,60,5.13,10.3,18,37,4,950,29,11,10,50,7.159322334,103,133,15.20155305,9.153525548,6.104265014,8.189358532,478,11,1,4,16,472,18,10,6,34,494,506,77,56,73,30
28,1000,60,5.13,10.3,18,37,6,933,44,11,12,67,7.547653089,92,138,15.2965891,9.383270586,6.925289958,8.165057151,470,19,5,4,28,463,25,6,8,39,498,502,86,52,60,32
31,1000,60,5.13,10.3,18,37,3,955,19,11,15,45,6.967772099,94,162,15.15901946,8.986901232,5.884544745,8.042368158,486,6,3,3,12,469,13,8,12,33,498,502,85,77,67,27
24,1000,60,5.13,10.3,18,37,75,960,26,7,7,40,7.517261715,312,390,158.3729683,125.00046,9.018436805,6.153598847,448,18,5,5,28,512,8,2,2,12,476,524,356,34,291,21
27,1000,60,5.13,10.3,18,37,8,955,27,8,10,45,7.174301323,95,165,15.61011644,9.462095847,6.999981123,7.343807948,470,14,3,6,23,485,13,5,4,22,493,507,97,68,72,23
26,1000,60,5.13,10.3,18,37,9,954,21,14,11,46,7.397703632,121,153,15.49232309,9.359624422,6.776261223,7.997169688,470,14,6,1,21,484,7,8,10,25,491,509,102,51,76,45
25,1000,60,5.13,10.3,18,37,15,958,20,6,16,42,7.296306716,92,183,16.32915378,10.27998813,6.571956083,7.989472,475,10,1,3,14,483,10,5,13,28,489,511,134,49,74,18
30,1000,60,5.13,10.3,18,37,4,943,35,9,13,57,7.39244724,84,145,15.23887329,9.21175768,7.128136805,7.636426104,453,14,6,7,27,490,21,3,6,30,480,520,98,47,55,29
29,1000,60,5.13,10.3,18,37,5,952,26,12,10,48,7.162255777,95,175,15.26697089,9.214819641,6.135022744,8.165127552,478,9,3,4,16,474,17,9,6,32,494,506,107,68,65,30
28,1000,60,5.13,10.3,18,37,7,936,41,11,12,64,7.532040593,89,163,15.37015831,9.435492979,6.95708448,8.102415381,470,19,5,4,28,466,22,6,8,36,498,502,98,65,63,26
31,1000,60,5.13,10.3,18,37,4,957,18,10,15,43,6.9674534,113,180,15.25145674,9.082703123,5.918481559,8.008066899,486,6,3,3,12,471,12,7,12,31,498,502,110,70,83,30
27,1000,60,5.13,10.3,18,37,9,956,26,8,10,44,7.188131168,107,174,15.68384509,9.540744476,7.02938713,7.342491741,469,15,3,6,24,487,11,5,4,20,493,507,121,53,78,29
26,1000,60,5.13,10.3,18,37,10,954,22,14,10,46,7.430424782,86,168,15.56931874,9.415421985,6.811002254,8.027942388,470,14,6,1,21,484,8,8,9,25,491,509,122,46,60,26
24,1000,60,5.13,10.3,18,37,76,960,26,7,7,40,7.501832268,310,389,170.1028519,136.1006278,9.025413476,6.11781575,448,18,5,5,28,512,8,2,2,12,476,524,369,20,296,14
25,1000,60,5.13,10.3,18,37,16,958,21,6,15,42,7.291139717,107,170,16.43233575,10.37521965,6.578010317,7.973566873,475,10,1,3,14,483,11,5,12,28,489,511,110,60,83,24
30,1000,60,5.13,10.3,18,37,5,944,32,10,14,56,7.430728724,105,158,15.30949625,9.258135306,7.226822229,7.618950103,453,12,7,8,27,491,20,3,6,29,480,520,90,68,74,31
29,1000,60,5.13,10.3,18,37,6,953,25,12,10,47,7.204954151,107,166,15.32308558,9.27855011,6.190065453,8.195774342,478,9,3,4,16,475,16,9,6,31,494,506,96,70,76,31
28,1000,60,5.13,10.3,18,37,8,939,39,10,12,61,7.528478586,118,162,15.41742077,9.502801784,6.976864792,8.075697051,470,19,5,4,28,469,20,5,8,33,498,502,97,65,74,44
27,1000,60,5.13,10.3,18,37,10,958,26,7,9,42,7.202382468,102,149,15.78980875,9.657005769,7.004601531,7.394701999,471,15,2,5,22,487,11,5,4,20,493,507,94,55,77,25
31,1000,60,5.13,10.3,18,37,5,958,18,9,15,42,6.984919923,110,167,15.32509146,9.18567448,5.929271136,8.032157166,487,6,2,3,11,471,12,7,12,31,498,502,104,63,74,36
26,1000,60,5.13,10.3,18,37,11,956,22,12,10,44,7.417193751,106,168,15.62819614,9.42944142,6.817001347,7.996161277,471,14,5,1,20,485,8,7,9,24,491,509,103,65,70,36
24,1000,60,5.13,10.3,18,37,77,960,26,7,7,40,7.510874748,320,386,184.764796,150.7217042,9.107381969,6.060612463,447,19,5,5,29,513,7,2,2,11,476,524,361,25,308,12
25,1000,60,5.13,10.3,18,37,17,959,20,6,15,41,7.288627508,118,160,16.58075739,10.49707971,6.600009002,7.947599034,475,10,1,3,14,484,10,5,12,27,489,511,111,49,94,24
30,1000,60,5.13,10.3,18,37,6,946,31,12,11,54,7.409323164,101,149,15.39841042,9.31368004,7.215308366,7.588413747,454,11,8,7,26,492,20,4,4,28,480,520,88,61,71,30
29,1000,60,5.13,10.3,18,37,7,954,24,12,10,46,7.23518147,95,143,15.38793449,9.362693191,6.243278366,8.203561181,478,9,3,4,16,476,15,9,6,30,494,506,82,61,58,37
28,1000,60,5.13,10.3,18,37,9,942,38,7,13,58,7.556189334,97,170,15.47205852,9.552613093,7.045510726,8.062798789,469,20,4,5,29,473,18,3,8,29,498,502,100,70,74,23
27,1000,60,5.13,10.3,18,37,11,961,23,7,9,39,7.199428776,113,156,15.87046841,9.764756579,7.017289817,7.376538257,473,13,2,5,20,488,10,5,4,19,493,507,102,54,83,30
26,1000,60,5.13,10.3,18,37,12,956,22,12,10,44,7.462194852,112,153,15.70859904,9.525227185,6.903944453,8.000703587,471,14,5,1,20,485,8,7,9,24,491,509,92,61,78,34
31,1000,60,5.13,10.3,18,37,6,960,17,8,15,40,6.960747263,108,186,15.40012836,9.247344098,5.926741318,7.986514117,487,6,2,3,11,473,11,6,12,29,498,502,100,86,80,28
24,1000,60,5.13,10.3,18,37,78,960,26,7,7,40,7.503740965,315,377,198.9461312,166.4348323,9.125955491,6.030126242,447,19,5,5,29,513,7,2,2,11,476,524,365,12,303,12
25,1000,60,5.13,10.3,18,37,18,961,19,7,13,39,7.227541311,112,175,16.71135901,10.62278029,6.597625567,7.830337395,475,10,1,3,14,486,9,6,10,25,489,511,121,54,92,20
30,1000,60,5.13,10.3,18,37,7,947,30,12,11,53,7.433501937,104,185,15.40603374,9.350311422,7.254745289,7.598508074,454,11,8,7,26,493,19,4,4,27,480,520,114,71,76,28
29,1000,60,5.13,10.3,18,37,8,955,24,11,10,45,7.278930928,99,178,15.45166643,9.399920598,6.295858986,8.238688911,477,10,3,4,17,478,14,8,6,28,494,506,111,67,70,29
28,1000,60,5.13,10.3,18,37,10,942,37,8,13,58,7.609837794,94,164,15.51770714,9.625944169,7.109454808,8.106233665,469,20,4,5,29,473,17,4,8,29,498,502,101,63,63,31
27,1000,60,5.13,10.3,18,37,12,961,23,7,9,39,7.216008994,100,169,15.96429558,9.868786524,7.042802861,7.384432314,473,13,2,5,20,488,10,5,4,19,493,507,111,58,70,30
26,1000,60,5.13,10.3,18,37,13,957,23,11,9,43,7.457065329,108,166,15.83290715,9.627654471,6.915368107,7.979606265,471,14,5,1,20,486,9,6,8,23,491,509,108,58,75,33
31,1000,60,5.13,10.3,18,37,7,961,16,8,15,39,6.949938814,92,175,15.44270583,9.342723401,5.953172494,7.938762772,487,6,2,3,11,474,10,6,12,28,498,502,100,75,67,25
24,1000,60,5.13,10.3,18,37,79,959,27,7,7,41,7.500686452,323,385,216.1014353,185.5392965,9.179099292,5.976021353,447,19,5,5,29,512,8,2,2,12,476,524,371,14,316,7
25,1000,60,5.13,10.3,18,37,19,962,18,7,13,38,7.251656695,113,171,16.90220452,10.80481419,6.621117973,7.855048936,475,10,1,3,14,487,8,6,10,24,489,511,120,51,89,24
30,1000,60,5.13,10.3,18,37,8,947,30,12,11,53,7.466978558,85,173,15.44365276,9.405404014,7.311139855,7.610829669,454,11,8,7,26,493,19,4,4,27,480,520,108,65,60,25
29,1000,60,5.13,10.3,18,37,9,955,24,11,10,45,7.315371502,110,157,15.49426342,9.41677114,6.340877451,8.266755022,478,9,3,4,16,477,15,8,6,29,494,506,95,62,80,30
28,1000,60,5.13,10.3,18,37,11,941,38,8,13,59,7.64005491,104,162,15.56122645,9.670078094,7.176015421,8.100396874,468,21,4,5,30,473,17,4,8,29,498,502,101,61,80,24
27,1000,60,5.13,10.3,18,37,13,960,24,6,10,40,7.235900653,106,155,16.07794199,9.956080941,7.061653017,7.405336716,473,13,2,5,20,487,11,4,5,20,493,507,100,55,80,26
31,1000,60,5.13,10.3,18,37,8,963,17,6,14,37,6.916082143,94,132,15.57035182,9.450078595,5.931290991,7.893026353,487,7,2,2,11,476,10,4,12,26,498,502,80,52,52,42
26,1000,60,5.13,10.3,18,37,14,956,23,11,10,44,7.495919748,103,160,15.93190135,9.710035914,6.956693584,8.016077012,471,14,4,2,20,485,9,7,8,24,491,509,109,51,71,32
25,1000,60,5.13,10.3,18,37,20,962,19,7,12,38,7.268275858,117,187,17.04807651,10.93520331,6.701731585,7.810428793,475,10,1,3,14,487,9,6,9,24,489,511,125,62,94,23
24,1000,60,5.13,10.3,18,37,80,960,27,6,7,40,7.437700996,336,397,236.307623,207.6986972,9.181542413,5.853600778,447,19,5,5,29,513,8,1,2,11,476,524,374,23,322,14
30,1000,60,5.13,10.3,18,37,9,946,31,12,11,54,7.50554568,102,165,15.54305959,9.494988623,7.364817277,7.635448821,453,12,8,7,27,493,19,4,4,27,480,520,104,61,77,25
29,1000,60,5.13,10.3,18,37,10,956,21,13,10,44,7.310137832,90,171,15.60420463,9.476455627,6.369847107,8.228129172,477,7,6,4,17,479,14,7,6,27,494,506,101,70,67,23
28,1000,60,5.13,10.3,18,37,12,943,37,8,12,57,7.659159525,99,170,15.65128346,9.791652065,7.257105875,8.058009561,468,20,5,5,30,475,17,3,7,27,498,502,106,64,74,25
27,1000,60,5.13,10.3,18,37,14,960,24,6,10,40,7.239694448,111,167,16.18361426,10.0122086,7.073168055,7.401622478,473,13,2,5,20,487,11,4,5,20,493,507,100,67,86,25
26,1000,60,5.13,10.3,18,37,15,957,22,11,10,43,7.511509547,109,174,16.02881255,9.818330031,6.968120662,8.035682321,471,14,4,2,20,486,8,7,8,23,491,509,111,63,82,27
31,1000,60,5.13,10.3,18,37,9,963,17,8,12,37,6.877802489,108,175,15.62754705,9.550688762,5.929331712,7.81871573,487,7,2,2,11,476,10,6,10,26,498,502,111,64,77,31
25,1000,60,5.13,10.3,18,37,21,963,19,6,12,37,7.320209123,99,171,17.23441339,11.06260034,6.773455145,7.843423791,475,10,1,3,14,488,9,5,9,23,489,511,114,57,76,23
24,1000,60,5.13,10.3,18,37,81,960,27,6,7,40,7.421176179,320,414,256.2967784,228.4785391,9.234646505,5.773825273,447,19,5,5,29,513,8,1,2,11,476,524,384,30,310,10
30,1000,60,5.13,10.3,18,37,10,947,32,11,10,53,7.510865587,116,167,15.60500367,9.562908775,7.370311773,7.64060757,454,12,8,6,26,493,20,3,4,27,480,520,107,60,87,29
29,1000,60,5.13,10.3,18,37,11,954,24,12,10,46,7.350063117,108,152,15.67944926,9.533472084,6.393280624,8.284155116,476,8,6,4,18,478,16,6,6,28,494,506,91,61,78,30
27,1000,60,5.13,10.3,18,37,15,960,24,6,10,40,7.272338131,90,167,16.31275208,10.10057276,7.13743694,7.403514241,473,13,2,5,20,487,11,4,5,20,493,507,126,41,68,22
28,1000,60,5.13,10.3,18,37,13,942,37,9,12,58,7.679018634,125,164,15.76222995,9.870700645,7.314678877,8.040455285,467,21,5,5,31,475,16,4,7,27,498,502,110,54,93,32
31,1000,60,5.13,10.3,18,37,10,964,16,8,12,36,6.865174858,108,143,15.68987776,9.632014806,5.926994811,7.795879368,488,6,2,2,10,476,10,6,10,26,498,502,91,52,76,32
26,1000,60,5.13,10.3,18,37,16,957,22,11,10,43,7.535926555,108,161,16.15168957,9.963286176,6.998476787,8.054370242,471,14,4,2,20,486,8,7,8,23,491,509,101,60,86,22
25,1000,60,5.13,10.3,18,37,22,962,19,7,12,38,7.328361323,119,190,17.44505246,11.23123877,6.790493483,7.843072427,475,10,1,3,14,487,9,6,9,24,489,511,125,65,89,30
30,1000,60,5.13,10.3,18,37,11,948,32,10,10,52,7.528677758,101,152,15.67728032,9.644598602,7.405496286,7.642383732,453,13,8,6,27,495,19,2,4,25,480,520,96,56,68,33
29,1000,60,5.13,10.3,18,37,12,951,27,11,11,49,7.39468169,81,166,15.76187724,9.620290272,6.456966686,8.310158394,473,11,5,5,21,478,16,6,6,28,494,506,108,58,54,27
27,1000,60,5.13,10.3,18,37,16,959,26,6,9,41,7.310992217,92,178,16.39461045,10.20831464,7.218511938,7.400918801,473,13,2,5,20,486,13,4,4,21,493,507,115,63,77,15
24,1000,60,5.13,10.3,18,37,82,960,27,6,7,40,7.393098051,334,404,271.9517171,244.875193,9.274728258,5.683830916,447,19,5,5,29,513,8,1,2,11,476,524,380,24,317,17
28,1000,60,5.13,10.3,18,37,14,943,35,10,12,57,7.697540965,94,155,15.87293982,9.960790143,7.351713071,8.040613257,467,21,5,5,31,476,14,5,7,26,498,502,102,53,75,19
26,1000,60,5.13,10.3,18,37,17,957,23,10,10,43,7.53989424,100,154,16.26549181,10.07943041,7.027572637,8.034098379,471,14,4,2,20,486,9,6,8,23,491,509,98,56,70,30
31,1000,60,5.13,10.3,18,37,11,964,17,8,11,36,6.896783644,103,157,15.77027756,9.730685505,5.94590664,7.840083939,488,6,2,2,10,476,11,6,9,26,498,502,93,64,78,25
25,1000,60,5.13,10.3,18,37,23,962,19,7,12,38,7.336548372,128,190,17.68016692,11.43279988,6.831185489,7.820153949,475,10,1,3,14,487,9,6,9,24,489,511,132,58,103,25
30,1000,60,5.13,10.3,18,37,12,948,31,11,10,52,7.559444616,100,160,15.82134681,9.73260981,7.432769734,7.676375277,453,13,8,6,27,495,18,3,4,25,480,520,94,66,62,38
29,1000,60,5.13,10.3,18,37,13,951,27,11,11,49,7.39981834,94,158,15.88908038,9.727069846,6.448141301,8.328925963,472,12,5,5,22,479,15,6,6,27,494,506,102,56,71,23
27,1000,60,5.13,10.3,18,37,17,960,25,6,9,40,7.307188395,101,179,16.49375004,10.34530565,7.254292288,7.358623861,473,13,2,5,20,487,12,4,4,20,493,507,123,56,73,28
28,1000,60,5.13,10.3,18,37,15,941,37,10,12,59,7.735483842,106,161,15.96219398,10.06699422,7.398403265,8.069878518,466,22,5,5,32,475,15,5,7,27,498,502,102,59,77,29
26,1000,60,5.13,10.3,18,37,18,958,23,9,10,42,7.559334741,108,180,16.39380973,10.20188764,7.083120303,8.01870859,470,15,4,2,21,488,8,5,8,21,491,509,119,61,85,23
31,1000,60,5.13,10.3,18,37,12,965,16,8,11,35,6.882840074,90,135,15.83988757,9.785345042,5.960554153,7.797777103,488,6,2,2,10,477,10,6,9,25,498,502,85,50,72,18
24,1000,60,5.13,10.3,18,37,83,962,25,6,7,38,7.355091029,347,427,291.8517497,265.1738678,9.274381409,5.611613509,447,19,5,5,29,515,6,1,2,9,476,524,398,29,336,11
25,1000,60,5.13,10.3,18,37,24,963,19,7,11,37,7.368791516,125,181,17.88539334,11.62689367,6.871997564,7.844197078,476,10,1,2,13,487,9,6,9,24,489,511,131,50,103,22
30,1000,60,5.13,10.3,18,37,13,947,33,11,9,53,7.589595301,98,151,15.95525085,9.821134519,7.491231865,7.680392319,453,14,8,5,27,494,19,3,4,26,480,520,103,48,77,21
29,1000,60,5.13,10.3,18,37,14,952,28,9,11,48,7.413354502,91,173,16.03787335,9.825206542,6.4926422,8.31223173,472,12,5,5,22,480,16,4,6,26,494,506,109,64,66,25
27,1000,60,5.13,10.3,18,37,18,959,26,6,9,41,7.328064641,105,168,16.5807474,10.41931278,7.276731846,7.377979963,472,14,2,5,21,487,12,4,4,20,493,507,111,57,79,26
26,1000,60,5.13,10.3,18,37,19,958,23,9,10,42,7.575464781,117,177,16.51088548,10.30633931,7.09589122,8.038078964,470,15,4,2,21,488,8,5,8,21,491,509,121,56,84,33
31,1000,60,5.13,10.3,18,37,13,967,14,9,10,33,6.870754627,95,169,15.93606228,9.86256349,5.984451677,7.749995402,489,5,2,2,9,478,9,7,8,24,498,502,112,57,74,21
28,1000,60,5.13,10.3,18,37,16,943,34,11,12,57,7.732862041,93,173,16.03248325,10.10578963,7.418828309,8.044393513,467,21,5,5,31,476,13,6,7,26,498,502,116,57,67,26
24,1000,60,5.13,10.3,18,37,84,961,26,6,7,39,7.371481642,331,417,309.2814033,280.6487419,9.333298371,5.589373316,446,20,5,5,30,515,6,1,2,9,476,524,394,23,323,8
25,1000,60,5.13,10.3,18,37,25,964,19,6,11,36,7.38884409,110,182,18.11189891,11.83208961,6.931410272,7.826584084,476,10,1,2,13,488,9,5,9,23,489,511,136,46,89,21
30,1000,60,5.13,10.3,18,37,14,948,31,12,9,52,7.596285295,101,171,16.02978597,9.891119478,7.510024621,7.675910533,453,14,8,5,27,495,17,4,4,25,480,520,118,53,79,22
27,1000,60,5.13,10.3,18,37,19,961,24,6,9,39,7.319892989,99,169,16.70385945,10.52236845,7.279802083,7.358876848,472,14,2,5,21,489,10,4,4,18,493,507,122,47,73,26
29,1000,60,5.13,10.3,18,37,15,952,28,9,11,48,7.452661496,99,169,16.17274796,9.936311925,6.547350462,8.336502703,472,12,5,5,22,480,16,4,6,26,494,506,111,58,78,21
31,1000,60,5.13,10.3,18,37,14,969,12,9,10,31,6.885012577,118,143,16.01002067,9.919454199,6.012266786,7.750804218,490,4,2,2,8,479,8,7,8,23,498,502,87,56,81,37
26,1000,60,5.13,10.3,18,37,20,958,23,9,10,42,7.620896394,125,157,16.58299236,10.38995331,7.163410939,8.062203581,470,15,4,2,21,488,8,5,8,21,491,509,107,50,94,31
28,1000,60,5.13,10.3,18,37,17,942,35,11,12,58,7.780020483,101,159,16.1319965,10.21916022,7.469341032,8.088224402,467,21,5,5,31,475,14,6,7,27,498,502,110,49,83,18
24,1000,60,5.13,10.3,18,37,85,962,25,6,7,38,7.376330239,367,411,341.9882609,312.3314082,9.354409744,5.579448856,446,20,5,5,30,516,5,1,2,8,476,524,391,20,356,11
25,1000,60,5.13,10.3,18,37,26,963,20,6,11,37,7.398577782,121,186,18.36962679,12.05671738,6.990704053,7.78889139,475,11,1,2,14,488,9,5,9,23,489,511,134,52,104,17
30,1000,60,5.13,10.3,18,37,15,950,29,11,10,50,7.612012457,97,186,16.16554471,9.970690812,7.56214161,7.658047085,453,14,8,5,27,497,15,3,5,23,480,520,117,69,77,20
27,1000,60,5.13,10.3,18,37,20,960,25,6,9,40,7.318932812,126,194,16.80249198,10.61629351,7.255779638,7.380342113,472,14,2,5,21,488,11,4,4,19,493,507,124,70,96,30
31,1000,60,5.13,10.3,18,37,15,970,9,11,10,30,6.918342669,104,157,16.09528178,10.01501133,6.033805028,7.795832201,490,3,3,2,8,480,6,8,8,22,498,502,105,52,70,34
29,1000,60,5.13,10.3,18,37,16,953,27,9,11,47,7.459878245,93,186,16.28725392,10.01385554,6.596962347,8.302329734,472,12,5,5,22,481,15,4,6,25,494,506,124,62,70,23
26,1000,60,5.13,10.3,18,37,21,958,23,9,10,42,7.641499498,122,175,16.71772404,10.50120988,7.235193396,8.033437212,470,15,4,2,21,488,8,5,8,21,491,509,122,53,93,29
28,1000,60,5.13,10.3,18,37,18,941,36,11,12,59,7.819014946,108,161,16.21936672,10.32478069,7.54467115,8.091172737,466,22,5,5,32,475,14,6,7,27,498,502,115,46,90,18
25,1000,60,5.13,10.3,18,37,27,965,19,5,11,35,7.393575171,126,176,18.62076278,12.28382899,7.041854802,7.73015298,475,11,1,2,14,490,8,4,9,21,489,511,137,39,104,22
24,1000,60,5.13,10.3,18,37,86,963,24,6,7,37,7.38759718,346,417,366.9076946,333.6837319,9.425479975,5.536390671,447,19,5,5,29,516,5,1,2,8,476,524,401,16,338,8
30,1000,60,5.13,10.3,18,37,16,952,29,9,10,48,7.617048899,106,173,16.23896012,10.04143777,7.587581701,7.644249388,453,14,8,5,27,499,15,1,5,21,480,520,126,47,85,21
27,1000,60,5.13,10.3,18,37,21,958,27,6,9,42,7.357200793,114,188,16.92909941,10.71301708,7.279267696,7.432981892,471,15,2,5,22,487,12,4,4,20,493,507,126,62,88,26
31,1000,60,5.13,10.3,18,37,16,969,10,11,10,31,6.929323092,104,167,16.20767484,10.11900189,6.072847778,7.778973902,489,4,3,2,9,480,6,8,8,22,498,502,108,59,79,25
26,1000,60,5.13,10.3,18,37,22,958,23,9,10,42,7.653770121,98,184,16.8572163,10.60525409,7.24025544,8.052661492,470,15,4,2,21,488,8,5,8,21,491,509,134,50,80,18
29,1000,60,5.13,10.3,18,37,17,956,26,7,11,44,7.46497104,102,163,16.37073207,10.12259417,6.63805997,8.27227157,473,12,4,5,21,483,14,3,6,23,494,506,110,53,77,25
28,1000,60,5.13,10.3,18,37,19,942,33,13,12,58,7.809606616,118,170,16.31374711,10.41885634,7.564738058,8.052524031,467,19,7,5,31,475,14,6,7,27,498,502,118,52,95,23
25,1000,60,5.13,10.3,18,37,28,965,19,5,11,35,7.419480673,136,197,18.86293873,12.46449051,7.067121225,7.756670047,475,11,1,2,14,490,8,4,9,21,489,511,155,42,113,23
24,1000,60,5.13,10.3,18,37,87,963,25,5,7,37,7.302518576,386,428,395.5660722,362.1142894,9.401444864,5.395860345,446,20,5,5,30,517,5,0,2,7,476,524,411,17,366,20
30,1000,60,5.13,10.3,18,37,17,951,29,10,10,49,7.639337789,104,173,16.37391333,10.14265732,7.651455305,7.628152389,452,14,9,5,28,499,15,1,5,21,480,520,118,55,80,24
27,1000,60,5.13,10.3,18,37,22,958,26,7,9,42,7.365512006,121,165,17.07673906,10.82307693,7.3145939,7.41502409,471,14,3,5,22,487,12,4,4,20,493,507,114,51,98,23
31,1000,60,5.13,10.3,18,37,17,970,8,11,11,30,6.937733071,116,166,16.33122252,10.23998796,6.082566759,7.786085309,490,3,3,2,8,480,5,8,9,22,498,502,112,54,89,27
26,1000,60,5.13,10.3,18,37,23,958,23,9,10,42,7.655560847,125,174,17.00763455,10.7310934,7.263629031,8.033632599,470,15,4,2,21,488,8,5,8,21,491,509,128,46,96,29
29,1000,60,5.13,10.3,18,37,18,955,27,7,11,45,7.502949699,108,163,16.47657103,10.22584594,6.672648031,8.313560419,473,12,4,5,21,482,15,3,6,24,494,506,117,46,85,23
28,1000,60,5.13,10.3,18,37,20,942,34,13,11,58,7.825556095,131,174,16.39292856,10.50133677,7.616275643,8.033168974,466,20,7,5,32,476,14,6,6,26,498,502,124,50,104,27
25,1000,60,5.13,10.3,18,37,29,966,19,6,9,34,7.426377578,115,199,19.10286425,12.63951435,7.119693876,7.719857677,475,11,1,2,14,491,8,5,7,20,489,511,148,51,100,15
30,1000,60,5.13,10.3,18,37,18,952,28,11,9,48,7.639074011,115,188,16.51032144,10.27057804,7.636623252,7.64133625,453,13,10,4,27,499,15,1,5,21,480,520,118,70,94,21
27,1000,60,5.13,10.3,18,37,23,957,25,9,9,43,7.429525864,112,157,17.22241671,10.93830626,7.380402927,7.477292349,471,12,5,5,22,486,13,4,4,21,493,507,106,51,83,29
31,1000,60,5.13,10.3,18,37,18,970,8,11,11,30,6.975898329,113,177,16.4340089,10.35492359,6.143565398,7.801599124,490,3,3,2,8,480,5,8,9,22,498,502,121,56,89,24
26,1000,60,5.13,10.3,18,37,24,959,21,9,11,41,7.661397754,112,194,17.11175466,10.83200715,7.307649782,8.002635974,470,14,4,3,21,489,7,5,8,20,491,509,136,58,93,19
24,1000,60,5.13,10.3,18,37,88,964,25,5,6,36,7.293560912,363,431,427.6491791,390.3128441,9.48054265,5.306913378,446,20,5,5,30,518,5,0,1,6,476,524,412,19,351,12
29,1000,60,5.13,10.3,18,37,19,954,28,7,11,46,7.512686586,116,177,16.59501276,10.34412253,6.708792753,8.297515742,473,12,4,5,21,481,16,3,6,25,494,506,132,45,89,27
28,1000,60,5.13,10.3,18,37,21,942,34,13,11,58,7.846322781,105,188,16.53900431,10.58242758,7.668469667,8.022758738,466,20,7,5,32,476,14,6,6,26,498,502,132,56,77,28
25,1000,60,5.13,10.3,18,37,30,968,19,5,8,32,7.397952113,127,201,19.39407413,12.86742624,7.154599885,7.630827338,475,11,1,2,14,493,8,4,6,18,489,511,158,43,102,25
30,1000,60,5.13,10.3,18,37,19,952,28,11,9,48,7.654692563,103,173,16.66741792,10.41258869,7.649890052,7.65912565,453,13,10,4,27,499,15,1,5,21,480,520,114,59,74,29
31,1000,60,5.13,10.3,18,37,19,970,8,11,11,30,6.974751462,105,170,16.60744328,10.48912855,6.157207493,7.785781136,490,3,3,2,8,480,5,8,9,22,498,502,110,60,85,20
26,1000,60,5.13,10.3,18,37,25,959,22,8,11,41,7.700910252,115,179,17.2778349,10.9639877,7.330914832,8.057821354,470,14,4,3,21,489,8,4,8,20,491,509,130,49,89,26
27,1000,60,5.13,10.3,18,37,24,957,25,10,8,43,7.429673553,124,183,17.3742303,11.07626421,7.376257126,7.481614969,470,13,5,5,23,487,12,5,3,20,493,507,133,50,88,36
29,1000,60,5.13,10.3,18,37,20,953,28,8,11,47,7.509943947,106,186,16.74666966,10.48465519,6.708186166,8.29268771,473,12,4,5,21,480,16,4,6,26,494,506,118,68,87,19
24,1000,60,5.13,10.3,18,37,89,964,25,5,6,36,7.265362512,356,427,458.2603982,419.562138,9.477344403,5.256004916,446,20,5,5,30,518,5,0,1,6,476,524,413,14,349,7
28,1000,60,5.13,10.3,18,37,22,944,31,13,12,56,7.864419041,116,175,16.61053007,10.67425981,7.721963391,8.005739585,466,19,7,6,32,478,12,6,6,24,498,502,115,60,93,23
25,1000,60,5.13,10.3,18,37,31,968,20,6,6,32,7.389537992,117,194,19.68535062,13.14421709,7.221149513,7.550676869,475,11,1,2,14,493,9,5,4,18,489,511,153,41,100,17
30,1000,60,5.13,10.3,18,37,20,952,28,11,9,48,7.698486755,118,171,16.88487324,10.58065309,7.695825678,7.700943133,453,13,10,4,27,499,15,1,5,21,480,520,125,46,97,21
26,1000,60,5.13,10.3,18,37,26,959,22,8,11,41,7.715767527,118,190,17.42559265,11.07715233,7.369777167,8.049522471,470,14,4,3,21,489,8,4,8,20,491,509,132,58,96,22
31,1000,60,5.13,10.3,18,37,20,972,8,9,11,28,6.986936403,113,167,16.80103336,10.60547261,6.200564434,7.767042459,490,3,3,2,8,482,5,6,9,20,498,502,106,61,96,17
29,1000,60,5.13,10.3,18,37,21,954,28,6,12,46,7.546617012,93,195,16.87903544,10.60602478,6.763764997,8.310903367,473,12,4,5,21,481,16,2,7,25,494,506,143,52,78,15
27,1000,60,5.13,10.3,18,37,25,957,24,11,8,43,7.436755152,113,176,17.6364835,11.25903004,7.413344607,7.459519251,471,12,5,5,22,486,12,6,3,21,493,507,132,44,96,17
28,1000,60,5.13,10.3,18,37,23,944,31,13,12,56,7.866870617,121,186,16.77786835,10.80626921,7.741564365,7.991178414,466,19,7,6,32,478,12,6,6,24,498,502,130,56,93,28
24,1000,60,5.13,10.3,18,37,90,962,26,6,6,38,7.258811982,368,439,490.6385583,443.7032474,9.514853331,5.209430909,445,20,6,5,31,517,6,0,1,7,476,524,422,17,358,10
25,1000,60,5.13,10.3,18,37,32,968,20,6,6,32,7.422861999,132,205,20.15142572,13.5720499,7.247180638,7.590979779,475,11,1,2,14,493,9,5,4,18,489,511,158,47,113,19
30,1000,60,5.13,10.3,18,37,21,952,28,11,9,48,7.723442688,105,160,17.02054105,10.707608,7.713730519,7.732407766,453,13,10,4,27,499,15,1,5,21,480,520,112,48,87,18
26,1000,60,5.13,10.3,18,37,27,958,22,9,11,42,7.755009076,111,168,17.54249626,11.18552299,7.451122297,8.048149368,470,13,5,3,21,488,9,4,8,21,491,509,128,40,96,15
31,1000,60,5.13,10.3,18,37,21,973,9,8,10,27,6.998583288,120,198,16.95381645,10.75895206,6.277088923,7.714328693,490,3,3,2,8,483,6,5,8,19,498,502,133,65,95,25
29,1000,60,5.13,10.3,18,37,22,955,27,6,12,45,7.533758113,118,164,17.00138887,10.6927784,6.798997538,8.251093535,473,12,4,5,21,482,15,2,7,24,494,506,116,48,93,25
27,1000,60,5.13,10.3,18,37,26,958,24,10,8,42,7.436711021,123,189,17.83560695,11.42351859,7.441953227,7.431613572,471,12,5,5,22,487,12,5,3,20,493,507,139,50,102,21
28,1000,60,5.13,10.3,18,37,24,944,31,13,12,56,7.892699019,126,181,16.87340628,10.86632238,7.796384311,7.988246279,466,19,7,6,32,478,12,6,6,24,498,502,130,51,99,27
24,1000,60,5.13,10.3,18,37,91,961,27,6,6,39,7.243352558,372,436,530.6497502,473.5997943,9.553410805,5.1449027,444,21,6,5,32,517,6,0,1,7,476,524,421,15,362,10
25,1000,60,5.13,10.3,18,37,33,968,19,7,6,32,7.459599504,131,216,20.61105133,13.93703964,7.286866204,7.624896146,475,10,2,2,14,493,9,5,4,18,489,511,165,51,107,24
30,1000,60,5.13,10.3,18,37,22,949,29,13,9,51,7.767214985,98,205,17.19123267,10.82224069,7.785592608,7.750251025,453,12,11,4,27,496,17,2,5,24,480,520,150,55,76,22
26,1000,60,5.13,10.3,18,37,28,958,22,9,11,42,7.735980179,134,166,17.74783667,11.31994519,7.470242804,7.992320163,470,13,5,3,21,488,9,4,8,21,491,509,124,42,105,29
31,1000,60,5.13,10.3,18,37,22,972,10,9,9,28,7.016299009,106,167,17.11847913,10.86994024,6.304960052,7.721969927,490,3,3,2,8,482,7,6,7,20,498,502,118,49,80,26
27,1000,60,5.13,10.3,18,37,27,957,24,11,8,43,7.474504713,130,200,18.06449505,11.5947445,7.493818191,7.455724547,470,12,6,5,23,487,12,5,3,20,493,507,154,46,105,25
29,1000,60,5.13,10.3,18,37,23,956,26,6,12,44,7.557664094,124,162,17.08552999,10.78930749,6.865014614,8.233887104,472,13,4,5,22,484,13,2,7,22,494,506,112,50,93,31
28,1000,60,5.13,10.3,18,37,25,942,33,13,12,58,7.902371891,117,175,16.9774203,10.95300445,7.80730739,7.996678906,465,20,7,6,33,477,13,6,6,25,498,502,124,51,85,32
25,1000,60,5.13,10.3,18,37,34,967,20,7,6,33,7.451193663,159,236,21.02744912,14.28168077,7.308347452,7.587889939,475,10,2,2,14,492,10,5,4,19,489,511,186,50,136,23
24,1000,60,5.13,10.3,18,37,92,960,28,6,6,40,7.226217379,376,430,569.788191,517.0411663,9.625560542,5.046661375,443,22,6,5,33,517,6,0,1,7,476,524,418,12,369,7
30,1000,60,5.13,10.3,18,37,23,950,29,13,8,50,7.799411898,98,179,17.40474361,10.98245718,7.867530647,7.736533053,453,12,11,4,27,497,17,2,4,23,480,520,141,38,81,17
26,1000,60,5.13,10.3,18,37,29,958,21,11,10,42,7.686964595,124,200,17.97013678,11.5348683,7.489387521,7.87755466,470,12,6,3,21,488,9,5,7,21,491,509,148,52,93,31
31,1000,60,5.13,10.3,18,37,23,972,10,8,10,28,7.041024959,112,181,17.35697111,11.00080898,6.32901775,7.747358803,490,3,2,3,8,482,7,6,7,20,498,502,129,52,90,22
27,1000,60,5.13,10.3,18,37,28,957,24,11,8,43,7.480189997,121,184,18.21210813,11.72979608,7.513207085,7.448084623,470,12,6,5,23,487,12,5,3,20,493,507,141,43,107,14
29,1000,60,5.13,10.3,18,37,24,954,29,6,11,46,7.554721384,110,186,17.27291395,10.93402574,6.913971769,8.180275356,470,15,4,5,24,484,14,2,6,22,494,506,131,55,84,26
28,1000,60,5.13,10.3,18,37,26,942,33,13,12,58,7.933015781,107,176,17.06801485,11.06505629,7.831328527,8.033892777,465,20,7,6,33,477,13,6,6,25,498,502,115,61,74,33
25,1000,60,5.13,10.3,18,37,35,968,20,6,6,32,7.422626322,154,226,21.41732465,14.64251709,7.334099383,7.507341925,475,10,2,2,14,493,10,4,4,18,489,511,184,42,134,20
24,1000,60,5.13,10.3,18,37,93,959,28,7,6,41,7.207722974,381,452,606.3337326,557.8178543,9.663821847,4.976610256,442,22,7,5,34,517,6,0,1,7,476,524,436,16,371,10
30,1000,60,5.13,10.3,18,37,24,950,29,12,9,50,7.807827394,111,171,17.54590476,11.10301009,7.925802976,7.698926856,452,13,10,5,28,498,16,2,4,22,480,520,126,45,88,23
26,1000,60,5.13,10.3,18,37,30,959,20,11,10,41,7.690371856,133,177,18.28835085,11.74768669,7.488932072,7.884688032,470,12,6,3,21,489,8,5,7,20,491,509,135,42,105,28
31,1000,60,5.13,10.3,18,37,24,972,10,8,10,28,7.056215477,125,188,17.56628539,11.18909337,6.376809963,7.730207402,490,3,2,3,8,482,7,6,7,20,498,502,142,46,99,26
29,1000,60,5.13,10.3,18,37,25,954,29,6,11,46,7.580394685,112,185,17.45518055,11.0699628,6.941371125,8.204263536,470,15,4,5,24,484,14,2,6,22,494,506,137,48,98,14
27,1000,60,5.13,10.3,18,37,29,957,24,11,8,43,7.493951766,132,185,18.46950009,11.92626827,7.558421094,7.431262656,470,12,6,5,23,487,12,5,3,20,493,507,141,44,108,24
28,1000,60,5.13,10.3,18,37,27,943,31,14,12,57,7.946456306,105,172,17.1744774,11.15038838,7.848844817,8.043290014,465,20,7,6,33,478,11,7,6,24,498,502,127,45,81,24
25,1000,60,5.13,10.3,18,37,36,969,20,6,5,31,7.37971877,129,192,21.8688551,15.04133577,7.334099383,7.423374113,475,10,2,2,14,494,10,4,3,17,489,511,159,33,113,16
24,1000,60,5.13,10.3,18,37,94,959,28,7,6,41,7.189045486,385,445,655.7933521,607.6371492,9.712532684,4.896717421,442,22,7,5,34,517,6,0,1,7,476,524,435,10,376,9
30,1000,60,5.13,10.3,18,37,25,951,29,11,9,49,7.806634447,105,184,17.8114227,11.32441973,7.924301063,7.698019109,453,13,9,5,27,498,16,2,4,22,480,520,138,46,87,18
26,1000,60,5.13,10.3,18,37,31,959,21,11,9,41,7.692106126,114,187,18.47970429,11.89602861,7.547990285,7.831125533,469,12,7,3,22,490,9,4,6,19,491,509,136,51,97,17
31,1000,60,5.13,10.3,18,37,25,973,10,8,9,27,7.049960872,107,181,17.82128992,11.36801163,6.442953974,7.652131062,490,3,2,3,8,483,7,6,6,19,498,502,127,54,89,18
27,1000,60,5.13,10.3,18,37,30,955,24,13,8,45,7.537411184,113,203,18.63870679,12.07781157,7.622456239,7.454714512,468,13,7,5,25,487,11,6,3,20,493,507,141,62,88,25
29,1000,60,5.13,10.3,18,37,26,955,28,6,11,45,7.569802904,111,194,17.68010549,11.24032777,6.944102391,8.180664671,470,15,4,5,24,485,13,2,6,21,494,506,146,48,95,16
28,1000,60,5.13,10.3,18,37,28,944,30,13,13,56,7.968447928,122,188,17.36229838,11.31112695,7.949658609,7.987087531,465,20,6,7,33,479,10,7,6,23,498,502,142,46,98,24
25,1000,60,5.13,10.3,18,37,37,969,21,6,4,31,7.402332063,145,200,22.24998889,15.39464454,7.381399358,7.422363556,475,10,2,2,14,494,11,4,2,17,489,511,167,33,130,15
30,1000,60,5.13,10.3,18,37,26,952,29,10,9,48,7.805589365,116,183,18.11836335,11.56050278,7.91228217,7.707103699,454,13,8,5,26,498,16,2,4,22,480,520,142,41,92,24
26,1000,60,5.13,10.3,18,37,32,958,22,11,9,42,7.691288123,123,177,18.7688193,12.10569807,7.591501303,7.787546137,468,13,7,3,23,490,9,4,6,19,491,509,139,38,105,18
31,1000,60,5.13,10.3,18,37,26,973,10,8,9,27,7.085931352,115,185,18.05375023,11.57071098,6.463328233,7.70357349,490,3,2,3,8,483,7,6,6,19,498,502,134,51,99,16
24,1000,60,5.13,10.3,18,37,95,959,28,7,6,41,7.167664023,387,457,726.8096922,669.5351555,9.733026171,4.837296881,442,22,7,5,34,517,6,0,1,7,476,524,440,17,382,5
27,1000,60,5.13,10.3,18,37,31,956,23,13,8,44,7.59104194,112,188,18.91949117,12.33900221,7.698857923,7.486203125,468,13,7,5,25,488,10,6,3,19,493,507,140,48,86,26
29,1000,60,5.13,10.3,18,37,27,955,28,6,11,45,7.577217593,109,176,17.89902556,11.42384681,7.000541756,8.140217323,469,16,4,5,25,486,12,2,6,20,494,506,131,45,88,21
28,1000,60,5.13,10.3,18,37,29,945,30,13,12,55,7.98682542,114,180,17.58269269,11.50522058,8.005993812,7.967809764,465,20,6,7,33,480,10,7,5,22,498,502,128,52,85,29
25,1000,60,5.13,10.3,18,37,38,972,18,6,4,28,7.381431175,149,203,22.71174056,15.73454218,7.446569973,7.319096788,475,10,2,2,14,497,8,4,2,14,489,511,168,35,132,17
26,1000,60,5.13,10.3,18,37,33,958,22,11,9,42,7.725811552,127,189,19.05831311,12.33505914,7.62725979,7.820878183,468,13,7,3,23,490,9,4,6,19,491,509,137,52,106,21
30,1000,60,5.13,10.3,18,37,27,953,29,9,9,47,7.835689307,127,181,18.40968492,11.78726723,7.965462408,7.715898753,454,13,8,5,26,499,16,1,4,21,480,520,141,40,104,23
31,1000,60,5.13,10.3,18,37,27,973,11,8,8,27,7.112939992,121,202,18.26617458,11.75489178,6.511018555,7.710065242,490,3,2,3,8,483,8,6,5,19,498,502,151,51,97,24
27,1000,60,5.13,10.3,18,37,32,956,22,14,8,44,7.61744119,123,182,19.17118122,12.53092612,7.790792527,7.448876674,468,12,8,5,25,488,10,6,3,19,493,507,140,42,103,20
29,1000,60,5.13,10.3,18,37,28,956,27,6,11,44,7.592113236,122,199,18.1560567,11.64819048,7.044033328,8.127195202,469,16,4,5,25,487,11,2,6,19,494,506,140,59,107,15
24,1000,60,5.13,10.3,18,37,96,959,28,7,6,41,7.152236747,405,457,823.6142081,770.8484215,9.79293694,4.753432755,442,22,7,5,34,517,6,0,1,7,476,524,448,9,396,9
28,1000,60,5.13,10.3,18,37,30,946,29,13,12,54,7.958778837,131,198,17.78053659,11.6561046,7.995123977,7.922723299,465,20,6,7,33,481,9,7,5,21,498,502,143,55,106,25
25,1000,60,5.13,10.3,18,37,39,972,18,6,4,28,7.398902188,168,216,23.2164669,16.19314226,7.513082501,7.289637662,475,10,2,2,14,497,8,4,2,14,489,511,172,44,139,29
26,1000,60,5.13,10.3,18,37,34,958,22,12,8,42,7.757037597,129,191,19.45585413,12.68291708,7.681903424,7.829514765,468,12,8,3,23,490,10,4,5,19,491,509,152,39,107,22
30,1000,60,5.13,10.3,18,37,28,953,29,9,9,47,7.827041635,122,194,18.67301571,12.00193326,8.009386876,7.658722952,454,13,8,5,26,499,16,1,4,21,480,520,153,41,102,20
31,1000,60,5.13,10.3,18,37,28,974,11,8,7,26,7.12069512,114,194,18.45940637,11.91869825,6.522009543,7.714610294,491,3,2,2,7,483,8,6,5,19,498,502,141,53,102,12
27,1000,60,5.13,10.3,18,37,33,955,23,14,8,45,7.631617472,134,195,19.45090463,12.72771997,7.810865513,7.457319082,468,12,8,5,25,487,11,6,3,20,493,507,157,38,107,27
29,1000,60,5.13,10.3,18,37,29,955,28,6,11,45,7.603409342,125,180,18.39155811,11.81502422,7.085805476,8.108738017,468,17,4,5,26,487,11,2,6,19,494,506,142,38,107,18
28,1000,60,5.13,10.3,18,37,31,946,29,13,12,54,7.969254942,120,199,17.91729361,11.78193849,8.052266098,7.88690523,465,20,6,7,33,481,9,7,5,21,498,502,150,49,95,25
24,1000,60,5.13,10.3,18,37,97,959,29,7,5,41,7.151798399,400,461,892.3578536,834.8358419,9.840114284,4.709740458,442,23,7,4,34,517,6,0,1,7,476,524,447,14,390,10
25,1000,60,5.13,10.3,18,37,40,973,17,5,5,27,7.384441163,165,234,23.64219267,16.57040776,7.530286366,7.24487501,476,9,2,2,13,497,8,3,3,14,489,511,188,46,142,23
26,1000,60,5.13,10.3,18,37,35,959,22,11,8,41,7.787534866,128,205,19.8135677,13.00551607,7.738506544,7.834829377,468,12,8,3,23,491,10,3,5,18,491,509,156,49,113,15
30,1000,60,5.13,10.3,18,37,29,953,27,11,9,47,7.858211487,134,206,18.89185283,12.17977643,8.068116967,7.664452583,454,12,9,5,26,499,15,2,4,21,480,520,158,48,114,20
31,1000,60,5.13,10.3,18,37,29,975,9,9,7,25,7.130206368,124,191,18.76225024,12.10916362,6.575544645,7.680448475,491,3,2,2,7,484,6,7,5,18,498,502,138,53,105,19
27,1000,60,5.13,10.3,18,37,34,954,24,14,8,46,7.660040225,142,214,19.66976255,12.91267391,7.853164971,7.472248311,468,12,8,5,25,486,12,6,3,21,493,507,163,51,123,19
29,1000,60,5.13,10.3,18,37,30,953,28,7,12,47,7.620373724,120,214,18.61506832,12.01404127,7.126317159,8.102713532,468,15,5,6,26,485,13,2,6,21,494,506,159,55,103,17
28,1000,60,5.13,10.3,18,37,32,946,29,13,12,54,8.014258365,107,182,18.13313759,11.95938912,8.128718773,7.900709993,464,21,6,7,34,482,8,7,5,20,498,502,135,47,90,17
25,1000,60,5.13,10.3,18,37,41,973,17,5,5,27,7.391858731,139,239,24.16823612,17.04751876,7.602620387,7.190170962,476,9,2,2,13,497,8,3,3,14,489,511,200,39,129,10
24,1000,60,5.13,10.3,18,37,98,959,30,7,4,41,7.147652322,413,469,950.7438562,896.0369694,9.861296543,4.682586198,441,24,7,4,35,518,6,0,0,6,476,524,454,15,406,7
26,1000,60,5.13,10.3,18,37,36,958,24,11,7,42,7.794181861,124,194,20.15863268,13.28075525,7.765245336,7.822095089,468,12,8,3,23,490,12,3,4,19,491,509,162,32,102,22
30,1000,60,5.13,10.3,18,37,30,953,27,11,9,47,7.862370119,126,170,19.29149048,12.48246956,8.097433339,7.645388684,454,12,9,5,26,499,15,2,4,21,480,520,129,41,108,18
31,1000,60,5.13,10.3,18,37,30,976,9,8,7,24,7.129144043,120,179,18.99588892,12.27465192,6.602665405,7.651427632,491,3,2,2,7,485,6,6,5,17,498,502,142,37,102,18
27,1000,60,5.13,10.3,18,37,35,956,23,13,8,44,7.679757618,151,195,20.08503503,13.26792544,7.871912572,7.492908718,468,12,8,5,25,488,11,5,3,19,493,507,158,37,123,28
29,1000,60,5.13,10.3,18,37,31,951,30,7,12,49,7.644999892,117,192,18.8840513,12.21178916,7.183635466,8.095422869,467,16,5,6,27,484,14,2,6,22,494,506,146,46,105,12
28,1000,60,5.13,10.3,18,37,33,946,30,13,11,54,8.032502326,128,190,18.3863732,12.16635444,8.186863163,7.879371456,464,21,6,7,34,482,9,7,4,20,498,502,143,47,102,26
25,1000,60,5.13,10.3,18,37,42,972,18,5,5,28,7.395542254,156,231,24.75232679,17.52705021,7.6242284,7.176701696,476,9,2,2,13,496,9,3,3,15,489,511,192,39,140,16
24,1000,60,5.13,10.3,18,37,99,959,30,7,4,41,7.143265354,398,468,1016.239333,966.0762569,9.867648343,4.668444165,441,24,7,4,35,518,6,0,0,6,476,524,452,16,386,12
26,1000,60,5.13,10.3,18,37,37,958,25,10,7,42,7.782565329,135,198,20.56964379,13.63985738,7.825074192,7.741559727,467,13,8,3,24,491,12,2,4,18,491,509,159,39,114,21
30,1000,60,5.13,10.3,18,37,31,953,27,11,9,47,7.867922025,126,193,19.58432764,12.71704747,8.100791338,7.652965736,454,12,9,5,26,499,15,2,4,21,480,520,154,39,109,17
31,1000,60,5.13,10.3,18,37,31,976,9,8,7,24,7.145583322,128,180,19.42103653,12.60821256,6.665522599,7.621818859,491,3,2,2,7,485,6,6,5,17,498,502,129,51,102,26
27,1000,60,5.13,10.3,18,37,36,956,21,14,9,44,7.726115332,128,207,20.39460823,13.48596883,7.940896423,7.517265079,468,11,8,6,25,488,10,6,3,19,493,507,168,39,105,23
29,1000,60,5.13,10.3,18,37,32,951,30,7,12,49,7.673324638,130,189,19.22369756,12.4725663,7.247857739,8.088701413,466,17,5,6,28,485,13,2,6,21,494,506,147,42,111,19
28,1000,60,5.13,10.3,18,37,34,947,29,14,10,53,8.056922007,132,182,18.65807753,12.36745865,8.256875552,7.858561716,464,20,7,7,34,483,9,7,3,19,498,502,137,45,115,17
25,1000,60,5.13,10.3,18,37,43,975,15,4,6,25,7.394943421,174,240,25.5685662,18.264987,7.644088338,7.156524899,476,8,2,3,13,499,7,2,3,12,489,511,202,38,155,19
26,1000,60,5.13,10.3,18,37,38,957,26,10,7,43,7.788168914,125,205,20.9315652,13.92405531,7.824142551,7.753467429,466,14,8,3,25,491,12,2,4,18,491,509,172,33,107,18
24,1000,60,5.13,10.3,18,37,100,957,31,8,4,43,7.162645799,402,473,1108.339631,1075.290282,9.97428197,4.608564086,439,25,8,4,37,518,6,0,0,6,476,524,457,16,391,11
31,1000,60,5.13,10.3,18,37,32,977,8,8,7,23,7.130788477,152,223,19.74857461,12.83986179,6.664263931,7.593595696,491,3,2,2,7,486,5,6,5,16,498,502,164,59,125,27
30,1000,60,5.13,10.3,18,37,32,953,26,12,9,47,7.907540449,129,193,19.82750879,12.93875968,8.155072876,7.679048977,454,11,10,5,26,499,15,2,4,21,480,520,157,36,110,19
27,1000,60,5.13,10.3,18,37,37,956,21,14,9,44,7.754916533,135,215,20.70133785,13.70328689,7.958302212,7.557147026,468,11,8,6,25,488,10,6,3,19,493,507,180,35,114,21
29,1000,60,5.13,10.3,18,37,33,950,31,7,12,50,7.669072492,130,192,19.42474667,12.63639421,7.274881259,8.053915316,466,17,5,6,28,484,14,2,6,22,494,506,152,40,117,13
25,1000,60,5.13,10.3,18,37,44,976,15,4,5,24,7.39785766,172,239,26.13048161,18.76695187,7.687051201,7.121114721,476,8,2,3,13,500,7,2,2,11,489,511,207,32,158,14
28,1000,60,5.13,10.3,18,37,35,948,29,13,10,52,8.037725581,132,196,18.93304433,12.59114729,8.292622415,7.784859798,464,20,7,7,34,484,9,6,3,18,498,502,145,51,104,28
26,1000,60,5.13,10.3,18,37,39,958,26,9,7,42,7.776642527,138,216,21.27908806,14.23141006,7.84102613,7.714535751,467,14,7,3,24,491,12,2,4,18,491,509,172,44,118,20
31,1000,60,5.13,10.3,18,37,33,975,10,8,7,25,7.166439906,132,179,20.08320571,13.08826573,6.735303703,7.594140761,491,3,2,2,7,484,7,6,5,18,498,502,141,38,118,14
30,1000,60,5.13,10.3,18,37,33,954,25,12,9,46,7.91747221,140,207,20.24371965,13.28532476,8.189637885,7.666242356,454,11,10,5,26,500,14,2,4,20,480,520,159,48,126,14
24,1000,60,5.13,10.3,18,37,101,957,30,9,4,43,7.156067601,413,469,1173.841223,1122.132685,10.00032188,4.572355701,439,25,8,4,37,518,5,1,0,6,476,524,457,12,403,10
27,1000,60,5.13,10.3,18,37,38,956,22,14,8,44,7.80129316,127,182,21.07386612,13.99102761,8.035440725,7.573611209,468,12,8,5,25,488,10,6,3,19,493,507,147,35,105,22
29,1000,60,5.13,10.3,18,37,34,950,31,8,11,50,7.680760607,125,186,19.77324779,12.8960879,7.312958219,8.03984041,465,18,6,5,29,485,13,2,6,21,494,506,147,39,107,18
25,1000,60,5.13,10.3,18,37,45,977,14,4,5,23,7.402255072,168,256,26.76574298,19.23841735,7.757944337,7.06187924,476,8,2,3,13,501,6,2,2,10,489,511,220,36,153,15
28,1000,60,5.13,10.3,18,37,36,948,28,14,10,52,8.073357547,123,191,19.09912621,12.71546715,8.343397232,7.805469573,464,19,8,7,34,484,9,6,3,18,498,502,151,40,98,25
26,1000,60,5.13,10.3,18,37,40,958,27,9,6,42,7.775745736,139,212,21.80871763,14.6108124,7.881209099,7.674011922,467,14,7,3,24,491,13,2,3,18,491,509,183,29,115,24
31,1000,60,5.13,10.3,18,37,34,974,11,8,7,26,7.187371623,156,193,20.40827109,13.34864886,6.777035775,7.594437863,490,4,2,2,8,484,7,6,5,18,498,502,158,35,139,17
30,1000,60,5.13,10.3,18,37,34,956,23,12,9,44,7.911127775,137,208,20.56857052,13.54678141,8.227941625,7.61868422,454,10,11,5,26,502,13,1,4,18,480,520,167,41,119,18
27,1000,60,5.13,10.3,18,37,39,954,24,14,8,46,7.844072309,151,219,21.36268781,14.22812471,8.114606919,7.581008083,466,14,8,5,27,488,10,6,3,19,493,507,176,43,125,26
24,1000,60,5.13,10.3,18,37,102,957,31,8,4,43,7.139048208,412,473,1269.044408,1189.014343,10.02313171,4.519155558,439,26,7,4,37,518,5,1,0,6,476,524,452,21,408,4
29,1000,60,5.13,10.3,18,37,35,950,31,8,11,50,7.691308317,123,209,20.10099541,13.10812597,7.35031756,8.024212336,465,18,6,5,29,485,13,2,6,21,494,506,167,42,104,19
25,1000,60,5.13,10.3,18,37,46,977,14,4,5,23,7.424444952,165,245,27.77267727,19.99305794,7.797306924,7.067635747,476,8,2,3,13,501,6,2,2,10,489,511,211,34,140,25
28,1000,60,5.13,10.3,18,37,37,946,30,14,10,54,8.099477123,133,178,19.2937638,12.86382968,8.415243593,7.786226721,462,21,8,7,36,484,9,6,3,18,498,502,132,46,112,21
26,1000,60,5.13,10.3,18,37,41,958,27,9,6,42,7.781567662,158,223,22.28802101,15.0053612,7.913333859,7.654461174,467,14,7,3,24,491,13,2,3,18,491,509,190,33,138,20
31,1000,60,5.13,10.3,18,37,35,974,12,7,7,26,7.234280912,130,186,20.78164119,13.6055694,6.824391367,7.640904406,489,5,2,2,9,485,7,5,5,17,498,502,144,42,105,25
30,1000,60,5.13,10.3,18,37,35,958,21,12,9,42,7.912442568,135,207,20.9445571,13.86597055,8.254391102,7.596797766,454,10,11,5,26,504,11,1,4,16,480,520,153,54,126,9
27,1000,60,5.13,10.3,18,37,40,956,22,15,7,44,7.885078887,155,221,21.6605677,14.4821881,8.18756411,7.590946313,466,14,8,5,27,490,8,7,2,17,493,507,179,42,132,23
29,1000,60,5.13,10.3,18,37,36,950,31,8,11,50,7.725586845,151,212,20.53858326,13.44776826,7.411796077,8.031935935,465,18,6,5,29,485,13,2,6,21,494,506,167,45,130,21
24,1000,60,5.13,10.3,18,37,103,958,30,8,4,42,7.154726515,425,478,1354.152801,1275.368667,10.06654826,4.509636538,439,26,7,4,37,519,4,1,0,5,476,524,459,19,416,9
25,1000,60,5.13,10.3,18,37,47,978,13,4,5,22,7.4047771,181,245,28.6671371,20.7356342,7.83514769,6.992935185,476,8,2,3,13,502,5,2,2,9,489,511,206,39,165,16
28,1000,60,5.13,10.3,18,37,38,948,29,14,9,52,8.064425888,137,192,19.49188262,12.99698093,8.410436704,7.721172131,462,21,8,7,36,486,8,6,2,16,498,502,162,30,122,15
26,1000,60,5.13,10.3,18,37,42,957,29,10,4,43,7.813461501,138,217,22.76996949,15.36254746,7.982032143,7.6508521,466,16,7,2,25,491,13,3,2,18,491,509,177,40,120,18
31,1000,60,5.13,10.3,18,37,36,973,14,6,7,27,7.23727557,141,214,21.106202,13.85936796,6.848435126,7.623017683,488,6,2,2,10,485,8,4,5,17,498,502,168,46,124,17
30,1000,60,5.13,10.3,18,37,36,959,20,12,9,41,7.896971473,148,202,21.48486201,14.19788762,8.27557238,7.547493713,454,10,11,5,26,505,10,1,4,15,480,520,156,46,128,20
27,1000,60,5.13,10.3,18,37,41,955,22,15,8,45,7.909316377,167,216,22.02011346,14.74523056,8.213928644,7.613115495,466,14,8,5,27,489,8,7,3,18,493,507,182,34,145,22
29,1000,60,5.13,10.3,18,37,37,950,31,8,11,50,7.684961829,148,192,20.98856382,13.74013307,7.418699118,7.944910011,465,18,6,5,29,485,13,2,6,21,494,506,157,35,131,17
24,1000,60,5.13,10.3,18,37,104,958,30,8,4,42,7.122766092,426,478,1433.668248,1333.396806,10.09450078,4.423251377,439,26,7,4,37,519,4,1,0,5,476,524,464,14,416,10
25,1000,60,5.13,10.3,18,37,48,978,13,4,5,22,7.395026461,188,240,29.85605618,21.66908604,7.896359363,6.915277362,476,8,2,3,13,502,5,2,2,9,489,511,212,28,168,20
32,1000,60,5.13,10.3,18,37,0,950,25,14,11,50,6.778,92,148,14.98833113,8.784225135,6.057539683,7.510080645,487,6,7,4,17,463,19,7,7,33,504,496,84,64,63,29
28,1000,60,5.13,10.3,18,37,39,948,29,14,9,52,8.102793252,116,170,19.70954655,13.14359985,8.475213209,7.733340784,462,21,8,7,36,486,8,6,2,16,498,502,136,34,103,13
26,1000,60,5.13,10.3,18,37,43,958,28,10,4,42,7.806714946,137,225,23.34017941,15.75089572,8.002349782,7.617998434,466,16,7,2,25,492,12,3,2,17,491,509,188,37,121,16
31,1000,60,5.13,10.3,18,37,37,974,13,7,6,26,7.226101045,164,203,21.38157949,14.08272312,6.895818922,7.553751438,488,5,3,2,10,486,8,4,4,16,498,502,160,43,140,24
30,1000,60,5.13,10.3,18,37,37,958,21,12,9,42,7.920955005,122,223,22.09755142,14.58618565,8.289451961,7.580803969,454,10,11,5,26,504,11,1,4,16,480,520,193,30,103,19
27,1000,60,5.13,10.3,18,37,42,955,22,15,8,45,7.943533872,142,209,22.42249748,15.04389249,8.239560148,7.655681892,466,14,8,5,27,489,8,7,3,18,493,507,175,34,127,15
29,1000,60,5.13,10.3,18,37,38,951,32,6,11,49,7.720943044,138,208,21.3318578,13.97583671,7.459753129,7.975938732,466,19,4,5,28,485,13,2,6,21,494,506,170,38,122,16
25,1000,60,5.13,10.3,18,37,49,979,13,3,5,21,7.380262081,192,238,31.00033891,22.63220263,7.936081053,6.848372693,476,8,2,3,13,503,5,1,2,8,489,511,209,29,178,14
32,1000,60,5.13,10.3,18,37,1,949,26,13,12,51,6.816101698,90,157,15.03823177,8.855960636,6.082680884,7.56135188,487,6,6,5,17,462,20,7,7,34,504,496,84,73,63,27
28,1000,60,5.13,10.3,18,37,40,950,28,11,11,50,8.098574682,148,194,20.05698869,13.44122547,8.539014055,7.661644786,462,21,7,8,36,488,7,4,3,14,498,502,153,41,123,25
26,1000,60,5.13,10.3,18,37,44,955,31,11,3,45,7.791867275,141,221,24.08513491,16.29524067,8.049735058,7.543118589,464,18,7,2,27,491,13,4,1,18,491,509,185,36,130,11
31,1000,60,5.13,10.3,18,37,38,974,13,7,6,26,7.231458129,138,215,21.76444079,14.34521562,6.927710169,7.532785787,488,5,3,2,10,486,8,4,4,16,498,502,175,40,116,22
30,1000,60,5.13,10.3,18,37,38,958,21,12,9,42,7.963205606,141,207,22.70472363,15.02410265,8.363776837,7.593447547,454,10,11,5,26,504,11,1,4,16,480,520,173,34,126,15
27,1000,60,5.13,10.3,18,37,43,956,22,14,8,44,7.91848386,140,240,22.82770722,15.34611007,8.23276485,7.612881241,466,14,8,5,27,490,8,6,3,17,493,507,200,40,119,21
29,1000,60,5.13,10.3,18,37,39,950,34,5,11,50,7.744301207,143,214,21.74398029,14.30841302,7.491418651,7.991186548,466,19,4,5,28,484,15,1,6,22,494,506,167,47,135,8
25,1000,60,5.13,10.3,18,37,50,979,13,3,5,21,7.39344879,192,256,32.08193341,23.49190416,8.004733541,6.808481582,476,8,2,3,13,503,5,1,2,8,489,511,219,37,179,13
26,1000,60,5.13,10.3,18,37,45,956,31,10,3,44,7.791534975,135,227,24.96618565,16.91008181,8.072534446,7.520472617,464,18,7,2,27,492,13,3,1,17,491,509,187,40,120,15
28,1000,60,5.13,10.3,18,37,41,950,28,11,11,50,8.120452219,131,198,20.31628439,13.60970663,8.581205713,7.663370067,462,21,7,8,36,488,7,4,3,14,498,502,156,42,119,12
31,1000,60,5.13,10.3,18,37,39,973,14,7,6,27,7.20796431,147,207,22.15471282,14.60783036,6.952244988,7.461646027,488,5,3,2,10,485,9,4,4,17,498,502,176,31,126,21
32,1000,60,5.13,10.3,18,37,2,951,25,12,12,49,6.809324888,95,158,15.06908677,8.88772057,6.065877394,7.56476347,488,6,5,5,16,463,19,7,7,33,504,496,96,62,59,36
30,1000,60,5.13,10.3,18,37,39,959,21,11,9,41,7.971784236,154,218,23.30773696,15.44308794,8.39800119,7.578353202,455,10,10,5,25,504,11,1,4,16,480,520,189,29,138,16
27,1000,60,5.13,10.3,18,37,44,956,23,13,8,44,7.940006725,153,221,23.21917417,15.64739682,8.2927995,7.596955762,465,15,8,5,28,491,8,5,3,16,493,507,184,37,137,16
29,1000,60,5.13,10.3,18,37,40,950,34,5,11,50,7.772670942,153,212,22.24834302,14.64515835,7.547644031,7.992361245,467,17,5,5,27,483,17,0,6,23,494,506,174,38,135,18
25,1000,60,5.13,10.3,18,37,51,980,13,3,4,20,7.372431384,203,267,33.02183154,24.19579087,8.045739092,6.728111483,476,8,2,3,13,504,5,1,1,7,489,511,225,42,188,15
26,1000,60,5.13,10.3,18,37,46,956,29,12,3,44,7.780834843,156,231,25.7344069,17.40143939,8.155178069,7.419729688,464,17,8,2,27,492,12,4,1,17,491,509,200,31,137,19
31,1000,60,5.13,10.3,18,37,40,972,15,7,6,28,7.207883669,159,223,22.51373597,14.87220146,6.956034539,7.457726032,488,5,3,2,10,484,10,4,4,18,498,502,186,37,138,21
28,1000,60,5.13,10.3,18,37,42,951,27,12,10,49,8.111262976,147,216,20.71284162,13.88445586,8.6207834,7.605802475,462,20,8,8,36,489,7,4,2,13,498,502,182,34,125,22
30,1000,60,5.13,10.3,18,37,40,959,21,11,9,41,7.995402826,166,228,24.04661116,15.93401663,8.444349535,7.580990479,454,11,10,5,26,505,10,1,4,15,480,520,182,46,143,23
32,1000,60,5.13,10.3,18,37,3,953,23,12,12,47,6.825301792,97,147,15.10916816,8.907934009,6.100000979,7.562301005,488,6,5,5,16,465,17,7,7,31,504,496,76,71,67,30
27,1000,60,5.13,10.3,18,37,45,957,24,12,7,43,7.938603479,152,236,23.84547525,16.05496021,8.311994557,7.575523004,466,15,8,4,27,491,9,4,3,16,493,507,198,38,132,20
29,1000,60,5.13,10.3,18,37,41,950,33,6,11,50,7.789974753,153,234,22.80633506,15.02102867,7.588635909,7.986538762,467,17,5,5,27,483,16,1,6,23,494,506,190,44,132,21
25,1000,60,5.13,10.3,18,37,52,979,14,3,4,21,7.423944238,190,276,34.42595204,25.17209267,8.110194498,6.767238999,476,8,2,3,13,503,6,1,1,8,489,511,240,36,176,14
26,1000,60,5.13,10.3,18,37,47,956,29,12,3,44,7.805878688,154,231,26.79287581,18.10410389,8.185855673,7.439339002,464,17,8,2,27,492,12,4,1,17,491,509,192,39,131,23
31,1000,60,5.13,10.3,18,37,41,972,14,8,6,28,7.221064242,135,233,22.91008607,15.14856847,6.989165165,7.451115518,488,4,4,2,10,484,10,4,4,18,498,502,199,34,114,21
28,1000,60,5.13,10.3,18,37,43,951,27,12,10,49,8.146567525,146,225,21.14674713,14.21922842,8.725024362,7.572719906,462,20,8,8,36,489,7,4,2,13,498,502,171,54,121,25
30,1000,60,5.13,10.3,18,37,41,962,19,10,9,38,7.955483508,172,223,25.05193663,16.59719146,8.463136857,7.486880416,455,10,9,6,25,507,9,1,3,13,480,520,189,34,154,18
27,1000,60,5.13,10.3,18,37,46,957,24,12,7,43,7.936220895,152,245,24.33949242,16.4097473,8.349652468,7.534205579,465,16,8,4,28,492,8,4,3,15,493,507,203,42,139,13
32,1000,60,5.13,10.3,18,37,4,954,23,11,12,46,6.81328478,96,174,15.17886585,8.959549743,6.084584312,7.553738481,488,6,5,5,16,466,17,6,7,30,504,496,108,66,70,26
29,1000,60,5.13,10.3,18,37,42,951,32,6,11,49,7.758399006,150,209,23.58573673,15.55418271,7.589538071,7.923255334,467,17,5,5,27,484,15,1,6,22,494,506,182,27,126,24
25,1000,60,5.13,10.3,18,37,53,979,14,3,4,21,7.407451796,196,276,35.86686046,26.36213169,8.161122406,6.686228844,475,9,2,3,14,504,5,1,1,7,489,511,251,25,183,13
26,1000,60,5.13,10.3,18,37,48,953,31,12,4,47,7.787434143,171,254,27.66147813,18.7104573,8.214510975,7.375460224,463,18,8,2,28,490,13,4,2,19,491,509,224,30,154,17
31,1000,60,5.13,10.3,18,37,42,972,14,8,6,28,7.209212514,154,249,23.36637836,15.4557807,7.053063669,7.364117144,488,4,4,2,10,484,10,4,4,18,498,502,204,45,133,21
30,1000,60,5.13,10.3,18,37,42,961,19,11,9,39,7.978658892,150,223,26.19217023,17.38649447,8.531662652,7.468193883,454,11,9,6,26,507,8,2,3,13,480,520,189,34,138,12
28,1000,60,5.13,10.3,18,37,44,953,24,13,10,47,8.131450386,145,230,21.51672718,14.52479023,8.780821339,7.487253704,463,17,10,8,35,490,7,3,2,12,498,502,185,45,125,20
27,1000,60,5.13,10.3,18,37,47,956,25,12,7,44,7.954118902,166,225,25.00503027,16.87956054,8.411920264,7.508958998,464,17,8,4,29,492,8,4,3,15,493,507,195,30,147,19
32,1000,60,5.13,10.3,18,37,5,955,22,11,12,45,6.825162527,109,150,15.21371969,9.024271415,6.107180658,7.554724749,488,6,5,5,16,467,16,6,7,29,504,496,91,59,74,35
29,1000,60,5.13,10.3,18,37,43,951,32,6,11,49,7.768659137,156,231,24.5590325,16.26241307,7.61618889,7.917513488,467,17,5,5,27,484,15,1,6,22,494,506,197,34,135,21
25,1000,60,5.13,10.3,18,37,54,978,15,3,4,22,7.439895316,194,272,37.24077202,27.28153057,8.215090626,6.698074363,474,9,3,3,15,504,6,0,1,7,489,511,246,26,180,14
26,1000,60,5.13,10.3,18,37,49,953,30,13,4,47,7.798045373,156,261,28.74508754,19.40097215,8.279507025,7.333609869,463,17,9,2,28,490,13,4,2,19,491,509,217,44,141,15
31,1000,60,5.13,10.3,18,37,43,971,15,8,6,29,7.183349174,163,207,24.01573851,15.90073839,7.06877445,7.297010952,487,5,4,2,11,484,10,4,4,18,498,502,175,32,143,20
30,1000,60,5.13,10.3,18,37,43,961,19,10,10,39,7.990158385,179,250,27.27565372,18.08628209,8.564477142,7.460017994,454,11,9,6,26,507,8,1,4,13,480,520,198,52,149,30
28,1000,60,5.13,10.3,18,37,45,955,23,12,10,45,8.142858486,150,214,21.97919794,14.92904432,8.828733607,7.462448506,463,17,10,8,35,492,6,2,2,10,498,502,179,35,140,10
27,1000,60,5.13,10.3,18,37,48,955,25,13,7,45,7.985922426,158,252,25.72143168,17.36701451,8.469063983,7.516122056,464,17,8,4,29,491,8,5,3,16,493,507,210,42,139,19
29,1000,60,5.13,10.3,18,37,44,949,35,5,11,51,7.79680146,166,248,25.43351332,16.8669113,7.683168831,7.907739244,467,17,5,5,27,482,18,0,6,24,494,506,215,33,151,15
25,1000,60,5.13,10.3,18,37,55,979,14,3,4,21,7.447958339,207,269,38.44873066,28.32020393,8.256681327,6.674053171,474,9,3,3,15,505,5,0,1,6,489,511,245,24,197,10
32,1000,60,5.13,10.3,18,37,6,954,24,11,11,46,6.824456121,93,158,15.25267023,9.060291989,6.136668423,7.523337169,487,8,5,4,17,467,16,6,7,29,504,496,95,63,63,30
26,1000,60,5.13,10.3,18,37,50,952,30,14,4,48,7.798052054,174,269,29.79162784,20.11783807,8.32311701,7.29155521,462,17,10,2,29,490,13,4,2,19,491,509,231,38,156,18
31,1000,60,5.13,10.3,18,37,44,970,16,8,6,30,7.215425008,173,235,24.6104288,16.32886571,7.123490145,7.306627321,486,6,4,2,12,484,10,4,4,18,498,502,205,30,157,16
30,1000,60,5.13,10.3,18,37,44,961,20,10,9,39,7.959835427,153,232,28.0837822,18.64518594,8.572635031,7.394174253,454,11,9,6,26,507,9,1,3,13,480,520,199,33,134,19
28,1000,60,5.13,10.3,18,37,46,956,21,12,11,44,8.128581141,154,220,22.40327417,15.25753075,8.831740118,7.431025025,464,15,10,9,34,492,6,2,2,10,498,502,180,40,140,14
27,1000,60,5.13,10.3,18,37,49,956,25,12,7,44,7.981357961,165,250,26.37544739,17.83817493,8.486038637,7.49061324,464,17,8,4,29,492,8,4,3,15,493,507,213,37,151,14
29,1000,60,5.13,10.3,18,37,45,949,34,6,11,51,7.805576066,160,237,26.48513493,17.543939,7.724300201,7.884924441,467,17,5,5,27,482,17,1,6,24,494,506,191,46,142,18
25,1000,60,5.13,10.3,18,37,56,976,18,3,3,24,7.450220308,219,313,40.16206699,29.4817516,8.296690869,6.640192707,473,10,3,3,16,503,8,0,0,8,489,511,275,38,205,14
32,1000,60,5.13,10.3,18,37,7,954,24,11,11,46,6.847571499,92,146,15.3251304,9.115241793,6.202932587,7.502607813,486,9,5,4,18,468,15,6,7,28,504,496,79,67,62,30
26,1000,60,5.13,10.3,18,37,51,952,30,14,4,48,7.759011984,160,261,30.92578248,20.88284048,8.331262217,7.206998499,462,17,10,2,29,490,13,4,2,19,491,509,209,52,146,14
31,1000,60,5.13,10.3,18,37,45,972,14,8,6,28,7.214773349,161,224,25.39701889,16.93001842,7.153454576,7.275603526,487,5,4,2,11,485,9,4,4,17,498,502,191,33,142,19
30,1000,60,5.13,10.3,18,37,45,961,19,10,10,39,7.998315178,168,250,29.29301316,19.43695566,8.634845246,7.410748962,454,11,9,6,26,507,8,1,4,13,480,520,214,36,155,13
28,1000,60,5.13,10.3,18,37,47,956,21,12,11,44,8.160311214,148,217,23.02286709,15.70334823,8.901580555,7.424948402,464,15,10,9,34,492,6,2,2,10,498,502,184,33,131,17
27,1000,60,5.13,10.3,18,37,50,955,26,12,7,45,8.002020804,169,251,26.80232383,18.14138987,8.548210469,7.4709133,463,18,8,4,30,492,8,4,3,15,493,507,219,32,155,14
29,1000,60,5.13,10.3,18,37,46,949,35,6,10,51,7.806108918,167,247,27.694457,18.37816245,7.753447475,7.857521473,467,17,5,5,27,482,18,1,5,24,494,506,203,44,152,15
25,1000,60,5.13,10.3,18,37,57,974,19,4,3,26,7.439086199,213,306,41.36077804,30.28141032,8.336197899,6.580597703,472,10,4,3,17,502,9,0,0,9,489,511,274,32,198,15
26,1000,60,5.13,10.3,18,37,52,955,29,12,4,45,7.729957546,177,273,32.01568231,21.6819217,8.332910229,7.148327355,463,17,9,2,28,492,12,3,2,17,491,509,244,29,161,16
31,1000,60,5.13,10.3,18,37,46,972,14,8,6,28,7.234294927,161,244,26.23380916,17.471988,7.245158678,7.223517739,486,6,4,2,12,486,8,4,4,16,498,502,213,31,144,17
32,1000,60,5.13,10.3,18,37,8,956,22,11,11,44,6.838620606,98,149,15.39464276,9.172169598,6.219025451,7.468209232,486,9,5,4,18,470,13,6,7,26,504,496,92,57,67,31
30,1000,60,5.13,10.3,18,37,46,961,18,11,10,39,8.025191754,170,253,30.38307152,20.14665112,8.667687153,7.432119078,454,10,10,6,26,507,8,1,4,13,480,520,217,36,157,13
28,1000,60,5.13,10.3,18,37,48,953,24,12,11,47,8.167038856,160,237,23.53959562,16.08332481,8.959078871,7.381309918,463,16,10,9,35,490,8,2,2,12,498,502,196,41,143,17
27,1000,60,5.13,10.3,18,37,51,956,25,12,7,44,7.995211003,188,254,27.41906231,18.55549353,8.589279996,7.417546282,463,18,8,4,30,493,7,4,3,14,493,507,223,31,171,17
25,1000,60,5.13,10.3,18,37,58,970,22,5,3,30,7.466306463,205,291,42.87038624,31.45151513,8.39598076,6.576657282,468,14,4,3,21,502,8,1,0,9,489,511,264,27,188,17
29,1000,60,5.13,10.3,18,37,47,948,36,6,10,52,7.79855023,172,251,28.8880411,19.14887631,7.798232693,7.798860236,467,17,5,5,27,481,19,1,5,25,494,506,209,42,159,13
26,1000,60,5.13,10.3,18,37,53,954,29,13,4,46,7.770410966,152,260,33.4948304,22.65349382,8.387787874,7.17486664,463,17,9,2,28,491,12,4,2,18,491,509,233,27,138,14
31,1000,60,5.13,10.3,18,37,47,972,13,9,6,28,7.266313451,160,255,27.47965321,18.26759829,7.306341156,7.22660469,486,6,4,2,12,486,7,5,4,16,498,502,224,31,143,17
30,1000,60,5.13,10.3,18,37,47,961,18,11,10,39,8.039934152,179,228,31.38706867,20.79641798,8.68261139,7.446693626,454,10,10,6,26,507,8,1,4,13,480,520,206,22,157,22
32,1000,60,5.13,10.3,18,37,9,958,21,10,11,42,6.846669325,98,162,15.53638052,9.285405958,6.258561902,7.444262351,486,9,5,4,18,472,12,5,7,24,504,496,99,63,63,35
28,1000,60,5.13,10.3,18,37,49,953,24,12,11,47,8.199637719,162,218,24.27884497,16.64429919,9.005102031,7.400591449,463,16,10,9,35,490,8,2,2,12,498,502,189,29,144,18
27,1000,60,5.13,10.3,18,37,52,956,25,12,7,44,8.004709785,186,276,28.03691891,19.03997166,8.652590212,7.374719547,463,18,8,4,30,493,7,4,3,14,493,507,239,37,166,20
25,1000,60,5.13,10.3,18,37,59,970,22,5,3,30,7.475944961,222,302,44.34761044,32.48295281,8.425557762,6.567215685,468,14,4,3,21,502,8,1,0,9,489,511,277,25,209,13
29,1000,60,5.13,10.3,18,37,48,948,36,6,10,52,7.806341153,173,226,30.39580578,20.14229057,7.830351522,7.7829002,467,17,5,5,27,481,19,1,5,25,494,506,188,38,152,21
26,1000,60,5.13,10.3,18,37,54,954,29,13,4,46,7.787545914,198,271,34.5987281,23.41056266,8.400046461,7.196705504,463,17,9,2,28,491,12,4,2,18,491,509,237,34,176,22
31,1000,60,5.13,10.3,18,37,48,972,13,10,5,28,7.286201028,173,255,28.39921185,18.89920226,7.35726162,7.215706657,486,5,5,2,12,486,8,5,3,16,498,502,223,32,151,22
30,1000,60,5.13,10.3,18,37,48,961,18,10,11,39,8.0596815,182,259,32.52060924,21.55292847,8.736272213,7.435136226,454,10,9,7,26,507,8,1,4,13,480,520,224,35,162,20
32,1000,60,5.13,10.3,18,37,10,959,20,10,11,41,6.891158974,95,150,15.60545275,9.3534308,6.325053591,7.466395089,486,9,5,4,18,473,11,5,7,23,504,496,86,64,74,21
27,1000,60,5.13,10.3,18,37,53,957,26,11,6,43,7.987339585,200,259,28.90655514,19.60725642,8.686682157,7.307308247,463,18,8,4,30,494,8,3,2,13,493,507,231,28,180,20
28,1000,60,5.13,10.3,18,37,50,953,24,12,11,47,8.225905965,156,220,25.04038796,17.26045503,9.018479626,7.439647632,463,16,10,9,35,490,8,2,2,12,498,502,189,31,140,16
25,1000,60,5.13,10.3,18,37,60,969,23,5,3,31,7.473297986,251,307,45.46489094,33.25105038,8.465872549,6.523456574,467,15,4,3,22,502,8,1,0,9,489,511,280,27,226,25
29,1000,60,5.13,10.3,18,37,49,949,36,6,9,51,7.803203781,185,254,31.60963732,21.01962161,7.89023746,7.718234143,466,18,5,5,28,483,18,1,4,23,494,506,219,35,168,17
26,1000,60,5.13,10.3,18,37,55,954,29,13,4,46,7.825269562,182,254,35.85506574,24.20025345,8.422464702,7.249193307,463,17,9,2,28,491,12,4,2,18,491,509,229,25,170,12
31,1000,60,5.13,10.3,18,37,49,969,16,10,5,31,7.324201846,179,252,29.1335571,19.41012435,7.438720058,7.210596129,484,7,5,2,14,485,9,5,3,17,498,502,218,34,168,11
30,1000,60,5.13,10.3,18,37,49,959,20,9,12,41,8.072299638,156,268,33.9434796,22.53893841,8.78448293,7.414899676,454,10,8,8,26,505,10,1,4,15,480,520,232,36,140,16
27,1000,60,5.13,10.3,18,37,54,956,25,13,6,44,8.025852731,191,266,29.8208292,20.24314931,8.726876614,7.34418651,464,17,8,4,29,492,8,5,2,15,493,507,230,36,171,20
28,1000,60,5.13,10.3,18,37,51,952,25,12,11,48,8.206179523,159,228,25.76034659,17.75648888,9.066272912,7.352939468,462,17,10,9,36,490,8,2,2,12,498,502,205,23,147,12
32,1000,60,5.13,10.3,18,37,11,959,20,10,11,41,6.907311216,96,167,15.69971795,9.453623873,6.342766934,7.480961052,486,9,5,4,18,473,11,5,7,23,504,496,105,62,70,26
25,1000,60,5.13,10.3,18,37,61,968,24,5,3,32,7.460039899,233,326,47.15616011,34.37944583,8.471165465,6.492446158,466,16,4,3,23,502,8,1,0,9,489,511,297,29,221,12
29,1000,60,5.13,10.3,18,37,50,950,35,6,9,50,7.792379465,175,255,32.62354258,21.78068902,7.898214195,7.689054648,466,18,5,5,28,484,17,1,4,22,494,506,214,41,163,12
26,1000,60,5.13,10.3,18,37,56,954,30,12,4,46,7.814407636,188,281,37.59556499,25.2909676,8.438000451,7.212867219,463,18,8,2,28,491,12,4,2,18,491,509,251,30,173,15
31,1000,60,5.13,10.3,18,37,50,970,14,11,5,30,7.323762735,197,267,30.15681692,20.05113109,7.512398478,7.136630065,483,8,5,2,15,487,6,6,3,15,498,502,227,40,176,21
30,1000,60,5.13,10.3,18,37,50,959,21,9,11,41,8.069067953,201,256,35.71186111,23.6923475,8.801181014,7.393271282,454,10,8,8,26,505,11,1,3,15,480,520,227,29,182,19
27,1000,60,5.13,10.3,18,37,55,956,25,13,6,44,8.071048486,196,265,30.80870965,20.94668833,8.757068215,7.403972103,464,17,8,4,29,492,8,5,2,15,493,507,233,32,180,16
28,1000,60,5.13,10.3,18,37,52,952,25,12,11,48,8.21477135,151,266,26.32529976,18.22456758,9.074376385,7.362015758,462,17,10,9,36,490,8,2,2,12,498,502,231,35,140,11
25,1000,60,5.13,10.3,18,37,62,967,24,6,3,33,7.489927552,240,310,49.80501289,36.16379209,8.51335034,6.51056602,466,16,4,3,23,501,8,2,0,10,489,511,288,22,226,14
32,1000,60,5.13,10.3,18,37,12,959,20,10,11,41,6.957233758,97,169,15.79022734,9.534996197,6.376861198,7.546967165,486,9,5,4,18,473,11,5,7,23,504,496,108,61,73,24
29,1000,60,5.13,10.3,18,37,51,950,35,6,9,50,7.789586904,175,259,34.16491423,22.80183125,7.905640951,7.676285126,465,19,5,5,29,485,16,1,4,21,494,506,227,32,160,15
26,1000,60,5.13,10.3,18,37,57,954,30,12,4,46,7.832528831,192,269,39.40779646,26.53279875,8.481028034,7.206962802,463,18,8,2,28,491,12,4,2,18,491,509,232,37,176,16
31,1000,60,5.13,10.3,18,37,51,972,12,11,5,28,7.32506189,185,263,31.10748956,20.62531606,7.529172259,7.1225779,484,6,6,2,14,488,6,5,3,14,498,502,226,37,164,21
30,1000,60,5.13,10.3,18,37,51,957,23,9,11,43,8.073700928,175,283,38.29389597,25.35064252,8.843618342,7.363007931,452,12,8,8,28,505,11,1,3,15,480,520,246,37,161,14
27,1000,60,5.13,10.3,18,37,56,956,26,12,6,44,8.06011299,191,280,32.00680657,21.95135648,8.813197076,7.327824125,463,18,8,4,30,493,8,4,2,14,493,507,252,28,167,24
25,1000,60,5.13,10.3,18,37,63,968,24,5,3,32,7.487280046,247,329,51.95983666,37.78882731,8.543449412,6.476581768,466,16,4,3,23,502,8,1,0,9,489,511,301,28,232,15
28,1000,60,5.13,10.3,18,37,53,953,24,12,11,47,8.178581526,176,248,27.15457708,18.83382936,9.09305699,7.27139272,462,17,10,9,36,491,7,2,2,11,498,502,219,29,165,11
29,1000,60,5.13,10.3,18,37,52,950,35,6,9,50,7.781038013,192,267,35.65497813,23.84755275,8.003840865,7.563519022,463,20,6,5,31,487,15,0,4,19,494,506,233,34,179,13
32,1000,60,5.13,10.3,18,37,13,959,21,9,11,41,6.94520257,100,169,15.86739207,9.619070324,6.363646912,7.536138158,486,9,5,4,18,473,12,4,7,23,504,496,112,57,73,27
31,1000,60,5.13,10.3,18,37,52,976,11,9,4,24,7.260372302,192,258,32.09894229,21.33882249,7.537591262,6.985362257,483,8,6,1,15,493,3,3,3,9,498,502,225,33,177,15
26,1000,60,5.13,10.3,18,37,58,953,31,12,4,47,7.82365496,203,297,42.41124972,28.43000452,8.543509409,7.129257053,463,18,8,2,28,490,13,4,2,19,491,509,262,35,182,21
30,1000,60,5.13,10.3,18,37,52,957,23,9,11,43,8.063560011,203,257,40.3767934,26.67999911,8.886291256,7.304115785,450,14,8,8,30,507,9,1,3,13,480,520,220,37,187,16
27,1000,60,5.13,10.3,18,37,57,958,24,12,6,42,8.043127949,203,275,32.99927284,22.65452021,8.839750772,7.268502601,463,18,8,4,30,495,6,4,2,12,493,507,242,33,186,17
25,1000,60,5.13,10.3,18,37,64,969,24,4,3,31,7.490804497,239,328,54.72057179,39.90795218,8.589876188,6.439050962,467,16,3,3,22,502,8,1,0,9,489,511,300,28,225,14
28,1000,60,5.13,10.3,18,37,54,952,25,12,11,48,8.177418772,188,241,28.17025639,19.58029808,9.1189409,7.243398813,462,17,10,9,36,490,8,2,2,12,498,502,213,28,170,18
29,1000,60,5.13,10.3,18,37,53,950,35,6,9,50,7.756937581,196,288,37.24304499,24.96077495,8.099530914,7.422468992,462,21,6,5,32,488,14,0,4,18,494,506,252,36,181,15
31,1000,60,5.13,10.3,18,37,53,976,11,9,4,24,7.2677233,206,269,33.34130907,22.08882402,7.568892887,6.968953471,483,8,6,1,15,493,3,3,3,9,498,502,238,31,193,13
26,1000,60,5.13,10.3,18,37,59,951,33,12,4,49,7.821664102,200,292,43.94073401,29.51757959,8.576918959,7.093117668,461,20,8,2,30,490,13,4,2,19,491,509,262,30,186,14
32,1000,60,5.13,10.3,18,37,14,962,19,8,11,38,6.975630812,103,142,15.98203853,9.708174382,6.397733545,7.562849004,487,9,4,4,17,475,10,4,7,21,504,496,98,44,72,31
30,1000,60,5.13,10.3,18,37,53,956,24,9,11,44,8.085053091,187,280,41.47967456,27.37735653,8.97398432,7.264501188,450,14,8,8,30,506,10,1,3,14,480,520,244,36,176,11
27,1000,60,5.13,10.3,18,37,58,961,23,10,6,39,8.016926766,204,286,34.29546786,23.64327476,8.848270714,7.208539062,464,17,8,4,29,497,6,2,2,10,493,507,255,31,186,18
25,1000,60,5.13,10.3,18,37,65,970,23,4,3,30,7.482492803,250,333,56.52513849,41.31458264,8.64263636,6.372296717,468,15,3,3,21,502,8,1,0,9,489,511,301,32,236,14
28,1000,60,5.13,10.3,18,37,55,952,25,12,11,48,8.215122654,160,261,29.23594193,20.31625406,9.159258659,7.278509646,462,17,10,9,36,490,8,2,2,12,498,502,229,32,146,14
29,1000,60,5.13,10.3,18,37,54,950,34,7,9,50,7.765056505,204,276,38.8757364,26.03817024,8.138491635,7.400477543,462,20,7,5,32,488,14,0,4,18,494,506,239,37,184,20
31,1000,60,5.13,10.3,18,37,54,976,11,10,3,24,7.238760566,210,273,34.46266641,22.80186032,7.612717659,6.867783211,483,7,7,1,15,493,4,3,2,9,498,502,233,40,188,22
26,1000,60,5.13,10.3,18,37,60,951,33,12,4,49,7.815821006,220,281,45.31259694,30.54406307,8.574143657,7.084315267,461,20,8,2,30,490,13,4,2,19,491,509,260,21,203,17
30,1000,60,5.13,10.3,18,37,54,955,25,9,11,45,8.128686675,183,284,43.65904107,28.70074381,9.087639649,7.243499315,449,15,8,8,31,506,10,1,3,14,480,520,239,45,170,13
32,1000,60,5.13,10.3,18,37,15,961,21,8,10,39,6.997223525,108,173,16.06249819,9.771544376,6.435715277,7.567788358,486,10,4,4,18,475,11,4,6,21,504,496,117,56,76,32
27,1000,60,5.13,10.3,18,37,59,959,25,10,6,41,8.008337116,207,298,35.79824075,24.77783489,8.878508939,7.162193706,462,19,8,4,31,497,6,2,2,10,493,507,261,37,191,16
25,1000,60,5.13,10.3,18,37,66,970,23,4,3,30,7.498285842,237,334,59.00721632,43.41717918,8.715701633,6.333283256,468,15,3,3,21,502,8,1,0,9,489,511,320,14,229,8
29,1000,60,5.13,10.3,18,37,55,951,33,7,9,49,7.789151096,208,281,40.42459935,27.0870522,8.148732114,7.438097691,463,19,7,5,31,488,14,0,4,18,494,506,240,41,191,17
28,1000,60,5.13,10.3,18,37,56,953,25,12,10,47,8.20031457,201,285,30.16579469,20.99033767,9.210710363,7.197969739,462,17,10,9,36,491,8,2,1,11,498,502,244,41,187,14
31,1000,60,5.13,10.3,18,37,55,975,12,10,3,25,7.223596999,191,276,35.90934937,23.67047422,7.625792919,6.824605827,483,7,7,1,15,492,5,3,2,10,498,502,249,27,173,18
26,1000,60,5.13,10.3,18,37,61,951,33,12,4,49,7.813254373,212,295,46.80286359,31.61007062,8.646214858,7.009750251,461,20,8,2,30,490,13,4,2,19,491,509,266,29,195,17
30,1000,60,5.13,10.3,18,37,55,953,26,10,11,47,8.149689556,203,277,46.25691546,30.24898292,9.158567315,7.218417779,448,16,8,8,32,505,10,2,3,15,480,520,249,28,190,13
32,1000,60,5.13,10.3,18,37,16,962,19,9,10,38,7.024144581,91,161,16.19862296,9.859840596,6.484262483,7.572734454,486,10,4,4,18,476,9,5,6,20,504,496,104,57,71,20
27,1000,60,5.13,10.3,18,37,60,960,23,10,7,40,7.993051046,204,311,37.20252414,25.91181981,8.932800753,7.079251034,462,18,8,5,31,498,5,2,2,9,493,507,286,25,187,17
25,1000,60,5.13,10.3,18,37,67,967,25,5,3,33,7.514259472,268,340,61.96084692,45.52381798,8.775357655,6.307455144,466,17,3,3,23,501,8,2,0,10,489,511,311,29,251,17
29,1000,60,5.13,10.3,18,37,56,952,31,8,9,48,7.727817367,214,318,42.63007344,28.39541272,8.145757957,7.319788412,462,19,8,5,32,490,12,0,4,16,494,506,279,39,202,12
31,1000,60,5.13,10.3,18,37,56,977,12,10,1,23,7.195828224,209,308,37.52595019,24.71472906,7.68022961,6.71528661,483,7,7,1,15,494,5,3,0,8,498,502,272,36,196,13
28,1000,60,5.13,10.3,18,37,57,954,24,12,10,46,8.203228058,180,286,31.25427743,21.83006945,9.224817938,7.189778336,463,16,10,9,35,491,8,2,1,11,498,502,239,47,164,16
26,1000,60,5.13,10.3,18,37,62,951,33,12,4,49,7.809593836,219,286,49.47432566,33.46033662,8.693063383,6.957366828,461,20,8,2,30,490,13,4,2,19,491,509,258,28,207,12
30,1000,60,5.13,10.3,18,37,56,954,25,10,11,46,8.163262012,189,281,48.90233285,32.05456655,9.232382876,7.176381213,448,16,8,8,32,506,9,2,3,14,480,520,252,29,178,11
27,1000,60,5.13,10.3,18,37,61,960,23,10,7,40,7.967493072,213,289,39.06326805,27.32504021,8.988525192,6.974655134,462,18,8,5,31,498,5,2,2,9,493,507,263,26,194,19
32,1000,60,5.13,10.3,18,37,17,962,20,10,8,38,7.071164963,101,155,16.35132405,9.961306157,6.556728554,7.593898732,486,10,4,4,18,476,10,6,4,20,504,496,103,52,74,27
25,1000,60,5.13,10.3,18,37,68,966,26,5,3,34,7.506521495,260,331,63.99979685,47.26034299,8.782521477,6.285456934,465,18,3,3,24,501,8,2,0,10,489,511,300,31,250,10
29,1000,60,5.13,10.3,18,37,57,952,31,8,9,48,7.731403591,204,292,45.40186384,30.17302702,8.202374222,7.271602225,462,19,8,5,32,490,12,0,4,16,494,506,259,33,196,8
31,1000,60,5.13,10.3,18,37,57,977,12,10,1,23,7.182569722,204,298,38.98669033,25.67741415,7.712857456,6.656507388,482,8,7,1,16,495,4,3,0,7,498,502,265,33,187,17
26,1000,60,5.13,10.3,18,37,63,951,32,12,5,49,7.836369744,216,307,52.83466983,35.83318293,8.736123691,6.968434206,461,19,8,3,30,490,13,4,2,19,491,509,277,30,204,12
28,1000,60,5.13,10.3,18,37,58,955,23,11,11,45,8.195456758,195,284,32.58200007,22.81499415,9.27416379,7.125345001,463,16,9,10,35,492,7,2,1,10,498,502,252,32,180,15
30,1000,60,5.13,10.3,18,37,57,953,26,10,11,47,8.126415868,219,288,52.08215087,34.15390714,9.24690121,7.092121706,447,17,8,8,33,506,9,2,3,14,480,520,253,35,205,14
27,1000,60,5.13,10.3,18,37,62,960,23,10,7,40,7.94122154,211,302,40.86876858,28.60833736,8.969297225,6.941534532,462,18,8,5,31,498,5,2,2,9,493,507,276,26,197,14
25,1000,60,5.13,10.3,18,37,69,966,26,5,3,34,7.48750905,266,368,66.68539317,49.32751856,8.808138054,6.223736872,465,18,3,3,24,501,8,2,0,10,489,511,340,28,250,16
32,1000,60,5.13,10.3,18,37,18,962,20,10,8,38,7.092341074,118,181,16.43609512,10.07278892,6.573199494,7.619855907,486,10,4,4,18,476,10,6,4,20,504,496,124,57,95,23
31,1000,60,5.13,10.3,18,37,58,974,15,10,1,26,7.204859064,219,284,40.77518941,26.72679755,7.795880101,6.618547358,481,9,7,1,17,493,6,3,0,9,498,502,258,26,202,17
29,1000,60,5.13,10.3,18,37,58,952,31,7,10,48,7.727847478,228,277,47.79306922,31.73927506,8.259650951,7.208655944,461,20,7,6,33,491,11,0,4,15,494,506,255,22,212,16
26,1000,60,5.13,10.3,18,37,64,951,33,11,5,49,7.836083473,235,300,55.51387676,37.58507834,8.73975693,6.964367034,462,19,7,3,29,489,14,4,2,20,491,509,278,22,217,18
28,1000,60,5.13,10.3,18,37,59,955,23,11,11,45,8.201077265,212,282,33.99995076,23.86164774,9.305752722,7.105204003,463,16,9,10,35,492,7,2,1,10,498,502,248,34,199,13
30,1000,60,5.13,10.3,18,37,58,954,26,10,10,46,8.080438105,202,303,54.83411474,35.95201748,9.255371246,6.995884436,447,17,8,8,33,507,9,2,2,13,480,520,270,33,190,12
27,1000,60,5.13,10.3,18,37,63,960,23,10,7,40,7.893157999,230,319,43.10370513,30.06175143,8.986396524,6.83010752,462,18,8,5,31,498,5,2,2,9,493,507,292,27,219,11
25,1000,60,5.13,10.3,18,37,70,966,26,5,3,34,7.493390233,271,366,69.57483008,51.38455367,8.830589108,6.213761565,465,18,3,3,24,501,8,2,0,10,489,511,335,31,261,10
31,1000,60,5.13,10.3,18,37,59,971,18,10,1,29,7.211523586,214,292,42.68557322,27.90933974,7.851201899,6.576942312,479,11,7,1,19,492,7,3,0,10,498,502,261,31,200,14
32,1000,60,5.13,10.3,18,37,19,960,21,11,8,40,7.117954264,119,165,16.55878799,10.13790253,6.635708569,7.607978116,484,11,5,4,20,476,10,6,4,20,504,496,117,48,88,31
29,1000,60,5.13,10.3,18,37,59,952,31,7,10,48,7.735975579,215,292,50.01119841,33.16413614,8.309370503,7.176178953,461,20,7,6,33,491,11,0,4,15,494,506,266,26,198,17
26,1000,60,5.13,10.3,18,37,65,952,31,12,5,48,7.841507492,230,299,59.44672797,40.28031655,8.786082174,6.930336237,462,18,8,3,29,490,13,4,2,19,491,509,270,29,214,16
28,1000,60,5.13,10.3,18,37,60,958,22,9,11,42,8.168931892,207,287,35.27830663,24.73977869,9.299033718,7.04783486,465,15,8,10,33,493,7,1,1,9,498,502,253,34,183,24
30,1000,60,5.13,10.3,18,37,59,955,25,9,11,45,8.063623912,205,303,57.97533977,38.00892329,9.258021639,6.961102934,447,17,8,8,33,508,8,1,3,12,480,520,268,35,192,13
27,1000,60,5.13,10.3,18,37,64,960,22,11,7,40,7.883412007,230,320,45.40475892,31.79059327,8.969672942,6.827146444,462,17,9,5,31,498,5,2,2,9,493,507,289,31,211,19
25,1000,60,5.13,10.3,18,37,71,967,25,5,3,33,7.486964963,290,367,73.16500805,54.02364035,8.874484588,6.159181994,465,18,3,3,24,502,7,2,0,9,489,511,343,24,276,14
31,1000,60,5.13,10.3,18,37,60,970,19,10,1,30,7.229399115,218,301,44.31825747,29.0069829,7.890493449,6.573572466,479,11,7,1,19,491,8,3,0,11,498,502,271,30,204,14
26,1000,60,5.13,10.3,18,37,66,952,31,12,5,48,7.859753086,226,321,63.35515975,43.11225165,8.858875446,6.895963147,462,18,8,3,29,490,13,4,2,19,491,509,288,33,212,14
29,1000,60,5.13,10.3,18,37,60,951,31,8,10,49,7.753746596,243,294,51.98541796,34.56125681,8.361768952,7.160143743,460,19,8,7,34,491,12,0,3,15,494,506,262,32,226,17
32,1000,60,5.13,10.3,18,37,20,961,22,8,9,39,7.107953188,97,200,16.67492156,10.25054171,6.639228564,7.584237886,484,11,5,4,20,477,11,3,5,19,504,496,126,74,73,24
28,1000,60,5.13,10.3,18,37,61,958,22,9,11,42,8.154489403,200,281,36.6060166,25.66768419,9.335461705,6.98292724,465,15,8,10,33,493,7,1,1,9,498,502,257,24,188,12
30,1000,60,5.13,10.3,18,37,60,955,25,9,11,45,8.057692256,218,308,61.06399693,39.98271949,9.286369169,6.923528952,447,17,8,8,33,508,8,1,3,12,480,520,278,30,205,13
27,1000,60,5.13,10.3,18,37,65,960,22,11,7,40,7.898651301,232,334,48.38785745,33.82723683,8.999549932,6.828152238,462,17,9,5,31,498,5,2,2,9,493,507,315,19,225,7
25,1000,60,5.13,10.3,18,37,72,966,25,6,3,34,7.482501871,272,382,77.90773917,57.40661845,8.947337157,6.080731901,464,19,3,3,25,502,6,3,0,9,489,511,357,25,258,14
31,1000,60,5.13,10.3,18,37,61,970,19,10,1,30,7.249303961,228,305,46.0359788,30.23796933,7.944800443,6.559349283,479,11,7,1,19,491,8,3,0,11,498,502,279,26,215,13
26,1000,60,5.13,10.3,18,37,67,953,31,12,4,47,7.823887904,230,320,65.7916083,44.49002652,8.864300833,6.820267574,462,18,8,3,29,491,13,4,1,18,491,509,297,23,217,13
29,1000,60,5.13,10.3,18,37,61,952,30,8,10,48,7.727521116,234,303,53.63558386,35.87299841,8.395756432,7.075133279,460,19,8,7,34,492,11,0,3,14,494,506,274,29,224,10
30,1000,60,5.13,10.3,18,37,61,955,25,8,12,45,8.05064799,228,296,64.87045573,42.43563462,9.306812728,6.89111131,447,17,8,8,33,508,8,0,4,12,480,520,266,30,214,14
28,1000,60,5.13,10.3,18,37,62,958,22,9,11,42,8.160351752,220,302,38.0067582,26.5767046,9.366228753,6.964083333,465,15,8,10,33,493,7,1,1,9,498,502,261,41,206,14
32,1000,60,5.13,10.3,18,37,21,961,21,9,9,39,7.152471822,118,165,16.75746249,10.32593951,6.708009358,7.604103035,484,11,5,4,20,477,10,4,5,19,504,496,123,42,94,24
27,1000,60,5.13,10.3,18,37,66,961,21,11,7,39,7.879175476,254,313,50.7338027,35.67960438,8.983097203,6.805736793,463,16,9,5,30,498,5,2,2,9,493,507,284,29,236,18
25,1000,60,5.13,10.3,18,37,73,966,24,7,3,34,7.497338462,292,376,82.34946502,60.54954845,9.027236829,6.033306561,463,19,4,3,26,503,5,3,0,8,489,511,356,20,279,13
31,1000,60,5.13,10.3,18,37,62,970,19,10,1,30,7.250271685,230,306,47.72792178,31.51318255,7.995953799,6.510531262,478,12,7,1,20,492,7,3,0,10,498,502,280,26,211,19
26,1000,60,5.13,10.3,18,37,68,953,31,11,5,47,7.777413953,249,330,68.12478513,46.11345115,8.865314229,6.727985593,462,18,8,3,29,491,13,3,2,18,491,509,301,29,233,16
29,1000,60,5.13,10.3,18,37,62,954,29,9,8,46,7.66044424,240,307,56.23595187,37.71515927,8.419110928,6.919769646,460,20,9,5,34,494,9,0,3,12,494,506,276,31,227,13
30,1000,60,5.13,10.3,18,37,62,956,23,8,13,44,8.072054382,226,318,67.15022401,44.03454911,9.363370317,6.880070442,447,16,8,9,33,509,7,0,4,11,480,520,285,33,217,9
28,1000,60,5.13,10.3,18,37,63,957,21,11,11,43,8.181978643,225,307,39.62397823,27.61479312,9.358342175,7.014988525,465,15,8,10,33,492,6,3,1,10,498,502,276,31,205,20
32,1000,60,5.13,10.3,18,37,22,962,21,8,9,38,7.170592702,104,158,16.93782941,10.44452881,6.740782232,7.607335598,484,11,5,4,20,478,10,3,5,18,504,496,107,51,84,20
27,1000,60,5.13,10.3,18,37,67,960,20,13,7,40,7.904287195,253,316,53.91023201,37.9297531,9.103247457,6.738434318,462,15,11,5,31,498,5,2,2,9,493,507,298,18,240,13
25,1000,60,5.13,10.3,18,37,74,965,25,7,3,35,7.515292289,300,375,88.31301779,64.54489736,9.101607236,5.997272702,463,19,4,3,26,502,6,3,0,9,489,511,349,26,284,16
31,1000,60,5.13,10.3,18,37,63,971,19,9,1,29,7.272793423,217,318,50.24524605,33.19182749,8.031348839,6.520282274,478,12,7,1,20,493,7,2,0,9,498,502,277,41,209,8
26,1000,60,5.13,10.3,18,37,69,952,32,11,5,48,7.783137583,243,317,71.56560619,48.37000809,8.904250694,6.701670907,461,19,8,3,30,491,13,3,2,18,491,509,297,20,228,15
29,1000,60,5.13,10.3,18,37,63,953,30,8,9,47,7.655471625,246,327,58.0958409,39.06836926,8.468810586,6.861421335,459,21,8,6,35,494,9,0,3,12,494,506,295,32,232,14
30,1000,60,5.13,10.3,18,37,63,956,23,8,13,44,8.027515414,237,320,71.4940897,46.80609907,9.368893,6.789320719,447,16,8,9,33,509,7,0,4,11,480,520,295,25,226,11
28,1000,60,5.13,10.3,18,37,64,957,21,12,10,43,8.205924606,221,308,41.28216282,28.67957056,9.425862295,6.995707536,465,15,9,9,33,492,6,3,1,10,498,502,277,31,200,21
27,1000,60,5.13,10.3,18,37,68,960,21,12,7,40,7.849728939,230,349,58.40940577,41.05088224,9.108337593,6.625874765,462,16,10,5,31,498,5,2,2,9,493,507,323,26,215,15
32,1000,60,5.13,10.3,18,37,23,962,21,8,9,38,7.221240633,121,183,17.10045801,10.5714278,6.765527618,7.684303857,484,11,5,4,20,478,10,3,5,18,504,496,114,69,92,29
25,1000,60,5.13,10.3,18,37,75,964,26,7,3,36,7.553352648,288,380,92.36333157,67.48667709,9.14291849,6.032222125,463,19,4,3,26,501,7,3,0,10,489,511,359,21,277,11
31,1000,60,5.13,10.3,18,37,64,971,19,9,1,29,7.232107312,240,335,52.49935608,34.66718536,8.048304113,6.422414072,478,12,7,1,20,493,7,2,0,9,498,502,307,28,229,11
26,1000,60,5.13,10.3,18,37,70,953,31,11,5,47,7.734961776,245,299,73.4972939,49.59981537,8.961071622,6.552211415,461,19,8,3,30,492,12,3,2,17,491,509,282,17,233,12
29,1000,60,5.13,10.3,18,37,64,954,30,8,8,46,7.642408187,241,317,60.91585557,40.87795233,8.453028029,6.851012531,459,21,8,6,35,495,9,0,2,11,494,506,289,28,225,16
30,1000,60,5.13,10.3,18,37,64,956,23,8,13,44,8.048007975,232,309,76.63037234,50.1360882,9.472662338,6.73294241,447,16,8,9,33,509,7,0,4,11,480,520,285,24,218,14
28,1000,60,5.13,10.3,18,37,65,956,22,12,10,44,8.193672523,224,293,43.05373964,29.88126937,9.472469073,6.925065587,464,16,9,9,34,492,6,3,1,10,498,502,267,26,201,23
27,1000,60,5.13,10.3,18,37,69,959,22,13,6,41,7.824961665,259,348,63.29334629,44.43496842,9.169424858,6.517623688,461,17,10,5,32,498,5,3,1,9,493,507,322,26,247,12
25,1000,60,5.13,10.3,18,37,76,963,27,7,3,37,7.551288798,306,398,96.45653479,70.43753948,9.190689023,5.982469404,462,20,4,3,27,501,7,3,0,10,489,511,374,24,292,14
32,1000,60,5.13,10.3,18,37,24,962,21,8,9,38,7.223699545,96,191,17.22834492,10.67561665,6.759074197,7.695818849,484,11,5,4,20,478,10,3,5,18,504,496,148,43,76,20
31,1000,60,5.13,10.3,18,37,65,970,20,9,1,30,7.238458716,228,341,54.74361881,36.24076978,8.077073066,6.406526552,477,13,7,1,21,493,7,2,0,9,498,502,311,30,211,17
26,1000,60,5.13,10.3,18,37,71,952,32,11,5,48,7.752439605,240,335,76.74926838,51.39195287,9.040721624,6.509715692,460,20,8,3,31,492,12,3,2,17,491,509,304,31,227,13
29,1000,60,5.13,10.3,18,37,65,954,30,8,8,46,7.634350776,244,336,63.24670408,42.44058179,8.538075197,6.752058554,459,21,8,6,35,495,9,0,2,11,494,506,309,27,226,18
30,1000,60,5.13,10.3,18,37,65,956,23,8,13,44,8.078380222,245,313,82.26168731,53.6081611,9.5553902,6.714986396,447,16,8,9,33,509,7,0,4,11,480,520,285,28,224,21
28,1000,60,5.13,10.3,18,37,66,956,22,12,10,44,8.221482753,241,319,44.97098155,31.17111895,9.502336822,6.950834693,464,16,9,9,34,492,6,3,1,10,498,502,293,26,224,17
27,1000,60,5.13,10.3,18,37,70,958,23,13,6,42,7.824692649,268,339,67.71061131,47.39865502,9.214345142,6.473413203,461,17,10,5,32,497,6,3,1,10,493,507,312,27,247,21
25,1000,60,5.13,10.3,18,37,77,961,29,7,3,39,7.570042208,302,395,103.0175166,74.60505047,9.276409141,5.937139214,460,22,4,3,29,501,7,3,0,10,489,511,371,24,290,12
32,1000,60,5.13,10.3,18,37,25,962,21,8,9,38,7.236603185,113,186,17.44052001,10.79762219,6.810959797,7.669111789,484,11,5,4,20,478,10,3,5,18,504,496,120,66,91,22
31,1000,60,5.13,10.3,18,37,66,970,20,9,1,30,7.218283412,233,321,57.0269374,37.74963729,8.133802869,6.31005893,477,13,7,1,21,493,7,2,0,9,498,502,292,29,215,18
26,1000,60,5.13,10.3,18,37,72,954,31,10,5,46,7.734069054,259,333,82.94063501,54.9059435,9.055974651,6.458910609,460,21,7,3,31,494,10,3,2,15,491,509,310,23,246,13
29,1000,60,5.13,10.3,18,37,66,955,29,8,8,45,7.637191123,268,304,65.32688567,43.75836584,8.578719574,6.717991411,459,21,8,6,35,496,8,0,2,10,494,506,275,29,249,19
30,1000,60,5.13,10.3,18,37,66,955,24,8,13,45,8.057733429,228,332,88.16340477,57.30716685,9.597335445,6.636562337,446,17,8,9,34,509,7,0,4,11,480,520,303,29,216,12
28,1000,60,5.13,10.3,18,37,67,955,22,13,10,45,8.232164113,247,331,47.45585256,32.83477453,9.563279683,6.911655042,463,17,9,9,35,492,5,4,1,10,498,502,298,33,230,17
27,1000,60,5.13,10.3,18,37,71,957,24,13,6,43,7.806373279,278,353,72.85439149,51.26391118,9.258511364,6.394333682,461,17,10,5,32,496,7,3,1,11,493,507,333,20,263,15
25,1000,60,5.13,10.3,18,37,78,962,29,6,3,38,7.562917716,302,378,109.3187605,78.4098807,9.330587591,5.871351046,459,23,4,3,30,503,6,2,0,8,489,511,360,18,293,9
31,1000,60,5.13,10.3,18,37,67,969,21,9,1,31,7.219192705,240,324,59.7457196,39.55030681,8.145692615,6.300075265,477,13,7,1,21,492,8,2,0,10,498,502,309,15,228,12
26,1000,60,5.13,10.3,18,37,73,955,30,10,5,45,7.712169154,270,362,85.55852154,56.71478095,9.055952435,6.415906695,460,21,7,3,31,495,9,3,2,14,491,509,333,29,253,17
32,1000,60,5.13,10.3,18,37,26,962,20,9,9,38,7.236714165,97,193,17.6223314,10.90646236,6.807347858,7.673005734,484,10,6,4,20,478,10,3,5,18,504,496,143,50,81,16
29,1000,60,5.13,10.3,18,37,67,954,29,9,8,46,7.680025145,256,332,67.81832565,45.47799985,8.687214986,6.69672123,458,21,9,6,36,496,8,0,2,10,494,506,310,22,241,15
30,1000,60,5.13,10.3,18,37,67,956,23,8,13,44,8.066100463,248,321,92.8499041,60.09238701,9.622699226,6.629240066,446,17,8,9,34,510,6,0,4,10,480,520,297,24,228,20
27,1000,60,5.13,10.3,18,37,72,957,24,13,6,43,7.797615736,269,344,78.23936328,54.86057743,9.275344531,6.360692076,461,17,10,5,32,496,7,3,1,11,493,507,328,16,256,13
28,1000,60,5.13,10.3,18,37,68,955,21,14,10,45,8.220706998,242,340,50.22020976,34.83110009,9.592954081,6.859394155,463,16,10,9,35,492,5,4,1,10,498,502,310,30,232,10
25,1000,60,5.13,10.3,18,37,79,961,30,6,3,39,7.572509496,308,408,116.3719715,83.18809744,9.381670251,5.841238245,458,24,4,3,31,503,6,2,0,8,489,511,386,22,295,13
31,1000,60,5.13,10.3,18,37,68,969,21,9,1,31,7.250079044,247,331,61.72490995,40.81584411,8.214195204,6.293645084,477,13,7,1,21,492,8,2,0,10,498,502,309,22,236,11
26,1000,60,5.13,10.3,18,37,74,956,29,10,5,44,7.673233123,258,347,89.22059792,59.16255946,9.12920772,6.268746822,460,21,7,3,31,496,8,3,2,13,491,509,312,35,246,12
30,1000,60,5.13,10.3,18,37,68,956,23,8,13,44,8.082822217,240,337,98.45861017,63.63917817,9.671999226,6.615889593,445,18,8,9,35,511,5,0,4,9,480,520,311,26,224,16
29,1000,60,5.13,10.3,18,37,68,953,30,9,8,47,7.66217147,245,337,70.5528364,47.6450267,8.715185395,6.634130208,457,22,9,6,37,496,8,0,2,10,494,506,312,25,227,18
32,1000,60,5.13,10.3,18,37,27,963,20,8,9,37,7.257703439,117,195,17.78122714,11.04141269,6.832188269,7.690081757,484,10,6,4,20,479,10,2,5,17,504,496,132,63,85,32
27,1000,60,5.13,10.3,18,37,73,956,24,14,6,44,7.786458148,269,360,84.71949072,59.29985535,9.351745378,6.264393839,460,17,11,5,33,496,7,3,1,11,493,507,342,18,256,13
28,1000,60,5.13,10.3,18,37,69,955,21,14,10,45,8.228578478,247,311,52.95651765,36.89634006,9.601623566,6.866473989,463,16,10,9,35,492,5,4,1,10,498,502,291,20,234,13
25,1000,60,5.13,10.3,18,37,80,960,31,5,4,40,7.560352987,316,400,121.9860883,87.272047,9.449464,5.752573563,457,25,3,4,32,503,6,2,0,8,489,511,382,18,306,10
31,1000,60,5.13,10.3,18,37,69,969,21,9,1,31,7.246241155,245,359,64.46381888,42.67551621,8.256899928,6.24363544,476,14,7,1,22,493,7,2,0,9,498,502,335,24,234,11
26,1000,60,5.13,10.3,18,37,75,955,30,10,5,45,7.675723825,271,360,93.53270552,61.94877609,9.167051817,6.237134347,460,21,7,3,31,495,9,3,2,14,491,509,334,26,256,15
30,1000,60,5.13,10.3,18,37,69,958,21,8,13,42,8.044355398,261,351,103.0002243,66.62884047,9.724800665,6.493175152,445,18,8,9,35,513,3,0,4,7,480,520,328,23,245,16
29,1000,60,5.13,10.3,18,37,69,950,33,9,8,50,7.678050691,274,356,74.4180691,50.45856218,8.824573218,6.558718421,454,25,9,6,40,496,8,0,2,10,494,506,328,28,258,16
32,1000,60,5.13,10.3,18,37,28,964,18,9,9,36,7.329741517,129,168,17.93425303,11.14469004,6.90999745,7.75625565,485,9,6,4,19,479,9,3,5,17,504,496,126,42,97,32
27,1000,60,5.13,10.3,18,37,74,956,25,13,6,44,7.785634297,282,351,91.76373842,64.01919774,9.378645927,6.236611155,460,18,10,5,33,496,7,3,1,11,493,507,325,26,265,17
25,1000,60,5.13,10.3,18,37,81,961,29,6,4,39,7.574358622,316,394,128.1514879,91.83322413,9.514774784,5.717482882,457,24,4,4,32,504,5,2,0,7,489,511,374,20,307,9
28,1000,60,5.13,10.3,18,37,70,956,21,13,10,44,8.220663251,249,334,56.11541587,39.1878306,9.632599825,6.819977168,464,16,9,9,34,492,5,4,1,10,498,502,295,39,233,16
31,1000,60,5.13,10.3,18,37,70,969,21,9,1,31,7.250265339,281,355,67.21253549,44.58428217,8.281398057,6.227348818,476,14,7,1,22,493,7,2,0,9,498,502,326,29,268,13
26,1000,60,5.13,10.3,18,37,76,955,30,9,6,45,7.628221327,271,366,96.79430772,64.32485077,9.173174517,6.137903023,460,21,6,4,31,495,9,3,2,14,491,509,343,23,264,7
30,1000,60,5.13,10.3,18,37,70,958,21,7,14,42,8.065796711,248,337,107.029227,69.2521099,9.794390285,6.470171873,445,18,7,10,35,513,3,0,4,7,480,520,312,25,237,11
29,1000,60,5.13,10.3,18,37,70,950,32,10,8,50,7.692879623,276,344,79.17271315,53.7958569,8.878693057,6.535188246,454,24,10,6,40,496,8,0,2,10,494,506,312,32,257,19
32,1000,60,5.13,10.3,18,37,29,966,18,7,9,34,7.297403387,110,183,18.24557915,11.37125661,6.929988815,7.670744001,486,8,6,4,18,480,10,1,5,16,504,496,136,47,88,22
27,1000,60,5.13,10.3,18,37,75,957,24,13,6,43,7.738518331,286,367,95.6121494,66.82319358,9.394100767,6.128652175,460,18,10,5,33,497,6,3,1,10,493,507,342,25,272,14
25,1000,60,5.13,10.3,18,37,82,961,29,6,4,39,7.598407904,312,407,133.860091,96.12671998,9.583599903,5.698684054,457,24,4,4,32,504,5,2,0,7,489,511,385,22,303,9
28,1000,60,5.13,10.3,18,37,71,956,23,12,9,44,8.201336205,249,327,58.83286512,41.06199957,9.672846167,6.741551421,463,18,9,8,35,493,5,3,1,9,498,502,302,25,235,14
31,1000,60,5.13,10.3,18,37,71,969,21,9,1,31,7.261212563,280,366,69.61576126,46.11868899,8.325430131,6.205474817,476,14,7,1,22,493,7,2,0,9,498,502,339,27,265,15
26,1000,60,5.13,10.3,18,37,77,955,30,9,6,45,7.610269244,272,361,99.55347131,66.1684239,9.196385384,6.080243654,460,21,6,4,31,495,9,3,2,14,491,509,335,26,259,13
30,1000,60,5.13,10.3,18,37,71,956,24,7,13,44,8.057846001,274,348,113.3923771,73.44531225,9.78110131,6.467148792,444,20,7,9,36,512,4,0,4,8,480,520,321,27,259,15
29,1000,60,5.13,10.3,18,37,71,950,30,11,9,50,7.683259278,268,350,84.28201102,57.37002636,8.923668568,6.472266809,453,24,10,7,41,497,6,1,2,9,494,506,327,23,257,11
27,1000,60,5.13,10.3,18,37,76,959,24,11,6,41,7.704309472,290,361,98.87333121,69.31984343,9.413511657,6.042304192,460,18,10,5,33,499,6,1,1,8,493,507,338,23,270,20
32,1000,60,5.13,10.3,18,37,30,966,19,7,8,34,7.29245461,114,192,18.48979522,11.50900404,6.972163954,7.617911245,485,9,6,4,19,481,10,1,4,15,504,496,141,51,98,16
25,1000,60,5.13,10.3,18,37,83,961,29,6,4,39,7.544104206,331,413,143.1156594,103.921316,9.617744127,5.559740367,456,24,5,4,33,505,5,1,0,6,489,511,393,20,321,10
28,1000,60,5.13,10.3,18,37,72,957,22,12,9,43,8.184016063,265,343,61.7103546,43.01950429,9.680065666,6.699887173,463,18,9,8,35,494,4,3,1,8,498,502,320,23,248,17
31,1000,60,5.13,10.3,18,37,72,970,19,10,1,30,7.211529851,278,375,72.88604994,48.22389959,8.347614212,6.084497956,476,14,7,1,22,494,5,3,0,8,498,502,346,29,264,14
26,1000,60,5.13,10.3,18,37,78,959,26,9,6,41,7.60643538,276,360,101.7810335,67.57436405,9.25232587,6.018749269,461,20,6,4,30,498,6,3,2,11,491,509,336,24,266,10
30,1000,60,5.13,10.3,18,37,72,956,23,9,12,44,8.023970747,273,351,120.3647768,77.79629477,9.823495474,6.362870999,444,18,9,9,36,512,5,0,3,8,480,520,336,15,260,13
29,1000,60,5.13,10.3,18,37,72,949,31,11,9,51,7.697516672,272,341,88.39483347,60.39051338,8.942003517,6.48254335,452,25,10,7,42,497,6,1,2,9,494,506,323,18,262,10
27,1000,60,5.13,10.3,18,37,77,959,24,11,6,41,7.711503632,287,369,103.2373238,72.61596521,9.496408669,5.975885913,459,19,10,5,34,500,5,1,1,7,493,507,352,17,277,10
25,1000,60,5.13,10.3,18,37,84,961,29,6,4,39,7.516252438,338,417,150.2238256,109.3449198,9.621306021,5.501827384,456,24,5,4,33,505,5,1,0,6,489,511,401,16,328,10
32,1000,60,5.13,10.3,18,37,31,966,19,7,8,34,7.304236667,110,198,18.72244162,11.67714727,7.01959894,7.593465325,485,9,6,4,19,481,10,1,4,15,504,496,152,46,96,14
28,1000,60,5.13,10.3,18,37,73,957,22,12,9,43,8.183077142,275,348,64.98834828,45.32821921,9.686518351,6.691615544,463,18,9,8,35,494,4,3,1,8,498,502,323,25,257,18
31,1000,60,5.13,10.3,18,37,73,970,19,10,1,30,7.217758883,272,372,76.4991737,50.54702446,8.37939967,6.065374199,476,14,7,1,22,494,5,3,0,8,498,502,348,24,264,8
26,1000,60,5.13,10.3,18,37,79,957,28,9,6,43,7.59793464,275,369,105.7246108,70.19051303,9.292995916,5.962816591,460,21,6,4,31,497,7,3,2,12,491,509,341,28,265,10
30,1000,60,5.13,10.3,18,37,73,956,23,9,12,44,8.009099166,275,349,126.2513121,81.91271753,9.844383151,6.314990872,443,19,9,9,37,513,4,0,3,7,480,520,325,24,261,14
29,1000,60,5.13,10.3,18,37,73,948,32,11,9,52,7.739518991,283,351,92.25172339,63.18920782,9.01717572,6.492162421,451,26,10,7,43,497,6,1,2,9,494,506,332,19,267,16
27,1000,60,5.13,10.3,18,37,78,958,25,11,6,42,7.700891481,307,390,106.6047629,74.92608229,9.542789178,5.909854864,458,20,10,5,35,500,5,1,1,7,493,507,364,26,288,19
25,1000,60,5.13,10.3,18,37,85,960,30,6,4,40,7.509722922,340,409,155.3156635,113.5796164,9.641608738,5.469620839,454,26,5,4,35,506,4,1,0,5,489,511,396,13,328,12
31,1000,60,5.13,10.3,18,37,74,970,17,11,2,30,7.205039234,268,387,79.53038282,52.53992692,8.425641357,5.994163023,476,12,8,2,22,494,5,3,0,8,498,502,365,22,261,7
28,1000,60,5.13,10.3,18,37,74,957,22,12,9,43,8.171298561,271,343,69.79721947,48.66438259,9.711797132,6.643074879,463,18,9,8,35,494,4,3,1,8,498,502,321,22,256,15
26,1000,60,5.13,10.3,18,37,80,957,27,10,6,43,7.638629628,285,382,110.4238706,73.60149349,9.390423892,5.948784865,460,20,7,4,31,497,7,3,2,12,491,509,356,26,280,5
32,1000,60,5.13,10.3,18,37,32,967,18,7,8,33,7.308045749,137,182,18.96546038,11.89812078,7.050382824,7.569864529,485,9,6,4,19,482,9,1,4,14,504,496,129,53,108,29
30,1000,60,5.13,10.3,18,37,74,957,22,9,12,43,7.941569604,281,366,131.7918262,86.09787724,9.852507812,6.177626643,443,19,9,9,37,514,3,0,3,6,480,520,335,31,269,12
29,1000,60,5.13,10.3,18,37,74,948,30,13,9,52,7.724819973,289,353,96.72245249,66.2614747,9.062847856,6.418523976,451,25,11,7,43,497,5,2,2,9,494,506,331,22,274,15
27,1000,60,5.13,10.3,18,37,79,958,25,11,6,42,7.674785974,298,381,112.1077187,78.87840206,9.564682587,5.837075855,458,20,10,5,35,500,5,1,1,7,493,507,359,22,289,9
25,1000,60,5.13,10.3,18,37,86,961,29,6,4,39,7.514699218,333,416,162.339492,119.395824,9.718302016,5.405967773,454,26,5,4,35,507,3,1,0,4,489,511,400,16,320,13
31,1000,60,5.13,10.3,18,37,75,969,17,11,3,31,7.198407382,299,377,83.238853,54.98558159,8.468236555,5.93869637,475,12,9,2,23,494,5,2,1,8,498,502,352,25,285,14
26,1000,60,5.13,10.3,18,37,81,957,27,10,6,43,7.671938254,279,380,116.8624426,77.77671046,9.471870603,5.935657737,460,20,7,4,31,497,7,3,2,12,491,509,358,22,271,8
28,1000,60,5.13,10.3,18,37,75,956,23,12,9,44,8.192694016,265,366,75.55002223,52.57500046,9.748910261,6.648877901,462,19,9,8,36,494,4,3,1,8,498,502,335,31,253,12
30,1000,60,5.13,10.3,18,37,75,957,22,9,12,43,7.936247671,288,376,139.6278001,91.56634246,9.889892703,6.132883026,443,19,9,9,37,514,3,0,3,6,480,520,353,23,282,6
32,1000,60,5.13,10.3,18,37,33,966,19,7,8,34,7.32927386,119,213,19.121441,12.05111906,7.100695848,7.561538613,485,9,6,4,19,481,10,1,4,15,504,496,169,44,93,26
29,1000,60,5.13,10.3,18,37,75,950,29,12,9,50,7.730066232,292,355,101.4368674,69.46489065,9.133028533,6.360375765,451,25,11,7,43,499,4,1,2,7,494,506,329,26,280,12
27,1000,60,5.13,10.3,18,37,80,956,27,11,6,44,7.669217462,305,385,121.313235,85.20492284,9.600645952,5.791122304,456,22,10,5,37,500,5,1,1,7,493,507,358,27,290,15
25,1000,60,5.13,10.3,18,37,87,961,28,7,4,39,7.530883869,347,419,169.643361,124.6878717,9.776826619,5.381635328,454,25,6,4,35,507,3,1,0,4,489,511,406,13,334,13
31,1000,60,5.13,10.3,18,37,76,969,17,11,3,31,7.22322491,297,372,87.89375953,58.00966423,8.532401457,5.924480048,475,12,9,2,23,494,5,2,1,8,498,502,357,15,283,14
26,1000,60,5.13,10.3,18,37,82,958,27,9,6,42,7.643979525,277,391,121.7498477,81.2783974,9.525496281,5.828999707,460,20,7,4,31,498,7,2,2,11,491,509,372,19,272,5
28,1000,60,5.13,10.3,18,37,76,956,23,12,9,44,8.162914563,271,358,82.57460889,57.51754385,9.795125523,6.543709268,462,19,9,8,36,494,4,3,1,8,498,502,339,19,258,13
30,1000,60,5.13,10.3,18,37,76,955,24,9,12,45,7.925791928,289,384,146.2421008,96.19070236,9.92191056,6.083220883,442,20,9,9,38,513,4,0,3,7,480,520,360,24,277,12
32,1000,60,5.13,10.3,18,37,34,966,19,7,8,34,7.354370102,131,176,19.44861443,12.32389584,7.130215103,7.582140504,485,9,6,4,19,481,10,1,4,15,504,496,140,36,118,13
29,1000,60,5.13,10.3,18,37,76,951,29,12,8,49,7.663780976,305,377,104.8937281,72.02425037,9.136811593,6.22568389,451,25,11,7,43,500,4,1,1,6,494,506,345,32,289,16
27,1000,60,5.13,10.3,18,37,81,956,26,12,6,44,7.696059821,308,401,131.5858268,91.51560921,9.680132526,5.766774133,456,21,11,5,37,500,5,1,1,7,493,507,387,14,298,10
25,1000,60,5.13,10.3,18,37,88,960,29,7,4,40,7.528090724,352,426,177.628057,130.8367442,9.826217868,5.328904474,453,26,6,4,36,507,3,1,0,4,489,511,410,16,341,11
31,1000,60,5.13,10.3,18,37,77,968,18,11,3,32,7.205042744,299,378,92.8662393,61.34489807,8.558940341,5.861933175,475,12,9,2,23,493,6,2,1,9,498,502,361,17,288,11
26,1000,60,5.13,10.3,18,37,83,958,26,10,6,42,7.653590316,296,399,126.8754538,84.67586687,9.541547581,5.832397748,460,19,8,4,31,498,7,2,2,11,491,509,386,13,286,10
30,1000,60,5.13,10.3,18,37,77,954,25,9,12,46,7.950108303,298,382,152.5371707,100.9964139,9.988945292,6.068104928,441,21,9,9,39,513,4,0,3,7,480,520,356,26,285,13
28,1000,60,5.13,10.3,18,37,77,956,21,14,9,44,8.147350578,271,342,89.99124231,62.53132685,9.844112036,6.464109131,462,18,10,8,36,494,3,4,1,8,498,502,324,18,262,9
29,1000,60,5.13,10.3,18,37,77,951,29,12,8,49,7.649522904,287,375,110.7294274,76.07718554,9.185088778,6.150373612,451,25,11,7,43,500,4,1,1,6,494,506,354,21,275,12
32,1000,60,5.13,10.3,18,37,35,967,19,6,8,33,7.334167957,137,197,19.76667367,12.53289912,7.117443841,7.554387623,485,9,6,4,19,482,10,0,4,14,504,496,152,45,116,21
27,1000,60,5.13,10.3,18,37,82,956,26,12,6,44,7.715903972,303,397,138.5377742,96.86259881,9.755736685,5.732398,456,21,11,5,37,500,5,1,1,7,493,507,377,20,292,11
25,1000,60,5.13,10.3,18,37,89,960,29,6,5,40,7.52314477,369,440,188.1015106,138.0735803,9.858333204,5.288492825,454,25,5,5,35,506,4,1,0,5,489,511,424,16,355,14
31,1000,60,5.13,10.3,18,37,78,966,20,11,3,34,7.193791475,312,394,97.9954322,65.01253917,8.631588576,5.767450924,473,14,9,2,25,493,6,2,1,9,498,502,371,23,302,10
26,1000,60,5.13,10.3,18,37,84,960,24,10,6,40,7.667141394,311,385,132.9054969,88.69645267,9.584637104,5.817454964,461,18,8,4,30,499,6,2,2,10,491,509,367,18,304,7
30,1000,60,5.13,10.3,18,37,78,955,24,9,12,45,7.975537892,290,394,161.6410954,107.6900795,10.04481891,6.065432341,441,21,9,9,39,514,3,0,3,6,480,520,363,31,276,14
28,1000,60,5.13,10.3,18,37,78,956,21,14,9,44,8.13741724,278,380,97.24974445,67.54177404,9.902939298,6.385963087,462,18,10,8,36,494,3,4,1,8,498,502,345,35,268,10
29,1000,60,5.13,10.3,18,37,78,951,29,12,8,49,7.602500596,295,373,116.1471546,79.92699135,9.189387433,6.053247439,451,25,11,7,43,500,4,1,1,6,494,506,353,20,283,12
32,1000,60,5.13,10.3,18,37,36,966,20,6,8,34,7.32481232,144,209,20.16651096,12.79538185,7.119057257,7.533886013,485,9,6,4,19,481,11,0,4,15,504,496,170,39,124,20
27,1000,60,5.13,10.3,18,37,83,956,26,12,6,44,7.758872508,323,394,151.9584833,105.2799085,9.85706274,5.718620469,456,21,11,5,37,500,5,1,1,7,493,507,372,22,308,15
25,1000,60,5.13,10.3,18,37,90,961,28,6,5,39,7.522931125,357,435,198.7978238,145.9136841,9.882862113,5.264601863,454,25,5,5,35,507,3,1,0,4,489,511,415,20,349,8
31,1000,60,5.13,10.3,18,37,79,966,19,12,3,34,7.172205301,306,386,102.9992362,68.4321705,8.631588576,5.724450578,473,14,9,2,25,493,5,3,1,9,498,502,373,13,297,9
26,1000,60,5.13,10.3,18,37,85,961,22,11,6,39,7.665812292,323,402,138.0584624,92.11766497,9.615710446,5.784869278,461,17,9,4,30,500,5,2,2,9,491,509,374,28,311,12
30,1000,60,5.13,10.3,18,37,79,955,25,9,11,45,7.971830868,298,394,168.2659385,112.9348586,10.06482336,6.039837795,440,22,9,9,40,515,3,0,2,5,480,520,375,19,283,15
28,1000,60,5.13,10.3,18,37,79,955,22,14,9,45,8.160106606,296,382,107.7697965,74.86026523,9.974986281,6.359688124,461,19,10,8,37,494,3,4,1,8,498,502,351,31,281,15
29,1000,60,5.13,10.3,18,37,79,952,28,12,8,48,7.595764278,332,379,121.8214471,84.36134697,9.24891121,5.981822412,451,25,11,7,43,501,3,1,1,5,494,506,353,26,315,17
27,1000,60,5.13,10.3,18,37,84,954,28,12,6,46,7.779764065,324,396,161.7303289,111.5656739,9.952822546,5.666711144,454,23,11,5,39,500,5,1,1,7,493,507,374,22,314,10
25,1000,60,5.13,10.3,18,37,91,961,27,7,5,39,7.54512418,369,439,209.5592945,154.0610135,9.928021283,5.264817559,454,24,6,5,35,507,3,1,0,4,489,511,423,16,361,8
32,1000,60,5.13,10.3,18,37,37,966,20,6,8,34,7.351671829,128,201,20.44877589,12.99350733,7.141399944,7.565335195,486,8,6,4,18,480,12,0,4,16,504,496,151,50,115,13
31,1000,60,5.13,10.3,18,37,80,967,18,12,3,33,7.168261521,307,389,107.3661421,71.29891302,8.651228103,5.697111405,473,14,9,2,25,494,4,3,1,8,498,502,368,21,300,7
26,1000,60,5.13,10.3,18,37,86,960,23,11,6,40,7.689877556,324,397,143.4363897,95.7434116,9.672026438,5.777824311,460,18,9,4,31,500,5,2,2,9,491,509,384,13,314,10
30,1000,60,5.13,10.3,18,37,80,955,24,10,11,45,7.985878169,323,401,173.7258263,117.8226262,10.10902303,6.02605214,440,21,10,9,40,515,3,0,2,5,480,520,383,18,312,11
28,1000,60,5.13,10.3,18,37,80,956,21,14,9,44,8.161265139,311,386,117.7364386,81.49294372,10.00978437,6.32747514,462,18,10,8,36,494,3,4,1,8,498,502,361,25,298,13
29,1000,60,5.13,10.3,18,37,80,951,29,12,8,49,7.581320297,289,386,130.4474266,90.63022396,9.308903613,5.894707337,451,25,11,7,43,500,4,1,1,6,494,506,359,27,277,12
27,1000,60,5.13,10.3,18,37,85,953,29,12,6,47,7.802113426,320,397,169.3679628,116.4609551,9.968744865,5.695310075,454,23,11,5,39,499,6,1,1,8,493,507,381,16,310,10
25,1000,60,5.13,10.3,18,37,92,961,26,8,5,39,7.511116434,368,449,217.6519143,160.183265,9.967393353,5.160589207,454,23,7,5,35,507,3,1,0,4,489,511,430,19,359,9
31,1000,60,5.13,10.3,18,37,81,967,18,12,3,33,7.126347005,320,396,112.0854692,74.45542689,8.695030618,5.570162863,473,14,9,2,25,494,4,3,1,8,498,502,374,22,309,11
26,1000,60,5.13,10.3,18,37,87,961,23,11,5,39,7.695289953,336,397,149.0184147,99.55211039,9.744113031,5.718920344,460,18,9,4,31,501,5,2,1,8,491,509,383,14,325,11
32,1000,60,5.13,10.3,18,37,38,967,20,6,7,33,7.350300267,123,204,20.76639938,13.2196968,7.18013948,7.523205583,486,8,6,4,18,481,12,0,3,15,504,496,164,40,108,15
30,1000,60,5.13,10.3,18,37,81,955,24,10,11,45,7.98321036,313,394,181.8912752,123.1917748,10.11234543,6.017854908,440,21,10,9,40,515,3,0,2,5,480,520,374,20,302,11
29,1000,60,5.13,10.3,18,37,81,951,29,12,8,49,7.578260126,303,392,139.7736272,96.85712788,9.373300183,5.82579019,451,25,11,7,43,500,4,1,1,6,494,506,368,24,295,8
28,1000,60,5.13,10.3,18,37,81,956,22,13,9,44,8.093658828,294,380,129.3061434,88.78030253,10.05512055,6.147826282,461,19,10,8,37,495,3,3,1,7,498,502,361,19,286,8
27,1000,60,5.13,10.3,18,37,86,954,28,12,6,46,7.762593163,343,411,180.0359826,122.7972843,9.986344961,5.60024674,454,23,11,5,39,500,5,1,1,7,493,507,395,16,333,10
25,1000,60,5.13,10.3,18,37,93,962,24,9,5,38,7.505846374,366,445,224.5587033,165.8375624,10.01485442,5.104858245,455,21,8,5,34,507,3,1,0,4,489,511,428,17,358,8
31,1000,60,5.13,10.3,18,37,82,966,19,12,3,34,7.135043032,329,393,118.4556366,79.09284251,8.722233051,5.560499946,473,14,9,2,25,493,5,3,1,9,498,502,371,22,316,13
26,1000,60,5.13,10.3,18,37,88,961,23,11,5,39,7.666921031,336,403,157.4862471,104.8972567,9.799122867,5.610121225,460,18,9,4,31,501,5,2,1,8,491,509,386,17,317,19
30,1000,60,5.13,10.3,18,37,82,955,22,12,11,45,7.99519469,308,406,191.5030466,130.2217827,10.17786029,5.980426439,440,19,12,9,40,515,3,0,2,5,480,520,378,28,301,7
32,1000,60,5.13,10.3,18,37,39,967,20,6,7,33,7.367680805,137,198,21.10523978,13.48541524,7.202445298,7.535581401,486,8,6,4,18,481,12,0,3,15,504,496,162,36,126,11
29,1000,60,5.13,10.3,18,37,82,950,30,11,9,50,7.584193615,321,390,153.2813157,106.4210689,9.43139442,5.780799943,450,26,10,8,44,500,4,1,1,6,494,506,366,24,314,7
28,1000,60,5.13,10.3,18,37,82,956,22,13,9,44,8.086868596,309,382,138.7763734,95.44271239,10.05512055,6.134299924,461,19,10,8,37,495,3,3,1,7,498,502,359,23,295,14
27,1000,60,5.13,10.3,18,37,87,955,25,13,7,45,7.770364793,337,398,190.0201903,129.3662001,10.07136154,5.532906414,454,21,12,6,39,501,4,1,1,6,493,507,387,11,323,14
25,1000,60,5.13,10.3,18,37,94,961,25,9,5,39,7.525464815,380,436,233.5879632,173.2088459,10.0842196,5.076871687,455,21,8,5,34,506,4,1,0,5,489,511,419,17,371,9
31,1000,60,5.13,10.3,18,37,83,965,20,12,3,35,7.113733985,314,402,125.2348922,83.75548695,8.766962538,5.473678568,472,15,9,2,26,493,5,3,1,9,498,502,381,21,302,12
26,1000,60,5.13,10.3,18,37,89,961,23,11,5,39,7.627411882,337,403,166.5237561,111.2391015,9.818656955,5.513656812,460,18,9,4,31,501,5,2,1,8,491,509,385,18,325,12
30,1000,60,5.13,10.3,18,37,83,955,22,12,11,45,7.959352368,319,399,203.4648242,137.9013627,10.19825344,5.892674451,440,19,12,9,40,515,3,0,2,5,480,520,376,23,305,14
32,1000,60,5.13,10.3,18,37,40,967,20,6,7,33,7.389874721,123,225,21.5499279,13.78638047,7.24035654,7.541804486,486,8,6,4,18,481,12,0,3,15,504,496,184,41,105,18
29,1000,60,5.13,10.3,18,37,83,952,27,10,11,48,7.563878347,331,393,163.0060575,113.5816229,9.45802998,5.714647306,451,25,9,9,43,501,2,1,2,5,494,506,369,24,321,10
28,1000,60,5.13,10.3,18,37,83,955,23,13,9,45,8.061902483,321,381,147.8999981,101.2412475,10.101647,6.038410912,460,20,10,8,38,495,3,3,1,7,498,502,356,25,311,10
27,1000,60,5.13,10.3,18,37,88,955,25,13,7,45,7.765902406,338,413,203.861602,137.0098237,10.08062994,5.515092393,454,21,12,6,39,501,4,1,1,6,493,507,394,19,327,11
25,1000,60,5.13,10.3,18,37,95,961,25,9,5,39,7.535314986,364,450,247.5569535,182.3152649,10.12648815,5.055699184,455,21,8,5,34,506,4,1,0,5,489,511,434,16,358,6
31,1000,60,5.13,10.3,18,37,84,965,20,12,3,35,7.103403112,329,410,131.7369664,87.95991508,8.805566741,5.414802539,472,15,9,2,26,493,5,3,1,9,498,502,385,25,319,10
26,1000,60,5.13,10.3,18,37,90,961,24,10,5,39,7.603446043,325,417,172.5531013,115.5868251,9.861916354,5.424843053,460,19,8,4,31,501,5,2,1,8,491,509,401,16,319,6
30,1000,60,5.13,10.3,18,37,84,955,22,12,11,45,7.938886257,321,401,214.267232,144.6598239,10.23969965,5.815058508,439,20,12,9,41,516,2,0,2,4,480,520,377,24,316,5
29,1000,60,5.13,10.3,18,37,84,953,27,10,10,47,7.526253781,319,395,170.8403836,118.8736494,9.500139677,5.599179408,451,25,9,9,43,502,2,1,1,4,494,506,371,24,312,7
32,1000,60,5.13,10.3,18,37,41,968,19,6,7,32,7.411019439,140,208,21.91855242,14.044088,7.272450832,7.551823024,486,8,6,4,18,482,11,0,3,14,504,496,168,40,122,18
28,1000,60,5.13,10.3,18,37,84,954,24,13,9,46,8.067033819,310,383,155.7362578,106.261355,10.1642086,5.986569592,459,21,10,8,39,495,3,3,1,7,498,502,362,21,299,11
27,1000,60,5.13,10.3,18,37,89,955,26,12,7,45,7.738853075,340,422,219.6276259,147.1202527,10.12023426,5.423229953,453,22,12,6,40,502,4,0,1,5,493,507,399,23,331,9
25,1000,60,5.13,10.3,18,37,96,961,25,9,5,39,7.509872687,376,443,261.0862325,192.1276616,10.16983617,4.964428174,455,21,8,5,34,506,4,1,0,5,489,511,423,20,369,7
31,1000,60,5.13,10.3,18,37,85,965,20,12,3,35,7.104092934,334,393,138.2110199,92.93162597,8.815336722,5.406484555,472,15,9,2,26,493,5,3,1,9,498,502,379,14,326,8
26,1000,60,5.13,10.3,18,37,91,964,22,10,4,36,7.565205263,338,422,180.694167,120.9593432,9.882686838,5.329677851,460,19,8,4,31,504,3,2,0,5,491,509,400,22,326,12
30,1000,60,5.13,10.3,18,37,85,956,21,12,11,44,7.910857545,347,416,227.2381747,152.5736494,10.24920604,5.752382011,439,20,12,9,41,517,1,0,2,3,480,520,397,19,335,12
29,1000,60,5.13,10.3,18,37,85,952,27,11,10,48,7.506629302,324,405,177.9318895,124.0868226,9.551546851,5.510207821,450,25,10,9,44,502,2,1,1,4,494,506,382,23,317,7
32,1000,60,5.13,10.3,18,37,42,968,19,6,7,32,7.404060706,146,236,22.39064739,14.40237682,7.268600975,7.541705271,486,8,6,4,18,482,11,0,3,14,504,496,200,36,129,17
28,1000,60,5.13,10.3,18,37,85,953,25,13,9,47,8.033802717,308,397,166.8431097,113.7851419,10.17368054,5.910975716,459,21,10,8,39,494,4,3,1,8,498,502,368,29,296,12
27,1000,60,5.13,10.3,18,37,90,955,26,13,6,45,7.720778986,349,418,230.1656167,155.3550575,10.17436222,5.334947559,453,22,12,6,40,502,4,1,0,5,493,507,402,16,336,13
25,1000,60,5.13,10.3,18,37,97,961,24,10,5,39,7.500414687,391,457,274.8355351,202.9591972,10.20823013,4.909178383,455,20,9,5,34,506,4,1,0,5,489,511,440,17,380,11
31,1000,60,5.13,10.3,18,37,86,964,21,12,3,36,7.104886439,337,430,146.960718,99.32821814,8.860060626,5.363697705,471,16,9,2,27,493,5,3,1,9,498,502,411,19,332,5
26,1000,60,5.13,10.3,18,37,92,963,22,11,4,37,7.56909074,348,424,190.0734309,126.9111057,9.949594708,5.272769623,459,19,9,4,32,504,3,2,0,5,491,509,407,17,337,11
30,1000,60,5.13,10.3,18,37,86,956,21,12,11,44,7.888944735,318,436,239.9225906,160.4513274,10.30527259,5.658488253,439,20,12,9,41,517,1,0,2,3,480,520,413,23,312,6
29,1000,60,5.13,10.3,18,37,86,951,28,11,10,49,7.500037523,337,405,185.9294159,130.0361822,9.593771951,5.455956875,450,25,10,9,44,501,3,1,1,5,494,506,390,15,329,8
28,1000,60,5.13,10.3,18,37,86,950,28,13,9,50,8.059568153,317,388,177.3895484,120.5547925,10.25799139,5.878662231,458,22,10,8,40,492,6,3,1,10,498,502,366,22,309,8
27,1000,60,5.13,10.3,18,37,91,955,25,14,6,45,7.704054954,360,431,248.3857748,166.89607,10.19365228,5.283203902,453,22,12,6,40,502,3,2,0,5,493,507,410,21,348,12
25,1000,60,5.13,10.3,18,37,98,961,24,10,5,39,7.535864244,375,452,288.6594781,214.042869,10.24968341,4.938882691,455,20,9,5,34,506,4,1,0,5,489,511,437,15,369,6
32,1000,60,5.13,10.3,18,37,43,967,20,6,7,33,7.42000689,142,211,22.89097779,14.82029884,7.280862217,7.561395832,486,8,6,4,18,481,12,0,3,15,504,496,166,45,113,29
31,1000,60,5.13,10.3,18,37,87,964,21,12,3,36,7.083824869,332,424,156.4245473,105.9405675,8.878491621,5.30345825,471,16,9,2,27,493,5,3,1,9,498,502,402,22,326,6
26,1000,60,5.13,10.3,18,37,93,963,22,11,4,37,7.562703939,359,422,199.173001,133.4919778,9.969233249,5.241277826,459,19,9,4,32,504,3,2,0,5,491,509,407,15,351,8
30,1000,60,5.13,10.3,18,37,87,955,22,12,11,45,7.875585256,335,405,249.8167827,167.0879184,10.33191691,5.608202193,438,21,12,9,42,517,1,0,2,3,480,520,384,21,323,12
29,1000,60,5.13,10.3,18,37,87,951,28,10,11,49,7.502891283,345,404,195.9647684,138.4807356,9.641410294,5.415088138,450,25,9,10,44,501,3,1,1,5,494,506,388,16,330,15
25,1000,60,5.13,10.3,18,37,99,960,25,10,5,40,7.569738505,388,457,298.0543742,221.4356098,10.32357905,4.934458608,454,21,9,5,35,506,4,1,0,5,489,511,442,15,381,7
28,1000,60,5.13,10.3,18,37,87,950,28,13,9,50,8.031572354,317,404,191.7287852,128.9939307,10.25799139,5.822893708,458,22,10,8,40,492,6,3,1,10,498,502,385,19,312,5
27,1000,60,5.13,10.3,18,37,92,954,26,14,6,46,7.719196963,369,422,261.443836,175.2680901,10.24544757,5.26270475,452,23,12,6,41,502,3,2,0,5,493,507,405,17,357,12
31,1000,60,5.13,10.3,18,37,88,964,21,12,3,36,7.096313493,339,419,163.440302,110.8724965,8.893991597,5.312959518,471,16,9,2,27,493,5,3,1,9,498,502,405,14,331,8
32,1000,60,5.13,10.3,18,37,44,966,21,6,7,34,7.433818254,133,218,23.46698317,15.36618589,7.314114811,7.555452398,486,8,6,4,18,480,13,0,3,16,504,496,184,34,114,19
26,1000,60,5.13,10.3,18,37,94,963,22,11,4,37,7.544889889,363,431,209.7350251,140.4075064,9.980153422,5.195745695,459,19,9,4,32,504,3,2,0,5,491,509,418,13,357,6
30,1000,60,5.13,10.3,18,37,88,954,23,12,11,46,7.84241922,337,416,272.6396376,182.1311985,10.35612446,5.522075919,437,22,12,9,43,517,1,0,2,3,480,520,400,16,321,16
29,1000,60,5.13,10.3,18,37,88,950,29,10,11,50,7.503648183,359,418,205.4335523,145.814882,9.669226906,5.389427058,449,26,9,10,45,501,3,1,1,5,494,506,396,22,344,15
25,1000,60,5.13,10.3,18,37,100,959,26,10,5,41,7.596693966,394,464,318.9785862,238.0942276,10.41880718,4.896080733,453,22,9,5,36,506,4,1,0,5,489,511,447,17,380,14
31,1000,60,5.13,10.3,18,37,89,963,22,12,3,37,7.10426933,351,427,175.0441438,119.0664851,8.906097363,5.316798492,470,17,9,2,28,493,5,3,1,9,498,502,413,14,343,8
27,1000,60,5.13,10.3,18,37,93,954,26,14,6,46,7.694377106,352,431,280.3734801,186.5127507,10.2536805,5.205744811,452,23,12,6,41,502,3,2,0,5,493,507,413,18,345,7
28,1000,60,5.13,10.3,18,37,88,950,28,12,10,50,8.016503415,324,404,205.5678988,137.5743525,10.32329679,5.728090861,458,22,9,9,40,492,6,3,1,10,498,502,378,26,311,13
26,1000,60,5.13,10.3,18,37,95,962,23,11,4,38,7.493561071,361,451,221.1098494,148.3665247,9.998873329,5.076845316,458,20,9,4,33,504,3,2,0,5,491,509,432,19,356,5
30,1000,60,5.13,10.3,18,37,89,954,23,12,11,46,7.833605512,348,414,290.2422719,193.8598443,10.38350181,5.479855078,437,22,12,9,43,517,1,0,2,3,480,520,399,15,332,16
32,1000,60,5.13,10.3,18,37,45,966,21,5,8,34,7.427110995,165,222,24.04453095,15.76059976,7.328735517,7.527073175,486,8,5,5,18,480,13,0,3,16,504,496,191,31,146,19
29,1000,60,5.13,10.3,18,37,89,950,29,10,11,50,7.478973403,365,414,212.8551738,151.3700854,9.728810596,5.282492032,449,26,9,10,45,501,3,1,1,5,494,506,395,19,352,13
25,1000,60,5.13,10.3,18,37,101,958,27,10,5,42,7.604048162,399,462,340.3826946,254.134348,10.50331221,4.829605654,452,23,9,5,37,506,4,1,0,5,489,511,445,17,390,9
31,1000,60,5.13,10.3,18,37,90,964,21,11,4,36,7.079848075,365,418,189.6154755,128.1021133,8.948945452,5.225643903,470,17,8,3,28,494,4,3,1,8,498,502,400,18,357,8
27,1000,60,5.13,10.3,18,37,94,953,27,14,6,47,7.691309784,364,427,295.9244578,196.3964091,10.32457138,5.130761525,451,24,12,6,42,502,3,2,0,5,493,507,407,20,356,8
28,1000,60,5.13,10.3,18,37,89,950,28,12,10,50,8.025858228,329,410,213.4073708,143.2304276,10.36935401,5.701035714,458,22,9,9,40,492,6,3,1,10,498,502,390,20,321,8
26,1000,60,5.13,10.3,18,37,96,963,22,12,3,37,7.462269371,358,427,230.3734819,154.2757269,10.02185397,4.993200532,458,20,10,3,33,505,2,2,0,4,491,509,413,14,349,9
30,1000,60,5.13,10.3,18,37,90,954,23,12,11,46,7.788166877,348,442,304.7327272,202.8058812,10.40135905,5.375989484,437,22,12,9,43,517,1,0,2,3,480,520,421,21,340,8
32,1000,60,5.13,10.3,18,37,46,966,20,6,8,34,7.46872524,168,227,24.72921052,16.25977056,7.380437377,7.558437101,486,8,5,5,18,480,12,1,3,16,504,496,185,42,152,16
29,1000,60,5.13,10.3,18,37,90,950,29,10,11,50,7.485614803,359,413,220.8216478,158.1615019,9.789077784,5.236779402,449,26,9,10,45,501,3,1,1,5,494,506,396,17,344,15
25,1000,60,5.13,10.3,18,37,102,958,27,10,5,42,7.589276734,404,467,356.8255679,265.5045861,10.58399787,4.723486841,452,23,9,5,37,506,4,1,0,5,489,511,455,12,395,9
31,1000,60,5.13,10.3,18,37,91,962,23,11,4,38,7.085577208,353,416,203.3237943,138.5135291,9.00539432,5.181057443,468,19,8,3,30,494,4,3,1,8,498,502,398,18,346,7
27,1000,60,5.13,10.3,18,37,95,954,27,13,6,46,7.665885473,383,443,312.3965997,206.2813196,10.36450415,5.041784864,452,24,11,6,41,502,3,2,0,5,493,507,427,16,366,17
28,1000,60,5.13,10.3,18,37,90,949,29,12,10,51,8.063988138,356,403,226.6299431,151.8867234,10.43761515,5.709274494,457,23,9,9,41,492,6,3,1,10,498,502,382,21,341,15
26,1000,60,5.13,10.3,18,37,97,963,20,13,4,37,7.500694085,358,440,244.3701745,164.2696785,10.13010187,4.964271248,457,19,11,4,34,506,1,2,0,3,491,509,418,22,352,6
30,1000,60,5.13,10.3,18,37,91,952,25,12,11,48,7.808695234,347,420,320.7635465,213.7391812,10.46266991,5.358872454,437,22,12,9,43,515,3,0,2,5,480,520,407,13,338,9
32,1000,60,5.13,10.3,18,37,47,966,20,6,8,34,7.475971474,151,222,25.45297349,17.00220814,7.449296402,7.503076788,486,8,5,5,18,480,12,1,3,16,504,496,184,38,133,18
29,1000,60,5.13,10.3,18,37,91,951,28,10,11,49,7.469792141,358,413,230.3345375,166.3180976,9.841877757,5.15396152,449,26,9,10,45,502,2,1,1,4,494,506,394,19,349,9
25,1000,60,5.13,10.3,18,37,103,956,29,10,5,44,7.631915106,402,462,385.8470352,284.6849903,10.65849937,4.735633884,450,24,10,5,39,506,5,0,0,5,489,511,450,12,394,8
31,1000,60,5.13,10.3,18,37,92,961,24,11,4,39,7.052600753,367,430,216.2134338,147.5940356,9.041828375,5.079223551,467,20,8,3,31,494,4,3,1,8,498,502,410,20,357,10
27,1000,60,5.13,10.3,18,37,96,954,27,13,6,46,7.615385525,381,442,327.5346004,215.0126003,10.38860278,4.918746256,452,24,11,6,41,502,3,2,0,5,493,507,422,20,362,19
28,1000,60,5.13,10.3,18,37,91,947,31,12,10,53,8.059159231,346,414,243.9145808,164.0130622,10.47929277,5.658309624,455,25,9,9,43,492,6,3,1,10,498,502,389,25,338,8
26,1000,60,5.13,10.3,18,37,98,964,20,12,4,36,7.487706573,376,436,258.1801354,172.7646787,10.16202064,4.907965495,457,19,11,4,34,507,1,1,0,2,491,509,418,18,366,10
30,1000,60,5.13,10.3,18,37,92,951,26,12,11,49,7.772135248,345,441,341.3037829,225.9925958,10.46446314,5.286909502,437,22,12,9,43,514,4,0,2,6,480,520,426,15,337,8
29,1000,60,5.13,10.3,18,37,92,949,30,10,11,51,7.485626278,342,409,240.7583983,174.1566126,9.898303297,5.130166895,449,26,9,10,45,500,4,1,1,6,494,506,395,14,335,7
32,1000,60,5.13,10.3,18,37,48,965,20,7,8,35,7.477917947,173,256,26.35943932,17.81258519,7.476100916,7.479764286,485,8,6,5,19,480,12,1,3,16,504,496,203,53,153,20
25,1000,60,5.13,10.3,18,37,104,956,28,11,5,44,7.608270401,411,461,411.1661821,303.7593146,10.66551555,4.682648328,450,23,11,5,39,506,5,0,0,5,489,511,449,12,404,7
31,1000,60,5.13,10.3,18,37,93,963,24,9,4,37,7.018253501,359,424,235.3602845,161.1070643,9.085542101,4.967437319,467,20,8,3,31,496,4,1,1,6,498,502,411,13,348,11
33,1000,60,5.13,10.3,18,37,0,931,29,20,20,69,7.459,101,157,15.01209069,9.274234308,6.444668008,8.461232604,475,7,9,6,22,456,22,11,14,47,497,503,82,75,68,33
27,1000,60,5.13,10.3,18,37,97,955,26,13,6,45,7.572244186,385,441,357.1477359,233.8452513,10.40810593,4.814690264,452,24,11,6,41,503,2,2,0,4,493,507,433,8,373,12
26,1000,60,5.13,10.3,18,37,99,963,20,13,4,37,7.493803131,372,440,277.3615285,184.398536,10.22612876,4.858101988,456,19,12,4,35,507,1,1,0,2,491,509,421,19,363,9
28,1000,60,5.13,10.3,18,37,92,948,30,12,10,52,8.068917844,356,402,262.5839116,177.9100656,10.49819018,5.659002262,455,25,9,9,43,493,5,3,1,9,498,502,387,15,348,8
30,1000,60,5.13,10.3,18,37,93,952,26,12,10,48,7.747458103,372,446,367.6409027,241.5407223,10.50078168,5.205928646,437,22,12,9,43,515,4,0,1,5,480,520,425,21,361,11
29,1000,60,5.13,10.3,18,37,93,949,30,10,11,51,7.484446272,370,423,253.5809494,184.86481,9.930320692,5.09657678,449,26,9,10,45,500,4,1,1,6,494,506,404,19,356,14
31,1000,60,5.13,10.3,18,37,94,964,23,9,4,36,6.983850602,383,429,254.8909291,176.4160159,9.104744691,4.879856067,467,20,8,3,31,497,3,1,1,5,498,502,416,13,372,11
32,1000,60,5.13,10.3,18,37,49,966,19,7,8,34,7.452883935,168,266,27.42456108,18.66372137,7.493392524,7.411721981,485,8,6,5,19,481,11,1,3,15,504,496,229,37,148,20
33,1000,60,5.13,10.3,18,37,1,933,29,19,19,67,7.477543303,86,133,15.07112526,9.332958662,6.50284495,8.440615036,476,7,9,5,21,457,22,10,14,46,497,503,75,58,60,26
27,1000,60,5.13,10.3,18,37,98,955,26,13,6,45,7.537434403,383,436,378.388014,248.942376,10.42857236,4.726130634,452,24,11,6,41,503,2,2,0,4,493,507,419,17,376,7
26,1000,60,5.13,10.3,18,37,100,962,21,13,4,38,7.518126319,377,456,299.1992438,196.7438933,10.2736005,4.860095237,455,20,12,4,36,507,1,1,0,2,491,509,441,15,368,9
28,1000,60,5.13,10.3,18,37,93,947,31,12,10,53,8.083338499,350,418,284.4162348,192.7268,10.5583764,5.628022013,455,25,9,9,43,492,6,3,1,10,498,502,399,19,340,10
30,1000,60,5.13,10.3,18,37,94,952,26,12,10,48,7.740250992,353,437,397.6720339,260.5480789,10.53937325,5.156445834,437,22,12,9,43,515,4,0,1,5,480,520,426,11,341,12
29,1000,60,5.13,10.3,18,37,94,949,29,11,11,51,7.494507797,369,428,266.5583829,195.1988407,9.995053165,5.053263899,449,25,10,10,45,500,4,1,1,6,494,506,409,19,360,9
31,1000,60,5.13,10.3,18,37,95,964,23,9,4,36,6.997412124,370,446,276.1077961,191.732282,9.155529904,4.856490501,467,20,8,3,31,497,3,1,1,5,498,502,422,24,364,6
27,1000,60,5.13,10.3,18,37,99,956,26,12,6,44,7.498997665,386,433,402.2293232,266.7399534,10.47129112,4.608779377,452,24,11,6,41,504,2,1,0,3,493,507,420,13,380,6
32,1000,60,5.13,10.3,18,37,50,964,21,7,8,36,7.466057307,165,252,28.76254108,19.81356436,7.536421042,7.394558673,484,9,6,5,20,480,12,1,3,16,504,496,205,47,150,15
26,1000,60,5.13,10.3,18,37,101,962,20,14,4,38,7.525606706,398,451,310.702187,204.3607738,10.34656045,4.804411638,455,19,13,4,36,507,1,1,0,2,491,509,437,14,388,10
33,1000,60,5.13,10.3,18,37,2,934,28,20,18,66,7.49015386,103,159,15.14208722,9.422605173,6.540229745,8.428746873,476,6,10,5,21,458,22,10,13,45,497,503,96,63,67,36
30,1000,60,5.13,10.3,18,37,95,953,25,12,10,47,7.728180197,364,451,426.6821323,279.0048826,10.55324687,5.120426347,438,21,12,9,42,515,4,0,1,5,480,520,433,18,358,6
28,1000,60,5.13,10.3,18,37,94,947,31,11,11,53,8.07167714,349,413,301.575384,203.7491301,10.63875505,5.525054032,455,25,8,10,43,492,6,3,1,10,498,502,392,21,337,12
29,1000,60,5.13,10.3,18,37,95,949,29,11,11,51,7.460410673,358,440,279.7630146,205.5542257,10.01071001,4.970592742,449,25,10,10,45,500,4,1,1,6,494,506,418,22,346,12
31,1000,60,5.13,10.3,18,37,96,964,23,9,4,36,7.006222055,381,439,297.7568953,209.3918787,9.171094901,4.858599191,467,20,8,3,31,497,3,1,1,5,498,502,427,12,377,4
27,1000,60,5.13,10.3,18,37,100,955,26,13,6,45,7.503780404,389,444,428.7492322,284.0716674,10.55603628,4.535807726,451,24,12,6,42,504,2,1,0,3,493,507,427,17,380,9
26,1000,60,5.13,10.3,18,37,102,960,21,15,4,40,7.52307213,388,461,331.7008775,217.4731862,10.41010881,4.738131053,453,20,14,4,38,507,1,1,0,2,491,509,439,22,380,8
33,1000,60,5.13,10.3,18,37,3,937,27,19,17,63,7.49020347,111,164,15.17531787,9.493030933,6.546779636,8.422373739,476,6,10,5,21,461,21,9,12,42,497,503,98,66,72,39
30,1000,60,5.13,10.3,18,37,96,951,24,15,10,49,7.712497206,374,446,465.8685528,304.5247175,10.60395517,5.043459084,437,20,14,9,43,514,4,1,1,6,480,520,436,10,367,7
32,1000,60,5.13,10.3,18,37,51,964,20,8,8,36,7.490903403,173,258,30.18686097,21.17528476,7.597023335,7.38307186,484,9,6,5,20,480,11,2,3,16,504,496,224,34,158,15
28,1000,60,5.13,10.3,18,37,95,948,30,11,11,52,8.044763331,359,432,319.8057721,215.8666915,10.65645702,5.453879947,455,25,8,10,43,493,5,3,1,9,498,502,413,19,350,9
29,1000,60,5.13,10.3,18,37,96,949,29,11,11,51,7.44759096,373,433,294.2117078,216.7759631,10.05196746,4.904978331,449,25,10,10,45,500,4,1,1,6,494,506,418,15,359,14
31,1000,60,5.13,10.3,18,37,97,963,24,9,4,37,7.004243919,366,437,319.7574514,225.4357026,9.189407558,4.836491942,467,20,8,3,31,496,4,1,1,6,498,502,427,10,360,6
27,1000,60,5.13,10.3,18,37,101,955,26,12,7,45,7.509791285,393,446,459.5848832,301.8155264,10.58368506,4.520778207,451,24,11,7,42,504,2,1,0,3,493,507,434,12,385,8
26,1000,60,5.13,10.3,18,37,103,959,22,15,4,41,7.49701129,385,460,352.8511491,230.3047244,10.46141703,4.637437188,452,21,14,4,39,507,1,1,0,2,491,509,444,16,370,15
30,1000,60,5.13,10.3,18,37,97,951,23,16,10,49,7.713132867,369,453,501.664619,326.7214611,10.63981015,5.011584602,437,20,14,9,43,514,3,2,1,6,480,520,438,15,360,9
33,1000,60,5.13,10.3,18,37,4,937,26,20,17,63,7.536758429,89,156,15.25519897,9.594324934,6.595285544,8.467001022,476,6,10,5,21,461,20,10,12,42,497,503,92,64,58,31
28,1000,60,5.13,10.3,18,37,96,948,30,11,11,52,8.004550181,368,424,336.2083213,226.6024305,10.67507513,5.355304314,455,25,8,10,43,493,5,3,1,9,498,502,408,16,362,6
32,1000,60,5.13,10.3,18,37,52,964,20,8,8,36,7.495849904,171,282,31.63627374,22.11393401,7.622878787,7.366772169,484,9,6,5,20,480,11,2,3,16,504,496,249,33,156,15
31,1000,60,5.13,10.3,18,37,98,961,25,9,5,39,7.026630477,389,431,350.5462573,246.9606187,9.234469553,4.836383744,466,21,8,3,32,495,4,1,2,7,498,502,419,12,382,7
29,1000,60,5.13,10.3,18,37,97,948,30,11,11,52,7.45705486,374,435,313.5229399,230.4861441,10.13356547,4.844018815,448,26,10,10,46,500,4,1,1,6,494,506,420,15,366,8
27,1000,60,5.13,10.3,18,37,102,954,27,12,7,46,7.512018841,397,458,482.4000856,318.0472793,10.65423961,4.456565514,450,25,11,7,43,504,2,1,0,3,493,507,441,17,388,9
26,1000,60,5.13,10.3,18,37,104,959,21,15,5,41,7.489498307,391,458,377.7427533,245.5219581,10.49800711,4.58738078,452,20,14,5,39,507,1,1,0,2,491,509,448,10,381,10
34,1000,60,5.13,10.3,18,37,0,951,27,9,13,49,7.182,93,170,15.02534186,8.646831181,6.741869919,7.608267717,469,10,4,9,23,482,17,5,4,26,492,508,97,73,63,30
30,1000,60,5.13,10.3,18,37,98,951,23,16,10,49,7.68322503,381,456,532.4880825,349.028692,10.67511294,4.921482343,437,20,14,9,43,514,3,2,1,6,480,520,439,17,375,6
33,1000,60,5.13,10.3,18,37,5,938,26,19,17,62,7.562336844,101,167,15.32711928,9.67334701,6.622105215,8.491352986,476,6,10,5,21,462,20,9,12,41,497,503,101,66,71,30
28,1000,60,5.13,10.3,18,37,97,948,30,11,11,52,7.996918023,361,414,360.0245394,241.5948851,10.71763422,5.29788084,455,25,8,10,43,493,5,3,1,9,498,502,401,13,354,7
32,1000,60,5.13,10.3,18,37,53,965,20,8,7,35,7.485117047,187,271,32.940958,23.31038289,7.632469178,7.335388268,484,9,6,5,20,481,11,2,2,15,504,496,231,40,165,22
31,1000,60,5.13,10.3,18,37,99,961,25,9,5,39,7.006899893,393,442,386.4500827,271.1724306,9.274484631,4.75738356,466,21,8,3,32,495,4,1,2,7,498,502,426,16,384,9
29,1000,60,5.13,10.3,18,37,98,946,31,12,11,54,7.452981346,369,431,328.9644711,241.200334,10.16887975,4.801491599,447,26,11,10,47,499,5,1,1,7,494,506,420,11,360,9
27,1000,60,5.13,10.3,18,37,103,952,28,11,9,48,7.553937457,390,458,507.9447764,334.2173366,10.74642344,4.449606904,448,26,10,9,45,504,2,1,0,3,493,507,445,13,385,5
34,1000,60,5.13,10.3,18,37,1,952,28,8,12,48,7.181451438,87,158,15.063088,8.714261326,6.719276839,7.629069358,470,11,3,8,22,482,17,5,4,26,492,508,94,64,55,32
30,1000,60,5.13,10.3,18,37,99,951,24,15,10,49,7.641954683,394,466,571.7702739,375.7006294,10.71047508,4.809474316,436,21,14,9,44,515,3,1,1,5,480,520,449,17,377,17
33,1000,60,5.13,10.3,18,37,6,938,27,18,17,62,7.59224082,103,148,15.36500022,9.744801082,6.659650328,8.513706973,476,7,9,5,21,462,20,9,12,41,497,503,88,60,71,32
28,1000,60,5.13,10.3,18,37,98,948,30,11,11,52,7.999129912,362,447,384.9513994,257.9662202,10.79998047,5.22059689,455,25,8,10,43,493,5,3,1,9,498,502,423,24,348,14
31,1000,60,5.13,10.3,18,37,100,961,24,10,5,39,7.026113396,377,444,422.9234965,292.3081594,9.363515307,4.7073362,466,20,9,3,32,495,4,1,2,7,498,502,432,12,370,7
32,1000,60,5.13,10.3,18,37,54,965,20,8,7,35,7.48589855,166,274,34.6044355,24.93199621,7.670679496,7.298137267,484,9,6,5,20,481,11,2,2,15,504,496,234,40,154,12
29,1000,60,5.13,10.3,18,37,99,946,31,12,11,54,7.457761375,373,442,346.1306509,252.4955937,10.21705449,4.763906039,447,26,11,10,47,499,5,1,1,7,494,506,419,23,362,11
27,1000,60,5.13,10.3,18,37,104,951,29,11,9,49,7.5576512,402,450,543.8341657,355.6912542,10.75415995,4.449408966,448,26,10,9,45,503,3,1,0,4,493,507,432,18,389,13
35,1000,60,5.13,10.3,18,37,0,943,23,19,15,57,7.37,97,155,15.01272777,9.185479036,6.408906883,8.308300395,477,6,5,6,17,466,17,14,9,40,494,506,91,64,68,29
30,1000,60,5.13,10.3,18,37,100,951,24,15,10,49,7.660352765,382,455,630.1031924,417.8685666,10.76671152,4.792944683,436,21,14,9,44,515,3,1,1,5,480,520,438,17,377,5
34,1000,60,5.13,10.3,18,37,2,954,27,7,12,46,7.195051042,100,138,15.09502855,8.751733459,6.794926157,7.582573568,471,11,2,8,21,483,16,5,4,25,492,508,84,54,60,40
33,1000,60,5.13,10.3,18,37,7,936,29,18,17,64,7.593394596,113,167,15.42728291,9.811692714,6.702773718,8.473391767,475,8,9,5,22,461,21,9,12,42,497,503,104,63,86,27
28,1000,60,5.13,10.3,18,37,99,949,29,11,11,51,7.988749903,367,435,407.6436985,273.4857165,10.85563489,5.144708622,455,25,8,10,43,494,4,3,1,8,498,502,416,19,364,3
31,1000,60,5.13,10.3,18,37,101,961,23,11,5,39,7.058719396,381,447,458.5565813,313.2985805,9.433200762,4.703158201,466,20,9,3,32,495,3,2,2,7,498,502,435,12,373,8
29,1000,60,5.13,10.3,18,37,100,946,31,12,11,54,7.442139798,377,438,367.8656632,268.3357731,10.24370405,4.707015803,447,26,11,10,47,499,5,1,1,7,494,506,421,17,367,10
32,1000,60,5.13,10.3,18,37,55,965,20,8,7,35,7.518702196,188,278,36.06134277,26.17252149,7.714011253,7.320242992,484,9,6,5,20,481,11,2,2,15,504,496,243,35,174,14
35,1000,60,5.13,10.3,18,37,1,943,23,19,15,57,7.377032727,96,148,15.02337011,9.220723589,6.432657274,8.299011923,477,6,5,6,17,466,17,14,9,40,494,506,88,60,69,27
30,1000,60,5.13,10.3,18,37,101,951,23,16,10,49,7.626929313,398,464,685.6827383,455.1866282,10.8122081,4.686671973,436,20,15,9,44,515,3,1,1,5,480,520,450,14,387,11
33,1000,60,5.13,10.3,18,37,8,935,29,19,17,65,7.646654623,105,160,15.49154367,9.89882962,6.741848316,8.540668012,475,8,9,5,22,460,21,10,12,43,497,503,98,62,74,31
34,1000,60,5.13,10.3,18,37,3,956,26,6,12,44,7.224835177,77,183,15.12979285,8.811993906,6.805025368,7.631422631,473,9,2,8,19,483,17,4,4,25,492,508,109,74,52,25
28,1000,60,5.13,10.3,18,37,100,949,29,11,11,51,7.980518741,373,440,436.9619325,293.6419456,10.87025844,5.113804856,455,25,8,10,43,494,4,3,1,8,498,502,421,19,365,8
31,1000,60,5.13,10.3,18,37,102,960,25,11,4,40,7.024892084,392,455,500.5082572,343.628682,9.46477141,4.604454028,466,21,9,2,32,494,4,2,2,8,498,502,440,15,384,8
29,1000,60,5.13,10.3,18,37,101,946,31,12,11,54,7.415844625,379,444,394.3921483,285.5282472,10.27061062,4.628780593,447,26,11,10,47,499,5,1,1,7,494,506,424,20,370,9
32,1000,60,5.13,10.3,18,37,56,965,20,8,7,35,7.501394136,169,280,37.55779733,27.43076733,7.737037904,7.261949662,484,9,6,5,20,481,11,2,2,15,504,496,252,28,161,8
35,1000,60,5.13,10.3,18,37,2,945,21,19,15,55,7.403239646,83,147,15.04637909,9.248525783,6.485499656,8.299215051,478,5,5,6,16,467,16,14,9,39,494,506,76,71,53,30
30,1000,60,5.13,10.3,18,37,102,951,22,17,10,49,7.610611949,416,469,745.3427396,495.4364363,10.86370104,4.607760482,435,20,16,9,45,516,2,1,1,4,480,520,453,16,405,11
33,1000,60,5.13,10.3,18,37,9,937,28,18,17,63,7.655099242,108,154,15.57510689,9.992594081,6.755967041,8.543506207,476,8,8,5,21,461,20,10,12,42,497,503,104,50,86,22
34,1000,60,5.13,10.3,18,37,4,956,25,7,12,44,7.22726606,99,145,15.21201449,8.875622645,6.807818513,7.633502661,473,9,2,8,19,483,16,5,4,25,492,508,87,58,58,41
28,1000,60,5.13,10.3,18,37,101,947,30,12,11,53,7.958171588,385,439,477.4483723,317.8118345,10.91285135,5.027035088,453,26,9,10,45,494,4,3,1,8,498,502,423,16,378,7
31,1000,60,5.13,10.3,18,37,103,960,26,11,3,40,6.98752257,399,456,579.201221,385.8333287,9.472755463,4.52209233,466,22,9,1,32,494,4,2,2,8,498,502,434,22,386,13
29,1000,60,5.13,10.3,18,37,102,946,31,12,11,54,7.432073632,383,455,415.423712,303.4192858,10.31812601,4.614465181,447,26,11,10,47,499,5,1,1,7,494,506,441,14,374,9
32,1000,60,5.13,10.3,18,37,57,965,21,8,6,35,7.516167292,189,282,39.18328552,28.83923636,7.816874199,7.210610274,484,9,6,5,20,481,12,2,1,15,504,496,243,39,170,19
30,1000,60,5.13,10.3,18,37,103,951,21,18,10,49,7.614275327,408,479,816.2890331,545.5478521,10.89569419,4.585273303,435,19,17,9,45,516,2,1,1,4,480,520,461,18,398,10
35,1000,60,5.13,10.3,18,37,3,945,22,19,14,55,7.39765077,104,153,15.09596666,9.303340451,6.480351124,8.293196274,478,6,5,5,16,467,16,14,9,39,494,506,81,72,75,29
33,1000,60,5.13,10.3,18,37,10,938,27,18,17,62,7.684537761,106,165,15.64633191,10.08970811,6.801922469,8.556624839,476,8,8,5,21,462,19,10,12,41,497,503,101,64,82,24
34,1000,60,5.13,10.3,18,37,5,955,26,7,12,45,7.257537723,86,157,15.27853116,8.949819214,6.862127118,7.640494451,473,9,2,8,19,482,17,5,4,26,492,508,98,59,63,23
31,1000,60,5.13,10.3,18,37,104,960,26,11,3,40,6.995647818,416,455,606.7933425,406.3545332,9.528747376,4.482732321,466,22,9,1,32,494,4,2,2,8,498,502,443,12,407,9
28,1000,60,5.13,10.3,18,37,102,946,31,13,10,54,7.94317971,392,446,521.9707479,346.2487139,10.97977193,4.930783442,451,27,10,10,47,495,4,3,0,7,498,502,432,14,379,13
36,1000,60,5.13,10.3,18,37,0,943,34,8,15,57,7.11,110,149,15.03204074,9.074247032,6.070539419,8.077220077,466,12,2,2,16,477,22,6,13,41,482,518,85,64,77,33
29,1000,60,5.13,10.3,18,37,103,946,31,12,11,54,7.418965097,405,444,442.3642081,324.047459,10.33949579,4.567695997,447,26,11,10,47,499,5,1,1,7,494,506,431,13,396,9
30,1000,60,5.13,10.3,18,37,104,950,22,18,10,50,7.60576512,406,476,880.5329853,588.4976715,10.91751018,4.54876968,434,20,17,9,46,516,2,1,1,4,480,520,461,15,399,7
37,1000,60,5.13,10.3,18,37,0,937,26,12,25,63,7.294,92,163,15.07603718,9.295145679,6.355967078,8.180933852,467,9,4,6,19,470,17,8,19,44,486,514,96,67,68,24
35,1000,60,5.13,10.3,18,37,4,944,23,19,14,56,7.420680358,88,147,15.12255315,9.373727619,6.530211704,8.290031178,478,6,5,5,16,466,17,14,9,40,494,506,90,57,72,16
33,1000,60,5.13,10.3,18,37,11,940,27,16,17,60,7.70269601,115,159,15.67860858,10.14500868,6.834259757,8.560773182,477,8,7,5,20,463,19,9,12,40,497,503,102,57,83,32
32,1000,60,5.13,10.3,18,37,58,966,20,8,6,34,7.533069044,203,253,40.77633721,30.55201682,7.860899937,7.199950556,484,9,6,5,20,482,11,2,1,14,504,496,220,33,193,10
34,1000,60,5.13,10.3,18,37,6,956,25,7,12,44,7.288185364,106,163,15.36638337,9.018853749,6.872119487,7.691146804,473,9,2,8,19,483,16,5,4,25,492,508,96,67,75,31
28,1000,60,5.13,10.3,18,37,103,947,31,12,10,53,7.943210303,371,438,588.1893463,387.0684919,10.97526951,4.93531093,452,27,9,10,46,495,4,3,0,7,498,502,424,14,362,9
36,1000,60,5.13,10.3,18,37,1,943,34,8,15,57,7.121041846,90,155,15.02313676,9.125223714,6.089791099,8.080622657,466,12,2,2,16,477,22,6,13,41,482,518,85,70,65,25
29,1000,60,5.13,10.3,18,37,104,946,31,12,11,54,7.408466288,410,457,479.4690484,354.8564929,10.37105446,4.516137122,447,26,11,10,47,499,5,1,1,7,494,506,444,13,399,11
38,1000,60,5.13,10.3,18,37,0,939,33,12,16,61,7.12,89,156,15.0743237,9.001810793,6.008097166,8.205533597,475,13,2,4,19,464,20,10,12,42,494,506,84,72,57,32
35,1000,60,5.13,10.3,18,37,5,945,23,17,15,55,7.466108324,110,157,15.18691499,9.43886769,6.593803527,8.31772605,478,6,5,5,16,467,17,12,10,39,494,506,102,55,77,33
37,1000,60,5.13,10.3,18,37,1,938,25,12,25,62,7.306389331,113,154,15.15421973,9.366306798,6.387290044,8.175420952,467,9,4,6,19,471,16,8,19,43,486,514,92,62,79,34
33,1000,60,5.13,10.3,18,37,12,941,27,15,17,59,7.739925784,92,145,15.78284145,10.24689574,6.878739395,8.590839572,478,7,7,5,19,463,20,8,12,40,497,503,91,54,66,26
34,1000,60,5.13,10.3,18,37,7,955,26,7,12,45,7.308313439,105,161,15.43508153,9.069097827,6.902676105,7.701174795,473,9,2,8,19,482,17,5,4,26,492,508,90,71,75,30
32,1000,60,5.13,10.3,18,37,59,965,21,8,6,35,7.514719284,205,294,42.46342904,32.11638048,7.876539963,7.147062787,484,9,6,5,20,481,12,2,1,15,504,496,256,38,188,17
28,1000,60,5.13,10.3,18,37,104,946,33,11,10,54,7.964556433,396,441,648.1405496,423.6770431,11.05026364,4.903436536,450,29,9,10,48,496,4,2,0,6,498,502,430,11,385,11
39,1000,60,5.13,10.3,18,37,0,943,30,11,16,57,7.277,103,163,14.94987521,8.916006212,6.143145161,8.392857143,478,9,4,5,18,465,21,7,11,39,496,504,95,68,75,28
36,1000,60,5.13,10.3,18,37,2,945,32,7,16,55,7.131204589,103,165,15.07773608,9.227240948,6.126740634,8.065860238,466,12,2,2,16,479,20,5,14,39,482,518,96,69,68,35
38,1000,60,5.13,10.3,18,37,1,940,33,10,17,60,7.138057535,101,140,15.12731321,9.058843232,6.016098941,8.233408414,475,13,2,4,19,465,20,8,13,41,494,506,88,52,79,22
35,1000,60,5.13,10.3,18,37,6,946,25,15,14,54,7.46630853,98,159,15.25343578,9.512920372,6.642341013,8.270735316,478,6,5,5,16,468,19,10,9,38,494,506,88,71,74,24
33,1000,60,5.13,10.3,18,37,13,943,25,15,17,57,7.757417094,136,182,15.92770115,10.36321501,6.899801877,8.604802309,478,7,7,5,19,465,18,8,12,38,497,503,106,76,93,43
34,1000,60,5.13,10.3,18,37,8,954,27,6,13,46,7.33932931,94,155,15.49389206,9.170210885,6.945647092,7.720612087,473,9,2,8,19,481,18,4,5,27,492,508,92,63,66,28
37,1000,60,5.13,10.3,18,37,2,937,26,11,26,63,7.339028746,90,151,15.22223448,9.427803757,6.432181251,8.196475988,467,9,3,7,19,470,17,8,19,44,486,514,80,71,64,26
32,1000,60,5.13,10.3,18,37,60,968,18,7,7,32,7.487725692,226,282,44.47328971,34.0387771,7.862841804,7.10655932,486,8,5,5,18,482,10,2,2,14,504,496,253,29,204,22
36,1000,60,5.13,10.3,18,37,3,944,33,7,16,56,7.148771635,99,156,15.18060184,9.285780817,6.127462889,8.099101395,466,12,2,2,16,478,21,5,14,40,482,518,89,67,72,27
39,1000,60,5.13,10.3,18,37,1,943,30,11,16,57,7.323605522,96,158,14.98564826,8.970685389,6.191053619,8.43818041,477,10,4,5,19,466,20,7,11,38,496,504,93,65,63,33
35,1000,60,5.13,10.3,18,37,7,947,24,15,14,53,7.469148412,91,168,15.31989011,9.590645357,6.653027003,8.265915163,478,6,5,5,16,469,18,10,9,37,494,506,101,67,69,22
38,1000,60,5.13,10.3,18,37,2,940,34,10,16,60,7.140156101,91,155,15.17180768,9.117888173,6.058863191,8.195805701,475,13,2,4,19,465,21,8,12,41,494,506,91,64,59,32
33,1000,60,5.13,10.3,18,37,14,945,24,14,17,55,7.742291924,97,139,16.08463867,10.48411466,6.931136896,8.543771147,478,7,7,5,19,467,17,7,12,36,497,503,102,37,77,20
34,1000,60,5.13,10.3,18,37,9,954,27,6,13,46,7.374858473,95,169,15.59869879,9.230387332,6.980194554,7.757092031,473,9,2,8,19,481,18,4,5,27,492,508,115,54,61,34
37,1000,60,5.13,10.3,18,37,3,938,26,11,25,62,7.373208271,98,141,15.262035,9.483437015,6.492463156,8.205975054,467,9,3,7,19,471,17,8,18,43,486,514,80,61,73,25
32,1000,60,5.13,10.3,18,37,61,969,17,7,7,31,7.478858998,212,293,46.81274089,36.70812354,7.938082334,7.012228835,486,8,5,5,18,483,9,2,2,13,504,496,273,20,199,13
36,1000,60,5.13,10.3,18,37,4,945,32,7,16,55,7.157799595,105,158,15.26954482,9.363061466,6.125226448,8.118610902,466,12,2,2,16,479,20,5,14,39,482,518,100,58,73,32
39,1000,60,5.13,10.3,18,37,2,941,31,12,16,59,7.372906394,92,156,15.05128809,9.023736927,6.217535415,8.509938151,477,10,4,5,19,464,21,8,11,40,496,504,93,63,64,28
35,1000,60,5.13,10.3,18,37,8,946,25,15,14,54,7.497371303,112,143,15.37466948,9.66235401,6.69608086,8.27965881,478,6,5,5,16,468,19,10,9,38,494,506,90,53,84,28
33,1000,60,5.13,10.3,18,37,15,948,22,15,15,52,7.733445443,108,166,16.22237166,10.59931181,6.967827458,8.489930808,479,6,7,5,18,469,16,8,10,34,497,503,105,61,86,22
34,1000,60,5.13,10.3,18,37,10,953,28,6,13,47,7.38987021,95,162,15.68675641,9.314873808,7.000165282,7.767300967,472,10,2,8,20,481,18,4,5,27,492,508,112,50,71,24
38,1000,60,5.13,10.3,18,37,3,942,32,10,16,58,7.118224453,82,165,15.21824689,9.177232998,6.062962779,8.148460159,475,13,2,4,19,467,19,8,12,39,494,506,105,60,60,22
37,1000,60,5.13,10.3,18,37,4,937,29,9,25,63,7.373170271,105,154,15.34061142,9.556445434,6.491783039,8.206544191,468,9,2,7,18,469,20,7,18,45,486,514,86,68,75,30
32,1000,60,5.13,10.3,18,37,62,970,16,7,7,30,7.468414008,223,297,49.21780391,39.58836825,7.968399877,6.960363852,485,9,5,5,19,485,7,2,2,11,504,496,270,27,208,15
36,1000,60,5.13,10.3,18,37,5,945,31,8,16,55,7.174055321,98,144,15.32101214,9.46708808,6.158737239,8.118810756,466,12,2,2,16,479,19,6,14,39,482,518,89,55,69,29
39,1000,60,5.13,10.3,18,37,3,940,31,14,15,60,7.412244956,88,160,15.06713458,9.075542294,6.294844841,8.511908561,477,10,4,5,19,463,21,10,10,41,496,504,89,71,62,26
35,1000,60,5.13,10.3,18,37,9,947,25,13,15,53,7.555397906,110,167,15.44464818,9.723587451,6.741796587,8.349704332,479,6,4,5,15,468,19,9,10,38,494,506,110,57,77,33
33,1000,60,5.13,10.3,18,37,16,949,21,15,15,51,7.753657763,125,166,16.34552015,10.72291767,6.987239457,8.510933903,480,5,7,5,17,469,16,8,10,34,497,503,118,48,98,27
34,1000,60,5.13,10.3,18,37,11,952,28,7,13,48,7.43678342,81,151,15.76146784,9.381612554,7.036992258,7.823982735,471,11,2,8,21,481,17,5,5,27,492,508,101,50,51,30
38,1000,60,5.13,10.3,18,37,4,943,30,11,16,57,7.146924395,105,157,15.26838867,9.268386425,6.086119932,8.18257144,475,12,3,4,19,468,18,8,12,38,494,506,93,64,78,27
37,1000,60,5.13,10.3,18,37,5,935,31,9,25,65,7.41898231,108,156,15.4155046,9.618523414,6.547944049,8.242571016,467,10,2,7,19,468,21,7,18,46,486,514,95,61,83,25
36,1000,60,5.13,10.3,18,37,6,945,31,9,15,55,7.198179343,97,164,15.41108991,9.561745544,6.223212771,8.105387621,466,12,2,2,16,479,19,7,13,39,482,518,102,62,70,27
32,1000,60,5.13,10.3,18,37,63,971,15,8,6,29,7.425121014,221,297,51.53825998,41.0053826,7.98205695,6.859202241,485,9,6,4,19,486,6,2,2,10,504,496,267,30,204,17
35,1000,60,5.13,10.3,18,37,10,948,24,12,16,52,7.586409264,100,166,15.54587792,9.815757813,6.791593283,8.362375855,479,6,4,5,15,469,18,8,11,37,494,506,108,58,76,24
39,1000,60,5.13,10.3,18,37,4,942,30,14,14,58,7.415573497,97,152,15.09389988,9.136165226,6.301482544,8.511980466,478,10,4,4,18,464,20,10,10,40,496,504,88,64,68,29
33,1000,60,5.13,10.3,18,37,17,949,23,15,13,51,7.737081977,127,157,16.51770177,10.86942228,7.061462724,8.404642154,480,5,7,5,17,469,18,8,8,34,497,503,102,55,94,33
34,1000,60,5.13,10.3,18,37,12,953,28,7,12,47,7.458024879,105,160,15.89690991,9.475407239,7.068630139,7.835155217,471,11,2,8,21,482,17,5,4,26,492,508,113,47,82,23
38,1000,60,5.13,10.3,18,37,5,944,30,10,16,56,7.146934584,112,144,15.32244668,9.337309583,6.103447037,8.165675391,475,12,3,4,19,469,18,7,12,37,494,506,83,61,76,36
37,1000,60,5.13,10.3,18,37,6,934,31,10,25,66,7.438079638,108,141,15.48256461,9.715021587,6.548526551,8.27917458,466,11,2,7,20,468,20,8,18,46,486,514,88,53,87,21
36,1000,60,5.13,10.3,18,37,7,947,30,8,15,53,7.232068451,93,151,15.47376504,9.642124415,6.294447596,8.104526466,466,12,2,2,16,481,18,6,13,37,482,518,109,42,72,21
35,1000,60,5.13,10.3,18,37,11,951,21,13,15,49,7.558458323,116,153,15.63877652,9.90780414,6.775797017,8.32255849,480,5,4,5,14,471,16,9,10,35,494,506,96,57,81,35
32,1000,60,5.13,10.3,18,37,64,971,15,8,6,29,7.45480158,216,315,53.75683888,42.46270493,8.046248497,6.853815197,485,9,6,4,19,486,6,2,2,10,504,496,290,25,203,13
39,1000,60,5.13,10.3,18,37,5,943,30,14,13,57,7.371735149,120,156,15.17238507,9.204347391,6.289345704,8.436943809,477,11,4,4,19,466,19,10,9,38,496,504,92,64,79,41
33,1000,60,5.13,10.3,18,37,18,951,21,14,14,49,7.730998961,115,166,16.71494646,11.0082834,7.068283672,8.385809098,480,5,7,5,17,471,16,7,9,32,497,503,114,52,82,33
34,1000,60,5.13,10.3,18,37,13,956,27,7,10,44,7.443758806,126,164,15.96448978,9.553402195,7.084101938,7.792087898,472,11,2,7,20,484,16,5,3,24,492,508,106,58,93,33
38,1000,60,5.13,10.3,18,37,6,944,30,11,15,56,7.162218176,107,162,15.40085594,9.415860731,6.148800762,8.151601976,474,13,3,4,20,470,17,8,11,36,494,506,86,76,71,36
37,1000,60,5.13,10.3,18,37,7,934,31,11,24,66,7.449324372,91,165,15.56684813,9.831129609,6.609034707,8.243839503,466,11,2,7,20,468,20,9,17,46,486,514,96,69,70,21
36,1000,60,5.13,10.3,18,37,8,948,28,9,15,52,7.250988944,109,155,15.57875879,9.752912875,6.311290403,8.125380252,467,11,2,2,15,481,17,7,13,37,482,518,100,55,84,25
35,1000,60,5.13,10.3,18,37,12,950,21,14,15,50,7.59854248,118,152,15.74053543,9.99074093,6.816901489,8.361646531,480,5,4,5,14,470,16,10,10,36,494,506,99,53,86,32
33,1000,60,5.13,10.3,18,37,19,951,22,13,14,49,7.744518947,116,186,16.9168594,11.17312597,7.115777616,8.365760381,480,5,7,5,17,471,17,6,9,32,497,503,123,63,96,20
34,1000,60,5.13,10.3,18,37,14,956,27,7,10,44,7.48979193,103,156,16.0307883,9.619123447,7.118184789,7.849694908,472,11,2,7,20,484,16,5,3,24,492,508,106,50,78,25
39,1000,60,5.13,10.3,18,37,6,945,29,13,13,55,7.352832473,86,166,15.23564617,9.264050884,6.301604302,8.387374484,477,11,4,4,19,468,18,9,9,36,496,504,98,68,67,19
38,1000,60,5.13,10.3,18,37,7,946,30,10,14,54,7.149821021,94,175,15.49532709,9.507718826,6.15305673,8.122946633,475,13,3,3,19,471,17,7,11,35,494,506,114,61,67,27
32,1000,60,5.13,10.3,18,37,65,971,15,8,6,29,7.450321136,208,292,56.2721752,44.87276289,8.091993097,6.798299627,485,9,6,4,19,486,6,2,2,10,504,496,271,21,196,12
37,1000,60,5.13,10.3,18,37,8,935,31,10,24,65,7.468938401,106,181,15.68149702,9.91947517,6.619996631,8.271634316,466,11,2,7,20,469,20,8,17,45,486,514,107,74,74,32
36,1000,60,5.13,10.3,18,37,9,948,28,9,15,52,7.301187603,95,190,15.71189404,9.874974491,6.370716636,8.166992635,467,11,2,2,15,481,17,7,13,37,482,518,138,52,70,25
35,1000,60,5.13,10.3,18,37,13,951,21,13,15,49,7.600883769,98,169,15.85409802,10.08297571,6.814654526,8.368467258,480,5,4,5,14,471,16,9,10,35,494,506,108,61,72,26
33,1000,60,5.13,10.3,18,37,20,950,24,13,13,50,7.780812031,120,166,17.13293623,11.36260435,7.178327466,8.376109902,478,7,7,5,19,472,17,6,8,31,497,503,120,46,87,33
34,1000,60,5.13,10.3,18,37,15,958,25,7,10,42,7.47001504,115,158,16.13598177,9.717155082,7.152707781,7.777328369,472,11,2,7,20,486,14,5,3,22,492,508,109,49,89,26
38,1000,60,5.13,10.3,18,37,8,947,29,10,14,53,7.162961972,97,145,15.55741008,9.584967161,6.201439758,8.101681287,475,13,3,3,19,472,16,7,11,34,494,506,86,59,70,27
39,1000,60,5.13,10.3,18,37,7,946,27,15,12,54,7.371898414,84,150,15.28746962,9.309865633,6.327024814,8.400186719,477,11,4,4,19,469,16,11,8,35,496,504,97,53,59,25
32,1000,60,5.13,10.3,18,37,66,971,16,7,6,29,7.410544637,247,329,58.50726885,46.40522165,8.097863718,6.712139764,485,9,6,4,19,486,7,1,2,10,504,496,293,36,229,18
37,1000,60,5.13,10.3,18,37,9,935,32,10,23,65,7.509553588,105,173,15.7657636,10.01697838,6.669403612,8.303936639,466,11,2,7,20,469,21,8,16,45,486,514,118,55,79,26
36,1000,60,5.13,10.3,18,37,10,948,28,9,15,52,7.333911028,108,153,15.8024338,9.95402709,6.411154178,8.192538058,467,11,2,2,15,481,17,7,13,37,482,518,93,60,81,27
35,1000,60,5.13,10.3,18,37,14,953,19,14,14,47,7.571246531,121,164,15.91062935,10.13175255,6.839695628,8.2854484,480,5,4,5,14,473,14,10,9,33,494,506,97,67,97,24
34,1000,60,5.13,10.3,18,37,16,959,25,6,10,41,7.50773797,101,169,16.23489078,9.80196815,7.214397237,7.791839625,472,11,2,7,20,487,14,4,3,21,492,508,124,45,75,26
33,1000,60,5.13,10.3,18,37,21,950,24,13,13,50,7.777826344,117,182,17.34299092,11.53715951,7.189428935,8.359205097,478,7,7,5,19,472,17,6,8,31,497,503,123,59,99,18
38,1000,60,5.13,10.3,18,37,9,947,30,10,13,53,7.168392012,105,152,15.64377953,9.654898073,6.230096488,8.084435468,475,13,3,3,19,472,17,7,10,34,494,506,95,57,74,31
39,1000,60,5.13,10.3,18,37,8,948,26,14,12,52,7.391057315,96,162,15.36193292,9.40415953,6.361771651,8.404005111,476,12,4,4,20,472,14,10,8,32,496,504,100,62,65,31
32,1000,60,5.13,10.3,18,37,67,972,16,7,5,28,7.370781099,218,321,60.95085874,47.9609374,8.102165788,6.627599883,485,9,6,4,19,487,7,1,1,9,504,496,302,19,204,14
37,1000,60,5.13,10.3,18,37,10,935,32,10,23,65,7.520803051,110,154,15.93331373,10.133603,6.695498877,8.30114902,466,11,2,7,20,469,21,8,16,45,486,514,96,58,81,29
36,1000,60,5.13,10.3,18,37,11,949,27,9,15,51,7.353046849,112,162,15.91358039,10.04463985,6.471139659,8.173663192,466,12,2,2,16,483,15,7,13,35,482,518,109,53,83,29
35,1000,60,5.13,10.3,18,37,15,953,20,12,15,47,7.583424956,123,178,16.03620555,10.25644257,6.885284433,8.265008786,480,5,4,5,14,473,15,8,10,33,494,506,121,57,91,32
34,1000,60,5.13,10.3,18,37,17,961,23,6,10,39,7.561018651,101,162,16.34433381,9.88583597,7.265635341,7.84709855,472,11,2,7,20,489,12,4,3,19,492,508,119,43,77,24
33,1000,60,5.13,10.3,18,37,22,950,25,12,13,50,7.817353707,111,196,17.53711727,11.67209567,7.228862309,8.398825327,478,7,7,5,19,472,18,5,8,31,497,503,134,62,85,26
38,1000,60,5.13,10.3,18,37,10,947,30,10,13,53,7.184245011,94,158,15.69059729,9.707527258,6.222750885,8.122936904,476,12,3,3,18,471,18,7,10,35,494,506,98,60,67,27
39,1000,60,5.13,10.3,18,37,9,949,25,14,12,51,7.41815051,95,164,15.42855269,9.487571933,6.393227912,8.426804495,476,12,4,4,20,473,13,10,8,31,496,504,103,61,66,29
32,1000,60,5.13,10.3,18,37,68,968,20,7,5,32,7.446006311,236,324,63.40864861,49.54432495,8.244225823,6.63491229,483,11,6,4,21,485,9,1,1,11,504,496,291,33,223,13
37,1000,60,5.13,10.3,18,37,11,936,32,10,22,64,7.528101241,105,160,16.03343071,10.23351323,6.722270888,8.290034222,466,11,2,7,20,470,21,8,15,44,486,514,100,60,89,16
36,1000,60,5.13,10.3,18,37,12,948,28,9,15,52,7.387153921,108,165,16.07690879,10.21087795,6.52061153,8.193473289,466,12,2,2,16,482,16,7,13,36,482,518,107,58,88,20
35,1000,60,5.13,10.3,18,37,16,954,19,13,14,46,7.612545343,103,129,16.08979702,10.30337408,6.901097408,8.307120995,480,5,5,4,14,474,14,8,10,32,494,506,84,45,73,30
34,1000,60,5.13,10.3,18,37,18,961,23,6,10,39,7.593962892,104,144,16.5346596,10.03286747,7.279704507,7.898323375,472,11,2,7,20,489,12,4,3,19,492,508,94,50,71,33
33,1000,60,5.13,10.3,18,37,23,950,23,13,14,50,7.829198924,121,192,17.73963326,11.81657382,7.263273811,8.388373438,478,6,8,5,19,472,17,5,9,31,497,503,129,63,99,22
38,1000,60,5.13,10.3,18,37,11,946,31,10,13,54,7.241950924,107,163,15.82649782,9.822096652,6.299090704,8.162450822,475,13,3,3,19,471,18,7,10,35,494,506,110,53,82,25
39,1000,60,5.13,10.3,18,37,10,950,25,13,12,50,7.446148155,103,163,15.52355534,9.54635573,6.434495384,8.441742946,476,12,4,4,20,474,13,9,8,30,496,504,88,75,77,26
37,1000,60,5.13,10.3,18,37,12,936,32,10,22,64,7.523568389,96,177,16.11708014,10.29517886,6.754183034,8.251041701,466,11,2,7,20,470,21,8,15,44,486,514,123,54,70,26
32,1000,60,5.13,10.3,18,37,69,967,21,7,5,33,7.474706982,231,336,65.81590961,51.130528,8.299197176,6.636918559,483,11,6,4,21,484,10,1,1,12,504,496,304,32,222,9
36,1000,60,5.13,10.3,18,37,13,950,26,9,15,50,7.362593892,116,183,16.16469529,10.32843748,6.543304001,8.124944717,466,12,2,2,16,484,14,7,13,34,482,518,123,60,87,29
35,1000,60,5.13,10.3,18,37,17,953,20,13,14,47,7.611576037,103,159,16.16895713,10.39839093,6.91050691,8.296019018,480,5,5,4,14,473,15,8,10,33,494,506,103,56,80,23
34,1000,60,5.13,10.3,18,37,19,962,21,7,10,38,7.618491054,104,164,16.60345883,10.1222352,7.280341271,7.94599045,473,10,2,7,19,489,11,5,3,19,492,508,119,45,78,26
33,1000,60,5.13,10.3,18,37,24,952,24,11,13,48,7.799749848,132,204,17.94516941,11.96849656,7.276608499,8.316650942,478,7,7,5,19,474,17,4,8,29,497,503,148,56,103,29
38,1000,60,5.13,10.3,18,37,12,946,31,10,13,54,7.262387186,120,165,15.90527091,9.898406274,6.302169793,8.199832625,475,13,3,3,19,471,18,7,10,35,494,506,108,57,102,18
39,1000,60,5.13,10.3,18,37,11,950,25,13,12,50,7.482433485,109,174,15.65726665,9.642269752,6.440062337,8.508259059,476,12,4,4,20,474,13,9,8,30,496,504,117,57,79,30
36,1000,60,5.13,10.3,18,37,14,951,25,9,15,49,7.370896703,114,179,16.27597121,10.43541048,6.56828592,8.117727587,466,12,2,2,16,485,13,7,13,33,482,518,124,55,91,23
37,1000,60,5.13,10.3,18,37,13,937,31,10,22,63,7.532790026,104,160,16.19177487,10.36312977,6.79680194,8.228685376,466,11,2,7,20,471,20,8,15,43,486,514,115,45,76,28
32,1000,60,5.13,10.3,18,37,70,967,21,7,5,33,7.45890565,239,313,67.62021337,52.29544168,8.314704198,6.589303901,483,11,6,4,21,484,10,1,1,12,504,496,297,16,228,11
35,1000,60,5.13,10.3,18,37,18,955,19,11,15,45,7.596283122,113,175,16.24390649,10.45127055,6.925421106,8.251235368,481,4,4,5,13,474,15,7,10,32,494,506,127,48,90,23
34,1000,60,5.13,10.3,18,37,20,961,22,7,10,39,7.641542824,103,177,16.65581757,10.16948504,7.347021028,7.926788343,471,12,2,7,21,490,10,5,3,18,492,508,113,64,80,23
33,1000,60,5.13,10.3,18,37,25,953,25,10,12,47,7.77123132,129,170,18.23043735,12.204797,7.288328479,8.24837389,478,7,7,5,19,475,18,3,7,28,497,503,119,51,105,24
38,1000,60,5.13,10.3,18,37,13,946,33,10,11,54,7.234371761,115,168,15.99500165,9.974677067,6.285881179,8.160368495,475,14,3,2,19,471,19,7,9,35,494,506,117,51,83,32
39,1000,60,5.13,10.3,18,37,12,951,24,12,13,49,7.47209941,106,160,15.74092059,9.704819084,6.44698571,8.480941465,476,12,4,4,20,475,12,8,9,29,496,504,90,70,75,31
36,1000,60,5.13,10.3,18,37,15,951,24,9,16,49,7.385311072,100,176,16.47539933,10.56909307,6.589234762,8.126061615,466,12,2,2,16,485,12,7,14,33,482,518,118,58,82,18
37,1000,60,5.13,10.3,18,37,14,939,30,10,21,61,7.504751881,105,183,16.28250885,10.45284083,6.797899254,8.173098916,466,11,2,7,20,473,19,8,14,41,486,514,131,52,77,28
35,1000,60,5.13,10.3,18,37,19,955,19,10,16,45,7.607543266,114,191,16.34171705,10.5557908,6.941495915,8.257795028,481,4,3,6,13,474,15,7,10,32,494,506,114,77,95,19
32,1000,60,5.13,10.3,18,37,71,967,21,7,5,33,7.427553685,254,317,71.90690949,55.78554259,8.301751392,6.539256015,483,11,6,4,21,484,10,1,1,12,504,496,294,23,236,18
34,1000,60,5.13,10.3,18,37,21,961,22,6,11,39,7.671252134,107,171,16.77544762,10.28674482,7.411488182,7.922834543,471,12,1,8,21,490,10,5,3,18,492,508,120,51,84,23
33,1000,60,5.13,10.3,18,37,26,954,24,10,12,46,7.795041071,113,184,18.52522181,12.44614372,7.360915334,8.22398837,477,8,7,5,20,477,16,3,7,26,497,503,137,47,89,24
38,1000,60,5.13,10.3,18,37,14,945,35,10,10,55,7.239977603,89,168,16.13065081,10.11622667,6.307861998,8.149987699,475,14,3,2,19,470,21,7,8,36,494,506,110,58,61,28
39,1000,60,5.13,10.3,18,37,13,951,24,12,13,49,7.510124008,104,169,15.83790751,9.770152653,6.488343267,8.515686007,476,12,4,4,20,475,12,8,9,29,496,504,112,57,81,23
36,1000,60,5.13,10.3,18,37,16,952,23,9,16,48,7.407973915,99,153,16.62729223,10.71694715,6.630459823,8.131452279,466,12,2,2,16,486,11,7,14,32,482,518,110,43,82,17
37,1000,60,5.13,10.3,18,37,15,939,30,10,21,61,7.531846524,117,144,16.39154238,10.55620853,6.806524872,8.21765649,466,11,2,7,20,473,19,8,14,41,486,514,96,48,89,28
35,1000,60,5.13,10.3,18,37,20,957,17,10,16,43,7.604861754,98,156,16.47949891,10.67759362,6.969079339,8.225566326,481,4,3,6,13,476,13,7,10,30,494,506,105,51,74,24
34,1000,60,5.13,10.3,18,37,22,959,24,6,11,41,7.73746221,105,168,16.86886164,10.39363921,7.512098948,7.955727416,469,14,1,8,23,490,10,5,3,18,492,508,123,45,86,19
33,1000,60,5.13,10.3,18,37,27,953,25,10,12,47,7.810665955,130,189,18.7466277,12.61806179,7.390207328,8.226109171,476,9,7,5,21,477,16,3,7,26,497,503,144,45,108,22
32,1000,60,5.13,10.3,18,37,72,967,21,7,5,33,7.442933727,256,334,75.9058537,58.26821925,8.329443247,6.542125666,482,12,6,4,22,485,9,1,1,11,504,496,313,21,247,9
38,1000,60,5.13,10.3,18,37,15,946,35,9,10,54,7.246033772,104,153,16.2264097,10.20523251,6.316195514,8.153820529,475,14,3,2,19,471,21,6,8,35,494,506,98,55,78,26
39,1000,60,5.13,10.3,18,37,14,951,24,11,14,49,7.538088949,113,149,15.9431268,9.84905812,6.548625303,8.511846824,476,12,4,4,20,475,12,7,10,29,496,504,94,55,82,31
36,1000,60,5.13,10.3,18,37,17,954,23,7,16,46,7.41876236,115,167,16.79629427,10.87851369,6.615208065,8.166471182,467,12,1,2,15,487,11,6,14,31,482,518,124,43,90,25
37,1000,60,5.13,10.3,18,37,16,939,31,9,21,61,7.555074678,103,180,16.47015774,10.61927036,6.83942657,8.231738063,466,11,2,7,20,473,20,7,14,41,486,514,125,55,77,26
35,1000,60,5.13,10.3,18,37,21,960,14,10,16,40,7.587567066,111,165,16.60497823,10.76816336,6.974420228,8.186172873,481,4,3,6,13,479,10,7,10,27,494,506,110,55,86,25
34,1000,60,5.13,10.3,18,37,23,959,24,6,11,41,7.765421442,117,177,17.06144247,10.54590608,7.541364761,7.982421221,470,13,1,8,22,489,11,5,3,19,492,508,127,50,94,23
33,1000,60,5.13,10.3,18,37,28,954,24,10,12,46,7.831010008,120,190,19.01681759,12.79500958,7.45116033,8.206328675,476,9,7,5,21,478,15,3,7,25,497,503,142,48,107,13
32,1000,60,5.13,10.3,18,37,73,968,20,7,5,32,7.452378768,253,358,79.35946844,60.32926124,8.416621457,6.472583778,482,11,7,4,22,486,9,0,1,10,504,496,336,22,242,11
38,1000,60,5.13,10.3,18,37,16,946,35,9,10,54,7.259057211,92,172,16.37616554,10.32008249,6.333683707,8.162485099,475,14,3,2,19,471,21,6,8,35,494,506,110,62,69,23
39,1000,60,5.13,10.3,18,37,15,950,24,12,14,50,7.610122576,85,160,16.07170613,9.94017654,6.595482014,8.608657732,476,12,4,4,20,474,12,8,10,30,496,504,109,51,63,22
36,1000,60,5.13,10.3,18,37,18,953,23,8,16,47,7.418605987,122,161,16.91405274,11.00883333,6.61812538,8.163454737,467,12,1,2,15,486,11,7,14,32,482,518,113,48,96,26
37,1000,60,5.13,10.3,18,37,17,939,31,9,21,61,7.564314777,95,191,16.61777093,10.74109491,6.88881978,8.203012381,467,10,2,7,19,472,21,7,14,42,486,514,129,62,78,17
35,1000,60,5.13,10.3,18,37,22,959,15,10,16,41,7.60713748,129,176,16.75043274,10.85593911,7.021226309,8.179153523,481,4,3,6,13,478,11,7,10,28,494,506,126,50,101,28
34,1000,60,5.13,10.3,18,37,24,958,25,6,11,42,7.825753072,115,175,17.20556918,10.68336069,7.62923196,8.016084542,470,13,1,8,22,488,12,5,3,20,492,508,119,56,102,13
33,1000,60,5.13,10.3,18,37,29,955,23,10,12,45,7.840935497,130,189,19.35842572,13.04187396,7.483093772,8.194508732,475,10,7,5,22,480,13,3,7,23,497,503,137,52,108,22
38,1000,60,5.13,10.3,18,37,17,946,35,9,10,54,7.30127006,99,146,16.54706055,10.45243327,6.388100116,8.1927838,475,14,3,2,19,471,21,6,8,35,494,506,96,50,77,22
32,1000,60,5.13,10.3,18,37,74,969,19,7,5,31,7.41792386,267,333,85.02810286,65.67616038,8.450645206,6.368545718,482,11,7,4,22,487,8,0,1,9,504,496,310,23,257,10
36,1000,60,5.13,10.3,18,37,19,952,24,9,15,48,7.456817385,105,173,17.10845785,11.1399362,6.716798597,8.145406296,467,12,1,2,15,485,12,8,13,33,482,518,118,55,85,20
39,1000,60,5.13,10.3,18,37,16,950,24,12,14,50,7.641118595,114,173,16.13870621,9.999088636,6.624728606,8.641375409,476,12,4,4,20,474,12,8,10,30,496,504,116,57,94,20
37,1000,60,5.13,10.3,18,37,18,940,30,9,21,60,7.572062895,106,172,16.76295714,10.87776305,6.921627791,8.187065737,468,9,2,7,18,472,21,7,14,42,486,514,118,54,83,23
35,1000,60,5.13,10.3,18,37,23,959,15,10,16,41,7.640866264,115,187,16.88595091,10.98401561,7.045605393,8.222010276,481,4,3,6,13,478,11,7,10,28,494,506,132,55,95,20
34,1000,60,5.13,10.3,18,37,25,959,25,6,10,41,7.80193486,113,183,17.31906991,10.80635761,7.627843255,7.970543265,470,13,1,8,22,489,12,5,2,19,492,508,136,47,89,24
33,1000,60,5.13,10.3,18,37,30,956,22,10,12,44,7.809268212,147,195,19.73162818,13.31926897,7.492141826,8.122611779,475,10,7,5,22,481,12,3,7,22,497,503,153,42,130,17
38,1000,60,5.13,10.3,18,37,18,948,32,10,10,52,7.322491617,105,167,16.70875834,10.59272553,6.413730596,8.209700993,475,13,4,2,19,473,19,6,8,33,494,506,108,59,84,21
32,1000,60,5.13,10.3,18,37,75,967,21,7,5,33,7.420687357,276,353,91.97255606,72.36359754,8.535580555,6.287812011,481,12,7,4,23,486,9,0,1,10,504,496,331,22,261,15
36,1000,60,5.13,10.3,18,37,20,953,23,9,15,47,7.479938211,112,172,17.29220002,11.30333171,6.743347374,8.165337407,467,12,1,2,15,486,11,8,13,32,482,518,114,58,86,26
39,1000,60,5.13,10.3,18,37,17,950,24,12,14,50,7.670760067,86,175,16.26524009,10.09424639,6.650002154,8.675315474,476,12,4,4,20,474,12,8,10,30,496,504,110,65,62,24
37,1000,60,5.13,10.3,18,37,19,940,31,9,20,60,7.587585563,102,192,16.86532518,10.99712912,6.966351414,8.174978163,468,10,2,6,18,472,21,7,14,42,486,514,132,60,79,23
35,1000,60,5.13,10.3,18,37,24,958,16,10,16,42,7.68753001,112,174,17.0003553,11.09281868,7.100404852,8.260731252,481,4,3,6,13,477,12,7,10,29,494,506,128,46,89,23
34,1000,60,5.13,10.3,18,37,26,959,24,7,10,41,7.785202918,118,188,17.44437379,10.89951369,7.645819408,7.920196396,470,13,1,8,22,489,11,6,2,19,492,508,137,51,95,23
33,1000,60,5.13,10.3,18,37,31,956,22,11,11,44,7.832325903,114,208,20.07799025,13.57706832,7.570349435,8.091177403,474,10,8,5,23,482,12,3,6,21,497,503,167,41,103,11
38,1000,60,5.13,10.3,18,37,19,950,29,12,9,50,7.315921176,119,173,16.83457794,10.70532783,6.453871906,8.15752659,475,12,5,2,19,475,17,7,7,31,494,506,113,60,95,24
36,1000,60,5.13,10.3,18,37,21,955,22,9,14,45,7.478696911,111,169,17.52084982,11.50394177,6.777032047,8.131597422,467,12,1,2,15,488,10,8,12,30,482,518,131,38,92,19
32,1000,60,5.13,10.3,18,37,76,966,21,8,5,34,7.460214476,259,331,99.42623571,78.31860877,8.591926389,6.310249144,481,12,7,4,23,485,9,1,1,11,504,496,317,14,246,13
39,1000,60,5.13,10.3,18,37,18,950,24,13,13,50,7.709243651,104,172,16.39555775,10.20414767,6.750280126,8.652985532,475,12,5,4,21,475,12,8,9,29,496,504,125,47,77,27
37,1000,60,5.13,10.3,18,37,20,941,31,10,18,59,7.598315095,107,178,16.99080917,11.12585827,7.012722767,8.152007452,468,10,2,6,18,473,21,8,12,41,486,514,132,46,84,23
35,1000,60,5.13,10.3,18,37,25,958,16,9,17,42,7.705121975,122,159,17.18989277,11.25106358,7.166250482,8.231213906,481,4,3,6,13,477,12,6,11,29,494,506,116,43,93,29
34,1000,60,5.13,10.3,18,37,27,959,24,6,11,41,7.805121197,130,180,17.66071983,11.05406804,7.707501291,7.899666461,470,13,1,8,22,489,11,5,3,19,492,508,132,48,105,25
33,1000,60,5.13,10.3,18,37,32,954,24,12,10,46,7.852428454,135,198,20.59032902,13.94529774,7.607202705,8.094729045,474,10,8,5,23,480,14,4,5,23,497,503,155,43,115,20
38,1000,60,5.13,10.3,18,37,20,952,27,12,9,48,7.334532293,115,181,16.94950691,10.80625493,6.519295603,8.130435307,475,12,5,2,19,477,15,7,7,29,494,506,122,59,88,27
36,1000,60,5.13,10.3,18,37,22,956,22,8,14,44,7.501435234,120,179,17.77282591,11.70229779,6.804489246,8.149944822,467,12,1,2,15,489,10,7,12,29,482,518,136,43,103,17
37,1000,60,5.13,10.3,18,37,21,946,27,10,17,54,7.573892816,107,185,17.10735493,11.27035619,7.03383443,8.084531679,468,10,2,6,18,478,17,8,11,36,486,514,134,51,89,18
32,1000,60,5.13,10.3,18,37,77,966,20,8,6,34,7.473033462,263,359,109.8173944,87.80806662,8.648804686,6.278298185,481,12,6,5,23,485,8,2,1,11,504,496,339,20,252,11
39,1000,60,5.13,10.3,18,37,19,949,25,13,13,51,7.730142329,124,155,16.49511734,10.29312345,6.806600459,8.639024803,474,13,5,4,22,475,12,8,9,29,496,504,114,41,96,28
34,1000,60,5.13,10.3,18,37,28,959,24,6,11,41,7.798497135,116,181,17.95187692,11.25827676,7.691371871,7.902248375,470,13,1,8,22,489,11,5,3,19,492,508,133,48,88,28
35,1000,60,5.13,10.3,18,37,26,958,16,9,17,42,7.741926189,116,185,17.31566151,11.35815199,7.205427265,8.265701819,481,4,3,6,13,477,12,6,11,29,494,506,130,55,89,27
33,1000,60,5.13,10.3,18,37,33,955,22,13,10,45,7.89268997,140,232,21.06498988,14.29819611,7.66818739,8.114514587,475,9,8,5,22,480,13,5,5,23,497,503,188,44,114,26
38,1000,60,5.13,10.3,18,37,21,952,27,12,9,48,7.345343448,115,174,17.16800948,10.97351567,6.555276844,8.116673294,475,12,5,2,19,477,15,7,7,29,494,506,116,58,88,27
36,1000,60,5.13,10.3,18,37,23,955,23,8,14,45,7.545349111,123,180,18.05779804,11.90403533,6.857875896,8.185044264,467,12,1,2,15,488,11,7,12,30,482,518,129,51,101,22
37,1000,60,5.13,10.3,18,37,22,947,26,10,17,53,7.60415454,118,175,17.2848776,11.41897872,7.093120758,8.087349906,468,10,2,6,18,479,16,8,11,35,486,514,123,52,97,21
34,1000,60,5.13,10.3,18,37,29,959,24,6,11,41,7.802140205,121,194,18.2277788,11.45532057,7.721037879,7.880688127,469,14,1,8,23,490,10,5,3,18,492,508,153,41,103,18
35,1000,60,5.13,10.3,18,37,27,960,15,8,17,40,7.76609173,100,191,17.42924202,11.46340613,7.238838437,8.280840993,481,4,3,6,13,479,11,5,11,27,494,506,139,52,80,20
39,1000,60,5.13,10.3,18,37,20,950,26,12,12,50,7.742336318,108,162,16.56956551,10.38255925,6.838984049,8.631349662,474,13,5,4,22,476,13,7,8,28,496,504,98,64,80,28
32,1000,60,5.13,10.3,18,37,78,966,20,8,6,34,7.455835541,275,364,117.0661332,93.9749692,8.672116871,6.21993677,481,12,6,5,23,485,8,2,1,11,504,496,344,20,264,11
33,1000,60,5.13,10.3,18,37,34,956,20,14,10,44,7.897718397,129,210,21.38957272,14.56861662,7.726111668,8.067278127,475,8,9,5,22,481,12,5,5,22,497,503,171,39,114,15
38,1000,60,5.13,10.3,18,37,22,953,25,13,9,47,7.363556942,110,185,17.34792427,11.11013958,6.613634405,8.095694754,475,12,5,2,19,478,13,8,7,28,494,506,128,57,87,23
36,1000,60,5.13,10.3,18,37,24,956,23,8,13,44,7.541250658,147,180,18.22539104,12.02485488,6.923548585,8.116023629,467,12,1,2,15,489,11,7,11,29,482,518,134,46,123,24
37,1000,60,5.13,10.3,18,37,23,949,24,10,17,51,7.594070358,122,210,17.48014734,11.5568279,7.146961238,8.016823339,468,10,2,6,18,481,14,8,11,33,486,514,152,58,102,20
34,1000,60,5.13,10.3,18,37,30,959,24,6,11,41,7.794769091,143,195,18.43774558,11.62864654,7.723329699,7.863958423,469,14,1,8,23,490,10,5,3,18,492,508,145,50,124,19
35,1000,60,5.13,10.3,18,37,28,961,15,7,17,39,7.778193991,113,188,17.60167923,11.59366518,7.288335572,8.256435213,481,4,3,6,13,480,11,4,11,26,494,506,135,53,88,25
39,1000,60,5.13,10.3,18,37,21,952,25,11,12,48,7.747700906,114,157,16.78681608,10.55803919,6.871020441,8.610465808,474,13,5,4,22,478,12,6,8,26,496,504,114,43,88,26
33,1000,60,5.13,10.3,18,37,35,957,21,12,10,43,7.868010571,171,223,21.8600138,14.95804798,7.754827965,7.979843085,475,8,9,5,22,482,13,3,5,21,497,503,175,48,150,21
32,1000,60,5.13,10.3,18,37,79,964,22,8,6,36,7.48739078,272,364,124.4437363,98.61293243,8.73617388,6.218466017,480,13,6,5,24,484,9,2,1,12,504,496,340,24,264,8
38,1000,60,5.13,10.3,18,37,23,954,23,13,10,46,7.392702334,114,188,17.50778336,11.24779637,6.687985547,8.080706469,474,13,4,3,20,480,10,9,7,26,494,506,132,56,95,19
36,1000,60,5.13,10.3,18,37,25,956,23,8,13,44,7.588248711,130,197,18.43469061,12.18353543,6.98246885,8.151928042,467,12,1,2,15,489,11,7,11,29,482,518,143,54,109,21
37,1000,60,5.13,10.3,18,37,24,949,24,10,17,51,7.612581797,126,190,17.7228212,11.6945104,7.164015942,8.036712159,468,10,2,6,18,481,14,8,11,33,486,514,135,55,97,29
34,1000,60,5.13,10.3,18,37,31,960,24,4,12,40,7.796589257,119,174,18.63529624,11.80140847,7.773131599,7.819308091,469,14,1,8,23,491,10,3,4,17,492,508,135,39,96,23
35,1000,60,5.13,10.3,18,37,29,961,16,6,17,39,7.808824054,124,170,17.80390748,11.74125456,7.316962266,8.289021135,481,4,3,6,13,480,12,3,11,26,494,506,124,46,102,22
33,1000,60,5.13,10.3,18,37,36,957,21,12,10,43,7.88100867,143,203,22.43088942,15.38242736,7.784640722,7.9762271,475,8,9,5,22,482,13,3,5,21,497,503,168,35,119,24
39,1000,60,5.13,10.3,18,37,22,952,25,10,13,48,7.763620255,113,198,16.86746318,10.65901327,6.894381317,8.619061751,474,13,5,4,22,478,12,5,9,26,496,504,139,59,86,27
32,1000,60,5.13,10.3,18,37,80,964,22,8,6,36,7.472085195,299,395,134.4462378,106.5181739,8.807132466,6.115504903,480,13,6,5,24,484,9,2,1,12,504,496,371,24,286,13
38,1000,60,5.13,10.3,18,37,24,954,23,13,10,46,7.453107465,134,180,17.7362415,11.42609548,6.734560559,8.154613733,475,12,4,3,19,479,11,9,7,27,494,506,137,43,105,29
36,1000,60,5.13,10.3,18,37,26,956,22,9,13,44,7.615078809,144,204,18.66309788,12.34335131,7.071002565,8.121342805,467,11,2,2,15,489,11,7,11,29,482,518,158,46,125,19
37,1000,60,5.13,10.3,18,37,25,951,22,10,17,49,7.582141421,122,196,17.97394901,11.86713579,7.188495492,7.954343603,468,10,2,6,18,483,12,8,11,31,486,514,157,39,102,20
34,1000,60,5.13,10.3,18,37,32,960,24,3,13,40,7.838774876,116,191,18.86342435,11.98619881,7.792062471,7.884016024,469,14,1,8,23,491,10,2,5,17,492,508,147,44,97,19
35,1000,60,5.13,10.3,18,37,30,962,16,6,16,38,7.8202298,147,152,17.99091381,11.89403206,7.378562248,8.251423022,481,4,3,6,13,481,12,3,10,25,494,506,108,44,114,33
33,1000,60,5.13,10.3,18,37,37,960,20,11,9,40,7.877076959,152,231,22.94446817,15.8612289,7.840270582,7.913444293,476,8,8,5,21,484,12,3,4,19,497,503,176,55,125,27
39,1000,60,5.13,10.3,18,37,23,953,24,11,12,47,7.788770856,111,183,17.00964308,10.82354437,6.904764565,8.658745301,475,13,5,3,21,478,11,6,9,26,496,504,131,52,90,21
32,1000,60,5.13,10.3,18,37,81,963,23,8,6,37,7.485186246,305,364,147.0289582,116.3733075,8.862248302,6.085913511,480,13,6,5,24,483,10,2,1,13,504,496,345,19,290,15
38,1000,60,5.13,10.3,18,37,25,955,23,12,10,45,7.450068813,125,180,17.96550414,11.62231272,6.759782237,8.123984956,476,12,3,3,18,479,11,9,7,27,494,506,136,44,101,24
36,1000,60,5.13,10.3,18,37,27,956,22,9,13,44,7.650732045,123,203,18.94380703,12.56513253,7.169675958,8.098355663,467,11,2,2,15,489,11,7,11,29,482,518,152,51,101,22
37,1000,60,5.13,10.3,18,37,26,952,21,10,17,48,7.597438231,130,172,18.26503236,12.04549306,7.193992838,7.978906055,468,10,2,6,18,484,11,8,11,30,486,514,139,33,107,23
34,1000,60,5.13,10.3,18,37,33,959,26,2,13,41,7.864254282,122,184,19.04604312,12.13016171,7.817430924,7.909602889,469,14,1,8,23,490,12,1,5,18,492,508,145,39,106,16
35,1000,60,5.13,10.3,18,37,31,963,16,4,17,37,7.839978413,134,203,18.18566785,12.04573941,7.42954099,8.240682142,481,4,2,7,13,482,12,2,10,24,494,506,150,53,112,22
33,1000,60,5.13,10.3,18,37,38,960,20,11,9,40,7.869906015,148,236,23.43166534,16.24270572,7.872836015,7.867010965,476,8,8,5,21,484,12,3,4,19,497,503,188,48,134,14
39,1000,60,5.13,10.3,18,37,24,954,23,10,13,46,7.788914749,117,187,17.19611403,10.96604279,6.920284068,8.64375764,475,13,5,3,21,479,10,5,10,25,496,504,137,50,89,28
38,1000,60,5.13,10.3,18,37,26,956,23,10,11,44,7.456937338,120,181,18.22994157,11.80762272,6.788681375,8.109345333,477,12,2,3,17,479,11,8,8,27,494,506,136,45,98,22
32,1000,60,5.13,10.3,18,37,82,961,24,9,6,39,7.513650106,302,384,155.0324082,121.5891315,8.949769794,6.054367197,478,14,7,5,26,483,10,2,1,13,504,496,369,15,287,15
36,1000,60,5.13,10.3,18,37,28,955,23,9,13,45,7.673606699,153,168,19.25864414,12.807972,7.213795089,8.10146229,467,11,2,2,15,488,12,7,11,30,482,518,125,43,123,30
37,1000,60,5.13,10.3,18,37,27,953,22,9,16,47,7.598592971,123,194,18.53358564,12.25474456,7.230666783,7.946476487,468,10,2,6,18,485,12,7,10,29,486,514,153,41,104,19
34,1000,60,5.13,10.3,18,37,34,959,26,2,13,41,7.885588864,130,195,19.22361073,12.2857265,7.867441093,7.903165051,469,14,1,8,23,490,12,1,5,18,492,508,160,35,112,18
35,1000,60,5.13,10.3,18,37,32,963,16,4,17,37,7.856633109,124,195,18.33897186,12.20273897,7.502937608,8.201940574,481,4,2,7,13,482,12,2,10,24,494,506,151,44,99,25
33,1000,60,5.13,10.3,18,37,39,960,20,11,9,40,7.864364201,179,228,24.02200885,16.72869361,7.9088373,7.820421596,476,8,8,5,21,484,12,3,4,19,497,503,178,50,156,23
39,1000,60,5.13,10.3,18,37,25,953,24,10,13,47,7.763202573,143,173,17.34982646,11.10764081,6.920284068,8.592741419,475,13,5,3,21,478,11,5,10,26,496,504,133,40,111,32
38,1000,60,5.13,10.3,18,37,27,956,22,11,11,44,7.481868628,124,192,18.42711474,11.99533158,6.816215917,8.131735109,477,12,2,3,17,479,10,9,8,27,494,506,147,45,101,23
36,1000,60,5.13,10.3,18,37,29,955,24,9,12,45,7.675895941,136,187,19.65814461,13.10270041,7.23632514,8.084917421,467,11,2,2,15,488,13,7,10,30,482,518,140,47,114,22
32,1000,60,5.13,10.3,18,37,83,960,25,9,6,40,7.501407393,316,395,162.9713177,126.9729896,8.981651595,5.997288284,477,15,7,5,27,483,10,2,1,13,504,496,367,28,302,14
37,1000,60,5.13,10.3,18,37,28,956,23,8,13,44,7.587067254,130,179,18.72967152,12.40229575,7.252167214,7.903723711,469,11,2,4,17,487,12,6,9,27,486,514,132,47,113,17
34,1000,60,5.13,10.3,18,37,35,958,27,2,13,42,7.908314809,112,200,19.49766295,12.46811195,7.914368245,7.902452031,469,14,1,8,23,489,13,1,5,19,492,508,161,39,92,20
35,1000,60,5.13,10.3,18,37,33,965,14,4,17,35,7.876138198,137,191,18.50700152,12.36599054,7.577251268,8.167936901,481,4,2,7,13,484,10,2,10,22,494,506,141,50,114,23
33,1000,60,5.13,10.3,18,37,40,960,20,10,10,40,7.871365418,162,227,24.79954424,17.34871203,7.951472835,7.792213556,475,8,8,6,22,485,12,2,4,18,497,503,192,35,145,17
39,1000,60,5.13,10.3,18,37,26,953,25,10,12,47,7.811222971,107,187,17.5242602,11.22962854,7.029981441,8.580063842,475,13,5,3,21,478,12,5,9,26,496,504,131,56,95,12
38,1000,60,5.13,10.3,18,37,28,956,23,10,11,44,7.481319153,127,211,18.70671805,12.21742674,6.848961212,8.098680464,477,12,2,3,17,479,11,8,8,27,494,506,166,45,101,26
36,1000,60,5.13,10.3,18,37,30,955,23,10,12,45,7.71747814,141,221,20.10557749,13.39430693,7.333733261,8.074553489,467,10,3,2,15,488,13,7,10,30,482,518,162,59,121,20
37,1000,60,5.13,10.3,18,37,29,956,24,8,12,44,7.587208671,133,192,18.97305819,12.60120338,7.274057425,7.883301094,469,11,2,4,17,487,13,6,8,27,486,514,161,31,108,25
34,1000,60,5.13,10.3,18,37,36,960,25,2,13,40,7.893864635,118,213,19.75007385,12.68985669,7.944235568,7.845080188,469,14,1,8,23,491,11,1,5,17,492,508,163,50,95,23
32,1000,60,5.13,10.3,18,37,84,959,26,9,6,41,7.540305395,323,386,175.8665778,134.3846547,9.044779591,6.011565485,476,16,7,5,28,483,10,2,1,13,504,496,369,17,309,14
35,1000,60,5.13,10.3,18,37,34,966,14,4,16,34,7.846694038,137,188,18.8312412,12.57515299,7.558326581,8.128222741,481,5,2,6,13,485,9,2,10,21,494,506,155,33,115,22
33,1000,60,5.13,10.3,18,37,41,960,20,10,10,40,7.841045005,164,241,25.45283589,17.86995199,7.96469184,7.718873083,474,9,8,6,23,486,11,2,4,17,497,503,188,53,144,20
39,1000,60,5.13,10.3,18,37,27,955,24,9,12,45,7.828788711,115,198,17.73097839,11.37796689,7.089944613,8.555905125,475,13,5,3,21,480,11,4,9,24,496,504,145,53,94,21
38,1000,60,5.13,10.3,18,37,29,957,23,10,10,43,7.443706088,137,199,18.92442497,12.3958905,6.858206695,8.015320119,477,12,2,3,17,480,11,8,7,26,494,506,153,46,107,30
36,1000,60,5.13,10.3,18,37,31,958,23,7,12,42,7.709322353,132,204,20.39358134,13.61040216,7.357166585,8.037003975,467,10,3,2,15,491,13,4,10,27,482,518,154,50,119,13
37,1000,60,5.13,10.3,18,37,30,958,24,6,12,42,7.56936225,119,196,19.17438958,12.76225951,7.299313331,7.824700332,469,11,2,4,17,489,13,4,8,25,486,514,144,52,94,25
34,1000,60,5.13,10.3,18,37,37,962,23,3,12,38,7.866747183,139,219,19.96941205,12.8692031,7.958730162,7.777661306,469,14,1,8,23,493,9,2,4,15,492,508,176,43,114,25
35,1000,60,5.13,10.3,18,37,35,966,13,5,16,34,7.872168237,145,181,19.11655412,12.77504709,7.581178921,8.15625662,481,5,2,6,13,485,8,3,10,21,494,506,144,37,116,29
32,1000,60,5.13,10.3,18,37,85,959,27,8,6,41,7.54450024,322,380,197.8932711,150.3491974,9.13383988,5.92952609,475,17,7,5,29,484,10,1,1,12,504,496,366,14,311,11
33,1000,60,5.13,10.3,18,37,42,961,19,10,10,39,7.82237777,150,250,26.31595868,18.54623136,7.971435179,7.675098382,475,8,8,6,22,486,11,2,4,17,497,503,199,51,136,14
39,1000,60,5.13,10.3,18,37,28,954,26,9,11,46,7.84158188,119,175,18.00571097,11.60382662,7.13032239,8.541551537,474,14,5,3,22,480,12,4,8,24,496,504,139,36,100,19
38,1000,60,5.13,10.3,18,37,30,956,25,10,9,44,7.460122523,135,202,19.2165132,12.66467935,6.873330075,8.032998944,477,13,2,2,17,479,12,8,7,27,494,506,148,54,112,23
36,1000,60,5.13,10.3,18,37,32,959,22,7,12,41,7.682330019,144,221,20.82797898,13.92156948,7.383811411,7.960102159,467,10,3,2,15,492,12,4,10,26,482,518,160,61,122,22
37,1000,60,5.13,10.3,18,37,31,958,25,5,12,42,7.58903386,145,191,19.4029948,12.95228263,7.357284185,7.808159039,468,12,2,4,18,490,13,3,8,24,486,514,151,40,120,25
34,1000,60,5.13,10.3,18,37,38,962,23,3,12,38,7.824816575,160,219,20.27642586,13.0669919,7.954909908,7.69882067,470,13,1,8,22,492,10,2,4,16,492,508,175,44,135,25
35,1000,60,5.13,10.3,18,37,36,965,13,6,16,35,7.905242837,123,202,19.42654722,13.00132416,7.657283994,8.147321233,480,5,3,6,14,485,8,3,10,21,494,506,161,41,100,23
33,1000,60,5.13,10.3,18,37,43,960,20,10,10,40,7.860712648,155,266,27.09514268,19.17391613,8.056108998,7.66764707,474,9,8,6,23,486,11,2,4,17,497,503,210,56,137,18
32,1000,60,5.13,10.3,18,37,86,959,27,8,6,41,7.539411067,309,398,212.5725379,163.0680515,9.174643166,5.877804256,475,17,7,5,29,484,10,1,1,12,504,496,372,26,300,9
39,1000,60,5.13,10.3,18,37,29,955,27,8,10,45,7.847483257,111,200,18.26409501,11.79467247,7.15405558,8.529904145,473,15,5,3,23,482,12,3,7,22,496,504,152,48,94,17
38,1000,60,5.13,10.3,18,37,31,957,24,10,9,43,7.481678065,131,201,19.56257258,12.93863634,6.887418852,8.061844173,478,12,2,2,16,479,12,8,7,27,494,506,152,49,102,29
36,1000,60,5.13,10.3,18,37,33,959,22,7,12,41,7.684968295,130,198,21.37901745,14.32663278,7.413658936,7.937422177,467,10,3,2,15,492,12,4,10,26,482,518,166,32,115,15
37,1000,60,5.13,10.3,18,37,32,956,27,5,12,44,7.591783226,148,206,19.65536725,13.11533582,7.394869064,7.777970547,467,13,2,4,19,489,14,3,8,25,486,514,159,47,121,27
34,1000,60,5.13,10.3,18,37,39,961,24,3,12,39,7.854214578,139,210,20.63702296,13.29222264,8.031284503,7.682721659,469,14,1,8,23,492,10,2,4,16,492,508,178,32,115,24
35,1000,60,5.13,10.3,18,37,37,966,13,5,16,34,7.938496318,119,206,19.71366999,13.21311053,7.680093866,8.190770649,481,5,2,6,13,485,8,3,10,21,494,506,167,39,94,25
33,1000,60,5.13,10.3,18,37,44,960,20,10,10,40,7.871137242,184,233,27.82582429,19.78920053,8.090685464,7.654207886,474,9,8,6,23,486,11,2,4,17,497,503,199,34,162,22
32,1000,60,5.13,10.3,18,37,87,959,27,8,6,41,7.522312171,336,408,227.0352557,171.5682309,9.211644164,5.805732887,475,17,7,5,29,484,10,1,1,12,504,496,382,26,328,8
38,1000,60,5.13,10.3,18,37,32,956,25,10,9,44,7.488543062,145,205,19.88299012,13.20637432,6.951097034,8.013243334,478,12,2,2,16,478,13,8,7,28,494,506,148,57,118,27
36,1000,60,5.13,10.3,18,37,34,956,25,7,12,44,7.689992407,144,193,21.85988712,14.69678914,7.458039642,7.905824903,465,12,3,2,17,491,13,4,10,27,482,518,162,31,123,21
39,1000,60,5.13,10.3,18,37,30,957,27,7,9,43,7.853343394,114,191,18.50389215,11.95619561,7.205611495,8.490793834,473,15,5,3,23,484,12,2,6,20,496,504,138,53,94,20
37,1000,60,5.13,10.3,18,37,33,958,26,5,11,42,7.560023036,137,188,19.97353591,13.34855146,7.39783363,7.713377222,467,12,3,4,19,491,14,2,7,23,486,514,144,44,116,21
34,1000,60,5.13,10.3,18,37,40,961,23,4,12,39,7.911593664,137,209,20.96147463,13.50855794,8.169380432,7.661926165,469,14,1,8,23,492,9,3,4,16,492,508,173,36,115,22
35,1000,60,5.13,10.3,18,37,38,965,14,5,16,35,7.920397091,134,205,20.06739667,13.44187662,7.686449575,8.148796445,481,5,2,6,13,484,9,3,10,22,494,506,162,43,113,21
33,1000,60,5.13,10.3,18,37,45,959,20,10,11,41,7.883711926,181,242,28.95221922,20.63708041,8.111826366,7.658318533,472,11,8,6,25,487,9,2,5,16,497,503,206,36,162,19
32,1000,60,5.13,10.3,18,37,88,960,26,8,6,40,7.547383938,331,407,250.3919218,189.3988559,9.270224901,5.796755217,476,16,7,5,28,484,10,1,1,12,504,496,383,24,324,7
38,1000,60,5.13,10.3,18,37,33,956,25,10,9,44,7.494838516,133,212,20.16541257,13.44570394,6.978842893,7.998597089,478,12,2,2,16,478,13,8,7,28,494,506,169,43,109,24
36,1000,60,5.13,10.3,18,37,35,955,26,7,12,45,7.689799922,154,215,22.32416307,15.0327011,7.464382143,7.899551601,465,12,3,2,17,490,14,4,10,28,482,518,171,44,130,24
39,1000,60,5.13,10.3,18,37,31,955,29,7,9,45,7.90912794,122,190,18.78038853,12.18927017,7.309833326,8.498909941,471,17,5,3,25,484,12,2,6,20,496,504,143,47,98,24
37,1000,60,5.13,10.3,18,37,34,957,27,5,11,43,7.591996533,129,197,20.3417445,13.58413966,7.494399073,7.684277399,466,13,3,4,20,491,14,2,7,23,486,514,164,33,104,25
34,1000,60,5.13,10.3,18,37,41,959,26,4,11,41,7.91820172,122,208,21.36521013,13.76359734,8.233539589,7.612795753,467,16,1,8,25,492,10,3,3,16,492,508,172,36,108,14
35,1000,60,5.13,10.3,18,37,39,966,15,5,14,34,7.904215008,156,221,20.53920181,13.77340514,7.694313324,8.109138788,481,5,2,6,13,485,10,3,8,21,494,506,187,34,130,26
33,1000,60,5.13,10.3,18,37,46,959,19,11,11,41,7.861899331,186,247,30.11016355,21.58428914,8.172962469,7.554546688,472,10,9,6,25,487,9,2,5,16,497,503,208,39,159,27
32,1000,60,5.13,10.3,18,37,89,960,26,8,6,40,7.519224879,342,406,271.0808352,201.4458009,9.317776107,5.69166476,476,16,7,5,28,484,10,1,1,12,504,496,388,18,334,8
36,1000,60,5.13,10.3,18,37,36,956,25,7,12,44,7.711611553,152,199,22.78573192,15.39722046,7.558228934,7.854334376,465,12,3,2,17,491,13,4,10,27,482,518,157,42,134,18
38,1000,60,5.13,10.3,18,37,34,957,24,10,9,43,7.495963157,140,201,20.66285912,13.83488315,7.041207938,7.939933669,477,13,2,2,17,480,11,8,7,26,494,506,156,45,117,23
39,1000,60,5.13,10.3,18,37,32,955,29,7,9,45,7.907813872,141,186,19.0446659,12.37982949,7.338848462,8.467748085,471,17,5,3,25,484,12,2,6,20,496,504,147,39,118,23
37,1000,60,5.13,10.3,18,37,35,957,27,5,11,43,7.589760575,152,194,20.74553182,13.88346413,7.529767509,7.646485535,466,13,3,4,20,491,14,2,7,23,486,514,141,53,130,22
34,1000,60,5.13,10.3,18,37,42,959,26,4,11,41,7.91537688,127,211,21.74094332,14.0418868,8.284231254,7.558139966,467,17,0,8,25,492,9,4,3,16,492,508,174,37,109,18
35,1000,60,5.13,10.3,18,37,40,964,17,5,14,36,7.878772772,174,206,21.12206037,14.15984484,7.714479734,8.039169533,479,7,2,6,15,485,10,3,8,21,494,506,166,40,157,17
33,1000,60,5.13,10.3,18,37,47,958,18,13,11,42,7.875271502,185,247,31.20741263,22.42254857,8.218192561,7.536440953,472,9,10,6,25,486,9,3,5,17,497,503,218,29,167,18
36,1000,60,5.13,10.3,18,37,37,958,26,7,9,42,7.683407922,150,222,23.25324655,15.78182421,7.611586812,7.750237604,465,12,3,2,17,493,14,4,7,25,482,518,181,41,132,18
38,1000,60,5.13,10.3,18,37,35,957,24,10,9,43,7.494692852,148,208,21.17636257,14.21490159,7.079983484,7.899567215,477,13,2,2,17,480,11,8,7,26,494,506,155,53,127,21
32,1000,60,5.13,10.3,18,37,90,959,27,8,6,41,7.483160777,352,417,304.7467094,233.2285075,9.342952428,5.593372486,476,16,7,5,28,483,11,1,1,13,504,496,393,24,341,11
39,1000,60,5.13,10.3,18,37,33,955,29,6,10,45,7.94642665,137,206,19.32498073,12.61967622,7.400511575,8.483676407,471,17,4,4,25,484,12,2,6,20,496,504,145,61,111,26
34,1000,60,5.13,10.3,18,37,43,960,25,4,11,40,7.96027564,133,207,22.11335001,14.32182308,8.340505446,7.592021576,467,17,0,8,25,493,8,4,3,15,492,508,168,39,114,19
37,1000,60,5.13,10.3,18,37,36,955,29,5,11,45,7.636300488,141,209,21.12493623,14.16775055,7.602322827,7.668427226,464,15,3,4,22,491,14,2,7,23,486,514,169,40,119,22
35,1000,60,5.13,10.3,18,37,41,965,17,6,12,35,7.843118487,159,224,21.61759962,14.49726468,7.734889344,7.948780932,479,7,2,6,15,486,10,4,6,20,494,506,180,44,144,15
33,1000,60,5.13,10.3,18,37,48,958,20,12,10,42,7.881992749,196,264,32.22083854,23.20843024,8.29065053,7.478209613,471,10,10,6,26,487,10,2,4,16,497,503,225,39,179,17
36,1000,60,5.13,10.3,18,37,38,959,25,8,8,41,7.689554667,168,231,23.75314183,16.14428941,7.657289377,7.719577582,465,12,3,2,17,494,13,5,6,24,482,518,190,41,146,22
38,1000,60,5.13,10.3,18,37,36,957,25,8,10,43,7.485231782,155,231,21.67366378,14.6008411,7.081478378,7.879410006,477,13,1,3,17,480,12,7,7,26,494,506,187,44,137,18
34,1000,60,5.13,10.3,18,37,44,959,27,4,10,41,7.96970268,143,227,22.55186946,14.58653197,8.363060595,7.588733991,466,19,0,7,26,493,8,4,3,15,492,508,196,31,126,17
37,1000,60,5.13,10.3,18,37,37,955,29,5,11,45,7.652790047,130,215,21.63273685,14.50721879,7.636118379,7.668553531,464,15,3,4,22,491,14,2,7,23,486,514,180,35,111,19
39,1000,60,5.13,10.3,18,37,34,955,29,6,10,45,7.976672677,123,188,19.62821352,12.83668139,7.445530847,8.499383684,471,17,4,4,25,484,12,2,6,20,496,504,139,49,106,17
32,1000,60,5.13,10.3,18,37,91,959,27,8,6,41,7.492352363,337,418,336.1513743,256.7900752,9.380881868,5.573362704,476,16,7,5,28,483,11,1,1,13,504,496,396,22,329,8
35,1000,60,5.13,10.3,18,37,42,963,19,6,12,37,7.869010996,166,210,22.11123034,14.83603812,7.864649338,7.873269216,477,9,2,6,17,486,10,4,6,20,494,506,180,30,142,24
33,1000,60,5.13,10.3,18,37,49,959,20,12,9,41,7.869044882,198,263,33.26483883,24.09270894,8.290461808,7.452654798,471,10,10,6,26,488,10,2,3,15,497,503,229,34,176,22
36,1000,60,5.13,10.3,18,37,39,960,25,8,7,40,7.705190433,165,209,24.33688279,16.52203142,7.69618625,7.713568843,465,12,3,2,17,495,13,5,5,23,482,518,177,32,145,20
38,1000,60,5.13,10.3,18,37,37,956,25,9,10,44,7.543674991,152,213,22.18193384,15.03202841,7.200888099,7.87833255,477,13,1,3,17,479,12,8,7,27,494,506,181,32,132,20
34,1000,60,5.13,10.3,18,37,45,959,27,4,10,41,8.009125838,169,226,23.02024399,14.95881906,8.402114216,7.628515046,466,19,0,7,26,493,8,4,3,15,492,508,183,43,145,24
37,1000,60,5.13,10.3,18,37,38,956,26,7,11,44,7.680404978,170,215,22.08278168,14.83228975,7.663198455,7.696674182,464,15,3,4,22,492,11,4,7,22,486,514,173,42,143,27
39,1000,60,5.13,10.3,18,37,35,954,29,7,10,46,7.994537038,137,197,19.99204921,13.11327577,7.468477174,8.512246746,471,16,5,4,25,483,13,2,6,21,496,504,153,44,117,20
35,1000,60,5.13,10.3,18,37,43,965,17,6,12,35,7.846722248,167,212,22.687386,15.23630175,7.902616163,7.792153881,477,9,2,6,17,488,8,4,6,18,494,506,173,39,146,21
32,1000,60,5.13,10.3,18,37,92,959,27,9,5,41,7.500272302,351,407,366.0425905,279.9425492,9.426511818,5.542964406,476,16,7,5,28,483,11,2,0,13,504,496,389,18,343,8
33,1000,60,5.13,10.3,18,37,50,957,22,12,9,43,7.875607675,194,248,34.39415581,24.91536687,8.311612582,7.444803622,471,10,10,6,26,486,12,2,3,17,497,503,219,29,181,13
36,1000,60,5.13,10.3,18,37,40,960,25,8,7,40,7.747961567,168,243,24.97523486,16.96365089,7.73231117,7.762524292,466,11,3,2,16,494,14,5,5,24,482,518,199,44,150,18
38,1000,60,5.13,10.3,18,37,38,956,25,9,10,44,7.546033348,151,237,22.71989947,15.50886209,7.235940854,7.84877187,477,13,1,3,17,479,12,8,7,27,494,506,193,44,133,18
34,1000,60,5.13,10.3,18,37,46,960,26,5,9,40,8.053301104,141,212,23.43393401,15.24292474,8.468598886,7.651083566,466,17,2,7,26,494,9,3,2,14,492,508,184,28,131,10
37,1000,60,5.13,10.3,18,37,39,957,25,7,11,43,7.703243575,142,218,22.62672572,15.18044554,7.717073973,7.690166584,464,15,3,4,22,493,10,4,7,21,486,514,186,32,126,16
35,1000,60,5.13,10.3,18,37,44,965,17,6,12,35,7.875649707,160,203,23.33756659,15.68338612,7.943649995,7.809262074,477,9,2,6,17,488,8,4,6,18,494,506,172,31,138,22
39,1000,60,5.13,10.3,18,37,36,954,29,7,10,46,7.935313596,151,201,20.3401418,13.42458542,7.461669199,8.401439827,471,16,5,4,25,483,13,2,6,21,496,504,166,35,128,23
33,1000,60,5.13,10.3,18,37,51,957,23,11,9,43,7.867845578,207,286,35.82118781,25.96321632,8.342454696,7.398897801,470,11,10,6,27,487,12,1,3,16,497,503,252,34,191,16
32,1000,60,5.13,10.3,18,37,93,958,28,9,5,42,7.515556752,340,417,393.6240813,301.3970132,9.468557041,5.531056457,475,17,7,5,29,483,11,2,0,13,504,496,397,20,329,11
36,1000,60,5.13,10.3,18,37,41,959,27,8,6,41,7.761606714,155,241,25.79306558,17.5182291,7.808111042,7.718334348,466,11,3,2,16,493,16,5,4,25,482,518,205,36,144,11
38,1000,60,5.13,10.3,18,37,39,957,26,8,9,43,7.548484954,154,211,23.2332321,15.86872079,7.272219926,7.818198243,477,13,1,3,17,480,13,7,6,26,494,506,177,34,138,16
34,1000,60,5.13,10.3,18,37,47,959,27,5,9,41,8.066174984,133,222,23.89394423,15.59429413,8.496529072,7.649375356,466,17,2,7,26,493,10,3,2,15,492,508,193,29,116,17
37,1000,60,5.13,10.3,18,37,40,958,24,7,11,42,7.714055676,163,245,23.23704978,15.58258747,7.785086961,7.646893799,464,15,3,4,22,494,9,4,7,20,486,514,194,51,143,20
35,1000,60,5.13,10.3,18,37,45,966,16,6,12,34,7.869743592,161,242,24.20576379,16.25622658,7.965978584,7.775790853,476,10,2,6,18,490,6,4,6,16,494,506,208,34,140,21
39,1000,60,5.13,10.3,18,37,37,955,29,7,9,45,7.861756346,148,206,20.78860303,13.80535646,7.416200861,8.300239523,471,16,5,4,25,484,13,2,5,20,496,504,166,40,123,25
33,1000,60,5.13,10.3,18,37,52,957,23,11,9,43,7.890813949,209,259,37.73828706,27.50349802,8.40724634,7.380541786,470,11,10,6,27,487,12,1,3,16,497,503,225,34,191,18
32,1000,60,5.13,10.3,18,37,94,958,28,9,5,42,7.490234774,366,419,423.6809658,325.7397589,9.496867593,5.451236909,475,17,7,5,29,483,11,2,0,13,504,496,398,21,354,12
36,1000,60,5.13,10.3,18,37,42,960,28,7,5,40,7.785245171,164,226,26.68420744,18.15820033,7.888923941,7.688771875,465,13,3,1,17,495,15,4,4,23,482,518,194,32,151,13
38,1000,60,5.13,10.3,18,37,40,957,26,8,9,43,7.553402942,150,222,23.79242184,16.28102131,7.307257832,7.793710618,477,13,1,3,17,480,13,7,6,26,494,506,183,39,138,12
34,1000,60,5.13,10.3,18,37,48,957,29,6,8,43,8.037669147,161,232,24.57794516,16.06050598,8.487133252,7.602361392,464,19,3,6,28,493,10,3,2,15,492,508,208,24,146,15
37,1000,60,5.13,10.3,18,37,41,959,24,6,11,41,7.721220922,178,224,23.78813823,15.94110085,7.822355066,7.625596031,464,15,3,4,22,495,9,3,7,19,486,514,179,45,157,21
35,1000,60,5.13,10.3,18,37,46,967,16,6,11,33,7.880785379,159,221,24.90509423,16.78801106,8.025614291,7.739391145,476,10,2,6,18,491,6,4,5,15,494,506,184,37,143,16
33,1000,60,5.13,10.3,18,37,53,957,23,11,9,43,7.904256168,215,289,39.29272385,28.65544261,8.476632642,7.338707247,470,11,10,6,27,487,12,1,3,16,497,503,257,32,195,20
39,1000,60,5.13,10.3,18,37,38,956,29,6,9,44,7.870151576,132,192,21.1178302,14.05712729,7.438044617,8.295399694,471,16,5,4,25,485,13,1,5,19,496,504,152,40,115,17
32,1000,60,5.13,10.3,18,37,95,958,28,9,5,42,7.466177474,355,427,461.3046581,346.6213494,9.532503967,5.366523134,475,17,7,5,29,483,11,2,0,13,504,496,410,17,347,8
36,1000,60,5.13,10.3,18,37,43,959,28,9,4,41,7.790854601,170,234,27.47446691,18.69676544,7.951262324,7.641594906,464,13,4,1,18,495,15,5,3,23,482,518,205,29,156,14
38,1000,60,5.13,10.3,18,37,41,958,25,8,9,42,7.545215407,176,228,24.36206626,16.79628272,7.376342981,7.710082954,477,13,1,3,17,481,12,7,6,25,494,506,194,34,158,18
34,1000,60,5.13,10.3,18,37,49,957,28,6,9,43,8.045065569,151,237,25.11293913,16.43047845,8.551413171,7.554665923,463,19,3,7,29,494,9,3,2,14,492,508,208,29,136,15
37,1000,60,5.13,10.3,18,37,42,960,23,6,11,40,7.710429287,161,224,24.22134005,16.26548392,7.830586075,7.596818005,465,14,3,4,21,495,9,3,7,19,486,514,196,28,139,22
35,1000,60,5.13,10.3,18,37,47,968,15,5,12,32,7.87203971,149,235,25.71709061,17.31535928,8.057425813,7.691050116,476,10,2,6,18,492,5,3,6,14,494,506,196,39,131,18
33,1000,60,5.13,10.3,18,37,54,956,24,11,9,44,7.951648682,220,271,40.77858654,29.9036652,8.553820752,7.356659578,469,12,10,6,28,487,12,1,3,16,497,503,244,27,203,17
39,1000,60,5.13,10.3,18,37,39,955,30,6,9,45,7.886984159,138,220,21.49301469,14.37733534,7.462877651,8.304358819,471,16,5,4,25,484,14,1,5,20,496,504,179,41,112,26
36,1000,60,5.13,10.3,18,37,44,958,29,9,4,42,7.776409595,174,218,28.40454452,19.37978277,8.008059143,7.560859244,463,14,4,1,19,495,15,5,3,23,482,518,185,33,156,18
32,1000,60,5.13,10.3,18,37,96,958,27,10,5,42,7.453483441,363,425,493.8628531,373.7784176,9.607235144,5.264993806,475,16,8,5,29,483,11,2,0,13,504,496,402,23,348,15
34,1000,60,5.13,10.3,18,37,50,957,28,6,9,43,8.040354819,179,267,25.61660214,16.78392552,8.561653528,7.535474966,463,19,3,7,29,494,9,3,2,14,492,508,217,50,158,21
38,1000,60,5.13,10.3,18,37,42,957,26,8,9,43,7.554810689,153,248,25.02936906,17.37918804,7.41202005,7.69421499,477,13,1,3,17,480,13,7,6,26,494,506,205,43,140,13
37,1000,60,5.13,10.3,18,37,43,959,24,6,11,41,7.742615223,153,227,24.69707358,16.60073758,7.879240904,7.613432186,464,15,3,4,22,495,9,3,7,19,486,514,185,42,136,17
35,1000,60,5.13,10.3,18,37,48,968,15,5,12,32,7.889587023,176,260,26.59147356,17.92888649,8.098836843,7.685299649,476,10,2,6,18,492,5,3,6,14,494,506,222,38,156,20
33,1000,60,5.13,10.3,18,37,55,956,24,11,9,44,7.98458017,216,292,42.2311988,31.04692541,8.619441655,7.357291586,469,12,10,6,28,487,12,1,3,16,497,503,258,34,199,17
39,1000,60,5.13,10.3,18,37,40,953,32,6,9,47,7.920599114,142,217,22.1283011,14.88551323,7.533107455,8.301940111,469,18,5,4,27,484,14,1,5,20,496,504,184,33,125,17
36,1000,60,5.13,10.3,18,37,45,961,27,8,4,39,7.745323697,205,223,29.14604893,19.98735664,8.061022368,7.451565474,463,14,4,1,19,498,13,4,3,20,482,518,198,25,183,22
32,1000,60,5.13,10.3,18,37,97,959,27,9,5,41,7.431082852,363,429,517.9435539,388.6282682,9.615707962,5.211221853,475,16,8,5,29,484,11,1,0,12,504,496,412,17,356,7
34,1000,60,5.13,10.3,18,37,51,955,30,6,9,45,8.07799696,164,256,26.23909858,17.16565262,8.592349378,7.579844619,463,19,3,7,29,492,11,3,2,16,492,508,218,38,145,19
38,1000,60,5.13,10.3,18,37,43,959,24,8,9,41,7.528336733,161,250,25.79569234,18.01082124,7.435959763,7.618522945,477,13,1,3,17,482,11,7,6,24,494,506,208,42,146,15
37,1000,60,5.13,10.3,18,37,44,959,26,5,10,41,7.768170806,156,244,25.1113384,16.91301271,7.918852904,7.62569707,464,15,3,4,22,495,11,2,6,19,486,514,206,38,136,20
35,1000,60,5.13,10.3,18,37,49,967,16,5,12,33,7.897029115,167,266,27.44351091,18.48577142,8.143715531,7.656192969,476,10,2,6,18,491,6,3,6,15,494,506,226,40,150,17
33,1000,60,5.13,10.3,18,37,56,954,26,11,9,46,7.992394766,217,291,43.94645391,32.46414178,8.667104872,7.325732892,468,13,10,6,29,486,13,1,3,17,497,503,268,23,205,12
39,1000,60,5.13,10.3,18,37,41,954,31,6,9,46,7.891294831,142,221,22.72118288,15.28514643,7.5251017,8.251675372,469,18,5,4,27,485,13,1,5,19,496,504,169,52,125,17
36,1000,60,5.13,10.3,18,37,46,963,26,7,4,37,7.723093221,179,269,30.19050902,20.82506045,8.072894372,7.397602576,463,14,4,1,19,500,12,3,3,18,482,518,232,37,164,15
34,1000,60,5.13,10.3,18,37,52,954,30,7,9,46,8.08211114,180,255,26.78147742,17.55649023,8.664124651,7.518428764,463,18,4,7,29,491,12,3,2,17,492,508,234,21,161,19
38,1000,60,5.13,10.3,18,37,44,961,22,8,9,39,7.531715382,173,267,26.83799565,18.83395288,7.472817455,7.58921652,478,12,1,3,16,483,10,7,6,23,494,506,216,51,148,25
32,1000,60,5.13,10.3,18,37,98,959,26,10,5,41,7.419099389,355,436,560.8976693,412.4415552,9.647841077,5.154410255,475,16,8,5,29,484,10,2,0,12,504,496,419,17,350,5
37,1000,60,5.13,10.3,18,37,45,958,27,5,10,42,7.747257705,176,241,25.54935003,17.21705076,7.968087894,7.538457176,463,16,3,4,23,495,11,2,6,19,486,514,209,32,154,22
35,1000,60,5.13,10.3,18,37,50,965,17,6,12,35,7.920979549,185,247,28.48376951,19.18625547,8.150196795,7.697198285,476,10,2,6,18,489,7,4,6,17,494,506,215,32,157,28
33,1000,60,5.13,10.3,18,37,57,954,26,11,9,46,8.010587139,218,301,45.42247424,33.46745334,8.699581817,7.329811084,468,13,10,6,29,486,13,1,3,17,497,503,271,30,193,25
39,1000,60,5.13,10.3,18,37,42,954,30,7,9,46,7.891875115,166,205,23.43524924,15.79494571,7.572271415,8.206405742,469,18,5,4,27,485,12,2,5,19,496,504,179,26,144,22
36,1000,60,5.13,10.3,18,37,47,963,26,7,4,37,7.746112357,177,275,31.30110905,21.61263608,8.115412662,7.40247771,463,14,4,1,19,500,12,3,3,18,482,518,233,42,164,13
34,1000,60,5.13,10.3,18,37,53,952,33,7,8,48,8.107463844,160,248,27.48505942,18.11334321,8.739068247,7.495752492,461,20,4,7,31,491,13,3,1,17,492,508,214,34,144,16
38,1000,60,5.13,10.3,18,37,45,961,22,7,10,39,7.534688947,171,264,27.94513309,19.83833102,7.511654675,7.557176951,478,12,1,3,16,483,10,6,7,23,494,506,217,47,157,14
37,1000,60,5.13,10.3,18,37,46,959,27,4,10,41,7.734345467,152,248,26.39502789,17.79652535,7.999183894,7.483934037,463,16,3,4,23,496,11,1,6,18,486,514,209,39,139,13
35,1000,60,5.13,10.3,18,37,51,965,17,6,12,35,7.900915099,165,245,29.54763714,19.86633792,8.154413102,7.653428906,476,10,2,6,18,489,7,4,6,17,494,506,213,32,149,16
32,1000,60,5.13,10.3,18,37,99,958,26,11,5,42,7.402371763,375,437,600.4158635,436.2245267,9.666599322,5.101624405,474,16,9,5,30,484,10,2,0,12,504,496,417,20,365,10
33,1000,60,5.13,10.3,18,37,58,954,26,11,9,46,7.998108006,220,305,47.23485251,34.95013059,8.752210158,7.253001108,468,13,10,6,29,486,13,1,3,17,497,503,279,26,207,13
39,1000,60,5.13,10.3,18,37,43,955,29,7,9,45,7.906221139,145,244,24.12443561,16.25542811,7.627854433,8.180169326,469,18,5,4,27,486,11,2,5,18,496,504,204,40,130,15
36,1000,60,5.13,10.3,18,37,48,961,29,7,3,39,7.748332256,196,251,32.43874257,22.37382724,8.196602952,7.331215507,461,16,4,1,21,500,13,3,2,18,482,518,224,27,181,15
34,1000,60,5.13,10.3,18,37,54,952,34,6,8,48,8.081839461,178,257,27.96799834,18.50241076,8.776038293,7.409505159,460,21,4,7,32,492,13,2,1,16,492,508,223,34,165,13
38,1000,60,5.13,10.3,18,37,46,959,24,7,10,41,7.565346251,174,225,29.00332266,20.83486219,7.556354172,7.574125079,477,13,1,3,17,482,11,6,7,24,494,506,196,29,156,18
37,1000,60,5.13,10.3,18,37,47,960,26,4,10,40,7.744055868,159,264,26.97366643,18.20341192,8.078617163,7.427719702,463,16,3,4,23,497,10,1,6,17,486,514,222,42,147,12
35,1000,60,5.13,10.3,18,37,52,965,17,6,12,35,7.924756462,173,246,31.00168742,20.75340317,8.220679028,7.635851823,476,10,2,6,18,489,7,4,6,17,494,506,215,31,162,11
33,1000,60,5.13,10.3,18,37,59,954,26,11,9,46,8.000501599,230,312,49.07531832,36.22392624,8.810613851,7.200052715,468,13,10,6,29,486,13,1,3,17,497,503,278,34,218,12
32,1000,60,5.13,10.3,18,37,100,958,27,9,6,42,7.410010217,376,441,637.4191033,468.2948192,9.698948752,5.08415332,473,17,8,6,31,485,10,1,0,11,504,496,424,17,362,14
39,1000,60,5.13,10.3,18,37,44,954,30,7,9,46,7.915186174,170,240,24.71549167,16.68636904,7.674684265,8.151870592,468,19,5,4,28,486,11,2,5,18,496,504,204,36,153,17
36,1000,60,5.13,10.3,18,37,49,960,30,7,3,40,7.747028725,206,283,33.41264902,23.12183136,8.25166299,7.277465568,461,16,4,1,21,499,14,3,2,19,482,518,254,29,190,16
34,1000,60,5.13,10.3,18,37,55,951,35,6,8,49,8.073977514,176,265,28.62658755,19.01205599,8.818911064,7.352506438,460,21,4,7,32,491,14,2,1,17,492,508,237,28,164,12
38,1000,60,5.13,10.3,18,37,47,958,25,8,9,42,7.602637035,197,269,30.23942603,22.01320599,7.605135276,7.600198041,477,13,1,3,17,481,12,7,6,25,494,506,234,35,175,22
37,1000,60,5.13,10.3,18,37,48,960,25,5,10,40,7.710997823,177,239,27.48986628,18.56315716,8.101351758,7.341908305,463,15,4,4,23,497,10,1,6,17,486,514,201,38,162,15
35,1000,60,5.13,10.3,18,37,53,962,19,7,12,38,7.931408618,189,257,32.07481274,21.53772127,8.274109315,7.59683521,474,11,3,6,20,488,8,4,6,18,494,506,221,36,172,17
33,1000,60,5.13,10.3,18,37,60,953,28,10,9,47,7.990632771,234,315,51.19525746,37.99839075,8.874929727,7.116884088,467,14,9,7,30,486,14,1,2,17,497,503,284,31,219,15
32,1000,60,5.13,10.3,18,37,101,958,27,8,7,42,7.370726534,383,439,668.9856306,498.0703483,9.704805358,4.999001276,473,17,7,7,31,485,10,1,0,11,504,496,419,20,373,10
39,1000,60,5.13,10.3,18,37,45,958,28,6,8,42,7.883319353,162,242,25.3256905,17.1004055,7.701338096,8.062412018,469,19,5,3,27,489,9,1,5,15,496,504,194,48,147,15
36,1000,60,5.13,10.3,18,37,50,960,30,7,3,40,7.747740266,187,279,34.70071449,24.06380017,8.267535347,7.26406994,461,16,4,1,21,499,14,3,2,19,482,518,248,31,176,11
34,1000,60,5.13,10.3,18,37,56,951,34,7,8,49,8.117446673,172,274,29.22563517,19.41856667,8.887656351,7.371495568,460,20,5,7,32,491,14,2,1,17,492,508,249,25,163,9
37,1000,60,5.13,10.3,18,37,49,961,24,5,10,39,7.699092238,187,248,28.33662717,19.09805477,8.125002448,7.296383362,463,15,4,4,23,498,9,1,6,16,486,514,218,30,166,21
38,1000,60,5.13,10.3,18,37,48,958,26,7,9,42,7.628493496,190,267,31.71453626,23.38534594,7.681075447,7.577158548,477,13,0,4,17,481,13,7,5,25,494,506,239,28,175,15
35,1000,60,5.13,10.3,18,37,54,963,19,6,12,37,7.915350183,185,243,33.2038471,22.34983378,8.305822555,7.534138025,474,11,3,6,20,489,8,3,6,17,494,506,205,38,167,18
33,1000,60,5.13,10.3,18,37,61,953,28,10,9,47,7.982595024,238,333,53.51301661,39.53948091,8.920564291,7.055814257,467,14,9,7,30,486,14,1,2,17,497,503,292,41,224,14
32,1000,60,5.13,10.3,18,37,102,958,26,9,7,42,7.340708159,373,437,711.9858182,523.6743123,9.746197641,4.896420459,472,17,8,7,32,486,9,1,0,10,504,496,420,17,363,10
36,1000,60,5.13,10.3,18,37,51,959,31,7,3,41,7.775658309,194,293,36.01350706,25.01469337,8.306361034,7.281838399,461,16,4,1,21,498,15,3,2,20,482,518,262,31,175,19
39,1000,60,5.13,10.3,18,37,46,959,28,5,8,41,7.880371519,170,224,25.95879534,17.5219919,7.700258432,8.057625667,470,19,4,3,26,489,9,1,5,15,496,504,183,41,152,18
34,1000,60,5.13,10.3,18,37,57,947,38,6,9,53,8.1242709,174,270,29.92515248,19.94550685,8.94699309,7.32746122,458,22,5,7,34,489,16,1,2,19,492,508,242,28,157,17
37,1000,60,5.13,10.3,18,37,50,961,24,5,10,39,7.703943139,199,250,29.21571592,19.71554615,8.159310848,7.273381452,463,15,4,4,23,498,9,1,6,16,486,514,219,31,185,14
38,1000,60,5.13,10.3,18,37,49,957,28,5,10,43,7.639544452,177,270,33.27922754,24.97011203,7.722004477,7.559040001,476,14,0,4,18,481,14,5,6,25,494,506,230,40,163,14
35,1000,60,5.13,10.3,18,37,55,962,20,6,12,38,7.9395538,192,274,34.68925359,23.33865402,8.356531191,7.532465202,473,12,3,6,21,489,8,3,6,17,494,506,236,38,180,12
33,1000,60,5.13,10.3,18,37,62,954,28,10,8,46,7.940868275,233,325,55.6779219,41.04013667,8.95574601,6.938096438,467,14,9,7,30,487,14,1,1,16,497,503,301,24,218,15
36,1000,60,5.13,10.3,18,37,52,958,32,7,3,42,7.744783987,195,299,37.74601562,26.22316264,8.338684624,7.192158298,460,17,4,1,22,498,15,3,2,20,482,518,265,34,183,12
32,1000,60,5.13,10.3,18,37,103,958,26,9,7,42,7.315764965,373,445,760.3912019,550.2243926,9.764742484,4.827287808,472,17,8,7,32,486,9,1,0,10,504,496,428,17,365,8
39,1000,60,5.13,10.3,18,37,47,958,30,5,7,42,7.872061498,156,244,26.54112113,17.95320185,7.746959151,7.995178093,469,21,4,2,27,489,9,1,5,15,496,504,211,33,142,14
34,1000,60,5.13,10.3,18,37,58,948,37,7,8,52,8.109564721,205,276,30.67939501,20.49157663,8.977429006,7.269034745,458,22,5,7,34,490,15,2,1,18,492,508,249,27,183,22
37,1000,60,5.13,10.3,18,37,51,961,24,5,10,39,7.693786499,174,274,30.22714912,20.40716434,8.159145559,7.253777738,463,15,4,4,23,498,9,1,6,16,486,514,229,45,155,19
38,1000,60,5.13,10.3,18,37,50,956,30,5,9,44,7.618148774,179,262,35.06701219,26.83518152,7.764150455,7.475609583,475,15,0,4,19,481,15,5,5,25,494,506,228,34,167,12
35,1000,60,5.13,10.3,18,37,56,962,20,6,12,38,7.945770616,187,274,36.1788281,24.34403014,8.356531191,7.544751398,473,12,3,6,21,489,8,3,6,17,494,506,232,42,175,12
33,1000,60,5.13,10.3,18,37,63,954,28,10,8,46,7.944425642,259,334,57.5909118,42.71617197,9.04431464,6.857656593,466,15,9,7,31,488,13,1,1,15,497,503,301,33,244,15
36,1000,60,5.13,10.3,18,37,53,958,31,8,3,42,7.725630792,197,295,39.77133408,27.51652881,8.365348938,7.130371823,460,16,5,1,22,498,15,3,2,20,482,518,267,28,182,15
39,1000,60,5.13,10.3,18,37,48,961,28,4,7,39,7.811606173,157,221,27.16531126,18.34743983,7.785250853,7.837543154,469,21,4,2,27,492,7,0,5,12,496,504,186,35,143,14
32,1000,60,5.13,10.3,18,37,104,960,25,8,7,40,7.328535692,380,444,803.1005578,574.9851151,9.807348572,4.809741958,472,17,8,7,32,488,8,0,0,8,504,496,429,15,375,5
34,1000,60,5.13,10.3,18,37,59,947,36,9,8,53,8.138694462,202,285,31.57305799,21.14174259,9.013859069,7.291094094,458,22,5,7,34,489,14,4,1,19,492,508,251,34,187,15
37,1000,60,5.13,10.3,18,37,52,961,24,5,10,39,7.712405797,193,271,31.27793388,21.1647196,8.214582078,7.237585422,463,15,4,4,23,498,9,1,6,16,486,514,235,36,171,22
40,1000,60,5.13,10.3,18,37,0,939,30,16,15,61,7.402,93,155,15.07351395,9.097213553,6.525667351,8.233918129,463,14,7,3,24,476,16,9,12,37,487,513,97,58,64,29
38,1000,60,5.13,10.3,18,37,51,956,30,5,9,44,7.621425516,186,285,36.78573827,28.32745508,7.830652112,7.417160815,475,15,0,4,19,481,15,5,5,25,494,506,249,36,172,14
35,1000,60,5.13,10.3,18,37,57,963,23,4,10,37,7.902694609,188,262,37.51482448,25.32739791,8.352674851,7.463385836,472,13,3,6,22,491,10,1,4,15,494,506,241,21,172,16
33,1000,60,5.13,10.3,18,37,64,954,28,10,8,46,7.951426744,265,332,60.62873247,45.05018014,9.087621632,6.828784876,466,15,9,7,31,488,13,1,1,15,497,503,312,20,244,21
36,1000,60,5.13,10.3,18,37,54,959,30,7,4,41,7.737163008,190,289,41.85120098,28.98997593,8.435232455,7.087608041,460,16,4,2,22,499,14,3,2,19,482,518,259,30,176,14
39,1000,60,5.13,10.3,18,37,49,962,27,4,7,38,7.81554932,174,250,27.74139024,18.73744436,7.829298548,7.802018335,469,21,4,2,27,493,6,0,5,11,496,504,218,32,157,17
34,1000,60,5.13,10.3,18,37,60,947,35,10,8,53,8.150052113,193,291,32.53002202,21.84400984,9.052617398,7.27591408,458,21,6,7,34,489,14,4,1,19,492,508,261,30,179,14
37,1000,60,5.13,10.3,18,37,53,960,25,6,9,40,7.714977304,207,280,32.21161745,21.86779351,8.273364863,7.187007744,462,15,5,4,24,498,10,1,5,16,486,514,248,32,190,17
35,1000,60,5.13,10.3,18,37,58,960,26,4,10,40,7.920920308,201,290,39.46002339,26.64668355,8.395333554,7.45775797,471,14,3,6,23,489,12,1,4,17,494,506,250,40,190,11
38,1000,60,5.13,10.3,18,37,52,955,31,5,9,45,7.609295288,212,265,38.59510389,29.73370748,7.825078506,7.398629458,475,15,0,4,19,480,16,5,5,26,494,506,242,23,191,21
33,1000,60,5.13,10.3,18,37,65,955,27,10,8,45,7.919748219,253,317,65.30292546,48.54568561,9.141988881,6.712086968,466,15,9,7,31,489,12,1,1,14,497,503,297,20,236,17
40,1000,60,5.13,10.3,18,37,1,939,31,15,15,61,7.417805029,105,167,15.11708548,9.157706464,6.559789735,8.232334168,464,13,7,3,23,475,18,8,12,38,487,513,104,63,75,30
36,1000,60,5.13,10.3,18,37,55,960,30,5,5,40,7.729518026,234,294,44.53352487,30.87973466,8.426897819,7.080604781,460,16,4,2,22,500,14,1,3,18,482,518,258,36,216,18
34,1000,60,5.13,10.3,18,37,61,947,34,11,8,53,8.141392976,205,285,33.74259829,22.69611917,9.087859245,7.224736669,458,20,7,7,34,489,14,4,1,19,492,508,254,31,189,16
39,1000,60,5.13,10.3,18,37,50,962,27,4,7,38,7.817337681,185,243,28.59702565,19.28382393,7.828401696,7.806449286,469,21,4,2,27,493,6,0,5,11,496,504,207,36,167,18
37,1000,60,5.13,10.3,18,37,54,960,25,6,9,40,7.714946236,193,269,33.27331008,22.61853831,8.290243839,7.170987801,462,15,5,4,24,498,10,1,5,16,486,514,244,25,175,18
35,1000,60,5.13,10.3,18,37,59,961,26,4,9,39,7.899541835,215,278,41.52330038,28.06159076,8.389621498,7.421084616,472,14,3,5,22,489,12,1,4,17,494,506,244,34,189,26
38,1000,60,5.13,10.3,18,37,53,957,29,5,9,43,7.576271859,200,298,40.42398403,31.14681467,7.862372839,7.296955882,475,15,0,4,19,482,14,5,5,24,494,506,264,34,187,13
33,1000,60,5.13,10.3,18,37,66,955,27,9,9,45,7.920161742,248,357,69.66020994,51.39264504,9.202941137,6.65268389,465,16,8,8,32,490,11,1,1,13,497,503,327,30,238,10
40,1000,60,5.13,10.3,18,37,2,937,32,16,15,63,7.463297514,103,158,15.14116347,9.208155271,6.615927014,8.267721361,463,14,7,3,24,474,18,9,12,39,487,513,88,70,75,28
36,1000,60,5.13,10.3,18,37,56,960,30,5,5,40,7.748069398,241,296,46.98809924,32.56126139,8.467825845,7.078334635,460,16,4,2,22,500,14,1,3,18,482,518,263,33,223,18
34,1000,60,5.13,10.3,18,37,62,947,33,12,8,53,8.152434683,213,285,34.89057092,23.43876302,9.134362071,7.201434142,458,20,7,7,34,489,13,5,1,19,492,508,261,24,196,17
37,1000,60,5.13,10.3,18,37,55,961,25,6,8,39,7.639923142,197,270,34.48940165,23.55802417,8.322682883,6.994356539,462,15,5,4,24,499,10,1,4,15,486,514,239,31,183,14
39,1000,60,5.13,10.3,18,37,51,961,27,5,7,39,7.851732024,171,256,29.60492229,19.98622536,7.888560876,7.815487756,469,20,5,2,27,492,7,0,5,12,496,504,219,37,156,15
35,1000,60,5.13,10.3,18,37,60,962,25,5,8,38,7.904772998,223,264,43.73075595,29.54522049,8.465733994,7.357115425,471,14,4,5,23,491,11,1,3,15,494,506,237,27,205,18
38,1000,60,5.13,10.3,18,37,54,960,28,4,8,40,7.535539598,216,303,42.05254425,32.30778256,7.8586279,7.22011347,475,15,0,4,19,485,13,4,4,21,494,506,275,28,193,23
33,1000,60,5.13,10.3,18,37,67,955,26,10,9,45,7.908109667,272,344,73.91443597,54.6983811,9.244661574,6.587500724,464,16,9,8,33,491,10,1,1,12,497,503,321,23,260,12
40,1000,60,5.13,10.3,18,37,3,936,32,17,15,64,7.520814309,93,158,15.19977578,9.259158519,6.717926137,8.283010294,462,14,8,3,25,474,18,9,12,39,487,513,95,63,65,28
36,1000,60,5.13,10.3,18,37,57,961,29,5,5,39,7.740531381,231,296,49.68882317,34.42778918,8.489441442,7.043669123,460,16,4,2,22,501,13,1,3,17,482,518,269,27,213,18
34,1000,60,5.13,10.3,18,37,63,947,32,13,8,53,8.15055444,219,299,36.28495581,24.33922294,9.170453925,7.162777773,458,19,8,7,34,489,13,5,1,19,492,508,279,20,201,18
37,1000,60,5.13,10.3,18,37,56,961,25,6,8,39,7.616265006,210,287,35.73927131,24.48120784,8.391223768,6.883521897,461,16,5,4,25,500,9,1,4,14,486,514,256,31,193,17
35,1000,60,5.13,10.3,18,37,61,964,22,6,8,36,7.900966709,222,283,45.38230081,30.77316448,8.495531346,7.320502418,471,13,5,5,23,493,9,1,3,13,494,506,257,26,204,18
39,1000,60,5.13,10.3,18,37,52,961,27,5,7,39,7.851840558,173,252,30.67085869,20.76213417,7.914764427,7.789915481,469,20,5,2,27,492,7,0,5,12,496,504,226,26,166,7
38,1000,60,5.13,10.3,18,37,55,960,27,5,8,40,7.526597738,223,282,43.9990318,33.879998,7.924463353,7.138167671,475,14,1,4,19,485,13,4,4,21,494,506,253,29,203,20
33,1000,60,5.13,10.3,18,37,68,955,27,10,8,45,7.906287839,263,351,78.73461786,58.92930626,9.256442139,6.57223876,465,16,9,7,32,490,11,1,1,13,497,503,331,20,251,12
36,1000,60,5.13,10.3,18,37,58,961,29,5,5,39,7.739084202,251,308,52.18689366,36.29728223,8.532083101,7.001197196,459,17,4,2,23,502,12,1,3,16,482,518,276,32,230,21
40,1000,60,5.13,10.3,18,37,4,938,33,16,13,62,7.505212462,103,149,15.29149738,9.327817093,6.698053569,8.271462717,464,13,7,3,23,474,20,9,10,39,487,513,92,57,75,28
34,1000,60,5.13,10.3,18,37,64,950,28,13,9,50,8.124222893,222,297,37.52701892,25.1923014,9.192077928,7.090001088,459,18,8,7,33,491,10,5,2,17,492,508,273,24,204,18
37,1000,60,5.13,10.3,18,37,57,961,25,6,8,39,7.668138613,204,278,37.11172318,25.38530104,8.455610239,6.923564274,461,16,5,4,25,500,9,1,4,14,486,514,250,28,189,15
35,1000,60,5.13,10.3,18,37,62,964,22,5,9,36,7.923723916,227,294,46.66615987,31.53101679,8.584041196,7.279066334,471,13,4,6,23,493,9,1,3,13,494,506,264,30,215,12
39,1000,60,5.13,10.3,18,37,53,962,26,6,6,38,7.842205437,160,261,31.96604094,21.70021849,7.980290575,7.706312126,469,20,5,2,27,493,6,1,4,11,496,504,227,34,151,9
38,1000,60,5.13,10.3,18,37,56,960,28,4,8,40,7.529137647,211,273,45.44173054,35.17082369,7.953520842,7.114818875,475,14,1,4,19,485,14,3,4,21,494,506,245,28,191,20
33,1000,60,5.13,10.3,18,37,69,955,27,10,8,45,7.899697983,282,351,82.37999712,61.44196697,9.27663519,6.539185475,465,16,9,7,32,490,11,1,1,13,497,503,331,20,274,8
36,1000,60,5.13,10.3,18,37,59,962,27,6,5,38,7.741287465,257,291,55.12210401,38.31658713,8.531086638,7.006377809,459,17,4,2,23,503,10,2,3,15,482,518,267,24,231,26
40,1000,60,5.13,10.3,18,37,5,939,33,15,13,61,7.537704445,109,157,15.35499646,9.390245477,6.729339975,8.305099176,465,13,6,3,22,474,20,9,10,39,487,513,101,56,74,35
34,1000,60,5.13,10.3,18,37,65,951,27,13,9,49,8.086471071,242,304,38.88539072,26.06736149,9.210061373,6.998269439,459,18,8,7,33,492,9,5,2,16,492,508,282,22,224,18
37,1000,60,5.13,10.3,18,37,58,961,24,7,8,39,7.666146635,217,300,38.6596763,26.4765687,8.526656531,6.852512765,461,15,6,4,25,500,9,1,4,14,486,514,275,25,202,15
35,1000,60,5.13,10.3,18,37,63,964,23,5,8,36,7.918830589,226,314,48.624873,32.92237703,8.642859577,7.211972249,470,14,5,5,24,494,9,0,3,12,494,506,286,28,216,10
38,1000,60,5.13,10.3,18,37,57,960,28,4,8,40,7.53565383,219,298,47.69432091,36.98792851,8.014021517,7.068630831,475,14,1,4,19,485,14,3,4,21,494,506,265,33,204,15
39,1000,60,5.13,10.3,18,37,54,963,26,5,6,37,7.868023552,181,264,33.25315941,22.66163436,8.010673386,7.727638001,470,20,4,2,26,493,6,1,4,11,496,504,228,36,168,13
33,1000,60,5.13,10.3,18,37,70,956,26,10,8,44,7.864552267,263,358,86.30976272,64.28410736,9.353874504,6.392995304,464,17,9,7,33,492,9,1,1,11,497,503,336,22,254,9
36,1000,60,5.13,10.3,18,37,60,963,25,7,5,37,7.71561428,233,322,58.66824897,40.48220517,8.535427718,6.952776293,459,17,4,2,23,504,8,3,3,14,482,518,292,30,220,13
34,1000,60,5.13,10.3,18,37,66,951,26,13,10,49,8.087144435,207,316,40.02440506,26.8350982,9.253725185,6.957306386,458,18,9,7,34,493,8,4,3,15,492,508,287,29,193,14
37,1000,60,5.13,10.3,18,37,59,960,25,7,8,40,7.672231744,228,291,40.18355908,27.58551482,8.572532093,6.820974994,460,16,6,4,26,500,9,1,4,14,486,514,253,38,217,11
40,1000,60,5.13,10.3,18,37,6,942,32,13,13,58,7.563254231,85,150,15.43818091,9.427994759,6.811330344,8.277068914,465,13,6,3,22,477,19,7,10,36,487,513,91,59,60,25
35,1000,60,5.13,10.3,18,37,64,964,23,5,8,36,7.89730793,226,318,50.7724827,34.34246487,8.666016701,7.146829407,470,14,5,5,24,494,9,0,3,12,494,506,283,35,219,7
38,1000,60,5.13,10.3,18,37,58,962,27,3,8,38,7.532589084,241,330,50.54315136,39.66921047,8.056726035,7.020882259,474,15,1,4,20,488,12,2,4,18,494,506,288,42,224,17
33,1000,60,5.13,10.3,18,37,71,956,26,10,8,44,7.853133276,287,376,92.24721189,68.40040194,9.405198974,6.319581284,463,18,9,7,34,493,8,1,1,10,497,503,354,22,278,9
39,1000,60,5.13,10.3,18,37,55,966,25,4,5,34,7.837660604,193,269,34.10789245,23.31372553,8.045921645,7.632705295,471,20,3,2,25,495,5,1,3,9,496,504,238,31,173,20
36,1000,60,5.13,10.3,18,37,61,964,25,6,5,36,7.673703456,233,297,63.14652803,43.06281404,8.562140824,6.84701077,459,18,3,2,23,505,7,3,3,13,482,518,271,26,219,14
34,1000,60,5.13,10.3,18,37,67,950,27,13,10,50,8.088738304,228,327,41.61150252,27.94748629,9.305083242,6.910703443,457,19,9,7,35,493,8,4,3,15,492,508,300,27,212,16
37,1000,60,5.13,10.3,18,37,60,962,23,8,7,38,7.696173735,226,300,42.15002754,28.98505696,8.631243701,6.812041433,460,15,7,4,26,502,8,1,3,12,486,514,270,30,208,18
35,1000,60,5.13,10.3,18,37,65,963,24,5,8,37,7.901987479,240,298,53.65333134,35.94217473,8.726092086,7.097426855,469,15,5,5,25,494,9,0,3,12,494,506,266,32,221,19
40,1000,60,5.13,10.3,18,37,7,943,32,12,13,57,7.593117076,106,141,15.5040469,9.501332478,6.827621391,8.319815709,466,13,5,3,21,477,19,7,10,36,487,513,87,54,72,34
38,1000,60,5.13,10.3,18,37,59,962,28,3,7,38,7.518812126,225,311,52.8740177,41.39482003,8.066502504,6.984110452,474,15,1,4,20,488,13,2,3,18,494,506,279,32,213,12
33,1000,60,5.13,10.3,18,37,72,954,26,12,8,46,7.875823902,294,370,97.27582587,72.02968174,9.458131995,6.312390259,462,18,10,7,35,492,8,2,1,11,497,503,348,22,276,18
39,1000,60,5.13,10.3,18,37,56,965,25,5,5,35,7.833910727,198,271,35.56378441,24.247486,8.106071514,7.566069951,470,20,4,2,26,495,5,1,3,9,496,504,240,31,186,12
36,1000,60,5.13,10.3,18,37,62,963,25,7,5,37,7.671989167,251,330,69.08664818,46.83164132,8.586934093,6.820631147,459,17,4,2,23,504,8,3,3,14,482,518,305,25,238,13
34,1000,60,5.13,10.3,18,37,68,951,26,13,10,49,8.060479412,234,321,43.30428909,29.14345931,9.317222165,6.843319108,457,19,9,7,35,494,7,4,3,14,492,508,293,28,221,13
37,1000,60,5.13,10.3,18,37,61,964,20,9,7,36,7.686332186,239,316,43.72090678,30.00702896,8.653979196,6.771397463,460,15,7,4,26,504,5,2,3,10,486,514,287,29,218,21
35,1000,60,5.13,10.3,18,37,66,962,25,5,8,38,7.904121843,242,312,56.92745593,37.87932868,8.748785564,7.079489672,469,15,5,5,25,493,10,0,3,13,494,506,287,25,227,15
33,1000,60,5.13,10.3,18,37,73,956,24,12,8,44,7.854238995,295,377,103.6663265,76.48215647,9.478160405,6.249688417,462,18,10,7,35,494,6,2,1,9,497,503,349,28,282,13
38,1000,60,5.13,10.3,18,37,60,963,27,3,7,37,7.494319375,231,332,54.73803964,42.81252781,8.084963218,6.917682896,473,16,1,4,21,490,11,2,3,16,494,506,299,33,215,16
39,1000,60,5.13,10.3,18,37,57,965,25,5,5,35,7.838340645,195,284,37.38068044,25.47624036,8.153775297,7.527912891,470,20,4,2,26,495,5,1,3,9,496,504,254,30,184,11
40,1000,60,5.13,10.3,18,37,8,944,31,12,13,56,7.612765942,103,153,15.56855619,9.558796882,6.847227141,8.339505506,467,12,5,3,20,477,19,7,10,36,487,513,93,60,76,27
36,1000,60,5.13,10.3,18,37,63,963,25,7,5,37,7.65141388,241,325,74.75835246,50.01564413,8.640078984,6.731459092,459,17,4,2,23,504,8,3,3,14,482,518,300,25,222,19
34,1000,60,5.13,10.3,18,37,69,950,28,12,10,50,8.056475528,247,337,45.03174039,30.29598699,9.349870792,6.803817123,457,19,8,8,35,493,9,4,2,15,492,508,312,25,231,16
37,1000,60,5.13,10.3,18,37,62,964,20,9,7,36,7.720123282,239,304,45.32352398,31.01935371,8.716855462,6.777687797,460,15,7,4,26,504,5,2,3,10,486,514,276,28,226,13
35,1000,60,5.13,10.3,18,37,67,962,25,5,8,38,7.90778154,251,307,59.41398538,39.52374781,8.789240424,7.04722682,468,16,5,5,26,494,9,0,3,12,494,506,283,24,232,19
33,1000,60,5.13,10.3,18,37,74,956,24,12,8,44,7.848524185,306,380,110.4384432,81.59039533,9.519662005,6.197320414,461,19,10,7,36,495,5,2,1,8,497,503,355,25,290,16
38,1000,60,5.13,10.3,18,37,61,963,27,3,7,37,7.48183245,230,321,57.7933863,45.41769558,8.088784665,6.889274359,473,16,1,4,21,490,11,2,3,16,494,506,289,32,213,17
39,1000,60,5.13,10.3,18,37,58,968,22,5,5,32,7.817336044,211,301,39.28439455,26.89566623,8.17059854,7.469680891,472,18,4,2,24,496,4,1,3,8,496,504,260,41,197,14
40,1000,60,5.13,10.3,18,37,9,945,32,11,12,55,7.611042475,97,152,15.68264022,9.647798943,6.822628226,8.359498107,468,12,4,3,19,477,20,7,9,36,487,513,89,63,70,27
36,1000,60,5.13,10.3,18,37,64,961,26,7,6,39,7.630316002,263,340,83.91968032,55.37211159,8.704721681,6.630579444,458,17,4,3,24,503,9,3,3,15,482,518,313,27,248,15
34,1000,60,5.13,10.3,18,37,70,950,28,12,10,50,8.041200357,246,339,46.79049133,31.5999422,9.363767791,6.76028859,457,19,8,8,35,493,9,4,2,15,492,508,313,26,233,13
37,1000,60,5.13,10.3,18,37,63,965,19,8,8,35,7.737923657,230,310,47.52274787,32.4878866,8.80783475,6.726295659,460,15,6,5,26,505,4,2,3,9,486,514,291,19,217,13
35,1000,60,5.13,10.3,18,37,68,961,26,5,8,39,7.903198735,249,317,62.81050162,41.68535317,8.835247886,6.993253516,468,16,5,5,26,493,10,0,3,13,494,506,293,24,235,14
33,1000,60,5.13,10.3,18,37,75,955,24,12,9,45,7.874744318,313,383,116.5680865,85.6541061,9.584452019,6.185430746,460,19,10,8,37,495,5,2,1,8,497,503,364,19,301,12
38,1000,60,5.13,10.3,18,37,62,963,27,3,7,37,7.487087384,242,322,61.0710099,47.90037718,8.109004182,6.879919601,473,16,1,4,21,490,11,2,3,16,494,506,296,26,230,12
39,1000,60,5.13,10.3,18,37,59,967,23,5,5,33,7.794057069,194,300,41.77708031,28.80445194,8.171025733,7.423072035,472,18,4,2,24,495,5,1,3,9,496,504,269,31,185,9
40,1000,60,5.13,10.3,18,37,10,945,31,12,12,55,7.62579124,112,158,15.83831104,9.803451285,6.867214631,8.345921472,467,13,4,3,20,478,18,8,9,35,487,513,97,61,78,34
36,1000,60,5.13,10.3,18,37,65,961,26,7,6,39,7.626519782,237,339,89.93325756,59.08859949,8.738492432,6.591827083,458,17,4,3,24,503,9,3,3,15,482,518,312,27,225,12
34,1000,60,5.13,10.3,18,37,71,947,30,13,10,53,8.058624122,260,329,49.12171088,33.23393991,9.415742678,6.744249457,456,20,8,8,36,491,10,5,2,17,492,508,307,22,240,20
37,1000,60,5.13,10.3,18,37,64,964,20,8,8,36,7.734615923,239,323,49.09598045,33.55075982,8.889591871,6.642556952,458,17,6,5,28,506,3,2,3,8,486,514,295,28,228,11
35,1000,60,5.13,10.3,18,37,69,960,27,5,8,40,7.912678456,261,334,66.33737313,43.78901776,8.867345784,6.98065146,468,16,5,5,26,492,11,0,3,14,494,506,301,33,242,19
33,1000,60,5.13,10.3,18,37,76,956,23,12,9,44,7.824141998,313,399,124.8923619,92.9638569,9.624227159,6.045529026,460,19,10,8,37,496,4,2,1,7,497,503,379,20,295,18
38,1000,60,5.13,10.3,18,37,63,963,27,3,7,37,7.490368385,252,315,64.64542132,51.05121398,8.14169764,6.854485674,473,16,1,4,21,490,11,2,3,16,494,506,290,25,240,12
39,1000,60,5.13,10.3,18,37,60,966,22,5,7,34,7.823003723,205,285,44.02600909,30.29203989,8.218708312,7.43358016,471,18,4,3,25,495,4,1,4,9,496,504,250,35,186,19
36,1000,60,5.13,10.3,18,37,66,960,27,7,6,40,7.610869898,257,347,97.94691,63.69371174,8.766693289,6.535374002,457,18,4,3,25,503,9,3,3,15,482,518,327,20,247,10
40,1000,60,5.13,10.3,18,37,11,946,31,11,12,54,7.641137432,89,170,15.90559289,9.844868445,6.917854786,8.327762478,466,14,4,3,21,480,17,7,9,33,487,513,108,62,70,19
34,1000,60,5.13,10.3,18,37,72,947,31,12,10,53,8.037539482,257,338,51.35464149,34.73855372,9.412922296,6.705475812,457,20,7,8,35,490,11,5,2,18,492,508,321,17,244,13
37,1000,60,5.13,10.3,18,37,65,964,20,8,8,36,7.693573638,252,337,51.03240734,34.96961664,8.928961566,6.525483106,458,17,6,5,28,506,3,2,3,8,486,514,309,28,241,11
35,1000,60,5.13,10.3,18,37,70,960,27,5,8,40,7.908055263,251,305,70.28450992,46.06300307,8.887938893,6.95140998,468,16,5,5,26,492,11,0,3,14,494,506,295,10,238,13
33,1000,60,5.13,10.3,18,37,77,955,24,12,9,45,7.801557943,314,381,133.5944107,99.22763161,9.662109758,5.96319959,459,20,10,8,38,496,4,2,1,7,497,503,359,22,301,13
38,1000,60,5.13,10.3,18,37,64,963,29,3,5,37,7.498245293,251,332,67.12669685,52.78347858,8.206542074,6.806746064,472,17,1,4,22,491,12,2,1,15,494,506,308,24,233,18
39,1000,60,5.13,10.3,18,37,61,966,22,4,8,34,7.808608084,204,280,46.47174443,31.98518253,8.256848909,7.367482192,471,18,3,4,25,495,4,1,4,9,496,504,261,19,193,11
36,1000,60,5.13,10.3,18,37,67,960,27,7,6,40,7.5511678,281,336,108.2935576,68.94774204,8.770781587,6.416314817,457,18,4,3,25,503,9,3,3,15,482,518,314,22,265,16
34,1000,60,5.13,10.3,18,37,73,949,31,11,9,51,8.004625885,258,324,53.16533645,35.92590575,9.423347016,6.630588884,458,20,7,7,34,491,11,4,2,17,492,508,309,15,242,16
37,1000,60,5.13,10.3,18,37,66,962,22,8,8,38,7.696801864,247,330,53.6293908,36.68899275,8.984997717,6.478780104,456,19,6,5,30,506,3,2,3,8,486,514,305,25,236,11
40,1000,60,5.13,10.3,18,37,12,947,30,11,12,53,7.636655084,95,181,15.9993067,9.968838364,6.927733979,8.309646464,466,14,4,3,21,481,16,7,9,32,487,513,130,51,75,20
35,1000,60,5.13,10.3,18,37,71,961,26,5,8,39,7.870118597,244,330,73.91243622,48.43744971,8.911766783,6.853173529,468,16,5,5,26,493,10,0,3,13,494,506,301,29,231,13
33,1000,60,5.13,10.3,18,37,78,956,22,13,9,44,7.782664262,321,408,139.9091464,104.2741928,9.712596951,5.875752639,459,19,11,8,38,497,3,2,1,6,497,503,381,27,310,11
38,1000,60,5.13,10.3,18,37,65,962,29,4,5,38,7.493600766,234,346,70.39597668,55.13895888,8.255377071,6.749890302,471,17,2,4,23,491,12,2,1,15,494,506,319,27,223,11
39,1000,60,5.13,10.3,18,37,62,965,23,4,8,35,7.836024781,213,298,49.2839262,33.93446498,8.306171273,7.373340932,470,19,3,4,26,495,4,1,4,9,496,504,272,26,200,13
36,1000,60,5.13,10.3,18,37,68,960,27,7,6,40,7.546192761,290,349,125.5354168,77.72963054,8.801814544,6.377834267,456,19,4,3,26,504,8,3,3,14,482,518,336,13,272,18
34,1000,60,5.13,10.3,18,37,74,949,31,11,9,51,8.014811166,266,342,55.3339099,37.25690382,9.475923489,6.59971813,458,20,7,7,34,491,11,4,2,17,492,508,326,16,248,18
37,1000,60,5.13,10.3,18,37,67,961,24,8,7,39,7.69103146,263,352,56.28375745,38.49006423,9.013758665,6.440359434,456,20,5,5,30,505,4,3,2,9,486,514,325,27,247,16
35,1000,60,5.13,10.3,18,37,72,958,29,6,7,42,7.848137281,259,315,76.4977693,49.94481141,8.936717767,6.785372933,466,18,5,5,28,492,11,1,2,14,494,506,296,19,247,12
40,1000,60,5.13,10.3,18,37,13,948,29,11,12,52,7.637211697,85,169,16.07943983,10.05655731,6.953602989,8.286173569,466,14,4,3,21,482,15,7,9,31,487,513,110,59,66,19
33,1000,60,5.13,10.3,18,37,79,956,22,13,9,44,7.748193809,329,394,151.9063991,111.806475,9.725390811,5.794581662,459,19,11,8,38,497,3,2,1,6,497,503,370,24,321,8
38,1000,60,5.13,10.3,18,37,66,963,27,5,5,37,7.490114502,266,323,73.15701873,57.08606636,8.333912583,6.666327443,471,16,3,4,23,492,11,2,1,14,494,506,300,23,249,17
39,1000,60,5.13,10.3,18,37,63,966,22,5,7,34,7.792089025,222,299,52.7856437,36.53077138,8.335110414,7.257687024,470,18,4,4,26,496,4,1,3,8,496,504,271,28,204,18
36,1000,60,5.13,10.3,18,37,69,960,27,7,6,40,7.542991551,264,363,143.8444906,87.77126368,8.852379397,6.324603633,456,19,4,3,26,504,8,3,3,14,482,518,338,25,260,4
34,1000,60,5.13,10.3,18,37,75,949,30,12,9,51,8.03050211,270,362,58.12617261,39.05222005,9.503436538,6.603959318,458,19,8,7,34,491,11,4,2,17,492,508,333,29,255,15
37,1000,60,5.13,10.3,18,37,68,961,24,8,7,39,7.691760091,251,354,58.15698294,39.84729752,9.0349356,6.421753676,456,20,5,5,30,505,4,3,2,9,486,514,326,28,242,9
35,1000,60,5.13,10.3,18,37,73,957,29,6,8,43,7.86633493,256,336,79.88567151,52.27631648,8.968851484,6.789965014,465,18,5,6,29,492,11,1,2,14,494,506,315,21,248,8
33,1000,60,5.13,10.3,18,37,80,956,22,13,9,44,7.755317986,328,400,158.4189226,117.2700181,9.739184901,5.795115488,459,19,11,8,38,497,3,2,1,6,497,503,378,22,317,11
40,1000,60,5.13,10.3,18,37,14,948,29,11,12,52,7.672726047,108,168,16.20358243,10.1676907,7.004568683,8.307019685,466,14,4,3,21,482,15,7,9,31,487,513,106,62,83,25
38,1000,60,5.13,10.3,18,37,67,963,28,4,5,37,7.462109583,255,349,76.27362277,59.32773788,8.372036169,6.573762285,470,17,3,4,24,493,11,1,1,13,494,506,319,30,242,13
36,1000,60,5.13,10.3,18,37,70,958,29,7,6,42,7.54958966,269,364,172.5403069,102.6248878,8.879446159,6.312155621,454,21,4,3,28,504,8,3,3,14,482,518,338,26,262,7
39,1000,60,5.13,10.3,18,37,64,967,22,4,7,33,7.780997951,233,302,56.74577996,39.54963994,8.331046288,7.23968054,471,18,3,4,25,496,4,1,3,8,496,504,276,26,220,13
34,1000,60,5.13,10.3,18,37,76,949,31,11,9,51,8.00270127,265,367,61.42507125,41.11544365,9.50964546,6.543219889,457,20,8,7,35,492,11,3,2,16,492,508,344,23,252,13
37,1000,60,5.13,10.3,18,37,69,961,24,8,7,39,7.700831882,260,363,60.03887721,41.343908,9.087079984,6.39009924,456,20,5,5,30,505,4,3,2,9,486,514,333,30,241,19
35,1000,60,5.13,10.3,18,37,74,957,29,6,8,43,7.870210829,267,329,86.57185224,56.21752577,9.001087211,6.76615365,465,18,5,6,29,492,11,1,2,14,494,506,304,25,256,11
33,1000,60,5.13,10.3,18,37,81,956,22,12,10,44,7.738383449,319,399,169.7088503,126.0614205,9.7586251,5.742240108,459,19,10,9,38,497,3,2,1,6,497,503,373,26,312,7
38,1000,60,5.13,10.3,18,37,68,963,28,4,5,37,7.44837321,264,346,79.65691526,61.75558662,8.386246425,6.532742048,469,18,3,4,25,494,10,1,1,12,494,506,320,26,247,17
40,1000,60,5.13,10.3,18,37,15,948,29,11,12,52,7.669933529,120,174,16.28365826,10.29672402,7.010531372,8.295915693,466,14,4,3,21,482,15,7,9,31,487,513,111,63,91,29
36,1000,60,5.13,10.3,18,37,71,958,28,8,6,42,7.549700908,305,358,193.0588219,113.1884547,8.927292129,6.267849617,454,20,5,3,28,504,8,3,3,14,482,518,331,27,292,13
39,1000,60,5.13,10.3,18,37,65,966,23,4,7,34,7.788180241,218,290,59.80204918,42.00286387,8.382089276,7.203698334,470,19,3,4,26,496,4,1,3,8,496,504,264,26,208,10
34,1000,60,5.13,10.3,18,37,77,951,29,11,9,49,8.010747857,277,352,63.75219141,42.70023216,9.565574127,6.504892494,457,20,8,7,35,494,9,3,2,14,492,508,335,17,266,11
37,1000,60,5.13,10.3,18,37,70,959,24,10,7,41,7.685160535,278,352,62.94238377,43.72495471,9.129169174,6.319813845,455,20,6,5,31,504,4,4,2,10,486,514,325,27,263,15
35,1000,60,5.13,10.3,18,37,75,955,31,6,8,45,7.866678643,276,348,90.78427415,59.01661963,9.039222072,6.721942568,464,19,5,6,30,491,12,1,2,15,494,506,326,22,259,17
33,1000,60,5.13,10.3,18,37,82,955,23,12,10,45,7.729281323,353,395,175.5889145,130.7529982,9.818526882,5.664957181,458,20,10,9,39,497,3,2,1,6,497,503,383,12,333,20
38,1000,60,5.13,10.3,18,37,69,963,28,4,5,37,7.452508959,265,361,83.71108086,65.12787523,8.429846806,6.498349084,469,18,3,4,25,494,10,1,1,12,494,506,334,27,255,10
40,1000,60,5.13,10.3,18,37,16,948,29,11,12,52,7.682054091,133,176,16.44099098,10.39932766,7.062999067,8.269734006,466,14,4,3,21,482,15,7,9,31,487,513,117,59,109,24
36,1000,60,5.13,10.3,18,37,72,958,28,8,6,42,7.548241825,293,371,214.713333,125.196399,8.951279374,6.242712677,454,20,5,3,28,504,8,3,3,14,482,518,349,22,279,14
39,1000,60,5.13,10.3,18,37,66,967,23,3,7,33,7.791619898,221,312,64.72206241,45.70039819,8.428031875,7.165309698,470,19,3,4,26,497,4,0,3,7,496,504,283,29,212,9
34,1000,60,5.13,10.3,18,37,78,949,31,10,10,51,8.009621422,282,359,65.8318891,44.0773281,9.619356018,6.450587129,456,21,8,7,36,493,10,2,3,15,492,508,337,22,276,6
37,1000,60,5.13,10.3,18,37,71,958,25,9,8,42,7.655183654,284,359,65.92714918,46.1318559,9.180197474,6.213244517,455,20,5,6,31,503,5,4,2,11,486,514,336,23,266,18
35,1000,60,5.13,10.3,18,37,76,958,29,5,8,42,7.896415338,287,345,95.64808178,61.95315389,9.056621401,6.763724043,466,17,5,6,28,492,12,0,2,14,494,506,317,28,273,14
33,1000,60,5.13,10.3,18,37,83,955,23,12,10,45,7.679863559,339,409,186.1244215,137.9168725,9.829869679,5.555503636,458,20,10,9,39,497,3,2,1,6,497,503,389,20,321,18
38,1000,60,5.13,10.3,18,37,70,963,28,4,5,37,7.442700634,273,354,89.14674131,69.40137477,8.491267037,6.419001417,469,18,3,4,25,494,10,1,1,12,494,506,335,19,265,8
36,1000,60,5.13,10.3,18,37,73,958,28,8,6,42,7.514659246,307,367,239.2880326,138.6105041,8.970408498,6.160081757,454,20,5,3,28,504,8,3,3,14,482,518,342,25,294,13
40,1000,60,5.13,10.3,18,37,17,951,24,13,12,49,7.691103834,105,176,16.54262441,10.47876702,7.133750171,8.220209553,466,12,6,3,21,485,12,7,9,28,487,513,116,60,81,24
39,1000,60,5.13,10.3,18,37,67,967,23,3,7,33,7.773663335,232,320,70.66545992,49.93092015,8.459259273,7.098949872,470,19,3,4,26,497,4,0,3,7,496,504,286,34,223,9
34,1000,60,5.13,10.3,18,37,79,951,29,10,10,49,7.979119481,294,360,69.17778248,46.28423204,9.625296672,6.38479039,456,21,8,7,36,495,8,2,3,13,492,508,345,15,281,13
37,1000,60,5.13,10.3,18,37,72,957,25,10,8,43,7.623442381,268,367,70.2788394,48.9437235,9.235211991,6.09947345,454,20,6,6,32,503,5,4,2,11,486,514,353,14,261,7
35,1000,60,5.13,10.3,18,37,77,956,30,6,8,44,7.879601028,283,368,102.4885799,66.28384997,9.10506474,6.683199697,465,18,5,6,29,491,12,1,2,15,494,506,345,23,273,10
33,1000,60,5.13,10.3,18,37,84,956,21,13,10,44,7.651084204,341,412,194.6404531,143.4442687,9.871910098,5.456749275,458,19,11,9,39,498,2,2,1,5,497,503,400,12,329,12
38,1000,60,5.13,10.3,18,37,71,962,29,4,5,38,7.461637415,280,362,93.43829138,72.93628081,8.552303381,6.396837046,468,19,3,4,26,494,10,1,1,12,494,506,341,21,270,10
36,1000,60,5.13,10.3,18,37,74,959,28,7,6,41,7.47718223,310,379,264.1461556,153.9206479,8.966469818,6.091397254,454,20,5,3,28,505,8,2,3,13,482,518,353,26,296,14
40,1000,60,5.13,10.3,18,37,18,952,23,13,12,48,7.707674709,109,176,16.72794081,10.63428695,7.200661934,8.18899093,466,12,6,3,21,486,11,7,9,27,487,513,121,55,86,23
39,1000,60,5.13,10.3,18,37,68,967,23,3,7,33,7.73916779,259,335,78.66156879,55.90634058,8.47528044,7.014739468,470,19,3,4,26,497,4,0,3,7,496,504,302,33,244,15
34,1000,60,5.13,10.3,18,37,80,951,29,10,10,49,7.951143801,295,384,73.1629822,48.93107824,9.650923072,6.304900885,456,21,8,7,36,495,8,2,3,13,492,508,360,24,287,8
37,1000,60,5.13,10.3,18,37,73,956,25,11,8,44,7.611155385,284,364,74.29774559,51.45179262,9.271090533,6.041644721,453,20,7,6,33,503,5,4,2,11,486,514,340,24,277,7
33,1000,60,5.13,10.3,18,37,85,956,21,13,10,44,7.628758301,345,425,204.6015535,149.8178618,9.888088016,5.396378841,458,19,11,9,39,498,2,2,1,5,497,503,406,19,334,11
35,1000,60,5.13,10.3,18,37,78,955,29,8,8,45,7.921447481,277,353,111.4180149,71.4011287,9.15585708,6.716312417,465,17,6,6,29,490,12,2,2,16,494,506,333,20,263,14
38,1000,60,5.13,10.3,18,37,72,963,28,4,5,37,7.439966407,280,356,98.06667262,77.07566623,8.598900327,6.308517087,468,19,3,4,26,495,9,1,1,11,494,506,335,21,268,12
36,1000,60,5.13,10.3,18,37,75,960,28,7,5,40,7.451520488,324,379,306.269661,177.4816049,8.983173871,6.026314058,455,19,5,3,27,505,9,2,2,13,482,518,355,24,311,13
34,1000,60,5.13,10.3,18,37,81,953,27,10,10,47,7.947954394,285,383,77.02078399,51.44889201,9.722127587,6.229660672,456,20,9,7,36,497,7,1,3,11,492,508,364,19,270,15
39,1000,60,5.13,10.3,18,37,69,968,23,3,6,32,7.724424343,242,327,83.49791569,59.4232566,8.489386872,6.971604076,470,19,3,4,26,498,4,0,2,6,496,504,304,23,228,14
37,1000,60,5.13,10.3,18,37,74,956,25,11,8,44,7.59610212,282,376,78.2967967,54.04367188,9.298877996,5.986084462,453,20,7,6,33,503,5,4,2,11,486,514,354,22,273,9
40,1000,60,5.13,10.3,18,37,19,953,23,13,11,47,7.706306968,120,167,16.85519969,10.75352736,7.20827849,8.179094237,467,12,5,3,20,486,11,8,8,27,487,513,116,51,88,32
33,1000,60,5.13,10.3,18,37,86,955,22,13,10,45,7.632936022,362,408,217.3399318,158.541247,9.924514709,5.368692269,458,19,11,9,39,497,3,2,1,6,497,503,392,16,354,8
35,1000,60,5.13,10.3,18,37,79,955,30,8,7,45,7.890873177,285,366,118.1124637,75.66403935,9.185112618,6.627327163,465,17,6,6,29,490,13,2,1,16,494,506,342,24,269,16
38,1000,60,5.13,10.3,18,37,73,964,28,4,4,36,7.408555086,280,365,104.3190807,82.39345773,8.632993475,6.213154761,468,19,3,4,26,496,9,1,0,10,494,506,344,21,266,14
36,1000,60,5.13,10.3,18,37,76,959,29,7,5,41,7.466858835,304,367,344.4807252,199.3280312,9.040383052,6.002691514,454,20,5,3,28,505,9,2,2,13,482,518,346,21,296,8
34,1000,60,5.13,10.3,18,37,82,953,26,11,10,47,7.976883784,287,394,81.06246369,53.9758664,9.791771371,6.219158011,456,19,10,7,36,497,7,1,3,11,492,508,377,17,282,5
39,1000,60,5.13,10.3,18,37,70,968,23,3,6,32,7.733292053,246,342,90.60274247,64.42141857,8.543513217,6.935931543,470,19,3,4,26,498,4,0,2,6,496,504,309,33,232,14
37,1000,60,5.13,10.3,18,37,75,957,25,11,7,43,7.586085429,297,366,83.8412338,57.86418987,9.318782698,5.947776337,453,20,7,6,33,504,5,4,1,10,486,514,354,12,285,12
33,1000,60,5.13,10.3,18,37,87,957,21,11,11,43,7.626123132,375,411,233.577919,171.3202357,9.971202594,5.309016785,459,19,9,10,38,498,2,2,1,5,497,503,391,20,364,11
35,1000,60,5.13,10.3,18,37,80,956,29,8,7,44,7.877821908,285,352,124.9509208,79.79878664,9.213844208,6.573483932,465,17,6,6,29,491,12,2,1,15,494,506,338,14,272,13
40,1000,60,5.13,10.3,18,37,20,954,22,13,11,46,7.705350145,121,182,17.01554516,10.91480959,7.235413589,8.151469254,468,11,5,3,19,486,11,8,8,27,487,513,130,52,102,19
38,1000,60,5.13,10.3,18,37,74,964,28,4,4,36,7.40466687,295,375,108.9247502,85.7037221,8.692259573,6.147609962,468,19,3,4,26,496,9,1,0,10,494,506,352,23,286,9
36,1000,60,5.13,10.3,18,37,77,959,29,7,5,41,7.446407941,326,391,387.0195287,223.6844696,9.097972415,5.90962401,454,20,5,3,28,505,9,2,2,13,482,518,361,30,311,15
34,1000,60,5.13,10.3,18,37,83,952,27,11,10,48,8.013317127,287,383,85.18375103,56.61891188,9.823771149,6.259885279,456,19,10,7,36,496,8,1,3,12,492,508,367,16,278,9
37,1000,60,5.13,10.3,18,37,76,957,25,10,8,43,7.577882763,303,385,89.23648665,61.70248682,9.364806326,5.88830134,453,20,6,7,33,504,5,4,1,10,486,514,362,23,293,10
33,1000,60,5.13,10.3,18,37,88,957,21,11,11,43,7.613793951,366,427,247.3822676,180.8191403,10.01210926,5.244086782,459,19,9,10,38,498,2,2,1,5,497,503,405,22,354,12
39,1000,60,5.13,10.3,18,37,71,968,23,4,5,32,7.711620838,256,313,97.75707257,69.12611025,8.533854606,6.902438399,470,19,4,3,26,498,4,0,2,6,496,504,284,29,240,16
35,1000,60,5.13,10.3,18,37,81,955,30,8,7,45,7.882024837,298,346,130.9056314,83.30716398,9.253466842,6.54310715,464,18,6,6,30,491,12,2,1,15,494,506,328,18,286,12
40,1000,60,5.13,10.3,18,37,21,954,22,13,11,46,7.723588259,122,192,17.11096183,11.02413498,7.273024412,8.151316512,468,11,5,3,19,486,11,8,8,27,487,513,128,64,99,23
38,1000,60,5.13,10.3,18,37,75,963,29,4,4,37,7.403956209,298,357,113.6434416,88.6580358,8.729163292,6.110176961,468,19,3,4,26,495,10,1,0,11,494,506,331,26,289,9
36,1000,60,5.13,10.3,18,37,78,958,30,6,6,42,7.438844218,337,388,464.3049343,264.9770262,9.154345625,5.842566847,453,21,4,4,29,505,9,2,2,13,482,518,370,18,325,12
34,1000,60,5.13,10.3,18,37,84,952,26,12,10,48,7.974331015,309,392,90.40454177,60.12651807,9.84339111,6.164138954,456,18,11,7,36,496,8,1,3,12,492,508,367,25,299,10
37,1000,60,5.13,10.3,18,37,77,957,25,10,8,43,7.541054845,306,374,95.07654252,65.41980904,9.431969667,5.753147057,453,20,6,7,33,504,5,4,1,10,486,514,354,20,297,9
33,1000,60,5.13,10.3,18,37,89,956,22,11,11,44,7.624716649,369,432,261.3338382,189.8881136,10.08453902,5.194236091,458,20,9,10,39,498,2,2,1,5,497,503,420,12,356,13
35,1000,60,5.13,10.3,18,37,82,954,30,9,7,46,7.866846617,299,377,140.0591862,88.39474564,9.30529117,6.462515373,463,19,6,6,31,491,11,3,1,15,494,506,348,29,286,13
39,1000,60,5.13,10.3,18,37,72,969,22,4,5,31,7.733168391,253,322,104.3375727,73.94059727,8.584952532,6.894904633,470,19,4,3,26,499,3,0,2,5,496,504,305,17,233,20
40,1000,60,5.13,10.3,18,37,22,954,22,13,11,46,7.738269538,97,187,17.24718902,11.15020937,7.262554343,8.189874411,467,12,5,3,20,487,10,8,8,26,487,513,133,54,84,13
38,1000,60,5.13,10.3,18,37,76,963,29,4,4,37,7.397999239,282,381,118.4887687,91.70994927,8.742340244,6.085539838,468,19,3,4,26,495,10,1,0,11,494,506,357,24,269,13
36,1000,60,5.13,10.3,18,37,79,957,31,6,6,43,7.438529862,318,388,484.9117738,276.4338054,9.235272513,5.766657356,452,22,4,4,30,505,9,2,2,13,482,518,366,22,309,9
34,1000,60,5.13,10.3,18,37,85,951,27,12,10,49,7.954543424,306,404,95.41875292,63.39271605,9.863986197,6.10524058,455,19,11,7,37,496,8,1,3,12,492,508,386,18,296,10
37,1000,60,5.13,10.3,18,37,78,956,26,10,8,44,7.550507265,324,381,99.7676471,68.82733674,9.454399268,5.750329223,452,21,6,7,34,504,5,4,1,10,486,514,359,22,313,11
33,1000,60,5.13,10.3,18,37,90,955,23,11,11,45,7.618422532,366,422,276.0106035,200.3373104,10.1016413,5.164824668,457,21,9,10,40,498,2,2,1,5,497,503,408,14,359,7
35,1000,60,5.13,10.3,18,37,83,956,29,8,7,44,7.853043894,313,376,151.5875966,95.20540479,9.318884818,6.421965995,464,19,5,6,30,492,10,3,1,14,494,506,357,19,299,14
39,1000,60,5.13,10.3,18,37,73,968,22,5,5,32,7.724090567,252,320,110.5957795,78.54544754,8.611062419,6.851197634,470,18,5,3,26,498,4,0,2,6,496,504,294,26,232,20
36,1000,60,5.13,10.3,18,37,80,957,30,7,6,43,7.476851352,325,387,521.2691069,294.7568232,9.337080125,5.745904888,451,22,5,4,31,506,8,2,2,12,482,518,366,21,313,12
38,1000,60,5.13,10.3,18,37,77,961,30,5,4,39,7.407157834,306,375,123.1080177,94.88945284,8.813133995,6.034524982,467,19,4,4,27,494,11,1,0,12,494,506,356,19,298,8
40,1000,60,5.13,10.3,18,37,23,954,22,13,11,46,7.736009721,129,159,17.41684536,11.281912,7.305555669,8.144647389,467,12,5,3,20,487,10,8,8,26,487,513,121,38,106,23
34,1000,60,5.13,10.3,18,37,86,951,28,12,9,49,7.928621666,317,406,100.3954378,66.54150338,9.841976826,6.07552966,455,20,11,6,37,496,8,1,3,12,492,508,387,19,308,9
33,1000,60,5.13,10.3,18,37,91,955,24,11,10,45,7.598494443,370,426,292.9182965,214.0444477,10.15667305,5.070830889,457,21,9,10,40,498,3,2,0,5,497,503,411,15,365,5
37,1000,60,5.13,10.3,18,37,79,956,26,10,8,44,7.57214238,310,380,105.8239577,72.9916613,9.506307893,5.743339969,452,21,6,7,34,504,5,4,1,10,486,514,358,22,297,13
35,1000,60,5.13,10.3,18,37,84,956,29,8,7,44,7.84085006,319,372,162.0988509,101.2783624,9.373048433,6.344988406,464,19,5,6,30,492,10,3,1,14,494,506,354,18,309,10
39,1000,60,5.13,10.3,18,37,74,967,23,5,5,33,7.756035293,275,340,117.0448694,83.13717909,8.678428624,6.848283125,469,19,5,3,27,498,4,0,2,6,496,504,322,18,266,9
36,1000,60,5.13,10.3,18,37,81,957,29,8,6,43,7.458702588,338,392,555.4534638,313.7750386,9.380119362,5.670820571,451,21,6,4,31,506,8,2,2,12,482,518,380,12,325,13
38,1000,60,5.13,10.3,18,37,78,960,31,5,4,40,7.394687538,319,387,130.1358316,101.0367453,8.860069749,5.964057474,467,19,4,4,27,493,12,1,0,13,494,506,363,24,310,9
40,1000,60,5.13,10.3,18,37,24,956,19,14,11,44,7.719159101,119,167,17.57005679,11.42208598,7.29123897,8.125391272,467,11,6,3,20,489,8,8,8,24,487,513,124,43,90,29
34,1000,60,5.13,10.3,18,37,87,953,26,10,11,47,7.904210156,326,394,105.7455806,69.99227251,9.916166888,5.95562214,455,20,9,8,37,498,6,1,3,10,492,508,379,15,312,14
33,1000,60,5.13,10.3,18,37,92,955,23,12,10,45,7.596044676,385,440,311.4955124,230.511255,10.22738848,4.996088674,457,20,10,10,40,498,3,2,0,5,497,503,424,16,379,6
37,1000,60,5.13,10.3,18,37,80,955,27,10,8,45,7.545117641,309,396,116.1557716,79.81176418,9.548450115,5.650916119,452,21,6,7,34,503,6,4,1,11,486,514,372,24,300,9
35,1000,60,5.13,10.3,18,37,85,955,30,8,7,45,7.81645616,321,394,169.4909653,105.315065,9.394744189,6.275597886,463,20,5,6,31,492,10,3,1,14,494,506,377,17,311,10
39,1000,60,5.13,10.3,18,37,75,967,24,4,5,33,7.721631421,269,332,123.9018394,88.31195052,8.674159913,6.784222428,470,19,4,3,26,497,5,0,2,7,496,504,312,20,251,18
36,1000,60,5.13,10.3,18,37,82,957,30,9,4,43,7.44871096,340,399,605.9139269,341.7447626,9.43656721,5.599006882,450,22,6,4,32,507,8,3,0,11,482,518,386,13,331,9
38,1000,60,5.13,10.3,18,37,79,961,30,5,4,39,7.385925305,315,401,137.7948658,106.8995911,8.912979414,5.895085918,467,19,4,4,27,494,11,1,0,12,494,506,373,28,308,7
34,1000,60,5.13,10.3,18,37,88,955,24,10,11,45,7.890308424,331,418,111.1509218,73.53288998,9.964084841,5.881847799,455,20,9,8,37,500,4,1,3,8,492,508,403,15,324,7
40,1000,60,5.13,10.3,18,37,25,958,18,13,11,42,7.728036228,134,200,17.73113486,11.58999453,7.32421138,8.111394319,467,11,6,3,20,491,7,7,8,22,487,513,139,61,110,24
33,1000,60,5.13,10.3,18,37,93,954,24,12,10,46,7.588586153,372,444,330.889192,247.6467356,10.23163872,4.97706105,457,20,10,10,40,497,4,2,0,6,497,503,428,16,364,8
37,1000,60,5.13,10.3,18,37,81,955,27,10,8,45,7.539546956,326,380,124.8126401,85.51917165,9.571736285,5.618060547,452,21,6,7,34,503,6,4,1,11,486,514,364,16,315,11
35,1000,60,5.13,10.3,18,37,86,955,30,8,7,45,7.797562122,306,381,179.2181773,110.8298897,9.410182383,6.22318582,463,20,5,6,31,492,10,3,1,14,494,506,357,24,296,10
39,1000,60,5.13,10.3,18,37,76,966,25,4,5,34,7.717833184,266,368,128.6079937,92.1042407,8.764811569,6.687473504,470,19,4,3,26,496,6,0,2,8,496,504,337,31,257,9
36,1000,60,5.13,10.3,18,37,83,957,30,9,4,43,7.474322444,344,420,643.8275252,364.1211827,9.49717588,5.592053416,450,22,6,4,32,507,8,3,0,11,482,518,402,18,334,10
38,1000,60,5.13,10.3,18,37,80,961,30,5,4,39,7.409895047,313,389,146.0444628,112.2897426,8.951977475,5.904383743,467,19,4,4,27,494,11,1,0,12,494,506,365,24,301,12
34,1000,60,5.13,10.3,18,37,89,955,26,10,9,45,7.860957703,339,416,116.9523343,77.36544694,9.979654978,5.808991051,455,21,9,7,37,500,5,1,2,8,492,508,395,21,330,9
33,1000,60,5.13,10.3,18,37,94,953,25,12,10,47,7.580797432,390,442,353.9739426,264.6311299,10.25058411,4.942857116,456,21,10,10,41,497,4,2,0,6,497,503,423,19,378,12
37,1000,60,5.13,10.3,18,37,82,956,26,10,8,44,7.510619735,337,397,134.2896988,91.97080343,9.615989135,5.519939718,452,21,6,7,34,504,5,4,1,10,486,514,381,16,327,10
35,1000,60,5.13,10.3,18,37,87,958,24,11,7,42,7.830414159,318,395,188.9057595,116.3557012,9.483951831,6.216090819,463,17,8,6,31,495,7,3,1,11,494,506,376,19,307,11
40,1000,60,5.13,10.3,18,37,26,957,19,13,11,43,7.737274215,128,174,18.06970793,11.88297514,7.340009865,8.114404309,466,12,6,3,21,491,7,7,8,22,487,513,123,51,105,23
39,1000,60,5.13,10.3,18,37,77,966,25,4,5,34,7.720857231,267,353,136.0691989,97.70291659,8.820606282,6.638564514,470,19,4,3,26,496,6,0,2,8,496,504,337,16,256,11
36,1000,60,5.13,10.3,18,37,84,957,30,9,4,43,7.460374641,348,407,699.6587611,398.6327452,9.577780741,5.490124177,450,22,6,4,32,507,8,3,0,11,482,518,387,20,333,15
38,1000,60,5.13,10.3,18,37,81,960,31,5,4,40,7.417900319,317,390,151.9371684,117.7231283,9.006833268,5.866649574,466,20,4,4,28,494,11,1,0,12,494,506,365,25,308,9
34,1000,60,5.13,10.3,18,37,90,955,26,9,10,45,7.851701324,326,425,123.9641655,82.05226218,10.01178231,5.759654386,455,21,8,8,37,500,5,1,2,8,492,508,405,20,321,5
33,1000,60,5.13,10.3,18,37,95,951,27,12,10,49,7.59084111,373,442,373.4802678,279.6039057,10.29368964,4.920233321,454,23,10,10,43,497,4,2,0,6,497,503,430,12,364,9
37,1000,60,5.13,10.3,18,37,83,957,26,9,8,43,7.493292135,320,402,143.074159,98.10501428,9.65614267,5.448262251,452,21,6,7,34,505,5,3,1,9,486,514,383,19,309,11
35,1000,60,5.13,10.3,18,37,88,956,25,11,8,44,7.81481219,327,391,202.6831268,124.2420137,9.528091109,6.142164392,461,18,9,6,33,495,7,2,2,11,494,506,374,17,319,8
40,1000,60,5.13,10.3,18,37,27,959,18,11,12,41,7.72865202,139,176,18.32518861,12.09110477,7.367172329,8.071811103,466,12,5,4,21,493,6,6,8,20,487,513,129,47,111,28
39,1000,60,5.13,10.3,18,37,78,965,26,4,5,35,7.72404336,290,357,142.7228742,102.8288676,8.849970376,6.615988201,469,20,4,3,27,496,6,0,2,8,496,504,337,20,277,13
36,1000,60,5.13,10.3,18,37,85,959,29,8,4,41,7.443479918,344,428,774.7492644,438.9445172,9.612494959,5.425207235,450,22,6,4,32,509,7,2,0,9,482,518,409,19,334,10
38,1000,60,5.13,10.3,18,37,82,961,30,5,4,39,7.414474719,320,384,157.8844746,122.5871089,9.058836685,5.809109479,466,20,4,4,28,495,10,1,0,11,494,506,368,16,308,12
34,1000,60,5.13,10.3,18,37,91,956,26,7,11,44,7.820789436,352,430,132.0011295,87.34904672,10.06614498,5.646153753,455,21,7,9,37,501,5,0,2,7,492,508,408,22,346,6
33,1000,60,5.13,10.3,18,37,96,952,25,13,10,48,7.572052953,385,438,392.8710135,295.6256971,10.33732492,4.839766339,455,21,11,10,42,497,4,2,0,6,497,503,426,12,374,11
37,1000,60,5.13,10.3,18,37,84,957,26,9,8,43,7.514393661,336,423,152.1877841,104.0331158,9.696999106,5.45068501,452,21,6,7,34,505,5,3,1,9,486,514,399,24,329,7
35,1000,60,5.13,10.3,18,37,89,956,25,11,8,44,7.817496532,321,385,212.7322366,129.9838622,9.561146585,6.115197863,461,18,9,6,33,495,7,2,2,11,494,506,363,22,309,12
40,1000,60,5.13,10.3,18,37,28,960,18,11,11,40,7.711021923,129,178,18.56369794,12.33142371,7.386520326,8.019077045,466,12,5,4,21,494,6,6,7,19,487,513,137,41,100,29
39,1000,60,5.13,10.3,18,37,79,963,28,4,5,37,7.742404536,281,349,153.4898182,112.4017864,8.910833672,6.592521894,467,22,4,3,29,496,6,0,2,8,496,504,333,16,270,11
36,1000,60,5.13,10.3,18,37,86,960,28,8,4,40,7.440410432,354,415,841.7072969,479.5576941,9.639493011,5.394159847,451,21,6,4,31,509,7,2,0,9,482,518,396,19,342,12
34,1000,60,5.13,10.3,18,37,92,955,27,7,11,45,7.79060921,361,430,139.195939,92.08334801,10.11464535,5.539771058,454,22,7,9,38,501,5,0,2,7,492,508,414,16,350,11
38,1000,60,5.13,10.3,18,37,83,962,29,5,4,38,7.402211754,338,417,166.9547456,130.8602595,9.137692092,5.707889053,465,21,4,4,29,497,8,1,0,9,494,506,391,26,326,12
33,1000,60,5.13,10.3,18,37,97,951,26,13,10,49,7.555043773,398,450,414.9104231,310.5680271,10.35869953,4.784831231,454,22,11,10,43,497,4,2,0,6,497,503,433,17,389,9
37,1000,60,5.13,10.3,18,37,85,956,27,9,8,44,7.528177989,354,403,163.2011591,112.1833421,9.752987074,5.42456473,451,22,6,7,35,505,5,3,1,9,486,514,381,22,344,10
35,1000,60,5.13,10.3,18,37,90,955,26,11,8,45,7.799849329,349,408,221.6761961,134.9411073,9.578266531,6.063608029,460,19,9,6,34,495,7,2,2,11,494,506,388,20,337,12
36,1000,60,5.13,10.3,18,37,87,960,28,8,4,40,7.40946994,361,425,931.1646318,531.4562805,9.674202069,5.302132322,451,21,6,4,31,509,7,2,0,9,482,518,410,15,346,15
39,1000,60,5.13,10.3,18,37,80,963,28,4,5,37,7.721968531,282,366,161.4528914,117.8963929,8.984258339,6.47971507,467,22,4,3,29,496,6,0,2,8,496,504,336,30,272,10
40,1000,60,5.13,10.3,18,37,29,960,19,10,11,40,7.719891172,135,201,18.75583764,12.49096575,7.44111474,7.984538585,465,13,5,4,22,495,6,5,7,18,487,513,144,57,116,19
34,1000,60,5.13,10.3,18,37,93,955,27,7,11,45,7.769445493,355,442,147.0787821,96.95883222,10.17290451,5.441685977,454,21,7,10,38,501,6,0,1,7,492,508,426,16,345,10
33,1000,60,5.13,10.3,18,37,98,950,27,14,9,50,7.55468531,383,427,435.5397924,325.5135943,10.38043392,4.76264344,453,23,12,9,44,497,4,2,0,6,497,503,418,9,366,17
38,1000,60,5.13,10.3,18,37,84,961,30,5,4,39,7.417904966,326,399,175.5711598,137.1385625,9.197213509,5.680793464,463,23,4,4,31,498,7,1,0,8,494,506,382,17,319,7
37,1000,60,5.13,10.3,18,37,86,956,27,9,8,44,7.488614869,351,421,171.3055277,117.8429787,9.780403544,5.321670714,451,22,6,7,35,505,5,3,1,9,486,514,408,13,342,9
35,1000,60,5.13,10.3,18,37,91,957,25,11,7,43,7.793270234,337,403,245.7213799,147.9284854,9.608683285,6.020910456,461,19,9,5,33,496,6,2,2,10,494,506,385,18,324,13
36,1000,60,5.13,10.3,18,37,88,960,28,8,4,40,7.379124678,372,419,1035.318865,591.7604717,9.69849067,5.220950145,451,21,6,4,31,509,7,2,0,9,482,518,402,17,355,17
39,1000,60,5.13,10.3,18,37,81,960,30,5,5,40,7.749807219,295,382,169.4387161,123.3319411,9.006966776,6.512602575,466,22,5,3,30,494,8,0,2,10,496,504,360,22,282,13
34,1000,60,5.13,10.3,18,37,94,955,27,7,11,45,7.799177535,357,435,153.4898847,101.2830407,10.23857869,5.436607914,454,21,7,10,38,501,6,0,1,7,492,508,422,13,345,12
40,1000,60,5.13,10.3,18,37,30,961,19,9,11,39,7.715571815,127,170,19.00552985,12.66362256,7.481546311,7.937736377,465,13,5,4,22,496,6,4,7,17,487,513,126,44,107,20
33,1000,60,5.13,10.3,18,37,99,950,28,13,9,50,7.514225961,409,449,466.2142336,344.3288522,10.37806221,4.684550784,453,24,11,9,44,497,4,2,0,6,497,503,433,16,400,9
38,1000,60,5.13,10.3,18,37,85,961,30,5,4,39,7.415336406,326,402,181.3658779,140.8437993,9.241018309,5.632951307,463,23,4,4,31,498,7,1,0,8,494,506,378,24,317,9
37,1000,60,5.13,10.3,18,37,87,957,27,8,8,43,7.497890165,365,423,179.5526447,124.1814527,9.832245842,5.290697833,451,22,6,7,35,506,5,2,1,8,486,514,403,20,351,14
35,1000,60,5.13,10.3,18,37,92,957,25,11,7,43,7.764514419,346,410,261.5274969,156.3812469,9.642259019,5.931301311,460,20,9,5,34,497,5,2,2,9,494,506,393,17,337,9
36,1000,60,5.13,10.3,18,37,89,960,28,8,4,40,7.3852531,359,430,1128.956945,643.8941751,9.778053299,5.158747895,451,21,6,4,31,509,7,2,0,9,482,518,413,17,347,12
39,1000,60,5.13,10.3,18,37,82,958,32,5,5,42,7.75695695,296,382,177.1405761,128.738384,9.065152697,6.469526215,465,23,5,3,31,493,9,0,2,11,496,504,361,21,291,5
34,1000,60,5.13,10.3,18,37,95,955,27,7,11,45,7.781597279,356,429,160.0603805,105.7024485,10.30048281,5.342046727,454,21,7,10,38,501,6,0,1,7,492,508,420,9,350,6
33,1000,60,5.13,10.3,18,37,100,950,28,12,10,50,7.514936069,413,449,502.8733677,370.95181,10.4513271,4.613571576,452,25,10,10,45,498,3,2,0,5,497,503,437,12,404,9
38,1000,60,5.13,10.3,18,37,86,961,30,5,4,39,7.368851712,345,414,190.1122156,147.0427288,9.268575951,5.514180222,462,24,4,4,32,499,6,1,0,7,494,506,396,18,339,6
40,1000,60,5.13,10.3,18,37,31,960,19,9,12,40,7.741507408,126,196,19.31487072,12.88740715,7.551951516,7.921456179,464,13,6,4,23,496,6,3,8,17,487,513,147,49,106,20
37,1000,60,5.13,10.3,18,37,88,957,27,8,8,43,7.515050818,365,422,191.6551436,132.5603277,9.8765271,5.282215267,451,22,6,7,35,506,5,2,1,8,486,514,409,13,351,14
35,1000,60,5.13,10.3,18,37,93,958,24,11,7,42,7.753399916,335,403,297.4508363,175.342519,9.686186113,5.866450545,460,20,9,5,34,498,4,2,2,8,494,506,384,19,325,10
36,1000,60,5.13,10.3,18,37,90,960,27,8,5,40,7.374910797,366,420,1152.810866,657.989755,9.835444055,5.08537985,451,20,6,5,31,509,7,2,0,9,482,518,407,13,355,11
34,1000,60,5.13,10.3,18,37,96,953,29,7,11,47,7.800794135,368,442,168.1751609,111.733988,10.36139193,5.320845088,452,23,7,10,40,501,6,0,1,7,492,508,430,12,364,4
39,1000,60,5.13,10.3,18,37,83,958,31,6,5,42,7.750287388,317,385,188.5776621,137.6022719,9.108610379,6.41352508,464,23,6,3,32,494,8,0,2,10,496,504,363,22,299,18
33,1000,60,5.13,10.3,18,37,101,950,27,12,11,50,7.518628114,405,459,543.1132353,394.641563,10.51931841,4.553731341,452,24,10,11,45,498,3,2,0,5,497,503,442,17,399,6
37,1000,60,5.13,10.3,18,37,89,959,26,7,8,41,7.498291281,375,435,203.0848014,140.5830401,9.933218726,5.196005797,451,22,6,7,35,508,4,1,1,6,486,514,415,20,366,9
38,1000,60,5.13,10.3,18,37,87,961,30,5,4,39,7.345946599,343,425,200.8542783,154.0810194,9.281571712,5.456225638,461,25,4,4,33,500,5,1,0,6,494,506,408,17,333,10
35,1000,60,5.13,10.3,18,37,94,958,24,11,7,42,7.758723073,350,414,326.2280537,191.7590038,9.73479438,5.829515118,460,20,9,5,34,498,4,2,2,8,494,506,401,13,341,9
40,1000,60,5.13,10.3,18,37,32,958,21,9,12,42,7.753330502,119,189,19.50234605,13.08011579,7.579165865,7.918668082,464,13,6,4,23,494,8,3,8,19,487,513,145,44,107,12
36,1000,60,5.13,10.3,18,37,91,959,28,8,5,41,7.348659095,380,443,1221.389399,695.933013,9.861925805,5.010059569,450,21,6,5,32,509,7,2,0,9,482,518,422,21,368,12
34,1000,60,5.13,10.3,18,37,97,953,29,7,11,47,7.773941591,385,443,176.9721338,117.6557421,10.39458362,5.235839468,452,23,7,10,40,501,6,0,1,7,492,508,425,18,371,14
33,1000,60,5.13,10.3,18,37,102,949,27,13,11,51,7.49105694,400,468,581.9232185,417.3613467,10.55591976,4.462753122,451,24,11,11,46,498,3,2,0,5,497,503,448,20,393,7
39,1000,60,5.13,10.3,18,37,84,958,31,6,5,42,7.71852163,323,383,198.6031699,143.5386009,9.162789539,6.297178609,464,23,6,3,32,494,8,0,2,10,496,504,364,19,314,9
37,1000,60,5.13,10.3,18,37,90,960,26,7,7,40,7.471216349,359,439,217.5411308,150.4206289,9.996847597,5.083168127,451,22,6,7,35,509,4,1,0,5,486,514,422,17,349,10
38,1000,60,5.13,10.3,18,37,88,961,30,5,4,39,7.325407788,354,417,214.3219895,165.0915075,9.310392841,5.387497479,461,25,4,4,33,500,5,1,0,6,494,506,400,17,346,8
35,1000,60,5.13,10.3,18,37,95,955,27,11,7,45,7.784749965,358,421,351.8489903,206.2083883,9.797730409,5.819508187,457,23,9,5,37,498,4,2,2,8,494,506,407,14,348,10
40,1000,60,5.13,10.3,18,37,33,958,22,9,11,42,7.779154444,129,195,19.76055772,13.33691601,7.624985193,7.925510049,464,13,6,4,23,494,9,3,7,19,487,513,155,40,112,17
36,1000,60,5.13,10.3,18,37,92,959,27,9,5,41,7.32245794,378,438,1350.811605,766.2713583,9.879492561,4.94313229,449,22,6,5,33,510,5,3,0,8,482,518,421,17,363,15
34,1000,60,5.13,10.3,18,37,98,952,29,8,11,48,7.811501995,387,450,187.2238177,124.6303188,10.4906675,5.216719655,452,23,7,10,40,500,6,1,1,8,492,508,434,16,375,12
33,1000,60,5.13,10.3,18,37,103,949,27,13,11,51,7.515124252,411,459,636.9222244,454.545002,10.61670178,4.450543677,451,24,11,11,46,498,3,2,0,5,497,503,443,16,401,10
39,1000,60,5.13,10.3,18,37,85,957,32,6,5,43,7.721683829,329,409,207.8061358,149.0325475,9.187015698,6.279611196,463,24,6,3,33,494,8,0,2,10,496,504,379,30,318,11
37,1000,60,5.13,10.3,18,37,91,959,27,7,7,41,7.448899394,353,436,227.1454051,157.6102215,10.05184777,4.987745873,450,23,6,7,36,509,4,1,0,5,486,514,430,6,342,11
38,1000,60,5.13,10.3,18,37,89,964,28,4,4,36,7.341637033,359,425,226.6968957,173.641563,9.356818002,5.374246917,462,24,4,4,32,502,4,0,0,4,494,506,408,17,345,14
35,1000,60,5.13,10.3,18,37,96,956,27,10,7,44,7.833124627,343,411,377.6596839,220.3135675,9.869347095,5.84519202,457,23,9,5,37,499,4,1,2,7,494,506,390,21,337,6
40,1000,60,5.13,10.3,18,37,34,957,21,11,11,43,7.766393099,137,208,19.97186171,13.51316317,7.670625722,7.85730677,463,12,8,4,24,494,9,3,7,19,487,513,157,51,120,17
36,1000,60,5.13,10.3,18,37,93,962,24,9,5,38,7.302749573,380,441,1471.379726,831.9690607,9.902661764,4.88352626,450,20,7,5,32,512,4,2,0,6,482,518,429,12,368,12
34,1000,60,5.13,10.3,18,37,99,952,29,8,11,48,7.778781949,383,447,199.2218559,132.3705051,10.52588878,5.118198169,452,23,7,10,40,500,6,1,1,8,492,508,426,21,375,8
33,1000,60,5.13,10.3,18,37,104,948,28,13,11,52,7.504100043,402,453,694.7512964,497.8326369,10.64038658,4.40522448,451,24,11,11,46,497,4,2,0,6,497,503,443,10,395,7
41,1000,60,5.13,10.3,18,37,0,941,32,13,14,59,7.293,89,160,14.94847968,8.888401321,6.850775194,7.76446281,489,18,4,5,27,452,14,9,9,32,516,484,93,67,54,35
37,1000,60,5.13,10.3,18,37,92,959,26,8,7,41,7.449603914,360,434,237.4932998,165.7051469,10.11470782,4.929680763,450,22,7,7,36,509,4,1,0,5,486,514,420,14,355,5
39,1000,60,5.13,10.3,18,37,86,958,31,6,5,42,7.672595378,324,405,216.7833699,154.495427,9.202919933,6.166561689,463,24,6,3,33,495,7,0,2,9,496,504,382,23,310,14
35,1000,60,5.13,10.3,18,37,97,955,28,10,7,45,7.84383789,357,421,404.2474772,234.8571617,9.965221056,5.772764205,456,23,10,5,38,499,5,0,2,7,494,506,405,16,350,7
38,1000,60,5.13,10.3,18,37,90,963,29,4,4,37,7.304021063,355,433,238.821569,183.7057947,9.377025362,5.280178921,461,25,4,4,33,502,4,0,0,4,494,506,420,13,337,18
36,1000,60,5.13,10.3,18,37,94,962,23,10,5,38,7.29863776,388,468,1606.534904,905.6130378,9.94208741,4.838902757,450,19,8,5,32,512,4,2,0,6,482,518,447,21,377,11
40,1000,60,5.13,10.3,18,37,35,956,23,11,10,44,7.760208826,143,201,20.25662504,13.73303844,7.733164722,7.785882274,463,12,8,4,24,493,11,3,6,20,487,513,159,42,122,21
34,1000,60,5.13,10.3,18,37,100,954,27,8,11,46,7.725286825,392,454,208.9590044,138.6964834,10.5356552,5.003433986,452,23,7,10,40,502,4,1,1,6,492,508,437,17,384,8
41,1000,60,5.13,10.3,18,37,1,942,33,12,13,58,7.291707429,87,150,14.99257478,8.986282426,6.82845252,7.785590761,489,19,4,4,27,453,14,8,9,31,516,484,76,74,57,30
37,1000,60,5.13,10.3,18,37,93,959,25,9,7,41,7.412412641,382,439,251.5774041,175.7765509,10.14566506,4.828053348,449,21,9,7,37,510,4,0,0,4,486,514,424,15,376,6
39,1000,60,5.13,10.3,18,37,87,958,30,7,5,42,7.655400903,328,398,227.4934026,161.3305476,9.25120138,6.084930592,463,23,7,3,33,495,7,0,2,9,496,504,383,15,313,15
35,1000,60,5.13,10.3,18,37,98,955,28,10,7,45,7.796118425,372,427,419.4662951,244.1491664,9.978148436,5.665836162,456,23,10,5,38,499,5,0,2,7,494,506,405,22,363,9
38,1000,60,5.13,10.3,18,37,91,963,29,4,4,37,7.354182441,352,441,253.03499,195.3046664,9.452295159,5.305827337,460,26,4,4,34,503,3,0,0,3,494,506,419,22,346,6
36,1000,60,5.13,10.3,18,37,95,961,24,10,5,39,7.295121841,385,453,1752.194094,987.7125751,9.997191519,4.78084079,449,20,8,5,33,512,4,2,0,6,482,518,437,16,379,6
34,1000,60,5.13,10.3,18,37,101,954,26,9,11,46,7.689348269,409,454,222.8524349,148.2780192,10.58439171,4.885487303,451,23,8,10,41,503,3,1,1,5,492,508,440,14,403,6
40,1000,60,5.13,10.3,18,37,36,956,23,11,10,44,7.76597863,148,193,20.67287187,14.09281528,7.761940224,7.76981236,463,12,8,4,24,493,11,3,6,20,487,513,157,36,121,27
41,1000,60,5.13,10.3,18,37,2,941,34,12,13,59,7.337392377,99,144,15.01306565,9.052027476,6.884509673,7.82021774,489,19,4,4,27,452,15,8,9,32,516,484,83,61,67,32
37,1000,60,5.13,10.3,18,37,94,959,25,9,7,41,7.374646576,381,427,264.2700959,184.5968583,10.17751846,4.724460317,449,21,9,7,37,510,4,0,0,4,486,514,416,11,372,9
35,1000,60,5.13,10.3,18,37,99,954,28,11,7,46,7.803162864,362,437,434.4314781,253.7401859,10.03641349,5.622874704,455,23,11,5,39,499,5,0,2,7,494,506,419,18,348,14
39,1000,60,5.13,10.3,18,37,88,958,30,7,5,42,7.632892628,335,391,240.6406044,171.4805829,9.289171762,6.002903638,463,23,7,3,33,495,7,0,2,9,496,504,376,15,322,13
38,1000,60,5.13,10.3,18,37,92,963,29,4,4,37,7.342596346,353,449,265.8259294,205.848501,9.484375417,5.251610454,460,26,4,4,34,503,3,0,0,3,494,506,431,18,345,8
36,1000,60,5.13,10.3,18,37,96,961,24,10,5,39,7.299403963,401,461,1910.205004,1076.057392,10.02730339,4.761088285,448,21,8,5,34,513,3,2,0,5,482,518,446,15,388,13
34,1000,60,5.13,10.3,18,37,102,953,27,8,12,47,7.666697704,402,462,236.8644689,158.3084862,10.62756176,4.799089205,450,24,7,11,42,503,3,1,1,5,492,508,447,15,394,8
37,1000,60,5.13,10.3,18,37,95,960,23,10,7,40,7.351732325,390,442,275.0311999,192.8681807,10.2179513,4.64164979,450,19,10,7,36,510,4,0,0,4,486,514,421,21,378,12
41,1000,60,5.13,10.3,18,37,3,943,33,11,13,57,7.364506882,81,151,15.02972752,9.098023321,6.916470264,7.842165756,489,19,4,4,27,454,14,7,9,30,516,484,87,64,50,31
40,1000,60,5.13,10.3,18,37,37,957,22,10,11,43,7.799905629,133,213,21.0294223,14.37227478,7.840007016,7.761836671,463,12,7,5,24,494,10,3,6,19,487,513,174,39,122,11
35,1000,60,5.13,10.3,18,37,100,954,28,11,7,46,7.780676988,368,441,449.8690741,263.8555656,10.06108799,5.554346877,455,23,11,5,39,499,5,0,2,7,494,506,424,17,357,11
39,1000,60,5.13,10.3,18,37,89,956,33,7,4,44,7.612792286,332,388,253.2422931,179.5526247,9.382947793,5.870734484,460,26,7,3,36,496,7,0,1,8,496,504,376,12,327,5
38,1000,60,5.13,10.3,18,37,93,963,29,4,4,37,7.364135539,368,435,287.6110977,220.8148348,9.558715435,5.221601016,460,26,4,4,34,503,3,0,0,3,494,506,416,19,360,8
36,1000,60,5.13,10.3,18,37,97,961,24,10,5,39,7.303254092,398,470,2214.22643,1237.920868,10.07694188,4.722332252,448,21,8,5,34,513,3,2,0,5,482,518,449,21,392,6
34,1000,60,5.13,10.3,18,37,103,952,28,8,12,48,7.656172659,405,455,248.850873,166.5257929,10.62806652,4.777881752,449,25,7,11,43,503,3,1,1,5,492,508,441,14,398,7
37,1000,60,5.13,10.3,18,37,96,959,23,11,7,41,7.306685819,387,452,288.6585641,202.3395607,10.25104089,4.522723628,449,19,11,7,37,510,4,0,0,4,486,514,439,13,382,5
41,1000,60,5.13,10.3,18,37,4,942,33,12,13,58,7.393027929,98,152,15.08401302,9.173315437,6.944862178,7.870824473,489,19,4,4,27,453,14,8,9,31,516,484,92,60,66,32
35,1000,60,5.13,10.3,18,37,101,953,30,11,6,47,7.743885913,371,443,481.8684905,280.6621761,10.04908916,5.49335152,454,25,11,4,40,499,5,0,2,7,494,506,427,16,359,12
40,1000,60,5.13,10.3,18,37,38,957,23,10,10,43,7.845570007,164,212,21.3712814,14.65756449,7.935946111,7.759774367,463,12,7,5,24,494,11,3,5,19,487,513,173,39,148,16
39,1000,60,5.13,10.3,18,37,90,956,33,7,4,44,7.610878328,330,406,269.3280594,190.6579724,9.41957293,5.830893165,460,26,7,3,36,496,7,0,1,8,496,504,388,18,322,8
38,1000,60,5.13,10.3,18,37,94,963,29,4,4,37,7.375398854,375,438,301.2068463,231.6424089,9.617827984,5.186149861,460,26,4,4,34,503,3,0,0,3,494,506,419,19,365,10
36,1000,60,5.13,10.3,18,37,98,960,25,10,5,40,7.315875926,391,458,2646.645296,1471.519521,10.12867715,4.698558959,447,22,8,5,35,513,3,2,0,5,482,518,447,11,385,6
34,1000,60,5.13,10.3,18,37,104,952,28,8,12,48,7.666625708,408,479,266.5400274,180.520119,10.64285666,4.784134311,449,25,7,11,43,503,3,1,1,5,492,508,464,15,396,12
42,1000,60,5.13,10.3,18,37,0,951,22,13,14,49,7.137,95,149,14.93042144,8.870486843,6.371819961,7.936605317,500,8,1,2,11,451,14,12,12,38,511,489,87,62,69,26
37,1000,60,5.13,10.3,18,37,97,960,22,11,7,40,7.273736809,402,457,304.887775,214.3572239,10.2599086,4.450235855,449,19,11,7,37,511,3,0,0,3,486,514,441,16,395,7
41,1000,60,5.13,10.3,18,37,5,942,33,12,13,58,7.402154084,102,147,15.14021716,9.25000425,6.980612496,7.85156619,490,18,4,4,26,452,15,8,9,32,516,484,84,63,68,34
35,1000,60,5.13,10.3,18,37,102,953,30,11,6,47,7.739808119,376,439,495.8533447,289.0739046,10.09636534,5.439137633,454,25,11,4,40,499,5,0,2,7,494,506,422,17,365,11
40,1000,60,5.13,10.3,18,37,39,958,23,9,10,42,7.83932744,158,235,21.97261736,15.11827395,7.941556533,7.742279549,464,12,6,5,23,494,11,3,5,19,487,513,195,40,130,28
38,1000,60,5.13,10.3,18,37,95,963,29,4,4,37,7.383463893,371,453,321.1784718,245.434055,9.687144581,5.134415948,460,26,4,4,34,503,3,0,0,3,494,506,434,19,363,8
39,1000,60,5.13,10.3,18,37,91,956,33,7,4,44,7.57187031,350,412,287.7131412,203.6967457,9.42238425,5.750729608,459,27,7,3,37,497,6,0,1,7,496,504,393,19,337,13
36,1000,60,5.13,10.3,18,37,99,957,27,10,6,43,7.329067484,393,463,2824.355837,1568.737152,10.18522387,4.671408451,444,24,8,6,38,513,3,2,0,5,482,518,448,15,384,9
42,1000,60,5.13,10.3,18,37,1,952,22,11,15,48,7.145292467,86,150,14.98227963,8.951162966,6.407313435,7.91647301,499,9,1,2,12,453,13,10,13,36,511,489,88,62,59,27
37,1000,60,5.13,10.3,18,37,98,960,22,10,8,40,7.260780572,410,452,319.8824608,224.7027095,10.3020122,4.385219153,449,19,10,8,37,511,3,0,0,3,486,514,439,13,397,13
41,1000,60,5.13,10.3,18,37,6,942,32,12,14,58,7.444451866,97,154,15.22628451,9.326663167,7.030179021,7.886114651,490,17,5,4,26,452,15,7,10,32,516,484,95,59,59,38
35,1000,60,5.13,10.3,18,37,103,954,29,11,6,46,7.701320568,382,434,513.1589565,299.4711277,10.13917875,5.321277205,454,25,11,4,40,500,4,0,2,6,494,506,420,14,374,8
38,1000,60,5.13,10.3,18,37,96,963,29,4,4,37,7.371297795,386,424,341.8812722,264.1292202,9.712754318,5.085369885,460,26,4,4,34,503,3,0,0,3,494,506,414,10,371,15
39,1000,60,5.13,10.3,18,37,92,956,32,8,4,44,7.579309874,342,395,307.2382292,217.5756775,9.483430608,5.705413278,459,26,8,3,37,497,6,0,1,7,496,504,388,7,330,12
40,1000,60,5.13,10.3,18,37,40,958,23,9,10,42,7.860611266,168,230,22.64313066,15.67607663,7.996491296,7.731617944,464,12,6,5,23,494,11,3,5,19,487,513,196,34,149,19
36,1000,60,5.13,10.3,18,37,100,956,28,10,6,44,7.325919872,401,447,3262.789413,1815.580623,10.23211248,4.621702043,442,26,8,6,40,514,2,2,0,4,482,518,436,11,398,3
42,1000,60,5.13,10.3,18,37,2,953,21,11,15,47,7.151879043,81,165,15.0227772,8.986032999,6.428331265,7.907979072,498,10,1,2,13,455,11,10,13,34,511,489,99,66,57,24
37,1000,60,5.13,10.3,18,37,99,960,22,10,8,40,7.274557105,409,465,336.6569038,236.8745007,10.34180748,4.374394298,449,19,10,8,37,511,3,0,0,3,486,514,445,20,403,6
41,1000,60,5.13,10.3,18,37,7,944,31,11,14,56,7.4603902,82,154,15.29696159,9.424482968,7.064377528,7.882585529,490,17,5,4,26,454,14,6,10,30,516,484,84,70,55,27
35,1000,60,5.13,10.3,18,37,104,954,29,11,6,46,7.659171942,376,439,540.0956066,316.1900705,10.15884523,5.218779447,454,25,11,4,40,500,4,0,2,6,494,506,426,13,368,8
43,1000,60,5.13,10.3,18,37,0,952,21,9,18,48,7.311,105,146,14.89202038,8.673939118,6.44921875,8.215163934,494,11,1,6,18,458,10,8,12,30,512,488,84,62,66,39
38,1000,60,5.13,10.3,18,37,97,963,28,5,4,37,7.345377935,388,447,362.0845432,278.4424223,9.744395395,5.00325417,460,25,5,4,34,503,3,0,0,3,494,506,431,16,377,11
39,1000,60,5.13,10.3,18,37,93,956,32,7,5,44,7.556054819,343,424,322.921353,228.826501,9.517074979,5.626161963,458,27,7,4,38,498,5,0,1,6,496,504,408,16,336,7
36,1000,60,5.13,10.3,18,37,101,956,28,10,6,44,7.318162104,414,464,3549.322657,1972.670144,10.27769916,4.564307165,442,26,8,6,40,514,2,2,0,4,482,518,451,13,402,12
40,1000,60,5.13,10.3,18,37,41,957,24,9,10,43,7.869591993,167,232,23.44789687,16.26359765,8.010493104,7.735832069,464,12,6,5,23,493,12,3,5,20,487,513,199,33,146,21
37,1000,60,5.13,10.3,18,37,100,959,23,10,8,41,7.274995767,416,476,356.5612345,250.6497093,10.39918126,4.320999365,448,20,10,8,38,511,3,0,0,3,486,514,453,23,409,7
42,1000,60,5.13,10.3,18,37,3,954,22,9,15,46,7.180218757,75,145,15.10691224,9.085826403,6.462427019,7.930303785,498,10,1,2,13,456,12,8,13,33,511,489,77,68,48,27
41,1000,60,5.13,10.3,18,37,8,947,29,10,14,53,7.455454772,93,164,15.36233196,9.492176781,7.08078175,7.854899564,491,16,5,4,25,456,13,5,10,28,516,484,99,65,61,32
43,1000,60,5.13,10.3,18,37,1,954,21,8,17,46,7.31199241,91,175,14.92298065,8.73250661,6.493204907,8.171048151,494,11,1,6,18,460,10,7,11,28,512,488,93,82,64,27
38,1000,60,5.13,10.3,18,37,98,962,29,5,4,38,7.316924963,377,445,387.3523508,296.6535972,9.777482539,4.914720531,459,26,5,4,35,503,3,0,0,3,494,506,432,13,369,8
39,1000,60,5.13,10.3,18,37,94,956,32,7,5,44,7.54486749,358,419,342.9179091,240.7793207,9.52343653,5.597704307,458,27,7,4,38,498,5,0,1,6,496,504,407,12,347,11
36,1000,60,5.13,10.3,18,37,102,957,28,9,6,43,7.288962915,413,465,4359.531625,2402.879382,10.2977822,4.489250766,442,26,8,6,40,515,2,1,0,3,482,518,452,13,401,12
40,1000,60,5.13,10.3,18,37,42,958,24,8,10,42,7.860749395,145,225,23.9559823,16.61405507,8.020252211,7.709330542,465,12,5,5,22,493,12,3,5,20,487,513,196,29,126,19
37,1000,60,5.13,10.3,18,37,101,958,24,10,8,42,7.293361436,412,476,377.1947825,264.6765301,10.44856036,4.31004105,448,20,10,8,38,510,4,0,0,4,486,514,460,16,403,9
42,1000,60,5.13,10.3,18,37,4,955,21,9,15,45,7.196945131,96,159,15.13961269,9.127012119,6.483915805,7.942053487,498,10,1,2,13,457,11,8,13,32,511,489,99,60,62,34
41,1000,60,5.13,10.3,18,37,9,946,30,11,13,54,7.473036574,92,165,15.42329463,9.568516272,7.116936141,7.852680837,491,16,5,4,25,455,14,6,9,29,516,484,102,63,71,21
43,1000,60,5.13,10.3,18,37,2,954,21,8,17,46,7.336969043,84,144,14.96721091,8.767368537,6.575174456,8.136228938,493,12,1,6,19,461,9,7,11,27,512,488,86,58,57,27
38,1000,60,5.13,10.3,18,37,99,961,29,6,4,39,7.351058304,376,444,408.6318424,313.1506609,9.864351933,4.897368476,458,26,6,4,36,503,3,0,0,3,494,506,434,10,365,11
36,1000,60,5.13,10.3,18,37,103,957,28,9,6,43,7.242787655,414,470,5163.96676,2820.240438,10.29797233,4.39993242,442,26,8,6,40,515,2,1,0,3,482,518,459,11,402,12
39,1000,60,5.13,10.3,18,37,95,957,31,7,5,43,7.520900472,348,406,359.6805231,252.5846882,9.580573584,5.493920584,458,27,7,4,38,499,4,0,1,5,496,504,393,13,340,8
37,1000,60,5.13,10.3,18,37,102,958,24,10,8,42,7.237347968,414,465,401.072811,280.8582281,10.44479748,4.204623337,448,20,10,8,38,510,4,0,0,4,486,514,450,15,403,11
40,1000,60,5.13,10.3,18,37,43,959,24,8,9,41,7.837888003,169,237,24.7249319,17.19376587,8.025992584,7.659316987,465,12,5,5,22,494,12,3,4,19,487,513,200,37,155,14
42,1000,60,5.13,10.3,18,37,5,957,20,8,15,43,7.202926508,96,182,15.16721196,9.195520856,6.496205629,7.9414426,498,10,1,2,13,459,10,7,13,30,511,489,112,70,73,23
41,1000,60,5.13,10.3,18,37,10,947,31,11,11,53,7.484907919,104,156,15.53850883,9.65936112,7.179878935,7.810104108,491,16,5,4,25,456,15,6,7,28,516,484,95,61,73,31
43,1000,60,5.13,10.3,18,37,3,953,22,9,16,47,7.366269099,72,156,14.97008468,8.803256642,6.621467165,8.147700636,493,12,1,6,19,460,10,8,10,28,512,488,96,60,52,20
38,1000,60,5.13,10.3,18,37,100,961,29,6,4,39,7.338638101,390,453,429.0485374,326.903647,9.919852658,4.818638119,458,26,6,4,36,503,3,0,0,3,494,506,438,15,388,2
36,1000,60,5.13,10.3,18,37,104,956,28,10,6,44,7.258242171,415,459,5549.887616,3036.231205,10.36581187,4.366642569,441,26,9,6,41,515,2,1,0,3,482,518,450,9,409,6
44,1000,60,5.13,10.3,18,37,0,934,36,13,17,66,7.372,96,153,15.01057311,9.20696298,6.28125,8.516393443,496,10,4,2,16,438,26,9,15,50,512,488,85,68,66,30
39,1000,60,5.13,10.3,18,37,96,955,32,8,5,45,7.543619139,365,415,379.4020073,267.1134106,9.668185419,5.452776132,457,28,7,4,39,498,4,1,1,6,496,504,405,10,352,13
37,1000,60,5.13,10.3,18,37,103,958,24,10,8,42,7.194949862,411,488,420.3133597,296.3235812,10.45391669,4.113514302,448,20,10,8,38,510,4,0,0,4,486,514,468,20,407,4
42,1000,60,5.13,10.3,18,37,6,958,19,8,15,42,7.225129313,99,166,15.26806802,9.290859595,6.511542406,7.970820336,498,10,1,2,13,460,9,7,13,29,511,489,97,69,69,30
41,1000,60,5.13,10.3,18,37,11,947,31,11,11,53,7.513734888,95,137,15.60145619,9.719719531,7.197002372,7.851408397,492,15,5,4,24,455,16,6,7,29,516,484,93,44,72,23
40,1000,60,5.13,10.3,18,37,44,959,22,10,9,41,7.872292765,162,230,25.15080854,17.5362419,8.07106305,7.683596607,465,11,6,5,22,494,11,4,4,19,487,513,195,35,141,21
43,1000,60,5.13,10.3,18,37,4,952,23,9,16,48,7.394178303,88,144,15.04272805,8.878345462,6.631921544,8.1939231,493,12,1,6,19,459,11,8,10,29,512,488,83,61,65,23
38,1000,60,5.13,10.3,18,37,101,961,29,6,4,39,7.318392993,390,465,446.6183379,345.673354,9.965805117,4.733765346,458,26,6,4,36,503,3,0,0,3,494,506,450,15,382,8
44,1000,60,5.13,10.3,18,37,1,935,35,13,17,65,7.352958127,95,142,15.07017377,9.2849401,6.303316653,8.454221311,496,10,4,2,16,439,25,9,15,49,512,488,70,72,60,35
39,1000,60,5.13,10.3,18,37,97,954,33,8,5,46,7.537904475,387,428,395.3194615,277.2397032,9.687629202,5.422302362,457,28,7,4,39,497,5,1,1,7,496,504,413,15,372,15
37,1000,60,5.13,10.3,18,37,104,957,25,10,8,43,7.197617093,417,465,443.5901024,312.4496748,10.50325244,4.072055264,447,21,10,8,39,510,4,0,0,4,486,514,455,10,413,4
45,1000,60,5.13,10.3,18,37,0,937,28,20,15,63,7.201,88,130,15.08039846,9.206199068,6.154004107,8.194931774,466,8,8,5,21,471,20,12,10,42,487,513,71,59,54,34
42,1000,60,5.13,10.3,18,37,7,958,19,8,15,42,7.264776897,91,166,15.33952011,9.367350957,6.585303383,7.974819771,498,10,1,2,13,460,9,7,13,29,511,489,94,72,67,24
41,1000,60,5.13,10.3,18,37,12,947,30,12,11,53,7.536575184,118,165,15.66588715,9.776386816,7.220712603,7.873321243,492,15,5,4,24,455,15,7,7,29,516,484,98,67,87,31
40,1000,60,5.13,10.3,18,37,45,960,23,8,9,40,7.861942106,183,231,25.79165754,18.09918276,8.120419083,7.616565327,464,12,6,5,23,496,11,2,4,17,487,513,197,34,159,24
43,1000,60,5.13,10.3,18,37,5,954,22,8,16,46,7.42166852,95,163,15.11180216,8.972559729,6.622218426,8.260435832,494,11,1,6,18,460,11,7,10,28,512,488,102,61,58,37
38,1000,60,5.13,10.3,18,37,102,961,29,6,4,39,7.287432445,400,461,477.9314664,377.0351653,9.984502768,4.654324265,458,26,6,4,36,503,3,0,0,3,494,506,441,20,394,6
44,1000,60,5.13,10.3,18,37,2,936,34,13,17,64,7.373563455,117,154,15.1600195,9.360463432,6.309841491,8.489599613,497,9,4,2,15,439,25,9,15,49,512,488,75,79,74,43
39,1000,60,5.13,10.3,18,37,98,953,33,9,5,47,7.5499133,364,426,406.7143379,284.3773143,9.736961857,5.3975798,457,28,7,4,39,496,5,2,1,8,496,504,415,11,355,9
45,1000,60,5.13,10.3,18,37,1,939,26,20,15,61,7.186413964,91,134,15.11976412,9.259756849,6.141863194,8.178024539,467,7,8,5,20,472,19,12,10,41,487,513,77,57,59,32
42,1000,60,5.13,10.3,18,37,8,957,19,9,15,43,7.286614726,102,170,15.41236216,9.440856348,6.619694566,7.983539475,498,9,2,2,13,459,10,7,13,30,511,489,109,61,72,30
41,1000,60,5.13,10.3,18,37,13,948,29,12,11,52,7.54813882,101,172,15.7519328,9.835348594,7.261501285,7.853727596,492,15,5,4,24,456,14,7,7,28,516,484,104,68,76,25
43,1000,60,5.13,10.3,18,37,6,954,22,8,16,46,7.460565996,103,158,15.11371426,9.024557104,6.664781083,8.295487872,494,11,1,6,18,460,11,7,10,28,512,488,96,62,71,32
40,1000,60,5.13,10.3,18,37,46,963,20,8,9,37,7.852944101,158,241,26.61997057,18.83059727,8.155045334,7.566154041,465,11,6,5,22,498,9,2,4,15,487,513,207,34,141,17
38,1000,60,5.13,10.3,18,37,103,961,29,6,4,39,7.268676275,397,452,501.9319356,391.7735297,10.04640311,4.556824385,457,27,6,4,37,504,2,0,0,2,494,506,444,8,388,9
44,1000,60,5.13,10.3,18,37,3,936,34,13,17,64,7.396048816,103,153,15.19297763,9.398181953,6.353064278,8.490327676,497,9,4,2,15,439,25,9,15,49,512,488,85,68,70,33
39,1000,60,5.13,10.3,18,37,99,952,33,9,6,48,7.528255078,383,439,426.0336037,296.8344105,9.745755183,5.345953388,456,28,7,5,40,496,5,2,1,8,496,504,427,12,370,13
45,1000,60,5.13,10.3,18,37,2,938,27,20,15,62,7.239301944,108,167,15.180909,9.313698658,6.170964489,8.253493641,467,7,8,5,20,471,20,12,10,42,487,513,97,70,68,40
42,1000,60,5.13,10.3,18,37,9,958,21,7,14,42,7.253234419,102,166,15.50187207,9.512810129,6.647704467,7.886007027,498,9,2,2,13,460,12,5,12,29,511,489,103,63,70,32
41,1000,60,5.13,10.3,18,37,14,948,29,12,11,52,7.533174135,102,156,15.85192715,9.929423658,7.269393576,7.814394731,493,14,5,4,23,455,15,7,7,29,516,484,105,51,72,30
43,1000,60,5.13,10.3,18,37,7,953,24,8,15,47,7.471610327,88,164,15.13789778,9.073684105,6.702769751,8.278262735,494,11,1,6,18,459,13,7,9,29,512,488,98,66,60,28
38,1000,60,5.13,10.3,18,37,104,961,29,6,4,39,7.290243762,405,470,526.8789852,408.0288063,10.10137563,4.545779055,457,27,6,4,37,504,2,0,0,2,494,506,449,21,398,7
40,1000,60,5.13,10.3,18,37,47,964,18,9,9,36,7.865866093,169,242,27.54398155,19.59441654,8.18050563,7.5671732,465,11,6,5,22,499,7,3,4,14,487,513,216,26,157,12
46,1000,60,5.13,10.3,18,37,0,929,41,14,16,71,7.238,105,150,15.08852959,9.428549149,6.210191083,8.153119093,450,14,5,2,21,479,27,9,14,50,471,529,89,61,68,37
44,1000,60,5.13,10.3,18,37,4,938,32,13,17,62,7.417359988,97,171,15.239079,9.461997004,6.403152203,8.481446844,498,8,4,2,14,440,24,9,15,48,512,488,93,78,70,27
39,1000,60,5.13,10.3,18,37,100,951,33,10,6,49,7.52211019,379,432,444.0730599,307.7507288,9.809188404,5.271334805,455,28,8,5,41,496,5,2,1,8,496,504,415,17,371,8
42,1000,60,5.13,10.3,18,37,10,958,21,7,14,42,7.266313336,89,150,15.57485662,9.559841619,6.656558473,7.903500932,498,9,2,2,13,460,12,5,12,29,511,489,87,63,64,25
45,1000,60,5.13,10.3,18,37,3,939,27,18,16,61,7.258116375,110,152,15.23787786,9.378851409,6.243999808,8.220835222,467,7,8,5,20,472,20,10,11,41,487,513,90,62,75,35
41,1000,60,5.13,10.3,18,37,15,949,28,12,11,51,7.563647216,92,172,15.96440417,10.0243195,7.34070217,7.80133243,492,14,6,4,24,457,14,6,7,27,516,484,108,64,69,23
43,1000,60,5.13,10.3,18,37,8,954,24,7,15,46,7.470320097,92,154,15.19589064,9.11301043,6.721934003,8.255512064,494,11,1,6,18,460,13,6,9,28,512,488,90,64,71,21
46,1000,60,5.13,10.3,18,37,1,932,38,15,15,68,7.229798344,98,163,15.15457242,9.501951978,6.271839446,8.082725831,450,14,5,2,21,482,24,10,13,47,471,529,93,70,75,23
44,1000,60,5.13,10.3,18,37,5,939,31,13,17,61,7.432860831,105,155,15.30696117,9.541600553,6.389290291,8.527754513,499,7,4,2,13,440,24,9,15,48,512,488,80,75,81,24
40,1000,60,5.13,10.3,18,37,48,965,19,8,8,35,7.860032102,170,240,28.36199104,20.28683156,8.211653169,7.526231986,465,11,6,5,22,500,8,2,3,13,487,513,205,35,154,16
42,1000,60,5.13,10.3,18,37,11,957,22,7,14,43,7.287319103,94,154,15.67745299,9.644938468,6.684858257,7.916884527,498,9,2,2,13,459,13,5,12,30,511,489,103,51,68,26
39,1000,60,5.13,10.3,18,37,101,950,34,9,7,50,7.537743909,382,440,464.0356807,321.2882043,9.89824309,5.214712969,454,29,7,6,42,496,5,2,1,8,496,504,427,13,373,9
45,1000,60,5.13,10.3,18,37,4,939,27,18,16,61,7.289923307,100,156,15.27830003,9.414068816,6.292027907,8.237243111,466,8,8,5,21,473,19,10,11,40,487,513,93,63,68,32
41,1000,60,5.13,10.3,18,37,16,950,26,13,11,50,7.57106082,105,155,16.04154278,10.10326085,7.372376029,7.782881796,492,13,7,4,24,458,13,6,7,26,516,484,102,53,83,22
43,1000,60,5.13,10.3,18,37,9,953,25,7,15,47,7.479997646,111,160,15.25489704,9.18284671,6.735646117,8.260956626,494,11,1,6,18,459,14,6,9,29,512,488,98,62,85,26
44,1000,60,5.13,10.3,18,37,6,942,29,11,18,58,7.432987355,127,168,15.39684921,9.612288994,6.379579002,8.538202676,500,7,3,2,12,442,22,8,16,46,512,488,96,72,84,43
46,1000,60,5.13,10.3,18,37,2,931,39,15,15,69,7.258739591,109,142,15.20763487,9.56329404,6.370443747,8.04964194,450,14,5,2,21,481,25,10,13,48,471,529,73,69,74,35
40,1000,60,5.13,10.3,18,37,49,966,18,9,7,34,7.840364959,196,237,29.61523738,21.19073548,8.269687818,7.432801154,465,10,7,5,22,501,8,2,2,12,487,513,204,33,171,25
42,1000,60,5.13,10.3,18,37,12,957,22,7,14,43,7.311826478,100,173,15.75078757,9.705995442,6.704246447,7.946741397,498,9,2,2,13,459,13,5,12,30,511,489,111,62,67,33
45,1000,60,5.13,10.3,18,37,5,940,27,17,16,60,7.304907467,92,167,15.29008341,9.470812072,6.365298044,8.196895361,466,8,8,5,21,474,19,9,11,39,487,513,106,61,63,29
39,1000,60,5.13,10.3,18,37,102,950,34,9,7,50,7.563094401,386,425,482.708192,333.8730509,9.949917306,5.214157573,453,30,7,6,43,497,4,2,1,7,496,504,414,11,371,15
41,1000,60,5.13,10.3,18,37,17,948,28,14,10,52,7.57377929,100,163,16.13952557,10.22304601,7.404525403,7.754223517,491,14,7,4,25,457,14,7,6,27,516,484,108,55,76,24
43,1000,60,5.13,10.3,18,37,10,956,23,7,14,44,7.478712288,102,152,15.33979638,9.263502985,6.761562418,8.231131823,495,10,1,6,17,461,13,6,8,27,512,488,91,61,68,34
44,1000,60,5.13,10.3,18,37,7,944,30,9,17,56,7.403843968,109,165,15.51045948,9.740891398,6.419494563,8.436603999,500,7,2,3,12,444,23,7,14,44,512,488,101,64,79,30
46,1000,60,5.13,10.3,18,37,3,934,37,13,16,66,7.242445185,101,153,15.27915745,9.627346774,6.41333958,7.980646962,450,13,6,2,21,484,24,7,14,45,471,529,97,56,75,26
42,1000,60,5.13,10.3,18,37,13,955,24,7,14,45,7.346767457,101,152,15.84767442,9.804211323,6.727383981,7.994016856,497,10,2,2,14,458,14,5,12,31,511,489,96,56,82,19
45,1000,60,5.13,10.3,18,37,6,940,28,17,15,60,7.32250489,105,164,15.34409865,9.514743062,6.389296623,8.208416051,466,8,8,5,21,474,20,9,10,39,487,513,106,58,77,28
40,1000,60,5.13,10.3,18,37,50,966,18,9,7,34,7.809232236,179,270,30.8025557,22.02095261,8.31220853,7.331747917,465,10,7,5,22,501,8,2,2,12,487,513,235,35,159,20
41,1000,60,5.13,10.3,18,37,18,952,25,13,10,48,7.566906479,118,172,16.29055984,10.34208491,7.398163466,7.746806054,493,12,7,4,23,459,13,6,6,25,516,484,123,49,88,30
39,1000,60,5.13,10.3,18,37,103,951,33,9,7,49,7.545189944,387,436,512.8829337,355.1320244,9.97105572,5.157829974,453,30,7,6,43,498,3,2,1,6,496,504,428,8,381,6
43,1000,60,5.13,10.3,18,37,11,956,23,7,14,44,7.492811428,90,149,15.41310227,9.333799842,6.793468514,8.226548256,495,10,1,6,17,461,13,6,8,27,512,488,90,59,68,22
44,1000,60,5.13,10.3,18,37,8,946,29,10,15,54,7.364903609,113,168,15.57663465,9.831204185,6.45841602,8.315972555,499,8,2,3,13,447,21,8,12,41,512,488,98,70,85,28
46,1000,60,5.13,10.3,18,37,4,935,37,12,16,65,7.264258223,98,158,15.36006371,9.699734553,6.463545498,7.977180139,450,13,6,2,21,485,24,6,14,44,471,529,95,63,67,31
42,1000,60,5.13,10.3,18,37,14,957,21,8,14,43,7.340102347,119,182,15.96837553,9.897373872,6.767336049,7.938637271,497,10,2,2,14,460,11,6,12,29,511,489,119,63,86,33
45,1000,60,5.13,10.3,18,37,7,940,28,16,16,60,7.34889751,107,176,15.41370236,9.562939443,6.417656336,8.232941277,466,8,8,5,21,474,20,8,11,39,487,513,103,73,80,27
41,1000,60,5.13,10.3,18,37,19,951,26,14,9,49,7.570291357,113,153,16.39780015,10.46075217,7.429598254,7.720286482,493,12,7,4,23,458,14,7,5,26,516,484,106,47,80,33
39,1000,60,5.13,10.3,18,37,104,951,33,8,8,49,7.517138434,387,444,534.9996447,369.9087739,9.991566169,5.081987329,453,30,6,7,43,498,3,2,1,6,496,504,429,15,375,12
40,1000,60,5.13,10.3,18,37,51,966,18,8,8,34,7.816535915,202,250,32.1389596,22.98832861,8.353051221,7.307212418,465,10,6,6,22,501,8,2,2,12,487,513,220,30,183,19
47,1000,60,5.13,10.3,18,37,0,943,33,12,12,57,6.951,96,172,14.89877582,8.995544954,6.121387283,7.846153846,503,12,3,1,16,440,21,9,11,41,519,481,100,72,61,35
43,1000,60,5.13,10.3,18,37,12,955,24,7,14,45,7.526575732,102,174,15.47021145,9.440977707,6.843214675,8.243544709,495,10,1,6,17,460,14,6,8,28,512,488,104,70,68,34
44,1000,60,5.13,10.3,18,37,9,946,29,10,15,54,7.413436383,97,154,15.68115999,9.893245824,6.555750436,8.313303606,498,9,2,3,14,448,20,8,12,40,512,488,108,46,73,24
46,1000,60,5.13,10.3,18,37,5,936,35,13,16,64,7.284006745,102,168,15.48536458,9.788263671,6.470330383,8.008470954,450,13,6,2,21,486,22,7,14,43,471,529,105,63,78,24
42,1000,60,5.13,10.3,18,37,15,958,20,8,14,42,7.358206647,110,154,16.12608192,10.0123409,6.784532084,7.957690699,497,10,2,2,14,461,10,6,12,28,511,489,98,56,79,31
45,1000,60,5.13,10.3,18,37,8,940,28,17,15,60,7.348684251,104,152,15.45261835,9.611206201,6.506799232,8.147900634,464,8,10,5,23,476,20,7,10,37,487,513,104,48,70,34
41,1000,60,5.13,10.3,18,37,20,952,24,15,9,48,7.607179886,102,144,16.53595451,10.56485846,7.491879853,7.730103062,493,11,8,4,23,459,13,7,5,25,516,484,102,42,76,26
47,1000,60,5.13,10.3,18,37,1,943,33,12,12,57,6.932756393,98,157,14.93555279,9.071066084,6.111152616,7.819268577,503,12,3,1,16,440,21,9,11,41,519,481,86,71,63,35
40,1000,60,5.13,10.3,18,37,52,966,19,8,7,34,7.824106672,174,284,33.92079182,24.31418178,8.370602103,7.305308866,465,11,6,5,22,501,8,2,2,12,487,513,250,34,154,20
43,1000,60,5.13,10.3,18,37,13,955,25,7,13,45,7.531999162,102,149,15.54499559,9.5066748,6.884322767,8.211528494,495,10,1,6,17,460,15,6,7,28,512,488,85,64,74,28
44,1000,60,5.13,10.3,18,37,10,946,30,9,15,54,7.462740941,106,164,15.77838074,9.999826472,6.658013683,8.307044949,497,10,2,3,15,449,20,7,12,39,512,488,104,60,70,36
46,1000,60,5.13,10.3,18,37,6,937,35,13,15,63,7.284365095,109,176,15.56342798,9.864102666,6.479625379,8.000872479,450,13,6,2,21,487,22,7,13,42,471,529,114,62,84,25
42,1000,60,5.13,10.3,18,37,16,957,21,8,14,43,7.405159534,102,175,16.28320688,10.15384289,6.848270185,7.987103209,497,10,2,2,14,460,11,6,12,29,511,489,112,63,76,26
45,1000,60,5.13,10.3,18,37,9,940,28,17,15,60,7.382677813,96,162,15.57948188,9.700230957,6.561805931,8.161946052,464,8,10,5,23,476,20,7,10,37,487,513,111,51,71,25
41,1000,60,5.13,10.3,18,37,21,950,26,15,9,50,7.623343201,96,184,16.70083739,10.69190752,7.528236899,7.724737524,491,13,8,4,25,459,13,7,5,25,516,484,130,54,71,25
47,1000,60,5.13,10.3,18,37,2,944,33,11,12,56,6.976435904,96,153,14.96862802,9.113341799,6.157509564,7.860059126,503,12,3,1,16,441,21,8,11,40,519,481,91,62,65,31
40,1000,60,5.13,10.3,18,37,53,966,19,8,7,34,7.836640295,194,262,35.56109119,25.49130856,8.412258496,7.290195726,465,11,6,5,22,501,8,2,2,12,487,513,219,43,182,12
43,1000,60,5.13,10.3,18,37,14,957,24,6,13,43,7.527446046,116,150,15.60167225,9.555388844,6.910324439,8.174917895,495,10,1,6,17,462,14,5,7,26,512,488,97,53,88,28
44,1000,60,5.13,10.3,18,37,11,948,29,9,14,52,7.436927432,95,169,15.86451608,10.0917097,6.664870058,8.246954841,497,10,2,3,15,451,19,7,11,37,512,488,103,66,77,18
46,1000,60,5.13,10.3,18,37,7,936,35,14,15,64,7.342115582,112,169,15.6563219,9.964166438,6.5429111,8.053694619,450,13,6,2,21,486,22,8,13,43,471,529,121,48,78,34
42,1000,60,5.13,10.3,18,37,17,958,20,9,13,42,7.415344986,100,158,16.41693896,10.26290977,6.901282413,7.952535119,497,9,3,2,14,461,11,6,11,28,511,489,103,55,81,19
45,1000,60,5.13,10.3,18,37,10,940,28,18,14,60,7.362739001,96,163,15.67344961,9.785952552,6.570366753,8.114952032,465,7,10,5,22,475,21,8,9,38,487,513,100,63,70,26
41,1000,60,5.13,10.3,18,37,22,950,26,15,9,50,7.639525777,87,184,16.86560423,10.81236195,7.557409568,7.727071157,491,13,8,4,25,459,13,7,5,25,516,484,121,63,78,9
47,1000,60,5.13,10.3,18,37,3,946,31,9,14,54,6.988986833,100,141,15.01201673,9.159291194,6.194481684,7.84625954,504,11,2,2,15,442,20,7,12,39,519,481,74,67,62,38
43,1000,60,5.13,10.3,18,37,15,957,23,7,13,43,7.553722456,97,177,15.7051171,9.666307175,6.945945882,8.191389681,496,9,1,6,16,461,14,6,7,27,512,488,112,65,66,31
44,1000,60,5.13,10.3,18,37,12,949,28,9,14,51,7.491590048,104,165,15.99686636,10.21145993,6.705358891,8.316488312,498,9,2,3,14,451,19,7,11,37,512,488,106,59,81,23
40,1000,60,5.13,10.3,18,37,54,967,21,8,4,33,7.811226607,198,273,36.78887031,26.34063822,8.432619447,7.221327361,465,12,6,4,22,502,9,2,0,11,487,513,237,36,178,20
42,1000,60,5.13,10.3,18,37,18,958,22,9,11,42,7.437242715,115,182,16.4978765,10.33621469,6.960325444,7.935616387,495,11,3,2,16,463,11,6,9,26,511,489,123,59,88,27
45,1000,60,5.13,10.3,18,37,11,940,28,18,14,60,7.380098031,97,151,15.72539639,9.845913575,6.584008259,8.135840173,465,7,10,5,22,475,21,8,9,38,487,513,91,60,70,27
46,1000,60,5.13,10.3,18,37,8,936,35,14,15,64,7.342862446,105,162,15.698578,10.0098289,6.543285537,8.054773078,450,13,6,2,21,486,22,8,13,43,471,529,99,63,80,25
41,1000,60,5.13,10.3,18,37,23,951,27,14,8,49,7.623811714,113,184,17.01825706,10.95847049,7.591222198,7.658555909,491,13,8,4,25,460,14,6,4,24,516,484,129,55,85,28
43,1000,60,5.13,10.3,18,37,16,957,23,7,13,43,7.566469197,102,156,15.79578629,9.759941866,6.967509099,8.19488635,496,9,1,6,16,461,14,6,7,27,512,488,109,47,72,30
47,1000,60,5.13,10.3,18,37,4,946,30,10,14,54,7.025877473,85,161,15.05873381,9.234799327,6.268401573,7.843195544,504,11,2,2,15,442,19,8,12,39,519,481,91,70,55,30
44,1000,60,5.13,10.3,18,37,13,949,28,10,13,51,7.472888323,122,170,16.07805353,10.29002605,6.753647529,8.227501616,498,9,2,3,14,451,19,8,10,37,512,488,110,60,89,33
40,1000,60,5.13,10.3,18,37,55,966,22,8,4,34,7.823474521,205,280,38.40663546,27.63982925,8.454372431,7.224551944,464,13,6,4,23,502,9,2,0,11,487,513,245,35,190,15
42,1000,60,5.13,10.3,18,37,19,956,24,9,11,44,7.474619797,105,180,16.6296916,10.48045675,7.000477917,7.970093215,494,12,3,2,17,462,12,6,9,27,511,489,106,74,72,33
45,1000,60,5.13,10.3,18,37,12,941,27,18,14,59,7.398109979,96,166,15.77184646,9.910578209,6.61415103,8.142336116,465,7,10,5,22,476,20,8,9,37,487,513,107,59,76,20
46,1000,60,5.13,10.3,18,37,9,937,35,13,15,63,7.349155932,109,188,15.78039317,10.09294981,6.561705279,8.050269841,450,13,6,2,21,487,22,7,13,42,471,529,126,62,78,31
41,1000,60,5.13,10.3,18,37,24,951,26,14,9,49,7.643677608,98,187,17.2771843,11.14177411,7.64740147,7.639707539,490,14,7,5,26,461,12,7,4,23,516,484,132,55,80,18
43,1000,60,5.13,10.3,18,37,17,955,25,7,13,45,7.593577121,92,162,15.91993989,9.86609824,6.997366896,8.21910916,495,10,1,6,17,460,15,6,7,28,512,488,102,60,71,21
44,1000,60,5.13,10.3,18,37,14,947,30,11,12,53,7.498319706,108,179,16.18929286,10.3829282,6.800037776,8.230943371,498,8,3,3,14,449,22,8,9,39,512,488,106,73,82,26
47,1000,60,5.13,10.3,18,37,5,945,31,10,14,55,7.070569167,96,147,15.13831797,9.313293661,6.308525732,7.892815618,504,11,2,2,15,441,20,8,12,40,519,481,87,60,68,28
42,1000,60,5.13,10.3,18,37,20,955,25,9,11,45,7.471508769,114,176,16.75379259,10.5849599,6.999760265,7.964481132,494,12,3,2,17,461,13,6,9,28,511,489,118,58,87,27
45,1000,60,5.13,10.3,18,37,13,940,29,17,14,60,7.403345191,97,178,15.88727874,10.01185441,6.631686623,8.135894358,465,7,10,5,22,475,22,7,9,38,487,513,109,69,67,30
40,1000,60,5.13,10.3,18,37,56,966,21,9,4,34,7.835635924,213,286,39.96624645,28.90026392,8.505099304,7.200102463,464,12,7,4,23,502,9,2,0,11,487,513,257,29,199,14
46,1000,60,5.13,10.3,18,37,10,938,34,13,15,62,7.40054957,102,159,15.91065153,10.19871724,6.608165619,8.106055886,449,14,6,2,22,489,20,7,13,40,471,529,109,50,73,29
41,1000,60,5.13,10.3,18,37,25,952,25,14,9,48,7.660268636,120,161,17.37783905,11.23742584,7.681055894,7.638107014,491,13,7,5,25,461,12,7,4,23,516,484,120,41,87,33
43,1000,60,5.13,10.3,18,37,18,955,25,7,13,45,7.587967573,121,153,16.04879262,9.961630277,7.035831823,8.167257541,495,10,1,6,17,460,15,6,7,28,512,488,97,56,90,31
44,1000,60,5.13,10.3,18,37,15,947,30,12,11,53,7.481132762,98,164,16.30522221,10.47821027,6.817770128,8.177119788,498,8,3,3,14,449,22,9,8,39,512,488,99,65,83,15
47,1000,60,5.13,10.3,18,37,6,945,32,10,13,55,7.071993066,89,157,15.23365429,9.411829477,6.346917984,7.854350586,504,11,2,2,15,441,21,8,11,40,519,481,92,65,62,27
42,1000,60,5.13,10.3,18,37,21,953,28,8,11,47,7.48757734,120,172,16.84510856,10.68264759,7.036607168,7.958836559,493,13,3,2,18,460,15,5,9,29,511,489,117,55,98,22
45,1000,60,5.13,10.3,18,37,14,940,29,17,14,60,7.426890087,105,153,15.96382325,10.08165883,6.69113377,8.12535661,465,7,10,5,22,475,22,7,9,38,487,513,102,51,81,24
46,1000,60,5.13,10.3,18,37,11,940,34,11,15,60,7.396537308,118,168,15.98465269,10.30487646,6.61308397,8.094092171,450,14,5,2,21,490,20,6,13,39,471,529,123,45,95,23
40,1000,60,5.13,10.3,18,37,57,966,21,9,4,34,7.88593447,179,294,42.16371395,30.57054209,8.568123839,7.23832,464,12,7,4,23,502,9,2,0,11,487,513,260,34,171,8
41,1000,60,5.13,10.3,18,37,26,953,25,13,9,47,7.708789783,110,171,17.60540679,11.42164199,7.748866426,7.666063444,491,13,7,5,25,462,12,6,4,22,516,484,124,47,89,21
43,1000,60,5.13,10.3,18,37,19,958,22,7,13,42,7.598787677,109,165,16.14005602,10.0516024,7.066356948,8.157403523,495,10,1,6,17,463,12,6,7,25,512,488,109,56,83,26
44,1000,60,5.13,10.3,18,37,16,950,28,12,10,50,7.492848273,108,171,16.42463457,10.59289527,6.881249823,8.134525335,499,7,3,3,13,451,21,9,7,37,512,488,108,63,81,27
47,1000,60,5.13,10.3,18,37,7,945,32,9,14,55,7.109235173,86,166,15.26757619,9.461247333,6.390109762,7.885172987,504,11,2,2,15,441,21,7,12,40,519,481,98,68,59,27
42,1000,60,5.13,10.3,18,37,22,953,28,8,11,47,7.534026011,130,171,17.02375395,10.82313309,7.066304853,8.02278984,493,13,3,2,18,460,15,5,9,29,511,489,118,53,105,25
45,1000,60,5.13,10.3,18,37,15,941,28,17,14,59,7.444218583,117,174,16.03899267,10.19664303,6.731714119,8.120611711,465,7,10,5,22,476,21,7,9,37,487,513,111,63,89,28
46,1000,60,5.13,10.3,18,37,12,941,32,12,15,59,7.409187203,98,166,16.11008522,10.42708188,6.675549433,8.062388317,450,14,5,2,21,491,18,7,13,38,471,529,106,60,71,27
41,1000,60,5.13,10.3,18,37,27,951,26,14,9,49,7.747384601,117,182,17.91130134,11.62306491,7.77743429,7.715348156,491,13,7,5,25,460,13,7,4,24,516,484,134,48,85,32
40,1000,60,5.13,10.3,18,37,58,967,21,8,4,33,7.870237149,229,290,44.04722317,32.12288555,8.58483828,7.191853619,464,12,7,4,23,503,9,1,0,10,487,513,263,27,215,14
43,1000,60,5.13,10.3,18,37,20,958,22,7,13,42,7.622779231,107,172,16.26251177,10.16517494,7.150482224,8.118303959,495,10,1,6,17,463,12,6,7,25,512,488,106,66,89,18
44,1000,60,5.13,10.3,18,37,17,952,27,11,10,48,7.494467174,103,184,16.62347383,10.70128404,6.893722727,8.124756429,499,8,2,3,13,453,19,9,7,35,512,488,111,73,81,22
47,1000,60,5.13,10.3,18,37,8,945,32,9,14,55,7.13730763,100,162,15.34647965,9.519966814,6.441187871,7.888422297,504,11,2,2,15,441,21,7,12,40,519,481,87,75,70,30
42,1000,60,5.13,10.3,18,37,23,954,27,8,11,46,7.558735052,114,173,17.12983403,10.91266727,7.136692883,7.999764804,494,12,3,2,17,460,15,5,9,29,511,489,117,56,94,20
45,1000,60,5.13,10.3,18,37,16,942,29,15,14,58,7.449868251,109,177,16.08894994,10.25741834,6.754247773,8.11023311,464,8,10,5,23,478,21,5,9,35,487,513,110,67,85,24
46,1000,60,5.13,10.3,18,37,13,943,30,12,15,57,7.397540065,121,154,16.20515416,10.55439727,6.704914623,8.014225478,450,14,5,2,21,493,16,7,13,36,471,529,99,55,103,18
41,1000,60,5.13,10.3,18,37,28,952,26,13,9,48,7.774740636,135,189,18.23523128,11.89474926,7.799513517,7.748329878,492,13,6,5,24,460,13,7,4,24,516,484,135,54,108,27
40,1000,60,5.13,10.3,18,37,59,967,20,9,4,33,7.870235911,221,291,46.26035607,33.80097678,8.647190589,7.132659054,464,12,7,4,23,503,8,2,0,10,487,513,262,29,200,21
43,1000,60,5.13,10.3,18,37,21,958,23,7,12,42,7.664773638,109,175,16.41137519,10.28240035,7.223048604,8.128222854,495,10,1,6,17,463,13,6,6,25,512,488,114,61,85,24
44,1000,60,5.13,10.3,18,37,18,951,28,11,10,49,7.540186049,128,186,16.78030444,10.8293258,6.944344819,8.165330946,499,8,2,3,13,452,20,9,7,36,512,488,127,59,87,41
42,1000,60,5.13,10.3,18,37,24,954,26,9,11,46,7.571303501,116,192,17.3005367,11.05011184,7.148844733,8.012768593,494,11,4,2,17,460,15,5,9,29,511,489,135,57,94,22
45,1000,60,5.13,10.3,18,37,17,943,28,15,14,57,7.472611276,116,151,16.20227174,10.36043342,6.798170437,8.112869928,464,8,10,5,23,479,20,5,9,34,487,513,99,52,88,28
47,1000,60,5.13,10.3,18,37,9,944,33,8,15,56,7.156661303,100,153,15.41469733,9.585494144,6.467424235,7.900349533,503,12,1,3,16,441,21,7,12,40,519,481,92,61,69,31
46,1000,60,5.13,10.3,18,37,14,946,27,13,14,54,7.416096118,104,154,16.35213129,10.68146357,6.78761279,7.975672011,450,14,5,2,21,496,13,8,12,33,471,529,103,51,82,22
41,1000,60,5.13,10.3,18,37,29,955,24,13,8,45,7.783743802,123,186,18.56236588,12.09860063,7.844439154,7.719035534,493,13,6,4,23,462,11,7,4,22,516,484,133,53,104,19
40,1000,60,5.13,10.3,18,37,60,967,19,10,4,33,7.854185383,237,288,48.16671613,35.2085938,8.644778685,7.103661137,464,12,7,4,23,503,7,3,0,10,487,513,258,30,210,27
44,1000,60,5.13,10.3,18,37,19,950,29,11,10,50,7.580653862,121,174,16.98902606,11.00465781,7.043187523,8.144552972,498,9,2,3,14,452,20,9,7,36,512,488,119,55,96,25
43,1000,60,5.13,10.3,18,37,22,958,23,7,12,42,7.712656743,112,175,16.6082845,10.44407298,7.255538394,8.192256323,495,10,1,6,17,463,13,6,6,25,512,488,114,61,80,32
42,1000,60,5.13,10.3,18,37,25,956,25,8,11,44,7.610724913,120,175,17.41932536,11.16367426,7.186624604,8.053905399,494,11,4,2,17,462,14,4,9,27,511,489,124,51,93,27
45,1000,60,5.13,10.3,18,37,18,944,26,16,14,56,7.485659037,100,153,16.35899683,10.48280282,6.790182649,8.145887109,464,8,10,5,23,480,18,6,9,33,487,513,101,52,80,20
47,1000,60,5.13,10.3,18,37,10,943,34,8,15,57,7.18740902,103,160,15.42974435,9.628731967,6.502454908,7.926475931,502,13,1,3,17,441,21,7,12,40,519,481,101,59,72,31
46,1000,60,5.13,10.3,18,37,15,948,26,13,13,52,7.436841496,103,156,16.54843378,10.86773107,6.80423837,8.000085489,450,14,5,2,21,498,12,8,11,31,471,529,110,46,74,29
41,1000,60,5.13,10.3,18,37,30,953,26,13,8,47,7.788929218,118,170,18.99905028,12.38533537,7.878003227,7.693966017,492,14,6,4,24,461,12,7,4,23,516,484,129,41,100,18
44,1000,60,5.13,10.3,18,37,20,948,31,12,9,52,7.615219007,113,156,17.13005268,11.13858067,7.121235539,8.133496743,496,11,2,3,16,452,20,10,6,36,512,488,106,50,91,22
43,1000,60,5.13,10.3,18,37,23,957,24,7,12,43,7.740353536,112,161,16.75258739,10.58300704,7.316811979,8.184725006,494,11,1,6,18,463,13,6,6,25,512,488,108,53,88,24
40,1000,60,5.13,10.3,18,37,61,968,17,10,5,32,7.83310913,208,321,50.92480136,37.39121079,8.706913884,7.003590777,465,10,7,5,22,503,7,3,0,10,487,513,291,30,197,11
45,1000,60,5.13,10.3,18,37,19,946,25,15,14,54,7.500733915,105,188,16.49520545,10.59380293,6.814795592,8.151907332,465,8,9,5,22,481,17,6,9,32,487,513,130,58,79,26
42,1000,60,5.13,10.3,18,37,26,957,24,8,11,43,7.64108004,115,160,17.63102454,11.34951613,7.215828191,8.085463874,495,11,3,2,16,462,13,5,9,27,511,489,117,43,88,27
46,1000,60,5.13,10.3,18,37,16,950,25,14,11,50,7.443292149,111,159,16.72835529,11.05440803,6.851832502,7.969903668,450,13,6,2,21,500,12,8,9,29,471,529,108,51,96,15
47,1000,60,5.13,10.3,18,37,11,944,34,7,15,56,7.218494705,109,162,15.51987793,9.749102041,6.549221189,7.94064222,501,14,1,3,18,443,20,6,12,38,519,481,97,65,79,30
41,1000,60,5.13,10.3,18,37,31,952,27,14,7,48,7.789521898,127,181,19.24606439,12.56290262,7.890742647,7.681608868,492,14,6,4,24,460,13,8,3,24,516,484,134,47,102,25
44,1000,60,5.13,10.3,18,37,21,949,32,11,8,51,7.59419152,120,188,17.29643297,11.28291153,7.132388936,8.078705705,496,12,2,2,16,453,20,9,6,35,512,488,139,49,93,27
43,1000,60,5.13,10.3,18,37,24,955,26,7,12,45,7.753612564,111,168,16.88361596,10.68363367,7.332291323,8.195654521,494,11,1,6,18,461,15,6,6,27,512,488,124,44,85,26
40,1000,60,5.13,10.3,18,37,62,967,18,10,5,33,7.840318658,198,303,53.58493771,39.46741548,8.751329819,6.975479604,465,10,7,5,22,502,8,3,0,11,487,513,286,17,189,9
45,1000,60,5.13,10.3,18,37,20,945,26,15,14,55,7.485946764,112,160,16.61405701,10.68409753,6.809743439,8.127878576,465,8,9,5,22,480,18,6,9,33,487,513,106,54,90,22
42,1000,60,5.13,10.3,18,37,27,956,24,9,11,44,7.668795782,120,174,17.97001527,11.62927293,7.25815595,8.097910208,495,11,3,2,16,461,13,6,9,28,511,489,122,52,102,18
46,1000,60,5.13,10.3,18,37,17,949,25,15,11,51,7.475399832,109,171,16.91682864,11.24459602,6.892391554,7.994486597,450,12,7,2,21,499,13,8,9,30,471,529,124,47,87,22
41,1000,60,5.13,10.3,18,37,32,953,27,13,7,47,7.82838951,125,209,19.68634903,12.82261356,7.984682174,7.661763448,492,14,6,4,24,461,13,7,3,23,516,484,154,55,102,23
47,1000,60,5.13,10.3,18,37,12,946,33,5,16,54,7.199990866,113,143,15.61606711,9.849468637,6.587749795,7.860600254,500,15,1,3,19,446,18,4,13,35,519,481,92,51,87,26
44,1000,60,5.13,10.3,18,37,22,950,30,12,8,50,7.602284212,123,180,17.46846084,11.4225952,7.167498567,8.058452757,496,12,2,2,16,454,18,10,6,34,512,488,113,67,94,29
43,1000,60,5.13,10.3,18,37,25,955,26,7,12,45,7.812286642,110,176,17.09813823,10.84417173,7.366069824,8.28044855,494,11,1,6,18,461,15,6,6,27,512,488,124,52,87,23
42,1000,60,5.13,10.3,18,37,28,953,27,9,11,47,7.700918215,127,199,18.23458276,11.85479033,7.331563603,8.086890008,494,12,3,2,17,459,15,6,9,30,511,489,149,50,106,21
45,1000,60,5.13,10.3,18,37,21,946,26,14,14,54,7.476205858,111,151,16.76415381,10.83312325,6.813397149,8.105421923,466,8,8,5,21,480,18,6,9,33,487,513,107,44,84,27
40,1000,60,5.13,10.3,18,37,63,967,18,10,5,33,7.805873318,231,320,56.91599007,41.98495184,8.775860482,6.885047297,465,10,7,5,22,502,8,3,0,11,487,513,290,30,217,14
46,1000,60,5.13,10.3,18,37,18,949,26,15,10,51,7.485865775,123,184,17.05159915,11.3576366,6.95541917,7.958153773,449,13,7,2,22,500,13,8,8,29,471,529,122,62,97,26
41,1000,60,5.13,10.3,18,37,33,953,27,13,7,47,7.849083473,121,176,20.21701416,13.20331522,8.009212346,7.678367568,492,14,6,4,24,461,13,7,3,23,516,484,136,40,96,25
47,1000,60,5.13,10.3,18,37,13,948,33,4,15,52,7.206481131,106,164,15.7285505,9.947002518,6.581213678,7.881146012,500,15,1,3,19,448,18,3,12,33,519,481,102,62,82,24
44,1000,60,5.13,10.3,18,37,23,954,27,12,7,46,7.595331527,115,185,17.61155049,11.56328777,7.198818404,8.011345296,497,11,2,2,15,457,16,10,5,31,512,488,126,59,95,20
43,1000,60,5.13,10.3,18,37,26,956,23,9,12,44,7.824851669,115,193,17.22352652,10.95012182,7.393157335,8.277776872,495,10,1,6,17,461,13,8,6,27,512,488,131,62,95,20
42,1000,60,5.13,10.3,18,37,29,952,28,9,11,48,7.713416384,116,199,18.49957785,12.04850426,7.340870777,8.102722734,494,12,3,2,17,458,16,6,9,31,511,489,147,52,96,20
45,1000,60,5.13,10.3,18,37,22,946,27,14,13,54,7.518721551,104,161,16.90035516,10.96134871,6.894093389,8.111692144,466,8,8,5,21,480,19,6,8,33,487,513,121,40,91,13
40,1000,60,5.13,10.3,18,37,64,967,19,9,5,33,7.765887148,236,311,59.45398086,43.72290681,8.799788602,6.784386158,464,11,7,5,23,503,8,2,0,10,487,513,289,22,225,11
46,1000,60,5.13,10.3,18,37,19,952,24,14,10,48,7.458337141,110,170,17.16405834,11.47250577,6.973595618,7.889931201,450,12,7,2,21,502,12,7,8,27,471,529,118,52,91,19
41,1000,60,5.13,10.3,18,37,34,953,27,13,7,47,7.858491606,126,192,20.87237334,13.65213971,8.007885986,7.699219912,491,14,7,4,25,462,13,6,3,22,516,484,150,42,101,25
47,1000,60,5.13,10.3,18,37,14,948,32,6,14,52,7.206081509,113,158,15.82489302,10.04229457,6.604347471,7.855353787,500,14,2,3,19,448,18,4,11,33,519,481,105,53,86,27
44,1000,60,5.13,10.3,18,37,24,954,27,12,7,46,7.615539391,119,181,17.88927298,11.77248788,7.225497559,8.024763608,496,11,3,2,16,458,16,9,5,30,512,488,129,52,96,23
43,1000,60,5.13,10.3,18,37,27,957,22,9,12,43,7.815186664,121,186,17.43909323,11.11120767,7.458156509,8.189775679,495,10,1,6,17,462,12,8,6,26,512,488,139,47,92,29
42,1000,60,5.13,10.3,18,37,30,951,28,10,11,49,7.715378433,119,194,18.62880684,12.18236613,7.360258004,8.08647565,494,12,3,2,17,457,16,7,9,32,511,489,150,44,102,17
45,1000,60,5.13,10.3,18,37,23,946,27,14,13,54,7.569909787,108,155,17.01776186,11.07505816,6.973341694,8.13624246,466,8,8,5,21,480,19,6,8,33,487,513,111,44,83,25
41,1000,60,5.13,10.3,18,37,35,955,26,13,6,45,7.88597858,154,178,21.78618363,14.25213251,8.093788119,7.664429567,491,14,7,4,25,464,12,6,2,20,516,484,146,32,132,22
46,1000,60,5.13,10.3,18,37,20,955,21,15,9,45,7.443205968,116,163,17.31581706,11.60821344,7.017354268,7.822366934,450,11,8,2,21,505,10,7,7,24,471,529,114,49,95,21
40,1000,60,5.13,10.3,18,37,65,967,19,8,6,33,7.747711642,245,324,61.96445222,45.59797994,8.823171959,6.726758085,464,11,6,6,23,503,8,2,0,10,487,513,301,23,231,14
47,1000,60,5.13,10.3,18,37,15,951,30,7,12,49,7.208422542,104,176,15.95333322,10.14069244,6.609251138,7.854929733,500,14,2,3,19,451,16,5,9,30,519,481,113,63,78,26
44,1000,60,5.13,10.3,18,37,25,955,27,11,7,45,7.609860442,109,180,18.05503055,11.88906073,7.254513745,7.982683206,496,11,3,2,16,459,16,8,5,29,512,488,124,56,90,19
43,1000,60,5.13,10.3,18,37,28,956,23,9,12,44,7.853265485,110,164,17.66498268,11.26398275,7.504885397,8.21877902,494,11,1,6,18,462,12,8,6,26,512,488,116,48,88,22
42,1000,60,5.13,10.3,18,37,31,950,28,11,11,50,7.733422474,145,177,18.94612097,12.40060945,7.428369268,8.052199956,493,12,4,2,18,457,16,7,9,32,511,489,138,39,120,25
45,1000,60,5.13,10.3,18,37,24,946,27,14,13,54,7.598454879,112,189,17.16947629,11.23568567,7.047604681,8.121386743,465,9,8,5,22,481,18,6,8,32,487,513,142,47,94,18
41,1000,60,5.13,10.3,18,37,36,956,26,12,6,44,7.89690262,148,191,22.58617667,14.79021125,8.13065815,7.647692179,491,14,7,4,25,465,12,5,2,19,516,484,155,36,127,21
46,1000,60,5.13,10.3,18,37,21,955,20,16,9,45,7.488427218,123,156,17.5037415,11.78830252,7.073129363,7.85819147,450,11,8,2,21,505,9,8,7,24,471,529,107,49,103,20
40,1000,60,5.13,10.3,18,37,66,968,18,8,6,32,7.712045606,260,346,65.42476898,48.42390233,8.8306105,6.650172109,465,10,6,6,22,503,8,2,0,10,487,513,308,38,250,10
47,1000,60,5.13,10.3,18,37,16,950,31,7,12,50,7.236304775,105,155,16.02356342,10.19860859,6.64560774,7.873668104,499,15,2,3,20,451,16,5,9,30,519,481,99,56,76,29
44,1000,60,5.13,10.3,18,37,26,955,28,11,6,45,7.615377338,121,173,18.32047855,12.06470736,7.272420096,7.97520133,496,11,3,2,16,459,17,8,4,29,512,488,127,46,101,20
43,1000,60,5.13,10.3,18,37,29,957,23,7,13,43,7.861866547,108,179,17.96763658,11.46887614,7.527413447,8.212768159,495,10,0,7,17,462,13,7,6,26,512,488,132,47,81,27
42,1000,60,5.13,10.3,18,37,32,952,27,10,11,48,7.740910499,116,183,19.17352515,12.57849624,7.451910244,8.042912811,493,12,4,2,18,459,15,6,9,30,511,489,135,48,97,19
45,1000,60,5.13,10.3,18,37,25,946,27,13,14,54,7.602042429,136,196,17.30091768,11.34097062,7.059155515,8.117414607,465,9,8,5,22,481,18,5,9,32,487,513,136,60,101,35
41,1000,60,5.13,10.3,18,37,37,954,28,12,6,46,7.933984286,156,207,23.55671914,15.44081609,8.24744489,7.599799014,488,17,7,4,28,466,11,5,2,18,516,484,165,42,128,28
46,1000,60,5.13,10.3,18,37,22,954,23,15,8,46,7.500291552,115,182,17.65453428,11.90328171,7.15312757,7.809392185,450,11,8,2,21,504,12,7,6,25,471,529,134,48,95,20
40,1000,60,5.13,10.3,18,37,67,969,16,9,6,31,7.665185964,270,332,69.53889026,51.64601033,8.867083889,6.524202943,464,10,7,6,23,505,6,2,0,8,487,513,305,27,252,18
47,1000,60,5.13,10.3,18,37,17,949,32,7,12,51,7.277868816,113,166,16.12871757,10.31477338,6.720074981,7.879729524,499,15,2,3,20,450,17,5,9,31,519,481,122,44,92,21
44,1000,60,5.13,10.3,18,37,27,956,27,11,6,44,7.65069996,114,196,18.50943153,12.21999161,7.348578991,7.967679336,496,11,3,2,16,460,16,8,4,28,512,488,145,51,99,15
43,1000,60,5.13,10.3,18,37,30,957,25,7,11,43,7.832942106,125,172,18.22429644,11.67117587,7.55640119,8.123083395,495,10,0,7,17,462,15,7,4,26,512,488,138,34,101,24
42,1000,60,5.13,10.3,18,37,33,952,27,9,12,48,7.743305436,134,190,19.43510133,12.77711465,7.504519261,7.992834547,492,13,4,2,19,460,14,5,10,29,511,489,143,47,115,19
45,1000,60,5.13,10.3,18,37,26,948,24,14,14,52,7.593734873,127,184,17.41569735,11.46681235,7.091991272,8.070048973,465,8,9,5,22,483,16,5,9,30,487,513,134,50,105,22
41,1000,60,5.13,10.3,18,37,38,955,25,13,7,45,7.953202195,140,191,24.65282861,16.14498707,8.324659937,7.557185264,488,16,7,5,28,467,9,6,2,17,516,484,156,35,117,23
46,1000,60,5.13,10.3,18,37,23,956,22,14,8,44,7.505928393,112,163,17.80609997,12.03693909,7.198837888,7.779349239,450,11,8,2,21,506,11,6,6,23,471,529,126,37,91,21
44,1000,60,5.13,10.3,18,37,28,955,28,11,6,45,7.679050808,127,182,18.68165259,12.3725057,7.398796659,7.973087948,495,12,3,2,17,460,16,8,4,28,512,488,141,41,109,18
47,1000,60,5.13,10.3,18,37,18,949,35,8,8,51,7.235919805,128,176,16.21098158,10.3929234,6.725888005,7.786245177,499,15,3,2,20,450,20,5,6,31,519,481,109,67,97,31
40,1000,60,5.13,10.3,18,37,68,967,18,9,6,33,7.674923098,277,335,71.31139111,53.03959863,8.888673171,6.522688623,463,11,7,6,24,504,7,2,0,9,487,513,307,28,257,20
43,1000,60,5.13,10.3,18,37,31,959,25,6,10,41,7.842364448,119,192,18.54963262,11.91810558,7.607493363,8.088786569,495,10,0,7,17,464,15,6,3,24,512,488,153,39,103,16
42,1000,60,5.13,10.3,18,37,34,953,27,9,11,47,7.699285403,116,201,19.82879521,13.04926167,7.513571915,7.893354099,492,13,4,2,19,461,14,5,9,28,511,489,154,47,104,12
45,1000,60,5.13,10.3,18,37,27,948,25,13,14,52,7.60960248,123,179,17.58677563,11.58387873,7.127173701,8.067580677,465,8,8,6,22,483,17,5,8,30,487,513,137,42,98,25
41,1000,60,5.13,10.3,18,37,39,957,23,13,7,43,7.934015739,153,229,25.43929806,16.63943552,8.349126789,7.49145933,489,15,7,5,27,468,8,6,2,16,516,484,182,47,126,27
46,1000,60,5.13,10.3,18,37,24,956,23,14,7,44,7.513520608,135,217,17.99504465,12.17305109,7.205048309,7.788171748,450,12,7,2,21,506,11,7,5,23,471,529,154,63,109,26
44,1000,60,5.13,10.3,18,37,29,954,29,11,6,46,7.714373387,119,208,18.95158645,12.54569175,7.453284429,7.988302785,494,13,3,2,18,460,16,8,4,28,512,488,144,64,105,14
43,1000,60,5.13,10.3,18,37,32,958,26,6,10,42,7.899604476,127,191,18.79478936,12.09053638,7.696775174,8.112408989,495,10,0,7,17,463,16,6,3,25,512,488,146,45,106,21
47,1000,60,5.13,10.3,18,37,19,950,33,9,8,50,7.280118033,96,167,16.3053825,10.46053368,6.831504424,7.764173049,499,15,3,2,20,451,18,6,6,30,519,481,103,64,71,25
40,1000,60,5.13,10.3,18,37,69,967,17,10,6,33,7.708963535,277,346,73.03934979,54.29195171,8.932117937,6.547801363,463,11,7,6,24,504,6,3,0,9,487,513,323,23,266,11
42,1000,60,5.13,10.3,18,37,35,952,28,9,11,48,7.729889387,137,208,20.20890704,13.34428745,7.601660587,7.863887172,491,14,4,2,20,461,14,5,9,28,511,489,167,41,121,16
45,1000,60,5.13,10.3,18,37,28,948,24,14,14,52,7.617332219,121,177,17.78032683,11.77026125,7.147431373,8.063417428,465,7,9,6,22,483,17,5,8,30,487,513,136,41,95,26
41,1000,60,5.13,10.3,18,37,40,958,22,13,7,42,7.950340387,144,217,26.39639738,17.25271846,8.405710761,7.464862881,489,14,8,5,27,469,8,5,2,15,516,484,179,38,122,22
46,1000,60,5.13,10.3,18,37,25,955,23,15,7,45,7.535140968,127,205,18.15884925,12.31131322,7.238184792,7.799538621,450,11,8,2,21,505,12,7,5,24,471,529,152,53,114,13
44,1000,60,5.13,10.3,18,37,30,955,28,11,6,45,7.693903377,128,188,19.34779872,12.86913839,7.443814824,7.956291367,494,13,3,2,18,461,15,8,4,27,512,488,133,55,112,16
43,1000,60,5.13,10.3,18,37,33,959,25,6,10,41,7.888308786,135,203,19.1032995,12.33077724,7.695042459,8.091080015,496,9,0,7,16,463,16,6,3,25,512,488,152,51,104,31
47,1000,60,5.13,10.3,18,37,20,949,34,9,8,51,7.278272527,109,155,16.38964975,10.5381229,6.845068851,7.745700194,499,15,3,2,20,450,19,6,6,31,519,481,106,49,82,27
42,1000,60,5.13,10.3,18,37,36,953,27,8,12,47,7.75232593,146,207,20.66538025,13.6729916,7.644626896,7.86487032,491,14,4,2,20,462,13,4,10,27,511,489,162,45,123,23
45,1000,60,5.13,10.3,18,37,29,948,24,14,14,52,7.604779837,128,198,17.9352991,11.89392051,7.161100315,8.025972676,465,7,9,6,22,483,17,5,8,30,487,513,154,44,102,26
40,1000,60,5.13,10.3,18,37,70,967,17,10,6,33,7.709205505,278,363,76.95713162,57.18445394,8.985847583,6.497266534,463,11,7,6,24,504,6,3,0,9,487,513,332,31,260,18
41,1000,60,5.13,10.3,18,37,41,957,23,13,7,43,7.975949065,168,247,27.57892466,17.94190984,8.462481387,7.457249318,488,15,8,5,28,469,8,5,2,15,516,484,191,56,140,28
46,1000,60,5.13,10.3,18,37,26,954,24,15,7,46,7.53819465,122,189,18.41800442,12.493991,7.283690977,7.764794328,449,12,8,2,22,505,12,7,5,24,471,529,146,43,104,18
44,1000,60,5.13,10.3,18,37,31,954,28,12,6,46,7.72534854,129,210,19.70681154,13.17739681,7.482562446,7.980074934,493,13,4,2,19,461,15,8,4,27,512,488,160,50,108,21
43,1000,60,5.13,10.3,18,37,34,959,25,6,10,41,7.887410405,133,195,19.35621017,12.49856916,7.711009625,8.072486633,496,9,0,7,16,463,16,6,3,25,512,488,146,49,107,26
47,1000,60,5.13,10.3,18,37,21,950,34,9,7,50,7.308083617,107,170,16.50760548,10.64068492,6.899375688,7.749080323,499,15,3,2,20,451,19,6,5,30,519,481,108,62,90,17
42,1000,60,5.13,10.3,18,37,37,954,27,8,11,46,7.746367676,152,221,20.99485343,13.9216637,7.683487358,7.812076965,491,14,4,2,20,463,13,4,9,26,511,489,171,50,128,24
45,1000,60,5.13,10.3,18,37,30,948,25,14,13,52,7.607097216,115,175,18.07934455,12.00600419,7.191206588,8.001909566,465,7,9,6,22,483,18,5,7,30,487,513,141,34,95,20
40,1000,60,5.13,10.3,18,37,71,967,17,10,6,33,7.675202101,267,362,81.26177858,60.3166603,9.039921061,6.379650185,462,11,8,6,25,505,6,2,0,8,487,513,337,25,256,11
41,1000,60,5.13,10.3,18,37,42,956,24,13,7,44,7.999888205,154,231,28.46643633,18.45815664,8.484299941,7.483449246,487,16,8,5,29,469,8,5,2,15,516,484,190,41,134,20
46,1000,60,5.13,10.3,18,37,27,953,25,13,9,47,7.559084363,125,194,18.58280245,12.64587454,7.339864237,7.754269012,448,13,6,4,23,505,12,7,5,24,471,529,139,55,103,22
44,1000,60,5.13,10.3,18,37,32,953,29,12,6,47,7.746305325,133,200,20.00937384,13.38709688,7.499631051,8.005111121,492,14,4,2,20,461,15,8,4,27,512,488,156,44,109,24
43,1000,60,5.13,10.3,18,37,35,961,25,4,10,39,7.864149396,136,215,19.64591719,12.71798112,7.74301435,7.991241903,495,11,0,6,17,466,14,4,4,22,512,488,162,53,114,22
42,1000,60,5.13,10.3,18,37,38,955,25,9,11,45,7.779424715,159,216,21.29797764,14.15303794,7.723111539,7.838271408,491,14,4,2,20,464,11,5,9,25,511,489,175,41,137,22
45,1000,60,5.13,10.3,18,37,31,949,25,13,13,51,7.61913991,134,170,18.25957219,12.13215278,7.238848646,7.980157154,465,7,9,6,22,484,18,4,7,29,487,513,124,46,109,25
47,1000,60,5.13,10.3,18,37,22,953,31,9,7,47,7.315855129,101,152,16.61222398,10.76085092,6.950718727,7.709838065,499,15,3,2,20,454,16,6,5,27,519,481,110,42,82,19
41,1000,60,5.13,10.3,18,37,43,957,23,13,7,43,8.02080413,159,223,29.36989021,19.02395368,8.536259198,7.471269388,487,16,8,5,29,470,7,5,2,14,516,484,189,34,142,17
40,1000,60,5.13,10.3,18,37,72,968,16,10,6,32,7.686909383,275,341,84.02636179,62.18927523,9.122603187,6.323979787,462,11,8,6,25,506,5,2,0,7,487,513,325,16,263,12
46,1000,60,5.13,10.3,18,37,28,953,25,13,9,47,7.550761386,147,179,18.86558457,12.86266627,7.378817525,7.703853179,448,13,5,5,23,505,12,8,4,24,471,529,140,39,129,18
44,1000,60,5.13,10.3,18,37,33,953,29,11,7,47,7.769952489,154,181,20.34513774,13.65353278,7.544861512,8.006113513,492,14,4,2,20,461,15,7,5,27,512,488,143,38,126,28
43,1000,60,5.13,10.3,18,37,36,961,25,4,10,39,7.87905013,136,185,20.00491806,12.97699649,7.780074923,7.98289297,495,11,0,6,17,466,14,4,4,22,512,488,144,41,117,19
42,1000,60,5.13,10.3,18,37,39,957,25,7,11,43,7.810109471,134,206,21.64854813,14.44806676,7.810210809,7.810003573,491,14,4,2,20,466,11,3,9,23,511,489,165,41,118,16
45,1000,60,5.13,10.3,18,37,32,950,25,13,12,50,7.643701737,130,200,18.48258331,12.31655245,7.316568324,7.95425529,465,7,9,6,22,485,18,4,6,28,487,513,157,43,109,21
47,1000,60,5.13,10.3,18,37,23,953,31,9,7,47,7.330336704,117,161,16.72195302,10.82891713,6.975270504,7.713453872,499,15,3,2,20,454,16,6,5,27,519,481,118,43,97,20
41,1000,60,5.13,10.3,18,37,44,959,21,13,7,41,8.024683586,145,228,30.43702796,19.67010803,8.608454182,7.402316586,487,16,8,5,29,472,5,5,2,12,516,484,184,44,127,18
46,1000,60,5.13,10.3,18,37,29,955,25,11,9,45,7.545071871,142,203,19.14627982,13.0982928,7.441604636,7.637194873,448,13,5,5,23,507,12,6,4,22,471,529,152,51,118,24
40,1000,60,5.13,10.3,18,37,73,968,16,10,6,32,7.711865483,284,357,86.96400554,64.19354175,9.165828208,6.331592877,462,11,8,6,25,506,5,2,0,7,487,513,337,20,265,19
44,1000,60,5.13,10.3,18,37,34,952,31,11,6,48,7.731457016,133,219,20.77457822,13.98090128,7.55145343,7.920313239,491,15,4,2,21,461,16,7,4,27,512,488,160,59,115,18
43,1000,60,5.13,10.3,18,37,37,960,26,4,10,40,7.916040805,134,204,20.38434736,13.23160133,7.822155253,8.014543679,494,12,0,6,18,466,14,4,4,22,512,488,162,42,111,23
42,1000,60,5.13,10.3,18,37,40,956,27,7,10,44,7.822082956,147,220,22.04847093,14.780316,7.88924842,7.751895732,489,16,4,2,22,467,11,3,8,22,511,489,172,48,135,12
45,1000,60,5.13,10.3,18,37,33,951,24,14,11,49,7.640625766,137,180,18.6786799,12.47372425,7.359697163,7.907316273,465,6,10,6,22,486,18,4,5,27,487,513,144,36,119,18
47,1000,60,5.13,10.3,18,37,24,953,31,9,7,47,7.37541496,107,187,16.78939528,10.90673545,7.030728119,7.747332779,499,15,3,2,20,454,16,6,5,27,519,481,143,44,81,26
41,1000,60,5.13,10.3,18,37,45,958,22,12,8,42,8.049665358,150,217,31.14473327,20.07516744,8.654731284,7.404595072,487,16,8,5,29,471,6,4,3,13,516,484,181,36,132,18
46,1000,60,5.13,10.3,18,37,30,954,26,11,9,46,7.574994797,140,193,19.43172088,13.33285125,7.503896646,7.638297687,447,14,5,5,24,507,12,6,4,22,471,529,144,49,124,16
44,1000,60,5.13,10.3,18,37,35,952,31,11,6,48,7.770989698,148,205,21.17458928,14.28024233,7.59622644,7.95434787,491,15,4,2,21,461,16,7,4,27,512,488,160,45,128,20
40,1000,60,5.13,10.3,18,37,74,968,15,11,6,32,7.674115151,268,370,91.21208027,67.60227462,9.165846285,6.257988323,462,11,8,6,25,506,4,3,0,7,487,513,350,20,260,8
43,1000,60,5.13,10.3,18,37,38,961,26,3,10,39,7.900928602,135,210,20.86771894,13.54654144,7.853451537,7.950740604,494,12,0,6,18,467,14,3,4,21,512,488,174,36,111,24
42,1000,60,5.13,10.3,18,37,41,956,27,7,10,44,7.842189203,146,232,22.63225257,15.23523787,7.911693872,7.769557534,489,16,4,2,22,467,11,3,8,22,511,489,189,43,127,19
45,1000,60,5.13,10.3,18,37,34,953,23,14,10,47,7.652903889,140,188,18.88267756,12.63369206,7.410573668,7.882952267,465,6,10,6,22,488,17,4,4,25,487,513,150,38,116,24
47,1000,60,5.13,10.3,18,37,25,953,30,10,7,47,7.388722453,117,160,16.94113489,11.04472012,7.074372066,7.727907175,499,14,4,2,20,454,16,6,5,27,519,481,110,50,88,29
41,1000,60,5.13,10.3,18,37,46,958,22,12,8,42,8.021369963,188,219,32.07638598,20.65993981,8.660536719,7.339944247,488,15,8,5,28,470,7,4,3,14,516,484,184,35,167,21
46,1000,60,5.13,10.3,18,37,31,954,26,9,11,46,7.589855622,149,198,19.75505793,13.58865037,7.542238103,7.632252317,447,14,4,6,24,507,12,5,5,22,471,529,154,44,122,27
44,1000,60,5.13,10.3,18,37,36,951,31,12,6,49,7.800813887,140,207,21.45687746,14.54190367,7.649764394,7.959292044,490,15,5,2,22,461,16,7,4,27,512,488,170,37,124,16
43,1000,60,5.13,10.3,18,37,39,961,26,3,10,39,7.91364163,116,205,21.28901335,13.84733712,7.877530844,7.951528357,494,12,0,6,18,467,14,3,4,21,512,488,151,54,102,14
40,1000,60,5.13,10.3,18,37,75,967,16,11,6,33,7.670774902,299,378,95.64157974,71.30361411,9.206086891,6.213275997,461,12,8,6,26,506,4,3,0,7,487,513,355,23,287,12
42,1000,60,5.13,10.3,18,37,42,959,25,7,9,41,7.770697889,165,241,23.30452911,15.71757234,7.953904906,7.579248429,489,16,4,2,22,470,9,3,7,19,511,489,202,39,151,14
45,1000,60,5.13,10.3,18,37,35,951,25,14,10,49,7.680353857,122,179,19.09817128,12.82311081,7.454291997,7.89495839,464,7,10,6,23,487,18,4,4,26,487,513,151,28,106,16
47,1000,60,5.13,10.3,18,37,26,952,30,11,7,48,7.430553749,121,185,17.135336,11.1938012,7.130867729,7.753915588,499,13,5,2,20,453,17,6,5,28,519,481,129,56,90,31
41,1000,60,5.13,10.3,18,37,47,959,21,12,8,41,8.019078841,177,205,32.7319895,21.10861086,8.732453982,7.258538401,488,15,8,5,28,471,6,4,3,13,516,484,180,25,157,20
46,1000,60,5.13,10.3,18,37,32,954,25,9,12,46,7.616480329,133,194,20.06367914,13.83783841,7.596081341,7.634642756,447,14,4,6,24,507,11,5,6,22,471,529,155,39,112,21
44,1000,60,5.13,10.3,18,37,37,950,31,12,7,50,7.831356241,144,212,21.88025721,14.86856251,7.707208138,7.961609989,489,15,5,3,23,461,16,7,4,27,512,488,164,48,127,17
43,1000,60,5.13,10.3,18,37,40,960,27,3,10,40,7.905982211,156,212,21.65210864,14.10706238,7.895833624,7.91662991,493,13,0,6,19,467,14,3,4,21,512,488,168,44,125,31
42,1000,60,5.13,10.3,18,37,43,960,25,7,8,40,7.780482565,175,255,23.76516451,16.10395962,8.000489462,7.550577607,489,16,4,2,22,471,9,3,6,18,511,489,210,45,159,16
45,1000,60,5.13,10.3,18,37,36,951,26,14,9,49,7.700144496,124,184,19.29484562,12.99523964,7.511741042,7.878999237,464,7,10,6,23,487,19,4,3,26,487,513,151,33,101,23
40,1000,60,5.13,10.3,18,37,76,966,17,11,6,34,7.653506037,289,396,102.1670198,76.30916552,9.266399839,6.12235734,461,12,8,6,26,505,5,3,0,8,487,513,371,25,274,15
47,1000,60,5.13,10.3,18,37,27,955,28,10,7,45,7.433954309,130,179,17.29189958,11.31916182,7.167588532,7.721363536,500,12,5,2,19,455,16,5,5,26,519,481,133,46,102,28
41,1000,60,5.13,10.3,18,37,48,959,21,12,8,41,8.016134046,158,236,33.8981259,21.85126323,8.773745159,7.208432942,487,16,8,5,29,472,5,4,3,12,516,484,193,43,134,24
46,1000,60,5.13,10.3,18,37,33,954,25,9,12,46,7.610349812,159,201,20.47863588,14.19199133,7.594562165,7.624406488,447,14,4,6,24,507,11,5,6,22,471,529,165,36,138,21
44,1000,60,5.13,10.3,18,37,38,951,30,12,7,49,7.843819919,151,207,22.4990343,15.32774972,7.715313485,7.978646341,489,15,5,3,23,462,15,7,4,26,512,488,161,46,128,23
43,1000,60,5.13,10.3,18,37,41,961,27,2,10,39,7.920715045,131,202,22.18259418,14.50231494,7.926230173,7.914928681,493,13,0,6,19,468,14,2,4,20,512,488,153,49,112,19
42,1000,60,5.13,10.3,18,37,44,962,22,8,8,38,7.759790478,179,224,24.47614278,16.60481562,8.000322664,7.508436804,490,14,5,2,21,472,8,3,6,17,511,489,195,29,159,20
45,1000,60,5.13,10.3,18,37,37,951,25,15,9,49,7.745073473,127,175,19.47510066,13.16067594,7.557966978,7.922696988,464,7,10,6,23,487,18,5,3,26,487,513,139,36,103,24
40,1000,60,5.13,10.3,18,37,77,965,18,11,6,35,7.661359899,298,386,110.8624674,82.89150479,9.279030892,6.12567613,461,12,8,6,26,504,6,3,0,9,487,513,364,22,287,11
41,1000,60,5.13,10.3,18,37,49,959,20,13,8,41,8.024946948,171,257,35.20983097,22.71780702,8.83509796,7.161232233,487,15,9,5,29,472,5,4,3,12,516,484,217,40,153,18
47,1000,60,5.13,10.3,18,37,28,955,28,10,7,45,7.447208565,117,176,17.42379528,11.44429877,7.203440953,7.710234325,500,12,5,2,19,455,16,5,5,26,519,481,125,51,96,21
44,1000,60,5.13,10.3,18,37,39,948,33,12,7,52,7.861430245,158,203,22.97141427,15.65363433,7.736425715,7.992582539,488,16,5,3,24,460,17,7,4,28,512,488,167,36,136,22
46,1000,60,5.13,10.3,18,37,34,953,26,9,12,47,7.601217058,144,225,20.89698264,14.53208803,7.63798837,7.568477384,446,15,4,6,25,507,11,5,6,22,471,529,180,45,124,20
43,1000,60,5.13,10.3,18,37,42,960,28,2,10,40,7.937697637,130,191,22.64237346,14.84136645,7.94891515,7.925928443,493,13,0,6,19,467,15,2,4,21,512,488,152,39,116,14
42,1000,60,5.13,10.3,18,37,45,961,23,8,8,39,7.753071316,162,229,25.37627411,17.19110036,8.075728587,7.415897768,489,15,5,2,22,472,8,3,6,17,511,489,199,30,144,18
45,1000,60,5.13,10.3,18,37,38,952,24,15,9,48,7.72790567,139,197,19.712943,13.3828315,7.55186415,7.895025007,465,6,10,6,22,487,18,5,3,26,487,513,157,40,123,16
40,1000,60,5.13,10.3,18,37,78,965,18,11,6,35,7.653429922,298,383,115.9977508,86.59927715,9.291498976,6.098381912,461,12,8,6,26,504,6,3,0,9,487,513,363,20,286,12
41,1000,60,5.13,10.3,18,37,50,959,20,12,9,41,8.037255207,167,239,36.7742985,23.77176114,8.859606771,7.160533293,487,15,9,5,29,472,5,3,4,12,516,484,200,39,149,18
47,1000,60,5.13,10.3,18,37,29,953,29,11,7,47,7.49777045,139,173,17.59257398,11.57279072,7.25184746,7.763121868,498,13,6,2,21,455,16,5,5,26,519,481,119,54,114,25
44,1000,60,5.13,10.3,18,37,40,949,33,11,7,51,7.899522391,145,236,23.61531066,16.19465479,7.76572491,8.039900076,488,16,5,3,24,461,17,6,4,27,512,488,193,43,136,9
46,1000,60,5.13,10.3,18,37,35,952,27,9,12,48,7.660739534,116,222,21.2827511,14.84012291,7.750290899,7.581006654,445,16,4,6,26,507,11,5,6,22,471,529,176,46,104,12
43,1000,60,5.13,10.3,18,37,43,961,27,2,10,39,7.92732723,144,211,23.02020612,15.12005448,7.959382467,7.893695507,493,13,0,6,19,468,14,2,4,20,512,488,177,34,125,19
42,1000,60,5.13,10.3,18,37,46,959,25,8,8,41,7.805446686,177,236,26.16517315,17.7919381,8.138955015,7.456933892,489,15,5,2,22,470,10,3,6,19,511,489,197,39,165,12
45,1000,60,5.13,10.3,18,37,39,953,24,14,9,47,7.742394137,131,220,19.99274438,13.60143325,7.631683573,7.847493639,464,8,9,6,23,489,16,5,3,24,487,513,182,38,115,16
40,1000,60,5.13,10.3,18,37,79,964,19,11,6,36,7.664926147,322,390,121.5547975,90.24891816,9.313244709,6.100148097,461,12,8,6,26,503,7,3,0,10,487,513,372,18,312,10
41,1000,60,5.13,10.3,18,37,51,959,20,12,9,41,8.0518625,185,259,37.7554217,24.50485231,8.938144116,7.106983751,487,15,9,5,29,472,5,3,4,12,516,484,225,34,165,20
47,1000,60,5.13,10.3,18,37,30,952,30,11,7,48,7.516734508,115,174,17.75534173,11.70810349,7.262538161,7.791012895,498,13,6,2,21,454,17,5,5,27,519,481,132,42,98,17
44,1000,60,5.13,10.3,18,37,41,949,34,11,6,51,7.893319963,151,246,24.26616592,16.70827304,7.806019976,7.984913393,488,16,5,3,24,461,18,6,3,27,512,488,197,49,130,21
46,1000,60,5.13,10.3,18,37,36,951,28,9,12,49,7.715628128,132,205,21.7041088,15.18910106,7.846567936,7.59904467,444,17,4,6,27,507,11,5,6,22,471,529,168,37,109,23
43,1000,60,5.13,10.3,18,37,44,961,27,2,10,39,7.936415684,149,241,23.54616627,15.4793888,8.018920631,7.849853116,492,14,0,6,20,469,13,2,4,19,512,488,188,53,127,22
42,1000,60,5.13,10.3,18,37,47,958,26,8,8,42,7.822972222,172,261,27.28759668,18.56003377,8.19486987,7.434342983,489,15,5,2,22,469,11,3,6,20,511,489,217,44,159,13
45,1000,60,5.13,10.3,18,37,40,952,25,14,9,48,7.738348968,158,194,20.22641451,13.75801614,7.672982341,7.800402665,463,9,9,6,24,489,16,5,3,24,487,513,159,35,139,19
41,1000,60,5.13,10.3,18,37,52,960,20,11,9,40,8.072330351,180,267,39.14023503,25.3638334,9.005799646,7.077144077,487,15,9,5,29,473,5,2,4,11,516,484,239,28,161,19
40,1000,60,5.13,10.3,18,37,80,964,20,10,6,36,7.661450474,308,400,128.832468,95.37092538,9.3372478,6.070586346,461,13,7,6,26,503,7,3,0,10,487,513,375,25,298,10
44,1000,60,5.13,10.3,18,37,42,950,33,11,6,50,7.86346528,157,237,24.96929936,17.17550903,7.829595685,7.899000593,488,16,5,3,24,462,17,6,3,26,512,488,196,41,145,12
47,1000,60,5.13,10.3,18,37,31,952,30,11,7,48,7.516491685,123,163,18.00256852,11.91801555,7.271626898,7.780701299,498,13,6,2,21,454,17,5,5,27,519,481,128,35,106,17
46,1000,60,5.13,10.3,18,37,37,950,29,9,12,50,7.727017518,156,218,22.19530225,15.61061615,7.873558519,7.596543395,444,17,4,6,27,506,12,5,6,23,471,529,185,33,137,19
43,1000,60,5.13,10.3,18,37,45,961,27,2,10,39,7.953142526,166,215,24.00459288,15.77846077,8.044899187,7.856873242,492,14,0,6,20,469,13,2,4,19,512,488,179,36,145,21
42,1000,60,5.13,10.3,18,37,48,959,25,8,8,41,7.817603341,184,238,28.17803154,19.24185234,8.218964452,7.398185085,489,15,5,2,22,470,10,3,6,19,511,489,204,34,165,19
45,1000,60,5.13,10.3,18,37,41,954,25,13,8,46,7.709706238,125,234,20.5645967,14.04803684,7.680693066,7.737248956,463,9,9,6,24,491,16,4,2,22,487,513,183,51,108,17
41,1000,60,5.13,10.3,18,37,53,961,19,10,10,39,8.109135306,192,264,40.02050296,25.89992078,9.076224845,7.078105963,487,15,9,5,29,474,4,1,5,10,516,484,232,32,171,21
44,1000,60,5.13,10.3,18,37,43,949,34,11,6,51,7.898131668,175,257,25.92879474,17.85443628,7.862072777,7.935963948,488,16,5,3,24,461,18,6,3,27,512,488,196,61,150,25
47,1000,60,5.13,10.3,18,37,32,954,28,12,6,46,7.538330907,124,182,18.18766821,12.05962051,7.382217411,7.706777694,498,13,6,2,21,456,15,6,4,25,519,481,132,50,100,24
40,1000,60,5.13,10.3,18,37,81,964,20,10,6,36,7.637404324,324,404,136.5697096,100.5393407,9.385744772,5.977673723,461,13,7,6,26,503,7,3,0,10,487,513,377,27,313,11
46,1000,60,5.13,10.3,18,37,38,950,29,9,12,50,7.704365674,155,218,22.50074347,15.84537972,7.902945252,7.527558527,443,18,4,6,28,507,11,5,6,22,471,529,180,38,136,19
43,1000,60,5.13,10.3,18,37,46,960,27,3,10,40,7.978781695,155,220,24.47339864,16.13070159,8.100322643,7.851263323,491,14,1,6,21,469,13,2,4,19,512,488,191,29,142,13
42,1000,60,5.13,10.3,18,37,49,960,25,7,8,40,7.799863779,187,239,29.40541794,20.09478151,8.243019977,7.336770083,489,15,5,2,22,471,10,2,6,18,511,489,203,36,166,21
45,1000,60,5.13,10.3,18,37,42,955,24,13,8,45,7.715183766,136,205,20.96213067,14.36233619,7.716195152,7.71422364,463,9,9,6,24,492,15,4,2,21,487,513,171,34,120,16
41,1000,60,5.13,10.3,18,37,54,963,19,9,9,37,8.105678668,197,278,41.56503831,26.90716404,9.122426926,7.021707384,488,15,8,5,28,475,4,1,4,9,516,484,245,33,174,23
44,1000,60,5.13,10.3,18,37,44,948,35,11,6,52,7.891904651,151,254,26.8627322,18.49578815,7.893433959,7.890300131,488,16,5,3,24,460,19,6,3,28,512,488,212,42,138,13
47,1000,60,5.13,10.3,18,37,33,953,29,11,7,47,7.593646861,128,183,18.35458242,12.22596544,7.463771779,7.733782345,498,13,6,2,21,455,16,5,5,26,519,481,138,45,102,26
46,1000,60,5.13,10.3,18,37,39,951,28,9,12,49,7.701585138,183,246,22.91690071,16.19544759,7.949094865,7.481212583,443,17,5,6,28,508,11,4,6,21,471,529,199,47,161,22
43,1000,60,5.13,10.3,18,37,47,960,27,3,10,40,7.987428538,161,234,25.12667806,16.587717,8.142113075,7.825136564,491,14,1,6,21,469,13,2,4,19,512,488,208,26,144,17
40,1000,60,5.13,10.3,18,37,82,964,20,10,6,36,7.595495809,328,400,144.4756169,105.8357297,9.427697536,5.856154208,461,13,7,6,26,503,7,3,0,10,487,513,381,19,314,14
42,1000,60,5.13,10.3,18,37,50,960,25,7,8,40,7.812940546,185,265,30.28148074,20.68679146,8.32094868,7.282077241,489,15,5,2,22,471,10,2,6,18,511,489,216,49,164,21
45,1000,60,5.13,10.3,18,37,43,955,24,13,8,45,7.747154701,149,224,21.28956114,14.63038087,7.75953982,7.735397288,463,9,9,6,24,492,15,4,2,21,487,513,184,40,132,17
41,1000,60,5.13,10.3,18,37,55,963,19,9,9,37,8.110198869,194,252,42.98857524,27.85620202,9.187906237,6.961238121,488,15,8,5,28,475,4,1,4,9,516,484,217,35,175,19
44,1000,60,5.13,10.3,18,37,45,953,33,8,6,47,7.847550674,155,240,27.8713319,19.34341393,7.938178313,7.752465937,487,17,5,3,25,466,16,3,3,22,512,488,202,38,141,14
46,1000,60,5.13,10.3,18,37,40,951,28,8,13,49,7.70911594,170,235,23.39094248,16.60926278,7.997190128,7.452626445,443,17,4,7,28,508,11,4,6,21,471,529,197,38,156,14
43,1000,60,5.13,10.3,18,37,48,958,29,3,10,42,8.038035926,161,223,25.77322056,17.04966418,8.208644873,7.859036374,489,16,1,6,23,469,13,2,4,19,512,488,192,31,138,23
47,1000,60,5.13,10.3,18,37,34,955,27,11,7,45,7.613807846,127,184,18.58262873,12.43250845,7.521109311,7.713829758,498,12,7,2,21,457,15,4,5,24,519,481,143,41,108,19
42,1000,60,5.13,10.3,18,37,51,960,25,6,9,40,7.793421652,163,274,31.19430348,21.30429005,8.341548328,7.22063488,489,15,4,3,22,471,10,2,6,18,511,489,232,42,155,8
40,1000,60,5.13,10.3,18,37,83,965,18,11,6,35,7.603146962,330,391,150.989506,110.271856,9.473761976,5.827338947,461,13,7,6,26,504,5,4,0,9,487,513,377,14,316,14
45,1000,60,5.13,10.3,18,37,44,955,24,13,8,45,7.770186945,141,215,21.63676021,14.89553923,7.815252769,7.727405158,463,9,9,6,24,492,15,4,2,21,487,513,183,32,129,12
41,1000,60,5.13,10.3,18,37,56,963,19,9,9,37,8.104322442,200,276,44.38045369,28.83075787,9.223846299,6.910780479,488,15,8,5,28,475,4,1,4,9,516,484,247,29,180,20
44,1000,60,5.13,10.3,18,37,46,953,34,8,5,47,7.876045904,166,236,28.81652803,20.00079527,7.986198131,7.760476355,487,17,5,3,25,466,17,3,2,22,512,488,207,29,151,15
46,1000,60,5.13,10.3,18,37,41,951,27,9,13,49,7.727230097,164,226,23.8996291,17.0778247,8.051162433,7.438813972,443,16,5,7,28,508,11,4,6,21,471,529,190,36,144,20
42,1000,60,5.13,10.3,18,37,52,960,25,6,9,40,7.82602267,197,259,32.3040481,22.190916,8.401865253,7.22427306,489,15,4,3,22,471,10,2,6,18,511,489,231,28,180,17
43,1000,60,5.13,10.3,18,37,49,957,29,4,10,43,8.052648018,153,225,26.75975148,17.76844323,8.219407157,7.87768761,488,17,1,6,24,469,12,3,4,19,512,488,192,33,134,19
47,1000,60,5.13,10.3,18,37,35,955,27,10,8,45,7.574417165,136,198,18.83484254,12.67390796,7.507884242,7.646206326,498,12,7,2,21,457,15,3,6,24,519,481,155,43,103,33
45,1000,60,5.13,10.3,18,37,45,956,22,14,8,44,7.745730688,153,210,22.07083855,15.24992859,7.823691193,7.671721398,463,9,9,6,24,493,13,5,2,20,487,513,178,32,134,19
40,1000,60,5.13,10.3,18,37,84,965,18,11,6,35,7.57342426,337,412,157.9902989,115.1796343,9.487459456,5.756396695,461,13,7,6,26,504,5,4,0,9,487,513,396,16,322,15
41,1000,60,5.13,10.3,18,37,57,964,20,8,8,36,8.113511044,203,271,46.05958535,30.11069966,9.269743123,6.88083387,488,16,7,5,28,476,4,1,3,8,516,484,237,34,188,15
44,1000,60,5.13,10.3,18,37,47,953,35,8,4,47,7.846117593,183,237,30.09278872,20.91400091,8.040757534,7.641905197,487,17,5,3,25,466,18,3,1,22,512,488,196,41,163,20
46,1000,60,5.13,10.3,18,37,42,951,27,10,12,49,7.730412173,157,236,24.31765811,17.42060733,8.109020293,7.393314962,443,16,5,7,28,508,11,5,5,21,471,529,201,35,136,21
42,1000,60,5.13,10.3,18,37,53,959,26,6,9,41,7.820786382,203,278,33.80966224,23.24624339,8.448165323,7.165181803,488,16,4,3,23,471,10,2,6,18,511,489,237,41,189,14
43,1000,60,5.13,10.3,18,37,50,957,29,4,10,43,8.084793114,167,247,27.84755338,18.48882081,8.278668544,7.881382826,488,17,1,6,24,469,12,3,4,19,512,488,217,30,146,21
47,1000,60,5.13,10.3,18,37,36,956,27,10,7,44,7.564180995,140,214,19.14075914,12.93106404,7.496192787,7.637540413,499,11,7,2,20,457,16,3,5,24,519,481,160,54,112,28
45,1000,60,5.13,10.3,18,37,46,957,21,14,8,43,7.753561572,150,242,22.61104617,15.66820283,7.885848674,7.627979079,463,9,9,6,24,494,12,5,2,19,487,513,200,42,130,20
40,1000,60,5.13,10.3,18,37,85,966,18,10,6,34,7.558996631,341,414,165.0665893,120.0215698,9.524462231,5.693145271,461,13,7,6,26,505,5,3,0,8,487,513,396,18,328,13
41,1000,60,5.13,10.3,18,37,58,964,20,8,8,36,8.070838242,205,278,47.49591692,31.33874832,9.279682755,6.782070126,488,16,7,5,28,476,4,1,3,8,516,484,244,34,188,17
44,1000,60,5.13,10.3,18,37,48,951,36,9,4,49,7.869093312,170,265,31.93232153,22.24450412,8.08348417,7.644158641,485,18,6,3,27,466,18,3,1,22,512,488,224,41,156,14
42,1000,60,5.13,10.3,18,37,54,958,27,7,8,42,7.829680235,185,268,34.79789961,24.02109025,8.514935092,7.113595917,487,17,4,3,24,471,10,3,5,18,511,489,229,39,177,8
46,1000,60,5.13,10.3,18,37,43,953,26,10,11,47,7.717558041,155,210,24.95441414,18.01584714,8.168123219,7.316393205,443,16,5,7,28,510,10,5,4,19,471,529,182,28,143,12
43,1000,60,5.13,10.3,18,37,51,957,28,5,10,43,8.092115987,167,241,29.17547453,19.45539272,8.317517168,7.855629501,488,17,1,6,24,469,11,4,4,19,512,488,213,28,142,25
47,1000,60,5.13,10.3,18,37,37,959,25,9,7,41,7.559802244,138,192,19.4847447,13.24657764,7.54301437,7.577916394,499,11,7,2,20,460,14,2,5,21,519,481,147,45,118,20
45,1000,60,5.13,10.3,18,37,47,958,21,13,8,42,7.746292738,159,219,23.07190059,16.00579823,7.918771364,7.582555718,463,9,9,6,24,495,12,4,2,18,487,513,181,38,147,12
40,1000,60,5.13,10.3,18,37,86,965,19,10,6,35,7.514521732,328,422,174.589323,126.9287748,9.545197987,5.586764742,460,14,7,6,27,505,5,3,0,8,487,513,401,21,325,3
41,1000,60,5.13,10.3,18,37,59,964,21,8,7,36,8.070542312,213,275,49.50819956,32.87365521,9.319912847,6.738568766,488,16,7,5,28,476,5,1,2,8,516,484,244,31,201,12
44,1000,60,5.13,10.3,18,37,49,949,36,11,4,51,7.895730136,182,258,33.68152772,23.73698424,8.128002101,7.65203496,485,18,6,3,27,464,18,5,1,24,512,488,218,40,161,21
42,1000,60,5.13,10.3,18,37,55,956,29,7,8,44,7.845188685,204,261,36.22158991,25.19547192,8.625737257,7.029523409,485,19,4,3,26,471,10,3,5,18,511,489,236,25,181,23
46,1000,60,5.13,10.3,18,37,44,953,27,10,10,47,7.714690555,169,240,25.6226219,18.66555543,8.154081715,7.323474608,443,17,5,6,28,510,10,5,4,19,471,529,201,39,140,29
43,1000,60,5.13,10.3,18,37,52,957,28,5,10,43,8.104470003,157,246,30.385495,20.40250952,8.347352661,7.849642295,488,17,1,6,24,469,11,4,4,19,512,488,205,41,138,19
45,1000,60,5.13,10.3,18,37,48,959,20,13,8,41,7.734822043,168,225,23.48717834,16.31105656,7.93757663,7.542343517,463,9,9,6,24,496,11,4,2,17,487,513,186,39,148,20
47,1000,60,5.13,10.3,18,37,38,959,25,9,7,41,7.579458875,145,202,19.79994058,13.47349121,7.560716215,7.599682243,499,11,7,2,20,460,14,2,5,21,519,481,157,45,121,24
41,1000,60,5.13,10.3,18,37,60,964,21,8,7,36,8.101427202,205,300,51.64387944,34.74722115,9.3770111,6.741507178,488,16,7,5,28,476,5,1,2,8,516,484,268,32,188,17
44,1000,60,5.13,10.3,18,37,50,949,35,12,4,51,7.897175081,178,264,35.91434798,25.80603368,8.18641627,7.593708916,485,17,7,3,27,464,18,5,1,24,512,488,229,35,160,18
40,1000,60,5.13,10.3,18,37,87,964,20,10,6,36,7.517372627,351,409,184.57742,133.5163261,9.608772696,5.531969442,459,15,7,6,28,505,5,3,0,8,487,513,395,14,342,9
42,1000,60,5.13,10.3,18,37,56,956,30,6,8,44,7.851474403,181,278,37.96877299,26.38330928,8.66806172,6.998149006,485,19,4,3,26,471,11,2,5,18,511,489,246,32,173,8
43,1000,60,5.13,10.3,18,37,53,957,28,5,10,43,8.102169344,184,267,30.93626772,20.85413286,8.375439317,7.815459865,488,17,1,6,24,469,11,4,4,19,512,488,231,36,166,18
46,1000,60,5.13,10.3,18,37,45,954,26,10,10,46,7.713771869,154,244,26.27301324,19.1469741,8.202030768,7.279046082,443,17,5,6,28,511,9,5,4,18,471,529,205,39,147,7
45,1000,60,5.13,10.3,18,37,49,959,20,13,8,41,7.718973052,172,222,23.99936275,16.69858071,7.959518143,7.490619329,463,9,9,6,24,496,11,4,2,17,487,513,192,30,150,22
47,1000,60,5.13,10.3,18,37,39,959,26,8,7,41,7.583276354,145,185,20.14634435,13.7466097,7.615984546,7.547984147,497,13,7,2,22,462,13,1,5,19,519,481,149,36,122,23
41,1000,60,5.13,10.3,18,37,61,965,20,8,7,35,8.083328689,218,283,53.30217994,36.04501613,9.410890602,6.667994086,488,16,7,5,28,477,4,1,2,7,516,484,254,29,203,15
44,1000,60,5.13,10.3,18,37,51,950,34,12,4,50,7.859416629,181,256,37.51286106,26.79429195,8.229305489,7.471336515,485,17,7,3,27,465,17,5,1,23,512,488,225,31,171,10
40,1000,60,5.13,10.3,18,37,88,964,20,10,6,36,7.494240079,346,432,194.9626383,141.2975576,9.651877822,5.445956295,459,15,7,6,28,505,5,3,0,8,487,513,410,22,335,11
42,1000,60,5.13,10.3,18,37,57,956,30,6,8,44,7.847623079,205,290,39.44757357,27.53146622,8.687732485,6.96971734,485,19,4,3,26,471,11,2,5,18,511,489,247,43,189,16
43,1000,60,5.13,10.3,18,37,54,959,25,6,10,41,8.086739477,189,260,31.94698796,21.5412618,8.411747902,7.745747031,489,15,2,6,23,470,10,4,4,18,512,488,223,37,170,19
46,1000,60,5.13,10.3,18,37,46,955,25,10,10,45,7.694261084,201,251,26.96002513,19.7291845,8.246816273,7.202288504,443,17,5,6,28,512,8,5,4,17,471,529,223,28,180,21
45,1000,60,5.13,10.3,18,37,50,960,19,13,8,40,7.70183725,165,250,24.54366177,17.121977,7.981913027,7.435956347,463,9,9,6,24,497,10,4,2,16,487,513,216,34,145,20
47,1000,60,5.13,10.3,18,37,40,960,25,8,7,40,7.610644196,128,200,20.51814155,14.05232062,7.671277541,7.545220691,497,13,7,2,22,463,12,1,5,18,519,481,160,40,106,22
41,1000,60,5.13,10.3,18,37,62,965,19,9,7,35,8.069370692,206,301,55.03624158,37.30132272,9.408263389,6.641956164,488,15,8,5,28,477,4,1,2,7,516,484,265,36,196,10
44,1000,60,5.13,10.3,18,37,52,949,34,13,4,51,7.862126189,195,275,40.05684298,28.49506164,8.262725663,7.441825102,484,18,7,3,28,465,16,6,1,23,512,488,231,44,185,10
42,1000,60,5.13,10.3,18,37,58,957,29,6,8,43,7.866327249,210,288,40.70683367,28.68400922,8.777427808,6.914236481,485,18,5,3,26,472,11,1,5,17,511,489,246,42,200,10
43,1000,60,5.13,10.3,18,37,55,957,27,6,10,43,8.092894346,173,267,32.62620193,22.02582924,8.461655161,7.705997753,488,16,2,6,24,469,11,4,4,19,512,488,233,34,163,10
40,1000,60,5.13,10.3,18,37,89,964,18,12,6,36,7.479313483,366,450,204.069151,148.1364078,9.677186724,5.392833428,459,15,7,6,28,505,3,5,0,8,487,513,424,26,356,10
46,1000,60,5.13,10.3,18,37,47,954,26,10,10,46,7.713575018,172,234,27.93254982,20.54520213,8.324016806,7.170062576,443,17,5,6,28,511,9,5,4,18,471,529,199,35,159,13
45,1000,60,5.13,10.3,18,37,51,961,18,13,8,39,7.693233242,181,235,25.11065334,17.53428629,8.021076427,7.38200589,463,9,9,6,24,498,9,4,2,15,487,513,205,30,160,21
47,1000,60,5.13,10.3,18,37,41,962,23,8,7,38,7.600267428,149,198,20.79693879,14.32141161,7.714747855,7.476742809,497,12,8,2,22,465,11,0,5,16,519,481,164,34,124,25
41,1000,60,5.13,10.3,18,37,63,963,21,9,7,37,8.054904968,230,284,57.36174928,39.3101135,9.472018662,6.544097807,487,16,8,5,29,476,5,1,2,8,516,484,256,28,216,14
44,1000,60,5.13,10.3,18,37,53,948,35,13,4,52,7.822436706,204,263,41.76782872,29.54472668,8.286907219,7.33512338,483,19,7,3,29,465,16,6,1,23,512,488,233,30,191,13
42,1000,60,5.13,10.3,18,37,59,956,30,6,8,44,7.856249984,217,298,42.34582313,29.92864464,8.794386891,6.875906508,484,19,5,3,27,472,11,1,5,17,511,489,269,29,205,12
43,1000,60,5.13,10.3,18,37,56,956,27,7,10,44,8.122066617,182,250,33.49669158,22.74111217,8.509007819,7.716095521,488,16,2,6,24,468,11,5,4,20,512,488,221,29,166,16
46,1000,60,5.13,10.3,18,37,48,951,29,10,10,49,7.7235187,184,254,28.81375896,21.37511482,8.409296746,7.112929931,442,18,5,6,29,509,11,5,4,20,471,529,216,38,164,20
45,1000,60,5.13,10.3,18,37,52,962,15,15,8,38,7.717050558,171,269,25.79010586,18.02407471,8.100185804,7.353333473,463,7,11,6,24,499,8,4,2,14,487,513,230,39,149,22
40,1000,60,5.13,10.3,18,37,90,963,19,12,6,37,7.511800402,357,424,223.6375637,163.3504419,9.777354972,5.36106926,459,15,7,6,28,504,4,5,0,9,487,513,411,13,347,10
47,1000,60,5.13,10.3,18,37,42,962,23,8,7,38,7.605406851,132,211,21.27059686,14.67798252,7.752763082,7.446409171,497,12,8,2,22,465,11,0,5,16,519,481,158,53,116,16
41,1000,60,5.13,10.3,18,37,64,963,21,9,7,37,8.060751285,227,289,60.67272886,42.13693119,9.526583855,6.498004164,487,16,8,5,29,476,5,1,2,8,516,484,265,24,212,15
44,1000,60,5.13,10.3,18,37,54,946,37,13,4,54,7.868710863,210,267,43.73736633,31.02364539,8.383672803,7.328422926,482,20,7,3,30,464,17,6,1,24,512,488,243,24,193,17
42,1000,60,5.13,10.3,18,37,60,957,29,5,9,43,7.832035861,202,303,43.61023214,30.91332891,8.81724575,6.8025016,484,19,4,4,27,473,10,1,5,16,511,489,266,37,190,12
43,1000,60,5.13,10.3,18,37,57,956,27,7,10,44,8.116821348,185,272,34.62558168,23.47520992,8.507201658,7.707242006,488,16,2,6,24,468,11,5,4,20,512,488,243,29,162,23
45,1000,60,5.13,10.3,18,37,53,963,15,14,8,37,7.683837238,188,258,26.63397892,18.58616048,8.141416493,7.249449134,463,7,11,6,24,500,8,3,2,13,487,513,227,31,173,15
46,1000,60,5.13,10.3,18,37,49,949,30,11,10,51,7.755360522,179,251,29.86169418,22.32626861,8.497072683,7.094970298,442,17,6,6,29,507,13,5,4,22,471,529,217,34,163,16
47,1000,60,5.13,10.3,18,37,43,961,24,8,7,39,7.624456029,145,233,21.6456597,15.00602048,7.800856265,7.434119807,497,12,8,2,22,464,12,0,5,17,519,481,177,56,131,14
40,1000,60,5.13,10.3,18,37,91,961,20,13,6,39,7.51247316,369,423,243.7373592,179.1318033,9.811666502,5.329808135,457,16,8,6,30,504,4,5,0,9,487,513,410,13,360,9
41,1000,60,5.13,10.3,18,37,65,962,22,9,7,38,8.0565432,241,313,62.63518746,43.65101298,9.545048596,6.469624223,486,17,8,5,30,476,5,1,2,8,516,484,278,35,224,17
44,1000,60,5.13,10.3,18,37,55,946,36,14,4,54,7.874112142,194,266,45.11001857,31.91574458,8.423248416,7.297969165,482,20,7,3,30,464,16,7,1,24,512,488,236,30,181,13
42,1000,60,5.13,10.3,18,37,61,956,30,5,9,44,7.834981425,209,307,45.4173671,32.29298964,8.887467826,6.735143899,483,20,4,4,28,473,10,1,5,16,511,489,280,27,202,7
43,1000,60,5.13,10.3,18,37,58,956,28,7,9,44,8.135847106,183,270,36.01301368,24.49192555,8.557788206,7.693154805,488,16,2,6,24,468,12,5,3,20,512,488,242,28,163,20
45,1000,60,5.13,10.3,18,37,54,964,15,13,8,36,7.672223441,184,275,27.46797962,19.26268933,8.175242483,7.194698543,463,7,11,6,24,501,8,2,2,12,487,513,241,34,164,20
46,1000,60,5.13,10.3,18,37,50,950,29,11,10,50,7.735677347,205,270,31.06137973,23.39022279,8.540377022,7.019205615,443,16,6,6,28,507,13,5,4,22,471,529,242,28,187,18
47,1000,60,5.13,10.3,18,37,44,961,24,8,7,39,7.647883967,153,222,22.07645117,15.3091973,7.832510257,7.448671816,497,12,8,2,22,464,12,0,5,17,519,481,179,43,133,20
41,1000,60,5.13,10.3,18,37,66,962,22,9,7,38,8.086511178,224,317,65.66374319,45.71617756,9.613851077,6.458190129,486,17,8,5,30,476,5,1,2,8,516,484,295,22,211,13
40,1000,60,5.13,10.3,18,37,92,961,18,15,6,39,7.522214883,368,433,261.6768767,191.479282,9.832642637,5.328884832,457,15,9,6,30,504,3,6,0,9,487,513,414,19,360,8
44,1000,60,5.13,10.3,18,37,56,948,34,14,4,52,7.838916986,199,295,47.33076896,33.52704476,8.440727475,7.207509259,482,20,7,3,30,466,14,7,1,22,512,488,265,30,187,12
42,1000,60,5.13,10.3,18,37,62,957,29,5,9,43,7.846606767,216,303,47.08943626,33.41778381,8.897740168,6.748183111,484,19,4,4,27,473,10,1,5,16,511,489,274,29,205,11
43,1000,60,5.13,10.3,18,37,59,957,27,7,9,43,8.132339796,206,272,37.26726054,25.38025298,8.580403935,7.662239716,488,16,2,6,24,469,11,5,3,19,512,488,237,35,188,18
45,1000,60,5.13,10.3,18,37,55,965,14,12,9,35,7.679597795,172,260,28.21986533,19.93071956,8.204598541,7.181205275,463,7,10,7,24,502,7,2,2,11,487,513,235,25,158,14
46,1000,60,5.13,10.3,18,37,51,951,27,12,10,49,7.718869019,198,256,32.52860579,24.94664841,8.554482131,6.974873224,443,16,6,6,28,508,11,6,4,21,471,529,226,30,181,17
41,1000,60,5.13,10.3,18,37,67,961,23,9,7,39,8.112973379,229,332,69.30560609,48.61551077,9.681449327,6.440796541,485,18,8,5,31,476,5,1,2,8,516,484,295,37,215,14
47,1000,60,5.13,10.3,18,37,45,961,24,8,7,39,7.65480355,137,220,22.49368611,15.61893957,7.866086883,7.426828395,497,12,8,2,22,464,12,0,5,17,519,481,179,41,121,16
44,1000,60,5.13,10.3,18,37,57,952,31,13,4,48,7.801723095,216,284,49.4763815,34.87841796,8.484085548,7.085801834,482,20,7,3,30,470,11,6,1,18,512,488,255,29,200,16
40,1000,60,5.13,10.3,18,37,93,960,19,15,6,40,7.512380227,369,423,275.4440461,200.5189218,9.872403472,5.271968296,456,16,9,6,31,504,3,6,0,9,487,513,407,16,362,7
42,1000,60,5.13,10.3,18,37,63,956,30,5,9,44,7.830261869,225,299,49.07556703,34.78684135,8.936507131,6.674246882,483,20,4,4,28,473,10,1,5,16,511,489,269,30,213,12
43,1000,60,5.13,10.3,18,37,60,957,27,7,9,43,8.108866104,209,287,38.693158,26.42375182,8.606248213,7.587022579,488,16,2,6,24,469,11,5,3,19,512,488,254,33,192,17
45,1000,60,5.13,10.3,18,37,56,965,14,12,9,35,7.683275365,173,264,28.97458112,20.50180157,8.21822684,7.175436441,463,7,10,7,24,502,7,2,2,11,487,513,235,29,158,15
46,1000,60,5.13,10.3,18,37,52,953,26,10,11,47,7.735519876,185,270,34.36605357,26.82712681,8.63522041,6.934463258,444,15,6,6,27,509,11,4,5,20,471,529,233,37,175,10
41,1000,60,5.13,10.3,18,37,68,961,23,9,7,39,8.115953664,239,316,71.74602723,50.92563211,9.700753608,6.426373557,485,18,8,5,31,476,5,1,2,8,516,484,286,30,224,15
44,1000,60,5.13,10.3,18,37,58,954,30,12,4,46,7.821054752,217,325,52.43982716,36.82576433,8.565437597,7.040062914,481,21,7,3,31,473,9,5,1,15,512,488,287,38,198,19
47,1000,60,5.13,10.3,18,37,46,961,24,8,7,39,7.683923879,136,232,22.90500235,15.92374493,7.907534961,7.442647056,497,12,8,2,22,464,12,0,5,17,519,481,180,52,120,16
42,1000,60,5.13,10.3,18,37,64,955,31,5,9,45,7.83718288,218,320,50.86478727,35.93262925,9.005906879,6.615878251,482,21,4,4,29,473,10,1,5,16,511,489,292,28,206,12
40,1000,60,5.13,10.3,18,37,94,960,18,16,6,40,7.520021688,372,448,292.0945951,212.3139171,9.895452336,5.264983237,456,15,10,6,31,504,3,6,0,9,487,513,435,13,366,6
43,1000,60,5.13,10.3,18,37,61,956,28,7,9,44,8.120110372,194,291,40.30092731,27.75594107,8.671967475,7.541112756,487,17,2,6,25,469,11,5,3,19,512,488,261,30,180,14
45,1000,60,5.13,10.3,18,37,57,965,14,12,9,35,7.668262655,204,291,30.06362358,21.45619195,8.212016766,7.152067232,463,7,10,7,24,502,7,2,2,11,487,513,260,31,188,16
46,1000,60,5.13,10.3,18,37,53,953,25,11,11,47,7.734666953,209,292,36.25588807,28.65958786,8.676983249,6.895667,444,14,7,6,27,509,11,4,5,20,471,529,258,34,191,18
41,1000,60,5.13,10.3,18,37,69,960,25,9,6,40,8.09844467,233,300,75.04758074,53.67724848,9.741718103,6.34652506,484,19,8,5,32,476,6,1,1,8,516,484,276,24,228,5
44,1000,60,5.13,10.3,18,37,59,954,29,13,4,46,7.806522475,225,295,54.15959135,38.1781356,8.572530865,7.002841542,480,22,7,3,32,474,7,6,1,14,512,488,268,27,214,11
47,1000,60,5.13,10.3,18,37,47,962,24,8,6,38,7.668214448,171,233,23.28981513,16.20706564,7.923802883,7.392433996,497,12,8,2,22,465,12,0,4,16,519,481,196,37,151,20
42,1000,60,5.13,10.3,18,37,65,954,32,5,9,46,7.858891857,221,325,53.27022062,37.67563341,9.044577075,6.619862929,481,21,5,4,30,473,11,0,5,16,511,489,299,26,214,7
45,1000,60,5.13,10.3,18,37,58,965,14,11,10,35,7.631629966,202,277,30.95007876,22.16917039,8.259074936,7.035985325,463,7,9,8,24,502,7,2,2,11,487,513,246,31,187,15
43,1000,60,5.13,10.3,18,37,62,956,28,7,9,44,8.13239419,211,281,42.34250365,29.29143964,8.721433296,7.514385947,487,17,2,6,25,469,11,5,3,19,512,488,251,30,199,12
40,1000,60,5.13,10.3,18,37,95,959,19,16,6,41,7.492073156,375,448,315.3205287,230.3614923,9.952316912,5.156520117,455,16,10,6,32,504,3,6,0,9,487,513,433,15,370,5
46,1000,60,5.13,10.3,18,37,54,953,24,12,11,47,7.740624079,209,300,37.83189531,30.1562686,8.675508502,6.908241161,445,13,7,6,26,508,11,5,5,21,471,529,265,35,191,18
41,1000,60,5.13,10.3,18,37,70,958,26,10,6,42,8.084614387,244,319,77.81122429,56.35947008,9.756612975,6.302070438,484,19,8,5,32,474,7,2,1,10,516,484,291,28,231,13
44,1000,60,5.13,10.3,18,37,60,953,30,13,4,47,7.841790758,237,303,56.50155675,40.34944204,8.642171082,7.002047467,479,23,7,3,33,474,7,6,1,14,512,488,268,35,219,18
47,1000,60,5.13,10.3,18,37,48,961,25,8,6,39,7.669087883,174,236,23.79282288,16.56664815,7.964841929,7.349968652,497,12,8,2,22,464,13,0,4,17,519,481,206,30,161,13
42,1000,60,5.13,10.3,18,37,66,954,31,6,9,46,7.860466444,233,322,55.62420151,39.30589141,9.089582965,6.576052247,481,20,6,4,30,473,11,0,5,16,511,489,300,22,219,14
45,1000,60,5.13,10.3,18,37,59,964,14,12,10,36,7.656951904,209,287,32.01845429,23.02617946,8.332363838,7.015771375,462,7,10,8,25,502,7,2,2,11,487,513,265,22,191,18
43,1000,60,5.13,10.3,18,37,63,958,27,6,9,42,8.134468062,197,301,44.54941257,31.09081221,8.782511935,7.454553178,487,17,2,6,25,471,10,4,3,17,512,488,277,24,182,15
46,1000,60,5.13,10.3,18,37,55,953,25,12,10,47,7.699934829,203,297,39.83954222,31.8876522,8.686715909,6.821345246,445,13,7,6,26,508,12,5,4,21,471,529,260,37,198,5
40,1000,60,5.13,10.3,18,37,96,960,19,15,6,40,7.451772101,390,445,336.8371157,246.4638689,10.01008895,5.023116531,455,16,10,6,32,505,3,5,0,8,487,513,430,15,377,13
41,1000,60,5.13,10.3,18,37,71,958,27,9,6,42,8.055316829,267,333,80.66700256,58.92241319,9.749882323,6.248713947,483,21,7,5,33,475,6,2,1,9,516,484,308,25,247,20
44,1000,60,5.13,10.3,18,37,61,954,29,13,4,46,7.819462373,232,301,59.85126346,42.92795037,8.654075137,6.943803079,480,22,7,3,32,474,7,6,1,14,512,488,283,18,215,17
47,1000,60,5.13,10.3,18,37,49,962,24,8,6,38,7.664212343,172,241,24.26599043,16.90424233,7.989709397,7.313000345,497,12,8,2,22,465,12,0,4,16,519,481,199,42,156,16
42,1000,60,5.13,10.3,18,37,67,953,31,7,9,47,7.848114122,250,313,57.53955407,40.54678689,9.123322901,6.515533988,480,20,7,4,31,473,11,0,5,16,511,489,290,23,239,11
45,1000,60,5.13,10.3,18,37,60,964,14,12,10,36,7.701712546,195,299,33.15737944,23.88083825,8.393378094,7.045102171,462,7,10,8,25,502,7,2,2,11,487,513,268,31,186,9
43,1000,60,5.13,10.3,18,37,64,959,27,5,9,41,8.120006361,198,300,46.84359,32.80080295,8.810602014,7.395446987,488,17,2,5,24,471,10,3,4,17,512,488,265,35,188,10
46,1000,60,5.13,10.3,18,37,56,952,26,12,10,48,7.700992475,202,285,41.64692907,33.29525115,8.725972564,6.788392056,445,13,7,6,26,507,13,5,4,22,471,529,259,26,192,10
40,1000,60,5.13,10.3,18,37,97,958,21,14,7,42,7.440939415,384,453,353.1653746,257.6138411,10.09238986,4.923870477,453,18,9,7,34,505,3,5,0,8,487,513,441,12,376,8
41,1000,60,5.13,10.3,18,37,72,957,28,9,6,43,8.047432597,267,337,83.09488827,60.74205986,9.790231859,6.189406937,482,22,7,5,34,475,6,2,1,9,516,484,307,30,259,8
44,1000,60,5.13,10.3,18,37,62,953,30,13,4,47,7.804204447,248,317,63.54209611,45.54095338,8.681970361,6.883269718,479,23,7,3,33,474,7,6,1,14,512,488,289,28,230,18
47,1000,60,5.13,10.3,18,37,50,961,25,8,6,39,7.643557262,143,240,24.99593094,17.45593711,7.997374665,7.261787549,496,13,8,2,23,465,12,0,4,16,519,481,207,33,130,13
42,1000,60,5.13,10.3,18,37,68,952,32,7,9,48,7.828294135,225,326,60.26266343,42.39275323,9.150606525,6.446491209,480,20,7,4,31,472,12,0,5,17,511,489,298,28,213,12
45,1000,60,5.13,10.3,18,37,61,964,14,12,10,36,7.715546042,215,294,34.21566108,24.68555418,8.456651267,7.012001705,461,8,10,8,26,503,6,2,2,10,487,513,270,24,203,12
43,1000,60,5.13,10.3,18,37,65,959,26,6,9,41,8.094146635,221,317,49.32265957,34.96375989,8.84564549,7.305688819,487,17,3,5,25,472,9,3,4,16,512,488,286,31,206,15
46,1000,60,5.13,10.3,18,37,57,951,27,12,10,49,7.688671822,212,300,43.65413631,35.07453589,8.747987011,6.745500831,444,14,7,6,27,507,13,5,4,22,471,529,263,37,204,8
41,1000,60,5.13,10.3,18,37,73,956,29,9,6,44,8.0389133,248,342,86.46129067,63.89812786,9.850657179,6.107384702,481,23,7,5,35,475,6,2,1,9,516,484,307,35,234,14
40,1000,60,5.13,10.3,18,37,98,958,20,13,9,42,7.461254933,394,455,373.4595891,273.0970715,10.1617512,4.897625921,453,17,8,9,34,505,3,5,0,8,487,513,443,12,386,8
44,1000,60,5.13,10.3,18,37,63,953,30,12,5,47,7.767399893,249,336,68.94816436,49.68679259,8.671611519,6.818718844,479,23,7,3,33,474,7,5,2,14,512,488,294,42,235,14
42,1000,60,5.13,10.3,18,37,69,952,31,8,9,48,7.813330905,256,359,62.71208316,44.01127205,9.203067118,6.361070772,479,20,8,4,32,473,11,0,5,16,511,489,322,37,243,13
47,1000,60,5.13,10.3,18,37,51,961,25,8,6,39,7.648614645,173,231,25.62619449,17.95524174,8.016562753,7.251597871,496,13,8,2,23,465,12,0,4,16,519,481,192,39,145,28
45,1000,60,5.13,10.3,18,37,62,965,15,11,9,35,7.724490095,236,302,35.12172011,25.46131935,8.538379975,6.951849994,461,8,10,8,26,504,7,1,1,9,487,513,273,29,219,17
43,1000,60,5.13,10.3,18,37,66,959,26,6,9,41,8.081386425,237,313,52.0305266,37.04176255,8.870839366,7.253107929,486,18,3,5,26,473,8,3,4,15,512,488,287,26,222,15
46,1000,60,5.13,10.3,18,37,58,953,23,14,10,47,7.694893038,238,319,45.8032481,36.94729633,8.812331248,6.699971683,444,13,8,6,27,509,10,6,4,20,471,529,282,37,217,21
41,1000,60,5.13,10.3,18,37,74,955,30,9,6,45,8.01819315,269,343,90.34440465,67.19477397,9.882230811,6.03091333,480,24,7,5,36,475,6,2,1,9,516,484,324,19,252,17
44,1000,60,5.13,10.3,18,37,64,951,31,13,5,49,7.767533621,229,295,71.89505135,52.82714614,8.738925531,6.748368338,477,24,8,3,35,474,7,5,2,14,512,488,269,26,219,10
40,1000,60,5.13,10.3,18,37,99,957,21,12,10,43,7.474168091,397,461,394.0367949,287.1299559,10.25221244,4.836921314,452,18,8,9,35,505,3,4,1,8,487,513,444,17,388,9
42,1000,60,5.13,10.3,18,37,70,952,31,8,9,48,7.809776061,267,361,65.87999731,46.12801266,9.276901378,6.276645106,479,20,8,4,32,473,11,0,5,16,511,489,336,25,259,8
45,1000,60,5.13,10.3,18,37,63,965,14,12,9,35,7.744039158,222,310,36.01862391,26.20911321,8.626927638,6.905897463,461,7,11,8,26,504,7,1,1,9,487,513,287,23,211,11
47,1000,60,5.13,10.3,18,37,52,963,24,8,5,37,7.623535102,164,246,26.42004971,18.55230671,8.016576977,7.199442102,497,12,8,2,22,466,12,0,3,15,519,481,200,46,150,14
43,1000,60,5.13,10.3,18,37,67,959,25,7,9,41,8.055802332,241,313,54.79946654,38.89538539,8.89258182,7.177869754,486,18,3,5,26,473,7,4,4,15,512,488,296,17,225,16
46,1000,60,5.13,10.3,18,37,59,953,23,14,10,47,7.685560419,220,303,49.62450056,41.10616709,8.831259094,6.665477101,444,13,8,6,27,509,10,6,4,20,471,529,267,36,205,15
41,1000,60,5.13,10.3,18,37,75,955,30,9,6,45,7.98570994,261,358,94.64439524,70.86173848,9.902677662,5.94200055,480,24,7,5,36,475,6,2,1,9,516,484,330,28,254,7
44,1000,60,5.13,10.3,18,37,65,950,32,13,5,50,7.766786591,250,330,76.30845566,56.45430245,8.818803891,6.663030735,476,25,8,3,36,474,7,5,2,14,512,488,303,27,241,9
40,1000,60,5.13,10.3,18,37,100,957,21,12,10,43,7.504304574,412,466,419.9517221,306.0083775,10.2906717,4.859156831,451,19,8,9,36,506,2,4,1,7,487,513,452,14,404,8
42,1000,60,5.13,10.3,18,37,71,953,31,7,9,47,7.810882533,263,354,69.8939159,48.7798451,9.312403865,6.241808094,480,20,7,4,31,473,11,0,5,16,511,489,323,31,249,14
45,1000,60,5.13,10.3,18,37,64,965,14,12,9,35,7.726352342,226,316,37.4093544,27.2593743,8.654391218,6.845348574,461,7,11,8,26,504,7,1,1,9,487,513,290,26,215,11
43,1000,60,5.13,10.3,18,37,68,960,24,7,9,40,8.061502484,236,328,58.19990554,41.37834077,8.927671595,7.152734893,486,17,4,5,26,474,7,3,4,14,512,488,303,25,217,19
47,1000,60,5.13,10.3,18,37,53,963,24,8,5,37,7.619902809,173,239,27.00662441,18.99350074,8.044461112,7.161803518,498,11,8,2,21,465,13,0,3,16,519,481,214,25,161,12
41,1000,60,5.13,10.3,18,37,76,955,29,10,6,45,7.954022176,280,340,98.51200816,73.35187279,9.963823759,5.81134115,480,23,8,5,36,475,6,2,1,9,516,484,316,24,267,13
46,1000,60,5.13,10.3,18,37,60,951,25,13,11,49,7.713590946,235,311,52.67542977,44.27272107,8.910898329,6.647557341,442,15,7,7,29,509,10,6,4,20,471,529,281,30,220,15
44,1000,60,5.13,10.3,18,37,66,950,31,13,6,50,7.747961032,274,344,81.16846037,60.23197724,8.86847046,6.572344583,476,24,8,4,36,474,7,5,2,14,512,488,316,28,256,18
42,1000,60,5.13,10.3,18,37,72,953,31,7,9,47,7.801596564,270,359,73.91063015,51.31005626,9.35434925,6.178985885,479,21,7,4,32,474,10,0,5,15,511,489,331,28,257,13
45,1000,60,5.13,10.3,18,37,65,966,13,12,9,34,7.719857493,237,324,38.87596019,28.47543976,8.703293137,6.786264592,461,7,11,8,26,505,6,1,1,8,487,513,304,20,218,19
40,1000,60,5.13,10.3,18,37,101,957,21,12,10,43,7.517477644,403,465,455.1560725,330.7819236,10.32404637,4.853152162,450,20,8,9,37,507,1,4,1,6,487,513,451,14,399,4
43,1000,60,5.13,10.3,18,37,69,960,24,7,9,40,8.05694814,229,337,62.05012068,44.08706523,8.974344118,7.094434327,486,17,4,5,26,474,7,3,4,14,512,488,309,28,217,12
47,1000,60,5.13,10.3,18,37,54,965,23,8,4,35,7.592133369,187,231,27.67735089,19.51380093,8.060358994,7.086916946,499,11,8,1,20,466,12,0,3,15,519,481,200,31,174,13
41,1000,60,5.13,10.3,18,37,77,956,28,10,6,44,7.910155749,281,355,102.6342815,76.60165669,9.976861236,5.706808577,480,23,8,5,36,476,5,2,1,8,516,484,331,24,268,13
46,1000,60,5.13,10.3,18,37,61,951,25,13,11,49,7.651293861,235,314,56.64170924,48.31326387,8.914889748,6.526239679,442,15,7,7,29,509,10,6,4,20,471,529,282,32,224,11
44,1000,60,5.13,10.3,18,37,67,948,32,13,7,52,7.784484507,282,334,87.45410892,66.02990419,8.973832195,6.536644309,475,24,8,5,37,473,8,5,2,15,512,488,297,37,263,19
42,1000,60,5.13,10.3,18,37,73,955,30,7,8,45,7.780305613,294,369,78.00962206,54.24596854,9.386957079,6.101371259,479,21,7,4,32,476,9,0,4,13,511,489,343,26,284,10
45,1000,60,5.13,10.3,18,37,66,967,12,12,9,33,7.769282751,236,328,40.45622388,29.73003302,8.763866279,6.825106964,462,6,11,8,25,505,6,1,1,8,487,513,289,39,223,13
43,1000,60,5.13,10.3,18,37,70,963,23,6,8,37,8.06251257,255,325,66.74333363,47.92981546,8.990077076,7.089330137,487,17,3,5,25,476,6,3,3,12,512,488,300,25,236,19
40,1000,60,5.13,10.3,18,37,102,956,22,11,11,44,7.478793894,391,460,488.4590808,354.7455652,10.36550185,4.738390827,450,20,7,10,37,506,2,4,1,7,487,513,452,8,385,6
47,1000,60,5.13,10.3,18,37,55,968,21,8,3,32,7.552249948,178,256,28.26323057,19.9644189,8.077856907,6.985118948,499,11,8,1,20,469,10,0,2,12,519,481,217,39,156,22
41,1000,60,5.13,10.3,18,37,78,953,30,11,6,47,7.898328905,279,376,106.838809,79.77646433,9.991230798,5.667053334,478,25,8,5,38,475,5,3,1,9,516,484,342,34,257,22
46,1000,60,5.13,10.3,18,37,62,951,25,13,11,49,7.644996167,262,342,59.89393432,50.74113836,8.957027459,6.476817078,442,15,7,7,29,509,10,6,4,20,471,529,309,33,245,17
44,1000,60,5.13,10.3,18,37,68,949,32,11,8,51,7.75836604,263,343,96.8660898,74.33871396,9.027432718,6.426886248,476,24,6,6,36,473,8,5,2,15,512,488,314,29,251,12
42,1000,60,5.13,10.3,18,37,74,956,29,7,8,44,7.765657146,277,371,81.03271029,56.53007354,9.436696598,6.019438005,479,21,7,4,32,477,8,0,4,12,511,489,339,32,268,9
45,1000,60,5.13,10.3,18,37,67,966,12,13,9,34,7.777401309,245,305,41.81625887,30.9557878,8.856384369,6.753103551,461,6,12,8,26,505,6,1,1,8,487,513,287,18,228,17
43,1000,60,5.13,10.3,18,37,71,963,23,6,8,37,8.036291482,264,338,71.51366671,52.19462624,9.00217313,7.022907457,487,17,3,5,25,476,6,3,3,12,512,488,306,32,249,15
47,1000,60,5.13,10.3,18,37,56,966,22,9,3,34,7.59511225,192,268,29.08479108,20.63758982,8.150139962,6.996236195,498,12,8,1,21,468,10,1,2,13,519,481,228,40,175,17
40,1000,60,5.13,10.3,18,37,103,957,22,10,11,43,7.462858258,413,465,509.5958997,371.0365302,10.42500817,4.650836804,450,20,7,10,37,507,2,3,1,6,487,513,454,11,407,6
41,1000,60,5.13,10.3,18,37,79,954,29,11,6,46,7.87534123,280,379,110.9734956,82.32175018,10.03793096,5.569770356,478,24,9,5,38,476,5,2,1,8,516,484,347,32,268,12
44,1000,60,5.13,10.3,18,37,69,949,32,11,8,51,7.752963493,261,332,104.4811243,79.62372461,9.082261667,6.358289999,476,24,6,6,36,473,8,5,2,15,512,488,311,21,246,15
46,1000,60,5.13,10.3,18,37,63,951,26,13,10,49,7.619769239,260,320,63.8103913,53.58002094,8.985497317,6.403780722,441,16,7,7,30,510,10,6,3,19,471,529,293,27,247,13
42,1000,60,5.13,10.3,18,37,75,956,29,7,8,44,7.777677481,273,364,86.99769495,60.10868688,9.472350993,6.006760988,479,21,7,4,32,477,8,0,4,12,511,489,346,18,266,7
45,1000,60,5.13,10.3,18,37,68,967,10,14,9,33,7.767693125,269,313,43.84397263,32.62823026,8.912816216,6.680607461,461,5,13,8,26,506,5,1,1,7,487,513,291,22,248,21
43,1000,60,5.13,10.3,18,37,72,963,22,7,8,37,7.990257434,248,331,76.45917213,57.63010769,9.022118656,6.907648938,487,16,4,5,25,476,6,3,3,12,512,488,305,26,237,11
47,1000,60,5.13,10.3,18,37,57,966,22,9,3,34,7.634640101,191,267,29.69827508,21.12543282,8.201705255,7.022775621,498,12,8,1,21,468,10,1,2,13,519,481,234,33,174,17
41,1000,60,5.13,10.3,18,37,80,955,29,10,6,45,7.878399977,273,368,116.2738565,85.60754819,10.08713806,5.523629628,478,24,9,5,38,477,5,1,1,7,516,484,347,21,259,14
40,1000,60,5.13,10.3,18,37,104,957,21,11,11,43,7.419559017,406,466,543.1835913,394.0466065,10.45094245,4.541812951,450,19,8,10,37,507,2,3,1,6,487,513,456,10,398,8
48,1000,60,5.13,10.3,18,37,0,947,28,15,10,53,6.883,81,177,15.08670145,9.071066796,5.84439834,7.849420849,465,9,5,3,17,482,19,10,7,36,482,518,99,78,53,28
44,1000,60,5.13,10.3,18,37,70,948,32,12,8,52,7.784257792,271,360,115.2405639,88.06059623,9.159573535,6.341303571,474,25,7,6,38,474,7,5,2,14,512,488,324,36,264,7
46,1000,60,5.13,10.3,18,37,64,951,27,13,9,49,7.612530208,258,319,71.51627636,61.43476636,9.011514411,6.366931797,441,16,7,7,30,510,11,6,2,19,471,529,298,21,242,16
42,1000,60,5.13,10.3,18,37,76,956,30,7,7,44,7.77926632,281,370,92.74991676,63.7245047,9.488488333,5.993146793,479,21,7,4,32,477,9,0,3,12,511,489,347,23,267,14
45,1000,60,5.13,10.3,18,37,69,967,10,14,9,33,7.758311125,276,347,45.69095678,34.02729837,8.935148172,6.641118842,461,5,13,8,26,506,5,1,1,7,487,513,328,19,260,16
43,1000,60,5.13,10.3,18,37,73,963,22,7,8,37,8.00321705,244,335,82.02317156,63.18581873,9.065183008,6.889023259,487,16,4,5,25,476,6,3,3,12,512,488,307,28,234,10
41,1000,60,5.13,10.3,18,37,81,955,30,10,5,45,7.851692957,310,373,121.318494,89.69594578,10.10536245,5.449020524,478,24,9,5,38,477,6,1,0,7,516,484,345,28,292,18
47,1000,60,5.13,10.3,18,37,58,965,22,10,3,35,7.667561091,190,246,30.5520791,21.75851014,8.232397287,7.058101661,497,13,8,1,22,468,9,2,2,13,519,481,216,30,180,10
44,1000,60,5.13,10.3,18,37,71,948,32,13,7,52,7.749740285,282,350,123.5862889,95.02920751,9.190045029,6.238600881,474,25,7,6,38,474,7,6,1,14,512,488,323,27,269,13
46,1000,60,5.13,10.3,18,37,65,950,28,12,10,50,7.57747935,280,345,80.55929761,71.28455967,9.024462981,6.289144208,440,17,6,8,31,510,11,6,2,19,471,529,317,28,264,16
48,1000,60,5.13,10.3,18,37,1,948,26,16,10,52,6.912417586,92,146,15.18643705,9.174109858,5.9135421,7.841873153,465,9,5,3,17,483,17,11,7,35,482,518,77,69,67,25
42,1000,60,5.13,10.3,18,37,77,956,30,7,7,44,7.806889903,298,376,97.95843754,67.17169976,9.573007659,5.961314907,479,21,7,4,32,477,9,0,3,12,511,489,364,12,288,10
45,1000,60,5.13,10.3,18,37,70,968,9,14,9,32,7.717987691,249,353,47.19345336,35.05669982,8.962210094,6.536825294,461,5,13,8,26,507,4,1,1,6,487,513,327,26,240,9
43,1000,60,5.13,10.3,18,37,74,964,21,7,8,36,7.977517694,265,351,88.10819615,69.23775464,9.083326178,6.817325186,487,16,4,5,25,477,5,3,3,11,512,488,318,33,251,14
41,1000,60,5.13,10.3,18,37,82,955,30,10,5,45,7.846508978,308,383,125.9542491,93.60062428,10.11935504,5.423392104,478,24,9,5,38,477,6,1,0,7,516,484,350,33,297,11
47,1000,60,5.13,10.3,18,37,59,965,22,10,3,35,7.647932213,203,250,31.70576097,22.51932299,8.242579348,7.006306718,496,14,8,1,23,469,8,2,2,12,519,481,223,27,187,16
44,1000,60,5.13,10.3,18,37,72,948,32,13,7,52,7.770116444,309,354,135.0272074,102.7781468,9.273759853,6.19252336,474,25,7,6,38,474,7,6,1,14,512,488,325,29,294,15
46,1000,60,5.13,10.3,18,37,66,950,28,12,10,50,7.573088006,259,335,84.92055274,75.77865392,9.066125161,6.243748687,440,17,6,8,31,510,11,6,2,19,471,529,312,23,252,7
42,1000,60,5.13,10.3,18,37,78,954,32,7,7,46,7.846954744,296,377,101.9961973,70.12734042,9.64768398,5.965211105,477,23,7,4,34,477,9,0,3,12,511,489,354,23,288,8
48,1000,60,5.13,10.3,18,37,2,950,25,16,9,50,6.918980278,93,174,15.24333566,9.204671375,5.940603321,7.829361925,466,9,5,2,16,484,16,11,7,34,482,518,100,74,69,24
45,1000,60,5.13,10.3,18,37,71,968,9,14,9,32,7.71492516,275,348,48.3391045,35.8943295,9.012008148,6.483581271,461,5,13,8,26,507,4,1,1,6,487,513,329,19,259,16
43,1000,60,5.13,10.3,18,37,75,964,21,7,8,36,7.95960045,269,332,93.30830087,73.79924964,9.156170971,6.704182198,487,16,4,5,25,477,5,3,3,11,512,488,308,24,261,8
41,1000,60,5.13,10.3,18,37,83,955,30,10,5,45,7.820414939,307,375,131.2172836,98.41750507,10.13622657,5.351491795,478,24,9,5,38,477,6,1,0,7,516,484,354,21,290,17
47,1000,60,5.13,10.3,18,37,60,966,20,11,3,34,7.618728846,202,269,33.02756352,23.44033639,8.232358233,6.956621462,497,13,8,1,22,469,7,3,2,12,519,481,237,32,183,19
44,1000,60,5.13,10.3,18,37,73,948,33,12,7,52,7.779993553,289,365,149.8276395,114.0352569,9.313239607,6.171341956,473,26,7,6,39,475,7,5,1,13,512,488,332,33,276,13
46,1000,60,5.13,10.3,18,37,67,951,27,12,10,49,7.557819398,283,355,90.3954292,82.89510263,9.119164977,6.167661047,439,18,6,8,32,512,9,6,2,17,471,529,328,27,274,9
42,1000,60,5.13,10.3,18,37,79,956,30,8,6,44,7.845328781,315,403,108.505155,74.99488323,9.65496448,5.954277979,478,22,8,3,33,478,8,0,3,11,511,489,374,29,308,7
45,1000,60,5.13,10.3,18,37,72,967,9,15,9,33,7.701499663,259,346,49.96710435,37.15086051,9.059559963,6.412268931,461,5,13,8,26,506,4,2,1,7,487,513,331,15,252,7
48,1000,60,5.13,10.3,18,37,3,949,26,16,9,51,6.950710398,111,176,15.30712225,9.296827525,6.004242544,7.831400564,465,10,5,2,17,484,16,11,7,34,482,518,115,61,75,36
43,1000,60,5.13,10.3,18,37,76,964,22,7,7,36,7.916252753,278,342,97.97857751,78.32071851,9.186626106,6.583402021,486,17,4,5,26,478,5,3,2,10,512,488,320,22,262,16
41,1000,60,5.13,10.3,18,37,84,956,29,10,5,44,7.80160737,320,377,136.5924203,102.2862111,10.13947681,5.309168053,478,24,9,5,38,478,5,1,0,6,516,484,361,16,306,14
47,1000,60,5.13,10.3,18,37,61,966,20,10,4,34,7.63032995,198,272,34.22599091,24.34545186,8.30156257,6.906068557,497,13,7,2,22,469,7,3,2,12,519,481,247,25,177,21
44,1000,60,5.13,10.3,18,37,74,950,32,12,6,50,7.757764724,287,365,160.8530149,121.8658286,9.334239804,6.103758084,473,25,8,6,39,477,7,4,0,11,512,488,335,30,276,11
46,1000,60,5.13,10.3,18,37,68,950,27,13,10,50,7.567929224,268,355,96.11233854,88.50239969,9.185837509,6.12740975,439,17,7,8,32,511,10,6,2,18,471,529,340,15,255,13
42,1000,60,5.13,10.3,18,37,80,957,30,8,5,43,7.8415563,308,370,114.3610756,79.5516041,9.738051868,5.859737823,478,22,8,3,33,479,8,0,2,10,511,489,357,13,298,10
45,1000,60,5.13,10.3,18,37,73,967,10,14,9,33,7.719450176,262,369,52.37629891,38.95410789,9.091166284,6.417255742,461,5,13,8,26,506,5,1,1,7,487,513,339,30,246,16
43,1000,60,5.13,10.3,18,37,77,965,21,7,7,35,7.89509843,289,353,101.9421302,81.08662081,9.204913133,6.520866611,486,17,4,5,26,479,4,3,2,9,512,488,329,24,274,15
48,1000,60,5.13,10.3,18,37,4,949,25,17,9,51,6.985592498,88,159,15.39048725,9.370980666,6.028270029,7.876382903,465,10,5,2,17,484,15,12,7,34,482,518,92,67,67,21
41,1000,60,5.13,10.3,18,37,85,954,31,10,5,46,7.808542342,304,376,141.4642338,105.9237538,10.16554241,5.29570756,476,26,9,5,40,478,5,1,0,6,516,484,356,20,292,12
47,1000,60,5.13,10.3,18,37,62,966,20,10,4,34,7.623286616,207,275,35.64091152,25.26623963,8.323751538,6.867483508,497,13,7,2,22,469,7,3,2,12,519,481,248,27,196,11
44,1000,60,5.13,10.3,18,37,75,950,32,12,6,50,7.738839516,307,370,172.0434523,129.6774829,9.37507811,6.022130171,473,25,8,6,39,477,7,4,0,11,512,488,344,26,289,18
46,1000,60,5.13,10.3,18,37,69,951,26,14,9,49,7.546378268,307,354,106.05303,97.2863379,9.227767619,6.049337844,439,17,7,8,32,512,9,7,1,17,471,529,333,21,289,18
42,1000,60,5.13,10.3,18,37,81,958,27,10,5,42,7.855621569,300,378,122.0517003,84.93941528,9.767929968,5.857278846,478,21,9,3,33,480,6,1,2,9,511,489,359,19,291,9
45,1000,60,5.13,10.3,18,37,74,966,11,14,9,34,7.71710369,270,377,54.79559216,40.68734543,9.099650318,6.404627651,460,6,13,8,27,506,5,1,1,7,487,513,353,24,252,18
43,1000,60,5.13,10.3,18,37,78,966,19,8,7,34,7.856457653,299,349,105.795932,83.54645223,9.284495551,6.358188384,486,16,5,5,26,480,3,3,2,8,512,488,326,23,282,17
41,1000,60,5.13,10.3,18,37,86,955,30,10,5,45,7.804853284,309,384,148.078177,110.3326865,10.17992019,5.272757159,476,26,9,5,40,479,4,1,0,5,516,484,363,21,299,10
48,1000,60,5.13,10.3,18,37,5,950,24,17,9,50,6.975657347,91,165,15.41881633,9.411818876,6.033849383,7.852011475,466,9,5,2,16,484,15,12,7,34,482,518,99,66,64,27
47,1000,60,5.13,10.3,18,37,63,968,20,8,4,32,7.611893069,214,291,37.5778129,26.54908065,8.331206212,6.835752693,498,13,6,2,21,470,7,2,2,11,519,481,256,35,200,14
46,1000,60,5.13,10.3,18,37,70,953,24,14,9,47,7.518686251,287,364,115.6152207,106.027429,9.25246444,5.975000945,439,17,7,8,32,514,7,7,1,15,471,529,343,21,279,8
44,1000,60,5.13,10.3,18,37,76,950,32,12,6,50,7.748378394,292,374,182.6869903,136.9478598,9.404921629,6.010365819,473,25,8,6,39,477,7,4,0,11,512,488,351,23,284,8
42,1000,60,5.13,10.3,18,37,82,958,28,9,5,42,7.856676535,307,390,130.8263862,90.54420191,9.812728857,5.812621859,478,21,9,3,33,480,7,0,2,9,511,489,372,18,295,12
45,1000,60,5.13,10.3,18,37,75,965,12,13,10,35,7.755301596,288,366,57.65364341,42.80921297,9.165888452,6.416206472,460,6,12,9,27,505,6,1,1,8,487,513,345,21,280,8
43,1000,60,5.13,10.3,18,37,79,966,19,8,7,34,7.829049775,267,350,110.1928101,86.6226284,9.314461467,6.27058505,486,16,5,5,26,480,3,3,2,8,512,488,328,22,254,13
41,1000,60,5.13,10.3,18,37,87,954,31,10,5,46,7.816444822,323,376,153.9896439,114.5060817,10.23494339,5.238045521,475,27,9,5,41,479,4,1,0,5,516,484,357,19,312,11
47,1000,60,5.13,10.3,18,37,64,968,20,8,4,32,7.600414375,219,288,39.97724892,28.2111132,8.363159745,6.777410534,498,13,6,2,21,470,7,2,2,11,519,481,252,36,200,19
46,1000,60,5.13,10.3,18,37,71,954,24,13,9,46,7.520517567,279,367,125.7514325,118.1292558,9.341880307,5.898850552,438,18,7,8,33,516,6,6,1,13,471,529,348,19,271,8
44,1000,60,5.13,10.3,18,37,77,950,32,12,6,50,7.702758721,295,380,193.8509803,144.963638,9.395719955,5.926537098,473,25,8,6,39,477,7,4,0,11,512,488,351,29,278,17
48,1000,60,5.13,10.3,18,37,6,951,23,17,9,49,6.969343872,110,156,15.47430135,9.474543479,6.053222857,7.821796245,466,9,5,2,16,485,14,12,7,33,482,518,92,64,81,29
42,1000,60,5.13,10.3,18,37,83,958,28,9,5,42,7.832132415,317,404,140.7299552,97.81533048,9.828707623,5.745731736,478,21,9,3,33,480,7,0,2,9,511,489,381,23,311,6
45,1000,60,5.13,10.3,18,37,76,968,9,13,10,32,7.711171069,290,362,60.45754978,44.90069892,9.221138905,6.277731817,460,6,12,9,27,508,3,1,1,5,487,513,339,23,276,14
43,1000,60,5.13,10.3,18,37,80,967,18,8,7,33,7.817281105,286,363,115.6514851,90.77701791,9.371865162,6.186242093,486,15,6,5,26,481,3,2,2,7,512,488,339,24,276,10
41,1000,60,5.13,10.3,18,37,88,954,31,10,5,46,7.830877178,326,402,160.0292974,118.7235747,10.27553179,5.224592503,475,27,9,5,41,479,4,1,0,5,516,484,375,27,316,10
47,1000,60,5.13,10.3,18,37,65,967,20,9,4,33,7.62125712,179,287,42.33118408,29.77245806,8.400929242,6.779989278,497,13,7,2,22,470,7,2,2,11,519,481,263,24,169,10
44,1000,60,5.13,10.3,18,37,78,950,31,13,6,50,7.704977287,308,351,223.7490643,165.0009016,9.45147234,5.872589035,473,24,9,6,39,477,7,4,0,11,512,488,332,19,296,12
46,1000,60,5.13,10.3,18,37,72,954,24,13,9,46,7.546006412,289,378,133.413461,126.7683931,9.379099271,5.913895378,438,18,7,8,33,516,6,6,1,13,471,529,352,26,279,10
48,1000,60,5.13,10.3,18,37,7,953,22,16,9,47,7.027532964,91,169,15.56864637,9.542375477,6.167138419,7.82813175,467,9,4,2,15,486,13,12,7,32,482,518,108,61,58,33
42,1000,60,5.13,10.3,18,37,84,956,29,10,5,44,7.811153428,336,388,149.256168,103.639549,9.839243489,5.691820051,477,22,9,3,34,479,7,1,2,10,511,489,372,16,328,8
43,1000,60,5.13,10.3,18,37,81,968,16,9,7,32,7.767111292,309,365,121.6463718,94.85597231,9.38527754,6.069363098,487,13,7,5,25,481,3,2,2,7,512,488,346,19,288,21
45,1000,60,5.13,10.3,18,37,77,967,10,13,10,33,7.710462247,266,369,63.87188192,47.39614865,9.268310738,6.231569039,459,7,12,9,28,508,3,1,1,5,487,513,357,12,260,6
41,1000,60,5.13,10.3,18,37,89,954,31,10,5,46,7.844449815,316,386,165.2616465,122.6838894,10.33439491,5.189880256,475,27,9,5,41,479,4,1,0,5,516,484,364,22,306,10
47,1000,60,5.13,10.3,18,37,66,967,20,9,4,33,7.592827543,216,285,44.55122581,31.37018862,8.418684263,6.701726425,497,13,7,2,22,470,7,2,2,11,519,481,249,36,204,12
46,1000,60,5.13,10.3,18,37,73,956,22,13,9,44,7.545551757,328,394,137.2499747,129.3866622,9.412918985,5.882924225,438,18,7,8,33,518,4,6,1,11,471,529,363,31,307,21
44,1000,60,5.13,10.3,18,37,79,950,31,13,6,50,7.720764261,320,384,263.3129819,191.1895445,9.529169715,5.823420835,472,25,9,6,40,478,6,4,0,10,512,488,361,23,307,13
42,1000,60,5.13,10.3,18,37,85,957,29,10,4,43,7.794796856,329,407,155.5087433,109.3721132,9.874439846,5.621591196,477,22,9,3,34,480,7,1,1,9,511,489,389,18,319,10
48,1000,60,5.13,10.3,18,37,8,953,22,16,9,47,7.037760238,105,149,15.65019808,9.605838459,6.203212978,7.814308073,467,9,4,2,15,486,13,12,7,32,482,518,91,58,69,36
43,1000,60,5.13,10.3,18,37,82,967,15,10,8,33,7.709184395,309,370,128.3466102,100.3406911,9.401978689,5.933137922,486,12,8,6,26,481,3,2,2,7,512,488,346,24,293,16
45,1000,60,5.13,10.3,18,37,78,968,10,13,9,32,7.654550143,297,380,68.54388327,50.75261435,9.266944281,6.123875785,459,7,13,8,28,509,3,0,1,4,487,513,358,22,286,11
41,1000,60,5.13,10.3,18,37,90,953,32,10,5,47,7.835205391,331,393,171.7886457,127.8733585,10.36533167,5.137798036,474,28,9,5,42,479,4,1,0,5,516,484,379,14,323,8
47,1000,60,5.13,10.3,18,37,67,967,20,9,4,33,7.605173781,223,284,47.45229538,33.18935219,8.460354065,6.682432476,497,13,7,2,22,470,7,2,2,11,519,481,262,22,215,8
44,1000,60,5.13,10.3,18,37,80,950,31,13,6,50,7.695982818,321,371,298.2471971,215.2235232,9.579625719,5.719701742,472,25,9,6,40,478,6,4,0,10,512,488,347,24,307,14
46,1000,60,5.13,10.3,18,37,74,955,23,13,9,45,7.571132518,307,395,143.3204377,133.7295024,9.498280287,5.855278834,438,18,7,8,33,517,5,6,1,12,471,529,370,25,298,9
42,1000,60,5.13,10.3,18,37,86,958,28,10,4,42,7.780853438,324,407,167.1862634,118.365312,9.89966721,5.566714712,477,22,9,3,34,481,6,1,1,8,511,489,383,24,315,9
48,1000,60,5.13,10.3,18,37,9,951,26,15,8,49,7.046837885,107,174,15.71624688,9.679954312,6.246260614,7.791776581,465,11,4,2,17,486,15,11,6,32,482,518,116,58,82,25
43,1000,60,5.13,10.3,18,37,83,965,17,10,8,35,7.748181376,313,375,133.6733217,103.1219964,9.479016709,5.932222993,484,14,8,6,28,481,3,2,2,7,512,488,359,16,296,17
45,1000,60,5.13,10.3,18,37,79,968,10,14,8,32,7.657030256,327,385,70.91836316,52.64688709,9.362684305,6.037822612,459,7,14,7,28,509,3,0,1,4,487,513,357,28,316,11
41,1000,60,5.13,10.3,18,37,91,952,32,11,5,48,7.859694919,331,390,180.7085939,134.3070293,10.44906762,5.099124022,474,27,10,5,42,478,5,1,0,6,516,484,373,17,315,16
46,1000,60,5.13,10.3,18,37,75,953,24,14,9,47,7.563187829,312,399,149.0927474,139.2803815,9.57946201,5.767979625,435,20,8,8,36,518,4,6,1,11,471,529,377,22,296,16
44,1000,60,5.13,10.3,18,37,81,950,31,13,6,50,7.702859981,321,377,342.9930536,244.8596918,9.610891674,5.700990663,472,25,9,6,40,478,6,4,0,10,512,488,355,22,307,14
47,1000,60,5.13,10.3,18,37,68,966,21,9,4,34,7.59746755,219,318,50.47687348,35.13871531,8.475209247,6.650382434,497,13,7,2,22,469,8,2,2,12,519,481,287,31,202,17
42,1000,60,5.13,10.3,18,37,87,957,29,10,4,43,7.775496601,342,410,180.7435223,128.6548149,9.944473212,5.508938221,476,23,9,3,35,481,6,1,1,8,511,489,395,15,333,9
43,1000,60,5.13,10.3,18,37,84,964,18,10,8,36,7.755625299,312,373,140.3680509,107.4074225,9.575339546,5.84641691,483,15,8,6,29,481,3,2,2,7,512,488,360,13,297,15
45,1000,60,5.13,10.3,18,37,80,967,11,14,8,33,7.638802945,302,388,76.08748283,56.260227,9.384197232,5.981869187,458,8,14,7,29,509,3,0,1,4,487,513,369,19,291,11
48,1000,60,5.13,10.3,18,37,10,952,24,16,8,48,7.069662045,96,170,15.83966089,9.79912534,6.259904411,7.823143086,466,9,5,2,16,486,15,11,6,32,482,518,106,64,66,30
41,1000,60,5.13,10.3,18,37,92,952,32,11,5,48,7.848960522,332,398,190.4127985,142.1901482,10.47746984,5.046665461,474,27,10,5,42,478,5,1,0,6,516,484,386,12,324,8
44,1000,60,5.13,10.3,18,37,82,950,31,13,6,50,7.686872653,334,390,419.4565176,294.7703555,9.638442732,5.639323718,472,25,9,6,40,478,6,4,0,10,512,488,367,23,316,18
46,1000,60,5.13,10.3,18,37,76,952,25,14,9,48,7.574886393,302,381,156.2270314,146.0148515,9.615017851,5.758436646,435,20,8,8,36,517,5,6,1,12,471,529,357,24,293,9
47,1000,60,5.13,10.3,18,37,69,966,22,9,3,34,7.591276118,238,319,53.43666944,36.9971123,8.552654504,6.55394684,496,14,7,2,23,470,8,2,1,11,519,481,284,35,229,9
42,1000,60,5.13,10.3,18,37,88,956,30,10,4,44,7.788200603,352,423,192.7534108,136.4882226,9.973750205,5.504323616,475,24,9,3,36,481,6,1,1,8,511,489,399,24,342,10
43,1000,60,5.13,10.3,18,37,85,964,18,10,8,36,7.747676541,315,395,144.4387136,109.7197371,9.643966528,5.75812639,482,16,8,6,30,482,2,2,2,6,512,488,366,29,304,11
45,1000,60,5.13,10.3,18,37,81,966,11,15,8,34,7.610028534,308,397,81.81932441,60.13964774,9.425669903,5.886407976,457,8,15,7,30,509,3,0,1,4,487,513,383,14,298,10
41,1000,60,5.13,10.3,18,37,93,952,33,10,5,48,7.803707726,338,411,201.0058504,151.5542432,10.50095129,4.928134008,474,28,9,5,42,478,5,1,0,6,516,484,391,20,323,15
44,1000,60,5.13,10.3,18,37,83,949,31,14,6,51,7.727334151,325,397,455.3291662,317.8619142,9.705161717,5.652236378,471,26,9,6,41,478,5,5,0,10,512,488,372,25,313,12
46,1000,60,5.13,10.3,18,37,77,954,23,14,9,46,7.569591128,339,392,165.0134314,155.1280698,9.710788311,5.663156586,435,19,9,8,36,519,4,5,1,10,471,529,373,19,327,12
47,1000,60,5.13,10.3,18,37,70,965,23,9,3,35,7.616766072,229,306,59.06655909,40.69168235,8.60218938,6.553492274,496,14,7,2,23,469,9,2,1,12,519,481,278,28,216,13
48,1000,60,5.13,10.3,18,37,11,950,26,16,8,50,7.118012323,108,149,15.87986698,9.857764061,6.323285911,7.857506783,464,11,5,2,18,486,15,11,6,32,482,518,84,65,79,29
42,1000,60,5.13,10.3,18,37,89,956,30,10,4,44,7.815680684,355,426,203.9806996,144.4863975,10.05165201,5.479113508,475,24,9,3,36,481,6,1,1,8,511,489,405,21,343,12
43,1000,60,5.13,10.3,18,37,86,964,18,9,9,36,7.762406704,309,390,154.5496261,116.0664346,9.706499818,5.722702453,481,16,8,7,31,483,2,1,2,5,512,488,368,22,299,10
45,1000,60,5.13,10.3,18,37,82,966,11,15,8,34,7.576488943,312,388,86.7981793,63.79467724,9.458488333,5.789873538,457,8,15,7,30,509,3,0,1,4,487,513,371,17,302,10
41,1000,60,5.13,10.3,18,37,94,954,31,10,5,46,7.796360718,326,402,212.1123275,160.4717816,10.52235777,4.89013246,475,27,9,5,41,479,4,1,0,5,516,484,380,22,317,9
44,1000,60,5.13,10.3,18,37,84,949,31,14,6,51,7.714098104,326,401,463.6880441,323.5299249,9.722825757,5.606580566,472,25,9,6,40,477,6,5,0,11,512,488,368,33,311,15
46,1000,60,5.13,10.3,18,37,78,955,23,13,9,45,7.535465205,337,396,174.4630756,162.7629464,9.731690456,5.580035916,435,19,9,8,36,520,4,4,1,9,471,529,374,22,328,9
47,1000,60,5.13,10.3,18,37,71,965,23,9,3,35,7.627475325,223,307,62.63920977,43.14752153,8.633088648,6.542416458,496,14,7,2,23,469,9,2,1,12,519,481,284,23,212,11
48,1000,60,5.13,10.3,18,37,12,951,25,16,8,49,7.147779475,106,162,15.99072556,9.971557003,6.334699132,7.904352305,464,11,5,2,18,487,14,11,6,31,482,518,109,53,77,29
42,1000,60,5.13,10.3,18,37,90,957,29,10,4,43,7.782861834,354,429,220.9626622,157.4330636,10.08365156,5.378560101,475,24,9,3,36,482,5,1,1,7,511,489,406,23,342,12
43,1000,60,5.13,10.3,18,37,87,964,18,9,9,36,7.80608375,306,395,167.1320355,123.9277356,9.750458159,5.76608437,481,16,8,7,31,483,2,1,2,5,512,488,376,19,300,6
45,1000,60,5.13,10.3,18,37,83,966,11,15,8,34,7.565236516,330,411,91.97978707,67.52764609,9.476859476,5.750498929,457,8,15,7,30,509,3,0,1,4,487,513,391,20,323,7
41,1000,60,5.13,10.3,18,37,95,954,31,10,5,46,7.7737564,343,420,219.1401474,165.6551404,10.53844794,4.826275334,475,27,9,5,41,479,4,1,0,5,516,484,400,20,333,10
46,1000,60,5.13,10.3,18,37,79,954,23,14,9,46,7.546285317,336,404,181.1602595,168.6759937,9.814501042,5.526758651,435,19,9,8,36,519,4,5,1,10,471,529,388,16,322,14
44,1000,60,5.13,10.3,18,37,85,948,32,14,6,52,7.759556213,340,383,470.6610054,328.1158599,9.776435993,5.643485623,472,25,9,6,40,476,7,5,0,12,512,488,367,16,329,11
47,1000,60,5.13,10.3,18,37,72,963,25,8,4,37,7.633160589,230,311,65.26592877,45.08774645,8.689327016,6.493554819,495,15,6,3,24,468,10,2,1,13,519,481,286,25,210,20
42,1000,60,5.13,10.3,18,37,91,957,29,10,4,43,7.770143113,360,426,238.596179,169.733762,10.09671064,5.338903835,475,24,9,3,36,482,5,1,1,7,511,489,407,19,347,13
48,1000,60,5.13,10.3,18,37,13,950,26,16,8,50,7.180439311,105,155,16.04096748,10.03446168,6.391853903,7.914219555,465,10,5,2,17,485,16,11,6,33,482,518,97,58,78,27
43,1000,60,5.13,10.3,18,37,88,963,18,10,9,37,7.805678967,309,387,180.6834381,133.4443553,9.794495977,5.719051285,480,16,9,7,32,483,2,1,2,5,512,488,365,22,300,9
45,1000,60,5.13,10.3,18,37,84,965,12,15,8,35,7.550765818,321,406,98.50445758,72.705192,9.51258811,5.688373115,456,9,15,7,31,509,3,0,1,4,487,513,385,21,311,10
41,1000,60,5.13,10.3,18,37,96,954,31,10,5,46,7.759481852,350,398,229.6617053,174.2194382,10.55251644,4.781783817,475,27,9,5,41,479,4,1,0,5,516,484,387,11,340,10
46,1000,60,5.13,10.3,18,37,80,955,24,13,8,45,7.529580894,355,411,191.5140194,179.1971305,9.857949854,5.456496243,435,20,9,7,36,520,4,4,1,9,471,529,396,15,343,12
44,1000,60,5.13,10.3,18,37,86,948,32,13,7,52,7.752621359,347,407,517.4025785,358.6164125,9.77800217,5.627631656,472,25,9,6,40,476,7,4,1,12,512,488,389,18,335,12
47,1000,60,5.13,10.3,18,37,73,962,25,8,5,38,7.629959215,243,328,69.26315059,48.02728654,8.749552534,6.421915697,494,15,6,4,25,468,10,2,1,13,519,481,301,27,223,20
42,1000,60,5.13,10.3,18,37,92,956,30,10,4,44,7.772054639,355,425,256.085078,183.8493616,10.13659724,5.301131798,475,24,9,3,36,481,6,1,1,8,511,489,409,16,343,12
48,1000,60,5.13,10.3,18,37,14,948,28,16,8,52,7.188375934,118,178,16.16934342,10.15325375,6.408944463,7.913638423,465,10,5,2,17,483,18,11,6,35,482,518,113,65,91,27
43,1000,60,5.13,10.3,18,37,89,963,18,10,9,37,7.780837524,321,404,194.7570279,142.9908926,9.800055488,5.662313759,480,16,9,7,32,483,2,1,2,5,512,488,385,19,306,15
45,1000,60,5.13,10.3,18,37,85,965,12,15,8,35,7.549441251,329,419,103.188729,76.65796709,9.595855453,5.606743947,456,9,15,7,31,509,3,0,1,4,487,513,395,24,317,12
41,1000,60,5.13,10.3,18,37,97,954,31,9,6,46,7.745393005,357,416,242.4361317,183.4813979,10.57788922,4.725624308,475,27,8,6,41,479,4,1,0,5,516,484,398,18,345,12
46,1000,60,5.13,10.3,18,37,81,955,24,13,8,45,7.521953368,366,418,200.5127721,187.5512782,9.923404927,5.383798955,435,20,9,7,36,520,4,4,1,9,471,529,401,17,357,9
44,1000,60,5.13,10.3,18,37,87,948,33,12,7,52,7.745631344,358,421,567.1014843,390.9564071,9.79880323,5.591483791,472,25,9,6,40,476,8,3,1,12,512,488,393,28,343,15
47,1000,60,5.13,10.3,18,37,74,962,24,9,5,38,7.626407561,256,317,74.46438451,51.55342498,8.779645247,6.382061699,494,15,6,4,25,468,9,3,1,13,519,481,292,25,242,14
42,1000,60,5.13,10.3,18,37,93,956,30,10,4,44,7.766167364,362,427,272.028642,199.927872,10.12579981,5.300375582,475,24,9,3,36,481,6,1,1,8,511,489,411,16,354,8
43,1000,60,5.13,10.3,18,37,90,962,19,10,9,38,7.782799019,317,406,204.0680031,149.3602862,9.860891892,5.602504857,479,17,9,7,33,483,2,1,2,5,512,488,390,16,309,8
45,1000,60,5.13,10.3,18,37,86,966,10,16,8,34,7.548729497,327,416,108.7130212,80.78630319,9.657948362,5.546410613,456,8,16,7,31,510,2,0,1,3,487,513,396,20,320,7
48,1000,60,5.13,10.3,18,37,15,949,28,15,8,51,7.172671551,117,161,16.28972754,10.27769191,6.407498023,7.884666995,465,11,4,2,17,484,17,11,6,34,482,518,100,61,98,19
41,1000,60,5.13,10.3,18,37,98,953,32,9,6,47,7.734948074,354,422,256.042404,191.903729,10.61166355,4.668036534,474,28,8,6,42,479,4,1,0,5,516,484,404,18,340,14
46,1000,60,5.13,10.3,18,37,82,955,24,13,8,45,7.506147008,354,441,210.2278181,195.15411,9.969183902,5.313159527,435,20,9,7,36,520,4,4,1,9,471,529,424,17,347,7
44,1000,60,5.13,10.3,18,37,88,949,33,11,7,51,7.719388704,348,397,619.4334828,428.6638144,9.808539342,5.527492953,473,25,8,6,39,476,8,3,1,12,512,488,378,19,340,8
47,1000,60,5.13,10.3,18,37,75,963,24,8,5,37,7.620029596,240,319,78.52529804,54.35743417,8.819379643,6.325928403,494,15,6,4,25,469,9,2,1,12,519,481,305,14,232,8
42,1000,60,5.13,10.3,18,37,94,956,30,10,4,44,7.717014531,370,423,290.3727243,213.2090494,10.16921841,5.154486556,475,24,9,3,36,481,6,1,1,8,511,489,406,17,362,8
43,1000,60,5.13,10.3,18,37,91,960,20,11,9,40,7.798015147,323,381,214.8224941,157.1914423,9.896114754,5.596730315,479,17,9,7,33,481,3,2,2,7,512,488,367,14,317,6
45,1000,60,5.13,10.3,18,37,87,967,9,15,9,33,7.575753382,330,408,115.2800094,86.31313732,9.726655181,5.533864149,456,8,15,8,31,511,1,0,1,2,487,513,398,10,321,9
41,1000,60,5.13,10.3,18,37,99,953,32,9,6,47,7.766972836,371,421,271.5353404,202.5711937,10.69904702,4.641042503,474,28,8,6,42,479,4,1,0,5,516,484,403,18,355,16
48,1000,60,5.13,10.3,18,37,16,951,27,14,8,49,7.154111722,100,182,16.44022871,10.35706457,6.425211817,7.832354491,465,11,4,2,17,486,16,10,6,32,482,518,113,69,82,18
44,1000,60,5.13,10.3,18,37,89,948,33,12,7,52,7.745002395,350,401,675.2222209,469.1873515,9.862702638,5.523152961,472,25,9,6,40,476,8,3,1,12,512,488,385,16,338,12
46,1000,60,5.13,10.3,18,37,83,954,24,14,8,46,7.518156823,345,423,220.6543992,204.5162728,10.03350353,5.278594822,434,20,10,7,37,520,4,4,1,9,471,529,405,18,334,11
47,1000,60,5.13,10.3,18,37,76,963,24,8,5,37,7.61975342,265,338,83.5752039,58.0864653,8.874479886,6.265900955,494,15,6,4,25,469,9,2,1,12,519,481,314,24,252,13
42,1000,60,5.13,10.3,18,37,95,957,30,10,3,43,7.728547964,372,429,309.1041499,228.0116297,10.2137927,5.131492627,475,24,9,3,36,482,6,1,0,7,511,489,407,22,358,14
43,1000,60,5.13,10.3,18,37,92,957,23,11,9,43,7.84485846,331,410,227.6046948,165.3283575,9.988216817,5.596089036,476,20,9,7,36,481,3,2,2,7,512,488,393,17,320,11
45,1000,60,5.13,10.3,18,37,88,968,8,15,9,32,7.535620321,330,411,126.3355831,94.53616439,9.739011532,5.443901959,456,8,15,8,31,512,0,0,1,1,487,513,397,14,313,17
41,1000,60,5.13,10.3,18,37,100,952,33,9,6,48,7.75692287,378,416,287.1030755,214.6061615,10.72667933,4.590818873,473,29,8,6,43,479,4,1,0,5,516,484,404,12,367,11
44,1000,60,5.13,10.3,18,37,90,948,33,12,7,52,7.717613996,341,397,687.647464,480.5463218,9.898849303,5.429104823,472,25,9,6,40,476,8,3,1,12,512,488,382,15,331,10
46,1000,60,5.13,10.3,18,37,84,954,24,14,8,46,7.527702593,364,429,231.8830863,213.3195748,10.10803699,5.230278202,433,20,11,7,38,521,4,3,1,8,471,529,410,19,356,8
47,1000,60,5.13,10.3,18,37,77,963,24,8,5,37,7.620094911,256,330,88.28092052,61.55656023,8.927099675,6.209834053,494,15,6,4,25,469,9,2,1,12,519,481,307,23,245,11
48,1000,60,5.13,10.3,18,37,17,951,27,14,8,49,7.177475877,118,183,16.54631512,10.45782422,6.46767285,7.837948964,465,11,4,2,17,486,16,10,6,32,482,518,116,67,89,29
42,1000,60,5.13,10.3,18,37,96,958,30,9,3,42,7.722782457,366,439,324.4958665,238.1961387,10.24305472,5.089123711,475,24,9,3,36,483,6,0,0,6,511,489,419,20,362,4
43,1000,60,5.13,10.3,18,37,93,957,23,11,9,43,7.836277682,339,399,242.9064497,174.4397791,10.0288386,5.535885896,476,20,9,7,36,481,3,2,2,7,512,488,385,14,330,9
45,1000,60,5.13,10.3,18,37,89,967,9,15,9,33,7.508830332,348,413,136.0584064,101.4111354,9.771576979,5.360764802,455,9,15,8,32,512,0,0,1,1,487,513,396,17,341,7
41,1000,60,5.13,10.3,18,37,101,953,32,9,6,47,7.730664714,380,422,308.0410621,228.9111218,10.7937496,4.465061815,473,29,8,6,43,480,3,1,0,4,516,484,407,15,368,12
46,1000,60,5.13,10.3,18,37,85,954,24,14,8,46,7.53944839,362,423,243.18481,224.6035353,10.15031964,5.214835235,433,20,11,7,38,521,4,3,1,8,471,529,412,11,352,10
44,1000,60,5.13,10.3,18,37,91,947,35,12,6,53,7.672472768,347,406,700.4179427,489.0599992,9.945474627,5.287683933,470,27,9,6,42,477,8,3,0,11,512,488,384,22,341,6
47,1000,60,5.13,10.3,18,37,78,963,24,8,5,37,7.637362103,280,338,94.16755604,66.08523416,8.995838787,6.171562937,494,15,6,4,25,469,9,2,1,12,519,481,311,27,265,15
48,1000,60,5.13,10.3,18,37,18,950,28,14,8,50,7.197709929,119,190,16.69187086,10.59238432,6.53159046,7.817535382,465,11,4,2,17,485,17,10,6,33,482,518,130,60,92,27
42,1000,60,5.13,10.3,18,37,97,957,31,9,3,43,7.746560295,382,441,351.9760209,257.0790853,10.299881,5.078366269,474,25,9,3,37,483,6,0,0,6,511,489,414,27,372,10
43,1000,60,5.13,10.3,18,37,94,957,21,13,9,43,7.831737844,361,422,258.7793162,184.3389263,10.07493313,5.478221476,476,18,11,7,36,481,3,2,2,7,512,488,392,30,355,6
45,1000,60,5.13,10.3,18,37,90,967,9,15,9,33,7.509743017,355,429,145.8618759,109.559586,9.856843321,5.281599064,455,9,15,8,32,512,0,0,1,1,487,513,410,19,347,8
41,1000,60,5.13,10.3,18,37,102,953,32,9,6,47,7.735495601,381,427,321.4088475,237.836044,10.86059899,4.40377381,473,29,8,6,43,480,3,1,0,4,516,484,412,15,371,10
46,1000,60,5.13,10.3,18,37,86,953,24,15,8,47,7.517270347,375,443,264.0193106,245.1827657,10.19566138,5.132540338,432,20,12,7,39,521,4,3,1,8,471,529,424,19,362,13
44,1000,60,5.13,10.3,18,37,92,947,35,12,6,53,7.646320538,336,420,769.2902503,537.3264699,9.95374297,5.225418315,470,27,9,6,42,477,8,3,0,11,512,488,404,16,332,4
47,1000,60,5.13,10.3,18,37,79,963,23,9,5,37,7.63567756,266,363,99.19570854,69.6925988,9.030660718,6.130487833,494,15,6,4,25,469,8,3,1,12,519,481,339,24,258,8
42,1000,60,5.13,10.3,18,37,98,956,32,9,3,44,7.73951742,381,428,383.0260801,276.416394,10.33207437,5.030321917,474,25,9,3,37,482,7,0,0,7,511,489,415,13,369,12
48,1000,60,5.13,10.3,18,37,19,951,25,16,8,49,7.226242256,110,172,16.77621192,10.68037813,6.570279558,7.836616812,465,10,5,2,17,486,15,11,6,32,482,518,125,47,89,21
43,1000,60,5.13,10.3,18,37,95,957,21,13,9,43,7.829458107,346,406,273.930019,191.7847575,10.13058595,5.415160047,476,18,11,7,36,481,3,2,2,7,512,488,387,19,337,9
45,1000,60,5.13,10.3,18,37,91,967,9,15,9,33,7.506986594,351,424,156.542359,118.406815,9.90846209,5.227223306,455,9,15,8,32,512,0,0,1,1,487,513,404,20,343,8
41,1000,60,5.13,10.3,18,37,103,952,33,9,6,48,7.70684894,373,429,343.0509284,252.0258572,10.89132379,4.311830299,473,29,8,6,43,479,4,1,0,5,516,484,414,15,364,9
46,1000,60,5.13,10.3,18,37,87,953,24,15,8,47,7.514780765,387,450,285.3982249,266.1045638,10.27484417,5.057333006,432,20,12,7,39,521,4,3,1,8,471,529,434,16,377,10
44,1000,60,5.13,10.3,18,37,93,947,35,12,6,53,7.629723768,373,420,848.0928115,596.8125665,10.00366836,5.139027801,470,27,9,6,42,477,8,3,0,11,512,488,403,17,354,19
47,1000,60,5.13,10.3,18,37,80,963,23,9,5,37,7.580826843,277,354,105.044637,73.70023156,9.046697937,5.999148885,493,16,6,4,26,470,7,3,1,11,519,481,328,26,260,17
42,1000,60,5.13,10.3,18,37,99,954,33,10,3,46,7.747470021,390,442,418.630627,296.8014245,10.36222178,5.015081168,472,26,10,3,39,482,7,0,0,7,511,489,425,17,376,14
48,1000,60,5.13,10.3,18,37,20,951,25,16,8,49,7.251816033,109,164,16.85711105,10.7740807,6.617155557,7.842368832,465,10,5,2,17,486,15,11,6,32,482,518,114,50,85,24
43,1000,60,5.13,10.3,18,37,96,957,20,14,9,43,7.805861479,342,428,291.0208199,203.5642994,10.16295246,5.332847995,476,18,11,7,36,481,2,3,2,7,512,488,403,25,332,10
45,1000,60,5.13,10.3,18,37,92,966,10,15,9,34,7.488487157,349,425,175.2172633,130.6344395,9.929269812,5.171408887,455,9,15,8,32,511,1,0,1,2,487,513,406,19,340,9
41,1000,60,5.13,10.3,18,37,104,953,34,8,5,47,7.720341762,391,433,379.0023032,274.7776831,10.93422036,4.293975321,474,29,8,5,42,479,5,0,0,5,516,484,414,19,377,14
49,1000,60,5.13,10.3,18,37,0,928,42,17,13,72,7.148,116,169,14.91833214,9.200055211,6.427184466,7.913402062,489,17,7,2,26,439,25,10,11,46,515,485,93,76,76,40
46,1000,60,5.13,10.3,18,37,88,955,23,14,8,45,7.486479309,372,459,300.038197,275.0010878,10.28854422,4.991635128,432,20,12,7,39,523,3,2,1,6,471,529,436,23,362,10
44,1000,60,5.13,10.3,18,37,94,947,35,12,6,53,7.631375835,359,418,875.9842522,620.2928791,10.07280662,5.069874687,469,28,9,6,43,478,7,3,0,10,512,488,407,11,351,8
47,1000,60,5.13,10.3,18,37,81,961,26,7,6,39,7.598735006,285,358,112.4485546,78.88656958,9.099819932,5.97906125,492,17,6,4,27,469,9,1,2,12,519,481,339,19,276,9
42,1000,60,5.13,10.3,18,37,100,953,34,9,4,47,7.754622459,388,439,440.5759066,311.7120515,10.4036734,4.986391311,472,26,9,4,39,481,8,0,0,8,511,489,423,16,379,9
43,1000,60,5.13,10.3,18,37,97,957,19,15,9,43,7.795903935,363,417,300.9271523,209.354766,10.20975169,5.263342354,476,17,12,7,36,481,2,3,2,7,512,488,399,18,350,13
45,1000,60,5.13,10.3,18,37,93,965,11,15,9,35,7.511412806,364,436,192.5674948,141.2862386,10.02255814,5.127537999,454,10,15,8,33,511,1,0,1,2,487,513,419,17,358,6
48,1000,60,5.13,10.3,18,37,21,952,26,14,8,48,7.263914045,117,170,16.92263512,10.83090847,6.622482656,7.860767191,466,10,4,2,16,486,16,10,6,32,482,518,117,53,100,17
49,1000,60,5.13,10.3,18,37,1,931,38,18,13,69,7.169250579,103,125,14.93244908,9.239950179,6.450867793,7.932069413,490,16,7,2,25,441,22,11,11,44,515,485,71,54,59,44
46,1000,60,5.13,10.3,18,37,89,955,23,14,8,45,7.488509102,389,449,311.6126407,283.7988311,10.35927791,4.932493772,431,20,13,7,40,524,3,1,1,5,471,529,431,18,379,10
44,1000,60,5.13,10.3,18,37,95,948,35,11,6,52,7.574786505,365,428,967.4168991,681.6824092,10.09308776,4.932634364,468,29,9,6,44,480,6,2,0,8,512,488,410,18,359,6
47,1000,60,5.13,10.3,18,37,82,961,26,7,6,39,7.599657323,279,374,116.4858302,81.74884337,9.170853007,5.904333914,492,17,6,4,27,469,9,1,2,12,519,481,344,30,271,8
42,1000,60,5.13,10.3,18,37,101,954,33,8,5,46,7.72083468,390,463,502.4451851,347.7597063,10.43255749,4.887112067,472,26,8,5,39,482,7,0,0,7,511,489,439,24,384,6
43,1000,60,5.13,10.3,18,37,98,957,19,15,9,43,7.794478145,359,410,318.2182426,219.18224,10.23037064,5.23878766,476,17,12,7,36,481,2,3,2,7,512,488,399,11,347,12
45,1000,60,5.13,10.3,18,37,94,964,12,15,9,36,7.480286223,365,429,209.9945784,151.5102711,10.08337479,5.009128068,453,11,15,8,34,511,1,0,1,2,487,513,411,18,359,6
46,1000,60,5.13,10.3,18,37,90,955,23,12,10,45,7.460427532,406,438,324.9755032,292.0398834,10.39940806,4.843679271,431,20,11,9,40,524,3,1,1,5,471,529,429,9,393,13
44,1000,60,5.13,10.3,18,37,96,947,35,12,6,53,7.573256072,358,431,1011.496358,715.366936,10.17156313,4.847163426,468,29,9,6,44,479,6,3,0,9,512,488,417,14,352,6
49,1000,60,5.13,10.3,18,37,2,932,37,18,13,68,7.200260873,99,159,15.00223813,9.276126545,6.485484507,7.959250209,490,15,8,2,25,442,22,10,11,43,515,485,88,71,68,31
48,1000,60,5.13,10.3,18,37,22,953,23,15,9,47,7.312135015,123,198,17.040509,10.9128313,6.742699759,7.84199562,465,10,4,3,17,488,13,11,6,30,482,518,134,64,95,28
47,1000,60,5.13,10.3,18,37,83,961,27,7,5,39,7.602519951,312,374,121.2709258,85.29685818,9.201393921,5.877331613,492,17,6,4,27,469,10,1,1,12,519,481,344,30,292,20
42,1000,60,5.13,10.3,18,37,102,953,33,9,5,47,7.718775496,401,444,559.2574305,382.4205645,10.49817789,4.814328414,471,26,9,5,40,482,7,0,0,7,511,489,427,17,387,14
43,1000,60,5.13,10.3,18,37,99,957,18,16,9,43,7.823715637,368,418,342.5679098,234.4549534,10.30084316,5.224762169,476,16,13,7,36,481,2,3,2,7,512,488,401,17,354,14
45,1000,60,5.13,10.3,18,37,95,964,12,15,9,36,7.474084372,359,441,231.1226446,163.6393038,10.09182482,4.98901693,453,11,15,8,34,511,1,0,1,2,487,513,423,18,350,9
46,1000,60,5.13,10.3,18,37,91,955,23,12,10,45,7.479279972,401,446,341.8265954,302.0285575,10.45966972,4.825662636,431,20,11,9,40,524,3,1,1,5,471,529,429,17,392,9
44,1000,60,5.13,10.3,18,37,97,947,35,12,6,53,7.569663818,378,428,1057.000043,746.979331,10.23163746,4.776773439,468,29,9,6,44,479,6,3,0,9,512,488,414,14,367,11
49,1000,60,5.13,10.3,18,37,3,933,35,19,13,67,7.21596651,90,152,15.05986366,9.325712666,6.507722646,7.968019273,490,15,8,2,25,443,20,11,11,42,515,485,90,62,57,33
47,1000,60,5.13,10.3,18,37,84,961,26,8,5,39,7.595523913,304,374,126.9400401,89.45010978,9.225754261,5.836501978,491,18,6,4,28,470,8,2,1,11,519,481,354,20,291,13
48,1000,60,5.13,10.3,18,37,23,955,23,14,8,45,7.282821494,133,176,17.2100038,11.07880294,6.746376049,7.781985016,465,10,4,3,17,490,13,10,5,28,482,518,123,53,98,35
42,1000,60,5.13,10.3,18,37,103,952,34,9,5,48,7.735260239,397,444,597.6861629,407.6406818,10.57881746,4.763772017,471,26,9,5,40,481,8,0,0,8,511,489,429,15,393,4
43,1000,60,5.13,10.3,18,37,100,956,18,17,9,44,7.821257026,367,421,358.2212325,244.6044913,10.35893296,5.158777352,475,16,14,7,37,481,2,3,2,7,512,488,404,17,359,8
45,1000,60,5.13,10.3,18,37,96,964,12,15,9,36,7.425019965,378,430,246.165862,172.9755521,10.10450519,4.881337106,453,11,15,8,34,511,1,0,1,2,487,513,420,10,363,15
46,1000,60,5.13,10.3,18,37,92,954,24,11,11,46,7.478990664,396,454,363.6911254,316.3559654,10.50968666,4.7805827,430,21,10,10,41,524,3,1,1,5,471,529,440,14,379,17
44,1000,60,5.13,10.3,18,37,98,947,35,12,6,53,7.553549353,381,432,1114.043873,791.4177043,10.26765402,4.70596413,468,29,9,6,44,479,6,3,0,9,512,488,419,13,368,13
49,1000,60,5.13,10.3,18,37,4,933,36,19,12,67,7.202480485,91,151,15.09306856,9.389013288,6.553417323,7.891691883,490,15,8,2,25,443,21,11,10,42,515,485,83,68,48,43
47,1000,60,5.13,10.3,18,37,85,961,26,8,5,39,7.646887114,308,375,136.0905499,96.10036344,9.318457691,5.843258986,491,18,6,4,28,470,8,2,1,11,519,481,354,21,300,8
42,1000,60,5.13,10.3,18,37,104,953,33,9,5,47,7.678464593,399,451,622.2180094,430.5841184,10.60120549,4.624230238,471,26,9,5,40,482,7,0,0,7,511,489,434,17,391,8
48,1000,60,5.13,10.3,18,37,24,955,23,14,8,45,7.307119589,111,172,17.34343275,11.20580024,6.807278961,7.772222259,465,10,4,3,17,490,13,10,5,28,482,518,121,51,88,23
50,1000,60,5.13,10.3,18,37,0,944,24,15,17,56,6.923,118,174,15.03718605,8.967573894,6.508097166,7.328063241,470,14,4,6,24,474,10,11,11,32,494,506,101,73,87,31
43,1000,60,5.13,10.3,18,37,101,956,18,17,9,44,7.831354371,368,423,379.3765896,257.1471297,10.42370857,5.111507347,475,16,14,7,37,481,2,3,2,7,512,488,404,19,358,10
45,1000,60,5.13,10.3,18,37,97,961,15,15,9,39,7.427184528,375,443,261.5322588,182.9913238,10.16941676,4.823934827,451,13,15,8,36,510,2,0,1,3,487,513,421,22,370,5
46,1000,60,5.13,10.3,18,37,93,955,23,11,11,45,7.461273392,397,462,383.2770345,330.2523509,10.53416826,4.725293272,430,21,10,10,41,525,2,1,1,4,471,529,449,13,389,8
44,1000,60,5.13,10.3,18,37,99,947,35,12,6,53,7.506425202,389,424,1163.432971,831.5654178,10.26504263,4.612138064,468,29,9,6,44,479,6,3,0,9,512,488,408,16,374,15
49,1000,60,5.13,10.3,18,37,5,934,36,18,12,66,7.219159085,77,180,15.1650736,9.496492793,6.597487112,7.879284994,491,15,7,2,24,443,21,11,10,42,515,485,106,74,57,20
47,1000,60,5.13,10.3,18,37,86,961,26,8,5,39,7.65843902,311,384,144.876023,102.5904778,9.394929743,5.784761919,491,18,6,4,28,470,8,2,1,11,519,481,364,20,296,15
50,1000,60,5.13,10.3,18,37,1,944,26,14,16,56,6.930036745,105,152,15.12050626,9.048693488,6.527296733,7.323225611,469,15,4,6,25,475,11,10,10,31,494,506,87,65,71,34
48,1000,60,5.13,10.3,18,37,25,957,22,14,7,43,7.300112121,135,184,17.47974402,11.34054127,6.837528116,7.73054743,465,10,4,3,17,492,12,10,4,26,482,518,134,50,106,29
43,1000,60,5.13,10.3,18,37,102,955,19,17,9,45,7.838148046,364,430,398.6880218,270.0999276,10.48348033,5.062717454,475,16,14,7,37,480,3,3,2,8,512,488,412,18,350,14
45,1000,60,5.13,10.3,18,37,98,960,16,15,9,40,7.425408954,383,436,280.1106583,194.5582513,10.23616313,4.757110159,450,14,15,8,37,510,2,0,1,3,487,513,427,9,375,8
46,1000,60,5.13,10.3,18,37,94,954,24,11,11,46,7.444948104,405,469,404.9466059,350.5695286,10.58832584,4.646212918,429,22,10,10,42,525,2,1,1,4,471,529,451,18,396,9
44,1000,60,5.13,10.3,18,37,100,946,36,12,6,54,7.529348827,377,429,1224.324135,872.9171394,10.35287322,4.566962582,467,30,9,6,45,479,6,3,0,9,512,488,415,14,369,8
47,1000,60,5.13,10.3,18,37,87,961,26,8,5,39,7.667438425,318,384,151.8507402,107.712299,9.466815802,5.725906494,491,18,6,4,28,470,8,2,1,11,519,481,366,18,311,7
49,1000,60,5.13,10.3,18,37,6,934,35,19,12,66,7.251193625,94,144,15.23313328,9.563609995,6.669632562,7.868727538,490,15,8,2,25,444,20,11,10,41,515,485,79,65,73,21
50,1000,60,5.13,10.3,18,37,2,943,27,14,16,57,6.945318585,97,167,15.14183726,9.069509123,6.581875055,7.3001429,469,15,4,6,25,474,12,10,10,32,494,506,103,64,62,35
48,1000,60,5.13,10.3,18,37,26,957,22,14,7,43,7.295451474,102,193,17.6626659,11.51020124,6.867482786,7.693677165,465,10,4,3,17,492,12,10,4,26,482,518,153,40,80,22
43,1000,60,5.13,10.3,18,37,103,954,21,16,9,46,7.834062228,373,420,424.208621,288.1900809,10.54220168,4.992735594,473,18,14,7,39,481,3,2,2,7,512,488,406,14,361,12
45,1000,60,5.13,10.3,18,37,99,960,16,15,9,40,7.442303409,382,443,288.5767917,201.3167571,10.29830335,4.731052003,450,14,15,8,37,510,2,0,1,3,487,513,429,14,372,10
46,1000,60,5.13,10.3,18,37,95,953,25,11,11,47,7.470203171,406,467,429.7429856,370.3907427,10.66467593,4.625975061,428,23,10,10,43,525,2,1,1,4,471,529,452,15,399,7
44,1000,60,5.13,10.3,18,37,101,947,35,12,6,53,7.509573086,389,435,1263.17942,904.4941139,10.40170913,4.475200846,466,30,10,6,46,481,5,2,0,7,512,488,423,12,380,9
47,1000,60,5.13,10.3,18,37,88,959,27,9,5,41,7.714991418,302,370,159.6124113,113.5170991,9.56513032,5.718687697,489,19,7,4,30,470,8,2,1,11,519,481,352,18,294,8
49,1000,60,5.13,10.3,18,37,7,932,37,19,12,68,7.296704073,108,142,15.27404691,9.636648001,6.728412238,7.90014798,489,16,8,2,26,443,21,11,10,42,515,485,84,58,76,32
50,1000,60,5.13,10.3,18,37,3,943,27,14,16,57,6.978345862,94,155,15.18811146,9.107848482,6.632713537,7.315781373,469,15,4,6,25,474,12,10,10,32,494,506,101,54,57,37
43,1000,60,5.13,10.3,18,37,104,953,22,16,9,47,7.838654978,361,438,438.0005651,297.8329847,10.59809208,4.943507858,471,20,14,7,41,482,2,2,2,6,512,488,423,15,350,11
48,1000,60,5.13,10.3,18,37,27,958,21,14,7,42,7.32104928,117,180,17.86362198,11.66111524,6.90440909,7.708733781,465,10,4,3,17,493,11,10,4,25,482,518,133,47,97,20
45,1000,60,5.13,10.3,18,37,100,960,16,15,9,40,7.408270845,390,438,306.25158,211.1358947,10.34834634,4.617205026,450,14,15,8,37,510,2,0,1,3,487,513,424,14,382,8
46,1000,60,5.13,10.3,18,37,96,954,24,11,11,46,7.458941622,398,461,462.5989501,398.4335077,10.6955984,4.577154589,428,23,10,10,43,526,1,1,1,3,471,529,450,11,389,9
44,1000,60,5.13,10.3,18,37,102,947,34,13,6,53,7.502376371,383,441,1336.263346,963.5213473,10.45525536,4.404273822,466,29,11,6,46,481,5,2,0,7,512,488,422,19,372,11
47,1000,60,5.13,10.3,18,37,89,959,27,9,5,41,7.737367653,331,386,165.9292515,117.7966586,9.618246405,5.707895569,489,19,7,4,30,470,8,2,1,11,519,481,369,17,323,8
49,1000,60,5.13,10.3,18,37,8,933,37,18,12,67,7.325144975,99,147,15.30277854,9.715637252,6.782752909,7.901087066,489,16,8,2,26,444,21,10,10,41,515,485,90,57,72,27
50,1000,60,5.13,10.3,18,37,4,945,24,16,15,55,6.979302688,108,154,15.24959668,9.182567238,6.664996588,7.286154889,469,15,4,6,25,476,9,12,9,30,494,506,88,66,71,37
46,1000,60,5.13,10.3,18,37,97,954,24,11,11,46,7.414603495,411,470,498.0761989,428.9599371,10.769552,4.427494332,428,23,10,10,43,526,1,1,1,3,471,529,455,15,403,8
45,1000,60,5.13,10.3,18,37,101,960,16,15,9,40,7.380442293,400,451,328.4116399,223.0278086,10.35106228,4.560380042,450,14,15,8,37,510,2,0,1,3,487,513,437,14,390,10
44,1000,60,5.13,10.3,18,37,103,947,34,13,6,53,7.466789628,382,439,1407.221116,1012.590173,10.47336778,4.312346974,466,29,11,6,46,481,5,2,0,7,512,488,426,13,372,10
48,1000,60,5.13,10.3,18,37,28,959,20,14,7,41,7.337146081,119,189,18.07633503,11.83213453,6.960311617,7.687791276,465,9,5,3,17,494,11,9,4,24,482,518,144,45,97,22
47,1000,60,5.13,10.3,18,37,90,961,26,9,4,39,7.693838367,342,395,174.7455966,124.9407493,9.609734026,5.626582967,489,20,7,3,30,472,6,2,1,9,519,481,379,16,326,16
49,1000,60,5.13,10.3,18,37,9,933,37,18,12,67,7.358833406,91,167,15.341749,9.774205686,6.838942737,7.910882262,489,16,8,2,26,444,21,10,10,41,515,485,94,73,67,24
50,1000,60,5.13,10.3,18,37,5,945,24,15,16,55,7.018166007,87,155,15.30999054,9.258206423,6.712259428,7.316817885,469,15,4,6,25,476,9,11,10,30,494,506,84,71,68,19
46,1000,60,5.13,10.3,18,37,98,954,25,11,10,46,7.380799904,421,487,536.8813019,461.0527906,10.77095949,4.362340238,428,24,10,9,43,526,1,1,1,3,471,529,469,18,412,9
45,1000,60,5.13,10.3,18,37,102,960,16,16,8,40,7.353597516,375,444,359.7611745,240.9728301,10.37833992,4.482155897,450,14,15,8,37,510,2,1,0,3,487,513,431,13,371,4
44,1000,60,5.13,10.3,18,37,104,947,34,13,6,53,7.434047892,391,436,1479.391584,1061.994549,10.48368746,4.234426053,466,29,11,6,46,481,5,2,0,7,512,488,420,16,380,11
47,1000,60,5.13,10.3,18,37,91,963,25,8,4,37,7.670908794,329,400,183.9007626,131.8978196,9.605566047,5.583409597,490,19,7,3,29,473,6,1,1,8,519,481,382,18,315,14
48,1000,60,5.13,10.3,18,37,29,961,19,13,7,39,7.371928744,132,173,18.19168705,11.94265231,7.064076342,7.658385999,465,9,5,3,17,496,10,8,4,22,482,518,133,40,114,18
49,1000,60,5.13,10.3,18,37,10,932,37,19,12,68,7.372070136,106,136,15.38651732,9.851684013,6.863302013,7.912308451,489,16,8,2,26,443,21,11,10,42,515,485,80,56,81,25
46,1000,60,5.13,10.3,18,37,99,953,26,11,10,47,7.401870044,426,472,575.6925928,493.7835844,10.87420449,4.310245236,428,24,10,9,43,525,2,1,1,4,471,529,459,13,413,13
50,1000,60,5.13,10.3,18,37,6,946,23,15,16,54,7.044143515,100,162,15.41378291,9.344451327,6.748221938,7.333047189,469,15,4,6,25,477,8,11,10,29,494,506,99,63,62,38
45,1000,60,5.13,10.3,18,37,103,959,17,15,9,41,7.351290301,401,445,398.5269955,262.6374115,10.44137494,4.417818137,449,15,14,9,38,510,2,1,0,3,487,513,436,9,390,11
47,1000,60,5.13,10.3,18,37,92,962,26,8,4,38,7.663961421,333,396,192.6207657,137.996011,9.632424205,5.539985985,489,20,7,3,30,473,6,1,1,8,519,481,378,18,324,9
48,1000,60,5.13,10.3,18,37,30,964,18,10,8,36,7.363486294,137,195,18.4235852,12.17000824,7.082755168,7.624707148,465,9,4,4,17,499,9,6,4,19,482,518,153,42,109,28
49,1000,60,5.13,10.3,18,37,11,934,37,18,11,66,7.379095385,112,148,15.47965447,9.950691021,6.878871311,7.910261155,488,17,8,2,27,446,20,10,9,39,515,485,93,55,77,35
46,1000,60,5.13,10.3,18,37,100,953,26,11,10,47,7.42636149,422,471,619.2061131,530.5491138,10.92099237,4.314884845,428,24,10,9,43,525,2,1,1,4,471,529,455,16,413,9
50,1000,60,5.13,10.3,18,37,7,947,23,13,17,53,7.05726095,119,164,15.50939976,9.406185325,6.792141423,7.316093057,469,15,3,7,25,478,8,10,10,28,494,506,97,67,80,39
45,1000,60,5.13,10.3,18,37,104,959,17,15,9,41,7.354959451,394,448,426.9552524,277.401105,10.45751164,4.409651618,449,15,14,9,38,510,2,1,0,3,487,513,439,9,387,7
47,1000,60,5.13,10.3,18,37,93,962,26,8,4,38,7.656953768,336,397,201.841925,144.2953838,9.653526568,5.502647566,490,19,7,3,29,472,7,1,1,9,519,481,383,14,322,14
49,1000,60,5.13,10.3,18,37,12,935,38,16,11,65,7.388207473,101,159,15.54865356,10.01712732,6.899090871,7.90757871,488,17,7,3,27,447,21,9,8,38,515,485,94,65,69,32
48,1000,60,5.13,10.3,18,37,31,964,18,10,8,36,7.368258946,122,184,18.66596262,12.35772116,7.103637837,7.614489398,465,9,4,4,17,499,9,6,4,19,482,518,127,57,95,27
46,1000,60,5.13,10.3,18,37,101,949,31,10,10,51,7.437729041,419,480,669.7115438,565.9549711,11.02261875,4.245889622,425,27,10,9,46,524,4,0,1,5,471,529,471,9,411,8
50,1000,60,5.13,10.3,18,37,8,947,24,13,16,53,7.094310486,97,161,15.56828493,9.468314,6.810872748,7.37102638,470,15,3,6,24,477,9,10,10,29,494,506,100,61,72,25
47,1000,60,5.13,10.3,18,37,94,962,26,8,4,38,7.695129537,344,415,209.8690832,149.2645081,9.708987038,5.522173108,490,19,7,3,29,472,7,1,1,9,519,481,391,24,333,11
49,1000,60,5.13,10.3,18,37,13,938,35,16,11,62,7.367625392,99,185,15.68174834,10.11635299,6.897055501,7.867302699,489,16,7,3,26,449,19,9,8,36,515,485,112,73,73,26
48,1000,60,5.13,10.3,18,37,32,964,18,10,8,36,7.391012473,131,195,18.89633989,12.5510626,7.119077843,7.644048171,465,9,4,4,17,499,9,6,4,19,482,518,143,52,111,20
46,1000,60,5.13,10.3,18,37,102,948,32,10,10,52,7.422394296,439,490,695.9143487,586.7954341,11.0560314,4.187152186,424,28,10,9,47,524,4,0,1,5,471,529,476,14,430,9
50,1000,60,5.13,10.3,18,37,9,948,26,11,15,52,7.093069129,108,157,15.64107163,9.546659348,6.862471329,7.318198206,470,15,3,6,24,478,11,8,9,28,494,506,110,47,84,24
47,1000,60,5.13,10.3,18,37,95,961,27,8,4,39,7.68485029,351,416,217.9652039,154.4917297,9.742690622,5.464436294,490,19,7,3,29,471,8,1,1,10,519,481,390,26,342,9
49,1000,60,5.13,10.3,18,37,14,936,37,16,11,64,7.400671571,96,125,15.80608118,10.23464622,6.907031851,7.924845708,488,17,7,3,27,448,20,9,8,37,515,485,74,51,63,33
46,1000,60,5.13,10.3,18,37,103,947,33,10,10,53,7.400211248,429,485,749.5625611,632.8088837,11.0883641,4.116430546,423,29,10,9,48,524,4,0,1,5,471,529,474,11,426,3
47,1000,60,5.13,10.3,18,37,96,962,26,8,4,38,7.61347377,346,415,226.0881374,159.9469617,9.732642378,5.326886435,491,18,7,3,28,471,8,1,1,10,519,481,395,20,340,6
50,1000,60,5.13,10.3,18,37,10,948,26,11,15,52,7.126491868,97,165,15.73728617,9.63305776,6.920892565,7.327215298,470,15,3,6,24,478,11,8,9,28,494,506,106,59,70,27
48,1000,60,5.13,10.3,18,37,33,963,17,12,8,37,7.402469613,132,206,19.1805738,12.74168694,7.157663416,7.630262251,466,8,4,4,16,497,9,8,4,21,482,518,160,46,104,28
49,1000,60,5.13,10.3,18,37,15,938,36,14,12,62,7.423780854,114,148,15.89602112,10.33968196,6.984658697,7.890065207,487,18,6,4,28,451,18,8,8,34,515,485,91,57,80,34
47,1000,60,5.13,10.3,18,37,97,962,26,8,4,38,7.609354767,354,423,239.2090864,168.6819877,9.770866536,5.277079074,491,18,7,3,28,471,8,1,1,10,519,481,400,23,344,10
46,1000,60,5.13,10.3,18,37,104,947,31,10,12,53,7.394674051,440,486,821.6195273,683.0713661,11.10441689,4.091670501,423,27,10,11,48,524,4,0,1,5,471,529,465,21,432,8
50,1000,60,5.13,10.3,18,37,11,949,26,10,15,51,7.145721171,106,163,15.80030333,9.683726358,6.957496206,7.329482302,470,15,3,6,24,479,11,7,9,27,494,506,99,64,76,30
48,1000,60,5.13,10.3,18,37,34,963,17,12,8,37,7.403546454,135,194,19.45753112,13.01005277,7.159890216,7.630269054,466,8,4,4,16,497,9,8,4,21,482,518,152,42,114,21
49,1000,60,5.13,10.3,18,37,16,939,36,13,12,61,7.433543263,116,172,15.99889227,10.44961689,7.037757423,7.853810702,487,18,5,5,28,452,18,8,7,33,515,485,112,60,90,26
47,1000,60,5.13,10.3,18,37,98,962,26,8,4,38,7.592242855,366,421,251.974855,178.6082092,9.815545188,5.193295016,491,18,7,3,28,471,8,1,1,10,519,481,408,13,354,12
50,1000,60,5.13,10.3,18,37,12,949,26,9,16,51,7.150156978,101,175,15.85525068,9.736684857,6.938875588,7.356427742,470,15,3,6,24,479,11,6,10,27,494,506,112,63,72,29
49,1000,60,5.13,10.3,18,37,17,941,35,12,12,59,7.442056118,104,146,16.10849292,10.56413313,7.050269608,7.858076844,487,18,5,5,28,454,17,7,7,31,515,485,93,53,75,29
47,1000,60,5.13,10.3,18,37,99,962,26,8,4,38,7.558846068,368,415,268.5035881,190.6842295,9.834495664,5.103415422,491,18,7,3,28,471,8,1,1,10,519,481,401,14,355,13
48,1000,60,5.13,10.3,18,37,35,962,19,11,8,38,7.407188358,140,201,19.74003707,13.25237885,7.213771265,7.587163336,465,9,4,4,17,497,10,7,4,21,482,518,163,38,121,19
50,1000,60,5.13,10.3,18,37,13,948,26,10,16,52,7.177457624,86,166,15.95381422,9.822141434,6.98017518,7.370061432,469,15,4,6,25,479,11,6,10,27,494,506,107,59,60,26
47,1000,60,5.13,10.3,18,37,100,959,29,8,4,41,7.592696934,375,426,283.5785547,200.6341641,9.917957481,5.083735969,489,20,7,3,30,470,9,1,1,11,519,481,408,18,365,10
49,1000,60,5.13,10.3,18,37,18,942,35,12,11,58,7.427812848,98,177,16.2110694,10.6634127,7.057571017,7.820956237,487,18,5,5,28,455,17,7,6,30,515,485,116,61,72,26
48,1000,60,5.13,10.3,18,37,36,964,19,10,7,36,7.401476051,112,216,20.035707,13.50387424,7.236926094,7.554590104,465,9,4,4,17,499,10,6,3,19,482,518,173,43,101,11
50,1000,60,5.13,10.3,18,37,14,949,26,9,16,51,7.179285455,94,166,16.0608574,9.925293032,6.988758361,7.36529412,469,15,4,6,25,480,11,5,10,26,494,506,100,66,64,30
47,1000,60,5.13,10.3,18,37,101,959,27,10,4,41,7.612481624,361,431,296.3342142,208.8805728,9.976820314,5.061355262,489,19,8,3,30,470,8,2,1,11,519,481,416,15,354,7
49,1000,60,5.13,10.3,18,37,19,946,34,11,9,54,7.41861135,125,162,16.36673529,10.80191409,7.041560041,7.818985421,488,18,5,4,27,458,16,6,5,27,515,485,120,42,99,26
50,1000,60,5.13,10.3,18,37,15,951,25,8,16,49,7.176860343,103,177,16.18780859,10.04782361,7.034596106,7.315750724,469,15,4,6,25,482,10,4,10,24,494,506,119,58,75,28
48,1000,60,5.13,10.3,18,37,37,966,17,10,7,34,7.395775039,129,218,20.46849376,13.90289952,7.252509384,7.529084008,466,8,4,4,16,500,9,6,3,18,482,518,171,47,112,17
47,1000,60,5.13,10.3,18,37,102,959,28,10,3,41,7.588662264,375,433,308.6257532,217.1292144,9.994231522,4.993048034,488,21,8,2,31,471,7,2,1,10,519,481,414,19,364,11
49,1000,60,5.13,10.3,18,37,20,945,36,11,8,55,7.468262136,120,154,16.47187206,10.88636858,7.120390521,7.837651584,487,19,5,4,28,458,17,6,4,27,515,485,107,47,93,27
50,1000,60,5.13,10.3,18,37,16,953,23,7,17,47,7.18150924,112,181,16.29872941,10.18594581,7.026046879,7.333284746,470,14,4,6,24,483,9,3,11,23,494,506,115,66,88,24
48,1000,60,5.13,10.3,18,37,38,966,17,10,7,34,7.399133122,124,205,20.82001397,14.23439168,7.281315237,7.50876289,466,8,4,4,16,500,9,6,3,18,482,518,168,37,111,13
47,1000,60,5.13,10.3,18,37,103,957,30,10,3,43,7.63306253,380,421,317.5189132,223.3663526,10.08903219,4.983066158,486,23,8,2,33,471,7,2,1,10,519,481,406,15,372,8
49,1000,60,5.13,10.3,18,37,21,945,36,11,8,55,7.471788976,99,162,16.63343338,11.01675524,7.1458742,7.81786343,486,20,5,4,29,459,16,6,4,26,515,485,106,56,74,25
50,1000,60,5.13,10.3,18,37,17,954,23,6,17,46,7.193366773,107,173,16.41472429,10.2881322,7.04487828,7.338333801,470,14,4,6,24,484,9,2,11,22,494,506,123,50,77,30
48,1000,60,5.13,10.3,18,37,39,968,15,9,8,32,7.404301456,149,215,21.16044356,14.49166481,7.315966703,7.486497114,466,8,3,5,16,502,7,6,3,16,482,518,175,40,130,19
47,1000,60,5.13,10.3,18,37,104,959,28,10,3,41,7.626375365,370,437,329.4252938,231.8421106,10.13126006,4.923599567,486,23,8,2,33,473,5,2,1,8,519,481,420,17,361,9
50,1000,60,5.13,10.3,18,37,18,954,23,6,17,46,7.186069951,112,168,16.55225782,10.40003383,7.065478228,7.303801791,470,14,4,6,24,484,9,2,11,22,494,506,115,53,88,24
49,1000,60,5.13,10.3,18,37,22,945,36,11,8,55,7.476135405,104,178,16.77507438,11.11940821,7.150663664,7.821739418,486,20,5,4,29,459,16,6,4,26,515,485,132,46,80,24
48,1000,60,5.13,10.3,18,37,40,969,16,7,8,31,7.414506607,157,202,21.44426774,14.74733638,7.365566133,7.460045813,466,8,3,5,16,503,8,4,3,15,482,518,167,35,142,15
50,1000,60,5.13,10.3,18,37,19,952,24,7,17,48,7.193287139,119,152,16.68796601,10.50500181,7.086874064,7.297176583,469,14,5,6,25,483,10,2,11,23,494,506,105,47,86,33
49,1000,60,5.13,10.3,18,37,23,944,37,11,8,56,7.467898027,128,159,16.95048806,11.29412195,7.168518955,7.785795393,486,20,5,4,29,458,17,6,4,27,515,485,114,45,99,29
50,1000,60,5.13,10.3,18,37,20,952,25,6,17,48,7.195379132,108,143,16.81388473,10.62914808,7.125262597,7.263832825,468,15,5,6,26,484,10,1,11,22,494,506,95,48,91,17
49,1000,60,5.13,10.3,18,37,24,944,37,11,8,56,7.472948221,114,166,17.12928907,11.47187713,7.152101662,7.81364096,486,20,5,4,29,458,17,6,4,27,515,485,111,55,88,26
48,1000,60,5.13,10.3,18,37,41,969,17,6,8,31,7.428133628,166,225,21.87467343,15.05992713,7.442823274,7.414464884,466,8,3,5,16,503,9,3,3,15,482,518,184,41,143,23
50,1000,60,5.13,10.3,18,37,21,952,25,6,17,48,7.203640487,111,177,16.8848732,10.7061361,7.120051083,7.285247533,469,14,5,6,25,483,11,1,11,23,494,506,123,54,84,27
48,1000,60,5.13,10.3,18,37,42,969,17,6,8,31,7.436844163,139,240,22.31215421,15.42364769,7.453928669,7.420946998,466,8,3,5,16,503,9,3,3,15,482,518,200,40,119,20
49,1000,60,5.13,10.3,18,37,25,946,37,8,9,54,7.460660223,126,153,17.32499716,11.6330264,7.196262793,7.741412133,485,21,4,5,30,461,16,4,4,24,515,485,115,38,99,27
50,1000,60,5.13,10.3,18,37,22,951,26,6,17,49,7.259005195,133,176,17.05103059,10.84702671,7.179782496,7.336349094,469,14,5,6,25,482,12,1,11,24,494,506,131,45,102,31
49,1000,60,5.13,10.3,18,37,26,947,36,8,9,53,7.489384268,119,176,17.49860643,11.77456172,7.239661218,7.754554105,485,21,4,5,30,462,15,4,4,23,515,485,133,43,97,22
48,1000,60,5.13,10.3,18,37,43,969,17,6,8,31,7.438122913,148,196,22.74836557,15.77043368,7.502109258,7.378583496,466,8,3,5,16,503,9,3,3,15,482,518,164,32,130,18
50,1000,60,5.13,10.3,18,37,23,952,25,6,17,48,7.270905385,117,162,17.20576887,10.97258998,7.200859919,7.339289695,469,14,5,6,25,483,11,1,11,23,494,506,107,55,93,24
49,1000,60,5.13,10.3,18,37,27,948,38,6,8,52,7.514684265,128,178,17.68172709,11.91992756,7.25541027,7.789995827,486,22,3,4,29,462,16,3,4,23,515,485,135,43,103,25
48,1000,60,5.13,10.3,18,37,44,969,17,6,8,31,7.44622022,167,223,23.15923494,16.06012433,7.546197045,7.353191591,466,8,3,5,16,503,9,3,3,15,482,518,180,43,153,14
50,1000,60,5.13,10.3,18,37,24,950,27,6,17,50,7.297124086,105,177,17.39785856,11.1147343,7.209398945,7.382768789,469,14,5,6,25,481,13,1,11,25,494,506,135,42,85,20
49,1000,60,5.13,10.3,18,37,28,950,36,6,8,50,7.51908355,114,184,17.87730944,12.06153956,7.290381991,7.761931597,486,22,3,4,29,464,14,3,4,21,515,485,140,44,91,23
48,1000,60,5.13,10.3,18,37,45,967,19,6,8,33,7.468612866,157,229,23.62015017,16.41326291,7.600464007,7.345925124,464,10,3,5,18,503,9,3,3,15,482,518,197,32,144,13
50,1000,60,5.13,10.3,18,37,25,951,26,6,17,49,7.335182531,117,160,17.5703338,11.26694684,7.286603865,7.382609135,469,14,5,6,25,482,12,1,11,24,494,506,120,40,96,21
49,1000,60,5.13,10.3,18,37,29,950,36,6,8,50,7.583252953,126,160,18.08139554,12.23362098,7.385319758,7.793429439,486,22,3,4,29,464,14,3,4,21,515,485,126,34,102,24
48,1000,60,5.13,10.3,18,37,46,967,19,5,9,33,7.504747909,161,242,24.20460012,16.80885635,7.663497515,7.357031093,464,10,3,5,18,503,9,2,4,15,482,518,205,37,148,13
50,1000,60,5.13,10.3,18,37,26,950,27,6,17,50,7.347224742,115,181,17.74687394,11.40362505,7.323176976,7.370702205,469,14,5,6,25,481,13,1,11,25,494,506,128,53,92,23
49,1000,60,5.13,10.3,18,37,30,949,37,6,8,51,7.618429431,115,187,18.39154762,12.50077209,7.440240204,7.807640672,485,23,3,4,30,464,14,3,4,21,515,485,130,57,91,24
48,1000,60,5.13,10.3,18,37,47,964,22,5,9,36,7.522030527,150,227,24.85942209,17.30393443,7.72042744,7.337421815,462,12,3,5,20,502,10,2,4,16,482,518,199,28,136,14
50,1000,60,5.13,10.3,18,37,27,950,27,6,17,50,7.397366369,124,171,17.93802067,11.54838959,7.363935908,7.430004013,469,14,5,6,25,481,13,1,11,25,494,506,131,40,99,25
49,1000,60,5.13,10.3,18,37,31,950,36,6,8,50,7.658140325,123,176,18.6134585,12.67792154,7.510058746,7.81538159,485,23,3,4,30,465,13,3,4,20,515,485,132,44,104,19
48,1000,60,5.13,10.3,18,37,48,964,23,5,8,36,7.535000449,165,287,25.38689869,17.72925973,7.752236715,7.332861683,462,12,3,5,20,502,11,2,3,16,482,518,235,52,151,14
50,1000,60,5.13,10.3,18,37,28,951,26,6,17,49,7.39166656,137,175,18.15604525,11.72860122,7.359459467,7.423109848,470,13,5,6,24,481,13,1,11,25,494,506,131,44,105,32
49,1000,60,5.13,10.3,18,37,32,949,37,6,8,51,7.691584273,120,192,18.75990554,12.82094239,7.552047951,7.839751708,485,23,3,4,30,464,14,3,4,21,515,485,154,38,98,22
48,1000,60,5.13,10.3,18,37,49,964,23,5,8,36,7.568674268,164,248,26.1425123,18.32916693,7.805932362,7.347905154,462,12,3,5,20,502,11,2,3,16,482,518,207,41,149,15
50,1000,60,5.13,10.3,18,37,29,950,27,6,17,50,7.425283846,120,175,18.39403881,11.93623048,7.460103089,7.391290355,469,14,5,6,25,481,13,1,11,25,494,506,132,43,93,27
49,1000,60,5.13,10.3,18,37,33,949,37,6,8,51,7.723326821,122,196,19.00956986,13.01822518,7.62284786,7.830020975,485,23,3,4,30,464,14,3,4,21,515,485,136,60,104,18
50,1000,60,5.13,10.3,18,37,30,951,26,6,17,49,7.42266233,119,195,18.68830585,12.21433843,7.440447692,7.405298755,470,13,5,6,24,481,13,1,11,25,494,506,150,45,98,21
48,1000,60,5.13,10.3,18,37,50,963,25,5,7,37,7.571482039,167,245,26.94304397,18.97598949,7.863409651,7.299842834,460,14,3,5,22,503,11,2,2,15,482,518,206,39,152,15
49,1000,60,5.13,10.3,18,37,34,950,38,5,7,50,7.701028551,144,199,19.18826634,13.20319391,7.602193345,7.805977276,486,23,2,4,29,464,15,3,3,21,515,485,153,46,118,26
50,1000,60,5.13,10.3,18,37,31,952,25,6,17,48,7.41709299,119,202,19.02512249,12.48253724,7.482044372,7.353681957,470,13,5,6,24,482,12,1,11,24,494,506,158,44,97,22
48,1000,60,5.13,10.3,18,37,51,963,25,5,7,37,7.550528394,185,254,27.70636428,19.54605181,7.890485166,7.234197961,460,14,3,5,22,503,11,2,2,15,482,518,214,40,170,15
49,1000,60,5.13,10.3,18,37,35,952,36,5,7,48,7.693919148,148,200,19.43110381,13.34956996,7.653012218,7.737356405,487,22,2,4,28,465,14,3,3,20,515,485,147,53,120,28
50,1000,60,5.13,10.3,18,37,32,952,24,7,17,48,7.465697951,120,190,19.19820773,12.61323727,7.552314514,7.381135536,470,13,5,6,24,482,11,2,11,24,494,506,146,44,95,25
49,1000,60,5.13,10.3,18,37,36,954,34,5,7,46,7.696129844,130,196,19.65178781,13.54469611,7.675350933,7.718194048,487,22,2,4,28,467,12,3,3,18,515,485,158,38,114,16
48,1000,60,5.13,10.3,18,37,52,963,24,6,7,37,7.541342466,177,250,28.50281484,20.15278816,7.926559181,7.18289757,460,14,3,5,22,503,10,3,2,15,482,518,218,32,167,10
50,1000,60,5.13,10.3,18,37,33,953,23,7,17,47,7.451705593,130,199,19.44560336,12.8617683,7.600780363,7.306166193,470,13,5,6,24,483,10,2,11,23,494,506,160,39,103,27
49,1000,60,5.13,10.3,18,37,37,954,34,5,7,46,7.725045226,146,217,20.01934847,13.83463574,7.745074467,7.703777062,487,22,2,4,28,467,12,3,3,18,515,485,164,53,125,21
48,1000,60,5.13,10.3,18,37,53,964,22,7,7,36,7.522625799,179,276,29.52469487,21.00117304,7.914121624,7.158338178,461,13,3,5,21,503,9,4,2,15,482,518,238,38,164,15
50,1000,60,5.13,10.3,18,37,34,953,24,7,16,47,7.444340003,138,177,19.6729835,13.02601478,7.626277298,7.266717425,470,13,5,6,24,483,11,2,10,23,494,506,135,42,113,25
49,1000,60,5.13,10.3,18,37,38,955,32,6,7,45,7.704251957,162,198,20.37316806,14.12091027,7.760693355,7.644319338,487,20,4,4,28,468,12,2,3,17,515,485,161,37,134,28
48,1000,60,5.13,10.3,18,37,54,963,23,7,7,37,7.561106717,186,274,30.30161659,21.62352434,7.994395542,7.157930629,461,13,3,5,21,502,10,4,2,16,482,518,236,38,171,15
50,1000,60,5.13,10.3,18,37,35,953,24,7,16,47,7.465153465,130,180,20.00611556,13.27271991,7.669361785,7.265788031,470,13,5,6,24,483,11,2,10,23,494,506,138,42,111,19
49,1000,60,5.13,10.3,18,37,39,955,32,6,7,45,7.701362123,137,183,20.68717365,14.37986753,7.757940949,7.641283577,487,20,4,4,28,468,12,2,3,17,515,485,152,31,112,25
48,1000,60,5.13,10.3,18,37,55,964,21,8,7,36,7.58671736,204,271,31.24980933,22.38403189,8.062096933,7.14437575,461,12,4,5,21,503,9,4,2,15,482,518,242,29,185,19
50,1000,60,5.13,10.3,18,37,36,953,24,6,17,47,7.494590092,134,210,20.33203398,13.51678745,7.723974836,7.270645302,470,13,4,7,24,483,11,2,10,23,494,506,155,55,114,20
49,1000,60,5.13,10.3,18,37,40,956,31,5,8,44,7.707416544,130,220,21.06817107,14.66439261,7.76239423,7.649038176,488,19,3,5,27,468,12,2,3,17,515,485,180,40,117,13
48,1000,60,5.13,10.3,18,37,56,964,21,8,7,36,7.550391751,206,279,32.48387368,23.39839531,8.057414832,7.078605795,461,12,4,5,21,503,9,4,2,15,482,518,248,31,186,20
50,1000,60,5.13,10.3,18,37,37,957,21,6,16,43,7.456374867,148,216,20.74698321,13.83647977,7.718655977,7.200313862,471,12,4,7,23,486,9,2,9,20,494,506,163,53,124,24
49,1000,60,5.13,10.3,18,37,41,956,31,5,8,44,7.71653683,138,202,21.44799016,14.95541893,7.798494998,7.629509084,488,19,3,5,27,468,12,2,3,17,515,485,165,37,120,18
50,1000,60,5.13,10.3,18,37,38,958,20,6,16,42,7.457591413,133,217,21.14484633,14.14820496,7.731963216,7.18972645,471,12,4,7,23,487,8,2,9,19,494,506,175,42,118,15
48,1000,60,5.13,10.3,18,37,57,964,21,8,7,36,7.541756908,205,277,33.8711289,24.60271825,8.091906964,7.029841219,460,13,4,5,22,504,8,4,2,14,482,518,255,22,188,17
49,1000,60,5.13,10.3,18,37,42,954,33,5,8,46,7.71780998,150,227,22.03697691,15.39470932,7.870990682,7.555154183,486,21,3,5,29,468,12,2,3,17,515,485,185,42,128,22
50,1000,60,5.13,10.3,18,37,39,958,20,6,16,42,7.468445862,152,200,21.46222266,14.42187461,7.765257253,7.178673476,471,12,4,7,23,487,8,2,9,19,494,506,154,46,131,21
48,1000,60,5.13,10.3,18,37,58,963,22,8,7,37,7.541925538,197,301,35.0925334,25.6933244,8.121579665,7.002556255,460,13,4,5,22,503,9,4,2,15,482,518,266,35,182,15
49,1000,60,5.13,10.3,18,37,43,954,33,5,8,46,7.741824908,125,213,22.5964073,15.83199015,7.890717515,7.583722449,486,21,3,5,29,468,12,2,3,17,515,485,168,45,111,14
50,1000,60,5.13,10.3,18,37,40,959,21,5,15,41,7.449278902,130,196,21.93498167,14.74520689,7.782768665,7.123697987,470,13,4,7,24,489,8,1,8,17,494,506,170,26,108,22
48,1000,60,5.13,10.3,18,37,59,963,21,9,7,37,7.585230269,214,282,36.43137707,26.7177282,8.172670321,7.038616167,460,13,4,5,22,503,8,5,2,15,482,518,252,30,202,12
49,1000,60,5.13,10.3,18,37,44,952,35,5,8,48,7.764113479,143,216,23.01852474,16.13890487,7.940161661,7.577175719,484,23,3,5,31,468,12,2,3,17,515,485,184,32,129,14
50,1000,60,5.13,10.3,18,37,41,959,21,5,15,41,7.446926893,144,239,22.53948831,15.15453842,7.805853181,7.096512691,470,13,4,7,24,489,8,1,8,17,494,506,194,45,127,17
49,1000,60,5.13,10.3,18,37,45,954,34,4,8,46,7.760269224,152,221,23.5429703,16.60431239,7.978277388,7.52877602,484,23,3,5,31,470,11,1,3,15,515,485,180,41,127,25
48,1000,60,5.13,10.3,18,37,60,963,21,9,7,37,7.55894268,214,306,37.41882196,27.45319775,8.171762209,6.988712926,460,13,4,5,22,503,8,5,2,15,482,518,276,30,197,17
50,1000,60,5.13,10.3,18,37,42,958,22,5,15,42,7.450826157,163,213,23.05391951,15.50555153,7.823958643,7.086542662,470,13,4,7,24,488,9,1,8,18,494,506,178,35,134,29
49,1000,60,5.13,10.3,18,37,46,955,33,4,8,45,7.76340765,159,232,24.24001909,17.21779934,7.989046383,7.523811883,485,22,3,5,30,470,11,1,3,15,515,485,198,34,138,21
48,1000,60,5.13,10.3,18,37,61,963,21,9,7,37,7.568889077,219,288,38.98652042,28.68045886,8.236109208,6.948039457,460,13,4,5,22,503,8,5,2,15,482,518,264,24,204,15
50,1000,60,5.13,10.3,18,37,43,958,20,8,14,42,7.445456347,166,224,23.72142392,15.97773375,7.875082688,7.026018773,469,12,6,7,25,489,8,2,7,17,494,506,189,35,142,24
49,1000,60,5.13,10.3,18,37,47,955,33,4,8,45,7.781691241,171,221,24.98671336,17.78969362,8.061972387,7.484073116,484,23,3,5,31,471,10,1,3,14,515,485,179,42,141,30
48,1000,60,5.13,10.3,18,37,62,963,21,8,8,37,7.59341905,231,312,40.87525421,30.24821716,8.269674617,6.964161939,460,13,3,6,22,503,8,5,2,15,482,518,286,26,217,14
50,1000,60,5.13,10.3,18,37,44,957,21,8,14,43,7.446010139,162,235,24.36590637,16.4491847,7.917365209,6.985833451,468,13,6,7,26,489,8,2,7,17,494,506,188,47,138,24
49,1000,60,5.13,10.3,18,37,48,954,34,4,8,46,7.765734692,166,239,25.94936063,18.51357084,8.051861626,7.461909184,484,23,3,5,31,470,11,1,3,15,515,485,200,39,144,22
50,1000,60,5.13,10.3,18,37,45,956,22,8,14,44,7.481276926,155,234,25.00653378,16.85833902,7.950430958,7.023249076,468,13,6,7,26,488,9,2,7,18,494,506,195,39,135,20
48,1000,60,5.13,10.3,18,37,63,963,21,8,8,37,7.597975249,240,311,42.28811547,31.43125031,8.309543307,6.935859798,460,13,3,6,22,503,8,5,2,15,482,518,282,29,218,22
49,1000,60,5.13,10.3,18,37,49,953,34,5,8,47,7.771654189,146,216,26.6937207,19.12766024,8.089778443,7.433852147,484,23,3,5,31,469,11,2,3,16,515,485,186,30,132,14
50,1000,60,5.13,10.3,18,37,46,957,20,9,14,43,7.467952632,145,227,25.79236629,17.35365219,7.963311343,6.984341559,469,11,7,7,25,488,9,2,7,18,494,506,188,39,134,11
48,1000,60,5.13,10.3,18,37,64,964,20,8,8,36,7.615583366,226,299,44.0002098,32.62305983,8.356097564,6.926533476,461,12,3,6,21,503,8,5,2,15,482,518,282,17,215,11
49,1000,60,5.13,10.3,18,37,50,953,35,4,8,47,7.784558982,180,218,27.40580758,19.81046221,8.12452538,7.423563735,484,23,2,6,31,469,12,2,2,16,515,485,189,29,161,19
50,1000,60,5.13,10.3,18,37,47,957,19,10,14,43,7.479835136,155,227,26.74058467,17.99757229,7.998486638,6.97348367,469,10,8,7,25,488,9,2,7,18,494,506,190,37,137,18
49,1000,60,5.13,10.3,18,37,51,953,35,4,8,47,7.792702422,164,249,28.32516395,20.49768276,8.134900229,7.429337741,484,23,2,6,31,469,12,2,2,16,515,485,199,50,145,19
48,1000,60,5.13,10.3,18,37,65,965,20,5,10,35,7.601795185,244,320,45.71825511,33.69884693,8.406280673,6.853219886,461,12,2,7,21,504,8,3,3,14,482,518,301,19,222,22
50,1000,60,5.13,10.3,18,37,48,957,18,12,13,43,7.498822802,170,244,27.43174918,18.45930697,8.041387169,6.969125574,469,10,8,7,25,488,8,4,6,18,494,506,205,39,143,27
49,1000,60,5.13,10.3,18,37,52,956,33,3,8,44,7.751031819,188,235,29.07481561,21.08037565,8.122110451,7.356999869,485,22,2,6,30,471,11,1,2,14,515,485,200,35,171,17
48,1000,60,5.13,10.3,18,37,66,967,19,5,9,33,7.61511339,234,328,48.27730922,35.77090682,8.485672466,6.805056489,461,12,2,7,21,506,7,3,2,12,482,518,296,32,218,16
50,1000,60,5.13,10.3,18,37,49,958,18,11,13,42,7.490150952,150,241,28.29686556,19.09907185,8.057649315,6.936111049,469,10,8,7,25,489,8,3,6,17,494,506,208,33,136,14
49,1000,60,5.13,10.3,18,37,53,956,32,4,8,44,7.75394203,174,239,29.78751069,21.64214813,8.154806016,7.328282334,485,21,3,6,30,471,11,1,2,14,515,485,203,36,158,16
48,1000,60,5.13,10.3,18,37,67,966,20,5,9,34,7.635697684,247,361,50.93821414,38.1391038,8.529938736,6.803604658,461,12,2,7,21,505,8,3,2,13,482,518,323,38,234,13
50,1000,60,5.13,10.3,18,37,50,958,18,11,13,42,7.525430186,169,248,29.49664337,19.88047617,8.162656616,6.903315844,469,10,8,7,25,489,8,3,6,17,494,506,214,34,155,14
49,1000,60,5.13,10.3,18,37,54,956,30,6,8,44,7.765075372,180,248,30.67400924,22.23349312,8.209204354,7.293474494,485,20,4,6,30,471,10,2,2,14,515,485,209,39,159,21
50,1000,60,5.13,10.3,18,37,51,956,20,11,13,44,7.583606612,165,226,30.32089985,20.41756937,8.24914033,6.933856302,468,11,8,7,26,488,9,3,6,18,494,506,199,27,150,15
48,1000,60,5.13,10.3,18,37,68,966,20,4,10,34,7.607699845,254,349,54.04466107,40.52551849,8.535842061,6.74406172,461,12,1,8,21,505,8,3,2,13,482,518,318,31,243,11
49,1000,60,5.13,10.3,18,37,55,957,28,7,8,43,7.777894735,181,262,31.47130608,22.77360506,8.28169541,7.242931132,485,19,5,6,30,472,9,2,2,13,515,485,227,35,162,19
50,1000,60,5.13,10.3,18,37,52,956,21,11,12,44,7.584895395,188,270,31.37616385,21.11840043,8.317188254,6.869969165,467,12,8,7,27,489,9,3,5,17,494,506,231,39,162,26
48,1000,60,5.13,10.3,18,37,69,964,21,5,10,36,7.649890157,243,336,56.50572412,42.5744988,8.596844793,6.76874704,460,13,1,8,22,504,8,4,2,14,482,518,312,24,233,10
49,1000,60,5.13,10.3,18,37,56,957,28,7,8,43,7.794720855,171,254,32.53307672,23.63117836,8.341687282,7.213921454,485,19,5,6,30,472,9,2,2,13,515,485,219,35,152,19
50,1000,60,5.13,10.3,18,37,53,956,21,11,12,44,7.576492873,186,242,32.60845791,21.9922428,8.378973354,6.793043549,467,12,8,7,27,489,9,3,5,17,494,506,213,29,174,12
48,1000,60,5.13,10.3,18,37,70,965,21,4,10,35,7.631518955,254,358,59.82989868,45.67812581,8.624328557,6.707707704,460,13,1,8,22,505,8,3,2,13,482,518,329,29,242,12
49,1000,60,5.13,10.3,18,37,57,958,27,7,8,42,7.787703078,197,257,34.17174739,24.74475036,8.399416205,7.138152025,485,19,5,6,30,473,8,2,2,12,515,485,228,29,187,10
50,1000,60,5.13,10.3,18,37,54,955,22,10,13,45,7.607681685,182,270,33.73598576,22.76558078,8.434542346,6.800430368,466,13,7,8,28,489,9,3,5,17,494,506,237,33,172,10
48,1000,60,5.13,10.3,18,37,71,965,21,4,10,35,7.647822832,256,366,63.19019306,48.61677208,8.716609692,6.653314596,460,13,1,8,22,505,8,3,2,13,482,518,340,26,240,16
49,1000,60,5.13,10.3,18,37,58,959,26,7,8,41,7.764664538,202,240,35.31308613,25.53579969,8.445831813,7.041363205,485,19,5,6,30,474,7,2,2,11,515,485,220,20,179,23
50,1000,60,5.13,10.3,18,37,55,955,23,10,12,45,7.550628255,208,260,35.17738092,23.81240593,8.416278105,6.70550765,465,14,7,8,29,490,9,3,4,16,494,506,226,34,183,25
49,1000,60,5.13,10.3,18,37,59,959,25,8,8,41,7.786500922,185,255,36.86405648,26.55398291,8.496547395,7.032534049,485,18,6,6,30,474,7,2,2,11,515,485,225,30,172,13
48,1000,60,5.13,10.3,18,37,72,963,23,4,10,37,7.677282322,285,358,65.84303795,50.42500656,8.787459039,6.644260744,459,14,1,8,23,504,9,3,2,14,482,518,332,26,270,15
50,1000,60,5.13,10.3,18,37,56,953,24,11,12,47,7.575242021,192,266,36.46840932,24.71879633,8.506633241,6.66593913,463,16,7,8,31,490,8,4,4,16,494,506,234,32,181,11
49,1000,60,5.13,10.3,18,37,60,959,26,8,7,41,7.774740275,189,261,38.54050074,27.6668557,8.454185293,7.053267729,485,19,6,5,30,474,7,2,2,11,515,485,229,32,170,19
48,1000,60,5.13,10.3,18,37,73,962,25,4,9,38,7.648993614,275,349,69.09371955,52.7362882,8.821761395,6.55773093,458,15,1,8,24,504,10,3,1,14,482,518,323,26,268,7
50,1000,60,5.13,10.3,18,37,57,955,21,12,12,45,7.565442557,216,264,37.62966594,25.69664451,8.565735793,6.588871689,463,16,7,8,31,492,5,5,4,14,494,506,230,34,191,25
49,1000,60,5.13,10.3,18,37,61,958,26,9,7,42,7.808756691,212,261,39.99695627,28.60508586,8.519665532,7.053874107,485,19,6,5,30,473,7,3,2,12,515,485,234,27,185,27
48,1000,60,5.13,10.3,18,37,74,963,24,4,9,37,7.646077458,274,361,72.3358164,55.07631413,8.861302029,6.515308649,458,15,1,8,24,505,9,3,1,13,482,518,340,21,259,15
50,1000,60,5.13,10.3,18,37,58,956,21,11,12,44,7.555185107,203,280,39.00038351,26.72360584,8.612760112,6.522690931,463,16,7,8,31,493,5,4,4,13,494,506,259,21,189,14
49,1000,60,5.13,10.3,18,37,62,957,26,10,7,43,7.785607036,210,284,41.77869316,29.78248559,8.563286998,6.959823159,484,19,7,5,31,473,7,3,2,12,515,485,246,38,196,14
48,1000,60,5.13,10.3,18,37,75,965,23,3,9,35,7.630157755,297,370,75.66351003,57.48561413,8.895426021,6.45282319,458,15,1,8,24,507,8,2,1,11,482,518,341,29,289,8
50,1000,60,5.13,10.3,18,37,59,955,22,11,12,45,7.565571232,214,283,40.90919882,28.39974392,8.663515274,6.493665389,462,17,7,8,32,493,5,4,4,13,494,506,251,32,196,18
49,1000,60,5.13,10.3,18,37,63,957,26,10,7,43,7.792442251,227,278,43.37320977,31.0888335,8.608662282,6.925734383,484,19,7,5,31,473,7,3,2,12,515,485,249,29,212,15
48,1000,60,5.13,10.3,18,37,76,963,25,3,9,37,7.600159864,303,376,79.91500147,61.01178113,8.924073201,6.368255949,457,16,1,8,25,506,9,2,1,12,482,518,355,21,283,20
50,1000,60,5.13,10.3,18,37,60,956,22,11,11,44,7.543797791,215,297,42.27448754,29.41949797,8.679361726,6.435164226,462,17,7,8,32,494,5,4,3,12,494,506,267,30,199,16
49,1000,60,5.13,10.3,18,37,64,957,26,10,7,43,7.805972776,217,277,45.65326307,32.97094263,8.640075487,6.920276084,484,19,7,5,31,473,7,3,2,12,515,485,249,28,201,16
48,1000,60,5.13,10.3,18,37,77,963,25,3,9,37,7.571453141,290,372,83.02373388,63.3241117,8.945204745,6.293174622,456,17,1,8,26,507,8,2,1,11,482,518,349,23,280,10
50,1000,60,5.13,10.3,18,37,61,958,22,9,11,42,7.536013846,220,289,44.45315856,31.17281984,8.689501454,6.409881677,462,17,7,8,32,496,5,2,3,10,494,506,261,28,200,20
49,1000,60,5.13,10.3,18,37,65,957,26,10,7,43,7.830589038,223,296,47.52168718,34.56470351,8.688739698,6.919356894,484,19,7,5,31,473,7,3,2,12,515,485,259,37,205,18
50,1000,60,5.13,10.3,18,37,62,958,22,9,11,42,7.516964302,203,279,46.62375622,32.88546633,8.741961286,6.321018629,462,17,7,8,32,496,5,2,3,10,494,506,260,19,192,11
48,1000,60,5.13,10.3,18,37,78,963,25,3,9,37,7.558741204,293,388,87.16412901,67.12933552,8.974378108,6.241488331,456,17,1,8,26,507,8,2,1,11,482,518,360,28,280,13
49,1000,60,5.13,10.3,18,37,66,957,26,10,7,43,7.80957868,206,284,49.08312205,35.56265444,8.717497643,6.845499782,484,19,7,5,31,473,7,3,2,12,515,485,254,30,199,7
50,1000,60,5.13,10.3,18,37,63,958,22,9,11,42,7.511445781,217,286,48.82432888,34.67628069,8.801890526,6.251604468,462,17,7,8,32,496,5,2,3,10,494,506,259,27,202,15
48,1000,60,5.13,10.3,18,37,79,963,25,3,9,37,7.538608239,338,395,90.70397761,69.57427974,9.02120097,6.159052841,456,17,1,8,26,507,8,2,1,11,482,518,376,19,319,19
49,1000,60,5.13,10.3,18,37,67,957,26,10,7,43,7.798757564,231,279,50.88504954,36.81250023,8.733631639,6.806056226,484,19,7,5,31,473,7,3,2,12,515,485,254,25,219,12
50,1000,60,5.13,10.3,18,37,64,959,21,9,11,41,7.502560417,226,298,52.01883438,37.02182739,8.846549184,6.190444902,462,17,7,8,32,497,4,2,3,9,494,506,275,23,204,22
48,1000,60,5.13,10.3,18,37,80,963,24,4,9,37,7.529095033,323,402,93.79030287,71.66341542,9.068281997,6.096878593,456,16,2,8,26,507,8,2,1,11,482,518,379,23,315,8
49,1000,60,5.13,10.3,18,37,68,958,24,11,7,42,7.822104981,227,280,52.43036555,37.84806112,8.786512369,6.798043527,484,18,8,5,31,474,6,3,2,11,515,485,255,25,214,13
50,1000,60,5.13,10.3,18,37,65,957,23,9,11,43,7.501529602,221,323,55.2105184,39.26936715,8.90082559,6.135418498,461,18,7,8,33,496,5,2,3,10,494,506,298,25,208,13
48,1000,60,5.13,10.3,18,37,81,963,23,5,9,37,7.537548353,333,396,98.23695103,74.69428757,9.109103465,6.075213287,456,16,2,8,26,507,7,3,1,11,482,518,369,27,319,14
49,1000,60,5.13,10.3,18,37,69,956,25,12,7,44,7.857722448,232,291,54.34026007,39.13993973,8.837592829,6.817241528,484,17,9,5,31,472,8,3,2,13,515,485,268,23,218,14
50,1000,60,5.13,10.3,18,37,66,957,24,9,10,43,7.496995243,228,327,57.55591355,41.00275212,8.965277992,6.063533429,460,20,7,7,34,497,4,2,3,9,494,506,303,24,216,12
49,1000,60,5.13,10.3,18,37,70,956,25,12,7,44,7.821952958,227,314,56.60050017,40.85368217,8.846702182,6.733817184,484,17,9,5,31,472,8,3,2,13,515,485,286,28,216,11
48,1000,60,5.13,10.3,18,37,82,963,23,4,10,37,7.526169684,329,380,102.7479519,78.28312203,9.188229678,5.979619652,455,16,2,9,27,508,7,2,1,10,482,518,358,22,313,16
50,1000,60,5.13,10.3,18,37,67,957,24,9,10,43,7.525353265,236,307,60.90863217,43.3948765,9.043744489,6.042971319,460,20,7,7,34,497,4,2,3,9,494,506,286,21,222,14
49,1000,60,5.13,10.3,18,37,71,953,28,12,7,47,7.81424895,242,320,58.38968923,42.0233147,8.881855876,6.680604482,482,19,9,5,33,471,9,3,2,14,515,485,285,35,227,15
48,1000,60,5.13,10.3,18,37,83,962,24,4,10,38,7.524666752,309,389,107.934493,82.04006439,9.232194886,5.935808527,453,18,2,9,29,509,6,2,1,9,482,518,367,22,301,8
50,1000,60,5.13,10.3,18,37,68,957,24,9,10,43,7.538357349,250,321,63.72018643,45.44962574,9.123346079,5.990957284,460,20,7,7,34,497,4,2,3,9,494,506,299,22,237,13
49,1000,60,5.13,10.3,18,37,72,954,27,12,7,46,7.834948647,221,300,60.40376663,43.58268514,8.935345057,6.666486479,482,19,9,5,33,472,8,3,2,13,515,485,277,23,208,13
48,1000,60,5.13,10.3,18,37,84,961,26,3,10,39,7.547956964,322,408,112.8163491,85.31347501,9.298321241,5.919239625,451,20,2,9,31,510,6,1,1,8,482,518,385,23,314,8
50,1000,60,5.13,10.3,18,37,69,958,24,8,10,42,7.56223004,231,323,68.28489588,48.81131353,9.210262141,5.953281704,460,20,7,7,34,498,4,1,3,8,494,506,299,24,221,10
49,1000,60,5.13,10.3,18,37,73,954,28,11,7,46,7.846941872,240,322,62.04718521,44.72090475,8.984957224,6.638533819,482,20,8,5,33,472,8,3,2,13,515,485,302,20,226,14
48,1000,60,5.13,10.3,18,37,85,959,26,4,11,41,7.572579297,338,408,117.2880228,88.95368762,9.329169984,5.938068272,451,19,3,9,31,508,7,1,2,10,482,518,386,22,331,7
50,1000,60,5.13,10.3,18,37,70,957,24,9,10,43,7.597435963,252,351,72.0077772,51.43210095,9.294356653,5.940758451,459,21,7,7,35,498,3,2,3,8,494,506,313,38,236,16
49,1000,60,5.13,10.3,18,37,74,954,27,12,7,46,7.861834734,255,327,64.37416971,46.29118025,9.026244478,6.625399646,481,21,8,5,34,473,6,4,2,12,515,485,295,32,244,11
48,1000,60,5.13,10.3,18,37,86,963,23,3,11,37,7.520375686,354,406,122.7932446,93.0210786,9.367107854,5.801987838,451,19,3,9,31,512,4,0,2,6,482,518,385,21,341,13
50,1000,60,5.13,10.3,18,37,71,956,25,9,10,44,7.596913415,262,328,77.25243438,55.54432882,9.336476781,5.898604516,459,21,7,7,35,497,4,2,3,9,494,506,304,24,246,16
49,1000,60,5.13,10.3,18,37,75,953,28,12,7,47,7.857104504,258,334,66.75944001,47.94405539,9.070408438,6.568750843,480,22,8,5,35,473,6,4,2,12,515,485,305,29,246,12
50,1000,60,5.13,10.3,18,37,72,956,25,9,10,44,7.599132606,272,340,85.57494778,61.81261111,9.348689717,5.891066968,459,21,7,7,35,497,4,2,3,9,494,506,320,20,262,10
48,1000,60,5.13,10.3,18,37,87,963,23,3,11,37,7.545013736,350,426,128.0327782,96.57427122,9.435587576,5.785831127,451,19,3,9,31,512,4,0,2,6,482,518,410,16,344,6
49,1000,60,5.13,10.3,18,37,76,953,28,12,7,47,7.825839242,270,332,69.53292237,50.17444825,9.087212836,6.486442539,480,22,8,5,35,473,6,4,2,12,515,485,305,27,259,11
50,1000,60,5.13,10.3,18,37,73,956,25,9,10,44,7.578365733,244,325,90.93112024,65.98797504,9.351984442,5.846809127,459,21,7,7,35,497,4,2,3,9,494,506,308,17,232,12
48,1000,60,5.13,10.3,18,37,88,963,23,3,11,37,7.541615257,345,418,133.0374597,99.70308004,9.485670249,5.732668334,451,19,3,9,31,512,4,0,2,6,482,518,403,15,338,7
49,1000,60,5.13,10.3,18,37,77,953,28,12,7,47,7.825774456,273,345,71.99814274,52.38125516,9.14613319,6.423744048,480,22,8,5,35,473,6,4,2,12,515,485,322,23,262,11
50,1000,60,5.13,10.3,18,37,74,956,25,9,10,44,7.554895832,274,351,99.36521297,71.6238523,9.383832767,5.769332896,459,21,7,7,35,497,4,2,3,9,494,506,329,22,262,12
48,1000,60,5.13,10.3,18,37,89,963,23,3,11,37,7.547365682,360,427,139.3403694,104.0459641,9.549170111,5.684682797,451,19,3,9,31,512,4,0,2,6,482,518,407,20,350,10
49,1000,60,5.13,10.3,18,37,78,953,28,12,7,47,7.808722023,279,324,75.24357104,54.65254426,9.165198117,6.368340191,480,22,8,5,35,473,6,4,2,12,515,485,301,23,263,16
50,1000,60,5.13,10.3,18,37,75,956,25,9,10,44,7.55868521,276,337,111.4056131,80.4207328,9.426678122,5.734992524,459,21,7,7,35,497,4,2,3,9,494,506,312,25,259,17
48,1000,60,5.13,10.3,18,37,90,963,23,3,11,37,7.504604575,353,422,145.1382865,108.013723,9.556538245,5.595276334,451,19,3,9,31,512,4,0,2,6,482,518,408,14,344,9
49,1000,60,5.13,10.3,18,37,79,952,28,13,7,48,7.812282412,281,343,78.99380901,57.27925067,9.214456564,6.323375837,480,21,9,5,35,472,7,4,2,13,515,485,319,24,268,13
50,1000,60,5.13,10.3,18,37,76,955,25,10,10,45,7.549848957,272,358,118.9101778,85.08705166,9.451916724,5.692889517,458,21,8,7,36,497,4,2,3,9,494,506,337,21,257,15
48,1000,60,5.13,10.3,18,37,91,963,23,3,11,37,7.50145026,364,420,150.313125,111.3789424,9.606155875,5.543017623,451,19,3,9,31,512,4,0,2,6,482,518,409,11,355,9
49,1000,60,5.13,10.3,18,37,80,952,27,14,7,48,7.802419098,291,343,82.41513489,59.76235167,9.23464067,6.281606501,480,20,10,5,35,472,7,4,2,13,515,485,319,24,284,7
50,1000,60,5.13,10.3,18,37,77,955,25,10,10,45,7.550684997,276,365,131.7711401,93.137328,9.490855508,5.656526435,458,21,8,7,36,497,4,2,3,9,494,506,338,27,263,13
49,1000,60,5.13,10.3,18,37,81,953,25,15,7,47,7.811820258,291,366,86.97747551,62.73080722,9.280783179,6.251993651,480,19,11,5,35,473,6,4,2,12,515,485,344,22,278,13
48,1000,60,5.13,10.3,18,37,92,963,23,3,11,37,7.456634346,375,435,159.2711342,116.8680533,9.632330165,5.432145186,451,19,3,9,31,512,4,0,2,6,482,518,419,16,363,12
50,1000,60,5.13,10.3,18,37,78,953,27,10,10,47,7.548770205,298,375,148.0748503,103.0613627,9.531267745,5.613288417,457,22,8,7,37,496,5,2,3,10,494,506,349,26,278,20
49,1000,60,5.13,10.3,18,37,82,953,25,14,8,47,7.797538739,300,345,92.36559937,66.45638375,9.311335879,6.190104663,480,19,10,6,35,473,6,4,2,12,515,485,326,19,287,13
48,1000,60,5.13,10.3,18,37,93,961,24,4,11,39,7.446781279,351,439,167.8650917,122.4623233,9.667250719,5.380630179,450,19,4,9,32,511,5,0,2,7,482,518,424,15,338,13
50,1000,60,5.13,10.3,18,37,79,954,27,10,9,46,7.533983495,300,373,159.4187819,110.7360171,9.571418131,5.544867466,457,22,8,7,37,497,5,2,2,9,494,506,359,14,279,21
49,1000,60,5.13,10.3,18,37,83,953,25,14,8,47,7.815440102,289,353,97.01273014,69.7436398,9.34495774,6.191313126,480,19,10,6,35,473,6,4,2,12,515,485,334,19,280,9
48,1000,60,5.13,10.3,18,37,94,960,25,4,11,40,7.459750295,385,437,176.2173606,127.6744716,9.713428056,5.362698789,449,20,4,9,33,511,5,0,2,7,482,518,420,17,371,14
50,1000,60,5.13,10.3,18,37,80,954,27,10,9,46,7.519220135,293,373,175.0421915,120.0141055,9.61236517,5.475714904,457,22,8,7,37,497,5,2,2,9,494,506,354,19,278,15
49,1000,60,5.13,10.3,18,37,84,953,25,14,8,47,7.81683055,283,379,102.3296847,73.15419481,9.381260918,6.155631293,480,19,10,6,35,473,6,4,2,12,515,485,354,25,275,8
48,1000,60,5.13,10.3,18,37,95,960,24,5,11,40,7.424477665,387,447,185.1618428,133.7949051,9.749170027,5.261346933,449,20,4,9,33,511,4,1,2,7,482,518,428,19,377,10
50,1000,60,5.13,10.3,18,37,81,955,27,9,9,45,7.482570469,306,385,188.131443,128.5345417,9.622707342,5.393187829,458,22,7,7,36,497,5,2,2,9,494,506,371,14,293,13
49,1000,60,5.13,10.3,18,37,85,952,25,15,8,48,7.807316663,288,358,107.8417814,76.95401655,9.448208366,6.064926504,479,19,11,6,36,473,6,4,2,12,515,485,343,15,279,9
50,1000,60,5.13,10.3,18,37,82,955,27,9,9,45,7.493744966,309,387,206.4955924,141.0328522,9.681139545,5.358225357,458,22,7,7,36,497,5,2,2,9,494,506,357,30,290,19
48,1000,60,5.13,10.3,18,37,96,960,24,5,11,40,7.41439932,397,437,192.9930484,138.9810971,9.785750815,5.207852176,449,20,4,9,33,511,4,1,2,7,482,518,425,12,385,12
49,1000,60,5.13,10.3,18,37,86,952,26,13,9,48,7.800115794,309,372,115.4210981,82.09360544,9.479661157,6.016681027,478,20,10,7,37,474,6,3,2,11,515,485,351,21,296,13
50,1000,60,5.13,10.3,18,37,83,955,27,9,9,45,7.480258225,307,382,224.1709155,152.9639137,9.719037432,5.294572595,458,22,7,7,36,497,5,2,2,9,494,506,363,19,296,11
48,1000,60,5.13,10.3,18,37,97,959,25,5,11,41,7.399713046,382,449,203.0658982,145.0109567,9.814079333,5.153140556,449,20,4,9,33,510,5,1,2,8,482,518,434,15,374,8
49,1000,60,5.13,10.3,18,37,87,952,27,13,8,48,7.779973742,304,380,122.7726259,86.96427958,9.475828013,5.97922127,478,21,10,6,37,474,6,3,2,11,515,485,363,17,290,14
50,1000,60,5.13,10.3,18,37,84,956,25,10,9,44,7.474960756,311,395,244.1574876,166.5490035,9.755602729,5.248405155,459,20,8,7,35,497,5,2,2,9,494,506,363,32,299,12
48,1000,60,5.13,10.3,18,37,98,961,23,5,11,39,7.393048569,412,460,214.1013427,151.8817345,9.853955043,5.103170344,449,20,4,9,33,512,3,1,2,6,482,518,443,17,392,20
49,1000,60,5.13,10.3,18,37,88,952,28,12,8,48,7.776731454,303,372,132.4245466,93.28295684,9.513760142,5.932257692,478,21,10,6,37,474,7,2,2,11,515,485,360,12,293,10
50,1000,60,5.13,10.3,18,37,85,956,24,11,9,44,7.463291562,320,389,264.9083198,180.1226984,9.811454312,5.170816465,459,19,9,7,35,497,5,2,2,9,494,506,363,26,309,11
48,1000,60,5.13,10.3,18,37,99,962,23,4,11,38,7.350118375,402,464,224.7903931,159.3186901,9.866336228,5.008772805,449,20,4,9,33,513,3,0,2,5,482,518,447,17,391,11
49,1000,60,5.13,10.3,18,37,89,951,28,13,8,49,7.78046588,326,392,142.6867733,99.98154741,9.566139113,5.884338633,477,21,11,6,38,474,7,2,2,11,515,485,368,24,313,13
50,1000,60,5.13,10.3,18,37,86,957,24,11,8,43,7.452766112,319,398,282.5036297,192.9860938,9.831588521,5.130358463,459,19,9,7,35,498,5,2,1,8,494,506,381,17,309,10
48,1000,60,5.13,10.3,18,37,100,961,23,5,11,39,7.367257065,400,466,239.7832535,171.5263821,9.918137933,4.993657494,448,20,5,9,34,513,3,0,2,5,482,518,443,23,390,10
49,1000,60,5.13,10.3,18,37,90,952,28,11,9,48,7.76351847,311,400,152.5315,106.3704507,9.588176684,5.825994798,477,21,10,7,38,475,7,1,2,10,515,485,379,21,302,9
50,1000,60,5.13,10.3,18,37,87,955,25,12,8,45,7.458233558,340,385,309.742378,211.0345001,9.886262518,5.087786311,458,20,9,7,36,497,5,3,1,9,494,506,371,14,332,8
48,1000,60,5.13,10.3,18,37,101,961,23,5,11,39,7.332424091,405,467,255.0997399,184.3789256,9.954609147,4.892475834,448,20,5,9,34,513,3,0,2,5,482,518,448,19,396,9
49,1000,60,5.13,10.3,18,37,91,956,26,11,7,44,7.733697034,315,392,162.2633386,113.0416343,9.583547045,5.769423311,478,21,10,6,37,478,5,1,1,7,515,485,379,13,303,12
50,1000,60,5.13,10.3,18,37,88,955,24,13,8,45,7.429285366,323,403,339.3225906,231.0951647,9.910365292,5.007045281,458,19,10,7,36,497,5,3,1,9,494,506,379,24,310,13
48,1000,60,5.13,10.3,18,37,102,959,25,5,11,41,7.327952376,417,467,267.6825764,192.084006,9.986387073,4.854273758,446,22,5,9,36,513,3,0,2,5,482,518,451,16,410,7
49,1000,60,5.13,10.3,18,37,92,956,26,11,7,44,7.726880049,322,403,175.3609233,121.6419005,9.598606065,5.739377166,478,21,10,6,37,478,5,1,1,7,515,485,380,23,310,12
50,1000,60,5.13,10.3,18,37,89,954,25,13,8,46,7.436062718,340,418,355.6954949,242.2922403,9.978575776,4.953846414,457,20,10,7,37,497,5,3,1,9,494,506,396,22,332,8
49,1000,60,5.13,10.3,18,37,93,956,26,11,7,44,7.725572934,337,393,190.5861769,131.5587621,9.612884596,5.721520345,478,21,10,6,37,478,5,1,1,7,515,485,373,20,319,18
48,1000,60,5.13,10.3,18,37,103,959,25,5,11,41,7.312593315,421,470,279.5566281,201.3492104,10.01390335,4.799019109,446,22,5,9,36,513,3,0,2,5,482,518,451,19,412,9
50,1000,60,5.13,10.3,18,37,90,955,24,13,8,45,7.406327803,340,408,416.4417286,280.6315385,10.00159841,4.872605111,457,20,10,7,37,498,4,3,1,8,494,506,389,19,326,14
49,1000,60,5.13,10.3,18,37,94,955,27,11,7,45,7.715270099,327,405,204.6893735,140.9200997,9.652297575,5.65842649,478,21,10,6,37,477,6,1,1,8,515,485,383,22,323,4
48,1000,60,5.13,10.3,18,37,104,958,26,5,11,42,7.317959716,411,463,291.5751155,210.2101632,10.03173703,4.792784685,445,23,5,9,37,513,3,0,2,5,482,518,451,12,404,7
50,1000,60,5.13,10.3,18,37,91,954,25,13,8,46,7.430248611,348,408,502.6646485,335.6428913,10.04087326,4.88153601,457,20,10,7,37,497,5,3,1,9,494,506,392,16,342,6
49,1000,60,5.13,10.3,18,37,95,955,28,11,6,45,7.731440042,344,402,215.1629583,147.9302213,9.723802884,5.615838262,478,21,10,6,37,477,7,1,0,8,515,485,387,15,330,14
50,1000,60,5.13,10.3,18,37,92,954,25,13,8,46,7.408805707,355,429,591.5784821,394.2057211,10.08244852,4.79856944,456,21,10,7,38,498,4,3,1,8,494,506,404,25,345,10
49,1000,60,5.13,10.3,18,37,96,957,26,11,6,43,7.696493654,355,404,228.8087927,157.4666286,9.697101021,5.572137378,479,21,9,6,36,478,5,2,0,7,515,485,380,24,340,15
50,1000,60,5.13,10.3,18,37,93,954,25,13,8,46,7.421135008,351,421,657.2790875,438.1156599,10.16698473,4.740404249,456,21,10,7,38,498,4,3,1,8,494,506,403,18,344,7
49,1000,60,5.13,10.3,18,37,97,957,25,11,7,43,7.693905662,343,402,241.8822031,166.3795609,9.747533026,5.513249803,479,20,9,7,36,478,5,2,0,7,515,485,387,15,338,5
50,1000,60,5.13,10.3,18,37,94,953,26,13,8,47,7.385597429,336,412,719.9316352,478.4673342,10.18300332,4.65453318,455,22,10,7,39,498,4,3,1,8,494,506,403,9,331,5
49,1000,60,5.13,10.3,18,37,98,956,25,12,7,44,7.664728363,360,411,253.4859256,175.1969126,9.752948264,5.447340222,479,20,9,7,36,477,5,3,0,8,515,485,393,18,345,15
50,1000,60,5.13,10.3,18,37,95,954,26,12,8,46,7.353473647,363,432,731.3285607,485.7097104,10.20357438,4.570964232,455,22,10,7,39,499,4,2,1,7,494,506,417,15,357,6
49,1000,60,5.13,10.3,18,37,99,957,25,11,7,43,7.634570639,358,410,264.6260066,182.8857786,9.806256257,5.328553951,478,21,9,7,37,479,4,2,0,6,515,485,397,13,346,12
50,1000,60,5.13,10.3,18,37,96,954,26,12,8,46,7.325413792,349,429,745.9196858,494.9345087,10.23893016,4.480992671,455,22,10,7,39,499,4,2,1,7,494,506,414,15,342,7
49,1000,60,5.13,10.3,18,37,100,958,24,11,7,42,7.632872677,367,414,282.2999603,194.2673277,9.823488393,5.306754958,478,21,9,7,37,480,3,2,0,5,515,485,397,17,362,5
50,1000,60,5.13,10.3,18,37,97,955,25,12,8,45,7.324987124,377,446,819.81791,545.4565131,10.30823682,4.412486435,455,21,11,7,39,500,4,1,1,6,494,506,427,19,367,10
49,1000,60,5.13,10.3,18,37,101,959,23,11,7,41,7.601889377,353,417,302.138712,206.0437693,9.861111111,5.202921968,478,21,9,7,37,481,2,2,0,4,515,485,398,19,344,9
50,1000,60,5.13,10.3,18,37,98,955,25,12,8,45,7.324396183,368,435,899.0814474,597.6097586,10.35222236,4.368376157,455,21,11,7,39,500,4,1,1,6,494,506,418,17,355,13
49,1000,60,5.13,10.3,18,37,102,959,23,11,7,41,7.583659917,368,425,318.9982407,216.196529,9.89763551,5.126551812,478,21,9,7,37,481,2,2,0,4,515,485,408,17,361,7
50,1000,60,5.13,10.3,18,37,99,955,24,13,8,45,7.328562612,372,434,920.4233637,613.1039504,10.39806321,4.331856497,454,22,11,7,40,501,2,2,1,5,494,506,420,14,363,9
49,1000,60,5.13,10.3,18,37,103,959,23,11,7,41,7.53828235,374,421,340.0894841,228.993774,9.923756552,5.005253044,478,21,9,7,37,481,2,2,0,4,515,485,408,13,366,8
50,1000,60,5.13,10.3,18,37,100,956,23,13,8,44,7.317891848,358,428,957.3746656,640.1574008,10.40660763,4.302426239,454,22,11,7,40,502,1,2,1,4,494,506,412,16,351,7
49,1000,60,5.13,10.3,18,37,104,958,23,12,7,42,7.529775809,368,427,367.5218029,246.2582321,9.98285795,4.924956628,477,21,10,7,38,481,2,2,0,4,515,485,408,19,364,4
50,1000,60,5.13,10.3,18,37,101,956,23,12,9,44,7.31147932,375,453,991.53259,666.7186809,10.48302647,4.215146723,454,22,10,8,40,502,1,2,1,4,494,506,438,15,366,9
50,1000,60,5.13,10.3,18,37,102,956,22,12,10,44,7.324365108,388,444,1038.560183,702.1796366,10.54779355,4.177381605,454,21,10,9,40,502,1,2,1,4,494,506,428,16,377,11
50,1000,60,5.13,10.3,18,37,103,955,24,11,10,45,7.285364686,381,442,1121.302847,755.469463,10.55020341,4.097952966,453,22,9,10,41,502,2,2,0,4,494,506,424,18,369,12
50,1000,60,5.13,10.3,18,37,104,957,22,11,10,43,7.308736612,385,455,1261.291522,850.0554703,10.60216298,4.093415217,453,20,11,10,41,504,2,0,0,2,494,506,440,15,375,10
